Gene A,Gene B,Label,Score,Precision,Recall,False Positive Rate
YLR316C,YPL241C,0,10.30656,0.0,0.0,0.0001001903583528474
YDL093W,YDL239C,0,9.268923,0.0,0.0,0.0002003807167056948
YDL227C,YPL171C,0,8.916295,0.0,0.0,0.0003005710896104574
YDR097C,YDR460W,1,7.462232,0.25,0.0009813542710617185,0.0003005710896104574
YOR386W,YJR043C,1,6.9365735,0.4000000059604645,0.001962708542123437,0.0003005710896104574
YER162C,YML021C,1,6.7667227,0.5,0.0029440626967698336,0.0003005710896104574
YOR144C,YJR052W,1,6.699008,0.5714285969734192,0.003925417084246874,0.0003005710896104574
YMR277W,YBR056W,0,6.6519423,0.5,0.003925417084246874,0.0004007614334113896
YPR060C,YOR245C,0,6.6452346,0.4444444477558136,0.003925417084246874,0.0005009518354199827
YJL034W,YIL020C,0,6.634282,0.4000000059604645,0.003925417084246874,0.0006011421792209148
YBR088C,YMR167W,1,6.4845314,0.4545454680919647,0.0049067712388932705,0.0006011421792209148
YBR223C,YDR460W,1,6.4722733,0.5,0.005888125393539667,0.0006011421792209148
YDR159W,YER179W,1,6.4345613,0.5384615659713745,0.006869480013847351,0.0006011421792209148
YDL154W,YGR048W,0,6.410546,0.5,0.006869480013847351,0.000701332523021847
YAL015C,YLL002W,1,6.4007697,0.5333333611488342,0.007850834168493748,0.000701332523021847
YBR222C,YDL150W,0,6.3975463,0.5,0.007850834168493748,0.0008015228668227792
YDL200C,YDL101C,1,6.3716197,0.529411792755127,0.008832188323140144,0.0008015228668227792
YGR142W,YPR141C,0,6.3708196,0.5,0.008832188323140144,0.0009017132688313723
YCR092C,YGL163C,1,6.358405,0.5263158082962036,0.009813542477786541,0.0009017132688313723
YGL180W,YBL035C,0,6.336603,0.5,0.009813542477786541,0.0010019036708399653
YGL163C,YDR415C,0,6.3364825,0.4761904776096344,0.009813542477786541,0.0011020939564332366
YCR066W,YDR121W,1,6.3287783,0.5,0.010794896632432938,0.0011020939564332366
YPL046C,YGL094C,1,6.2721276,0.52173912525177,0.011776250787079334,0.0011020939564332366
YLR288C,YMR048W,1,6.224769,0.5416666865348816,0.012757605873048306,0.0011020939564332366
YLR452C,YBR114W,0,6.217109,0.5199999809265137,0.012757605873048306,0.0012022843584418297
YBR077C,YDR198C,0,6.1778493,0.5,0.012757605873048306,0.001302474644035101
YDR113C,YJL066C,0,6.1770196,0.48148149251937866,0.012757605873048306,0.001402665046043694
YKL045W,YDL020C,1,6.175822,0.5,0.013738960027694702,0.001402665046043694
YLR376C,YML021C,1,6.1747394,0.517241358757019,0.014720314182341099,0.001402665046043694
YNL273W,YOR245C,0,6.1744313,0.5,0.014720314182341099,0.001502855448052287
YIL132C,YGL183C,0,6.140874,0.4838709533214569,0.014720314182341099,0.0016030457336455584
YBL003C,YDR451C,0,6.139071,0.46875,0.014720314182341099,0.0017032361356541514
YKL079W,YDR043C,0,6.0851636,0.4545454680919647,0.014720314182341099,0.0018034265376627445
YJR052W,YDL154W,1,6.0629077,0.47058823704719543,0.015701668336987495,0.0018034265376627445
YJR006W,YPL196W,0,6.046452,0.4571428596973419,0.015701668336987495,0.0019036168232560158
YPR135W,YIL143C,1,6.03294,0.4722222089767456,0.016683023422956467,0.0019036168232560158
YIL119C,YOL102C,0,6.0169263,0.45945945382118225,0.016683023422956467,0.0020038073416799307
YGR040W,YHR164C,0,5.992451,0.44736841320991516,0.016683023422956467,0.002103997627273202
YML072C,YDR043C,0,5.9886684,0.43589743971824646,0.016683023422956467,0.002204187912866473
YMR125W,YDR057W,0,5.981168,0.42500001192092896,0.016683023422956467,0.002304378431290388
YBR222C,YOR252W,0,5.9231696,0.4146341383457184,0.016683023422956467,0.0024045687168836594
YDL093W,YOR068C,0,5.9136624,0.4047619104385376,0.016683023422956467,0.0025047590024769306
YOR372C,YPR171W,0,5.911791,0.39534884691238403,0.016683023422956467,0.002604949288070202
YGR098C,YJL099W,0,5.9097276,0.3863636255264282,0.016683023422956467,0.0027051398064941168
YBR045C,YPR144C,0,5.9058404,0.3777777850627899,0.016683023422956467,0.002805330092087388
YML032C,YDR121W,1,5.901592,0.3913043439388275,0.01766437664628029,0.002805330092087388
YKL112W,YLL002W,1,5.897946,0.40425533056259155,0.01864573173224926,0.002805330092087388
YBR072W,YPR033C,0,5.8944387,0.3958333432674408,0.01864573173224926,0.0029055203776806593
YML132W,YDL093W,0,5.8867955,0.3877550959587097,0.01864573173224926,0.003005710896104574
YPR190C,YLR270W,0,5.8780828,0.3799999952316284,0.01864573173224926,0.0031059011816978455
YDL200C,YPR175W,1,5.87472,0.3921568691730499,0.019627084955573082,0.0031059011816978455
YDR172W,YLR119W,0,5.8727236,0.38461539149284363,0.019627084955573082,0.0032060914672911167
YJR035W,YPL122C,1,5.871493,0.3962264060974121,0.020608440041542053,0.0032060914672911167
YLR383W,YJR082C,1,5.871159,0.40740740299224854,0.021589793264865875,0.0032060914672911167
YDR460W,YHR081W,1,5.8673644,0.41818180680274963,0.022571148350834846,0.0032060914672911167
YLR210W,YBR228W,0,5.822174,0.4107142984867096,0.022571148350834846,0.0033062819857150316
YJR043C,YDR001C,0,5.8202443,0.4035087823867798,0.022571148350834846,0.003406472271308303
YMR076C,YHR139C,0,5.8187757,0.3965517282485962,0.022571148350834846,0.003506662556901574
YPR135W,YDL020C,1,5.817899,0.4067796468734741,0.02355250157415867,0.003506662556901574
YKL172W,YIR019C,0,5.807381,0.4000000059604645,0.02355250157415867,0.003606853075325489
YNL175C,YJR035W,0,5.7963853,0.39344263076782227,0.02355250157415867,0.0037070433609187603
YNL062C,YBR222C,0,5.7962317,0.3870967626571655,0.02355250157415867,0.0038072336465120316
YKR094C,YGL127C,1,5.7856135,0.3968254029750824,0.02453385666012764,0.0038072336465120316
YFL008W,YNL262W,1,5.783088,0.40625,0.02551521174609661,0.0038072336465120316
YOR346W,YLR442C,1,5.7727513,0.4153846204280853,0.026496564969420433,0.0038072336465120316
YEL053C,YBR072W,0,5.7663507,0.40909090638160706,0.026496564969420433,0.003907423932105303
YJR043C,YBR114W,1,5.76531,0.41791045665740967,0.027477920055389404,0.003907423932105303
YNL299W,YJR035W,1,5.7615867,0.4264705777168274,0.028459273278713226,0.003907423932105303
YPR183W,YIR035C,0,5.7581754,0.4202898442745209,0.028459273278713226,0.004007614683359861
YDR182W,YNL133C,1,5.7544465,0.4285714328289032,0.029440628364682198,0.004007614683359861
YGR249W,YPR175W,0,5.7491956,0.4225352108478546,0.029440628364682198,0.004107804968953133
YPR196W,YMR295C,0,5.7457185,0.4166666567325592,0.029440628364682198,0.004207995254546404
YKL041W,YGL113W,0,5.7332997,0.4109589159488678,0.029440628364682198,0.004308185540139675
YDR212W,YIL167W,0,5.727979,0.4054054021835327,0.029440628364682198,0.004408375825732946
YER171W,YIL153W,1,5.726288,0.41333332657814026,0.03042198158800602,0.004408375825732946
YDR213W,YDR446W,0,5.6954103,0.40789473056793213,0.03042198158800602,0.004508566111326218
YGL175C,YDR460W,1,5.693667,0.41558441519737244,0.03140333667397499,0.004508566111326218
YPR175W,YDR224C,1,5.687291,0.42307692766189575,0.03238468989729881,0.004508566111326218
YER147C,YKR008W,1,5.6747007,0.4303797483444214,0.03336604684591293,0.004508566111326218
YKR020W,YBL035C,0,5.674335,0.42500001192092896,0.03336604684591293,0.004608756862580776
YOR320C,YDR043C,0,5.6712546,0.4197530746459961,0.03336604684591293,0.0047089471481740475
YML132W,YLR264W,0,5.6696873,0.4146341383457184,0.03336604684591293,0.004809137433767319
YOR368W,YHR090C,1,5.657249,0.42168673872947693,0.034347400069236755,0.004809137433767319
YNL006W,YLR103C,0,5.6571918,0.4166666567325592,0.034347400069236755,0.00490932771936059
YNL111C,YBR072W,0,5.6568327,0.4117647111415863,0.034347400069236755,0.005009518004953861
YJL074C,YNL072W,0,5.6464,0.40697672963142395,0.034347400069236755,0.0051097082905471325
YHR047C,YDR460W,0,5.6392226,0.40229883790016174,0.034347400069236755,0.005209898576140404
YDR087C,YJR036C,0,5.635425,0.39772728085517883,0.034347400069236755,0.005310089327394962
YDL200C,YNL273W,1,5.624838,0.40449437499046326,0.03532875329256058,0.005310089327394962
YML093W,YCL010C,0,5.624143,0.4000000059604645,0.03532875329256058,0.0054102796129882336
YFR042W,YLR103C,0,5.612475,0.3956044018268585,0.03532875329256058,0.005510469898581505
YDR489W,YNL030W,0,5.6108193,0.3913043439388275,0.03532875329256058,0.005610660184174776
YLL019C,YER102W,0,5.6099553,0.3870967626571655,0.03532875329256058,0.005710850469768047
YOR378W,YLL002W,0,5.60845,0.38297873735427856,0.03532875329256058,0.005811040755361319
YHR120W,YJR035W,1,5.5986648,0.38947367668151855,0.0363101065158844,0.005811040755361319
YMR137C,YAR007C,1,5.595666,0.3958333432674408,0.03729146346449852,0.005811040755361319
YNL246W,YLR320W,1,5.585675,0.4020618498325348,0.03827281668782234,0.005811040755361319
YLR190W,YGL073W,0,5.5839458,0.3979591727256775,0.03827281668782234,0.005911231506615877
YPR204W,YBR115C,0,5.5759325,0.39393940567970276,0.03827281668782234,0.006011421792209148
YFR001W,YOR035C,0,5.546108,0.38999998569488525,0.03827281668782234,0.00611161207780242
YOR038C,YGL166W,0,5.539005,0.3861386179924011,0.03827281668782234,0.006211802363395691
YDR460W,YGR225W,0,5.536581,0.38235294818878174,0.03827281668782234,0.006311992648988962
YDR043C,YCR057C,0,5.535501,0.3786407709121704,0.03827281668782234,0.006412182934582233
YER018C,YHR164C,0,5.53133,0.375,0.03827281668782234,0.006512373685836792
YNL214W,YCL016C,0,5.5119023,0.37142857909202576,0.03827281668782234,0.006612563971430063
YBL003C,YIL132C,1,5.5052853,0.37735849618911743,0.039254169911146164,0.006612563971430063
YDL059C,YPL167C,1,5.5038037,0.38317757844924927,0.040235526859760284,0.006612563971430063
YPR135W,YML021C,1,5.500084,0.3888888955116272,0.041216880083084106,0.006612563971430063
YPL249C,YDR409W,0,5.4814115,0.38532111048698425,0.041216880083084106,0.0067127542570233345
YNR038W,YIL117C,0,5.4812293,0.38181817531585693,0.041216880083084106,0.006812944542616606
YBR010W,YLR321C,1,5.4752564,0.38738739490509033,0.04219823330640793,0.006812944542616606
YHR088W,YNL051W,0,5.459391,0.3839285671710968,0.04219823330640793,0.006913134828209877
YPL164C,YOR033C,1,5.4592276,0.389380544424057,0.04317958652973175,0.006913134828209877
YHR133C,YER038C,0,5.4591193,0.38596490025520325,0.04317958652973175,0.007013325113803148
YLR182W,YDR306C,0,5.446303,0.38260868191719055,0.04317958652973175,0.007113515865057707
YLL003W,YHR062C,0,5.4454894,0.37931033968925476,0.04317958652973175,0.007213706150650978
YOR144C,YOL043C,1,5.445201,0.38461539149284363,0.04416094347834587,0.007213706150650978
YLR390W-A,YLL015W,0,5.4449973,0.3813559412956238,0.04416094347834587,0.007313896436244249
YDR097C,YIL167W,0,5.4442973,0.3781512677669525,0.04416094347834587,0.007414086721837521
YDL070W,YOL094C,1,5.4294333,0.38333332538604736,0.04514229670166969,0.007414086721837521
YDR263C,YMR001C,0,5.429351,0.3801652789115906,0.04514229670166969,0.007514277007430792
YLR075W,YBR193C,0,5.4251766,0.37704917788505554,0.04514229670166969,0.007614467293024063
YBR074W,YNL107W,0,5.41939,0.3739837408065796,0.04514229670166969,0.007714658044278622
YER142C,YKR083C,0,5.4180236,0.3709677457809448,0.04514229670166969,0.007814847864210606
YNL181W,YNL312W,0,5.4050794,0.36800000071525574,0.04514229670166969,0.007915038615465164
YBL003C,YDR263C,1,5.403326,0.3730158805847168,0.046123649924993515,0.007915038615465164
YPR164W,YFL008W,1,5.3988094,0.3779527544975281,0.04710500314831734,0.007915038615465164
YJR006W,YDL139C,0,5.398767,0.375,0.04710500314831734,0.008015229366719723
YDR323C,YKL045W,0,5.398427,0.3720930218696594,0.04710500314831734,0.008115419186651707
YOR279C,YER142C,0,5.396767,0.3692307770252228,0.04710500314831734,0.008215609937906265
YNL082W,YDR311W,1,5.3880954,0.37404578924179077,0.04808636009693146,0.008215609937906265
YLR320W,YHL025W,1,5.3874173,0.3787878751754761,0.04906771332025528,0.008215609937906265
YHR134W,YDL154W,1,5.3798666,0.3834586441516876,0.0500490665435791,0.008215609937906265
YPL164C,YLR442C,1,5.3788815,0.38805970549583435,0.05103042349219322,0.008215609937906265
YGL014W,YKL197C,0,5.364538,0.385185182094574,0.05103042349219322,0.00831579975783825
YPR135W,YLR216C,0,5.3636465,0.38235294818878174,0.05103042349219322,0.008415990509092808
YDL092W,YER169W,0,5.359479,0.37956205010414124,0.05103042349219322,0.008516180329024792
YDR369C,YDR440W,1,5.359092,0.3840579688549042,0.052011776715517044,0.008516180329024792
YGL175C,YJR035W,1,5.3549166,0.3884892165660858,0.052993129938840866,0.008516180329024792
YDR180W,YIL132C,1,5.35387,0.3928571343421936,0.05397448316216469,0.008516180329024792
YDL070W,YOL057W,0,5.350062,0.39007091522216797,0.05397448316216469,0.00861637108027935
YFR027W,YDR227W,1,5.3334374,0.39436620473861694,0.05495584011077881,0.00861637108027935
YLR399C,YIL132C,1,5.3314147,0.3986014127731323,0.05593719333410263,0.00861637108027935
YPR120C,YOL016C,0,5.3142247,0.3958333432674408,0.05593719333410263,0.008716561831533909
YBL003C,YLR321C,1,5.307698,0.4000000059604645,0.05691854655742645,0.008716561831533909
YJR035W,YDL101C,1,5.307029,0.4041095972061157,0.05789990350604057,0.008716561831533909
YAR033W,YLR313C,0,5.276654,0.40136054158210754,0.05789990350604057,0.008816751651465893
YBR223C,YDL105W,1,5.2594523,0.4054054021835327,0.058881256729364395,0.008816751651465893
YHR139C,YKL078W,0,5.2583213,0.4026845693588257,0.058881256729364395,0.008916942402720451
YIL143C,YNL273W,1,5.257484,0.40666666626930237,0.05986260995268822,0.008916942402720451
YBR037C,YMR001C,0,5.253254,0.4039735198020935,0.05986260995268822,0.009017132222652435
YGL086W,YLR004C,0,5.248548,0.4013157784938812,0.05986260995268822,0.009117322973906994
YBR070C,YFR027W,0,5.2448325,0.3986928164958954,0.05986260995268822,0.009217513725161552
YPL153C,YBR073W,1,5.243756,0.4025973975658417,0.06084396317601204,0.009217513725161552
YDL020C,YDL042C,1,5.2373657,0.40645161271095276,0.06182532012462616,0.009217513725161552
YER038C,YBR087W,1,5.2372947,0.41025641560554504,0.06280667334794998,0.009217513725161552
YKR026C,YLR288C,0,5.231979,0.40764331817626953,0.06280667334794998,0.009317703545093536
YDR081C,YNL194C,0,5.2299147,0.40506330132484436,0.06280667334794998,0.009417894296348095
YML073C,YDL160C,0,5.225991,0.402515709400177,0.06280667334794998,0.009518084116280079
YDR440W,YBL088C,1,5.2257247,0.40625,0.0637880265712738,0.009518084116280079
YKL045W,YAL015C,1,5.2225485,0.40993788838386536,0.06476937979459763,0.009518084116280079
YJR068W,YBR114W,1,5.2224636,0.4135802388191223,0.06575073301792145,0.009518084116280079
YOR033C,YHR210C,0,5.2154274,0.4110429584980011,0.06575073301792145,0.009618274867534637
YCR092C,YPL164C,1,5.2136507,0.4146341383457184,0.06673209369182587,0.009618274867534637
YDR527W,YBR294W,0,5.204811,0.4121212065219879,0.06673209369182587,0.009718464687466621
YBR052C,YML023C,0,5.201943,0.40963855385780334,0.06673209369182587,0.00981865543872118
YLR032W,YPR135W,1,5.199443,0.413173645734787,0.06771344691514969,0.00981865543872118
YMR134W,YAR008W,0,5.193775,0.4107142984867096,0.06771344691514969,0.009918846189975739
YDR381W,YJR052W,1,5.189852,0.41420117020606995,0.06869480013847351,0.009918846189975739
YIL143C,YBR098W,1,5.1889997,0.4176470637321472,0.06967615336179733,0.009918846189975739
YIL132C,YGL240W,0,5.173618,0.4152046740055084,0.06967615336179733,0.010019036009907722
YDL020C,YOL094C,1,5.1731095,0.41860464215278625,0.07065750658512115,0.010019036009907722
YNL088W,YDR406W,0,5.1688447,0.4161849617958069,0.07065750658512115,0.010119226761162281
YGL153W,YOR340C,0,5.164423,0.4137931168079376,0.07065750658512115,0.010219416581094265
YDR506C,YDR367W,0,5.1625557,0.4114285707473755,0.07065750658512115,0.010319607332348824
YOR349W,YLR103C,0,5.1587434,0.40909090638160706,0.07065750658512115,0.010419797152280807
YCR014C,YGL163C,1,5.156126,0.4124293923377991,0.07163885980844498,0.010419797152280807
YBR160W,YNL082W,1,5.156007,0.4157303273677826,0.0726202130317688,0.010419797152280807
YGL038C,YPR135W,0,5.1558022,0.4134078323841095,0.0726202130317688,0.010519987903535366
YER054C,YGL241W,0,5.1553025,0.41111111640930176,0.0726202130317688,0.010620178654789925
YOR335C,YJL036W,0,5.153445,0.40883979201316833,0.0726202130317688,0.010720368474721909
YER171W,YNL183C,0,5.1521516,0.4065934121608734,0.0726202130317688,0.010820559225976467
YDR147W,YER103W,0,5.1471405,0.40437158942222595,0.0726202130317688,0.010920749045908451
YBL014C,YOL108C,0,5.1385884,0.4021739065647125,0.0726202130317688,0.01102093979716301
YJL216C,YPL254W,0,5.1367517,0.4000000059604645,0.0726202130317688,0.011121130548417568
YDL123W,YPR101W,0,5.126021,0.3978494703769684,0.0726202130317688,0.011221320368349552
YBR170C,YPL209C,0,5.1154265,0.3957219123840332,0.0726202130317688,0.01132151111960411
YLR288C,YJR052W,1,5.1149683,0.3989361822605133,0.07360157370567322,0.01132151111960411
YLR320W,YLL002W,1,5.110394,0.4021163880825043,0.07458292692899704,0.01132151111960411
YPR135W,YLR035C,1,5.1080127,0.40526315569877625,0.07556428015232086,0.01132151111960411
YPR023C,YNL273W,1,5.105323,0.4083769619464874,0.07654563337564468,0.01132151111960411
YLR020C,YLR102C,0,5.103436,0.40625,0.07654563337564468,0.011421700939536095
YHR209W,YJL104W,0,5.098985,0.40414509177207947,0.07654563337564468,0.011521891690790653
YOR073W,YIR039C,0,5.0955563,0.4020618498325348,0.07654563337564468,0.011622081510722637
YGL163C,YNL273W,1,5.092399,0.40512821078300476,0.0775269865989685,0.011622081510722637
YDR030C,YER142C,1,5.0921283,0.40816327929496765,0.07850833982229233,0.011622081510722637
YDL154W,YDR202C,0,5.091375,0.4060913622379303,0.07850833982229233,0.011722272261977196
YLR328W,YOL084W,0,5.091205,0.4040403962135315,0.07850833982229233,0.011822463013231754
YKL130C,YCL035C,0,5.087685,0.402010053396225,0.07850833982229233,0.011922652833163738
YKR027W,YPR199C,0,5.0859113,0.4000000059604645,0.07850833982229233,0.012022843584418297
YHR134W,YLR321C,1,5.081006,0.4029850661754608,0.07948969304561615,0.012022843584418297
YLR234W,YOR156C,0,5.070695,0.4009900987148285,0.07948969304561615,0.01212303340435028
YDR180W,YHR056C,1,5.069823,0.403940886259079,0.08047105371952057,0.01212303340435028
YDR090C,YPR141C,0,5.0672655,0.4019607901573181,0.08047105371952057,0.01222322415560484
YLR039C,YLR320W,0,5.0653234,0.4000000059604645,0.08047105371952057,0.012323414906859398
YAR007C,YBR114W,1,5.059997,0.40291261672973633,0.08145240694284439,0.012323414906859398
YDR499W,YNL273W,1,5.0515566,0.4057970941066742,0.08243376016616821,0.012323414906859398
YDL200C,YBR278W,1,5.0419965,0.4086538553237915,0.08341511338949203,0.012323414906859398
YGL086W,YJR052W,0,5.039205,0.4066985547542572,0.08341511338949203,0.012423604726791382
YOL090W,YHL025W,1,5.0382705,0.4095238149166107,0.08439646661281586,0.012423604726791382
YER162C,YDR162C,0,5.0372386,0.40758293867111206,0.08439646661281586,0.01252379547804594
YOR138C,YHL003C,0,5.0371766,0.40566039085388184,0.08439646661281586,0.012623985297977924
YOR028C,YLR244C,0,5.0355945,0.40375587344169617,0.08439646661281586,0.012724176049232483
YHR115C,YKL101W,0,5.035441,0.40186914801597595,0.08439646661281586,0.012824365869164467
YOR328W,YMR239C,0,5.032815,0.4000000059604645,0.08439646661281586,0.012924556620419025
YHR134W,YOL090W,1,5.032607,0.4027777910232544,0.08537781983613968,0.012924556620419025
YNL126W,YMR250W,0,5.031464,0.40092167258262634,0.08537781983613968,0.013024747371673584
YJR088C,YPL213W,0,5.02471,0.39908257126808167,0.08537781983613968,0.013124937191605568
YLR341W,YBR168W,0,5.0104566,0.39726027846336365,0.08537781983613968,0.013225127942860126
YDL070W,YBL003C,1,5.0095654,0.4000000059604645,0.0863591730594635,0.013225127942860126
YHR134W,YBR098W,1,5.006783,0.40271493792533875,0.08734052628278732,0.013225127942860126
YLR033W,YOL032W,0,5.0064926,0.4009009003639221,0.08734052628278732,0.01332531776279211
YFR027W,YPL167C,1,5.000775,0.4035874307155609,0.08832188695669174,0.01332531776279211
YDR438W,YOL041C,0,5.0005946,0.4017857015132904,0.08832188695669174,0.013425508514046669
YIL132C,YLR329W,0,4.998693,0.4000000059604645,0.08832188695669174,0.013525699265301228
YGL200C,YJL187C,0,4.997899,0.39823007583618164,0.08832188695669174,0.013625889085233212
YMR220W,YBR217W,0,4.9963546,0.39647576212882996,0.08832188695669174,0.01372607983648777
YFL003C,YML021C,1,4.993753,0.39912280440330505,0.08930324018001556,0.01372607983648777
YGR096W,YMR168C,0,4.992377,0.39737990498542786,0.08930324018001556,0.013826269656419754
YIL064W,YLR270W,0,4.992065,0.395652174949646,0.08930324018001556,0.013926460407674313
YLR119W,YDR179C,0,4.982363,0.39393940567970276,0.08930324018001556,0.014026650227606297
YCR021C,YPL043W,0,4.9823413,0.39224138855934143,0.08930324018001556,0.014126840978860855
YNL290W,YER173W,1,4.981981,0.3948497772216797,0.09028459340333939,0.014126840978860855
YOR368W,YDR484W,0,4.9776673,0.39316239953041077,0.09028459340333939,0.014227031730115414
YBR223C,YKL113C,1,4.9723544,0.3957446813583374,0.09126594662666321,0.014227031730115414
YER038C,YHR062C,0,4.970834,0.39406779408454895,0.09126594662666321,0.014327221550047398
YMR078C,YAR007C,1,4.9614477,0.39662447571754456,0.09224729984998703,0.014327221550047398
YJR130C,YNL102W,0,4.959691,0.3949579894542694,0.09224729984998703,0.014427412301301956
YLR132C,YPL138C,0,4.947294,0.3933054506778717,0.09224729984998703,0.01452760212123394
YCR021C,YJR006W,0,4.9472456,0.3916666805744171,0.09224729984998703,0.014627792872488499
YJR102C,YNL031C,0,4.945664,0.3900415003299713,0.09224729984998703,0.014727983623743057
YOL044W,YPL273W,0,4.941604,0.38842976093292236,0.09224729984998703,0.014828173443675041
YPR164W,YDL164C,1,4.9412875,0.39094650745391846,0.09322865307331085,0.014828173443675041
YJR043C,YDL103C,0,4.9317894,0.3893442749977112,0.09322865307331085,0.0149283641949296
YIL126W,YDL154W,1,4.929878,0.3918367326259613,0.09421000629663467,0.0149283641949296
YLR080W,YDR227W,0,4.928745,0.39024388790130615,0.09421000629663467,0.015028554014861584
YPL127C,YCL014W,0,4.9276094,0.38866397738456726,0.09421000629663467,0.015128744766116142
YLL008W,YMR114C,0,4.927276,0.3870967626571655,0.09421000629663467,0.015228934586048126
YOL072W,YOL034W,1,4.926188,0.38955822587013245,0.09519136697053909,0.015228934586048126
YLR102C,YOL076W,0,4.925834,0.3880000114440918,0.09519136697053909,0.015329125337302685
YAL015C,YBR073W,1,4.925769,0.3904382586479187,0.09617272019386292,0.015329125337302685
YFL023W,YIL080W,0,4.921636,0.3888888955116272,0.09617272019386292,0.015429316088557243
YNL102W,YDL154W,1,4.921432,0.3913043439388275,0.09715407341718674,0.015429316088557243
YMR261C,YMR268C,0,4.9204197,0.3897637724876404,0.09715407341718674,0.015529505908489227
YOL121C,YBR302C,0,4.9185634,0.38823530077934265,0.09715407341718674,0.01562969572842121
YMR242C,YHR209W,0,4.9144216,0.38671875,0.09715407341718674,0.015729887410998344
YFR037C,YBL019W,1,4.913341,0.38910505175590515,0.09813542664051056,0.015729887410998344
YHR016C,YOR091W,0,4.9132276,0.38759690523147583,0.09813542664051056,0.01583007723093033
YNL102W,YGR002C,1,4.912169,0.3899613916873932,0.09911677986383438,0.01583007723093033
YER109C,YPL276W,0,4.911689,0.38846153020858765,0.09911677986383438,0.015930267050862312
YPL236C,YBR202W,0,4.911344,0.38697317242622375,0.09911677986383438,0.016030458733439445
YLR117C,YMR228W,0,4.905415,0.3854961693286896,0.09911677986383438,0.01613064855337143
YDR151C,YKL048C,0,4.904556,0.38403043150901794,0.09911677986383438,0.016230838373303413
YCR011C,YPL189W,0,4.895531,0.38257575035095215,0.09911677986383438,0.016331028193235397
YCR092C,YNL082W,1,4.8943186,0.3849056661128998,0.1000981330871582,0.016331028193235397
YBR135W,YJL137C,0,4.890218,0.3834586441516876,0.1000981330871582,0.01643121987581253
YNL031C,YIL143C,1,4.8880396,0.38576778769493103,0.10107948631048203,0.01643121987581253
YML049C,YIL061C,0,4.8817763,0.38432836532592773,0.10107948631048203,0.016531409695744514
YKL180W,YMR175W,0,4.8815947,0.3828996419906616,0.10107948631048203,0.0166315995156765
YJR095W,YDR372C,0,4.881131,0.38148146867752075,0.10107948631048203,0.01673179119825363
YIL137C,YPR175W,0,4.875692,0.38007381558418274,0.10107948631048203,0.016831981018185616
YOL034W,YDR440W,1,4.874371,0.38235294818878174,0.10206084698438644,0.016831981018185616
YMR115W,YCR035C,0,4.8676076,0.380952388048172,0.10206084698438644,0.0169321708381176
YMR274C,YDR530C,0,4.865689,0.37956205010414124,0.10206084698438644,0.017032360658049583
YJR057W,YLL036C,1,4.86161,0.38181817531585693,0.10304220020771027,0.017032360658049583
YJR035W,YOL094C,1,4.861236,0.3840579688549042,0.10402355343103409,0.017032360658049583
YPL209C,YPR066W,0,4.86109,0.3826714754104614,0.10402355343103409,0.017132552340626717
YGR214W,YDR001C,0,4.8610606,0.38129496574401855,0.10402355343103409,0.0172327421605587
YGR251W,YPL045W,0,4.8610024,0.379928320646286,0.10402355343103409,0.017332931980490685
YOR030W,YER170W,0,4.8599353,0.37857142090797424,0.10402355343103409,0.017433123663067818
YLR240W,YJL144W,0,4.8589387,0.3772242069244385,0.10402355343103409,0.0175333134829998
YFL008W,YBR228W,1,4.8584447,0.3794326186180115,0.10500490665435791,0.0175333134829998
YOL032W,YPR175W,0,4.856766,0.37809187173843384,0.10500490665435791,0.017633503302931786
YLR178C,YLR071C,0,4.8450203,0.3767605721950531,0.10500490665435791,0.01773369312286377
YAL055W,YIL158W,0,4.844696,0.3754386007785797,0.10500490665435791,0.017833884805440903
YNL262W,YFL009W,0,4.84379,0.3741258680820465,0.10500490665435791,0.017934074625372887
YNL304W,YFR027W,0,4.840128,0.3728223145008087,0.10500490665435791,0.01803426444530487
YOR033C,YER179W,1,4.8400807,0.375,0.10598625987768173,0.01803426444530487
YNL202W,YJL051W,0,4.839539,0.37370243668556213,0.10598625987768173,0.018134456127882004
YER142C,YKL054C,1,4.8377175,0.3758620619773865,0.10696761310100555,0.018134456127882004
YDR225W,YNL312W,1,4.8376694,0.37800687551498413,0.10794896632432938,0.018134456127882004
YLR135W,YGL153W,0,4.8372602,0.3767123222351074,0.10794896632432938,0.018234645947813988
YLR032W,YJR006W,1,4.83245,0.3788395822048187,0.1089303269982338,0.018234645947813988
YDL123W,YIL132C,0,4.8297257,0.37755101919174194,0.1089303269982338,0.01833483576774597
YOR035C,YOL021C,0,4.8289886,0.37627118825912476,0.1089303269982338,0.018435027450323105
YKL060C,YMR168C,0,4.827673,0.375,0.1089303269982338,0.01853521727025509
YML061C,YPR135W,1,4.826981,0.37710437178611755,0.10991168022155762,0.01853521727025509
YGR070W,YBR228W,0,4.824905,0.3758389353752136,0.10991168022155762,0.018635407090187073
YOR098C,YMR186W,0,4.824472,0.3745819330215454,0.10991168022155762,0.018735596910119057
YKL112W,YOR144C,1,4.822737,0.3766666650772095,0.11089303344488144,0.018735596910119057
YBR160W,YER038C,1,4.8219366,0.37873753905296326,0.11187438666820526,0.018735596910119057
YDR097C,YDR004W,1,4.8208427,0.3807947039604187,0.11285573989152908,0.018735596910119057
YPR101W,YPR149W,0,4.8198953,0.3795379400253296,0.11285573989152908,0.01883578859269619
YHR154W,YDL101C,1,4.8178663,0.3815789520740509,0.1138370931148529,0.01883578859269619
YDR444W,YOR177C,0,4.817145,0.38032788038253784,0.1138370931148529,0.018935978412628174
YNL218W,YHR154W,1,4.816151,0.38235294818878174,0.11481844633817673,0.018935978412628174
YLR272C,YGL002W,0,4.8151736,0.38110747933387756,0.11481844633817673,0.019036168232560158
YHR176W,YMR121C,0,4.814327,0.37987011671066284,0.11481844633817673,0.01913635991513729
YOR254C,YDR078C,0,4.811793,0.3786407709121704,0.11481844633817673,0.019236549735069275
YDL220C,YLR047C,0,4.808628,0.3774193525314331,0.11481844633817673,0.01933673955500126
YCR091W,YLR103C,0,4.807774,0.37620580196380615,0.11481844633817673,0.019436929374933243
YDL070W,YBR087W,1,4.8071675,0.3782051205635071,0.11579980701208115,0.019436929374933243
YDR457W,YCR045C,0,4.80648,0.37699681520462036,0.11579980701208115,0.019537121057510376
YNL107W,YOR074C,0,4.802731,0.3757961690425873,0.11579980701208115,0.01963731087744236
YFL024C,YDL154W,1,4.798075,0.3777777850627899,0.11678116023540497,0.01963731087744236
YGR258C,YJL050W,0,4.784094,0.3765822649002075,0.11678116023540497,0.019737500697374344
YKR077W,YPL003W,0,4.783983,0.3753943145275116,0.11678116023540497,0.019837692379951477
YPL046C,YKL032C,1,4.7778215,0.37735849618911743,0.11776251345872879,0.019837692379951477
YDR437W,YOR159C,0,4.77628,0.37617555260658264,0.11776251345872879,0.01993788219988346
YHL025W,YML060W,1,4.7716327,0.37812501192092896,0.11874386668205261,0.01993788219988346
YJR144W,YIL132C,1,4.768833,0.3800623118877411,0.11972521990537643,0.01993788219988346
YHL025W,YER173W,1,4.7670455,0.3819875717163086,0.12070657312870026,0.01993788219988346
YCR073C,YIL017C,0,4.7666955,0.38080495595932007,0.12070657312870026,0.020038072019815445
YCL033C,YMR277W,0,4.76164,0.37962964177131653,0.12070657312870026,0.02013826183974743
YNL172W,YGR017W,0,4.7557244,0.3784615397453308,0.12070657312870026,0.020238453522324562
YHR079C-A,YIL132C,1,4.752294,0.38036808371543884,0.12168792635202408,0.020238453522324562
YDR437W,YER008C,0,4.751837,0.3792048990726471,0.12168792635202408,0.020338643342256546
YML023C,YOR215C,0,4.7506785,0.37804877758026123,0.12168792635202408,0.02043883316218853
YLR284C,YBR060C,0,4.7448373,0.37689968943595886,0.12168792635202408,0.020539024844765663
YPL207W,YDR227W,0,4.7441754,0.3757575750350952,0.12168792635202408,0.020639214664697647
YPL153C,YNL082W,1,4.742348,0.37764349579811096,0.1226692870259285,0.020639214664697647
YJR043C,YDR440W,1,4.7363763,0.379518061876297,0.12365064024925232,0.020639214664697647
YOR190W,YDR180W,0,4.729674,0.37837839126586914,0.12365064024925232,0.02073940448462963
YJL082W,YOL061W,0,4.72882,0.3772455155849457,0.12365064024925232,0.020839594304561615
YPR204W,YNL273W,0,4.726114,0.3761194050312042,0.12365064024925232,0.020939785987138748
YBL063W,YOR339C,0,4.7210355,0.375,0.12365064024925232,0.021039975807070732
YER139C,YLR401C,0,4.7208133,0.37388724088668823,0.12365064024925232,0.021140165627002716
YER142C,YNL031C,1,4.7198586,0.3757396340370178,0.12463199347257614,0.021140165627002716
YNL202W,YDR451C,0,4.7189946,0.37463125586509705,0.12463199347257614,0.02124035730957985
YGL061C,YML057W,0,4.7154546,0.3735294044017792,0.12463199347257614,0.021340547129511833
YML061C,YOL034W,1,4.7140503,0.37536656856536865,0.12561334669589996,0.021340547129511833
YMR291W,YAL063C,0,4.7139916,0.3742690086364746,0.12561334669589996,0.021440736949443817
YGL170C,YMR202W,0,4.7126184,0.3731778562068939,0.12561334669589996,0.02154092863202095
YLL039C,YDR451C,0,4.709383,0.3720930218696594,0.12561334669589996,0.021641118451952934
YLR383W,YIL143C,1,4.708366,0.373913049697876,0.12659470736980438,0.021641118451952934
YJL036W,YHR090C,0,4.7022243,0.37283235788345337,0.12659470736980438,0.021741308271884918
YNL082W,YNL102W,1,4.702122,0.3746397793292999,0.1275760531425476,0.021741308271884918
YCR016W,YLR025W,0,4.7002053,0.3735632300376892,0.1275760531425476,0.021841498091816902
YKL064W,YLR447C,0,4.700148,0.37249284982681274,0.1275760531425476,0.021941689774394035
YPL194W,YEL019C,1,4.6986732,0.3742857277393341,0.12855741381645203,0.021941689774394035
YCL024W,YJR082C,0,4.697363,0.37321937084198,0.12855741381645203,0.02204187959432602
YBL019W,YIL143C,1,4.6930447,0.375,0.12953875958919525,0.02204187959432602
YDL155W,YDL087C,0,4.6903663,0.3739376664161682,0.12953875958919525,0.022142069414258003
YLR081W,YOL091W,0,4.685991,0.37288135290145874,0.12953875958919525,0.022242261096835136
YGL044C,YML059C,0,4.6848335,0.3718309998512268,0.12953875958919525,0.02234245091676712
YGL070C,YEL019C,1,4.6833706,0.3735955059528351,0.13052012026309967,0.02234245091676712
YMR041C,YOR144C,0,4.6814413,0.37254902720451355,0.13052012026309967,0.022442640736699104
YIL105C,YHR084W,0,4.6810384,0.37150838971138,0.13052012026309967,0.022542830556631088
YML032C,YOR078W,0,4.6753254,0.3704735338687897,0.13052012026309967,0.02264302223920822
YIL168W,YLR175W,0,4.674939,0.36944442987442017,0.13052012026309967,0.022743212059140205
YKL095W,YKR100C,0,4.6722064,0.3684210479259491,0.13052012026309967,0.02284340187907219
YOL124C,YDR254W,0,4.671221,0.3674033284187317,0.13052012026309967,0.022943593561649323
YLR071C,YIL061C,0,4.671153,0.3663911819458008,0.13052012026309967,0.023043783381581306
YMR180C,YDR500C,0,4.6670356,0.36538460850715637,0.13052012026309967,0.02314397320151329
YBR087W,YDR263C,1,4.6670275,0.3671232759952545,0.1315014660358429,0.02314397320151329
YKL071W,YOR098C,0,4.6661544,0.36612021923065186,0.1315014660358429,0.023244163021445274
YDL059C,YLL036C,1,4.665009,0.36784741282463074,0.13248282670974731,0.023244163021445274
YDR381W,YNL262W,1,4.6625876,0.3695652186870575,0.13346418738365173,0.023244163021445274
YMR167W,YPL181W,0,4.660806,0.3685636818408966,0.13346418738365173,0.023344354704022408
YGR280C,YBR005W,0,4.6588163,0.3675675690174103,0.13346418738365173,0.02344454452395439
YGR258C,YKR056W,1,4.6571794,0.36927223205566406,0.13444553315639496,0.02344454452395439
YMR246W,YIL173W,0,4.6559725,0.3682795763015747,0.13444553315639496,0.023544734343886375
YGL006W,YJL014W,0,4.655796,0.36729222536087036,0.13444553315639496,0.02364492602646351
YMR168C,YOL004W,0,4.654158,0.36631014943122864,0.13444553315639496,0.023745115846395493
YDR292C,YIL068C,0,4.6474576,0.36533331871032715,0.13444553315639496,0.023845305666327477
YLR233C,YCL068C,0,4.6458035,0.3643617033958435,0.13444553315639496,0.02394549734890461
YJL196C,YJR035W,0,4.6419907,0.36339521408081055,0.13444553315639496,0.024045687168836594
YGL086W,YFL033C,0,4.6389756,0.36243385076522827,0.13444553315639496,0.024145876988768578
YMR112C,YIL119C,0,4.635446,0.3614775836467743,0.13444553315639496,0.02424606680870056
YDR463W,YOR341W,0,4.63452,0.36052632331848145,0.13444553315639496,0.024346258491277695
YER179W,YKL113C,1,4.631492,0.36220473051071167,0.13542689383029938,0.024346258491277695
YJR028W,YLR305C,0,4.62378,0.36125653982162476,0.13542689383029938,0.02444644831120968
YLR449W,YOR324C,0,4.6202545,0.3603133261203766,0.13542689383029938,0.024546638131141663
YPL241C,YBR127C,0,4.6199203,0.359375,0.13542689383029938,0.024646829813718796
YBR149W,YJL006C,0,4.619581,0.358441561460495,0.13542689383029938,0.02474701963365078
YER054C,YGL094C,0,4.618748,0.3575129508972168,0.13542689383029938,0.024847209453582764
YHR164C,YLR092W,0,4.6163754,0.356589138507843,0.13542689383029938,0.024947399273514748
YNL290W,YER142C,1,4.615574,0.35824742913246155,0.1364082396030426,0.024947399273514748
YER149C,YJR057W,0,4.6133204,0.357326477766037,0.1364082396030426,0.02504759095609188
YAL022C,YBR222C,0,4.6087284,0.35641026496887207,0.1364082396030426,0.025147780776023865
YIL143C,YLR210W,0,4.6060433,0.355498731136322,0.1364082396030426,0.02524797059595585
YLR131C,YGL170C,0,4.605923,0.35459184646606445,0.1364082396030426,0.025348162278532982
YNL246W,YBR010W,1,4.6054215,0.3562341034412384,0.13738960027694702,0.025348162278532982
YOL043C,YOL094C,1,4.603461,0.3578680157661438,0.13837094604969025,0.025348162278532982
YPL058C,YBR193C,0,4.6034594,0.35696202516555786,0.13837094604969025,0.025448352098464966
YLR288C,YMR262W,0,4.6031137,0.35606059432029724,0.13837094604969025,0.02554854191839695
YBR289W,YPR175W,1,4.6029344,0.35768261551856995,0.13935230672359467,0.02554854191839695
YDR245W,YJR082C,0,4.602243,0.356783926486969,0.13935230672359467,0.025648731738328934
YOR005C,YDR113C,1,4.5947185,0.3583959937095642,0.14033366739749908,0.025648731738328934
YIL132C,YJL034W,0,4.593369,0.35749998688697815,0.14033366739749908,0.025748923420906067
YCR086W,YMR200W,0,4.5927978,0.35660848021507263,0.14033366739749908,0.02584911324083805
YDR113C,YAR007C,1,4.5923147,0.35820895433425903,0.1413150131702423,0.02584911324083805
YNL304W,YKR101W,0,4.590272,0.357320100069046,0.1413150131702423,0.025949303060770035
YLR115W,YMR159C,0,4.589804,0.3564356565475464,0.1413150131702423,0.026049494743347168
YFL009W,YDL024C,0,4.588945,0.35555556416511536,0.1413150131702423,0.026149684563279152
YDR131C,YBR244W,0,4.588597,0.35467979311943054,0.1413150131702423,0.026249874383211136
YDR080W,YPL029W,0,4.5880256,0.35380834341049194,0.1413150131702423,0.02635006420314312
YJL194W,YLL017W,0,4.5871687,0.3529411852359772,0.1413150131702423,0.026450255885720253
YPL116W,YMR168C,0,4.5870223,0.35207822918891907,0.1413150131702423,0.026550445705652237
YLL003W,YMR227C,0,4.5863833,0.35121950507164,0.1413150131702423,0.02665063552558422
YDL149W,YCR060W,0,4.586237,0.35036495327949524,0.1413150131702423,0.026750827208161354
YGR044C,YBL031W,0,4.5817347,0.34951457381248474,0.1413150131702423,0.026851017028093338
YML076C,YEL003W,0,4.579325,0.34866827726364136,0.1413150131702423,0.026951206848025322
YNL218W,YBL003C,1,4.578647,0.3502415418624878,0.14229637384414673,0.026951206848025322
YJR035W,YDR227W,1,4.578275,0.35180723667144775,0.14327771961688995,0.026951206848025322
YBR018C,YPL217C,0,4.577026,0.3509615361690521,0.14327771961688995,0.027051398530602455
YPL066W,YPL147W,0,4.576009,0.3501199185848236,0.14327771961688995,0.02715158835053444
YDR142C,YDR409W,0,4.574538,0.34928229451179504,0.14327771961688995,0.027251778170466423
YHR016C,YNL075W,0,4.5742583,0.3484486937522888,0.14327771961688995,0.027351967990398407
YBR228W,YBR073W,1,4.5737476,0.3499999940395355,0.14425908029079437,0.027351967990398407
YNL274C,YLR165C,0,4.5728345,0.34916865825653076,0.14425908029079437,0.02745215967297554
YNR003C,YDR460W,0,4.572298,0.3483412265777588,0.14425908029079437,0.027552349492907524
YMR117C,YPR155C,0,4.5719495,0.347517728805542,0.14425908029079437,0.027652539312839508
YGR120C,YIR031C,0,4.571881,0.3466981053352356,0.14425908029079437,0.02775273099541664
YER063W,YLR061W,0,4.56888,0.3458823561668396,0.14425908029079437,0.027852920815348625
YGR081C,YPR079W,0,4.5685987,0.34507042169570923,0.14425908029079437,0.02795311063528061
YJL081C,YMR106C,1,4.5681653,0.34660422801971436,0.1452404260635376,0.02795311063528061
YGL233W,YOR214C,0,4.564718,0.3457943797111511,0.1452404260635376,0.028053300455212593
YGL131C,YGL033W,0,4.5617228,0.3449883460998535,0.1452404260635376,0.028153492137789726
YAR035W,YGL241W,0,4.561522,0.34418603777885437,0.1452404260635376,0.02825368195772171
YOR368W,YLR321C,1,4.5607424,0.34570765495300293,0.14622178673744202,0.02825368195772171
YDR385W,YAL048C,0,4.557736,0.34490740299224854,0.14622178673744202,0.028353871777653694
YER149C,YOR338W,0,4.557704,0.3441108465194702,0.14622178673744202,0.028454063460230827
YCL045C,YNL142W,0,4.554643,0.34331798553466797,0.14622178673744202,0.02855425328016281
YLR181C,YPL135W,0,4.554461,0.34252873063087463,0.14622178673744202,0.028654443100094795
YBR272C,YBR088C,1,4.5532727,0.34403669834136963,0.14720314741134644,0.028654443100094795
YNL008C,YCL044C,0,4.551931,0.34324944019317627,0.14720314741134644,0.02875463292002678
YHR006W,YDL193W,0,4.5515265,0.34246575832366943,0.14720314741134644,0.028854824602603912
YGL166W,YDR211W,0,4.5514607,0.3416856527328491,0.14720314741134644,0.028955014422535896
YJL124C,YPL230W,0,4.5510316,0.34090909361839294,0.14720314741134644,0.02905520424246788
YDL220C,YOL097C,0,4.550987,0.3401360511779785,0.14720314741134644,0.029155395925045013
YOL034W,YPR052C,1,4.549581,0.3416289687156677,0.14818449318408966,0.029155395925045013
YMR041C,YBL079W,0,4.5484853,0.34085777401924133,0.14818449318408966,0.029255585744976997
YDR217C,YHR164C,1,4.5477386,0.342342346906662,0.14916585385799408,0.029255585744976997
YOR144C,YOR244W,1,4.5441737,0.3438202142715454,0.1501471996307373,0.029255585744976997
YHR154W,YMR284W,1,4.5441575,0.34529146552085876,0.15112856030464172,0.029255585744976997
YLR348C,YML097C,0,4.5412984,0.3445190191268921,0.15112856030464172,0.02935577556490898
YPR135W,YBR019C,0,4.539887,0.34375,0.15112856030464172,0.029455967247486115
YNL304W,YKL157W,0,4.537621,0.3429844081401825,0.15112856030464172,0.0295561570674181
YPL105C,YER185W,0,4.537129,0.3422222137451172,0.15112856030464172,0.029656346887350082
YFL009W,YOR090C,0,4.5370216,0.3414634168148041,0.15112856030464172,0.029756536707282066
YDR338C,YDL031W,0,4.5357833,0.3407079577445984,0.15112856030464172,0.0298567283898592
YBR289W,YNL273W,1,4.535295,0.3421633541584015,0.15210990607738495,0.0298567283898592
YER149C,YFL061W,0,4.531745,0.34140968322753906,0.15210990607738495,0.029956918209791183
YPL003W,YOL115W,0,4.5316396,0.34065935015678406,0.15210990607738495,0.030057108029723167
YIL129C,YER185W,0,4.5276246,0.3399122953414917,0.15210990607738495,0.0301572997123003
YLR288C,YDL154W,1,4.525554,0.34135666489601135,0.15309126675128937,0.0301572997123003
YKL092C,YHL003C,0,4.524264,0.34061136841773987,0.15309126675128937,0.030257489532232285
YJL208C,YMR035W,0,4.5234485,0.33986929059028625,0.15309126675128937,0.03035767935216427
YPR135W,YIL130W,0,4.5233917,0.3391304314136505,0.15309126675128937,0.030457869172096252
YEL032W,YFR027W,0,4.523313,0.33839479088783264,0.15309126675128937,0.030558060854673386
YFR001W,YDR338C,0,4.522548,0.33766233921051025,0.15309126675128937,0.03065825067460537
YOR338W,YLR291C,0,4.521367,0.33693304657936096,0.15309126675128937,0.030758440494537354
YCL045C,YNL197C,0,4.5199904,0.3362068831920624,0.15309126675128937,0.030858632177114487
YDR280W,YDL113C,0,4.5150967,0.3354838788509369,0.15309126675128937,0.03095882199704647
YDR255C,YPR017C,0,4.513131,0.33476394414901733,0.15309126675128937,0.031059011816978455
YMR137C,YOR144C,1,4.5122485,0.3361884355545044,0.1540726274251938,0.031059011816978455
YMR013C,YDR432W,0,4.5121126,0.3354700803756714,0.1540726274251938,0.03115920163691044
YMR106C,YDL105W,1,4.510815,0.336887001991272,0.155053973197937,0.03115920163691044
YDR386W,YCR014C,1,4.5107427,0.33829787373542786,0.15603533387184143,0.03115920163691044
YER041W,YDR263C,1,4.5083213,0.3397027552127838,0.15701667964458466,0.03115920163691044
YCL024W,YDR202C,0,4.506918,0.33898305892944336,0.15701667964458466,0.03125939145684242
YER119C,YNL082W,0,4.5055437,0.33826637268066406,0.15701667964458466,0.031359583139419556
YPL121C,YPR164W,1,4.5041986,0.33966243267059326,0.15799804031848907,0.031359583139419556
YHR047C,YAL039C,0,4.501654,0.3389473557472229,0.15799804031848907,0.03145977482199669
YFL024C,YMR224C,1,4.5013585,0.3403361439704895,0.1589793860912323,0.03145977482199669
YDR189W,YIL017C,0,4.500956,0.3396226465702057,0.1589793860912323,0.031559962779283524
YNL031C,YDL164C,1,4.5001116,0.3410041928291321,0.15996074676513672,0.031559962779283524
YHR079C-A,YHR164C,1,4.4978023,0.34237995743751526,0.16094210743904114,0.031559962779283524
YCR107W,YLR068W,0,4.494496,0.34166666865348816,0.16094210743904114,0.03166015446186066
YDR113C,YML021C,1,4.492284,0.34303534030914307,0.16192345321178436,0.03166015446186066
YNR046W,YKL124W,0,4.4904013,0.3423236608505249,0.16192345321178436,0.03176034614443779
YMR227C,YMR090W,0,4.490183,0.34161490201950073,0.16192345321178436,0.031860534101724625
YPR182W,YER185W,0,4.4875493,0.34090909361839294,0.16192345321178436,0.03196072578430176
YBR088C,YOL034W,1,4.4862947,0.34226804971694946,0.16290481388568878,0.03196072578430176
YHL006C,YNL273W,1,4.48465,0.3436214029788971,0.163886159658432,0.03196072578430176
YHR005C-A,YHL025W,0,4.4813695,0.342915803194046,0.163886159658432,0.03206091746687889
YOR368W,YIL154C,1,4.4800353,0.3442623019218445,0.16486752033233643,0.03206091746687889
YJL069C,YAL002W,0,4.4788437,0.34355828166007996,0.16486752033233643,0.032161105424165726
YMR076C,YPL196W,0,4.475042,0.34285715222358704,0.16486752033233643,0.03226129710674286
YHR138C,YOR304C-A,0,4.474362,0.34215885400772095,0.16486752033233643,0.032361485064029694
YGL087C,YKL045W,1,4.4716773,0.3434959352016449,0.16584886610507965,0.032361485064029694
YIL122W,YMR234W,0,4.4689,0.34279918670654297,0.16584886610507965,0.03246167674660683
YKL052C,YLR361C,0,4.468447,0.34210526943206787,0.16584886610507965,0.03256186842918396
YOR033C,YDR381W,1,4.4682517,0.34343433380126953,0.16683022677898407,0.03256186842918396
YNL238W,YBR217W,0,4.468085,0.3427419364452362,0.16683022677898407,0.032662056386470795
YOR138C,YKL205W,0,4.4677544,0.34205231070518494,0.16683022677898407,0.03276224806904793
YIL167W,YDR353W,0,4.4675555,0.3413654565811157,0.16683022677898407,0.03286243975162506
YJL047C,YGR195W,0,4.467428,0.34068137407302856,0.16683022677898407,0.032962627708911896
YFL003C,YDR444W,0,4.4670615,0.3400000035762787,0.16683022677898407,0.03306281939148903
YJL059W,YKL139W,0,4.4663544,0.3393213450908661,0.16683022677898407,0.03316301107406616
YKR102W,YAL011W,0,4.466257,0.33864542841911316,0.16683022677898407,0.033263199031353
YOR371C,YPR164W,0,4.4658875,0.33797216415405273,0.16683022677898407,0.03336339071393013
YHR154W,YML021C,1,4.465822,0.3392857015132904,0.1678115725517273,0.03336339071393013
YML123C,YOR363C,0,4.464948,0.3386138677597046,0.1678115725517273,0.03346358239650726
YNL336W,YGR065C,0,4.4620237,0.3379446566104889,0.1678115725517273,0.0335637703537941
YGL023C,YLL042C,0,4.4612803,0.3372780978679657,0.1678115725517273,0.03366396203637123
YGL175C,YOR033C,1,4.460606,0.3385826647281647,0.1687929332256317,0.03366396203637123
YDL154W,YNL336W,0,4.459538,0.3379174768924713,0.1687929332256317,0.033764153718948364
YDR339C,YPR199C,0,4.4586997,0.33725491166114807,0.1687929332256317,0.0338643416762352
YGR177C,YPR152C,0,4.453014,0.33659490942955017,0.1687929332256317,0.03396453335881233
YIR021W,YKL222C,0,4.4527044,0.3359375,0.1687929332256317,0.03406472131609917
YFR013W,YMR250W,0,4.450409,0.33528265357017517,0.1687929332256317,0.0341649129986763
YPR119W,YJL151C,0,4.4504027,0.3346303403377533,0.1687929332256317,0.03426510468125343
YCR093W,YIL173W,0,4.4468765,0.33398059010505676,0.1687929332256317,0.03436529263854027
YFL050C,YLR313C,0,4.4467573,0.3333333432674408,0.1687929332256317,0.0344654843211174
YER054C,YDR143C,0,4.446256,0.3326885998249054,0.1687929332256317,0.034565676003694534
YLR200W,YOL082W,0,4.442215,0.3320463299751282,0.1687929332256317,0.03466586396098137
YKL064W,YKR079C,0,4.442094,0.3314065635204315,0.1687929332256317,0.0347660556435585
YMR228W,YBR072W,0,4.438803,0.33076924085617065,0.1687929332256317,0.034866247326135635
YFL024C,YAR007C,1,4.4375205,0.3320537507534027,0.16977429389953613,0.034866247326135635
YBL019W,YDR227W,1,4.4351,0.3333333432674408,0.17075563967227936,0.034866247326135635
YOL070C,YDR267C,0,4.4341445,0.33269599080085754,0.17075563967227936,0.03496643528342247
YJL127C,YJR057W,1,4.433697,0.33396947383880615,0.17173700034618378,0.03496643528342247
YPL215W,YLR308W,0,4.4326463,0.3333333432674408,0.17173700034618378,0.0350666269659996
YDR460W,YPR052C,1,4.432496,0.3346007466316223,0.172718346118927,0.0350666269659996
YNL102W,YLR288C,1,4.4320645,0.3358633816242218,0.17369970679283142,0.0350666269659996
YBR065C,YIL131C,0,4.4317317,0.33522728085517883,0.17369970679283142,0.035166818648576736
YOR317W,YDL175C,0,4.4313025,0.3345935642719269,0.17369970679283142,0.03526700660586357
YDR369C,YDR190C,1,4.4307256,0.3358490467071533,0.17468105256557465,0.03526700660586357
YPL223C,YGR280C,0,4.4281764,0.33521658182144165,0.17468105256557465,0.035367198288440704
YMR034C,YPR137W,0,4.4280057,0.3345864713191986,0.17468105256557465,0.03546738624572754
YDR337W,YOR077W,0,4.4276276,0.3339587152004242,0.17468105256557465,0.03556757792830467
YBR228W,YHR081W,1,4.4246106,0.335206001996994,0.17566241323947906,0.03556757792830467
YLR401C,YDR513W,0,4.424074,0.3345794379711151,0.17566241323947906,0.035667769610881805
YKR008W,YKL155C,0,4.423948,0.33395522832870483,0.17566241323947906,0.03576795756816864
YJR043C,YNL031C,1,4.4237957,0.33519554138183594,0.17664377391338348,0.03576795756816864
YAR007C,YFL008W,1,4.420589,0.33643123507499695,0.1776251196861267,0.03576795756816864
YDR308C,YLR165C,0,4.4204016,0.33580705523490906,0.1776251196861267,0.03586814925074577
YLR057W,YOR382W,0,4.418718,0.3351851999759674,0.1776251196861267,0.035968340933322906
YOL146W,YMR236W,0,4.418603,0.3345656096935272,0.1776251196861267,0.03606852889060974
YIL157C,YIL061C,0,4.416186,0.3339483439922333,0.1776251196861267,0.036168720573186874
YDR026C,YLR069C,0,4.416119,0.3333333432674408,0.1776251196861267,0.03626891225576401
YIL157C,YHR079C-A,0,4.415341,0.3327205777168274,0.1776251196861267,0.03636910021305084
YDL059C,YBL003C,1,4.4146805,0.3339449465274811,0.17860648036003113,0.03636910021305084
YLR399C,YBR114W,1,4.411778,0.3351648449897766,0.17958782613277435,0.03636910021305084
YNL062C,YPL156C,0,4.41149,0.3345521092414856,0.17958782613277435,0.036469291895627975
YHR034C,YGL050W,0,4.4114704,0.33394160866737366,0.17958782613277435,0.03656948357820511
YPL175W,YLR007W,0,4.411054,0.3333333432674408,0.17958782613277435,0.03666967153549194
YOR353C,YDR198C,0,4.4080706,0.3327272832393646,0.17958782613277435,0.03676986321806908
YMR047C,YDR082W,0,4.4074135,0.33212339878082275,0.17958782613277435,0.03687005490064621
YBL019W,YHL001W,0,4.4070535,0.33152174949645996,0.17958782613277435,0.036970242857933044
YLL012W,YML011C,0,4.405873,0.3309222459793091,0.17958782613277435,0.03707043454051018
YCL054W,YKL095W,0,4.404096,0.3303249180316925,0.17958782613277435,0.03717062249779701
YLR187W,YJR035W,0,4.4036155,0.32972973585128784,0.17958782613277435,0.037270814180374146
YPL082C,YML110C,0,4.39979,0.3291366994380951,0.17958782613277435,0.03737100586295128
YHR016C,YLR386W,0,4.3991265,0.32854577898979187,0.17958782613277435,0.03747119382023811
YBR044C,YPL108W,0,4.3958964,0.3279569745063782,0.17958782613277435,0.03757138550281525
YKR094C,YIR002C,1,4.3958883,0.3291592001914978,0.18056918680667877,0.03757138550281525
YPR171W,YMR135C,0,4.3937454,0.3285714387893677,0.18056918680667877,0.03767157718539238
YMR068W,YJL197W,0,4.3932204,0.3279857337474823,0.18056918680667877,0.037771765142679214
YJR095W,YDL202W,0,4.3922925,0.32740214467048645,0.18056918680667877,0.03787195682525635
YDL097C,YJR112W,0,4.391873,0.32682061195373535,0.18056918680667877,0.03797214850783348
YPL042C,YDR040C,0,4.391852,0.326241135597229,0.18056918680667877,0.038072336465120316
YDR386W,YLR288C,1,4.390658,0.32743361592292786,0.181550532579422,0.038072336465120316
YML081W,YAR042W,0,4.3905144,0.3268551230430603,0.181550532579422,0.03817252814769745
YGR052W,YPR188C,0,4.3880057,0.3262786567211151,0.181550532579422,0.03827271983027458
YNL035C,YOR226C,0,4.387967,0.3257042169570923,0.181550532579422,0.03837290778756142
YBR243C,YPL127C,0,4.387131,0.3251318037509918,0.181550532579422,0.03847309947013855
YDL092W,YOL090W,0,4.387107,0.3245614171028137,0.181550532579422,0.038573287427425385
YBR152W,YPR135W,0,4.3868585,0.3239929974079132,0.181550532579422,0.03867347911000252
YLR383W,YCL052C,0,4.3857822,0.32342657446861267,0.181550532579422,0.03877367079257965
YPL188W,YDR289C,0,4.383534,0.3228621184825897,0.181550532579422,0.038873858749866486
YBR282W,YDR438W,0,4.3822093,0.32229965925216675,0.181550532579422,0.03897405043244362
YLR321C,YKR029C,0,4.3802958,0.321739137172699,0.181550532579422,0.03907424211502075
YLR320W,YBR114W,1,4.3797617,0.3229166567325592,0.18253189325332642,0.03907424211502075
YDR217C,YDR419W,1,4.379666,0.3240901231765747,0.18351325392723083,0.03907424211502075
YBR080C,YER159C,0,4.3783226,0.3235294222831726,0.18351325392723083,0.03917443007230759
YGL121C,YJL026W,0,4.377806,0.3229706287384033,0.18351325392723083,0.03927462175488472
YKL062W,YGR085C,0,4.376717,0.3224138021469116,0.18351325392723083,0.03937481343746185
YDR332W,YJL179W,0,4.3750405,0.32185885310173035,0.18351325392723083,0.03947500139474869
YOR290C,YIL128W,1,4.3749795,0.32302406430244446,0.18449459969997406,0.03947500139474869
YER179W,YBR073W,1,4.3737693,0.32418525218963623,0.18547596037387848,0.03947500139474869
YOR144C,YBR302C,0,4.3722305,0.32363012433052063,0.18547596037387848,0.03957519307732582
YKL203C,YPR072W,0,4.371019,0.32307693362236023,0.18547596037387848,0.039675384759902954
YNL282W,YMR106C,0,4.3706717,0.32252559065818787,0.18547596037387848,0.03977557271718979
YDR110W,YGL208W,0,4.3695703,0.3219761550426483,0.18547596037387848,0.03987576439976692
YBR095C,YKL125W,0,4.367232,0.3214285671710968,0.18547596037387848,0.039975956082344055
YMR313C,YGL107C,0,4.3665447,0.3208828568458557,0.18547596037387848,0.04007614403963089
YDL059C,YML021C,1,4.366011,0.32203391194343567,0.1864573061466217,0.04007614403963089
YGL050W,YDR205W,0,4.364014,0.32148900628089905,0.1864573061466217,0.04017633572220802
YOR244W,YML069W,1,4.3638787,0.32263514399528503,0.18743866682052612,0.04017633572220802
YJR042W,YCR005C,0,4.3627524,0.32209107279777527,0.18743866682052612,0.04027652367949486
YHR134W,YKL045W,1,4.360426,0.3232323229312897,0.18842001259326935,0.04027652367949486
YMR005W,YPL224C,0,4.3601108,0.32268908619880676,0.18842001259326935,0.04037671536207199
YPR189W,YBR223C,0,4.356444,0.3221476376056671,0.18842001259326935,0.040476907044649124
YDL220C,YGL044C,0,4.3527317,0.3216080367565155,0.18842001259326935,0.04057709500193596
YDR030C,YKR008W,1,4.3516726,0.3227424621582031,0.18940137326717377,0.04057709500193596
YER050C,YDR081C,0,4.351057,0.322203665971756,0.18940137326717377,0.04067728668451309
YNL175C,YJR082C,0,4.3496795,0.3216666579246521,0.18940137326717377,0.040777478367090225
YIR013C,YLR382C,0,4.3437114,0.3211314380168915,0.18940137326717377,0.04087766632437706
YHR164C,YIL132C,1,4.3432455,0.3222591280937195,0.19038273394107819,0.04087766632437706
YBR301W,YDR257C,0,4.33932,0.32172471284866333,0.19038273394107819,0.04097785800695419
YDR078C,YOR144C,1,4.334821,0.3228476941585541,0.1913640797138214,0.04097785800695419
YDR058C,YJL110C,0,4.334163,0.32231405377388,0.1913640797138214,0.041078049689531326
YPL212C,YNL025C,0,4.3330436,0.3217821717262268,0.1913640797138214,0.04117823764681816
YPL127C,YDL149W,0,4.332874,0.3212520480155945,0.1913640797138214,0.041278429329395294
YIL097W,YLR348C,0,4.332851,0.32072368264198303,0.1913640797138214,0.04137862101197243
YHR037W,YPR072W,0,4.3319974,0.32019704580307007,0.1913640797138214,0.04147880896925926
YGR207C,YIR011C,0,4.3296666,0.3196721374988556,0.1913640797138214,0.041579000651836395
YBR167C,YFL021W,0,4.3296027,0.3191489279270172,0.1913640797138214,0.04167918860912323
YOR368W,YBR244W,0,4.329578,0.3186274468898773,0.1913640797138214,0.04177938029170036
YPL124W,YML076C,0,4.3288713,0.3181076645851135,0.1913640797138214,0.041879571974277496
YKL113C,YPL224C,0,4.327243,0.31758958101272583,0.1913640797138214,0.04197975993156433
YBR080C,YJR095W,0,4.327172,0.31707316637039185,0.1913640797138214,0.042079951614141464
YBR098W,YHR090C,1,4.323293,0.3181818127632141,0.19234544038772583,0.042079951614141464
YML126C,YPR002W,0,4.322264,0.31766611337661743,0.19234544038772583,0.0421801432967186
YDR097C,YHR079C-A,1,4.3215013,0.31877022981643677,0.19332678616046906,0.0421801432967186
YNL153C,YMR021C,0,4.321235,0.3182552456855774,0.19332678616046906,0.04228033125400543
YLR408C,YDR263C,0,4.319432,0.31774193048477173,0.19332678616046906,0.042380522936582565
YBR199W,YLR007W,0,4.318753,0.3172302842140198,0.19332678616046906,0.0424807146191597
YHR196W,YDL072C,0,4.317268,0.31672024726867676,0.19332678616046906,0.04258090257644653
YJL162C,YNL006W,0,4.3171597,0.31621187925338745,0.19332678616046906,0.042681094259023666
YER123W,YJR021C,0,4.3136396,0.3157051205635071,0.19332678616046906,0.0427812859416008
YMR101C,YLR007W,0,4.31358,0.31520000100135803,0.19332678616046906,0.042881473898887634
YLR160C,YCR086W,0,4.3102136,0.3146964907646179,0.19332678616046906,0.04298166558146477
YFR027W,YER159C,0,4.305243,0.31419458985328674,0.19332678616046906,0.0430818572640419
YOR048C,YFL057C,0,4.3046136,0.3136942684650421,0.19332678616046906,0.043182045221328735
YOR304C-A,YLR107W,0,4.303731,0.3131955564022064,0.19332678616046906,0.04328223690390587
YPL043W,YDL024C,0,4.3025575,0.3126984238624573,0.19332678616046906,0.0433824248611927
YHR169W,YGR012W,0,4.301865,0.3122028410434723,0.19332678616046906,0.043482616543769836
YGR113W,YMR168C,0,4.300672,0.31170886754989624,0.19332678616046906,0.04358280822634697
YPR163C,YDR392W,0,4.299537,0.31121644377708435,0.19332678616046906,0.043682996183633804
YPL056C,YNR039C,0,4.299166,0.31072553992271423,0.19332678616046906,0.04378318786621094
YBL084C,YHL026C,0,4.2980084,0.31023621559143066,0.19332678616046906,0.04388337954878807
YCL024W,YDL078C,0,4.2945595,0.30974844098091125,0.19332678616046906,0.043983567506074905
YLR383W,YJR057W,1,4.2944336,0.31083202362060547,0.19430814683437347,0.043983567506074905
YGL063W,YBL035C,0,4.293921,0.3103448152542114,0.19430814683437347,0.04408375918865204
YOL098C,YPR196W,0,4.291017,0.30985915660858154,0.19430814683437347,0.04418395087122917
YDR137W,YNL326C,0,4.2891126,0.30937498807907104,0.19430814683437347,0.044284138828516006
YLR442C,YDL154W,1,4.2851,0.3104524314403534,0.1952894926071167,0.044284138828516006
YLR383W,YEL019C,1,4.28449,0.31152647733688354,0.19627085328102112,0.044284138828516006
YIL157C,YJL035C,0,4.283382,0.3110419809818268,0.19627085328102112,0.04438433051109314
YOR258W,YJR052W,1,4.282968,0.3121117949485779,0.19725221395492554,0.04438433051109314
YDR080W,YGR246C,0,4.2821956,0.31162789463996887,0.19725221395492554,0.04448452219367027
YML055W,YCL052C,0,4.282132,0.31114551424980164,0.19725221395492554,0.04458471015095711
YOR386W,YML060W,1,4.281677,0.31221020221710205,0.19823355972766876,0.04458471015095711
YGL030W,YMR304W,0,4.281174,0.3117283880710602,0.19823355972766876,0.04468490183353424
YHR079C-A,YNL273W,1,4.2810254,0.3127889037132263,0.19921492040157318,0.04468490183353424
YFR038W,YDL054C,0,4.2806406,0.3123076856136322,0.19921492040157318,0.044785093516111374
YLR135W,YER179W,1,4.276649,0.31336405873298645,0.2001962661743164,0.044785093516111374
YPR135W,YPR057W,0,4.2764187,0.3128834366798401,0.2001962661743164,0.04488528147339821
YOR363C,YDL003W,0,4.2727594,0.3124042749404907,0.2001962661743164,0.04498547315597534
YBR215W,YFL049W,0,4.2716703,0.31192660331726074,0.2001962661743164,0.045085661113262177
YJL130C,YPL007C,0,4.269243,0.31145039200782776,0.2001962661743164,0.04518585279583931
YDL084W,YOR033C,1,4.268883,0.3125,0.20117762684822083,0.04518585279583931
YBR162C,YDR043C,0,4.268433,0.3120243549346924,0.20117762684822083,0.04528604447841644
YPL164C,YDR440W,1,4.268169,0.3130699098110199,0.20215897262096405,0.04528604447841644
YLR383W,YHR073W,0,4.265941,0.31259483098983765,0.20215897262096405,0.04538623243570328
YGL032C,YBR114W,0,4.2653837,0.3121212124824524,0.20215897262096405,0.04548642411828041
YER063W,YOL043C,0,4.2649503,0.31164902448654175,0.20215897262096405,0.045586615800857544
YER142C,YBR152W,0,4.263917,0.3111782371997833,0.20215897262096405,0.04568680375814438
YKL157W,YIR013C,0,4.2591014,0.3107089102268219,0.20215897262096405,0.04578699544072151
YBR098W,YOL072W,1,4.254953,0.3117469847202301,0.20314033329486847,0.04578699544072151
YMR231W,YER100W,0,4.2542214,0.31127819418907166,0.20314033329486847,0.045887187123298645
YMR175W,YDR194C,0,4.253899,0.31081080436706543,0.20314033329486847,0.04598737508058548
YMR284W,YCR066W,1,4.253874,0.3118440806865692,0.2041216939687729,0.04598737508058548
YLL008W,YPL011C,0,4.2525725,0.31137725710868835,0.2041216939687729,0.04608756676316261
YNL088W,YIL046W,0,4.2522407,0.31091180443763733,0.2041216939687729,0.046187758445739746
YNL056W,YDR225W,0,4.2508955,0.3104477524757385,0.2041216939687729,0.04628794640302658
YOR258W,YDR499W,1,4.250182,0.31147539615631104,0.2051030397415161,0.04628794640302658
YPL153C,YBR010W,1,4.2479396,0.3125,0.20608440041542053,0.04628794640302658
YDR153C,YOL052C-A,0,4.2433553,0.3120356500148773,0.20608440041542053,0.046388138085603714
YHR080C,YGL170C,0,4.2428265,0.31157270073890686,0.20608440041542053,0.04648832604289055
YBL005W-B,YLR423C,0,4.242187,0.31111112236976624,0.20608440041542053,0.04658851772546768
YGR261C,YDR446W,0,4.2414417,0.31065088510513306,0.20608440041542053,0.046688709408044815
YPL209C,YJL145W,0,4.239607,0.3101920187473297,0.20608440041542053,0.04678889736533165
YBR018C,YAL024C,0,4.2390647,0.3097345232963562,0.20608440041542053,0.04688908904790878
YAR007C,YLR288C,1,4.238377,0.3107511103153229,0.20706574618816376,0.04688908904790878
YNL246W,YGL163C,1,4.2383513,0.3117647171020508,0.20804710686206818,0.04688908904790878
YDR170C,YER159C,0,4.2367635,0.311306893825531,0.20804710686206818,0.046989280730485916
YBR282W,YIL073C,0,4.236276,0.31085044145584106,0.20804710686206818,0.04708946868777275
YNR063W,YDR439W,0,4.235122,0.3103953003883362,0.20804710686206818,0.047189660370349884
YMR201C,YHR090C,1,4.235007,0.3114035129547119,0.2090284526348114,0.047189660370349884
YDL105W,YIL154C,1,4.233863,0.3124087452888489,0.21000981330871582,0.047189660370349884
YMR246W,YOR245C,0,4.2329326,0.3119533658027649,0.21000981330871582,0.04728985205292702
YMR050C,YGL196W,0,4.2324452,0.3114992678165436,0.21000981330871582,0.04739004001021385
YMR114C,YPL063W,0,4.2320924,0.3110465109348297,0.21000981330871582,0.047490231692790985
YMR137C,YOR368W,1,4.2315207,0.31204643845558167,0.21099117398262024,0.047490231692790985
YDR217C,YDR159W,1,4.231404,0.313043475151062,0.21197251975536346,0.047490231692790985
YBR243C,YMR077C,0,4.2294583,0.31259045004844666,0.21197251975536346,0.04759042337536812
YPR035W,YGL183C,0,4.229176,0.31213873624801636,0.21197251975536346,0.04769061133265495
YPR023C,YNL082W,1,4.228878,0.31313130259513855,0.21295388042926788,0.04769061133265495
YPL056C,YPR162C,0,4.227461,0.31268012523651123,0.21295388042926788,0.047790803015232086
YJR043C,YNL335W,0,4.2273817,0.3122302293777466,0.21295388042926788,0.04789099469780922
YML099C,YPL108W,0,4.225797,0.3117816150188446,0.21295388042926788,0.047991182655096054
YLR222C,YOR162C,0,4.2249866,0.3113342821598053,0.21295388042926788,0.04809137433767319
YBL058W,YGL131C,0,4.2247744,0.31088826060295105,0.21295388042926788,0.04819156229496002
YPL241C,YLR423C,0,4.2245545,0.3104434907436371,0.21295388042926788,0.048291753977537155
YDR351W,YJR035W,0,4.2233706,0.3100000023841858,0.21295388042926788,0.04839194566011429
YGL050W,YBL100W-B,0,4.2183366,0.3095577657222748,0.21295388042926788,0.04849213361740112
YML061C,YPR164W,1,4.2179046,0.3105413019657135,0.2139352262020111,0.04849213361740112
YOL104C,YJR056C,0,4.21775,0.3100995719432831,0.2139352262020111,0.048592325299978256
YNL093W,YDR371W,0,4.217726,0.30965909361839294,0.2139352262020111,0.04869251698255539
YMR020W,YNL075W,0,4.2158976,0.3092198669910431,0.2139352262020111,0.048792704939842224
YGR028W,YOR009W,0,4.21403,0.30878186225891113,0.2139352262020111,0.04889289662241936
YLR442C,YFL049W,0,4.2131867,0.30834510922431946,0.2139352262020111,0.04899308830499649
YKL112W,YMR114C,0,4.211837,0.30790960788726807,0.2139352262020111,0.049093276262283325
YFR027W,YBR115C,0,4.2115197,0.30747532844543457,0.2139352262020111,0.04919346794486046
YBR167C,YHR035W,0,4.2108326,0.3070422410964966,0.2139352262020111,0.04929365962743759
YPR110C,YIL135C,0,4.2106485,0.3066104054450989,0.2139352262020111,0.049393847584724426
YOR073W,YLR070C,0,4.2101607,0.3061797618865967,0.2139352262020111,0.04949403926730156
YER149C,YOR245C,0,4.2087636,0.3057503402233124,0.2139352262020111,0.049594227224588394
YMR176W,YHR029C,0,4.206947,0.30532214045524597,0.2139352262020111,0.04969441890716553
YDR045C,YDL149W,0,4.2064037,0.3048951029777527,0.2139352262020111,0.04979461058974266
YBR301W,YBL079W,0,4.205923,0.3044692873954773,0.2139352262020111,0.049894798547029495
YGL175C,YJL194W,0,4.2056303,0.304044634103775,0.2139352262020111,0.04999499022960663
YBR089C-A,YML097C,0,4.2026772,0.30362117290496826,0.2139352262020111,0.05009518191218376
YOL141W,YKL166C,0,4.2020016,0.3031988739967346,0.2139352262020111,0.050195369869470596
YLR229C,YER035W,0,4.201493,0.3027777671813965,0.2139352262020111,0.05029556155204773
YDR142C,YCR086W,0,4.2001557,0.30235782265663147,0.2139352262020111,0.05039575323462486
YOR339C,YOL004W,0,4.20007,0.30193907022476196,0.2139352262020111,0.0504959411919117
YGR120C,YKL175W,0,4.1987996,0.3015214502811432,0.2139352262020111,0.05059613287448883
YCL048W,YDR301W,0,4.19811,0.30110496282577515,0.2139352262020111,0.050696324557065964
YDR419W,YER173W,1,4.1977324,0.3020689785480499,0.21491658687591553,0.050696324557065964
YBR132C,YGL016W,0,4.1964498,0.3016528785228729,0.21491658687591553,0.0507965125143528
YCL029C,YER022W,0,4.1962037,0.30123797059059143,0.21491658687591553,0.05089670419692993
YBR289W,YKL017C,1,4.1945662,0.30219781398773193,0.21589793264865875,0.05089670419692993
YOR372C,YHR062C,0,4.194306,0.3017832636833191,0.21589793264865875,0.050996895879507065
YMR013C,YBR018C,0,4.194239,0.30136987566947937,0.21589793264865875,0.0510970838367939
YMR076C,YDR255C,0,4.1935973,0.300957590341568,0.21589793264865875,0.05119727551937103
YLL031C,YJL184W,0,4.190493,0.30054643750190735,0.21589793264865875,0.05129746347665787
YMR063W,YMR231W,0,4.190374,0.30013641715049744,0.21589793264865875,0.051397655159235
YHR033W,YBR244W,0,4.189124,0.29972752928733826,0.21589793264865875,0.051497846841812134
YDR293C,YLR185W,0,4.189031,0.29931971430778503,0.21589793264865875,0.05159803479909897
YKL138C,YLR320W,0,4.18798,0.29891303181648254,0.21589793264865875,0.0516982264816761
YGL124C,YOL017W,0,4.187871,0.2985074520111084,0.21589793264865875,0.051798418164253235
YPR101W,YHR209W,0,4.187372,0.2981029748916626,0.21589793264865875,0.05189860612154007
YBL067C,YBR217W,0,4.186671,0.29769960045814514,0.21589793264865875,0.0519987978041172
YDR317W,YIL132C,1,4.1850505,0.2986486554145813,0.21687929332256317,0.0519987978041172
YLR274W,YIL002C,0,4.18354,0.2982456088066101,0.21687929332256317,0.052098989486694336
YOR383C,YHR060W,0,4.1834517,0.29784366488456726,0.21687929332256317,0.05219917744398117
YEL037C,YKL045W,1,4.181905,0.2987886965274811,0.2178606539964676,0.05219917744398117
YKL093W,YBR081C,0,4.1813765,0.2983871102333069,0.2178606539964676,0.052299369126558304
YHR157W,YFR046C,0,4.1797314,0.29798656702041626,0.2178606539964676,0.05239956080913544
YNL230C,YOR291W,0,4.179319,0.297587126493454,0.2178606539964676,0.05249974876642227
YLR234W,YLR143W,0,4.1780896,0.29718875885009766,0.2178606539964676,0.052599940448999405
YAR009C,YLL032C,0,4.1776514,0.2967914342880249,0.2178606539964676,0.05270012840628624
YJR149W,YPR034W,0,4.177247,0.2963951826095581,0.2178606539964676,0.05280032008886337
YPR056W,YLR288C,1,4.1770687,0.29733332991600037,0.21884199976921082,0.05280032008886337
YGL043W,YPR201W,0,4.1767077,0.29693740606307983,0.21884199976921082,0.052900511771440506
YBR223C,YER147C,1,4.17659,0.2978723347187042,0.21982336044311523,0.052900511771440506
YGR067C,YJL130C,0,4.175908,0.29747676849365234,0.21982336044311523,0.05300069972872734
YFL056C,YIL019W,0,4.175195,0.29708221554756165,0.21982336044311523,0.053100891411304474
YJR050W,YDL044C,0,4.1747947,0.2966887354850769,0.21982336044311523,0.05320108309388161
YML061C,YER173W,1,4.174353,0.2976190447807312,0.22080470621585846,0.05320108309388161
YLR442C,YDL101C,1,4.174331,0.2985469102859497,0.22178606688976288,0.05320108309388161
YLR272C,YGR121C,0,4.1738515,0.2981530427932739,0.22178606688976288,0.05330127105116844
YJL058C,YMR055C,0,4.173012,0.2977602183818817,0.22178606688976288,0.053401462733745575
YBR195C,YGR254W,0,4.172919,0.2973684072494507,0.22178606688976288,0.05350165441632271
YGR258C,YDL105W,1,4.172215,0.29829171299934387,0.2227674126625061,0.05350165441632271
YLL036C,YJL140W,1,4.1702347,0.29921260476112366,0.22374877333641052,0.05350165441632271
YDL020C,YDL154W,1,4.1662583,0.30013105273246765,0.22473013401031494,0.05350165441632271
YCR093W,YMR090W,0,4.1654277,0.29973822832107544,0.22473013401031494,0.05360184237360954
YKL049C,YPR106W,0,4.163137,0.2993464171886444,0.22473013401031494,0.053702034056186676
YDL235C,YGR074W,0,4.1620097,0.29895561933517456,0.22473013401031494,0.05380222573876381
YAL032C,YPL233W,0,4.1609454,0.2985658347606659,0.22473013401031494,0.053902413696050644
YGL023C,YBR258C,0,4.1598306,0.2981770932674408,0.22473013401031494,0.05400260537862778
YCR102C,YDR324C,0,4.159163,0.2977893352508545,0.22473013401031494,0.05410279706120491
YGL166W,YDR045C,0,4.1590047,0.29740259051322937,0.22473013401031494,0.054202985018491745
YFR027W,YDR353W,0,4.158645,0.29701685905456543,0.22473013401031494,0.05430317670106888
YER102W,YPR030W,0,4.157533,0.2966321110725403,0.22473013401031494,0.05440336465835571
YER162C,YDL105W,1,4.1564536,0.2975420355796814,0.22571147978305817,0.05440336465835571
YNL111C,YKL093W,0,4.15614,0.2971576154232025,0.22571147978305817,0.054503556340932846
YLR383W,YNL262W,1,4.1559205,0.29806452989578247,0.22669284045696259,0.054503556340932846
YGL113W,YPR075C,0,4.1551833,0.29768040776252747,0.22669284045696259,0.05460374802350998
YPR001W,YDR028C,0,4.154259,0.29729729890823364,0.22669284045696259,0.054703935980796814
YAR007C,YPR175W,1,4.1539493,0.2982005178928375,0.2276741862297058,0.054703935980796814
YLR110C,YLR039C,0,4.1517015,0.2978177070617676,0.2276741862297058,0.05480412766337395
YPL189W,YIL099W,0,4.151672,0.2974359095096588,0.2276741862297058,0.05490431934595108
YER167W,YDR217C,0,4.150534,0.29705506563186646,0.2276741862297058,0.055004507303237915
YBR098W,YFL008W,1,4.150438,0.2979539632797241,0.22865554690361023,0.055004507303237915
YDR541C,YBR072W,0,4.1501055,0.297573447227478,0.22865554690361023,0.05510469898581505
YLR068W,YOL148C,0,4.14933,0.29719388484954834,0.22865554690361023,0.05520489066839218
YLL002W,YDR121W,1,4.1474776,0.2980891764163971,0.22963689267635345,0.05520489066839218
YOR033C,YLR320W,1,4.145962,0.2989822030067444,0.23061825335025787,0.05520489066839218
YDR386W,YML060W,1,4.1449304,0.2998729348182678,0.2315996140241623,0.05520489066839218
YGL184C,YDL225W,0,4.144289,0.29949238896369934,0.2315996140241623,0.055305078625679016
YGR103W,YHR090C,0,4.1439557,0.29911279678344727,0.2315996140241623,0.05540527030825615
YBL046W,YGR231C,0,4.142016,0.298734188079834,0.2315996140241623,0.05550546199083328
YGR280C,YDR350C,0,4.140046,0.2983565032482147,0.2315996140241623,0.05560564994812012
YFR004W,YDR419W,0,4.138537,0.29797980189323425,0.2315996140241623,0.05570584163069725
YIL006W,YMR234W,0,4.1378455,0.2976040244102478,0.2315996140241623,0.055806033313274384
YIL168W,YNL008C,0,4.136906,0.29722923040390015,0.2315996140241623,0.05590622127056122
YGL163C,YPL064C,0,4.136344,0.2968553602695465,0.2315996140241623,0.05600641295313835
YGR258C,YDR444W,0,4.1342006,0.2964824140071869,0.2315996140241623,0.056106600910425186
YMR143W,YER183C,0,4.1324453,0.2961104214191437,0.2315996140241623,0.05620679259300232
YJL013C,YLR174W,0,4.1293993,0.2957393527030945,0.2315996140241623,0.05630698427557945
YNL082W,YOL004W,1,4.128973,0.29662078619003296,0.23258095979690552,0.05630698427557945
YGR040W,YGL162W,0,4.128779,0.29624998569488525,0.23258095979690552,0.05640717223286629
YOR119C,YLR423C,0,4.12818,0.29588013887405396,0.23258095979690552,0.05650736391544342
YHR103W,YBL063W,0,4.127299,0.2955112159252167,0.23258095979690552,0.056607555598020554
YER171W,YGL090W,1,4.126707,0.29638853669166565,0.23356232047080994,0.056607555598020554
YOL093W,YMR236W,0,4.126369,0.29601991176605225,0.23356232047080994,0.05670774355530739
YNL290W,YOL034W,1,4.126122,0.2968944013118744,0.23454366624355316,0.05670774355530739
YMR135C,YPR131C,0,4.1254735,0.2965260446071625,0.23454366624355316,0.05680793523788452
YOR251C,YMR048W,0,4.1252127,0.2961586117744446,0.23454366624355316,0.056908126920461655
YHR002W,YKL005C,0,4.1251163,0.2957920730113983,0.23454366624355316,0.05700831487774849
YNR048W,YPL005W,0,4.1241508,0.29542645812034607,0.23454366624355316,0.05710850656032562
YOR368W,YHR164C,1,4.1234455,0.29629629850387573,0.23552502691745758,0.05710850656032562
YOR028C,YPR145W,0,4.123411,0.295930951833725,0.23552502691745758,0.057208698242902756
YJL063C,YLR355C,0,4.122933,0.29556649923324585,0.23552502691745758,0.05730888620018959
YMR078C,YER041W,1,4.1215425,0.2964329719543457,0.2365063726902008,0.05730888620018959
YKL117W,YHR146W,0,4.1213355,0.29606878757476807,0.2365063726902008,0.057409077882766724
YOR034C,YJL225C,0,4.12118,0.29570552706718445,0.2365063726902008,0.05750926584005356
YMR112C,YDL216C,0,4.121081,0.2953431308269501,0.2365063726902008,0.05760945752263069
YDR437W,YDR138W,0,4.116196,0.29498162865638733,0.2365063726902008,0.057709649205207825
YFR027W,YKR008W,1,4.1156306,0.2958435118198395,0.23748773336410522,0.057709649205207825
YLR344W,YER124C,0,4.113801,0.2954823076725006,0.23748773336410522,0.05780983716249466
YPR001W,YBL084C,0,4.1137815,0.2951219379901886,0.23748773336410522,0.05791002884507179
YDL070W,YBR119W,0,4.1118217,0.2947624921798706,0.23748773336410522,0.058010220527648926
YBR230C,YOL144W,0,4.1112895,0.29440388083457947,0.23748773336410522,0.05811040848493576
YGL166W,YML022W,0,4.1103063,0.29404616355895996,0.23748773336410522,0.058210600167512894
YPL042C,YHR024C,0,4.110302,0.2936893105506897,0.23748773336410522,0.05831079185009003
YDR171W,YDL084W,0,4.109731,0.2933333218097687,0.23748773336410522,0.05841097980737686
YDR201W,YNL048W,0,4.1094146,0.2929781973361969,0.23748773336410522,0.058511171489953995
YDR489W,YPR112C,0,4.108319,0.29262393712997437,0.23748773336410522,0.05861136317253113
YNR031C,YGL018C,0,4.104962,0.2922705411911011,0.23748773336410522,0.05871155112981796
YKR036C,YLR081W,0,4.104518,0.29191797971725464,0.23748773336410522,0.058811742812395096
YHR128W,YBR066C,0,4.1025095,0.29156625270843506,0.23748773336410522,0.05891193449497223
YPR164W,YLR007W,1,4.102268,0.29241877794265747,0.23846909403800964,0.05891193449497223
YLR383W,YLL019C,0,4.1021576,0.2920673191547394,0.23846909403800964,0.059012122452259064
YJL216C,YPL138C,0,4.101327,0.29171669483184814,0.23846909403800964,0.0591123141348362
YPL121C,YDR460W,1,4.10099,0.2925659418106079,0.23945043981075287,0.0591123141348362
YEL056W,YIL153W,1,4.100205,0.2934131622314453,0.2404318004846573,0.0591123141348362
YGL142C,YNL064C,0,4.098745,0.2930622100830078,0.2404318004846573,0.05921250209212303
YIL132C,YMR244C-A,0,4.097464,0.2927120625972748,0.2404318004846573,0.059312693774700165
YDL087C,YNL072W,0,4.0974603,0.292362779378891,0.2404318004846573,0.0594128854572773
YJR096W,YJL179W,0,4.0970926,0.29201430082321167,0.2404318004846573,0.05951307341456413
YJL178C,YBR254C,0,4.0939484,0.2916666567325592,0.2404318004846573,0.059613265097141266
YGL195W,YDR457W,0,4.093518,0.2913198471069336,0.2404318004846573,0.0597134567797184
YER139C,YPR152C,0,4.0934143,0.29097387194633484,0.2404318004846573,0.059813644737005234
YPR082C,YPR152C,0,4.0927734,0.29062870144844055,0.2404318004846573,0.05991383641958237
YDL105W,YOL034W,1,4.089897,0.29146918654441833,0.2414131462574005,0.05991383641958237
YLR309C,YGR296W,0,4.0896087,0.29112425446510315,0.2414131462574005,0.0600140281021595
YHR007C,YLR288C,0,4.0890837,0.29078012704849243,0.2414131462574005,0.060114216059446335
YOR378W,YDR500C,0,4.0851927,0.29043683409690857,0.2414131462574005,0.06021440774202347
YJR017C,YLR341W,0,4.084596,0.2900943458080292,0.2414131462574005,0.0603145994246006
YDL159W,YDR191W,0,4.08231,0.28975266218185425,0.2414131462574005,0.060414787381887436
YDL211C,YOL017W,0,4.0818396,0.2894117534160614,0.2414131462574005,0.06051497906446457
YNL167C,YDL216C,0,4.0777783,0.2890716791152954,0.2414131462574005,0.060615167021751404
YER041W,YBR087W,1,4.0758166,0.2899061143398285,0.24239450693130493,0.060615167021751404
YJL042W,YDL150W,0,4.075028,0.2895662486553192,0.24239450693130493,0.06071535870432854
YKL146W,YPR113W,0,4.074884,0.289227157831192,0.24239450693130493,0.06081555038690567
YNL132W,YJL171C,0,4.0746613,0.2888889014720917,0.24239450693130493,0.060915738344192505
YKL144C,YML076C,0,4.0740724,0.288551390171051,0.24239450693130493,0.06101593002676964
YNL224C,YCR086W,0,4.073672,0.28821471333503723,0.24239450693130493,0.06111612170934677
YER038C,YHL025W,1,4.0719643,0.2890442907810211,0.24337585270404816,0.06111612170934677
YCL001W,YIL148W,0,4.071399,0.28870779275894165,0.24337585270404816,0.061216309666633606
YNL172W,YBR215W,0,4.0708737,0.28837209939956665,0.24337585270404816,0.06131650134921074
YOL093W,YKR022C,0,4.070427,0.28803718090057373,0.24337585270404816,0.06141669303178787
YBR131W,YPL167C,0,4.070213,0.2877030074596405,0.24337585270404816,0.06151688098907471
YMR083W,YPR149W,0,4.0697455,0.28736963868141174,0.24337585270404816,0.06161707267165184
YEL034W,YBR265W,0,4.0696254,0.28703704476356506,0.24337585270404816,0.06171726435422897
YHR108W,YKL026C,0,4.069023,0.2867051959037781,0.24337585270404816,0.06181745231151581
YPR060C,YJL099W,0,4.067714,0.28637412190437317,0.24337585270404816,0.06191764399409294
YJL010C,YNL093W,0,4.0661983,0.28604382276535034,0.24337585270404816,0.062017835676670074
YBR272C,YML023C,1,4.062696,0.28686636686325073,0.24435721337795258,0.062017835676670074
YDR440W,YIL139C,1,4.06257,0.2876870036125183,0.245338574051857,0.062017835676670074
YGL198W,YBL028C,0,4.0612154,0.28735631704330444,0.245338574051857,0.06211802363395691
YLR135W,YBR089C-A,1,4.0610037,0.28817451000213623,0.24631991982460022,0.06211802363395691
YDR381W,YJR028W,0,4.059251,0.2878440320491791,0.24631991982460022,0.06221821531653404
YNR012W,YOL090W,0,4.0563397,0.287514328956604,0.24631991982460022,0.06231840327382088
YOR295W,YAL063C,0,4.0562787,0.28718534111976624,0.24631991982460022,0.06241859495639801
YDR377W,YOR168W,0,4.0555387,0.28685712814331055,0.24631991982460022,0.06251878291368484
YBL046W,YLR367W,0,4.05552,0.28652969002723694,0.24631991982460022,0.06261897832155228
YGL045W,YLR229C,0,4.052978,0.28620296716690063,0.24631991982460022,0.06271916627883911
YPL140C,YOR317W,0,4.0528626,0.285876989364624,0.24631991982460022,0.06281935423612595
YGR060W,YKL001C,0,4.0511127,0.2855517566204071,0.24631991982460022,0.06291954964399338
YDR351W,YOL090W,0,4.04979,0.2852272689342499,0.24631991982460022,0.06301973760128021
YHR090C,YBR276C,0,4.049363,0.28490352630615234,0.24631991982460022,0.06311992555856705
YPL225W,YML098W,0,4.0493565,0.2845804989337921,0.24631991982460022,0.06322012096643448
YNL250W,YOR258W,1,4.0487604,0.285390704870224,0.24730128049850464,0.06322012096643448
YMR048W,YML107C,0,4.0478225,0.2850678861141205,0.24730128049850464,0.06332030892372131
YEL030W,YLR151C,0,4.0474434,0.2847457528114319,0.24730128049850464,0.06342049688100815
YJL111W,YLR417W,0,4.0471845,0.284424364566803,0.24730128049850464,0.06352069228887558
YPL236C,YDL201W,0,4.047123,0.28410372138023376,0.24730128049850464,0.06362088024616241
YOL146W,YKL124W,0,4.045345,0.28378379344940186,0.24730128049850464,0.06372106820344925
YDR323C,YLR442C,0,4.0450683,0.28346458077430725,0.24730128049850464,0.06382126361131668
YOR358W,YMR263W,0,4.0450654,0.28314605355262756,0.24730128049850464,0.06392145156860352
YGR252W,YAL005C,0,4.044875,0.28282827138900757,0.24730128049850464,0.06402163952589035
YBR010W,YPR106W,0,4.0428295,0.2825112044811249,0.24730128049850464,0.06412183493375778
YLR309C,YHR003C,0,4.04145,0.2821948528289795,0.24730128049850464,0.06422202289104462
YKR096W,YDR225W,0,4.0399413,0.281879186630249,0.24730128049850464,0.06432221084833145
YFR018C,YPR171W,0,4.0396442,0.28156423568725586,0.24730128049850464,0.06442240625619888
YAL061W,YGL077C,0,4.0388227,0.28125,0.24730128049850464,0.06452259421348572
YKL189W,YLR313C,0,4.0362134,0.28093644976615906,0.24730128049850464,0.06462278217077255
YOL090W,YNL038W,0,4.035638,0.2806236147880554,0.24730128049850464,0.06472297012805939
YBR098W,YNL312W,1,4.0350227,0.28142380714416504,0.24828262627124786,0.06472297012805939
YPL209C,YCR028C-A,0,4.034525,0.28111112117767334,0.24828262627124786,0.06482316553592682
YMR093W,YOL084W,0,4.032326,0.28079912066459656,0.24828262627124786,0.06492335349321365
YGL028C,YBR004C,0,4.031162,0.2804878056049347,0.24828262627124786,0.06502354145050049
YMR068W,YDR043C,0,4.031095,0.28017717599868774,0.24828262627124786,0.06512373685836792
YNL133C,YDL191W,0,4.0307703,0.2798672616481781,0.24828262627124786,0.06522392481565475
YCR065W,YCL044C,0,4.0307145,0.279558002948761,0.24828262627124786,0.06532411277294159
YGR165W,YOR339C,0,4.0298986,0.2792494595050812,0.24828262627124786,0.06542430818080902
YBR088C,YPL164C,1,4.0283594,0.2800441086292267,0.24926398694515228,0.06542430818080902
YJL196C,YDR113C,0,4.0282097,0.2797356843948364,0.24926398694515228,0.06552449613809586
YMR021C,YFL049W,0,4.0279818,0.2794279456138611,0.24926398694515228,0.06562468409538269
YNL126W,YPL046C,0,4.0274525,0.27912089228630066,0.24926398694515228,0.06572487950325012
YNL246W,YKL045W,1,4.025333,0.27991217374801636,0.2502453327178955,0.06572487950325012
YLR383W,YER095W,1,4.023693,0.28070175647735596,0.2512266933917999,0.06572487950325012
YJL200C,YKR101W,0,4.0222425,0.2803943157196045,0.2512266933917999,0.06582506746053696
YPL066W,YOR100C,0,4.0215125,0.28008753061294556,0.2512266933917999,0.06592525541782379
YNL102W,YDR263C,1,4.0209875,0.2808743119239807,0.25220805406570435,0.06592525541782379
YIL129C,YDR179C,0,4.020246,0.2805676758289337,0.25220805406570435,0.06602545082569122
YJR042W,YOR177C,0,4.020048,0.28026172518730164,0.25220805406570435,0.06612563878297806
YOR030W,YNL177C,0,4.0179076,0.2799564301967621,0.25220805406570435,0.06622582674026489
YHR119W,YDL076C,0,4.0175323,0.27965179085731506,0.25220805406570435,0.06632602214813232
YDR373W,YPR151C,0,4.0132113,0.27934783697128296,0.25220805406570435,0.06642621010541916
YDR076W,YPL167C,1,4.0131006,0.2801302969455719,0.25318941473960876,0.06642621010541916
YJR043C,YDL154W,1,4.0086865,0.28091105818748474,0.2541707456111908,0.06642621010541916
YLR427W,YBR114W,1,4.008513,0.28169015049934387,0.2551521062850952,0.06642621010541916
YOR279C,YOR340C,0,4.008497,0.28138527274131775,0.2551521062850952,0.066526398062706
YBR155W,YBR223C,0,4.007792,0.28108108043670654,0.2551521062850952,0.06662659347057343
YMR041C,YOR293W,0,4.00613,0.28077754378318787,0.2551521062850952,0.06672678142786026
YBL003C,YKL017C,1,4.0059905,0.28155338764190674,0.25613346695899963,0.06672678142786026
YPR135W,YDR294C,0,4.005065,0.28125,0.25613346695899963,0.0668269693851471
YOR049C,YDL061C,0,4.003638,0.2809472680091858,0.25613346695899963,0.06692716479301453
YGR238C,YMR179W,0,4.0022745,0.2806451618671417,0.25613346695899963,0.06702735275030136
YDR045C,YLR350W,0,4.001753,0.2803437113761902,0.25613346695899963,0.0671275407075882
YER050C,YOR011W,0,4.001164,0.2800429165363312,0.25613346695899963,0.06722773611545563
YER145C,YGL053W,0,4.000822,0.2797427773475647,0.25613346695899963,0.06732792407274246
YBR204C,YDL074C,0,4.0000935,0.27944326400756836,0.25613346695899963,0.0674281120300293
YHR037W,YGR208W,0,3.9991233,0.27914437651634216,0.25613346695899963,0.06752830743789673
YMR134W,YLR209C,0,3.9988499,0.2788461446762085,0.25613346695899963,0.06762849539518356
YBR203W,YMR270C,0,3.9947934,0.27854856848716736,0.25613346695899963,0.0677286833524704
YDR444W,YMR053C,0,3.9944608,0.278251588344574,0.25613346695899963,0.06782887130975723
YIL148W,YBR228W,1,3.994173,0.279020220041275,0.25711482763290405,0.06782887130975723
YPL138C,YJL087C,0,3.9931362,0.27872341871261597,0.25711482763290405,0.06792906671762466
YMR270C,YDR246W,0,3.9919372,0.27842721343040466,0.25711482763290405,0.0680292546749115
YMR076C,YPL124W,0,3.9896479,0.2781316339969635,0.25711482763290405,0.06812944263219833
YNL123W,YBR223C,0,3.9890559,0.2778366804122925,0.25711482763290405,0.06822963804006577
YIL043C,YIR005W,0,3.988125,0.277542382478714,0.25711482763290405,0.0683298259973526
YCR083W,YHR135C,0,3.9874954,0.27724868059158325,0.25711482763290405,0.06843001395463943
YGR049W,YLR039C,0,3.9874458,0.27695560455322266,0.25711482763290405,0.06853020936250687
YLR197W,YBR193C,0,3.9873867,0.2766631543636322,0.25711482763290405,0.0686303973197937
YLR157C,YKL027W,0,3.9851718,0.2763713002204895,0.25711482763290405,0.06873058527708054
YCR091W,YHL033C,0,3.9812634,0.27608007192611694,0.25711482763290405,0.06883078068494797
YBR228W,YLR409C,0,3.9806125,0.2757894694805145,0.25711482763290405,0.0689309686422348
YHR114W,YDR016C,0,3.97906,0.27549946308135986,0.25711482763290405,0.06903115659952164
YPL121C,YHR056C,1,3.9781582,0.27626049518585205,0.2580961585044861,0.06903115659952164
YFR038W,YDR306C,0,3.9775147,0.27597060799598694,0.2580961585044861,0.06913135200738907
YJR144W,YDR314C,1,3.9765875,0.276729553937912,0.2590775191783905,0.06913135200738907
YPR145W,YER060W,0,3.9764526,0.2764397859573364,0.2590775191783905,0.0692315399646759
YKR034W,YDR119W,0,3.9763293,0.2761506140232086,0.2590775191783905,0.06933172792196274
YDR090C,YOL034W,0,3.9749625,0.27586206793785095,0.2590775191783905,0.06943192332983017
YFL013C,YBL091C,0,3.9749448,0.27557411789894104,0.2590775191783905,0.069532111287117
YKR054C,YHR135C,0,3.9730968,0.2752867639064789,0.2590775191783905,0.06963229924440384
YPL018W,YOL124C,0,3.972348,0.2750000059604645,0.2590775191783905,0.06973249465227127
YBR098W,YPL022W,1,3.9720995,0.2757544219493866,0.2600588798522949,0.06973249465227127
YDR437W,YMR146C,0,3.9719841,0.27546778321266174,0.2600588798522949,0.0698326826095581
YDR059C,YCL064C,0,3.971216,0.27518171072006226,0.2600588798522949,0.06993287056684494
YBR095C,YDR484W,0,3.9705908,0.2748962640762329,0.2600588798522949,0.07003306597471237
YJL081C,YFR027W,1,3.9704788,0.27564767003059387,0.26104024052619934,0.07003306597471237
YGR078C,YDR513W,0,3.969786,0.2753623127937317,0.26104024052619934,0.0701332539319992
YDR196C,YLR389C,0,3.969536,0.27507755160331726,0.26104024052619934,0.07023344188928604
YLL027W,YGR004W,0,3.9680798,0.2747933864593506,0.26104024052619934,0.07033363729715347
YBL079W,YGR048W,0,3.9672565,0.27450981736183167,0.26104024052619934,0.07043382525444031
YOR290C,YJR057W,1,3.967202,0.27525773644447327,0.26202160120010376,0.07043382525444031
YEL056W,YDR227W,1,3.9670615,0.2760041058063507,0.2630029320716858,0.07043382525444031
YBL058W,YAL033W,0,3.9667013,0.27572017908096313,0.2630029320716858,0.07053401321172714
YCR068W,YLR017W,0,3.9644077,0.27543678879737854,0.2630029320716858,0.07063420861959457
YPR007C,YGR217W,0,3.963343,0.2751539945602417,0.2630029320716858,0.07073439657688141
YDR081C,YHR156C,0,3.9627228,0.2748717963695526,0.2630029320716858,0.07083458453416824
YOR386W,YFR037C,1,3.9624946,0.27561476826667786,0.2639842927455902,0.07083458453416824
YCL045C,YJL137C,0,3.9622004,0.27533265948295593,0.2639842927455902,0.07093477249145508
YOL072W,YBR089C-A,1,3.960526,0.2760736048221588,0.26496565341949463,0.07093477249145508
YGR280C,YMR250W,0,3.959839,0.27579161524772644,0.26496565341949463,0.07103496789932251
YDL074C,YDR545W,0,3.9592881,0.27551019191741943,0.26496565341949463,0.07113515585660934
YNL056W,YBR217W,0,3.9591773,0.2752293646335602,0.26496565341949463,0.07123534381389618
YDR090C,YLR103C,0,3.9570122,0.2749490737915039,0.26496565341949463,0.07133553922176361
YGL125W,YHL026C,0,3.9551337,0.2746693789958954,0.26496565341949463,0.07143572717905045
YJL173C,YIL154C,1,3.9551003,0.27540650963783264,0.26594701409339905,0.07143572717905045
YDR243C,YPR026W,0,3.954367,0.2751269042491913,0.26594701409339905,0.07153591513633728
YMR319C,YAR042W,0,3.9539602,0.2748478651046753,0.26594701409339905,0.07163611054420471
YJR035W,YKL025C,1,3.9535897,0.27558258175849915,0.26692837476730347,0.07163611054420471
YGL150C,YKL017C,1,3.9516084,0.2763157784938812,0.2679097056388855,0.07163611054420471
YAR007C,YOR258W,1,3.9513843,0.2770475149154663,0.2688910663127899,0.07163611054420471
YHR073W,YKL040C,0,3.9498744,0.27676767110824585,0.2688910663127899,0.07173629850149155
YDR080W,YNL092W,0,3.948241,0.27648839354515076,0.2688910663127899,0.07183648645877838
YNL068C,YNL097C,0,3.948118,0.27620968222618103,0.2688910663127899,0.07193668186664581
YLR410W,YKL074C,0,3.947833,0.2759315073490143,0.2688910663127899,0.07203686982393265
YIL107C,YNL035C,0,3.947589,0.2756539285182953,0.2688910663127899,0.07213705778121948
YDL225W,YLR324W,0,3.9458125,0.2753768861293793,0.2688910663127899,0.07223725318908691
YIL064W,YOR065W,0,3.9455373,0.2751004099845886,0.2688910663127899,0.07233744114637375
YFR016C,YMR159C,0,3.9452038,0.27482447028160095,0.2688910663127899,0.07243762910366058
YPR068C,YNL161W,0,3.9450443,0.27454909682273865,0.2688910663127899,0.07253782451152802
YLR368W,YOR194C,0,3.9443781,0.2742742598056793,0.2688910663127899,0.07263801246881485
YDR385W,YOL084W,0,3.941713,0.27399998903274536,0.2688910663127899,0.07273820042610168
YOL144W,YOR245C,0,3.9413435,0.27372628450393677,0.2688910663127899,0.07283839583396912
YDL193W,YML023C,0,3.9410076,0.27345308661460876,0.2688910663127899,0.07293858379125595
YKL069W,YER151C,0,3.9401908,0.27318045496940613,0.2688910663127899,0.07303877174854279
YIL047C,YNL071W,0,3.9391768,0.27290835976600647,0.2688910663127899,0.07313896715641022
YGL175C,YFR027W,1,3.9387488,0.27363184094429016,0.26987242698669434,0.07313896715641022
YLR073C,YNL076W,0,3.9387147,0.27335983514785767,0.26987242698669434,0.07323915511369705
YKL054C,YNL038W,0,3.9382193,0.27308839559555054,0.26987242698669434,0.07333934307098389
YDR097C,YJL085W,0,3.9379418,0.272817462682724,0.26987242698669434,0.07343953847885132
YBR119W,YDR314C,0,3.9331672,0.27254706621170044,0.26987242698669434,0.07353972643613815
YNL126W,YBR179C,0,3.9330766,0.27227723598480225,0.26987242698669434,0.07363991439342499
YKR089C,YLL008W,0,3.9330513,0.27200791239738464,0.26987242698669434,0.07374010980129242
YDR499W,YCR066W,1,3.9315841,0.27272728085517883,0.27085378766059875,0.07374010980129242
YEL060C,YLR353W,0,3.931429,0.2724580466747284,0.27085378766059875,0.07384029775857925
YGL207W,YDR225W,1,3.9314108,0.27317553758621216,0.2718351185321808,0.07384029775857925
YDR030C,YPL121C,1,3.9307687,0.2738916277885437,0.2728164792060852,0.07384029775857925
YBR160W,YMR137C,1,3.9296725,0.27460628747940063,0.2737978398799896,0.07384029775857925
YMR112C,YJL124C,0,3.9286103,0.2743362784385681,0.2737978398799896,0.07394048571586609
YEL037C,YGL150C,1,3.9285085,0.2750491201877594,0.27477920055389404,0.07394048571586609
YGR013W,YKL086W,0,3.9280617,0.27477920055389404,0.27477920055389404,0.07404067367315292
YPL188W,YPR171W,0,3.9264355,0.27450981736183167,0.27477920055389404,0.07414086908102036
YGR216C,YPR148C,0,3.9260688,0.2742409408092499,0.27477920055389404,0.07424105703830719
YBR095C,YOL057W,0,3.925883,0.27397260069847107,0.27477920055389404,0.07434124499559402
YMR153W,YNL225C,0,3.9256577,0.27370479702949524,0.27477920055389404,0.07444144040346146
YJL144W,YDR484W,0,3.925038,0.2734375,0.27477920055389404,0.07454162836074829
YGL018C,YMR033W,0,3.924939,0.27317073941230774,0.27477920055389404,0.07464181631803513
YHR041C,YNL305C,0,3.9241374,0.27290448546409607,0.27477920055389404,0.07474201172590256
YMR136W,YDR365C,0,3.9235651,0.2726387679576874,0.27477920055389404,0.07484219968318939
YGL105W,YFR016C,0,3.9228988,0.2723735272884369,0.27477920055389404,0.07494238764047623
YML069W,YDR217C,1,3.9227316,0.27308064699172974,0.27576056122779846,0.07494238764047623
YIL064W,YKL150W,0,3.9227123,0.2728155255317688,0.27576056122779846,0.07504258304834366
YJR082C,YFR027W,1,3.9226296,0.2735208570957184,0.2767418920993805,0.07504258304834366
YJR063W,YDR255C,0,3.9225044,0.2732558250427246,0.2767418920993805,0.0751427710056305
YKL210W,YOR258W,0,3.9215791,0.2729912996292114,0.2767418920993805,0.07524295896291733
YHR157W,YJR014W,0,3.9209754,0.27272728085517883,0.2767418920993805,0.07534315437078476
YDR427W,YOR378W,0,3.9198349,0.27246376872062683,0.2767418920993805,0.0754433423280716
YHR079C-A,YDR317W,1,3.9196618,0.2731660306453705,0.2777232527732849,0.0754433423280716
YMR050C,YBR098W,0,3.9185784,0.27290260791778564,0.2777232527732849,0.07554353028535843
YBR085W,YDR538W,0,3.9175467,0.2726396918296814,0.2777232527732849,0.07564372569322586
YGL245W,YPR164W,0,3.916912,0.27237728238105774,0.2777232527732849,0.0757439136505127
YOR258W,YDL101C,1,3.9165442,0.2730769217014313,0.27870461344718933,0.0757439136505127
YGR120C,YLR325C,0,3.9157608,0.2728146016597748,0.27870461344718933,0.07584410160779953
YMR078C,YOL004W,1,3.9147775,0.27351248264312744,0.27968597412109375,0.07584410160779953
YGR103W,YNL286W,0,3.9133956,0.2732502520084381,0.27968597412109375,0.07594429701566696
YFL017W-A,YGL112C,0,3.9126172,0.272988498210907,0.27968597412109375,0.0760444849729538
YDR097C,YCR026C,0,3.9120743,0.27272728085517883,0.27968597412109375,0.07614467293024063
YGL150C,YAR007C,1,3.91205,0.27342256903648376,0.28066733479499817,0.07614467293024063
YER075C,YLR163C,0,3.9119706,0.2731614112854004,0.28066733479499817,0.07624486833810806
YBR049C,YBL025W,0,3.9119427,0.2729007601737976,0.28066733479499817,0.0763450562953949
YKR094C,YJL081C,1,3.9118977,0.2735939025878906,0.2816486656665802,0.0763450562953949
YCR067C,YNL023C,0,3.9092987,0.273333340883255,0.2816486656665802,0.07644524425268173
YMR076C,YGR238C,0,3.9086897,0.2730732560157776,0.2816486656665802,0.07654543966054916
YKL013C,YLL061W,0,3.9061987,0.27281367778778076,0.2816486656665802,0.076645627617836
YPR171W,YJL212C,0,3.9031463,0.2725546061992645,0.2816486656665802,0.07674581557512283
YDR323C,YGL115W,0,3.9018762,0.2722960114479065,0.2816486656665802,0.07684601098299026
YBR119W,YOL094C,0,3.9005349,0.27203792333602905,0.2816486656665802,0.0769461989402771
YJL200C,YPL006W,0,3.9003038,0.2717803120613098,0.2816486656665802,0.07704638689756393
YPR095C,YOR236W,0,3.89979,0.2715231776237488,0.2816486656665802,0.07714657485485077
YCR014C,YLR223C,0,3.8990028,0.27126654982566833,0.2816486656665802,0.0772467702627182
YOR048C,YIL106W,0,3.8987548,0.2710103988647461,0.2816486656665802,0.07734695822000504
YOR290C,YJR082C,1,3.8983383,0.27169811725616455,0.2826300263404846,0.07734695822000504
YDR058C,YDR002W,0,3.8982127,0.2714420258998871,0.2826300263404846,0.07744714617729187
YMR213W,YEL041W,0,3.8978326,0.2711864411830902,0.2826300263404846,0.0775473415851593
YDL029W,YJL145W,0,3.8971264,0.27093133330345154,0.2826300263404846,0.07764752954244614
YMR201C,YJL092W,1,3.8968751,0.27161654829978943,0.28361138701438904,0.07764752954244614
YOR368W,YMR250W,0,3.8963935,0.27136150002479553,0.28361138701438904,0.07774771749973297
YAR035W,YPR080W,0,3.8958943,0.27110692858695984,0.28361138701438904,0.0778479129076004
YDL070W,YPL002C,0,3.8910453,0.27085286378860474,0.28361138701438904,0.07794810086488724
YLR344W,YCL010C,0,3.8896925,0.27059924602508545,0.28361138701438904,0.07804828882217407
YDR108W,YBL112C,0,3.8889277,0.27034610509872437,0.28361138701438904,0.0781484842300415
YPR068C,YFR027W,0,3.8884068,0.27009347081184387,0.28361138701438904,0.07824867218732834
YMR076C,YDR285W,0,3.8883867,0.2698412835597992,0.28361138701438904,0.07834886014461517
YLR164W,YJL118W,0,3.8872287,0.26958954334259033,0.28361138701438904,0.0784490555524826
YBR089C-A,YLR352W,0,3.8864794,0.26933830976486206,0.28361138701438904,0.07854924350976944
YCR014C,YCR087C-A,0,3.885946,0.2690875232219696,0.28361138701438904,0.07864943146705627
YNL233W,YNL052W,0,3.8857634,0.26883721351623535,0.28361138701438904,0.0787496268749237
YBL056W,YGR276C,0,3.8854094,0.2685873508453369,0.28361138701438904,0.07884981483221054
YBR089C-A,YDR043C,0,3.88471,0.2683379650115967,0.28361138701438904,0.07895000278949738
YCL034W,YNL029C,0,3.8838842,0.26808905601501465,0.28361138701438904,0.07905019819736481
YGR033C,YDR515W,0,3.8834465,0.26784059405326843,0.28361138701438904,0.07915038615465164
YPR075C,YCL016C,0,3.8834126,0.26759257912635803,0.28361138701438904,0.07925057411193848
YMR242C,YCR107W,0,3.881147,0.26734504103660583,0.28361138701438904,0.07935076951980591
YJL004C,YKR077W,0,3.879133,0.26709797978401184,0.28361138701438904,0.07945095747709274
YIL132C,YNL080C,0,3.8786757,0.2668513357639313,0.28361138701438904,0.07955114543437958
YDR218C,YDR405W,0,3.878533,0.2666051685810089,0.28361138701438904,0.07965134084224701
YGR278W,YMR087W,0,3.8770227,0.26635944843292236,0.28361138701438904,0.07975152879953384
YOR216C,YLR424W,0,3.8766747,0.26611417531967163,0.28361138701438904,0.07985171675682068
YDR369C,YBL068W,0,3.8743598,0.2658693790435791,0.28361138701438904,0.07995191216468811
YMR190C,YIL128W,1,3.8741233,0.2665441036224365,0.28459274768829346,0.07995191216468811
YBR202W,YOR099W,0,3.8733897,0.26629936695098877,0.28459274768829346,0.08005210012197495
YGL207W,YDR092W,1,3.873379,0.26697248220443726,0.2855740785598755,0.08005210012197495
YDL220C,YAR031W,0,3.8723395,0.2667277753353119,0.2855740785598755,0.08015228807926178
YBR172C,YIL133C,0,3.87187,0.26648351550102234,0.2855740785598755,0.08025247603654861
YLR003C,YDR439W,0,3.8709643,0.2662397027015686,0.2855740785598755,0.08035267144441605
YCR031C,YMR104C,0,3.870871,0.2659963369369507,0.2855740785598755,0.08045285940170288
YLR193C,YPR144C,0,3.870368,0.2657534182071686,0.2855740785598755,0.08055304735898972
YHR154W,YER173W,1,3.8692276,0.2664233446121216,0.2865554392337799,0.08055304735898972
YLR330W,YML133C,0,3.8680227,0.26618048548698425,0.2865554392337799,0.08065324276685715
YPR056W,YDR386W,1,3.8677785,0.2668488025665283,0.2875367999076843,0.08065324276685715
YFR038W,YOL095C,0,3.8660135,0.26660600304603577,0.2875367999076843,0.08075343072414398
YLR423C,YJL207C,0,3.8645608,0.26636365056037903,0.2875367999076843,0.08085361868143082
YJL059W,YGR089W,0,3.8635213,0.2661217153072357,0.2875367999076843,0.08095381408929825
YBR188C,YMR231W,0,3.8633437,0.2658802270889282,0.2875367999076843,0.08105400204658508
YML058W,YCL014W,0,3.863343,0.26563915610313416,0.2875367999076843,0.08115419000387192
YBR135W,YDR067C,0,3.862044,0.2653985619544983,0.2875367999076843,0.08125438541173935
YHL006C,YDR224C,1,3.861943,0.2660633623600006,0.28851816058158875,0.08125438541173935
YGR003W,YKL171W,0,3.8617096,0.26582279801368713,0.28851816058158875,0.08135457336902618
YDR350C,YPL008W,0,3.8615663,0.2655826508998871,0.28851816058158875,0.08145476132631302
YLR057W,YMR115W,0,3.8614368,0.26534295082092285,0.28851816058158875,0.08155495673418045
YFL023W,YCR093W,0,3.8611875,0.26510369777679443,0.28851816058158875,0.08165514469146729
YDR165W,YKL157W,0,3.8606918,0.26486486196517944,0.28851816058158875,0.08175533264875412
YHR194W,YDR043C,0,3.8578405,0.26462647318840027,0.28851816058158875,0.08185552805662155
YEL032W,YDL132W,0,3.8563395,0.2643885016441345,0.28851816058158875,0.08195571601390839
YDR217C,YDL070W,1,3.855812,0.26504942774772644,0.28949952125549316,0.08195571601390839
YHR139C,YOR083W,0,3.8555348,0.2648114860057831,0.28949952125549316,0.08205590397119522
YLR320W,YER003C,0,3.8553584,0.26457399129867554,0.28949952125549316,0.08215609937906265
YDR323C,YGL064C,0,3.8525665,0.2643369138240814,0.28949952125549316,0.08225628733634949
YBL019W,YGL058W,1,3.8524337,0.2649955153465271,0.2904808521270752,0.08225628733634949
YER139C,YOL012C,0,3.8520656,0.26475849747657776,0.2904808521270752,0.08235647529363632
YKR028W,YFL049W,0,3.8519785,0.26452189683914185,0.2904808521270752,0.08245667070150375
YOR368W,YBL019W,1,3.8519378,0.2651785612106323,0.2914622128009796,0.08245667070150375
YDR438W,YIL052C,0,3.8517706,0.2649420201778412,0.2914622128009796,0.08255685865879059
YEL029C,YDL102W,0,3.85062,0.2647058963775635,0.2914622128009796,0.08265704661607742
YDR440W,YOL094C,1,3.8501809,0.26536065340042114,0.29244357347488403,0.08265704661607742
YNR019W,YIL047C,0,3.8487344,0.2651245594024658,0.29244357347488403,0.08275724202394485
YLL057C,YDR045C,0,3.8474593,0.2648888826370239,0.29244357347488403,0.08285742998123169
YNL126W,YLR421C,0,3.8468335,0.26465365290641785,0.29244357347488403,0.08295761793851852
YLR320W,YNL107W,1,3.8448226,0.26530611515045166,0.29342493414878845,0.08295761793851852
YPL058C,YMR009W,0,3.8446105,0.26507091522216797,0.29342493414878845,0.08305781334638596
YML011C,YML069W,1,3.8444831,0.2657218873500824,0.29440629482269287,0.08305781334638596
YLR340W,YLR258W,0,3.843568,0.2654867172241211,0.29440629482269287,0.08315800130367279
YOL044W,YOR109W,0,3.8432243,0.2652519941329956,0.29440629482269287,0.08325818926095963
YDL070W,YBR010W,1,3.8427994,0.2659010589122772,0.2953876256942749,0.08325818926095963
YMR199W,YIL120W,0,3.8422284,0.2656663656234741,0.2953876256942749,0.08335837721824646
YOR341W,YEL019C,0,3.8419569,0.26543208956718445,0.2953876256942749,0.08345857262611389
YMR112C,YDR108W,0,3.841716,0.2651982307434082,0.2953876256942749,0.08355876058340073
YDL105W,YPL122C,1,3.8416395,0.26584506034851074,0.2963689863681793,0.08355876058340073
YGR081C,YKL094W,0,3.8411345,0.2656112611293793,0.2963689863681793,0.08365894854068756
YDR092W,YLR305C,0,3.841103,0.26537784934043884,0.2963689863681793,0.08375914394855499
YDR182W,YPL167C,1,3.8404934,0.26602283120155334,0.29735034704208374,0.08375914394855499
YLL019C,YPR143W,0,3.8397877,0.2657894790172577,0.29735034704208374,0.08385933190584183
YPR160W,YLL043W,0,3.839074,0.26555654406547546,0.29735034704208374,0.08395951986312866
YLR329W,YOR077W,0,3.83819,0.2653239965438843,0.29735034704208374,0.0840597152709961
YPL227C,YER041W,0,3.8364186,0.2650918662548065,0.29735034704208374,0.08415990322828293
YFR027W,YOL116W,0,3.8350368,0.2648601531982422,0.29735034704208374,0.08426009118556976
YGR080W,YDR308C,0,3.8346887,0.2646288275718689,0.29735034704208374,0.0843602865934372
YFR028C,YBL058W,0,3.8345203,0.26439791917800903,0.29735034704208374,0.08446047455072403
YOR148C,YER016W,0,3.834107,0.2641673982143402,0.29735034704208374,0.08456066250801086
YOR106W,YFR045W,0,3.8341,0.2639372944831848,0.29735034704208374,0.0846608579158783
YPL112C,YGL241W,0,3.8337967,0.26370757818222046,0.29735034704208374,0.08476104587316513
YGR180C,YLR088W,0,3.8331935,0.26347824931144714,0.29735034704208374,0.08486123383045197
YMR046C,YLR314C,0,3.8320582,0.26324933767318726,0.29735034704208374,0.0849614292383194
YBR126C,YLR262C,0,3.8316543,0.2630208432674408,0.29735034704208374,0.08506161719560623
YLR118C,YDR500C,0,3.8314245,0.262792706489563,0.29735034704208374,0.08516180515289307
YBR167C,YOL141W,0,3.830842,0.2625649869441986,0.29735034704208374,0.0852620005607605
YJR082C,YPL194W,1,3.829907,0.2632034718990326,0.29833170771598816,0.0852620005607605
YOR346W,YGL094C,1,3.8291216,0.26384082436561584,0.2993130385875702,0.0852620005607605
YBL058W,YFR019W,0,3.8287795,0.2636127769947052,0.2993130385875702,0.08536218851804733
YLR431C,YGL175C,0,3.8287742,0.263385146856308,0.2993130385875702,0.08546237647533417
YKR101W,YLL024C,0,3.8284533,0.2631579041481018,0.2993130385875702,0.0855625718832016
YGR288W,YNR012W,0,3.8261774,0.26293104887008667,0.2993130385875702,0.08566275984048843
YNL097C,YBR015C,0,3.8261087,0.2627045512199402,0.2993130385875702,0.08576294779777527
YDL133C-A,YBR057C,0,3.826093,0.26247847080230713,0.2993130385875702,0.0858631432056427
YGR020C,YJR021C,0,3.8257363,0.2622528076171875,0.2993130385875702,0.08596333116292953
YOR147W,YDR165W,0,3.823404,0.2620275020599365,0.2993130385875702,0.08606351912021637
YPL124W,YAL030W,0,3.8232028,0.2618025839328766,0.2993130385875702,0.0861637145280838
YGL055W,YBR045C,0,3.823143,0.2615780532360077,0.2993130385875702,0.08626390248537064
YHR211W,YMR284W,0,3.8227456,0.26135390996932983,0.2993130385875702,0.08636409044265747
YIR010W,YLR118C,0,3.8223755,0.26113012433052063,0.2993130385875702,0.0864642858505249
YJR006W,YDL070W,1,3.8222425,0.26176220178604126,0.3002943992614746,0.0864642858505249
YDL104C,YLR410W,0,3.821596,0.26153847575187683,0.3002943992614746,0.08656447380781174
YPR174C,YOR019W,0,3.8215225,0.26131510734558105,0.3002943992614746,0.08666466176509857
YJL127C,YCR086W,0,3.8214495,0.2610921561717987,0.3002943992614746,0.0867648497223854
YML059C,YBR136W,0,3.8210506,0.260869562625885,0.3002943992614746,0.08686504513025284
YDL070W,YHL012W,0,3.8195894,0.26064735651016235,0.3002943992614746,0.08696523308753967
YJR088C,YBR043C,0,3.8185782,0.26042553782463074,0.3002943992614746,0.08706542104482651
YDL165W,YOR215C,0,3.817063,0.2602040767669678,0.3002943992614746,0.08716561645269394
YFR013W,YMR323W,0,3.8152125,0.25998300313949585,0.3002943992614746,0.08726580440998077
YLR150W,YCL020W,0,3.8147676,0.25976231694221497,0.3002943992614746,0.08736599236726761
YPR145W,YBR215W,0,3.814672,0.25954198837280273,0.3002943992614746,0.08746618777513504
YLR189C,YNL032W,0,3.8141606,0.25932204723358154,0.3002943992614746,0.08756637573242188
YDL154W,YHR030C,0,3.8137798,0.259102463722229,0.3002943992614746,0.08766656368970871
YGR002C,YMR048W,1,3.8118448,0.259729266166687,0.30127575993537903,0.08766656368970871
YPR061C,YOR207C,0,3.8115654,0.25950971245765686,0.30127575993537903,0.08776675909757614
YDL126C,YPL069C,0,3.8089097,0.25929054617881775,0.30127575993537903,0.08786694705486298
YDR004W,YCR066W,1,3.8086317,0.25991562008857727,0.30225712060928345,0.08786694705486298
YNL116W,YOL088C,0,3.80731,0.25969645380973816,0.30225712060928345,0.08796713501214981
YOL062C,YNL148C,0,3.8071058,0.2594776749610901,0.30225712060928345,0.08806733042001724
YML097C,YJL026W,0,3.8069968,0.25925925374031067,0.30225712060928345,0.08816751837730408
YJL225C,YOR258W,0,3.806661,0.2590412199497223,0.30225712060928345,0.08826770633459091
YOR243C,YLR376C,0,3.8062952,0.25882354378700256,0.30225712060928345,0.08836790174245834
YOL029C,YHR012W,0,3.804949,0.2586062252521515,0.30225712060928345,0.08846808969974518
YLR284C,YBR086C,0,3.803259,0.25838926434516907,0.30225712060928345,0.08856827765703201
YER169W,YDR314C,1,3.8031664,0.259010910987854,0.30323848128318787,0.08856827765703201
YGL207W,YGL087C,1,3.8019607,0.259631484746933,0.3042198121547699,0.08856827765703201
YLR319C,YLR135W,0,3.8018048,0.2594142258167267,0.3042198121547699,0.08866847306489944
YMR097C,YMR168C,0,3.8017933,0.25919732451438904,0.3042198121547699,0.08876866102218628
YDR076W,YKR056W,1,3.800897,0.2598161995410919,0.3052011728286743,0.08876866102218628
YIL153W,YPL235W,1,3.7999313,0.2604340612888336,0.30618253350257874,0.08876866102218628
YJR047C,YJR095W,0,3.797887,0.2602168619632721,0.30618253350257874,0.08886884897947311
YPL167C,YBL003C,1,3.7969277,0.2608333230018616,0.30716389417648315,0.08886884897947311
YOL070C,YBR098W,0,3.7959292,0.26061615347862244,0.30716389417648315,0.08896904438734055
YDR078C,YNL085W,1,3.7959027,0.26123127341270447,0.3081452548503876,0.08896904438734055
YPL240C,YLR452C,0,3.795689,0.2610141336917877,0.3081452548503876,0.08906923234462738
YHR057C,YHR085W,0,3.7944872,0.2607973515987396,0.3081452548503876,0.08916942030191422
YJR082C,YDR354W,0,3.7942734,0.2605809271335602,0.3081452548503876,0.08926961570978165
YCR008W,YOR098C,0,3.7941701,0.260364830493927,0.3081452548503876,0.08936980366706848
YFL045C,YNR072W,0,3.7940528,0.26014912128448486,0.3081452548503876,0.08946999162435532
YCR031C,YLL040C,0,3.791114,0.2599337697029114,0.3081452548503876,0.08957018703222275
YOR258W,YPL122C,1,3.790772,0.26054590940475464,0.3091265857219696,0.08957018703222275
YLR068W,YHR083W,0,3.7903507,0.26033058762550354,0.3091265857219696,0.08967037498950958
YHL033C,YDR079W,0,3.788401,0.2601155936717987,0.3091265857219696,0.08977056294679642
YBR060C,YHR166C,0,3.7880628,0.2599009871482849,0.3091265857219696,0.08987075090408325
YMR048W,YKR056W,1,3.7878716,0.2605111300945282,0.310107946395874,0.08987075090408325
YDR017C,YKL086W,0,3.787334,0.2602965533733368,0.310107946395874,0.08997094631195068
YGR097W,YDR019C,0,3.7872303,0.26008230447769165,0.310107946395874,0.09007113426923752
YDR348C,YPR025C,0,3.786973,0.25986841320991516,0.310107946395874,0.09017132222652435
YPR056W,YBR160W,1,3.7865,0.26047658920288086,0.31108930706977844,0.09017132222652435
YGR179C,YCR097W,0,3.7859416,0.26026272773742676,0.31108930706977844,0.09027151763439178
YKL062W,YDR123C,0,3.7845204,0.2600492238998413,0.31108930706977844,0.09037170559167862
YDR519W,YLR435W,0,3.783911,0.2598360776901245,0.31108930706977844,0.09047189354896545
YLR329W,YPR035W,0,3.7836168,0.259623259305954,0.31108930706977844,0.09057208895683289
YDR527W,YER143W,0,3.7836018,0.2594107985496521,0.31108930706977844,0.09067227691411972
YNL032W,YKL026C,0,3.782891,0.25919869542121887,0.31108930706977844,0.09077246487140656
YER013W,YJL160C,0,3.782429,0.2589869201183319,0.31108930706977844,0.09087266027927399
YGR170W,YLR307W,0,3.7815187,0.2587755024433136,0.31108930706977844,0.09097284823656082
YPL248C,YJR070C,0,3.7813468,0.25856444239616394,0.31108930706977844,0.09107303619384766
YKL032C,YJL173C,1,3.781266,0.25916871428489685,0.31207066774368286,0.09107303619384766
YOR232W,YJR107W,0,3.7810004,0.2589576542377472,0.31207066774368286,0.09117323160171509
YNR021W,YPL005W,0,3.779621,0.2587469518184662,0.31207066774368286,0.09127341955900192
YNL126W,YOR059C,0,3.778773,0.25853657722473145,0.31207066774368286,0.09137360751628876
YBR132C,YNR057C,0,3.7783928,0.25832656025886536,0.31207066774368286,0.09147380292415619
YLR043C,YDL175C,0,3.7778692,0.25811687111854553,0.31207066774368286,0.09157399088144302
YOR351C,YIL158W,0,3.7767918,0.25790753960609436,0.31207066774368286,0.09167417883872986
YNL233W,YJL051W,0,3.7761776,0.25769853591918945,0.31207066774368286,0.09177437424659729
YDR051C,YGR289C,0,3.7743213,0.2574898898601532,0.31207066774368286,0.09187456220388412
YHR069C,YHL025W,0,3.7712967,0.2572815418243408,0.31207066774368286,0.09197475016117096
YIL159W,YBR293W,0,3.7708514,0.2570735514163971,0.31207066774368286,0.09207494556903839
YPL027W,YFR038W,0,3.7701356,0.256865918636322,0.31207066774368286,0.09217513352632523
YKL041W,YMR106C,0,3.7695878,0.2566585838794708,0.31207066774368286,0.09227532148361206
YGL028C,YDL070W,0,3.7685943,0.2564516067504883,0.31207066774368286,0.09237551689147949
YLR115W,YDR002W,0,3.7684991,0.256244957447052,0.31207066774368286,0.09247570484876633
YMR032W,YFR027W,0,3.7681787,0.256038635969162,0.31207066774368286,0.09257589280605316
YPL046C,YEL019C,1,3.7676876,0.2566371560096741,0.3130519986152649,0.09257589280605316
YPR004C,YLL016W,0,3.7676837,0.25643086433410645,0.3130519986152649,0.0926760882139206
YBL018C,YIL088C,0,3.7672076,0.2562249004840851,0.3130519986152649,0.09277627617120743
YIL105C,YPL212C,0,3.7657611,0.25601926445961,0.3130519986152649,0.09287646412849426
YDR386W,YPR052C,1,3.7648737,0.25661587715148926,0.3140333592891693,0.09287646412849426
YGR205W,YDR138W,0,3.764635,0.25641027092933655,0.3140333592891693,0.0929766520857811
YOR291W,YBR005W,0,3.7640536,0.2562049627304077,0.3140333592891693,0.09307684749364853
YJR057W,YPL164C,1,3.7624056,0.25679999589920044,0.31501471996307373,0.09307684749364853
YGR122W,YOR177C,0,3.761728,0.256594717502594,0.31501471996307373,0.09317703545093536
YLL004W,YOR141C,0,3.7615411,0.2563897669315338,0.31501471996307373,0.0932772234082222
YAL017W,YPL002C,0,3.7614405,0.2561851441860199,0.31501471996307373,0.09337741881608963
YER130C,YHL001W,0,3.7610471,0.25598084926605225,0.31501471996307373,0.09347760677337646
YOL086C,YGR074W,0,3.7607415,0.25577688217163086,0.31501471996307373,0.0935777947306633
YHR138C,YMR083W,0,3.760416,0.25557324290275574,0.31501471996307373,0.09367799013853073
YJR055W,YNL222W,0,3.759641,0.2553699314594269,0.31501471996307373,0.09377817809581757
YGR052W,YDL226C,0,3.7588613,0.2551669180393219,0.31501471996307373,0.0938783660531044
YNL250W,YOR244W,1,3.7587037,0.25575852394104004,0.31599608063697815,0.0938783660531044
YGL100W,YLR102C,0,3.758593,0.25555557012557983,0.31599608063697815,0.09397856146097183
YGL061C,YBL091C,0,3.7582,0.2553528845310211,0.31599608063697815,0.09407874941825867
YDR097C,YLR427W,1,3.7564929,0.2559429407119751,0.31697744131088257,0.09407874941825867
YDR081C,YDR131C,0,3.7550156,0.25574031472206116,0.31697744131088257,0.0941789373755455
YIL140W,YBR287W,0,3.7542782,0.2555379867553711,0.31697744131088257,0.09427913278341293
YDR004W,YFR037C,1,3.753586,0.2561264932155609,0.3179587721824646,0.09427913278341293
YFL024C,YDR030C,1,3.7528272,0.2567140460014343,0.318940132856369,0.09427913278341293
YMR075W,YMR133W,0,3.7524266,0.2565114498138428,0.318940132856369,0.09437932074069977
YPL255W,YJL179W,0,3.7517238,0.2563091516494751,0.318940132856369,0.0944795086979866
YDR406W,YBR028C,0,3.7494113,0.2561071813106537,0.318940132856369,0.09457970410585403
YMR063W,YLR325C,0,3.7488043,0.25590550899505615,0.318940132856369,0.09467989206314087
YGL053W,YOL021C,0,3.7465708,0.2557041645050049,0.318940132856369,0.0947800800204277
YLR197W,YPL248C,0,3.7442622,0.2555031478404999,0.318940132856369,0.09488027542829514
YOR284W,YLR442C,0,3.7440803,0.25530242919921875,0.318940132856369,0.09498046338558197
YLL027W,YNL186W,0,3.742773,0.2551020383834839,0.318940132856369,0.0950806513428688
YBR057C,YLR320W,0,3.7419782,0.2549019753932953,0.318940132856369,0.09518084675073624
YLR058C,YPR152C,0,3.7418978,0.2547021806240082,0.318940132856369,0.09528103470802307
YAL029C,YIL167W,0,3.7413754,0.2545027434825897,0.318940132856369,0.0953812226653099
YNL126W,YLR274W,0,3.7407236,0.25430360436439514,0.318940132856369,0.09548141807317734
YDL093W,YLR247C,0,3.7397773,0.25410476326942444,0.318940132856369,0.09558160603046417
YGR109C,YKR018C,0,3.73815,0.25390625,0.318940132856369,0.09568179398775101
YEL040W,YCL044C,0,3.7380173,0.25370803475379944,0.318940132856369,0.09578198939561844
YIL173W,YGR271C-A,0,3.7376282,0.25351014733314514,0.318940132856369,0.09588217735290527
YDR471W,YDL076C,0,3.7367172,0.2533125579357147,0.318940132856369,0.09598236531019211
YKR049C,YLR268W,0,3.7358568,0.2531152665615082,0.318940132856369,0.09608255326747894
YJL004C,YCR083W,0,3.7357092,0.2529182732105255,0.318940132856369,0.09618274867534637
YBR010W,YJL176C,0,3.7349904,0.2527216076850891,0.318940132856369,0.09628293663263321
YER138C,YGL148W,0,3.7342675,0.2525252401828766,0.318940132856369,0.09638312458992004
YJL110C,YHR058C,0,3.734078,0.2523292005062103,0.318940132856369,0.09648331999778748
YPL049C,YEL043W,0,3.7338943,0.25213342905044556,0.318940132856369,0.09658350795507431
YGL116W,YMR263W,0,3.7332025,0.25193798542022705,0.318940132856369,0.09668369591236115
YDR122W,YIL016W,0,3.7316508,0.2517428398132324,0.318940132856369,0.09678389132022858
YKL197C,YIL099W,0,3.730892,0.25154799222946167,0.318940132856369,0.09688407927751541
YKR071C,YOL088C,0,3.7308717,0.2513534426689148,0.318940132856369,0.09698426723480225
YBR049C,YJL013C,0,3.7302468,0.2511591911315918,0.318940132856369,0.09708446264266968
YDR201W,YJR161C,0,3.7301056,0.2509652376174927,0.318940132856369,0.09718465059995651
YBR101C,YOL020W,0,3.7300034,0.2507716119289398,0.318940132856369,0.09728483855724335
YBR272C,YML060W,1,3.7298455,0.2513492703437805,0.31992149353027344,0.09728483855724335
YDR409W,YGR099W,0,3.7298336,0.2511556148529053,0.31992149353027344,0.09738503396511078
YFR019W,YOR313C,0,3.7295012,0.2509622871875763,0.31992149353027344,0.09748522192239761
YGR044C,YIL148W,0,3.7286088,0.2507692277431488,0.31992149353027344,0.09758540987968445
YNL153C,YKL132C,0,3.72706,0.2505764663219452,0.31992149353027344,0.09768560528755188
YER145C,YBL091C,0,3.7265282,0.25038403272628784,0.31992149353027344,0.09778579324483871
YBL025W,YJL024C,0,3.7257462,0.250191867351532,0.31992149353027344,0.09788598120212555
YGL097W,YJL160C,0,3.7244232,0.25,0.31992149353027344,0.09798617660999298
YOL142W,YER035W,0,3.7243927,0.2498084306716919,0.31992149353027344,0.09808636456727982
YBR210W,YGR089W,0,3.721879,0.24961714446544647,0.31992149353027344,0.09818655252456665
YKL079W,YGL169W,0,3.7212777,0.24942617118358612,0.31992149353027344,0.09828674793243408
YGR140W,YKL026C,0,3.721217,0.24923548102378845,0.31992149353027344,0.09838693588972092
YER015W,YOL142W,0,3.720334,0.24904507398605347,0.31992149353027344,0.09848712384700775
YDR113C,YDL154W,1,3.7202551,0.2496183216571808,0.32090285420417786,0.09848712384700775
YBR034C,YJL093C,0,3.7192042,0.2494279146194458,0.32090285420417786,0.09858731925487518
YKR036C,YGL115W,0,3.7190187,0.2492378056049347,0.32090285420417786,0.09868750721216202
YJR153W,YJR026W,0,3.7188723,0.24904797971248627,0.32090285420417786,0.09878769516944885
YML059C,YOL055C,0,3.7183542,0.24885845184326172,0.32090285420417786,0.09888789057731628
YDR538W,YDL049C,0,3.717712,0.24866920709609985,0.32090285420417786,0.09898807853460312
YOR287C,YMR313C,0,3.717182,0.24848024547100067,0.32090285420417786,0.09908826649188995
YKL120W,YBR131W,0,3.7167459,0.24829156696796417,0.32090285420417786,0.09918845444917679
YBR243C,YDR386W,0,3.7157257,0.24810318648815155,0.32090285420417786,0.09928864985704422
YDR180W,YEL019C,1,3.715585,0.2486732304096222,0.3218842148780823,0.09928864985704422
YER098W,YNL202W,0,3.7155826,0.24848484992980957,0.3218842148780823,0.09938883781433105
YLR119W,YIR026C,0,3.7154133,0.24829673767089844,0.3218842148780823,0.09948902577161789
YNL290W,YNL092W,0,3.7152874,0.24810892343521118,0.3218842148780823,0.09958922117948532
YIL132C,YGR240C,0,3.7138464,0.2479213923215866,0.3218842148780823,0.09968940913677216
YJR159W,YCR057C,0,3.71366,0.24773414433002472,0.3218842148780823,0.09978959709405899
YPL042C,YCL004W,0,3.7135324,0.24754716455936432,0.3218842148780823,0.09988979250192642
YMR213W,YFL061W,0,3.7135315,0.2473604828119278,0.3218842148780823,0.09998998045921326
YHR079C-A,YBR114W,1,3.713123,0.24792765080928802,0.3228655457496643,0.09998998045921326
YER087W,YML076C,0,3.711615,0.2477409690618515,0.3228655457496643,0.10009016841650009
YCR093W,YGR077C,0,3.7109487,0.24755455553531647,0.3228655457496643,0.10019036382436752
YGL061C,YBR212W,0,3.7097785,0.24736842513084412,0.3228655457496643,0.10029055178165436
YAL015C,YGL010W,0,3.7092335,0.24718256294727325,0.3228655457496643,0.10039073973894119
YGL087C,YER147C,1,3.7079008,0.2477477490901947,0.3238469064235687,0.10039073973894119
YIL103W,YDL077C,0,3.7078793,0.24756188690662384,0.3238469064235687,0.10049093514680862
YLR009W,YHR012W,0,3.70658,0.24737630784511566,0.3238469064235687,0.10059112310409546
YAL019W,YOR153W,0,3.705974,0.24719101190567017,0.3238469064235687,0.1006913110613823
YLR242C,YPR107C,0,3.705384,0.24700598418712616,0.3238469064235687,0.10079150646924973
YOR113W,YGL139W,0,3.7048562,0.24682123959064484,0.3238469064235687,0.10089169442653656
YDR317W,YLR229C,0,3.7047722,0.2466367781162262,0.3238469064235687,0.1009918823838234
YDR217C,YKL045W,1,3.7045066,0.2471994012594223,0.32482826709747314,0.1009918823838234
YKR056W,YBR228W,1,3.7042358,0.24776118993759155,0.32580962777137756,0.1009918823838234
YDL102W,YHR099W,1,3.7024295,0.24832214415073395,0.3267909586429596,0.1009918823838234
YJR093C,YPL138C,0,3.7009587,0.24813710153102875,0.3267909586429596,0.10109207779169083
YKR001C,YHR090C,0,3.6996908,0.24795234203338623,0.3267909586429596,0.10119226574897766
YDR213W,YIL066C,0,3.6993515,0.2477678507566452,0.3267909586429596,0.1012924537062645
YGL153W,YJR123W,0,3.6986344,0.24758364260196686,0.3267909586429596,0.10139264911413193
YAL038W,YGL104C,0,3.698371,0.24739970266819,0.3267909586429596,0.10149283707141876
YHL035C,YGR020C,0,3.698025,0.24721603095531464,0.3267909586429596,0.1015930250287056
YPL122C,YKL113C,1,3.6977642,0.24777448177337646,0.327772319316864,0.1015930250287056
YGL233W,YDR160W,0,3.6965914,0.2475908100605011,0.327772319316864,0.10169322043657303
YNL246W,YER147C,1,3.6963103,0.2481481432914734,0.32875367999076843,0.10169322043657303
YML096W,YBR114W,0,3.6957343,0.24796447157859802,0.32875367999076843,0.10179340839385986
YGR172C,YLL040C,0,3.6933837,0.24778106808662415,0.32875367999076843,0.1018935963511467
YJR112W,YPR091C,0,3.691963,0.24759793281555176,0.32875367999076843,0.10199379175901413
YPL131W,YDR255C,0,3.691738,0.24741506576538086,0.32875367999076843,0.10209397971630096
YDL072C,YJR070C,0,3.6916964,0.24723246693611145,0.32875367999076843,0.1021941676735878
YNL102W,YEL019C,1,3.6908743,0.24778760969638824,0.32973504066467285,0.1021941676735878
YML086C,YLR320W,0,3.6902788,0.24760501086711884,0.32973504066467285,0.10229435563087463
YGR258C,YMR005W,0,3.6896963,0.24742268025875092,0.32973504066467285,0.10239455103874207
YNL161W,YDR367W,0,3.6896505,0.24724061787128448,0.32973504066467285,0.1024947389960289
YLR061W,YFR025C,0,3.6888971,0.24705882370471954,0.32973504066467285,0.10259492695331573
YJR088C,YGL208W,0,3.6883147,0.2468772977590561,0.32973504066467285,0.10269512236118317
YLR088W,YEL022W,0,3.6880045,0.24669604003429413,0.32973504066467285,0.10279531031847
YDL070W,YMR164C,0,3.6876419,0.24651503562927246,0.32973504066467285,0.10289549827575684
YDR323C,YOR291W,0,3.6875753,0.24633431434631348,0.32973504066467285,0.10299569368362427
YGL097W,YHR166C,0,3.6874926,0.2461538463830948,0.32973504066467285,0.1030958816409111
YKL054C,YLL051C,0,3.6864622,0.2459736466407776,0.32973504066467285,0.10319606959819794
YML029W,YER146W,0,3.6859617,0.24579371511936188,0.32973504066467285,0.10329626500606537
YNL290W,YML102W,1,3.685946,0.24634502828121185,0.33071640133857727,0.10329626500606537
YCR003W,YGL008C,0,3.685751,0.24616508185863495,0.33071640133857727,0.1033964529633522
YJR099W,YJL034W,0,3.685134,0.24598540365695953,0.33071640133857727,0.10349664092063904
YBL003C,YNL090W,0,3.6850348,0.24580597877502441,0.33071640133857727,0.10359683632850647
YIL079C,YGL216W,0,3.6835542,0.24562682211399078,0.33071640133857727,0.1036970242857933
YHR020W,YML128C,0,3.6831205,0.24544791877269745,0.33071640133857727,0.10379721224308014
YER060W-A,YNR024W,0,3.6828027,0.2452692836523056,0.33071640133857727,0.10389740765094757
YNL118C,YNL102W,0,3.6825113,0.24509090185165405,0.33071640133857727,0.1039975956082344
YDL193W,YKR025W,0,3.6822863,0.244912788271904,0.33071640133857727,0.10409778356552124
YLL036C,YOL072W,1,3.6821158,0.24546115100383759,0.3316977322101593,0.10409778356552124
YKL045W,YFL008W,1,3.6820943,0.2460087090730667,0.3326790928840637,0.10409778356552124
YKL045W,YHR154W,1,3.681997,0.24655547738075256,0.33366045355796814,0.10409778356552124
YJL081C,YKL112W,1,3.6807864,0.24710145592689514,0.33464181423187256,0.10409778356552124
YGR109C,YOR330C,0,3.6797118,0.24692252278327942,0.33464181423187256,0.10419797897338867
YGL032C,YGR289C,0,3.6789396,0.246743842959404,0.33464181423187256,0.1042981669306755
YGR206W,YLL053C,0,3.6789005,0.24656543135643005,0.33464181423187256,0.10439835488796234
YOR027W,YNL167C,0,3.6764753,0.2463872879743576,0.33464181423187256,0.10449855029582977
YFL001W,YKL051W,0,3.6763055,0.24620938301086426,0.33464181423187256,0.10459873825311661
YGR206W,YML025C,0,3.6760542,0.2460317462682724,0.33464181423187256,0.10469892621040344
YIL157C,YMR106C,0,3.6758904,0.24585436284542084,0.33464181423187256,0.10479912161827087
YPR065W,YNL272C,0,3.675472,0.24567723274230957,0.33464181423187256,0.10489930957555771
YER117W,YPR152C,0,3.6746626,0.2455003559589386,0.33464181423187256,0.10499949753284454
YJL166W,YOR222W,0,3.6745768,0.24532374739646912,0.33464181423187256,0.10509969294071198
YNL224C,YGL158W,0,3.6744316,0.24514737725257874,0.33464181423187256,0.10519988089799881
YLR417W,YCR066W,0,3.6732213,0.24497126042842865,0.33464181423187256,0.10530006885528564
YER165W,YMR190C,0,3.672366,0.24479541182518005,0.33464181423187256,0.10540025681257248
YLR383W,YLR135W,1,3.6723132,0.24533715844154358,0.3356231451034546,0.10540025681257248
YLR135W,YEL056W,1,3.672311,0.24587813019752502,0.336604505777359,0.10540025681257248
YGL115W,YGR133W,0,3.6721137,0.24570199847221375,0.336604505777359,0.10550045222043991
YDR397C,YPR002W,0,3.6709788,0.24552612006664276,0.336604505777359,0.10560064017772675
YLR150W,YDL202W,0,3.6707008,0.24535049498081207,0.336604505777359,0.10570082813501358
YGL005C,YMR125W,0,3.6702714,0.24517512321472168,0.336604505777359,0.10580102354288101
YGR289C,YFR013W,0,3.6701415,0.24500000476837158,0.336604505777359,0.10590121150016785
YBR272C,YML006C,0,3.6695707,0.24482512474060059,0.336604505777359,0.10600139945745468
YJR068W,YLR399C,1,3.6693637,0.2453637719154358,0.3375858664512634,0.10600139945745468
YNL030W,YGL068W,0,3.6692913,0.2451888769865036,0.3375858664512634,0.10610159486532211
YPR196W,YOL116W,0,3.6692488,0.2450142502784729,0.3375858664512634,0.10620178282260895
YNL111C,YDL098C,0,3.668843,0.2448398619890213,0.3375858664512634,0.10630197077989578
YOL021C,YLR166C,0,3.6683767,0.2446657121181488,0.3375858664512634,0.10640216618776321
YPR200C,YKL194C,0,3.6680675,0.2444918304681778,0.3375858664512634,0.10650235414505005
YKL090W,YLR325C,0,3.6675942,0.2443181872367859,0.3375858664512634,0.10660254210233688
YDR135C,YDR034C,0,3.6668642,0.24414478242397308,0.3375858664512634,0.10670273751020432
YML102W,YML021C,1,3.6658332,0.24468085169792175,0.33856722712516785,0.10670273751020432
YIR018W,YDR361C,0,3.6654267,0.24450744688510895,0.33856722712516785,0.10680292546749115
YHR005C-A,YOR380W,0,3.663163,0.24433428049087524,0.33856722712516785,0.10690311342477798
YJL216C,YKL071W,0,3.6624048,0.24416135251522064,0.33856722712516785,0.10700330883264542
YPR175W,YPL022W,1,3.662265,0.24469590187072754,0.33954858779907227,0.10700330883264542
YLR333C,YGL226C-A,0,3.6619139,0.24452297389507294,0.33954858779907227,0.10710349678993225
YDR488C,YCR079W,0,3.6610649,0.24435028433799744,0.33954858779907227,0.10720368474721909
YIR004W,YPL253C,0,3.6601768,0.24417783319950104,0.33954858779907227,0.10730388015508652
YDR151C,YJR095W,0,3.6595905,0.24400563538074493,0.33954858779907227,0.10740406811237335
YLR011W,YMR260C,0,3.6559985,0.24383369088172913,0.33954858779907227,0.10750425606966019
YPR189W,YDR225W,0,3.6558082,0.24366196990013123,0.33954858779907227,0.10760445147752762
YJR102C,YPR159W,0,3.6557915,0.24349050223827362,0.33954858779907227,0.10770463943481445
YOL142W,YDR513W,0,3.6552866,0.24331927299499512,0.33954858779907227,0.10780482739210129
YKL018W,YER103W,0,3.655103,0.24314828217029572,0.33954858779907227,0.10790502279996872
YDL078C,YOR026W,0,3.6542792,0.24297752976417542,0.33954858779907227,0.10800521075725555
YDL029W,YOR262W,0,3.6540518,0.24280701577663422,0.33954858779907227,0.10810539871454239
YDL214C,YML001W,0,3.6540062,0.24263674020767212,0.33954858779907227,0.10820559412240982
YKR096W,YNR024W,0,3.6532872,0.24246671795845032,0.33954858779907227,0.10830578207969666
YGR084C,YMR159C,0,3.6529844,0.24229691922664642,0.33954858779907227,0.10840597003698349
YHR138C,YJR035W,0,3.6514776,0.24212735891342163,0.33954858779907227,0.10850615799427032
YGR092W,YMR268C,0,3.6512063,0.24195803701877594,0.33954858779907227,0.10860635340213776
YBR272C,YNL312W,1,3.6509392,0.24248777329921722,0.3405299186706543,0.10860635340213776
YKL063C,YGL196W,0,3.6507578,0.24231843650341034,0.3405299186706543,0.10870654135942459
YBR162W-A,YKL005C,0,3.6502688,0.24214933812618256,0.3405299186706543,0.10880672931671143
YAR007C,YDR180W,1,3.6500964,0.24267782270908356,0.3415112793445587,0.10880672931671143
YLR265C,YDR440W,1,3.6496694,0.24320557713508606,0.34249264001846313,0.10880672931671143
YPR046W,YBR217W,0,3.648874,0.2430362105369568,0.34249264001846313,0.10890692472457886
YPL116W,YOL055C,0,3.6486328,0.24286708235740662,0.34249264001846313,0.10900711268186569
YKR095W,YER041W,1,3.648534,0.24339359998703003,0.34347400069236755,0.10900711268186569
YBR114W,YNL070W,0,3.6483545,0.24322445690631866,0.34347400069236755,0.10910730063915253
YPR075C,YDR062W,0,3.6481273,0.2430555522441864,0.34347400069236755,0.10920749604701996
YBR195C,YMR087W,0,3.6480916,0.24288688600063324,0.34347400069236755,0.1093076840043068
YKL055C,YDR165W,0,3.644893,0.24271844327449799,0.34347400069236755,0.10940787196159363
YCR089W,YLR333C,0,3.6423876,0.24255023896694183,0.34347400069236755,0.10950806736946106
YHR066W,YPR082C,0,3.641627,0.24238227307796478,0.34347400069236755,0.1096082553267479
YBR253W,YOL090W,0,3.6410787,0.24221453070640564,0.34347400069236755,0.10970844328403473
YLR213C,YOL057W,0,3.6406279,0.2420470267534256,0.34347400069236755,0.10980863869190216
YNL224C,YNL163C,0,3.6402547,0.24187974631786346,0.34347400069236755,0.109908826649189
YBR195C,YIL154C,1,3.6401563,0.2424033135175705,0.344455361366272,0.109908826649189
YJL114W,YMR284W,0,3.6397045,0.24223601818084717,0.344455361366272,0.11000901460647583
YGL064C,YMR065W,0,3.6373358,0.24206896126270294,0.344455361366272,0.11010921001434326
YJL154C,YGR152C,0,3.6372364,0.24190214276313782,0.344455361366272,0.1102093979716301
YPL055C,YGR148C,0,3.6369004,0.2417355328798294,0.344455361366272,0.11030958592891693
YGL207W,YDL070W,1,3.63522,0.24225740134716034,0.345436692237854,0.11030958592891693
YOR261C,YBL089W,0,3.6341045,0.24209079146385193,0.345436692237854,0.11040978133678436
YOR227W,YDR430C,0,3.6324952,0.24192440509796143,0.345436692237854,0.1105099692940712
YGR238C,YNL314W,0,3.6324847,0.24175824224948883,0.345436692237854,0.11061015725135803
YER177W,YOR130C,0,3.6296563,0.24159231781959534,0.345436692237854,0.11071035265922546
YBR098W,YDR224C,1,3.629409,0.24211248755455017,0.3464180529117584,0.11071035265922546
YPL007C,YIL005W,0,3.6290092,0.2419465333223343,0.3464180529117584,0.1108105406165123
YOR026W,YER041W,0,3.6285162,0.2417808175086975,0.3464180529117584,0.11091072857379913
YDL207W,YDL223C,0,3.6284988,0.24161532521247864,0.3464180529117584,0.11101092398166656
YLR200W,YOL135C,0,3.6279943,0.24145007133483887,0.3464180529117584,0.1111111119389534
YPL122C,YLR367W,0,3.6276836,0.2412850260734558,0.3464180529117584,0.11121129989624023
YJR118C,YCR042C,0,3.6276824,0.24112021923065186,0.3464180529117584,0.11131149530410767
YGR216C,YBR290W,0,3.6262984,0.2409556359052658,0.3464180529117584,0.1114116832613945
YDR540C,YHL017W,0,3.6259475,0.24079127609729767,0.3464180529117584,0.11151187121868134
YDR217C,YAR007C,1,3.624881,0.24130879342556,0.34739941358566284,0.11151187121868134
YCR042C,YNL270C,0,3.6245687,0.24114441871643066,0.34739941358566284,0.11161206662654877
YGL212W,YDR302W,0,3.6239378,0.24098025262355804,0.34739941358566284,0.1117122545838356
YGL103W,YDR484W,0,3.6237576,0.24081632494926453,0.34739941358566284,0.11181244254112244
YDR225W,YPR144C,0,3.6236417,0.24065262079238892,0.34739941358566284,0.11191263049840927
YCL001W,YEL024W,0,3.6232014,0.24048912525177002,0.34739941358566284,0.1120128259062767
YGR087C,YML032C,0,3.6227067,0.24032586812973022,0.34739941358566284,0.11211301386356354
YML067C,YPL138C,0,3.622617,0.24016281962394714,0.34739941358566284,0.11221320182085037
YBR169C,YLR268W,0,3.621551,0.23999999463558197,0.34739941358566284,0.1123133972287178
YBR216C,YLR449W,0,3.6208043,0.2398373931646347,0.34739941358566284,0.11241358518600464
YER117W,YBR136W,0,3.6204946,0.23967501521110535,0.34739941358566284,0.11251377314329147
YLL027W,YOR191W,0,3.6193168,0.2395128607749939,0.34739941358566284,0.1126139685511589
YMR117C,YGR179C,0,3.618624,0.23935091495513916,0.34739941358566284,0.11271415650844574
YLR272C,YPL232W,0,3.6183417,0.23918919265270233,0.34739941358566284,0.11281434446573257
YBR200W,YPR188C,0,3.618229,0.23902767896652222,0.34739941358566284,0.1129145398736
YML096W,YPR111W,0,3.6181235,0.2388664036989212,0.34739941358566284,0.11301472783088684
YJL140W,YBR280C,0,3.6168957,0.2387053221464157,0.34739941358566284,0.11311491578817368
YIL106W,YOR078W,0,3.6168072,0.23854447901248932,0.34739941358566284,0.11321511119604111
YBR208C,YJR035W,0,3.6159701,0.23838384449481964,0.34739941358566284,0.11331529915332794
YLR060W,YMR156C,0,3.615108,0.23822341859340668,0.34739941358566284,0.11341548711061478
YPR026W,YER050C,0,3.6151035,0.23806321620941162,0.34739941358566284,0.11351568251848221
YDR237W,YBR114W,0,3.6145265,0.23790322244167328,0.34739941358566284,0.11361587047576904
YGR224W,YLR319C,0,3.6142683,0.23774345219135284,0.34739941358566284,0.11371605843305588
YCR086W,YLR248W,0,3.6141398,0.23758389055728912,0.34739941358566284,0.11381625384092331
YBR128C,YFL050C,0,3.613578,0.2374245524406433,0.34739941358566284,0.11391644179821014
YER081W,YMR117C,0,3.6131754,0.2372654229402542,0.34739941358566284,0.11401662975549698
YOL020W,YPL179W,0,3.6126769,0.23710650205612183,0.34739941358566284,0.11411682516336441
YLR353W,YPL120W,0,3.6124117,0.23694778978824615,0.34739941358566284,0.11421701312065125
YPL192C,YEL062W,0,3.6119745,0.2367893010377884,0.34739941358566284,0.11431720107793808
YDL047W,YML095C,1,3.6113603,0.23729947209358215,0.34838077425956726,0.11431720107793808
YOL016C,YOL115W,0,3.6108325,0.237140953540802,0.34838077425956726,0.11441739648580551
YMR276W,YER176W,0,3.6107547,0.23698264360427856,0.34838077425956726,0.11451758444309235
YKL093W,YDR045C,0,3.6107209,0.23682454228401184,0.34838077425956726,0.11461777240037918
YPR095C,YIL153W,0,3.6097047,0.23666666448116302,0.34838077425956726,0.11471796780824661
YNL262W,YEL019C,1,3.6094565,0.23717521131038666,0.3493621051311493,0.11471796780824661
YDR339C,YPL112C,0,3.6091318,0.23701730370521545,0.3493621051311493,0.11481815576553345
YGR287C,YLR263W,0,3.607528,0.23685961961746216,0.3493621051311493,0.11491834372282028
YFR004W,YOL004W,0,3.6074374,0.23670212924480438,0.3493621051311493,0.11501853168010712
YPR055W,YLR004C,0,3.6074367,0.23654484748840332,0.3493621051311493,0.11511872708797455
YLR288C,YDL058W,0,3.607432,0.23638778924942017,0.3493621051311493,0.11521891504526138
YOL165C,YIL017C,0,3.6073375,0.23623092472553253,0.3493621051311493,0.11531910300254822
YCR026C,YBR271W,0,3.6071806,0.2360742688179016,0.3493621051311493,0.11541929841041565
YCR092C,YHR079C-A,1,3.6068404,0.2365805208683014,0.3503434658050537,0.11541929841041565
YOR357C,YMR271C,0,3.606815,0.23642383515834808,0.3503434658050537,0.11551948636770248
YFL025C,YMR284W,0,3.6057413,0.23626737296581268,0.3503434658050537,0.11561967432498932
YDR506C,YNL163C,0,3.6052623,0.2361111044883728,0.3503434658050537,0.11571986973285675
YLL012W,YHR152W,0,3.6036575,0.23595505952835083,0.3503434658050537,0.11582005769014359
YLR314C,YKL186C,0,3.603534,0.23579920828342438,0.3503434658050537,0.11592024564743042
YBR223C,YJR119C,0,3.6033137,0.23564356565475464,0.3503434658050537,0.11602044105529785
YDR296W,YNL190W,0,3.6020322,0.2354881316423416,0.3503434658050537,0.11612062901258469
YLR128W,YPL063W,0,3.6014414,0.2353328913450241,0.3503434658050537,0.11622081696987152
YCL048W,YPR033C,0,3.601333,0.23517785966396332,0.3503434658050537,0.11632101237773895
YDR159W,YKR045C,0,3.60124,0.23502303659915924,0.3503434658050537,0.11642120033502579
YDL070W,YFR051C,0,3.6009994,0.23486842215061188,0.3503434658050537,0.11652138829231262
YNL054W,YLR313C,0,3.598589,0.23471400141716003,0.3503434658050537,0.11662158370018005
YNL194C,YMR308C,0,3.5983138,0.2345597892999649,0.3503434658050537,0.11672177165746689
YAR003W,YDR394W,0,3.5977795,0.2344057708978653,0.3503434658050537,0.11682195961475372
YMR046C,YJL054W,0,3.5966089,0.2342519611120224,0.3503434658050537,0.11692215502262115
YDR078C,YHR099W,1,3.5957742,0.23475410044193268,0.35132482647895813,0.11692215502262115
YDL247W,YJR086W,0,3.594626,0.2346002608537674,0.35132482647895813,0.11702234297990799
YJL092W,YJL090C,1,3.593547,0.23510150611400604,0.35230618715286255,0.11702234297990799
YFR047C,YOL101C,0,3.59084,0.23494763672351837,0.35230618715286255,0.11712253093719482
YPR164W,YJR090C,0,3.5901465,0.23479397594928741,0.35230618715286255,0.11722272634506226
YPL254W,YOR299W,0,3.5887864,0.23464052379131317,0.35230618715286255,0.11732291430234909
YHL006C,YNL133C,1,3.5882545,0.23514042794704437,0.35328754782676697,0.11732291430234909
YFL061W,YNL051W,0,3.5876868,0.23498694598674774,0.35328754782676697,0.11742310225963593
YCR003W,YBR257W,0,3.58697,0.23483365774154663,0.35328754782676697,0.11752329766750336
YMR067C,YPR131C,0,3.5868466,0.23468057811260223,0.35328754782676697,0.11762348562479019
YKL144C,YCL010C,0,3.5865939,0.23452769219875336,0.35328754782676697,0.11772367358207703
YKL054C,YDR285W,0,3.5857923,0.234375,0.35328754782676697,0.11782386898994446
YER142C,YML095C,1,3.5853353,0.23487313091754913,0.354268878698349,0.11782386898994446
YBR074W,YNL273W,0,3.5850618,0.2347204089164734,0.354268878698349,0.11792405694723129
YPR164W,YIL018W,0,3.5846498,0.23456789553165436,0.354268878698349,0.11802424490451813
YNL262W,YGR120C,0,3.5844672,0.23441559076309204,0.354268878698349,0.11812443286180496
YDR369C,YIL154C,1,3.5841506,0.23491239547729492,0.3552502393722534,0.11812443286180496
YDL154W,YKL149C,0,3.5840108,0.23476004600524902,0.3552502393722534,0.1182246282696724
YGR179C,YOR313C,0,3.583911,0.23460790514945984,0.3552502393722534,0.11832481622695923
YPL213W,YPL008W,0,3.5838678,0.23445595800876617,0.3552502393722534,0.11842500418424606
YMR115W,YLL012W,0,3.583635,0.23430420458316803,0.3552502393722534,0.1185251995921135
YLR054C,YLR260W,0,3.5833015,0.2341526448726654,0.3552502393722534,0.11862538754940033
YCR092C,YML032C,1,3.5831945,0.2346477061510086,0.35623160004615784,0.11862538754940033
YLL005C,YGL029W,0,3.5827346,0.2344961166381836,0.35623160004615784,0.11872557550668716
YAL055W,YPR152C,0,3.5826983,0.2343447357416153,0.35623160004615784,0.1188257709145546
YHR047C,YJL194W,0,3.5826008,0.23419354856014252,0.35623160004615784,0.11892595887184143
YPR175W,YER171W,1,3.5822937,0.23468729853630066,0.35721296072006226,0.11892595887184143
YOR149C,YJL047C,0,3.5822315,0.2345360815525055,0.35721296072006226,0.11902614682912827
YIL040W,YPL024W,0,3.5817735,0.23438505828380585,0.35721296072006226,0.1191263422369957
YHR164C,YGL094C,1,3.5811875,0.23487773537635803,0.3581943213939667,0.1191263422369957
YIR007W,YBR019C,0,3.5808332,0.234726682305336,0.3581943213939667,0.11922653019428253
YOR022C,YMR032W,0,3.5803316,0.23457583785057068,0.3581943213939667,0.11932671815156937
YFR029W,YJR113C,0,3.580263,0.23442517220973969,0.3581943213939667,0.1194269135594368
YJR036C,YHR191C,0,3.5796506,0.2342747151851654,0.3581943213939667,0.11952710151672363
YKR071C,YGL050W,0,3.5794232,0.23412443697452545,0.3581943213939667,0.11962728947401047
YKR053C,YKL074C,0,3.5788822,0.23397435247898102,0.3581943213939667,0.1197274848818779
YFR037C,YIL154C,1,3.5772293,0.234465092420578,0.3591756522655487,0.1197274848818779
YOR106W,YHR059W,0,3.5771132,0.23431497812271118,0.3591756522655487,0.11982767283916473
YNL194C,YHR203C,0,3.5762236,0.23416507244110107,0.3591756522655487,0.11992786079645157
YPL079W,YJL204C,0,3.5760286,0.2340153455734253,0.3591756522655487,0.120028056204319
YNL031C,YLR081W,0,3.5754051,0.23386581242084503,0.3591756522655487,0.12012824416160583
YEL006W,YLR165C,0,3.5752923,0.2337164729833603,0.3591756522655487,0.12022843211889267
YDR217C,YCL016C,0,3.5748222,0.23356732726097107,0.3591756522655487,0.1203286275267601
YEL019C,YDR019C,0,3.5747328,0.23341836035251617,0.3591756522655487,0.12042881548404694
YLR316C,YKL061W,0,3.5743322,0.233269602060318,0.3591756522655487,0.12052900344133377
YLR034C,YHR020W,0,3.5738776,0.23312102258205414,0.3591756522655487,0.1206291988492012
YCL068C,YNR044W,0,3.572436,0.2329726219177246,0.3591756522655487,0.12072938680648804
YDL059C,YLR265C,1,3.5713506,0.23346056044101715,0.3601570129394531,0.12072938680648804
YIL008W,YHR030C,0,3.5709944,0.23331214487552643,0.3601570129394531,0.12082957476377487
YLR353W,YGR144W,0,3.569246,0.23316390812397003,0.3601570129394531,0.1209297701716423
YDR434W,YIL011W,0,3.5680716,0.23301587998867035,0.3601570129394531,0.12102995812892914
YOL144W,YDR304C,0,3.5676067,0.2328680157661438,0.3601570129394531,0.12113014608621597
YLR067C,YDR494W,0,3.567354,0.23272036015987396,0.3601570129394531,0.12123033404350281
YML099C,YDL214C,0,3.5672252,0.23257288336753845,0.3601570129394531,0.12133052945137024
YBR008C,YIL139C,0,3.566985,0.23242558538913727,0.3601570129394531,0.12143071740865707
YLR345W,YGL231C,0,3.566444,0.2322784811258316,0.3601570129394531,0.12153090536594391
YHL006C,YHR135C,0,3.565878,0.23213155567646027,0.3601570129394531,0.12163110077381134
YCR046C,YJR082C,0,3.5648887,0.23198482394218445,0.3601570129394531,0.12173128873109818
YDR343C,YHR191C,0,3.5638993,0.23183828592300415,0.3601570129394531,0.12183147668838501
YLR234W,YNL197C,0,3.563852,0.23169191181659698,0.3601570129394531,0.12193167209625244
YMR190C,YIL148W,1,3.5635443,0.23217666149139404,0.36113837361335754,0.12193167209625244
YNL236W,YDR403W,0,3.5623038,0.2320302575826645,0.36113837361335754,0.12203186005353928
YIL035C,YGL130W,0,3.5620968,0.23188406229019165,0.36113837361335754,0.12213204801082611
YGR125W,YGR254W,0,3.5619817,0.23173803091049194,0.36113837361335754,0.12223224341869354
YMR137C,YJL173C,1,3.561056,0.23222152888774872,0.36211973428726196,0.12223224341869354
YHR039C-A,YGR252W,0,3.5602915,0.23207546770572662,0.36211973428726196,0.12233243137598038
YLR056W,YGL096W,0,3.5595288,0.23192960023880005,0.36211973428726196,0.12243261933326721
YDR386W,YLL036C,1,3.5584013,0.23241205513477325,0.363101065158844,0.12243261933326721
YFL003C,YPL204W,1,3.5568497,0.2328939139842987,0.3640824258327484,0.12243261933326721
YER173W,YPR052C,1,3.5565498,0.2333751618862152,0.36506378650665283,0.12243261933326721
YDR075W,YML011C,0,3.5562046,0.23322884738445282,0.36506378650665283,0.12253281474113464
YPL119C,YLR264W,0,3.555519,0.23308271169662476,0.36506378650665283,0.12263300269842148
YNL231C,YMR170C,0,3.5552573,0.23293675482273102,0.36506378650665283,0.12273319065570831
YHL025W,YEL019C,1,3.555158,0.23341676592826843,0.36604514718055725,0.12273319065570831
YPL128C,YLR451W,0,3.5551193,0.2332707941532135,0.36604514718055725,0.12283338606357574
YKL077W,YIL017C,0,3.5549836,0.2331250011920929,0.36604514718055725,0.12293357402086258
YJR067C,YPR106W,0,3.5543182,0.23297938704490662,0.36604514718055725,0.12303376197814941
YDR449C,YDR109C,0,3.5540178,0.23283395171165466,0.36604514718055725,0.12313395738601685
YDL235C,YJL179W,0,3.5528748,0.23268871009349823,0.36604514718055725,0.12323414534330368
YLR215C,YGR142W,0,3.5525227,0.23254364728927612,0.36604514718055725,0.12333433330059052
YDL107W,YLR347C,0,3.5518577,0.23239874839782715,0.36604514718055725,0.12343452870845795
YPR174C,YPR024W,0,3.5518014,0.2322540432214737,0.36604514718055725,0.12353471666574478
YMR137C,YMR284W,1,3.551669,0.23273180425167084,0.36702650785446167,0.12353471666574478
YHR005C-A,YIL002C,0,3.5495927,0.232587069272995,0.36702650785446167,0.12363490462303162
YMR192W,YLR300W,0,3.549364,0.23244251310825348,0.36702650785446167,0.12373510003089905
YNL246W,YBR073W,1,3.5493383,0.23291926085948944,0.3680078387260437,0.12373510003089905
YER056C,YBR153W,0,3.5490983,0.23277467489242554,0.3680078387260437,0.12383528798818588
YFR044C,YLR386W,0,3.548412,0.23263026773929596,0.3680078387260437,0.12393547594547272
YOR144C,YBL088C,1,3.5474064,0.23310601711273193,0.3689891993999481,0.12393547594547272
YML121W,YBR038W,0,3.5460155,0.23296158015727997,0.3689891993999481,0.12403567135334015
YLR383W,YHR081W,1,3.5457635,0.23343653976917267,0.36997056007385254,0.12403567135334015
YPL018W,YML019W,0,3.545693,0.23329207301139832,0.36997056007385254,0.12413585931062698
YLR357W,YDR460W,1,3.545346,0.23376622796058655,0.37095192074775696,0.12413585931062698
YMR137C,YDL102W,1,3.5449288,0.23423980176448822,0.3719332814216614,0.12413585931062698
YER149C,YGL131C,0,3.5446985,0.23409512639045715,0.3719332814216614,0.12423604726791382
YDR023W,YDL076C,0,3.5442457,0.23395061492919922,0.3719332814216614,0.12433623522520065
YEL062W,YKR001C,0,3.5435097,0.2338062971830368,0.3719332814216614,0.12443643063306808
YHR164C,YLR216C,0,3.541576,0.23366214334964752,0.3719332814216614,0.12453661859035492
YNL172W,YER018C,0,3.541366,0.23351818323135376,0.3719332814216614,0.12463680654764175
YPL022W,YFL008W,1,3.5410426,0.2339901477098465,0.3729146122932434,0.12463680654764175
YOL142W,YJL034W,0,3.5410264,0.23384615778923035,0.3729146122932434,0.12473700195550919
YOL088C,YCR066W,0,3.540808,0.23370233178138733,0.3729146122932434,0.12483718991279602
YHR156C,YML049C,0,3.5401366,0.23355869948863983,0.3729146122932434,0.12493737787008286
YDR288W,YNL102W,1,3.5400784,0.23402948677539825,0.3738959729671478,0.12493737787008286
YML118W,YLR060W,0,3.5386841,0.23388582468032837,0.3738959729671478,0.1250375658273697
YDR208W,YEL030W,0,3.5380795,0.23374232649803162,0.3738959729671478,0.12513776123523712
YAR009C,YPL265W,0,3.5376933,0.23359902203083038,0.3738959729671478,0.12523795664310455
YOR279C,YJL098W,0,3.5374157,0.23345588147640228,0.3738959729671478,0.1253381371498108
YIL103W,YIL159W,0,3.5371964,0.2333129197359085,0.3738959729671478,0.12543833255767822
YIL080W,YNR015W,0,3.536525,0.23317013680934906,0.3738959729671478,0.12553852796554565
YDR137W,YDR350C,0,3.5358999,0.23302751779556274,0.3738959729671478,0.1256387084722519
YJR144W,YBR136W,1,3.5343554,0.23349633812904358,0.37487733364105225,0.1256387084722519
YDR020C,YJL057C,0,3.5342047,0.23335368931293488,0.37487733364105225,0.12573890388011932
YCL008C,YLR295C,0,3.5337365,0.2332112342119217,0.37487733364105225,0.12583909928798676
YPR167C,YDL018C,0,3.5334787,0.23306894302368164,0.37487733364105225,0.125939279794693
YGR095C,YBR217W,0,3.5326135,0.23292683064937592,0.37487733364105225,0.12603947520256042
YFR028C,YBR171W,0,3.532551,0.23278488218784332,0.37487733364105225,0.12613967061042786
YCR079W,YCL014W,0,3.5323384,0.23264311254024506,0.37487733364105225,0.1262398511171341
YDR404C,YNL064C,0,3.5318935,0.23250152170658112,0.37487733364105225,0.12634004652500153
YJL139C,YOL141W,0,3.5315316,0.2323600947856903,0.37487733364105225,0.12644024193286896
YOL078W,YNR033W,0,3.530803,0.23221884667873383,0.37487733364105225,0.1265404224395752
YPR201W,YJL203W,0,3.5306165,0.23207776248455048,0.37487733364105225,0.12664061784744263
YDR301W,YMR175W,0,3.5305243,0.23193685710430145,0.37487733364105225,0.12674081325531006
YDL059C,YGL163C,1,3.5298917,0.23240290582180023,0.37585869431495667,0.12674081325531006
YCL074W,YKR079C,0,3.5296474,0.23226197063922882,0.37585869431495667,0.1268409937620163
YDR412W,YPR065W,0,3.5289476,0.23212121427059174,0.37585869431495667,0.12694118916988373
YOR351C,YDR285W,0,3.5287457,0.23198062181472778,0.37585869431495667,0.12704138457775116
YIL043C,YHR039C,0,3.5286705,0.23184019327163696,0.37585869431495667,0.1271415650844574
YAR007C,YOL034W,1,3.5283213,0.2323049008846283,0.3768400251865387,0.1271415650844574
YKR094C,YBR087W,1,3.528228,0.23276904225349426,0.3778213858604431,0.1271415650844574
YKL045W,YNL125C,0,3.5281537,0.23262840509414673,0.3778213858604431,0.12724176049232483
YPR155C,YPL283C,0,3.5276897,0.23248791694641113,0.3778213858604431,0.12734195590019226
YPL055C,YJL081C,0,3.5275218,0.23234762251377106,0.3778213858604431,0.1274421364068985
YPL188W,YBL018C,0,3.5268118,0.23220747709274292,0.3778213858604431,0.12754233181476593
YKR095W,YHR120W,1,3.5265653,0.23267027735710144,0.37880274653434753,0.12754233181476593
YDR289C,YDR255C,0,3.524329,0.2325301170349121,0.37880274653434753,0.12764252722263336
YNL164C,YKR022C,0,3.5237558,0.2323901206254959,0.37880274653434753,0.1277427077293396
YIL143C,YIL035C,0,3.5237427,0.23225030303001404,0.37880274653434753,0.12784290313720703
YBR186W,YKL090W,0,3.5236282,0.2321106493473053,0.37880274653434753,0.12794309854507446
YFL024C,YJL090C,1,3.5230854,0.23257210850715637,0.37978410720825195,0.12794309854507446
YMR011W,YNR060W,0,3.5225897,0.23243242502212524,0.37978410720825195,0.1280432790517807
YDR105C,YDL105W,0,3.521548,0.23229292035102844,0.37978410720825195,0.12814347445964813
YFL024C,YBR089C-A,1,3.5206828,0.2327534556388855,0.38076546788215637,0.12814347445964813
YLR361C,YPL007C,0,3.5206373,0.23261390626430511,0.38076546788215637,0.12824366986751556
YER147C,YDR499W,1,3.5202868,0.23307369649410248,0.3817467987537384,0.12824366986751556
YDR515W,YJL081C,0,3.5190303,0.2329341322183609,0.3817467987537384,0.1283438503742218
YJL042W,YOR205C,0,3.5187173,0.23279473185539246,0.3817467987537384,0.12844404578208923
YJL160C,YEL055C,0,3.5186021,0.23265549540519714,0.3817467987537384,0.12854424118995667
YGR224W,YIL002C,0,3.5171673,0.23251643776893616,0.3817467987537384,0.1286444216966629
YKL213C,YDR381W,1,3.517129,0.23297491669654846,0.3827281594276428,0.1286444216966629
YBR014C,YNL131W,0,3.5170105,0.2328358143568039,0.3827281594276428,0.12874461710453033
YMR137C,YNL058C,0,3.5168364,0.23269689083099365,0.3827281594276428,0.12884481251239777
YJR140C,YHR201C,0,3.516392,0.23255814611911774,0.3827281594276428,0.128944993019104
YPR056W,YER162C,1,3.5156283,0.2330154925584793,0.38370952010154724,0.128944993019104
YML133C,YBR222C,0,3.5150082,0.232876718044281,0.38370952010154724,0.12904518842697144
YBR189W,YCL040W,0,3.5141351,0.23273809254169464,0.38370952010154724,0.12914536893367767
YDR411C,YLR129W,0,3.5134766,0.2325996458530426,0.38370952010154724,0.1292455643415451
YML055W,YBR253W,0,3.5124521,0.2324613481760025,0.38370952010154724,0.12934575974941254
YPL223C,YFR001W,0,3.5119345,0.23232322931289673,0.38370952010154724,0.12944594025611877
YDR151C,YNR044W,0,3.5116537,0.2321852743625641,0.38370952010154724,0.1295461356639862
YHR185C,YER049W,0,3.5115,0.23204748332500458,0.38370952010154724,0.12964633107185364
YKR039W,YDR144C,0,3.5111988,0.231909841299057,0.38370952010154724,0.12974651157855988
YJL216C,YDR259C,0,3.5109499,0.23177237808704376,0.38370952010154724,0.1298467069864273
YOR362C,YIL103W,0,3.5108707,0.23163506388664246,0.38370952010154724,0.12994690239429474
YHL033C,YLR320W,0,3.5104978,0.23149792850017548,0.38370952010154724,0.13004708290100098
YNR019W,YMR106C,0,3.5101738,0.23136094212532043,0.38370952010154724,0.1301472783088684
YDR172W,YER041W,0,3.510057,0.23122413456439972,0.38370952010154724,0.13024747371673584
YPR121W,YGL005C,0,3.5097928,0.23108747601509094,0.38370952010154724,0.13034765422344208
YKR025W,YIL148W,0,3.5097425,0.2309509813785553,0.38370952010154724,0.1304478496313095
YPR119W,YNL006W,0,3.5092,0.2308146357536316,0.38370952010154724,0.13054804503917694
YGL127C,YLR320W,1,3.5091522,0.23126843571662903,0.38469088077545166,0.13054804503917694
YJR040W,YGL050W,0,3.508581,0.23113207519054413,0.38469088077545166,0.13064822554588318
YOR005C,YGL094C,1,3.5078485,0.23158514499664307,0.3856722414493561,0.13064822554588318
YLR405W,YDL175C,0,3.5077798,0.23144876956939697,0.3856722414493561,0.1307484209537506
YOR054C,YPL108W,0,3.5077486,0.23131254315376282,0.3856722414493561,0.13084861636161804
YIL019W,YIR003W,0,3.507624,0.2311764657497406,0.3856722414493561,0.13094879686832428
YPR086W,YBR154C,0,3.5073762,0.2310405671596527,0.3856722414493561,0.1310489922761917
YLR333C,YIL041W,0,3.5070534,0.23090481758117676,0.3856722414493561,0.13114918768405914
YDR090C,YOR260W,0,3.506312,0.23076923191547394,0.3856722414493561,0.13124936819076538
YDR398W,YER038C,0,3.505667,0.23063381016254425,0.3856722414493561,0.1313495635986328
YER139C,YAL042W,0,3.50532,0.2304985374212265,0.3856722414493561,0.13144975900650024
YBL052C,YMR280C,0,3.505283,0.23036342859268188,0.3856722414493561,0.13154993951320648
YBR208C,YPL001W,0,3.5047858,0.2302284687757492,0.3856722414493561,0.1316501349210739
YMR038C,YJL144W,0,3.5033026,0.23009367287158966,0.3856722414493561,0.13175033032894135
YMR137C,YDR317W,1,3.5028129,0.23054417967796326,0.3866535723209381,0.13175033032894135
YEL040W,YKL013C,0,3.5023596,0.23040935397148132,0.3866535723209381,0.13185051083564758
YGL085W,YHR183W,0,3.5021436,0.23027469217777252,0.3866535723209381,0.13195070624351501
YOR141C,YPR148C,0,3.501839,0.23014019429683685,0.3866535723209381,0.13205090165138245
YDL097C,YKL197C,0,3.5011816,0.23000583052635193,0.3866535723209381,0.13215108215808868
YJL124C,YMR021C,0,3.500664,0.22987164556980133,0.3866535723209381,0.13225127756595612
YLR393W,YLR081W,0,3.499841,0.22973760962486267,0.3866535723209381,0.13235147297382355
YFR029W,YNL307C,0,3.4988933,0.22960372269153595,0.3866535723209381,0.13245165348052979
YPR068C,YBR126C,0,3.498877,0.22946999967098236,0.3866535723209381,0.13255184888839722
YPR141C,YGR133W,0,3.498048,0.2293364405632019,0.3866535723209381,0.13265204429626465
YMR146C,YGL071W,0,3.4979455,0.2292030304670334,0.3866535723209381,0.1327522248029709
YHR154W,YER147C,1,3.4966443,0.22965116798877716,0.38763493299484253,0.1327522248029709
YHR169W,YLR337C,0,3.4954693,0.22951772809028625,0.38763493299484253,0.13285242021083832
YDR314C,YJL081C,1,3.4945583,0.22996515035629272,0.38861629366874695,0.13285242021083832
YBR031W,YPL280W,0,3.4935212,0.22983169555664062,0.38861629366874695,0.13295261561870575
YPR068C,YCR033W,0,3.4935186,0.22969837486743927,0.38861629366874695,0.133052796125412
YPR164W,YBR056W,0,3.4924834,0.22956521809101105,0.38861629366874695,0.13315299153327942
YDL154W,YNL078W,0,3.4924767,0.22943221032619476,0.38861629366874695,0.13325318694114685
YML102W,YCR066W,1,3.491847,0.22987839579582214,0.38959765434265137,0.13325318694114685
YDR497C,YLR210W,0,3.4904115,0.22974537312984467,0.38959765434265137,0.1333533674478531
YPL046C,YBR136W,1,3.4903321,0.23019085824489594,0.3905789852142334,0.1333533674478531
YLR278C,YNL082W,0,3.4897377,0.23005780577659607,0.3905789852142334,0.13345356285572052
YDL077C,YDL025C,0,3.4890163,0.22992490231990814,0.3905789852142334,0.13355375826358795
YDR332W,YDR416W,0,3.4885068,0.22979214787483215,0.3905789852142334,0.1336539387702942
YOR032C,YGR055W,0,3.4882915,0.2296595573425293,0.3905789852142334,0.13375413417816162
YBR195C,YPL204W,1,3.4880683,0.23010380566120148,0.3915603458881378,0.13375413417816162
YKR002W,YGR072W,0,3.4865801,0.22997118532657623,0.3915603458881378,0.13385432958602905
YIL139C,YNL214W,0,3.4860165,0.22983871400356293,0.3915603458881378,0.1339545100927353
YLR215C,YDL072C,0,3.484913,0.22970639169216156,0.3915603458881378,0.13405470550060272
YHR118C,YNL117W,0,3.484812,0.22957421839237213,0.3915603458881378,0.13415490090847015
YLR055C,YBR019C,0,3.4844983,0.22944220900535583,0.3915603458881378,0.1342550814151764
YNR019W,YBR276C,0,3.4832914,0.22931034862995148,0.3915603458881378,0.13435527682304382
YNL250W,YDR460W,1,3.483148,0.2297530174255371,0.39254170656204224,0.13435527682304382
YML096W,YNL172W,0,3.482433,0.22962112724781036,0.39254170656204224,0.13445547223091125
YDR310C,YGL050W,0,3.4818552,0.22948938608169556,0.39254170656204224,0.1345556527376175
YNL178W,YDR407C,0,3.4806466,0.2293577939271927,0.39254170656204224,0.13465584814548492
YER048C,YMR158W,0,3.480623,0.22922636568546295,0.39254170656204224,0.13475604355335236
YJR041C,YOR215C,0,3.4802337,0.22909507155418396,0.39254170656204224,0.1348562240600586
YPL218W,YKL020C,0,3.4791262,0.2289639413356781,0.39254170656204224,0.13495641946792603
YLR393W,YNR010W,0,3.4784486,0.22883294522762299,0.39254170656204224,0.13505661487579346
YGL156W,YIL031W,0,3.4780862,0.228702113032341,0.39254170656204224,0.1351567953824997
YKL117W,YOL146W,0,3.4774668,0.22857142984867096,0.39254170656204224,0.13525699079036713
YDL098C,YEL048C,0,3.4769897,0.22844089567661285,0.39254170656204224,0.13535717129707336
YPL112C,YCL039W,0,3.476341,0.2283104956150055,0.39254170656204224,0.1354573667049408
YER103W,YJR035W,0,3.4759903,0.22818025946617126,0.39254170656204224,0.13555756211280823
YDR311W,YBR073W,1,3.4758632,0.22862029075622559,0.39352306723594666,0.13555756211280823
YFL045C,YAL011W,0,3.475713,0.22849002480506897,0.39352306723594666,0.13565774261951447
YIL168W,YDL031W,0,3.475587,0.2283599078655243,0.39352306723594666,0.1357579380273819
YPL180W,YBL099W,0,3.4753382,0.22822993993759155,0.39352306723594666,0.13585813343524933
YDR030C,YBR089C-A,1,3.4752543,0.2286689430475235,0.3945044279098511,0.13585813343524933
YOR367W,YJL144W,0,3.474666,0.22853894531726837,0.3945044279098511,0.13595831394195557
YLR178C,YMR033W,0,3.4741032,0.22840909659862518,0.3945044279098511,0.136058509349823
YKR094C,YDR121W,1,3.4740255,0.22884725034236908,0.3954857587814331,0.136058509349823
YGL013C,YLR055C,0,3.473694,0.2287173718214035,0.3954857587814331,0.13615870475769043
YBR191W,YOL021C,0,3.4720776,0.22858762741088867,0.3954857587814331,0.13625888526439667
YMR273C,YJR064W,0,3.4718232,0.22845804691314697,0.3954857587814331,0.1363590806722641
YGL004C,YKR095W,0,3.471003,0.2283286154270172,0.3954857587814331,0.13645927608013153
YMR032W,YIR035C,0,3.4705374,0.2281993180513382,0.3954857587814331,0.13655945658683777
YGR287C,YGR152C,0,3.470507,0.22807016968727112,0.3954857587814331,0.1366596519947052
YBL002W,YKR102W,0,3.4700527,0.22794117033481598,0.3954857587814331,0.13675984740257263
YGL150C,YKL045W,1,3.4698462,0.22837761044502258,0.3964671194553375,0.13675984740257263
YML023C,YPL022W,1,3.4682505,0.2288135588169098,0.39744848012924194,0.13675984740257263
YNL048W,YNL102W,0,3.4674177,0.22868436574935913,0.39744848012924194,0.13686002790927887
YGR258C,YFL039C,1,3.4671843,0.22911964356899261,0.39842984080314636,0.13686002790927887
YEL062W,YOR313C,0,3.4659498,0.22899040579795837,0.39842984080314636,0.1369602233171463
YLR228C,YBR073W,0,3.4659326,0.22886133193969727,0.39842984080314636,0.13706041872501373
YNL136W,YML021C,1,3.465804,0.2292957752943039,0.3994112014770508,0.13706041872501373
YLR242C,YAL019W,0,3.4646819,0.2291666716337204,0.3994112014770508,0.13716059923171997
YIL128W,YNL118C,0,3.4646378,0.22903770208358765,0.3994112014770508,0.1372607946395874
YIL063C,YIL147C,0,3.463259,0.22890888154506683,0.3994112014770508,0.13736099004745483
YEL029C,YDL042C,0,3.4627438,0.22878021001815796,0.3994112014770508,0.13746117055416107
YPR111W,YJL214W,0,3.462626,0.22865168750286102,0.3994112014770508,0.1375613659620285
YPR095C,YIR003W,0,3.4625456,0.22852329909801483,0.3994112014770508,0.13766156136989594
YOR060C,YMR159C,0,3.4622645,0.22839505970478058,0.3994112014770508,0.13776174187660217
YNL299W,YDR180W,1,3.4622395,0.2288278192281723,0.4003925323486328,0.13776174187660217
YGL212W,YPL086C,0,3.461995,0.22869955003261566,0.4003925323486328,0.1378619372844696
YKL113C,YJL112W,0,3.4617665,0.22857142984867096,0.4003925323486328,0.13796213269233704
YHR047C,YLR191W,0,3.4617286,0.228443443775177,0.4003925323486328,0.13806231319904327
YPL188W,YOL093W,0,3.4614184,0.22831560671329498,0.4003925323486328,0.1381625086069107
YFL057C,YNL177C,0,3.460594,0.2281879186630249,0.4003925323486328,0.13826270401477814
YKL063C,YNR026C,0,3.4605398,0.22806036472320557,0.4003925323486328,0.13836288452148438
YDR105C,YDL154W,0,3.4601443,0.22793295979499817,0.4003925323486328,0.1384630799293518
YCL018W,YMR182C,0,3.4600189,0.22780568897724152,0.4003925323486328,0.13856327533721924
YOL136C,YER014C-A,0,3.459595,0.2276785671710968,0.4003925323486328,0.13866345584392548
YGR092W,YGR133W,0,3.4592702,0.22755159437656403,0.4003925323486328,0.1387636512517929
YDL147W,YJL212C,0,3.459254,0.227424755692482,0.4003925323486328,0.13886384665966034
YNL194C,YBR180W,0,3.4588592,0.2272980511188507,0.4003925323486328,0.13896402716636658
YOR234C,YKL058W,0,3.4585407,0.22717149555683136,0.4003925323486328,0.139064222574234
YDR409W,YGL070C,0,3.4582908,0.22704507410526276,0.4003925323486328,0.13916441798210144
YJL083W,YNL254C,0,3.4575474,0.2269188016653061,0.4003925323486328,0.13926459848880768
YML029W,YMR025W,0,3.4569302,0.22679266333580017,0.4003925323486328,0.1393647938966751
YLR394W,YBR018C,0,3.456559,0.2266666740179062,0.4003925323486328,0.13946498930454254
YJR046W,YEL003W,0,3.456433,0.22654080390930176,0.4003925323486328,0.13956516981124878
YDL156W,YGL170C,0,3.4553373,0.22641509771347046,0.4003925323486328,0.1396653652191162
YDR235W,YPR106W,0,3.454879,0.2262895107269287,0.4003925323486328,0.13976556062698364
YLR182W,YMR250W,0,3.4537132,0.2261640727519989,0.4003925323486328,0.13986574113368988
YDR353W,YJL204C,0,3.4534152,0.22603878378868103,0.4003925323486328,0.1399659365415573
YMR067C,YDR092W,0,3.4521272,0.2259136140346527,0.4003925323486328,0.14006613194942474
YMR106C,YGL060W,0,3.450979,0.22578859329223633,0.4003925323486328,0.14016631245613098
YOR243C,YEL011W,0,3.4506443,0.22566372156143188,0.4003925323486328,0.1402665078639984
YER175C,YDL121C,0,3.4500473,0.225538969039917,0.4003925323486328,0.14036670327186584
YCR016W,YGL194C,0,3.4492707,0.22541436553001404,0.4003925323486328,0.14046688377857208
YHR157W,YLR132C,0,3.4483006,0.22528989613056183,0.4003925323486328,0.14056707918643951
YLL003W,YIL006W,0,3.4482994,0.22516556084156036,0.4003925323486328,0.14066727459430695
YBR279W,YJR026W,0,3.4482586,0.22504137456417084,0.4003925323486328,0.14076745510101318
YFR037C,YOL095C,1,3.4481013,0.22546857595443726,0.40137389302253723,0.14076745510101318
YDR292C,YDR067C,0,3.4477954,0.22534435987472534,0.40137389302253723,0.14086765050888062
YGR002C,YLR007W,1,3.4474099,0.22577092051506042,0.40235525369644165,0.14086765050888062
YPR100W,YCR063W,0,3.447026,0.22564667463302612,0.40235525369644165,0.14096784591674805
YHR119W,YBR222C,0,3.4469855,0.22552254796028137,0.40235525369644165,0.14106802642345428
YIL177C,YIL108W,0,3.4463332,0.22539857029914856,0.40235525369644165,0.14116822183132172
YER145C,YOR232W,0,3.4452043,0.2252747267484665,0.40235525369644165,0.14126841723918915
YLR324W,YJR035W,0,3.4449975,0.22515101730823517,0.40235525369644165,0.14136859774589539
YOR033C,YML021C,1,3.444193,0.22557629644870758,0.40333661437034607,0.14136859774589539
YDL235C,YPR034W,0,3.442742,0.22545255720615387,0.40333661437034607,0.14146879315376282
YOR003W,YOR261C,0,3.4415724,0.2253289520740509,0.40333661437034607,0.14156897366046906
YBR215W,YMR236W,0,3.4406354,0.22520548105239868,0.40333661437034607,0.1416691690683365
YCL035C,YDR191W,0,3.4389017,0.2250821441411972,0.40333661437034607,0.14176936447620392
YHR057C,YNL329C,0,3.4385216,0.22495895624160767,0.40333661437034607,0.14186954498291016
YML069W,YLR007W,1,3.4370997,0.2253829389810562,0.4043179452419281,0.14186954498291016
YGL005C,YIL085C,0,3.4365737,0.2252597063779831,0.4043179452419281,0.1419697403907776
YKR095W,YMR048W,1,3.4351194,0.2256830632686615,0.4052993059158325,0.1419697403907776
YJR144W,YML049C,0,3.434505,0.225559800863266,0.4052993059158325,0.14206993579864502
YPL164C,YNL102W,1,3.4344797,0.22598253190517426,0.40628066658973694,0.14206993579864502
YBR155W,YEL012W,0,3.4341958,0.22585923969745636,0.40628066658973694,0.14217011630535126
YML098W,YAR042W,0,3.4340894,0.2257360965013504,0.40628066658973694,0.1422703117132187
YMR238W,YNL317W,0,3.43388,0.225613072514534,0.40628066658973694,0.14237050712108612
YGL070C,YFL021W,0,3.4332435,0.22549019753932953,0.40628066658973694,0.14247068762779236
YGL220W,YPR030W,0,3.4327743,0.2253674417734146,0.40628066658973694,0.1425708830356598
YPR003C,YML112W,0,3.4326987,0.22524483501911163,0.40628066658973694,0.14267107844352722
YER118C,YOR313C,0,3.4321826,0.2251223474740982,0.40628066658973694,0.14277125895023346
YER146W,YBL005W-A,0,3.4318564,0.22499999403953552,0.40628066658973694,0.1428714543581009
YER017C,YIL005W,0,3.4316373,0.22487778961658478,0.40628066658973694,0.14297164976596832
YGL179C,YBR195C,0,3.4309962,0.22475570440292358,0.40628066658973694,0.14307183027267456
YLR182W,YOR299W,0,3.4306061,0.22463375329971313,0.40628066658973694,0.143172025680542
YGL131C,YER019W,0,3.4304597,0.22451193630695343,0.40628066658973694,0.14327222108840942
YNL023C,YKL103C,0,3.4303606,0.22439023852348328,0.40628066658973694,0.14337240159511566
YOR346W,YCR014C,1,3.4296787,0.2248104065656662,0.40726202726364136,0.14337240159511566
YOR110W,YKL090W,0,3.429441,0.22468867897987366,0.40726202726364136,0.1434725970029831
YNL153C,YER151C,0,3.4291732,0.22456710040569305,0.40726202726364136,0.14357279241085052
YFL061W,YOR187W,0,3.4282324,0.224445641040802,0.40726202726364136,0.14367297291755676
YNL085W,YKL221W,0,3.427082,0.2243243306875229,0.40726202726364136,0.1437731683254242
YGR078C,YBL091C-A,0,3.4266808,0.22420313954353333,0.40726202726364136,0.14387336373329163
YCL011C,YPR127W,0,3.425586,0.2240820676088333,0.40726202726364136,0.14397354423999786
YOR349W,YMR075W,0,3.4251683,0.22396114468574524,0.40726202726364136,0.1440737396478653
YMR190C,YHR164C,1,3.4241989,0.22437971830368042,0.4082433879375458,0.1440737396478653
YBR043C,YKL103C,0,3.4235334,0.22425876557826996,0.4082433879375458,0.14417393505573273
YDR080W,YMR190C,0,3.4228365,0.22413793206214905,0.4082433879375458,0.14427411556243896
YJL092W,YDL072C,0,3.4218538,0.22401723265647888,0.4082433879375458,0.1443743109703064
YLR278C,YNL016W,0,3.421356,0.22389666736125946,0.4082433879375458,0.14447450637817383
YNL088W,YIL120W,0,3.4203303,0.2237762212753296,0.4082433879375458,0.14457468688488007
YGL180W,YJL184W,0,3.420058,0.22365590929985046,0.4082433879375458,0.1446748822927475
YDR150W,YLR216C,0,3.4199443,0.22353573143482208,0.4082433879375458,0.14477507770061493
YDL126C,YIL046W,0,3.4194148,0.22341568768024445,0.4082433879375458,0.14487525820732117
YDR040C,YBR188C,0,3.4193928,0.22329576313495636,0.4082433879375458,0.1449754536151886
YIR018W,YMR025W,0,3.4188724,0.22317597270011902,0.4082433879375458,0.14507564902305603
YGR171C,YCL044C,0,3.4145696,0.22305630147457123,0.4082433879375458,0.14517582952976227
YJR129C,YBR244W,0,3.4141428,0.22293676435947418,0.4082433879375458,0.1452760249376297
YIL105C,YJR035W,0,3.4137256,0.22281736135482788,0.4082433879375458,0.14537622034549713
YDL097C,YER044C-A,0,3.413328,0.22269807755947113,0.4082433879375458,0.14547640085220337
YOR001W,YDR386W,0,3.413314,0.22257891297340393,0.4082433879375458,0.1455765962600708
YNL309W,YBR177C,0,3.412987,0.22245989739894867,0.4082433879375458,0.14567679166793823
YGR105W,YBR057C,0,3.410724,0.22234100103378296,0.4082433879375458,0.14577697217464447
YPL153C,YLR357W,1,3.4099436,0.22275641560554504,0.4092247188091278,0.14577697217464447
YPL022W,YBR089C-A,1,3.4097693,0.2231713831424713,0.4102060794830322,0.14577697217464447
YOR354C,YIR013C,0,3.4091454,0.22305229306221008,0.4102060794830322,0.1458771675825119
YML112W,YLR115W,0,3.408611,0.2229333370923996,0.4102060794830322,0.14597736299037933
YJR057W,YNL092W,0,3.4073377,0.22281450033187866,0.4102060794830322,0.14607754349708557
YKL033W,YIR031C,0,3.407036,0.22269579768180847,0.4102060794830322,0.146177738904953
YIR002C,YBR098W,1,3.4066622,0.22310969233512878,0.41118744015693665,0.146177738904953
YHL015W,YIR031C,0,3.4065707,0.2229909598827362,0.41118744015693665,0.14627793431282043
YGL061C,YNR006W,0,3.4054585,0.22287234663963318,0.41118744015693665,0.14637811481952667
YER146W,YPR182W,0,3.405271,0.2227538526058197,0.41118744015693665,0.1464783102273941
YKL045W,YHR090C,1,3.4049582,0.2231668382883072,0.41216880083084106,0.1464783102273941
YBL058W,YPL273W,0,3.404851,0.22304832935333252,0.41216880083084106,0.14657850563526154
YMR201C,YBR228W,1,3.404343,0.22346071898937225,0.4131501615047455,0.14657850563526154
YMR291W,YMR300C,0,3.4042754,0.2233421802520752,0.4131501615047455,0.14667868614196777
YLR055C,YFL055W,0,3.4042156,0.2232237607240677,0.4131501615047455,0.1467788815498352
YBR172C,YBR294W,0,3.4037273,0.22310546040534973,0.4131501615047455,0.14687907695770264
YIL043C,YDR415C,0,3.4035835,0.22298729419708252,0.4131501615047455,0.14697925746440887
YJL127C,YLR357W,1,3.4035048,0.2233986258506775,0.4141314923763275,0.14697925746440887
YOL043C,YML110C,0,3.403299,0.2232804298400879,0.4141314923763275,0.1470794528722763
YJL002C,YDR386W,0,3.4031231,0.22316235303878784,0.4141314923763275,0.14717964828014374
YKL052C,YMR134W,0,3.402798,0.22304439544677734,0.4141314923763275,0.14727982878684998
YLL036C,YNL282W,0,3.4019763,0.2229265719652176,0.4141314923763275,0.1473800241947174
YLR020C,YGL126W,0,3.401661,0.2228088676929474,0.4141314923763275,0.14748021960258484
YIR010W,YNR046W,0,3.4016316,0.22269129753112793,0.4141314923763275,0.14758040010929108
YPR007C,YDL201W,0,3.4013917,0.22257384657859802,0.4141314923763275,0.1476805955171585
YGR023W,YMR318C,0,3.4011521,0.22245651483535767,0.4141314923763275,0.14778079092502594
YGR090W,YDL035C,0,3.4007065,0.22233930230140686,0.4141314923763275,0.14788097143173218
YOR283W,YDR160W,0,3.4005916,0.2222222238779068,0.4141314923763275,0.1479811668395996
YLR182W,YHR096C,0,3.3990295,0.2221052646636963,0.4141314923763275,0.14808134734630585
YCR045C,YDL031W,0,3.3983479,0.22198842465877533,0.4141314923763275,0.14818154275417328
YPR163C,YJR086W,0,3.3978255,0.22187171876430511,0.4141314923763275,0.1482817381620407
YGL150C,YNL008C,0,3.3977513,0.22175511717796326,0.4141314923763275,0.14838191866874695
YFL009W,YOR313C,0,3.3968806,0.22163864970207214,0.4141314923763275,0.14848211407661438
YKL120W,YNL288W,0,3.3963428,0.22152231633663177,0.4141314923763275,0.1485823094844818
YGR206W,YJR050W,0,3.3961313,0.22140608727931976,0.4141314923763275,0.14868248999118805
YPR174C,YDR470C,0,3.3955934,0.2212899774312973,0.4141314923763275,0.14878268539905548
YHR003C,YAL033W,0,3.3955176,0.22117400169372559,0.4141314923763275,0.1488828808069229
YOL009C,YJL071W,0,3.3954432,0.22105814516544342,0.4141314923763275,0.14898306131362915
YNR063W,YML006C,0,3.3947644,0.2209424078464508,0.4141314923763275,0.14908325672149658
YOR227W,YNL294C,0,3.394612,0.22082678973674774,0.4141314923763275,0.149183452129364
YBR288C,YGR140W,0,3.3940313,0.22071129083633423,0.4141314923763275,0.14928363263607025
YKL171W,YER185W,0,3.3936737,0.22059592604637146,0.4141314923763275,0.14938382804393768
YER177W,YLL032C,0,3.3934946,0.22048066556453705,0.4141314923763275,0.14948402345180511
YOR273C,YNL124W,0,3.393368,0.22036553919315338,0.4141314923763275,0.14958420395851135
YDR123C,YAL009W,0,3.3931646,0.22025051712989807,0.4141314923763275,0.14968439936637878
YPR135W,YBR089C-A,1,3.3930583,0.22065727412700653,0.41511285305023193,0.14968439936637878
YBR215W,YGL073W,0,3.3928444,0.22054223716259003,0.41511285305023193,0.14978459477424622
YML007W,YMR065W,0,3.3927143,0.22042730450630188,0.41511285305023193,0.14988477528095245
YAR009C,YPL283C,0,3.3926136,0.22031250596046448,0.41511285305023193,0.14998497068881989
YGR002C,YIL153W,1,3.3922913,0.2207183688879013,0.41609421372413635,0.14998497068881989
YKL052C,YNL190W,0,3.3914492,0.22060354053974152,0.41609421372413635,0.15008516609668732
YIL056W,YDL081C,0,3.390237,0.22048881649971008,0.41609421372413635,0.15018534660339355
YLR305C,YDR173C,0,3.389535,0.2203742265701294,0.41609421372413635,0.150285542011261
YOL095C,YHL006C,1,3.3889933,0.22077922523021698,0.41707557439804077,0.150285542011261
YIL010W,YLL052C,0,3.3883832,0.2206645905971527,0.41707557439804077,0.15038573741912842
YJR042W,YBR059C,0,3.3879962,0.220550075173378,0.41707557439804077,0.15048591792583466
YCR014C,YEL042W,0,3.387552,0.22043567895889282,0.41707557439804077,0.1505861133337021
YMR213W,YMR160W,0,3.3874629,0.2203214168548584,0.41707557439804077,0.15068630874156952
YLR323C,YJR138W,0,3.386314,0.22020725905895233,0.41707557439804077,0.15078648924827576
YOR382W,YLR226W,0,3.3861897,0.22009322047233582,0.41707557439804077,0.1508866846561432
YDR437W,YNR044W,0,3.38614,0.21997930109500885,0.41707557439804077,0.15098688006401062
YJR068W,YDR138W,1,3.384916,0.22038282454013824,0.4180569052696228,0.15098688006401062
YKR019C,YOR113W,0,3.3845465,0.2202688753604889,0.4180569052696228,0.15108706057071686
YER165W,YIL049W,0,3.3832266,0.2201550453901291,0.4180569052696228,0.1511872559785843
YGR098C,YOR241W,0,3.3829167,0.22004131972789764,0.4180569052696228,0.15128745138645172
YOL069W,YOL028C,0,3.382129,0.21992772817611694,0.4180569052696228,0.15138763189315796
YMR116C,YOR341W,0,3.3818998,0.2198142409324646,0.4180569052696228,0.1514878273010254
YDR409W,YJL026W,0,3.3816142,0.2197008728981018,0.4180569052696228,0.15158802270889282
YBR215W,YJL176C,0,3.3813317,0.21958762407302856,0.4180569052696228,0.15168820321559906
YDR030C,YGL025C,0,3.3801591,0.21947449445724487,0.4180569052696228,0.1517883986234665
YDR471W,YAL048C,0,3.3794553,0.21936148405075073,0.4180569052696228,0.15188859403133392
YKL041W,YLR262C,0,3.379188,0.21924857795238495,0.4180569052696228,0.15198877453804016
YDL156W,YEL006W,0,3.3790772,0.2191358059644699,0.4180569052696228,0.1520889699459076
YNL027W,YHL006C,0,3.3777978,0.21902313828468323,0.4180569052696228,0.15218916535377502
YDR430C,YLR064W,0,3.377484,0.2189105898141861,0.4180569052696228,0.15228934586048126
YPL141C,YNL294C,0,3.377134,0.21879814565181732,0.4180569052696228,0.1523895412683487
YJR144W,YHR079C-A,1,3.3768308,0.21919918060302734,0.4190382659435272,0.1523895412683487
YOR367W,YNL025C,0,3.3764565,0.21908670663833618,0.4190382659435272,0.15248973667621613
YJL059W,YJL104W,0,3.375919,0.21897435188293457,0.4190382659435272,0.15258991718292236
YGL061C,YIL031W,0,3.37555,0.2188621163368225,0.4190382659435272,0.1526901125907898
YFR037C,YER173W,1,3.3754158,0.21926230192184448,0.42001962661743164,0.1526901125907898
YAR042W,YNL107W,0,3.3734608,0.21915002167224884,0.42001962661743164,0.15279030799865723
YJL173C,YIL139C,1,3.3732197,0.21954964101314545,0.42100098729133606,0.15279030799865723
YPL237W,YOL009C,0,3.372599,0.2194373458623886,0.42100098729133606,0.15289048850536346
YDR222W,YDL133C-A,0,3.3725345,0.21932515501976013,0.42100098729133606,0.1529906839132309
YBR101C,YKL216W,0,3.3714554,0.2192130833864212,0.42100098729133606,0.15309087932109833
YMR167W,YJL155C,0,3.3713446,0.21910113096237183,0.42100098729133606,0.15319105982780457
YJR088C,YKL038W,0,3.3705022,0.2189892828464508,0.42100098729133606,0.153291255235672
YHR118C,YDL161W,0,3.370115,0.21887755393981934,0.42100098729133606,0.15339145064353943
YJR102C,YDR057W,0,3.3700788,0.21876592934131622,0.42100098729133606,0.15349163115024567
YDR092W,YJR068W,1,3.3697875,0.21916411817073822,0.4219823479652405,0.15349163115024567
YER118C,YNL097C,0,3.3689313,0.21905246376991272,0.4219823479652405,0.1535918265581131
YML069W,YIL139C,1,3.3689272,0.21945010125637054,0.4229636788368225,0.1535918265581131
YBR170C,YJR153W,0,3.3688295,0.21933841705322266,0.4229636788368225,0.15369202196598053
YMR046C,YLR077W,0,3.3683217,0.21922685205936432,0.4229636788368225,0.15379220247268677
YER138C,YLR216C,0,3.368158,0.21911540627479553,0.4229636788368225,0.1538923978805542
YML010W,YDR108W,0,3.3664205,0.2190040647983551,0.4229636788368225,0.15399259328842163
YGR268C,YDL208W,0,3.3664162,0.21889284253120422,0.4229636788368225,0.15409277379512787
YIL143C,YOL009C,0,3.36533,0.2187817245721817,0.4229636788368225,0.1541929692029953
YPL086C,YDL132W,0,3.3650916,0.21867072582244873,0.4229636788368225,0.15429314970970154
YLR316C,YHR103W,0,3.3650806,0.21855983138084412,0.4229636788368225,0.15439334511756897
YFR038W,YOL004W,0,3.3646474,0.21844905614852905,0.4229636788368225,0.1544935405254364
YER013W,YKR079C,0,3.364354,0.21833840012550354,0.4229636788368225,0.15459372103214264
YKL041W,YGR207C,0,3.3631454,0.21822784841060638,0.4229636788368225,0.15469391644001007
YKL174C,YHL035C,0,3.3631322,0.21811741590499878,0.4229636788368225,0.1547941118478775
YCR033W,YJR103W,0,3.3631186,0.21800708770751953,0.4229636788368225,0.15489429235458374
YLR005W,YMR224C,1,3.3626294,0.2184024304151535,0.42394503951072693,0.15489429235458374
YDR351W,YOL116W,0,3.362456,0.21829207241535187,0.42394503951072693,0.15499448776245117
YJR129C,YCL026C-A,0,3.3621514,0.2181818187236786,0.42394503951072693,0.1550946831703186
YHR135C,YOR191W,0,3.3620765,0.21807168424129486,0.42394503951072693,0.15519486367702484
YGR186W,YBR014C,0,3.361713,0.2179616540670395,0.42394503951072693,0.15529505908489227
YHR014W,YAR008W,0,3.3612158,0.21785174310207367,0.42394503951072693,0.1553952544927597
YKL163W,YDR159W,0,3.3609242,0.2177419364452362,0.42394503951072693,0.15549543499946594
YGR239C,YDL004W,0,3.358309,0.2176322489976883,0.42394503951072693,0.15559563040733337
YFL003C,YCL044C,0,3.3578413,0.21752266585826874,0.42394503951072693,0.1556958258152008
YER109C,YMR172W,0,3.3577754,0.21741318702697754,0.42394503951072693,0.15579600632190704
YDL077C,YCL044C,0,3.3575711,0.2173038274049759,0.42394503951072693,0.15589620172977448
YMR243C,YIL073C,0,3.3567784,0.2171945720911026,0.42394503951072693,0.1559963971376419
YFR031C,YPR155C,0,3.3566155,0.21708542108535767,0.42394503951072693,0.15609657764434814
YPR120C,YGR068C,0,3.3565018,0.21697638928890228,0.42394503951072693,0.15619677305221558
YGL170C,YER117W,0,3.355934,0.21686747670173645,0.42394503951072693,0.156296968460083
YIL006W,YGR239C,0,3.3554785,0.21675865352153778,0.42394503951072693,0.15639714896678925
YNL286W,YOR177C,0,3.3532872,0.21664994955062866,0.42394503951072693,0.15649734437465668
YJL104W,YFR016C,0,3.3528194,0.2165413498878479,0.42394503951072693,0.1565975397825241
YOR260W,YOL034W,0,3.352378,0.2164328694343567,0.42394503951072693,0.15669772028923035
YEL039C,YBR244W,0,3.3515337,0.21632449328899384,0.42394503951072693,0.15679791569709778
YNL051W,YLR129W,0,3.3514998,0.21621622145175934,0.42394503951072693,0.1568981111049652
YOR368W,YBR073W,1,3.3512018,0.21660830080509186,0.42492640018463135,0.1568981111049652
YKL170W,YLR004C,0,3.349947,0.21649999916553497,0.42492640018463135,0.15699829161167145
YOR098C,YCR066W,0,3.349716,0.21639180183410645,0.42492640018463135,0.15709848701953888
YHR124W,YGR195W,0,3.349079,0.21628372371196747,0.42492640018463135,0.1571986824274063
YER142C,YNL136W,1,3.3478148,0.21667498350143433,0.42590776085853577,0.1571986824274063
YLL014W,YMR035W,0,3.3469856,0.21656686067581177,0.42590776085853577,0.15729886293411255
YNL262W,YDR363W,0,3.3462842,0.21645885705947876,0.42590776085853577,0.15739905834197998
YDR316W,YDR191W,0,3.345752,0.21635094285011292,0.42590776085853577,0.1574992537498474
YDR217C,YGL163C,1,3.3448904,0.2167413979768753,0.4268891215324402,0.1574992537498474
YLR429W,YJL144W,0,3.3447714,0.21663346886634827,0.4268891215324402,0.15759943425655365
YDR288W,YBR089C-A,1,3.3443253,0.21702338755130768,0.4278704524040222,0.15759943425655365
YGR082W,YIL016W,0,3.343807,0.21691542863845825,0.4278704524040222,0.15769962966442108
YDR104C,YGR070W,0,3.342683,0.216807559132576,0.4278704524040222,0.1577998250722885
YPL161C,YCL032W,0,3.3425424,0.21669979393482208,0.4278704524040222,0.15790000557899475
YKL092C,YKL161C,0,3.342345,0.21659214794635773,0.4278704524040222,0.15800020098686218
YNL126W,YGR244C,0,3.3423305,0.21648460626602173,0.4278704524040222,0.15810039639472961
YLR189C,YFL033C,0,3.3413355,0.2163771688938141,0.4278704524040222,0.15820057690143585
YPR061C,YBR083W,0,3.3410685,0.2162698358297348,0.4278704524040222,0.15830077230930328
YDR030C,YMR232W,0,3.3408167,0.21616262197494507,0.4278704524040222,0.15840096771717072
YPL256C,YKL103C,0,3.3405523,0.2160554975271225,0.4278704524040222,0.15850114822387695
YDR381W,YLR411W,0,3.340449,0.21594849228858948,0.4278704524040222,0.15860134363174438
YIL119C,YAL005C,0,3.340315,0.21584159135818481,0.4278704524040222,0.15870153903961182
YIR038C,YDL049C,0,3.3399844,0.21573477983474731,0.4278704524040222,0.15880171954631805
YJL085W,YJL172W,0,3.3389094,0.21562808752059937,0.4278704524040222,0.15890191495418549
YJR068W,YMR224C,1,3.3386965,0.21601581573486328,0.42885181307792664,0.15890191495418549
YMR283C,YNL026W,0,3.3386555,0.21590909361839294,0.42885181307792664,0.15900211036205292
YGR258C,YGR172C,0,3.3384824,0.21580247581005096,0.42885181307792664,0.15910229086875916
YGL096W,YJL096W,0,3.3382323,0.21569594740867615,0.42885181307792664,0.1592024862766266
YIL159W,YGR121C,0,3.3379102,0.21558953821659088,0.42885181307792664,0.15930268168449402
YMR101C,YPR185W,0,3.3376153,0.21548323333263397,0.42885181307792664,0.15940286219120026
YPR060C,YFL050C,0,3.3372786,0.21537703275680542,0.42885181307792664,0.1595030575990677
YDL072C,YFR013W,0,3.3356366,0.21527093648910522,0.42885181307792664,0.15960325300693512
YGR056W,YJR035W,1,3.3349574,0.2156573086977005,0.42983317375183105,0.15960325300693512
YPR164W,YLR265C,1,3.3338387,0.21604330837726593,0.4308145344257355,0.15960325300693512
YOL145C,YOR303W,0,3.3336983,0.2159370332956314,0.4308145344257355,0.15970343351364136
YBR010W,YDR314C,1,3.3334763,0.21632251143455505,0.4317958652973175,0.15970343351364136
YFR027W,YLR051C,0,3.3327222,0.21621622145175934,0.4317958652973175,0.1598036289215088
YLR151C,YKL208W,0,3.33271,0.2161100208759308,0.4317958652973175,0.15990382432937622
YNR002C,YBR135W,0,3.3326914,0.2160039246082306,0.4317958652973175,0.16000400483608246
YLR057W,YBR080C,0,3.3324373,0.21589793264865875,0.4317958652973175,0.1601042002439499
YKL002W,YEL039C,0,3.332338,0.21579205989837646,0.4317958652973175,0.16020439565181732
YGR277C,YPR057W,0,3.3323014,0.21568627655506134,0.4317958652973175,0.16030457615852356
YDR156W,YKL129C,0,3.3322294,0.21558059751987457,0.4317958652973175,0.160404771566391
YPL088W,YBL068W,0,3.331825,0.21547502279281616,0.4317958652973175,0.16050495207309723
YIL008W,YNL038W,0,3.3311403,0.2153695523738861,0.4317958652973175,0.16060514748096466
YDR378C,YPR185W,0,3.3302023,0.2152641862630844,0.4317958652973175,0.1607053428888321
YKL032C,YKL017C,1,3.33016,0.21564792096614838,0.4327772259712219,0.1607053428888321
YPL027W,YIR005W,0,3.3295,0.2155425250530243,0.4327772259712219,0.16080552339553833
YGR103W,YKR018C,0,3.329397,0.21543721854686737,0.4327772259712219,0.16090571880340576
YLR054C,YCL064C,0,3.3291056,0.21533203125,0.4327772259712219,0.1610059142112732
YBR083W,YER143W,0,3.329004,0.2152269333600998,0.4327772259712219,0.16110609471797943
YLR002C,YOL045W,0,3.3271916,0.21512195467948914,0.4327772259712219,0.16120629012584686
YGL094C,YDR460W,1,3.3269007,0.21550463140010834,0.43375858664512634,0.16120629012584686
YJL085W,YDR072C,0,3.3268256,0.2153996080160141,0.43375858664512634,0.1613064855337143
YLL016W,YMR092C,0,3.3261158,0.21529468894004822,0.43375858664512634,0.16140666604042053
YER179W,YHR056C,1,3.3252814,0.21567672491073608,0.43473994731903076,0.16140666604042053
YCL054W,YIL031W,0,3.3250706,0.21557177603244781,0.43473994731903076,0.16150686144828796
YDR200C,YML057W,0,3.3247325,0.2154669314622879,0.43473994731903076,0.1616070568561554
YEL020W-A,YPL096W,0,3.324655,0.21536217629909515,0.43473994731903076,0.16170723736286163
YOR338W,YBR114W,0,3.3240325,0.21525752544403076,0.43473994731903076,0.16180743277072906
YOR349W,YDR233C,0,3.3238916,0.21515299379825592,0.43473994731903076,0.1619076281785965
YIR002C,YDL042C,1,3.3238218,0.21553398668766022,0.4357213079929352,0.1619076281785965
YDR517W,YNL299W,0,3.3234603,0.2154294103384018,0.4357213079929352,0.16200780868530273
YGR252W,YHR113W,0,3.3227725,0.21532492339611053,0.4357213079929352,0.16210800409317017
YLR369W,YJR035W,0,3.3223166,0.21522055566310883,0.4357213079929352,0.1622081995010376
YGR209C,YDR170C,0,3.3219757,0.21511627733707428,0.4357213079929352,0.16230838000774384
YJR117W,YHR166C,0,3.321936,0.2150121033191681,0.4357213079929352,0.16240857541561127
YOR380W,YKL182W,0,3.3218517,0.21490803360939026,0.4357213079929352,0.1625087708234787
YDL042C,YDL076C,0,3.3216655,0.21480406820774078,0.4357213079929352,0.16260895133018494
YKR054C,YPL255W,0,3.3214717,0.21470019221305847,0.4357213079929352,0.16270914673805237
YFR024C-A,YJL167W,0,3.3207881,0.21459642052650452,0.4357213079929352,0.1628093421459198
YGR179C,YGR012W,0,3.3207786,0.21449275314807892,0.4357213079929352,0.16290952265262604
YDL214C,YNL272C,0,3.3202448,0.21438919007778168,0.4357213079929352,0.16300971806049347
YJR032W,YPR009W,0,3.3194826,0.2142857164144516,0.4357213079929352,0.1631099134683609
YGR288W,YOR222W,0,3.3186634,0.21418234705924988,0.4357213079929352,0.16321009397506714
YLL052C,YNL147W,0,3.3185356,0.21407906711101532,0.4357213079929352,0.16331028938293457
YDL201W,YEL069C,0,3.3184464,0.2139759063720703,0.4357213079929352,0.163410484790802
YHR139C,YOL086C,0,3.3178163,0.21387283504009247,0.4357213079929352,0.16351066529750824
YER075C,YNR035C,0,3.3175328,0.2137698531150818,0.4357213079929352,0.16361086070537567
YNR018W,YCL014W,0,3.317469,0.21366699039936066,0.4357213079929352,0.1637110561132431
YPL246C,YCR083W,0,3.3168077,0.2135642170906067,0.4357213079929352,0.16381123661994934
YLR259C,YMR052W,0,3.316472,0.21346153318881989,0.4357213079929352,0.16391143202781677
YJR078W,YLR305C,0,3.3158257,0.21335896849632263,0.4357213079929352,0.1640116274356842
YGR013W,YHR205W,0,3.315662,0.21325647830963135,0.4357213079929352,0.16411180794239044
YPL198W,YOL101C,0,3.3148468,0.21315410733222961,0.4357213079929352,0.16421200335025787
YLR233C,YDR407C,0,3.3144906,0.21305182576179504,0.4357213079929352,0.1643121987581253
YDR288W,YPL204W,1,3.3144715,0.213429257273674,0.4367026388645172,0.1643121987581253
YGL209W,YLR390W-A,0,3.3136184,0.21332694590091705,0.4367026388645172,0.16441237926483154
YHR158C,YJR113C,0,3.3128207,0.21322472393512726,0.4367026388645172,0.16451257467269897
YOL057W,YHR191C,0,3.3119626,0.21312260627746582,0.4367026388645172,0.1646127700805664
YIL043C,YMR262W,0,3.3119109,0.21302057802677155,0.4367026388645172,0.16471295058727264
YBR010W,YLR297W,0,3.3118606,0.21291865408420563,0.4367026388645172,0.16481314599514008
YMR278W,YBR210W,0,3.3116517,0.21281683444976807,0.4367026388645172,0.1649133414030075
YEL056W,YHR090C,1,3.3116176,0.2131931185722351,0.43768399953842163,0.1649133414030075
YNR060W,YOR294W,0,3.3112512,0.21309125423431396,0.43768399953842163,0.16501352190971375
YDR210W,YLR312W-A,0,3.310004,0.21298949420452118,0.43768399953842163,0.16511371731758118
YBL005W,YOL113W,0,3.3097754,0.21288782358169556,0.43768399953842163,0.1652139127254486
YJL069C,YML029W,0,3.3097148,0.2127862572669983,0.43768399953842163,0.16531409323215485
YHR082C,YMR172W,0,3.3096273,0.2126847803592682,0.43768399953842163,0.16541428864002228
YMR201C,YDR159W,1,3.3095665,0.21306005120277405,0.43866536021232605,0.16541428864002228
YMR199W,YIR035C,0,3.309341,0.21295854449272156,0.43866536021232605,0.1655144840478897
YBR203W,YCR087C-A,0,3.309089,0.21285714209079742,0.43866536021232605,0.16561466455459595
YAR031W,YIR021W,0,3.308946,0.21275582909584045,0.43866536021232605,0.16571485996246338
YLR452C,YKL124W,0,3.3074324,0.21265462040901184,0.43866536021232605,0.1658150553703308
YNL080C,YDR075W,0,3.306483,0.2125535011291504,0.43866536021232605,0.16591523587703705
YAR003W,YPR199C,0,3.306369,0.2124524712562561,0.43866536021232605,0.16601543128490448
YHR037W,YGR252W,0,3.3054762,0.21235154569149017,0.43866536021232605,0.1661156266927719
YAL032C,YOR245C,0,3.3046954,0.2122507095336914,0.43866536021232605,0.16621580719947815
YPL207W,YHR168W,0,3.3045614,0.212149977684021,0.43866536021232605,0.16631600260734558
YIL127C,YOR298W,0,3.3043993,0.21204933524131775,0.43866536021232605,0.166416198015213
YOL016C,YDL040C,0,3.30438,0.21194879710674286,0.43866536021232605,0.16651637852191925
YLL003W,YGL224C,0,3.3042428,0.21184834837913513,0.43866536021232605,0.16661657392978668
YER147C,YOR033C,1,3.3038383,0.21222169697284698,0.43964672088623047,0.16661657392978668
YMR246W,YIR032C,0,3.3037546,0.21212121844291687,0.43964672088623047,0.16671675443649292
YBL018C,YLR043C,0,3.3021731,0.21202082931995392,0.43964672088623047,0.16681694984436035
YDR099W,YNL124W,0,3.302008,0.21192052960395813,0.43964672088623047,0.16691714525222778
YNL102W,YKR008W,1,3.30197,0.21229314804077148,0.4406280815601349,0.16691714525222778
YJR093C,YPR135W,0,3.301833,0.2121928185224533,0.4406280815601349,0.16701732575893402
YJR004C,YIL114C,0,3.301511,0.2120925784111023,0.4406280815601349,0.16711752116680145
YPL146C,YER185W,0,3.300424,0.21199244260787964,0.4406280815601349,0.16721771657466888
YDL227C,YJL042W,0,3.300369,0.21189239621162415,0.4406280815601349,0.16731789708137512
YLR006C,YGL189C,0,3.2995052,0.211792454123497,0.4406280815601349,0.16741809248924255
YBR155W,YPL253C,0,3.2994633,0.21169260144233704,0.4406280815601349,0.16751828789710999
YBR042C,YKL171W,0,3.2992394,0.21159283816814423,0.4406280815601349,0.16761846840381622
YIL023C,YPL273W,0,3.2985363,0.21149316430091858,0.4406280815601349,0.16771866381168365
YJL200C,YDR273W,0,3.298024,0.2113935947418213,0.4406280815601349,0.1678188592195511
YDL243C,YML093W,0,3.2978823,0.21129411458969116,0.4406280815601349,0.16791903972625732
YCR020W-B,YOL115W,0,3.297592,0.2111947387456894,0.4406280815601349,0.16801923513412476
YGL151W,YLR352W,0,3.2975178,0.2110954374074936,0.4406280815601349,0.1681194305419922
YLR005W,YNL102W,1,3.29728,0.21146616339683533,0.4416094124317169,0.1681194305419922
YNL178W,YJL095W,0,3.2966473,0.21136683225631714,0.4416094124317169,0.16821961104869843
YDR470C,YKL137W,0,3.2964299,0.2112676054239273,0.4416094124317169,0.16831980645656586
YPL110C,YLR017W,0,3.2961862,0.21116846799850464,0.4416094124317169,0.1684200018644333
YPL063W,YGL250W,0,3.2957695,0.21106941998004913,0.4416094124317169,0.16852018237113953
YJL139C,YPR151C,0,3.2956963,0.2109704613685608,0.4416094124317169,0.16862037777900696
YIR007W,YLR288C,0,3.2949278,0.2108716070652008,0.4416094124317169,0.1687205731868744
YJR129C,YLR305C,0,3.29406,0.2107728272676468,0.4416094124317169,0.16882075369358063
YNL231C,YLR178C,0,3.293049,0.21067415177822113,0.4416094124317169,0.16892094910144806
YDR082W,YDL113C,0,3.292356,0.21057558059692383,0.4416094124317169,0.1690211445093155
YOR231W,YER014W,0,3.2918322,0.2104770839214325,0.4416094124317169,0.16912132501602173
YGL100W,YMR280C,0,3.2906215,0.21037867665290833,0.4416094124317169,0.16922152042388916
YLR277C,YLR292C,0,3.2900958,0.2102803736925125,0.4416094124317169,0.1693217158317566
YKL040C,YEL001C,0,3.2899592,0.21018216013908386,0.4416094124317169,0.16942189633846283
YHR098C,YPR189W,0,3.2886147,0.21008403599262238,0.4416094124317169,0.16952209174633026
YNL267W,YFR019W,0,3.2884243,0.20998600125312805,0.4416094124317169,0.1696222871541977
YBR258C,YLR367W,0,3.2883847,0.2098880559206009,0.4416094124317169,0.16972246766090393
YBR160W,YPL001W,1,3.2882092,0.2102564126253128,0.44259077310562134,0.16972246766090393
YGR105W,YNL246W,0,3.2880433,0.21015843749046326,0.44259077310562134,0.16982266306877136
YGR096W,YDR453C,0,3.2880259,0.21006055176258087,0.44259077310562134,0.1699228584766388
YNR071C,YLL053C,0,3.287366,0.20996275544166565,0.44259077310562134,0.17002303898334503
YLR144C,YDL076C,0,3.2870576,0.2098650485277176,0.44259077310562134,0.17012323439121246
YBR212W,YPR068C,0,3.2868304,0.2097674459218979,0.44259077310562134,0.1702234297990799
YDR165W,YER104W,0,3.286044,0.20966991782188416,0.44259077310562134,0.17032361030578613
YMR261C,YDL040C,0,3.285653,0.20957249402999878,0.44259077310562134,0.17042380571365356
YOR157C,YHR090C,0,3.28564,0.20947514474391937,0.44259077310562134,0.170524001121521
YIR002C,YDL020C,1,3.2848432,0.20984216034412384,0.44357213377952576,0.170524001121521
YMR224C,YER147C,1,3.2842317,0.21020881831645966,0.4445534944534302,0.170524001121521
YMR234W,YDR141C,0,3.2840507,0.2101113200187683,0.4445534944534302,0.17062418162822723
YMR143W,YDR392W,0,3.2840354,0.21001391112804413,0.4445534944534302,0.17072437703609467
YDL217C,YBR244W,0,3.282912,0.2099165916442871,0.4445534944534302,0.1708245724439621
YDR213W,YBL080C,0,3.2827551,0.20981936156749725,0.4445534944534302,0.17092475295066833
YOR159C,YHL020C,0,3.2817328,0.20972222089767456,0.4445534944534302,0.17102494835853577
YGR165W,YEL019C,0,3.281408,0.20962516963481903,0.4445534944534302,0.1711251437664032
YBR160W,YER173W,1,3.2805927,0.2099907547235489,0.4455348253250122,0.1711251437664032
YNL050C,YPL211W,0,3.2802708,0.20989365875720978,0.4455348253250122,0.17122532427310944
YLR247C,YNL006W,0,3.2800772,0.20979666709899902,0.4455348253250122,0.17132551968097687
YHL028W,YPR111W,0,3.2797685,0.20969976484775543,0.4455348253250122,0.1714257150888443
YMR273C,YJR153W,0,3.2790043,0.209602952003479,0.4455348253250122,0.17152589559555054
YKR008W,YGR246C,0,3.2784073,0.20950622856616974,0.4455348253250122,0.17162609100341797
YPL065W,YER100W,0,3.27835,0.20940959453582764,0.4455348253250122,0.1717262864112854
YBR282W,YJR161C,0,3.277075,0.2093130499124527,0.4455348253250122,0.17182646691799164
YNL241C,YHR090C,0,3.2762647,0.20921659469604492,0.4455348253250122,0.17192666232585907
YDR171W,YPL009C,0,3.276039,0.20912021398544312,0.4455348253250122,0.1720268577337265
YLR138W,YFL008W,0,3.2758138,0.20902393758296967,0.4455348253250122,0.17212703824043274
YJR112W,YOR262W,0,3.2756808,0.20892775058746338,0.4455348253250122,0.17222723364830017
YIL159W,YOR115C,0,3.275584,0.20883165299892426,0.4455348253250122,0.1723274290561676
YER169W,YER171W,1,3.2754204,0.20919540524482727,0.4465161859989166,0.1723274290561676
YBR119W,YOL135C,0,3.2750876,0.20909926295280457,0.4465161859989166,0.17242760956287384
YNR032W,YBR136W,0,3.2743685,0.20900321006774902,0.4465161859989166,0.17252780497074127
YBR208C,YDR343C,0,3.2737496,0.20890726149082184,0.4465161859989166,0.1726280003786087
YIL168W,YPR188C,0,3.2736351,0.20881138741970062,0.4465161859989166,0.17272818088531494
YDR189W,YOR156C,0,3.273619,0.20871560275554657,0.4465161859989166,0.17282837629318237
YHR122W,YML064C,0,3.2731178,0.2086198925971985,0.4465161859989166,0.1729285717010498
YJR112W,YLR386W,0,3.2730644,0.20852428674697876,0.4465161859989166,0.17302875220775604
YOR279C,YER100W,0,3.273022,0.2084287703037262,0.4465161859989166,0.17312894761562347
YPL046C,YGL090W,1,3.2723076,0.20879121124744415,0.44749754667282104,0.17312894761562347
YGL001C,YIR026C,0,3.2719731,0.208695650100708,0.44749754667282104,0.1732291281223297
YML008C,YGR012W,0,3.2708073,0.20860017836093903,0.44749754667282104,0.17332932353019714
YBL066C,YOR172W,0,3.270108,0.2085047960281372,0.44749754667282104,0.17342951893806458
YBL058W,YHR139C,0,3.2696798,0.20840950310230255,0.44749754667282104,0.1735296994447708
YIL107C,YMR065W,0,3.2694376,0.20831429958343506,0.44749754667282104,0.17362989485263824
YPR083W,YGR222W,0,3.2692754,0.20821918547153473,0.44749754667282104,0.17373009026050568
YIL167W,YGR057C,0,3.2691264,0.20812414586544037,0.44749754667282104,0.17383027076721191
YNL085W,YNL262W,1,3.268624,0.20848539471626282,0.44847890734672546,0.17383027076721191
YBR020W,YDR489W,0,3.2683141,0.20839034020900726,0.44847890734672546,0.17393046617507935
YMR008C,YOR319W,0,3.2682278,0.20829534530639648,0.44847890734672546,0.17403066158294678
YPL207W,YNL056W,0,3.2674887,0.20820045471191406,0.44847890734672546,0.17413084208965302
YBR298C,YGL243W,0,3.267315,0.2081056535243988,0.44847890734672546,0.17423103749752045
YDR142C,YGL092W,0,3.2663364,0.20801092684268951,0.44847890734672546,0.17433123290538788
YOR217W,YIL148W,1,3.2652595,0.20837125182151794,0.4494602680206299,0.17433123290538788
YKL079W,YJL028W,0,3.2652092,0.20827649533748627,0.4494602680206299,0.17443141341209412
YJR057W,YDR381W,1,3.2650156,0.2086363583803177,0.4504415988922119,0.17443141341209412
YCR092C,YBR195C,1,3.2647994,0.20899590849876404,0.45142295956611633,0.17443141341209412
YPL132W,YJR082C,0,3.2645948,0.20890100300312042,0.45142295956611633,0.17453160881996155
YLR390W,YFL017W-A,0,3.264557,0.20880617201328278,0.45142295956611633,0.17463180422782898
YNR037C,YHL038C,0,3.2628853,0.2087114304304123,0.45142295956611633,0.17473198473453522
YNL264C,YDR176W,0,3.2619536,0.20861677825450897,0.45142295956611633,0.17483218014240265
YOL045W,YNR028W,0,3.2615411,0.20852221548557281,0.45142295956611633,0.17493237555027008
YMR240C,YJL123C,0,3.2609248,0.20842772722244263,0.45142295956611633,0.17503255605697632
YNL116W,YDL014W,0,3.2609208,0.2083333283662796,0.45142295956611633,0.17513275146484375
YGL124C,YNL121C,0,3.2608502,0.20823901891708374,0.45142295956611633,0.17523294687271118
YDL245C,YKL027W,0,3.2607515,0.20814479887485504,0.45142295956611633,0.17533312737941742
YOL097C,YAL005C,0,3.2605278,0.2080506533384323,0.45142295956611633,0.17543332278728485
YML004C,YDR043C,0,3.2604814,0.20795659720897675,0.45142295956611633,0.17553351819515228
YNL250W,YHR041C,0,3.2600734,0.20786263048648834,0.45142295956611633,0.17563369870185852
YDR099W,YJR152W,0,3.259193,0.2077687382698059,0.45142295956611633,0.17573389410972595
YKL071W,YGR068C,0,3.2587726,0.20767495036125183,0.45142295956611633,0.17583408951759338
YHL028W,YGR068C,0,3.2584786,0.20758122205734253,0.45142295956611633,0.17593427002429962
YOR180C,YBL026W,0,3.2583787,0.20748759806156158,0.45142295956611633,0.17603446543216705
YMR173W,YEL018W,1,3.258166,0.20784489810466766,0.45240432024002075,0.17603446543216705
YCL024W,YHR065C,0,3.2574372,0.20775124430656433,0.45240432024002075,0.17613466084003448
YDR078C,YML061C,1,3.2564397,0.2081081122159958,0.45338568091392517,0.17613466084003448
YBL014C,YDR494W,0,3.2562294,0.20801441371440887,0.45338568091392517,0.17623484134674072
YOR290C,YCR092C,1,3.2558835,0.20837083458900452,0.4543670117855072,0.17623484134674072
YBR223C,YBR202W,0,3.255331,0.20827710628509521,0.4543670117855072,0.17633503675460815
YHR120W,YJL003W,0,3.255021,0.20818345248699188,0.4543670117855072,0.17643523216247559
YNL197C,YKR098C,0,3.2549844,0.2080898880958557,0.4543670117855072,0.17653541266918182
YNR067C,YML107C,0,3.2543843,0.2079964131116867,0.4543670117855072,0.17663560807704926
YOR017W,YAL009W,0,3.2543492,0.20790301263332367,0.4543670117855072,0.1767358034849167
YDR480W,YNR017W,0,3.2535682,0.2078097015619278,0.4543670117855072,0.17683598399162292
YKL120W,YGL131C,0,3.252835,0.2077164649963379,0.4543670117855072,0.17693617939949036
YOR256C,YNL229C,0,3.2516468,0.20762331783771515,0.4543670117855072,0.1770363748073578
YOL034W,YER155C,0,3.2515838,0.20753026008605957,0.4543670117855072,0.17713655531406403
YDR138W,YDR499W,1,3.251499,0.20788531005382538,0.4553483724594116,0.17713655531406403
YER040W,YPL042C,0,3.250994,0.20779220759868622,0.4553483724594116,0.17723675072193146
YJL035C,YCR023C,0,3.2502522,0.20769919455051422,0.4553483724594116,0.1773369461297989
YML011C,YGL058W,1,3.2485645,0.20805369317531586,0.45632973313331604,0.1773369461297989
YFL024C,YPL194W,1,3.248439,0.20840786397457123,0.45731109380722046,0.1773369461297989
YLR144C,YLL024C,0,3.2483554,0.2083147019147873,0.45731109380722046,0.17743712663650513
YGL131C,YBR026C,0,3.2483191,0.20822162926197052,0.45731109380722046,0.17753732204437256
YOR258W,YPR052C,1,3.2475739,0.2085752636194229,0.4582924544811249,0.17753732204437256
YPL027W,YFL010W-A,0,3.2472355,0.20848214626312256,0.4582924544811249,0.17763751745224
YDR168W,YKL052C,0,3.2463944,0.20838911831378937,0.4582924544811249,0.17773769795894623
YLR073C,YLR193C,0,3.2454455,0.20829616487026215,0.4582924544811249,0.17783789336681366
YER167W,YNL125C,0,3.2441545,0.2082033008337021,0.4582924544811249,0.1779380887746811
YGL087C,YNL257C,0,3.2437046,0.208110511302948,0.4582924544811249,0.17803826928138733
YDL222C,YPR196W,0,3.2435293,0.20801781117916107,0.4582924544811249,0.17813846468925476
YLR110C,YBR193C,0,3.242448,0.2079252004623413,0.4582924544811249,0.1782386600971222
YCR028C-A,YLR080W,0,3.2421358,0.20783266425132751,0.4582924544811249,0.17833884060382843
YAL015C,YDR190C,1,3.2418442,0.20818504691123962,0.4592737853527069,0.17833884060382843
YDR058C,YOL041C,0,3.2414396,0.20809248089790344,0.4592737853527069,0.17843903601169586
YLR213C,YCR087C-A,0,3.241033,0.20800000429153442,0.4592737853527069,0.1785392314195633
YKL071W,YOR310C,0,3.2410023,0.20790760219097137,0.4592737853527069,0.17863941192626953
YMR179W,YDR147W,0,3.2407563,0.2078152745962143,0.4592737853527069,0.17873960733413696
YDR485C,YJL087C,0,3.240515,0.20772303640842438,0.4592737853527069,0.1788398027420044
YCL052C,YHR196W,0,3.2401214,0.20763087272644043,0.4592737853527069,0.17893998324871063
YML061C,YDR288W,1,3.2395465,0.20798225700855255,0.46025514602661133,0.17893998324871063
YDR159W,YBL088C,1,3.23911,0.2083333283662796,0.46123650670051575,0.17893998324871063
YKL191W,YFL008W,0,3.238862,0.2082410305738449,0.46123650670051575,0.17904017865657806
YGR091W,YFR014C,0,3.238836,0.2081488072872162,0.46123650670051575,0.1791403740644455
YGR142W,YER190W,0,3.2388163,0.20805665850639343,0.46123650670051575,0.17924055457115173
YMR104C,YJR070C,0,3.2382782,0.20796459913253784,0.46123650670051575,0.17934074997901917
YOL078W,YJR026W,0,3.23757,0.20787262916564941,0.46123650670051575,0.1794409304857254
YOR081C,YDR468C,0,3.2375457,0.20778071880340576,0.46123650670051575,0.17954112589359283
YDR386W,YDR113C,1,3.2358055,0.20813080668449402,0.46221786737442017,0.17954112589359283
YNL214W,YGR068C,0,3.2355402,0.20803886651992798,0.46221786737442017,0.17964132130146027
YGL150C,YCR106W,0,3.2351758,0.2079470157623291,0.46221786737442017,0.1797415018081665
YGL113W,YMR313C,0,3.235089,0.2078552544116974,0.46221786737442017,0.17984169721603394
YPR131C,YBR254C,0,3.2343543,0.20776356756687164,0.46221786737442017,0.17994189262390137
YLL039C,YGR261C,0,3.234316,0.20767195522785187,0.46221786737442017,0.1800420731306076
YBR279W,YKL125W,0,3.2341344,0.20758043229579926,0.46221786737442017,0.18014226853847504
YBR289W,YLR321C,1,3.2335398,0.20792952179908752,0.4631992280483246,0.18014226853847504
YDL072C,YPR161C,0,3.231993,0.20783795416355133,0.4631992280483246,0.18024246394634247
YNL068C,YML102W,0,3.2319653,0.2077464759349823,0.4631992280483246,0.1803426444530487
YGR207C,YHR084W,0,3.2317135,0.20765508711338043,0.4631992280483246,0.18044283986091614
YLR128W,YOL097C,0,3.230846,0.20756375789642334,0.4631992280483246,0.18054303526878357
YDR332W,YKL039W,0,3.2306004,0.2074725329875946,0.4631992280483246,0.1806432157754898
YHR035W,YPL133C,0,3.2281978,0.20738136768341064,0.4631992280483246,0.18074341118335724
YDR257C,YOR232W,0,3.2281811,0.20729029178619385,0.4631992280483246,0.18084360659122467
YPL058C,YML112W,0,3.2280085,0.20719929039478302,0.4631992280483246,0.1809437870979309
YBR135W,YDR198C,0,3.2274866,0.20710837841033936,0.4631992280483246,0.18104398250579834
YPR055W,YOR148C,0,3.2274063,0.20701754093170166,0.4631992280483246,0.18114417791366577
YDL097C,YIR025W,0,3.2272818,0.20692679286003113,0.4631992280483246,0.181244358420372
YOL038W,YML049C,0,3.2272313,0.20683610439300537,0.4631992280483246,0.18134455382823944
YDR515W,YMR168C,0,3.2263792,0.20674550533294678,0.4631992280483246,0.18144474923610687
YKR026C,YBR010W,0,3.226177,0.20665499567985535,0.4631992280483246,0.1815449297428131
YOR191W,YKL134C,0,3.2257216,0.2065645456314087,0.4631992280483246,0.18164512515068054
YER074W,YDL142C,0,3.2249057,0.2064741849899292,0.4631992280483246,0.18174532055854797
YDR189W,YOR226C,0,3.2246504,0.20638391375541687,0.4631992280483246,0.1818455010652542
YNL083W,YKL188C,0,3.2239716,0.20629370212554932,0.4631992280483246,0.18194569647312164
YIL132C,YJL113W,0,3.223965,0.20620357990264893,0.4631992280483246,0.18204589188098907
YIL073C,YPL224C,0,3.223905,0.2061135321855545,0.4631992280483246,0.1821460723876953
YDL059C,YJL090C,1,3.2235043,0.20646005868911743,0.4641805589199066,0.1821460723876953
YJR161C,YKL040C,0,3.2232058,0.20636998116970062,0.4641805589199066,0.18224626779556274
YPR145W,YBR168W,0,3.2226975,0.20627997815608978,0.4641805589199066,0.18234646320343018
YHR006W,YHR201C,0,3.2225378,0.2061900645494461,0.4641805589199066,0.1824466437101364
YLR405W,YPR160W,0,3.2223067,0.2061002105474472,0.4641805589199066,0.18254683911800385
YCL024W,YCR033W,0,3.2218988,0.20601044595241547,0.4641805589199066,0.18264703452587128
YML069W,YOL004W,1,3.2218971,0.20635612308979034,0.46516191959381104,0.18264703452587128
YGR249W,YPL064C,0,3.2216456,0.20626631379127502,0.46516191959381104,0.18274721503257751
YDL197C,YHR058C,0,3.2210286,0.20617659389972687,0.46516191959381104,0.18284741044044495
YLR006C,YOL090W,0,3.2207656,0.20608696341514587,0.46516191959381104,0.18294760584831238
YMR271C,YOR335C,0,3.220299,0.20599739253520966,0.46516191959381104,0.18304778635501862
YLL061W,YCL014W,0,3.2202768,0.2059079110622406,0.46516191959381104,0.18314798176288605
YLR386W,YDR367W,0,3.2200496,0.20581850409507751,0.46516191959381104,0.18324817717075348
YER073W,YNL286W,0,3.2198184,0.2057291716337204,0.46516191959381104,0.18334835767745972
YKL051W,YBR132C,0,3.2191217,0.20563991367816925,0.46516191959381104,0.18344855308532715
YML080W,YOR247W,0,3.218252,0.20555073022842407,0.46516191959381104,0.18354874849319458
YOR144C,YPL008W,0,3.2179549,0.20546163618564606,0.46516191959381104,0.18364892899990082
YDR361C,YMR172W,0,3.2176201,0.205372616648674,0.46516191959381104,0.18374912440776825
YDR034C,YLR164W,0,3.2175746,0.20528367161750793,0.46516191959381104,0.18384931981563568
YBR168W,YER074W,0,3.2174115,0.20519480109214783,0.46516191959381104,0.18394950032234192
YOR212W,YMR025W,0,3.2172801,0.20510601997375488,0.46516191959381104,0.18404969573020935
YAL033W,YDR138W,0,3.2171907,0.2050172984600067,0.46516191959381104,0.18414989113807678
YJL194W,YCR066W,0,3.2162993,0.2049286663532257,0.46516191959381104,0.18425007164478302
YLL039C,YER002W,0,3.2162197,0.20484010875225067,0.46516191959381104,0.18435026705265045
YGL134W,YDR099W,0,3.2157943,0.2047516256570816,0.46516191959381104,0.18445046246051788
YGR017W,YPL122C,0,3.215158,0.2046632170677185,0.46516191959381104,0.18455064296722412
YIR003W,YHR188C,0,3.215125,0.20457488298416138,0.46516191959381104,0.18465083837509155
YBR272C,YBL100W-A,0,3.2151234,0.20448662340641022,0.46516191959381104,0.18475103378295898
YNL161W,YJL179W,0,3.2151191,0.20439845323562622,0.46516191959381104,0.18485121428966522
YLR066W,YJL001W,0,3.2145846,0.204310342669487,0.46516191959381104,0.18495140969753265
YLL039C,YDL132W,0,3.213648,0.20422232151031494,0.46516191959381104,0.18505160510540009
YPR198W,YGR217W,0,3.2134435,0.20413435995578766,0.46516191959381104,0.18515178561210632
YDR217C,YDL020C,1,3.2133465,0.2044769674539566,0.46614328026771545,0.18515178561210632
YPL001W,YJL034W,0,3.2133358,0.20438899099826813,0.46614328026771545,0.18525198101997375
YML065W,YKL208W,0,3.2131064,0.20430107414722443,0.46614328026771545,0.1853521764278412
YDR382W,YMR053C,0,3.2122602,0.2042132467031479,0.46614328026771545,0.18545235693454742
YML058W-A,YBR217W,0,3.2119994,0.20412547886371613,0.46614328026771545,0.18555255234241486
YLR301W,YER014W,0,3.2108462,0.20403780043125153,0.46614328026771545,0.1856527328491211
YOR338W,YFL022C,0,3.2102728,0.2039501965045929,0.46614328026771545,0.18575292825698853
YNL088W,YKR008W,0,3.2093875,0.20386266708374023,0.46614328026771545,0.18585312366485596
YEL077C,YPR033C,0,3.2084053,0.20377519726753235,0.46614328026771545,0.1859533041715622
YLR442C,YBR005W,0,3.2083185,0.20368781685829163,0.46614328026771545,0.18605349957942963
YBR020W,YPR169W,0,3.2078884,0.20360051095485687,0.46614328026771545,0.18615369498729706
YOL107W,YGL050W,0,3.2072742,0.2035132795572281,0.46614328026771545,0.1862538754940033
YDR288W,YPL122C,1,3.2068536,0.20385439693927765,0.4671246409416199,0.1862538754940033
YNL030W,YDR384C,0,3.206853,0.20376712083816528,0.4671246409416199,0.18635407090187073
YEL027W,YKR064W,0,3.2067215,0.20367993414402008,0.4671246409416199,0.18645426630973816
YER171W,YOR033C,1,3.206182,0.20402052998542786,0.4681059718132019,0.18645426630973816
YGL226C-A,YKL005C,0,3.2061718,0.20393329858779907,0.4681059718132019,0.1865544468164444
YPL058C,YHR146W,0,3.2056577,0.20384615659713745,0.4681059718132019,0.18665464222431183
YHR065C,YPL276W,0,3.2033837,0.2037590742111206,0.4681059718132019,0.18675483763217926
YMR322C,YBR228W,0,3.2032814,0.20367208123207092,0.4681059718132019,0.1868550181388855
YOR351C,YGR140W,0,3.2030003,0.20358514785766602,0.4681059718132019,0.18695521354675293
YBR045C,YDR111C,0,3.2023082,0.20349828898906708,0.4681059718132019,0.18705540895462036
YGR109C,YDL216C,0,3.2021496,0.2034115195274353,0.4681059718132019,0.1871555894613266
YBR098W,YIL049W,0,3.2018087,0.2033248096704483,0.4681059718132019,0.18725578486919403
YCL048W,YEL048C,0,3.2009022,0.20323817431926727,0.4681059718132019,0.18735598027706146
YLR077W,YJL005W,0,3.1995542,0.2031516134738922,0.4681059718132019,0.1874561607837677
YOL107W,YLR181C,0,3.1995428,0.20306512713432312,0.4681059718132019,0.18755635619163513
YPL065W,YFL008W,0,3.1992676,0.2029787302017212,0.4681059718132019,0.18765655159950256
YJL176C,YOL115W,0,3.1992667,0.20289239287376404,0.4681059718132019,0.1877567321062088
YDR449C,YGR012W,0,3.1988127,0.20280611515045166,0.4681059718132019,0.18785692751407623
YHR134W,YBR039W,0,3.1987493,0.20271992683410645,0.4681059718132019,0.18795712292194366
YOL107W,YOL010W,0,3.1985567,0.2026338130235672,0.4681059718132019,0.1880573034286499
YHR178W,YGL044C,0,3.197298,0.20254777371883392,0.4681059718132019,0.18815749883651733
YLR234W,YGL023C,0,3.1971977,0.20246179401874542,0.4681059718132019,0.18825769424438477
YBR070C,YJL111W,0,3.1969903,0.20237590372562408,0.4681059718132019,0.188357874751091
YOR355W,YBR222C,0,3.19647,0.20229007303714752,0.4681059718132019,0.18845807015895844
YLR117C,YJL053W,0,3.1954978,0.20220431685447693,0.4681059718132019,0.18855826556682587
YLR024C,YER160C,0,3.1948802,0.2021186500787735,0.4681059718132019,0.1886584460735321
YDR026C,YHL013C,0,3.1947556,0.20203304290771484,0.4681059718132019,0.18875864148139954
YMR203W,YCL048W,0,3.1945803,0.20194749534130096,0.4681059718132019,0.18885883688926697
YJL051W,YDR227W,0,3.1943119,0.20186203718185425,0.4681059718132019,0.1889590173959732
YLL055W,YER074W,0,3.1936467,0.2017766535282135,0.4681059718132019,0.18905921280384064
YGR271W,YOR232W,0,3.192766,0.20169132947921753,0.4681059718132019,0.18915940821170807
YNL163C,YDL035C,0,3.1921196,0.20160607993602753,0.4681059718132019,0.1892595887184143
YPL232W,YBR045C,0,3.1914198,0.2015209197998047,0.4681059718132019,0.18935978412628174
YCR043C,YBL011W,0,3.1905649,0.20143580436706543,0.4681059718132019,0.18945997953414917
YBR006W,YMR228W,0,3.1905277,0.20135077834129333,0.4681059718132019,0.1895601600408554
YKR078W,YGR266W,0,3.190272,0.2012658268213272,0.4681059718132019,0.18966035544872284
YER144C,YDL105W,0,3.1899018,0.20118093490600586,0.4681059718132019,0.18976055085659027
YCR079W,YLR460C,0,3.1895149,0.20109611749649048,0.4681059718132019,0.1898607313632965
YER139C,YLR105C,0,3.1895115,0.20101137459278107,0.4681059718132019,0.18996092677116394
YNL107W,YJL140W,1,3.1888344,0.2013479322195053,0.4690873324871063,0.18996092677116394
YCL035C,YGL076C,0,3.1884854,0.2012631595134735,0.4690873324871063,0.19006112217903137
YKR092C,YKL124W,0,3.1882894,0.2011784464120865,0.4690873324871063,0.1901613026857376
YBR088C,YOR346W,1,3.1882155,0.20151451230049133,0.47006869316101074,0.1901613026857376
YBL085W,YPR152C,0,3.18806,0.20142976939678192,0.47006869316101074,0.19026149809360504
YKL040C,YGL231C,0,3.1874287,0.20134510099887848,0.47006869316101074,0.19036169350147247
YCL018W,YGR287C,0,3.1871088,0.201260507106781,0.47006869316101074,0.1904618740081787
YFR013W,YGR013W,0,3.1870925,0.2011759728193283,0.47006869316101074,0.19056206941604614
YCL044C,YPL040C,0,3.186823,0.20109151303768158,0.47006869316101074,0.19066226482391357
YPR138C,YNR074C,0,3.1865768,0.20100712776184082,0.47006869316101074,0.1907624453306198
YGR238C,YDR191W,0,3.1861632,0.20092281699180603,0.47006869316101074,0.19086264073848724
YJL173C,YPL150W,0,3.1859806,0.2008385807275772,0.47006869316101074,0.19096283614635468
YOR226C,YDR240C,0,3.1846917,0.20075440406799316,0.47006869316101074,0.1910630166530609
YJL140W,YNL257C,0,3.1845286,0.2006703019142151,0.47006869316101074,0.19116321206092834
YNL336W,YKL079W,0,3.1842654,0.2005862593650818,0.47006869316101074,0.19126340746879578
YCL068C,YLR166C,0,3.1841335,0.20050230622291565,0.47006869316101074,0.19136358797550201
YNR071C,YKL001C,0,3.1833317,0.2004184126853943,0.47006869316101074,0.19146378338336945
YPR175W,YLR135W,1,3.1829083,0.20075282454490662,0.47105005383491516,0.19146378338336945
YNR071C,YNR049C,0,3.1827576,0.20066890120506287,0.47105005383491516,0.19156397879123688
YJL045W,YDR365C,0,3.1822467,0.2005850374698639,0.47105005383491516,0.19166415929794312
YGL001C,YLR328W,0,3.1819036,0.2005012482404709,0.47105005383491516,0.19176435470581055
YFL003C,YLL061W,0,3.1818821,0.20041753351688385,0.47105005383491516,0.19186453521251678
YIL128W,YHR210C,0,3.1816366,0.20033389329910278,0.47105005383491516,0.19196473062038422
YKL144C,YJL194W,0,3.1810098,0.2002503126859665,0.47105005383491516,0.19206492602825165
YEL006W,YLR175W,0,3.1809382,0.20016680657863617,0.47105005383491516,0.19216510653495789
YNR046W,YJL057C,0,3.1796486,0.20008337497711182,0.47105005383491516,0.19226530194282532
YBR045C,YDR359C,0,3.1796052,0.20000000298023224,0.47105005383491516,0.19236549735069275
YER139C,YDL189W,0,3.1786392,0.19991670548915863,0.47105005383491516,0.192465677857399
YKR086W,YNL312W,0,3.1785884,0.1998334676027298,0.47105005383491516,0.19256587326526642
YNL054W,YGL094C,0,3.1778915,0.19975031912326813,0.47105005383491516,0.19266606867313385
YAR035W,YEL001C,0,3.1771805,0.19966721534729004,0.47105005383491516,0.1927662491798401
YLL005C,YGL238W,0,3.176895,0.1995842009782791,0.47105005383491516,0.19286644458770752
YPR121W,YNL300W,0,3.1768367,0.19950124621391296,0.47105005383491516,0.19296663999557495
YGL083W,YJR150C,0,3.1762373,0.19941836595535278,0.47105005383491516,0.1930668205022812
YLR226W,YKL124W,0,3.176085,0.19933554530143738,0.47105005383491516,0.19316701591014862
YBR098W,YDR180W,1,3.1758945,0.19966791570186615,0.4720314145088196,0.19316701591014862
YDR430C,YPL003W,0,3.1756327,0.19958506524562836,0.4720314145088196,0.19326721131801605
YDR225W,YMR284W,1,3.174942,0.1999170482158661,0.4730127453804016,0.19326721131801605
YDR429C,YGL174W,0,3.1746519,0.1998341679573059,0.4730127453804016,0.1933673918247223
YHR154W,YGR002C,1,3.1744497,0.2001657634973526,0.47399410605430603,0.1933673918247223
YLR278C,YDR410C,0,3.173522,0.20008285343647003,0.47399410605430603,0.19346758723258972
YDL102W,YMR284W,1,3.1731956,0.20041407644748688,0.47497546672821045,0.19346758723258972
YBR171W,YOR313C,0,3.173147,0.20033112168312073,0.47497546672821045,0.19356778264045715
YIL002C,YOL078W,0,3.1715424,0.20024824142456055,0.47497546672821045,0.1936679631471634
YDR195W,YGL170C,0,3.1714814,0.20016542077064514,0.47497546672821045,0.19376815855503082
YOL034W,YGR283C,0,3.1714642,0.2000826746225357,0.47497546672821045,0.19386835396289825
YBR172C,YOR030W,0,3.1712854,0.20000000298023224,0.47497546672821045,0.1939685344696045
YDR338C,YLR277C,0,3.1707108,0.19991739094257355,0.47497546672821045,0.19406872987747192
YMR112C,YIL008W,0,3.1701035,0.19983485341072083,0.47497546672821045,0.19416892528533936
YMR123W,YOR130C,0,3.1689665,0.19975237548351288,0.47497546672821045,0.1942691057920456
YNL072W,YML071C,0,3.168878,0.1996699720621109,0.47497546672821045,0.19436930119991302
YLR256W,YAL001C,0,3.1673896,0.1995876282453537,0.47497546672821045,0.19446949660778046
YBR191W,YDL216C,0,3.1673195,0.19950535893440247,0.47497546672821045,0.1945696771144867
YDL045C,YDL240W,0,3.1670673,0.199423149228096,0.47497546672821045,0.19466987252235413
YER142C,YLR185W,0,3.1665368,0.19934101402759552,0.47497546672821045,0.19477006793022156
YPL011C,YLR333C,0,3.1660674,0.199258953332901,0.47497546672821045,0.1948702484369278
YMR118C,YPL093W,0,3.1657445,0.19917695224285126,0.47497546672821045,0.19497044384479523
YER069W,YJR159W,0,3.165684,0.19909502565860748,0.47497546672821045,0.19507063925266266
YKL213C,YDL139C,0,3.1656146,0.19901315867900848,0.47497546672821045,0.1951708197593689
YPR175W,YGL058W,1,3.1648338,0.19934237003326416,0.47595682740211487,0.1951708197593689
YMR203W,YJR036C,0,3.1648204,0.19926047325134277,0.47595682740211487,0.19527101516723633
YKL064W,YJR026W,0,3.1645446,0.19917865097522736,0.47595682740211487,0.19537121057510376
YOR329C,YBR181C,0,3.1640356,0.19909687340259552,0.47595682740211487,0.19547139108181
YOR100C,YKL196C,0,3.1636708,0.19901518523693085,0.47595682740211487,0.19557158648967743
YPL242C,YLR337C,0,3.1624725,0.19893355667591095,0.47595682740211487,0.19567178189754486
YOR022C,YJL123C,0,3.161928,0.19885198771953583,0.47595682740211487,0.1957719624042511
YLR057W,YPR169W,0,3.161926,0.19877049326896667,0.47595682740211487,0.19587215781211853
YGL127C,YDR180W,1,3.1618888,0.19909873604774475,0.4769381880760193,0.19587215781211853
YDR217C,YBR149W,0,3.1617644,0.19901719689369202,0.4769381880760193,0.19597235321998596
YHR154W,YHL006C,1,3.1613,0.19934506714344025,0.4779195189476013,0.19597235321998596
YKL045W,YDR147W,0,3.1611462,0.19926349818706512,0.4779195189476013,0.1960725337266922
YIL148W,YGL163C,1,3.161143,0.1995909959077835,0.47890087962150574,0.1960725337266922
YML032C,YDL113C,0,3.1610978,0.199509397149086,0.47890087962150574,0.19617272913455963
YNL250W,YDL020C,1,3.1590214,0.19983653724193573,0.47988224029541016,0.19617272913455963
YMR213W,YLL026W,0,3.158995,0.19975490868091583,0.47988224029541016,0.19627292454242706
YCR003W,YLR363C,0,3.1577404,0.1996733397245407,0.47988224029541016,0.1963731050491333
YIL048W,YNL123W,0,3.1570194,0.19959183037281036,0.47988224029541016,0.19647330045700073
YPL168W,YIL031W,0,3.156895,0.19951041042804718,0.47988224029541016,0.19657349586486816
YBR160W,YNL136W,1,3.1566713,0.199836865067482,0.4808636009693146,0.19657349586486816
YOL094C,YGL208W,0,3.156031,0.19975540041923523,0.4808636009693146,0.1966736763715744
YDR078C,YOL108C,0,3.1545243,0.19967399537563324,0.4808636009693146,0.19677387177944183
YGR198W,YMR143W,0,3.1544623,0.19959266483783722,0.4808636009693146,0.19687406718730927
YGR193C,YOR313C,0,3.1543696,0.19951139390468597,0.4808636009693146,0.1969742476940155
YHR164C,YLR320W,1,3.1536787,0.19983719289302826,0.4818449318408966,0.1969742476940155
YLR095C,YJR035W,0,3.153509,0.19975589215755463,0.4818449318408966,0.19707444310188293
YBR196C,YBR217W,0,3.1528394,0.19967466592788696,0.4818449318408966,0.19717463850975037
YMR060C,YDR323C,0,3.1526246,0.19959349930286407,0.4818449318408966,0.1972748190164566
YMR133W,YLR129W,0,3.1519377,0.19951239228248596,0.4818449318408966,0.19737501442432404
YPR003C,YLR187W,0,3.1511152,0.19943135976791382,0.4818449318408966,0.19747520983219147
YDR179C,YKL160W,0,3.1510158,0.19935038685798645,0.4818449318408966,0.1975753903388977
YAL015C,YLR265C,1,3.150582,0.1996753215789795,0.482826292514801,0.1975753903388977
YLL045C,YHR176W,0,3.1503072,0.19959431886672974,0.482826292514801,0.19767558574676514
YPL194W,YER173W,1,3.1498675,0.19991889595985413,0.48380765318870544,0.19767558574676514
YEL052W,YHR156C,0,3.1495605,0.19983786344528198,0.48380765318870544,0.19777578115463257
YIL031W,YBL031W,0,3.149097,0.19975689053535461,0.48380765318870544,0.1978759616613388
YOR113W,YHR209W,0,3.149073,0.19967597723007202,0.48380765318870544,0.19797615706920624
YFL013C,YER155C,0,3.1487687,0.1995951384305954,0.48380765318870544,0.19807635247707367
YPR162C,YOR089C,0,3.1485415,0.19951435923576355,0.48380765318870544,0.1981765329837799
YBR010W,YML095C,1,3.1484344,0.19983819127082825,0.48478901386260986,0.1981765329837799
YDR004W,YIL132C,1,3.1480072,0.20016174018383026,0.4857703745365143,0.1981765329837799
YMR322C,YGR148C,0,3.1476347,0.20008084177970886,0.4857703745365143,0.19827672839164734
YDR310C,YLR406C,0,3.147153,0.20000000298023224,0.4857703745365143,0.19837690889835358
YIL153W,YJL208C,0,3.1469905,0.1999192237854004,0.4857703745365143,0.198477104306221
YDR471W,YML127W,0,3.146554,0.1998385190963745,0.4857703745365143,0.19857729971408844
YIR002C,YER171W,1,3.1464336,0.2001614272594452,0.4867517054080963,0.19857729971408844
YHR006W,YPL173W,0,3.146048,0.20008067786693573,0.4867517054080963,0.19867748022079468
YPL030W,YNL102W,0,3.1436474,0.20000000298023224,0.4867517054080963,0.1987776756286621
YEL024W,YJL128C,0,3.1431608,0.19991938769817352,0.4867517054080963,0.19887787103652954
YDL059C,YBR089C-A,1,3.1426604,0.20024174451828003,0.48773306608200073,0.19887787103652954
YBR253W,YMR250W,0,3.142545,0.20016109943389893,0.48773306608200073,0.19897805154323578
YHR088W,YOR299W,0,3.1422813,0.2000805139541626,0.48773306608200073,0.1990782469511032
YLR077W,YGL116W,0,3.1421602,0.20000000298023224,0.48773306608200073,0.19917844235897064
YLR042C,YCR073C,0,3.1418827,0.19991955161094666,0.48773306608200073,0.19927862286567688
YPL082C,YPL115C,0,3.1412227,0.19983915984630585,0.48773306608200073,0.1993788182735443
YGL011C,YGR275W,0,3.1408777,0.199758842587471,0.48773306608200073,0.19947901368141174
YOR244W,YLR442C,1,3.1406987,0.20008035004138947,0.48871442675590515,0.19947901368141174
YMR061W,YOL055C,0,3.1405709,0.20000000298023224,0.48871442675590515,0.19957919418811798
YNL020C,YML093W,0,3.1397808,0.1999197155237198,0.48871442675590515,0.1996793895959854
YNL270C,YLR043C,0,3.1395845,0.1998394876718521,0.48871442675590515,0.19977958500385284
YMR238W,YPL173W,0,3.1392918,0.1997593194246292,0.48871442675590515,0.19987976551055908
YLR077W,YGL033W,0,3.1392057,0.19967922568321228,0.48871442675590515,0.1999799609184265
YPL236C,YGL025C,0,3.1382368,0.19959919154644012,0.48871442675590515,0.20008015632629395
YCR093W,YKL222C,0,3.138014,0.19951923191547394,0.48871442675590515,0.20018033683300018
YDR506C,YNR012W,0,3.137605,0.19943933188915253,0.48871442675590515,0.20028053224086761
YGL148W,YFR040W,0,3.136465,0.1993594914674759,0.48871442675590515,0.20038072764873505
YOL060C,YML076C,0,3.136062,0.19927971065044403,0.48871442675590515,0.20048090815544128
YPR180W,YKL008C,0,3.1356394,0.19920000433921814,0.48871442675590515,0.20058110356330872
YGL071W,YOL108C,0,3.1353865,0.19912035763263702,0.48871442675590515,0.20068129897117615
YER139C,YJL130C,0,3.1345494,0.19904077053070068,0.48871442675590515,0.20078147947788239
YPL027W,YER170W,0,3.134377,0.19896124303340912,0.48871442675590515,0.20088167488574982
YDR182W,YKL114C,1,3.1330833,0.19928115606307983,0.48969578742980957,0.20088167488574982
YIL080W,YJL054W,0,3.1326878,0.19920159876346588,0.48969578742980957,0.20098187029361725
YPR110C,YPR025C,0,3.1320727,0.1991221010684967,0.48969578742980957,0.2010820508003235
YGL203C,YKL092C,0,3.1316516,0.1990426778793335,0.48969578742980957,0.20118224620819092
YMR014W,YHR146W,0,3.1312234,0.19896331429481506,0.48969578742980957,0.20128244161605835
YNL118C,YER016W,0,3.1309423,0.1988840103149414,0.48969578742980957,0.2013826221227646
YIL094C,YLR424W,0,3.130582,0.19880478084087372,0.48969578742980957,0.20148281753063202
YDR222W,YHR077C,0,3.1304653,0.1987256109714508,0.48969578742980957,0.20158301293849945
YLR321C,YHR039C-A,0,3.1299696,0.19864650070667267,0.48969578742980957,0.2016831934452057
YNL107W,YDL070W,1,3.1289783,0.198965385556221,0.490677148103714,0.2016831934452057
YLR398C,YHR085W,0,3.128947,0.1988862305879593,0.490677148103714,0.20178338885307312
YBR089C-A,YDR175C,0,3.1281116,0.19880715012550354,0.490677148103714,0.20188358426094055
YGR081C,YLR301W,0,3.1280434,0.19872814416885376,0.490677148103714,0.2019837647676468
YMR234W,YER026C,0,3.1279447,0.19864918291568756,0.490677148103714,0.20208396017551422
YDR381W,YBR279W,0,3.1279075,0.19857029616832733,0.490677148103714,0.20218415558338165
YML055W,YKL124W,0,3.1274493,0.19849146902561188,0.490677148103714,0.2022843360900879
YDR207C,YJR055W,0,3.1260498,0.1984127014875412,0.490677148103714,0.20238453149795532
YGR204W,YDR407C,0,3.1247132,0.1983339935541153,0.490677148103714,0.20248472690582275
YPL027W,YML130C,0,3.1239746,0.19825536012649536,0.490677148103714,0.202584907412529
YLR190W,YPL036W,0,3.1236613,0.198176771402359,0.490677148103714,0.20268510282039642
YDR454C,YDR291W,0,3.123461,0.19809825718402863,0.490677148103714,0.20278529822826385
YJL083W,YDR496C,0,3.1232839,0.19801980257034302,0.490677148103714,0.2028854787349701
YBL003C,YEL018W,1,3.1228702,0.19833728671073914,0.491658478975296,0.2028854787349701
YML112W,YMR105C,0,3.12242,0.19825880229473114,0.491658478975296,0.20298567414283752
YDR087C,YMR186W,0,3.1213238,0.19818037748336792,0.491658478975296,0.20308586955070496
YBR278W,YKL064W,0,3.1212466,0.19810201227664948,0.491658478975296,0.2031860500574112
YJR006W,YDR113C,1,3.1209457,0.1984189748764038,0.49263983964920044,0.2031860500574112
YHR039C-A,YGL002W,0,3.1205447,0.19834057986736298,0.49263983964920044,0.20328624546527863
YPL121C,YML023C,1,3.120493,0.19865718483924866,0.49362120032310486,0.20328624546527863
YBR211C,YNL051W,0,3.1202142,0.19857876002788544,0.49362120032310486,0.20338644087314606
YGR005C,YOR028C,0,3.120112,0.198500394821167,0.49362120032310486,0.2034866213798523
YJL063C,YJL145W,0,3.1192153,0.19842208921909332,0.49362120032310486,0.20358681678771973
YBR182C,YOR295W,0,3.1190608,0.19834384322166443,0.49362120032310486,0.20368701219558716
YOL158C,YGR260W,0,3.1189196,0.1982656717300415,0.49362120032310486,0.2037871927022934
YJR006W,YGR002C,1,3.1181924,0.19858156144618988,0.4946025609970093,0.2037871927022934
YMR288W,YKR067W,0,3.1178882,0.19850334525108337,0.4946025609970093,0.20388738811016083
YGL166W,YCR063W,0,3.1175857,0.19842520356178284,0.4946025609970093,0.20398758351802826
YPL120W,YOL084W,0,3.117328,0.19834710657596588,0.4946025609970093,0.2040877640247345
YKR089C,YLR308W,0,3.1165264,0.1982690840959549,0.4946025609970093,0.20418795943260193
YIR008C,YOL009C,0,3.1165102,0.1981911063194275,0.4946025609970093,0.20428815484046936
YGL134W,YMR197C,0,3.1161065,0.19811320304870605,0.4946025609970093,0.2043883353471756
YOL093W,YOL001W,0,3.1148875,0.1980353593826294,0.4946025609970093,0.20448853075504303
YPR023C,YDR004W,1,3.1146202,0.19835035502910614,0.4955838918685913,0.20448853075504303
YBR016W,YER073W,0,3.1142557,0.1982724815607071,0.4955838918685913,0.20458871126174927
YHL018W,YKL194C,0,3.1137657,0.19819466769695282,0.4955838918685913,0.2046889066696167
YHR005C-A,YNL047C,0,3.1132085,0.19811691343784332,0.4955838918685913,0.20478910207748413
YJR032W,YKR036C,0,3.1122887,0.1980392187833786,0.4955838918685913,0.20488928258419037
YNL307C,YMR090W,0,3.112123,0.19796158373355865,0.4955838918685913,0.2049894779920578
YOR317W,YDL121C,0,3.1120589,0.19788400828838348,0.4955838918685913,0.20508967339992523
YGL023C,YPR025C,0,3.1118634,0.19780650734901428,0.4955838918685913,0.20518985390663147
YKL054C,YOL075C,0,3.1117346,0.19772905111312866,0.4955838918685913,0.2052900493144989
YAL051W,YNR013C,0,3.1117191,0.197651669383049,0.4955838918685913,0.20539024472236633
YDL235C,YEL053C,0,3.111708,0.19757433235645294,0.4955838918685913,0.20549042522907257
YGL032C,YBR037C,0,3.1114717,0.19749706983566284,0.4955838918685913,0.20559062063694
YCR044C,YIR035C,0,3.11146,0.19741985201835632,0.4955838918685913,0.20569081604480743
YGR289C,YDL015C,0,3.1112518,0.19734270870685577,0.4955838918685913,0.20579099655151367
YCR067C,YPR171W,0,3.1109042,0.197265625,0.4955838918685913,0.2058911919593811
YLR427W,YKL113C,1,3.1103585,0.19757907092571259,0.4965652525424957,0.2058911919593811
YDR349C,YBR127C,0,3.11022,0.19750195741653442,0.4965652525424957,0.20599138736724854
YBR261C,YGR003W,0,3.1101143,0.19742488861083984,0.4965652525424957,0.20609156787395477
YIR021W,YGR195W,0,3.1096976,0.19734789431095123,0.4965652525424957,0.2061917632818222
YKL114C,YDL101C,1,3.1096435,0.19766081869602203,0.49754661321640015,0.2061917632818222
YNL192W,YOR033C,0,3.1087801,0.19758379459381104,0.49754661321640015,0.20629195868968964
YNL062C,YDR276C,0,3.1084774,0.19750681519508362,0.49754661321640015,0.20639213919639587
YEL047C,YBL085W,0,3.1082566,0.19742991030216217,0.49754661321640015,0.2064923346042633
YMR091C,YMR228W,0,3.1079066,0.1973530501127243,0.49754661321640015,0.20659253001213074
YJL085W,YDL142C,0,3.1077473,0.1972762644290924,0.49754661321640015,0.20669271051883698
YGL122C,YGL071W,0,3.107499,0.19719953835010529,0.49754661321640015,0.2067929059267044
YPL252C,YLR089C,0,3.1073177,0.19712285697460175,0.49754661321640015,0.20689310133457184
YLR007W,YDL101C,1,3.106793,0.1974349021911621,0.49852797389030457,0.20689310133457184
YGL151W,YDR162C,0,3.1067297,0.19735819101333618,0.49852797389030457,0.20699328184127808
YMR167W,YOL072W,1,3.1063726,0.19766990840435028,0.499509334564209,0.20699328184127808
YPL042C,YFR010W,0,3.105522,0.19759316742420197,0.499509334564209,0.2070934772491455
YHL028W,YDR159W,0,3.1050904,0.19751648604869843,0.499509334564209,0.20719367265701294
YBR282W,YOR208W,0,3.104235,0.19743987917900085,0.499509334564209,0.20729385316371918
YDR087C,YGL058W,0,3.1036239,0.19736331701278687,0.499509334564209,0.2073940485715866
YMR118C,YGR096W,0,3.1035192,0.19728681445121765,0.499509334564209,0.20749424397945404
YDR171W,YCL011C,0,3.1035123,0.1972103863954544,0.499509334564209,0.20759442448616028
YDL133C-A,YHR006W,0,3.1028562,0.19713400304317474,0.499509334564209,0.2076946198940277
YLR210W,YOR307C,0,3.1005156,0.19705767929553986,0.499509334564209,0.20779481530189514
YDR051C,YMR200W,0,3.0998886,0.19698143005371094,0.499509334564209,0.20789499580860138
YBL097W,YCR093W,0,3.099708,0.1969052255153656,0.499509334564209,0.2079951912164688
YDR262W,YKL069W,0,3.0992174,0.19682908058166504,0.499509334564209,0.20809538662433624
YLR032W,YJR144W,1,3.098984,0.19713954627513885,0.500490665435791,0.20809538662433624
YKL216W,YKL161C,0,3.098955,0.1970633715391159,0.500490665435791,0.20819556713104248
YBR128C,YDR287W,0,3.098708,0.19698725640773773,0.500490665435791,0.2082957625389099
YDR266C,YOR077W,0,3.0982885,0.19691120088100433,0.500490665435791,0.20839595794677734
YLR299W,YPR152C,0,3.0969262,0.1968352049589157,0.500490665435791,0.20849613845348358
YPR056W,YLR357W,1,3.0967414,0.19714505970478058,0.5014720559120178,0.20849613845348358
YNL032W,YLR150W,0,3.096363,0.19706903398036957,0.5014720559120178,0.208596333861351
YBR199W,YDR488C,0,3.0962472,0.19699306786060333,0.5014720559120178,0.20869652926921844
YPL119C,YMR263W,0,3.095396,0.19691714644432068,0.5014720559120178,0.20879670977592468
YDR087C,YMR008C,0,3.0953763,0.196841299533844,0.5014720559120178,0.20889690518379211
YDR323C,YFL005W,0,3.0952442,0.1967654973268509,0.5014720559120178,0.20899710059165955
YDR369C,YDR375C,0,3.0947905,0.19668975472450256,0.5014720559120178,0.20909728109836578
YBR130C,YFR042W,0,3.0942423,0.1966140866279602,0.5014720559120178,0.20919747650623322
YPR023C,YJR035W,1,3.0935829,0.19692307710647583,0.5024533867835999,0.20919747650623322
YDR508C,YDL028C,0,3.092962,0.1968473643064499,0.5024533867835999,0.20929767191410065
YOR178C,YLR061W,0,3.0928442,0.19677171111106873,0.5024533867835999,0.20939785242080688
YDR541C,YJL014W,0,3.0926454,0.19669611752033234,0.5024533867835999,0.20949804782867432
YPR097W,YGL107C,0,3.0924861,0.19662058353424072,0.5024533867835999,0.20959824323654175
YJL085W,YNL224C,0,3.092249,0.19654510915279388,0.5024533867835999,0.20969842374324799
YDL028C,YER087W,0,3.0921981,0.19646967947483063,0.5024533867835999,0.20979861915111542
YLR131C,YBR052C,0,3.0914183,0.19639432430267334,0.5024533867835999,0.20989881455898285
YDR207C,YFL017W-A,0,3.0913029,0.19631901383399963,0.5024533867835999,0.2099989950656891
YBR135W,YDL217C,0,3.0907357,0.1962437778711319,0.5024533867835999,0.21009919047355652
YGL127C,YDL058W,0,3.090421,0.19616858661174774,0.5024533867835999,0.21019938588142395
YPL283C,YNL288W,0,3.0903084,0.19609345495700836,0.5024533867835999,0.2102995663881302
YDR165W,YGR010W,0,3.089839,0.19601838290691376,0.5024533867835999,0.21039976179599762
YHR069C,YBR141C,0,3.0897868,0.19594335556030273,0.5024533867835999,0.21049995720386505
YIR034C,YJR132W,0,3.089012,0.19586840271949768,0.5024533867835999,0.2106001377105713
YHL007C,YNL167C,0,3.0889575,0.1957934945821762,0.5024533867835999,0.21070033311843872
YGL100W,YPR167C,0,3.0887551,0.1957186609506607,0.5024533867835999,0.21080051362514496
YHR005C-A,YPL208W,0,3.0885694,0.19564387202262878,0.5024533867835999,0.2109007090330124
YGL160W,YGR261C,0,3.0883648,0.19556914269924164,0.5024533867835999,0.21100090444087982
YHR081W,YBR089C-A,1,3.0878544,0.19587628543376923,0.5034347176551819,0.21100090444087982
YBR160W,YPR023C,1,3.0877697,0.1961832046508789,0.5044161081314087,0.21100090444087982
YOL034W,YBR073W,1,3.0875506,0.19648988544940948,0.5053974390029907,0.21100090444087982
YML121W,YPL116W,0,3.0872772,0.19641494750976562,0.5053974390029907,0.21110108494758606
YNL330C,YFL003C,1,3.0868347,0.19672131538391113,0.5063788294792175,0.21110108494758606
YJL004C,YKR060W,0,3.0868251,0.19664634764194489,0.5063788294792175,0.2112012803554535
YGR040W,YDR365C,0,3.086258,0.19657142460346222,0.5063788294792175,0.21130147576332092
YGL192W,YHR119W,0,3.0859501,0.19649657607078552,0.5063788294792175,0.21140165627002716
YER171W,YAL015C,1,3.0857537,0.19680243730545044,0.5073601603507996,0.21140165627002716
YLR066W,YDL214C,0,3.0855281,0.19672754406929016,0.5073601603507996,0.2115018516778946
YMR134W,YNL052W,0,3.0845244,0.19665272533893585,0.5073601603507996,0.21160204708576202
YHR164C,YPL194W,1,3.084469,0.19695816934108734,0.5083414912223816,0.21160204708576202
YJR082C,YLR357W,1,3.0838027,0.19726340472698212,0.5093228816986084,0.21160204708576202
YDL209C,YGL179C,0,3.0832891,0.19718845188617706,0.5093228816986084,0.21170222759246826
YNL072W,YOL052C-A,0,3.083263,0.19711355865001678,0.5093228816986084,0.2118024230003357
YIL065C,YDR386W,0,3.0829937,0.19703872501850128,0.5093228816986084,0.21190261840820312
YLR398C,YLR248W,0,3.0828016,0.19696395099163055,0.5093228816986084,0.21200279891490936
YLR117C,YHL001W,0,3.0827568,0.1968892216682434,0.5093228816986084,0.2121029943227768
YNL330C,YOL090W,1,3.0824702,0.19719378650188446,0.5103042125701904,0.2121029943227768
YNR038W,YNL117W,0,3.0818393,0.19711902737617493,0.5103042125701904,0.21220318973064423
YKL112W,YIL154C,1,3.0815194,0.19742326438426971,0.5112856030464172,0.21220318973064423
YFR028C,YNL281W,0,3.081235,0.197348490357399,0.5112856030464172,0.21230337023735046
YER038C,YPR135W,1,3.0808485,0.1976523995399475,0.5122669339179993,0.21230337023735046
YLR362W,YHR152W,0,3.0807698,0.1975775957107544,0.5122669339179993,0.2124035656452179
YDR300C,YJL225C,0,3.08073,0.19750283658504486,0.5122669339179993,0.21250376105308533
YJL004C,YHR088W,0,3.0806744,0.1974281370639801,0.5122669339179993,0.21260394155979156
YEL037C,YKL017C,1,3.0796368,0.19773156940937042,0.5132482647895813,0.21260394155979156
YJR105W,YPR026W,0,3.0794442,0.19765684008598328,0.5132482647895813,0.212704136967659
YKL197C,YKL194C,0,3.0792954,0.1975821703672409,0.5132482647895813,0.21280433237552643
YPL122C,YDR263C,1,3.0780098,0.197885200381279,0.5142296552658081,0.21280433237552643
YGL127C,YHR090C,1,3.0778227,0.19818799197673798,0.5152109861373901,0.21280433237552643
YDL097C,YER101C,0,3.0776117,0.19811320304870605,0.5152109861373901,0.21290451288223267
YHR141C,YJL151C,0,3.0772336,0.1980384737253189,0.5152109861373901,0.2130047082901001
YOR377W,YOL093W,0,3.0770586,0.19796380400657654,0.5152109861373901,0.21310490369796753
YBR169C,YAR009C,0,3.0761092,0.19788917899131775,0.5152109861373901,0.21320508420467377
YDR007W,YHR037W,0,3.074651,0.19781461358070374,0.5152109861373901,0.2133052796125412
YEL032W,YIL021W,0,3.0745068,0.1977401077747345,0.5152109861373901,0.21340547502040863
YDR386W,YEL037C,1,3.0743973,0.19804216921329498,0.5161923170089722,0.21340547502040863
YDR217C,YCL035C,0,3.0742743,0.19796763360500336,0.5161923170089722,0.21350565552711487
YPL193W,YJL192C,0,3.0740328,0.1978931576013565,0.5161923170089722,0.2136058509349823
YIL132C,YLR410W,0,3.073796,0.19781872630119324,0.5161923170089722,0.21370604634284973
YHL012W,YNL137C,0,3.0734365,0.19774435460567474,0.5161923170089722,0.21380622684955597
YDR143C,YAR066W,0,3.073213,0.19767004251480103,0.5161923170089722,0.2139064222574234
YKR020W,YPL058C,0,3.0728135,0.19759579002857208,0.5161923170089722,0.21400661766529083
YML075C,YJR138W,0,3.0718927,0.19752159714698792,0.5161923170089722,0.21410679817199707
YPL188W,YPR154W,0,3.0716894,0.19744744896888733,0.5161923170089722,0.2142069935798645
YKL205W,YKR095W,0,3.0712183,0.19737336039543152,0.5161923170089722,0.21430718898773193
YIL066C,YBR127C,0,3.070982,0.19729933142662048,0.5161923170089722,0.21440736949443817
YDR437W,YOR239W,0,3.0709488,0.19722534716129303,0.5161923170089722,0.2145075649023056
YML011C,YIL153W,1,3.0709302,0.1975262314081192,0.517173707485199,0.2145075649023056
YDR081C,YJR149W,0,3.0708458,0.19745223224163055,0.517173707485199,0.21460776031017303
YIL009W,YBL005W-B,0,3.069606,0.1973782777786255,0.517173707485199,0.21470794081687927
YGR163W,YLR017W,0,3.0694816,0.1973043829202652,0.517173707485199,0.2148081362247467
YJR102C,YOR205C,0,3.0691202,0.1972305327653885,0.517173707485199,0.21490833163261414
YOR290C,YBR228W,1,3.0691097,0.1975308656692505,0.518155038356781,0.21490833163261414
YPR167C,YDL179W,0,3.0685306,0.19745700061321259,0.518155038356781,0.21500851213932037
YLR427W,YHR079C-A,1,3.0681403,0.19775700569152832,0.5191364288330078,0.21500851213932037
YBR289W,YNL136W,1,3.0676386,0.19805680215358734,0.5201177597045898,0.21500851213932037
YBR195C,YIR002C,1,3.0676281,0.19835637509822845,0.5210990905761719,0.21500851213932037
YPL256C,YDL074C,0,3.06735,0.19828230142593384,0.5210990905761719,0.2151087075471878
YKL063C,YOR157C,0,3.0657563,0.198208287358284,0.5210990905761719,0.21520890295505524
YKR024C,YLR118C,0,3.0657396,0.19813433289527893,0.5210990905761719,0.21530908346176147
YBR272C,YGL058W,1,3.0656679,0.19843341410160065,0.5220804810523987,0.21530908346176147
YLL042C,YNL038W,0,3.0655632,0.1983594298362732,0.5220804810523987,0.2154092788696289
YPR200C,YCR066W,0,3.0644662,0.19828550517559052,0.5220804810523987,0.21550947427749634
YBR188C,YDR392W,0,3.06346,0.19821162521839142,0.5220804810523987,0.21560965478420258
YLR298C,YFR019W,0,3.0625422,0.1981378048658371,0.5220804810523987,0.21570985019207
YGL148W,YGR133W,0,3.06237,0.19806402921676636,0.5220804810523987,0.21581004559993744
YDL021W,YPR034W,0,3.0620284,0.1979903280735016,0.5220804810523987,0.21591022610664368
YKR039W,YIL148W,0,3.0619946,0.1979166716337204,0.5220804810523987,0.2160104215145111
YGR205W,YEL019C,0,3.061683,0.1978430598974228,0.5220804810523987,0.21611061692237854
YER056C,YIL049W,0,3.0615864,0.19776952266693115,0.5220804810523987,0.21621079742908478
YDR189W,YDL165W,0,3.0612862,0.1976960301399231,0.5220804810523987,0.2163109928369522
YFR046C,YDR184C,0,3.0605848,0.19762258231639862,0.5220804810523987,0.21641118824481964
YPR107C,YOR089C,0,3.0603697,0.19754920899868011,0.5220804810523987,0.21651136875152588
YDL083C,YGR017W,0,3.059665,0.197475865483284,0.5220804810523987,0.2166115641593933
YBR061C,YFL010W-A,0,3.059411,0.19740259647369385,0.5220804810523987,0.21671175956726074
YDR159W,YGL094C,1,3.0593956,0.19770029187202454,0.5230618119239807,0.21671175956726074
YDR227W,YLR175W,0,3.0591757,0.197626993060112,0.5230618119239807,0.21681194007396698
YPR086W,YMR092C,0,3.0590677,0.19755373895168304,0.5230618119239807,0.2169121354818344
YMR266W,YBR203W,0,3.0588186,0.19748054444789886,0.5230618119239807,0.21701231598854065
YNL329C,YPR141C,0,3.0587003,0.19740740954875946,0.5230618119239807,0.21711251139640808
YKR054C,YHR134W,0,3.0583458,0.19733431935310364,0.5230618119239807,0.2172127068042755
YGL150C,YDR237W,0,3.0574734,0.1972612887620926,0.5230618119239807,0.21731288731098175
YMR041C,YIL018W,0,3.0574384,0.19718830287456512,0.5230618119239807,0.21741308271884918
YGL131C,YNR051C,0,3.0573766,0.19711539149284363,0.5230618119239807,0.2175132781267166
YKR103W,YDR306C,0,3.0567331,0.19704250991344452,0.5230618119239807,0.21761345863342285
YGL184C,YPL020C,0,3.056236,0.19696970283985138,0.5230618119239807,0.21771365404129028
YBR196C,YKL132C,0,3.0562239,0.19689694046974182,0.5230618119239807,0.21781384944915771
YLR376C,YGL058W,1,3.056062,0.19719350337982178,0.5240432024002075,0.21781384944915771
YKR099W,YLR141W,0,3.0560184,0.19712071120738983,0.5240432024002075,0.21791402995586395
YDL148C,YOR153W,0,3.0557003,0.19704796373844147,0.5240432024002075,0.21801422536373138
YLR383W,YEL031W,0,3.0554855,0.19697529077529907,0.5240432024002075,0.21811442077159882
YOL004W,YBL019W,1,3.0547056,0.19727139174938202,0.5250245332717896,0.21811442077159882
YOL096C,YGR239C,0,3.0544727,0.19719867408275604,0.5250245332717896,0.21821460127830505
YNL236W,YJL216C,0,3.0544264,0.19712601602077484,0.5250245332717896,0.21831479668617249
YDR080W,YDL189W,0,3.0543,0.19705340266227722,0.5250245332717896,0.21841499209403992
YDR076W,YJL134W,0,3.0539565,0.19698084890842438,0.5250245332717896,0.21851517260074615
YHR169W,YJR082C,0,3.0533917,0.1969083547592163,0.5250245332717896,0.2186153680086136
YLR323C,YPR152C,0,3.0532668,0.19683590531349182,0.5250245332717896,0.21871556341648102
YPL253C,YDR377W,0,3.0529485,0.1967635154724121,0.5250245332717896,0.21881574392318726
YAL061W,YER115C,0,3.0527399,0.19669117033481598,0.5250245332717896,0.2189159393310547
YHR211W,YGL186C,0,3.052499,0.19661888480186462,0.5250245332717896,0.21901613473892212
YHR111W,YKL080W,0,3.0523589,0.19654665887355804,0.5250245332717896,0.21911631524562836
YHR005C-A,YHR187W,0,3.0507557,0.19647447764873505,0.5250245332717896,0.2192165106534958
YNL336W,YLR181C,0,3.0504563,0.19640235602855682,0.5250245332717896,0.21931670606136322
YNR063W,YMR076C,0,3.0499995,0.19633027911186218,0.5250245332717896,0.21941688656806946
YFR013W,YDR153C,0,3.0499377,0.19625824689865112,0.5250245332717896,0.2195170819759369
YPR164W,YJL140W,1,3.0493486,0.19655299186706543,0.5260058641433716,0.2195170819759369
YPR055W,YJR010W,0,3.048539,0.19648094475269318,0.5260058641433716,0.21961727738380432
YGR122W,YKR010C,0,3.0485194,0.1964089423418045,0.5260058641433716,0.21971745789051056
YLR350W,YNL315C,0,3.048416,0.1963369995355606,0.5260058641433716,0.219817653298378
YDR217C,YNL102W,1,3.0483403,0.1966312676668167,0.5269872546195984,0.219817653298378
YDR452W,YJR153W,0,3.0482872,0.19655929505825043,0.5269872546195984,0.21991784870624542
YER018C,YKL186C,0,3.0482354,0.19648738205432892,0.5269872546195984,0.22001802921295166
YKR027W,YER022W,0,3.0476916,0.196415513753891,0.5269872546195984,0.2201182246208191
YKL032C,YOR346W,1,3.0470626,0.19670931994915009,0.5279685854911804,0.2201182246208191
YJL113W,YIL049W,0,3.0467052,0.19663742184638977,0.5279685854911804,0.22021842002868652
YKL099C,YLR117C,0,3.0463078,0.19656558334827423,0.5279685854911804,0.22031860053539276
YMR220W,YLL032C,0,3.046196,0.19649378955364227,0.5279685854911804,0.2204187959432602
YGR027W-A,YOR071C,0,3.0454729,0.1964220553636551,0.5279685854911804,0.22051899135112762
YKL052C,YPR143W,0,3.0454288,0.1963503658771515,0.5279685854911804,0.22061917185783386
YGL167C,YLL017W,0,3.0443563,0.19627873599529266,0.5279685854911804,0.2207193672657013
YKL049C,YPL233W,0,3.0441725,0.19620715081691742,0.5279685854911804,0.22081956267356873
YOR363C,YKL208W,0,3.0441616,0.19613562524318695,0.5279685854911804,0.22091974318027496
YJR043C,YGR056W,1,3.0441005,0.1964285671710968,0.5289499759674072,0.22091974318027496
YOL008W,YJL114W,0,3.044063,0.19635701179504395,0.5289499759674072,0.2210199385881424
YGL150C,YGR020C,0,3.043404,0.19628550112247467,0.5289499759674072,0.22112013399600983
YPL257W-B,YPR009W,0,3.042349,0.19621405005455017,0.5289499759674072,0.22122031450271606
YKL170W,YPL233W,0,3.042251,0.19614264369010925,0.5289499759674072,0.2213205099105835
YEL063C,YBR171W,0,3.0422218,0.1960712969303131,0.5289499759674072,0.22142070531845093
YPL112C,YLR153C,0,3.0422006,0.19599999487400055,0.5289499759674072,0.22152088582515717
YGR152C,YDL059C,0,3.0421202,0.19592875242233276,0.5289499759674072,0.2216210812330246
YML069W,YMR177W,0,3.0415432,0.19585755467414856,0.5289499759674072,0.22172127664089203
YLR113W,YCL016C,0,3.0413816,0.19578641653060913,0.5289499759674072,0.22182145714759827
YNL256W,YER176W,0,3.0412111,0.19571532309055328,0.5289499759674072,0.2219216525554657
YDR416W,YCL010C,0,3.0411208,0.1956442892551422,0.5289499759674072,0.22202184796333313
YMR160W,YKL209C,0,3.0411198,0.19557330012321472,0.5289499759674072,0.22212202847003937
YPR055W,YNL224C,0,3.0411198,0.1955023556947708,0.5289499759674072,0.2222222238779068
YNL172W,YPR010C,0,3.0409706,0.19543147087097168,0.5289499759674072,0.22232241928577423
YMR137C,YDL059C,1,3.0408442,0.19572308659553528,0.5299313068389893,0.22232241928577423
YDR266C,YBR044C,0,3.0407145,0.19565217196941376,0.5299313068389893,0.22242259979248047
YGL170C,YHR058C,0,3.0406976,0.195581316947937,0.5299313068389893,0.2225227952003479
YDR263C,YML036W,0,3.040692,0.19551050662994385,0.5299313068389893,0.22262299060821533
YJR042W,YBR054W,0,3.0405369,0.19543974101543427,0.5299313068389893,0.22272317111492157
YNL081C,YGR013W,0,3.040424,0.19536903500556946,0.5299313068389893,0.222823366522789
YPL266W,YDR191W,0,3.0394511,0.19529837369918823,0.5299313068389893,0.22292356193065643
YOL141W,YDR515W,0,3.039303,0.19522777199745178,0.5299313068389893,0.22302374243736267
YNL222W,YKR018C,0,3.0391915,0.1951572149991989,0.5299313068389893,0.2231239378452301
YHR016C,YPL008W,0,3.0389764,0.19508670270442963,0.5299313068389893,0.22322413325309753
YHR020W,YER151C,0,3.038194,0.19501625001430511,0.5299313068389893,0.22332431375980377
YPL069C,YCL039W,0,3.0381017,0.19494584202766418,0.5299313068389893,0.2234245091676712
YOR354C,YOR128C,0,3.0379512,0.19487549364566803,0.5299313068389893,0.22352468967437744
YOL011W,YBR056W,0,3.0377653,0.19480518996715546,0.5299313068389893,0.22362488508224487
YIL073C,YHR158C,0,3.0376532,0.19473494589328766,0.5299313068389893,0.2237250804901123
YDR499W,YNL133C,1,3.0369432,0.195025235414505,0.5309126377105713,0.2237250804901123
YNL051W,YDR469W,0,3.0367355,0.19495496153831482,0.5309126377105713,0.22382526099681854
YGL090W,YML011C,1,3.0366876,0.1952449530363083,0.5318940281867981,0.22382526099681854
YML001W,YKL101W,0,3.0358443,0.19517464935779572,0.5318940281867981,0.22392545640468597
YDL147W,YBL063W,0,3.0357983,0.19510439038276672,0.5318940281867981,0.2240256518125534
YGR027C,YML057W,0,3.0355196,0.1950341910123825,0.5318940281867981,0.22412583231925964
YGL209W,YDR398W,0,3.0354857,0.19496402144432068,0.5318940281867981,0.22422602772712708
YDL052C,YDR386W,0,3.035153,0.19489392638206482,0.5318940281867981,0.2243262231349945
YBR150C,YKR072C,0,3.0351138,0.19482386112213135,0.5318940281867981,0.22442640364170074
YKL171W,YLL017W,0,3.0349958,0.19475385546684265,0.5318940281867981,0.22452659904956818
YKR081C,YER062C,0,3.0347347,0.19468390941619873,0.5318940281867981,0.2246267944574356
YDR108W,YPR106W,0,3.0345452,0.1946140080690384,0.5318940281867981,0.22472697496414185
YOR110W,YBR215W,0,3.0342524,0.19454415142536163,0.5318940281867981,0.22482717037200928
YDR167W,YOR126C,0,3.0341792,0.19447433948516846,0.5318940281867981,0.2249273657798767
YOR363C,YDL223C,0,3.0338998,0.19440458714962006,0.5318940281867981,0.22502754628658295
YFR001W,YGR027W-A,0,3.0336068,0.19433489441871643,0.5318940281867981,0.22512774169445038
YMR262W,YPR125W,0,3.0335958,0.1942652314901352,0.5318940281867981,0.2252279371023178
YPL193W,YPL075W,0,3.0333807,0.19419562816619873,0.5318940281867981,0.22532811760902405
YGL121C,YNL254C,0,3.0327733,0.19412606954574585,0.5318940281867981,0.22542831301689148
YLR182W,YNL300W,0,3.0326307,0.19405657052993774,0.5318940281867981,0.2255285084247589
YMR283C,YIL014W,0,3.0319564,0.19398711621761322,0.5318940281867981,0.22562868893146515
YML109W,YML066C,0,3.0319512,0.19391770660877228,0.5318940281867981,0.22572888433933258
YDR123C,YDR472W,0,3.0314,0.1938483566045761,0.5318940281867981,0.2258290797472
YKL220C,YJL059W,0,3.031187,0.19377905130386353,0.5318940281867981,0.22592926025390625
YJR125C,YOL146W,0,3.0308096,0.19370979070663452,0.5318940281867981,0.22602945566177368
YGR094W,YER017C,0,3.0305502,0.1936405897140503,0.5318940281867981,0.2261296510696411
YPL262W,YFL005W,0,3.0303447,0.19357143342494965,0.5318940281867981,0.22622983157634735
YDL092W,YLR425W,0,3.0302055,0.19350232183933258,0.5318940281867981,0.22633002698421478
YDL133C-A,YOR294W,0,3.0301766,0.1934332549571991,0.5318940281867981,0.22643022239208221
YLR035C,YHR060W,0,3.029597,0.1933642476797104,0.5318940281867981,0.22653040289878845
YBR182C,YBR244W,0,3.0295649,0.19329528510570526,0.5318940281867981,0.22663059830665588
YDR243C,YCR014C,0,3.0291505,0.1932263821363449,0.5318940281867981,0.22673079371452332
YIL008W,YEL039C,0,3.0284526,0.19315752387046814,0.5318940281867981,0.22683097422122955
YHR112C,YEL048C,0,3.028436,0.19308871030807495,0.5318940281867981,0.22693116962909698
YFR001W,YLL042C,0,3.02689,0.19301994144916534,0.5318940281867981,0.22703136503696442
YFR024C-A,YMR207C,0,3.025572,0.1929512321949005,0.5318940281867981,0.22713154554367065
YNL139C,YDL045C,0,3.0254605,0.19288256764411926,0.5318940281867981,0.22723174095153809
YDR300C,YDR092W,0,3.0253217,0.1928139477968216,0.5318940281867981,0.22733193635940552
YJR082C,YHR158C,0,3.024537,0.1927453726530075,0.5318940281867981,0.22743211686611176
YPR152C,YCL019W,0,3.024306,0.1926768571138382,0.5318940281867981,0.2275323122739792
YMR153W,YJL036W,0,3.0237513,0.19260838627815247,0.5318940281867981,0.22763250768184662
YIL106W,YPL079W,0,3.0232277,0.19253996014595032,0.5318940281867981,0.22773268818855286
YLR183C,YBL089W,0,3.0229204,0.19247159361839294,0.5318940281867981,0.2278328835964203
YPR004C,YJR129C,0,3.0219471,0.19240327179431915,0.5318940281867981,0.22793307900428772
YPL110C,YDR200C,0,3.0214684,0.19233499467372894,0.5318940281867981,0.22803325951099396
YER162C,YKR054C,0,3.0209134,0.19226676225662231,0.5318940281867981,0.2281334549188614
YKL163W,YKL003C,0,3.0208423,0.19219857454299927,0.5318940281867981,0.22823365032672882
YHR176W,YNL246W,0,3.0206945,0.192130446434021,0.5318940281867981,0.22833383083343506
YMR134W,YDR432W,0,3.0205946,0.1920623630285263,0.5318940281867981,0.2284340262413025
YGL115W,YJR090C,0,3.0204976,0.1919943392276764,0.5318940281867981,0.22853422164916992
YPL069C,YOL113W,0,3.0199559,0.19192634522914886,0.5318940281867981,0.22863440215587616
YIL046W,YDL132W,0,3.0197713,0.1918584108352661,0.5318940281867981,0.2287345975637436
YDR291W,YPL082C,0,3.0195496,0.19179052114486694,0.5318940281867981,0.22883479297161102
YNL224C,YMR263W,0,3.0192235,0.19172267615795135,0.5318940281867981,0.22893497347831726
YGL130W,YHR168W,0,3.018965,0.19165487587451935,0.5318940281867981,0.2290351688861847
YGR179C,YEL051W,0,3.0185342,0.19158713519573212,0.5318940281867981,0.22913536429405212
YNL097C,YKL203C,0,3.017979,0.19151943922042847,0.5318940281867981,0.22923554480075836
YIL048W,YJR006W,0,3.017831,0.1914517879486084,0.5318940281867981,0.2293357402086258
YML114C,YJL083W,0,3.0177205,0.1913841813802719,0.5318940281867981,0.22943593561649323
YLR369W,YGR148C,0,3.0172238,0.191316619515419,0.5318940281867981,0.22953611612319946
YLR200W,YGL122C,0,3.016824,0.19124911725521088,0.5318940281867981,0.2296363115310669
YPL183C,YPR025C,0,3.0168216,0.19118165969848633,0.5318940281867981,0.22973649203777313
YKL025C,YLR181C,0,3.016139,0.19111424684524536,0.5318940281867981,0.22983668744564056
YBR289W,YEL019C,1,3.0160406,0.19139936566352844,0.5328753590583801,0.22983668744564056
YGL093W,YDR499W,0,3.0157332,0.1913319230079651,0.5328753590583801,0.229936882853508
YGL087C,YBR228W,1,3.0139804,0.19161677360534668,0.5338567495346069,0.229936882853508
YDL133C-A,YGR249W,0,3.0134137,0.19154930114746094,0.5338567495346069,0.23003706336021423
YGL225W,YDR263C,0,3.0131984,0.19148187339305878,0.5338567495346069,0.23013725876808167
YDL091C,YDL092W,0,3.0129974,0.1914144903421402,0.5338567495346069,0.2302374541759491
YKL095W,YMR276W,0,3.0127628,0.1913471668958664,0.5338567495346069,0.23033763468265533
YDL200C,YHL025W,1,3.0122907,0.1916315108537674,0.534838080406189,0.23033763468265533
YMR112C,YKL117W,0,3.0121222,0.19156414270401,0.534838080406189,0.23043783009052277
YOR048C,YDR039C,0,3.0117574,0.1914968341588974,0.534838080406189,0.2305380254983902
YOL052C,YDR308C,0,3.0117311,0.19142957031726837,0.534838080406189,0.23063820600509644
YJR052W,YBL019W,1,3.0113745,0.19171348214149475,0.535819411277771,0.23063820600509644
YGR205W,YPR066W,0,3.0112607,0.19164618849754333,0.535819411277771,0.23073840141296387
YOR274W,YER154W,0,3.0110166,0.1915789544582367,0.535819411277771,0.2308385968208313
YDR145W,YIL050W,0,3.0108395,0.19151175022125244,0.535819411277771,0.23093877732753754
YIL040W,YLL029W,0,3.0107973,0.19144460558891296,0.535819411277771,0.23103897273540497
YBL097W,YKR034W,0,3.0099504,0.19137749075889587,0.535819411277771,0.2311391681432724
YBL050W,YHR058C,0,3.0097032,0.19131043553352356,0.535819411277771,0.23123934864997864
YEL044W,YJL178C,0,3.009684,0.19124343991279602,0.535819411277771,0.23133954405784607
YOL122C,YOR094W,0,3.0095265,0.19117647409439087,0.535819411277771,0.2314397394657135
YGL112C,YDL028C,0,3.009328,0.1911095529794693,0.535819411277771,0.23153991997241974
YDL103C,YNL107W,0,3.0092275,0.1910426914691925,0.535819411277771,0.23164011538028717
YDR395W,YDR009W,0,3.009226,0.1909758597612381,0.535819411277771,0.2317403107881546
YOR264W,YJL196C,0,3.0079377,0.19090908765792847,0.535819411277771,0.23184049129486084
YLR297W,YGR212W,0,3.0075128,0.19084236025810242,0.535819411277771,0.23194068670272827
YGL158W,YAR042W,0,3.0072458,0.19077567756175995,0.535819411277771,0.2320408821105957
YGR030C,YDL004W,0,3.0072258,0.19070903956890106,0.535819411277771,0.23214106261730194
YDR435C,YLR260W,0,3.0063663,0.19064246118068695,0.535819411277771,0.23224125802516937
YML132W,YFR009W,0,3.0061467,0.19057591259479523,0.535819411277771,0.2323414534330368
YOL095C,YEL018W,1,3.0058422,0.19085833430290222,0.5368008017539978,0.2323414534330368
YML041C,YNL327W,0,3.00564,0.1907917708158493,0.5368008017539978,0.23244163393974304
YOR287C,YDR227W,0,3.0055006,0.19072523713111877,0.5368008017539978,0.23254182934761047
YJL045W,YLR312W-A,0,3.0051181,0.19065876305103302,0.5368008017539978,0.2326420247554779
YPR160W,YLR050C,0,3.0049903,0.19059233367443085,0.5368008017539978,0.23274220526218414
YDR097C,YIL126W,1,3.003891,0.19087426364421844,0.5377821326255798,0.23274220526218414
YMR286W,YLR190W,0,3.0037148,0.19080780446529388,0.5377821326255798,0.23284240067005157
YKR102W,YBR287W,0,3.0032113,0.1907413899898529,0.5377821326255798,0.232942596077919
YGR268C,YJR048W,0,3.0031288,0.1906750202178955,0.5377821326255798,0.23304277658462524
YDR296W,YDR464W,0,3.0030434,0.1906086951494217,0.5377821326255798,0.23314297199249268
YMR268C,YER178W,0,3.0027454,0.19054241478443146,0.5377821326255798,0.2332431674003601
YDL105W,YDR121W,1,3.002469,0.1908237785100937,0.5387635231018066,0.2332431674003601
YBR182C,YDR195W,0,3.0021822,0.19075746834278107,0.5387635231018066,0.23334334790706635
YPL168W,YCR048W,0,3.0021436,0.19069121778011322,0.5387635231018066,0.23344354331493378
YMR322C,YNL021W,0,3.0020883,0.19062499701976776,0.5387635231018066,0.2335437387228012
YNL047C,YKR022C,0,3.0009649,0.19055883586406708,0.5387635231018066,0.23364391922950745
YGL209W,YER094C,0,3.0008118,0.19049271941184998,0.5387635231018066,0.23374411463737488
YOR301W,YBR193C,0,3.0008056,0.19042663276195526,0.5387635231018066,0.2338443100452423
YPL113C,YAL042W,0,3.0006921,0.19036060571670532,0.5387635231018066,0.23394449055194855
YBR253W,YPR155C,0,3.0005338,0.19029462337493896,0.5387635231018066,0.23404468595981598
YPR083W,YDR240C,0,3.0002072,0.1902286857366562,0.5387635231018066,0.2341448813676834
YIR013C,YCR052W,0,2.9996886,0.190162792801857,0.5387635231018066,0.23424506187438965
YHR059W,YPR080W,0,2.9991286,0.19009695947170258,0.5387635231018066,0.23434525728225708
YNL045W,YFL008W,0,2.9988594,0.19003115594387054,0.5387635231018066,0.2344454526901245
YGL086W,YNL123W,0,2.9986842,0.1899653971195221,0.5387635231018066,0.23454563319683075
YNL230C,YHR004C,0,2.9985683,0.18989968299865723,0.5387635231018066,0.23464582860469818
YML112W,YGL073W,0,2.9980247,0.18983402848243713,0.5387635231018066,0.2347460240125656
YPL188W,YMR146C,0,2.9978597,0.18976840376853943,0.5387635231018066,0.23484620451927185
YDL059C,YNL183C,0,2.9978094,0.1897028386592865,0.5387635231018066,0.23494639992713928
YAL029C,YNL079C,0,2.9975898,0.18963730335235596,0.5387635231018066,0.2350465953350067
YMR176W,YDR403W,0,2.9969213,0.1895718276500702,0.5387635231018066,0.23514677584171295
YOR258W,YNL299W,1,2.9965727,0.1898515671491623,0.5397448539733887,0.23514677584171295
YPR001W,YCR073C,0,2.9964063,0.18978606164455414,0.5397448539733887,0.23524697124958038
YBR091C,YER056C,0,2.9961784,0.18972058594226837,0.5397448539733887,0.23534716665744781
YGR278W,YPR204W,0,2.995818,0.18965516984462738,0.5397448539733887,0.23544734716415405
YDR200C,YIL002C,0,2.9946086,0.18958979845046997,0.5397448539733887,0.23554754257202148
YJL082W,YDL216C,0,2.9945443,0.18952447175979614,0.5397448539733887,0.23564773797988892
YPL179W,YOR168W,0,2.9938252,0.1894591748714447,0.5397448539733887,0.23574791848659515
YOL121C,YDR202C,0,2.993748,0.18939393758773804,0.5397448539733887,0.23584811389446259
YFL008W,YEL001C,0,2.9934556,0.18932874500751495,0.5397448539733887,0.23594829440116882
YFL003C,YIL139C,1,2.993202,0.18960770964622498,0.5407261848449707,0.23594829440116882
YDR097C,YPL204W,1,2.9930747,0.18988648056983948,0.5417075753211975,0.23594829440116882
YML055W,YLR305C,0,2.9929712,0.18982118368148804,0.5417075753211975,0.23604848980903625
YER122C,YDR004W,0,2.9927366,0.18975593149662018,0.5417075753211975,0.2361486852169037
YOR357C,YBR243C,0,2.9919603,0.1896907240152359,0.5417075753211975,0.23624886572360992
YLR323C,YLL019C,0,2.991464,0.1896255612373352,0.5417075753211975,0.23634906113147736
YOR243C,YIL119C,0,2.9914012,0.1895604431629181,0.5417075753211975,0.2364492565393448
YJL122W,YAL024C,0,2.9912126,0.18949536979198456,0.5417075753211975,0.23654943704605103
YLR193C,YPL167C,0,2.9910147,0.1894303411245346,0.5417075753211975,0.23664963245391846
YNR055C,YLR447C,0,2.9899771,0.18936535716056824,0.5417075753211975,0.2367498278617859
YOR227W,YIL021W,0,2.9894512,0.18930041790008545,0.5417075753211975,0.23685000836849213
YKL144C,YNL058C,0,2.989434,0.18923552334308624,0.5417075753211975,0.23695020377635956
YHL002W,YPL082C,0,2.988942,0.18917065858840942,0.5417075753211975,0.237050399184227
YNR010W,YOR323C,0,2.988691,0.18910585343837738,0.5417075753211975,0.23715057969093323
YMR076C,YGL170C,0,2.9883792,0.18904109299182892,0.5417075753211975,0.23725077509880066
YNL222W,YBR037C,0,2.988343,0.18897637724876404,0.5417075753211975,0.2373509705066681
YOR227W,YDR208W,0,2.987836,0.18891170620918274,0.5417075753211975,0.23745115101337433
YLR102C,YKL079W,0,2.987595,0.18884707987308502,0.5417075753211975,0.23755134642124176
YDR435C,YOR193W,0,2.987522,0.1887824833393097,0.5417075753211975,0.2376515418291092
YKL114C,YDR440W,1,2.9874427,0.18905982375144958,0.5426889061927795,0.2376515418291092
YNL250W,YAL009W,0,2.987008,0.18899521231651306,0.5426889061927795,0.23775172233581543
YGR155W,YLR268W,0,2.9864032,0.18893064558506012,0.5426889061927795,0.23785191774368286
YDL047W,YCR097W,0,2.9863627,0.18886612355709076,0.5426889061927795,0.2379521131515503
YOR123C,YJL111W,0,2.9863293,0.18880164623260498,0.5426889061927795,0.23805229365825653
YOR287C,YIL087C,0,2.9863045,0.1887371987104416,0.5426889061927795,0.23815248906612396
YBR223C,YHR099W,1,2.9861028,0.1890139877796173,0.5436702370643616,0.23815248906612396
YLR440C,YER005W,0,2.985831,0.18894952535629272,0.5436702370643616,0.2382526844739914
YOR202W,YAL060W,0,2.9855049,0.18888510763645172,0.5436702370643616,0.23835286498069763
YGL063W,YLR248W,0,2.985503,0.1888207197189331,0.5436702370643616,0.23845306038856506
YNL214W,YGR208W,0,2.984437,0.18875639140605927,0.5436702370643616,0.2385532557964325
YCL067C,YPR137W,0,2.9833443,0.1886920928955078,0.5436702370643616,0.23865343630313873
YPR120C,YOL102C,0,2.9831884,0.18862785398960114,0.5436702370643616,0.23875363171100616
YGL087C,YLR288C,1,2.9828832,0.1889040172100067,0.5446516275405884,0.23875363171100616
YOL004W,YNL031C,1,2.9828727,0.18917998671531677,0.5456329584121704,0.23875363171100616
YNL172W,YEL029C,0,2.982129,0.18911564350128174,0.5456329584121704,0.2388538271188736
YHR214C-B,YHL021C,0,2.9819634,0.18905134499073029,0.5456329584121704,0.23895400762557983
YMR061W,YKL197C,0,2.9799109,0.18898707628250122,0.5456329584121704,0.23905420303344727
YER177W,YMR179W,0,2.9780593,0.18892286717891693,0.5456329584121704,0.2391543984413147
YHR134W,YML032C,1,2.9777272,0.18919837474822998,0.5466143488883972,0.2391543984413147
YOR005C,YMR167W,1,2.9775717,0.1894736886024475,0.5475956797599792,0.2391543984413147
YPR107C,YDR353W,0,2.9775393,0.18940937519073486,0.5475956797599792,0.23925457894802094
YDR164C,YDR410C,0,2.9771473,0.1893450915813446,0.5475956797599792,0.23935477435588837
YJR067C,YAL024C,0,2.9768312,0.18928086757659912,0.5475956797599792,0.2394549697637558
YJL139C,YOR307C,0,2.9766498,0.18921668827533722,0.5475956797599792,0.23955515027046204
YDR332W,YKL213C,0,2.976475,0.1891525387763977,0.5475956797599792,0.23965534567832947
YPR121W,YDR304C,0,2.9759252,0.18908844888210297,0.5475956797599792,0.2397555410861969
YBR200W,YLR305C,0,2.9753985,0.18902438879013062,0.5475956797599792,0.23985572159290314
YDL102W,YPL022W,1,2.9748473,0.18929901719093323,0.5485770106315613,0.23985572159290314
YER071C,YDR240C,0,2.9740872,0.18923494219779968,0.5485770106315613,0.23995591700077057
YLR189C,YNL265C,0,2.9739907,0.18917089700698853,0.5485770106315613,0.240056112408638
YGL133W,YLR452C,0,2.9735982,0.18910689651966095,0.5485770106315613,0.24015629291534424
YNL307C,YBR010W,1,2.973264,0.18938112258911133,0.5495584011077881,0.24015629291534424
YBR132C,YPL029W,0,2.9721944,0.18931710720062256,0.5495584011077881,0.24025648832321167
YGL116W,YLL040C,0,2.9720068,0.18925312161445618,0.5495584011077881,0.2403566837310791
YIL079C,YCR042C,0,2.971614,0.18918919563293457,0.5495584011077881,0.24045686423778534
YOL146W,YJL210W,0,2.9713318,0.18912529945373535,0.5495584011077881,0.24055705964565277
YJR057W,YDR190C,1,2.9710941,0.18939904868602753,0.5505397319793701,0.24055705964565277
YPL011C,YNL148C,0,2.9710581,0.18933513760566711,0.5505397319793701,0.2406572550535202
YNL139C,YBR223C,1,2.9697397,0.189608633518219,0.5515211224555969,0.2406572550535202
YKL144C,YDR019C,0,2.9696462,0.1895446926355362,0.5515211224555969,0.24075743556022644
YBR068C,YPL208W,0,2.969031,0.18948078155517578,0.5515211224555969,0.24085763096809387
YPL218W,YNL265C,0,2.9689612,0.18941691517829895,0.5515211224555969,0.2409578263759613
YFR038W,YDR264C,0,2.9685085,0.1893530935049057,0.5515211224555969,0.24105800688266754
YMR048W,YOR049C,0,2.9682176,0.18928931653499603,0.5515211224555969,0.24115820229053497
YCR031C,YGL192W,0,2.96792,0.18922558426856995,0.5515211224555969,0.2412583976984024
YDR439W,YJR049C,0,2.967685,0.18916189670562744,0.5515211224555969,0.24135857820510864
YPL083C,YDL036C,0,2.967683,0.18909825384616852,0.5515211224555969,0.24145877361297607
YDL156W,YPL099C,0,2.9676318,0.18903464078903198,0.5515211224555969,0.2415589690208435
YNR032W,YMR172W,0,2.966644,0.18897108733654022,0.5515211224555969,0.24165914952754974
YJR073C,YML064C,0,2.9666374,0.18890756368637085,0.5515211224555969,0.24175934493541718
YFL034C-B,YPL100W,0,2.9662316,0.18884408473968506,0.5515211224555969,0.2418595403432846
YCR067C,YOR056C,0,2.9659736,0.18878065049648285,0.5515211224555969,0.24195972084999084
YMR300C,YCR020W-B,0,2.9656007,0.18871726095676422,0.5515211224555969,0.24205991625785828
YFR037C,YLR007W,1,2.9655406,0.18898959457874298,0.552502453327179,0.24205991625785828
YML130C,YKL196C,0,2.9650576,0.18892617523670197,0.552502453327179,0.24216009676456451
YCR106W,YLR164W,0,2.965042,0.18886280059814453,0.552502453327179,0.24226029217243195
YJL035C,YJR077C,0,2.9645467,0.18879947066307068,0.552502453327179,0.24236048758029938
YMR112C,YOL088C,0,2.9643312,0.1887361705303192,0.552502453327179,0.24246066808700562
YIL105C,YBR141C,0,2.9641461,0.18867291510105133,0.552502453327179,0.24256086349487305
YNR056C,YDL201W,0,2.9640338,0.18860971927642822,0.552502453327179,0.24266105890274048
YCR036W,YKL175W,0,2.9637902,0.1885465532541275,0.552502453327179,0.24276123940944672
YKR078W,YKL124W,0,2.963598,0.18848343193531036,0.552502453327179,0.24286143481731415
YJR102C,YGR109C,0,2.9624064,0.1884203553199768,0.552502453327179,0.24296163022518158
YMR266W,YGR134W,0,2.9617412,0.18835730850696564,0.552502453327179,0.24306181073188782
YHL021C,YJL006C,0,2.961719,0.18829432129859924,0.552502453327179,0.24316200613975525
YPR155C,YMR175W,0,2.9616125,0.18823136389255524,0.552502453327179,0.24326220154762268
YHR109W,YKL101W,0,2.9611752,0.1881684511899948,0.552502453327179,0.24336238205432892
YDL139C,YGR217W,0,2.9610097,0.18810558319091797,0.552502453327179,0.24346257746219635
YGR289C,YDR385W,0,2.960902,0.1880427449941635,0.552502453327179,0.24356277287006378
YDR489W,YDR472W,0,2.9605176,0.18797996640205383,0.552502453327179,0.24366295337677002
YDL111C,YBL027W,0,2.9598897,0.18791721761226654,0.552502453327179,0.24376314878463745
YOL010W,YLR288C,0,2.959855,0.18785452842712402,0.552502453327179,0.24386334419250488
YER149C,YBL089W,0,2.9598236,0.1877918541431427,0.552502453327179,0.24396352469921112
YLR242C,YOR156C,0,2.959215,0.18772923946380615,0.552502453327179,0.24406372010707855
YCR091W,YIR008C,0,2.9591568,0.18766666948795319,0.552502453327179,0.24416391551494598
YMR121C,YOL023W,0,2.9591167,0.1876041293144226,0.552502453327179,0.24426409602165222
YKL052C,YEL043W,0,2.9585576,0.1875416338443756,0.552502453327179,0.24436429142951965
YNR073C,YOL113W,0,2.95749,0.1874791830778122,0.552502453327179,0.24446448683738708
YML055W,YKL095W,0,2.9569564,0.18741677701473236,0.552502453327179,0.24456466734409332
YOR020C,YNL051W,0,2.956562,0.1873544156551361,0.552502453327179,0.24466486275196075
YLL023C,YOR168W,0,2.9564621,0.18729208409786224,0.552502453327179,0.24476505815982819
YDL194W,YKR024C,0,2.956188,0.18722979724407196,0.552502453327179,0.24486523866653442
YOR334W,YDR545W,0,2.9558976,0.18716755509376526,0.552502453327179,0.24496543407440186
YNL282W,YKL103C,0,2.9558177,0.18710535764694214,0.552502453327179,0.2450656294822693
YPR110C,YHR082C,0,2.955742,0.1870431900024414,0.552502453327179,0.24516580998897552
YMR313C,YMR133W,0,2.9556892,0.18698106706142426,0.552502453327179,0.24526600539684296
YBR203W,YKL129C,0,2.9555728,0.18691898882389069,0.552502453327179,0.2453662008047104
YOL129W,YKL043W,0,2.9552662,0.1868569552898407,0.552502453327179,0.24546638131141663
YDL236W,YDR059C,0,2.9543314,0.1867949515581131,0.552502453327179,0.24556657671928406
YPL167C,YOL034W,1,2.954252,0.18706467747688293,0.553483784198761,0.24556657671928406
YOR295W,YBR221C,0,2.9539678,0.18700265884399414,0.553483784198761,0.2456667721271515
YBR114W,YIL139C,1,2.9535587,0.18727213144302368,0.5544651746749878,0.2456667721271515
YBL009W,YGR013W,0,2.9533198,0.1872100681066513,0.5544651746749878,0.24576695263385773
YDL134C,YCR106W,0,2.9530885,0.1871480643749237,0.5544651746749878,0.24586714804172516
YDR020C,YDL198C,0,2.9526594,0.1870860904455185,0.5544651746749878,0.2459673434495926
YML029W,YMR113W,0,2.9524858,0.18702416121959686,0.5544651746749878,0.24606752395629883
YLR325C,YLR116W,0,2.9521995,0.1869622766971588,0.5544651746749878,0.24616771936416626
YPL194W,YLR357W,1,2.9514148,0.18723122775554657,0.5554465055465698,0.24616771936416626
YPL188W,YLL023C,0,2.951265,0.18716931343078613,0.5554465055465698,0.2462679147720337
YMR118C,YJL184W,0,2.951084,0.18710744380950928,0.5554465055465698,0.24636809527873993
YHR169W,YDR328C,0,2.9502113,0.1870456039905548,0.5554465055465698,0.24646829068660736
YPL046C,YNL246W,1,2.9498546,0.18731416761875153,0.5564278960227966,0.24646829068660736
YEL020C,YLR135W,0,2.9495828,0.18725231289863586,0.5564278960227966,0.2465684860944748
YOR085W,YNL318C,0,2.9494946,0.1871904879808426,0.5564278960227966,0.24666866660118103
YAL019W,YNR030W,0,2.949367,0.1871287077665329,0.5564278960227966,0.24676886200904846
YDL059C,YIL130W,0,2.9491878,0.1870669722557068,0.5564278960227966,0.2468690574169159
YDR127W,YOL088C,0,2.9491065,0.18700528144836426,0.5564278960227966,0.24696923792362213
YPR055W,YMR172W,0,2.9490657,0.18694362044334412,0.5564278960227966,0.24706943333148956
YHR045W,YOR222W,0,2.948977,0.18688200414180756,0.5564278960227966,0.247169628739357
YBR193C,YKR018C,0,2.9486544,0.18682043254375458,0.5564278960227966,0.24726980924606323
YGL038C,YHR164C,0,2.9483645,0.186758890748024,0.5564278960227966,0.24737000465393066
YOR351C,YBR115C,0,2.9482625,0.18669739365577698,0.5564278960227966,0.2474702000617981
YJL216C,YDR225W,0,2.9479108,0.18663594126701355,0.5564278960227966,0.24757038056850433
YFL016C,YJL116C,0,2.9477615,0.1865745335817337,0.5564278960227966,0.24767057597637177
YLR144C,YIL131C,0,2.9476373,0.18651315569877625,0.5564278960227966,0.2477707713842392
YJL174W,YJR035W,0,2.9473314,0.18645182251930237,0.5564278960227966,0.24787095189094543
YFL038C,YPL053C,0,2.9469545,0.18639053404331207,0.5564278960227966,0.24797114729881287
YIL080W,YOL032W,0,2.9467962,0.18632927536964417,0.5564278960227966,0.2480713427066803
YDL064W,YFR016C,0,2.9465811,0.18626806139945984,0.5564278960227966,0.24817152321338654
YFR038W,YMR078C,0,2.9460268,0.1862068921327591,0.5564278960227966,0.24827171862125397
YBL016W,YOR049C,0,2.9454243,0.18614576756954193,0.5564278960227966,0.2483719140291214
YKR095W,YNL273W,1,2.9450219,0.18641287088394165,0.5574092268943787,0.2483719140291214
YPL208W,YJL145W,0,2.945016,0.1863517016172409,0.5574092268943787,0.24847209453582764
YLR305C,YKL155C,0,2.9449394,0.18629059195518494,0.5574092268943787,0.24857228994369507
YNR031C,YEL070W,0,2.944926,0.18622951209545135,0.5574092268943787,0.2486724704504013
YMR322C,YGL148W,0,2.944463,0.18616846203804016,0.5574092268943787,0.24877266585826874
YML121W,YOR022C,0,2.94424,0.18610747158527374,0.5574092268943787,0.24887286126613617
YHR209W,YDL202W,0,2.9440625,0.1860465109348297,0.5574092268943787,0.2489730417728424
YBR295W,YOR026W,0,2.9436424,0.18598559498786926,0.5574092268943787,0.24907323718070984
YLR116W,YCL044C,0,2.9436228,0.1859247088432312,0.5574092268943787,0.24917343258857727
YKL052C,YER055C,0,2.943217,0.18586386740207672,0.5574092268943787,0.2492736130952835
YNL031C,YDL103C,0,2.942361,0.18580307066440582,0.5574092268943787,0.24937380850315094
YKR020W,YPR100W,0,2.9420836,0.1857423186302185,0.5574092268943787,0.24947400391101837
YLR380W,YHR047C,0,2.9416459,0.18568159639835358,0.5574092268943787,0.2495741844177246
YPL193W,YKL201C,0,2.9411685,0.18562091886997223,0.5574092268943787,0.24967437982559204
YOR195W,YDR257C,0,2.94076,0.18556027114391327,0.5574092268943787,0.24977457523345947
YLR187W,YLR292C,0,2.9403915,0.1854996681213379,0.5574092268943787,0.2498747557401657
YLR007W,YOL054W,0,2.940337,0.1854391098022461,0.5574092268943787,0.24997495114803314
YOR060C,YOL135C,0,2.9400666,0.18537859618663788,0.5574092268943787,0.2500751316547394
YGL087C,YLR050C,0,2.940056,0.18531811237335205,0.5574092268943787,0.2501753270626068
YHR039C,YDR233C,0,2.9398572,0.1852576583623886,0.5574092268943787,0.25027552247047424
YGR206W,YCL018W,0,2.9396594,0.18519726395606995,0.5574092268943787,0.2503757178783417
YPL121C,YLR357W,1,2.9395118,0.1854628473520279,0.5583905577659607,0.2503757178783417
YGL104C,YBL112C,0,2.9391153,0.18540240824222565,0.5583905577659607,0.2504759132862091
YLR110C,YLR315W,0,2.938257,0.18534201383590698,0.5583905577659607,0.25057610869407654
YBR085W,YDR240C,0,2.9379635,0.1852816641330719,0.5583905577659607,0.2506762742996216
YBR183W,YGL236C,0,2.9378607,0.1852213591337204,0.5583905577659607,0.250776469707489
YDR311W,YOR099W,0,2.9377565,0.18516108393669128,0.5583905577659607,0.25087666511535645
YNL238W,YIR011C,0,2.9375885,0.18510083854198456,0.5583905577659607,0.2509768605232239
YER038C,YOR258W,1,2.9363534,0.18536585569381714,0.5593719482421875,0.2509768605232239
YMR050C,YFR009W,0,2.9361463,0.18530559539794922,0.5593719482421875,0.2510770559310913
YPR056W,YER171W,1,2.9357588,0.1855703592300415,0.5603532791137695,0.2510770559310913
YHR084W,YKL166C,0,2.9357207,0.1855100691318512,0.5603532791137695,0.25117725133895874
YDR488C,YKL046C,0,2.9356685,0.18544982373714447,0.5603532791137695,0.2512774169445038
YHR001W,YCL068C,0,2.9356277,0.18538960814476013,0.5603532791137695,0.2513776123523712
YOL155C,YOR292C,0,2.935603,0.18532943725585938,0.5603532791137695,0.25147780776023865
YDL220C,YCL001W,0,2.935521,0.1852693110704422,0.5603532791137695,0.2515780031681061
YKL090W,YPR127W,0,2.9353955,0.1852092146873474,0.5603532791137695,0.2516781985759735
YPR135W,YHR108W,0,2.9351475,0.1851491630077362,0.5603532791137695,0.25177836418151855
YDR082W,YKL125W,0,2.9350688,0.1850891411304474,0.5603532791137695,0.251878559589386
YOL154W,YML049C,0,2.9348526,0.18502916395664215,0.5603532791137695,0.2519787549972534
YPL253C,YLR216C,0,2.9339838,0.1849692314863205,0.5603532791137695,0.25207895040512085
YLR242C,YOR032C,0,2.933781,0.18490932881832123,0.5603532791137695,0.2521791458129883
YPR143W,YPR071W,0,2.9333582,0.18484947085380554,0.5603532791137695,0.2522793412208557
YJL092W,YPR052C,1,2.9328988,0.18511326611042023,0.5613346695899963,0.2522793412208557
YDR092W,YLR035C,1,2.9327724,0.18537689745426178,0.5623160004615784,0.2522793412208557
YPR171W,YIL052C,0,2.9323695,0.18531695008277893,0.5623160004615784,0.25237950682640076
YDR227W,YLR277C,0,2.9313047,0.18525703251361847,0.5623160004615784,0.2524797022342682
YNR071C,YGR206W,0,2.9313037,0.1851971596479416,0.5623160004615784,0.2525798976421356
YIL126W,YPL022W,1,2.931064,0.1854604184627533,0.5632973313331604,0.2525798976421356
YCR106W,YLR404W,0,2.9307578,0.18540051579475403,0.5632973313331604,0.25268009305000305
YOR035C,YDL076C,0,2.9306266,0.18534065783023834,0.5632973313331604,0.2527802884578705
YBR202W,YML076C,0,2.9306083,0.18528082966804504,0.5632973313331604,0.2528804838657379
YLR066W,YLR298C,0,2.9298556,0.18522104620933533,0.5632973313331604,0.25298064947128296
YNL186W,YDR260C,0,2.9292943,0.185161292552948,0.5632973313331604,0.2530808448791504
YHR122W,YHR187W,0,2.9289756,0.18510158360004425,0.5632973313331604,0.2531810402870178
YGL027C,YMR243C,0,2.928963,0.1850419044494629,0.5632973313331604,0.25328123569488525
YFR030W,YOL094C,0,2.9288905,0.1849822700023651,0.5632973313331604,0.2533814311027527
YMR190C,YDR381W,1,2.9282167,0.1852448433637619,0.5642787218093872,0.2533814311027527
YJR005W,YNL075W,0,2.9277751,0.18518517911434174,0.5642787218093872,0.2534816265106201
YMR167W,YOR144C,1,2.9277732,0.18544751405715942,0.5652600526809692,0.2534816265106201
YLL027W,YLL018C,0,2.9261763,0.18538783490657806,0.5652600526809692,0.25358179211616516
YDR266C,YDL076C,0,2.9261303,0.1853281855583191,0.5652600526809692,0.2536819875240326
YBR095C,YLR313C,0,2.9260094,0.1852685809135437,0.5652600526809692,0.2537821829319
YBR294W,YPR080W,0,2.9259384,0.1852090060710907,0.5652600526809692,0.25388237833976746
YDR051C,YPL016W,0,2.925546,0.18514947593212128,0.5652600526809692,0.2539825737476349
YHL025W,YLR265C,1,2.925423,0.18541130423545837,0.5662413835525513,0.2539825737476349
YKL107W,YBR186W,0,2.925196,0.18535174429416656,0.5662413835525513,0.2540827691555023
YNL183C,YLR313C,0,2.9251263,0.18529222905635834,0.5662413835525513,0.25418293476104736
YCL014W,YLR163C,0,2.924849,0.1852327436208725,0.5662413835525513,0.2542831301689148
YDR021W,YOR388C,0,2.9242096,0.18517330288887024,0.5662413835525513,0.2543833255767822
YBR281C,YGL115W,0,2.9240034,0.18511389195919037,0.5662413835525513,0.25448352098464966
YHR211W,YDL054C,0,2.9238675,0.18505452573299408,0.5662413835525513,0.2545837163925171
YGR179C,YLR203C,0,2.9237993,0.18499518930912018,0.5662413835525513,0.2546839118003845
YBL011W,YOR245C,0,2.9236119,0.18493589758872986,0.5662413835525513,0.25478407740592957
YGL172W,YPL239W,0,2.9233944,0.18487663567066193,0.5662413835525513,0.254884272813797
YOL029C,YDL132W,0,2.923043,0.18481741845607758,0.5662413835525513,0.25498446822166443
YOR113W,YKL092C,0,2.922599,0.1847582459449768,0.5662413835525513,0.25508466362953186
YBL084C,YNL048W,0,2.9224658,0.18469910323619843,0.5662413835525513,0.2551848590373993
YGR281W,YLR216C,0,2.9222646,0.18464000523090363,0.5662413835525513,0.2552850544452667
YOR004W,YHR090C,0,2.9212382,0.1845809370279312,0.5662413835525513,0.25538522005081177
YGL113W,YDR471W,0,2.920838,0.1845218986272812,0.5662413835525513,0.2554854154586792
YNL083W,YER101C,0,2.920697,0.18446291983127594,0.5662413835525513,0.25558561086654663
YMR149W,YIL050W,0,2.9206111,0.18440395593643188,0.5662413835525513,0.25568580627441406
YDR381W,YMR173W,1,2.9205296,0.1846645325422287,0.5672227740287781,0.25568580627441406
YOR078W,YML107C,0,2.9202855,0.18460555374622345,0.5672227740287781,0.2557860016822815
YOR386W,YJR082C,1,2.9200609,0.18486590683460236,0.5682041049003601,0.2557860016822815
YJL127C,YFL034C-A,0,2.9198043,0.18480689823627472,0.5682041049003601,0.2558861970901489
YFL014W,YAR002C-A,0,2.9194777,0.18474791944026947,0.5682041049003601,0.25598636269569397
YDR138W,YPL121C,1,2.9191406,0.1850079745054245,0.5691854953765869,0.25598636269569397
YMR065W,YOL091W,0,2.9191272,0.18494898080825806,0.5691854953765869,0.2560865581035614
YPL137C,YKL060C,0,2.9189093,0.184890016913414,0.5691854953765869,0.25618675351142883
YOR035C,YER159C,0,2.9183385,0.18483109772205353,0.5691854953765869,0.25628694891929626
YBR091C,YMR154C,0,2.918316,0.18477222323417664,0.5691854953765869,0.2563871443271637
YMR158W,YFL049W,0,2.9180496,0.18471337854862213,0.5691854953765869,0.25648733973503113
YIL154C,YML049C,0,2.917137,0.18465456366539001,0.5691854953765869,0.25658750534057617
YHR034C,YKR066C,0,2.917002,0.18459579348564148,0.5691854953765869,0.2566877007484436
YHR185C,YFR040W,0,2.9166572,0.18453706800937653,0.5691854953765869,0.25678789615631104
YER171W,YNL107W,1,2.916612,0.18479643762111664,0.570166826248169,0.25678789615631104
YLR376C,YGR059W,0,2.915555,0.1847376823425293,0.570166826248169,0.25688809156417847
YOR025W,YPL162C,0,2.915304,0.18467895686626434,0.570166826248169,0.2569882869720459
YOR149C,YML032C,0,2.9136994,0.18462027609348297,0.570166826248169,0.25708848237991333
YDR142C,YKL053C-A,0,2.913686,0.184561625123024,0.570166826248169,0.2571886479854584
YBR115C,YOR285W,0,2.9136345,0.18450301885604858,0.570166826248169,0.2572888433933258
YMR227C,YFR053C,0,2.9133906,0.18444444239139557,0.570166826248169,0.25738903880119324
YBR016W,YGR239C,0,2.913061,0.18438591063022614,0.570166826248169,0.25748923420906067
YKR094C,YDL102W,1,2.912962,0.1846446692943573,0.571148157119751,0.25748923420906067
YLR095C,YGL127C,0,2.9128268,0.18458610773086548,0.571148157119751,0.2575894296169281
YGR161C-D,YDR309C,0,2.9125912,0.18452759087085724,0.571148157119751,0.25768962502479553
YPL228W,YMR322C,0,2.912163,0.1844691038131714,0.571148157119751,0.2577897906303406
YPR030W,YHR063C,0,2.9121506,0.18441064655780792,0.571148157119751,0.257889986038208
YDR332W,YGR181W,0,2.9118283,0.18435223400592804,0.571148157119751,0.25799018144607544
YMR242C,YML076C,0,2.911564,0.18429385125637054,0.571148157119751,0.25809037685394287
YDL052C,YDR076W,0,2.9112575,0.18423551321029663,0.571148157119751,0.2581905722618103
YHR069C,YMR313C,0,2.9110825,0.1841772198677063,0.571148157119751,0.25829073786735535
YOR119C,YOR190W,0,2.9107718,0.18411895632743835,0.571148157119751,0.2583909332752228
YKR057W,YKL188C,0,2.9102614,0.1840607225894928,0.571148157119751,0.2584911286830902
YLR337C,YLR423C,0,2.90997,0.18400253355503082,0.571148157119751,0.25859132409095764
YJL069C,YDL058W,0,2.9097602,0.18394437432289124,0.571148157119751,0.2586915194988251
YBR043C,YHR170W,0,2.9094872,0.18388625979423523,0.571148157119751,0.2587917149066925
YNL264C,YKL150W,0,2.9092207,0.1838281750679016,0.571148157119751,0.25889188051223755
YLR181C,YPR091C,0,2.9092102,0.18377013504505157,0.571148157119751,0.258992075920105
YHR178W,YBR228W,0,2.9086955,0.18371212482452393,0.571148157119751,0.2590922713279724
YER013W,YOR022C,0,2.9086325,0.18365414440631866,0.571148157119751,0.25919246673583984
YIL031W,YDR307W,0,2.908423,0.18359620869159698,0.571148157119751,0.2592926621437073
YJR067C,YLR175W,0,2.9081037,0.1835383176803589,0.571148157119751,0.2593928575515747
YCR089W,YPR082C,0,2.9079456,0.18348045647144318,0.571148157119751,0.25949302315711975
YDR449C,YJR090C,0,2.907722,0.18342262506484985,0.571148157119751,0.2595932185649872
YDR195W,YDL145C,0,2.9069176,0.1833648383617401,0.571148157119751,0.2596934139728546
YDR201W,YMR060C,0,2.9062278,0.18330708146095276,0.571148157119751,0.25979360938072205
YOR123C,YIL046W,0,2.9062061,0.183249369263649,0.571148157119751,0.2598938047885895
YCR016W,YAL028W,0,2.90578,0.1831916868686676,0.571148157119751,0.2599940001964569
YLL041C,YER185W,0,2.9055681,0.1831340491771698,0.571148157119751,0.26009416580200195
YDR058C,YKL005C,0,2.9054663,0.18307644128799438,0.571148157119751,0.2601943612098694
YNL008C,YJL057C,0,2.905162,0.18301886320114136,0.571148157119751,0.2602945566177368
YGL175C,YPR137W,0,2.905145,0.1829613298177719,0.571148157119751,0.26039475202560425
YHR214C-B,YOR027W,0,2.904434,0.18290384113788605,0.571148157119751,0.2604949474334717
YCR003W,YJR082C,0,2.9034522,0.18284636735916138,0.571148157119751,0.2605951428413391
YOR178C,YBL098W,0,2.9034405,0.1827889382839203,0.571148157119751,0.26069530844688416
YJR149W,YDR004W,0,2.903088,0.18273155391216278,0.571148157119751,0.2607955038547516
YNL083W,YIL046W,0,2.9026163,0.18267419934272766,0.571148157119751,0.260895699262619
YLL027W,YDR383C,0,2.900195,0.18261687457561493,0.571148157119751,0.26099589467048645
YGL044C,YMR131C,0,2.9001453,0.18255959451198578,0.571148157119751,0.2610960900783539
YER038C,YOL084W,0,2.899377,0.1825023591518402,0.571148157119751,0.2611962854862213
YBR008C,YHR141C,0,2.8992665,0.18244513869285583,0.571148157119751,0.26129645109176636
YML058W-A,YKL125W,0,2.898918,0.18238796293735504,0.571148157119751,0.2613966464996338
YHR066W,YJL029C,0,2.898605,0.18233083188533783,0.571148157119751,0.2614968419075012
YGL043W,YKL167C,0,2.8983743,0.182273730635643,0.571148157119751,0.26159703731536865
YNL250W,YPL066W,0,2.8969371,0.18221665918827057,0.571148157119751,0.2616972327232361
YJL140W,YDR314C,1,2.896857,0.1824726164340973,0.5721295475959778,0.2616972327232361
YOR335C,YBR193C,0,2.8968139,0.18241551518440247,0.5721295475959778,0.2617974281311035
YPR183W,YLR345W,0,2.8961518,0.18235845863819122,0.5721295475959778,0.26189759373664856
YKL055C,YOR284W,0,2.8961456,0.18230143189430237,0.5721295475959778,0.261997789144516
YOR360C,YJL036W,0,2.8959405,0.1822444498538971,0.5721295475959778,0.2620979845523834
YOR371C,YMR179W,0,2.8956995,0.1821874976158142,0.5721295475959778,0.26219817996025085
YIL067C,YDR410C,0,2.894291,0.1821305900812149,0.5721295475959778,0.2622983753681183
YDR435C,YDR195W,0,2.89411,0.1820736974477768,0.5721295475959778,0.2623985707759857
YMR284W,YGR002C,1,2.8928678,0.18232907354831696,0.5731108784675598,0.2623985707759857
YMR242C,YPL156C,0,2.8921402,0.18227216601371765,0.5731108784675598,0.26249873638153076
YJR073C,YER001W,0,2.891702,0.18221528828144073,0.5731108784675598,0.2625989317893982
YOR304W,YNL041C,0,2.8912432,0.1821584552526474,0.5731108784675598,0.2626991271972656
YDL010W,YCL067C,0,2.8908594,0.18210165202617645,0.5731108784675598,0.26279932260513306
YOL010W,YDR179C,0,2.8901947,0.1820448935031891,0.5731108784675598,0.2628995180130005
YCL017C,YOR094W,0,2.8900015,0.1819881647825241,0.5731108784675598,0.2629997134208679
YBR130C,YLR425W,0,2.8889773,0.18193146586418152,0.5731108784675598,0.26309987902641296
YPL010W,YCL008C,0,2.8889105,0.1818748116493225,0.5731108784675598,0.2632000744342804
YER063W,YLL045C,0,2.888909,0.1818181872367859,0.5731108784675598,0.2633002698421478
YKL063C,YDR079W,0,2.8883045,0.18176159262657166,0.5731108784675598,0.26340046525001526
YIL094C,YNL133C,0,2.8878646,0.181705042719841,0.5731108784675598,0.2635006606578827
YPL022W,YIL154C,1,2.8877358,0.18195956945419312,0.5740922689437866,0.2635006606578827
YLR227W-B,YNL071W,0,2.887398,0.18190298974514008,0.5740922689437866,0.2636008560657501
YGL166W,YHL026C,0,2.8867724,0.18184643983840942,0.5740922689437866,0.26370102167129517
YCL024W,YBR180W,0,2.8865433,0.18178993463516235,0.5740922689437866,0.2638012170791626
YFL045C,YBR223C,0,2.886064,0.18173345923423767,0.5740922689437866,0.26390141248703003
YOL151W,YGL126W,0,2.8852627,0.18167701363563538,0.5740922689437866,0.26400160789489746
YJL092W,YDR519W,0,2.8848975,0.18162061274051666,0.5740922689437866,0.2641018033027649
YPR204W,YGR145W,0,2.8848855,0.18156424164772034,0.5740922689437866,0.26420196890830994
YJR057W,YHR143W-A,0,2.884813,0.1815079152584076,0.5740922689437866,0.26430216431617737
YBR034C,YBR005W,0,2.8846896,0.18145161867141724,0.5740922689437866,0.2644023597240448
YMR224C,YLR288C,1,2.8846877,0.18170543015003204,0.5750735998153687,0.2644023597240448
YDR429C,YDR262W,0,2.8843431,0.1816491037607193,0.5750735998153687,0.26450255513191223
YCR093W,YJL115W,0,2.8839438,0.18159280717372894,0.5750735998153687,0.26460275053977966
YER138C,YGL226C-A,0,2.8838012,0.18153655529022217,0.5750735998153687,0.2647029459476471
YDR092W,YDL154W,1,2.8837154,0.18179002404212952,0.5760549306869507,0.2647029459476471
YLR027C,YDR131C,0,2.883402,0.18173374235630035,0.5760549306869507,0.26480311155319214
YLR398C,YGL105W,0,2.8828218,0.18167750537395477,0.5760549306869507,0.26490330696105957
YIL148W,YLR399C,1,2.8828213,0.18193069100379944,0.5770363211631775,0.26490330696105957
YGR052W,YJL059W,0,2.8827884,0.18187442421913147,0.5770363211631775,0.265003502368927
YGL096W,YLR288C,0,2.8826125,0.1818181872367859,0.5770363211631775,0.26510369777679443
YNL014W,YNL284C,0,2.8825843,0.1817619800567627,0.5770363211631775,0.26520389318466187
YDL052C,YEL041W,0,2.8825393,0.1817058026790619,0.5770363211631775,0.2653040885925293
YBR274W,YPR011C,0,2.8824027,0.18164967000484467,0.5770363211631775,0.26540425419807434
YLR189C,YJL079C,0,2.882275,0.18159358203411102,0.5770363211631775,0.2655044496059418
YBR227C,YLR423C,0,2.8822138,0.18153750896453857,0.5770363211631775,0.2656046450138092
YDR016C,YGL130W,0,2.882182,0.1814814805984497,0.5770363211631775,0.26570484042167664
YNL264C,YDR325W,0,2.8821442,0.18142548203468323,0.5770363211631775,0.26580503582954407
YNL300W,YLR209C,0,2.8818624,0.18136952817440033,0.5770363211631775,0.2659052312374115
YBR131W,YHR197W,0,2.8815587,0.18131360411643982,0.5770363211631775,0.26600539684295654
YBR272C,YDL215C,0,2.8813612,0.1812577098608017,0.5770363211631775,0.266105592250824
YIL129C,YFL057C,0,2.8810182,0.18120184540748596,0.5770363211631775,0.2662057876586914
YPL209C,YPR011C,0,2.8809383,0.1811460256576538,0.5770363211631775,0.26630598306655884
YKL180W,YDR389W,0,2.8798254,0.18109023571014404,0.5770363211631775,0.26640617847442627
YIL042C,YNL222W,0,2.878375,0.18103447556495667,0.5770363211631775,0.2665063738822937
YIL013C,YHR185C,0,2.8775988,0.18097876012325287,0.5770363211631775,0.26660653948783875
YER095W,YJL092W,1,2.877521,0.18123076856136322,0.5780176520347595,0.26660653948783875
YMR274C,YLR050C,0,2.8770797,0.18117502331733704,0.5780176520347595,0.2667067348957062
YPL027W,YDL005C,0,2.876876,0.18111930787563324,0.5780176520347595,0.2668069303035736
YMR284W,YNL133C,1,2.876743,0.1813710480928421,0.5789990425109863,0.2668069303035736
YPL145C,YCR005C,0,2.8766336,0.18131530284881592,0.5789990425109863,0.26690712571144104
YLR383W,YBL003C,1,2.875555,0.18156681954860687,0.5799803733825684,0.26690712571144104
YCR044C,YOR339C,0,2.874716,0.1815110594034195,0.5799803733825684,0.26700732111930847
YKL052C,YMR110C,0,2.874576,0.1814553290605545,0.5799803733825684,0.2671075165271759
YLL033W,YDR371W,0,2.8744843,0.1813996285200119,0.5799803733825684,0.26720768213272095
YDL102W,YMR053C,0,2.8743293,0.18134397268295288,0.5799803733825684,0.2673078775405884
YOR346W,YDR317W,1,2.8739274,0.1815950870513916,0.5809617042541504,0.2673078775405884
YLR066W,YBL085W,0,2.873789,0.1815394014120102,0.5809617042541504,0.2674080729484558
YLR344W,YOR317W,0,2.873613,0.18148374557495117,0.5809617042541504,0.26750826835632324
YLL051C,YER151C,0,2.8729742,0.18142813444137573,0.5809617042541504,0.2676084637641907
YLL036C,YGL090W,1,2.872597,0.1816789209842682,0.5819430947303772,0.2676084637641907
YML055W,YBR192W,0,2.872559,0.18162328004837036,0.5819430947303772,0.2677086591720581
YKL188C,YKL005C,0,2.8719816,0.18156766891479492,0.5819430947303772,0.26780882477760315
YJR006W,YDR359C,1,2.870952,0.1818181872367859,0.5829244256019592,0.26780882477760315
YGL038C,YLR369W,0,2.8709357,0.18176254630088806,0.5829244256019592,0.2679090201854706
YDL102W,YJL090C,1,2.870825,0.18201284110546112,0.583905816078186,0.2679090201854706
YLR299W,YDL076C,0,2.8700957,0.1819571852684021,0.583905816078186,0.268009215593338
YER014C-A,YPL082C,0,2.8700721,0.18190155923366547,0.583905816078186,0.26810941100120544
YIL063C,YOR216C,0,2.8700402,0.18184596300125122,0.583905816078186,0.2682096064090729
YKL120W,YNL224C,0,2.869604,0.18179041147232056,0.583905816078186,0.2683098018169403
YNL014W,YAR042W,0,2.8692253,0.1817348748445511,0.583905816078186,0.26840996742248535
YKR002W,YGR048W,0,2.8691595,0.1816793829202652,0.583905816078186,0.2685101628303528
YOL145C,YPL280W,0,2.8690274,0.1816239356994629,0.583905816078186,0.2686103582382202
YFR028C,YLR411W,0,2.868846,0.18156850337982178,0.583905816078186,0.26871055364608765
YDR113C,YNL273W,1,2.8681784,0.1818181872367859,0.5848871469497681,0.26871055364608765
YNL261W,YLR144C,0,2.8676898,0.1817627251148224,0.5848871469497681,0.2688107490539551
YNL218W,YMR048W,1,2.8665545,0.18201220035552979,0.5858684778213501,0.2688107490539551
YKL090W,YGL010W,0,2.866383,0.1819567233324051,0.5858684778213501,0.2689109444618225
YKL071W,YLR069C,0,2.8662713,0.18190127611160278,0.5858684778213501,0.26901111006736755
YHR080C,YBR005W,0,2.866104,0.18184587359428406,0.5858684778213501,0.269111305475235
YGL150C,YLR265C,1,2.8655267,0.182095006108284,0.5868498682975769,0.269111305475235
YOL088C,YDL216C,0,2.8651955,0.18203957378864288,0.5868498682975769,0.2692115008831024
YNL031C,YKR088C,0,2.8650887,0.18198417127132416,0.5868498682975769,0.26931169629096985
YMR002W,YNL118C,0,2.8650277,0.181928813457489,0.5868498682975769,0.2694118916988373
YLL027W,YKL033W,0,2.8648894,0.18187348544597626,0.5868498682975769,0.2695120871067047
YMR061W,YDL216C,0,2.86483,0.1818181872367859,0.5868498682975769,0.26961225271224976
YFR034C,YHR082C,0,2.864576,0.1817629188299179,0.5868498682975769,0.2697124481201172
YBR239C,YHR083W,0,2.8645573,0.18170768022537231,0.5868498682975769,0.2698126435279846
YJL181W,YKR055W,0,2.8645008,0.1816524863243103,0.5868498682975769,0.26991283893585205
YDR078C,YER087W,0,2.864419,0.18159732222557068,0.5868498682975769,0.2700130343437195
YCR066W,YBL088C,1,2.864207,0.1818457841873169,0.5878311991691589,0.2700130343437195
YDR311W,YPR068C,0,2.8641472,0.18179059028625488,0.5878311991691589,0.2701132297515869
YDL098C,YCR042C,0,2.8640835,0.18173544108867645,0.5878311991691589,0.27021339535713196
YJR052W,YPR159W,0,2.8638108,0.1816803216934204,0.5878311991691589,0.2703135907649994
YPR094W,YER019W,0,2.8634064,0.18162523210048676,0.5878311991691589,0.2704137861728668
YGR056W,YML095C,1,2.863224,0.18187329173088074,0.5888125896453857,0.2704137861728668
YNL304W,YGL105W,0,2.8628836,0.1818181872367859,0.5888125896453857,0.27051398158073425
YKL182W,YGL255W,0,2.861729,0.18176309764385223,0.5888125896453857,0.2706141769886017
YGL086W,YBR173C,0,2.86161,0.18170805275440216,0.5888125896453857,0.27071434259414673
YBR216C,YDR408C,0,2.8613017,0.18165303766727448,0.5888125896453857,0.27081453800201416
YOR113W,YNL317W,0,2.861106,0.18159806728363037,0.5888125896453857,0.2709147334098816
YPL053C,YHR008C,0,2.860955,0.18154311180114746,0.5888125896453857,0.271014928817749
YER050C,YPR158W-B,0,2.860482,0.18148820102214813,0.5888125896453857,0.27111512422561646
YDR023W,YHR201C,0,2.8601763,0.1814333200454712,0.5888125896453857,0.2712153196334839
YDL020C,YKL001C,0,2.8599207,0.18137848377227783,0.5888125896453857,0.27131548523902893
YPR082C,YEL005C,0,2.8596272,0.18132366240024567,0.5888125896453857,0.27141568064689636
YFR052W,YLR084C,0,2.858932,0.18126888573169708,0.5888125896453857,0.2715158760547638
YDR007W,YKL168C,0,2.8579485,0.1812141388654709,0.5888125896453857,0.2716160714626312
YDR519W,YPR030W,0,2.8574903,0.18115942180156708,0.5888125896453857,0.27171626687049866
YNL252C,YPR030W,0,2.8574786,0.18110473453998566,0.5888125896453857,0.2718164622783661
YOR260W,YIR028W,0,2.8573296,0.18105009198188782,0.5888125896453857,0.27191662788391113
YBR131W,YDR365C,0,2.8567784,0.18099547922611237,0.5888125896453857,0.27201682329177856
YML021C,YNL031C,1,2.8566573,0.1812424659729004,0.5897939205169678,0.27201682329177856
YDR476C,YPL139C,0,2.856551,0.18118782341480255,0.5897939205169678,0.272117018699646
YJR017C,YHR142W,0,2.855965,0.1811332106590271,0.5897939205169678,0.2722172141075134
YOR260W,YDL102W,0,2.8559363,0.18107864260673523,0.5897939205169678,0.27231740951538086
YGR129W,YEL003W,0,2.8558915,0.18102408945560455,0.5897939205169678,0.2724176049232483
YML045W,YJL116C,0,2.8557718,0.18096958100795746,0.5897939205169678,0.27251777052879333
YIL167W,YMR159C,0,2.8554564,0.18091511726379395,0.5897939205169678,0.27261796593666077
YEL051W,YDR028C,0,2.855292,0.18086066842079163,0.5897939205169678,0.2727181613445282
YFR034C,YBR042C,0,2.8549106,0.1808062642812729,0.5897939205169678,0.27281835675239563
YOL061W,YJR005W,0,2.8548481,0.18075187504291534,0.5897939205169678,0.27291855216026306
YLR320W,YMR052W,0,2.8547225,0.18069753050804138,0.5897939205169678,0.2730187475681305
YLR013W,YJL028W,0,2.854521,0.1806432157754898,0.5897939205169678,0.27311891317367554
YDR463W,YER185W,0,2.8544807,0.18058894574642181,0.5897939205169678,0.27321910858154297
YGR121C,YJL006C,0,2.8542943,0.18053469061851501,0.5897939205169678,0.2733193039894104
YNL148C,YDR057W,0,2.853918,0.1804804801940918,0.5897939205169678,0.27341949939727783
YPR043W,YDR439W,0,2.8537662,0.18042629957199097,0.5897939205169678,0.27351969480514526
YLL004W,YGL175C,0,2.8535674,0.18037214875221252,0.5897939205169678,0.2736198902130127
YBR044C,YMR229C,0,2.85272,0.18031802773475647,0.5897939205169678,0.27372005581855774
YDL098C,YOR194C,0,2.8526947,0.180263951420784,0.5897939205169678,0.27382025122642517
YOR022C,YDR519W,0,2.8525114,0.18020989000797272,0.5897939205169678,0.2739204466342926
YGL207W,YPL153C,1,2.8519046,0.18045563995838165,0.5907752513885498,0.2739204466342926
YFL023W,YBR195C,0,2.8513908,0.18040156364440918,0.5907752513885498,0.27402064204216003
YPL139C,YKL222C,0,2.851142,0.1803475171327591,0.5907752513885498,0.27412083745002747
YPL020C,YML021C,0,2.8508487,0.1802935004234314,0.5907752513885498,0.2742210328578949
YDR017C,YFR045W,0,2.8507626,0.1802395135164261,0.5907752513885498,0.27432119846343994
YHR088W,YMR072W,0,2.8502557,0.18018557131290436,0.5907752513885498,0.2744213938713074
YER014C-A,YOR310C,0,2.8496907,0.18013165891170502,0.5907752513885498,0.2745215892791748
YLR102C,YER041W,0,2.8492508,0.18007777631282806,0.5907752513885498,0.27462178468704224
YDL059C,YLR007W,1,2.8485656,0.18032296001911163,0.5917566418647766,0.27462178468704224
YJR006W,YJL173C,1,2.8484895,0.18056800961494446,0.5927379727363586,0.27462178468704224
YML059C,YEL056W,0,2.848306,0.18051405251026154,0.5927379727363586,0.27472198009490967
YDL105W,YAL042W,0,2.8481658,0.1804601103067398,0.5927379727363586,0.2748221755027771
YCR014C,YPL200W,0,2.8480055,0.18040621280670166,0.5927379727363586,0.27492234110832214
YDR190C,YJR044C,0,2.8480015,0.1803523451089859,0.5927379727363586,0.2750225365161896
YPL078C,YOR026W,0,2.8479326,0.18029850721359253,0.5927379727363586,0.275122731924057
YLR424W,YNL251C,0,2.847253,0.18024469912052155,0.5927379727363586,0.27522292733192444
YGR013W,YGL162W,0,2.8467143,0.18019093573093414,0.5927379727363586,0.27532312273979187
YOR323C,YPR185W,0,2.8463712,0.18013718724250793,0.5927379727363586,0.2754233181476593
YLL034C,YPL189W,0,2.846091,0.1800834834575653,0.5927379727363586,0.27552348375320435
YPL275W,YNL147W,0,2.8460395,0.18002980947494507,0.5927379727363586,0.2756236791610718
YIR033W,YIL168W,0,2.8460264,0.17997616529464722,0.5927379727363586,0.2757238745689392
YIL148W,YGR002C,1,2.8460007,0.18022044003009796,0.5937193036079407,0.2757238745689392
YKL029C,YMR008C,0,2.84563,0.18016676604747772,0.5937193036079407,0.27582406997680664
YOR172W,YNL092W,0,2.8455346,0.18011312186717987,0.5937193036079407,0.2759242653846741
YER075C,YER141W,0,2.845507,0.1800595223903656,0.5937193036079407,0.2760244607925415
YJR149W,YJR063W,0,2.8450823,0.18000595271587372,0.5937193036079407,0.27612462639808655
YLR328W,YDR085C,0,2.8445761,0.17995241284370422,0.5937193036079407,0.276224821805954
YGL026C,YKL222C,0,2.8438284,0.17989890277385712,0.5937193036079407,0.2763250172138214
YHR066W,YGR170W,0,2.843592,0.1798454225063324,0.5937193036079407,0.27642521262168884
YLR227W-B,YMR035W,0,2.8434904,0.17979197204113007,0.5937193036079407,0.2765254080295563
YDR026C,YER118C,0,2.843416,0.17973856627941132,0.5937193036079407,0.2766256034374237
YHR120W,YGR091W,0,2.8434083,0.17968517541885376,0.5937193036079407,0.27672576904296875
YAL015C,YIL135C,0,2.8432565,0.17963182926177979,0.5937193036079407,0.2768259644508362
YHR201C,YDL003W,0,2.8428402,0.1795785129070282,0.5937193036079407,0.2769261598587036
YDR348C,YDR373W,0,2.8427188,0.179525226354599,0.5937193036079407,0.27702635526657104
YHR005C-A,YDL156W,0,2.8424375,0.1794719696044922,0.5937193036079407,0.2771265506744385
YNL084C,YJL214W,0,2.8417685,0.17941874265670776,0.5937193036079407,0.2772267162799835
YGR087C,YLL029W,0,2.8410473,0.17936554551124573,0.5937193036079407,0.27732691168785095
YDR051C,YEL019C,0,2.8407829,0.17931239306926727,0.5937193036079407,0.2774271070957184
YMR227C,YGL070C,0,2.840768,0.17925925552845,0.5937193036079407,0.2775273025035858
YOR336W,YNL246W,0,2.8406098,0.17920616269111633,0.5937193036079407,0.27762749791145325
YBR150C,YNL317W,0,2.8399804,0.17915309965610504,0.5937193036079407,0.2777276933193207
YPL153C,YBR136W,1,2.8398392,0.17939609289169312,0.5947006940841675,0.2777276933193207
YLR361C,YKR025W,0,2.8398025,0.17934300005435944,0.5947006940841675,0.2778278589248657
YER001W,YDR423C,0,2.8394752,0.17928993701934814,0.5947006940841675,0.27792805433273315
YKL015W,YDR430C,0,2.839474,0.17923691868782043,0.5947006940841675,0.2780282497406006
YKL015W,YAL030W,0,2.8392622,0.17918391525745392,0.5947006940841675,0.278128445148468
YIL023C,YDL170W,0,2.8390627,0.1791309416294098,0.5947006940841675,0.27822864055633545
YMR076C,YJR103W,0,2.8388953,0.17907801270484924,0.5947006940841675,0.2783288359642029
YBL009W,YCL001W,0,2.8383536,0.17902511358261108,0.5947006940841675,0.2784290015697479
YEL044W,YLR005W,0,2.8381262,0.1789722442626953,0.5947006940841675,0.27852919697761536
YPL192C,YLR020C,0,2.8374548,0.17891940474510193,0.5947006940841675,0.2786293923854828
YBL003C,YGR266W,0,2.837222,0.17886659502983093,0.5947006940841675,0.2787295877933502
YML096W,YKL018W,0,2.8371866,0.17881381511688232,0.5947006940841675,0.27882978320121765
YMR179W,YDL078C,0,2.836871,0.1787610650062561,0.5947006940841675,0.2789299786090851
YDR225W,YMR173W,1,2.8366938,0.17900323867797852,0.5956820249557495,0.2789299786090851
YDR437W,YNL287W,0,2.836687,0.1789504736661911,0.5956820249557495,0.2790301442146301
YIL036W,YNL023C,0,2.8365533,0.17889772355556488,0.5956820249557495,0.27913033962249756
YJL059W,YDR205W,0,2.8360934,0.17884501814842224,0.5956820249557495,0.279230535030365
YCL008C,YOR274W,0,2.8360798,0.178792342543602,0.5956820249557495,0.2793307304382324
YKL182W,YEL018W,0,2.8355753,0.17873969674110413,0.5956820249557495,0.27943092584609985
YGL226W,YGR074W,0,2.8347087,0.17868708074092865,0.5956820249557495,0.2795311212539673
YLR398C,YCL074W,0,2.834254,0.17863449454307556,0.5956820249557495,0.27963128685951233
YOR329C,YNL075W,0,2.8339348,0.17858193814754486,0.5956820249557495,0.27973148226737976
YHR006W,YPL082C,0,2.8329554,0.17852941155433655,0.5956820249557495,0.2798316776752472
YHL007C,YBR301W,0,2.8328698,0.17847691476345062,0.5956820249557495,0.2799318730831146
YKL060C,YER130C,0,2.8326755,0.17842446267604828,0.5956820249557495,0.28003206849098206
YGR017W,YKL048C,0,2.832597,0.17837202548980713,0.5956820249557495,0.2801322638988495
YIL075C,YDR480W,0,2.8325732,0.17831961810588837,0.5956820249557495,0.28023242950439453
YDL111C,YPL236C,0,2.8314784,0.17826725542545319,0.5956820249557495,0.28033262491226196
YDR226W,YKL033W,0,2.8310592,0.1782149076461792,0.5956820249557495,0.2804328203201294
YPL129W,YBR102C,0,2.8307114,0.1781626045703888,0.5956820249557495,0.2805330157279968
YDL102W,YLR321C,1,2.8306768,0.17840375006198883,0.5966634154319763,0.2805330157279968
YDR027C,YIL168W,0,2.8304417,0.17835141718387604,0.5966634154319763,0.28063321113586426
YLR329W,YDR167W,0,2.8304346,0.17829911410808563,0.5966634154319763,0.2807334065437317
YOL020W,YIL144W,0,2.8303175,0.1782468557357788,0.5966634154319763,0.28083357214927673
YLR405W,YJL128C,0,2.8299906,0.17819461226463318,0.5966634154319763,0.28093376755714417
YNL079C,YML023C,0,2.8299115,0.17814239859580994,0.5966634154319763,0.2810339629650116
YLR029C,YOR334W,0,2.8297951,0.17809021472930908,0.5966634154319763,0.28113415837287903
YPL254W,YDL211C,0,2.8297753,0.17803806066513062,0.5966634154319763,0.28123435378074646
YOL021C,YBR080C,0,2.8288991,0.17798595130443573,0.5966634154319763,0.2813345491886139
YKL005C,YGR296W,0,2.8287475,0.17793385684490204,0.5966634154319763,0.28143471479415894
YKL112W,YAL015C,1,2.8286278,0.17817437648773193,0.5976447463035583,0.28143471479415894
YLL048C,YML051W,0,2.8282835,0.17812225222587585,0.5976447463035583,0.28153491020202637
YKL213C,YPL140C,0,2.8281348,0.17807017266750336,0.5976447463035583,0.2816351056098938
YOR138C,YKL038W,0,2.8281078,0.17801812291145325,0.5976447463035583,0.28173530101776123
YLR390W-A,YDR162C,0,2.8280756,0.17796610295772552,0.5976447463035583,0.28183549642562866
YLR164W,YEL022W,0,2.827687,0.1779141128063202,0.5976447463035583,0.2819356918334961
YNR057C,YDR198C,0,2.8275635,0.17786215245723724,0.5976447463035583,0.28203585743904114
YNL139C,YNL250W,1,2.8273137,0.17810219526290894,0.5986260771751404,0.28203585743904114
YDL029W,YOR090C,0,2.826975,0.1780502051115036,0.5986260771751404,0.28213605284690857
YOR192C,YLR197W,0,2.8265765,0.17799824476242065,0.5986260771751404,0.282236248254776
YHR061C,YHR042W,0,2.8263876,0.1779463291168213,0.5986260771751404,0.28233644366264343
YHR079C-A,YEL019C,1,2.826157,0.1781860589981079,0.5996074676513672,0.28233644366264343
YBR085W,YNL009W,0,2.8257234,0.17813411355018616,0.5996074676513672,0.28243663907051086
YBR139W,YBR136W,0,2.825529,0.1780821979045868,0.5996074676513672,0.2825368344783783
YJL154C,YJL028W,0,2.8251288,0.17803029716014862,0.5996074676513672,0.28263700008392334
YPL097W,YOR327C,0,2.825005,0.17797844111919403,0.5996074676513672,0.28273719549179077
YOR279C,YML031W,0,2.824918,0.17792661488056183,0.5996074676513672,0.2828373908996582
YNR006W,YBR136W,0,2.824578,0.17787481844425201,0.5996074676513672,0.28293758630752563
YPL081W,YNL048W,0,2.824499,0.1778230518102646,0.5996074676513672,0.28303778171539307
YBR120C,YGL145W,0,2.8240068,0.17777131497859955,0.5996074676513672,0.2831379473209381
YLR408C,YBL091C,0,2.823405,0.1777196079492569,0.5996074676513672,0.28323814272880554
YLR234W,YJR004C,0,2.823051,0.17766793072223663,0.5996074676513672,0.283338338136673
YHR175W,YJR082C,0,2.8227937,0.17761628329753876,0.5996074676513672,0.2834385335445404
YML099C,YOL034W,0,2.822791,0.17756466567516327,0.5996074676513672,0.28353872895240784
YGL058W,YHR063C,0,2.8224447,0.17751307785511017,0.5996074676513672,0.28363892436027527
YOR054C,YNL154C,0,2.821797,0.17746151983737946,0.5996074676513672,0.2837390899658203
YLR332W,YJL003W,0,2.821328,0.17740999162197113,0.5996074676513672,0.28383928537368774
YKL206C,YJR031C,0,2.8212774,0.1773584932088852,0.5996074676513672,0.2839394807815552
YCR092C,YNL133C,1,2.8211777,0.17759720981121063,0.6005887985229492,0.2839394807815552
YIL042C,YLL051C,0,2.8207488,0.1775456964969635,0.6005887985229492,0.2840396761894226
YGR096W,YGR240C,0,2.8205755,0.17749419808387756,0.6005887985229492,0.28413987159729004
YDR168W,YGR152C,0,2.820501,0.1774427443742752,0.6005887985229492,0.28424006700515747
YFL024C,YGL127C,1,2.8203385,0.17768116295337677,0.601570188999176,0.28424006700515747
YNL246W,YNL107W,1,2.8202255,0.1779194474220276,0.6025515198707581,0.28424006700515747
YDR309C,YDR173C,0,2.8196263,0.17786790430545807,0.6025515198707581,0.2843402326107025
YCL001W,YLR206W,0,2.81954,0.17781639099121094,0.6025515198707581,0.28444042801856995
YKL146W,YNL288W,0,2.8192263,0.1777649074792862,0.6025515198707581,0.2845406234264374
YDR222W,YJL051W,0,2.8189595,0.17771345376968384,0.6025515198707581,0.2846408188343048
YGR238C,YHR123W,0,2.8188956,0.17766202986240387,0.6025515198707581,0.28474101424217224
YGL200C,YKL165C,0,2.8185217,0.17761065065860748,0.6025515198707581,0.2848412096500397
YLR116W,YLR208W,0,2.8177738,0.1775592863559723,0.6025515198707581,0.2849413752555847
YGL005C,YDL211C,0,2.8176234,0.17750795185565948,0.6025515198707581,0.28504157066345215
YBL097W,YIL103W,0,2.8167522,0.17745664715766907,0.6025515198707581,0.2851417660713196
YJL076W,YLR216C,0,2.815932,0.17740537226200104,0.6025515198707581,0.285241961479187
YJL140W,YNL031C,1,2.8151634,0.17764298617839813,0.6035328507423401,0.285241961479187
YHR079C-A,YLR035C,1,2.8148153,0.1778804510831833,0.6045142412185669,0.285241961479187
YHR079C-A,YDR160W,0,2.8141048,0.1778291016817093,0.6045142412185669,0.28534215688705444
YOR178C,YGR074W,0,2.8140037,0.17777778208255768,0.6045142412185669,0.2854423522949219
YGL097W,YPR025C,0,2.8138754,0.17772649228572845,0.6045142412185669,0.2855425179004669
YHR109W,YKL194C,0,2.8134959,0.17767521739006042,0.6045142412185669,0.28564271330833435
YBR221C,YDL025C,0,2.8133805,0.17762398719787598,0.6045142412185669,0.2857429087162018
YBL027W,YER005W,0,2.8126438,0.17757278680801392,0.6045142412185669,0.2858431041240692
YGL014W,YIL119C,0,2.812565,0.17752161622047424,0.6045142412185669,0.28594329953193665
YIR011C,YLR300W,0,2.8122532,0.17747047543525696,0.6045142412185669,0.2860434949398041
YLL036C,YPR106W,0,2.8120909,0.17741934955120087,0.6045142412185669,0.2861436605453491
YDR201W,YPR127W,0,2.8117063,0.17736826837062836,0.6045142412185669,0.28624385595321655
YNL290W,YHR099W,1,2.8111098,0.1776050627231598,0.6054955720901489,0.28624385595321655
YDR182W,YDR317W,1,2.8110816,0.17784172296524048,0.6064769625663757,0.28624385595321655
YOR386W,YHR120W,1,2.8109622,0.17807824909687042,0.6074582934379578,0.28624385595321655
YEL029C,YHR108W,0,2.8103461,0.17802703380584717,0.6074582934379578,0.286344051361084
YHR196W,YJL206C,0,2.8102868,0.1779758483171463,0.6074582934379578,0.2864442467689514
YEL056W,YNL133C,1,2.8097157,0.17821213603019714,0.6084396243095398,0.2864442467689514
YNL079C,YNL202W,0,2.8088381,0.1781609207391739,0.6084396243095398,0.28654444217681885
YPL283C,YOL091W,0,2.8082054,0.17810973525047302,0.6084396243095398,0.2866446375846863
YIR033W,YIL082W-A,0,2.8078747,0.17805859446525574,0.6084396243095398,0.2867448031902313
YOR311C,YJR133W,0,2.8078551,0.17800746858119965,0.6084396243095398,0.28684499859809875
YDL119C,YOR206W,0,2.8077242,0.17795637249946594,0.6084396243095398,0.2869451940059662
YDR317W,YMR214W,0,2.807391,0.17790530622005463,0.6084396243095398,0.2870453894138336
YGR260W,YDL207W,0,2.807144,0.1778542697429657,0.6084396243095398,0.28714558482170105
YNL181W,YOR368W,0,2.8071418,0.17780326306819916,0.6084396243095398,0.2872457802295685
YPL207W,YPL100W,0,2.807102,0.177752286195755,0.6084396243095398,0.2873459458351135
YHR007C,YJR095W,0,2.8061285,0.17770135402679443,0.6084396243095398,0.28744614124298096
YPR119W,YOL082W,0,2.8058026,0.17765043675899506,0.6084396243095398,0.2875463366508484
YOR032C,YPR018W,0,2.8056047,0.17759953439235687,0.6084396243095398,0.2876465320587158
YML127W,YDR446W,0,2.8055832,0.17754867672920227,0.6084396243095398,0.28774672746658325
YPR180W,YMR172W,0,2.8055768,0.17749784886837006,0.6084396243095398,0.2878469228744507
YNR071C,YLR089C,0,2.804709,0.17744705080986023,0.6084396243095398,0.2879470884799957
YKL152C,YNL288W,0,2.8041794,0.1773962825536728,0.6084396243095398,0.28804728388786316
YDL181W,YJL225C,0,2.8041372,0.17734554409980774,0.6084396243095398,0.2881474792957306
YMR145C,YER130C,0,2.8031888,0.17729482054710388,0.6084396243095398,0.288247674703598
YER117W,YBR077C,0,2.8027012,0.1772441416978836,0.6084396243095398,0.28834787011146545
YKL213C,YDR369C,1,2.8023026,0.17747928202152252,0.6094210147857666,0.28834787011146545
YNL274C,YLR291C,0,2.8022816,0.17742857336997986,0.6094210147857666,0.2884480655193329
YKL015W,YML067C,0,2.8021626,0.17737789452075958,0.6094210147857666,0.28854823112487793
YPL233W,YDR002W,0,2.8021624,0.1773272454738617,0.6094210147857666,0.28864842653274536
YPL046C,YNL312W,1,2.802056,0.17756208777427673,0.6104023456573486,0.28864842653274536
YLR131C,YLR055C,0,2.801011,0.17751140892505646,0.6104023456573486,0.2887486219406128
YLR007W,YOR295W,0,2.8008065,0.17746077477931976,0.6104023456573486,0.2888488173484802
YLR131C,YGL189C,0,2.8003466,0.17741015553474426,0.6104023456573486,0.28894901275634766
YMR201C,YJL127C,1,2.8003447,0.17764471471309662,0.6113837361335754,0.28894901275634766
YAL029C,YGL183C,0,2.8001776,0.17759406566619873,0.6113837361335754,0.2890492081642151
YJL004C,YDR009W,0,2.7999997,0.17754346132278442,0.6113837361335754,0.28914937376976013
YLR265C,YHR099W,1,2.799968,0.17777778208255768,0.6123650670051575,0.28914937376976013
YGR224W,YLR039C,0,2.799478,0.17772714793682098,0.6123650670051575,0.28924956917762756
YBR187W,YLR092W,0,2.7990592,0.17767654359340668,0.6123650670051575,0.289349764585495
YJR036C,YEL037C,0,2.798504,0.17762595415115356,0.6123650670051575,0.2894499599933624
YPL099C,YOL088C,0,2.798489,0.17757540941238403,0.6123650670051575,0.28955015540122986
YLL019C,YOR148C,0,2.7982717,0.1775248944759369,0.6123650670051575,0.2896503210067749
YML080W,YOR299W,0,2.7982237,0.17747440934181213,0.6123650670051575,0.28975051641464233
YML023C,YBR073W,1,2.7979088,0.17770826816558838,0.6133463978767395,0.28975051641464233
YJR140C,YAL009W,0,2.7976842,0.17765775322914124,0.6133463978767395,0.28985071182250977
YDR110W,YOL093W,0,2.7976348,0.17760726809501648,0.6133463978767395,0.2899509072303772
YLR210W,YJL014W,0,2.7976224,0.1775568127632141,0.6133463978767395,0.29005110263824463
YML127W,YDR216W,0,2.796991,0.17750638723373413,0.6133463978767395,0.29015129804611206
YDL245C,YHR108W,0,2.796944,0.17745599150657654,0.6133463978767395,0.2902514636516571
YER093C,YML071C,0,2.796889,0.17740562558174133,0.6133463978767395,0.29035165905952454
YGL083W,YOR132W,0,2.7958443,0.17735527455806732,0.6133463978767395,0.29045185446739197
YGL048C,YEL030W,0,2.7957003,0.1773049682378769,0.6133463978767395,0.2905520498752594
YDR457W,YDR308C,0,2.7953746,0.17725467681884766,0.6133463978767395,0.29065224528312683
YLR359W,YLR312W-A,0,2.7953198,0.177204430103302,0.6133463978767395,0.29075244069099426
YGR216C,YPR111W,0,2.7950466,0.17715419828891754,0.6133463978767395,0.2908526062965393
YOL148C,YPR159W,0,2.794922,0.17710399627685547,0.6133463978767395,0.29095280170440674
YGR276C,YOR027W,0,2.7946188,0.17705382406711578,0.6133463978767395,0.29105299711227417
YPL146C,YDR517W,0,2.7944186,0.1770036816596985,0.6133463978767395,0.2911531925201416
YDR351W,YIL038C,0,2.7942612,0.17695356905460358,0.6133463978767395,0.29125338792800903
YNL224C,YOR026W,0,2.7940137,0.17690348625183105,0.6133463978767395,0.29135358333587646
YPL110C,YOR145C,0,2.7936935,0.17685341835021973,0.6133463978767395,0.2914537489414215
YGL226C-A,YGR266W,0,2.7936494,0.17680339515209198,0.6133463978767395,0.29155394434928894
YML102W,YMR202W,0,2.7930257,0.17675338685512543,0.6133463978767395,0.29165413975715637
YPL105C,YGR138C,0,2.7925007,0.17670342326164246,0.6133463978767395,0.2917543351650238
YBR109C,YDL035C,0,2.7918108,0.17665347456932068,0.6133463978767395,0.29185453057289124
YGL016W,YLR116W,0,2.7913835,0.1766035556793213,0.6133463978767395,0.29195472598075867
YJR047C,YGL050W,0,2.7912679,0.1765536665916443,0.6133463978767395,0.2920548915863037
YGL018C,YML052W,0,2.7911365,0.17650380730628967,0.6133463978767395,0.29215508699417114
YDR246W,YLR081W,0,2.7908375,0.17645397782325745,0.6133463978767395,0.2922552824020386
YJR041C,YOR191W,0,2.790717,0.1764041781425476,0.6133463978767395,0.292355477809906
YOR034C,YNL197C,0,2.7902527,0.17635440826416016,0.6133463978767395,0.29245567321777344
YAR066W,YER031C,0,2.7902312,0.1763046532869339,0.6133463978767395,0.29255586862564087
YCL008C,YBR179C,0,2.789583,0.17625492811203003,0.6133463978767395,0.2926560342311859
YOR156C,YPR080W,0,2.7893066,0.17620524764060974,0.6133463978767395,0.29275622963905334
YER115C,YPL016W,0,2.7890604,0.17615558207035065,0.6133463978767395,0.2928564250469208
YLR005W,YBR223C,1,2.7888143,0.1763877123594284,0.6143277883529663,0.2928564250469208
YBR289W,YER179W,1,2.7885702,0.1766197234392166,0.6153091192245483,0.2928564250469208
YPR190C,YPL119C,0,2.7885427,0.17656998336315155,0.6153091192245483,0.2929566204547882
YLR066W,YGR238C,0,2.7884753,0.17652027308940887,0.6153091192245483,0.29305681586265564
YIL091C,YGL112C,0,2.787405,0.1764705926179886,0.6153091192245483,0.29315701127052307
YJL005W,YJR067C,0,2.7871897,0.1764209270477295,0.6153091192245483,0.2932571768760681
YKL220C,YFR004W,0,2.7867014,0.17637130618095398,0.6153091192245483,0.29335737228393555
YOR368W,YBL098W,0,2.7863796,0.17632171511650085,0.6153091192245483,0.293457567691803
YML055W,YJR092W,0,2.7857723,0.17627213895320892,0.6153091192245483,0.2935577630996704
YBR288C,YBR179C,0,2.7856085,0.17622259259223938,0.6153091192245483,0.29365795850753784
YDR137W,YBL112C,0,2.7848933,0.17617307603359222,0.6153091192245483,0.2937581539154053
YER123W,YLR129W,0,2.7848446,0.17612358927726746,0.6153091192245483,0.2938583195209503
YFL034C-B,YMR021C,0,2.7846525,0.17607413232326508,0.6153091192245483,0.29395851492881775
YOR178C,YBR223C,0,2.7842,0.17602470517158508,0.6153091192245483,0.2940587103366852
YEL018W,YBR028C,0,2.784117,0.17597530782222748,0.6153091192245483,0.2941589057445526
YFL056C,YOR234C,0,2.783586,0.17592592537403107,0.6153091192245483,0.29425910115242004
YJR088C,YBR153W,0,2.7835746,0.17587657272815704,0.6153091192245483,0.2943592965602875
YIL091C,YOR336W,0,2.7832448,0.1758272647857666,0.6153091192245483,0.2944594621658325
YGR113W,YMR090W,0,2.783199,0.17577797174453735,0.6153091192245483,0.29455965757369995
YAL048C,YMR236W,0,2.7817757,0.1757286936044693,0.6153091192245483,0.2946598529815674
YDR189W,YLR278C,0,2.7810504,0.17567946016788483,0.6153091192245483,0.2947600483894348
YLR321C,YNL273W,1,2.7801688,0.1759103685617447,0.6162905097007751,0.2947600483894348
YML030W,YDR160W,0,2.7797997,0.17586110532283783,0.6162905097007751,0.29486024379730225
YNR032C-A,YOR173W,0,2.7796555,0.17581187188625336,0.6162905097007751,0.2949604392051697
YKL081W,YKL132C,0,2.7793548,0.17576266825199127,0.6162905097007751,0.2950606048107147
YHR134W,YKL114C,1,2.77921,0.17599327862262726,0.6172718405723572,0.2950606048107147
YAL054C,YCR014C,0,2.7787702,0.17594406008720398,0.6172718405723572,0.29516080021858215
YNL245C,YKL005C,0,2.7785127,0.1758948564529419,0.6172718405723572,0.2952609956264496
YBL045C,YPL122C,0,2.7780833,0.1758456826210022,0.6172718405723572,0.295361191034317
YGL226W,YDR528W,0,2.7779386,0.1757965385913849,0.6172718405723572,0.29546138644218445
YNL029C,YDR406W,0,2.77714,0.17574740946292877,0.6172718405723572,0.2955615818500519
YGL150C,YAL042W,0,2.7770603,0.17569832503795624,0.6172718405723572,0.2956617474555969
YEL024W,YKL149C,0,2.7760766,0.1756492555141449,0.6172718405723572,0.29576194286346436
YCL074W,YDL002C,0,2.7757614,0.17560023069381714,0.6172718405723572,0.2958621382713318
YCL011C,YBR204C,0,2.7750957,0.17555122077465057,0.6172718405723572,0.2959623336791992
YMR167W,YDR369C,1,2.7748802,0.17578125,0.6182531714439392,0.2959623336791992
YOR017W,YOR007C,0,2.7740917,0.17573221027851105,0.6182531714439392,0.29606252908706665
YOR148C,YNL127W,0,2.7734587,0.17568321526050568,0.6182531714439392,0.2961626946926117
YLR166C,YMR087W,0,2.7732427,0.1756342351436615,0.6182531714439392,0.2962628901004791
YML102W,YBR195C,1,2.7720187,0.17586399614810944,0.619234561920166,0.2962628901004791
YPR008W,YER072W,0,2.7711213,0.17581498622894287,0.619234561920166,0.29636308550834656
YBR216C,YOL041C,0,2.7709444,0.1757660210132599,0.619234561920166,0.296463280916214
YOL075C,YIL052C,0,2.770642,0.1757170706987381,0.619234561920166,0.2965634763240814
YOR261C,YBR023C,0,2.77016,0.1756681501865387,0.619234561920166,0.29666367173194885
YOR032C,YGR072W,0,2.7701066,0.17561925947666168,0.619234561920166,0.2967638373374939
YLR425W,YJR010W,0,2.7701037,0.17557039856910706,0.619234561920166,0.29686403274536133
YDR092W,YDR113C,1,2.7698257,0.17579972743988037,0.620215892791748,0.29686403274536133
YKL114C,YDR359C,1,2.7697017,0.17602892220020294,0.6211972236633301,0.29686403274536133
YLR024C,YOR274W,0,2.7696295,0.17597998678684235,0.6211972236633301,0.29696422815322876
YOR034C,YLR388W,0,2.7695904,0.17593106627464294,0.6211972236633301,0.2970644235610962
YHR090C,YML095C,1,2.769457,0.1761600375175476,0.6221786141395569,0.2970644235610962
YPR180W,YKR101W,0,2.7694438,0.1761111170053482,0.6221786141395569,0.2971646189689636
YJR047C,YNL271C,0,2.76913,0.17606221139431,0.6221786141395569,0.29726481437683105
YDR190C,YKL017C,1,2.7685475,0.17629094421863556,0.6231599450111389,0.29726481437683105
YGL037C,YLL045C,0,2.7685344,0.17624202370643616,0.6231599450111389,0.2973649799823761
YGL006W,YML045W,0,2.7680917,0.17619311809539795,0.6231599450111389,0.29746517539024353
YGR087C,YEL037C,0,2.7678888,0.17614424228668213,0.6231599450111389,0.29756537079811096
YGL049C,YBL072C,0,2.7675323,0.1760953962802887,0.6231599450111389,0.2976655662059784
YGR020C,YDR162C,0,2.7675323,0.17604658007621765,0.6231599450111389,0.2977657616138458
YJL060W,YDR030C,0,2.7674592,0.1759977787733078,0.6231599450111389,0.29786595702171326
YCL057W,YBL008W,0,2.7674325,0.17594902217388153,0.6231599450111389,0.2979661226272583
YKL093W,YFL034C-A,0,2.7673094,0.17590028047561646,0.6231599450111389,0.29806631803512573
YPR200C,YER058W,0,2.7671835,0.17585156857967377,0.6231599450111389,0.29816651344299316
YGR179C,YEL020C,0,2.7657273,0.17580288648605347,0.6231599450111389,0.2982667088508606
YPR009W,YDR028C,0,2.7646382,0.17575421929359436,0.6231599450111389,0.298366904258728
YOR196C,YKL138C,0,2.7645738,0.17570559680461884,0.6231599450111389,0.29846709966659546
YDR259C,YLR069C,0,2.7645297,0.1756569892168045,0.6231599450111389,0.2985672652721405
YER013W,YOR115C,0,2.7644575,0.17560841143131256,0.6231599450111389,0.29866746068000793
YER149C,YHR118C,0,2.7637885,0.175559863448143,0.6231599450111389,0.29876765608787537
YOR054C,YDR147W,0,2.763684,0.17551133036613464,0.6231599450111389,0.2988678514957428
YIL096C,YHR214C-B,0,2.7636795,0.17546284198760986,0.6231599450111389,0.29896804690361023
YMR137C,YIL148W,1,2.7636676,0.17569060623645782,0.6241413354873657,0.29896804690361023
YCR046C,YPR161C,0,2.7635171,0.17564208805561066,0.6241413354873657,0.29906824231147766
YCL017C,YOR060C,0,2.763509,0.17559359967708588,0.6241413354873657,0.2991684079170227
YJL162C,YHR019C,0,2.762734,0.1755451261997223,0.6241413354873657,0.29926860332489014
YDR081C,YDR331W,0,2.7626045,0.1754966825246811,0.6241413354873657,0.29936879873275757
YKL217W,YHR148W,0,2.7623844,0.17544826865196228,0.6241413354873657,0.299468994140625
YHR156C,YLR345W,0,2.761927,0.17539988458156586,0.6241413354873657,0.29956918954849243
YDR284C,YOR222W,0,2.7615702,0.17535153031349182,0.6241413354873657,0.29966938495635986
YDR508C,YDR075W,0,2.7613857,0.17530319094657898,0.6241413354873657,0.2997695505619049
YDR080W,YLR206W,0,2.7609742,0.17525489628314972,0.6241413354873657,0.29986974596977234
YNL261W,YJL141C,0,2.7605011,0.17520661652088165,0.6241413354873657,0.29996994137763977
YJL042W,YKL222C,0,2.76038,0.17515835165977478,0.6241413354873657,0.3000701367855072
YGR212W,YPL210C,0,2.7599647,0.1751101315021515,0.6241413354873657,0.30017033219337463
YMR061W,YML025C,0,2.7592814,0.1750619262456894,0.6241413354873657,0.30027052760124207
YHR209W,YHR056C,0,2.7590985,0.17501376569271088,0.6241413354873657,0.3003706932067871
YDR020C,YPL233W,0,2.7587073,0.17496560513973236,0.6241413354873657,0.30047088861465454
YNL178W,YJR131W,0,2.7584093,0.17491748929023743,0.6241413354873657,0.300571084022522
YDL104C,YOR298C-A,0,2.757878,0.17486940324306488,0.6241413354873657,0.3006712794303894
YOR354C,YGL122C,0,2.757568,0.17482133209705353,0.6241413354873657,0.30077147483825684
YPL194W,YKL113C,1,2.7573907,0.1750480830669403,0.6251226663589478,0.30077147483825684
YNL133C,YPL227C,0,2.7556183,0.17499999701976776,0.6251226663589478,0.30087167024612427
YBR211C,YKL009W,0,2.7555697,0.1749519407749176,0.6251226663589478,0.3009718358516693
YLR442C,YIL061C,0,2.755569,0.17490389943122864,0.6251226663589478,0.30107203125953674
YGR059W,YOR210W,0,2.7553945,0.17485588788986206,0.6251226663589478,0.3011722266674042
YPL225W,YIR032C,0,2.7551463,0.17480790615081787,0.6251226663589478,0.3012724220752716
YEL037C,YDR159W,1,2.7551026,0.175034299492836,0.6261039972305298,0.3012724220752716
YPL081W,YNR028W,0,2.7549655,0.17498628795146942,0.6261039972305298,0.30137261748313904
YBR010W,YDL020C,1,2.7549608,0.17521250247955322,0.6270853877067566,0.30137261748313904
YMR315W,YGL203C,0,2.7545953,0.17516447603702545,0.6270853877067566,0.30147281289100647
YGL219C,YGR099W,0,2.754386,0.17511646449565887,0.6270853877067566,0.3015729784965515
YDR030C,YBL100W-B,0,2.7542965,0.17506849765777588,0.6270853877067566,0.30167317390441895
YBR043C,YLR210W,0,2.7540903,0.17502054572105408,0.6270853877067566,0.3017733693122864
YJL034W,YGR013W,0,2.7535887,0.17497262358665466,0.6270853877067566,0.3018735647201538
YLR024C,YIL061C,0,2.7534957,0.17492471635341644,0.6270853877067566,0.30197376012802124
YPL061W,YDR262W,0,2.7534473,0.1748768538236618,0.6270853877067566,0.3020739257335663
YDL102W,YDL059C,1,2.753187,0.1751026064157486,0.6280667185783386,0.3020739257335663
YER040W,YKL168C,0,2.7531426,0.17505469918251038,0.6280667185783386,0.3021741211414337
YGR024C,YMR058W,0,2.752182,0.17500683665275574,0.6280667185783386,0.30227431654930115
YMR215W,YDR407C,0,2.752177,0.1749589890241623,0.6280667185783386,0.3023745119571686
YDL243C,YGL190C,0,2.7516682,0.17491117119789124,0.6280667185783386,0.302474707365036
YLR361C,YMR053C,0,2.7515135,0.17486338317394257,0.6280667185783386,0.30257490277290344
YNL218W,YDR263C,1,2.750855,0.1750887781381607,0.6290481090545654,0.30257490277290344
YER104W,YMR244C-A,0,2.750774,0.17504096031188965,0.6290481090545654,0.3026750683784485
YIL153W,YDR369C,1,2.750651,0.17526617646217346,0.6300294399261475,0.3026750683784485
YBR039W,YPL020C,0,2.7502854,0.1752183437347412,0.6300294399261475,0.3027752637863159
YBL045C,YGL190C,0,2.7500277,0.17517052590847015,0.6300294399261475,0.30287545919418335
YLL006W,YPL139C,0,2.7497733,0.17512275278568268,0.6300294399261475,0.3029756546020508
YDR113C,YDL105W,1,2.7487154,0.175347700715065,0.6310107707977295,0.3029756546020508
YHR132C,YDL102W,0,2.7486827,0.17529989778995514,0.6310107707977295,0.3030758500099182
YMR168C,YJR113C,0,2.7484548,0.17525210976600647,0.6310107707977295,0.30317604541778564
YKR053C,YJL180C,0,2.7484105,0.17520436644554138,0.6310107707977295,0.3032762110233307
YER138C,YFL008W,0,2.7481992,0.1751566380262375,0.6310107707977295,0.3033764064311981
YIL156W,YFL025C,0,2.7478983,0.17510893940925598,0.6310107707977295,0.30347660183906555
YBR120C,YHR107C,0,2.7475193,0.17506125569343567,0.6310107707977295,0.303576797246933
YPL093W,YJL144W,0,2.747186,0.17501360177993774,0.6310107707977295,0.3036769926548004
YJL122W,YMR048W,0,2.7467463,0.1749659925699234,0.6310107707977295,0.30377718806266785
YCL039W,YPL190C,0,2.7463622,0.17491838335990906,0.6310107707977295,0.3038773536682129
YOR380W,YBR203W,0,2.7458956,0.1748708188533783,0.6310107707977295,0.3039775490760803
YML047C,YEL055C,0,2.74528,0.17482326924800873,0.6310107707977295,0.30407774448394775
YFL003C,YGL064C,0,2.7445817,0.17477574944496155,0.6310107707977295,0.3041779398918152
YBR278W,YJL050W,0,2.7444146,0.17472825944423676,0.6310107707977295,0.3042781352996826
YJL082W,YLR193C,0,2.7438335,0.17468079924583435,0.6310107707977295,0.30437833070755005
YDR045C,YKL022C,0,2.7437942,0.17463335394859314,0.6310107707977295,0.3044784963130951
YGL236C,YOR035C,0,2.7435405,0.17458593845367432,0.6310107707977295,0.3045786917209625
YIL048W,YPL283C,0,2.7430966,0.1745385378599167,0.6310107707977295,0.30467888712882996
YDR016C,YPR075C,0,2.7429993,0.17449118196964264,0.6310107707977295,0.3047790825366974
YGR278W,YLL029W,0,2.7424517,0.17444384098052979,0.6310107707977295,0.3048792779445648
YOR117W,YGR174C,0,2.7424405,0.17439652979373932,0.6310107707977295,0.30497947335243225
YML114C,YOL090W,0,2.7413132,0.17434923350811005,0.6310107707977295,0.3050796389579773
YMR283C,YKL157W,0,2.7409303,0.17430198192596436,0.6310107707977295,0.3051798343658447
YAR031W,YGL200C,0,2.7397225,0.17425474524497986,0.6310107707977295,0.30528002977371216
YNL304W,YOL102C,0,2.7393978,0.17420753836631775,0.6310107707977295,0.3053802251815796
YDR080W,YOR363C,0,2.7390156,0.17416034638881683,0.6310107707977295,0.305480420589447
YNR072W,YEL018W,0,2.7387984,0.1741131842136383,0.6310107707977295,0.30558061599731445
YMR033W,YDR004W,0,2.7387946,0.17406605184078217,0.6310107707977295,0.3056807816028595
YPL180W,YEL069C,0,2.7373552,0.1740189492702484,0.6310107707977295,0.30578097701072693
YKL073W,YDL161W,0,2.736947,0.17397186160087585,0.6310107707977295,0.30588117241859436
YDR430C,YGR024C,0,2.7360804,0.17392480373382568,0.6310107707977295,0.3059813678264618
YDR244W,YLR025W,0,2.7359521,0.1738777756690979,0.6310107707977295,0.3060815632343292
YOL072W,YHR164C,1,2.7355917,0.1741011142730713,0.6319921612739563,0.3060815632343292
YKL052C,YMR323W,0,2.73539,0.17405405640602112,0.6319921612739563,0.30618175864219666
YKR013W,YDR484W,0,2.7349904,0.17400702834129333,0.6319921612739563,0.3062819242477417
YLR341W,YPL167C,0,2.734762,0.17396001517772675,0.6319921612739563,0.30638211965560913
YPL187W,YPL049C,0,2.73444,0.17391304671764374,0.6319921612739563,0.30648231506347656
YDR064W,YDL142C,0,2.7340653,0.17386609315872192,0.6319921612739563,0.306582510471344
YBR261C,YBR112C,0,2.7336648,0.1738191694021225,0.6319921612739563,0.3066827058792114
YER032W,YJR064W,0,2.7336023,0.17377226054668427,0.6319921612739563,0.30678290128707886
YPR026W,YDR206W,0,2.733349,0.17372538149356842,0.6319921612739563,0.3068830668926239
YMR161W,YDR261C,0,2.732999,0.17367853224277496,0.6319921612739563,0.30698326230049133
YLR427W,YER179W,1,2.7329428,0.17390131950378418,0.6329734921455383,0.30698326230049133
YIL162W,YPL053C,0,2.7325027,0.17385444045066833,0.6329734921455383,0.30708345770835876
YDR422C,YDL197C,0,2.7319782,0.17380760610103607,0.6329734921455383,0.3071836531162262
YOR064C,YML007W,0,2.7318563,0.1737607717514038,0.6329734921455383,0.30728384852409363
YDR452W,YIL118W,0,2.7310584,0.17371398210525513,0.6329734921455383,0.30738404393196106
YGL233W,YLL012W,0,2.7308016,0.17366720736026764,0.6329734921455383,0.3074842095375061
YDR419W,YPR052C,1,2.730521,0.1738896369934082,0.6339548826217651,0.3074842095375061
YJR051W,YPR105C,0,2.7304602,0.17384284734725952,0.6339548826217651,0.30758440494537354
YML114C,YMR167W,0,2.7302644,0.17379607260227203,0.6339548826217651,0.30768460035324097
YJR043C,YER171W,1,2.7300067,0.17401829361915588,0.6349362134933472,0.30768460035324097
YJL206C,YLR347C,0,2.7288928,0.1739715039730072,0.6349362134933472,0.3077847957611084
YLR380W,YDR173C,0,2.7288892,0.17392472922801971,0.6349362134933472,0.30788499116897583
YER019W,YPL007C,0,2.7288535,0.17387798428535461,0.6349362134933472,0.30798518657684326
YPR023C,YPL194W,1,2.7284029,0.17409995198249817,0.6359175443649292,0.30798518657684326
YLR128W,YKR020W,0,2.7282627,0.17405317723751068,0.6359175443649292,0.3080853521823883
YKR028W,YDR145W,0,2.727763,0.17400644719600677,0.6359175443649292,0.30818554759025574
YLR353W,YOL090W,0,2.7272217,0.17395973205566406,0.6359175443649292,0.30828574299812317
YEL020W-A,YPL179W,0,2.7271783,0.17391304671764374,0.6359175443649292,0.3083859384059906
YKL110C,YNL323W,0,2.7269294,0.1738663762807846,0.6359175443649292,0.30848613381385803
YMR284W,YDR311W,1,2.7268004,0.1740879863500595,0.636898934841156,0.30848613381385803
YKR027W,YDR444W,0,2.7267773,0.17404130101203918,0.636898934841156,0.3085862994194031
YOR045W,YGR033C,0,2.7265613,0.17399464547634125,0.636898934841156,0.3086864948272705
YNR051C,YIL118W,0,2.7262576,0.1739480048418045,0.636898934841156,0.30878669023513794
YDL093W,YNL095C,0,2.7252238,0.17390139400959015,0.636898934841156,0.30888688564300537
YPR187W,YIL037C,0,2.7251222,0.17385481297969818,0.636898934841156,0.3089870810508728
YPL119C,YNL075W,0,2.7234445,0.1738082468509674,0.636898934841156,0.30908727645874023
YDR464W,YIL144W,0,2.7232058,0.17376171052455902,0.636898934841156,0.3091874420642853
YNL095C,YNL239W,0,2.723139,0.17371520400047302,0.636898934841156,0.3092876374721527
YDL235C,YLR308W,0,2.723126,0.17366871237754822,0.636898934841156,0.30938783288002014
YMR283C,YNL290W,0,2.722594,0.1736222505569458,0.636898934841156,0.3094880282878876
YFL003C,YOL068C,0,2.7223516,0.17357581853866577,0.636898934841156,0.309588223695755
YIL098C,YCR002C,0,2.7222981,0.17352941632270813,0.636898934841156,0.30968841910362244
YCL051W,YGR118W,0,2.7222204,0.17348302900791168,0.636898934841156,0.3097885847091675
YGL158W,YJL051W,0,2.7219899,0.17343667149543762,0.636898934841156,0.3098887801170349
YML080W,YBL040C,0,2.7213523,0.17339032888412476,0.636898934841156,0.30998897552490234
YJL035C,YHR035W,0,2.721104,0.17334401607513428,0.636898934841156,0.3100891709327698
YCR028C-A,YGL145W,0,2.7210968,0.1732977330684662,0.636898934841156,0.3101893663406372
YJL010C,YDL074C,0,2.7207863,0.1732514649629593,0.636898934841156,0.31028956174850464
YDR180W,YMR052W,0,2.7202907,0.17320522665977478,0.636898934841156,0.3103897273540497
YDR461W,YDR019C,0,2.7194202,0.17315901815891266,0.636898934841156,0.3104899227619171
YGL023C,YLR148W,0,2.7176983,0.17311282455921173,0.636898934841156,0.31059011816978455
YPR029C,YKR052C,0,2.717645,0.1730666607618332,0.636898934841156,0.310690313577652
YDR217C,YGR199W,0,2.717387,0.17302052676677704,0.636898934841156,0.3107905089855194
YLR032W,YDR317W,1,2.7171187,0.17324094474315643,0.637880265712738,0.3107905089855194
YIL122W,YDR016C,0,2.7161367,0.1731947809457779,0.637880265712738,0.31089070439338684
YFR031C-A,YAR009C,0,2.7155747,0.17314864695072174,0.637880265712738,0.3109908699989319
YNL273W,YJR034W,0,2.7155137,0.17310252785682678,0.637880265712738,0.3110910654067993
YMR158W,YLR388W,0,2.7154934,0.1730564385652542,0.637880265712738,0.31119126081466675
YDR234W,YPL087W,0,2.71538,0.17301037907600403,0.637880265712738,0.3112914562225342
YMR179W,YNR028W,0,2.7151396,0.17296434938907623,0.637880265712738,0.3113916516304016
YOR253W,YBR223C,0,2.7144997,0.17291833460330963,0.637880265712738,0.31149184703826904
YBL058W,YLL019C,0,2.7143776,0.17287233471870422,0.637880265712738,0.3115920126438141
YNL130C,YGR133W,0,2.7142313,0.1728263795375824,0.637880265712738,0.3116922080516815
YDR246W,YLR005W,0,2.7140293,0.17278043925762177,0.637880265712738,0.31179240345954895
YJL194W,YMR159C,0,2.71356,0.17273451387882233,0.637880265712738,0.3118925988674164
YNL037C,YBR162W-A,0,2.7131321,0.17268863320350647,0.637880265712738,0.3119927942752838
YLR298C,YJL191W,0,2.7127755,0.1726427674293518,0.637880265712738,0.31209298968315125
YPL138C,YDR389W,0,2.7127056,0.17259691655635834,0.637880265712738,0.3121931552886963
YGL030W,YKL095W,0,2.7126427,0.17255109548568726,0.637880265712738,0.3122933506965637
YOR297C,YIR005W,0,2.7124736,0.17250530421733856,0.637880265712738,0.31239354610443115
YPL069C,YOR059C,0,2.712196,0.17245954275131226,0.637880265712738,0.3124937415122986
YDL212W,YDR451C,0,2.7121866,0.17241379618644714,0.637880265712738,0.312593936920166
YJR035W,YGL090W,1,2.7120626,0.17263326048851013,0.6388616561889648,0.312593936920166
YNL082W,YHR099W,1,2.7117405,0.17285259068012238,0.6398429870605469,0.312593936920166
YOR351C,YKR095W,0,2.7117367,0.1728067845106125,0.6398429870605469,0.31269413232803345
YDR016C,YGL126W,0,2.7117355,0.1727609932422638,0.6398429870605469,0.3127942979335785
YNR060W,YGR103W,0,2.7117035,0.1727152317762375,0.6398429870605469,0.3128944933414459
YKR019C,YML097C,0,2.7115915,0.17266948521137238,0.6398429870605469,0.31299468874931335
YFL013C,YGR134W,0,2.7111623,0.17262376844882965,0.6398429870605469,0.3130948841571808
YML049C,YOR226C,0,2.7107556,0.17257808148860931,0.6398429870605469,0.3131950795650482
YDR020C,YGR012W,0,2.7107158,0.17253240942955017,0.6398429870605469,0.31329527497291565
YDR303C,YNL305C,0,2.710151,0.17248676717281342,0.6398429870605469,0.3133954405784607
YJR027W,YLR386W,0,2.7100174,0.17244115471839905,0.6398429870605469,0.3134956359863281
YLR056W,YLR376C,0,2.7093902,0.17239555716514587,0.6398429870605469,0.31359583139419556
YHL050C,YDR518W,0,2.7091029,0.1723499894142151,0.6398429870605469,0.313696026802063
YNL014W,YLR369W,0,2.7087657,0.1723044365644455,0.6398429870605469,0.3137962222099304
YOL086C,YDR513W,0,2.7083228,0.1722589135169983,0.6398429870605469,0.31389641761779785
YDR406W,YDL049C,0,2.7081077,0.17221342027187347,0.6398429870605469,0.3139965832233429
YLR213C,YFR040W,0,2.7076542,0.17216794192790985,0.6398429870605469,0.3140967786312103
YBL046W,YPL158C,0,2.7073936,0.17212249338626862,0.6398429870605469,0.31419697403907776
YPR065W,YNL047C,0,2.7068913,0.17207705974578857,0.6398429870605469,0.3142971694469452
YKL032C,YOR144C,1,2.7064025,0.17229551076889038,0.6408243179321289,0.3142971694469452
YER093C,YPR194C,0,2.706355,0.17225006222724915,0.6408243179321289,0.3143973648548126
YBL019W,YIL002C,0,2.7062342,0.1722046434879303,0.6408243179321289,0.31449753046035767
YOL095C,YLR058C,0,2.7046368,0.17215923964977264,0.6408243179321289,0.3145977258682251
YHR114W,YHL020C,0,2.7045958,0.17211386561393738,0.6408243179321289,0.31469792127609253
YGL105W,YOL113W,0,2.7045078,0.1720685064792633,0.6408243179321289,0.31479811668395996
YGR276C,YKR031C,0,2.7044525,0.17202317714691162,0.6408243179321289,0.3148983120918274
YKL203C,YJR123W,0,2.7043316,0.17197787761688232,0.6408243179321289,0.3149985074996948
YKL145W,YPL162C,0,2.7042787,0.17193259298801422,0.6408243179321289,0.31509867310523987
YCL048W,YPR134W,0,2.7041445,0.1718873381614685,0.6408243179321289,0.3151988685131073
YML118W,YLL029W,0,2.70385,0.17184209823608398,0.6408243179321289,0.31529906392097473
YML062C,YJL151C,0,2.7036316,0.17179688811302185,0.6408243179321289,0.31539925932884216
YPR204W,YLR223C,0,2.7035139,0.1717517077922821,0.6408243179321289,0.3154994547367096
YLR103C,YOL102C,0,2.7035074,0.17170654237270355,0.6408243179321289,0.315599650144577
YOR243C,YLR460C,0,2.7033074,0.1716614067554474,0.6408243179321289,0.31569981575012207
YDR409W,YLR227W-B,0,2.7020075,0.1716163009405136,0.6408243179321289,0.3158000111579895
YGL121C,YHR056C,0,2.7020009,0.17157121002674103,0.6408243179321289,0.31590020656585693
YOR311C,YDR302W,0,2.7019362,0.17152613401412964,0.6408243179321289,0.31600040197372437
YMR104C,YLR119W,0,2.701578,0.17148108780384064,0.6408243179321289,0.3161005973815918
YDR170C,YOR196C,0,2.701498,0.17143607139587402,0.6408243179321289,0.31620079278945923
YKR099W,YPL283C,0,2.7010474,0.1713910698890686,0.6408243179321289,0.3163009583950043
YOR193W,YDR019C,0,2.7006037,0.17134609818458557,0.6408243179321289,0.3164011538028717
YOR132W,YHR121W,0,2.7005577,0.17130115628242493,0.6408243179321289,0.31650134921073914
YPL236C,YLR275W,0,2.6996992,0.17125622928142548,0.6408243179321289,0.31660154461860657
YOL052C,YML052W,0,2.699498,0.1712113320827484,0.6408243179321289,0.316701740026474
YOR017W,YER065C,0,2.6993425,0.17116644978523254,0.6408243179321289,0.31680193543434143
YCR014C,YBR044C,0,2.6992524,0.17112159729003906,0.6408243179321289,0.3169021010398865
YEL063C,YKR034W,0,2.699065,0.17107675969600677,0.6408243179321289,0.3170022964477539
YMR164C,YJR131W,0,2.6985579,0.17103195190429688,0.6408243179321289,0.31710249185562134
YDR472W,YNL041C,0,2.6975954,0.17098717391490936,0.6408243179321289,0.31720268726348877
YER144C,YPR057W,0,2.697364,0.17094241082668304,0.6408243179321289,0.3173028826713562
YKL152C,YJR046W,0,2.6971943,0.1708976775407791,0.6408243179321289,0.31740307807922363
YCR014C,YEL056W,1,2.6969914,0.17111459374427795,0.6418057084083557,0.31740307807922363
YNL224C,YGR199W,0,2.6962721,0.17106984555721283,0.6418057084083557,0.3175032436847687
YOR380W,YPL213W,0,2.696246,0.1710250973701477,0.6418057084083557,0.3176034390926361
YBR302C,YGL203C,0,2.6958299,0.17098039388656616,0.6418057084083557,0.31770363450050354
YER093C,YGR287C,0,2.6956117,0.1709357053041458,0.6418057084083557,0.31780382990837097
YIL105C,YER183C,0,2.6949122,0.17089103162288666,0.6418057084083557,0.3179040253162384
YER015W,YDL135C,0,2.694694,0.1708463877439499,0.6418057084083557,0.31800422072410583
YLR150W,YIR032C,0,2.6941502,0.1708017736673355,0.6418057084083557,0.3181043863296509
YPR201W,YHL017W,0,2.6936874,0.17075717449188232,0.6418057084083557,0.3182045817375183
YBR282W,YOL076W,0,2.6936357,0.17071260511875153,0.6418057084083557,0.31830477714538574
YGR209C,YKL208W,0,2.693594,0.17066806554794312,0.6418057084083557,0.3184049725532532
YNL006W,YJL099W,0,2.693518,0.1706235259771347,0.6418057084083557,0.3185051679611206
YDR359C,YDR440W,1,2.6934292,0.17083986103534698,0.6427870392799377,0.3185051679611206
YGR007W,YER038C,0,2.693241,0.17079530656337738,0.6427870392799377,0.31860536336898804
YNL287W,YKR078W,0,2.6930504,0.17075078189373016,0.6427870392799377,0.3187055289745331
YDR026C,YDR530C,0,2.6924007,0.17070628702640533,0.6427870392799377,0.3188057243824005
YPL061W,YLR272C,0,2.6922796,0.1706618070602417,0.6427870392799377,0.31890591979026794
YOR144C,YDL246C,0,2.692178,0.17061734199523926,0.6427870392799377,0.3190061151981354
YER167W,YNL137C,0,2.6918514,0.1705729216337204,0.6427870392799377,0.3191063106060028
YGR120C,YGR038C-A,0,2.6907537,0.17052850127220154,0.6427870392799377,0.31920650601387024
YGL062W,YIR005W,0,2.6905978,0.17048412561416626,0.6427870392799377,0.3193066716194153
YDL227C,YJL204C,0,2.690519,0.17043976485729218,0.6427870392799377,0.3194068670272827
YJL196C,YPL248C,0,2.689569,0.17039541900157928,0.6427870392799377,0.31950706243515015
YKR064W,YGR128C,0,2.6894588,0.17035110294818878,0.6427870392799377,0.3196072578430176
YOR380W,YGL175C,0,2.6893787,0.17030681669712067,0.6427870392799377,0.319707453250885
YOL151W,YGR195W,0,2.6892064,0.17026254534721375,0.6427870392799377,0.31980764865875244
YHL025W,YDR073W,0,2.6887605,0.17021828889846802,0.6427870392799377,0.3199078142642975
YPL061W,YLR105C,0,2.6880867,0.17017407715320587,0.6427870392799377,0.3200080096721649
YOR035C,YPL233W,0,2.688051,0.17012986540794373,0.6427870392799377,0.32010820508003235
YGL116W,YLR325C,0,2.6878204,0.17008569836616516,0.6427870392799377,0.3202084004878998
YGL148W,YDR260C,0,2.6876404,0.1700415313243866,0.6427870392799377,0.3203085958957672
YJL181W,YER176W,0,2.6869886,0.1699974089860916,0.6427870392799377,0.32040879130363464
YLR007W,YMR308C,0,2.6869504,0.16995330154895782,0.6427870392799377,0.3205089569091797
YMR230W,YOR204W,0,2.6867826,0.16990920901298523,0.6427870392799377,0.3206091523170471
YJL154C,YGR089W,0,2.6860373,0.16986514627933502,0.6427870392799377,0.32070934772491455
YDL156W,YKL085W,0,2.6860356,0.169821098446846,0.6427870392799377,0.320809543132782
YNL180C,YJL134W,0,2.685999,0.16977708041667938,0.6427870392799377,0.3209097385406494
YNL245C,YBR115C,0,2.6856577,0.16973309218883514,0.6427870392799377,0.32100990414619446
YFR029W,YEL048C,0,2.685623,0.1696891188621521,0.6427870392799377,0.3211100995540619
YGL254W,YER014W,0,2.6852155,0.16964517533779144,0.6427870392799377,0.3212102949619293
YEL041W,YKL086W,0,2.685187,0.16960124671459198,0.6427870392799377,0.32131049036979675
YGR240C,YGL145W,0,2.6846921,0.1695573329925537,0.6427870392799377,0.3214106857776642
YDL083C,YCR026C,0,2.684666,0.16951346397399902,0.6427870392799377,0.3215108811855316
YGR056W,YIL139C,1,2.6838357,0.1697283238172531,0.6437684297561646,0.3215108811855316
YJR130C,YGL076C,0,2.6825535,0.16968442499637604,0.6437684297561646,0.32161104679107666
YGL212W,YGL243W,0,2.6824453,0.16964054107666016,0.6437684297561646,0.3217112421989441
YBR167C,YKL026C,0,2.6824205,0.16959668695926666,0.6437684297561646,0.3218114376068115
YNL175C,YAR027W,0,2.6812673,0.16955286264419556,0.6437684297561646,0.32191163301467896
YGL061C,YMR136W,0,2.6812198,0.16950903832912445,0.6437684297561646,0.3220118284225464
YIL075C,YLR022C,0,2.6811326,0.16946525871753693,0.6437684297561646,0.3221120238304138
YIR035C,YNL064C,0,2.6809208,0.1694214940071106,0.6437684297561646,0.32221218943595886
YDR262W,YER026C,0,2.680835,0.16937774419784546,0.6437684297561646,0.3223123848438263
YNL327W,YAL017W,0,2.6807163,0.1693340241909027,0.6437684297561646,0.3224125802516937
YGL133W,YGL167C,0,2.6806018,0.16929031908512115,0.6437684297561646,0.32251277565956116
YDR261C,YDR244W,0,2.6805735,0.169246643781662,0.6437684297561646,0.3226129710674286
YPL242C,YPL117C,0,2.6805274,0.1692029982805252,0.6437684297561646,0.322713166475296
YKL139W,YGL257C,0,2.680505,0.16915936768054962,0.6437684297561646,0.32281333208084106
YHR132C,YGL162W,0,2.6802619,0.16911575198173523,0.6437684297561646,0.3229135274887085
YER063W,YOL004W,0,2.6800444,0.16907216608524323,0.6437684297561646,0.3230137228965759
YGL076C,YML011C,0,2.6799428,0.16902859508991241,0.6437684297561646,0.32311391830444336
YOR273C,YAL047C,0,2.6798713,0.168985053896904,0.6437684297561646,0.3232141137123108
YML058W-A,YDR180W,1,2.679839,0.16919907927513123,0.6447497606277466,0.3232141137123108
YLR394W,YDR180W,1,2.679082,0.16941297054290771,0.6457310914993286,0.3232141137123108
YDL045W-A,YLR369W,0,2.6788797,0.16936936974525452,0.6457310914993286,0.3233143091201782
YLR305C,YDR515W,0,2.6783662,0.1693257838487625,0.6457310914993286,0.32341447472572327
YLR128W,YPL002C,0,2.6777854,0.1692822277545929,0.6457310914993286,0.3235146701335907
YDR030C,YDR399W,0,2.6775622,0.16923868656158447,0.6457310914993286,0.32361486554145813
YIL143C,YLR348C,0,2.6771786,0.16919516026973724,0.6457310914993286,0.32371506094932556
YIL156W,YHR205W,0,2.67678,0.1691516637802124,0.6457310914993286,0.323815256357193
YNL156C,YMR052W,0,2.6766503,0.16910819709300995,0.6457310914993286,0.3239154517650604
YDR371W,YPR080W,0,2.6764429,0.1690647453069687,0.6457310914993286,0.32401561737060547
YJR014W,YOR291W,0,2.6764026,0.16902132332324982,0.6457310914993286,0.3241158127784729
YKL157W,YGL107C,0,2.6760547,0.16897791624069214,0.6457310914993286,0.32421600818634033
YPR162C,YNR006W,0,2.673403,0.16893452405929565,0.6457310914993286,0.32431620359420776
YLR174W,YBR086C,0,2.6731415,0.16889117658138275,0.6457310914993286,0.3244163990020752
YNL327W,YKL148C,0,2.6730673,0.16884782910346985,0.6457310914993286,0.3245165944099426
YNL208W,YCL064C,0,2.6728356,0.16880451142787933,0.6457310914993286,0.32461676001548767
YCR014C,YER173W,1,2.672744,0.1690177023410797,0.6467124819755554,0.32461676001548767
YHR124W,YOR330C,0,2.6726093,0.1689743548631668,0.6467124819755554,0.3247169554233551
YML061C,YGR077C,0,2.672004,0.1689310371875763,0.6467124819755554,0.32481715083122253
YJR090C,YJR107W,0,2.6715367,0.16888774931430817,0.6467124819755554,0.32491734623908997
YER008C,YLR425W,0,2.6712499,0.16884447634220123,0.6467124819755554,0.3250175416469574
YGR090W,YPR200C,0,2.6711447,0.1688012331724167,0.6467124819755554,0.32511773705482483
YER146W,YPL065W,0,2.6707413,0.16875800490379333,0.6467124819755554,0.3252179026603699
YPR055W,YGL038C,0,2.6707075,0.16871479153633118,0.6467124819755554,0.3253180980682373
YNL267W,YNL020C,0,2.6706007,0.1686716079711914,0.6467124819755554,0.32541829347610474
YIL087C,YDR365W-A,0,2.6705525,0.16862845420837402,0.6467124819755554,0.32551848888397217
YER055C,YLR117C,0,2.6704786,0.16858531534671783,0.6467124819755554,0.3256186842918396
YOR048C,YGR023W,0,2.6701925,0.16854220628738403,0.6467124819755554,0.32571887969970703
YOR204W,YLR264W,0,2.669438,0.16849911212921143,0.6467124819755554,0.3258190453052521
YDL047W,YBR289W,1,2.6693718,0.16871166229248047,0.6476938128471375,0.3258190453052521
YHR122W,YHR188C,0,2.6692357,0.16866853833198547,0.6476938128471375,0.3259192407131195
YJR068W,YDR227W,1,2.6691947,0.16888093948364258,0.6486751437187195,0.3259192407131195
YER098W,YML001W,0,2.6691654,0.1688378006219864,0.6486751437187195,0.32601943612098694
YDR229W,YDL209C,0,2.6691496,0.1687946915626526,0.6486751437187195,0.32611963152885437
YBR274W,YPL276W,0,2.668543,0.16875159740447998,0.6486751437187195,0.3262198269367218
YHR077C,YPL180W,0,2.6682189,0.16870851814746857,0.6486751437187195,0.32632002234458923
YMR029C,YBR215W,0,2.6675858,0.16866546869277954,0.6486751437187195,0.3264201879501343
YGL062W,YPL007C,0,2.6675076,0.1686224490404129,0.6486751437187195,0.3265203833580017
YIL153W,YGR084C,0,2.6673717,0.16857944428920746,0.6486751437187195,0.32662057876586914
YGL244W,YCR083W,0,2.6671724,0.1685364544391632,0.6486751437187195,0.3267207741737366
YPL030W,YCR045C,0,2.6668665,0.16849349439144135,0.6486751437187195,0.326820969581604
YKR056W,YDR314C,1,2.666823,0.16870540380477905,0.6496565341949463,0.326820969581604
YBR173C,YLR071C,0,2.666818,0.1686624139547348,0.6496565341949463,0.32692116498947144
YER095W,YCR066W,1,2.6664126,0.16887417435646057,0.6506378650665283,0.32692116498947144
YFL061W,YDL117W,0,2.6658149,0.16883116960525513,0.6506378650665283,0.3270213305950165
YER104W,YBR127C,0,2.6656,0.16878819465637207,0.6506378650665283,0.3271215260028839
YMR226C,YNL076W,0,2.6655302,0.1687452346086502,0.6506378650665283,0.32722172141075134
YHR059W,YLR206W,0,2.66478,0.16870228946208954,0.6506378650665283,0.3273219168186188
YNR003C,YDR057W,0,2.6645083,0.16865937411785126,0.6506378650665283,0.3274221122264862
YIL147C,YOR358W,0,2.6642873,0.16861647367477417,0.6506378650665283,0.32752227783203125
YLR372W,YPL152W,0,2.664101,0.16857360303401947,0.6506378650665283,0.3276224732398987
YML064C,YIL134W,0,2.663987,0.16853076219558716,0.6506378650665283,0.3277226686477661
YFR030W,YOL136C,0,2.663655,0.16848793625831604,0.6506378650665283,0.32782286405563354
YGR271W,YCR035C,0,2.6633108,0.16844512522220612,0.6506378650665283,0.327923059463501
YOL013C,YDL031W,0,2.6631763,0.16840234398841858,0.6506378650665283,0.3280232548713684
YDR087C,YDL135C,0,2.6631267,0.16835957765579224,0.6506378650665283,0.32812342047691345
YHR107C,YMR182C,0,2.663102,0.1683168262243271,0.6506378650665283,0.3282236158847809
YDR259C,YNL284C-B,0,2.6628718,0.16827410459518433,0.6506378650665283,0.3283238112926483
YDR222W,YOR313C,0,2.6628468,0.16823141276836395,0.6506378650665283,0.32842400670051575
YLR007W,YDL028C,0,2.6626241,0.16818873584270477,0.6506378650665283,0.3285242021083832
YDR345C,YLR136C,0,2.6622517,0.16814608871936798,0.6506378650665283,0.3286243975162506
YPR204W,YDR110W,0,2.6620543,0.1681034415960312,0.6506378650665283,0.32872456312179565
YOR005C,YLR427W,1,2.6620312,0.16831432282924652,0.6516192555427551,0.32872456312179565
YLR055C,YLR118C,0,2.6618536,0.16827166080474854,0.6516192555427551,0.3288247585296631
YOR382W,YLL021W,0,2.6607308,0.16822902858257294,0.6516192555427551,0.3289249539375305
YOR133W,YPL248C,0,2.659745,0.16818642616271973,0.6516192555427551,0.32902514934539795
YLR413W,YAL024C,0,2.6596642,0.1681438386440277,0.6516192555427551,0.3291253447532654
YGR222W,YDR446W,0,2.659582,0.1681012660264969,0.6516192555427551,0.3292255401611328
YOR045W,YOR106W,0,2.6595724,0.16805872321128845,0.6516192555427551,0.32932570576667786
YMR167W,YIL154C,1,2.6594136,0.16826923191547394,0.6526005864143372,0.32932570576667786
YLR060W,YOR330C,0,2.6589992,0.16822665929794312,0.6526005864143372,0.3294259011745453
YJL035C,YGR134W,0,2.658958,0.16818411648273468,0.6526005864143372,0.3295260965824127
YNL330C,YKR008W,1,2.658808,0.16839443147182465,0.6535819172859192,0.3295260965824127
YDL103C,YCL010C,0,2.658721,0.16835187375545502,0.6535819172859192,0.32962629199028015
YKL073W,YLR324W,0,2.6584237,0.16830933094024658,0.6535819172859192,0.3297264873981476
YNL240C,YML052W,0,2.6578436,0.16826680302619934,0.6535819172859192,0.329826682806015
YDR027C,YAL005C,0,2.6575034,0.1682243049144745,0.6535819172859192,0.32992684841156006
YIL031W,YNL075W,0,2.6563215,0.16818182170391083,0.6535819172859192,0.3300270438194275
YAR066W,YAL024C,0,2.6562011,0.16813935339450836,0.6535819172859192,0.3301272392272949
YGR109W-B,YNL032W,0,2.6559803,0.16809691488742828,0.6535819172859192,0.33022743463516235
YHR188C,YGR252W,0,2.655586,0.1680545061826706,0.6535819172859192,0.3303276300430298
YGL259W,YPL150W,0,2.655543,0.1680121123790741,0.6535819172859192,0.3304278254508972
YOL165C,YDL171C,0,2.6553628,0.1679697334766388,0.6535819172859192,0.33052799105644226
YPR095C,YDR263C,0,2.6553223,0.16792738437652588,0.6535819172859192,0.3306281864643097
YBR201W,YOR239W,0,2.6552281,0.16788505017757416,0.6535819172859192,0.3307283818721771
YDR311W,YLR442C,1,2.6551895,0.16809475421905518,0.654563307762146,0.3307283818721771
YHR175W,YKL073W,0,2.6549647,0.16805240511894226,0.654563307762146,0.33082857728004456
YCR023C,YLR314C,0,2.6544867,0.16801007091999054,0.654563307762146,0.330928772687912
YBR191W,YMR189W,0,2.6544335,0.1679677665233612,0.654563307762146,0.3310289680957794
YER041W,YEL018W,1,2.6540706,0.16817724704742432,0.655544638633728,0.3310289680957794
YOR048C,YGL094C,0,2.6540132,0.1681349128484726,0.655544638633728,0.33112913370132446
YGL058W,YML001W,0,2.6526525,0.16809260845184326,0.655544638633728,0.3312293291091919
YHR164C,YDR224C,1,2.6514885,0.16830188035964966,0.6565260291099548,0.3312293291091919
YHR003C,YJL051W,0,2.6513994,0.16825956106185913,0.6565260291099548,0.3313295245170593
YBR281C,YGR268C,0,2.6513145,0.1682172417640686,0.6565260291099548,0.33142971992492676
YBR160W,YIL143C,1,2.6512492,0.16842634975910187,0.6575073599815369,0.33142971992492676
YMR313C,YNL027W,0,2.6508963,0.16838401556015015,0.6575073599815369,0.3315299153327942
YER022W,YKL069W,0,2.6503744,0.1683417111635208,0.6575073599815369,0.3316301107406616
YGR268C,YNL222W,0,2.6500626,0.16829942166805267,0.6575073599815369,0.33173027634620667
YGL160W,YNL323W,0,2.6497986,0.16825716197490692,0.6575073599815369,0.3318304717540741
YLR377C,YLL054C,0,2.649701,0.16821491718292236,0.6575073599815369,0.33193066716194153
YKL191W,YJL066C,0,2.649577,0.168172687292099,0.6575073599815369,0.33203086256980896
YGR165W,YJR120W,0,2.6494699,0.16813048720359802,0.6575073599815369,0.3321310579776764
YOR101W,YLR093C,0,2.6492245,0.16808830201625824,0.6575073599815369,0.3322312533855438
YOL004W,YLR321C,1,2.6491773,0.1682969629764557,0.6584886908531189,0.3322312533855438
YML123C,YBL038W,0,2.6490715,0.1682547628879547,0.6584886908531189,0.33233141899108887
YBR081C,YDR057W,0,2.648349,0.16821257770061493,0.6584886908531189,0.3324316143989563
YBR222C,YBR080C,0,2.6475887,0.16817042231559753,0.6584886908531189,0.33253180980682373
YOR204W,YPL008W,0,2.647414,0.16812828183174133,0.6584886908531189,0.33263200521469116
YHR072W-A,YCR093W,0,2.6470015,0.16808617115020752,0.6584886908531189,0.3327322006225586
YKL141W,YNL029C,0,2.6468995,0.1680440753698349,0.6584886908531189,0.332832396030426
YIR033W,YCL004W,0,2.6463292,0.16800200939178467,0.6584886908531189,0.33293256163597107
YOR307C,YNL064C,0,2.6457741,0.16795994341373444,0.6584886908531189,0.3330327570438385
YDR188W,YNL278W,0,2.645406,0.16791792213916779,0.6584886908531189,0.33313295245170593
YML055W,YIL022W,0,2.6448493,0.16787590086460114,0.6584886908531189,0.33323314785957336
YDR373W,YLR089C,0,2.6447113,0.16783392429351807,0.6584886908531189,0.3333333432674408
YNL024C,YKL203C,0,2.64439,0.167791947722435,0.6584886908531189,0.33343350887298584
YPR133C,YGL068W,0,2.6441991,0.16775000095367432,0.6584886908531189,0.33353370428085327
YCR036W,YBL056W,0,2.64402,0.16770806908607483,0.6584886908531189,0.3336338996887207
YPR167C,YML101C,0,2.6432297,0.16766616702079773,0.6584886908531189,0.33373409509658813
YEL018W,YPL084W,0,2.643002,0.16762427985668182,0.6584886908531189,0.33383429050445557
YGL061C,YBL112C,0,2.6429982,0.1675824224948883,0.6584886908531189,0.333934485912323
YIL132C,YGR161C-C,0,2.6428785,0.16754058003425598,0.6584886908531189,0.33403465151786804
YOR243C,YKL206C,0,2.6428738,0.16749875247478485,0.6584886908531189,0.3341348469257355
YLL066C,YKR036C,0,2.642403,0.1674569547176361,0.6584886908531189,0.3342350423336029
YGR206W,YDR205W,0,2.64141,0.16741517186164856,0.6584886908531189,0.33433523774147034
YMR039C,YMR230W,0,2.6410625,0.1673734039068222,0.6584886908531189,0.33443543314933777
YEL051W,YDR405W,0,2.640748,0.16733166575431824,0.6584886908531189,0.3345356285572052
YLR295C,YGR078C,0,2.64024,0.16728995740413666,0.6584886908531189,0.33463579416275024
YMR274C,YLR288C,0,2.6401436,0.16724824905395508,0.6584886908531189,0.3347359895706177
YDL230W,YPR204W,0,2.6400769,0.16720658540725708,0.6584886908531189,0.3348361849784851
YPL022W,YGL058W,1,2.6396387,0.16741405427455902,0.6594700813293457,0.3348361849784851
YJR021C,YER176W,0,2.639468,0.16737236082553864,0.6594700813293457,0.33493638038635254
YNL246W,YCR066W,1,2.6394558,0.16757968068122864,0.6604514122009277,0.33493638038635254
YKL157W,YCL074W,0,2.639366,0.16753795742988586,0.6604514122009277,0.33503657579421997
YNL021W,YKL145W,0,2.639208,0.16749626398086548,0.6604514122009277,0.3351367712020874
YDR072C,YNL318C,0,2.6391237,0.1674545854330063,0.6604514122009277,0.33523693680763245
YLR315W,YGL240W,0,2.6389394,0.16741293668746948,0.6604514122009277,0.3353371322154999
YPR006C,YKL048C,0,2.6386368,0.16737130284309387,0.6604514122009277,0.3354373276233673
YJL127C,YDR381W,1,2.638581,0.16757832467556,0.6614328026771545,0.3354373276233673
YLR213C,YGR085C,0,2.6382365,0.167536661028862,0.6614328026771545,0.33553752303123474
YOR110W,YHL009C,0,2.6381223,0.1674950271844864,0.6614328026771545,0.3356377184391022
YDL154W,YER019W,0,2.6378756,0.16745342314243317,0.6614328026771545,0.3357379138469696
YJR112W,YJR004C,0,2.6378398,0.16741181910037994,0.6614328026771545,0.33583807945251465
YLR342W,YDL058W,0,2.6377618,0.1673702448606491,0.6614328026771545,0.3359382748603821
YER095W,YGL090W,1,2.6372907,0.16757696866989136,0.6624141335487366,0.3359382748603821
YDR016C,YFR027W,0,2.6369832,0.16753536462783813,0.6624141335487366,0.3360384702682495
YDR323C,YOR327C,0,2.6369812,0.1674937903881073,0.6624141335487366,0.33613866567611694
YGR163W,YLR193C,0,2.63637,0.16745224595069885,0.6624141335487366,0.3362388610839844
YGR113W,YCR045C,0,2.6361458,0.1674107164144516,0.6624141335487366,0.3363390564918518
YFR037C,YBR087W,1,2.6361248,0.16761715710163116,0.6633954644203186,0.3363390564918518
YNL336W,YAL033W,0,2.6345584,0.16757561266422272,0.6633954644203186,0.33643922209739685
YGR285C,YGR010W,0,2.6344333,0.16753408312797546,0.6633954644203186,0.3365394175052643
YJR101W,YPR079W,0,2.6338408,0.1674925684928894,0.6633954644203186,0.3366396129131317
YJR082C,YIL148W,1,2.6338184,0.16769878566265106,0.6643768548965454,0.3366396129131317
YGR038C-B,YMR175W,0,2.6336875,0.1676572561264038,0.6643768548965454,0.33673980832099915
YGL058W,YIL139C,1,2.6326823,0.16786333918571472,0.6653581857681274,0.33673980832099915
YLR342W,YNL263C,0,2.6326377,0.16782177984714508,0.6653581857681274,0.3368400037288666
YHR115C,YNL147W,0,2.6326306,0.16778025031089783,0.6653581857681274,0.336940199136734
YOL068C,YKL201C,0,2.6325252,0.16773875057697296,0.6653581857681274,0.33704036474227905
YBL066C,YDR258C,0,2.632464,0.1676972508430481,0.6653581857681274,0.3371405601501465
YKL112W,YDR260C,0,2.6323378,0.16765578091144562,0.6653581857681274,0.3372407555580139
YHR014W,YOR298C-A,0,2.6322958,0.16761434078216553,0.6653581857681274,0.33734095096588135
YPL253C,YGL011C,0,2.631675,0.16757291555404663,0.6653581857681274,0.3374411463737488
YML030W,YOL028C,0,2.6315935,0.16753150522708893,0.6653581857681274,0.3375413417816162
YDR480W,YMR113W,0,2.63149,0.1674901247024536,0.6653581857681274,0.33764150738716125
YDR260C,YFR051C,0,2.6314666,0.1674487590789795,0.6653581857681274,0.3377417027950287
YCL051W,YER013W,0,2.631458,0.16740740835666656,0.6653581857681274,0.3378418982028961
YKR010C,YEL043W,0,2.631016,0.16736608743667603,0.6653581857681274,0.33794209361076355
YDL165W,YDR490C,0,2.6305792,0.16732478141784668,0.6653581857681274,0.338042289018631
YGL067W,YBR177C,0,2.630122,0.16728349030017853,0.6653581857681274,0.3381424844264984
YLR431C,YDR079W,0,2.6298451,0.16724222898483276,0.6653581857681274,0.33824265003204346
YBL036C,YMR269W,0,2.6290867,0.1672009825706482,0.6653581857681274,0.3383428454399109
YOR261C,YDR346C,0,2.6284838,0.167159765958786,0.6653581857681274,0.3384430408477783
YLR284C,YGL254W,0,2.6279604,0.16711856424808502,0.6653581857681274,0.33854323625564575
YMR273C,YNR039C,0,2.6278818,0.16707737743854523,0.6653581857681274,0.3386434316635132
YIL162W,YFR034C,0,2.6275847,0.16703622043132782,0.6653581857681274,0.3387436270713806
YDL154W,YLR350W,0,2.6267972,0.1669950783252716,0.6653581857681274,0.33884379267692566
YFL002W-B,YJL184W,0,2.6267917,0.1669539511203766,0.6653581857681274,0.3389439880847931
YNL259C,YHL015W,0,2.626597,0.16691285371780396,0.6653581857681274,0.3390441834926605
YIL063C,YBR038W,0,2.6261585,0.16687177121639252,0.6653581857681274,0.33914437890052795
YMR143W,YGL208W,0,2.625312,0.16683070361614227,0.6653581857681274,0.3392445743083954
YNR037C,YKL069W,0,2.6250067,0.16678966581821442,0.6653581857681274,0.3393447697162628
YIL094C,YJL203W,0,2.62499,0.16674864292144775,0.6653581857681274,0.33944493532180786
YCR012W,YDR034C,0,2.6249568,0.16670764982700348,0.6653581857681274,0.3395451307296753
YKR086W,YLR185W,0,2.6245906,0.1666666716337204,0.6653581857681274,0.3396453261375427
YNL262W,YOL086C,0,2.6233706,0.1666257083415985,0.6653581857681274,0.33974552154541016
YBL100W-A,YIL053W,0,2.6232412,0.16658475995063782,0.6653581857681274,0.3398457169532776
YBR039W,YOL026C,0,2.6229012,0.1665438413619995,0.6653581857681274,0.33994588255882263
YHR107C,YJL159W,0,2.6220772,0.1665029525756836,0.6653581857681274,0.34004607796669006
YLR285W,YDR415C,0,2.6220748,0.16646206378936768,0.6653581857681274,0.3401462733745575
YGL005C,YKL064W,0,2.621821,0.16642120480537415,0.6653581857681274,0.3402464687824249
YKL045W,YPL235W,1,2.6214166,0.1666257679462433,0.6663395762443542,0.3402464687824249
YGL150C,YLR135W,1,2.6209326,0.16683022677898407,0.6673209071159363,0.3402464687824249
YGL172W,YGR211W,0,2.6207278,0.16678930819034576,0.6673209071159363,0.34034666419029236
YML098W,YNL118C,0,2.6203408,0.16674840450286865,0.6673209071159363,0.3404468595981598
YKR066C,YLR307W,0,2.6202466,0.16670753061771393,0.6673209071159363,0.34054702520370483
YDR092W,YHL034C,0,2.6193597,0.1666666716337204,0.6673209071159363,0.34064722061157227
YDR377W,YLR263W,0,2.6179945,0.16662582755088806,0.6673209071159363,0.3407474160194397
YPR111W,YHR030C,0,2.617868,0.1665850132703781,0.6673209071159363,0.34084761142730713
YBR162W-A,YNL035C,0,2.61758,0.16654421389102936,0.6673209071159363,0.34094780683517456
YGL002W,YDR372C,0,2.6174815,0.1665034294128418,0.6673209071159363,0.341048002243042
YML071C,YHR158C,0,2.6167986,0.16646267473697662,0.6673209071159363,0.34114816784858704
YHR109W,YLR004C,0,2.6160595,0.16642193496227264,0.6673209071159363,0.34124836325645447
YKL055C,YPL088W,0,2.615699,0.16638121008872986,0.6673209071159363,0.3413485586643219
YPR086W,YJL212C,0,2.6147916,0.16634051501750946,0.6673209071159363,0.34144875407218933
YMR034C,YHR166C,0,2.6137602,0.16629983484745026,0.6673209071159363,0.34154894948005676
YKR089C,YGR178C,0,2.6136374,0.16625916957855225,0.6673209071159363,0.3416491448879242
YDR243C,YAR031W,0,2.6132538,0.16621853411197662,0.6673209071159363,0.34174931049346924
YEL056W,YIL139C,1,2.613191,0.1664222925901413,0.6683022379875183,0.34174931049346924
YOR205C,YHR216W,0,2.613108,0.1663816273212433,0.6683022379875183,0.34184950590133667
YPR137C-A,YGR020C,0,2.6129158,0.16634099185466766,0.6683022379875183,0.3419497013092041
YGL121C,YMR052W,0,2.6125925,0.16630037128925323,0.6683022379875183,0.34204989671707153
YLR260W,YBR173C,0,2.612107,0.166259765625,0.6683022379875183,0.34215009212493896
YBR070C,YDR451C,0,2.6116147,0.16621918976306915,0.6683022379875183,0.3422502875328064
YDR288W,YHR081W,1,2.6115534,0.16642265021800995,0.6692836284637451,0.3422502875328064
YPL228W,YLR367W,0,2.6110542,0.1663820445537567,0.6692836284637451,0.34235045313835144
YNR031C,YFL017W-A,0,2.6109028,0.16634146869182587,0.6692836284637451,0.34245064854621887
YGR046W,YHR034C,0,2.6104648,0.1663009077310562,0.6692836284637451,0.3425508439540863
YPR083W,YBR234C,0,2.6101274,0.16626036167144775,0.6692836284637451,0.34265103936195374
YAL048C,YPR196W,0,2.6099596,0.16621984541416168,0.6692836284637451,0.34275123476982117
YOR159C,YMR280C,0,2.6098995,0.1661793440580368,0.6692836284637451,0.3428514301776886
YNL006W,YNR032C-A,0,2.6098354,0.16613885760307312,0.6692836284637451,0.34295159578323364
YBR109C,YGL216W,0,2.6095855,0.16609838604927063,0.6692836284637451,0.3430517911911011
YPL171C,YML111W,0,2.6095278,0.16605794429779053,0.6692836284637451,0.3431519865989685
YIL094C,YGL153W,0,2.6092856,0.1660175323486328,0.6692836284637451,0.34325218200683594
YML114C,YLR081W,0,2.6092618,0.1659771203994751,0.6692836284637451,0.34335237741470337
YBR258C,YLL006W,0,2.6089656,0.16593673825263977,0.6692836284637451,0.3434525728225708
YBL034C,YAL033W,0,2.6086996,0.16589637100696564,0.6692836284637451,0.34355273842811584
YOR068C,YLR408C,0,2.6081455,0.1658560335636139,0.6692836284637451,0.3436529338359833
YPL076W,YAL060W,0,2.6076775,0.16581571102142334,0.6692836284637451,0.3437531292438507
YHR119W,YHR111W,0,2.60761,0.16577540338039398,0.6692836284637451,0.34385332465171814
YKR020W,YDL047W,0,2.6072204,0.16573511064052582,0.6692836284637451,0.34395352005958557
YFR037C,YKL017C,1,2.6071532,0.16593781113624573,0.6702649593353271,0.34395352005958557
YMR271C,YKR088C,0,2.606357,0.16589750349521637,0.6702649593353271,0.344053715467453
YBR167C,YAL009W,0,2.6056707,0.1658572107553482,0.6702649593353271,0.34415388107299805
YNL107W,YJR052W,1,2.6056073,0.1660597175359726,0.6712462902069092,0.34415388107299805
YDR168W,YHR150W,0,2.6035867,0.16601942479610443,0.6712462902069092,0.3442540764808655
YML092C,YIL047C,0,2.603307,0.16597913205623627,0.6712462902069092,0.3443542718887329
YKR027W,YJR021C,0,2.6027198,0.1659388691186905,0.6712462902069092,0.34445446729660034
YKL065C,YLL043W,0,2.6024964,0.1658986210823059,0.6712462902069092,0.3445546627044678
YJL069C,YNL245C,0,2.6020806,0.16585838794708252,0.6712462902069092,0.3446548581123352
YDR292C,YOR383C,0,2.601947,0.16581818461418152,0.6712462902069092,0.34475502371788025
YOR304W,YJL183W,0,2.6014373,0.1657779961824417,0.6712462902069092,0.3448552191257477
YGL085W,YMR083W,0,2.601223,0.1657378226518631,0.6712462902069092,0.3449554145336151
YBR199W,YBR029C,0,2.601194,0.16569767892360687,0.6712462902069092,0.34505560994148254
YLR077W,YBR038W,0,2.6008928,0.16565755009651184,0.6712462902069092,0.34515580534935
YGL172W,YLR344W,0,2.6005888,0.165617436170578,0.6712462902069092,0.3452560007572174
YBL041W,YPR204W,0,2.6003704,0.16557733714580536,0.6712462902069092,0.34535616636276245
YJR112W,YDL076C,0,2.600341,0.1655372679233551,0.6712462902069092,0.3454563617706299
YNL127W,YOL004W,0,2.5996673,0.16549721360206604,0.6712462902069092,0.3455565571784973
YDL245C,YNL025C,0,2.599367,0.16545718908309937,0.6712462902069092,0.34565675258636475
YDR243C,YGR055W,0,2.5991588,0.1654171645641327,0.6712462902069092,0.3457569479942322
YOL061W,YFL017W-A,0,2.5991166,0.1653771698474884,0.6712462902069092,0.3458571434020996
YHL017W,YKR064W,0,2.5986264,0.1653372049331665,0.6712462902069092,0.34595730900764465
YNL272C,YPR134W,0,2.598614,0.1652972400188446,0.6712462902069092,0.3460575044155121
YPL046C,YML095C,1,2.597702,0.16549891233444214,0.672227680683136,0.3460575044155121
YJL082W,YJL001W,0,2.5970576,0.16545893251895905,0.672227680683136,0.3461576998233795
YJL115W,YDL128W,0,2.596709,0.16541898250579834,0.672227680683136,0.34625789523124695
YPR020W,YBL004W,0,2.5965512,0.16537904739379883,0.672227680683136,0.3463580906391144
YDR217C,YDL197C,0,2.596492,0.1653391271829605,0.672227680683136,0.3464582562446594
YGR161W-A,YNL315C,0,2.596018,0.1652992218732834,0.672227680683136,0.34655845165252686
YAL031C,YDL149W,0,2.595692,0.16525934636592865,0.672227680683136,0.3466586470603943
YLR138W,YGR099W,0,2.5955133,0.1652194857597351,0.672227680683136,0.3467588424682617
YHR178W,YLR153C,0,2.5950253,0.16517965495586395,0.672227680683136,0.34685903787612915
YGR052W,YOR035C,0,2.5949056,0.1651398241519928,0.672227680683136,0.3469592332839966
YPL176C,YBL089W,0,2.5948455,0.16510002315044403,0.672227680683136,0.3470593988895416
YPL273W,YDR308C,0,2.594831,0.16506023705005646,0.672227680683136,0.34715959429740906
YDR349C,YGR246C,0,2.594703,0.16502048075199127,0.672227680683136,0.3472597897052765
YHR157W,YLR042C,0,2.594162,0.16498073935508728,0.672227680683136,0.3473599851131439
YOR210W,YOL088C,0,2.5939438,0.16494101285934448,0.672227680683136,0.34746018052101135
YGR057C,YDR002W,0,2.593892,0.16490130126476288,0.672227680683136,0.3475603759288788
YDL122W,YLR061W,0,2.5935712,0.16486161947250366,0.672227680683136,0.34766054153442383
YGL112C,YBR103W,0,2.5935633,0.16482193768024445,0.672227680683136,0.34776073694229126
YCL054W,YOL088C,0,2.5932581,0.1647823005914688,0.672227680683136,0.3478609323501587
YDR082W,YHL001W,0,2.5927846,0.16474266350269318,0.672227680683136,0.3479611277580261
YBR008C,YLR315W,0,2.5927126,0.16470305621623993,0.672227680683136,0.34806132316589355
YFR030W,YGR239C,0,2.592696,0.16466346383094788,0.672227680683136,0.348161518573761
YFL016C,YMR190C,0,2.5925736,0.16462388634681702,0.672227680683136,0.34826168417930603
YLR042C,YBR301W,0,2.5925703,0.16458433866500854,0.672227680683136,0.34836187958717346
YHR175W,YGR152C,0,2.5919785,0.16454480588436127,0.672227680683136,0.3484620749950409
YPR183W,YLR033W,0,2.5917408,0.16450528800487518,0.672227680683136,0.3485622704029083
YNR010W,YKL039W,0,2.591243,0.1644657850265503,0.672227680683136,0.34866246581077576
YBL027W,YAL002W,0,2.591152,0.1644263118505478,0.672227680683136,0.3487626612186432
YDR030C,YMR224C,1,2.5907423,0.1646268367767334,0.673209011554718,0.3487626612186432
YHR006W,YDR384C,0,2.590697,0.1645873337984085,0.673209011554718,0.34886282682418823
YAL026C,YDL102W,0,2.5906427,0.164547860622406,0.673209011554718,0.34896302223205566
YIR021W,YBR221C,0,2.5904086,0.1645083874464035,0.673209011554718,0.3490632176399231
YNL003C,YBR015C,0,2.5902998,0.16446895897388458,0.673209011554718,0.3491634130477905
YGR247W,YKL196C,0,2.5896842,0.16442953050136566,0.673209011554718,0.34926360845565796
YDR108W,YDR261C-C,0,2.5895727,0.16439013183116913,0.673209011554718,0.3493638038635254
YDR164C,YGL153W,0,2.5891302,0.1643507480621338,0.673209011554718,0.34946396946907043
YDR108W,YDR471W,0,2.5891087,0.16431137919425964,0.673209011554718,0.34956416487693787
YLR116W,YAR002C-A,0,2.5890381,0.1642720252275467,0.673209011554718,0.3496643602848053
YPR046W,YOL113W,0,2.5889769,0.16423270106315613,0.673209011554718,0.34976455569267273
YFL002W-B,YBR258C,0,2.5888789,0.16419339179992676,0.673209011554718,0.34986475110054016
YOR048C,YOR156C,0,2.5885394,0.16415409743785858,0.673209011554718,0.3499649465084076
YAL026C,YIL118W,0,2.5884082,0.1641148328781128,0.673209011554718,0.35006511211395264
YGR078C,YHL020C,0,2.5883954,0.1640755832195282,0.673209011554718,0.35016530752182007
YKL206C,YOL122C,0,2.588281,0.1640363484621048,0.673209011554718,0.3502655029296875
YNL329C,YDR148C,0,2.5879385,0.1639971286058426,0.673209011554718,0.35036569833755493
YBR129C,YDR352W,0,2.5877888,0.16395793855190277,0.673209011554718,0.35046589374542236
YOR147W,YLR251W,0,2.5877066,0.16391876339912415,0.673209011554718,0.3505660891532898
YER139C,YIL130W,0,2.5873272,0.1638796031475067,0.673209011554718,0.35066625475883484
YKL033W,YJR046W,0,2.5872607,0.16384045779705048,0.673209011554718,0.35076645016670227
YOR132W,YBR080C,0,2.5865555,0.16380134224891663,0.673209011554718,0.3508666455745697
YLL061W,YML097C,0,2.5863667,0.16376224160194397,0.673209011554718,0.35096684098243713
YNR071C,YHL035C,0,2.5861537,0.1637231558561325,0.673209011554718,0.35106703639030457
YPL208W,YDL078C,0,2.5860486,0.16368408501148224,0.673209011554718,0.351167231798172
YLR289W,YOL034W,0,2.5858881,0.16364504396915436,0.673209011554718,0.35126739740371704
YOR359W,YBR276C,0,2.5853093,0.16360600292682648,0.673209011554718,0.3513675928115845
YGL150C,YDL105W,1,2.584947,0.16380544006824493,0.6741904020309448,0.3513675928115845
YHR157W,YOR204W,0,2.5847528,0.16376638412475586,0.6741904020309448,0.3514677882194519
YHR183W,YLR181C,0,2.5845344,0.16372735798358917,0.6741904020309448,0.35156798362731934
YOR339C,YBL035C,0,2.5839875,0.16368834674358368,0.6741904020309448,0.35166817903518677
YMR284W,YPR052C,1,2.583513,0.16388756036758423,0.6751717329025269,0.35166817903518677
YMR044W,YOR327C,0,2.583512,0.16384853422641754,0.6751717329025269,0.3517683744430542
YMR104C,YDL211C,0,2.5833623,0.16380952298641205,0.6751717329025269,0.35186854004859924
YML102W,YLR427W,1,2.582446,0.16400857269763947,0.6761530637741089,0.35186854004859924
YIL159W,YNR049C,0,2.5822647,0.16396953165531158,0.6761530637741089,0.3519687354564667
YJR006W,YOR217W,1,2.5822194,0.16416844725608826,0.6771344542503357,0.3519687354564667
YDR059C,YJR026W,0,2.5813441,0.16412940621376038,0.6771344542503357,0.3520689308643341
YLR191W,YDL174C,0,2.5813365,0.1640903651714325,0.6771344542503357,0.35216912627220154
YLR128W,YOR141C,0,2.5812228,0.164051353931427,0.6771344542503357,0.35226932168006897
YDL100C,YJL081C,0,2.5810661,0.1640123575925827,0.6771344542503357,0.352369487285614
YDR212W,YER101C,0,2.5810218,0.1639733910560608,0.6771344542503357,0.35246968269348145
YGR198W,YIL040W,0,2.5808728,0.16393442451953888,0.6771344542503357,0.3525698781013489
YMR315W,YER175C,0,2.5807307,0.16389548778533936,0.6771344542503357,0.3526700735092163
YEL036C,YHR016C,0,2.5804207,0.16385656595230103,0.6771344542503357,0.35277026891708374
YDR373W,YGL067W,0,2.5803988,0.1638176590204239,0.6771344542503357,0.35287046432495117
YCR038C,YOR158W,0,2.5799239,0.16377878189086914,0.6771344542503357,0.3529706299304962
YNL202W,YDR045C,0,2.5797899,0.16373991966247559,0.6771344542503357,0.35307082533836365
YMR063W,YCR073C,0,2.5790923,0.16370107233524323,0.6771344542503357,0.3531710207462311
YMR162C,YOR190W,0,2.579063,0.16366223990917206,0.6771344542503357,0.3532712161540985
YHR047C,YOR187W,0,2.5789888,0.16362342238426208,0.6771344542503357,0.35337141156196594
YKL193C,YML062C,0,2.5788944,0.1635846346616745,0.6771344542503357,0.3534716069698334
YPR158C-C,YKL069W,0,2.578563,0.1635458618402481,0.6771344542503357,0.3535717725753784
YHR114W,YDR092W,0,2.5784433,0.1635071039199829,0.6771344542503357,0.35367196798324585
YAR042W,YDL025C,0,2.5781946,0.1634683758020401,0.6771344542503357,0.3537721633911133
YLR066W,YDR007W,0,2.5778651,0.1634296476840973,0.6771344542503357,0.3538723587989807
YNL290W,YIL148W,1,2.5773618,0.1636277586221695,0.6781157851219177,0.3538723587989807
YDR280W,YKL149C,0,2.577247,0.1635890156030655,0.6781157851219177,0.35397255420684814
YLR353W,YFL011W,0,2.577205,0.16355030238628387,0.6781157851219177,0.3540727496147156
YKL013C,YBR072W,0,2.5767379,0.16351158916950226,0.6781157851219177,0.3541729152202606
YBR056W,YNL147W,0,2.576602,0.16347290575504303,0.6781157851219177,0.35427311062812805
YGR214W,YGL058W,0,2.576421,0.1634342521429062,0.6781157851219177,0.3543733060359955
YER054C,YNL298W,0,2.5762682,0.16339559853076935,0.6781157851219177,0.3544735014438629
YGR087C,YBR149W,0,2.575534,0.1633569747209549,0.6781157851219177,0.35457369685173035
YER065C,YLR292C,0,2.5754645,0.16331836581230164,0.6781157851219177,0.3546738922595978
YNR032W,YKL222C,0,2.5754082,0.16327977180480957,0.6781157851219177,0.3547740578651428
YLR151C,YER026C,0,2.5752754,0.1632411926984787,0.6781157851219177,0.35487425327301025
YOR371C,YPL179W,0,2.5751765,0.16320264339447021,0.6781157851219177,0.3549744486808777
YJR006W,YER166W,0,2.5747762,0.16316410899162292,0.6781157851219177,0.3550746440887451
YCR089W,YIL014W,0,2.574743,0.16312558948993683,0.6781157851219177,0.35517483949661255
YKL209C,YEL004W,0,2.5746148,0.16308708488941193,0.6781157851219177,0.35527503490448
YPR068C,YDR410C,0,2.5743887,0.1630486100912094,0.6781157851219177,0.355375200510025
YGL207W,YOR005C,1,2.5741866,0.1632460504770279,0.6790971755981445,0.355375200510025
YDR190C,YDR407C,0,2.5734692,0.163207545876503,0.6790971755981445,0.35547539591789246
YLR007W,YMR173W,1,2.573446,0.16340485215187073,0.6800785064697266,0.35547539591789246
YMR039C,YDR194C,0,2.5732949,0.16336633265018463,0.6800785064697266,0.3555755913257599
YDR309C,YPR159W,0,2.5724247,0.16332782804965973,0.6800785064697266,0.3556757867336273
YBR272C,YFL003C,1,2.5722523,0.16352497041225433,0.6810598373413086,0.3556757867336273
YER123W,YDR528W,0,2.5722075,0.16348645091056824,0.6810598373413086,0.35577598214149475
YJR161C,YPL115C,0,2.5720685,0.16344794631004333,0.6810598373413086,0.3558761775493622
YHL009W-A,YLL014W,0,2.5717742,0.16340947151184082,0.6810598373413086,0.3559763431549072
YCR014C,YDR138W,1,2.5715878,0.1636064052581787,0.6820412278175354,0.3559763431549072
YCR014C,YPR011C,0,2.5713794,0.1635679006576538,0.6820412278175354,0.35607653856277466
YBR279W,YLR116W,0,2.5710704,0.1635294109582901,0.6820412278175354,0.3561767339706421
YDR167W,YJR123W,0,2.5709672,0.16349093616008759,0.6820412278175354,0.3562769293785095
YJR102C,YDL093W,0,2.5708447,0.16345249116420746,0.6820412278175354,0.35637712478637695
YNL330C,YLR035C,1,2.5699801,0.16364918649196625,0.6830225586891174,0.35637712478637695
YDL046W,YDR446W,0,2.569743,0.16361072659492493,0.6830225586891174,0.3564773201942444
YKL176C,YJR083C,0,2.5693285,0.1635722666978836,0.6830225586891174,0.35657748579978943
YPL164C,YDR381W,1,2.5691876,0.16376879811286926,0.6840039491653442,0.35657748579978943
YJL081C,YIL128W,1,2.5691345,0.16396524012088776,0.6849852800369263,0.35657748579978943
YER017C,YPL212C,0,2.568978,0.16392672061920166,0.6849852800369263,0.35667768120765686
YGL065C,YPL242C,0,2.5688694,0.16388823091983795,0.6849852800369263,0.3567778766155243
YNR063W,YHR169W,0,2.568735,0.16384977102279663,0.6849852800369263,0.3568780720233917
YJL225C,YDL078C,0,2.5681283,0.1638113111257553,0.6849852800369263,0.35697826743125916
YNL218W,YDR499W,1,2.568116,0.1640075147151947,0.6859666109085083,0.35697826743125916
YDR338C,YOR222W,0,2.5679224,0.1639690399169922,0.6859666109085083,0.3570784628391266
YLR006C,YDR365C,0,2.5677555,0.16393058001995087,0.6859666109085083,0.35717862844467163
YDR262W,YHR158C,0,2.567401,0.16389214992523193,0.6859666109085083,0.35727882385253906
YEL077C,YNL099C,0,2.5673234,0.163853719830513,0.6859666109085083,0.3573790192604065
YHL035C,YMR301C,0,2.566887,0.16381531953811646,0.6859666109085083,0.3574792146682739
YKL032C,YDR314C,1,2.5668788,0.16401124000549316,0.6869480013847351,0.3574792146682739
YNL290W,YGR222W,0,2.566797,0.16397282481193542,0.6869480013847351,0.35757941007614136
YLL029W,YBR102C,0,2.5667522,0.16393442451953888,0.6869480013847351,0.3576796054840088
YLR342W,YER117W,0,2.5661302,0.16389603912830353,0.6869480013847351,0.35777977108955383
YHR175W,YLR272C,0,2.5658708,0.16385768353939056,0.6869480013847351,0.35787996649742126
YPL117C,YNL318C,0,2.5656896,0.1638193279504776,0.6869480013847351,0.3579801619052887
YLR227W-B,YFL008W,0,2.565685,0.16378100216388702,0.6869480013847351,0.35808035731315613
YAL033W,YHR026W,0,2.565458,0.16374269127845764,0.6869480013847351,0.35818055272102356
YCR014C,YPR024W,0,2.56518,0.16370439529418945,0.6869480013847351,0.358280748128891
YDR485C,YKR095W,0,2.5648396,0.16366611421108246,0.6869480013847351,0.35838091373443604
YGR129W,YKR075C,0,2.5647585,0.16362786293029785,0.6869480013847351,0.35848110914230347
YBR054W,YPR113W,0,2.5646145,0.16358962655067444,0.6869480013847351,0.3585813045501709
YNL047C,YMR273C,0,2.5642078,0.16355140507221222,0.6869480013847351,0.35868149995803833
YKL090W,YKL027W,0,2.5641801,0.1635131984949112,0.6869480013847351,0.35878169536590576
YBR167C,YKL209C,0,2.5632288,0.16347500681877136,0.6869480013847351,0.3588818609714508
YIR033W,YNL153C,0,2.5628283,0.16343684494495392,0.6869480013847351,0.35898205637931824
YJR032W,YGL054C,0,2.5625293,0.16339869797229767,0.6869480013847351,0.35908225178718567
YAL022C,YNL008C,0,2.5622613,0.1633605659008026,0.6869480013847351,0.3591824471950531
YOR081C,YOR094W,0,2.5621889,0.16332244873046875,0.6869480013847351,0.35928264260292053
YBR272C,YJR133W,0,2.562053,0.16328434646129608,0.6869480013847351,0.35938283801078796
YDR365W-A,YIL050W,0,2.5619113,0.1632462739944458,0.6869480013847351,0.359483003616333
YPL141C,YBR133C,0,2.5614119,0.16320820152759552,0.6869480013847351,0.35958319902420044
YMR322C,YOL104C,0,2.5613327,0.16317015886306763,0.6869480013847351,0.35968339443206787
YOL144W,YOR119C,0,2.5610812,0.16313213109970093,0.6869480013847351,0.3597835898399353
YBR141C,YLR423C,0,2.5610688,0.16309413313865662,0.6869480013847351,0.35988378524780273
YML069W,YDR499W,1,2.5610554,0.16328907012939453,0.6879293322563171,0.35988378524780273
YHR057C,YGL018C,0,2.5605855,0.16325104236602783,0.6879293322563171,0.35998398065567017
YGR027C,YNL328C,0,2.5604331,0.16321304440498352,0.6879293322563171,0.3600841462612152
YGR161C-D,YHR111W,0,2.5604308,0.1631750464439392,0.6879293322563171,0.36018434166908264
YGL134W,YIL023C,0,2.5603414,0.16313707828521729,0.6879293322563171,0.3602845370769501
YLR020C,YPL045W,0,2.560126,0.16309911012649536,0.6879293322563171,0.3603847324848175
YPR165W,YLR216C,0,2.5601032,0.16306117177009583,0.6879293322563171,0.36048492789268494
YML001W,YDL198C,0,2.5600607,0.16302326321601868,0.6879293322563171,0.36058512330055237
YML075C,YER175C,0,2.5594056,0.16298535466194153,0.6879293322563171,0.3606852889060974
YPL020C,YLL029W,0,2.559066,0.16294746100902557,0.6879293322563171,0.36078548431396484
YOR020C,YDL223C,0,2.5588582,0.162909597158432,0.6879293322563171,0.3608856797218323
YJL054W,YKL038W,0,2.5586336,0.16287174820899963,0.6879293322563171,0.3609858751296997
YHL022C,YDR257C,0,2.558133,0.16283391416072845,0.6879293322563171,0.36108607053756714
YLR200W,YKL085W,0,2.5579317,0.16279609501361847,0.6879293322563171,0.36118626594543457
YOR027W,YER154W,0,2.5574977,0.16275830566883087,0.6879293322563171,0.3612864315509796
YOL043C,YGR002C,1,2.5570757,0.16295264661312103,0.688910722732544,0.3612864315509796
YBR109C,YLR367W,0,2.5565317,0.16291482746601105,0.688910722732544,0.36138662695884705
YBR289W,YOL072W,1,2.556331,0.16310904920101166,0.689892053604126,0.36138662695884705
YDR210W-A,YNL006W,0,2.555882,0.16307121515274048,0.689892053604126,0.3614868223667145
YKL081W,YNL262W,0,2.5557926,0.1630333960056305,0.689892053604126,0.3615870177745819
YDR508C,YMR280C,0,2.5555894,0.1629955917596817,0.689892053604126,0.36168721318244934
YGL096W,YPL082C,0,2.5552645,0.1629578173160553,0.689892053604126,0.3617874085903168
YOR084W,YOR206W,0,2.554981,0.1629200428724289,0.689892053604126,0.3618875741958618
YJL173C,YNL069C,0,2.5549374,0.16288229823112488,0.689892053604126,0.36198776960372925
YFL031W,YOL033W,0,2.5540495,0.16284456849098206,0.689892053604126,0.3620879650115967
YDR084C,YCL030C,0,2.5540404,0.16280685365200043,0.689892053604126,0.3621881604194641
YJR051W,YHR143W-A,0,2.5539029,0.16276915371418,0.689892053604126,0.36228835582733154
YMR063W,YER101C,0,2.5538046,0.16273148357868195,0.689892053604126,0.362388551235199
YIL173W,YDR365C,0,2.553725,0.1626938134431839,0.689892053604126,0.362488716840744
YDL061C,YKL046C,0,2.5533986,0.16265617311000824,0.689892053604126,0.36258891224861145
YEL012W,YPR035W,0,2.5532734,0.16261854767799377,0.689892053604126,0.3626891076564789
YGR222W,YPR162C,0,2.5524287,0.1625809371471405,0.689892053604126,0.3627893030643463
YGR017W,YBR271W,0,2.5522742,0.16254335641860962,0.689892053604126,0.36288949847221375
YDR243C,YPR086W,0,2.5521915,0.16250577569007874,0.689892053604126,0.3629896938800812
YCR038C,YOR011W,0,2.551886,0.16246822476387024,0.689892053604126,0.3630898594856262
YGL125W,YOR142W-A,0,2.5515358,0.16243068873882294,0.689892053604126,0.36319005489349365
YER022W,YPL273W,0,2.5514305,0.16239316761493683,0.689892053604126,0.3632902503013611
YBR045C,YCL035C,0,2.5508575,0.16235566139221191,0.689892053604126,0.3633904457092285
YIL129C,YDL126C,0,2.5508318,0.1623181700706482,0.689892053604126,0.36349064111709595
YJL042W,YNL300W,0,2.5503566,0.16228070855140686,0.689892053604126,0.3635908365249634
YML101C,YHR121W,0,2.5499632,0.16224324703216553,0.689892053604126,0.3636910021305084
YGL200C,YGL203C,0,2.5498116,0.16220581531524658,0.689892053604126,0.36379119753837585
YJR119C,YJL094C,0,2.5496302,0.16216839849948883,0.689892053604126,0.3638913929462433
YLR466W,YER170W,0,2.5492585,0.16213099658489227,0.689892053604126,0.3639915883541107
YDR518W,YIL082W-A,0,2.5490787,0.1620936095714569,0.689892053604126,0.36409178376197815
YGL090W,YDR180W,1,2.548991,0.16228677332401276,0.690873384475708,0.36409178376197815
YHL050C,YFL057C,0,2.5481331,0.1622493714094162,0.690873384475708,0.3641919791698456
YPL088W,YJL014W,0,2.5481076,0.16221198439598083,0.690873384475708,0.3642921447753906
YPL082C,YDR414C,0,2.5476193,0.16217461228370667,0.690873384475708,0.36439234018325806
YLR324W,YLR292C,0,2.5475118,0.16213726997375488,0.690873384475708,0.3644925355911255
YPR138C,YLR305C,0,2.547491,0.1620999276638031,0.690873384475708,0.3645927309989929
YNR004W,YAL011W,0,2.5474546,0.1620626151561737,0.690873384475708,0.36469292640686035
YML021C,YAL005C,0,2.5470746,0.1620253175497055,0.690873384475708,0.3647930920124054
YIR033W,YDR497C,0,2.5457113,0.1619880348443985,0.690873384475708,0.3648932874202728
YMR230W,YPR029C,0,2.545699,0.16195076704025269,0.690873384475708,0.36499348282814026
YDR292C,YLR442C,0,2.545376,0.16191352903842926,0.690873384475708,0.3650936782360077
YJL103C,YOR378W,0,2.5452068,0.16187629103660583,0.690873384475708,0.3651938736438751
YDR026C,YPL236C,0,2.5446746,0.1618390828371048,0.690873384475708,0.36529406905174255
YNL106C,YIL030C,0,2.5441802,0.16180188953876495,0.690873384475708,0.3653942346572876
YGL097W,YKL092C,0,2.5440996,0.1617647111415863,0.690873384475708,0.36549443006515503
YLR174W,YDR009W,0,2.5438404,0.16172754764556885,0.690873384475708,0.36559462547302246
YBR192W,YOR310C,0,2.543043,0.16169039905071259,0.690873384475708,0.3656948208808899
YJL082W,YJR159W,0,2.542968,0.16165326535701752,0.690873384475708,0.3657950162887573
YPR001W,YLR316C,0,2.5427203,0.16161616146564484,0.690873384475708,0.36589521169662476
YJR119C,YFL025C,0,2.542536,0.16157907247543335,0.690873384475708,0.3659953773021698
YCL045C,YJR067C,0,2.541814,0.16154199838638306,0.690873384475708,0.36609557271003723
YJL173C,YDR180W,1,2.5415266,0.16173434257507324,0.6918547749519348,0.36609557271003723
YAL015C,YKL157W,0,2.541027,0.16169725358486176,0.6918547749519348,0.36619576811790466
YOL059W,YGR281W,0,2.5409627,0.16166016459465027,0.6918547749519348,0.3662959635257721
YNR056C,YPR151C,0,2.5403662,0.16162310540676117,0.6918547749519348,0.3663961589336395
YNR049C,YMR019W,0,2.5400288,0.16158606112003326,0.6918547749519348,0.36649635434150696
YDL133C-A,YMR295C,0,2.5399435,0.16154903173446655,0.6918547749519348,0.366596519947052
YCR089W,YJL054W,0,2.539902,0.16151203215122223,0.6918547749519348,0.36669671535491943
YOR017W,YOR168W,0,2.5398667,0.1614750325679779,0.6918547749519348,0.36679691076278687
YIL021W,YCR060W,0,2.5397785,0.16143806278705597,0.6918547749519348,0.3668971061706543
YMR227C,YBR248C,0,2.5389357,0.16140109300613403,0.6918547749519348,0.36699730157852173
YPR061C,YKL006W,0,2.5384166,0.16136415302753448,0.6918547749519348,0.36709749698638916
YFR042W,YPR002W,0,2.5378304,0.16132722795009613,0.6918547749519348,0.3671976625919342
YBR210W,YLR256W-A,0,2.5378063,0.16129031777381897,0.6918547749519348,0.36729785799980164
YDR079W,YLR315W,0,2.537658,0.1612534373998642,0.6918547749519348,0.36739805340766907
YMR060C,YGL002W,0,2.537649,0.16121655702590942,0.6918547749519348,0.3674982488155365
YNL031C,YOL012C,0,2.53747,0.16117969155311584,0.6918547749519348,0.36759844422340393
YPL152W,YNL099C,0,2.5363052,0.16114285588264465,0.6918547749519348,0.36769863963127136
YIL080W,YDR098C-B,0,2.536266,0.16110603511333466,0.6918547749519348,0.3677988052368164
YPR189W,YOR106W,0,2.5361211,0.16106922924518585,0.6918547749519348,0.36789900064468384
YLR406C,YDR057W,0,2.5356128,0.16103243827819824,0.6918547749519348,0.36799919605255127
YGR260W,YDR016C,0,2.5355854,0.16099566221237183,0.6918547749519348,0.3680993914604187
YLR233C,YGL073W,0,2.5353956,0.1609589010477066,0.6918547749519348,0.36819958686828613
YOL101C,YHR154W,0,2.5353916,0.16092216968536377,0.6918547749519348,0.36829978227615356
YPL021W,YCL030C,0,2.5353632,0.16088543832302094,0.6918547749519348,0.3683999478816986
YHR134W,YMR060C,0,2.5352356,0.1608487367630005,0.6918547749519348,0.36850014328956604
YER162C,YDR080W,0,2.5350482,0.16081205010414124,0.6918547749519348,0.36860033869743347
YOR254C,YHR014W,0,2.5348074,0.16077536344528198,0.6918547749519348,0.3687005341053009
YBR049C,YDL197C,0,2.5347722,0.1607387214899063,0.6918547749519348,0.36880072951316833
YBR281C,YEL048C,0,2.5347044,0.16070207953453064,0.6918547749519348,0.36890092492103577
YEL056W,YDR369C,1,2.5346758,0.16089335083961487,0.6928361058235168,0.36890092492103577
YBR199W,YNL298W,0,2.5339162,0.160856693983078,0.6928361058235168,0.3690010905265808
YOR106W,YOR089C,0,2.5337236,0.16082005202770233,0.6928361058235168,0.36910128593444824
YGR003W,YBR271W,0,2.533542,0.16078342497348785,0.6928361058235168,0.3692014813423157
YLR006C,YGL201C,0,2.5330293,0.16074681282043457,0.6928361058235168,0.3693016767501831
YJL089W,YLR359W,0,2.5323853,0.16071021556854248,0.6928361058235168,0.36940187215805054
YDL247W,YJR149W,0,2.5322099,0.16067364811897278,0.6928361058235168,0.36950206756591797
YNL063W,YBR227C,0,2.53138,0.16063708066940308,0.6928361058235168,0.369602233171463
YGL058W,YOR122C,0,2.5308716,0.16060054302215576,0.6928361058235168,0.36970242857933044
YDR108W,YBR180W,0,2.5305567,0.16056402027606964,0.6928361058235168,0.3698026239871979
YLR205C,YNL177C,0,2.530432,0.16052751243114471,0.6928361058235168,0.3699028193950653
YFR016C,YAL002W,0,2.5302973,0.16049101948738098,0.6928361058235168,0.37000301480293274
YJL186W,YHL025W,0,2.5301094,0.16045454144477844,0.6928361058235168,0.37010321021080017
YPL069C,YPL002C,0,2.5295973,0.1604180932044983,0.6928361058235168,0.3702033758163452
YBR128C,YAL061W,0,2.5293312,0.16038164496421814,0.6928361058235168,0.37030357122421265
YBR101C,YMR035W,0,2.5278037,0.16034522652626038,0.6928361058235168,0.3704037666320801
YDR110W,YPR143W,0,2.5273025,0.1603088080883026,0.6928361058235168,0.3705039620399475
YGR161C-D,YNL006W,0,2.5260503,0.16027241945266724,0.6928361058235168,0.37060415744781494
YCR045C,YCL016C,0,2.5258958,0.16023604571819305,0.6928361058235168,0.3707043528556824
YJL082W,YDR508C,0,2.5256634,0.16019968688488007,0.6928361058235168,0.3708045184612274
YLR035C,YFR009W,0,2.5238688,0.16016334295272827,0.6928361058235168,0.37090471386909485
YMR284W,YJL140W,1,2.5234182,0.16035382449626923,0.6938174962997437,0.37090471386909485
YBR052C,YBR278W,0,2.5230653,0.16031746566295624,0.6938174962997437,0.3710049092769623
YHR204W,YDR143C,0,2.5227835,0.16028112173080444,0.6938174962997437,0.3711051046848297
YJR119C,YKR068C,0,2.5223444,0.16024479269981384,0.6938174962997437,0.37120530009269714
YJL174W,YOR098C,0,2.5218227,0.16020847856998444,0.6938174962997437,0.3713054656982422
YBR227C,YML101C,0,2.5216887,0.16017217934131622,0.6938174962997437,0.3714056611061096
YPL235W,YDR440W,1,2.5216105,0.16036240756511688,0.6947988271713257,0.3714056611061096
YBR298C,YNL284C-A,0,2.521437,0.16032609343528748,0.6947988271713257,0.37150585651397705
YNL299W,YDL042C,1,2.5214255,0.1605161875486374,0.6957801580429077,0.37150585651397705
YOR086C,YDR082W,0,2.5212963,0.1604798585176468,0.6957801580429077,0.3716060519218445
YLR130C,YOR197W,0,2.5210993,0.16044354438781738,0.6957801580429077,0.3717062473297119
YLR340W,YGR038C-B,0,2.5207994,0.16040724515914917,0.6957801580429077,0.37180644273757935
YJL081C,YER155C,0,2.519657,0.16037096083164215,0.6957801580429077,0.3719066083431244
YML121W,YJL051W,0,2.519336,0.16033469140529633,0.6957801580429077,0.3720068037509918
YCR028C-A,YOR142W,0,2.5186698,0.1602984368801117,0.6957801580429077,0.37210699915885925
YDR142C,YPL235W,0,2.518593,0.16026221215724945,0.6957801580429077,0.3722071945667267
YDL070W,YNR033W,0,2.5183847,0.1602259874343872,0.6957801580429077,0.3723073899745941
YDL074C,YNL229C,0,2.5183184,0.16018979251384735,0.6957801580429077,0.37240758538246155
YOR196C,YPR158W-A,0,2.517917,0.1601535975933075,0.6957801580429077,0.3725077509880066
YNL225C,YFR024C,0,2.5178845,0.16011743247509003,0.6957801580429077,0.372607946395874
YML039W,YBL045C,0,2.5173736,0.16008128225803375,0.6957801580429077,0.37270814180374146
YDL181W,YCR018C,0,2.5172873,0.16004514694213867,0.6957801580429077,0.3728083372116089
YKL048C,YJR084W,0,2.5172057,0.16000902652740479,0.6957801580429077,0.3729085326194763
YEL044W,YAL005C,0,2.5171735,0.1599729210138321,0.6957801580429077,0.37300872802734375
YPR121W,YKL084W,0,2.5170782,0.1599368304014206,0.6957801580429077,0.3731088936328888
YOL027C,YNL190W,0,2.517041,0.15990076959133148,0.6957801580429077,0.3732090890407562
YBR210W,YGR170W,0,2.5168705,0.15986470878124237,0.6957801580429077,0.37330928444862366
YBR195C,YLL036C,1,2.516702,0.16005410254001617,0.6967615485191345,0.37330928444862366
YKL216W,YOR172W,0,2.5163846,0.16001802682876587,0.6967615485191345,0.3734094798564911
YPR121W,YOL116W,0,2.5162709,0.15998198091983795,0.6967615485191345,0.3735096752643585
YLR308W,YDL179W,0,2.5162175,0.15994593501091003,0.6967615485191345,0.37360987067222595
YLR353W,YBR149W,0,2.516114,0.1599099040031433,0.6967615485191345,0.373710036277771
YDR527W,YOR142W-A,0,2.5156734,0.15987390279769897,0.6967615485191345,0.3738102316856384
YDR365W-B,YEL070W,0,2.5146005,0.15983791649341583,0.6967615485191345,0.37391042709350586
YER093C,YML004C,0,2.5140014,0.1598019301891327,0.6967615485191345,0.3740106225013733
YBR073W,YPR173C,0,2.5137308,0.15976597368717194,0.6967615485191345,0.3741108179092407
YDR147W,YDR314C,0,2.5134158,0.15973003208637238,0.6967615485191345,0.37421101331710815
YHR164C,YNL147W,0,2.5134146,0.159694105386734,0.6967615485191345,0.3743111789226532
YLR404W,YOL093W,0,2.5129106,0.15965819358825684,0.6967615485191345,0.37441137433052063
YGL063W,YNR059W,0,2.5128205,0.15962229669094086,0.6967615485191345,0.37451156973838806
YPL249C-A,YGR038C-A,0,2.5126064,0.15958642959594727,0.6967615485191345,0.3746117651462555
YLR013W,YGR254W,0,2.5115223,0.15955056250095367,0.6967615485191345,0.3747119605541229
YGL105W,YDR206W,0,2.5112667,0.15951471030712128,0.6967615485191345,0.37481215596199036
YNL058C,YML076C,0,2.5104938,0.15947888791561127,0.6967615485191345,0.3749123215675354
YLR427W,YDR311W,1,2.510304,0.15966764092445374,0.6977428793907166,0.3749123215675354
YJL078C,YER170W,0,2.5098162,0.15963178873062134,0.6977428793907166,0.37501251697540283
YNL224C,YER171W,0,2.5097291,0.15959596633911133,0.6977428793907166,0.37511271238327026
YGL087C,YLR035C,1,2.5096872,0.15978455543518066,0.6987242102622986,0.37511271238327026
YOR372C,YNL229C,0,2.5093184,0.15974870324134827,0.6987242102622986,0.3752129077911377
YGL219C,YOR226C,0,2.5090616,0.15971288084983826,0.6987242102622986,0.3753131031990051
YJL034W,YNL099C,0,2.5088975,0.15967705845832825,0.6987242102622986,0.37541329860687256
YNL097C,YLR256W-A,0,2.508888,0.15964125096797943,0.6987242102622986,0.3755134642124176
YOR034C,YGR172C,0,2.5088322,0.159605473279953,0.6987242102622986,0.37561365962028503
YLL023C,YOR191W,0,2.5086567,0.15956969559192657,0.6987242102622986,0.37571385502815247
YIL148W,YPL122C,1,2.5084145,0.15975801646709442,0.6997056007385254,0.37571385502815247
YPR034W,YFR044C,0,2.5080607,0.1597222238779068,0.6997056007385254,0.3758140504360199
YER162C,YIL143C,1,2.5080252,0.1599104106426239,0.7006869316101074,0.3758140504360199
YKL152C,YOR284W,0,2.5078967,0.15987460315227509,0.7006869316101074,0.37591424584388733
YJL139C,YGL158W,0,2.5078006,0.15983881056308746,0.7006869316101074,0.37601444125175476
YPR204W,YOL077W-A,0,2.5077946,0.15980304777622223,0.7006869316101074,0.3761146068572998
YDR026C,YHR030C,0,2.5077605,0.159767284989357,0.7006869316101074,0.37621480226516724
YKL221W,YDR500C,0,2.5076468,0.15973153710365295,0.7006869316101074,0.37631499767303467
YLR440C,YGL126W,0,2.5074847,0.1596958190202713,0.7006869316101074,0.3764151930809021
YAL032C,YMR268C,0,2.5072649,0.15966010093688965,0.7006869316101074,0.37651538848876953
YNL016W,YCR028C-A,0,2.5069087,0.15962441265583038,0.7006869316101074,0.37661558389663696
YPL212C,YPL029W,0,2.5068777,0.1595887392759323,0.7006869316101074,0.376715749502182
YLL003W,YLR307W,0,2.506835,0.15955306589603424,0.7006869316101074,0.37681594491004944
YOR255W,YDR216W,0,2.5066195,0.15951742231845856,0.7006869316101074,0.37691614031791687
YKL112W,YDL042C,1,2.506449,0.15970516204833984,0.7016683220863342,0.37691614031791687
YPL057C,YJR113C,0,2.5064461,0.15966948866844177,0.7016683220863342,0.3770163357257843
YER001W,YIL020C,0,2.506356,0.1596338450908661,0.7016683220863342,0.37711653113365173
YBR084C-A,YBR302C,0,2.5063152,0.1595982164144516,0.7016683220863342,0.37721672654151917
YNL021W,YOR206W,0,2.505646,0.1595626026391983,0.7016683220863342,0.3773168921470642
YKL041W,YJL028W,0,2.5053396,0.1595270037651062,0.7016683220863342,0.37741708755493164
YBL009W,YMR097C,0,2.5046294,0.1594914048910141,0.7016683220863342,0.3775172829627991
YIL080W,YOR304W,0,2.5045717,0.15945583581924438,0.7016683220863342,0.3776174783706665
YGL172W,YDL214C,0,2.504246,0.15942029654979706,0.7016683220863342,0.37771767377853394
YIR018W,YBR187W,0,2.504185,0.15938475728034973,0.7016683220863342,0.377817839384079
YER098W,YHL026C,0,2.5040598,0.1593492329120636,0.7016683220863342,0.3779180347919464
YEL055C,YLL024C,0,2.504019,0.15931372344493866,0.7016683220863342,0.37801823019981384
YIL091C,YKL220C,0,2.5038846,0.15927822887897491,0.7016683220863342,0.3781184256076813
YPL055C,YIL123W,0,2.5035703,0.15924276411533356,0.7016683220863342,0.3782186210155487
YNR021W,YDR416W,0,2.503225,0.1592072993516922,0.7016683220863342,0.37831881642341614
YBL009W,YJR138W,0,2.5028555,0.15917186439037323,0.7016683220863342,0.3784189820289612
YKR027W,YMR159C,0,2.5027633,0.15913642942905426,0.7016683220863342,0.3785191774368286
YMR156C,YIL148W,1,2.502327,0.1593235433101654,0.7026496529579163,0.3785191774368286
YGR056W,YDL049C,0,2.502296,0.15928809344768524,0.7026496529579163,0.37861937284469604
YOR287C,YDR034C-D,0,2.5019348,0.15925267338752747,0.7026496529579163,0.3787195682525635
YBR288C,YLR155C,0,2.50131,0.1592172533273697,0.7026496529579163,0.3788197636604309
YEL026W,YMR020W,0,2.5010335,0.1591818630695343,0.7026496529579163,0.37891995906829834
YMR179W,YPL084W,0,2.5005424,0.1591464728116989,0.7026496529579163,0.3790201246738434
YNL103W,YGR020C,0,2.5001705,0.1591111123561859,0.7026496529579163,0.3791203200817108
YLR227W-A,YOR098C,0,2.5001147,0.1590757668018341,0.7026496529579163,0.37922051548957825
YDR409W,YPR145W,0,2.4998252,0.1590404212474823,0.7026496529579163,0.3793207108974457
YDR138W,YPL122C,1,2.499775,0.1592271775007248,0.7036309838294983,0.3793207108974457
YFL031W,YKL080W,0,2.4995334,0.15919183194637299,0.7036309838294983,0.3794209063053131
YPL164C,YJL021C,0,2.4993517,0.15915648639202118,0.7036309838294983,0.37952110171318054
YGR109C,YGL250W,0,2.4992023,0.15912117063999176,0.7036309838294983,0.3796212673187256
YNL252C,YKR055W,0,2.4989936,0.15908586978912354,0.7036309838294983,0.379721462726593
YOR195W,YNR018W,0,2.4983633,0.1590505838394165,0.7036309838294983,0.37982165813446045
YIL031W,YER157W,0,2.4983566,0.15901529788970947,0.7036309838294983,0.3799218535423279
YBL067C,YOR259C,0,2.4983556,0.15898004174232483,0.7036309838294983,0.3800220489501953
YCR033W,YLR141W,0,2.4983072,0.15894480049610138,0.7036309838294983,0.38012224435806274
YLR019W,YDR261C-C,0,2.49805,0.15890957415103912,0.7036309838294983,0.3802224099636078
YOR017W,YNL230C,0,2.497558,0.15887436270713806,0.7036309838294983,0.3803226053714752
YLR157C-A,YJL184W,0,2.4974675,0.1588391661643982,0.7036309838294983,0.38042280077934265
YHR168W,YLR390W-A,0,2.4974446,0.15880398452281952,0.7036309838294983,0.3805229961872101
YGL150C,YHL025W,1,2.497132,0.1589902639389038,0.7046123743057251,0.3805229961872101
YBR293W,YMR286W,0,2.4968708,0.15895505249500275,0.7046123743057251,0.3806231915950775
YDR309C,YDR261C-D,0,2.4966233,0.15891987085342407,0.7046123743057251,0.38072338700294495
YHR005C,YNR032C-A,0,2.4965692,0.1588847041130066,0.7046123743057251,0.38082355260849
YLL067C,YKL206C,0,2.4963865,0.1588495522737503,0.7046123743057251,0.3809237480163574
YML052W,YBR026C,0,2.4959638,0.1588144153356552,0.7046123743057251,0.38102394342422485
YPR137C-A,YJL103C,0,2.4955277,0.1587793081998825,0.7046123743057251,0.3811241388320923
YER167W,YNR051C,0,2.4955184,0.1587442010641098,0.7046123743057251,0.3812243342399597
YKR075C,YOR229W,0,2.4950845,0.1587091088294983,0.7046123743057251,0.38132452964782715
YDR030C,YLL024C,0,2.49485,0.15867403149604797,0.7046123743057251,0.3814246952533722
YOR147W,YAL019W,0,2.4941514,0.15863896906375885,0.7046123743057251,0.3815248906612396
YGR041W,YGL121C,0,2.4936073,0.15860393643379211,0.7046123743057251,0.38162508606910706
YJR132W,YPL124W,0,2.493488,0.15856890380382538,0.7046123743057251,0.3817252814769745
YPL167C,YER041W,1,2.492969,0.15875469148159027,0.7055937051773071,0.3817252814769745
YDR196C,YNL176C,0,2.4929414,0.15871964395046234,0.7055937051773071,0.3818254768848419
YNR056C,YER046W,0,2.4928706,0.1586846113204956,0.7055937051773071,0.38192567229270935
YGR084C,YOR007C,0,2.4927814,0.15864960849285126,0.7055937051773071,0.3820258378982544
YKL029C,YGR172C,0,2.4927273,0.1586146056652069,0.7055937051773071,0.3821260333061218
YDR311W,YNR004W,0,2.4919617,0.15857961773872375,0.7055937051773071,0.38222622871398926
YOR110W,YOR005C,0,2.4913397,0.158544659614563,0.7055937051773071,0.3823264241218567
YHR106W,YIL052C,0,2.4908829,0.15850970149040222,0.7055937051773071,0.3824266195297241
YNL258C,YDL246C,0,2.490794,0.15847475826740265,0.7055937051773071,0.38252681493759155
YMR046C,YHR187W,0,2.49072,0.15843984484672546,0.7055937051773071,0.3826269805431366
YHR194W,YGR252W,0,2.490644,0.15840493142604828,0.7055937051773071,0.38272717595100403
YKL148C,YGR010W,0,2.4905176,0.15837004780769348,0.7055937051773071,0.38282737135887146
YCR086W,YEL003W,0,2.4904444,0.15833516418933868,0.7055937051773071,0.3829275667667389
YLR024C,YBR145W,0,2.490217,0.15830031037330627,0.7055937051773071,0.3830277621746063
YIL022W,YBR010W,0,2.4899714,0.15826545655727386,0.7055937051773071,0.38312795758247375
YBR208C,YOR025W,0,2.489921,0.15823063254356384,0.7055937051773071,0.3832281231880188
YER007C-A,YFR029W,0,2.4897127,0.15819582343101501,0.7055937051773071,0.38332831859588623
YIL168W,YPL173W,0,2.4897041,0.1581610143184662,0.7055937051773071,0.38342851400375366
YKL184W,YOL011W,0,2.48966,0.15812623500823975,0.7055937051773071,0.3835287094116211
YJL114W,YNL038W,0,2.4894435,0.1580914705991745,0.7055937051773071,0.3836289048194885
YCR102C,YKR079C,0,2.4894311,0.15805672109127045,0.7055937051773071,0.38372907042503357
YBR228W,YDR210C-C,0,2.4889002,0.1580219715833664,0.7055937051773071,0.383829265832901
YJL208C,YLR466W,0,2.4888117,0.15798725187778473,0.7055937051773071,0.38392946124076843
YOR106W,YOL132W,0,2.4884117,0.15795254707336426,0.7055937051773071,0.38402965664863586
YKL095W,YJL203W,0,2.4882405,0.15791785717010498,0.7055937051773071,0.3841298520565033
YDR300C,YKL126W,0,2.4881823,0.1578831821680069,0.7055937051773071,0.3842300474643707
YDR172W,YBR302C,0,2.4874098,0.15784852206707,0.7055937051773071,0.38433021306991577
YHR079C-B,YCR088W,0,2.4872444,0.1578138768672943,0.7055937051773071,0.3844304084777832
YJL128C,YER004W,0,2.4872034,0.1577792465686798,0.7055937051773071,0.38453060388565063
YMR050C,YBR199W,0,2.4871004,0.1577446311712265,0.7055937051773071,0.38463079929351807
YLR227W-A,YOR168W,0,2.487069,0.1577100306749344,0.7055937051773071,0.3847309947013855
YER048C,YHR080C,0,2.4868631,0.15767544507980347,0.7055937051773071,0.38483119010925293
YJL197W,YKL040C,0,2.4867504,0.15764087438583374,0.7055937051773071,0.384931355714798
YFR031C,YOL028C,0,2.48644,0.1576063185930252,0.7055937051773071,0.3850315511226654
YOR388C,YDL005C,0,2.4864333,0.15757177770137787,0.7055937051773071,0.38513174653053284
YGR109W-B,YKL009W,0,2.486379,0.15753725171089172,0.7055937051773071,0.38523194193840027
YIL128W,YML060W,1,2.4863636,0.15772180259227753,0.7065750956535339,0.38523194193840027
YCR028C-A,YAL014C,0,2.486233,0.157687246799469,0.7065750956535339,0.3853321373462677
YGR225W,YNL286W,0,2.486192,0.15765272080898285,0.7065750956535339,0.38543233275413513
YOR372C,YLR144C,0,2.486178,0.1576182097196579,0.7065750956535339,0.3855324983596802
YNL307C,YNL273W,1,2.4859686,0.15780258178710938,0.707556426525116,0.3855324983596802
YLL031C,YDR276C,0,2.4857757,0.15776805579662323,0.707556426525116,0.3856326937675476
YLR424W,YLR299W,0,2.485509,0.15773354470729828,0.707556426525116,0.38573288917541504
YKL117W,YNR073C,0,2.4851916,0.15769903361797333,0.707556426525116,0.38583308458328247
YPL011C,YKR086W,0,2.4849837,0.15766455233097076,0.707556426525116,0.3859332799911499
YDR381C-A,YDR446W,0,2.4847841,0.1576300859451294,0.707556426525116,0.38603347539901733
YOR071C,YDL002C,0,2.4846547,0.15759563446044922,0.707556426525116,0.3861336410045624
YHR201C,YAL001C,0,2.483936,0.15756118297576904,0.707556426525116,0.3862338364124298
YNR023W,YMR090W,0,2.4838455,0.15752676129341125,0.707556426525116,0.38633403182029724
YGR005C,YLR006C,0,2.4834366,0.15749235451221466,0.707556426525116,0.3864342272281647
YDR284C,YDR144C,0,2.4832764,0.15745796263217926,0.707556426525116,0.3865344226360321
YPL008W,YLR163C,0,2.4829464,0.15742358565330505,0.707556426525116,0.38663461804389954
YHR069C,YNR059W,0,2.4826927,0.15738922357559204,0.707556426525116,0.3867347836494446
YBR039W,YAL033W,0,2.4824874,0.15735486149787903,0.707556426525116,0.386834979057312
YBR274W,YKL188C,0,2.482176,0.1573205292224884,0.707556426525116,0.38693517446517944
YER160C,YKL069W,0,2.4819877,0.15728621184825897,0.707556426525116,0.3870353698730469
YOR035C,YGL010W,0,2.4809887,0.15725190937519073,0.707556426525116,0.3871355652809143
YHR006W,YHR156C,0,2.4808285,0.1572176218032837,0.707556426525116,0.38723576068878174
YOL059W,YDR367W,0,2.4806273,0.15718334913253784,0.707556426525116,0.3873359262943268
YIL008W,YKL182W,0,2.480555,0.15714909136295319,0.707556426525116,0.3874361217021942
YHR106W,YER003C,0,2.4799047,0.15711483359336853,0.707556426525116,0.38753631711006165
YER081W,YOR317W,0,2.47984,0.15708060562610626,0.707556426525116,0.3876365125179291
YKL055C,YDR371W,0,2.4797122,0.1570463925600052,0.707556426525116,0.3877367079257965
YFR050C,YPL210C,0,2.4796813,0.1570121943950653,0.707556426525116,0.38783690333366394
YJL020C,YEL053C,0,2.4794896,0.15697801113128662,0.707556426525116,0.387937068939209
YKL032C,YPR052C,1,2.4794743,0.15716151893138885,0.708537757396698,0.387937068939209
YER041W,YDR460W,1,2.479333,0.15734493732452393,0.7095191478729248,0.387937068939209
YMR008C,YLL018C,0,2.4789321,0.15731070935726166,0.7095191478729248,0.3880372643470764
YER145C,YKL127W,0,2.4787903,0.1572764813899994,0.7095191478729248,0.38813745975494385
YNL085W,YOL095C,1,2.4784982,0.15745976567268372,0.7105004787445068,0.38813745975494385
YBR279W,YJL087C,0,2.4783196,0.15742552280426025,0.7105004787445068,0.3882376551628113
YKL146W,YLL045C,0,2.4780924,0.15739130973815918,0.7105004787445068,0.3883378505706787
YDR499W,YOR148C,0,2.4778392,0.1573570966720581,0.7105004787445068,0.38843804597854614
YIL009W,YDR473C,0,2.4774582,0.15732289850711823,0.7105004787445068,0.3885382115840912
YMR309C,YGR122W,0,2.4770763,0.15728873014450073,0.7105004787445068,0.3886384069919586
YMR137C,YDR311W,1,2.4768906,0.15747176110744476,0.7114818692207336,0.3886384069919586
YCL074W,YLR307W,0,2.4767845,0.15743756294250488,0.7114818692207336,0.38873860239982605
YLR057W,YLR391W,0,2.4755745,0.1574033796787262,0.7114818692207336,0.3888387978076935
YGL170C,YBR235W,0,2.4755666,0.1573692262172699,0.7114818692207336,0.3889389932155609
YKR098C,YLR292C,0,2.4752822,0.1573350727558136,0.7114818692207336,0.38903918862342834
YER007C-A,YPR158C-C,0,2.4751456,0.1573009341955185,0.7114818692207336,0.3891393542289734
YOR083W,YKR002W,0,2.4750369,0.15726681053638458,0.7114818692207336,0.3892395496368408
YGR060W,YGR034W,0,2.4748867,0.15723270177841187,0.7114818692207336,0.38933974504470825
YGR161C-D,YOR173W,0,2.4746559,0.15719860792160034,0.7114818692207336,0.3894399404525757
YGR161C-D,YLR386W,0,2.4746115,0.15716452896595,0.7114818692207336,0.3895401358604431
YHR120W,YNL262W,1,2.474519,0.1573472023010254,0.7124632000923157,0.3895401358604431
YDL058W,YDL197C,0,2.4742713,0.15731310844421387,0.7124632000923157,0.38964033126831055
YDL036C,YBR069C,0,2.4741883,0.15727902948856354,0.7124632000923157,0.3897404968738556
YIL159W,YPR133W-A,0,2.4740574,0.1572449654340744,0.7124632000923157,0.389840692281723
YBR239C,YHR128W,0,2.4740129,0.15721091628074646,0.7124632000923157,0.38994088768959045
YGL086W,YLL031C,0,2.4739444,0.1571768820285797,0.7124632000923157,0.3900410830974579
YOL070C,YDR138W,0,2.473846,0.15714286267757416,0.7124632000923157,0.3901412785053253
YOR142W-A,YLR384C,0,2.473445,0.1571088582277298,0.7124632000923157,0.39024144411087036
YOR068C,YLR388W,0,2.4732628,0.15707485377788544,0.7124632000923157,0.3903416395187378
YMR167W,YDL042C,1,2.4731114,0.15725719928741455,0.7134445309638977,0.3903416395187378
YOR393W,YDL081C,0,2.4728653,0.157223179936409,0.7134445309638977,0.3904418349266052
YDR217C,YMR125W,0,2.4726582,0.15718919038772583,0.7134445309638977,0.39054203033447266
YKL091C,YDR314C,0,2.4722717,0.15715521574020386,0.7134445309638977,0.3906422257423401
YNL327W,YKR018C,0,2.4719799,0.15712124109268188,0.7134445309638977,0.3907424211502075
YOR330C,YCL019W,0,2.47171,0.1570872962474823,0.7134445309638977,0.39084258675575256
YKR027W,YKL113C,0,2.4712512,0.1570533663034439,0.7134445309638977,0.39094278216362
YHR004C,YPL254W,0,2.4712224,0.15701943635940552,0.7134445309638977,0.3910429775714874
YDL117W,YBR202W,0,2.4711163,0.15698553621768951,0.7134445309638977,0.39114317297935486
YIL015W,YNL286W,0,2.4703038,0.1569516360759735,0.7134445309638977,0.3912433683872223
YPL113C,YBR295W,0,2.470071,0.1569177657365799,0.7134445309638977,0.3913435637950897
YLR227W-A,YFR053C,0,2.470025,0.15688389539718628,0.7134445309638977,0.39144372940063477
YHR107C,YMR272C,0,2.4695225,0.15685005486011505,0.7134445309638977,0.3915439248085022
YJR093C,YNR030W,0,2.4694989,0.15681621432304382,0.7134445309638977,0.39164412021636963
YOR261C,YJL174W,0,2.4693074,0.15678240358829498,0.7134445309638977,0.39174431562423706
YDL200C,YML023C,1,2.4690058,0.15696421265602112,0.7144259214401245,0.39174431562423706
YDR308C,YDR346C,0,2.4688702,0.1569303721189499,0.7144259214401245,0.3918445110321045
YGL055W,YHR026W,0,2.4687285,0.15689654648303986,0.7144259214401245,0.3919447064399719
YER167W,YOL094C,0,2.4686673,0.1568627506494522,0.7144259214401245,0.39204487204551697
YDR137W,YJL058C,0,2.4686496,0.15682895481586456,0.7144259214401245,0.3921450674533844
YOL103W-A,YBR258C,0,2.4681742,0.1567951738834381,0.7144259214401245,0.39224526286125183
YLR426W,YBR054W,0,2.4678388,0.15676140785217285,0.7144259214401245,0.39234545826911926
YIL006W,YNL030W,0,2.4675286,0.1567276567220688,0.7144259214401245,0.3924456536769867
YOR202W,YOR003W,0,2.4673645,0.1566939353942871,0.7144259214401245,0.3925458490848541
YBR091C,YPR113W,0,2.4670227,0.15666021406650543,0.7144259214401245,0.39264601469039917
YBL113C,YPL156C,0,2.467022,0.15662650763988495,0.7144259214401245,0.3927462100982666
YDR156W,YML045W-A,0,2.4667249,0.15659281611442566,0.7144259214401245,0.39284640550613403
YDL240W,YGR087C,0,2.4664998,0.15655913949012756,0.7144259214401245,0.39294660091400146
YPL158C,YJL081C,0,2.4663904,0.15652547776699066,0.7144259214401245,0.3930467963218689
YOL043C,YNR006W,0,2.466225,0.15649183094501495,0.7144259214401245,0.39314699172973633
YGL096W,YGR087C,0,2.4661942,0.15645819902420044,0.7144259214401245,0.39324715733528137
YML033W,YPL224C,0,2.4658673,0.15642458200454712,0.7144259214401245,0.3933473527431488
YDR324C,YDR261C-D,0,2.4653006,0.156390979886055,0.7144259214401245,0.39344754815101624
YHR204W,YCR070W,0,2.464648,0.15635739266872406,0.7144259214401245,0.39354774355888367
YHR079C-B,YJR103W,0,2.4644806,0.15632382035255432,0.7144259214401245,0.3936479389667511
YPL127C,YBR236C,0,2.4644496,0.15629024803638458,0.7144259214401245,0.39374813437461853
YGR238C,YCR030C,0,2.4637277,0.15625670552253723,0.7144259214401245,0.3938482999801636
YBR068C,YLL004W,0,2.463307,0.15622317790985107,0.7144259214401245,0.393948495388031
YOR035C,YHR060W,0,2.4632463,0.1561896651983261,0.7144259214401245,0.39404869079589844
YFR001W,YOL028C,0,2.4631717,0.15615615248680115,0.7144259214401245,0.39414888620376587
YLR394W,YFL008W,1,2.4631627,0.15633712708950043,0.7154072523117065,0.39414888620376587
YBR281C,YKL126W,0,2.4630024,0.15630359947681427,0.7154072523117065,0.3942490816116333
YPL065W,YDR515W,0,2.4629693,0.1562701016664505,0.7154072523117065,0.39434927701950073
YFR036W,YOR285W,0,2.4628036,0.15623660385608673,0.7154072523117065,0.3944494426250458
YML114C,YDL105W,0,2.4625118,0.15620312094688416,0.7154072523117065,0.3945496380329132
YPL188W,YHR051W,0,2.462364,0.15616966784000397,0.7154072523117065,0.39464983344078064
YPL137C,YBL113C,0,2.4621317,0.15613621473312378,0.7154072523117065,0.39475002884864807
YBL051C,YGR125W,0,2.4619644,0.15610277652740479,0.7154072523117065,0.3948502242565155
YLR408C,YKR064W,0,2.4617145,0.15606936812400818,0.7154072523117065,0.39495041966438293
YLR222C,YCR011C,0,2.4615686,0.15603595972061157,0.7154072523117065,0.395050585269928
YCR021C,YMR319C,0,2.4611676,0.15600256621837616,0.7154072523117065,0.3951507806777954
YKL137W,YBR109C,0,2.4611154,0.15596918761730194,0.7154072523117065,0.39525097608566284
YHR045W,YLL040C,0,2.4607677,0.15593582391738892,0.7154072523117065,0.3953511714935303
YDR285W,YHL006C,0,2.4607637,0.15590247511863708,0.7154072523117065,0.3954513669013977
YGR087C,YNR026C,0,2.4606307,0.15586914122104645,0.7154072523117065,0.39555156230926514
YER190W,YOR101W,0,2.4605806,0.155835822224617,0.7154072523117065,0.3956517279148102
YOR285W,YAL063C,0,2.4604466,0.15580251812934875,0.7154072523117065,0.3957519233226776
YKR069W,YOR344C,0,2.4602776,0.1557692289352417,0.7154072523117065,0.39585211873054504
YGR157W,YDL031W,0,2.4601781,0.15573595464229584,0.7154072523117065,0.3959523141384125
YFR024C,YMR193W,0,2.4593623,0.15570269525051117,0.7154072523117065,0.3960525095462799
YMR089C,YER016W,0,2.4591901,0.1556694358587265,0.7154072523117065,0.39615270495414734
YDR246W,YNL222W,0,2.4590786,0.15563620626926422,0.7154072523117065,0.3962528705596924
YOR038C,YBR301W,0,2.4589581,0.15560299158096313,0.7154072523117065,0.3963530659675598
YJR078W,YDL064W,0,2.4589396,0.15556977689266205,0.7154072523117065,0.39645326137542725
YDL059C,YKL017C,1,2.4586005,0.15574994683265686,0.7163886427879333,0.39645326137542725
YER139C,YDL066W,0,2.4582336,0.15571671724319458,0.7163886427879333,0.3965534567832947
YHR090C,YLR307W,0,2.4578028,0.1556835174560547,0.7163886427879333,0.3966536521911621
YDL179W,YLR220W,0,2.4576533,0.1556503176689148,0.7163886427879333,0.39675381779670715
YKL048C,YPR194C,0,2.4574661,0.1556171327829361,0.7163886427879333,0.3968540132045746
YPR034W,YEL022W,0,2.4573128,0.15558397769927979,0.7163886427879333,0.396954208612442
YML058W-A,YHR099W,1,2.4570074,0.1557639092206955,0.7173699736595154,0.396954208612442
YER122C,YBR235W,0,2.45656,0.1557307243347168,0.7173699736595154,0.39705440402030945
YBR150C,YPR057W,0,2.4563637,0.1556975543498993,0.7173699736595154,0.3971545994281769
YBR003W,YDR098C-A,0,2.455648,0.15566439926624298,0.7173699736595154,0.3972547948360443
YLR227W-B,YBR127C,0,2.4554343,0.15563125908374786,0.7173699736595154,0.39735496044158936
YPR043W,YBR090C-A,0,2.4552248,0.15559813380241394,0.7173699736595154,0.3974551558494568
YML033W,YKR052C,0,2.45518,0.15556500852108002,0.7173699736595154,0.3975553512573242
YGL060W,YMR189W,0,2.4551275,0.15553191304206848,0.7173699736595154,0.39765554666519165
YIL143C,YDR316W-B,0,2.455113,0.15549883246421814,0.7173699736595154,0.3977557420730591
YBR272C,YHR081W,1,2.4547768,0.15567843616008759,0.7183513045310974,0.3977557420730591
YBR160W,YOL095C,1,2.4547412,0.15585796535015106,0.7193326950073242,0.3977557420730591
YMR277W,YGR089W,0,2.4545972,0.15582482516765594,0.7193326950073242,0.3978559374809265
YNL145W,YDL018C,0,2.4545753,0.15579171478748322,0.7193326950073242,0.39795610308647156
YER040W,YGR090W,0,2.4544327,0.15575860440731049,0.7193326950073242,0.398056298494339
YPL192C,YCR070W,0,2.454404,0.15572550892829895,0.7193326950073242,0.3981564939022064
YBR052C,YDR261W-A,0,2.4538894,0.1556924432516098,0.7193326950073242,0.39825668931007385
YBR119W,YOL124C,0,2.453617,0.15565937757492065,0.7193326950073242,0.3983568847179413
YNL275W,YLR022C,0,2.4532566,0.1556263267993927,0.7193326950073242,0.3984570801258087
YGR258C,YOL091W,0,2.453225,0.15559329092502594,0.7193326950073242,0.39855724573135376
YJR044C,YDR302W,0,2.4528203,0.15556026995182037,0.7193326950073242,0.3986574411392212
YMR283C,YPL030W,0,2.45263,0.155527263879776,0.7193326950073242,0.3987576365470886
YBL080C,YNL124W,0,2.4524543,0.15549427270889282,0.7193326950073242,0.39885783195495605
YDL160C,YDR210C-C,0,2.4524386,0.15546129643917084,0.7193326950073242,0.3989580273628235
YML058W-A,YHR154W,1,2.4524305,0.1556403785943985,0.7203140258789062,0.3989580273628235
YBR034C,YDL072C,0,2.4523485,0.15560737252235413,0.7203140258789062,0.3990582227706909
YML045W-A,YDR530C,0,2.4517956,0.15557439625263214,0.7203140258789062,0.39915838837623596
YCL012W,YAL026C,0,2.451554,0.15554143488407135,0.7203140258789062,0.3992585837841034
YML010W,YPL173W,0,2.4511278,0.15550847351551056,0.7203140258789062,0.3993587791919708
YPL168W,YMR300C,0,2.4506843,0.15547554194927216,0.7203140258789062,0.39945897459983826
YPL118W,YOR204W,0,2.4506252,0.15544261038303375,0.7203140258789062,0.3995591700077057
YEL030W,YHR148W,0,2.4501328,0.15540969371795654,0.7203140258789062,0.3996593654155731
YHL031C,YAL059W,0,2.449971,0.15537679195404053,0.7203140258789062,0.39975953102111816
YGL046W,YML065W,0,2.4498856,0.1553439199924469,0.7203140258789062,0.3998597264289856
YLR278C,YBL040C,0,2.449517,0.15531104803085327,0.7203140258789062,0.399959921836853
YPL016W,YGL008C,0,2.4494984,0.15527819097042084,0.7203140258789062,0.40006011724472046
YGL207W,YBR223C,1,2.4494812,0.15545685589313507,0.7212954163551331,0.40006011724472046
YBR294W,YOR142W-A,0,2.4494169,0.15542398393154144,0.7212954163551331,0.4001603126525879
YPL086C,YPR158C-C,0,2.4493296,0.155391126871109,0.7212954163551331,0.4002605080604553
YPR055W,YHR024C,0,2.449236,0.15535826981067657,0.7212954163551331,0.40036067366600037
YPL208W,YER011W,0,2.448795,0.15532544255256653,0.7212954163551331,0.4004608690738678
YBR014C,YPL021W,0,2.4484832,0.15529263019561768,0.7212954163551331,0.40056106448173523
YGR098C,YER094C,0,2.4484484,0.15525981783866882,0.7212954163551331,0.40066125988960266
YFR047C,YGR195W,0,2.448325,0.15522703528404236,0.7212954163551331,0.4007614552974701
YDR111C,YDR261C-D,0,2.4474971,0.1551942527294159,0.7212954163551331,0.4008616507053375
YPL237W,YOR088W,0,2.4472523,0.15516149997711182,0.7212954163551331,0.40096181631088257
YER041W,YIL154C,1,2.4472156,0.1553398072719574,0.7222767472267151,0.40096181631088257
YCR055C,YJL078C,0,2.4470327,0.15530702471733093,0.7222767472267151,0.40106201171875
YGR268C,YFR031C-A,0,2.4470246,0.15527425706386566,0.7222767472267151,0.40116220712661743
YER154W,YML097C,0,2.4470117,0.15524150431156158,0.7222767472267151,0.40126240253448486
YBL101W-B,YDL064W,0,2.4470036,0.1552087664604187,0.7222767472267151,0.4013625979423523
YKL002W,YFL035C,0,2.44693,0.155176043510437,0.7222767472267151,0.4014627933502197
YKL213C,YHR079C-B,1,2.4467623,0.15535412728786469,0.7232580780982971,0.4014627933502197
YLR323C,YBL036C,0,2.4466543,0.1553213894367218,0.7232580780982971,0.40156295895576477
YDR409W,YNL175C,0,2.446442,0.1552886664867401,0.7232580780982971,0.4016631543636322
YKR101W,YCL060C,0,2.4462898,0.15525595843791962,0.7232580780982971,0.40176334977149963
YHR119W,YCR070W,0,2.4461892,0.15522325038909912,0.7232580780982971,0.40186354517936707
YOR232W,YER108C,0,2.4461052,0.155190572142601,0.7232580780982971,0.4019637405872345
YGL046W,YGL116W,0,2.446071,0.1551578938961029,0.7232580780982971,0.40206393599510193
YDL215C,YCR026C,0,2.4458134,0.155125230550766,0.7232580780982971,0.402164101600647
YLR227W-A,YDL139C,0,2.4456594,0.15509259700775146,0.7232580780982971,0.4022642970085144
YOR287C,YOR088W,0,2.4456418,0.15505996346473694,0.7232580780982971,0.40236449241638184
YDR513W,YDR260C,0,2.445313,0.1550273448228836,0.7232580780982971,0.40246468782424927
YMR300C,YML007W,0,2.445048,0.15499474108219147,0.7232580780982971,0.4025648832321167
YOR123C,YBL101W-B,0,2.4449975,0.15496215224266052,0.7232580780982971,0.40266504883766174
YHR176W,YMR263W,0,2.444977,0.15492957830429077,0.7232580780982971,0.4027652442455292
YJL021C,YNL041C,0,2.444977,0.15489701926708221,0.7232580780982971,0.4028654396533966
YHR079C-B,YCR066W,1,2.4445117,0.1550745964050293,0.7242394685745239,0.4028654396533966
YDR301W,YGL231C,0,2.4443977,0.15504202246665955,0.7242394685745239,0.40296563506126404
YNL304W,YGR024C,0,2.4442294,0.1550094485282898,0.7242394685745239,0.40306583046913147
YBL079W,YCL030C,0,2.4437544,0.15497690439224243,0.7242394685745239,0.4031660258769989
YLR240W,YMR218C,0,2.4436986,0.15494436025619507,0.7242394685745239,0.40326619148254395
YPL221W,YGL243W,0,2.4434493,0.1549118459224701,0.7242394685745239,0.4033663868904114
YDR179C,YBL101W-B,0,2.442878,0.15487933158874512,0.7242394685745239,0.4034665822982788
YHR132C,YNL006W,0,2.4423172,0.15484683215618134,0.7242394685745239,0.40356677770614624
YBR100W,YPL259C,0,2.4422827,0.15481434762477875,0.7242394685745239,0.40366697311401367
YIL017W,YPR066W,0,2.4421465,0.15478187799453735,0.7242394685745239,0.4037671685218811
YJR144W,YBR087W,1,2.4416242,0.15495911240577698,0.725220799446106,0.4037671685218811
YBL003C,YGL254W,0,2.4414198,0.1549266278743744,0.725220799446106,0.40386733412742615
YKR099W,YOR339C,0,2.4412363,0.154894158244133,0.725220799446106,0.4039675295352936
YLR256W-A,YOR294W,0,2.4411802,0.1548616886138916,0.725220799446106,0.404067724943161
YDL092W,YBR109C,0,2.4411378,0.1548292487859726,0.725220799446106,0.40416792035102844
YFL052W,YDR492W,0,2.4408588,0.1547968089580536,0.725220799446106,0.4042681157588959
YPL257W-B,YDL047W,0,2.4407923,0.15476439893245697,0.725220799446106,0.4043683111667633
YER162C,YBR090C-A,1,2.4407427,0.1549413800239563,0.726202130317688,0.4043683111667633
YPL141C,YDR361C,0,2.4406402,0.1549089401960373,0.726202130317688,0.40446847677230835
YGR195W,YOR088W,0,2.4404845,0.15487651526927948,0.726202130317688,0.4045686721801758
YPL249C-A,YJR044C,0,2.4404504,0.15484410524368286,0.726202130317688,0.4046688675880432
YCL012W,YMR135C,0,2.4403045,0.15481171011924744,0.726202130317688,0.40476906299591064
YJL122W,YJL018W,0,2.4403012,0.1547793298959732,0.726202130317688,0.4048692584037781
YOL103W-B,YDR291W,0,2.4398837,0.15474696457386017,0.726202130317688,0.4049694538116455
YNL192W,YJR147W,0,2.4397993,0.15471461415290833,0.726202130317688,0.40506961941719055
YCR080W,YOR204W,0,2.4395547,0.15468227863311768,0.726202130317688,0.405169814825058
YDR020C,YIL088C,0,2.4394834,0.15464994311332703,0.726202130317688,0.4052700102329254
YGL180W,YMR156C,0,2.4394062,0.15461763739585876,0.726202130317688,0.40537020564079285
YOL069W,YCL060C,0,2.439019,0.1545853316783905,0.726202130317688,0.4054704010486603
YFL024C,YLR288C,1,2.4389825,0.1547619104385376,0.7271835207939148,0.4054704010486603
YNL278W,YDR472W,0,2.4388955,0.15472958981990814,0.7271835207939148,0.4055705964565277
YCR058C,YMR237W,0,2.438832,0.15469728410243988,0.7271835207939148,0.40567076206207275
YBR070C,YHR026W,0,2.4388022,0.1546649932861328,0.7271835207939148,0.4057709574699402
YML033W,YKL186C,0,2.4381073,0.15463271737098694,0.7271835207939148,0.4058711528778076
YOR264W,YBR103W,0,2.4380915,0.15460045635700226,0.7271835207939148,0.40597134828567505
YGL046W,YKR042W,0,2.4379668,0.15456821024417877,0.7271835207939148,0.4060715436935425
YGR109W-B,YDR404C,0,2.4378583,0.15453597903251648,0.7271835207939148,0.4061717391014099
YLL052C,YDR461W,0,2.4376242,0.1545037478208542,0.7271835207939148,0.40627190470695496
YDR412W,YPR046W,0,2.4375458,0.15447154641151428,0.7271835207939148,0.4063721001148224
YML099C,YPR002W,0,2.4373796,0.15443934500217438,0.7271835207939148,0.4064722955226898
YCL003W,YPL179W,0,2.437184,0.15440717339515686,0.7271835207939148,0.40657249093055725
YOR317W,YPL248C,0,2.4364355,0.15437500178813934,0.7271835207939148,0.4066726863384247
YDR300C,YLR391W,0,2.4363992,0.15434284508228302,0.7271835207939148,0.4067728817462921
YGL046W,YLL016W,0,2.4361312,0.1543107032775879,0.7271835207939148,0.40687304735183716
YAL033W,YPR025C,0,2.4359818,0.15427857637405396,0.7271835207939148,0.4069732427597046
YLR274W,YCL060C,0,2.4358912,0.1542464643716812,0.7271835207939148,0.407073438167572
YLR431C,YJL030W,0,2.4357674,0.15421436727046967,0.7271835207939148,0.40717363357543945
YHR132C,YCL062W,0,2.4356816,0.15418227016925812,0.7271835207939148,0.4072738289833069
YBR090C-A,YDR224C,1,2.4353163,0.15435822308063507,0.7281648516654968,0.4072738289833069
YMR054W,YLR289W,0,2.4351828,0.15432612597942352,0.7281648516654968,0.4073740243911743
YLR369W,YML075C,0,2.435132,0.15429402887821198,0.7281648516654968,0.40747418999671936
YFL035C,YHR007C,0,2.4350522,0.15426196157932281,0.7281648516654968,0.4075743854045868
YPR165W,YOR032C,0,2.4348514,0.15422989428043365,0.7281648516654968,0.4076745808124542
YPL208W,YDR469W,0,2.4348238,0.1541978418827057,0.7281648516654968,0.40777477622032166
YCR016W,YPL032C,0,2.4346774,0.15416580438613892,0.7281648516654968,0.4078749716281891
YIL121W,YOL112W,0,2.433026,0.15413378179073334,0.7281648516654968,0.4079751670360565
YML058W-A,YNL284C-A,0,2.4328349,0.15410175919532776,0.7281648516654968,0.40807533264160156
YDR261C-C,YMR234W,0,2.4327064,0.15406976640224457,0.7281648516654968,0.408175528049469
YCR055C,YOR260W,0,2.4324968,0.15403778851032257,0.7281648516654968,0.4082757234573364
YIL159W,YOR226C,0,2.4323425,0.15400581061840057,0.7281648516654968,0.40837591886520386
YPL187W,YBR042C,0,2.4321072,0.15397384762763977,0.7281648516654968,0.4084761142730713
YHL009W-A,YOR009W,0,2.4319155,0.15394191443920135,0.7281648516654968,0.4085763096809387
YLL027W,YPL158C,0,2.4317634,0.15390998125076294,0.7281648516654968,0.40867647528648376
YHR214C-C,YGL175C,0,2.4309351,0.15387806296348572,0.7281648516654968,0.4087766706943512
YJL214W,YMR234W,0,2.4305623,0.1538461595773697,0.7281648516654968,0.40887686610221863
YBR100W,YBR130C,0,2.4300466,0.15381425619125366,0.7281648516654968,0.40897706151008606
YFL035C,YHR104W,0,2.4299896,0.15378238260746002,0.7281648516654968,0.4090772569179535
YCL003W,YDR280W,0,2.4297397,0.15375052392482758,0.7281648516654968,0.40917742252349854
YOR038C,YCL003W,0,2.4297383,0.15371866524219513,0.7281648516654968,0.40927761793136597
YBL101W-B,YJL168C,0,2.4297137,0.15368682146072388,0.7281648516654968,0.4093778133392334
YCL029C,YJL081C,0,2.4292638,0.153655007481575,0.7281648516654968,0.40947800874710083
YGR169C,YLR151C,0,2.4292576,0.15362319350242615,0.7281648516654968,0.40957820415496826
YDR017C,YCL060C,0,2.4291294,0.15359139442443848,0.7281648516654968,0.4096783995628357
YMR309C,YER065C,0,2.4289143,0.1535595953464508,0.7281648516654968,0.40977856516838074
YER143W,YJL123C,0,2.4288976,0.15352782607078552,0.7281648516654968,0.40987876057624817
YNL138W,YIL119C,0,2.4284766,0.15349607169628143,0.7281648516654968,0.4099789559841156
YKR096W,YPR158W-A,0,2.4283497,0.15346431732177734,0.7281648516654968,0.41007915139198303
YKL200C,YDR043C,0,2.4283016,0.15343259274959564,0.7281648516654968,0.41017934679985046
YOR329C,YFL035C,0,2.4282475,0.15340086817741394,0.7281648516654968,0.4102795422077179
YOR180C,YLR185W,0,2.428246,0.15336915850639343,0.7281648516654968,0.41037970781326294
YCL011C,YDL113C,0,2.4280336,0.15333746373653412,0.7281648516654968,0.41047990322113037
YMR220W,YKL006W,0,2.4279008,0.153305783867836,0.7281648516654968,0.4105800986289978
YGL256W,YER108C,0,2.4276707,0.15327411890029907,0.7281648516654968,0.41068029403686523
YGR202C,YFL016C,0,2.4264946,0.15324246883392334,0.7281648516654968,0.41078048944473267
YGR078C,YGR027W-A,0,2.4264839,0.1532108187675476,0.7281648516654968,0.4108806848526001
YDR234W,YGR224W,0,2.4263346,0.15317918360233307,0.7281648516654968,0.41098085045814514
YCR055C,YPR060C,0,2.4261672,0.15314757823944092,0.7281648516654968,0.4110810458660126
YPR003C,YCR058C,0,2.426055,0.15311597287654877,0.7281648516654968,0.41118124127388
YBR100W,YIL153W,1,2.4260254,0.15329068899154663,0.7291462421417236,0.41118124127388
YJL058C,YJL204C,0,2.4258327,0.1532590687274933,0.7291462421417236,0.41128143668174744
YKL015W,YDR471W,0,2.425082,0.15322746336460114,0.7291462421417236,0.41138163208961487
YNL127W,YDL028C,0,2.4248664,0.15319587290287018,0.7291462421417236,0.4114818274974823
YGR092W,YCR087C-A,0,2.4247785,0.15316429734230042,0.7291462421417236,0.41158199310302734
YGR038C-B,YOL115W,0,2.4247334,0.15313272178173065,0.7291462421417236,0.4116821885108948
YGR186W,YDR415C,0,2.424733,0.15310117602348328,0.7291462421417236,0.4117823839187622
YJL216C,YKL029C,0,2.4241943,0.1530696302652359,0.7291462421417236,0.41188257932662964
YBR084C-A,YGR278W,0,2.4238973,0.15303809940814972,0.7291462421417236,0.41198277473449707
YGL043W,YMR169C,0,2.4236267,0.15300658345222473,0.7291462421417236,0.4120829701423645
YLR227W-A,YPL016W,0,2.4236019,0.15297508239746094,0.7291462421417236,0.41218313574790955
YIR004W,YPL183W-A,0,2.4235928,0.15294359624385834,0.7291462421417236,0.412283331155777
YDR082W,YKR060W,0,2.4235399,0.15291212499141693,0.7291462421417236,0.4123835265636444
YGR258C,YHL025W,1,2.423449,0.15308642387390137,0.7301275730133057,0.4123835265636444
YGR067C,YNL315C,0,2.4234252,0.15305492281913757,0.7301275730133057,0.41248372197151184
YDR261C,YCR080W,0,2.4232666,0.15302345156669617,0.7301275730133057,0.4125839173793793
YPL060C-A,YDR446W,0,2.4229887,0.15299198031425476,0.7301275730133057,0.4126841127872467
YJR144W,YPR164W,1,2.4228132,0.15316611528396606,0.7311089038848877,0.4126841127872467
YCR106W,YDR098C-B,0,2.4227633,0.15313462913036346,0.7311089038848877,0.41278427839279175
YBR268W,YHL022C,0,2.4226582,0.15310315787792206,0.7311089038848877,0.4128844738006592
YCR058C,YNL102W,0,2.4223776,0.15307170152664185,0.7311089038848877,0.4129846692085266
YOR237W,YHL003C,0,2.4220483,0.15304026007652283,0.7311089038848877,0.41308486461639404
YDL178W,YDR098C-B,0,2.4214532,0.153008833527565,0.7311089038848877,0.4131850600242615
YER087C-B,YLR249W,0,2.4214387,0.15297740697860718,0.7311089038848877,0.4132852554321289
YGL046W,YOR003W,0,2.421322,0.15294601023197174,0.7311089038848877,0.41338542103767395
YNL214W,YFR024C,0,2.4211094,0.1529146134853363,0.7311089038848877,0.4134856164455414
YIL173W,YFL024C,0,2.421004,0.15288323163986206,0.7311089038848877,0.4135858118534088
YJL035C,YHR111W,0,2.4204285,0.152851864695549,0.7311089038848877,0.41368600726127625
YGL142C,YJL004C,0,2.4199703,0.15282051265239716,0.7311089038848877,0.4137862026691437
YJR064W,YPR067W,0,2.419905,0.1527891755104065,0.7311089038848877,0.4138863980770111
YCR070W,YLR320W,0,2.4197624,0.15275783836841583,0.7311089038848877,0.41398656368255615
YGR285C,YPL116W,0,2.419631,0.15272653102874756,0.7311089038848877,0.4140867590904236
YDL155W,YGR013W,0,2.419366,0.15269522368907928,0.7311089038848877,0.414186954498291
YBR180W,YDR194C,0,2.4192708,0.1526639312505722,0.7311089038848877,0.41428714990615845
YDR098C,YJR107W,0,2.4191687,0.15263265371322632,0.7311089038848877,0.4143873453140259
YGL112C,YGR254W,0,2.4190326,0.15260139107704163,0.7311089038848877,0.4144875407218933
YOR363C,YER003C,0,2.418967,0.15257014334201813,0.7311089038848877,0.41458770632743835
YKL114C,YDL042C,1,2.4188507,0.1527436524629593,0.7320902943611145,0.41458770632743835
YAR042W,YNL284C-A,0,2.418847,0.1527123898267746,0.7320902943611145,0.4146879017353058
YGL212W,YNL194C,0,2.4186296,0.1526811271905899,0.7320902943611145,0.4147880971431732
YPL161C,YMR183C,0,2.418449,0.1526498943567276,0.7320902943611145,0.41488829255104065
YDL227C,YCL060C,0,2.4183834,0.1526186615228653,0.7320902943611145,0.4149884879589081
YGL046W,YGR247W,0,2.418248,0.15258744359016418,0.7320902943611145,0.4150886833667755
YJL208C,YLR460C,0,2.41799,0.15255624055862427,0.7320902943611145,0.41518884897232056
YJL216C,YGR121C,0,2.4178393,0.15252505242824554,0.7320902943611145,0.415289044380188
YOR192C,YER108C,0,2.4176333,0.15249386429786682,0.7320902943611145,0.4153892397880554
YHR175W,YGR027W-A,0,2.4171574,0.15246270596981049,0.7320902943611145,0.41548943519592285
YDL194W,YHR154W,0,2.4171035,0.15243154764175415,0.7320902943611145,0.4155896306037903
YMR005W,YPR158C-C,0,2.416907,0.152400404214859,0.7320902943611145,0.4156897962093353
YLL067C,YHR170W,0,2.416834,0.15236927568912506,0.7320902943611145,0.41578999161720276
YCL016C,YDL022W,0,2.4167233,0.1523381620645523,0.7320902943611145,0.4158901870250702
YKL168C,YER053C-A,0,2.4166768,0.15230706334114075,0.7320902943611145,0.4159903824329376
YCL005W-A,YNL147W,0,2.4166768,0.15227597951889038,0.7320902943611145,0.41609057784080505
YDR210W-D,YNL305C,0,2.4166768,0.15224489569664001,0.7320902943611145,0.4161907732486725
YFL035C-A,YLR394W,0,2.4166768,0.15221382677555084,0.7320902943611145,0.41629093885421753
YLR259C,YBL008W-A,0,2.4166768,0.15218278765678406,0.7320902943611145,0.41639113426208496
YBR090C-A,YMR173W,1,2.4166768,0.15235570073127747,0.7330716252326965,0.41639113426208496
YML109W,YDR210W-D,0,2.4166768,0.1523246318101883,0.7330716252326965,0.4164913296699524
YDR014W-A,YNL273W,1,2.4166768,0.15249745547771454,0.7340530157089233,0.4164913296699524
YLR391W-A,YPR135W,0,2.4166768,0.15246637165546417,0.7340530157089233,0.4165915250778198
YLR391W-A,YOL001W,0,2.4166768,0.152435302734375,0.7340530157089233,0.41669172048568726
YER053C-A,YOR250C,0,2.4166768,0.15240423381328583,0.7340530157089233,0.4167919158935547
YER095W,YDR014W-A,1,2.4166768,0.15257689356803894,0.7350343465805054,0.4167919158935547
YKR099C-A,YKL144C,0,2.4166768,0.15254582464694977,0.7350343465805054,0.41689208149909973
YCR093W,YJL133C-A,0,2.4166768,0.1525147557258606,0.7350343465805054,0.41699227690696716
YFL018W-A,YJL123C,0,2.4166768,0.1524837166070938,0.7350343465805054,0.4170924723148346
YFL035C-B,YLR016C,0,2.4166768,0.15245267748832703,0.7350343465805054,0.417192667722702
YKR095W-A,YNL122C,0,2.4166768,0.15242165327072144,0.7350343465805054,0.41729286313056946
YLR154W-A,YML059C,0,2.4166768,0.15239064395427704,0.7350343465805054,0.4173930585384369
YFL052W,YFL035C-B,0,2.4166768,0.15235963463783264,0.7350343465805054,0.41749322414398193
YJL012C-A,YGR109W-A,0,2.4166768,0.15232865512371063,0.7350343465805054,0.41759341955184937
YHR079C,YCL027C-A,0,2.4166768,0.15229767560958862,0.7350343465805054,0.4176936149597168
YDR524C-B,YLR181C,0,2.4166768,0.152266725897789,0.7350343465805054,0.41779381036758423
YBR100W,YHR085W,0,2.4166768,0.15223577618598938,0.7350343465805054,0.41789400577545166
YGL210W-A,YIL119C,0,2.4166768,0.15220484137535095,0.7350343465805054,0.4179942011833191
YEL036C,YDR524C-B,0,2.4166768,0.15217390656471252,0.7350343465805054,0.41809436678886414
YBR059C,YCL027C-A,0,2.4166768,0.15214300155639648,0.7350343465805054,0.41819456219673157
YOR343C-B,YGR121C,0,2.4166768,0.15211209654808044,0.7350343465805054,0.418294757604599
YLR391W-A,YNR006W,0,2.4166768,0.1520812213420868,0.7350343465805054,0.41839495301246643
YJL181W,YOL053C-A,0,2.4166768,0.15205034613609314,0.7350343465805054,0.41849514842033386
YGL210W-A,YLR025W,0,2.4166768,0.15201948583126068,0.7350343465805054,0.4185953438282013
YKL138C-A,YPR071W,0,2.4166768,0.15198864042758942,0.7350343465805054,0.41869550943374634
YLR154W-C,YLR004C,0,2.4166768,0.15195779502391815,0.7350343465805054,0.41879570484161377
YDR030C,YDR381C-A,0,2.4166768,0.15192697942256927,0.7350343465805054,0.4188959002494812
YMR068W,YMR268W-A,0,2.4166768,0.1518961638212204,0.7350343465805054,0.41899609565734863
YOR086C,YFL018W-A,0,2.4166768,0.15186536312103271,0.7350343465805054,0.41909629106521606
YCL062W,YLR337C,0,2.4166768,0.15183457732200623,0.7350343465805054,0.4191964864730835
YKR095W-A,YGR281W,0,2.4166768,0.15180380642414093,0.7350343465805054,0.41929665207862854
YBR111W-A,YLR336C,0,2.4166768,0.15177305042743683,0.7350343465805054,0.41939684748649597
YKR095W-A,YOR168W,0,2.4166768,0.15174229443073273,0.7350343465805054,0.4194970428943634
YDR079C-A,YBR100W,1,2.4166768,0.15191411972045898,0.7360156774520874,0.4194970428943634
YLR268W,YNL138W-A,0,2.4166768,0.1518833488225937,0.7360156774520874,0.41959723830223083
YKR095W-A,YGL163C,0,2.4166768,0.15185260772705078,0.7360156774520874,0.41969743371009827
YGL210W-A,YNR012W,0,2.4166768,0.15182186663150787,0.7360156774520874,0.4197976291179657
YOL086W-A,YAR035W,0,2.4166768,0.15179114043712616,0.7360156774520874,0.41989779472351074
YKR099C-A,YKL188C,0,2.4166768,0.15176041424274445,0.7360156774520874,0.4199979901313782
YDR524C-B,YJL184W,0,2.4166768,0.15172971785068512,0.7360156774520874,0.4200981855392456
YJL012C-A,YPR141C,0,2.4166768,0.151699036359787,0.7360156774520874,0.42019838094711304
YDR210W-D,YJR054W,0,2.4166768,0.15166835486888885,0.7360156774520874,0.42029857635498047
YBR253W,YOR343C-A,0,2.4166768,0.15163768827915192,0.7360156774520874,0.4203987717628479
YFR046C,YNL138W-A,0,2.4166768,0.15160703659057617,0.7360156774520874,0.42049893736839294
YOL077W-A,YER087C-B,0,2.4166768,0.15157639980316162,0.7360156774520874,0.4205991327762604
YEL027W,YOR343C-B,0,2.4166768,0.15154576301574707,0.7360156774520874,0.4206993281841278
YDR014W-A,YEL051W,0,2.4166768,0.1515151560306549,0.7360156774520874,0.42079952359199524
YHR194W,YDR210W-D,0,2.4166768,0.15148454904556274,0.7360156774520874,0.42089971899986267
YPL075W,YCL027C-A,0,2.4166768,0.15145395696163177,0.7360156774520874,0.4209999144077301
YMR203W,YOL086W-A,0,2.4166768,0.151423379778862,0.7360156774520874,0.42110008001327515
YFL018W-A,YCR030C,0,2.4166768,0.15139281749725342,0.7360156774520874,0.4212002754211426
YOR237W,YNL024C-A,0,2.4166768,0.15136225521564484,0.7360156774520874,0.42130047082901
YKR099C-A,YNL214W,0,2.4166768,0.15133172273635864,0.7360156774520874,0.42140066623687744
YER053C-A,YER002W,0,2.4166768,0.15130119025707245,0.7360156774520874,0.4215008616447449
YDR300C,YNL024C-A,0,2.4166768,0.15127067267894745,0.7360156774520874,0.4216010272502899
YKL138C-A,YJL079C,0,2.4166768,0.15124017000198364,0.7360156774520874,0.42170122265815735
YGR031C-A,YOL057W,0,2.4166768,0.15120968222618103,0.7360156774520874,0.4218014180660248
YML069W,YLR391W-A,0,2.4166768,0.15117919445037842,0.7360156774520874,0.4219016134738922
YCL005W-A,YGR085C,0,2.4166768,0.1511487364768982,0.7360156774520874,0.42200180888175964
YKR095W-A,YKL125W,0,2.4166768,0.15111827850341797,0.7360156774520874,0.4221020042896271
YGL046W,YMR079W,0,2.4166768,0.15108783543109894,0.7360156774520874,0.4222021698951721
YCL005W-A,YLR323C,0,2.4166768,0.1510574072599411,0.7360156774520874,0.42230236530303955
YKL096W-A,YJL133C-A,0,2.4166768,0.15102697908878326,0.7360156774520874,0.422402560710907
YDR098C-B,YMR268W-A,0,2.4166768,0.15099658071994781,0.7360156774520874,0.4225027561187744
YGL210W-A,YHR156C,0,2.4166768,0.15096618235111237,0.7360156774520874,0.42260295152664185
YBR075W,YAR009C,0,2.4166768,0.1509357988834381,0.7360156774520874,0.4227031469345093
YHR082C,YFL018W-A,0,2.4166768,0.15090543031692505,0.7360156774520874,0.4228033125400543
YDL134C-A,YHR109W,0,2.4166768,0.15087507665157318,0.7360156774520874,0.42290350794792175
YDL134C-A,YER053C-A,0,2.4166768,0.1508447378873825,0.7360156774520874,0.4230037033557892
YIL037C,YFL011W-A,0,2.4166768,0.15081439912319183,0.7360156774520874,0.4231038987636566
YOR343C-A,YNL138W-A,0,2.4166768,0.15078407526016235,0.7360156774520874,0.42320409417152405
YCR036W,YKL138C-A,0,2.4166768,0.15075376629829407,0.7360156774520874,0.4233042895793915
YCL005W-A,YPL104W,0,2.4166768,0.15072347223758698,0.7360156774520874,0.4234044551849365
YER054C,YNL138W-A,0,2.4166768,0.15069319307804108,0.7360156774520874,0.42350465059280396
YBR111W-A,YNL097C,0,2.4166768,0.15066291391849518,0.7360156774520874,0.4236048460006714
YGR023W,YOL053C-A,0,2.4166768,0.15063266456127167,0.7360156774520874,0.4237050414085388
YBR192W,YMR268W-A,0,2.4166768,0.15060241520404816,0.7360156774520874,0.42380523681640625
YDR499W,YDR014W-A,1,2.4166768,0.15077294409275055,0.7369970679283142,0.42380523681640625
YHR006W,YBR090C-A,0,2.4166768,0.15074267983436584,0.7369970679283142,0.4239054322242737
YBR111W-A,YDR198C,0,2.4166768,0.15071241557598114,0.7369970679283142,0.4240055978298187
YOL086W-A,YDR085C,0,2.4166768,0.15068218111991882,0.7369970679283142,0.42410579323768616
YDR524C-B,YBR150C,0,2.4166768,0.1506519615650177,0.7369970679283142,0.4242059886455536
YLR329W,YNL138W-A,0,2.4166768,0.15062174201011658,0.7369970679283142,0.424306184053421
YDL188C,YJL133C-A,0,2.4166768,0.15059153735637665,0.7369970679283142,0.42440637946128845
YHR079C-B,YLL032C,0,2.4166768,0.1505613476037979,0.7369970679283142,0.4245065748691559
YOR059C,YNL024C-A,0,2.4166768,0.15053117275238037,0.7369970679283142,0.4246067404747009
YGL063W,YMR268W-A,0,2.4166768,0.15050099790096283,0.7369970679283142,0.42470693588256836
YDR524C-B,YJR035W,0,2.4166768,0.15047085285186768,0.7369970679283142,0.4248071312904358
YFL035C-A,YLR144C,0,2.4166768,0.15044070780277252,0.7369970679283142,0.4249073266983032
YBR090C-A,YNL262W,1,2.4166768,0.15061084926128387,0.7379783987998962,0.4249073266983032
YCL005W-A,YGR109W-A,0,2.4166768,0.15058070421218872,0.7379783987998962,0.42500752210617065
YPR003C,YGR031C-A,0,2.4166768,0.15055054426193237,0.7379783987998962,0.4251077175140381
YLR154W-A,YJR046W,0,2.4166768,0.1505204141139984,0.7379783987998962,0.42520788311958313
YDR014W-A,YDL223C,0,2.4166768,0.15049029886722565,0.7379783987998962,0.42530807852745056
YDR225W,YDR014W-A,1,2.4166768,0.15066026151180267,0.738959789276123,0.42530807852745056
YBL071W-A,YNL138W-A,0,2.4166768,0.1506301313638687,0.738959789276123,0.425408273935318
YNL327W,YOL053C-A,0,2.4166768,0.15060000121593475,0.738959789276123,0.4255084693431854
YPL001W,YDR014W-A,1,2.4166768,0.15076984465122223,0.7399411201477051,0.4255084693431854
YKL119C,YKL138C-A,0,2.4166768,0.15073969960212708,0.7399411201477051,0.42560866475105286
YGR036C,YDR014W-A,0,2.4166768,0.15070956945419312,0.7399411201477051,0.4257088601589203
YKL095W,YDR210W-C,0,2.4166768,0.15067945420742035,0.7399411201477051,0.42580902576446533
YPL168W,YOL053C-A,0,2.4166768,0.15064935386180878,0.7399411201477051,0.42590922117233276
YBR070C,YOL086W-A,0,2.4166768,0.1506192535161972,0.7399411201477051,0.4260094165802002
YDL134C-A,YJL160C,0,2.4166768,0.15058916807174683,0.7399411201477051,0.4261096119880676
YCL033C,YFL011W-A,0,2.4166768,0.15055911242961884,0.7399411201477051,0.42620980739593506
YGR031C-A,YLR336C,0,2.4166768,0.15052904188632965,0.7399411201477051,0.4263100028038025
YGL210W-A,YDR259C,0,2.4166768,0.15049900114536285,0.7399411201477051,0.42641016840934753
YDR524C-B,YGR023W,0,2.4166768,0.15046897530555725,0.7399411201477051,0.42651036381721497
YBL018C,YOL053C-A,0,2.4166768,0.15043894946575165,0.7399411201477051,0.4266105592250824
YBR111W-A,YAL014C,0,2.4166768,0.15040893852710724,0.7399411201477051,0.42671075463294983
YDR524C-B,YGR048W,0,2.4166768,0.15037894248962402,0.7399411201477051,0.42681095004081726
YDR524C-B,YLL057C,0,2.4166768,0.1503489464521408,0.7399411201477051,0.4269111454486847
YIL022W,YNL138W-A,0,2.4166768,0.15031898021697998,0.7399411201477051,0.42701131105422974
YBL008W-A,YFL031W,0,2.4166768,0.15028901398181915,0.7399411201477051,0.42711150646209717
YGL210W-A,YPL045W,0,2.4166768,0.15025906264781952,0.7399411201477051,0.4272117018699646
YJL113W,YFL011W-A,0,2.4166768,0.15022912621498108,0.7399411201477051,0.42731189727783203
YOR343C-A,YDL061C,0,2.4166768,0.15019920468330383,0.7399411201477051,0.42741209268569946
YJR125C,YNL024C-A,0,2.4166768,0.1501692831516266,0.7399411201477051,0.4275122880935669
YBL008W-A,YJR077C,0,2.4166768,0.15013939142227173,0.7399411201477051,0.42761245369911194
YHL038C,YFL011W-A,0,2.4166768,0.15010949969291687,0.7399411201477051,0.42771264910697937
YGL027C,YOR343C-B,0,2.4166768,0.1500796228647232,0.7399411201477051,0.4278128445148468
YLR154W-C,YDL198C,0,2.4166768,0.15004974603652954,0.7399411201477051,0.42791303992271423
YKL097W-A,YDR365W-A,0,2.4166768,0.15001989901065826,0.7399411201477051,0.42801323533058167
YDR488C,YOR343C-A,0,2.4166768,0.149990051984787,0.7399411201477051,0.4281134009361267
YCR058C,YHR183W,0,2.4166768,0.1499602198600769,0.7399411201477051,0.42821359634399414
YOL121C,YDR210W-D,0,2.4166768,0.14993040263652802,0.7399411201477051,0.4283137917518616
YOL053C-A,YIL114C,0,2.4166768,0.14990060031414032,0.7399411201477051,0.428413987159729
YBR111W-A,YLR367W,0,2.4166768,0.14987079799175262,0.7399411201477051,0.42851418256759644
YDR545W,YNL138W-A,0,2.4166768,0.14984101057052612,0.7399411201477051,0.42861437797546387
YFL035C-A,YDR331W,0,2.4166768,0.149811252951622,0.7399411201477051,0.4287145435810089
YLR391W-A,YLR268W,0,2.4166768,0.1497814804315567,0.7399411201477051,0.42881473898887634
YKR099C-A,YNR053C,0,2.4166768,0.14975173771381378,0.7399411201477051,0.4289149343967438
YLR154W-C,YLR216C,0,2.4166768,0.14972199499607086,0.7399411201477051,0.4290151298046112
YDR210W-C,YFR025C,0,2.4166768,0.14969228208065033,0.7399411201477051,0.42911532521247864
YMR225C,YNL138W-A,0,2.4166768,0.1496625691652298,0.7399411201477051,0.42921552062034607
YGL210W-A,YOL102C,0,2.4166768,0.14963285624980927,0.7399411201477051,0.4293156862258911
YLR413W,YDR524C-B,0,2.4166768,0.14960317313671112,0.7399411201477051,0.42941588163375854
YAR007C,YDR014W-A,1,2.4166768,0.14977186918258667,0.7409224510192871,0.42941588163375854
YLR154W-A,YPR033C,0,2.4166768,0.14974217116832733,0.7409224510192871,0.429516077041626
YPL215W,YLR154W-A,0,2.4166768,0.149712473154068,0.7409224510192871,0.4296162724494934
YFL035C-A,YPL223C,0,2.4166768,0.14968279004096985,0.7409224510192871,0.42971646785736084
YKL032C,YOL086W-A,0,2.4166768,0.1496531218290329,0.7409224510192871,0.42981666326522827
YJL133C-A,YEL077C,0,2.4166768,0.14962346851825714,0.7409224510192871,0.4299168288707733
YER167W,YJL012C-A,0,2.4166768,0.14959381520748138,0.7409224510192871,0.43001702427864075
YCL026C-B,YFR024C,0,2.4166768,0.14956417679786682,0.7409224510192871,0.4301172196865082
YMR078C,YNL138W-A,0,2.4166768,0.14953456819057465,0.7409224510192871,0.4302174150943756
YNL003C,YMR268W-A,0,2.4166768,0.14950494468212128,0.7409224510192871,0.43031761050224304
YGR225W,YCL027C-A,0,2.4166768,0.1494753509759903,0.7409224510192871,0.4304178059101105
YPL192C,YBR200W-A,0,2.4166768,0.14944575726985931,0.7409224510192871,0.4305179715156555
YDR079C-A,YDR138W,1,2.4166768,0.1496140956878662,0.7419038414955139,0.4305179715156555
YER108C,YNL024C-A,0,2.4166768,0.14958448708057404,0.7419038414955139,0.43061816692352295
YPL105C,YLR391W-A,0,2.4166768,0.14955489337444305,0.7419038414955139,0.4307183623313904
YOL129W,YNL138W-A,0,2.4166768,0.14952531456947327,0.7419038414955139,0.4308185577392578
YLR435W,YDR210W-D,0,2.4166768,0.14949575066566467,0.7419038414955139,0.43091875314712524
YDR381W,YNL024C-A,0,2.4166768,0.14946618676185608,0.7419038414955139,0.4310189485549927
YCL012W,YJR101W,0,2.4166768,0.14943665266036987,0.7419038414955139,0.4311191141605377
YOR343C-B,YJL166W,0,2.4166768,0.14940711855888367,0.7419038414955139,0.43121930956840515
YLR391W-A,YJR132W,0,2.4166768,0.14937759935855865,0.7419038414955139,0.4313195049762726
YDR210W-C,YLR220W,0,2.4166768,0.14934808015823364,0.7419038414955139,0.43141970038414
YER053C-A,YJL174W,0,2.4166768,0.14931859076023102,0.7419038414955139,0.43151989579200745
YDR210W-C,YNL239W,0,2.4166768,0.1492891013622284,0.7419038414955139,0.4316200911998749
YCL026C-B,YIL082W-A,0,2.4166768,0.14925962686538696,0.7419038414955139,0.4317202568054199
YKR095W-A,YNL025C,0,2.4166768,0.14923016726970673,0.7419038414955139,0.43182045221328735
YKR095W-A,YDR268W,0,2.4166768,0.1492007076740265,0.7419038414955139,0.4319206476211548
YDR210W-C,YER178W,0,2.4166768,0.14917127788066864,0.7419038414955139,0.4320208430290222
YBR132C,YJL133C-A,0,2.4166768,0.1491418480873108,0.7419038414955139,0.43212103843688965
YLR154W-A,YGL008C,0,2.4166768,0.14911243319511414,0.7419038414955139,0.4322212338447571
YJL133C-A,YML062C,0,2.4166768,0.14908301830291748,0.7419038414955139,0.4323213994503021
YLR154W-A,YMR200W,0,2.4166768,0.1490536332130432,0.7419038414955139,0.43242159485816956
YGR264C,YNL138W-A,0,2.4166768,0.14902424812316895,0.7419038414955139,0.432521790266037
YFL018W-A,YJR031C,0,2.4166768,0.14899487793445587,0.7419038414955139,0.4326219856739044
YJL012C-A,YJL020C,0,2.4166768,0.148965522646904,0.7419038414955139,0.43272218108177185
YPL141C,YDR524C-B,0,2.4166768,0.1489361673593521,0.7419038414955139,0.4328223764896393
YPL253C,YKL138C-A,0,2.4166768,0.14890684187412262,0.7419038414955139,0.4329225420951843
YOR273C,YNL024C-A,0,2.4166768,0.14887751638889313,0.7419038414955139,0.43302273750305176
YNL290W,YMR268W-A,0,2.4166768,0.14884820580482483,0.7419038414955139,0.4331229329109192
YIR004W,YOR343C-B,0,2.4166768,0.14881889522075653,0.7419038414955139,0.4332231283187866
YMR277W,YER108C,0,2.4164407,0.14878961443901062,0.7419038414955139,0.43332332372665405
YPR133W-A,YDR186C,0,2.4164143,0.1487603336572647,0.7419038414955139,0.4334235191345215
YPL176C,YNL090W,0,2.416305,0.14873106777668,0.7419038414955139,0.43352368474006653
YHR134W,YBR100W,1,2.4162815,0.14889851212501526,0.742885172367096,0.43352368474006653
YEL044W,YPL257W-B,0,2.4162085,0.14886921644210815,0.742885172367096,0.43362388014793396
YPL056C,YPR106W,0,2.4160163,0.14883995056152344,0.742885172367096,0.4337240755558014
YPL122C,YHR056C,1,2.4158664,0.14900727570056915,0.7438665628433228,0.4337240755558014
YLR110C,YER063W,0,2.4157631,0.14897798001766205,0.7438665628433228,0.4338242709636688
YML039W,YHR156C,0,2.415518,0.14894871413707733,0.7438665628433228,0.43392446637153625
YCL012W,YNL186W,0,2.4151027,0.14891944825649261,0.7438665628433228,0.4340246319770813
YOR368W,YMR234W,0,2.415015,0.1488901972770691,0.7438665628433228,0.43412482738494873
YML058W-A,YJR006W,1,2.4148328,0.14905734360218048,0.7448478937149048,0.43412482738494873
YOL135C,YKL161C,0,2.4145076,0.14902807772159576,0.7448478937149048,0.43422502279281616
YFL035C,YKL084W,0,2.4144218,0.14899882674217224,0.7448478937149048,0.4343252182006836
YDL220C,YDR214W,0,2.4142482,0.14896957576274872,0.7448478937149048,0.434425413608551
YPL124W,YHL017W,0,2.414226,0.1489403396844864,0.7448478937149048,0.43452560901641846
YOL119C,YGL073W,0,2.4139705,0.14891111850738525,0.7448478937149048,0.4346257746219635
YLR227W-B,YIL068C,0,2.4139483,0.1488819122314453,0.7448478937149048,0.43472597002983093
YBR015C,YDR256C,0,2.413852,0.14885272085666656,0.7448478937149048,0.43482616543769836
YEL036C,YOR216C,0,2.4137475,0.14882352948188782,0.7448478937149048,0.4349263608455658
YCL003W,YLR249W,0,2.4134657,0.14879435300827026,0.7448478937149048,0.4350265562534332
YGR161C-C,YOR095C,0,2.4133906,0.1487651914358139,0.7448478937149048,0.43512675166130066
YHR120W,YBR100W,1,2.4129503,0.14893199503421783,0.7458292245864868,0.43512675166130066
YML014W,YLR391W,0,2.4129064,0.14890281856060028,0.7458292245864868,0.4352269172668457
YOR085W,YLL054C,0,2.4128873,0.14887365698814392,0.7458292245864868,0.43532711267471313
YNL290W,YBR090C-A,1,2.4128633,0.1490403413772583,0.7468106150627136,0.43532711267471313
YBL026W,YLR307W,0,2.412863,0.14901116490364075,0.7468106150627136,0.43542730808258057
YBR215W,YLR249W,0,2.4126344,0.1489819884300232,0.7468106150627136,0.435527503490448
YML033W,YKL015W,0,2.4123633,0.14895282685756683,0.7468106150627136,0.43562769889831543
YBR075W,YMR276W,0,2.4123304,0.14892368018627167,0.7468106150627136,0.43572789430618286
YPR082C,YLR209C,0,2.4120882,0.1488945484161377,0.7468106150627136,0.4358280599117279
YOR291W,YER108C,0,2.4117515,0.14886541664600372,0.7468106150627136,0.43592825531959534
YNL282W,YLR227W-B,0,2.4116633,0.14883629977703094,0.7468106150627136,0.43602845072746277
YBR195C,YDR381W,1,2.4113343,0.14900273084640503,0.7477919459342957,0.43602845072746277
YGR092W,YEL070W,0,2.411304,0.14897361397743225,0.7477919459342957,0.4361286461353302
YLR256W-A,YKR052C,0,2.4110677,0.14894448220729828,0.7477919459342957,0.43622884154319763
YGL046W,YPR010C,0,2.4109702,0.1489153802394867,0.7477919459342957,0.43632903695106506
YML058W-A,YGL094C,1,2.4107933,0.14908167719841003,0.7487733364105225,0.43632903695106506
YCR097WB,YER179W,0,2.4103029,0.14905254542827606,0.7487733364105225,0.4364292025566101
YDL104C,YFL018C,0,2.409919,0.14902344346046448,0.7487733364105225,0.43652939796447754
YDR439W,YER011W,0,2.4098704,0.1489943414926529,0.7487733364105225,0.43662959337234497
YKL144C,YPR071W,0,2.409826,0.1489652544260025,0.7487733364105225,0.4367297887802124
YNL250W,YBR090C-A,1,2.4097867,0.14913137257099152,0.7497546672821045,0.4367297887802124
YCR055C,YLR307W,0,2.409488,0.14910227060317993,0.7497546672821045,0.43682998418807983
YBL007C,YPL036W,0,2.409188,0.14907316863536835,0.7497546672821045,0.43693017959594727
YLL051C,YCR097WB,0,2.4091623,0.14904408156871796,0.7497546672821045,0.4370303452014923
YJR083C,YJL155C,0,2.4088244,0.14901502430438995,0.7497546672821045,0.43713054060935974
YPR101W,YPL122C,0,2.4085104,0.14898595213890076,0.7497546672821045,0.4372307360172272
YLR410W-A,YJL207C,0,2.4083617,0.14895690977573395,0.7497546672821045,0.4373309314250946
YFL035C,YBR115C,0,2.4083023,0.14892788231372833,0.7497546672821045,0.43743112683296204
YMR156C,YBR090C-A,1,2.408016,0.14909374713897705,0.7507359981536865,0.43743112683296204
YIL040W,YGR038C-B,0,2.4077313,0.14906468987464905,0.7507359981536865,0.43753132224082947
YCR055C,YBR260C,0,2.4075706,0.14903564751148224,0.7507359981536865,0.4376314878463745
YNL264C,YOL154W,0,2.407451,0.14900662004947662,0.7507359981536865,0.43773168325424194
YDR206W,YBL112C,0,2.4074342,0.1489776074886322,0.7507359981536865,0.4378318786621094
YCR107W,YML102W,0,2.4073925,0.14894859492778778,0.7507359981536865,0.4379320740699768
YDR385W,YOR100C,0,2.4073472,0.14891959726810455,0.7507359981536865,0.43803226947784424
YNL009W,YJL018W,0,2.4070168,0.14889061450958252,0.7507359981536865,0.43813246488571167
YHR148W,YPR151C,0,2.406981,0.14886164665222168,0.7507359981536865,0.4382326304912567
YBL101W-B,YLR047C,0,2.4069645,0.14883267879486084,0.7507359981536865,0.43833282589912415
YKL097W-A,YLR194C,0,2.4069579,0.1488037407398224,0.7507359981536865,0.4384330213069916
YCR070W,YNL194C,0,2.4069417,0.14877480268478394,0.7507359981536865,0.438533216714859
YIL017W,YOR319W,0,2.4069326,0.14874586462974548,0.7507359981536865,0.43863341212272644
YNL078W,YCL060C,0,2.4068763,0.14871695637702942,0.7507359981536865,0.43873360753059387
YOR301W,YER028C,0,2.4068463,0.14868804812431335,0.7507359981536865,0.4388337731361389
YAL061W,YDR365W-B,0,2.4067528,0.14865915477275848,0.7507359981536865,0.43893396854400635
YHR050W,YKL208W,0,2.4066534,0.1486302763223648,0.7507359981536865,0.4390341639518738
YEL039C,YHR026W,0,2.4065435,0.14860139787197113,0.7507359981536865,0.4391343593597412
YBR100W,YOR138C,0,2.4064057,0.14857253432273865,0.7507359981536865,0.43923455476760864
YDR027C,YER108C,0,2.4063275,0.14854368567466736,0.7507359981536865,0.4393347501754761
YML033W,YMR040W,0,2.406198,0.14851485192775726,0.7507359981536865,0.4394349157810211
YGL046W,YCL019W,0,2.4061837,0.14848601818084717,0.7507359981536865,0.43953511118888855
YBR100W,YML095C,1,2.4061518,0.14865127205848694,0.7517173886299133,0.43953511118888855
YCR055C,YBR189W,0,2.4061458,0.14862242341041565,0.7517173886299133,0.439635306596756
YBR075W,YOR207C,0,2.4061446,0.14859360456466675,0.7517173886299133,0.4397355020046234
YDR059C,YPR007C,0,2.4061158,0.14856478571891785,0.7517173886299133,0.43983569741249084
YGL046W,YER071C,0,2.4060776,0.14853596687316895,0.7517173886299133,0.4399358928203583
YCL062W,YPL232W,0,2.4060433,0.14850717782974243,0.7517173886299133,0.4400360584259033
YML033W,YFL026W,0,2.4057672,0.14847838878631592,0.7517173886299133,0.44013625383377075
YCL003W,YEL077C,0,2.405759,0.1484496146440506,0.7517173886299133,0.4402364492416382
YLR256W-A,YPR008W,0,2.4057364,0.14842085540294647,0.7517173886299133,0.4403366446495056
YKL069W,YBR090C-A,0,2.4057283,0.14839209616184235,0.7517173886299133,0.44043684005737305
YER159C,YKL097W-A,0,2.4056606,0.14836335182189941,0.7517173886299133,0.4405370056629181
YCR080W,YIL085C,0,2.4056482,0.14833462238311768,0.7517173886299133,0.4406372010707855
YJL196C,YJL018W,0,2.4055336,0.14830590784549713,0.7517173886299133,0.44073739647865295
YCR097WB,YER044C-A,0,2.4054062,0.1482771933078766,0.7517173886299133,0.4408375918865204
YCL062W,YDL103C,0,2.4053752,0.14824849367141724,0.7517173886299133,0.4409377872943878
YER104W,YJL018W,0,2.4052362,0.14821980893611908,0.7517173886299133,0.44103798270225525
YBR100W,YMR234W,0,2.4051902,0.14819113910198212,0.7517173886299133,0.4411381483078003
YKL095W,YDL077C,0,2.4050117,0.14816246926784515,0.7517173886299133,0.4412383437156677
YOR216C,YER108C,0,2.4046452,0.14813382923603058,0.7517173886299133,0.44133853912353516
YGR067C,YBL101W-B,0,2.4045513,0.1481051743030548,0.7517173886299133,0.4414387345314026
YGR161C-D,YHR057C,0,2.4044476,0.14807654917240143,0.7517173886299133,0.44153892993927
YCR080W,YDL049C,0,2.4044356,0.14804793894290924,0.7517173886299133,0.44163912534713745
YML045W-A,YNL246W,0,2.4043746,0.14801932871341705,0.7517173886299133,0.4417392909526825
YLR377C,YCL060C,0,2.4043458,0.14799073338508606,0.7517173886299133,0.4418394863605499
YCR080W,YPL032C,0,2.4043367,0.14796213805675507,0.7517173886299133,0.44193968176841736
YDR288W,YHR079C-B,1,2.4042914,0.14812669157981873,0.7526987195014954,0.44193968176841736
YJR006W,YJL021C,0,2.4042084,0.14809808135032654,0.7526987195014954,0.4420398771762848
YPR173C,YCL060C,0,2.4042025,0.14806950092315674,0.7526987195014954,0.4421400725841522
YAR007C,YBR090C-A,1,2.404202,0.14823393523693085,0.7536800503730774,0.4421400725841522
YGL038C,YKL097W-A,0,2.4041035,0.14820532500743866,0.7536800503730774,0.44224026799201965
YDR179C,YOL115W,0,2.4040532,0.14817672967910767,0.7536800503730774,0.4423404335975647
YBR192W,YGL189C,0,2.4040067,0.14814814925193787,0.7536800503730774,0.44244062900543213
YGR183C,YIL167W,0,2.4038217,0.14811956882476807,0.7536800503730774,0.44254082441329956
YGR056W,YLL036C,1,2.4028,0.14828383922576904,0.7546614408493042,0.44254082441329956
YOR328W,YGL076C,0,2.4022489,0.14825525879859924,0.7546614408493042,0.442641019821167
YFR024C,YLR052W,0,2.4022262,0.14822667837142944,0.7546614408493042,0.4427412152290344
YIL103W,YMR270C,0,2.4019186,0.14819811284542084,0.7546614408493042,0.44284141063690186
YOR138C,YCL044C,0,2.401694,0.14816956222057343,0.7546614408493042,0.4429415762424469
YOL066C,YCR070W,0,2.4010825,0.148141011595726,0.7546614408493042,0.44304177165031433
YCR005C,YBR080C,0,2.4008927,0.1481124758720398,0.7546614408493042,0.44314196705818176
YDL140C,YER019W,0,2.4006152,0.14808395504951477,0.7546614408493042,0.4432421624660492
YKL152C,YGR027W-A,0,2.3999395,0.14805544912815094,0.7546614408493042,0.4433423578739166
YIL035C,YBR173C,0,2.399819,0.1480269432067871,0.7546614408493042,0.44344255328178406
YNL029C,YPR058W,0,2.3995397,0.14799846708774567,0.7546614408493042,0.4435427188873291
YLR068W,YMR288W,0,2.399349,0.14796997606754303,0.7546614408493042,0.44364291429519653
YOR048C,YOR172W,0,2.398967,0.14794151484966278,0.7546614408493042,0.44374310970306396
YDR079W,YBL076C,0,2.3985577,0.14791305363178253,0.7546614408493042,0.4438433051109314
YGL067W,YCL060C,0,2.3984897,0.14788462221622467,0.7546614408493042,0.44394350051879883
YDL201W,YOR190W,0,2.3983204,0.14785617589950562,0.7546614408493042,0.44404369592666626
YER055C,YGL153W,0,2.3981075,0.14782775938510895,0.7546614408493042,0.4441438615322113
YDR373W,YNL132W,0,2.3976514,0.14779934287071228,0.7546614408493042,0.44424405694007874
YDR227W,YJL176C,0,2.3974712,0.1477709412574768,0.7546614408493042,0.44434425234794617
YER090W,YJR027W,0,2.3969142,0.14774255454540253,0.7546614408493042,0.4444444477558136
YNL054W-A,YCR044C,0,2.3964775,0.14771418273448944,0.7546614408493042,0.44454464316368103
YGL005C,YFL057C,0,2.3962204,0.14768581092357635,0.7546614408493042,0.44464483857154846
YBR100W,YER032W,0,2.3954508,0.14765745401382446,0.7546614408493042,0.4447450041770935
YOR234C,YMR228W,0,2.3953207,0.14762909710407257,0.7546614408493042,0.44484519958496094
YOR357C,YBR278W,0,2.3952982,0.14760076999664307,0.7546614408493042,0.44494539499282837
YJL209W,YKL200C,0,2.39518,0.14757244288921356,0.7546614408493042,0.4450455904006958
YJL082W,YBR154C,0,2.3949015,0.14754413068294525,0.7546614408493042,0.44514578580856323
YOL052C,YPR158W-A,0,2.3946047,0.14751581847667694,0.7546614408493042,0.44524598121643066
YKL119C,YJR056C,0,2.3945324,0.14748753607273102,0.7546614408493042,0.4453461468219757
YNL050C,YDR150W,0,2.3945296,0.1474592536687851,0.7546614408493042,0.44544634222984314
YHR107C,YBR168W,0,2.394519,0.14743098616600037,0.7546614408493042,0.44554653763771057
YBL084C,YNR035C,0,2.3945022,0.14740271866321564,0.7546614408493042,0.445646733045578
YKL049C,YNL326C,0,2.3938775,0.1473744660615921,0.7546614408493042,0.44574692845344543
YCR080W,YNL300W,0,2.3938465,0.14734622836112976,0.7546614408493042,0.44584712386131287
YPR083W,YNL299W,0,2.3938441,0.1473180055618286,0.7546614408493042,0.4459472894668579
YCL018W,YDR153C,0,2.3938334,0.14728979766368866,0.7546614408493042,0.44604748487472534
YKL062W,YCL067C,0,2.3935134,0.1472615897655487,0.7546614408493042,0.4461476802825928
YDR499W,YER016W,0,2.393206,0.14723339676856995,0.7546614408493042,0.4462478756904602
YDR081C,YDL202W,0,2.3931882,0.1472052037715912,0.7546614408493042,0.44634807109832764
YKL157W,YDR098C-B,0,2.393011,0.14717704057693481,0.7546614408493042,0.44644826650619507
YNR073C,YML025C,0,2.392946,0.14714887738227844,0.7546614408493042,0.4465484321117401
YCR070W,YML006C,0,2.3929088,0.14712071418762207,0.7546614408493042,0.44664862751960754
YJL098W,YLR157C-B,0,2.3926919,0.14709258079528809,0.7546614408493042,0.446748822927475
YGR142W,YBL101W-B,0,2.3926542,0.1470644474029541,0.7546614408493042,0.4468490183353424
YDR226W,YDR180W,0,2.3926537,0.1470363289117813,0.7546614408493042,0.44694921374320984
YPL208W,YEL053C,0,2.3926382,0.14700822532176971,0.7546614408493042,0.4470493793487549
YPL228W,YGR038C-B,0,2.3925679,0.14698012173175812,0.7546614408493042,0.4471495747566223
YDR207C,YBR150C,0,2.3918154,0.14695203304290771,0.7546614408493042,0.44724977016448975
YDR386W,YBR100W,1,2.3915954,0.14711502194404602,0.7556427717208862,0.44724977016448975
YFR029W,YHR029C,0,2.390335,0.14708691835403442,0.7556427717208862,0.4473499655723572
YBL014C,YGL116W,0,2.3902938,0.14705882966518402,0.7556427717208862,0.4474501609802246
YLR376C,YHR079C-B,1,2.3898163,0.14722168445587158,0.756624162197113,0.4474501609802246
YKL003C,YCL060C,0,2.3897507,0.14719358086585999,0.756624162197113,0.44755035638809204
YCL003W,YOR141C,0,2.3896246,0.14716549217700958,0.756624162197113,0.4476505219936371
YPR133C,YDL022W,0,2.3895755,0.14713740348815918,0.756624162197113,0.4477507174015045
YDR098C-A,YCR017C,0,2.3889992,0.14710932970046997,0.756624162197113,0.44785091280937195
YDR285W,YLR059C,0,2.3888185,0.14708127081394196,0.756624162197113,0.4479511082172394
YCR016W,YER075C,0,2.3885314,0.14705321192741394,0.756624162197113,0.4480513036251068
YGL184C,YGR282C,0,2.388408,0.14702516794204712,0.756624162197113,0.44815149903297424
YDL022W,YPR182W,0,2.3883173,0.1469971388578415,0.756624162197113,0.4482516646385193
YBL056W,YGL259W,0,2.3882115,0.14696912467479706,0.756624162197113,0.4483518600463867
YMR123W,YMR305C,0,2.3880916,0.14694111049175262,0.756624162197113,0.44845205545425415
YPL242C,YML064C,0,2.387427,0.14691311120986938,0.756624162197113,0.4485522508621216
YOL072W,YJR052W,1,2.387365,0.14707563817501068,0.7576054930686951,0.4485522508621216
YPL055C,YGL238W,0,2.3872006,0.14704762399196625,0.7576054930686951,0.448652446269989
YHR051W,YDR416W,0,2.3871908,0.14701960980892181,0.7576054930686951,0.44875264167785645
YGR198W,YKR008W,0,2.3867066,0.14699162542819977,0.7576054930686951,0.4488528072834015
YNL300W,YLR410W-B,0,2.386496,0.14696364104747772,0.7576054930686951,0.4489530026912689
YOL104C,YOR249C,0,2.3864112,0.14693567156791687,0.7576054930686951,0.44905319809913635
YIR035C,YOR330C,0,2.385713,0.14690770208835602,0.7576054930686951,0.4491533935070038
YEL043W,YDR371W,0,2.3856862,0.14687976241111755,0.7576054930686951,0.4492535889148712
YCR011C,YPR072W,0,2.3855643,0.1468518227338791,0.7576054930686951,0.44935378432273865
YLR323C,YER033C,0,2.3854744,0.14682388305664062,0.7576054930686951,0.4494539499282837
YPL257W-B,YPR100W,0,2.3848042,0.14679597318172455,0.7576054930686951,0.4495541453361511
YIL107C,YBL076C,0,2.3846862,0.14676806330680847,0.7576054930686951,0.44965434074401855
YMR177W,YOR239W,0,2.384686,0.1467401683330536,0.7576054930686951,0.449754536151886
YHR214C-C,YLR130C,0,2.384143,0.1467122733592987,0.7576054930686951,0.4498547315597534
YDR217C,YGR056W,1,2.383993,0.14687441289424896,0.7585868239402771,0.4498547315597534
YHR149C,YOR071C,0,2.383834,0.14684650301933289,0.7585868239402771,0.44995492696762085
YGR082W,YDR408C,0,2.3838317,0.146818608045578,0.7585868239402771,0.4500550925731659
YDR098C-A,YEL020C,0,2.3837502,0.14679072797298431,0.7585868239402771,0.4501552879810333
YGL209W,YNL071W,0,2.3833294,0.14676286280155182,0.7585868239402771,0.45025548338890076
YNL136W,YPL194W,1,2.3832095,0.14692482352256775,0.7595682144165039,0.45025548338890076
YGL016W,YEL056W,0,2.3831055,0.14689694344997406,0.7595682144165039,0.4503556787967682
YIL050W,YMR052W,0,2.3826241,0.14686906337738037,0.7595682144165039,0.4504558742046356
YAL029C,YDR030C,0,2.38258,0.14684121310710907,0.7595682144165039,0.45055606961250305
YLR453C,YHL022C,0,2.3825495,0.14681334793567657,0.7595682144165039,0.4506562352180481
YNL220W,YGL079W,0,2.3824058,0.14678551256656647,0.7595682144165039,0.4507564306259155
YOR017W,YJL112W,0,2.3821976,0.14675767719745636,0.7595682144165039,0.45085662603378296
YPL270W,YPR158C-C,0,2.3820412,0.14672985672950745,0.7595682144165039,0.4509568214416504
YDR427W,YNL106C,0,2.3819916,0.14670205116271973,0.7595682144165039,0.4510570168495178
YNL283C,YKL200C,0,2.3819726,0.146674245595932,0.7595682144165039,0.45115721225738525
YMR250W,YGR152C,0,2.3816278,0.14664645493030548,0.7595682144165039,0.4512573778629303
YLR157C-A,YPL081W,0,2.3809931,0.14661867916584015,0.7595682144165039,0.45135757327079773
YOR019W,YHL009C,0,2.3809335,0.14659090340137482,0.7595682144165039,0.45145776867866516
YDR017C,YNL284C-A,0,2.3807523,0.14656315743923187,0.7595682144165039,0.4515579640865326
YML045W-A,YDR371W,0,2.3803263,0.14653539657592773,0.7595682144165039,0.4516581594944
YGL186C,YOL091W,0,2.379876,0.14650766551494598,0.7595682144165039,0.45175835490226746
YLR132C,YNL102W,0,2.3797247,0.14647993445396423,0.7595682144165039,0.4518585205078125
YOR351C,YDL015C,0,2.379329,0.14645221829414368,0.7595682144165039,0.45195871591567993
YHL022C,YDR210C-D,0,2.379298,0.14642451703548431,0.7595682144165039,0.45205891132354736
YKL144C,YKL002W,0,2.3791125,0.14639681577682495,0.7595682144165039,0.4521591067314148
YLR024C,YIL107C,0,2.3790503,0.14636914432048798,0.7595682144165039,0.4522593021392822
YGR247W,YMR295C,0,2.3788307,0.1463414579629898,0.7595682144165039,0.45235949754714966
YFL009W,YGL127C,0,2.378775,0.14631380140781403,0.7595682144165039,0.4524596631526947
YOR344C,YPL161C,0,2.378713,0.14628614485263824,0.7595682144165039,0.45255985856056213
YJL225C,YDR194C,0,2.378643,0.14625850319862366,0.7595682144165039,0.45266005396842957
YCL003W,YJL154C,0,2.3785841,0.14623087644577026,0.7595682144165039,0.452760249376297
YCR014C,YOR274W,0,2.378324,0.14620324969291687,0.7595682144165039,0.45286044478416443
YOR140W,YHR008C,0,2.378263,0.14617563784122467,0.7595682144165039,0.4529606103897095
YNL020C,YIL035C,0,2.3782334,0.14614804089069366,0.7595682144165039,0.4530608057975769
YGL130W,YJL160C,0,2.3782187,0.14612044394016266,0.7595682144165039,0.45316100120544434
YLR107W,YDR098C-B,0,2.3780348,0.14609286189079285,0.7595682144165039,0.45326119661331177
YAL031C,YDR109C,0,2.3779085,0.14606529474258423,0.7595682144165039,0.4533613920211792
YNL054W-A,YIR003W,0,2.377899,0.1460377424955368,0.7595682144165039,0.45346158742904663
YLR016C,YOR234C,0,2.37769,0.14601019024848938,0.7595682144165039,0.4535617530345917
YDR078C,YBR136W,1,2.3774483,0.14617125689983368,0.7605495452880859,0.4535617530345917
YHR091C,YML123C,0,2.3774312,0.14614368975162506,0.7605495452880859,0.4536619484424591
YKL189W,YDR285W,0,2.3773649,0.14611613750457764,0.7605495452880859,0.45376214385032654
YPR037C,YDR153C,0,2.37725,0.1460886001586914,0.7605495452880859,0.45386233925819397
YNL054W-A,YLR174W,0,2.3770998,0.14606106281280518,0.7605495452880859,0.4539625346660614
YFL005W,YDR365W-A,0,2.377004,0.14603354036808014,0.7605495452880859,0.45406273007392883
YPL218W,YOR060C,0,2.3769639,0.1460060328245163,0.7605495452880859,0.4541628956794739
YAL022C,YOR098C,0,2.3765252,0.14597852528095245,0.7605495452880859,0.4542630910873413
YKL096W-A,YHR085W,0,2.3762267,0.1459510326385498,0.7605495452880859,0.45436328649520874
YDR098C-A,YKL205W,0,2.3761117,0.14592355489730835,0.7605495452880859,0.45446348190307617
YKR100C,YPL210C,0,2.3760881,0.1458960771560669,0.7605495452880859,0.4545636773109436
YEL026W,YIL159W,0,2.3760262,0.14586862921714783,0.7605495452880859,0.45466387271881104
YDR207C,YJL012C,0,2.3754518,0.14584118127822876,0.7605495452880859,0.4547640383243561
YDR007W,YOR126C,0,2.3753502,0.1458137333393097,0.7605495452880859,0.4548642337322235
YHR146W,YMR263W,0,2.375027,0.14578630030155182,0.7605495452880859,0.45496442914009094
YNL176C,YAL056W,0,2.3749273,0.14575888216495514,0.7605495452880859,0.4550646245479584
YBR100W,YOR320C,0,2.3748138,0.14573147892951965,0.7605495452880859,0.4551648199558258
YGR143W,YDR351W,0,2.3745744,0.14570407569408417,0.7605495452880859,0.45526501536369324
YCR089W,YIL156W,0,2.3744266,0.14567668735980988,0.7605495452880859,0.4553651809692383
YAL014C,YGR128C,0,2.374356,0.14564931392669678,0.7605495452880859,0.4554653763771057
YJL024C,YML110C,0,2.374046,0.14562194049358368,0.7605495452880859,0.45556557178497314
YCL051W,YDL153C,0,2.3740146,0.14559459686279297,0.7605495452880859,0.4556657671928406
YMR091C,YOR117W,0,2.3739886,0.14556723833084106,0.7605495452880859,0.455765962600708
YGR132C,YDR243C,0,2.3737495,0.14553990960121155,0.7605495452880859,0.45586615800857544
YLR429W,YGL005C,0,2.3728664,0.14551258087158203,0.7605495452880859,0.4559663236141205
YNL202W,YHR191C,0,2.3726957,0.1454852670431137,0.7605495452880859,0.4560665190219879
YER055C,YOR142W-A,0,2.372152,0.14545795321464539,0.7605495452880859,0.45616671442985535
YLR227W-A,YBR239C,0,2.3718672,0.14543066918849945,0.7605495452880859,0.4562669098377228
YGR038C-B,YML065W,0,2.3715942,0.14540337026119232,0.7605495452880859,0.4563671052455902
YNR018W,YNL288W,0,2.371493,0.14537610113620758,0.7605495452880859,0.45646730065345764
YBL019W,YML024W,0,2.371294,0.14534883201122284,0.7605495452880859,0.4565674662590027
YMR322C,YKR057W,0,2.3712685,0.1453215777873993,0.7605495452880859,0.4566676616668701
YOR005C,YML011C,1,2.3708665,0.14548180997371674,0.7615309357643127,0.4566676616668701
YNL236W,YPR011C,0,2.370794,0.145454540848732,0.7615309357643127,0.45676785707473755
YPL013C,YDR176W,0,2.3706136,0.14542728662490845,0.7615309357643127,0.456868052482605
YHR214C-C,YCL024W,0,2.37043,0.1454000324010849,0.7615309357643127,0.4569682478904724
YBR182C,YBR221C,0,2.3703942,0.14537279307842255,0.7615309357643127,0.45706844329833984
YDR189W,YCR071C,0,2.3702857,0.1453455686569214,0.7615309357643127,0.4571686089038849
YER063W,YBL005W,0,2.370004,0.14531835913658142,0.7615309357643127,0.4572688043117523
YNR038W,YMR083W,0,2.3699324,0.14529114961624146,0.7615309357643127,0.45736899971961975
YMR079W,YMR074C,0,2.3695905,0.1452639400959015,0.7615309357643127,0.4574691951274872
YNR056C,YGL226C-A,0,2.3691452,0.1452367603778839,0.7615309357643127,0.4575693905353546
YHR020W,YJR149W,0,2.3690782,0.14520958065986633,0.7615309357643127,0.45766958594322205
YDR221W,YBR098W,0,2.3690233,0.14518241584300995,0.7615309357643127,0.4577697515487671
YOR008C,YDR261W-A,0,2.3687785,0.14515525102615356,0.7615309357643127,0.4578699469566345
YOL034W,YGR109W-A,0,2.3687322,0.14512811601161957,0.7615309357643127,0.45797014236450195
YDR099W,YLR166C,0,2.3687248,0.14510096609592438,0.7615309357643127,0.4580703377723694
YBR160W,YMR156C,1,2.3684447,0.1452607959508896,0.7625122666358948,0.4580703377723694
YDR098C,YML101C,0,2.368221,0.1452336460351944,0.7625122666358948,0.4581705331802368
YGR038C-A,YLL017W,0,2.3680837,0.1452064961194992,0.7625122666358948,0.45827072858810425
YHL033C,YGL079W,0,2.368076,0.1451793760061264,0.7625122666358948,0.4583708941936493
YKL041W,YPR133W-A,0,2.3679698,0.1451522558927536,0.7625122666358948,0.4584710896015167
YOR202W,YER190W,0,2.3677523,0.1451251357793808,0.7625122666358948,0.45857128500938416
YPL164C,YHR079C-B,1,2.3674178,0.14528478682041168,0.7634935975074768,0.45857128500938416
YGR161W-B,YBR290W,0,2.3671834,0.14525765180587769,0.7634935975074768,0.4586714804172516
YGR186W,YER177W,0,2.366681,0.14523054659366608,0.7634935975074768,0.458771675825119
YDR263C,YHR056C,1,2.3658767,0.14539006352424622,0.7644749879837036,0.458771675825119
YOR144C,YOL130W,0,2.3658128,0.1453629434108734,0.7644749879837036,0.45887187123298645
YNL290W,YBR100W,1,2.3650231,0.14552238583564758,0.7654563188552856,0.45887187123298645
YHL028W,YPR158W-B,0,2.365004,0.1454952508211136,0.7654563188552856,0.4589720368385315
YKL196C,YLR220W,0,2.3649738,0.1454681158065796,0.7654563188552856,0.4590722322463989
YJL174W,YLR292C,0,2.364499,0.1454409807920456,0.7654563188552856,0.45917242765426636
YDR257C,YBR146W,0,2.3641975,0.14541387557983398,0.7654563188552856,0.4592726230621338
YGL054C,YCR073C,0,2.3641393,0.14538677036762238,0.7654563188552856,0.4593728184700012
YFR025C,YDL216C,0,2.3640854,0.14535966515541077,0.7654563188552856,0.45947298407554626
YNL282W,YDL155W,0,2.363973,0.14533258974552155,0.7654563188552856,0.4595731794834137
YBR088C,YGL094C,1,2.3638191,0.1454918086528778,0.7664377093315125,0.4595731794834137
YDR261C-C,YBR126C,0,2.3633382,0.1454647034406662,0.7664377093315125,0.45967337489128113
YOR109W,YPR187W,0,2.361136,0.14543761312961578,0.7664377093315125,0.45977357029914856
YDR522C,YNL078W,0,2.3610425,0.14541053771972656,0.7664377093315125,0.459873765707016
YOR247W,YDR257C,0,2.3609247,0.14538347721099854,0.7664377093315125,0.4599739611148834
YHR030C,YJR086W,0,2.3605847,0.1453564167022705,0.7664377093315125,0.46007412672042847
YBR258C,YPR194C,0,2.3603947,0.14532935619354248,0.7664377093315125,0.4601743221282959
YBR223C,YEL018W,1,2.3598828,0.14548836648464203,0.7674190402030945,0.4601743221282959
YKL188C,YOL091W,0,2.3595479,0.145461305975914,0.7674190402030945,0.46027451753616333
YPL213W,YHR102W,0,2.3595388,0.14543426036834717,0.7674190402030945,0.46037471294403076
YIL076W,YNL106C,0,2.3590553,0.14540721476078033,0.7674190402030945,0.4604749083518982
YLR227W-A,YGR169C,0,2.3589518,0.1453801840543747,0.7674190402030945,0.4605751037597656
YPR164W,YER145C,0,2.3587134,0.14535315334796906,0.7674190402030945,0.46067526936531067
YJL074C,YOR171C,0,2.3584375,0.1453261524438858,0.7674190402030945,0.4607754647731781
YHR174W,YMR005W,0,2.3584163,0.14529915153980255,0.7674190402030945,0.46087566018104553
YJR144W,YML069W,1,2.3582332,0.145457923412323,0.7684003710746765,0.46087566018104553
YJR053W,YKL078W,0,2.3579013,0.14543090760707855,0.7684003710746765,0.46097585558891296
YNR015W,YOL016C,0,2.3574853,0.1454039067029953,0.7684003710746765,0.4610760509967804
YBR234C,YLL061W,0,2.3570976,0.14537690579891205,0.7684003710746765,0.4611762464046478
YNL093W,YDR415C,0,2.356969,0.14534991979599,0.7684003710746765,0.46127641201019287
YPL055C,YER157W,0,2.3569214,0.14532293379306793,0.7684003710746765,0.4613766074180603
YOR231W,YJR026W,0,2.356891,0.14529597759246826,0.7684003710746765,0.46147680282592773
YBR210W,YML026C,0,2.3566241,0.1452690213918686,0.7684003710746765,0.46157699823379517
YDL111C,YDR515W,0,2.3565905,0.14524206519126892,0.7684003710746765,0.4616771936416626
YOL049W,YNL180C,0,2.3564413,0.14521513879299164,0.7684003710746765,0.46177738904953003
YFR024C-A,YDR422C,0,2.3562918,0.14518821239471436,0.7684003710746765,0.4618775546550751
YDR105C,YPL020C,0,2.3562417,0.14516128599643707,0.7684003710746765,0.4619777500629425
YLR024C,YMR049C,0,2.3561976,0.14513438940048218,0.7684003710746765,0.46207794547080994
YBL046W,YOR106W,0,2.3558524,0.14510749280452728,0.7684003710746765,0.46217814087867737
YPL022W,YDR224C,1,2.3553681,0.14526589214801788,0.7693817615509033,0.46217814087867737
YGL103W,YGR247W,0,2.3545988,0.1452389806509018,0.7693817615509033,0.4622783362865448
YIL162W,YCL074W,0,2.3545675,0.1452120691537857,0.7693817615509033,0.46237853169441223
YLL010C,YDR104C,0,2.3544354,0.145185187458992,0.7693817615509033,0.4624786972999573
YLR157C-B,YIL118W,0,2.3543851,0.1451583057641983,0.7693817615509033,0.4625788927078247
YJR052W,YHR056C,1,2.3540843,0.14531655609607697,0.7703630924224854,0.4625788927078247
YGL244W,YDL216C,0,2.3540025,0.14528965950012207,0.7703630924224854,0.46267908811569214
YDR316W,YMR232W,0,2.3540013,0.14526276290416718,0.7703630924224854,0.46277928352355957
YJL082W,YNL219C,0,2.3539455,0.14523589611053467,0.7703630924224854,0.462879478931427
YDR221W,YDR184C,0,2.3539321,0.14520902931690216,0.7703630924224854,0.46297967433929443
YGR140W,YMR195W,0,2.3535185,0.14518217742443085,0.7703630924224854,0.4630798399448395
YIL006W,YDR160W,0,2.3533738,0.14515532553195953,0.7703630924224854,0.4631800353527069
YGR240C,YKL067W,0,2.353192,0.14512848854064941,0.7703630924224854,0.46328023076057434
YPR158C-C,YPR114W,0,2.352468,0.1451016664505005,0.7703630924224854,0.4633804261684418
YER022W,YHR121W,0,2.3521557,0.14507484436035156,0.7703630924224854,0.4634806215763092
YNL054W-A,YNL214W,0,2.3519328,0.14504803717136383,0.7703630924224854,0.46358081698417664
YBL076C,YFL049W,0,2.3517199,0.1450212448835373,0.7703630924224854,0.4636809825897217
YCR038C,YKL166C,0,2.3514135,0.14499445259571075,0.7703630924224854,0.4637811779975891
YFR018C,YKL060C,0,2.3512237,0.1449676752090454,0.7703630924224854,0.46388137340545654
YOR019W,YMR055C,0,2.3508961,0.14494091272354126,0.7703630924224854,0.463981568813324
YOL090W,YHR152W,0,2.3503997,0.1449141651391983,0.7703630924224854,0.4640817642211914
YLR133W,YPR017C,0,2.350108,0.14488741755485535,0.7703630924224854,0.46418195962905884
YPR194C,YFR004W,0,2.3493607,0.1448606699705124,0.7703630924224854,0.4642821252346039
YIL040W,YGR264C,0,2.3491776,0.14483395218849182,0.7703630924224854,0.4643823206424713
YCL030C,YPR056W,0,2.3491237,0.14480723440647125,0.7703630924224854,0.46448251605033875
YJR046W,YJL184W,0,2.3491104,0.14478051662445068,0.7703630924224854,0.4645827114582062
YDR300C,YML065W,0,2.3489227,0.1447538286447525,0.7703630924224854,0.4646829068660736
YDR369C,YDL188C,0,2.3487437,0.14472714066505432,0.7703630924224854,0.46478310227394104
YGL225W,YLR194C,0,2.3483276,0.14470046758651733,0.7703630924224854,0.4648832678794861
YBR282W,YGR275W,0,2.3480363,0.14467379450798035,0.7703630924224854,0.4649834632873535
YHR188C,YPL036W,0,2.3478124,0.14464713633060455,0.7703630924224854,0.46508365869522095
YMR267W,YMR114C,0,2.3476348,0.14462049305438995,0.7703630924224854,0.4651838541030884
YLR227W-A,YLR006C,0,2.3475685,0.14459384977817535,0.7703630924224854,0.4652840495109558
YKL026C,YPL162C,0,2.3475497,0.14456722140312195,0.7703630924224854,0.46538424491882324
YKL033W,YGR161W-A,0,2.3469405,0.14454059302806854,0.7703630924224854,0.4654844105243683
YGL130W,YGR125W,0,2.3465555,0.14451399445533752,0.7703630924224854,0.4655846059322357
YCR021C,YNR036C,0,2.3458335,0.1444873958826065,0.7703630924224854,0.46568480134010315
YDL215C,YDR210C-D,0,2.3453019,0.1444607973098755,0.7703630924224854,0.4657849967479706
YOR048C,YLR050C,0,2.3451846,0.14443422853946686,0.7703630924224854,0.465885192155838
YKR069W,YPL135W,0,2.344702,0.14440765976905823,0.7703630924224854,0.46598535776138306
YGL257C,YDR261W-A,0,2.3445957,0.1443810909986496,0.7703630924224854,0.4660855531692505
YPR171W,YDR444W,0,2.3445017,0.14435453712940216,0.7703630924224854,0.4661857485771179
YNL330C,YGL070C,1,2.3444915,0.1445118635892868,0.7713444828987122,0.4661857485771179
YJR057W,YOR142W-A,0,2.3441188,0.14448529481887817,0.7713444828987122,0.46628594398498535
YGR161W-B,YGL129C,0,2.3431535,0.14445874094963074,0.7713444828987122,0.4663861393928528
YMR244C-A,YPL200W,0,2.343063,0.1444321870803833,0.7713444828987122,0.4664863348007202
YGL105W,YLR292C,0,2.3427513,0.14440566301345825,0.7713444828987122,0.46658650040626526
YJL063C,YBR127C,0,2.342662,0.1443791389465332,0.7713444828987122,0.4666866958141327
YHL050C,YPR128C,0,2.3423927,0.14435261487960815,0.7713444828987122,0.4667868912220001
YPL168W,YCR087C-A,0,2.341574,0.1443261057138443,0.7713444828987122,0.46688708662986755
YPR079W,YPL064C,0,2.3408592,0.14429961144924164,0.7713444828987122,0.466987282037735
YDR159W,YLR157C-B,0,2.3407423,0.14427313208580017,0.7713444828987122,0.4670874774456024
YIL127C,YPR189W,0,2.3404672,0.1442466527223587,0.7713444828987122,0.46718764305114746
YOR171C,YDR210C-C,0,2.3404586,0.14422018826007843,0.7713444828987122,0.4672878384590149
YDR098C-B,YMR058W,0,2.3401124,0.14419372379779816,0.7713444828987122,0.4673880338668823
YDR291W,YPR091C,0,2.3399024,0.14416727423667908,0.7713444828987122,0.46748822927474976
YOR319W,YGL068W,0,2.3397453,0.1441408395767212,0.7713444828987122,0.4675884246826172
YCR055C,YKR024C,0,2.3396885,0.1441144049167633,0.7713444828987122,0.4676886200904846
YEL070W,YGL162W,0,2.3395493,0.1440880000591278,0.7713444828987122,0.46778878569602966
YDR280W,YDR001C,0,2.3393888,0.14406158030033112,0.7713444828987122,0.4678889811038971
YJR014W,YCR106W,0,2.339372,0.1440351903438568,0.7713444828987122,0.4679891765117645
YDR293C,YFR019W,0,2.3392181,0.1440088003873825,0.7713444828987122,0.46808937191963196
YJL174W,YDL004W,0,2.3390503,0.1439824104309082,0.7713444828987122,0.4681895673274994
YEL019C,YJL123C,0,2.3389509,0.1439560502767563,0.7713444828987122,0.4682897627353668
YGR038C-B,YFR055W,0,2.3387904,0.14392969012260437,0.7713444828987122,0.46838992834091187
YHR124W,YPL140C,0,2.338492,0.14390332996845245,0.7713444828987122,0.4684901237487793
YOL038W,YCR073C,0,2.3382251,0.14387698471546173,0.7713444828987122,0.46859031915664673
YGR161C-D,YJR159W,0,2.3376172,0.1438506543636322,0.7713444828987122,0.46869051456451416
YGL115W,YOR071C,0,2.3374476,0.14382433891296387,0.7713444828987122,0.4687907099723816
YHR168W,YLR226W,0,2.337272,0.14379802346229553,0.7713444828987122,0.468890905380249
YOR219C,YER005W,0,2.3370104,0.1437717229127884,0.7713444828987122,0.46899107098579407
YPR180W,YLR264W,0,2.3368618,0.14374542236328125,0.7713444828987122,0.4690912663936615
YKL206C,YPL275W,0,2.3367684,0.1437191516160965,0.7713444828987122,0.46919146180152893
YGL194C,YBR244W,0,2.3361351,0.14369286596775055,0.7713444828987122,0.46929165720939636
YOL103W-B,YNR073C,0,2.335195,0.143666610121727,0.7713444828987122,0.4693918526172638
YBL004W,YJR067C,0,2.3348496,0.14364035427570343,0.7713444828987122,0.4694920480251312
YJR112W,YJR017C,0,2.33474,0.14361409842967987,0.7713444828987122,0.46959221363067627
YFR052W,YLR321C,0,2.334482,0.1435878723859787,0.7713444828987122,0.4696924090385437
YMR286W,YDR294C,0,2.3344576,0.14356164634227753,0.7713444828987122,0.46979260444641113
YIR025W,YHR196W,0,2.333729,0.14353542029857635,0.7713444828987122,0.46989279985427856
YLR155C,YCR071C,0,2.333605,0.14350922405719757,0.7713444828987122,0.469992995262146
YLL003W,YDR237W,0,2.333554,0.1434830278158188,0.7713444828987122,0.4700931906700134
YOR357C,YNL037C,0,2.333092,0.14345683157444,0.7713444828987122,0.47019335627555847
YMR115W,YPR056W,0,2.3330886,0.1434306502342224,0.7713444828987122,0.4702935516834259
YAL068C,YPR079W,0,2.332965,0.14340448379516602,0.7713444828987122,0.47039374709129333
YLR262C,YOR078W,0,2.3328927,0.1433783322572708,0.7713444828987122,0.47049394249916077
YER087C-B,YJL026W,0,2.3327618,0.1433521807193756,0.7713444828987122,0.4705941379070282
YDR098C,YOR142W-B,0,2.3327448,0.1433260440826416,0.7713444828987122,0.47069433331489563
YMR137C,YLR398C,0,2.3326504,0.1432999074459076,0.7713444828987122,0.4707944989204407
YGR038C-A,YGR282C,0,2.3325212,0.14327378571033478,0.7713444828987122,0.4708946943283081
YGR249W,YLL043W,0,2.332506,0.14324767887592316,0.7713444828987122,0.47099488973617554
YKL208W,YJR147W,0,2.331865,0.14322157204151154,0.7713444828987122,0.47109508514404297
YMR315W,YNL090W,0,2.3316786,0.1431954801082611,0.7713444828987122,0.4711952805519104
YGR027W-A,YMR114C,0,2.331519,0.14316940307617188,0.7713444828987122,0.47129547595977783
YLR054C,YFL002W-B,0,2.3315094,0.14314332604408264,0.7713444828987122,0.4713956415653229
YOR198C,YNL051W,0,2.331288,0.1431172639131546,0.7713444828987122,0.4714958369731903
YMR194W,YER168C,0,2.3309038,0.14309120178222656,0.7713444828987122,0.47159603238105774
YKL062W,YDR087C,0,2.3308883,0.14306515455245972,0.7713444828987122,0.47169622778892517
YLL027W,YHR146W,0,2.3308334,0.14303912222385406,0.7713444828987122,0.4717964231967926
YNR060W,YCR079W,0,2.3307755,0.1430131047964096,0.7713444828987122,0.47189658880233765
YEL056W,YPL167C,1,2.330734,0.14316900074481964,0.7723258137702942,0.47189658880233765
YBR145W,YOR295W,0,2.3306835,0.143142968416214,0.7723258137702942,0.4719967842102051
YBR279W,YDR175C,0,2.3306358,0.14311693608760834,0.7723258137702942,0.4720969796180725
YML008C,YJL045W,0,2.3306174,0.14309090375900269,0.7723258137702942,0.47219717502593994
YJL098W,YNL160W,0,2.3303664,0.14306490123271942,0.7723258137702942,0.4722973704338074
YOR393W,YMR118C,0,2.3301282,0.14303889870643616,0.7723258137702942,0.4723975658416748
YDR023W,YOR323C,0,2.3300374,0.1430128961801529,0.7723258137702942,0.47249773144721985
YDR292C,YBR193C,0,2.3297594,0.14298692345619202,0.7723258137702942,0.4725979268550873
YKL114C,YPL194W,1,2.329741,0.14314259588718414,0.7733071446418762,0.4725979268550873
YDR497C,YOR214C,0,2.3296878,0.14311659336090088,0.7733071446418762,0.4726981222629547
YGR128C,YPL151C,0,2.3294487,0.1430906057357788,0.7733071446418762,0.47279831767082214
YBR170C,YMR135C,0,2.3292701,0.14306463301181793,0.7733071446418762,0.4728985130786896
YLL051C,YER175C,0,2.328363,0.14303866028785706,0.7733071446418762,0.472998708486557
YOL023W,YHR142W,0,2.3283215,0.14301270246505737,0.7733071446418762,0.47309887409210205
YLR234W,YHR196W,0,2.3277528,0.14298675954341888,0.7733071446418762,0.4731990694999695
YDL134C,YCL001W,0,2.327704,0.1429608166217804,0.7733071446418762,0.4732992649078369
YKL185W,YPL147W,0,2.3276517,0.1429348886013031,0.7733071446418762,0.47339946031570435
YGL030W,YML110C,0,2.3274357,0.1429089605808258,0.7733071446418762,0.4734996557235718
YGL125W,YBR278W,0,2.3270566,0.1428830474615097,0.7733071446418762,0.4735998511314392
YOR142W-A,YJL011C,0,2.3270204,0.1428571492433548,0.7733071446418762,0.47370001673698425
YBR195C,YNL312W,1,2.3266165,0.14301250874996185,0.774288535118103,0.47370001673698425
YGL014W,YPL176C,0,2.3262691,0.14298659563064575,0.774288535118103,0.4738002121448517
YOL103W-B,YOL088C,0,2.3262653,0.14296068251132965,0.774288535118103,0.4739004075527191
YBL038W,YKL176C,0,2.3261683,0.14293478429317474,0.774288535118103,0.47400060296058655
YIL008W,YNL180C,0,2.3260322,0.14290888607501984,0.774288535118103,0.474100798368454
YJL212C,YOR232W,0,2.3257177,0.14288301765918732,0.774288535118103,0.4742009937763214
YFL001W,YML006C,0,2.3254406,0.1428571492433548,0.774288535118103,0.47430115938186646
YHR032W,YAL016W,0,2.3251631,0.14283128082752228,0.774288535118103,0.4744013547897339
YOL107W,YJR099W,0,2.3249815,0.14280542731285095,0.774288535118103,0.4745015501976013
YPL240C,YEL020W-A,0,2.3249724,0.14277958869934082,0.774288535118103,0.47460174560546875
YCR005C,YBL005W-A,0,2.3249643,0.1427537500858307,0.774288535118103,0.4747019410133362
YKL087C,YKL069W,0,2.3246918,0.14272792637348175,0.774288535118103,0.4748021364212036
YBR268W,YHR039C-A,0,2.3245196,0.142702117562294,0.774288535118103,0.47490230202674866
YMR300C,YDR210C-C,0,2.3242652,0.14267630875110626,0.774288535118103,0.4750024974346161
YLR110C,YOR215C,0,2.3242056,0.1426505148410797,0.774288535118103,0.4751026928424835
YGL151W,YDL142C,0,2.3241756,0.14262473583221436,0.774288535118103,0.47520288825035095
YOL044W,YGR161W-B,0,2.3234305,0.142598956823349,0.774288535118103,0.4753030836582184
YOL110W,YNR049C,0,2.323328,0.14257317781448364,0.774288535118103,0.4754032790660858
YOR033C,YFL039C,1,2.3230796,0.14272809028625488,0.7752698659896851,0.4754032790660858
YOR287C,YJL085W,0,2.3228328,0.14270231127738953,0.7752698659896851,0.47550344467163086
YBR043C,YGR181W,0,2.3223822,0.14267653226852417,0.7752698659896851,0.4756036400794983
YLL048C,YJL092W,0,2.3217752,0.1426507830619812,0.7752698659896851,0.4757038354873657
YMR060C,YPR158C-C,0,2.3214312,0.14262501895427704,0.7752698659896851,0.47580403089523315
YFL057C,YNL107W,0,2.321102,0.14259928464889526,0.7752698659896851,0.4759042263031006
YNL288W,YIL144W,0,2.3208745,0.1425735354423523,0.7752698659896851,0.476004421710968
YPL120W,YHR079C-B,0,2.3207314,0.1425478160381317,0.7752698659896851,0.47610458731651306
YGL013C,YOR338W,0,2.320361,0.14252209663391113,0.7752698659896851,0.4762047827243805
YFL002C,YOL068C,0,2.3203185,0.14249639213085175,0.7752698659896851,0.4763049781322479
YMR137C,YDL168W,0,2.3200243,0.14247068762779236,0.7752698659896851,0.47640517354011536
YNL328C,YCL026C-A,0,2.3195746,0.14244499802589417,0.7752698659896851,0.4765053689479828
YER050C,YGR120C,0,2.3194249,0.14241932332515717,0.7752698659896851,0.4766055643558502
YDL036C,YGL257C,0,2.3191996,0.14239364862442017,0.7752698659896851,0.47670572996139526
YPR003C,YGR038C-B,0,2.319143,0.14236798882484436,0.7752698659896851,0.4768059253692627
YCR065W,YGR170W,0,2.3190413,0.14234234392642975,0.7752698659896851,0.4769061207771301
YNL294C,YCL026C-A,0,2.3186426,0.14231669902801514,0.7752698659896851,0.47700631618499756
YOR208W,YHR026W,0,2.3186107,0.14229106903076172,0.7752698659896851,0.477106511592865
YJL092W,YLL036C,1,2.3185194,0.14244551956653595,0.7762512564659119,0.477106511592865
YOL104C,YPR158W-B,0,2.318454,0.14241987466812134,0.7762512564659119,0.4772067070007324
YFL003C,YFL039C,1,2.3184412,0.1425742506980896,0.7772325873374939,0.4772067070007324
YMR075W,YBL091C-A,0,2.3183005,0.1425485908985138,0.7772325873374939,0.47730687260627747
YKR098C,YNL284C-B,0,2.3182228,0.14252294600009918,0.7772325873374939,0.4774070680141449
YLR191W,YDR422C,0,2.3180358,0.14249730110168457,0.7772325873374939,0.47750726342201233
YPL023C,YLR133W,0,2.318,0.14247167110443115,0.7772325873374939,0.47760745882987976
YOR087W,YML049C,0,2.3166296,0.14244604110717773,0.7772325873374939,0.4777076542377472
YGR231C,YOR078W,0,2.316345,0.1424204260110855,0.7772325873374939,0.4778078496456146
YDL193W,YOR088W,0,2.3158565,0.14239482581615448,0.7772325873374939,0.47790801525115967
YBR172C,YLR047C,0,2.3157728,0.14236922562122345,0.7772325873374939,0.4780082106590271
YLR256W-A,YHR191C,0,2.3156016,0.1423436403274536,0.7772325873374939,0.47810840606689453
YLR427W,YBR223C,1,2.3154478,0.14249774813652039,0.7782139182090759,0.47810840606689453
YPL060C-A,YGL029W,0,2.3151968,0.14247214794158936,0.7782139182090759,0.47820860147476196
YNL327W,YHL028W,0,2.314944,0.14244656264781952,0.7782139182090759,0.4783087968826294
YDR359C,YDR419W,1,2.3148718,0.14260058104991913,0.7791953086853027,0.4783087968826294
YJR005W,YFL031W,0,2.314138,0.1425749659538269,0.7791953086853027,0.47840896248817444
YIL066C,YGR170W,0,2.3139527,0.14254936575889587,0.7791953086853027,0.47850915789604187
YML133C,YJL026W,0,2.3136852,0.14252378046512604,0.7791953086853027,0.4786093533039093
YMR220W,YOR215C,0,2.3136046,0.1424982100725174,0.7791953086853027,0.47870954871177673
YNR060W,YGR170W,0,2.3134859,0.14247263967990875,0.7791953086853027,0.47880974411964417
YGL070C,YLR023C,0,2.3126733,0.1424470692873001,0.7791953086853027,0.4789099395275116
YGR109C,YDL055C,0,2.3125598,0.14242152869701385,0.7791953086853027,0.47901010513305664
YEL053C,YBR271W,0,2.3119848,0.1423959881067276,0.7791953086853027,0.4791103005409241
YDR076W,YAL015C,1,2.3118966,0.14254975318908691,0.7801766395568848,0.4791103005409241
YBL025W,YKL022C,0,2.3117232,0.14252419769763947,0.7801766395568848,0.4792104959487915
YPL013C,YPR113W,0,2.3114686,0.1424986571073532,0.7801766395568848,0.47931069135665894
YHR051W,YDR261W-A,0,2.3112519,0.14247311651706696,0.7801766395568848,0.47941088676452637
YJL013C,YOL116W,0,2.3112082,0.1424475908279419,0.7801766395568848,0.4795110821723938
YDR159W,YJL090C,1,2.3109307,0.14260122179985046,0.7811579704284668,0.4795110821723938
YPR131C,YIL052C,0,2.3107429,0.1425756812095642,0.7811579704284668,0.47961124777793884
YDL243C,YDL003W,0,2.3107214,0.14255014061927795,0.7811579704284668,0.4797114431858063
YDL093W,YCL011C,0,2.3106487,0.1425246149301529,0.7811579704284668,0.4798116385936737
YKL220C,YOR054C,0,2.310406,0.14249910414218903,0.7811579704284668,0.47991183400154114
YBR150C,YOR206W,0,2.3102167,0.14247359335422516,0.7811579704284668,0.48001202940940857
YFL002C,YML067C,0,2.3100631,0.14244809746742249,0.7811579704284668,0.480112224817276
YJL209W,YFR014C,0,2.309817,0.142422616481781,0.7811579704284668,0.48021239042282104
YMR240C,YIR021W,0,2.3092358,0.14239713549613953,0.7811579704284668,0.4803125858306885
YGL027C,YDR359C,0,2.3091266,0.14237166941165924,0.7811579704284668,0.4804127812385559
YNR060W,YDR410C,0,2.308861,0.14234620332717896,0.7811579704284668,0.48051297664642334
YBR065C,YDL179W,0,2.3088014,0.14232075214385986,0.7811579704284668,0.48061317205429077
YLR333C,YDR331W,0,2.3086507,0.14229531586170197,0.7811579704284668,0.4807133674621582
YNL274C,YGL094C,0,2.308582,0.14226987957954407,0.7811579704284668,0.48081353306770325
YHL011C,YCL001W,0,2.308399,0.14224445819854736,0.7811579704284668,0.4809137284755707
YIL063C,YNL059C,0,2.3080704,0.14221905171871185,0.7811579704284668,0.4810139238834381
YPL237W,YGR152C,0,2.3079426,0.14219364523887634,0.7811579704284668,0.48111411929130554
YLR298C,YDR099W,0,2.3077552,0.14216823875904083,0.7811579704284668,0.481214314699173
YDR349C,YBR106W,0,2.3076549,0.1421428620815277,0.7811579704284668,0.4813145101070404
YEL036C,YJR056C,0,2.3076277,0.1421174854040146,0.7811579704284668,0.48141467571258545
YBL009W,YDR261C-D,0,2.3074923,0.14209210872650146,0.7811579704284668,0.4815148711204529
YIL040W,YOR140W,0,2.3072932,0.14206674695014954,0.7811579704284668,0.4816150665283203
YDL124W,YAL068C,0,2.3064911,0.1420414000749588,0.7811579704284668,0.48171526193618774
YGR276C,YPL002C,0,2.3061645,0.14201605319976807,0.7811579704284668,0.4818154573440552
YOL144W,YLR442C,0,2.3060634,0.14199072122573853,0.7811579704284668,0.4819156527519226
YKR056W,YPL235W,1,2.3059456,0.14214375615119934,0.7821393609046936,0.4819156527519226
YGR005C,YML075C,0,2.3058865,0.1421184092760086,0.7821393609046936,0.48201581835746765
YIL096C,YMR055C,0,2.305516,0.14209306240081787,0.7821393609046936,0.4821160137653351
YOR359W,YBR210W,0,2.3052285,0.14206773042678833,0.7821393609046936,0.4822162091732025
YNL284C-B,YGR109W-A,0,2.3046973,0.14204241335391998,0.7821393609046936,0.48231640458106995
YGR186W,YDR365W-A,0,2.304609,0.14201711118221283,0.7821393609046936,0.4824165999889374
YLR227W-B,YLL006W,0,2.3045452,0.14199180901050568,0.7821393609046936,0.4825167953968048
YOR359W,YNL025C,0,2.304377,0.14196650683879852,0.7821393609046936,0.48261696100234985
YJL069C,YBR215W,0,2.3042922,0.14194123446941376,0.7821393609046936,0.4827171564102173
YLR234W,YJL093C,0,2.304155,0.1419159471988678,0.7821393609046936,0.4828173518180847
YML049C,YGL250W,0,2.3039412,0.14189068973064423,0.7821393609046936,0.48291754722595215
YIL085C,YNL284C-B,0,2.3037612,0.14186543226242065,0.7821393609046936,0.4830177426338196
YPR009W,YOL108C,0,2.3032,0.14184018969535828,0.7821393609046936,0.483117938041687
YPL176C,YNL072W,0,2.3029454,0.1418149471282959,0.7821393609046936,0.48321810364723206
YDR261C-C,YBR015C,0,2.302919,0.14178971946239471,0.7821393609046936,0.4833182990550995
YOR357C,YOR230W,0,2.3024342,0.14176449179649353,0.7821393609046936,0.4834184944629669
YJL181W,YDR446W,0,2.3020446,0.14173927903175354,0.7821393609046936,0.48351868987083435
YGL105W,YGR271C-A,0,2.3019867,0.14171408116817474,0.7821393609046936,0.4836188852787018
YDL074C,YKL210W,0,2.3018978,0.14168888330459595,0.7821393609046936,0.4837190806865692
YHR120W,YBR098W,1,2.3015165,0.14184145629405975,0.7831206917762756,0.4837190806865692
YIR002C,YDR317W,1,2.301463,0.1419939547777176,0.7841020822525024,0.4837190806865692
YMR106C,YNL136W,1,2.301102,0.14214640855789185,0.7850834131240845,0.4837190806865692
YPL183W-A,YGR251W,0,2.3004634,0.14212115108966827,0.7850834131240845,0.48381924629211426
YCR003W,YDR218C,0,2.300249,0.1420959085226059,0.7850834131240845,0.4839194416999817
YOR344C,YDL178W,0,2.3000548,0.1420706808567047,0.7850834131240845,0.4840196371078491
YGR094W,YOL115W,0,2.299785,0.14204545319080353,0.7850834131240845,0.48411983251571655
YNL152W,YMR067C,0,2.2989128,0.14202024042606354,0.7850834131240845,0.484220027923584
YDR316W-B,YLR224W,0,2.2987316,0.14199502766132355,0.7850834131240845,0.48432019352912903
YDR108W,YBR275C,0,2.2987282,0.14196982979774475,0.7850834131240845,0.48442038893699646
YER137C-A,YOR077W,0,2.2987196,0.14194464683532715,0.7850834131240845,0.4845205843448639
YKR054C,YJR077C,0,2.298458,0.14191946387290955,0.7850834131240845,0.4846207797527313
YDL106C,YGR165W,0,2.2983859,0.14189429581165314,0.7850834131240845,0.48472097516059875
YER093C,YCR028C-A,0,2.2983835,0.14186912775039673,0.7850834131240845,0.4848211705684662
YCR011C,YOL068C,0,2.2966921,0.1418439745903015,0.7850834131240845,0.48492133617401123
YNL081C,YDL002C,0,2.2966459,0.1418188214302063,0.7850834131240845,0.48502153158187866
YDR195W,YNL080C,0,2.2965581,0.14179368317127228,0.7850834131240845,0.4851217269897461
YDR289C,YDL044C,0,2.2962286,0.14176855981349945,0.7850834131240845,0.4852219223976135
YML045W-A,YDR260C,0,2.296117,0.14174345135688782,0.7850834131240845,0.48532211780548096
YMR059W,YBR067C,0,2.295679,0.141718327999115,0.7850834131240845,0.4854223132133484
YNL123W,YHL018W,0,2.2955382,0.14169323444366455,0.7850834131240845,0.48552247881889343
YMR059W,YDR214W,0,2.2943144,0.1416681408882141,0.7850834131240845,0.48562267422676086
YNL238W,YBR094W,0,2.2940576,0.14164306223392487,0.7850834131240845,0.4857228696346283
YJL167W,YHR188C,0,2.2938178,0.14161798357963562,0.7850834131240845,0.4858230650424957
YBL097W,YPL190C,0,2.2935731,0.14159291982650757,0.7850834131240845,0.48592326045036316
YMR121C,YML011C,0,2.2934663,0.1415678709745407,0.7850834131240845,0.4860234558582306
YJL140W,YNR017W,0,2.293383,0.14154282212257385,0.7850834131240845,0.48612362146377563
YML118W,YJR131W,0,2.2932878,0.141517773270607,0.7850834131240845,0.48622381687164307
YGR007W,YLL026W,0,2.2929199,0.14149275422096252,0.7850834131240845,0.4863240122795105
YNL107W,YDR414C,0,2.2927744,0.14146772027015686,0.7850834131240845,0.48642420768737793
YOR377W,YOR145C,0,2.2923205,0.14144271612167358,0.7850834131240845,0.48652440309524536
YOL029C,YMR035W,0,2.2922418,0.1414177119731903,0.7850834131240845,0.4866245985031128
YJR132W,YNL008C,0,2.2917364,0.14139272272586823,0.7850834131240845,0.48672476410865784
YOR336W,YGL167C,0,2.2916896,0.14136773347854614,0.7850834131240845,0.48682495951652527
YLL034C,YDL021W,0,2.2915041,0.14134275913238525,0.7850834131240845,0.4869251549243927
YFL002W-B,YDR186C,0,2.2913213,0.14131778478622437,0.7850834131240845,0.48702535033226013
YPL086C,YLR203C,0,2.291302,0.14129282534122467,0.7850834131240845,0.48712554574012756
YEL041W,YOR317W,0,2.29124,0.14126788079738617,0.7850834131240845,0.487225741147995
YOR171C,YEL019C,0,2.290634,0.14124293625354767,0.7850834131240845,0.48732590675354004
YOL103W-A,YGL098W,0,2.2903001,0.14121800661087036,0.7850834131240845,0.48742610216140747
YNL180C,YPL009C,0,2.2901633,0.14119307696819305,0.7850834131240845,0.4875262975692749
YNR038W,YMR189W,0,2.2897015,0.14116816222667694,0.7850834131240845,0.48762649297714233
YDL165W,YGR296W,0,2.2893229,0.14114326238632202,0.7850834131240845,0.48772668838500977
YDR098C-B,YJL053W,0,2.2891395,0.1411183625459671,0.7850834131240845,0.4878268837928772
YBR110W,YEL004W,0,2.2891092,0.14109347760677338,0.7850834131240845,0.48792704939842224
YNL329C,YDR204W,0,2.2890596,0.14106859266757965,0.7850834131240845,0.4880272448062897
YER123W,YPR056W,0,2.2887313,0.14104372262954712,0.7850834131240845,0.4881274402141571
YPR101W,YPL005W,0,2.2884655,0.14101886749267578,0.7850834131240845,0.48822763562202454
YDL197C,YDL128W,0,2.2882948,0.14099401235580444,0.7850834131240845,0.48832783102989197
YOR059C,YGR217W,0,2.288139,0.1409691572189331,0.7850834131240845,0.4884280264377594
YDL193W,YKL174C,0,2.2878935,0.14094433188438416,0.7850834131240845,0.48852819204330444
YLR035C,YBR120C,0,2.2878082,0.1409195065498352,0.7850834131240845,0.4886283874511719
YGR271C-A,YOR142W-B,0,2.2868931,0.14089468121528625,0.7850834131240845,0.4887285828590393
YCL034W,YJR057W,0,2.286494,0.1408698707818985,0.7850834131240845,0.48882877826690674
YGL195W,YER160C,0,2.2864907,0.14084507524967194,0.7850834131240845,0.48892897367477417
YML080W,YPR056W,0,2.2863214,0.14082027971744537,0.7850834131240845,0.4890291690826416
YHL009W-A,YBR104W,0,2.2860947,0.14079549908638,0.7850834131240845,0.48912933468818665
YMR078C,YPL235W,1,2.2858698,0.14094668626785278,0.7860647439956665,0.48912933468818665
YDR105C,YHR035W,0,2.2856677,0.14092189073562622,0.7860647439956665,0.4892295300960541
YLL055W,YOR119C,0,2.2856371,0.14089709520339966,0.7860647439956665,0.4893297255039215
YJR004C,YKL129C,0,2.2849286,0.1408723145723343,0.7860647439956665,0.48942992091178894
YGR161C-D,YGR193C,0,2.2844274,0.14084754884243011,0.7860647439956665,0.48953011631965637
YNL024C,YLL061W,0,2.2841103,0.14082278311252594,0.7860647439956665,0.4896303117275238
YOR295W,YJR099W,0,2.2839391,0.14079803228378296,0.7860647439956665,0.48973047733306885
YGL027C,YMR218C,0,2.2837393,0.14077328145503998,0.7860647439956665,0.4898306727409363
YMR175W,YKL001C,0,2.2835147,0.1407485455274582,0.7860647439956665,0.4899308681488037
YDR488C,YOR049C,0,2.2832177,0.1407238245010376,0.7860647439956665,0.49003106355667114
YML041C,YMR065W,0,2.2830896,0.140699103474617,0.7860647439956665,0.4901312589645386
YDR168W,YGR161W-B,0,2.282752,0.1406743973493576,0.7860647439956665,0.490231454372406
YJL089W,YJR017C,0,2.2822735,0.1406496912240982,0.7860647439956665,0.49033161997795105
YKL152C,YOR334W,0,2.2822607,0.140625,0.7860647439956665,0.4904318153858185
YBR243C,YDR194C,0,2.2815986,0.1406003087759018,0.7860647439956665,0.4905320107936859
YGR109W-B,YLR145W,0,2.2814825,0.14057564735412598,0.7860647439956665,0.49063220620155334
YNL152W,YGR161C-D,0,2.2807136,0.14055097103118896,0.7860647439956665,0.4907324016094208
YGL127C,YLR399C,1,2.2804751,0.1407017558813095,0.7870461344718933,0.4907324016094208
YNL085W,YER173W,1,2.2803056,0.14085248112678528,0.7880274653434753,0.4907324016094208
YLR131C,YJR010W,0,2.2801116,0.14082777500152588,0.7880274653434753,0.4908325672149658
YDR229W,YGL026C,0,2.2800581,0.14080308377742767,0.7880274653434753,0.49093276262283325
YOL004W,YPR052C,1,2.2800062,0.14095371961593628,0.7890088558197021,0.49093276262283325
YNL250W,YLR220W,0,2.2798278,0.14092901349067688,0.7890088558197021,0.4910329580307007
YDR078C,YIL154C,1,2.279162,0.14107955992221832,0.7899901866912842,0.4910329580307007
YEL043W,YCR052W,0,2.2791605,0.14105483889579773,0.7899901866912842,0.4911331534385681
YCL017C,YKR072C,0,2.2790143,0.14103013277053833,0.7899901866912842,0.49123334884643555
YDR310C,YPR158W-B,0,2.2789338,0.14100542664527893,0.7899901866912842,0.491333544254303
YER175C,YLR307W,0,2.2787142,0.14098073542118073,0.7899901866912842,0.491433709859848
YML055W,YOR129C,0,2.278499,0.14095604419708252,0.7899901866912842,0.49153390526771545
YPL183C,YML045W,0,2.2782123,0.1409313678741455,0.7899901866912842,0.4916341006755829
YEL026W,YFR021W,0,2.2781732,0.1409067064523697,0.7899901866912842,0.4917342960834503
YNL283C,YDR287W,0,2.2775366,0.14088204503059387,0.7899901866912842,0.49183449149131775
YFL038C,YLR284C,0,2.2770593,0.14085739850997925,0.7899901866912842,0.4919346868991852
YLL023C,YPL146C,0,2.2765987,0.14083275198936462,0.7899901866912842,0.4920348525047302
YLR330W,YDR463W,0,2.2761304,0.1408081203699112,0.7899901866912842,0.49213504791259766
YJL197W,YHR158C,0,2.2747598,0.14078348875045776,0.7899901866912842,0.4922352433204651
YGL127C,YKL114C,1,2.273737,0.14093372225761414,0.7909715175628662,0.4922352433204651
YLR035C,YHR056C,1,2.2733223,0.14108391106128693,0.791952908039093,0.4922352433204651
YLL012W,YJL066C,0,2.272967,0.1410592496395111,0.791952908039093,0.4923354387283325
YGR235C,YHR142W,0,2.2725704,0.14103460311889648,0.791952908039093,0.49243563413619995
YFL057C,YKL046C,0,2.2720919,0.14100995659828186,0.791952908039093,0.4925358295440674
YKL051W,YNR051C,0,2.2714465,0.14098532497882843,0.791952908039093,0.4926359951496124
YAL068C,YBL076C,0,2.271352,0.140960693359375,0.791952908039093,0.49273619055747986
YML006C,YEL048C,0,2.271351,0.14093607664108276,0.791952908039093,0.4928363859653473
YKL124W,YEL001C,0,2.2713323,0.14091147482395172,0.791952908039093,0.4929365813732147
YJL054W,YPR023C,0,2.2711706,0.14088687300682068,0.791952908039093,0.49303677678108215
YBL013W,YMR072W,0,2.2706482,0.14086228609085083,0.791952908039093,0.4931369721889496
YLL033W,YGR109W-A,0,2.2704277,0.14083769917488098,0.791952908039093,0.49323713779449463
YNL111C,YGL194C,0,2.270187,0.14081312716007233,0.791952908039093,0.49333733320236206
YFR031C,YDR173C,0,2.2701607,0.14078855514526367,0.791952908039093,0.4934375286102295
YOR138C,YPL108W,0,2.269543,0.1407639980316162,0.791952908039093,0.4935377240180969
YPL283C,YML045W-A,0,2.2692456,0.14073945581912994,0.791952908039093,0.49363791942596436
YHR109W,YCR048W,0,2.2686017,0.14071491360664368,0.791952908039093,0.4937381148338318
YNL330C,YMR173W,1,2.2685263,0.14086471498012543,0.792934238910675,0.4937381148338318
YDR007W,YPR091C,0,2.2685113,0.14084015786647797,0.792934238910675,0.49383828043937683
YML013W,YDR378C,0,2.2684388,0.1408156156539917,0.792934238910675,0.49393847584724426
YOL052C,YJR109C,0,2.2684324,0.14079107344150543,0.792934238910675,0.4940386712551117
YIL157C,YDR191W,0,2.2681055,0.14076654613018036,0.792934238910675,0.4941388666629791
YPL170W,YDR098C-A,0,2.2677414,0.14074203372001648,0.792934238910675,0.49423906207084656
YIR038C,YPL257W-B,0,2.267285,0.1407175213098526,0.792934238910675,0.494339257478714
YOL142W,YGR215W,0,2.2668633,0.14069302380084991,0.792934238910675,0.49443942308425903
YMR251W-A,YGL243W,0,2.2668371,0.14066852629184723,0.792934238910675,0.49453961849212646
YBL018C,YNL085W,0,2.2665231,0.14064404368400574,0.792934238910675,0.4946398138999939
YGR198W,YGR083C,0,2.2657242,0.14061956107616425,0.792934238910675,0.49474000930786133
YIL142W,YGR222W,0,2.2656434,0.14059509336948395,0.792934238910675,0.49484020471572876
YKR028W,YFR016C,0,2.2653506,0.14057064056396484,0.792934238910675,0.4949404001235962
YBR272C,YNL136W,1,2.265158,0.14072012901306152,0.7939156293869019,0.4949404001235962
YHR194W,YLR352W,0,2.2651541,0.14069564640522003,0.7939156293869019,0.49504056572914124
YJR042W,YDR099W,0,2.2648313,0.14067119359970093,0.7939156293869019,0.49514076113700867
YGR214W,YMR319C,0,2.2641444,0.14064672589302063,0.7939156293869019,0.4952409565448761
YFR021W,YDR210C-D,0,2.2637842,0.14062228798866272,0.7939156293869019,0.49534115195274353
YML112W,YGR208W,0,2.2636087,0.1405978500843048,0.7939156293869019,0.49544134736061096
YCL008C,YBR080C,0,2.263295,0.1405734121799469,0.7939156293869019,0.4955415427684784
YJL013C,YMR021C,0,2.2629507,0.14054898917675018,0.7939156293869019,0.49564170837402344
YOR144C,YMR173W,1,2.2626772,0.14069828391075134,0.7948969602584839,0.49564170837402344
YEL056W,YBL088C,1,2.2622442,0.14084751904010773,0.7958782911300659,0.49564170837402344
YDL178W,YBR083W,0,2.2614346,0.14082306623458862,0.7958782911300659,0.49574190378189087
YDR007W,YBR019C,0,2.2612607,0.14079861342906952,0.7958782911300659,0.4958420991897583
YJL209W,YFL005W,0,2.2604969,0.1407741755247116,0.7958782911300659,0.49594229459762573
YDR364C,YBL035C,0,2.2604825,0.1407497376203537,0.7958782911300659,0.49604249000549316
YNL048W,YJR131W,0,2.2601507,0.14072531461715698,0.7958782911300659,0.4961426854133606
YLR133W,YJR103W,0,2.25952,0.14070090651512146,0.7958782911300659,0.49624285101890564
YJR093C,YBR302C,0,2.259118,0.14067649841308594,0.7958782911300659,0.49634304642677307
YNL247W,YNL054W-A,0,2.258908,0.1406521052122116,0.7958782911300659,0.4964432418346405
YIL023C,YGR261C,0,2.2588813,0.14062771201133728,0.7958782911300659,0.49654343724250793
YLR003C,YAL011W,0,2.2588155,0.14060333371162415,0.7958782911300659,0.49664363265037537
YER022W,YER175C,0,2.2585604,0.140578955411911,0.7958782911300659,0.4967438280582428
YOR034C,YPR158C-C,0,2.2584178,0.14055459201335907,0.7958782911300659,0.49684399366378784
YDL104C,YGR040W,0,2.2584019,0.14053024351596832,0.7958782911300659,0.4969441890716553
YLR363C,YJL071W,0,2.2582538,0.14050589501857758,0.7958782911300659,0.4970443844795227
YOR283W,YER190W,0,2.258144,0.14048154652118683,0.7958782911300659,0.49714457988739014
YDR178W,YMR038C,0,2.2577083,0.14045722782611847,0.7958782911300659,0.49724477529525757
YPR104C,YJR103W,0,2.2576723,0.14043289422988892,0.7958782911300659,0.4973449409008026
YJL063C,YGR171C,0,2.2576644,0.14040859043598175,0.7958782911300659,0.49744513630867004
YML071C,YLR350W,0,2.2575142,0.14038428664207458,0.7958782911300659,0.4975453317165375
YOR287C,YKR042W,0,2.2574985,0.14035998284816742,0.7958782911300659,0.4976455271244049
YER109C,YER072W,0,2.2573602,0.14033569395542145,0.7958782911300659,0.49774572253227234
YKL152C,YLR034C,0,2.2571914,0.14031141996383667,0.7958782911300659,0.49784591794013977
YDR338C,YML071C,0,2.257108,0.1402871459722519,0.7958782911300659,0.4979460835456848
YOR328W,YPL004C,0,2.257065,0.1402628868818283,0.7958782911300659,0.49804627895355225
YGR017W,YKL138C,0,2.256673,0.14023862779140472,0.7958782911300659,0.4981464743614197
YPR198W,YOL010W,0,2.2566628,0.14021438360214233,0.7958782911300659,0.4982466697692871
YNL055C,YDR147W,0,2.2562742,0.14019015431404114,0.7958782911300659,0.49834686517715454
YLR027C,YPL150W,0,2.2561014,0.14016592502593994,0.7958782911300659,0.498447060585022
YPL181W,YPL233W,0,2.2555401,0.14014169573783875,0.7958782911300659,0.498547226190567
YHR001W-A,YOR077W,0,2.25456,0.14011748135089874,0.7958782911300659,0.49864742159843445
YIL162W,YMR075W,0,2.2540672,0.14009328186511993,0.7958782911300659,0.4987476170063019
YNR073C,YPL164C,0,2.2540114,0.14006908237934113,0.7958782911300659,0.4988478124141693
YGL170C,YER002W,0,2.2531555,0.1400448977947235,0.7958782911300659,0.49894800782203674
YNL048W,YOR007C,0,2.25298,0.1400207132101059,0.7958782911300659,0.4990482032299042
YDR058C,YAL055W,0,2.252952,0.13999654352664948,0.7958782911300659,0.4991483688354492
YGR239C,YKR068C,0,2.252494,0.13997238874435425,0.7958782911300659,0.49924856424331665
YEL031W,YPR022C,0,2.2523434,0.13994823396205902,0.7958782911300659,0.4993487596511841
YOR272W,YML101C,0,2.2520804,0.1399240791797638,0.7958782911300659,0.4994489550590515
YGR161W-B,YBR094W,0,2.2519064,0.13989995419979095,0.7958782911300659,0.49954915046691895
YLR228C,YDR196C,0,2.2518325,0.13987581431865692,0.7958782911300659,0.4996493458747864
YIL126W,YNL273W,1,2.2514403,0.14002414047718048,0.7968596816062927,0.4996493458747864
YGR005C,YMR029C,0,2.2513268,0.14000000059604645,0.7968596816062927,0.4997495114803314
YDL197C,YPR072W,0,2.251261,0.13997586071491241,0.7968596816062927,0.49984970688819885
YOR217W,YLR394W,1,2.2511044,0.1401240974664688,0.7978410124778748,0.49984970688819885
YKL209C,YDR273W,0,2.2509532,0.14009994268417358,0.7978410124778748,0.4999499022960663
YHR114W,YCR003W,0,2.2507331,0.14007580280303955,0.7978410124778748,0.5000500679016113
YOR147W,YBR195C,0,2.2507226,0.1400516778230667,0.7978410124778748,0.5001502633094788
YOR202W,YER176W,0,2.2505865,0.14002755284309387,0.7978410124778748,0.5002504587173462
YDR512C,YDL105W,0,2.2504637,0.14000344276428223,0.7978410124778748,0.5003506541252136
YLR256W-A,YDR308C,0,2.2503052,0.13997933268547058,0.7978410124778748,0.500450849533081
YDL036C,YFL016C,0,2.250148,0.13995523750782013,0.7978410124778748,0.5005510449409485
YNR021W,YML102W,0,2.249636,0.13993115723133087,0.7978410124778748,0.5006512403488159
YAL009W,YNL279W,0,2.2495856,0.1399070769548416,0.7978410124778748,0.5007514357566833
YDR439W,YML025C,0,2.2492898,0.13988299667835236,0.7978410124778748,0.5008516311645508
YOR090C,YML025C,0,2.2491803,0.1398589313030243,0.7978410124778748,0.5009518265724182
YOL103W-B,YER119C,0,2.248868,0.13983488082885742,0.7978410124778748,0.5010520219802856
YDL147W,YIL076W,0,2.248676,0.13981083035469055,0.7978410124778748,0.5011522173881531
YLR157C-A,YPL003W,0,2.2484717,0.13978679478168488,0.7978410124778748,0.5012523531913757
YLR408C,YPL273W,0,2.2482839,0.1397627592086792,0.7978410124778748,0.5013525485992432
YOR304C-A,YCL014W,0,2.2481825,0.13973873853683472,0.7978410124778748,0.5014527440071106
YDL164C,YEL019C,1,2.2481725,0.13988657295703888,0.7988224029541016,0.5014527440071106
YNL243W,YLR401C,0,2.245933,0.1398625373840332,0.7988224029541016,0.501552939414978
YMR005W,YJL225C,0,2.2457147,0.13983851671218872,0.7988224029541016,0.5016531348228455
YGR112W,YGR038C-A,0,2.2449212,0.13981449604034424,0.7988224029541016,0.5017533302307129
YCL052C,YLL045C,0,2.244507,0.13979049026966095,0.7988224029541016,0.5018535256385803
YLR227W-B,YFL031W,0,2.2442083,0.13976648449897766,0.7988224029541016,0.5019537210464478
YDR142C,YML102W,0,2.2441924,0.13974249362945557,0.7988224029541016,0.5020539164543152
YPR188C,YMR083W,0,2.2440152,0.13971850275993347,0.7988224029541016,0.5021541118621826
YPR165W,YDR407C,0,2.2438252,0.13969452679157257,0.7988224029541016,0.50225430727005
YBL066C,YPL001W,0,2.2435272,0.13967055082321167,0.7988224029541016,0.5023545026779175
YJR090C,YKL029C,0,2.2432272,0.13964658975601196,0.7988224029541016,0.5024546384811401
YCR014C,YPL022W,1,2.2430594,0.13979417085647583,0.7998037338256836,0.5024546384811401
YBR077C,YPL100W,0,2.2430112,0.13977019488811493,0.7998037338256836,0.5025548338890076
YMR156C,YDR460W,1,2.2422662,0.13991770148277283,0.8007850646972656,0.5025548338890076
YPL227C,YDR476C,0,2.2420766,0.13989371061325073,0.8007850646972656,0.502655029296875
YNL176C,YLR047C,0,2.2416513,0.13986973464488983,0.8007850646972656,0.5027552247047424
YNL053W,YIL139C,0,2.2415583,0.13984575867652893,0.8007850646972656,0.5028554201126099
YPR189W,YJL168C,0,2.2411666,0.13982179760932922,0.8007850646972656,0.5029556155204773
YDL168W,YBR121C,0,2.240619,0.13979783654212952,0.8007850646972656,0.5030558109283447
YEL037C,YJL090C,1,2.240433,0.13994519412517548,0.8017664551734924,0.5030558109283447
YOL042W,YHR037W,0,2.2401035,0.13992121815681458,0.8017664551734924,0.5031560063362122
YDL212W,YNL092W,0,2.2398589,0.13989725708961487,0.8017664551734924,0.5032562017440796
YOR125C,YCR083W,0,2.2395732,0.13987331092357635,0.8017664551734924,0.503356397151947
YGR056W,YIL119C,0,2.2392523,0.13984936475753784,0.8017664551734924,0.5034565925598145
YNL236W,YOR142W-A,0,2.2390895,0.13982543349266052,0.8017664551734924,0.5035567283630371
YPR020W,YBR049C,0,2.2389739,0.1398015022277832,0.8017664551734924,0.5036569237709045
YOR393W,YNL251C,0,2.2389677,0.13977758586406708,0.8017664551734924,0.503757119178772
YNR055C,YDR328C,0,2.2387834,0.13975368440151215,0.8017664551734924,0.5038573145866394
YLR355C,YNL284C-A,0,2.238139,0.13972978293895721,0.8017664551734924,0.5039575099945068
YGL087C,YPL022W,1,2.2377303,0.13987688720226288,0.8027477860450745,0.5039575099945068
YKL099C,YOR343W-B,0,2.237468,0.13985297083854675,0.8027477860450745,0.5040577054023743
YNL172W,YCR042C,0,2.2374551,0.13982905447483063,0.8027477860450745,0.5041579008102417
YDL113C,YJR151C,0,2.2368774,0.1398051679134369,0.8027477860450745,0.5042580962181091
YDL160C,YER058W,0,2.2368443,0.13978126645088196,0.8027477860450745,0.5043582916259766
YDL159W,YLR002C,0,2.2367237,0.13975739479064941,0.8027477860450745,0.504458487033844
YBL097W,YOL012C,0,2.2366672,0.13973350822925568,0.8027477860450745,0.5045586824417114
YGR033C,YLR256W,0,2.236559,0.13970965147018433,0.8027477860450745,0.5046588778495789
YBR078W,YBR257W,0,2.2364914,0.13968579471111298,0.8027477860450745,0.5047590136528015
YFL048C,YLR116W,0,2.2362216,0.13966193795204163,0.8027477860450745,0.504859209060669
YER157W,YBR146W,0,2.2357547,0.13963809609413147,0.8027477860450745,0.5049594044685364
YBL026W,YDR392W,0,2.2354987,0.1396142691373825,0.8027477860450745,0.5050595998764038
YPL082C,YNL284C-B,0,2.2346349,0.13959044218063354,0.8027477860450745,0.5051597952842712
YJR055W,YOR011W,0,2.2345252,0.13956663012504578,0.8027477860450745,0.5052599906921387
YLR054C,YGR109W-B,0,2.2340143,0.139542818069458,0.8027477860450745,0.5053601861000061
YIL016W,YOR343W-B,0,2.2337625,0.13951902091503143,0.8027477860450745,0.5054603815078735
YGL030W,YGL255W,0,2.2336175,0.13949522376060486,0.8027477860450745,0.505560576915741
YOR329C,YNL054W-A,0,2.2335503,0.13947144150733948,0.8027477860450745,0.5056607723236084
YBR153W,YJL204C,0,2.2327528,0.1394476592540741,0.8027477860450745,0.5057609677314758
YDR217C,YNL085W,1,2.232636,0.13959434628486633,0.8037291169166565,0.5057609677314758
YHR156C,YBR218C,0,2.2325957,0.13957054913043976,0.8037291169166565,0.5058611631393433
YGL030W,YBL105C,0,2.2317178,0.13954676687717438,0.8037291169166565,0.5059612989425659
YJR047C,YNL274C,0,2.2316034,0.1395229995250702,0.8037291169166565,0.5060614943504333
YOL103W-A,YKL086W,0,2.231543,0.139499232172966,0.8037291169166565,0.5061616897583008
YGR109W-B,YGR038C-B,0,2.2312872,0.139475479722023,0.8037291169166565,0.5062618851661682
YOR237W,YJL066C,0,2.2310932,0.13945172727108002,0.8037291169166565,0.5063620805740356
YGR175C,YGL023C,0,2.2310045,0.13942798972129822,0.8037291169166565,0.5064622759819031
YHL009W-A,YKL009W,0,2.2308333,0.13940425217151642,0.8037291169166565,0.5065624713897705
YOR202W,YOR028C,0,2.2297432,0.1393805295228958,0.8037291169166565,0.5066626667976379
YIL094C,YBL005W,0,2.2292802,0.1393568217754364,0.8037291169166565,0.5067628622055054
YMR192W,YOR156C,0,2.228613,0.1393330991268158,0.8037291169166565,0.5068630576133728
YOL155C,YOR245C,0,2.228046,0.13930940628051758,0.8037291169166565,0.5069632530212402
YER144C,YMR230W,0,2.227647,0.13928571343421936,0.8037291169166565,0.5070634484291077
YNR033W,YGL025C,0,2.2271643,0.13926203548908234,0.8037291169166565,0.5071635842323303
YPR004C,YDR138W,0,2.2270594,0.1392383575439453,0.8037291169166565,0.5072637796401978
YOR287C,YCR011C,0,2.2268505,0.1392146795988083,0.8037291169166565,0.5073639750480652
YOR386W,YER169W,1,2.2266877,0.13936097919940948,0.8047105073928833,0.5073639750480652
YOR190W,YOR091W,0,2.226543,0.13933730125427246,0.8047105073928833,0.5074641704559326
YPL061W,YBL112C,0,2.2262866,0.13931362330913544,0.8047105073928833,0.5075643658638
YAL029C,YGR204W,0,2.2262597,0.1392899602651596,0.8047105073928833,0.5076645612716675
YML114C,YHR073W,0,2.2259266,0.13926629722118378,0.8047105073928833,0.5077647566795349
YNL081C,YIL002C,0,2.2251296,0.13924264907836914,0.8047105073928833,0.5078649520874023
YMR210W,YMR008C,0,2.2251246,0.1392190158367157,0.8047105073928833,0.5079651474952698
YLR034C,YHR150W,0,2.225022,0.13919538259506226,0.8047105073928833,0.5080653429031372
YPL137C,YCR023C,0,2.2249224,0.13917176425457,0.8047105073928833,0.5081655383110046
YGR161W-B,YGR192C,0,2.2249012,0.13914814591407776,0.8047105073928833,0.5082657337188721
YKL082C,YCR079W,0,2.224901,0.1391245275735855,0.8047105073928833,0.5083658695220947
YOL086C,YPL007C,0,2.2248998,0.13910093903541565,0.8047105073928833,0.5084660649299622
YKL020C,YDL202W,0,2.2243862,0.1390773355960846,0.8047105073928833,0.5085662603378296
YGL130W,YLR133W,0,2.224066,0.13905376195907593,0.8047105073928833,0.508666455745697
YBR234C,YNL190W,0,2.2239776,0.13903017342090607,0.8047105073928833,0.5087666511535645
YPR125W,YBL091C-A,0,2.2238748,0.1390066146850586,0.8047105073928833,0.5088668465614319
YPL283C,YLR194C,0,2.2238708,0.13898305594921112,0.8047105073928833,0.5089670419692993
YOR058C,YGR161C-C,0,2.223375,0.13895949721336365,0.8047105073928833,0.5090672373771667
YFR036W,YAL026C,0,2.223321,0.13893595337867737,0.8047105073928833,0.5091674327850342
YJR109C,YDR141C,0,2.2232895,0.13891242444515228,0.8047105073928833,0.5092676281929016
YGR096W,YDR530C,0,2.223113,0.1388888955116272,0.8047105073928833,0.509367823600769
YLR263W,YLR129W,0,2.2223644,0.1388653665781021,0.8047105073928833,0.5094679594039917
YER065C,YLL032C,0,2.2223465,0.13884185254573822,0.8047105073928833,0.5095681548118591
YNL031C,YGR166W,0,2.2222111,0.13881835341453552,0.8047105073928833,0.5096683502197266
YBL079W,YFR014C,0,2.2221677,0.13879485428333282,0.8047105073928833,0.509768545627594
YNL110C,YOR292C,0,2.2218583,0.13877137005329132,0.8047105073928833,0.5098687410354614
YKR072C,YJL104W,0,2.2215555,0.13874788582324982,0.8047105073928833,0.5099689364433289
YML069W,YJL203W,0,2.221503,0.1387244164943695,0.8047105073928833,0.5100691318511963
YOL040C,YPR158W-B,0,2.2214262,0.1387009471654892,0.8047105073928833,0.5101693272590637
YKR007W,YGL243W,0,2.221353,0.13867749273777008,0.8047105073928833,0.5102695226669312
YDR210W-A,YLR442C,0,2.2210996,0.13865403831005096,0.8047105073928833,0.5103697180747986
YLR310C,YHR083W,0,2.2203107,0.13863059878349304,0.8047105073928833,0.510469913482666
YDR325W,YGR215W,0,2.2202494,0.1386071741580963,0.8047105073928833,0.5105701088905334
YMR091C,YGR038C-B,0,2.2201612,0.1385837346315384,0.8047105073928833,0.5106702446937561
YOR357C,YOL096C,0,2.2200801,0.13856032490730286,0.8047105073928833,0.5107704401016235
YDR472W,YNR023W,0,2.2195826,0.13853691518306732,0.8047105073928833,0.510870635509491
YPL020C,YNL197C,0,2.2194922,0.13851352035999298,0.8047105073928833,0.5109708309173584
YER039C,YKL184W,0,2.2190723,0.13849012553691864,0.8047105073928833,0.5110710263252258
YMR044W,YKL203C,0,2.2187486,0.1384667307138443,0.8047105073928833,0.5111712217330933
YNL240C,YML076C,0,2.2181895,0.13844335079193115,0.8047105073928833,0.5112714171409607
YKL081W,YKL001C,0,2.2181323,0.1384199857711792,0.8047105073928833,0.5113716125488281
YBR279W,YPR082C,0,2.218011,0.13839662075042725,0.8047105073928833,0.5114718079566956
YOR020C,YPL084W,0,2.217922,0.1383732706308365,0.8047105073928833,0.511572003364563
YPR080W,YOR275C,0,2.2178068,0.13834992051124573,0.8047105073928833,0.5116721987724304
YLR299W,YDR025W,0,2.2177572,0.13832658529281616,0.8047105073928833,0.5117723941802979
YIR033W,YDR194C,0,2.2173877,0.1383032500743866,0.8047105073928833,0.5118725299835205
YCL040W,YCR052W,0,2.2171474,0.13827992975711823,0.8047105073928833,0.5119727253913879
YML019W,YMR293C,0,2.2169898,0.13825662434101105,0.8047105073928833,0.5120729207992554
YDR131C,YBL071W-A,0,2.2169883,0.13823330402374268,0.8047105073928833,0.5121731162071228
YIL148W,YDL101C,1,2.2169206,0.1383785605430603,0.8056918382644653,0.5121731162071228
YJR052W,YIL154C,1,2.2166884,0.13852375745773315,0.8066732287406921,0.5121731162071228
YPL018W,YHR008C,0,2.2163663,0.1385004222393036,0.8066732287406921,0.5122733116149902
YNL294C,YFR044C,0,2.2161088,0.13847708702087402,0.8066732287406921,0.5123735070228577
YAL061W,YDR098C-B,0,2.2161038,0.13845376670360565,0.8066732287406921,0.5124737024307251
YOR367W,YEL009C,0,2.2160408,0.13843044638633728,0.8066732287406921,0.5125738978385925
YCR030C,YER011W,0,2.2158167,0.1384071409702301,0.8066732287406921,0.51267409324646
YJL042W,YDR331W,0,2.215563,0.13838383555412292,0.8066732287406921,0.5127742886543274
YIL009W,YPL223C,0,2.2153203,0.13836054503917694,0.8066732287406921,0.5128744840621948
YJR006W,YNL102W,1,2.214959,0.13850554823875427,0.8076545596122742,0.5128744840621948
YOR319W,YDR394W,0,2.2142627,0.1384822428226471,0.8076545596122742,0.5129746794700623
YDL206W,YLR367W,0,2.214063,0.1384589523077011,0.8076545596122742,0.5130748152732849
YJL127C,YJL092W,1,2.2135513,0.13860386610031128,0.8086358904838562,0.5130748152732849
YPL215W,YNL197C,0,2.2134612,0.1385805606842041,0.8086358904838562,0.5131750106811523
YNL221C,YLR315W,0,2.2134097,0.13855725526809692,0.8086358904838562,0.5132752060890198
YHR066W,YBR172C,0,2.2132013,0.13853396475315094,0.8086358904838562,0.5133754014968872
YPR104C,YLR395C,0,2.213047,0.13851067423820496,0.8086358904838562,0.5134755969047546
YPR023C,YBR089C-A,1,2.2126598,0.13865546882152557,0.809617280960083,0.5134755969047546
YNL272C,YJR109C,0,2.2126386,0.1386321634054184,0.809617280960083,0.5135757923126221
YER021W,YBR015C,0,2.212406,0.1386088728904724,0.809617280960083,0.5136759877204895
YKL065C,YER100W,0,2.2121556,0.13858558237552643,0.809617280960083,0.5137761831283569
YPL171C,YGL096W,0,2.2115948,0.13856230676174164,0.809617280960083,0.5138763785362244
YDR190C,YNL312W,1,2.2115822,0.1387069672346115,0.810598611831665,0.5138763785362244
YDL240W,YLR233C,0,2.2114415,0.13868367671966553,0.810598611831665,0.5139765739440918
YOR195W,YHL009W-A,0,2.2113583,0.13866040110588074,0.810598611831665,0.5140767693519592
YER137C-A,YPR007C,0,2.2110531,0.13863712549209595,0.810598611831665,0.5141769647598267
YOL103W-B,YLR341W,0,2.2107992,0.13861386477947235,0.810598611831665,0.5142771005630493
YBL097W,YGR144W,0,2.2106245,0.13859060406684875,0.810598611831665,0.5143772959709167
YPL036W,YOR206W,0,2.2105832,0.13856735825538635,0.810598611831665,0.5144774913787842
YJR093C,YJL036W,0,2.2105768,0.13854411244392395,0.810598611831665,0.5145776867866516
YPL193W,YOR009W,0,2.2100825,0.13852088153362274,0.810598611831665,0.514677882194519
YKR078W,YMR055C,0,2.2100387,0.13849765062332153,0.810598611831665,0.5147780776023865
YHR139C,YDR034C-D,0,2.2098458,0.13847443461418152,0.810598611831665,0.5148782730102539
YJL081C,YBR271W,0,2.209371,0.1384512186050415,0.810598611831665,0.5149784684181213
YHR033W,YGL127C,0,2.2091973,0.13842801749706268,0.810598611831665,0.5150786638259888
YMR224C,YDR317W,1,2.2083666,0.13857237994670868,0.8115800023078918,0.5150786638259888
YKL054C,YMR268C,0,2.2083366,0.13854916393756866,0.8115800023078918,0.5151788592338562
YMR041C,YOR301W,0,2.20811,0.13852596282958984,0.8115800023078918,0.5152790546417236
YHR024C,YPL040C,0,2.20797,0.13850276172161102,0.8115800023078918,0.5153792500495911
YDL156W,YOR142W-A,0,2.2077868,0.1384795755147934,0.8115800023078918,0.5154793858528137
YGR268C,YLR157C-B,0,2.2076242,0.13845638930797577,0.8115800023078918,0.5155795812606812
YDR365W-B,YAR035W,0,2.2072184,0.13843321800231934,0.8115800023078918,0.5156797766685486
YGL180W,YGR172C,0,2.207205,0.1384100466966629,0.8115800023078918,0.515779972076416
YPR106W,YNL099C,0,2.2069345,0.13838687539100647,0.8115800023078918,0.5158801674842834
YIL079C,YOR009W,0,2.2068179,0.13836373388767242,0.8115800023078918,0.5159803628921509
YKR010C,YOR299W,0,2.2066784,0.13834057748317719,0.8115800023078918,0.5160805583000183
YKL146W,YNL279W,0,2.2066133,0.13831745088100433,0.8115800023078918,0.5161807537078857
YOR393W,YGL012W,0,2.206518,0.1382943093776703,0.8115800023078918,0.5162809491157532
YBR155W,YHR149C,0,2.2064822,0.13827119767665863,0.8115800023078918,0.5163811445236206
YDR350C,YIR031C,0,2.206373,0.13824807107448578,0.8115800023078918,0.516481339931488
YHL009W-A,YMR001C,0,2.206173,0.13822497427463531,0.8115800023078918,0.5165814757347107
YPR056W,YMR156C,1,2.2055852,0.13836897909641266,0.8125613331794739,0.5165814757347107
YDR365W-B,YHR042W,0,2.205525,0.138345867395401,0.8125613331794739,0.5166816711425781
YDL093W,YCR027C,0,2.204747,0.13832275569438934,0.8125613331794739,0.5167818665504456
YNL258C,YDR261W-A,0,2.2044442,0.13829964399337769,0.8125613331794739,0.516882061958313
YMR239C,YHR119W,0,2.203977,0.13827654719352722,0.8125613331794739,0.5169822573661804
YOL129W,YOR142W-B,0,2.2037818,0.13825346529483795,0.8125613331794739,0.5170824527740479
YBL040C,YLR447C,0,2.2032282,0.13823038339614868,0.8125613331794739,0.5171826481819153
YJL213W,YDR307W,0,2.2028449,0.1382073163986206,0.8125613331794739,0.5172828435897827
YMR169C,YBR181C,0,2.2028344,0.13818424940109253,0.8125613331794739,0.5173830389976501
YCL038C,YGR225W,0,2.2026796,0.13816118240356445,0.8125613331794739,0.5174832344055176
YIL137C,YPL248C,0,2.2026627,0.13813814520835876,0.8125613331794739,0.517583429813385
YER137C-A,YBR096W,0,2.2025974,0.13811509311199188,0.8125613331794739,0.5176836252212524
YBR281C,YLR249W,0,2.202524,0.1380920559167862,0.8125613331794739,0.5177837610244751
YDR159W,YCR002C,0,2.2023852,0.1380690336227417,0.8125613331794739,0.5178839564323425
YIL010W,YJR005W,0,2.2023532,0.1380460113286972,0.8125613331794739,0.51798415184021
YDR423C,YKL012W,0,2.2022674,0.1380230039358139,0.8125613331794739,0.5180843472480774
YBR169C,YDR337W,0,2.2019513,0.1379999965429306,0.8125613331794739,0.5181845426559448
YKL009W,YIR032C,0,2.2019145,0.1379770040512085,0.8125613331794739,0.5182847380638123
YMR167W,YGL079W,0,2.2013695,0.1379540115594864,0.8125613331794739,0.5183849334716797
YHL007C,YAR008W,0,2.2013,0.13793103396892548,0.8125613331794739,0.5184851288795471
YMR158W,YDR289C,0,2.2011535,0.13790805637836456,0.8125613331794739,0.5185853242874146
YGR091W,YER074W-A,0,2.2008438,0.13788509368896484,0.8125613331794739,0.518685519695282
YDR261C-D,YER044C-A,0,2.2006972,0.13786213099956512,0.8125613331794739,0.5187857151031494
YKL025C,YDR206W,0,2.2005265,0.1378391832113266,0.8125613331794739,0.5188859105110168
YDR030C,YJL090C,1,2.2004812,0.13798269629478455,0.8135426640510559,0.5188859105110168
YBR221C,YER044C-A,0,2.199899,0.13795973360538483,0.8135426640510559,0.5189860463142395
YKR103W,YLR410W-B,0,2.1998394,0.1379367709159851,0.8135426640510559,0.5190862417221069
YKL189W,YPR140W,0,2.1995094,0.13791382312774658,0.8135426640510559,0.5191864371299744
YJL091C,YDR028C,0,2.1990407,0.13789089024066925,0.8135426640510559,0.5192866325378418
YLR043C,YOL128C,0,2.1989264,0.13786795735359192,0.8135426640510559,0.5193868279457092
YDR210W-A,YGR287C,0,2.1986377,0.1378450244665146,0.8135426640510559,0.5194870233535767
YIR019C,YIL114C,0,2.1986027,0.13782210648059845,0.8135426640510559,0.5195872187614441
YLL039C,YOR130C,0,2.1984022,0.1377992033958435,0.8135426640510559,0.5196874141693115
YOL069W,YPR114W,0,2.1982958,0.13777630031108856,0.8135426640510559,0.519787609577179
YLR145W,YKL038W,0,2.1982453,0.1377534121274948,0.8135426640510559,0.5198878049850464
YDR075W,YLR395C,0,2.19817,0.13773052394390106,0.8135426640510559,0.5199880003929138
YAL029C,YLR151C,0,2.1978076,0.1377076357603073,0.8135426640510559,0.5200881958007812
YGL061C,YHR143W-A,0,2.1976655,0.13768477737903595,0.8135426640510559,0.5201883316040039
YBR260C,YMR083W,0,2.197362,0.1376619040966034,0.8135426640510559,0.5202885270118713
YDL018C,YHR090C,0,2.1972945,0.13763904571533203,0.8135426640510559,0.5203887224197388
YMR277W,YPL130W,0,2.1971164,0.13761620223522186,0.8135426640510559,0.5204889178276062
YIL087C,YDL139C,0,2.196785,0.1375933587551117,0.8135426640510559,0.5205891132354736
YPR057W,YDR492W,0,2.1965363,0.13757053017616272,0.8135426640510559,0.5206893086433411
YPL081W,YMR228W,0,2.1964333,0.13754770159721375,0.8135426640510559,0.5207895040512085
YOR287C,YDR289C,0,2.196149,0.13752488791942596,0.8135426640510559,0.5208896994590759
YLR361C,YJL206C,0,2.1960342,0.13750207424163818,0.8135426640510559,0.5209898948669434
YLR427W,YLR357W,1,2.1959918,0.13764511048793793,0.8145240545272827,0.5209898948669434
YFL008W,YJL090C,1,2.19594,0.1377881020307541,0.8155053853988647,0.5209898948669434
YMR295C,YER155C,0,2.1959245,0.13776525855064392,0.8155053853988647,0.5210900902748108
YER019C-A,YGR017W,0,2.195697,0.13774241507053375,0.8155053853988647,0.5211902856826782
YER124C,YDR404C,0,2.195629,0.13771958649158478,0.8155053853988647,0.5212904810905457
YDR034C-D,YNL323W,0,2.1955602,0.137696772813797,0.8155053853988647,0.5213906168937683
YDL117W,YDR127W,0,2.1950731,0.13767395913600922,0.8155053853988647,0.5214908123016357
YOR117W,YCR005C,0,2.1947494,0.13765114545822144,0.8155053853988647,0.5215910077095032
YIR008C,YGR059W,0,2.194332,0.13762834668159485,0.8155053853988647,0.5216912031173706
YJR112W,YOR079C,0,2.193838,0.13760556280612946,0.8155053853988647,0.521791398525238
YDR261C-D,YJL168C,0,2.193727,0.13758277893066406,0.8155053853988647,0.5218915939331055
YER095W,YDR159W,1,2.19368,0.13772554695606232,0.8164867758750916,0.5218915939331055
YGL150C,YKL054C,1,2.1933403,0.1378682553768158,0.8174681067466736,0.5218915939331055
YPR026W,YIL091C,0,2.1932704,0.13784544169902802,0.8174681067466736,0.5219917893409729
YLR157C-A,YBR193C,0,2.1931372,0.13782262802124023,0.8174681067466736,0.5220919847488403
YHL009W-A,YKL132C,0,2.1929207,0.13779982924461365,0.8174681067466736,0.5221921801567078
YDR171W,YHR072W-A,0,2.1925666,0.13777704536914825,0.8174681067466736,0.5222923755645752
YNL250W,YLR265C,1,2.1921573,0.13791963458061218,0.8184494376182556,0.5222923755645752
YPL164C,YEL056W,1,2.1921563,0.13806216418743134,0.8194308280944824,0.5222923755645752
YOR190W,YDR261W-A,0,2.1921375,0.13803935050964355,0.8194308280944824,0.5223925709724426
YDR492W,YHR096C,0,2.1917255,0.13801652193069458,0.8194308280944824,0.5224927067756653
YOL013C,YDR364C,0,2.191669,0.137993723154068,0.8194308280944824,0.5225929021835327
YIR035C,YIL108W,0,2.1910424,0.1379709243774414,0.8194308280944824,0.5226930975914001
YHR214W,YOR190W,0,2.190841,0.13794812560081482,0.8194308280944824,0.5227932929992676
YLR164W,YML127W,0,2.1907096,0.13792534172534943,0.8194308280944824,0.522893488407135
YGR003W,YJL151C,0,2.1906884,0.13790255784988403,0.8194308280944824,0.5229936838150024
YLR275W,YHR102W,0,2.1899128,0.13787978887557983,0.8194308280944824,0.5230938792228699
YOR363C,YJL115W,0,2.189609,0.13785701990127563,0.8194308280944824,0.5231940746307373
YOR133W,YOL090W,0,2.1894395,0.13783426582813263,0.8194308280944824,0.5232942700386047
YJR006W,YIL159W,0,2.1893904,0.13781152665615082,0.8194308280944824,0.5233944654464722
YDR506C,YGR161W-A,0,2.1887696,0.1377887725830078,0.8194308280944824,0.5234946608543396
YMR112C,YKL157W,0,2.188702,0.1377660483121872,0.8194308280944824,0.523594856262207
YKL006C-A,YBR069C,0,2.18861,0.13774332404136658,0.8194308280944824,0.5236949920654297
YLR092W,YDR175C,0,2.18833,0.13772059977054596,0.8194308280944824,0.5237951874732971
YPR133W-A,YER002W,0,2.187506,0.13769789040088654,0.8194308280944824,0.5238953828811646
YKL189W,YER165W,0,2.1873374,0.1376751810312271,0.8194308280944824,0.523995578289032
YNR056C,YNL274C,0,2.1869602,0.13765248656272888,0.8194308280944824,0.5240957736968994
YIL142W,YMR179W,0,2.1868236,0.13762980699539185,0.8194308280944824,0.5241959691047668
YLR372W,YER124C,0,2.1864064,0.13760711252689362,0.8194308280944824,0.5242961645126343
YDR280W,YJR123W,0,2.1861393,0.13758444786071777,0.8194308280944824,0.5243963599205017
YHR077C,YLR088W,0,2.1860492,0.13756178319454193,0.8194308280944824,0.5244965553283691
YGL105W,YER005W,0,2.185971,0.1375391185283661,0.8194308280944824,0.5245967507362366
YDL091C,YOR101W,0,2.1859329,0.13751646876335144,0.8194308280944824,0.524696946144104
YJR006W,YPR164W,1,2.185655,0.13765849173069,0.8204121589660645,0.524696946144104
YLR160C,YFR014C,0,2.1853752,0.13763582706451416,0.8204121589660645,0.5247971415519714
YGR186W,YHR209W,0,2.1852663,0.13761316239833832,0.8204121589660645,0.5248972773551941
YOR295W,YMR186W,0,2.1851435,0.13759051263332367,0.8204121589660645,0.5249974727630615
YHR016C,YJL213W,0,2.184333,0.13756787776947021,0.8204121589660645,0.525097668170929
YDR338C,YDR416W,0,2.1840332,0.13754524290561676,0.8204121589660645,0.5251978635787964
YMR104C,YLR452C,0,2.1836283,0.1375226229429245,0.8204121589660645,0.5252980589866638
YBR101C,YNL133C,0,2.1830087,0.13750000298023224,0.8204121589660645,0.5253982543945312
YDR369C,YMR173W,1,2.182881,0.13764183223247528,0.8213935494422913,0.5253982543945312
YNL328C,YLR160C,0,2.1827996,0.13761919736862183,0.8213935494422913,0.5254984498023987
YDR506C,YJR095W,0,2.1823676,0.13759657740592957,0.8213935494422913,0.5255986452102661
YBR070C,YPR121W,0,2.182251,0.1375739574432373,0.8213935494422913,0.5256988406181335
YDR261C-D,YPL173W,0,2.1821032,0.13755135238170624,0.8213935494422913,0.525799036026001
YML041C,YLR410W-A,0,2.1820695,0.13752874732017517,0.8213935494422913,0.5258992314338684
YPL253C,YOR094W,0,2.1819978,0.1375061571598053,0.8213935494422913,0.5259994268417358
YGR068C,YIL131C,0,2.1818545,0.13748356699943542,0.8213935494422913,0.5260995626449585
YMR156C,YOR140W,0,2.181776,0.13746099174022675,0.8213935494422913,0.5261997580528259
YER028C,YDR173C,0,2.1817167,0.13743841648101807,0.8213935494422913,0.5262999534606934
YKR094C,YOL094C,1,2.1813831,0.1375800371170044,0.8223748803138733,0.5262999534606934
YGL172W,YHL022C,0,2.1811957,0.13755744695663452,0.8223748803138733,0.5264001488685608
YOR133W,YKL053C-A,0,2.1808965,0.13753487169742584,0.8223748803138733,0.5265003442764282
YHR032W,YKR064W,0,2.1808593,0.13751231133937836,0.8223748803138733,0.5266005396842957
YDL200C,YHR056C,1,2.180771,0.13765381276607513,0.8233562111854553,0.5266005396842957
YDR303C,YPR158W-B,0,2.18057,0.13763123750686646,0.8233562111854553,0.5267007350921631
YGL209W,YBL026W,0,2.1798332,0.13760866224765778,0.8233562111854553,0.5268009305000305
YKL220C,YBL100W-B,0,2.179687,0.1375860869884491,0.8233562111854553,0.526901125907898
YHR039C-A,YDR211W,0,2.1796565,0.1375635415315628,0.8233562111854553,0.5270013213157654
YGL116W,YOR271C,0,2.1793947,0.13754098117351532,0.8233562111854553,0.5271015167236328
YDR142C,YNR006W,0,2.179342,0.13751843571662903,0.8233562111854553,0.5272017121315002
YLR157C-A,YPL217C,0,2.1793065,0.13749590516090393,0.8233562111854553,0.5273018479347229
YDR159W,YJR052W,1,2.1792467,0.13763722777366638,0.8243376016616821,0.5273018479347229
YOL112W,YIL047C,0,2.1788492,0.1376146823167801,0.8243376016616821,0.5274020433425903
YCL001W,YOR084W,0,2.1787899,0.1375921368598938,0.8243376016616821,0.5275022387504578
YJL124C,YDL021W,0,2.1785955,0.1375696063041687,0.8243376016616821,0.5276024341583252
YMR201C,YDR263C,1,2.1785247,0.1377108246088028,0.8253189325332642,0.5276024341583252
YGL256W,YDR256C,0,2.1782522,0.1376882791519165,0.8253189325332642,0.5277026295661926
YIL127C,YOR129C,0,2.1782303,0.1376657336950302,0.8253189325332642,0.5278028249740601
YNR002C,YIL073C,0,2.1774457,0.13764320313930511,0.8253189325332642,0.5279030203819275
YER166W,YBL026W,0,2.1772325,0.1376206874847412,0.8253189325332642,0.5280032157897949
YNL079C,YMR160W,0,2.1771533,0.1375981718301773,0.8253189325332642,0.5281034111976624
YLR298C,YMR034C,0,2.1770685,0.1375756561756134,0.8253189325332642,0.5282036066055298
YLL010C,YOR002W,0,2.1769862,0.1375531554222107,0.8253189325332642,0.5283038020133972
YJR099W,YDR408C,0,2.176547,0.13753066956996918,0.8253189325332642,0.5284039378166199
YGL043W,YGL083W,0,2.1764197,0.13750816881656647,0.8253189325332642,0.5285041332244873
YLR319C,YHR008C,0,2.1764193,0.13748569786548615,0.8253189325332642,0.5286043286323547
YNL069C,YPL009C,0,2.1763442,0.13746322691440582,0.8253189325332642,0.5287045240402222
YLR234W,YEL070W,0,2.176212,0.1374407559633255,0.8253189325332642,0.5288047194480896
YJR002W,YGR125W,0,2.1759858,0.13741829991340637,0.8253189325332642,0.528904914855957
YGL160W,YKR034W,0,2.175977,0.13739584386348724,0.8253189325332642,0.5290051102638245
YPL171C,YLR315W,0,2.1754704,0.1373734027147293,0.8253189325332642,0.5291053056716919
YDR159W,YIR002C,1,2.1752563,0.13751429319381714,0.826300323009491,0.5291053056716919
YML029W,YGR245C,0,2.1751854,0.137491837143898,0.826300323009491,0.5292055010795593
YOL044W,YDL004W,0,2.1751707,0.13746938109397888,0.826300323009491,0.5293056964874268
YER122C,YHR077C,0,2.1748312,0.13744695484638214,0.826300323009491,0.5294058918952942
YGL087C,YHR072W,0,2.174698,0.1374245136976242,0.826300323009491,0.5295060873031616
YNL062C,YOL103W-B,0,2.1744475,0.13740208745002747,0.826300323009491,0.5296062231063843
YOR196C,YLR395C,0,2.1744244,0.13737967610359192,0.826300323009491,0.5297064185142517
YPL164C,YDR263C,1,2.1743746,0.13752038776874542,0.827281653881073,0.5297064185142517
YLR128W,YNL117W,0,2.1739504,0.13749796152114868,0.827281653881073,0.5298066139221191
YDL107W,YKL127W,0,2.1737654,0.13747553527355194,0.827281653881073,0.5299068093299866
YPL133C,YFL017W-A,0,2.172983,0.1374531239271164,0.827281653881073,0.530007004737854
YIL173W,YOL028C,0,2.1729581,0.13743071258068085,0.827281653881073,0.5301072001457214
YKL139W,YOL098C,0,2.172921,0.1374083161354065,0.827281653881073,0.5302073955535889
YIL042C,YKL149C,0,2.1728659,0.13738591969013214,0.827281653881073,0.5303075909614563
YOL103W-B,YJL028W,0,2.1720572,0.13736353814601898,0.827281653881073,0.5304077863693237
YCL001W,YMR136W,0,2.1717796,0.13734115660190582,0.827281653881073,0.5305079817771912
YKL172W,YHR104W,0,2.1715572,0.13731877505779266,0.827281653881073,0.5306081771850586
YCR014C,YCR024C-A,0,2.1710105,0.1372964233160019,0.827281653881073,0.530708372592926
YGL013C,YDR488C,0,2.169793,0.13727405667304993,0.827281653881073,0.5308085083961487
YGL121C,YMR159C,0,2.1693661,0.13725170493125916,0.827281653881073,0.5309087038040161
YNL246W,YEL056W,1,2.1691008,0.13739214837551117,0.828262984752655,0.5309087038040161
YML046W,YOL089C,0,2.1690981,0.1373697966337204,0.828262984752655,0.5310088992118835
YBR080C,YGR048W,0,2.1687458,0.13734742999076843,0.828262984752655,0.531109094619751
YKR069W,YOL001W,0,2.1684315,0.13732509315013885,0.828262984752655,0.5312092900276184
YDR316W-B,YKL096W,0,2.1682098,0.13730275630950928,0.828262984752655,0.5313094854354858
YJR036C,YHR042W,0,2.1681135,0.1372804194688797,0.828262984752655,0.5314096808433533
YGR204W,YER141W,0,2.1680427,0.13725809752941132,0.828262984752655,0.5315098762512207
YPL153C,YOR217W,1,2.1680334,0.1373983770608902,0.8292443752288818,0.5315098762512207
YLL033W,YPL040C,0,2.1679275,0.13737604022026062,0.8292443752288818,0.5316100716590881
YBL051C,YHR108W,0,2.1677043,0.13735370337963104,0.8292443752288818,0.5317102670669556
YMR274C,YKL022C,0,2.1675518,0.13733138144016266,0.8292443752288818,0.531810462474823
YGR087C,YGL216W,0,2.167443,0.13730907440185547,0.8292443752288818,0.5319106578826904
YCR031C,YHL018W,0,2.1673083,0.13728675246238708,0.8292443752288818,0.5320107936859131
YBR274W,YMR131C,0,2.1667306,0.1372644603252411,0.8292443752288818,0.5321109890937805
YGR040W,YBR038W,0,2.166168,0.1372421681880951,0.8292443752288818,0.532211184501648
YDR323C,YER129W,0,2.1660378,0.1372198760509491,0.8292443752288818,0.5323113799095154
YNR023W,YOL132W,0,2.1660004,0.1371975988149643,0.8292443752288818,0.5324115753173828
YDR034C,YNL051W,0,2.1658528,0.1371753215789795,0.8292443752288818,0.5325117707252502
YLR203C,YNL076W,0,2.1651242,0.13715305924415588,0.8292443752288818,0.5326119661331177
YER055C,YLR155C,0,2.1648276,0.13713079690933228,0.8292443752288818,0.5327121615409851
YDR404C,YLR384C,0,2.164409,0.13710854947566986,0.8292443752288818,0.5328123569488525
YNR003C,YOL051W,0,2.1642148,0.13708630204200745,0.8292443752288818,0.53291255235672
YLR398C,YLR061W,0,2.1640956,0.13706406950950623,0.8292443752288818,0.5330127477645874
YPR158W-A,YDR365C,0,2.1639845,0.137041836977005,0.8292443752288818,0.5331129431724548
YFL024C,YHL025W,1,2.1636994,0.13718177378177643,0.8302257061004639,0.5331129431724548
YMR231W,YNL288W,0,2.162911,0.137159526348114,0.8302257061004639,0.5332130789756775
YGR161C-C,YOL098C,0,2.1626937,0.1371372938156128,0.8302257061004639,0.5333132743835449
YGR132C,YPL164C,0,2.1622727,0.13711507618427277,0.8302257061004639,0.5334134697914124
YLL057C,YJL149W,0,2.1621778,0.13709285855293274,0.8302257061004639,0.5335136651992798
YPR124W,YDR371W,0,2.1613848,0.1370706409215927,0.8302257061004639,0.5336138606071472
YJL093C,YDL222C,0,2.1608462,0.13704843819141388,0.8302257061004639,0.5337140560150146
YFL010W-A,YKL194C,0,2.160708,0.13702623546123505,0.8302257061004639,0.5338142514228821
YKR056W,YFL008W,1,2.1599169,0.13716599345207214,0.8312070369720459,0.5338142514228821
YDR051C,YOR247W,0,2.1596053,0.13714377582073212,0.8312070369720459,0.5339144468307495
YNR012W,YGL241W,0,2.1588018,0.13712157309055328,0.8312070369720459,0.5340146422386169
YDR080W,YKL020C,0,2.1587653,0.13709938526153564,0.8312070369720459,0.5341148376464844
YOR106W,YDL150W,0,2.1587245,0.137077197432518,0.8312070369720459,0.5342150330543518
YDR007W,YLR150W,0,2.1586008,0.13705500960350037,0.8312070369720459,0.5343152284622192
YKL144C,YNL254C,0,2.1583958,0.13703283667564392,0.8312070369720459,0.5344153642654419
YMR230W,YPR175W,0,2.1583424,0.13701067864894867,0.8312070369720459,0.5345155596733093
YLR329W,YNL118C,0,2.1576288,0.13698852062225342,0.8312070369720459,0.5346157550811768
YGL018C,YHR143W-A,0,2.157536,0.13696636259555817,0.8312070369720459,0.5347159504890442
YOR253W,YDR084C,0,2.1574957,0.1369442194700241,0.8312070369720459,0.5348161458969116
YDR023W,YDR146C,0,2.1574695,0.13692207634449005,0.8312070369720459,0.534916341304779
YFR021W,YMR089C,0,2.1574042,0.1368999481201172,0.8312070369720459,0.5350165367126465
YDR512C,YHL009W-A,0,2.1574037,0.13687783479690552,0.8312070369720459,0.5351167321205139
YIL154C,YOR132W,0,2.1572578,0.13685570657253265,0.8312070369720459,0.5352169275283813
YDR468C,YCR030C,0,2.1571703,0.13683360815048218,0.8312070369720459,0.5353171229362488
YHL009W-A,YOR153W,0,2.1571305,0.1368114948272705,0.8312070369720459,0.5354173183441162
YLR143W,YHL017W,0,2.1571257,0.13678941130638123,0.8312070369720459,0.5355174541473389
YBR282W,YDR180W,0,2.1569097,0.13676731288433075,0.8312070369720459,0.5356176495552063
YFR033C,YDR261C-D,0,2.1567192,0.13674524426460266,0.8312070369720459,0.5357178449630737
YDR454C,YHR039C,0,2.1566284,0.13672316074371338,0.8312070369720459,0.5358180403709412
YBR253W,YNL229C,0,2.156421,0.1367010921239853,0.8312070369720459,0.5359182357788086
YCR106W,YLR209C,0,2.1560712,0.1366790384054184,0.8312070369720459,0.536018431186676
YDR142C,YJR133W,0,2.1557672,0.1366569846868515,0.8312070369720459,0.5361186265945435
YJL139C,YBR208C,0,2.1553903,0.1366349458694458,0.8312070369720459,0.5362188220024109
YNL063W,YDR314C,0,2.1553185,0.1366129070520401,0.8312070369720459,0.5363190174102783
YLR157C-B,YDL044C,0,2.155207,0.1365908682346344,0.8312070369720459,0.5364192128181458
YGR109W-B,YOR273C,0,2.1550136,0.1365688443183899,0.8312070369720459,0.5365194082260132
YNL251C,YFR051C,0,2.1543014,0.13654683530330658,0.8312070369720459,0.5366196036338806
YBL113C,YLR080W,0,2.1541839,0.13652482628822327,0.8312070369720459,0.5367197394371033
YKR060W,YER005W,0,2.153991,0.13650281727313995,0.8312070369720459,0.5368199348449707
YLR197W,YMR197C,0,2.1538966,0.13648082315921783,0.8312070369720459,0.5369201302528381
YNL103W,YLR229C,0,2.1536093,0.1364588439464569,0.8312070369720459,0.5370203256607056
YGR108W,YGL112C,0,2.1535552,0.1364368498325348,0.8312070369720459,0.537120521068573
YJL092W,YOR158W,0,2.1529114,0.13641488552093506,0.8312070369720459,0.5372207164764404
YML046W,YBR287W,0,2.1526783,0.13639292120933533,0.8312070369720459,0.5373209118843079
YER137C-A,YJL076W,0,2.15265,0.1363709568977356,0.8312070369720459,0.5374211072921753
YLR378C,YGL144C,0,2.1525893,0.13634900748729706,0.8312070369720459,0.5375213027000427
YLR394W,YLR429W,0,2.1525424,0.13632705807685852,0.8312070369720459,0.5376214981079102
YPL156C,YPL200W,0,2.1522691,0.13630512356758118,0.8312070369720459,0.5377216935157776
YCL064C,YMR318C,0,2.1519997,0.13628318905830383,0.8312070369720459,0.537821888923645
YER138C,YGR245C,0,2.1519952,0.1362612545490265,0.8312070369720459,0.5379220247268677
YLR427W,YHR120W,1,2.1518977,0.13640019297599792,0.8321884274482727,0.5379220247268677
YJL212C,YDR261C-D,0,2.150818,0.13637825846672058,0.8321884274482727,0.5380222201347351
YMR046C,YLR297W,0,2.1507418,0.13635632395744324,0.8321884274482727,0.5381224155426025
YMR065W,YLR136C,0,2.1506512,0.1363344043493271,0.8321884274482727,0.53822261095047
YJR049C,YKL006W,0,2.1504495,0.13631248474121094,0.8321884274482727,0.5383228063583374
YGR277C,YBR061C,0,2.1501772,0.13629058003425598,0.8321884274482727,0.5384230017662048
YIL006W,YLR157C-B,0,2.15011,0.13626867532730103,0.8321884274482727,0.5385231971740723
YKL166C,YJL003W,0,2.1498702,0.13624678552150726,0.8321884274482727,0.5386233925819397
YMR250W,YNL041C,0,2.1498425,0.1362248957157135,0.8321884274482727,0.5387235879898071
YHR072W-A,YNL329C,0,2.1496108,0.13620302081108093,0.8321884274482727,0.5388237833976746
YER098W,YDL223C,0,2.1494803,0.13618114590644836,0.8321884274482727,0.538923978805542
YCL034W,YPR009W,0,2.1494482,0.136159285902977,0.8321884274482727,0.5390241742134094
YJR053W,YOR251C,0,2.1491466,0.13613742589950562,0.8321884274482727,0.5391243100166321
YFR018C,YBR222C,0,2.148789,0.13611556589603424,0.8321884274482727,0.5392245054244995
YOR176W,YGL017W,0,2.1487737,0.13609372079372406,0.8321884274482727,0.5393247008323669
YHR024C,YNL186W,0,2.1477287,0.13607189059257507,0.8321884274482727,0.5394248962402344
YNR057C,YOL012C,0,2.1476502,0.1360500603914261,0.8321884274482727,0.5395250916481018
YML058W-A,YDR113C,1,2.147598,0.13618864119052887,0.8331697583198547,0.5395250916481018
YOR058C,YBR169C,0,2.1474497,0.1361667960882187,0.8331697583198547,0.5396252870559692
YGR129W,YGL148W,0,2.1470883,0.1361449658870697,0.8331697583198547,0.5397254824638367
YGL038C,YGR152C,0,2.1469727,0.13612313568592072,0.8331697583198547,0.5398256778717041
YMR011W,YPR107C,0,2.146753,0.13610132038593292,0.8331697583198547,0.5399258732795715
YHR001W,YOL098C,0,2.14637,0.13607950508594513,0.8331697583198547,0.540026068687439
YMR234W,YPL040C,0,2.14635,0.13605768978595734,0.8331697583198547,0.5401262640953064
YBL042C,YDR141C,0,2.1463487,0.13603588938713074,0.8331697583198547,0.5402264595031738
YEL044W,YML058W-A,0,2.1462622,0.13601410388946533,0.8331697583198547,0.5403265953063965
YIR003W,YDL020C,0,2.146184,0.13599231839179993,0.8331697583198547,0.5404267907142639
YDL054C,YGL079W,0,2.1459281,0.13597053289413452,0.8331697583198547,0.5405269861221313
YNL229C,YMR308C,0,2.1456954,0.1359487622976303,0.8331697583198547,0.5406271815299988
YGR134W,YBL005W-B,0,2.1456642,0.1359269917011261,0.8331697583198547,0.5407273769378662
YDR092W,YOR368W,1,2.1452136,0.1360653042793274,0.8341511487960815,0.5407273769378662
YPL240C,YHR150W,0,2.144883,0.13604353368282318,0.8341511487960815,0.5408275723457336
YIL013C,YPR112C,0,2.1447408,0.13602176308631897,0.8341511487960815,0.5409277677536011
YGR209C,YNL245C,0,2.1447346,0.13600000739097595,0.8341511487960815,0.5410279631614685
YLR028C,YHR060W,0,2.1443746,0.13597823679447174,0.8341511487960815,0.5411281585693359
YHR032W,YGR098C,0,2.1436236,0.13595649600028992,0.8341511487960815,0.5412283539772034
YKR026C,YIL030C,0,2.1435292,0.1359347552061081,0.8341511487960815,0.5413285493850708
YNL297C,YDR528W,0,2.1434338,0.13591301441192627,0.8341511487960815,0.5414286851882935
YDR137W,YGL076C,0,2.1434233,0.13589128851890564,0.8341511487960815,0.5415288805961609
YDR092W,YOL004W,1,2.1434023,0.1360294073820114,0.8351324796676636,0.5415288805961609
YBR081C,YPL265W,0,2.1431866,0.1360076665878296,0.8351324796676636,0.5416290760040283
YML069W,YDR017C,0,2.1430247,0.13598594069480896,0.8351324796676636,0.5417292714118958
YGL158W,YLR116W,0,2.1427348,0.13596421480178833,0.8351324796676636,0.5418294668197632
YGL037C,YHR203C,0,2.1426837,0.1359424889087677,0.8351324796676636,0.5419296622276306
YGR161W-B,YMR054W,0,2.1424444,0.13592077791690826,0.8351324796676636,0.542029857635498
YLR013W,YIL118W,0,2.1422362,0.13589906692504883,0.8351324796676636,0.5421300530433655
YOR217W,YML011C,1,2.141817,0.13603703677654266,0.8361138105392456,0.5421300530433655
YDL066W,YER130C,0,2.1417823,0.13601532578468323,0.8361138105392456,0.5422302484512329
YGR094W,YDR034C-D,0,2.1414678,0.1359936147928238,0.8361138105392456,0.5423304438591003
YBL007C,YLR315W,0,2.141399,0.13597191870212555,0.8361138105392456,0.5424306392669678
YLR404W,YBR083W,0,2.1413105,0.1359502226114273,0.8361138105392456,0.5425308346748352
YCR044C,YDL223C,0,2.1412704,0.13592852652072906,0.8361138105392456,0.5426309704780579
YKL189W,YKL127W,0,2.1411417,0.13590684533119202,0.8361138105392456,0.5427311658859253
YPR138C,YNL299W,0,2.140906,0.13588516414165497,0.8361138105392456,0.5428313612937927
YLL026W,YJR153W,0,2.1405113,0.1358634978532791,0.8361138105392456,0.5429315567016602
YJR093C,YCL019W,0,2.140471,0.13584183156490326,0.8361138105392456,0.5430317521095276
YDR338C,YHR102W,0,2.1400568,0.1358201801776886,0.8361138105392456,0.543131947517395
YGR165W,YJL045W,0,2.1399152,0.13579852879047394,0.8361138105392456,0.5432321429252625
YMR153W,YDR462W,0,2.1398141,0.13577689230442047,0.8361138105392456,0.5433323383331299
YGR203W,YML078W,0,2.138179,0.135755255818367,0.8361138105392456,0.5434325337409973
YNL016W,YDL031W,0,2.1379511,0.13573363423347473,0.8361138105392456,0.5435327291488647
YGR129W,YGL220W,0,2.137629,0.13571201264858246,0.8361138105392456,0.5436329245567322
YMR167W,YIL065C,0,2.1373422,0.13569039106369019,0.8361138105392456,0.5437331199645996
YMR179W,YEL031W,0,2.137296,0.1356687843799591,0.8361138105392456,0.5438332557678223
YJR137C,YLR410W-B,0,2.1372898,0.13564719259738922,0.8361138105392456,0.5439334511756897
YNL245C,YJL010C,0,2.1371753,0.13562560081481934,0.8361138105392456,0.5440336465835571
YMR230W,YOR123C,0,2.1371624,0.13560400903224945,0.8361138105392456,0.5441338419914246
YLR330W,YDR196C,0,2.135773,0.13558243215084076,0.8361138105392456,0.544234037399292
YBR272C,YBR005W,0,2.1356165,0.13556085526943207,0.8361138105392456,0.5443342328071594
YFR052W,YBR222C,0,2.1353247,0.13553929328918457,0.8361138105392456,0.5444344282150269
YPL086C,YOL112W,0,2.1346962,0.13551773130893707,0.8361138105392456,0.5445346236228943
YLL054C,YLR157C-B,0,2.1343806,0.13549618422985077,0.8361138105392456,0.5446348190307617
YPR025C,YFR040W,0,2.133688,0.13547463715076447,0.8361138105392456,0.5447350144386292
YNL079C,YDR464W,0,2.1335661,0.13545310497283936,0.8361138105392456,0.5448352098464966
YOL154W,YER018C,0,2.1334455,0.13543157279491425,0.8361138105392456,0.544935405254364
YBL101C,YHR148W,0,2.1333213,0.13541004061698914,0.8361138105392456,0.5450355410575867
YOL165C,YOR027W,0,2.1331968,0.13538852334022522,0.8361138105392456,0.5451357364654541
YOL059W,YPR154W,0,2.1330779,0.1353670209646225,0.8361138105392456,0.5452359318733215
YOR388C,YPR158W-B,0,2.1328785,0.13534551858901978,0.8361138105392456,0.545336127281189
YOR321W,YOR142W-B,0,2.1328034,0.13532401621341705,0.8361138105392456,0.5454363226890564
YGL051W,YPL007C,0,2.1302671,0.13530252873897552,0.8361138105392456,0.5455365180969238
YML080W,YBR043C,0,2.1299508,0.135281041264534,0.8361138105392456,0.5456367135047913
YGR109W-B,YJR149W,0,2.1297429,0.13525956869125366,0.8361138105392456,0.5457369089126587
YAL029C,YGR224W,0,2.1295497,0.13523809611797333,0.8361138105392456,0.5458371043205261
YKR094C,YML095C,1,2.128687,0.13537533581256866,0.8370952010154724,0.5458371043205261
YOR128C,YGL010W,0,2.127623,0.13535386323928833,0.8370952010154724,0.5459372997283936
YGR109W-B,YDR034C,0,2.12731,0.1353323757648468,0.8370952010154724,0.546037495136261
YGL142C,YDR198C,0,2.126929,0.13531091809272766,0.8370952010154724,0.5461376905441284
YMR041C,YDR017C,0,2.1268098,0.13528944551944733,0.8370952010154724,0.5462378263473511
YGR163W,YDR153C,0,2.126415,0.13526800274848938,0.8370952010154724,0.5463380217552185
YLL010C,YPL167C,0,2.1262548,0.13524654507637024,0.8370952010154724,0.5464382171630859
YDR138W,YGL094C,1,2.1262286,0.13538363575935364,0.8380765318870544,0.5464382171630859
YIL134W,YMR164C,0,2.125963,0.1353621780872345,0.8380765318870544,0.5465384125709534
YPL194W,YML021C,1,2.125572,0.13549920916557312,0.8390579223632812,0.5465384125709534
YPL256C,YMR230W,0,2.1254742,0.13547773659229279,0.8390579223632812,0.5466386079788208
YIL066C,YFR040W,0,2.1254723,0.13545627892017365,0.8390579223632812,0.5467388033866882
YER165W,YLL042C,0,2.1253366,0.1354348212480545,0.8390579223632812,0.5468389987945557
YBR215W,YLR059C,0,2.1252592,0.13541336357593536,0.8390579223632812,0.5469391942024231
YGL087C,YAL051W,0,2.1252449,0.13539192080497742,0.8390579223632812,0.5470393896102905
YNR057C,YKL064W,0,2.1243908,0.13537049293518066,0.8390579223632812,0.547139585018158
YLR095C,YEL071W,0,2.123903,0.1353490650653839,0.8390579223632812,0.5472397804260254
YBR289W,YDR092W,1,2.1237204,0.1354859173297882,0.8400392532348633,0.5472397804260254
YBR196C,YKL216W,0,2.1231377,0.13546447455883026,0.8400392532348633,0.547339916229248
YEL009C,YPL150W,0,2.1231139,0.13544303178787231,0.8400392532348633,0.5474401116371155
YML121W,YLL040C,0,2.1229093,0.13542160391807556,0.8400392532348633,0.5475403070449829
YNL152W,YGR161W-A,0,2.1226854,0.13540019094944,0.8400392532348633,0.5476405024528503
YHR185C,YKL093W,0,2.1224315,0.13537877798080444,0.8400392532348633,0.5477406978607178
YPR001W,YDR415C,0,2.1220906,0.13535736501216888,0.8400392532348633,0.5478408932685852
YMR199W,YER016W,0,2.1219406,0.13533596694469452,0.8400392532348633,0.5479410886764526
YCL039W,YKR052C,0,2.1209588,0.13531456887722015,0.8400392532348633,0.5480412840843201
YFL002W-B,YNL286W,0,2.1207926,0.13529318571090698,0.8400392532348633,0.5481414794921875
YMR182C,YOL033W,0,2.1206791,0.1352718025445938,0.8400392532348633,0.5482416749000549
YOR045W,YKR081C,0,2.1205885,0.13525043427944183,0.8400392532348633,0.5483418703079224
YER183C,YOR262W,0,2.1205478,0.13522906601428986,0.8400392532348633,0.5484420657157898
YBL113C,YPL207W,0,2.1203692,0.13520771265029907,0.8400392532348633,0.5485422015190125
YCR068W,YIL080W,0,2.1202023,0.1351863592863083,0.8400392532348633,0.5486423969268799
YNL283C,YLR013W,0,2.1198833,0.1351650059223175,0.8400392532348633,0.5487425923347473
YHR050W,YGR206W,0,2.119703,0.13514366745948792,0.8400392532348633,0.5488427877426147
YGR271W,YCL010C,0,2.1190166,0.13512232899665833,0.8400392532348633,0.5489429831504822
YER137C-A,YDR397C,0,2.118218,0.13510100543498993,0.8400392532348633,0.5490431785583496
YJL127C,YDR227W,1,2.1181412,0.13523750007152557,0.8410205841064453,0.5490431785583496
YML098W,YNR033W,0,2.1180503,0.13521616160869598,0.8410205841064453,0.549143373966217
YOL103W-B,YDL156W,0,2.1178675,0.1351948231458664,0.8410205841064453,0.5492435693740845
YDR434W,YFR024C-A,0,2.1175263,0.135173499584198,0.8410205841064453,0.5493437647819519
YOR237W,YMR263W,0,2.1174848,0.1351521909236908,0.8410205841064453,0.5494439601898193
YGR155W,YOR354C,0,2.1173925,0.1351308673620224,0.8410205841064453,0.5495441555976868
YBL098W,YDR260C,0,2.1172118,0.1351095736026764,0.8410205841064453,0.5496443510055542
YNL328C,YDR007W,0,2.116784,0.1350882649421692,0.8410205841064453,0.5497444868087769
YDR300C,YCL026C-B,0,2.116613,0.13506698608398438,0.8410205841064453,0.5498446822166443
YHR185C,YDR328C,0,2.1162288,0.13504569232463837,0.8410205841064453,0.5499448776245117
YJL197W,YIR010W,0,2.1156068,0.13502442836761475,0.8410205841064453,0.5500450730323792
YER190W,YMR075W,0,2.1152647,0.13500314950942993,0.8410205841064453,0.5501452684402466
YIL009W,YNL305C,0,2.1152098,0.1349818855524063,0.8410205841064453,0.550245463848114
YGR161C-D,YLL003W,0,2.115123,0.13496063649654388,0.8410205841064453,0.5503456592559814
YDR213W,YGL250W,0,2.1148295,0.13493937253952026,0.8410205841064453,0.5504458546638489
YGR032W,YJR046W,0,2.1146138,0.13491813838481903,0.8410205841064453,0.5505460500717163
YHR107C,YDR206W,0,2.1139805,0.1348969042301178,0.8410205841064453,0.5506462454795837
YOR117W,YHR178W,0,2.1139343,0.13487567007541656,0.8410205841064453,0.5507464408874512
YHR005C,YNL021W,0,2.113643,0.13485445082187653,0.8410205841064453,0.5508466362953186
YDR289C,YNL148C,0,2.1133678,0.1348332315683365,0.8410205841064453,0.5509467720985413
YBR279W,YNL052W,0,2.1130707,0.13481201231479645,0.8410205841064453,0.5510469675064087
YMR153W,YPR055W,0,2.112477,0.1347908079624176,0.8410205841064453,0.5511471629142761
YFL023W,YDR516C,0,2.1121483,0.13476961851119995,0.8410205841064453,0.5512473583221436
YKR087C,YNL092W,0,2.1118648,0.1347484290599823,0.8410205841064453,0.551347553730011
YIL069C,YOL108C,0,2.1118453,0.13472723960876465,0.8410205841064453,0.5514477491378784
YLR054C,YDR518W,0,2.1116679,0.1347060650587082,0.8410205841064453,0.5515479445457458
YDR084C,YGR083C,0,2.1112118,0.13468489050865173,0.8410205841064453,0.5516481399536133
YJL159W,YMR035W,0,2.1112094,0.13466373085975647,0.8410205841064453,0.5517483353614807
YGR140W,YDR175C,0,2.111017,0.1346425712108612,0.8410205841064453,0.5518485307693481
YFR042W,YNR033W,0,2.1104667,0.13462142646312714,0.8410205841064453,0.5519487261772156
YHL017W,YJL168C,0,2.1102483,0.13460028171539307,0.8410205841064453,0.552048921585083
YMR275C,YNR049C,0,2.1101725,0.1345791518688202,0.8410205841064453,0.5521490573883057
YLL023C,YGL085W,0,2.10968,0.13455802202224731,0.8410205841064453,0.5522492527961731
YER160C,YDR280W,0,2.109642,0.13453689217567444,0.8410205841064453,0.5523494482040405
YPR171W,YGR109W-B,0,2.1095502,0.13451577723026276,0.8410205841064453,0.552449643611908
YOR118W,YIL148W,0,2.1092522,0.13449466228485107,0.8410205841064453,0.5525498390197754
YDL135C,YPL004C,0,2.1092474,0.13447356224060059,0.8410205841064453,0.5526500344276428
YNR056C,YMR175W,0,2.1091616,0.1344524621963501,0.8410205841064453,0.5527502298355103
YGR178C,YNR006W,0,2.1085713,0.1344313770532608,0.8410205841064453,0.5528504252433777
YDR135C,YPL179W,0,2.107974,0.1344102919101715,0.8410205841064453,0.5529506206512451
YER065C,YPL233W,0,2.107782,0.13438920676708221,0.8410205841064453,0.5530508160591125
YKL054C,YML047C,0,2.1069481,0.1343681365251541,0.8410205841064453,0.55315101146698
YOR317W,YBL105C,0,2.106675,0.1343470811843872,0.8410205841064453,0.5532512068748474
YHR178W,YFR019W,0,2.106627,0.1343260258436203,0.8410205841064453,0.5533513426780701
YJR042W,YPL273W,0,2.1064703,0.1343049705028534,0.8410205841064453,0.5534515380859375
YDL047W,YHR099W,1,2.1063213,0.134440615773201,0.8420019745826721,0.5534515380859375
YMR239C,YOL052C-A,0,2.1062455,0.1344195455312729,0.8420019745826721,0.5535517334938049
YAR066W,YPL217C,0,2.1061656,0.13439849019050598,0.8420019745826721,0.5536519289016724
YML055W,YJR078W,0,2.1060884,0.13437744975090027,0.8420019745826721,0.5537521243095398
YLR393W,YDR382W,0,2.1056926,0.13435640931129456,0.8420019745826721,0.5538523197174072
YGR109C,YNL075W,0,2.1056142,0.13433536887168884,0.8420019745826721,0.5539525151252747
YOR196C,YDR206W,0,2.1051352,0.13431434333324432,0.8420019745826721,0.5540527105331421
YML102W,YDR369C,1,2.1041815,0.13444983959197998,0.8429833054542542,0.5540527105331421
YGR247W,YDR322C-A,0,2.1035647,0.13442879915237427,0.8429833054542542,0.5541529059410095
YPL208W,YDR492W,0,2.103546,0.13440775871276855,0.8429833054542542,0.554253101348877
YIL162W,YMR060C,0,2.1035347,0.13438673317432404,0.8429833054542542,0.5543532967567444
YBR046C,YLR342W,0,2.1033869,0.13436570763587952,0.8429833054542542,0.554453432559967
YBR132C,YBR218C,0,2.1030247,0.1343446969985962,0.8429833054542542,0.5545536279678345
YPR104C,YAL056W,0,2.102437,0.13432368636131287,0.8429833054542542,0.5546538233757019
YAR031W,YGL145W,0,2.1023004,0.13430269062519073,0.8429833054542542,0.5547540187835693
YPR003C,YEL005C,0,2.1021194,0.1342816948890686,0.8429833054542542,0.5548542141914368
YKL049C,YER155C,0,2.1019013,0.13426069915294647,0.8429833054542542,0.5549544095993042
YFL050C,YBR254C,0,2.1017349,0.13423971831798553,0.8429833054542542,0.5550546050071716
YML130C,YGL238W,0,2.101715,0.1342187523841858,0.8429833054542542,0.5551548004150391
YML132W,YJL118W,0,2.101327,0.13419778645038605,0.8429833054542542,0.5552549958229065
YPL008W,YMR038C,0,2.1009345,0.1341768205165863,0.8429833054542542,0.5553551912307739
YPL225W,YIL043C,0,2.1009185,0.13415586948394775,0.8429833054542542,0.5554553866386414
YGL094C,YNL147W,0,2.100762,0.1341349184513092,0.8429833054542542,0.5555555820465088
YOR380W,YNL225C,0,2.1006694,0.13411396741867065,0.8429833054542542,0.5556557178497314
YHR123W,YKL193C,0,2.1005058,0.1340930312871933,0.8429833054542542,0.5557559132575989
YLR234W,YNL284C,0,2.0995493,0.13407211005687714,0.8429833054542542,0.5558561086654663
YNL136W,YIL148W,1,2.0989227,0.13420723378658295,0.843964695930481,0.5558561086654663
YPR187W,YDR028C,0,2.0984955,0.1341862976551056,0.843964695930481,0.5559563040733337
YAR033W,YHR187W,0,2.0984235,0.13416536152362823,0.843964695930481,0.5560564994812012
YDL215C,YPL104W,0,2.0984192,0.13414444029331207,0.843964695930481,0.5561566948890686
YGL246C,YFR051C,0,2.098198,0.1341235190629959,0.843964695930481,0.556256890296936
YGR052W,YOR237W,0,2.0980155,0.13410259783267975,0.843964695930481,0.5563570857048035
YMR273C,YDR394W,0,2.0979357,0.13408169150352478,0.843964695930481,0.5564572811126709
YJR028W,YCR073C,0,2.0972521,0.134060800075531,0.843964695930481,0.5565574765205383
YLR410W-B,YAL063C,0,2.0971193,0.13403989374637604,0.843964695930481,0.5566576719284058
YNL026W,YKL127W,0,2.0962303,0.13401901721954346,0.843964695930481,0.5567578673362732
YBL051C,YLR229C,0,2.0959163,0.13399812579154968,0.843964695930481,0.5568580031394958
YDR211W,YNL163C,0,2.0956273,0.1339772492647171,0.843964695930481,0.5569581985473633
YDR172W,YIL010W,0,2.09543,0.13395638763904572,0.843964695930481,0.5570583939552307
YOR349W,YDR415C,0,2.0954041,0.13393552601337433,0.843964695930481,0.5571585893630981
YER060W,YBR066C,0,2.0949125,0.13391466438770294,0.843964695930481,0.5572587847709656
YOR217W,YOL072W,1,2.0944152,0.13404950499534607,0.844946026802063,0.5572587847709656
YFL016C,YER119C,0,2.094129,0.13402864336967468,0.844946026802063,0.557358980178833
YKL052C,YAR050W,0,2.0941129,0.1340077817440033,0.844946026802063,0.5574591755867004
YLR259C,YOR142W-B,0,2.0941105,0.1339869350194931,0.844946026802063,0.5575593709945679
YOR180C,YJL204C,0,2.093991,0.13396607339382172,0.844946026802063,0.5576595664024353
YER007C-A,YOR256C,0,2.0936399,0.13394524157047272,0.844946026802063,0.5577597618103027
YJR144W,YPL235W,1,2.0936143,0.1340799480676651,0.845927357673645,0.5577597618103027
YKR013W,YDL209C,0,2.0935974,0.1340591013431549,0.845927357673645,0.5578599572181702
YER137C-A,YMR072W,0,2.093026,0.13403825461864471,0.845927357673645,0.5579601526260376
YBR222C,YLR089C,0,2.0929623,0.13401740789413452,0.845927357673645,0.5580602884292603
YBR065C,YLR389C,0,2.092613,0.13399657607078552,0.845927357673645,0.5581604838371277
YJR042W,YOR129C,0,2.0921984,0.13397575914859772,0.845927357673645,0.5582606792449951
YMR169C,YLR264W,0,2.0920787,0.13395492732524872,0.845927357673645,0.5583608746528625
YOR123C,YNL326C,0,2.0907495,0.1339341253042221,0.845927357673645,0.55846107006073
YLR233C,YNL299W,0,2.0897439,0.1339133083820343,0.845927357673645,0.5585612654685974
YHR190W,YLR442C,0,2.0888903,0.1338925063610077,0.845927357673645,0.5586614608764648
YLR453C,YFR013W,0,2.0886624,0.13387171924114227,0.845927357673645,0.5587616562843323
YLR051C,YJR133W,0,2.0880864,0.13385093212127686,0.845927357673645,0.5588618516921997
YIL048W,YGR038C-B,0,2.087991,0.13383014500141144,0.845927357673645,0.5589620471000671
YEL037C,YHR134W,1,2.08746,0.13396461308002472,0.8469087481498718,0.5589620471000671
YDR476C,YKR035W-A,0,2.0872471,0.1339438110589981,0.8469087481498718,0.5590622425079346
YFL003C,YEL018W,1,2.0871596,0.1340782195329666,0.8478900790214539,0.5590622425079346
YBR170C,YBL029C-A,0,2.0861764,0.1340574026107788,0.8478900790214539,0.559162437915802
YNL224C,YNR018W,0,2.0860324,0.1340366154909134,0.8478900790214539,0.5592625737190247
YBL005W-B,YKL084W,0,2.085689,0.13401582837104797,0.8478900790214539,0.5593627691268921
YPL133C,YDL039C,0,2.0854576,0.13399504125118256,0.8478900790214539,0.5594629645347595
YIL140W,YHR026W,0,2.0854285,0.13397425413131714,0.8478900790214539,0.559563159942627
YDR332W,YHR069C,0,2.0852187,0.13395348191261292,0.8478900790214539,0.5596633553504944
YDL153C,YLR165C,0,2.0848994,0.13393272459506989,0.8478900790214539,0.5597635507583618
YDR098C-B,YOR323C,0,2.08468,0.13391196727752686,0.8478900790214539,0.5598637461662292
YBL066C,YNL230C,0,2.0846446,0.13389120995998383,0.8478900790214539,0.5599639415740967
YGR048W,YGR109W-A,0,2.084269,0.133870467543602,0.8478900790214539,0.5600641369819641
YGR266W,YJL151C,0,2.0841916,0.13384972512722015,0.8478900790214539,0.5601643323898315
YBL038W,YIL131C,0,2.0840764,0.1338289976119995,0.8478900790214539,0.560264527797699
YEL018W,YNL070W,0,2.083747,0.13380827009677887,0.8478900790214539,0.5603646636009216
YGL209W,YPL239W,0,2.083739,0.13378755748271942,0.8478900790214539,0.5604648590087891
YFR038W,YJR127C,0,2.0836859,0.13376682996749878,0.8478900790214539,0.5605650544166565
YGL111W,YHR007C,0,2.0834887,0.13374613225460052,0.8478900790214539,0.5606652498245239
YOR255W,YMR005W,0,2.0832705,0.13372543454170227,0.8478900790214539,0.5607654452323914
YER095W,YML023C,1,2.0832653,0.13385948538780212,0.8488714694976807,0.5607654452323914
YNL047C,YLR345W,0,2.082585,0.13383877277374268,0.8488714694976807,0.5608656406402588
YGR094W,YNL041C,0,2.0823174,0.13381807506084442,0.8488714694976807,0.5609658360481262
YDL211C,YLR244C,0,2.0822895,0.13379737734794617,0.8488714694976807,0.5610660314559937
YLR368W,YOR008C,0,2.0818887,0.1337766796350479,0.8488714694976807,0.5611662268638611
YLR362W,YGR222W,0,2.0818877,0.13375599682331085,0.8488714694976807,0.5612664222717285
YDL145C,YGL175C,0,2.0814066,0.1337353140115738,0.8488714694976807,0.561366617679596
YGR056W,YML023C,1,2.0811856,0.1338692158460617,0.8498528003692627,0.561366617679596
YJR091C,YDR225W,0,2.0809715,0.13384853303432465,0.8498528003692627,0.5614668130874634
YNL300W,YER170W,0,2.0801864,0.13382785022258759,0.8498528003692627,0.561566948890686
YJL183W,YLR382C,0,2.0799558,0.13380716741085052,0.8498528003692627,0.5616671442985535
YPR052C,YBR265W,0,2.0797265,0.13378649950027466,0.8498528003692627,0.5617673397064209
YER125W,YAL024C,0,2.0797088,0.1337658315896988,0.8498528003692627,0.5618675351142883
YDL121C,YGL076C,0,2.079562,0.13374517858028412,0.8498528003692627,0.5619677305221558
YNL163C,YLR410W-B,0,2.079484,0.13372452557086945,0.8498528003692627,0.5620679259300232
YIL063C,YGL048C,0,2.0787885,0.13370387256145477,0.8498528003692627,0.5621681213378906
YBR014C,YNL229C,0,2.0783944,0.1336832344532013,0.8498528003692627,0.5622683167457581
YBR301W,YJR129C,0,2.0780816,0.13366259634494781,0.8498528003692627,0.5623685121536255
YAL015C,YDR508C,0,2.0780182,0.13364197313785553,0.8498528003692627,0.5624687075614929
YBR288C,YLR263W,0,2.0779755,0.13362134993076324,0.8498528003692627,0.5625689029693604
YGL160W,YOR358W,0,2.077863,0.13360074162483215,0.8498528003692627,0.5626690983772278
YLR187W,YDR175C,0,2.0778058,0.13358013331890106,0.8498528003692627,0.5627692341804504
YML023C,YNL085W,1,2.0777173,0.1337137520313263,0.8508341312408447,0.5627692341804504
YLR227W-B,YJR120W,0,2.0776463,0.1336931437253952,0.8508341312408447,0.5628694295883179
YBR133C,YKR103W,0,2.0774987,0.13367252051830292,0.8508341312408447,0.5629696249961853
YGR238C,YJL196C,0,2.0773938,0.13365191221237183,0.8508341312408447,0.5630698204040527
YMR271C,YLR410W-B,0,2.0769942,0.13363131880760193,0.8508341312408447,0.5631700158119202
YJR006W,YGR192C,0,2.076802,0.13361072540283203,0.8508341312408447,0.5632702112197876
YOL010W,YBR287W,0,2.0763042,0.13359013199806213,0.8508341312408447,0.563370406627655
YIL040W,YER159C,0,2.0752618,0.13356955349445343,0.8508341312408447,0.5634706020355225
YOL148C,YMR119W,0,2.0751972,0.13354898989200592,0.8508341312408447,0.5635707974433899
YDR377W,YGL139W,0,2.0749497,0.13352841138839722,0.8508341312408447,0.5636709928512573
YGR097W,YOR262W,0,2.0746756,0.1335078477859497,0.8508341312408447,0.5637711882591248
YOR368W,YDR399W,0,2.0746634,0.1334872990846634,0.8508341312408447,0.5638713836669922
YGR280C,YAL063C,0,2.0742178,0.13346675038337708,0.8508341312408447,0.5639715194702148
YLR153C,YDR328C,0,2.0741026,0.13344620168209076,0.8508341312408447,0.5640717148780823
YFL053W,YCL026C-A,0,2.0738785,0.13342566788196564,0.8508341312408447,0.5641719102859497
YGR040W,YJL024C,0,2.0736985,0.13340513408184052,0.8508341312408447,0.5642721056938171
YIL075C,YLR345W,0,2.073371,0.1333846151828766,0.8508341312408447,0.5643723011016846
YBR200W,YPL221W,0,2.0733385,0.13336409628391266,0.8508341312408447,0.564472496509552
YPR145W,YHR119W,0,2.0729232,0.13334359228610992,0.8508341312408447,0.5645726919174194
YOL144W,YGR024C,0,2.0720236,0.1333230882883072,0.8508341312408447,0.5646728873252869
YDR090C,YGL017W,0,2.0711281,0.13330258429050446,0.8508341312408447,0.5647730827331543
YDR062W,YDR407C,0,2.0711114,0.13328209519386292,0.8508341312408447,0.5648732781410217
YNL111C,YKL039W,0,2.0705829,0.13326160609722137,0.8508341312408447,0.5649734735488892
YCR024C,YBL105C,0,2.069198,0.13324113190174103,0.8508341312408447,0.5650736689567566
YDR294C,YGL220W,0,2.0685096,0.13322065770626068,0.8508341312408447,0.5651738047599792
YNL027W,YML086C,0,2.06769,0.13320018351078033,0.8508341312408447,0.5652740001678467
YLR325C,YKL139W,0,2.067606,0.13317972421646118,0.8508341312408447,0.5653741955757141
YNL297C,YOR317W,0,2.0674293,0.13315926492214203,0.8508341312408447,0.5654743909835815
YDR457W,YIL023C,0,2.0674222,0.13313882052898407,0.8508341312408447,0.565574586391449
YER166W,YHR001W,0,2.0674098,0.1331183761358261,0.8508341312408447,0.5656747817993164
YER038C,YDR276C,0,2.066623,0.13309794664382935,0.8508341312408447,0.5657749772071838
YCR031C,YPL060C-A,0,2.066472,0.13307751715183258,0.8508341312408447,0.5658751726150513
YOR214C,YOR231W,0,2.066411,0.13305708765983582,0.8508341312408447,0.5659753680229187
YFR030W,YOL095C,0,2.0662723,0.13303667306900024,0.8508341312408447,0.5660755634307861
YJR028W,YLR034C,0,2.0662203,0.13301625847816467,0.8508341312408447,0.5661757588386536
YCL025C,YLR066W,0,2.0657175,0.1329958587884903,0.8508341312408447,0.5662758946418762
YHR154W,YJR082C,1,2.0656245,0.1331288367509842,0.8518155217170715,0.5662758946418762
YPL236C,YDL247W,0,2.0655692,0.13310842216014862,0.8518155217170715,0.5663760900497437
YBR216C,YHR112C,0,2.065442,0.13308800756931305,0.8518155217170715,0.5664762854576111
YIL063C,YHL020C,0,2.065103,0.13306760787963867,0.8518155217170715,0.5665764808654785
YOR144C,YDR359C,1,2.0647886,0.1332004964351654,0.8527968525886536,0.5665764808654785
YLR150W,YFR040W,0,2.064711,0.13318008184432983,0.8527968525886536,0.566676676273346
YFR001W,YDR352W,0,2.0646012,0.13315966725349426,0.8527968525886536,0.5667768716812134
YDR037W,YER155C,0,2.0645359,0.13313926756381989,0.8527968525886536,0.5668770670890808
YOR141C,YPL108W,0,2.0644708,0.1331188678741455,0.8527968525886536,0.5669772624969482
YOR068C,YDR404C,0,2.0643473,0.13309848308563232,0.8527968525886536,0.5670774579048157
YOR190W,YKL132C,0,2.0642364,0.13307809829711914,0.8527968525886536,0.5671776533126831
YOR159C,YJL187C,0,2.064153,0.13305772840976715,0.8527968525886536,0.5672778487205505
YKL006C-A,YLR305C,0,2.0638964,0.13303735852241516,0.8527968525886536,0.567378044128418
YHR120W,YNL273W,1,2.0632453,0.13317005336284637,0.8537782430648804,0.567378044128418
YIL119C,YOR194C,0,2.0629492,0.13314968347549438,0.8537782430648804,0.5674781799316406
YLL066C,YLR089C,0,2.062886,0.1331292986869812,0.8537782430648804,0.5675783753395081
YBR003W,YNL030W,0,2.0628006,0.1331089287996292,0.8537782430648804,0.5676785707473755
YGR170W,YGR055W,0,2.0626876,0.13308857381343842,0.8537782430648804,0.5677787661552429
YPL203W,YPR055W,0,2.0625534,0.13306821882724762,0.8537782430648804,0.5678789615631104
YOR216C,YDL014W,0,2.0625033,0.13304786384105682,0.8537782430648804,0.5679791569709778
YOR316C,YHR007C,0,2.0622408,0.13302752375602722,0.8537782430648804,0.5680793523788452
YLL019C,YGL257C,0,2.0621655,0.13300718367099762,0.8537782430648804,0.5681795477867126
YPR009W,YHR148W,0,2.0620189,0.1329868584871292,0.8537782430648804,0.5682797431945801
YGR271W,YJL066C,0,2.061689,0.1329665333032608,0.8537782430648804,0.5683799386024475
YMR063W,YML110C,0,2.0612242,0.1329462081193924,0.8537782430648804,0.5684801340103149
YPL121C,YHR090C,1,2.0609775,0.1330786794424057,0.8547595739364624,0.5684801340103149
YNL088W,YLR239C,0,2.060578,0.1330583542585373,0.8547595739364624,0.5685803294181824
YMR046C,YCL074W,0,2.060491,0.13303802907466888,0.8547595739364624,0.568680465221405
YDR454C,YFR040W,0,2.0603135,0.13301771879196167,0.8547595739364624,0.5687806606292725
YLR206W,YGR215W,0,2.0602472,0.13299740850925446,0.8547595739364624,0.5688808560371399
YDR198C,YIL020C,0,2.0600834,0.13297709822654724,0.8547595739364624,0.5689810514450073
YOR045W,YLR009W,0,2.0598674,0.13295680284500122,0.8547595739364624,0.5690812468528748
YOL043C,YBR293W,0,2.0598116,0.1329365074634552,0.8547595739364624,0.5691814422607422
YNL328C,YKL222C,0,2.0597348,0.13291622698307037,0.8547595739364624,0.5692816376686096
YML099C,YNL220W,0,2.0593507,0.13289594650268555,0.8547595739364624,0.569381833076477
YFL026W,YGR255C,0,2.0592618,0.13287566602230072,0.8547595739364624,0.5694820284843445
YDL188C,YPR017C,0,2.0588272,0.1328554004430771,0.8547595739364624,0.5695822238922119
YER137C-A,YNL030W,0,2.0580022,0.13283513486385345,0.8547595739364624,0.5696824193000793
YER115C,YDL235C,0,2.0579636,0.13281488418579102,0.8547595739364624,0.5697826147079468
YNR069C,YBR004C,0,2.0578282,0.13279463350772858,0.8547595739364624,0.5698827505111694
YGL054C,YGR056W,0,2.057481,0.13277438282966614,0.8547595739364624,0.5699829459190369
YGL207W,YMR106C,1,2.0566623,0.13290657103061676,0.8557409048080444,0.5699829459190369
YNL002C,YNL314W,0,2.056474,0.13288632035255432,0.8557409048080444,0.5700831413269043
YOL108C,YPL040C,0,2.0562234,0.13286606967449188,0.8557409048080444,0.5701833367347717
YJL030W,YEL070W,0,2.0559373,0.13284581899642944,0.8557409048080444,0.5702835321426392
YOL010W,YIR039C,0,2.0554092,0.1328255832195282,0.8557409048080444,0.5703837275505066
YML069W,YOR330C,0,2.0550885,0.13280536234378815,0.8557409048080444,0.570483922958374
YCL011C,YLR305C,0,2.054926,0.1327851414680481,0.8557409048080444,0.5705841183662415
YBR046C,YIL095W,0,2.0544813,0.13276492059230804,0.8557409048080444,0.5706843137741089
YPL012W,YPL007C,0,2.0540648,0.1327447146177292,0.8557409048080444,0.5707845091819763
YNL161W,YMR061W,0,2.0539892,0.13272450864315033,0.8557409048080444,0.5708847045898438
YGR246C,YER060W,0,2.0539098,0.13270430266857147,0.8557409048080444,0.5709848999977112
YDL168W,YKL186C,0,2.0538094,0.1326841115951538,0.8557409048080444,0.5710850358009338
YMR182C,YEL019C,0,2.0535905,0.13266393542289734,0.8557409048080444,0.5711852312088013
YGL150C,YNL087W,0,2.0533795,0.13264374434947968,0.8557409048080444,0.5712854266166687
YNL231C,YPL161C,0,2.0533698,0.1326235681772232,0.8557409048080444,0.5713856220245361
YKL126W,YDR408C,0,2.053182,0.13260340690612793,0.8557409048080444,0.5714858174324036
YGL179C,YOR261C,0,2.0527813,0.13258324563503265,0.8557409048080444,0.571586012840271
YFL055W,YMR021C,0,2.0526578,0.13256308436393738,0.8557409048080444,0.5716862082481384
YOR346W,YLR035C,1,2.0524292,0.13269494473934174,0.8567222952842712,0.5716862082481384
YER139C,YFL018C,0,2.0519373,0.13267476856708527,0.8567222952842712,0.5717864036560059
YHR057C,YJL034W,0,2.0514789,0.13265460729599,0.8567222952842712,0.5718865990638733
YDR155C,YGL153W,0,2.0513072,0.1326344609260559,0.8567222952842712,0.5719867944717407
YBR002C,YJR147W,0,2.0510383,0.13261431455612183,0.8567222952842712,0.5720869898796082
YDR105C,YDR082W,0,2.0510015,0.13259416818618774,0.8567222952842712,0.5721871852874756
YBR279W,YOR190W,0,2.0507789,0.13257403671741486,0.8567222952842712,0.5722873210906982
YBR150C,YKR008W,0,2.049617,0.13255390524864197,0.8567222952842712,0.5723875164985657
YJL160C,YML011C,0,2.049423,0.13253377377986908,0.8567222952842712,0.5724877119064331
YJL141C,YGR161W-A,0,2.0493402,0.13251365721225739,0.8567222952842712,0.5725879073143005
YMR047C,YPL255W,0,2.0491967,0.13249355554580688,0.8567222952842712,0.572688102722168
YDL072C,YPL060C-A,0,2.0489511,0.1324734389781952,0.8567222952842712,0.5727882981300354
YAL059W,YBL027W,0,2.0485675,0.13245335221290588,0.8567222952842712,0.5728884935379028
YMR239C,YMR273C,0,2.0484142,0.13243325054645538,0.8567222952842712,0.5729886889457703
YER062C,YGL174W,0,2.0472016,0.13241316378116608,0.8567222952842712,0.5730888843536377
YLR160C,YDR398W,0,2.0465822,0.13239309191703796,0.8567222952842712,0.5731890797615051
YOR083W,YDL076C,0,2.0463996,0.13237300515174866,0.8567222952842712,0.5732892751693726
YIL036W,YBR187W,0,2.0461442,0.13235294818878174,0.8567222952842712,0.5733894109725952
YFR018C,YGL236C,0,2.046122,0.13233287632465363,0.8567222952842712,0.5734896063804626
YHR115C,YGL153W,0,2.0461004,0.1323128193616867,0.8567222952842712,0.5735898017883301
YGL179C,YDL012C,0,2.046043,0.13229277729988098,0.8567222952842712,0.5736899971961975
YER172C,YJL225C,0,2.0455418,0.13227272033691406,0.8567222952842712,0.5737901926040649
YHL031C,YNL336W,0,2.0454748,0.13225269317626953,0.8567222952842712,0.5738903880119324
YPR133W-A,YDR545W,0,2.045467,0.1322326511144638,0.8567222952842712,0.5739905834197998
YOR010C,YOR009W,0,2.0454357,0.13221262395381927,0.8567222952842712,0.5740907788276672
YPR173C,YDL117W,0,2.045154,0.13219261169433594,0.8567222952842712,0.5741909742355347
YGR204W,YPL064C,0,2.0450737,0.1321725994348526,0.8567222952842712,0.5742911696434021
YDL226C,YCR018C,0,2.044893,0.13215258717536926,0.8567222952842712,0.5743913650512695
YDR104C,YLL006W,0,2.0446758,0.13213258981704712,0.8567222952842712,0.574491560459137
YDL107W,YBR096W,0,2.0443552,0.13211259245872498,0.8567222952842712,0.5745916962623596
YDR304C,YCL068C,0,2.0442674,0.13209259510040283,0.8567222952842712,0.574691891670227
YHL050C,YJR113C,0,2.0441418,0.13207261264324188,0.8567222952842712,0.5747920870780945
YDR026C,YML059C,0,2.0436661,0.13205264508724213,0.8567222952842712,0.5748922824859619
YNR031C,YLR410W-A,0,2.043193,0.13203266263008118,0.8567222952842712,0.5749924778938293
YOR255W,YML036W,0,2.0430298,0.13201269507408142,0.8567222952842712,0.5750926733016968
YPR083W,YCR042C,0,2.0429895,0.13199274241924286,0.8567222952842712,0.5751928687095642
YMR202W,YGL208W,0,2.0426264,0.1319727897644043,0.8567222952842712,0.5752930641174316
YOR393W,YPL030W,0,2.0424263,0.13195283710956573,0.8567222952842712,0.5753932595252991
YHR084W,YMR277W,0,2.0423985,0.13193289935588837,0.8567222952842712,0.5754934549331665
YMR013C,YOL119C,0,2.042202,0.131912961602211,0.8567222952842712,0.5755936503410339
YIL103W,YKR018C,0,2.0421855,0.13189303874969482,0.8567222952842712,0.5756938457489014
YOL059W,YLR395C,0,2.0420303,0.13187311589717865,0.8567222952842712,0.575793981552124
YDL104C,YOL108C,0,2.04202,0.13185319304466248,0.8567222952842712,0.5758941769599915
YHR114W,YJL210W,0,2.0418575,0.1318332850933075,0.8567222952842712,0.5759943723678589
YPR124W,YBR086C,0,2.0417132,0.13181337714195251,0.8567222952842712,0.5760945677757263
YJR144W,YLR035C,1,2.0412877,0.1319444477558136,0.8577036261558533,0.5760945677757263
YJL118W,YDR075W,0,2.0409436,0.13192452490329742,0.8577036261558533,0.5761947631835938
YPL066W,YOL026C,0,2.040582,0.13190461695194244,0.8577036261558533,0.5762949585914612
YIR007W,YOR327C,0,2.0405145,0.13188470900058746,0.8577036261558533,0.5763951539993286
YLL052C,YCR008W,0,2.0403717,0.13186481595039368,0.8577036261558533,0.576495349407196
YML100W,YLL021W,0,2.0400248,0.1318449229001999,0.8577036261558533,0.5765955448150635
YNL103W,YJL123C,0,2.039873,0.1318250447511673,0.8577036261558533,0.5766957402229309
YMR284W,YPL204W,1,2.0397868,0.13195596635341644,0.8586849570274353,0.5766957402229309
YDR412W,YMR194W,0,2.0396857,0.13193607330322266,0.8586849570274353,0.5767959356307983
YDR164C,YJR077C,0,2.0393825,0.13191618025302887,0.8586849570274353,0.5768961310386658
YLR005W,YGL150C,1,2.03889,0.13204702734947205,0.8596663475036621,0.5768961310386658
YNL139C,YNL273W,1,2.0380788,0.13217784464359283,0.8606476783752441,0.5768961310386658
YBR274W,YPL196W,0,2.0379353,0.13215792179107666,0.8606476783752441,0.5769962668418884
YGR004W,YOL137W,0,2.0377862,0.13213801383972168,0.8606476783752441,0.5770964622497559
YDR257C,YMR243C,0,2.0375903,0.1321181058883667,0.8606476783752441,0.5771966576576233
YOR025W,YLR336C,0,2.037438,0.1320982128381729,0.8606476783752441,0.5772968530654907
YPR083W,YGR195W,0,2.0373356,0.13207831978797913,0.8606476783752441,0.5773970484733582
YLR258W,YPR018W,0,2.036628,0.13205842673778534,0.8606476783752441,0.5774972438812256
YER117W,YNL335W,0,2.0366042,0.13203854858875275,0.8606476783752441,0.577597439289093
YDR210W-A,YKR002W,0,2.0363798,0.13201867043972015,0.8606476783752441,0.5776976346969604
YNL052W,YIL144W,0,2.036235,0.13199879229068756,0.8606476783752441,0.5777978301048279
YDL047W,YOR222W,0,2.0358882,0.13197892904281616,0.8606476783752441,0.5778980255126953
YKR077W,YMR083W,0,2.0355399,0.13195906579494476,0.8606476783752441,0.5779982209205627
YBR272C,YPR164W,1,2.0352066,0.13208965957164764,0.861629068851471,0.5779982209205627
YGR282C,YPL008W,0,2.0350368,0.13206979632377625,0.861629068851471,0.5780984163284302
YER138C,YPL132W,0,2.0348897,0.13204993307590485,0.861629068851471,0.5781985521316528
YGR161C,YLR315W,0,2.0347145,0.13203006982803345,0.861629068851471,0.5782987475395203
YNR004W,YCL039W,0,2.034696,0.13201022148132324,0.861629068851471,0.5783989429473877
YBR098W,YBR114W,1,2.0346177,0.13214071094989777,0.862610399723053,0.5783989429473877
YBR238C,YHL009C,0,2.0345314,0.13212084770202637,0.862610399723053,0.5784991383552551
YBR208C,YNL229C,0,2.0343525,0.13210098445415497,0.862610399723053,0.5785993337631226
YDR434W,YDL055C,0,2.034329,0.13208113610744476,0.862610399723053,0.57869952917099
YGR171C,YJL111W,0,2.034228,0.13206130266189575,0.862610399723053,0.5787997245788574
YKL213C,YJL225C,0,2.0339286,0.13204145431518555,0.862610399723053,0.5788999199867249
YDR207C,YGR166W,0,2.0335717,0.13202162086963654,0.862610399723053,0.5790001153945923
YBR081C,YLR367W,0,2.0334291,0.13200180232524872,0.862610399723053,0.5791003108024597
YLR066W,YLR347C,0,2.033022,0.1319819837808609,0.862610399723053,0.5792005062103271
YDL070W,YOL112W,0,2.0329645,0.13196216523647308,0.862610399723053,0.5793006420135498
YJR028W,YPR113W,0,2.0326178,0.13194236159324646,0.862610399723053,0.5794008374214172
YDR216W,YML025C,0,2.0323737,0.13192255795001984,0.862610399723053,0.5795010328292847
YDL083C,YLR115W,0,2.0323489,0.1319027543067932,0.862610399723053,0.5796012282371521
YKL174C,YHR037W,0,2.0323412,0.13188296556472778,0.862610399723053,0.5797014236450195
YMR158W,YOL115W,0,2.0322196,0.13186319172382355,0.862610399723053,0.579801619052887
YPL242C,YDR309C,0,2.0319734,0.13184340298175812,0.862610399723053,0.5799018144607544
YOR058C,YLL041C,0,2.0319695,0.13182362914085388,0.862610399723053,0.5800020098686218
YFR029W,YDR422C,0,2.031834,0.13180387020111084,0.862610399723053,0.5801022052764893
YBR186W,YNL025C,0,2.0313601,0.1317841112613678,0.862610399723053,0.5802024006843567
YJR118C,YJL079C,0,2.0309727,0.13176435232162476,0.862610399723053,0.5803025960922241
YJL113W,YNL194C,0,2.0308275,0.1317446082830429,0.862610399723053,0.5804027915000916
YLR404W,YDR034C-D,0,2.0307624,0.13172486424446106,0.862610399723053,0.5805029273033142
YPR104C,YNL267W,0,2.030464,0.1317051202058792,0.862610399723053,0.5806031227111816
YBL005W,YDR451C,0,2.030058,0.13168539106845856,0.862610399723053,0.5807033181190491
YLR247C,YPL137C,0,2.0297978,0.1316656619310379,0.862610399723053,0.5808035135269165
YBR183W,YER016W,0,2.0295274,0.13164594769477844,0.862610399723053,0.5809037089347839
YKL062W,YLR440C,0,2.0294132,0.13162623345851898,0.862610399723053,0.5810039043426514
YJL074C,YNL071W,0,2.0294046,0.13160653412342072,0.862610399723053,0.5811040997505188
YIL106W,YLR070C,0,2.0288742,0.13158681988716125,0.862610399723053,0.5812042951583862
YNL327W,YGR179C,0,2.0288162,0.13156713545322418,0.862610399723053,0.5813044905662537
YMR230W,YLR047C,0,2.028502,0.13154743611812592,0.862610399723053,0.5814046859741211
YPR121W,YJL151C,0,2.02843,0.13152775168418884,0.862610399723053,0.5815048813819885
YGR178C,YCR079W,0,2.0284173,0.13150808215141296,0.862610399723053,0.581605076789856
YIR019C,YGL047W,0,2.0282836,0.13148841261863708,0.862610399723053,0.5817052125930786
YIL170W,YMR319C,0,2.0282476,0.1314687430858612,0.862610399723053,0.581805408000946
YMR146C,YCR066W,0,2.0280602,0.13144907355308533,0.862610399723053,0.5819056034088135
YDR412W,YDR267C,0,2.0279276,0.13142941892147064,0.862610399723053,0.5820057988166809
YIL031W,YPL130W,0,2.0276084,0.13140977919101715,0.862610399723053,0.5821059942245483
YPR173C,YNL229C,0,2.0271993,0.13139013946056366,0.862610399723053,0.5822061896324158
YBR150C,YNL336W,0,2.026552,0.13137049973011017,0.862610399723053,0.5823063850402832
YHR006W,YNL027W,0,2.0262613,0.13135085999965668,0.862610399723053,0.5824065804481506
YPL042C,YHR104W,0,2.0259328,0.13133123517036438,0.862610399723053,0.5825067758560181
YDR140W,YOL116W,0,2.025653,0.13131162524223328,0.862610399723053,0.5826069712638855
YJL181W,YGR109W-A,0,2.0255442,0.13129201531410217,0.862610399723053,0.5827071666717529
YLR003C,YJR150C,0,2.0255406,0.13127240538597107,0.862610399723053,0.5828073620796204
YML008C,YBR181C,0,2.0249753,0.13125279545783997,0.862610399723053,0.582907497882843
YPL030W,YCL030C,0,2.0246475,0.13123320043087006,0.862610399723053,0.5830076932907104
YHR047C,YBR079C,0,2.0244062,0.13121362030506134,0.862610399723053,0.5831078886985779
YCR042C,YOR207C,0,2.0234616,0.13119402527809143,0.862610399723053,0.5832080841064453
YDL117W,YNL041C,0,2.0234437,0.13117444515228271,0.862610399723053,0.5833082795143127
YDR041W,YDR389W,0,2.0233767,0.1311548799276352,0.862610399723053,0.5834084749221802
YJR014W,YNR073C,0,2.0233068,0.13113531470298767,0.862610399723053,0.5835086703300476
YBR162C,YIL148W,0,2.0231314,0.13111574947834015,0.862610399723053,0.583608865737915
YKL025C,YPR071W,0,2.0228522,0.13109619915485382,0.862610399723053,0.5837090611457825
YHR050W,YKL192C,0,2.0227387,0.1310766488313675,0.862610399723053,0.5838092565536499
YPR201W,YOR334W,0,2.022572,0.13105709850788116,0.862610399723053,0.5839094519615173
YMR041C,YKL086W,0,2.0222642,0.13103756308555603,0.862610399723053,0.5840096473693848
YKL063C,YOL068C,0,2.021968,0.1310180425643921,0.862610399723053,0.5841097831726074
YGL174W,YER155C,0,2.0217993,0.13099850714206696,0.862610399723053,0.5842099785804749
YNL036W,YHR026W,0,2.0206919,0.13097898662090302,0.862610399723053,0.5843101739883423
YMR230W,YOR341W,0,2.0205064,0.13095948100090027,0.862610399723053,0.5844103693962097
YIL031W,YPL151C,0,2.0203679,0.13093996047973633,0.862610399723053,0.5845105648040771
YBR133C,YCL004W,0,2.0203004,0.13092046976089478,0.862610399723053,0.5846107602119446
YDL165W,YER154W,0,2.0201426,0.13090096414089203,0.862610399723053,0.584710955619812
YIR034C,YOR323C,0,2.0198586,0.13088147342205048,0.862610399723053,0.5848111510276794
YGR211W,YFL031W,0,2.0194404,0.13086199760437012,0.862610399723053,0.5849113464355469
YDR097C,YDR079C-A,1,2.0194335,0.1309913694858551,0.863591730594635,0.5849113464355469
YGL160W,YLR295C,0,2.019158,0.13097186386585236,0.863591730594635,0.5850115418434143
YIL162W,YLR348C,0,2.0188293,0.130952388048172,0.863591730594635,0.5851117372512817
YMR047C,YER160C,0,2.0183532,0.13093289732933044,0.863591730594635,0.5852118730545044
YIR028W,YLR275W,0,2.0177245,0.13091342151165009,0.863591730594635,0.5853120684623718
YFL024C,YKL032C,1,2.0173924,0.1310426890850067,0.8645731210708618,0.5853120684623718
YGL030W,YNL335W,0,2.017315,0.13102319836616516,0.8645731210708618,0.5854122638702393
YER013W,YOL027C,0,2.0171423,0.1310037225484848,0.8645731210708618,0.5855124592781067
YPL010W,YML057W,0,2.0152771,0.13098424673080444,0.8645731210708618,0.5856126546859741
YOR136W,YLR460C,0,2.0149543,0.13096477091312408,0.8645731210708618,0.5857128500938416
YOL158C,YMR229C,0,2.0148966,0.13094530999660492,0.8645731210708618,0.585813045501709
YDR092W,YIL139C,1,2.0145817,0.131074458360672,0.8655544519424438,0.585813045501709
YBR112C,YGR072W,0,2.014326,0.13105498254299164,0.8655544519424438,0.5859132409095764
YIL010W,YOR140W,0,2.013888,0.13103550672531128,0.8655544519424438,0.5860134363174438
YEL027W,YML131W,0,2.012921,0.13101604580879211,0.8655544519424438,0.5861136317253113
YJL076W,YBR094W,0,2.0127392,0.13099658489227295,0.8655544519424438,0.5862138271331787
YCR036W,YHR197W,0,2.0126019,0.13097712397575378,0.8655544519424438,0.5863140225410461
YKL119C,YBR180W,0,2.0125346,0.1309576779603958,0.8655544519424438,0.5864141583442688
YBR218C,YKL001C,0,2.0122654,0.13093824684619904,0.8655544519424438,0.5865143537521362
YBR160W,YGL150C,1,2.0121884,0.13106724619865417,0.8665358424186707,0.5865143537521362
YML067C,YMR089C,0,2.0121648,0.131047785282135,0.8665358424186707,0.5866145491600037
YGL184C,YNL160W,0,2.0119197,0.13102833926677704,0.8665358424186707,0.5867147445678711
YKL213C,YML102W,1,2.0118902,0.1311572641134262,0.8675171732902527,0.5867147445678711
YFL038C,YMR321C,0,2.0117648,0.13113781809806824,0.8675171732902527,0.5868149399757385
YLR240W,YJR054W,0,2.0116248,0.13111835718154907,0.8675171732902527,0.586915135383606
YPR007C,YLR164W,0,2.011323,0.1310989111661911,0.8675171732902527,0.5870153307914734
YGR103W,YJL155C,0,2.0111938,0.13107948005199432,0.8675171732902527,0.5871155261993408
YOR256C,YNL182C,0,2.0109239,0.13106004893779755,0.8675171732902527,0.5872157216072083
YJR093C,YJL094C,0,2.010923,0.13104061782360077,0.8675171732902527,0.5873159170150757
YJL036W,YJL110C,0,2.010503,0.13102120161056519,0.8675171732902527,0.5874161124229431
YGR105W,YOR209C,0,2.0104084,0.1310017853975296,0.8675171732902527,0.5875163078308105
YER122C,YDR381C-A,0,2.0103807,0.13098236918449402,0.8675171732902527,0.5876164436340332
YKR101W,YGL190C,0,2.0102563,0.13096296787261963,0.8675171732902527,0.5877166390419006
YNR063W,YMR021C,0,2.010144,0.13094356656074524,0.8675171732902527,0.5878168344497681
YML021C,YKL025C,1,2.0101156,0.1310722678899765,0.8684985041618347,0.5878168344497681
YHR080C,YDL002C,0,2.0099986,0.1310528665781021,0.8684985041618347,0.5879170298576355
YCR093W,YOL075C,0,2.0098524,0.13103346526622772,0.8684985041618347,0.5880172252655029
YDR188W,YBL100W-B,0,2.0092146,0.13101406395435333,0.8684985041618347,0.5881174206733704
YIL103W,YGR266W,0,2.0091631,0.13099467754364014,0.8684985041618347,0.5882176160812378
YPR024W,YER166W,0,2.0087893,0.13097529113292694,0.8684985041618347,0.5883178114891052
YNR021W,YBR094W,0,2.008657,0.13095590472221375,0.8684985041618347,0.5884180068969727
YLR157C-A,YLR194C,0,2.0085273,0.13093653321266174,0.8684985041618347,0.5885182023048401
YBR167C,YGL254W,0,2.0085132,0.13091716170310974,0.8684985041618347,0.5886183977127075
YPL255W,YMR116C,0,2.008466,0.13089779019355774,0.8684985041618347,0.588718593120575
YDR172W,YDL193W,0,2.008229,0.13087843358516693,0.8684985041618347,0.5888187289237976
YIL153W,YDR353W,0,2.007954,0.13085909187793732,0.8684985041618347,0.588918924331665
YJL003W,YOR299W,0,2.007897,0.1308397352695465,0.8684985041618347,0.5890191197395325
YIL047C,YLR299W,0,2.0071268,0.1308203935623169,0.8684985041618347,0.5891193151473999
YMR201C,YPL022W,1,2.0069885,0.13094885647296906,0.8694798946380615,0.5891193151473999
YMR117C,YER129W,0,2.0066206,0.13092951476573944,0.8694798946380615,0.5892195105552673
YML029W,YOR128C,0,2.0062854,0.13091015815734863,0.8694798946380615,0.5893197059631348
YDR266C,YML093W,0,2.005919,0.1308908313512802,0.8694798946380615,0.5894199013710022
YNL222W,YNL103W,0,2.0057518,0.1308714896440506,0.8694798946380615,0.5895200967788696
YJR101W,YLR080W,0,2.005605,0.13085216283798218,0.8694798946380615,0.5896202921867371
YDR434W,YMR019W,0,2.0055034,0.13083283603191376,0.8694798946380615,0.5897204875946045
YCR018C,YHR197W,0,2.0051713,0.13081352412700653,0.8694798946380615,0.5898206830024719
YML046W,YMR058W,0,2.0051343,0.1307942122220993,0.8694798946380615,0.5899208784103394
YJR108W,YLR248W,0,2.0050545,0.13077490031719208,0.8694798946380615,0.590021014213562
YPL110C,YDL198C,0,2.0046706,0.13075560331344604,0.8694798946380615,0.5901212096214294
YDR307W,YMR008C,0,2.0042777,0.1307363212108612,0.8694798946380615,0.5902214050292969
YBR229C,YMR072W,0,2.0039446,0.13071702420711517,0.8694798946380615,0.5903216004371643
YLR258W,YNR074C,0,2.0036023,0.13069774210453033,0.8694798946380615,0.5904217958450317
YDR316W,YDR372C,0,2.0034075,0.1306784600019455,0.8694798946380615,0.5905219912528992
YEL034W,YAL056W,0,2.0033386,0.13065919280052185,0.8694798946380615,0.5906221866607666
YNL245C,YJL127C,0,2.0032907,0.1306399255990982,0.8694798946380615,0.590722382068634
YER162C,YLR399C,1,2.0030625,0.1307680904865265,0.8704612255096436,0.590722382068634
YMR228W,YLL040C,0,2.0029585,0.13074882328510284,0.8704612255096436,0.5908225774765015
YGL112C,YOR118W,0,2.0024915,0.1307295560836792,0.8704612255096436,0.5909227728843689
YLR264W,YDR517W,0,2.0022871,0.13071028888225555,0.8704612255096436,0.5910229682922363
YNL209W,YJR119C,0,2.0022051,0.1306910216808319,0.8704612255096436,0.5911231637001038
YML073C,YCL020W,0,2.001875,0.13067176938056946,0.8704612255096436,0.5912232995033264
YKR081C,YDR469W,0,2.0017223,0.1306525319814682,0.8704612255096436,0.5913234949111938
YKR089C,YKR036C,0,2.0016658,0.13063327968120575,0.8704612255096436,0.5914236903190613
YJR150C,YDR191W,0,2.001615,0.1306140422821045,0.8704612255096436,0.5915238857269287
YKL054C,YDL101C,1,2.0012012,0.13074204325675964,0.8714426159858704,0.5915238857269287
YDR369C,YKL192C,0,2.0007322,0.1307228058576584,0.8714426159858704,0.5916240811347961
YOR159C,YKL112W,0,2.0005977,0.13070356845855713,0.8714426159858704,0.5917242765426636
YBR135W,YKL094W,0,2.0004873,0.13068433105945587,0.8714426159858704,0.591824471950531
YER142C,YJL024C,0,2.0003233,0.13066509366035461,0.8714426159858704,0.5919246673583984
YBR132C,YDR338C,0,2.000312,0.13064587116241455,0.8714426159858704,0.5920248627662659
YLR321C,YDL018C,0,2.0002542,0.1306266486644745,0.8714426159858704,0.5921250581741333
YGR036C,YPL173W,0,2.0002146,0.13060744106769562,0.8714426159858704,0.5922252535820007
YJL089W,YOR198C,0,1.9997334,0.13058823347091675,0.8714426159858704,0.5923253893852234
YNL023C,YKR075C,0,1.9993029,0.13056904077529907,0.8714426159858704,0.5924255847930908
YGL070C,YCR073C,0,1.9992211,0.1305498331785202,0.8714426159858704,0.5925257802009583
YBR145W,YNL251C,0,1.9991815,0.13053065538406372,0.8714426159858704,0.5926259756088257
YGR209C,YKR003W,0,1.9989648,0.13051146268844604,0.8714426159858704,0.5927261710166931
YOL042W,YDR051C,0,1.9987426,0.13049228489398956,0.8714426159858704,0.5928263664245605
YEL018W,YKL217W,0,1.9987402,0.13047310709953308,0.8714426159858704,0.592926561832428
YLR337C,YGR109W-A,0,1.9986098,0.1304539442062378,0.8714426159858704,0.5930267572402954
YLR355C,YIL016W,0,1.998483,0.1304347813129425,0.8714426159858704,0.5931269526481628
YER149C,YBR191W,0,1.998461,0.1304156333208084,0.8714426159858704,0.5932271480560303
YIL103W,YJR070C,0,1.9981942,0.13039647042751312,0.8714426159858704,0.5933273434638977
YGR095C,YER074W-A,0,1.9981484,0.13037733733654022,0.8714426159858704,0.5934275388717651
YHR216W,YJR067C,0,1.9979758,0.13035818934440613,0.8714426159858704,0.5935276746749878
YNL123W,YER178W,0,1.9978437,0.13033905625343323,0.8714426159858704,0.5936278700828552
YKL032C,YLR321C,1,1.9975433,0.13046668469905853,0.8724239468574524,0.5936278700828552
YHR072W,YDR407C,0,1.9974759,0.13044753670692444,0.8724239468574524,0.5937280654907227
YDR258C,YFR031C-A,0,1.9973752,0.13042840361595154,0.8724239468574524,0.5938282608985901
YDR522C,YOR030W,0,1.997266,0.13040927052497864,0.8724239468574524,0.5939284563064575
YDR189W,YHR113W,0,1.9969676,0.13039013743400574,0.8724239468574524,0.594028651714325
YOR266W,YHR041C,0,1.996928,0.13037101924419403,0.8724239468574524,0.5941288471221924
YLR256W,YHL013C,0,1.9960313,0.13035190105438232,0.8724239468574524,0.5942290425300598
YDR381W,YKR046C,0,1.9952955,0.1303327977657318,0.8724239468574524,0.5943292379379272
YHR014W,YJR026W,0,1.9951584,0.1303136944770813,0.8724239468574524,0.5944294333457947
YHR039C-A,YPL276W,0,1.9951341,0.1302945911884308,0.8724239468574524,0.5945296287536621
YEL070W,YOL060C,0,1.9947655,0.13027550280094147,0.8724239468574524,0.5946298241615295
YIL159W,YLR258W,0,1.9944353,0.13025641441345215,0.8724239468574524,0.5947299599647522
YLR451W,YMR193W,0,1.9943025,0.13023732602596283,0.8724239468574524,0.5948301553726196
YDR034C,YJL173C,0,1.9941978,0.1302182525396347,0.8724239468574524,0.5949303507804871
YDL121C,YLR017W,0,1.9940176,0.13019917905330658,0.8724239468574524,0.5950305461883545
YMR207C,YEL027W,0,1.993736,0.13018012046813965,0.8724239468574524,0.5951307415962219
YDL103C,YAL056W,0,1.9936998,0.13016104698181152,0.8724239468574524,0.5952309370040894
YIL156W,YML062C,0,1.9932048,0.1301420032978058,0.8724239468574524,0.5953311324119568
YBR087W,YDR224C,1,1.9931417,0.13026931881904602,0.8734052777290344,0.5953311324119568
YLR228C,YKR001C,0,1.9929368,0.1302502602338791,0.8734052777290344,0.5954313278198242
YJL082W,YMR040W,0,1.9923949,0.13023120164871216,0.8734052777290344,0.5955315232276917
YPL145C,YGL194C,0,1.9923389,0.13021214306354523,0.8734052777290344,0.5956317186355591
YNL032W,YIL053W,0,1.9922981,0.1301930993795395,0.8734052777290344,0.5957319140434265
YMR097C,YDR307W,0,1.9922502,0.13017405569553375,0.8734052777290344,0.595832109451294
YHR063C,YLR292C,0,1.9916165,0.13015501201152802,0.8734052777290344,0.5959322452545166
YGR083C,YOL011W,0,1.9914527,0.13013598322868347,0.8734052777290344,0.596032440662384
YNL031C,YDL171C,0,1.9912705,0.13011695444583893,0.8734052777290344,0.5961326360702515
YBR229C,YAL005C,0,1.9904363,0.13009794056415558,0.8734052777290344,0.5962328314781189
YOR138C,YCL030C,0,1.9900346,0.13007892668247223,0.8734052777290344,0.5963330268859863
YCR020W-B,YNL121C,0,1.9899111,0.13005991280078888,0.8734052777290344,0.5964332222938538
YNL175C,YDR268W,0,1.9896743,0.13004091382026672,0.8734052777290344,0.5965334177017212
YMR278W,YHR139C,0,1.9888823,0.13002191483974457,0.8734052777290344,0.5966336131095886
YFL005W,YFL057C,0,1.9888008,0.1300029158592224,0.8734052777290344,0.596733808517456
YPL215W,YOR383C,0,1.9886055,0.12998393177986145,0.8734052777290344,0.5968340039253235
YLR165C,YPL135W,0,1.9881799,0.1299649477005005,0.8734052777290344,0.5969341993331909
YLR348C,YAR042W,0,1.9879739,0.12994597852230072,0.8734052777290344,0.5970343947410583
YCR026C,YDL081C,0,1.9877284,0.12992700934410095,0.8734052777290344,0.597134530544281
YJR118C,YER179W,0,1.9875324,0.12990804016590118,0.8734052777290344,0.5972347259521484
YNL315C,YFL008W,0,1.9875228,0.1298890858888626,0.8734052777290344,0.5973349213600159
YKR093W,YLR194C,0,1.9871655,0.12987013161182404,0.8734052777290344,0.5974351167678833
YER019C-A,YER072W,0,1.9871476,0.12985117733478546,0.8734052777290344,0.5975353121757507
YKL126W,YJL114W,0,1.9871123,0.12983223795890808,0.8734052777290344,0.5976355075836182
YAL051W,YJR109C,0,1.9869885,0.1298132985830307,0.8734052777290344,0.5977357029914856
YNL299W,YJL071W,0,1.986609,0.12979437410831451,0.8734052777290344,0.597835898399353
YGL134W,YBR287W,0,1.9865658,0.12977544963359833,0.8734052777290344,0.5979360938072205
YOR086C,YJL116C,0,1.986521,0.12975652515888214,0.8734052777290344,0.5980362892150879
YER137C-A,YDL170W,0,1.9861417,0.12973761558532715,0.8734052777290344,0.5981364846229553
YPL133C,YKL046C,0,1.985883,0.12971870601177216,0.8734052777290344,0.598236620426178
YFL052W,YBL071W-A,0,1.9858007,0.12969979643821716,0.8734052777290344,0.5983368158340454
YMR194W,YIR039C,0,1.9853988,0.12968090176582336,0.8734052777290344,0.5984370112419128
YPR183W,YNL137C,0,1.9852352,0.12966200709342957,0.8734052777290344,0.5985372066497803
YGR260W,YBR125C,0,1.9847641,0.12964311242103577,0.8734052777290344,0.5986374020576477
YFL023W,YPL133C,0,1.9846289,0.12962423264980316,0.8734052777290344,0.5987375974655151
YDR167W,YPL276W,0,1.9844906,0.12960535287857056,0.8734052777290344,0.5988377928733826
YFL023W,YJL074C,0,1.9842134,0.12958648800849915,0.8734052777290344,0.59893798828125
YPL118W,YLR442C,0,1.9840806,0.12956762313842773,0.8734052777290344,0.5990381836891174
YLR141W,YEL048C,0,1.9840252,0.12954875826835632,0.8734052777290344,0.5991383790969849
YOR142W,YMR021C,0,1.9837711,0.1295299082994461,0.8734052777290344,0.5992385745048523
YDL097C,YER041W,0,1.9835579,0.1295110583305359,0.8734052777290344,0.5993387699127197
YDL124W,YLR233C,0,1.9831347,0.12949222326278687,0.8734052777290344,0.5994389057159424
YLR431C,YNR010W,0,1.9830534,0.12947337329387665,0.8734052777290344,0.5995391011238098
YNL062C,YOL013C,0,1.9830058,0.12945453822612762,0.8734052777290344,0.5996392965316772
YKR007W,YBR275C,0,1.9827418,0.1294357180595398,0.8734052777290344,0.5997394919395447
YOR083W,YDL042C,0,1.9824069,0.12941689789295197,0.8734052777290344,0.5998396873474121
YBR170C,YPR191W,0,1.982199,0.12939807772636414,0.8734052777290344,0.5999398827552795
YPL007C,YDR129C,0,1.9807363,0.1293792724609375,0.8734052777290344,0.600040078163147
YDR051C,YFR040W,0,1.9807029,0.12936046719551086,0.8734052777290344,0.6001402735710144
YML039W,YDR415C,0,1.980252,0.12934166193008423,0.8734052777290344,0.6002404689788818
YOL119C,YBR015C,0,1.9801209,0.1293228715658188,0.8734052777290344,0.6003406643867493
YDR072C,YDR098C-B,0,1.9799323,0.12930408120155334,0.8734052777290344,0.6004408597946167
YOR176W,YMR202W,0,1.9798474,0.1292853057384491,0.8734052777290344,0.6005410552024841
YPR100W,YOR197W,0,1.9796553,0.12926651537418365,0.8734052777290344,0.6006411910057068
YLR347C,YDR204W,0,1.9790328,0.1292477548122406,0.8734052777290344,0.6007413864135742
YOR329C,YLR337C,0,1.9787176,0.12922897934913635,0.8734052777290344,0.6008415818214417
YNL123W,YGR020C,0,1.9785674,0.1292102187871933,0.8734052777290344,0.6009417772293091
YJL162C,YGR288W,0,1.9785511,0.12919145822525024,0.8734052777290344,0.6010419726371765
YDR229W,YOL086C,0,1.978318,0.12917271256446838,0.8734052777290344,0.601142168045044
YBR119W,YDR216W,0,1.9782143,0.12915396690368652,0.8734052777290344,0.6012423634529114
YNL241C,YMR034C,0,1.9772973,0.12913523614406586,0.8734052777290344,0.6013425588607788
YPL078C,YGR084C,0,1.9768264,0.129116490483284,0.8734052777290344,0.6014427542686462
YHR065C,YOR033C,0,1.9766374,0.12909775972366333,0.8734052777290344,0.6015429496765137
YLR362W,YOR360C,0,1.9765313,0.12907904386520386,0.8734052777290344,0.6016431450843811
YPL024W,YBR069C,0,1.9764395,0.12906032800674438,0.8734052777290344,0.6017433404922485
YNL156C,YGR161C,0,1.9764137,0.1290416121482849,0.8734052777290344,0.6018434762954712
YKL112W,YKL114C,1,1.9753561,0.12916786968708038,0.8743866682052612,0.6018434762954712
YKL112W,YEL056W,1,1.9744115,0.12929409742355347,0.8753679990768433,0.6018434762954712
YDR311W,YJL006C,0,1.9743087,0.1292753666639328,0.8753679990768433,0.6019436717033386
YBR181C,YMR131C,0,1.9742637,0.12925663590431213,0.8753679990768433,0.602043867111206
YIL177C,YKL101W,0,1.9738748,0.12923790514469147,0.8753679990768433,0.6021440625190735
YLR133W,YLR277C,0,1.973866,0.1292191743850708,0.8753679990768433,0.6022442579269409
YBR080C,YCR060W,0,1.9737995,0.12920045852661133,0.8753679990768433,0.6023444533348083
YER019W,YKL155C,0,1.9731698,0.12918175756931305,0.8753679990768433,0.6024446487426758
YPR104C,YPL156C,0,1.9729931,0.12916304171085358,0.8753679990768433,0.6025448441505432
YLR249W,YGL241W,0,1.9729817,0.1291443407535553,0.8753679990768433,0.6026450395584106
YJL180C,YPR187W,0,1.9728763,0.1291256546974182,0.8753679990768433,0.6027452349662781
YPL128C,YPL008W,0,1.9727252,0.12910696864128113,0.8753679990768433,0.6028454303741455
YOR349W,YLR368W,0,1.9726722,0.12908828258514404,0.8753679990768433,0.6029456257820129
YLR341W,YOR230W,0,1.9721396,0.12906959652900696,0.8753679990768433,0.6030457615852356
YDR506C,YOR172W,0,1.9711819,0.12905092537403107,0.8753679990768433,0.603145956993103
YKR008W,YHR152W,0,1.9710503,0.12903225421905518,0.8753679990768433,0.6032461524009705
YGL043W,YKR045C,0,1.97065,0.12901359796524048,0.8753679990768433,0.6033463478088379
YGL048C,YKR024C,0,1.9705205,0.12899494171142578,0.8753679990768433,0.6034465432167053
YDR040C,YOR130C,0,1.9700828,0.12897628545761108,0.8753679990768433,0.6035467386245728
YLL004W,YLL015W,0,1.9700747,0.12895764410495758,0.8753679990768433,0.6036469340324402
YBR128C,YIL011W,0,1.9693949,0.12893900275230408,0.8753679990768433,0.6037471294403076
YBL066C,YMR213W,0,1.9690709,0.12892036139965057,0.8753679990768433,0.603847324848175
YPR110C,YKL168C,0,1.9689729,0.12890173494815826,0.8753679990768433,0.6039475202560425
YGL028C,YLR075W,0,1.9686122,0.12888310849666595,0.8753679990768433,0.6040477156639099
YCL024W,YJR086W,0,1.9685373,0.12886449694633484,0.8753679990768433,0.6041478514671326
YNL262W,YIR032C,0,1.9685214,0.12884587049484253,0.8753679990768433,0.604248046875
YHR072W-A,YER065C,0,1.9684093,0.1288272738456726,0.8753679990768433,0.6043482422828674
YDR028C,YER042W,0,1.9681866,0.1288086622953415,0.8753679990768433,0.6044484376907349
YDL247W,YBR293W,0,1.9675767,0.12879006564617157,0.8753679990768433,0.6045486330986023
YJL213W,YPL190C,0,1.967289,0.12877146899700165,0.8753679990768433,0.6046488285064697
YDL097C,YJL079C,0,1.9671843,0.12875288724899292,0.8753679990768433,0.6047490239143372
YIL162W,YBR127C,0,1.9670551,0.1287343055009842,0.8753679990768433,0.6048492193222046
YNR060W,YMR033W,0,1.9667556,0.12871572375297546,0.8753679990768433,0.604949414730072
YGL226W,YNL087W,0,1.9664044,0.12869715690612793,0.8753679990768433,0.6050496101379395
YIL019W,YNL326C,0,1.9660103,0.1286785900592804,0.8753679990768433,0.6051498055458069
YIL162W,YEL043W,0,1.9658575,0.12866003811359406,0.8753679990768433,0.6052500009536743
YBL031W,YHR203C,0,1.9658203,0.12864147126674652,0.8753679990768433,0.605350136756897
YGR052W,YHR005C,0,1.9657528,0.12862293422222137,0.8753679990768433,0.6054503321647644
YPL153C,YPL164C,1,1.9654355,0.1287485510110855,0.8763493895530701,0.6054503321647644
YDL015C,YDL025C,0,1.9646187,0.12872999906539917,0.8763493895530701,0.6055505275726318
YNL054W-A,YPL096W,0,1.9641752,0.12871144711971283,0.8763493895530701,0.6056507229804993
YDR522C,YBR172C,0,1.9638228,0.1286928951740265,0.8763493895530701,0.6057509183883667
YOR357C,YPR113W,0,1.9633555,0.12867435812950134,0.8763493895530701,0.6058511137962341
YIL127C,YLR239C,0,1.96258,0.128655806183815,0.8763493895530701,0.6059513092041016
YML100W,YIL114C,0,1.962136,0.12863728404045105,0.8763493895530701,0.606051504611969
YJR112W,YNL261W,0,1.9619613,0.1286187469959259,0.8763493895530701,0.6061517000198364
YPL266W,YGL064C,0,1.9611835,0.12860022485256195,0.8763493895530701,0.6062518954277039
YOR060C,YFR053C,0,1.9605601,0.1285817176103592,0.8763493895530701,0.6063520908355713
YIR004W,YHR001W,0,1.9601364,0.12856319546699524,0.8763493895530701,0.6064522862434387
YOR260W,YGR059W,0,1.9599264,0.12854468822479248,0.8763493895530701,0.6065524220466614
YLR332W,YJL013C,0,1.9595602,0.12852619588375092,0.8763493895530701,0.6066526174545288
YOR189W,YJL030W,0,1.9592252,0.12850770354270935,0.8763493895530701,0.6067528128623962
YHR098C,YAR003W,0,1.9588859,0.12848921120166779,0.8763493895530701,0.6068530082702637
YPR083W,YER042W,0,1.9584708,0.12847071886062622,0.8763493895530701,0.6069532036781311
YNL021W,YEL042W,0,1.9582355,0.12845224142074585,0.8763493895530701,0.6070533990859985
YGL170C,YKL216W,0,1.958133,0.12843376398086548,0.8763493895530701,0.607153594493866
YKR087C,YDL197C,0,1.9578741,0.1284153014421463,0.8763493895530701,0.6072537899017334
YMR173W,YCR002C,0,1.957732,0.12839683890342712,0.8763493895530701,0.6073539853096008
YKR008W,YEL018W,1,1.957686,0.1285221427679062,0.8773307204246521,0.6073539853096008
YER048C,YLR411W,0,1.9572728,0.12850366532802582,0.8773307204246521,0.6074541807174683
YPL188W,YNL070W,0,1.9570735,0.12848520278930664,0.8773307204246521,0.6075543761253357
YMR116C,YKL069W,0,1.9566796,0.12846674025058746,0.8773307204246521,0.6076545715332031
YJL130C,YBR094W,0,1.9561219,0.1284482777118683,0.8773307204246521,0.6077547073364258
YGR095C,YER185W,0,1.9560945,0.1284298300743103,0.8773307204246521,0.6078549027442932
YKL009W,YDL135C,0,1.9559658,0.12841138243675232,0.8773307204246521,0.6079550981521606
YGR174C,YFR051C,0,1.9557397,0.12839293479919434,0.8773307204246521,0.6080552935600281
YJL213W,YGL107C,0,1.9556787,0.12837450206279755,0.8773307204246521,0.6081554889678955
YMR215W,YOR298C-A,0,1.9556577,0.12835606932640076,0.8773307204246521,0.6082556843757629
YLL045C,YPR008W,0,1.9553936,0.12833763659000397,0.8773307204246521,0.6083558797836304
YPL237W,YBR038W,0,1.9543812,0.12831921875476837,0.8773307204246521,0.6084560751914978
YBR268W,YML097C,0,1.9534316,0.12830080091953278,0.8773307204246521,0.6085562705993652
YDR023W,YDR198C,0,1.9533219,0.12828239798545837,0.8773307204246521,0.6086564660072327
YGR036C,YLR466W,0,1.9530001,0.12826399505138397,0.8773307204246521,0.6087566614151001
YPR061C,YHR072W-A,0,1.9520817,0.12824559211730957,0.8773307204246521,0.6088568568229675
YER093C,YFL034C-A,0,1.9520214,0.12822718918323517,0.8773307204246521,0.6089569926261902
YPL094C,YMR053C,0,1.9510744,0.12820880115032196,0.8773307204246521,0.6090571880340576
YBR004C,YHR190W,0,1.9507544,0.12819042801856995,0.8773307204246521,0.609157383441925
YMR215W,YOL026C,0,1.9503002,0.12817203998565674,0.8773307204246521,0.6092575788497925
YOR192C,YFL002W-B,0,1.9493542,0.12815366685390472,0.8773307204246521,0.6093577742576599
YOL119C,YGR207C,0,1.949322,0.1281353086233139,0.8773307204246521,0.6094579696655273
YDR097C,YGL092W,0,1.9492114,0.1281169354915619,0.8773307204246521,0.6095581650733948
YEL052W,YNL079C,0,1.9488289,0.12809857726097107,0.8773307204246521,0.6096583604812622
YLR307W,YJL184W,0,1.9485023,0.12808023393154144,0.8773307204246521,0.6097585558891296
YFR052W,YDL148C,0,1.9480894,0.12806187570095062,0.8773307204246521,0.6098587512969971
YDR090C,YLR233C,0,1.9477866,0.1280435472726822,0.8773307204246521,0.6099589467048645
YGR017W,YPR161C,0,1.947727,0.12802520394325256,0.8773307204246521,0.6100591421127319
YDL028C,YNL038W,0,1.947716,0.12800687551498413,0.8773307204246521,0.6101592779159546
YDR317W,YPR026W,0,1.9471107,0.1279885470867157,0.8773307204246521,0.610259473323822
YPL060C-A,YLR157C-B,0,1.9470153,0.12797023355960846,0.8773307204246521,0.6103596687316895
YHR002W,YCL068C,0,1.9468782,0.12795190513134003,0.8773307204246521,0.6104598641395569
YOL016C,YIL114C,0,1.9467399,0.12793360650539398,0.8773307204246521,0.6105600595474243
YDR384C,YIL038C,0,1.9467006,0.12791529297828674,0.8773307204246521,0.6106602549552917
YHR012W,YIL117C,0,1.9462812,0.1278969943523407,0.8773307204246521,0.6107604503631592
YLR361C,YLR055C,0,1.9458487,0.12787869572639465,0.8773307204246521,0.6108606457710266
YDR171W,YIL137C,0,1.9457409,0.1278604120016098,0.8773307204246521,0.610960841178894
YNR071C,YNR002C,0,1.945082,0.12784212827682495,0.8773307204246521,0.6110610365867615
YDR311W,YHR099W,1,1.9447694,0.12796683609485626,0.8783120512962341,0.6110610365867615
YAR050W,YER005W,0,1.9444354,0.12794853746891022,0.8783120512962341,0.6111612319946289
YOL121C,YGR081C,0,1.9441781,0.12793023884296417,0.8783120512962341,0.6112613677978516
YOR140W,YDR462W,0,1.9439657,0.12791195511817932,0.8783120512962341,0.611361563205719
YMR025W,YCR073C,0,1.9432402,0.12789368629455566,0.8783120512962341,0.6114617586135864
YOR073W,YCL024W,0,1.9431989,0.127875417470932,0.8783120512962341,0.6115619540214539
YPL069C,YLR034C,0,1.942621,0.12785714864730835,0.8783120512962341,0.6116621494293213
YDR311W,YOR222W,0,1.941596,0.1278388798236847,0.8783120512962341,0.6117623448371887
YLR288C,YPR052C,1,1.9410911,0.12796343863010406,0.8792934417724609,0.6117623448371887
YDR210W,YOL058W,0,1.9410336,0.1279451698064804,0.8792934417724609,0.6118625402450562
YDR145W,YHR205W,0,1.9402347,0.12792690098285675,0.8792934417724609,0.6119627356529236
YML007W,YML032C,0,1.9401822,0.1279086321592331,0.8792934417724609,0.612062931060791
YNL275W,YER074W-A,0,1.9399607,0.12789037823677063,0.8792934417724609,0.6121631264686584
YML102W,YKL114C,1,1.939645,0.12801484763622284,0.880274772644043,0.6121631264686584
YNL241C,YCL064C,0,1.9395375,0.12799657881259918,0.880274772644043,0.6122633218765259
YLR068W,YNL037C,0,1.9393132,0.12797830998897552,0.880274772644043,0.6123635172843933
YDR168W,YNR030W,0,1.9379745,0.12796005606651306,0.880274772644043,0.612463653087616
YDR040C,YDL103C,0,1.9378421,0.1279418021440506,0.880274772644043,0.6125638484954834
YLL026W,YKL191W,0,1.937747,0.12792356312274933,0.880274772644043,0.6126640439033508
YNL029C,YBL006C,0,1.9375789,0.12790532410144806,0.880274772644043,0.6127642393112183
YDR477W,YNL257C,0,1.9372625,0.1278870850801468,0.880274772644043,0.6128644347190857
YBR130C,YJR144W,0,1.9369457,0.12786884605884552,0.880274772644043,0.6129646301269531
YOR301W,YJL210W,0,1.9367366,0.12785062193870544,0.880274772644043,0.6130648255348206
YJR034W,YBL091C,0,1.9358227,0.12783241271972656,0.880274772644043,0.613165020942688
YLR348C,YGL116W,0,1.9355781,0.1278141885995865,0.880274772644043,0.6132652163505554
YHL050C,YDR255C,0,1.9355597,0.1277959793806076,0.880274772644043,0.6133654117584229
YOR266W,YBL056W,0,1.9355018,0.12777778506278992,0.880274772644043,0.6134656071662903
YDL102W,YPR034W,0,1.9354527,0.12775957584381104,0.880274772644043,0.6135658025741577
YML069W,YML021C,1,1.9353046,0.12788379192352295,0.8812561631202698,0.6135658025741577
YCR017C,YFR044C,0,1.93502,0.12786558270454407,0.8812561631202698,0.6136659383773804
YIR007W,YDL232W,0,1.9347115,0.12784737348556519,0.8812561631202698,0.6137661337852478
YPL218W,YPL242C,0,1.9339838,0.1278291791677475,0.8812561631202698,0.6138663291931152
YJL167W,YOR273C,0,1.9337711,0.1278109848499298,0.8812561631202698,0.6139665246009827
YLR157C-A,YNL318C,0,1.9336388,0.12779280543327332,0.8812561631202698,0.6140667200088501
YDR020C,YER011W,0,1.9327495,0.12777461111545563,0.8812561631202698,0.6141669154167175
YML092C,YKL071W,0,1.9326806,0.12775643169879913,0.8812561631202698,0.614267110824585
YDL126C,YJL208C,0,1.9325581,0.12773826718330383,0.8812561631202698,0.6143673062324524
YKR007W,YPL162C,0,1.9322696,0.12772010266780853,0.8812561631202698,0.6144675016403198
YLL012W,YOR293W,0,1.9318285,0.12770193815231323,0.8812561631202698,0.6145676970481873
YOR106W,YGR261C,0,1.9315007,0.12768377363681793,0.8812561631202698,0.6146678924560547
YNR063W,YIL042C,0,1.931068,0.12766562402248383,0.8812561631202698,0.6147680878639221
YOR255W,YFR045W,0,1.9309027,0.12764747440814972,0.8812561631202698,0.6148682236671448
YPR110C,YPL167C,0,1.9308991,0.1276293396949768,0.8812561631202698,0.6149684190750122
YNL190W,YLR367W,0,1.9301174,0.1276112049818039,0.8812561631202698,0.6150686144828796
YPR101W,YGL107C,0,1.9299576,0.12759307026863098,0.8812561631202698,0.6151688098907471
YOR368W,YPL234C,0,1.9293153,0.12757493555545807,0.8812561631202698,0.6152690052986145
YNL199C,YJL110C,0,1.9292655,0.12755681574344635,0.8812561631202698,0.6153692007064819
YBR014C,YGL127C,0,1.9290371,0.12753869593143463,0.8812561631202698,0.6154693961143494
YKL096W-A,YOR101W,0,1.9289951,0.1275205910205841,0.8812561631202698,0.6155695915222168
YKR099W,YPL254W,0,1.9284477,0.12750248610973358,0.8812561631202698,0.6156697869300842
YIL043C,YJL179W,0,1.9281895,0.12748438119888306,0.8812561631202698,0.6157699823379517
YIL009W,YGR214W,0,1.9276602,0.12746629118919373,0.8812561631202698,0.6158701777458191
YGR094W,YER137C,0,1.9274642,0.1274482011795044,0.8812561631202698,0.6159703731536865
YCR024C-A,YDR538W,0,1.9274163,0.12743011116981506,0.8812561631202698,0.6160705089569092
YML100W,YDR310C,0,1.9271667,0.12741203606128693,0.8812561631202698,0.6161707043647766
YBR085W,YFR025C,0,1.9270651,0.1273939609527588,0.8812561631202698,0.616270899772644
YKL185W,YGL201C,0,1.9269567,0.12737588584423065,0.8812561631202698,0.6163710951805115
YLL034C,YOR147W,0,1.9268239,0.1273578256368637,0.8812561631202698,0.6164712905883789
YKL060C,YPR010C,0,1.9267795,0.12733976542949677,0.8812561631202698,0.6165714859962463
YMR158W,YGL216W,0,1.9267173,0.12732170522212982,0.8812561631202698,0.6166716814041138
YNL085W,YML111W,0,1.9266598,0.12730365991592407,0.8812561631202698,0.6167718768119812
YOR234C,YNL036W,0,1.9266462,0.12728561460971832,0.8812561631202698,0.6168720722198486
YBL016W,YDR092W,0,1.9265823,0.12726756930351257,0.8812561631202698,0.6169722676277161
YBR282W,YKL048C,0,1.9265165,0.12724953889846802,0.8812561631202698,0.6170724630355835
YPL088W,YKR088C,0,1.9263983,0.12723150849342346,0.8812561631202698,0.6171725988388062
YDR007W,YDR303C,0,1.9263153,0.1272134929895401,0.8812561631202698,0.6172727942466736
YAL061W,YBR193C,0,1.9262705,0.12719546258449554,0.8812561631202698,0.617372989654541
YDR182W,YGL150C,1,1.9260616,0.1273190826177597,0.8822374939918518,0.617372989654541
YHR072W,YJL114W,0,1.9259722,0.12730105221271515,0.8822374939918518,0.6174731850624084
YLR020C,YML006C,0,1.9259455,0.1272830218076706,0.8822374939918518,0.6175733804702759
YDL134C,YDR528W,0,1.9253323,0.12726500630378723,0.8822374939918518,0.6176735758781433
YCR045C,YLR449W,0,1.9240184,0.12724699079990387,0.8822374939918518,0.6177737712860107
YOR274W,YBR106W,0,1.9239728,0.1272289901971817,0.8822374939918518,0.6178739666938782
YBL007C,YPR079W,0,1.9236238,0.12721097469329834,0.8822374939918518,0.6179741621017456
YJL030W,YER123W,0,1.9235873,0.12719298899173737,0.8822374939918518,0.618074357509613
YBR180W,YPL005W,0,1.9223108,0.1271749883890152,0.8822374939918518,0.6181745529174805
YFR029W,YDL135C,0,1.9219272,0.12715700268745422,0.8822374939918518,0.6182747483253479
YPL268W,YHR150W,0,1.9215586,0.12713901698589325,0.8822374939918518,0.6183748841285706
YNL330C,YAR007C,1,1.9210825,0.1272624433040619,0.8832188248634338,0.6183748841285706
YPR058W,YHR190W,0,1.9210775,0.12724445760250092,0.8832188248634338,0.618475079536438
YJR152W,YER074W,0,1.9210432,0.12722645699977875,0.8832188248634338,0.6185752749443054
YKL213C,YDR092W,1,1.9209714,0.1273498237133026,0.8842002153396606,0.6185752749443054
YDL232W,YPR018W,0,1.9203534,0.12733182311058044,0.8842002153396606,0.6186754703521729
YMR160W,YCR097W,0,1.9198074,0.12731383740901947,0.8842002153396606,0.6187756657600403
YHL027W,YOR207C,0,1.9195004,0.1272958517074585,0.8842002153396606,0.6188758611679077
YGL142C,YJL160C,0,1.9193614,0.12727786600589752,0.8842002153396606,0.6189760565757751
YLR215C,YIL158W,0,1.9192858,0.12725988030433655,0.8842002153396606,0.6190762519836426
YIL010W,YOR298W,0,1.9189091,0.12724190950393677,0.8842002153396606,0.61917644739151
YPL254W,YER074W-A,0,1.9188933,0.12722395360469818,0.8842002153396606,0.6192766427993774
YOR008C,YBR096W,0,1.9184449,0.1272059828042984,0.8842002153396606,0.6193768382072449
YMR029C,YGL029W,0,1.9177072,0.12718802690505981,0.8842002153396606,0.6194770336151123
YGL208W,YFL011W,0,1.9176884,0.12717007100582123,0.8842002153396606,0.619577169418335
YHR047C,YDL142C,0,1.9172907,0.12715213000774384,0.8842002153396606,0.6196773648262024
YLR278C,YDR352W,0,1.9172406,0.12713418900966644,0.8842002153396606,0.6197775602340698
YPL081W,YAR002C-A,0,1.9171951,0.12711624801158905,0.8842002153396606,0.6198777556419373
YNL053W,YBR066C,0,1.9168351,0.12709832191467285,0.8842002153396606,0.6199779510498047
YNL008C,YDR009W,0,1.9167495,0.12708039581775665,0.8842002153396606,0.6200781464576721
YPL198W,YJL091C,0,1.9158733,0.12706246972084045,0.8842002153396606,0.6201783418655396
YBR067C,YGL200C,0,1.9154525,0.12704455852508545,0.8842002153396606,0.620278537273407
YHR187W,YLR150W,0,1.914891,0.12702664732933044,0.8842002153396606,0.6203787326812744
YMR137C,YOR130C,0,1.9148014,0.12700873613357544,0.8842002153396606,0.6204789280891418
YER032W,YLR244C,0,1.9147825,0.12699083983898163,0.8842002153396606,0.6205791234970093
YDR480W,YOR320C,0,1.9145513,0.12697294354438782,0.8842002153396606,0.6206793189048767
YNL265C,YGR266W,0,1.9144993,0.126955047249794,0.8842002153396606,0.6207794547080994
YMR189W,YOR241W,0,1.9140148,0.1269371658563614,0.8842002153396606,0.6208796501159668
YDR208W,YLR088W,0,1.9138808,0.12691928446292877,0.8842002153396606,0.6209798455238342
YPL236C,YJL116C,0,1.9138796,0.12690140306949615,0.8842002153396606,0.6210800409317017
YDR174W,YDR530C,0,1.9138665,0.12688353657722473,0.8842002153396606,0.6211802363395691
YPL130W,YDL059C,0,1.9138336,0.1268656700849533,0.8842002153396606,0.6212804317474365
YLR103C,YNR017W,0,1.9136882,0.12684780359268188,0.8842002153396606,0.621380627155304
YNL094W,YOR065W,0,1.9135325,0.12682995200157166,0.8842002153396606,0.6214808225631714
YER074W,YDR331W,0,1.9132288,0.12681210041046143,0.8842002153396606,0.6215810179710388
YGL092W,YLR289W,0,1.9131119,0.1267942637205124,0.8842002153396606,0.6216812133789062
YBR204C,YBR180W,0,1.9129171,0.12677641212940216,0.8842002153396606,0.6217814087867737
YGL236C,YPR169W,0,1.9121797,0.12675857543945312,0.8842002153396606,0.6218816041946411
YHL015W,YAL059W,0,1.9119971,0.12674075365066528,0.8842002153396606,0.6219817399978638
YHR133C,YLR219W,0,1.9119744,0.12672293186187744,0.8842002153396606,0.6220819354057312
YIR008C,YEL048C,0,1.9113224,0.1267051100730896,0.8842002153396606,0.6221821308135986
YKL157W,YBL007C,0,1.911205,0.12668728828430176,0.8842002153396606,0.6222823262214661
YBR067C,YKL155C,0,1.9110446,0.1266694813966751,0.8842002153396606,0.6223825216293335
YML112W,YOL130W,0,1.9103916,0.12665167450904846,0.8842002153396606,0.6224827170372009
YBR191W,YPR079W,0,1.9103789,0.12663386762142181,0.8842002153396606,0.6225829124450684
YGR288W,YJL168C,0,1.9100938,0.12661607563495636,0.8842002153396606,0.6226831078529358
YBR150C,YNL224C,0,1.9097712,0.1265982836484909,0.8842002153396606,0.6227833032608032
YPR086W,YOR148C,0,1.9094617,0.12658050656318665,0.8842002153396606,0.6228834986686707
YKR013W,YIL007C,0,1.9088817,0.1265627145767212,0.8842002153396606,0.6229836940765381
YDR182W,YGR113W,0,1.9086874,0.12654493749141693,0.8842002153396606,0.6230838298797607
YJL138C,YIL040W,0,1.9086747,0.12652717530727386,0.8842002153396606,0.6231840252876282
YDR382W,YLR263W,0,1.9085262,0.1265094131231308,0.8842002153396606,0.6232842206954956
YLR388W,YGR055W,0,1.9085207,0.12649165093898773,0.8842002153396606,0.623384416103363
YIL135C,YGR170W,0,1.9081991,0.12647388875484467,0.8842002153396606,0.6234846115112305
YNL024C,YBR109C,0,1.9080875,0.1264561414718628,0.8842002153396606,0.6235848069190979
YCR023C,YOR226C,0,1.9074855,0.12643839418888092,0.8842002153396606,0.6236850023269653
YAL011W,YML047C,0,1.9073448,0.12642064690589905,0.8842002153396606,0.6237851977348328
YLR073C,YKL190W,0,1.9070711,0.12640291452407837,0.8842002153396606,0.6238853931427002
YNL178W,YPL169C,0,1.90694,0.1263851821422577,0.8842002153396606,0.6239855885505676
YMR041C,YML051W,0,1.9067471,0.1263674646615982,0.8842002153396606,0.6240857839584351
YHL007C,YLL040C,0,1.9066114,0.12634974718093872,0.8842002153396606,0.6241859793663025
YJR137C,YDR273W,0,1.9065368,0.12633202970027924,0.8842002153396606,0.6242861151695251
YDR485C,YMR160W,0,1.906107,0.12631431221961975,0.8842002153396606,0.6243863105773926
YPL246C,YNL336W,0,1.9059176,0.12629660964012146,0.8842002153396606,0.62448650598526
YMR158W,YNL288W,0,1.9057307,0.12627890706062317,0.8842002153396606,0.6245867013931274
YDL135C,YNL056W,0,1.9057138,0.12626120448112488,0.8842002153396606,0.6246868968009949
YJL225C,YDR469W,0,1.9056768,0.12624351680278778,0.8842002153396606,0.6247870922088623
YOL121C,YOR188W,0,1.9056051,0.12622582912445068,0.8842002153396606,0.6248872876167297
YMR288W,YKR098C,0,1.905571,0.12620815634727478,0.8842002153396606,0.6249874830245972
YDR259C,YLR239C,0,1.9051487,0.12619048357009888,0.8842002153396606,0.6250876784324646
YIL036W,YNL318C,0,1.904886,0.12617281079292297,0.8842002153396606,0.625187873840332
YLR163C,YGL234W,0,1.9047692,0.12615513801574707,0.8842002153396606,0.6252880692481995
YMR274C,YIL137C,0,1.9045134,0.12613748013973236,0.8842002153396606,0.6253882646560669
YPR057W,YNR039C,0,1.9044831,0.12611982226371765,0.8842002153396606,0.6254884004592896
YLR333C,YDR302W,0,1.9044542,0.12610216438770294,0.8842002153396606,0.625588595867157
YMR041C,YPL058C,0,1.9044151,0.12608452141284943,0.8842002153396606,0.6256887912750244
YDR176W,YDL058W,0,1.9043763,0.1260668784379959,0.8842002153396606,0.6257889866828918
YKL174C,YDR462W,0,1.9039924,0.1260492503643036,0.8842002153396606,0.6258891820907593
YDR464W,YJL204C,0,1.9038985,0.12603160738945007,0.8842002153396606,0.6259893774986267
YOL089C,YHR042W,0,1.9038546,0.12601397931575775,0.8842002153396606,0.6260895729064941
YKL099C,YGR140W,0,1.9033277,0.12599636614322662,0.8842002153396606,0.6261897683143616
YDR067C,YOR090C,0,1.902853,0.1259787529706955,0.8842002153396606,0.626289963722229
YPL161C,YOR142W,0,1.9026473,0.12596113979816437,0.8842002153396606,0.6263901591300964
YFL014W,YER130C,0,1.9024508,0.12594352662563324,0.8842002153396606,0.6264903545379639
YDL179W,YIL061C,0,1.9024425,0.1259259283542633,0.8842002153396606,0.6265905499458313
YOR216C,YKL139W,0,1.902036,0.12590833008289337,0.8842002153396606,0.626690685749054
YBR006W,YAL042W,0,1.9019227,0.12589073181152344,0.8842002153396606,0.6267908811569214
YNR002C,YLL057C,0,1.9008942,0.1258731484413147,0.8842002153396606,0.6268910765647888
YNL220W,YLL053C,0,1.9008188,0.12585556507110596,0.8842002153396606,0.6269912719726562
YPR095C,YHL033C,0,1.9003787,0.12583798170089722,0.8842002153396606,0.6270914673805237
YDR172W,YCR035C,0,1.9003572,0.12582041323184967,0.8842002153396606,0.6271916627883911
YOR262W,YJL003W,0,1.90009,0.12580284476280212,0.8842002153396606,0.6272918581962585
YHR002W,YKR007W,0,1.8998241,0.12578529119491577,0.8842002153396606,0.627392053604126
YMR097C,YBL050W,0,1.8997076,0.12576772272586823,0.8842002153396606,0.6274922490119934
YML039W,YMR220W,0,1.8996363,0.12575016915798187,0.8842002153396606,0.6275924444198608
YPL228W,YBL034C,0,1.8987596,0.1257326304912567,0.8842002153396606,0.6276926398277283
YML102W,YPL121C,1,1.898283,0.12585461139678955,0.8851815462112427,0.6276926398277283
YDL097C,YNL026W,0,1.89801,0.1258370578289032,0.8851815462112427,0.6277928352355957
YOL129W,YOR219C,0,1.897824,0.12581950426101685,0.8851815462112427,0.6278929710388184
YLR274W,YNL153C,0,1.8976247,0.1258019506931305,0.8851815462112427,0.6279931664466858
YHL022C,YGR085C,0,1.8973982,0.12578441202640533,0.8851815462112427,0.6280933618545532
YPR075C,YMR072W,0,1.8972983,0.12576687335968018,0.8851815462112427,0.6281935572624207
YHR188C,YMR009W,0,1.8969002,0.12574933469295502,0.8851815462112427,0.6282937526702881
YHR096C,YLR410W-A,0,1.896344,0.12573181092739105,0.8851815462112427,0.6283939480781555
YBR210W,YDL045W-A,0,1.895894,0.1257142871618271,0.8851815462112427,0.628494143486023
YGR049W,YBL102W,0,1.8957729,0.12569676339626312,0.8851815462112427,0.6285943388938904
YOR371C,YPL096W,0,1.895422,0.12567925453186035,0.8851815462112427,0.6286945343017578
YGL256W,YKR072C,0,1.8952999,0.12566174566745758,0.8851815462112427,0.6287947297096252
YNR026C,YER032W,0,1.8952117,0.1256442368030548,0.8851815462112427,0.6288949251174927
YIL140W,YHR123W,0,1.894903,0.12562674283981323,0.8851815462112427,0.6289950609207153
YPR029C,YJR120W,0,1.8947334,0.12560924887657166,0.8851815462112427,0.6290952563285828
YBL105C,YDR009W,0,1.8946271,0.12559175491333008,0.8851815462112427,0.6291954517364502
YMR021C,YOR007C,0,1.8943608,0.1255742758512497,0.8851815462112427,0.6292956471443176
YER160C,YIR007W,0,1.893877,0.1255567967891693,0.8851815462112427,0.6293958425521851
YKR053C,YKL168C,0,1.8938215,0.12553931772708893,0.8851815462112427,0.6294960379600525
YDL022W,YCL010C,0,1.8937438,0.12552185356616974,0.8851815462112427,0.6295962333679199
YHR098C,YJR123W,0,1.8932087,0.12550438940525055,0.8851815462112427,0.6296964287757874
YMR238W,YKL096W-A,0,1.8931065,0.12548692524433136,0.8851815462112427,0.6297966241836548
YML123C,YKL033W,0,1.8929935,0.12546946108341217,0.8851815462112427,0.6298968195915222
YJL111W,YOR004W,0,1.8928251,0.12545201182365417,0.8851815462112427,0.6299970149993896
YDL161W,YJL168C,0,1.8920791,0.12543457746505737,0.8851815462112427,0.6300972104072571
YGL062W,YNL124W,0,1.8919551,0.12541712820529938,0.8851815462112427,0.6301973462104797
YAR027W,YEL077C,0,1.8916688,0.12539969384670258,0.8851815462112427,0.6302975416183472
YOR354C,YGR040W,0,1.8916657,0.12538225948810577,0.8851815462112427,0.6303977370262146
YOR110W,YMR167W,0,1.8916523,0.12536484003067017,0.8851815462112427,0.630497932434082
YGR221C,YKR052C,0,1.8916168,0.12534742057323456,0.8851815462112427,0.6305981278419495
YML071C,YNR033W,0,1.8914261,0.12533000111579895,0.8851815462112427,0.6306983232498169
YHL017W,YJL026W,0,1.8907495,0.12531258165836334,0.8851815462112427,0.6307985186576843
YPL180W,YPL045W,0,1.8903799,0.12529517710208893,0.8851815462112427,0.6308987140655518
YBR192W,YOR168W,0,1.8897328,0.12527777254581451,0.8851815462112427,0.6309989094734192
YBR160W,YLR005W,1,1.8894994,0.12539924681186676,0.8861628770828247,0.6309989094734192
YKL189W,YPL275W,0,1.8891091,0.12538184225559235,0.8861628770828247,0.6310991048812866
YNR028W,YNL132W,0,1.889077,0.12536443769931793,0.8861628770828247,0.631199300289154
YLR066W,YPL037C,0,1.8889704,0.12534703314304352,0.8861628770828247,0.6312994956970215
YIL067C,YPL132W,0,1.8889501,0.1253296285867691,0.8861628770828247,0.6313996315002441
YDL155W,YGR077C,0,1.8883634,0.12531223893165588,0.8861628770828247,0.6314998269081116
YDR211W,YLR432W,0,1.8881743,0.12529484927654266,0.8861628770828247,0.631600022315979
YGR240C,YNL025C,0,1.8877537,0.12527747452259064,0.8861628770828247,0.6317002177238464
YNL261W,YIL037C,0,1.8876531,0.12526008486747742,0.8861628770828247,0.6318004131317139
YJL001W,YPR149W,0,1.8871257,0.12524272501468658,0.8861628770828247,0.6319006085395813
YEL004W,YEL009C,0,1.886472,0.12522535026073456,0.8861628770828247,0.6320008039474487
YDR243C,YIL076W,0,1.8864601,0.12520799040794373,0.8861628770828247,0.6321009993553162
YLR369W,YGL139W,0,1.8864434,0.1251906305551529,0.8861628770828247,0.6322011947631836
YOL129W,YJL114W,0,1.886405,0.12517327070236206,0.8861628770828247,0.632301390171051
YKL054C,YHR041C,0,1.8860075,0.12515592575073242,0.8861628770828247,0.6324015855789185
YKL157W,YBR045C,0,1.8859193,0.12513858079910278,0.8861628770828247,0.6325017809867859
YOR049C,YIL128W,0,1.8856258,0.12512123584747314,0.8861628770828247,0.6326019167900085
YPR171W,YBR031W,0,1.8855956,0.1251039057970047,0.8861628770828247,0.632702112197876
YML038C,YBR177C,0,1.8855016,0.12508657574653625,0.8861628770828247,0.6328023076057434
YJL076W,YMR001C,0,1.8854499,0.1250692456960678,0.8861628770828247,0.6329025030136108
YOR351C,YPL056C,0,1.8851509,0.12505193054676056,0.8861628770828247,0.6330026984214783
YPL203W,YGL153W,0,1.8848727,0.1250346153974533,0.8861628770828247,0.6331028938293457
YPL119C,YAL024C,0,1.8845227,0.12501730024814606,0.8861628770828247,0.6332030892372131
YLR388W,YDR372C,0,1.8842084,0.125,0.8861628770828247,0.6333032846450806
YNL003C,YNL214W,0,1.8837199,0.12498269975185394,0.8861628770828247,0.633403480052948
YGR253C,YPL098C,0,1.8832695,0.12496539950370789,0.8861628770828247,0.6335036754608154
YNL053W,YJR099W,0,1.8832223,0.12494811415672302,0.8861628770828247,0.6336038708686829
YLL057C,YNL045W,0,1.8826494,0.12493082135915756,0.8861628770828247,0.6337040662765503
YBL080C,YDL142C,0,1.8822794,0.1249135434627533,0.8861628770828247,0.633804202079773
YDL084W,YLL036C,1,1.8818724,0.12503458559513092,0.8871442675590515,0.633804202079773
YDL066W,YDL018C,0,1.8809059,0.12501728534698486,0.8871442675590515,0.6339043974876404
YPR017C,YPR072W,0,1.880744,0.125,0.8871442675590515,0.6340045928955078
YJR043C,YHL009W-A,0,1.8805604,0.12498271465301514,0.8871442675590515,0.6341047883033752
YOR297C,YBR026C,0,1.8803456,0.12496544420719147,0.8871442675590515,0.6342049837112427
YFL038C,YHR191C,0,1.8785856,0.1249481663107872,0.8871442675590515,0.6343051791191101
YPL097W,YAL016W,0,1.8784952,0.12493090331554413,0.8871442675590515,0.6344053745269775
YFL009W,YKL201C,0,1.8778226,0.12491364032030106,0.8871442675590515,0.634505569934845
YLR329W,YPR082C,0,1.8778048,0.12489637732505798,0.8871442675590515,0.6346057653427124
YGR098C,YEL056W,0,1.8771176,0.1248791292309761,0.8871442675590515,0.6347059607505798
YOR192C,YIL009W,0,1.8769011,0.12486188113689423,0.8871442675590515,0.6348061561584473
YBR132C,YOL010W,0,1.8766038,0.12484463304281235,0.8871442675590515,0.6349063515663147
YNL154C,YKL053C-A,0,1.8765152,0.12482739239931107,0.8871442675590515,0.6350064873695374
YDL098C,YLR183C,0,1.8762984,0.12481015920639038,0.8871442675590515,0.6351066827774048
YLR044C,YOR074C,0,1.8753369,0.12479293346405029,0.8871442675590515,0.6352068781852722
YNL037C,YER056C,0,1.8752494,0.1247757077217102,0.8871442675590515,0.6353070735931396
YPR165W,YFR031C,0,1.8747246,0.12475848942995071,0.8871442675590515,0.6354072690010071
YKL190W,YBR260C,0,1.874423,0.12474127113819122,0.8871442675590515,0.6355074644088745
YMR137C,YDR477W,0,1.8741212,0.12472406029701233,0.8871442675590515,0.6356076598167419
YGR098C,YDR490C,0,1.8738384,0.12470685690641403,0.8871442675590515,0.6357078552246094
YNL062C,YNL032W,0,1.8731687,0.12468965351581573,0.8871442675590515,0.6358080506324768
YFR030W,YOR118W,0,1.8729026,0.12467245757579803,0.8871442675590515,0.6359082460403442
YJL159W,YGL238W,0,1.8719804,0.12465526908636093,0.8871442675590515,0.6360084414482117
YML102W,YML032C,1,1.8719242,0.1247759535908699,0.8881255984306335,0.6360084414482117
YJR073C,YPL032C,0,1.8716342,0.1247587502002716,0.8881255984306335,0.6361085772514343
YDR079C-A,YLR007W,1,1.8709054,0.124879390001297,0.8891069889068604,0.6361085772514343
YDL201W,YIR021W,0,1.8705826,0.1248621866106987,0.8891069889068604,0.6362087726593018
YLR005W,YOR005C,1,1.8704426,0.12498277425765991,0.8900883197784424,0.6362087726593018
YPR043W,YKL191W,0,1.8702588,0.12496555596590042,0.8900883197784424,0.6363089680671692
YPR043W,YOL013C,0,1.8700519,0.12494833767414093,0.8900883197784424,0.6364091634750366
YBR089C-A,YBL027W,0,1.8699527,0.12493112683296204,0.8900883197784424,0.636509358882904
YJR144W,YGL076C,0,1.8693099,0.12491392344236374,0.8900883197784424,0.6366095542907715
YBR136W,YNL133C,1,1.8692372,0.1250344216823578,0.8910696506500244,0.6366095542907715
YMR205C,YHR150W,0,1.8683877,0.1250172108411789,0.8910696506500244,0.6367097496986389
YFL009W,YER065C,0,1.8680065,0.125,0.8910696506500244,0.6368099451065063
YNR015W,YER042W,0,1.8676863,0.1249827966094017,0.8910696506500244,0.6369101405143738
YNL222W,YNR059W,0,1.8673317,0.1249655932188034,0.8910696506500244,0.6370103359222412
YER040W,YHR170W,0,1.8673162,0.1249483972787857,0.8910696506500244,0.6371105313301086
YDL197C,YBL027W,0,1.8672163,0.1249312087893486,0.8910696506500244,0.6372107267379761
YLL010C,YDR062W,0,1.8671916,0.1249140202999115,0.8910696506500244,0.6373108625411987
YHR154W,YJL081C,1,1.8671668,0.1250343918800354,0.8920510411262512,0.6373108625411987
YKR029C,YLL024C,0,1.8670559,0.1250171959400177,0.8920510411262512,0.6374110579490662
YDR399W,YFL025C,0,1.866987,0.125,0.8920510411262512,0.6375112533569336
YGL181W,YOR291W,0,1.866571,0.1249828115105629,0.8920510411262512,0.637611448764801
YML069W,YDR172W,0,1.8664937,0.12496563047170639,0.8920510411262512,0.6377116441726685
YPL002C,YEL005C,0,1.8662252,0.12494845688343048,0.8920510411262512,0.6378118395805359
YBL007C,YHR042W,0,1.8661101,0.12493128329515457,0.8920510411262512,0.6379120349884033
YER172C,YFR046C,0,1.8657897,0.12491410970687866,0.8920510411262512,0.6380122303962708
YOL009C,YPL234C,0,1.8657134,0.12489695101976395,0.8920510411262512,0.6381124258041382
YAL014C,YBR180W,0,1.8656673,0.12487979233264923,0.8920510411262512,0.6382126212120056
YOR173W,YBR107C,0,1.8651214,0.12486263364553452,0.8920510411262512,0.638312816619873
YMR236W,YIL118W,0,1.8650773,0.124845489859581,0.8920510411262512,0.6384130120277405
YLR178C,YOR133W,0,1.8649585,0.12482834607362747,0.8920510411262512,0.6385131478309631
YIL056W,YLR299W,0,1.8648524,0.12481120228767395,0.8920510411262512,0.6386133432388306
YNL281W,YIL056W,0,1.8646863,0.12479406595230103,0.8920510411262512,0.638713538646698
YMR230W,YNL251C,0,1.8642709,0.1247769370675087,0.8920510411262512,0.6388137340545654
YBR073W,YLR009W,0,1.8641016,0.12475981563329697,0.8920510411262512,0.6389139294624329
YDR339C,YKL006W,0,1.8640976,0.12474269419908524,0.8920510411262512,0.6390141248703003
YKR071C,YOL101C,0,1.8636389,0.1247255727648735,0.8920510411262512,0.6391143202781677
YMR230W,YDR470C,0,1.8633621,0.12470846623182297,0.8920510411262512,0.6392145156860352
YOR316C,YDL178W,0,1.8633442,0.12469135969877243,0.8920510411262512,0.6393147110939026
YKR053C,YGL231C,0,1.86308,0.1246742531657219,0.8920510411262512,0.63941490650177
YPR145W,YOR077W,0,1.8627932,0.12465716153383255,0.8920510411262512,0.6395151019096375
YMR207C,YMR276W,0,1.862642,0.12464006245136261,0.8920510411262512,0.6396152973175049
YLR429W,YNL238W,0,1.8624434,0.12462297827005386,0.8920510411262512,0.6397154331207275
YOL141W,YDR206W,0,1.8622959,0.12460589408874512,0.8920510411262512,0.639815628528595
YER138C,YGR239C,0,1.8621087,0.12458881735801697,0.8920510411262512,0.6399158239364624
YIL098C,YNL290W,0,1.8617945,0.12457174062728882,0.8920510411262512,0.6400160193443298
YDR343C,YIL018W,0,1.8614221,0.12455467134714127,0.8920510411262512,0.6401162147521973
YLR410W,YDR240C,0,1.8608277,0.12453760951757431,0.8920510411262512,0.6402164101600647
YPR004C,YKL172W,0,1.860548,0.12452054768800735,0.8920510411262512,0.6403166055679321
YJL124C,YPR024W,0,1.8605235,0.124503493309021,0.8920510411262512,0.6404168009757996
YMR261C,YJL181W,0,1.8603117,0.12448643893003464,0.8920510411262512,0.640516996383667
YEL026W,YOL151W,0,1.8599298,0.12446939945220947,0.8920510411262512,0.6406171917915344
YML072C,YJR123W,0,1.8597715,0.12445235252380371,0.8920510411262512,0.6407173871994019
YKR019C,YNR031C,0,1.8597164,0.12443532049655914,0.8920510411262512,0.6408175826072693
YAR007C,YFR037C,1,1.8595798,0.12455516308546066,0.8930323719978333,0.6408175826072693
YHR039C-A,YOL026C,0,1.85934,0.1245381161570549,0.8930323719978333,0.6409177184104919
YML058W-A,YPR035W,0,1.8588567,0.12452106922864914,0.8930323719978333,0.6410179138183594
YIL043C,YBL026W,0,1.8588362,0.12450403720140457,0.8930323719978333,0.6411181092262268
YNL267W,YNL051W,0,1.8587699,0.12448700517416,0.8930323719978333,0.6412183046340942
YLR406C,YLR107W,0,1.8582199,0.12446997314691544,0.8930323719978333,0.6413185000419617
YHR079C-A,YLR401C,0,1.8580561,0.12445295602083206,0.8930323719978333,0.6414186954498291
YDR522C,YLR117C,0,1.8580105,0.12443593889474869,0.8930323719978333,0.6415188908576965
YDL084W,YGL058W,1,1.8577425,0.12455564737319946,0.8940137624740601,0.6415188908576965
YJL225C,YGR212W,0,1.85731,0.12453862279653549,0.8940137624740601,0.641619086265564
YOR266W,YIL118W,0,1.8571191,0.12452159821987152,0.8940137624740601,0.6417192816734314
YBR002C,YJR123W,0,1.85673,0.12450458109378815,0.8940137624740601,0.6418194770812988
YOR393W,YKR025W,0,1.8564994,0.12448756396770477,0.8940137624740601,0.6419196724891663
YOL070C,YPL227C,0,1.8564942,0.124470554292202,0.8940137624740601,0.6420198082923889
YHR035W,YMR263W,0,1.8560417,0.12445355206727982,0.8940137624740601,0.6421200037002563
YFR024C-A,YLR393W,0,1.8558912,0.12443654984235764,0.8940137624740601,0.6422201991081238
YGR041W,YNL270C,0,1.8553202,0.12441955506801605,0.8940137624740601,0.6423203945159912
YMR241W,YGL145W,0,1.8546181,0.12440256774425507,0.8940137624740601,0.6424205899238586
YMR164C,YDR039C,0,1.8543344,0.12438558042049408,0.8940137624740601,0.6425207853317261
YJL162C,YDR123C,0,1.8540092,0.12436860054731369,0.8940137624740601,0.6426209807395935
YDR202C,YCR020W-B,0,1.8537478,0.1243516206741333,0.8940137624740601,0.6427211761474609
YGL026C,YOR188W,0,1.8534701,0.1243346557021141,0.8940137624740601,0.6428213715553284
YCR065W,YIL134W,0,1.8534498,0.12431768327951431,0.8940137624740601,0.6429215669631958
YBR289W,YKR008W,1,1.8533578,0.12443716824054718,0.8949950933456421,0.6429215669631958
YHR154W,YMR156C,1,1.8533485,0.12455661594867706,0.8959764242172241,0.6429215669631958
YLR435W,YFR050C,0,1.8531992,0.12453962862491608,0.8959764242172241,0.6430217623710632
YPL137C,YLR017W,0,1.8530545,0.12452264130115509,0.8959764242172241,0.6431219577789307
YPL215W,YOR019W,0,1.8528962,0.1245056614279747,0.8959764242172241,0.6432220935821533
YHR050W,YGL233W,0,1.8520265,0.12448868155479431,0.8959764242172241,0.6433222889900208
YFL053W,YEL001C,0,1.8520172,0.12447170913219452,0.8959764242172241,0.6434224843978882
YEL029C,YMR005W,0,1.8516121,0.12445474416017532,0.8959764242172241,0.6435226798057556
YCL025C,YJR043C,0,1.8513782,0.12443777918815613,0.8959764242172241,0.643622875213623
YNL247W,YPR191W,0,1.8512728,0.12442082166671753,0.8959764242172241,0.6437230706214905
YNL294C,YJR138W,0,1.8506153,0.12440387159585953,0.8959764242172241,0.6438232660293579
YER171W,YGR084C,0,1.8502998,0.12438692152500153,0.8959764242172241,0.6439234614372253
YKL139W,YPL189W,0,1.8500223,0.12436997890472412,0.8959764242172241,0.6440236568450928
YLR380W,YCR083W,0,1.8496392,0.12435303628444672,0.8959764242172241,0.6441238522529602
YER095W,YDR180W,1,1.8493695,0.12447228282690048,0.8969578146934509,0.6441238522529602
YGR169C,YBL029C-A,0,1.8489354,0.12445534020662308,0.8969578146934509,0.6442240476608276
YOR212W,YER170W,0,1.8485749,0.12443839013576508,0.8969578146934509,0.6443242430686951
YOL038W,YHR079C,0,1.8484743,0.12442145496606827,0.8969578146934509,0.6444243788719177
YOR032C,YJR130C,0,1.8481641,0.12440451979637146,0.8969578146934509,0.6445245742797852
YDR378C,YPR011C,0,1.8479967,0.12438759207725525,0.8969578146934509,0.6446247696876526
YHR084W,YER138C,0,1.8479357,0.12437066435813904,0.8969578146934509,0.64472496509552
YGR180C,YOR212W,0,1.847717,0.12435374408960342,0.8969578146934509,0.6448251605033875
YBR069C,YNL323W,0,1.847702,0.12433682382106781,0.8969578146934509,0.6449253559112549
YDR222W,YER013W,0,1.8476918,0.12431991100311279,0.8969578146934509,0.6450255513191223
YJR032W,YKL027W,0,1.847614,0.12430300563573837,0.8969578146934509,0.6451257467269897
YFL018C,YOR087W,0,1.8466995,0.12428610026836395,0.8969578146934509,0.6452259421348572
YMR065W,YIL018W,0,1.8465316,0.12426920235157013,0.8969578146934509,0.6453261375427246
YFR029W,YDR398W,0,1.8464651,0.1242523118853569,0.8969578146934509,0.645426332950592
YBR260C,YGL107C,0,1.8462749,0.12423542141914368,0.8969578146934509,0.6455265283584595
YNL208W,YER169W,0,1.846081,0.12421853840351105,0.8969578146934509,0.6456266641616821
YCL025C,YBR018C,0,1.845386,0.12420165538787842,0.8969578146934509,0.6457268595695496
YLL048C,YDL018C,0,1.8450515,0.12418477982282639,0.8969578146934509,0.645827054977417
YGL044C,YGR059W,0,1.8443704,0.12416791170835495,0.8969578146934509,0.6459272503852844
YJL059W,YOR324C,0,1.8438587,0.12415104359388351,0.8969578146934509,0.6460274457931519
YDR438W,YOL086C,0,1.8436131,0.12413418292999268,0.8969578146934509,0.6461276412010193
YMR293C,YOR245C,0,1.8434703,0.12411732971668243,0.8969578146934509,0.6462278366088867
YEL062W,YOR065W,0,1.8434622,0.12410047650337219,0.8969578146934509,0.6463280320167542
YGR257C,YEL005C,0,1.8433061,0.12408363074064255,0.8969578146934509,0.6464282274246216
YHR083W,YNL257C,0,1.8421657,0.1240667849779129,0.8969578146934509,0.646528422832489
YNR015W,YOL137W,0,1.8418169,0.12404994666576385,0.8969578146934509,0.6466286182403564
YER125W,YDR062W,0,1.8412836,0.12403310835361481,0.8969578146934509,0.6467288136482239
YAL007C,YPR007C,0,1.8412595,0.12401628494262695,0.8969578146934509,0.6468289494514465
YFL001W,YGR268C,0,1.8411355,0.1239994540810585,0.8969578146934509,0.646929144859314
YPL259C,YEL031W,0,1.841079,0.12398263812065125,0.8969578146934509,0.6470293402671814
YGR099W,YDL171C,0,1.8407061,0.12396582216024399,0.8969578146934509,0.6471295356750488
YNL121C,YNL302C,0,1.8403659,0.12394901365041733,0.8969578146934509,0.6472297310829163
YNL045W,YIL082W-A,0,1.8399005,0.12393220514059067,0.8969578146934509,0.6473299264907837
YDL029W,YDR254W,0,1.8392844,0.1239154040813446,0.8969578146934509,0.6474301218986511
YDL246C,YKL020C,0,1.8390586,0.12389860302209854,0.8969578146934509,0.6475303173065186
YNL044W,YCR033W,0,1.8387852,0.12388180941343307,0.8969578146934509,0.647630512714386
YNR057C,YBR121C,0,1.8387737,0.1238650232553482,0.8969578146934509,0.6477307081222534
YNL123W,YFL048C,0,1.8383808,0.12384823709726334,0.8969578146934509,0.6478309035301208
YCR016W,YLR275W,0,1.8382974,0.12383145838975906,0.8969578146934509,0.6479310393333435
YGR261C,YDR411C,0,1.8382404,0.12381468713283539,0.8969578146934509,0.6480312347412109
YER081W,YER143W,0,1.8381145,0.12379791587591171,0.8969578146934509,0.6481314301490784
YMR065W,YBR236C,0,1.8374622,0.12378115206956863,0.8969578146934509,0.6482316255569458
YOR330C,YBR069C,0,1.8372056,0.12376438826322556,0.8969578146934509,0.6483318209648132
YGR212W,YCR088W,0,1.8364642,0.12374763190746307,0.8969578146934509,0.6484320163726807
YPL131W,YDR007W,0,1.8363302,0.12373087555170059,0.8969578146934509,0.6485322117805481
YOR081C,YLR386W,0,1.8356092,0.1237141340970993,0.8969578146934509,0.6486324071884155
YBR260C,YML086C,0,1.8355749,0.12369738519191742,0.8969578146934509,0.648732602596283
YLR427W,YJL140W,1,1.8354521,0.12381596863269806,0.897939145565033,0.648732602596283
YGR096W,YBR282W,0,1.8354466,0.12379921227693558,0.897939145565033,0.6488327980041504
YGR044C,YKL149C,0,1.8353581,0.12378247082233429,0.897939145565033,0.6489329934120178
YCR071C,YML025C,0,1.8353169,0.1237657219171524,0.897939145565033,0.6490331888198853
YER162C,YGL087C,1,1.8352988,0.12388423085212708,0.8989205360412598,0.6490331888198853
YGL004C,YLR386W,0,1.8352251,0.1238674744963646,0.8989205360412598,0.6491333246231079
YMR092C,YBR244W,0,1.8351328,0.1238507330417633,0.8989205360412598,0.6492335200309753
YOR354C,YGL190C,0,1.83512,0.12383398413658142,0.8989205360412598,0.6493337154388428
YGL060W,YIR026C,0,1.8350866,0.12381725013256073,0.8989205360412598,0.6494339108467102
YLR003C,YER190W,0,1.835037,0.12380051612854004,0.8989205360412598,0.6495341062545776
YNL068C,YDL132W,0,1.8348491,0.12378378212451935,0.8989205360412598,0.6496343016624451
YFL022C,YNL294C,0,1.8346522,0.12376705557107925,0.8989205360412598,0.6497344970703125
YDR084C,YGL254W,0,1.8342505,0.12375033646821976,0.8989205360412598,0.6498346924781799
YJR004C,YBR287W,0,1.8342421,0.12373362481594086,0.8989205360412598,0.6499348878860474
YDL059C,YDR263C,1,1.8341947,0.1238519698381424,0.8999018669128418,0.6499348878860474
YLR002C,YNL048W,0,1.8340771,0.1238352432847023,0.8999018669128418,0.6500350832939148
YPL010W,YDR025W,0,1.833811,0.1238185241818428,0.8999018669128418,0.6501352787017822
YNL265C,YLR240W,0,1.8337572,0.1238018125295639,0.8999018669128418,0.6502354741096497
YMR011W,YAL019W,0,1.8332043,0.123785100877285,0.8999018669128418,0.6503356099128723
YHR088W,YGL107C,0,1.8330467,0.1237683892250061,0.8999018669128418,0.6504358053207397
YIL095W,YML051W,0,1.8329096,0.1237516850233078,0.8999018669128418,0.6505360007286072
YLR004C,YER038C,0,1.8323944,0.1237349882721901,0.8999018669128418,0.6506361961364746
YMR283C,YML057W,0,1.832344,0.12371829152107239,0.8999018669128418,0.650736391544342
YJL130C,YDL076C,0,1.8323419,0.12370160222053528,0.8999018669128418,0.6508365869522095
YBR230C,YMR228W,0,1.8321593,0.12368492037057877,0.8999018669128418,0.6509367823600769
YBR070C,YML093W,0,1.8318713,0.12366823852062225,0.8999018669128418,0.6510369777679443
YOR141C,YPR072W,0,1.83181,0.12365156412124634,0.8999018669128418,0.6511371731758118
YOR081C,YOL082W,0,1.8317301,0.12363488972187042,0.8999018669128418,0.6512373685836792
YLR024C,YML072C,0,1.8315566,0.1236182227730751,0.8999018669128418,0.6513375639915466
YLR157C,YNL029C,0,1.8314238,0.12360156327486038,0.8999018669128418,0.6514377593994141
YMR093W,YCR086W,0,1.8308156,0.12358490377664566,0.8999018669128418,0.6515378952026367
YBR192W,YAL056W,0,1.8304386,0.12356825172901154,0.8999018669128418,0.6516380906105042
YMR050C,YMR047C,0,1.8304152,0.12355159968137741,0.8999018669128418,0.6517382860183716
YDL243C,YMR195W,0,1.8303206,0.12353496253490448,0.8999018669128418,0.651838481426239
YPL187W,YDR138W,0,1.8300791,0.12351831793785095,0.8999018669128418,0.6519386768341064
YLR070C,YNL183C,0,1.8299353,0.12350168079137802,0.8999018669128418,0.6520388722419739
YDR243C,YKL138C,0,1.8295076,0.12348505109548569,0.8999018669128418,0.6521390676498413
YLR131C,YDR301W,0,1.828826,0.12346842885017395,0.8999018669128418,0.6522392630577087
YOR372C,YBR112C,0,1.8285153,0.12345180660486221,0.8999018669128418,0.6523394584655762
YPL096W,YHR191C,0,1.8282382,0.12343518435955048,0.8999018669128418,0.6524396538734436
YOR022C,YPR052C,0,1.8281608,0.12341857701539993,0.8999018669128418,0.652539849281311
YJL069C,YIL159W,0,1.8281584,0.12340196222066879,0.8999018669128418,0.6526400446891785
YNL224C,YHR019C,0,1.8277824,0.12338536232709885,0.8999018669128418,0.6527401804924011
YOR202W,YNL078W,0,1.8277681,0.1233687624335289,0.8999018669128418,0.6528403759002686
YGR002C,YML095C,1,1.8276687,0.12348668277263641,0.9008831977844238,0.6528403759002686
YFR001W,YBL027W,0,1.8274963,0.12347007542848587,0.9008831977844238,0.652940571308136
YIL156W,YMR024W,0,1.8274949,0.12345346808433533,0.9008831977844238,0.6530407667160034
YDR138W,YER173W,1,1.827477,0.12357132881879807,0.9018645882606506,0.6530407667160034
YPL178W,YOL112W,0,1.8272302,0.12355472147464752,0.9018645882606506,0.6531409621238708
YLR035C,YLR077W,0,1.8272157,0.12353810667991638,0.9018645882606506,0.6532411575317383
YDR027C,YMR033W,0,1.8270094,0.12352150678634644,0.9018645882606506,0.6533413529396057
YLL045C,YKL101W,0,1.8268461,0.12350490689277649,0.9018645882606506,0.6534415483474731
YLR451W,YDL040C,0,1.8267951,0.12348830699920654,0.9018645882606506,0.6535417437553406
YNL225C,YDL031W,0,1.8260016,0.12347172200679779,0.9018645882606506,0.653641939163208
YBR129C,YMR015C,0,1.8259504,0.12345512956380844,0.9018645882606506,0.6537421345710754
YMR067C,YJL071W,0,1.8256965,0.12343855202198029,0.9018645882606506,0.6538423299789429
YIL148W,YDL070W,1,1.8252761,0.12355627119541168,0.9028459191322327,0.6538423299789429
YDR079C-A,YOR144C,1,1.8251734,0.12367396056652069,0.9038273096084595,0.6538423299789429
YDR155C,YBL080C,0,1.824816,0.12365736067295074,0.9038273096084595,0.6539424657821655
YEL056W,YDR407C,0,1.8245833,0.1236407607793808,0.9038273096084595,0.654042661190033
YLR155C,YBR005W,0,1.8243272,0.12362416088581085,0.9038273096084595,0.6541428565979004
YBL047C,YDR160W,0,1.8243244,0.1236075684428215,0.9038273096084595,0.6542430520057678
YCR106W,YIL068C,0,1.8237851,0.12359098345041275,0.9038273096084595,0.6543432474136353
YDR105C,YHR123W,0,1.8234136,0.123574398458004,0.9038273096084595,0.6544434428215027
YMR101C,YIL043C,0,1.8232758,0.12355782091617584,0.9038273096084595,0.6545436382293701
YDL054C,YAL016W,0,1.8232517,0.12354125082492828,0.9038273096084595,0.6546438336372375
YGR276C,YPL173W,0,1.8228891,0.12352468073368073,0.9038273096084595,0.654744029045105
YGR202C,YIR004W,0,1.822855,0.12350811064243317,0.9038273096084595,0.6548442244529724
YBR131W,YHR168W,0,1.8226337,0.1234915554523468,0.9038273096084595,0.6549444198608398
YIR038C,YKL078W,0,1.822623,0.12347500026226044,0.9038273096084595,0.6550445556640625
YHL013C,YNL288W,0,1.8224721,0.12345844507217407,0.9038273096084595,0.6551447510719299
YKR008W,YDL101C,1,1.8221679,0.12357592582702637,0.9048086404800415,0.6551447510719299
YPL152W,YKL171W,0,1.8219523,0.12355937063694,0.9048086404800415,0.6552449464797974
YFR055W,YEL018W,0,1.8216717,0.12354280799627304,0.9048086404800415,0.6553451418876648
YJL139C,YJL047C,0,1.8213558,0.12352626025676727,0.9048086404800415,0.6554453372955322
YIR007W,YDR337W,0,1.8213255,0.1235097125172615,0.9048086404800415,0.6555455327033997
YOR064C,YDL181W,0,1.8211465,0.12349317222833633,0.9048086404800415,0.6556457281112671
YHR007C,YDR381C-A,0,1.8209815,0.12347663193941116,0.9048086404800415,0.6557459235191345
YOR312C,YLR023C,0,1.8208826,0.12346009910106659,0.9048086404800415,0.655846118927002
YML114C,YEL056W,0,1.8199027,0.12344356626272202,0.9048086404800415,0.6559463143348694
YOL155C,YOR340C,0,1.8198588,0.12342704087495804,0.9048086404800415,0.6560465097427368
YBR153W,YHR018C,0,1.8196006,0.12341052293777466,0.9048086404800415,0.6561467051506042
YJL180C,YOR177C,0,1.8192885,0.12339400500059128,0.9048086404800415,0.6562468409538269
YPL024W,YGL151W,0,1.8192418,0.1233774945139885,0.9048086404800415,0.6563470363616943
YJL081C,YIL131C,0,1.8189523,0.12336098402738571,0.9048086404800415,0.6564472317695618
YDL193W,YAL014C,0,1.81868,0.12334448099136353,0.9048086404800415,0.6565474271774292
YNR073C,YPL098C,0,1.8181231,0.12332798540592194,0.9048086404800415,0.6566476225852966
YFL056C,YFR045W,0,1.8178742,0.12331148982048035,0.9048086404800415,0.6567478179931641
YNL059C,YHL027W,0,1.817404,0.12329500168561935,0.9048086404800415,0.6568480134010315
YDL020C,YBR168W,0,1.8172591,0.12327851355075836,0.9048086404800415,0.6569482088088989
YGL017W,YNL032W,0,1.816947,0.12326203286647797,0.9048086404800415,0.6570484042167664
YBR191W,YHL025W,0,1.8167264,0.12324555218219757,0.9048086404800415,0.6571485996246338
YJR096W,YER044C-A,0,1.8166075,0.12322908639907837,0.9048086404800415,0.6572487950325012
YDL102W,YLR265C,1,1.8161659,0.1233462542295456,0.9057899713516235,0.6572487950325012
YPR133C,YLR017W,0,1.8160076,0.1233297735452652,0.9057899713516235,0.6573489904403687
YOR359W,YOL091W,0,1.8157444,0.1233132928609848,0.9057899713516235,0.6574491262435913
YGR255C,YGR055W,0,1.8156791,0.123296819627285,0.9057899713516235,0.6575493216514587
YGL001C,YMR075W,0,1.8156068,0.1232803538441658,0.9057899713516235,0.6576495170593262
YDL100C,YDR067C,0,1.8148508,0.1232638880610466,0.9057899713516235,0.6577497124671936
YKR053C,YDR028C,0,1.8148129,0.123247429728508,0.9057899713516235,0.657849907875061
YBR162W-A,YPR079W,0,1.8142195,0.12323097139596939,0.9057899713516235,0.6579501032829285
YBL009W,YBL005W-B,0,1.8139973,0.12321452051401138,0.9057899713516235,0.6580502986907959
YKR071C,YGR192C,0,1.8138599,0.12319807708263397,0.9057899713516235,0.6581504940986633
YMR011W,YGR281W,0,1.8138027,0.12318163365125656,0.9057899713516235,0.6582506895065308
YDR165W,YGR095C,0,1.8133519,0.12316519767045975,0.9057899713516235,0.6583508849143982
YBR189W,YDR165W,0,1.8130822,0.12314876914024353,0.9057899713516235,0.6584510803222656
YJL042W,YDL124W,0,1.812542,0.12313234061002731,0.9057899713516235,0.6585512757301331
YHR020W,YNL035C,0,1.812464,0.1231159120798111,0.9057899713516235,0.6586514115333557
YGR044C,YDL042C,0,1.8119297,0.12309949100017548,0.9057899713516235,0.6587516069412231
YOL137W,YGL169W,0,1.8118193,0.12308307737112045,0.9057899713516235,0.6588518023490906
YNL328C,YKL096W,0,1.8116596,0.12306666374206543,0.9057899713516235,0.658951997756958
YDR001C,YGR251W,0,1.8116472,0.123050257563591,0.9057899713516235,0.6590521931648254
YBL058W,YML075C,0,1.8116374,0.12303385883569717,0.9057899713516235,0.6591523885726929
YGL064C,YBR096W,0,1.8114774,0.12301746010780334,0.9057899713516235,0.6592525839805603
YPL061W,YMR044W,0,1.8113196,0.12300106883049011,0.9057899713516235,0.6593527793884277
YKL138C,YOR142W,0,1.8112633,0.12298467755317688,0.9057899713516235,0.6594529747962952
YLR226W,YBL029C-A,0,1.8109708,0.12296829372644424,0.9057899713516235,0.6595531702041626
YKL107W,YBR023C,0,1.8108928,0.12295190989971161,0.9057899713516235,0.65965336561203
YGR157W,YML102W,0,1.8107519,0.12293553352355957,0.9057899713516235,0.6597535610198975
YNL314W,YHR056C,0,1.8094037,0.12291916459798813,0.9057899713516235,0.6598536968231201
YDR006C,YCL010C,0,1.8080881,0.12290279567241669,0.9057899713516235,0.6599538922309875
YJL155C,YGR275W,0,1.8080688,0.12288643419742584,0.9057899713516235,0.660054087638855
YLR298C,YBL050W,0,1.8080413,0.122870072722435,0.9057899713516235,0.6601542830467224
YNL051W,YPR159W,0,1.8078175,0.12285371869802475,0.9057899713516235,0.6602544784545898
YGL027C,YDR175C,0,1.8077989,0.1228373721241951,0.9057899713516235,0.6603546738624573
YJR014W,YPL210C,0,1.807684,0.12282102555036545,0.9057899713516235,0.6604548692703247
YPR020W,YJR077C,0,1.806761,0.1228046864271164,0.9057899713516235,0.6605550646781921
YKL163W,YGR056W,0,1.8063753,0.12278834730386734,0.9057899713516235,0.6606552600860596
YGL220W,YPR022C,0,1.8059261,0.12277201563119888,0.9057899713516235,0.660755455493927
YLR413W,YKL049C,0,1.805917,0.12275568395853043,0.9057899713516235,0.6608556509017944
YPR080W,YNL076W,0,1.8058727,0.12273935973644257,0.9057899713516235,0.6609557867050171
YHR200W,YDR025W,0,1.8057075,0.1227230429649353,0.9057899713516235,0.6610559821128845
YOR091W,YLR460C,0,1.8054805,0.12270672619342804,0.9057899713516235,0.661156177520752
YIL044C,YHL033C,0,1.805399,0.12269041687250137,0.9057899713516235,0.6612563729286194
YDL135C,YDL139C,0,1.8052533,0.12267410755157471,0.9057899713516235,0.6613565683364868
YGR235C,YMR055C,0,1.8051918,0.12265780568122864,0.9057899713516235,0.6614567637443542
YBR061C,YIL103W,0,1.8049009,0.12264151126146317,0.9057899713516235,0.6615569591522217
YKL079W,YLR208W,0,1.8045876,0.12262521684169769,0.9057899713516235,0.6616571545600891
YPL013C,YFR040W,0,1.8042212,0.12260892987251282,0.9057899713516235,0.6617573499679565
YFR018C,YKL186C,0,1.8035216,0.12259264290332794,0.9057899713516235,0.661857545375824
YDR135C,YNL160W,0,1.8029568,0.12257636338472366,0.9057899713516235,0.6619577407836914
YOR247W,YOR140W,0,1.8028536,0.12256008386611938,0.9057899713516235,0.6620579361915588
YDL054C,YDR255C,0,1.8028159,0.1225438117980957,0.9057899713516235,0.6621580719947815
YMR309C,YLL053C,0,1.8027589,0.12252754718065262,0.9057899713516235,0.6622582674026489
YPR119W,YNL070W,0,1.8023441,0.12251128256320953,0.9057899713516235,0.6623584628105164
YGL086W,YBR084C-A,0,1.8021786,0.12249502539634705,0.9057899713516235,0.6624586582183838
YDR488C,YLR394W,0,1.8020117,0.12247876822948456,0.9057899713516235,0.6625588536262512
YIL064W,YER124C,0,1.8017256,0.12246251851320267,0.9057899713516235,0.6626590490341187
YDL126C,YDR528W,0,1.8007531,0.12244626879692078,0.9057899713516235,0.6627592444419861
YCL074W,YNL099C,0,1.8006294,0.12243003398180008,0.9057899713516235,0.6628594398498535
YGL245W,YIL159W,0,1.8006213,0.12241379171609879,0.9057899713516235,0.662959635257721
YKL035W,YGR278W,0,1.7999685,0.12239755690097809,0.9057899713516235,0.6630598306655884
YGR256W,YGR092W,0,1.7998779,0.12238132953643799,0.9057899713516235,0.6631600260734558
YHR091C,YGR033C,0,1.7998064,0.12236510962247849,0.9057899713516235,0.6632602214813232
YBR258C,YLL042C,0,1.799696,0.12234888970851898,0.9057899713516235,0.6633603572845459
YOR054C,YMR225C,0,1.7992558,0.12233266979455948,0.9057899713516235,0.6634605526924133
YOR375C,YJL154C,0,1.7985597,0.12231645733118057,0.9057899713516235,0.6635607481002808
YMR005W,YBR274W,0,1.7982523,0.12230025231838226,0.9057899713516235,0.6636609435081482
YLR234W,YBR167C,0,1.7972062,0.12228404730558395,0.9057899713516235,0.6637611389160156
YNL005C,YOL090W,0,1.7961829,0.12226784974336624,0.9057899713516235,0.6638613343238831
YDL010W,YDR256C,0,1.7956045,0.12225165218114853,0.9057899713516235,0.6639615297317505
YGR193C,YML059C,0,1.7953148,0.12223546206951141,0.9057899713516235,0.6640617251396179
YGR204W,YHR041C,0,1.7945685,0.1222192794084549,0.9057899713516235,0.6641619205474854
YPL164C,YMR049C,0,1.7937927,0.12220309674739838,0.9057899713516235,0.6642621159553528
YAL007C,YOR362C,0,1.7930458,0.12218692153692245,0.9057899713516235,0.6643623113632202
YPR181C,YBR265W,0,1.7920554,0.12217074632644653,0.9057899713516235,0.6644625067710876
YLR117C,YMR194W,0,1.7919316,0.12215457856655121,0.9057899713516235,0.6645626425743103
YDL160C,YDR389W,0,1.7903523,0.12213841825723648,0.9057899713516235,0.6646628379821777
YHL006C,YDR214W,0,1.7902892,0.12212225794792175,0.9057899713516235,0.6647630333900452
YNL173C,YLR390W,0,1.7902453,0.12210609763860703,0.9057899713516235,0.6648632287979126
YKR019C,YGR251W,0,1.7901165,0.1220899447798729,0.9057899713516235,0.66496342420578
YKL119C,YMR250W,0,1.7895799,0.12207379937171936,0.9057899713516235,0.6650636196136475
YNL123W,YBR203W,0,1.7894313,0.12205765396356583,0.9057899713516235,0.6651638150215149
YKL213C,YJL099W,0,1.7892461,0.12204151600599289,0.9057899713516235,0.6652640104293823
YPR020W,YBR102C,0,1.7890649,0.12202538549900055,0.9057899713516235,0.6653642058372498
YOL154W,YHR002W,0,1.7890315,0.12200925499200821,0.9057899713516235,0.6654644012451172
YDL014W,YPL032C,0,1.7889447,0.12199312448501587,0.9057899713516235,0.6655645966529846
YOL129W,YKL208W,0,1.7885447,0.12197700887918472,0.9057899713516235,0.665664792060852
YPL140C,YJR120W,0,1.7884555,0.12196088582277298,0.9057899713516235,0.6657649278640747
YPR162C,YPL217C,0,1.7876525,0.12194477766752243,0.9057899713516235,0.6658651232719421
YCR083W,YDR476C,0,1.7873235,0.12192866206169128,0.9057899713516235,0.6659653186798096
YLL019C,YKL160W,0,1.7867265,0.12191256135702133,0.9057899713516235,0.666065514087677
YER069W,YBR125C,0,1.7866254,0.12189646065235138,0.9057899713516235,0.6661657094955444
YBR120C,YLR216C,0,1.7865157,0.12188036739826202,0.9057899713516235,0.6662659049034119
YKL196C,YHL009C,0,1.7862566,0.12186427414417267,0.9057899713516235,0.6663661003112793
YML058W-A,YKR094C,1,1.7857952,0.1219801977276802,0.9067713618278503,0.6663661003112793
YPL221W,YGL175C,0,1.7855263,0.12196409702301025,0.9067713618278503,0.6664662957191467
YKL090W,YKL222C,0,1.7853866,0.1219480037689209,0.9067713618278503,0.6665664911270142
YBR195C,YAL001C,0,1.7847717,0.12193191051483154,0.9067713618278503,0.6666666865348816
YMR146C,YBL085W,0,1.7846384,0.12191581726074219,0.9067713618278503,0.666766881942749
YBR183W,YGR204W,0,1.7845695,0.12189973890781403,0.9067713618278503,0.6668670177459717
YLR092W,YJL094C,0,1.7838264,0.12188365310430527,0.9067713618278503,0.6669672131538391
YML099C,YDL123W,0,1.7837193,0.1218675822019577,0.9067713618278503,0.6670674085617065
YPR173C,YHR083W,0,1.783499,0.12185151129961014,0.9067713618278503,0.667167603969574
YFR001W,YLR382C,0,1.783278,0.12183544039726257,0.9067713618278503,0.6672677993774414
YDR296W,YGL067W,0,1.782434,0.1218193769454956,0.9067713618278503,0.6673679947853088
YJL204C,YNR059W,0,1.7820959,0.12180332094430923,0.9067713618278503,0.6674681901931763
YPR004C,YDR079C-A,0,1.7817326,0.12178726494312286,0.9067713618278503,0.6675683856010437
YML098W,YPL137C,0,1.7815514,0.12177121639251709,0.9067713618278503,0.6676685810089111
YOR115C,YBL008W,0,1.781523,0.12175517529249191,0.9067713618278503,0.6677687764167786
YIL021W,YLR133W,0,1.7814162,0.12173912674188614,0.9067713618278503,0.667868971824646
YBR278W,YNR036C,0,1.7812176,0.12172309309244156,0.9067713618278503,0.6679691672325134
YER048C,YNL327W,0,1.7811596,0.12170705944299698,0.9067713618278503,0.6680693030357361
YLR301W,YBL011W,0,1.7807615,0.121691033244133,0.9067713618278503,0.6681694984436035
YER072W,YDR009W,0,1.7805717,0.12167500704526901,0.9067713618278503,0.668269693851471
YBR272C,YML130C,0,1.7805245,0.12165898829698563,0.9067713618278503,0.6683698892593384
YPL203W,YDR485C,0,1.7802808,0.12164296954870224,0.9067713618278503,0.6684700846672058
YPL152W,YMR272C,0,1.7802367,0.12162695825099945,0.9067713618278503,0.6685702800750732
YDR092W,YNL305C,0,1.7800863,0.12161094695329666,0.9067713618278503,0.6686704754829407
YJR014W,YJL035C,0,1.77952,0.12159494310617447,0.9067713618278503,0.6687706708908081
YDR434W,YDR381C-A,0,1.7794137,0.12157894670963287,0.9067713618278503,0.6688708662986755
YOR205C,YPR137W,0,1.779238,0.12156295031309128,0.9067713618278503,0.668971061706543
YOR064C,YGR185C,0,1.7790563,0.12154696136713028,0.9067713618278503,0.6690712571144104
YLR239C,YMR074C,0,1.7788932,0.12153097242116928,0.9067713618278503,0.6691714525222778
YLR131C,YBL113C,0,1.7787426,0.12151499092578888,0.9067713618278503,0.6692715883255005
YAL026C,YMR172W,0,1.7777586,0.12149901688098907,0.9067713618278503,0.6693717837333679
YER162C,YMR275C,0,1.7773561,0.12148304283618927,0.9067713618278503,0.6694719791412354
YDR451C,YHR141C,0,1.7771125,0.12146706879138947,0.9067713618278503,0.6695721745491028
YLR219W,YFL011W,0,1.7770026,0.12145110219717026,0.9067713618278503,0.6696723699569702
YML109W,YMR301C,0,1.776449,0.12143514305353165,0.9067713618278503,0.6697725653648376
YDR079C-A,YMR156C,1,1.7763879,0.12155058979988098,0.9077526926994324,0.6697725653648376
YFL057C,YHR058C,0,1.775697,0.12153462320566177,0.9077526926994324,0.6698727607727051
YFL001W,YPL005W,0,1.7754385,0.12151865661144257,0.9077526926994324,0.6699729561805725
YIL134W,YCL032W,0,1.7753386,0.12150269001722336,0.9077526926994324,0.6700731515884399
YML075C,YJL057C,0,1.7747798,0.12148673832416534,0.9077526926994324,0.6701733469963074
YPL273W,YDR322C-A,0,1.7739389,0.12147077918052673,0.9077526926994324,0.6702735424041748
YLR182W,YER137C-A,0,1.7738855,0.12145483493804932,0.9077526926994324,0.6703737378120422
YGR203W,YNL050C,0,1.7737088,0.1214388832449913,0.9077526926994324,0.6704738736152649
YJL095W,YAL040C,0,1.7734523,0.12142294645309448,0.9077526926994324,0.6705740690231323
YNL123W,YOL068C,0,1.7734451,0.12140700966119766,0.9077526926994324,0.6706742644309998
YDL039C,YNL169C,0,1.7732294,0.12139107286930084,0.9077526926994324,0.6707744598388672
YOR187W,YDR371W,0,1.7723298,0.12137515097856522,0.9077526926994324,0.6708746552467346
YBR161W,YPR199C,0,1.7718828,0.12135922163724899,0.9077526926994324,0.670974850654602
YER145C,YBR139W,0,1.7718701,0.12134329974651337,0.9077526926994324,0.6710750460624695
YNL288W,YER016W,0,1.7717159,0.12132738530635834,0.9077526926994324,0.6711752414703369
YKR056W,YHR081W,1,1.7714031,0.12144262343645096,0.9087340235710144,0.6711752414703369
YOR156C,YKL208W,0,1.7713938,0.12142670154571533,0.9087340235710144,0.6712754368782043
YEL037C,YFL039C,1,1.7712941,0.12154188752174377,0.9097154140472412,0.6712754368782043
YDR221W,YCL026C-B,0,1.7712417,0.12152595818042755,0.9097154140472412,0.6713756322860718
YER109C,YJL078C,0,1.7710185,0.12151002883911133,0.9097154140472412,0.6714758276939392
YBR003W,YJL083W,0,1.7708511,0.1214940994977951,0.9097154140472412,0.6715760231018066
YJR105W,YCR073C,0,1.7701561,0.12147817760705948,0.9097154140472412,0.6716761589050293
YLR196W,YIL075C,0,1.7700474,0.12146226316690445,0.9097154140472412,0.6717763543128967
YDR122W,YDR292C,0,1.7686663,0.12144634872674942,0.9097154140472412,0.6718765497207642
YML073C,YML078W,0,1.7686598,0.12143044173717499,0.9097154140472412,0.6719767451286316
YKR056W,YGL125W,0,1.7681935,0.12141453474760056,0.9097154140472412,0.672076940536499
YDR451C,YPR105C,0,1.767663,0.12139863520860672,0.9097154140472412,0.6721771359443665
YER102W,YDR140W,0,1.7674766,0.12138274312019348,0.9097154140472412,0.6722773313522339
YIR022W,YOR118W,0,1.7668056,0.12136685103178024,0.9097154140472412,0.6723775267601013
YFL033C,YDL215C,0,1.7666361,0.121350958943367,0.9097154140472412,0.6724777221679688
YLR278C,YPL011C,0,1.766326,0.12133508175611496,0.9097154140472412,0.6725779175758362
YHR039C-A,YPL042C,0,1.7659729,0.12131919711828232,0.9097154140472412,0.6726781129837036
YDR235W,YOR275C,0,1.7657833,0.12130332738161087,0.9097154140472412,0.672778308391571
YHR142W,YKR024C,0,1.7656898,0.12128745019435883,0.9097154140472412,0.6728784441947937
YDL124W,YOR267C,0,1.7655053,0.12127158790826797,0.9097154140472412,0.6729786396026611
YPR198W,YDL198C,0,1.764962,0.12125572562217712,0.9097154140472412,0.6730788350105286
YDL078C,YPL045W,0,1.7646341,0.12123986333608627,0.9097154140472412,0.673179030418396
YIR035C,YGR244C,0,1.7645063,0.12122400850057602,0.9097154140472412,0.6732792258262634
YGR246C,YGR023W,0,1.764497,0.12120816111564636,0.9097154140472412,0.6733794212341309
YBR106W,YNL323W,0,1.7643039,0.1211923137307167,0.9097154140472412,0.6734796166419983
YLL024C,YPL100W,0,1.7642279,0.12117647379636765,0.9097154140472412,0.6735798120498657
YJL001W,YDR019C,0,1.7629635,0.12116063386201859,0.9097154140472412,0.6736800074577332
YHR001W-A,YGL020C,0,1.7628498,0.12114480137825012,0.9097154140472412,0.6737802028656006
YBL016W,YDL156W,0,1.7626388,0.12112896889448166,0.9097154140472412,0.673880398273468
YDR173C,YBR021W,0,1.7622979,0.12111314386129379,0.9097154140472412,0.6739805340766907
YPL189W,YOR207C,0,1.7622738,0.12109731882810593,0.9097154140472412,0.6740807294845581
YML029W,YJL071W,0,1.7617259,0.12108150124549866,0.9097154140472412,0.6741809248924255
YER049W,YNL316C,0,1.7615802,0.12106569111347198,0.9097154140472412,0.674281120300293
YKR028W,YBR104W,0,1.761569,0.12104988098144531,0.9097154140472412,0.6743813157081604
YOR147W,YGL209W,0,1.7615569,0.12103407829999924,0.9097154140472412,0.6744815111160278
YNL307C,YNL136W,1,1.7608514,0.12114882469177246,0.9106967449188232,0.6744815111160278
YNR049C,YJL026W,0,1.7598145,0.12113301455974579,0.9106967449188232,0.6745817065238953
YBR155W,YER137C,0,1.7597024,0.12111720442771912,0.9106967449188232,0.6746819019317627
YML032C,YBL089W,0,1.7593443,0.12110139429569244,0.9106967449188232,0.6747820973396301
YBL005W-B,YDR210W,0,1.759296,0.12108559161424637,0.9106967449188232,0.6748822927474976
YPL013C,YOL126C,0,1.7589161,0.12106979638338089,0.9106967449188232,0.674982488155365
YNL287W,YBL036C,0,1.758867,0.12105400115251541,0.9106967449188232,0.6750826835632324
YEL005C,YBR244W,0,1.7588499,0.12103821337223053,0.9106967449188232,0.6751828193664551
YAR071W,YLR386W,0,1.7587509,0.12102243304252625,0.9106967449188232,0.6752830147743225
YKL176C,YGR074W,0,1.7583256,0.12100665271282196,0.9106967449188232,0.6753832101821899
YOR291W,YDR365C,0,1.7578528,0.12099087238311768,0.9106967449188232,0.6754834055900574
YHR209W,YOR022C,0,1.7578418,0.12097509950399399,0.9106967449188232,0.6755836009979248
YOR202W,YJL074C,0,1.7575791,0.1209593340754509,0.9106967449188232,0.6756837964057922
YGR211W,YML021C,0,1.7571383,0.1209435686469078,0.9106967449188232,0.6757839918136597
YGL012W,YML072C,0,1.7571251,0.12092781066894531,0.9106967449188232,0.6758841872215271
YNL236W,YML075C,0,1.7570324,0.12091205269098282,0.9106967449188232,0.6759843826293945
YDR496C,YLR064W,0,1.7565651,0.12089630216360092,0.9106967449188232,0.676084578037262
YGR224W,YPR145W,0,1.7557259,0.12088055163621902,0.9106967449188232,0.6761847734451294
YNL283C,YOL144W,0,1.7538967,0.12086480855941772,0.9106967449188232,0.6762849688529968
YGL180W,YLR089C,0,1.7534716,0.12084906548261642,0.9106967449188232,0.6763851046562195
YBR173C,YEL039C,0,1.7529628,0.12083332985639572,0.9106967449188232,0.6764853000640869
YBR093C,YMR135C,0,1.7527003,0.12081760168075562,0.9106967449188232,0.6765854954719543
YHR079C,YOR032C,0,1.7526643,0.12080187350511551,0.9106967449188232,0.6766856908798218
YDL133C-A,YHR051W,0,1.7525795,0.120786152780056,0.9106967449188232,0.6767858862876892
YDL097C,YPR020W,0,1.7523985,0.12077043205499649,0.9106967449188232,0.6768860816955566
YJR040W,YIL107C,0,1.7520185,0.12075471878051758,0.9106967449188232,0.6769862771034241
YIL123W,YNR006W,0,1.7513516,0.12073900550603867,0.9106967449188232,0.6770864725112915
YLR197W,YDR517W,0,1.7509997,0.12072329968214035,0.9106967449188232,0.6771866679191589
YPR163C,YOL124C,0,1.7501547,0.12070759385824203,0.9106967449188232,0.6772868633270264
YJL197W,YER155C,0,1.7499235,0.12069189548492432,0.9106967449188232,0.6773870587348938
YIL130W,YPR159W,0,1.7499144,0.1206762045621872,0.9106967449188232,0.6774872541427612
YJL139C,YLR368W,0,1.7498889,0.12066051363945007,0.9106967449188232,0.6775873899459839
YIL107C,YNR048W,0,1.7497458,0.12064482271671295,0.9106967449188232,0.6776875853538513
YNL053W,YGL216W,0,1.7497096,0.12062914669513702,0.9106967449188232,0.6777877807617188
YGL158W,YOL155C,0,1.7496419,0.1206134632229805,0.9106967449188232,0.6778879761695862
YPL137C,YDR508C,0,1.7490752,0.12059778720140457,0.9106967449188232,0.6779881715774536
YDL240W,YNL214W,0,1.7489321,0.12058211863040924,0.9106967449188232,0.678088366985321
YDL092W,YFR042W,0,1.7488618,0.1205664575099945,0.9106967449188232,0.6781885623931885
YMR296C,YEL047C,0,1.748595,0.12055078893899918,0.9106967449188232,0.6782887578010559
YOR034C,YBR233W-A,0,1.7479656,0.12053513526916504,0.9106967449188232,0.6783889532089233
YOR284W,YAR002C-A,0,1.7479107,0.1205194815993309,0.9106967449188232,0.6784891486167908
YNL264C,YNL067W,0,1.7478096,0.12050382792949677,0.9106967449188232,0.6785893440246582
YDL245C,YMR293C,0,1.7477407,0.12048818171024323,0.9106967449188232,0.6786895394325256
YMR116C,YGL201C,0,1.747622,0.12047254294157028,0.9106967449188232,0.6787896752357483
YDR498C,YLR216C,0,1.747314,0.12045690417289734,0.9106967449188232,0.6788898706436157
YHR204W,YER001W,0,1.7472959,0.12044127285480499,0.9106967449188232,0.6789900660514832
YBR192W,YNR026C,0,1.7464652,0.12042564153671265,0.9106967449188232,0.6790902614593506
YLR363C,YJL181W,0,1.7460127,0.1204100176692009,0.9106967449188232,0.679190456867218
YER154W,YHR085W,0,1.745044,0.12039439380168915,0.9106967449188232,0.6792906522750854
YNL095C,YNL183C,0,1.7447271,0.120378777384758,0.9106967449188232,0.6793908476829529
YNL014W,YLR347C,0,1.7445903,0.12036316841840744,0.9106967449188232,0.6794910430908203
YDR527W,YLR452C,0,1.7437227,0.12034755200147629,0.9106967449188232,0.6795912384986877
YGL243W,YLR208W,0,1.7430952,0.12033195048570633,0.9106967449188232,0.6796914339065552
YDL107W,YOR106W,0,1.7428176,0.12031634896993637,0.9106967449188232,0.6797916293144226
YOR095C,YCR020W-B,0,1.7424061,0.12030075490474701,0.9106967449188232,0.6798917651176453
YLL066C,YDL181W,0,1.7420712,0.12028516083955765,0.9106967449188232,0.6799919605255127
YDR541C,YCR008W,0,1.7420528,0.12026956677436829,0.9106967449188232,0.6800921559333801
YLR028C,YDL160C,0,1.7419965,0.12025398761034012,0.9106967449188232,0.6801923513412476
YOL038W,YGR044C,0,1.7418115,0.12023840099573135,0.9106967449188232,0.680292546749115
YBR114W,YGR013W,0,1.7417684,0.12022282928228378,0.9106967449188232,0.6803927421569824
YBR268W,YGR121C,0,1.741173,0.12020725756883621,0.9106967449188232,0.6804929375648499
YOR382W,YBL027W,0,1.741049,0.12019168585538864,0.9106967449188232,0.6805931329727173
YDR207C,YDL170W,0,1.7409229,0.12017612159252167,0.9106967449188232,0.6806933283805847
YDR019C,YPL050C,0,1.7404454,0.1201605573296547,0.9106967449188232,0.6807935237884521
YHR108W,YOR153W,0,1.7400405,0.12014500051736832,0.9106967449188232,0.6808937191963196
YBR186W,YLR347C,0,1.7398922,0.12012945115566254,0.9106967449188232,0.680993914604187
YDR323C,YDL044C,0,1.7394457,0.12011390179395676,0.9106967449188232,0.6810940504074097
YER098W,YJL172W,0,1.7394252,0.12009835988283157,0.9106967449188232,0.6811942458152771
YKR007W,YML014W,0,1.7391143,0.12008281797170639,0.9106967449188232,0.6812944412231445
YLR353W,YNL134C,0,1.7389014,0.12006727606058121,0.9106967449188232,0.681394636631012
YMR075W,YOR236W,0,1.7387912,0.12005174905061722,0.9106967449188232,0.6814948320388794
YIL008W,YJL104W,0,1.738375,0.12003621459007263,0.9106967449188232,0.6815950274467468
YDL039C,YER185W,0,1.7382648,0.12002069503068924,0.9106967449188232,0.6816952228546143
YBR054W,YBR038W,0,1.7382147,0.12000517547130585,0.9106967449188232,0.6817954182624817
YIL095W,YGR254W,0,1.7382143,0.11998965591192245,0.9106967449188232,0.6818956136703491
YBR208C,YMR169C,0,1.7381332,0.11997414380311966,0.9106967449188232,0.6819958090782166
YGR288W,YOL155C,0,1.7374654,0.11995863169431686,0.9106967449188232,0.682096004486084
YMR241W,YLR022C,0,1.7374406,0.11994312703609467,0.9106967449188232,0.6821961998939514
YPL227C,YCR026C,0,1.7370765,0.11992762982845306,0.9106967449188232,0.6822963356971741
YJR112W,YDR168W,0,1.7366133,0.11991213262081146,0.9106967449188232,0.6823965311050415
YOL070C,YDR381C-A,0,1.736454,0.11989664286375046,0.9106967449188232,0.6824967265129089
YGL150C,YGL187C,0,1.7364535,0.11988115310668945,0.9106967449188232,0.6825969219207764
YIL010W,YPL001W,0,1.7356095,0.11986567080020905,0.9106967449188232,0.6826971173286438
YBR167C,YHR014W,0,1.7354941,0.11985018849372864,0.9106967449188232,0.6827973127365112
YMR243C,YLR324W,0,1.7354841,0.11983471363782883,0.9106967449188232,0.6828975081443787
YMR213W,YGR023W,0,1.7354672,0.11981923878192902,0.9106967449188232,0.6829977035522461
YOR329C,YGL012W,0,1.7354147,0.1198037713766098,0.9106967449188232,0.6830978989601135
YJR149W,YNR035C,0,1.7354085,0.11978830397129059,0.9106967449188232,0.683198094367981
YMR143W,YLR347C,0,1.7352912,0.11977284401655197,0.9106967449188232,0.6832982897758484
YIL007C,YOR103C,0,1.7347126,0.11975739151239395,0.9106967449188232,0.6833984851837158
YDR316W,YJL112W,0,1.7346878,0.11974193900823593,0.9106967449188232,0.6834986209869385
YOR100C,YKR068C,0,1.7344935,0.11972648650407791,0.9106967449188232,0.6835988163948059
YBR282W,YOR119C,0,1.7341537,0.11971104145050049,0.9106967449188232,0.6836990118026733
YJR112W,YOR178C,0,1.7340536,0.11969560384750366,0.9106967449188232,0.6837992072105408
YIR003W,YKL038W,0,1.7340415,0.11968016624450684,0.9106967449188232,0.6838994026184082
YPL046C,YNR057C,0,1.734021,0.1196647360920906,0.9106967449188232,0.6839995980262756
YHR007C,YDR384C,0,1.7332885,0.11964930593967438,0.9106967449188232,0.6840997934341431
YLR431C,YAR050W,0,1.7330835,0.11963387578725815,0.9106967449188232,0.6841999888420105
YJL011C,YFR040W,0,1.7329435,0.11961846053600311,0.9106967449188232,0.6843001842498779
YGR070W,YMR053C,0,1.7327468,0.11960304528474808,0.9106967449188232,0.6844003796577454
YNL094W,YBR204C,0,1.732652,0.11958763003349304,0.9106967449188232,0.6845005750656128
YIL042C,YOR032C,0,1.7325277,0.1195722222328186,0.9106967449188232,0.6846007704734802
YOR049C,YLR067C,0,1.7324305,0.11955681443214417,0.9106967449188232,0.6847009062767029
YGL255W,YMR308C,0,1.7322333,0.11954141408205032,0.9106967449188232,0.6848011016845703
YGR169C,YEL070W,0,1.7321284,0.11952602118253708,0.9106967449188232,0.6849012970924377
YHR098C,YLR005W,0,1.7321193,0.11951062828302383,0.9106967449188232,0.6850014925003052
YER090W,YLR442C,0,1.7317197,0.11949523538351059,0.9106967449188232,0.6851016879081726
YNL064C,YGR296W,0,1.7312543,0.11947984993457794,0.9106967449188232,0.68520188331604
YHR050W,YAR066W,0,1.730119,0.11946447193622589,0.9106967449188232,0.6853020787239075
YKL213C,YLR026C,0,1.7294574,0.11944909393787384,0.9106967449188232,0.6854022741317749
YBR288C,YKR088C,0,1.7293558,0.11943371593952179,0.9106967449188232,0.6855024695396423
YGL200C,YIL038C,0,1.7288306,0.11941835284233093,0.9106967449188232,0.6856026649475098
YOR279C,YOR020C,0,1.7284448,0.11940298229455948,0.9106967449188232,0.6857028603553772
YML109W,YER017C,0,1.7280879,0.11938762664794922,0.9106967449188232,0.6858029961585999
YMR167W,YMR201C,1,1.72754,0.11950089782476425,0.91167813539505,0.6858029961585999
YGL061C,YBR039W,0,1.7272983,0.1194855272769928,0.91167813539505,0.6859031915664673
YML014W,YCR093W,0,1.7266371,0.11947016417980194,0.91167813539505,0.6860033869743347
YBR091C,YDR261C,0,1.7261899,0.11945480108261108,0.91167813539505,0.6861035823822021
YLL066C,YDR145W,0,1.7248051,0.11943944543600082,0.91167813539505,0.6862037777900696
YIL044C,YLR336C,0,1.7246294,0.11942408978939056,0.91167813539505,0.686303973197937
YGR068C,YIL050W,0,1.7239382,0.1194087415933609,0.91167813539505,0.6864041686058044
YPL112C,YKL061W,0,1.7232828,0.11939339339733124,0.91167813539505,0.6865043640136719
YAR014C,YBR086C,0,1.7229891,0.11937805265188217,0.91167813539505,0.6866045594215393
YKL216W,YPL241C,0,1.7226758,0.1193627119064331,0.91167813539505,0.6867047548294067
YDL124W,YBR257W,0,1.7225826,0.11934737861156464,0.91167813539505,0.6868049502372742
YIL154C,YDR264C,0,1.7225392,0.11933204531669617,0.91167813539505,0.6869051456451416
YML092C,YLL012W,0,1.7219379,0.1193167194724083,0.91167813539505,0.6870052814483643
YJL087C,YCL019W,0,1.721302,0.11930140107870102,0.91167813539505,0.6871054768562317
YMR173W,YPL204W,1,1.7210805,0.11941448599100113,0.9126594662666321,0.6871054768562317
YKR044W,YPL021W,0,1.7202041,0.11939915269613266,0.9126594662666321,0.6872056722640991
YBR028C,YDR254W,0,1.7192395,0.11938382685184479,0.9126594662666321,0.6873058676719666
YNL139C,YBR253W,0,1.7189627,0.11936850100755692,0.9126594662666321,0.687406063079834
YDL209C,YAL009W,0,1.7179613,0.11935318261384964,0.9126594662666321,0.6875062584877014
YGR192C,YJL095W,0,1.7177124,0.11933786422014236,0.9126594662666321,0.6876064538955688
YKL006C-A,YJR064W,0,1.7173147,0.11932255327701569,0.9126594662666321,0.6877066493034363
YGR229C,YPR162C,0,1.7172334,0.1193072497844696,0.9126594662666321,0.6878068447113037
YKL051W,YPR055W,0,1.7169361,0.11929194629192352,0.9126594662666321,0.6879070401191711
YMR291W,YKR028W,0,1.7167027,0.11927664279937744,0.9126594662666321,0.6880072355270386
YNR032W,YLR447C,0,1.7164524,0.11926134675741196,0.9126594662666321,0.688107430934906
YDR006C,YDL029W,0,1.7156355,0.11924605816602707,0.9126594662666321,0.6882075667381287
YHR008C,YER028C,0,1.7155614,0.11923076957464218,0.9126594662666321,0.6883077621459961
YNL307C,YOL072W,1,1.7155218,0.11934367567300797,0.9136407971382141,0.6883077621459961
YNL024C,YEL034W,0,1.7147901,0.11932837963104248,0.9136407971382141,0.6884079575538635
YDR147W,YEL048C,0,1.7143662,0.119313083589077,0.9136407971382141,0.688508152961731
YLR043C,YMR305C,0,1.7142918,0.11929779499769211,0.9136407971382141,0.6886083483695984
YNL241C,YDL028C,0,1.7141256,0.11928251385688782,0.9136407971382141,0.6887085437774658
YPR007C,YML006C,0,1.7140384,0.11926723271608353,0.9136407971382141,0.6888087391853333
YNL294C,YHR142W,0,1.7134423,0.11925195157527924,0.9136407971382141,0.6889089345932007
YPL105C,YPL241C,0,1.7131286,0.11923667788505554,0.9136407971382141,0.6890091300010681
YMR013C,YNL251C,0,1.7128229,0.11922141164541245,0.9136407971382141,0.6891093254089355
YGR276C,YOL054W,0,1.7123895,0.11920614540576935,0.9136407971382141,0.689209520816803
YER072W,YBL029C-A,0,1.7123804,0.11919088661670685,0.9136407971382141,0.6893097162246704
YER031C,YOR275C,0,1.7122691,0.11917562782764435,0.9136407971382141,0.6894098520278931
YNL259C,YMR008C,0,1.7120476,0.11916037648916245,0.9136407971382141,0.6895100474357605
YNL026W,YGL234W,0,1.7118931,0.11914512515068054,0.9136407971382141,0.6896102428436279
YPL181W,YDL201W,0,1.7118223,0.11912988126277924,0.9136407971382141,0.6897104382514954
YLL052C,YDR494W,0,1.7114894,0.11911463737487793,0.9136407971382141,0.6898106336593628
YGR038W,YHR060W,0,1.7110455,0.11909940093755722,0.9136407971382141,0.6899108290672302
YDR377W,YFR044C,0,1.7110262,0.11908416450023651,0.9136407971382141,0.6900110244750977
YOR355W,YDR079C-A,0,1.7098544,0.1190689355134964,0.9136407971382141,0.6901112198829651
YBR272C,YNL267W,0,1.7090836,0.11905370652675629,0.9136407971382141,0.6902114152908325
YDR513W,YDL044C,0,1.708678,0.11903848499059677,0.9136407971382141,0.6903116106987
YNL073W,YPL001W,0,1.7083948,0.11902327090501785,0.9136407971382141,0.6904118061065674
YDR432W,YJL115W,0,1.707478,0.11900805681943893,0.9136407971382141,0.6905120015144348
YLR189C,YDR171W,0,1.7071033,0.11899284273386002,0.9136407971382141,0.6906121373176575
YNL016W,YPL239W,0,1.7070246,0.1189776360988617,0.9136407971382141,0.6907123327255249
YNL246W,YER162C,1,1.7068598,0.11909021437168121,0.9146221876144409,0.6907123327255249
YGR142W,YMR009W,0,1.7062471,0.1190750002861023,0.9146221876144409,0.6908125281333923
YDL155W,YHR001W-A,0,1.7061415,0.11905978620052338,0.9146221876144409,0.6909127235412598
YLR342W,YBR136W,0,1.7057629,0.11904457956552505,0.9146221876144409,0.6910129189491272
YKR044W,YER001W,0,1.7056742,0.11902937293052673,0.9146221876144409,0.6911131143569946
YOL093W,YER157W,0,1.7055943,0.11901417374610901,0.9146221876144409,0.6912133097648621
YJR161C,YBL068W,0,1.7054539,0.11899898201227188,0.9146221876144409,0.6913135051727295
YOR157C,YGR142W,0,1.7052956,0.11898378282785416,0.9146221876144409,0.6914137005805969
YDR444W,YOL075C,0,1.7043622,0.11896859854459763,0.9146221876144409,0.6915138959884644
YGR181W,YMR175W,0,1.7038743,0.1189534142613411,0.9146221876144409,0.6916140913963318
YJL035C,YPL118W,0,1.7036817,0.11893823742866516,0.9146221876144409,0.6917142868041992
YIL066C,YPL213W,0,1.7033665,0.11892306059598923,0.9146221876144409,0.6918144226074219
YKL193C,YPL015C,0,1.7033603,0.1189078837633133,0.9146221876144409,0.6919146180152893
YJR088C,YKR003W,0,1.7030969,0.11889271438121796,0.9146221876144409,0.6920148134231567
YGL093W,YJL096W,0,1.7028484,0.11887755244970322,0.9146221876144409,0.6921150088310242
YCR071C,YGL099W,0,1.7028162,0.11886239051818848,0.9146221876144409,0.6922152042388916
YOR321W,YBL100W-A,0,1.7022188,0.11884723603725433,0.9146221876144409,0.692315399646759
YNR067C,YPR180W,0,1.7014453,0.11883208155632019,0.9146221876144409,0.6924155950546265
YKL190W,YGR280C,0,1.7013662,0.11881692707538605,0.9146221876144409,0.6925157904624939
YGL244W,YIL135C,0,1.701175,0.1188017874956131,0.9146221876144409,0.6926159858703613
YJL083W,YLR295C,0,1.7011263,0.11878664046525955,0.9146221876144409,0.6927161812782288
YLR019W,YPL265W,0,1.7010345,0.1187715083360672,0.9146221876144409,0.6928163766860962
YLR132C,YAL059W,0,1.7009809,0.11875636875629425,0.9146221876144409,0.6929165124893188
YJL154C,YJR067C,0,1.7007504,0.1187412440776825,0.9146221876144409,0.6930167078971863
YLL036C,YKL025C,1,1.7004695,0.11885350197553635,0.915603518486023,0.6930167078971863
YNL247W,YKL002W,0,1.700362,0.1188383623957634,0.915603518486023,0.6931169033050537
YLR265C,YHR081W,1,1.7001576,0.11895058304071426,0.9165849089622498,0.6931169033050537
YCR102C,YGR030C,0,1.6996288,0.11893543601036072,0.9165849089622498,0.6932170987129211
YNL286W,YHR142W,0,1.699285,0.11892029643058777,0.9165849089622498,0.6933172941207886
YGL134W,YLR160C,0,1.6992011,0.11890515685081482,0.9165849089622498,0.693417489528656
YML098W,YOR018W,0,1.6984544,0.11889001727104187,0.9165849089622498,0.6935176849365234
YDR345C,YIL018W,0,1.6970291,0.11887488514184952,0.9165849089622498,0.6936178803443909
YJL074C,YPL115C,0,1.6964715,0.11885976046323776,0.9165849089622498,0.6937180757522583
YAL016W,YGR034W,0,1.6964564,0.11884463578462601,0.9165849089622498,0.6938182711601257
YOL051W,YPR091C,0,1.6961534,0.11882951855659485,0.9165849089622498,0.6939184665679932
YCL038C,YBR236C,0,1.6958377,0.11881440132856369,0.9165849089622498,0.6940186619758606
YDR195W,YPR131C,0,1.6956973,0.11879928410053253,0.9165849089622498,0.6941187977790833
YHR096C,YPR125W,0,1.6956203,0.11878418177366257,0.9165849089622498,0.6942189931869507
YOR147W,YIL033C,0,1.6955142,0.118769071996212,0.9165849089622498,0.6943191885948181
YLR117C,YDL055C,0,1.695379,0.11875396966934204,0.9165849089622498,0.6944193840026855
YDL200C,YPL164C,1,1.6951706,0.11886600404977798,0.9175662398338318,0.6944193840026855
YKL064W,YMR113W,0,1.6949325,0.11885089427232742,0.9175662398338318,0.694519579410553
YOR202W,YPL215W,0,1.6949117,0.11883579194545746,0.9175662398338318,0.6946197748184204
YJR049C,YBR102C,0,1.6942608,0.1188206896185875,0.9175662398338318,0.6947199702262878
YMR267W,YHR185C,0,1.6932907,0.11880558729171753,0.9175662398338318,0.6948201656341553
YGL170C,YNL076W,0,1.6920166,0.11879049986600876,0.9175662398338318,0.6949203610420227
YOR355W,YDR369C,0,1.6914275,0.11877540498971939,0.9175662398338318,0.6950205564498901
YCL038C,YBR102C,0,1.691385,0.11876031756401062,0.9175662398338318,0.6951207518577576
YJR078W,YLR417W,0,1.6913648,0.11874523758888245,0.9175662398338318,0.695220947265625
YBR084C-A,YNL290W,0,1.691289,0.11873015761375427,0.9175662398338318,0.6953210830688477
YLR297W,YLR284C,0,1.691031,0.1187150850892067,0.9175662398338318,0.6954212784767151
YOL095C,YDR224C,1,1.6904497,0.1188269630074501,0.9185475707054138,0.6954212784767151
YDL171C,YJR129C,0,1.6903589,0.11881188303232193,0.9185475707054138,0.6955214738845825
YGL013C,YHL034C,0,1.6901066,0.11879680305719376,0.9185475707054138,0.69562166929245
YNL117W,YDL076C,0,1.6894622,0.11878172308206558,0.9185475707054138,0.6957218647003174
YER060W-A,YKL196C,0,1.6893547,0.118766650557518,0.9185475707054138,0.6958220601081848
YOR141C,YJR078W,0,1.6891251,0.11875158548355103,0.9185475707054138,0.6959222555160522
YMR161W,YKR103W,0,1.6882544,0.11873652040958405,0.9185475707054138,0.6960224509239197
YJL127C,YCR066W,1,1.6875415,0.1188483014702797,0.9195289611816406,0.6960224509239197
YHL028W,YPL183W-A,0,1.6873777,0.11883322894573212,0.9195289611816406,0.6961226463317871
YMR154C,YER058W,0,1.6873493,0.11881815642118454,0.9195289611816406,0.6962228417396545
YLR047C,YKL080W,0,1.6868365,0.11880309134721756,0.9195289611816406,0.696323037147522
YDR041W,YLL039C,0,1.6867526,0.11878803372383118,0.9195289611816406,0.6964232325553894
YBR119W,YOR049C,0,1.6863158,0.1187729761004448,0.9195289611816406,0.6965233683586121
YJR002W,YIL079C,0,1.6860495,0.11875791847705841,0.9195289611816406,0.6966235637664795
YBR039W,YMR072W,0,1.6860273,0.11874286830425262,0.9195289611816406,0.6967237591743469
YKL112W,YBR107C,0,1.6859279,0.11872782558202744,0.9195289611816406,0.6968239545822144
YDR104C,YER017C,0,1.6859238,0.11871278285980225,0.9195289611816406,0.6969241499900818
YFL062W,YDL044C,0,1.6859033,0.11869774758815765,0.9195289611816406,0.6970243453979492
YDR076W,YOR194C,0,1.6857698,0.11868271231651306,0.9195289611816406,0.6971245408058167
YPL104W,YPR200C,0,1.6857095,0.11866767704486847,0.9195289611816406,0.6972247362136841
YKL085W,YPR154W,0,1.6848507,0.11865264922380447,0.9195289611816406,0.6973249316215515
YML030W,YGR211W,0,1.6845677,0.11863762885332108,0.9195289611816406,0.697425127029419
YNL329C,YPR163C,0,1.6842632,0.11862260848283768,0.9195289611816406,0.6975253224372864
YDL122W,YDR414C,0,1.6838801,0.11860759556293488,0.9195289611816406,0.6976255178451538
YDR404C,YMR225C,0,1.6837633,0.11859258264303207,0.9195289611816406,0.6977256536483765
YJL192C,YBR038W,0,1.6833079,0.11857757717370987,0.9195289611816406,0.6978258490562439
YLR300W,YJR107W,0,1.6832998,0.11856257170438766,0.9195289611816406,0.6979260444641113
YGL179C,YKL013C,0,1.6831264,0.11854757368564606,0.9195289611816406,0.6980262398719788
YDL236W,YJL029C,0,1.6830642,0.11853257566690445,0.9195289611816406,0.6981264352798462
YLR022C,YGR055W,0,1.6829298,0.11851758509874344,0.9195289611816406,0.6982266306877136
YOR320C,YML110C,0,1.6828737,0.11850259453058243,0.9195289611816406,0.698326826095581
YDL092W,YLR009W,0,1.6824443,0.11848760396242142,0.9195289611816406,0.6984270215034485
YHR096C,YOL132W,0,1.6818757,0.1184726282954216,0.9195289611816406,0.6985272169113159
YML058W-A,YJL155C,0,1.6818361,0.11845764517784119,0.9195289611816406,0.6986274123191833
YER058W,YJL171C,0,1.6817133,0.11844267696142197,0.9195289611816406,0.6987276077270508
YBR191W,YMR280C,0,1.6809158,0.11842770129442215,0.9195289611816406,0.6988277435302734
YDR200C,YMR304W,0,1.6799839,0.11841274052858353,0.9195289611816406,0.6989279389381409
YLR278C,YMR106C,0,1.679487,0.1183977797627449,0.9195289611816406,0.6990281343460083
YGL032C,YPR194C,0,1.679193,0.11838281899690628,0.9195289611816406,0.6991283297538757
YMR244C-A,YDR322C-A,0,1.6790736,0.11836786568164825,0.9195289611816406,0.6992285251617432
YDR449C,YNL048W,0,1.6788881,0.11835291236639023,0.9195289611816406,0.6993287205696106
YOR109W,YLR130C,0,1.6785266,0.1183379665017128,0.9195289611816406,0.699428915977478
YGR017W,YDL135C,0,1.6784143,0.11832302063703537,0.9195289611816406,0.6995291113853455
YAL022C,YNL224C,0,1.6783578,0.11830808222293854,0.9195289611816406,0.6996293067932129
YLR223C,YDR216W,0,1.677834,0.1182931438088417,0.9195289611816406,0.6997295022010803
YLR182W,YML014W,0,1.677757,0.11827821284532547,0.9195289611816406,0.6998296976089478
YCL048W,YKL182W,0,1.6775527,0.11826328188180923,0.9195289611816406,0.6999298930168152
YGR239C,YPL005W,0,1.6770737,0.1182483583688736,0.9195289611816406,0.7000300288200378
YNR018W,YPR066W,0,1.6763599,0.11823343485593796,0.9195289611816406,0.7001302242279053
YGR027C,YGR280C,0,1.6762917,0.11821851879358292,0.9195289611816406,0.7002304196357727
YJL024C,YLL018C-A,0,1.6762283,0.11820361018180847,0.9195289611816406,0.7003306150436401
YHR174W,YBR141C,0,1.6762159,0.11818870157003403,0.9195289611816406,0.7004308104515076
YGR257C,YPL228W,0,1.6760564,0.11817379295825958,0.9195289611816406,0.700531005859375
YDR155C,YHR201C,0,1.6760101,0.11815889179706573,0.9195289611816406,0.7006312012672424
YER062C,YER046W,0,1.6758587,0.11814399063587189,0.9195289611816406,0.7007313966751099
YHR072W,YEL070W,0,1.6752639,0.11812909692525864,0.9195289611816406,0.7008315920829773
YLR388W,YKL188C,0,1.6752579,0.11811420321464539,0.9195289611816406,0.7009317874908447
YBR086C,YLL018C,0,1.6752062,0.11809931695461273,0.9195289611816406,0.7010319828987122
YOR351C,YJL216C,0,1.6740346,0.11808443814516068,0.9195289611816406,0.7011321783065796
YPL055C,YDL139C,0,1.6739612,0.11806955933570862,0.9195289611816406,0.7012323141098022
YFL017W-A,YJL192C,0,1.6739111,0.11805468052625656,0.9195289611816406,0.7013325095176697
YMR046C,YOR301W,0,1.673707,0.1180398091673851,0.9195289611816406,0.7014327049255371
YER040W,YPL029W,0,1.673183,0.11802493780851364,0.9195289611816406,0.7015329003334045
YNL037C,YJR053W,0,1.6730862,0.11801007390022278,0.9195289611816406,0.701633095741272
YNR063W,YOL070C,0,1.6730466,0.11799521744251251,0.9195289611816406,0.7017332911491394
YPL003W,YDR513W,0,1.6730356,0.11798036098480225,0.9195289611816406,0.7018334865570068
YKL216W,YPR017C,0,1.6722004,0.11796550452709198,0.9195289611816406,0.7019336819648743
YHR133C,YDR304C,0,1.6717412,0.11795065551996231,0.9195289611816406,0.7020338773727417
YDR202C,YJL024C,0,1.6709294,0.11793580651283264,0.9195289611816406,0.7021340727806091
YOR372C,YKL025C,0,1.6705801,0.11792096495628357,0.9195289611816406,0.7022342681884766
YLR213C,YNR010W,0,1.669745,0.1179061308503151,0.9195289611816406,0.702334463596344
YAL019W,YIL131C,0,1.6696577,0.11789129674434662,0.9195289611816406,0.7024345993995667
YOR172W,YDR359C,0,1.669353,0.11787646263837814,0.9195289611816406,0.7025347948074341
YGR257C,YPR131C,0,1.6689067,0.11786163598299026,0.9195289611816406,0.7026349902153015
YJL209W,YMR197C,0,1.6687346,0.11784680932760239,0.9195289611816406,0.702735185623169
YDL100C,YOR297C,0,1.6677737,0.1178319901227951,0.9195289611816406,0.7028353810310364
YEL047C,YPL100W,0,1.6662724,0.11781717836856842,0.9195289611816406,0.7029355764389038
YGR060W,YOL086C,0,1.665839,0.11780236661434174,0.9195289611816406,0.7030357718467712
YNL059C,YOR133W,0,1.665683,0.11778755486011505,0.9195289611816406,0.7031359672546387
YDR058C,YAL042W,0,1.6656759,0.11777275055646896,0.9195289611816406,0.7032361626625061
YDR122W,YBR208C,0,1.6653776,0.11775794625282288,0.9195289611816406,0.7033363580703735
YBR243C,YGL092W,0,1.6646328,0.11774314939975739,0.9195289611816406,0.703436553478241
YGR142W,YIL043C,0,1.6644397,0.11772835999727249,0.9195289611816406,0.7035367488861084
YDR079C-A,YFR037C,1,1.6642022,0.11783919483423233,0.9205102920532227,0.7035367488861084
YDL003W,YER075C,0,1.6626706,0.11782439053058624,0.9205102920532227,0.703636884689331
YCR105W,YKL129C,0,1.6624377,0.11780959367752075,0.9205102920532227,0.7037370800971985
YKL130C,YML064C,0,1.6622453,0.11779480427503586,0.9205102920532227,0.7038372755050659
YGL048C,YOR274W,0,1.6622448,0.11778000742197037,0.9205102920532227,0.7039374709129333
YDR438W,YCR030C,0,1.6622396,0.11776522547006607,0.9205102920532227,0.7040376663208008
YDR432W,YOR209C,0,1.6620913,0.11775043606758118,0.9205102920532227,0.7041378617286682
YIR019C,YOR285W,0,1.6619804,0.11773566156625748,0.9205102920532227,0.7042380571365356
YLR128W,YPL036W,0,1.6618559,0.11772088706493378,0.9205102920532227,0.7043382525444031
YOR086C,YLR295C,0,1.6607795,0.11770611256361008,0.9205102920532227,0.7044384479522705
YDR110W,YNR037C,0,1.6598942,0.11769134551286697,0.9205102920532227,0.7045386433601379
YJR090C,YNL106C,0,1.6597776,0.11767657846212387,0.9205102920532227,0.7046388387680054
YDR122W,YER104W,0,1.6588933,0.11766181886196136,0.9205102920532227,0.704738974571228
YDR499W,YOR382W,0,1.6588509,0.11764705926179886,0.9205102920532227,0.7048391699790955
YJL113W,YGL044C,0,1.6584005,0.11763230711221695,0.9205102920532227,0.7049393653869629
YNL093W,YLL057C,0,1.6577337,0.11761755496263504,0.9205102920532227,0.7050395607948303
YNR049C,YDR141C,0,1.6570966,0.11760281026363373,0.9205102920532227,0.7051397562026978
YDR007W,YJL104W,0,1.6570337,0.11758806556463242,0.9205102920532227,0.7052399516105652
YBR085W,YOR001W,0,1.6566794,0.1175733283162117,0.9205102920532227,0.7053401470184326
YDR234W,YHR128W,0,1.6565118,0.11755859106779099,0.9205102920532227,0.7054403424263
YPL235W,YNL031C,1,1.6557348,0.11766917258501053,0.9214916825294495,0.7054403424263
YNL328C,YPL146C,0,1.6557117,0.11765442788600922,0.9214916825294495,0.7055405378341675
YNR028W,YPL217C,0,1.6552327,0.1176396906375885,0.9214916825294495,0.7056407332420349
YGR204W,YLR150W,0,1.6549356,0.11762495338916779,0.9214916825294495,0.7057409286499023
YMR137C,YGR258C,1,1.6542614,0.11773546785116196,0.9224730134010315,0.7057409286499023
YPL198W,YLL057C,0,1.6541035,0.11772072315216064,0.9224730134010315,0.7058411240577698
YKR053C,YGR129W,0,1.6537313,0.11770598590373993,0.9224730134010315,0.7059412598609924
YLR095C,YGL067W,0,1.6535184,0.11769124865531921,0.9224730134010315,0.7060414552688599
YHR034C,YBR155W,0,1.6528549,0.1176765114068985,0.9224730134010315,0.7061416506767273
YDR079C-A,YDR314C,1,1.6521797,0.1177869588136673,0.9234543442726135,0.7061416506767273
YML008C,YJL115W,0,1.6520836,0.11777221411466599,0.9234543442726135,0.7062418460845947
YDR105C,YDR108W,0,1.6519706,0.11775747686624527,0.9234543442726135,0.7063420414924622
YDL045W-A,YKR028W,0,1.6515145,0.11774273961782455,0.9234543442726135,0.7064422369003296
YBR065C,YBL092W,0,1.6505198,0.11772800981998444,0.9234543442726135,0.706542432308197
YCL038C,YNL182C,0,1.650378,0.11771328747272491,0.9234543442726135,0.7066426277160645
YOL043C,YLR394W,1,1.6494188,0.11782363802194595,0.9244357347488403,0.7066426277160645
YPL192C,YDR363W,0,1.649344,0.11780890077352524,0.9244357347488403,0.7067428231239319
YOR264W,YMR301C,0,1.6492057,0.11779417097568512,0.9244357347488403,0.7068430185317993
YBR049C,YPL086C,0,1.6487014,0.117779441177845,0.9244357347488403,0.7069432139396667
YOR004W,YOR324C,0,1.6483986,0.11776471883058548,0.9244357347488403,0.7070434093475342
YHR039C-A,YNR054C,0,1.6474831,0.11774999648332596,0.9244357347488403,0.7071435451507568
YLR216C,YCR024C,0,1.647435,0.11773528158664703,0.9244357347488403,0.7072437405586243
YMR266W,YJL168C,0,1.6471756,0.11772056668996811,0.9244357347488403,0.7073439359664917
YGL129C,YBR102C,0,1.6468492,0.11770585924386978,0.9244357347488403,0.7074441313743591
YIL015W,YER155C,0,1.6463327,0.11769115179777145,0.9244357347488403,0.7075443267822266
YNL153C,YBL105C,0,1.6461203,0.11767645180225372,0.9244357347488403,0.707644522190094
YML080W,YDR198C,0,1.6459279,0.11766175180673599,0.9244357347488403,0.7077447175979614
YGR251W,YAL005C,0,1.645545,0.11764705926179886,0.9244357347488403,0.7078449130058289
YDR217C,YML061C,1,1.6451879,0.11775724589824677,0.9254170656204224,0.7078449130058289
YPR173C,YML111W,0,1.6444459,0.11774253845214844,0.9254170656204224,0.7079451084136963
YJL162C,YAL047C,0,1.6441159,0.1177278384566307,0.9254170656204224,0.7080453038215637
YPL275W,YNL232W,0,1.6436303,0.11771314591169357,0.9254170656204224,0.7081454992294312
YGL038C,YKR001C,0,1.6435535,0.11769845336675644,0.9254170656204224,0.7082456946372986
YNL139C,YMR024W,0,1.6428232,0.1176837608218193,0.9254170656204224,0.7083458304405212
YPR133W-A,YPL135W,0,1.6427982,0.11766907572746277,0.9254170656204224,0.7084460258483887
YBR091C,YLR220W,0,1.6425714,0.11765439808368683,0.9254170656204224,0.7085462212562561
YOR355W,YKR003W,0,1.6425438,0.11763972043991089,0.9254170656204224,0.7086464166641235
YPL004C,YLR307W,0,1.6425099,0.11762505024671555,0.9254170656204224,0.708746612071991
YNL194C,YMR008C,0,1.641983,0.1176103800535202,0.9254170656204224,0.7088468074798584
YJL076W,YDR353W,0,1.641712,0.11759570986032486,0.9254170656204224,0.7089470028877258
YJL168C,YCL019W,0,1.6416752,0.11758104711771011,0.9254170656204224,0.7090471982955933
YMR153W,YER042W,0,1.641567,0.11756639182567596,0.9254170656204224,0.7091473937034607
YNR067C,YHR214W,0,1.6414721,0.11755172908306122,0.9254170656204224,0.7092475891113281
YOR028C,YBR162W-A,0,1.6408439,0.11753708124160767,0.9254170656204224,0.7093477845191956
YLR068W,YGR204W,0,1.6401687,0.11752243340015411,0.9254170656204224,0.709447979927063
YAL032C,YNL318C,0,1.6399355,0.11750778555870056,0.9254170656204224,0.7095481157302856
YML051W,YBR171W,0,1.6391358,0.1174931451678276,0.9254170656204224,0.7096483111381531
YCR021C,YKR100C,0,1.6385813,0.11747851222753525,0.9254170656204224,0.7097485065460205
YPR037C,YPL011C,0,1.6384919,0.11746387928724289,0.9254170656204224,0.7098487019538879
YFL003C,YNL118C,0,1.6373918,0.11744924634695053,0.9254170656204224,0.7099488973617554
YIL021W,YDL212W,0,1.6369181,0.11743462085723877,0.9254170656204224,0.7100490927696228
YNL037C,YLR360W,0,1.6365108,0.11741999536752701,0.9254170656204224,0.7101492881774902
YGL013C,YEL042W,0,1.6365047,0.11740537732839584,0.9254170656204224,0.7102494835853577
YOR359W,YAL001C,0,1.6353683,0.11739076673984528,0.9254170656204224,0.7103496789932251
YLR228C,YDR140W,0,1.6352963,0.11737614870071411,0.9254170656204224,0.7104498744010925
YGR038W,YDR246W,0,1.6352489,0.11736154556274414,0.9254170656204224,0.71055006980896
YPR007C,YOR327C,0,1.6351357,0.11734694242477417,0.9254170656204224,0.7106502652168274
YFR055W,YHR056C,0,1.634898,0.1173323392868042,0.9254170656204224,0.71075040102005
YKL087C,YLR116W,0,1.6346719,0.11731774359941483,0.9254170656204224,0.7108505964279175
YPR058W,YIL131C,0,1.6344256,0.11730314791202545,0.9254170656204224,0.7109507918357849
YPR020W,YCL024W,0,1.6343522,0.11728855967521667,0.9254170656204224,0.7110509872436523
YOL051W,YLR206W,0,1.6342337,0.1172739714384079,0.9254170656204224,0.7111511826515198
YNL197C,YLR291C,0,1.6339438,0.11725939065217972,0.9254170656204224,0.7112513780593872
YKL110C,YOL075C,0,1.6338642,0.11724480986595154,0.9254170656204224,0.7113515734672546
YDL123W,YBR002C,0,1.6338251,0.11723023653030396,0.9254170656204224,0.7114517688751221
YLR224W,YBR275C,0,1.6330576,0.11721566319465637,0.9254170656204224,0.7115519642829895
YCR069W,YGR260W,0,1.632483,0.11720109730958939,0.9254170656204224,0.7116521596908569
YDL188C,YGR072W,0,1.6322072,0.1171865314245224,0.9254170656204224,0.7117523550987244
YKR056W,YOR009W,0,1.6314616,0.11717196553945541,0.9254170656204224,0.711852490901947
YKL138C,YHR060W,0,1.6313493,0.11715741455554962,0.9254170656204224,0.7119526863098145
YOR292C,YJR151C,0,1.6312876,0.11714285612106323,0.9254170656204224,0.7120528817176819
YGR186W,YPL190C,0,1.6311355,0.11712830513715744,0.9254170656204224,0.7121530771255493
YPR020W,YJL004C,0,1.6309011,0.11711376160383224,0.9254170656204224,0.7122532725334167
YGR257C,YIL142W,0,1.6308157,0.11709921807050705,0.9254170656204224,0.7123534679412842
YOR393W,YGL200C,0,1.6304615,0.11708468198776245,0.9254170656204224,0.7124536633491516
YLR178C,YOR089C,0,1.630405,0.11707014590501785,0.9254170656204224,0.712553858757019
YLR110C,YCR024C,0,1.6300766,0.11705560982227325,0.9254170656204224,0.7126540541648865
YKL095W,YOR025W,0,1.6298757,0.11704108119010925,0.9254170656204224,0.7127542495727539
YKR057W,YJL071W,0,1.6297996,0.11702656000852585,0.9254170656204224,0.7128544449806213
YKR019C,YOR205C,0,1.629741,0.11701203882694244,0.9254170656204224,0.7129546403884888
YNL051W,YGL231C,0,1.6296825,0.11699751764535904,0.9254170656204224,0.7130547761917114
YMR250W,YIL076W,0,1.6293557,0.11698300391435623,0.9254170656204224,0.7131549715995789
YML072C,YDR144C,0,1.6291001,0.11696849763393402,0.9254170656204224,0.7132551670074463
YMR005W,YLR359W,0,1.6287768,0.11695398390293121,0.9254170656204224,0.7133553624153137
YDR234W,YJL149W,0,1.6282859,0.1169394850730896,0.9254170656204224,0.7134555578231812
YBR133C,YLR023C,0,1.628001,0.11692498624324799,0.9254170656204224,0.7135557532310486
YKL107W,YOL077W-A,0,1.6270609,0.11691048741340637,0.9254170656204224,0.713655948638916
YLR130C,YKR010C,0,1.6267552,0.11689599603414536,0.9254170656204224,0.7137561440467834
YLR059C,YKR077W,0,1.6267025,0.11688150465488434,0.9254170656204224,0.7138563394546509
YNL173C,YLR417W,0,1.6263771,0.11686702072620392,0.9254170656204224,0.7139565348625183
YNR055C,YBR016W,0,1.6258588,0.1168525367975235,0.9254170656204224,0.7140567302703857
YLR278C,YNL068C,0,1.6255279,0.11683806031942368,0.9254170656204224,0.7141569256782532
YNL270C,YNL183C,0,1.6253471,0.11682359129190445,0.9254170656204224,0.7142570614814758
YNL233W,YDL148C,0,1.6249006,0.11680911481380463,0.9254170656204224,0.7143572568893433
YNL139C,YDR159W,1,1.6248415,0.11691850423812866,0.9263984560966492,0.7143572568893433
YIL122W,YLL032C,0,1.6246045,0.11690402776002884,0.9263984560966492,0.7144574522972107
YML096W,YFR051C,0,1.6244547,0.11688955128192902,0.9263984560966492,0.7145576477050781
YER054C,YJR049C,0,1.6238229,0.1168750748038292,0.9263984560966492,0.7146578431129456
YOR316C,YGL103W,0,1.6226726,0.11686060577630997,0.9263984560966492,0.714758038520813
YNL070W,YJR007W,0,1.6222441,0.11684614419937134,0.9263984560966492,0.7148582339286804
YOR049C,YDR240C,0,1.6219363,0.11683168262243271,0.9263984560966492,0.7149584293365479
YDL113C,YJL168C,0,1.6215394,0.11681722849607468,0.9263984560966492,0.7150586247444153
YNL083W,YGR152C,0,1.6210978,0.11680277436971664,0.9263984560966492,0.7151588201522827
YER130C,YHR102W,0,1.6207385,0.11678832024335861,0.9263984560966492,0.7152590155601501
YHR094C,YJR138W,0,1.6205063,0.11677387356758118,0.9263984560966492,0.7153592109680176
YML038C,YMR001C,0,1.6194873,0.11675943434238434,0.9263984560966492,0.7154593467712402
YBL014C,YML010W,0,1.6189752,0.1167449876666069,0.9263984560966492,0.7155595421791077
YER032W,YDR371W,0,1.6188712,0.11673055589199066,0.9263984560966492,0.7156597375869751
YKR066C,YHR006W,0,1.6187592,0.11671612411737442,0.9263984560966492,0.7157599329948425
YJL095W,YGR152C,0,1.6186445,0.11670169234275818,0.9263984560966492,0.71586012840271
YER183C,YKL188C,0,1.6185865,0.11668726801872253,0.9263984560966492,0.7159603238105774
YML061C,YDR314C,1,1.6177793,0.11679644137620926,0.9273797869682312,0.7159603238105774
YHL011C,YML007W,0,1.6172192,0.11678200960159302,0.9273797869682312,0.7160605192184448
YGR033C,YOR340C,0,1.6171381,0.11676757782697678,0.9273797869682312,0.7161607146263123
YDR079C-A,YDR226W,0,1.616118,0.11675315350294113,0.9273797869682312,0.7162609100341797
YOR002W,YGL201C,0,1.6157024,0.11673872917890549,0.9273797869682312,0.7163611054420471
YDR261C,YJL014W,0,1.6150937,0.11672430485486984,0.9273797869682312,0.7164613008499146
YGR212W,YLR432W,0,1.6149719,0.11670989543199539,0.9273797869682312,0.716561496257782
YGL062W,YNR059W,0,1.6147006,0.11669547855854034,0.9273797869682312,0.7166616320610046
YDR225W,YDL128W,0,1.6146007,0.1166810691356659,0.9273797869682312,0.7167618274688721
YML061C,YLR394W,1,1.6145189,0.11679012328386307,0.9283611178398132,0.7167618274688721
YDL104C,YBR091C,0,1.6143992,0.11677570641040802,0.9283611178398132,0.7168620228767395
YJL127C,YMR134W,0,1.6143596,0.11676129698753357,0.9283611178398132,0.7169622182846069
YLR268W,YOL130W,0,1.6142299,0.11674688756465912,0.9283611178398132,0.7170624136924744
YER013W,YLR278C,0,1.614068,0.11673247814178467,0.9283611178398132,0.7171626091003418
YMR194W,YJL144W,0,1.6140594,0.11671807616949081,0.9283611178398132,0.7172628045082092
YOL072W,YGL094C,1,1.6139684,0.11682704091072083,0.92934250831604,0.7172628045082092
YJR118C,YHR084W,0,1.6134837,0.11681263148784637,0.92934250831604,0.7173629999160767
YJR014W,YGL238W,0,1.6131029,0.11679822206497192,0.92934250831604,0.7174631953239441
YGR113W,YGL190C,0,1.6130259,0.11678382009267807,0.92934250831604,0.7175633907318115
YHR176W,YDR411C,0,1.6128299,0.11676941812038422,0.92934250831604,0.717663586139679
YCR036W,YGR065C,0,1.6122832,0.11675502359867096,0.92934250831604,0.7177637219429016
YNL148C,YDL081C,0,1.6122694,0.1167406290769577,0.92934250831604,0.717863917350769
YLR052W,YGR254W,0,1.6120579,0.11672624200582504,0.92934250831604,0.7179641127586365
YIR031C,YFR040W,0,1.611031,0.11671185493469238,0.92934250831604,0.7180643081665039
YIL037C,YER011W,0,1.6106145,0.11669747531414032,0.92934250831604,0.7181645035743713
YER122C,YNR018W,0,1.6101093,0.11668309569358826,0.92934250831604,0.7182646989822388
YNL103W,YER183C,0,1.6096463,0.11666872352361679,0.92934250831604,0.7183648943901062
YOL145C,YGR056W,0,1.6095252,0.11665435135364532,0.92934250831604,0.7184650897979736
YMR194W,YOR009W,0,1.6088426,0.11663997918367386,0.92934250831604,0.7185652852058411
YCL017C,YPR022C,0,1.608736,0.11662561446428299,0.92934250831604,0.7186654806137085
YMR146C,YKL208W,0,1.6086402,0.11661125719547272,0.92934250831604,0.7187656760215759
YEL042W,YML016C,0,1.6084318,0.11659689992666245,0.92934250831604,0.7188658714294434
YGL037C,YOR197W,0,1.6079586,0.11658254265785217,0.92934250831604,0.718966007232666
YBL112C,YHL020C,0,1.6076231,0.1165681928396225,0.92934250831604,0.7190662026405334
YGR171C,YLR319C,0,1.6075678,0.11655384302139282,0.92934250831604,0.7191663980484009
YBR287W,YHR019C,0,1.6052232,0.11653950065374374,0.92934250831604,0.7192665934562683
YOR338W,YPR198W,0,1.6049051,0.11652516573667526,0.92934250831604,0.7193667888641357
YNL222W,YDL149W,0,1.6044436,0.11651082336902618,0.92934250831604,0.7194669842720032
YGR257C,YDR259C,0,1.6044171,0.1164964959025383,0.92934250831604,0.7195671796798706
YGL145W,YHR019C,0,1.6043344,0.11648216843605042,0.92934250831604,0.719667375087738
YJL117W,YLR360W,0,1.6042743,0.11646784096956253,0.92934250831604,0.7197675704956055
YGL189C,YCR033W,0,1.603934,0.11645351350307465,0.92934250831604,0.7198677659034729
YHL031C,YHR024C,0,1.6038804,0.11643920093774796,0.92934250831604,0.7199679613113403
YOR090C,YDR322C-A,0,1.6034644,0.11642488092184067,0.92934250831604,0.7200681567192078
YBL004W,YKL084W,0,1.6020999,0.11641056835651398,0.92934250831604,0.7201682925224304
YBR196C,YDL148C,0,1.6020801,0.11639626324176788,0.92934250831604,0.7202684879302979
YOR058C,YHR001W,0,1.6017854,0.11638195812702179,0.92934250831604,0.7203686833381653
YMR137C,YPR125W,0,1.6014721,0.11636766046285629,0.92934250831604,0.7204688787460327
YLR110C,YLR229C,0,1.6014116,0.1163533627986908,0.92934250831604,0.7205690741539001
YMR262W,YGL029W,0,1.6011236,0.1163390651345253,0.92934250831604,0.7206692695617676
YJL137C,YGR057C,0,1.6010523,0.1163247749209404,0.92934250831604,0.720769464969635
YCL026C-B,YKR095W,0,1.6008427,0.1163104921579361,0.92934250831604,0.7208696603775024
YOL145C,YLR399C,0,1.6004539,0.1162962019443512,0.92934250831604,0.7209698557853699
YNL079C,YLR316C,0,1.6003244,0.11628192663192749,0.92934250831604,0.7210700511932373
YDR293C,YPR029C,0,1.6001809,0.11626765131950378,0.92934250831604,0.7211702466011047
YGL201C,YOR239W,0,1.5999596,0.11625337600708008,0.92934250831604,0.7212704420089722
YJL060W,YPR148C,0,1.5996025,0.11623910814523697,0.92934250831604,0.7213705778121948
YGL033W,YMR318C,0,1.5994842,0.11622484028339386,0.92934250831604,0.7214707732200623
YDR337W,YGR010W,0,1.5993989,0.11621057987213135,0.92934250831604,0.7215709686279297
YLR219W,YLR005W,0,1.5992198,0.11619631946086884,0.92934250831604,0.7216711640357971
YLR330W,YCL011C,0,1.5985808,0.11618206650018692,0.92934250831604,0.7217713594436646
YML030W,YPL198W,0,1.5981956,0.116167813539505,0.92934250831604,0.721871554851532
YGR038W,YPR105C,0,1.5978024,0.11615356057882309,0.92934250831604,0.7219717502593994
YER123W,YBR094W,0,1.5977354,0.11613931506872177,0.92934250831604,0.7220719456672668
YLR240W,YCL026C-A,0,1.5957665,0.11612507700920105,0.92934250831604,0.7221721410751343
YDR079C-A,YBR002C,0,1.5956113,0.11611083894968033,0.92934250831604,0.7222723364830017
YGL207W,YDR079C-A,1,1.595195,0.11621920019388199,0.9303238391876221,0.7222723364830017
YGR036C,YJL066C,0,1.5950224,0.11620495468378067,0.9303238391876221,0.7223725318908691
YMR276W,YBR026C,0,1.5950079,0.11619070917367935,0.9303238391876221,0.7224727272987366
YJL047C,YER014W,0,1.5949023,0.11617647111415863,0.9303238391876221,0.7225728631019592
YMR135C,YMR295C,0,1.5948584,0.11616223305463791,0.9303238391876221,0.7226730585098267
YMR169C,YML093W,0,1.594588,0.11614800244569778,0.9303238391876221,0.7227732539176941
YKL062W,YHR009C,0,1.5933638,0.11613377183675766,0.9303238391876221,0.7228734493255615
YCR046C,YIL108W,0,1.5932615,0.11611954867839813,0.9303238391876221,0.722973644733429
YEL070W,YER075C,0,1.5932596,0.1161053255200386,0.9303238391876221,0.7230738401412964
YIL050W,YOR007C,0,1.5929661,0.11609110981225967,0.9303238391876221,0.7231740355491638
YML067C,YLR033W,0,1.5922809,0.11607689410448074,0.9303238391876221,0.7232742309570312
YNL153C,YEL031W,0,1.5916009,0.11606268584728241,0.9303238391876221,0.7233744263648987
YMR048W,YBL029C-A,0,1.5916009,0.11604847759008408,0.9303238391876221,0.7234746217727661
YDR412W,YDL174C,0,1.5911753,0.11603426933288574,0.9303238391876221,0.7235748171806335
YOR022C,YCR024C,0,1.5905232,0.116020068526268,0.9303238391876221,0.7236749529838562
YLR165C,YNL318C,0,1.5902939,0.11600587517023087,0.9303238391876221,0.7237751483917236
YBR203W,YNL254C,0,1.59028,0.11599168181419373,0.9303238391876221,0.7238753437995911
YBR042C,YOR094W,0,1.5899925,0.11597748845815659,0.9303238391876221,0.7239755392074585
YPR067W,YMR083W,0,1.5899856,0.11596330255270004,0.9303238391876221,0.7240757346153259
YDR079C-A,YKL096W,0,1.589649,0.1159491166472435,0.9303238391876221,0.7241759300231934
YOL061W,YPL127C,0,1.589433,0.11593493819236755,0.9303238391876221,0.7242761254310608
YPR143W,YOR341W,0,1.5890708,0.11592075973749161,0.9303238391876221,0.7243763208389282
YIR033W,YDR416W,0,1.5887382,0.11590658873319626,0.9303238391876221,0.7244765162467957
YMR011W,YOR119C,0,1.5885048,0.11589241772890091,0.9303238391876221,0.7245767116546631
YMR137C,YDR138W,1,1.5884597,0.11600048840045929,0.9313052296638489,0.7245767116546631
YLR394W,YKL025C,1,1.5882051,0.11610852926969528,0.9322865605354309,0.7245767116546631
YPR181C,YEL051W,0,1.5873511,0.11609434336423874,0.9322865605354309,0.7246769070625305
YHR069C,YBR043C,0,1.5863369,0.1160801574587822,0.9322865605354309,0.724777102470398
YPL170W,YPL223C,0,1.5860336,0.11606597155332565,0.9322865605354309,0.7248772382736206
YPL047W,YLR059C,0,1.585989,0.11605179309844971,0.9322865605354309,0.724977433681488
YHR158C,YGL078C,0,1.5858154,0.11603762209415436,0.9322865605354309,0.7250776290893555
YMR167W,YDR104C,0,1.5854325,0.11602345108985901,0.9322865605354309,0.7251778244972229
YBR118W,YHR018C,0,1.58463,0.11600928008556366,0.9322865605354309,0.7252780199050903
YNL274C,YPR035W,0,1.5845673,0.11599511653184891,0.9322865605354309,0.7253782153129578
YJL113W,YKL090W,0,1.5841279,0.11598095297813416,0.9322865605354309,0.7254784107208252
YHR014W,YBR228W,0,1.5832195,0.115966796875,0.9322865605354309,0.7255786061286926
YNR067C,YBR103W,0,1.5827801,0.11595264077186584,0.9322865605354309,0.7256788015365601
YFR019W,YIL030C,0,1.5827336,0.11593849211931229,0.9322865605354309,0.7257789969444275
YDR323C,YPL065W,0,1.5825074,0.11592434346675873,0.9322865605354309,0.7258791923522949
YBL004W,YLR449W,0,1.5822368,0.11591020226478577,0.9322865605354309,0.7259793877601624
YML061C,YBL079W,0,1.5822136,0.1158960610628128,0.9322865605354309,0.726079523563385
YKL146W,YKR031C,0,1.582099,0.11588191986083984,0.9322865605354309,0.7261797189712524
YBL056W,YBL100W-A,0,1.5819757,0.11586778610944748,0.9322865605354309,0.7262799143791199
YPL078C,YEL071W,0,1.5811543,0.11585365980863571,0.9322865605354309,0.7263801097869873
YIL142W,YCL043C,0,1.5809984,0.11583953350782394,0.9322865605354309,0.7264803051948547
YNL044W,YLR208W,0,1.5808744,0.11582540720701218,0.9322865605354309,0.7265805006027222
YDL209C,YPL016W,0,1.5802147,0.115811288356781,0.9322865605354309,0.7266806960105896
YPR020W,YGR033C,0,1.5799646,0.11579716950654984,0.9322865605354309,0.726780891418457
YMR040W,YJL166W,0,1.5798285,0.11578305810689926,0.9322865605354309,0.7268810868263245
YIL162W,YCL008C,0,1.579787,0.11576894670724869,0.9322865605354309,0.7269812822341919
YOL039W,YDR138W,0,1.5795798,0.11575484275817871,0.9322865605354309,0.7270814776420593
YDR267C,YBR275C,0,1.579545,0.11574073880910873,0.9322865605354309,0.7271816730499268
YJL069C,YNL132W,0,1.5795112,0.11572664231061935,0.9322865605354309,0.7272818088531494
YGR138C,YBL099W,0,1.5793245,0.11571254581212997,0.9322865605354309,0.7273820042610168
YCL045C,YHR142W,0,1.5791364,0.11569845676422119,0.9322865605354309,0.7274821996688843
YMR189W,YHR170W,0,1.5787544,0.11568436771631241,0.9322865605354309,0.7275823950767517
YKR019C,YPL087W,0,1.5786452,0.11567027866840363,0.9322865605354309,0.7276825904846191
YDL047W,YLR035C,1,1.5771589,0.11577793955802917,0.9332678914070129,0.7276825904846191
YBR131W,YDL077C,0,1.5771117,0.1157638430595398,0.9332678914070129,0.7277827858924866
YDR281C,YCR011C,0,1.5771055,0.11574975401163101,0.9332678914070129,0.727882981300354
YGR095C,YGL112C,0,1.576602,0.11573567241430283,0.9332678914070129,0.7279831767082214
YEL056W,YHR197W,0,1.5765693,0.11572158336639404,0.9332678914070129,0.7280833721160889
YOR353C,YBR056W,0,1.575695,0.11570750921964645,0.9332678914070129,0.7281835675239563
YLR002C,YOL128C,0,1.5754712,0.11569342762231827,0.9332678914070129,0.7282837629318237
YPR183W,YHR083W,0,1.5750854,0.11567936092615128,0.9332678914070129,0.7283839583396912
YIL053W,YDR462W,0,1.5750511,0.11566528677940369,0.9332678914070129,0.7284840941429138
YCR024C-A,YJL051W,0,1.5747135,0.1156512200832367,0.9332678914070129,0.7285842895507812
YDR538W,YDR416W,0,1.5741885,0.1156371608376503,0.9332678914070129,0.7286844849586487
YDL126C,YPL049C,0,1.5741308,0.1156231015920639,0.9332678914070129,0.7287846803665161
YFR047C,YLR404W,0,1.5737975,0.11560904234647751,0.9332678914070129,0.7288848757743835
YDR310C,YGR065C,0,1.5733154,0.11559499055147171,0.9332678914070129,0.728985071182251
YIL022W,YER013W,0,1.5731812,0.11558094620704651,0.9332678914070129,0.7290852665901184
YAL032C,YJL160C,0,1.5730693,0.11556689441204071,0.9332678914070129,0.7291854619979858
YGL096W,YBR125C,0,1.5726588,0.1155528575181961,0.9332678914070129,0.7292856574058533
YOR045W,YDR419W,0,1.5725303,0.1155388131737709,0.9332678914070129,0.7293858528137207
YGR183C,YGL216W,0,1.5722384,0.1155247837305069,0.9332678914070129,0.7294860482215881
YOR195W,YAL011W,0,1.5720878,0.11551074683666229,0.9332678914070129,0.7295861840248108
YMR118C,YGR046W,0,1.5719345,0.11549671739339828,0.9332678914070129,0.7296863794326782
YBR293W,YIL002C,0,1.5718892,0.11548269540071487,0.9332678914070129,0.7297865748405457
YHR175W,YEL069C,0,1.5718064,0.11546867340803146,0.9332678914070129,0.7298867702484131
YGR005C,YGL017W,0,1.5716398,0.11545465886592865,0.9332678914070129,0.7299869656562805
YDR168W,YGR170W,0,1.5713944,0.11544064432382584,0.9332678914070129,0.730087161064148
YML075C,YLL024C,0,1.5709066,0.11542662978172302,0.9332678914070129,0.7301873564720154
YOR311C,YBR081C,0,1.5708354,0.1154126226902008,0.9332678914070129,0.7302875518798828
YBR126C,YLR044C,0,1.5707269,0.11539861559867859,0.9332678914070129,0.7303877472877502
YDR201W,YBR084C-A,0,1.5701337,0.11538461595773697,0.9332678914070129,0.7304879426956177
YER062C,YPL150W,0,1.5700507,0.11537061631679535,0.9332678914070129,0.7305881381034851
YJL076W,YEL001C,0,1.5698352,0.11535662412643433,0.9332678914070129,0.7306883335113525
YDR395W,YBR177C,0,1.5695782,0.1153426319360733,0.9332678914070129,0.7307884693145752
YOR171C,YKL005C,0,1.5695255,0.11532864719629288,0.9332678914070129,0.7308886647224426
YJR064W,YGR246C,0,1.5682919,0.11531466245651245,0.9332678914070129,0.7309888601303101
YER095W,YDR079C-A,1,1.5680203,0.11542192101478577,0.9342492818832397,0.7309888601303101
YOR145C,YOR313C,0,1.5678818,0.11540792882442474,0.9342492818832397,0.7310890555381775
YIL096C,YIL069C,0,1.5676668,0.11539393663406372,0.9342492818832397,0.7311892509460449
YHR188C,YMR008C,0,1.5674667,0.1153799518942833,0.9342492818832397,0.7312894463539124
YLR178C,YAL039C,0,1.5674193,0.11536597460508347,0.9342492818832397,0.7313896417617798
YGR229C,YNL072W,0,1.5671995,0.11535198986530304,0.9342492818832397,0.7314898371696472
YIL147C,YDR233C,0,1.566771,0.11533802002668381,0.9342492818832397,0.7315900325775146
YKR094C,YPL235W,1,1.5667195,0.11544518172740936,0.9352306127548218,0.7315900325775146
YML072C,YHR062C,0,1.5665765,0.11543120443820953,0.9352306127548218,0.7316902279853821
YOR085W,YPL180W,0,1.5664148,0.11541721969842911,0.9352306127548218,0.7317904233932495
YNL275W,YDR184C,0,1.5657046,0.11540324240922928,0.9352306127548218,0.7318906188011169
YIR007W,YCL011C,0,1.5653198,0.11538927257061005,0.9352306127548218,0.7319907546043396
YML132W,YGR225W,0,1.5650315,0.11537530273199081,0.9352306127548218,0.732090950012207
YOR251C,YFR010W,0,1.5649874,0.11536133289337158,0.9352306127548218,0.7321911454200745
YPR043W,YNL045W,0,1.5637534,0.11534737050533295,0.9352306127548218,0.7322913408279419
YOL072W,YLR321C,1,1.563669,0.11545443534851074,0.9362119436264038,0.7322913408279419
YFL001W,YDR119W,0,1.5628588,0.11544046550989151,0.9362119436264038,0.7323915362358093
YKL206C,YKL184W,0,1.5628531,0.11542649567127228,0.9362119436264038,0.7324917316436768
YCL029C,YMR136W,0,1.5628505,0.11541253328323364,0.9362119436264038,0.7325919270515442
YKL085W,YBL029C-A,0,1.5626016,0.11539857089519501,0.9362119436264038,0.7326921224594116
YDR515W,YLR023C,0,1.5620255,0.11538461595773697,0.9362119436264038,0.732792317867279
YNL290W,YDL246C,0,1.5617106,0.11537066102027893,0.9362119436264038,0.7328925132751465
YDL240W,YOR197W,0,1.5614974,0.11535671353340149,0.9362119436264038,0.7329927086830139
YGR138C,YNL274C,0,1.5608981,0.11534276604652405,0.9362119436264038,0.7330929040908813
YOR275C,YPL045W,0,1.5608194,0.1153288185596466,0.9362119436264038,0.733193039894104
YNR055C,YGL127C,0,1.5605867,0.11531487852334976,0.9362119436264038,0.7332932353019714
YHR056C,YBL091C-A,0,1.5602305,0.11530094593763351,0.9362119436264038,0.7333934307098389
YPR148C,YPR182W,0,1.5598602,0.11528700590133667,0.9362119436264038,0.7334936261177063
YML082W,YOR320C,0,1.5588596,0.11527308076620102,0.9362119436264038,0.7335938215255737
YDR221W,YNL239W,0,1.5585287,0.11525914818048477,0.9362119436264038,0.7336940169334412
YER142C,YHR001W,0,1.5583954,0.11524523049592972,0.9362119436264038,0.7337942123413086
YBR260C,YPR020W,0,1.5582454,0.11523130536079407,0.9362119436264038,0.733894407749176
YBR167C,YNL081C,0,1.5578728,0.11521738767623901,0.9362119436264038,0.7339946031570435
YGL236C,YOL066C,0,1.5574234,0.11520347744226456,0.9362119436264038,0.7340947985649109
YMR246W,YBL029C-A,0,1.5569537,0.1151895672082901,0.9362119436264038,0.7341949939727783
YOL110W,YEL046C,0,1.5566752,0.11517566442489624,0.9362119436264038,0.7342951893806458
YIL042C,YGR048W,0,1.5563159,0.11516175419092178,0.9362119436264038,0.7343953251838684
YFL001W,YPL139C,0,1.5555954,0.11514785885810852,0.9362119436264038,0.7344955205917358
YJR057W,YLR089C,0,1.5554273,0.11513396352529526,0.9362119436264038,0.7345957159996033
YKR080W,YGL167C,0,1.5550692,0.115120068192482,0.9362119436264038,0.7346959114074707
YPR133W-A,YER098W,0,1.5543296,0.11510618031024933,0.9362119436264038,0.7347961068153381
YPR100W,YML011C,0,1.5539391,0.11509229242801666,0.9362119436264038,0.7348963022232056
YNL076W,YML022W,0,1.5538676,0.115078404545784,0.9362119436264038,0.734996497631073
YIL053W,YDR254W,0,1.5534375,0.11506452411413193,0.9362119436264038,0.7350966930389404
YGL256W,YLR150W,0,1.5532589,0.11505065113306046,0.9362119436264038,0.7351968884468079
YCL004W,YGR034W,0,1.5529826,0.11503677815198898,0.9362119436264038,0.7352970838546753
YDL194W,YML086C,0,1.5516326,0.11502290517091751,0.9362119436264038,0.7353972792625427
YDR292C,YMR189W,0,1.5499654,0.11500903964042664,0.9362119436264038,0.7354974746704102
YOL154W,YBR016W,0,1.5499647,0.11499518156051636,0.9362119436264038,0.7355976104736328
YJR057W,YDR079C-A,1,1.5499501,0.11510184407234192,0.9371933341026306,0.7355976104736328
YFR033C,YMR186W,0,1.5495958,0.11508797109127045,0.9371933341026306,0.7356978058815002
YMR093W,YLR187W,0,1.5494857,0.11507410556077957,0.9371933341026306,0.7357980012893677
YER041W,YDL070W,1,1.5494778,0.11518072336912155,0.9381746649742126,0.7357980012893677
YBR034C,YMR170C,0,1.5493436,0.11516685038805008,0.9381746649742126,0.7358981966972351
YIL053W,YJL176C,0,1.54915,0.11515297740697861,0.9381746649742126,0.7359983921051025
YNL055C,YCL032W,0,1.5488889,0.11513910442590714,0.9381746649742126,0.73609858751297
YNL118C,YEL001C,0,1.5487158,0.11512523889541626,0.9381746649742126,0.7361987829208374
YNR002C,YMR104C,0,1.5481162,0.11511138081550598,0.9381746649742126,0.7362989783287048
YOR272W,YDR348C,0,1.5480237,0.1150975227355957,0.9381746649742126,0.7363991737365723
YLR092W,YPL065W,0,1.5478084,0.11508366465568542,0.9381746649742126,0.7364993691444397
YDR167W,YJR096W,0,1.5477138,0.11506981402635574,0.9381746649742126,0.7365995645523071
YLL008W,YAL014C,0,1.547575,0.11505596339702606,0.9381746649742126,0.7366997003555298
YDR419W,YIL139C,1,1.5473821,0.1151624545454979,0.9391560554504395,0.7366997003555298
YMR059W,YKL078W,0,1.5469997,0.11514859646558762,0.9391560554504395,0.7367998957633972
YOR025W,YPL274W,0,1.5463455,0.11513474583625793,0.9391560554504395,0.7369000911712646
YNL056W,YMR318C,0,1.5460951,0.11512089520692825,0.9391560554504395,0.7370002865791321
YFL002C,YHR085W,0,1.5452335,0.11510705202817917,0.9391560554504395,0.7371004819869995
YIL130W,YLL017W,0,1.5451291,0.11509320139884949,0.9391560554504395,0.7372006773948669
YNL113W,YOR188W,0,1.5443642,0.115079365670681,0.9391560554504395,0.7373008728027344
YGR183C,YPR125W,0,1.5437737,0.11506552994251251,0.9391560554504395,0.7374010682106018
YDR027C,YDR462W,0,1.5431588,0.11505169421434402,0.9391560554504395,0.7375012636184692
YNL220W,YOR078W,0,1.5431578,0.11503786593675613,0.9391560554504395,0.7376014590263367
YBR095C,YLR208W,0,1.5429733,0.11502403765916824,0.9391560554504395,0.7377016544342041
YML016C,YDR354W,0,1.5425899,0.11501021683216095,0.9391560554504395,0.7378018498420715
YJL010C,YER026C,0,1.5424154,0.11499639600515366,0.9391560554504395,0.7379019856452942
YML080W,YKL186C,0,1.5424061,0.11498257517814636,0.9391560554504395,0.7380021810531616
YHR134W,YIL018W,0,1.5424049,0.11496876180171967,0.9391560554504395,0.738102376461029
YCR011C,YKL007W,0,1.5422945,0.11495495587587357,0.9391560554504395,0.7382025718688965
YLR347C,YBL027W,0,1.5418696,0.11494114995002747,0.9391560554504395,0.7383027672767639
YIL122W,YKL184W,0,1.54174,0.11492734402418137,0.9391560554504395,0.7384029626846313
YGL246C,YBR161W,0,1.5416567,0.11491354554891586,0.9391560554504395,0.7385031580924988
YKR054C,YDL211C,0,1.5415082,0.11489974707365036,0.9391560554504395,0.7386033535003662
YJR052W,YLR035C,1,1.5414693,0.11500599980354309,0.9401373863220215,0.7386033535003662
YOR208W,YPL248C,0,1.5413518,0.11499220132827759,0.9401373863220215,0.7387035489082336
YAL007C,YOR284W,0,1.5413318,0.11497839540243149,0.9401373863220215,0.7388037443161011
YER129W,YKR055W,0,1.5411439,0.11496459692716599,0.9401373863220215,0.7389039397239685
YBR223C,YMR090W,0,1.5402093,0.11495080590248108,0.9401373863220215,0.7390041351318359
YGR180C,YBL056W,0,1.5401843,0.11493701487779617,0.9401373863220215,0.7391042709350586
YGR090W,YKL015W,0,1.5401239,0.11492322385311127,0.9401373863220215,0.739204466342926
YLR133W,YOL032W,0,1.5399568,0.11490944027900696,0.9401373863220215,0.7393046617507935
YER078C,YOR267C,0,1.53988,0.11489565670490265,0.9401373863220215,0.7394048571586609
YKL052C,YJR004C,0,1.5396523,0.11488188058137894,0.9401373863220215,0.7395050525665283
YIL040W,YER060W-A,0,1.5389123,0.11486810445785522,0.9401373863220215,0.7396052479743958
YAL061W,YNL317W,0,1.5386949,0.11485433578491211,0.9401373863220215,0.7397054433822632
YPL137C,YKL184W,0,1.5384586,0.114840567111969,0.9401373863220215,0.7398056387901306
YIL128W,YER052C,0,1.5382273,0.11482679843902588,0.9401373863220215,0.739905834197998
YBL102W,YNR075W,0,1.5379686,0.11481303721666336,0.9401373863220215,0.7400060296058655
YKR007W,YDR363W,0,1.5379303,0.11479928344488144,0.9401373863220215,0.7401062250137329
YPR127W,YNL251C,0,1.5377824,0.11478552967309952,0.9401373863220215,0.7402064204216003
YBR162C,YNL318C,0,1.5376937,0.1147717759013176,0.9401373863220215,0.740306556224823
YML061C,YDR471W,0,1.5376899,0.11475802958011627,0.9401373863220215,0.7404067516326904
YPR165W,YBR086C,0,1.5372789,0.11474428325891495,0.9401373863220215,0.7405069470405579
YMR029C,YGL127C,0,1.5357733,0.11473053693771362,0.9401373863220215,0.7406071424484253
YLR034C,YHL002W,0,1.5355732,0.1147167980670929,0.9401373863220215,0.7407073378562927
YPR086W,YPR124W,0,1.5347853,0.11470306664705276,0.9401373863220215,0.7408075332641602
YNL145W,YML011C,0,1.5345459,0.11468933522701263,0.9401373863220215,0.7409077286720276
YDL232W,YOR173W,0,1.5340149,0.1146756038069725,0.9401373863220215,0.741007924079895
YIL096C,YJR140C,0,1.5338428,0.11466187983751297,0.9401373863220215,0.7411081194877625
YIL095W,YHL020C,0,1.5336127,0.11464815586805344,0.9401373863220215,0.7412083148956299
YDR237W,YHR106W,0,1.5322711,0.1146344393491745,0.9401373863220215,0.7413085103034973
YPL158C,YJL118W,0,1.5320973,0.11462072283029556,0.9401373863220215,0.7414087057113647
YJR101W,YOR158W,0,1.5319517,0.11460701376199722,0.9401373863220215,0.7415088415145874
YPR024W,YDL132W,0,1.531466,0.11459330469369888,0.9401373863220215,0.7416090369224548
YNL071W,YNR054C,0,1.5310807,0.11457959562540054,0.9401373863220215,0.7417092323303223
YER147C,YLR035C,1,1.5305247,0.11468548327684402,0.9411187171936035,0.7417092323303223
YJL103C,YLR050C,0,1.5300455,0.11467176675796509,0.9411187171936035,0.7418094277381897
YKR053C,YGL068W,0,1.5299811,0.11465805768966675,0.9411187171936035,0.7419096231460571
YNL116W,YPL189W,0,1.5298264,0.11464434862136841,0.9411187171936035,0.7420098185539246
YML075C,YGR254W,0,1.5295331,0.11463064700365067,0.9411187171936035,0.742110013961792
YDR328C,YJL047C,0,1.5292902,0.11461694538593292,0.9411187171936035,0.7422102093696594
YPL207W,YIL011W,0,1.5290792,0.11460325121879578,0.9411187171936035,0.7423104047775269
YMR207C,YOL010W,0,1.5285974,0.11458955705165863,0.9411187171936035,0.7424106001853943
YBR002C,YNL156C,0,1.5285704,0.11457586288452148,0.9411187171936035,0.7425107955932617
YGL079W,YNL137C,0,1.5284183,0.11456217616796494,0.9411187171936035,0.7426109313964844
YMR200W,YOL091W,0,1.5279524,0.11454849690198898,0.9411187171936035,0.7427111268043518
YJR127C,YDR264C,0,1.5268297,0.11453481763601303,0.9411187171936035,0.7428113222122192
YLR050C,YPR066W,0,1.5261087,0.11452113837003708,0.9411187171936035,0.7429115176200867
YAL055W,YGR125W,0,1.5259094,0.11450745910406113,0.9411187171936035,0.7430117130279541
YER081W,YIL143C,0,1.5257659,0.11449379473924637,0.9411187171936035,0.7431119084358215
YOR216C,YCR044C,0,1.5257425,0.11448012292385101,0.9411187171936035,0.743212103843689
YBL056W,YNR054C,0,1.5256121,0.11446645855903625,0.9411187171936035,0.7433122992515564
YDL107W,YLL045C,0,1.5255253,0.1144528016448021,0.9411187171936035,0.7434124946594238
YDR142C,YOL132W,0,1.5242016,0.11443913727998734,0.9411187171936035,0.7435126900672913
YPL223C,YLL028W,0,1.5240524,0.11442548781633377,0.9411187171936035,0.7436128854751587
YMR044W,YMR210W,0,1.5234838,0.1144118383526802,0.9411187171936035,0.7437130808830261
YJL047C,YGR057C,0,1.5232527,0.11439818888902664,0.9411187171936035,0.7438132166862488
YKR008W,YBL068W,0,1.5231781,0.11438453942537308,0.9411187171936035,0.7439134120941162
YBL052C,YDR041W,0,1.5230343,0.11437089741230011,0.9411187171936035,0.7440136075019836
YGR227W,YNL092W,0,1.5229928,0.11435726284980774,0.9411187171936035,0.7441138029098511
YOR210W,YLR299W,0,1.5229716,0.11434362828731537,0.9411187171936035,0.7442139983177185
YIL041W,YIL014W,0,1.5214918,0.114329993724823,0.9411187171936035,0.7443141937255859
YMR315W,YER170W,0,1.5200851,0.11431636661291122,0.9411187171936035,0.7444143891334534
YOR038C,YDR129C,0,1.5193529,0.11430273950099945,0.9411187171936035,0.7445145845413208
YKR028W,YPL273W,0,1.5179658,0.11428911983966827,0.9411187171936035,0.7446147799491882
YFR033C,YAR008W,0,1.5176024,0.1142755001783371,0.9411187171936035,0.7447149753570557
YDR006C,YEL040W,0,1.5175312,0.11426188796758652,0.9411187171936035,0.7448151707649231
YGL226W,YPR185W,0,1.5172434,0.11424827575683594,0.9411187171936035,0.7449153661727905
YFR010W,YLR409C,0,1.5171373,0.11423466354608536,0.9411187171936035,0.7450155019760132
YJR006W,YDR190C,1,1.5164866,0.1143401637673378,0.9421001076698303,0.7450155019760132
YBR139W,YGL162W,0,1.516401,0.11432654410600662,0.9421001076698303,0.7451156973838806
YDL209C,YOR071C,0,1.5163574,0.11431293189525604,0.9421001076698303,0.745215892791748
YDR097C,YDL015C,0,1.5162117,0.11429931968450546,0.9421001076698303,0.7453160881996155
YFL045C,YIR007W,0,1.515908,0.11428571492433548,0.9421001076698303,0.7454162836074829
YMR296C,YDL077C,0,1.5158663,0.1142721101641655,0.9421001076698303,0.7455164790153503
YMR063W,YJL066C,0,1.5155172,0.11425851285457611,0.9421001076698303,0.7456166744232178
YBR162C,YNL029C,0,1.5150747,0.11424491554498672,0.9421001076698303,0.7457168698310852
YKL060C,YNL121C,0,1.5147645,0.11423131823539734,0.9421001076698303,0.7458170652389526
YLR405W,YBR149W,0,1.5141017,0.11421772837638855,0.9421001076698303,0.7459172606468201
YMR097C,YNR059W,0,1.513807,0.11420413851737976,0.9421001076698303,0.7460174560546875
YGL212W,YBR023C,0,1.513304,0.11419055610895157,0.9421001076698303,0.7461176514625549
YEL020C,YER058W,0,1.5125883,0.11417697370052338,0.9421001076698303,0.7462177872657776
YGL207W,YBR088C,1,1.5118704,0.11428231745958328,0.9430814385414124,0.7462177872657776
YNR037C,YDL119C,0,1.5113957,0.1142687276005745,0.9430814385414124,0.746317982673645
YDR454C,YGR082W,0,1.5103002,0.1142551451921463,0.9430814385414124,0.7464181780815125
YOR262W,YLL042C,0,1.5101485,0.11424156278371811,0.9430814385414124,0.7465183734893799
YBL067C,YGL115W,0,1.5100584,0.11422798037528992,0.9430814385414124,0.7466185688972473
YGL244W,YPL118W,0,1.5089014,0.11421440541744232,0.9430814385414124,0.7467187643051147
YBR215W,YDR471W,0,1.5086792,0.11420083045959473,0.9430814385414124,0.7468189597129822
YKL081W,YPL189W,0,1.5085857,0.11418726295232773,0.9430814385414124,0.7469191551208496
YCR069W,YDL044C,0,1.5083292,0.11417369544506073,0.9430814385414124,0.747019350528717
YLL018C-A,YIL133C,0,1.5082922,0.11416013538837433,0.9430814385414124,0.7471195459365845
YML008C,YHL009C,0,1.5082908,0.11414657533168793,0.9430814385414124,0.7472197413444519
YLR344W,YBL105C,0,1.5079265,0.11413301527500153,0.9430814385414124,0.7473199367523193
YGR285C,YOL119C,0,1.5079026,0.11411946266889572,0.9430814385414124,0.747420072555542
YLR009W,YEL053C,0,1.5078475,0.11410591006278992,0.9430814385414124,0.7475202679634094
YML058W,YBR043C,0,1.507797,0.11409236490726471,0.9430814385414124,0.7476204633712769
YPR165W,YDL106C,0,1.5072923,0.1140788197517395,0.9430814385414124,0.7477206587791443
YBL040C,YBR095C,0,1.5068955,0.11406528204679489,0.9430814385414124,0.7478208541870117
YOR123C,YOR210W,0,1.5068121,0.11405174434185028,0.9430814385414124,0.7479210495948792
YOL154W,YJL130C,0,1.5063326,0.11403821408748627,0.9430814385414124,0.7480212450027466
YMR044W,YOL136C,0,1.5052943,0.11402467638254166,0.9430814385414124,0.748121440410614
YOR320C,YLR417W,0,1.5052767,0.11401115357875824,0.9430814385414124,0.7482216358184814
YJL036W,YJR133W,0,1.5049002,0.11399763077497482,0.9430814385414124,0.7483218312263489
YMR266W,YJR049C,0,1.5048096,0.1139841079711914,0.9430814385414124,0.7484220266342163
YGR024C,YJR092W,0,1.5048072,0.11397058516740799,0.9430814385414124,0.748522162437439
YGL195W,YDR303C,0,1.5047269,0.11395706981420517,0.9430814385414124,0.7486223578453064
YOR361C,YPL130W,0,1.504549,0.11394356191158295,0.9430814385414124,0.7487225532531738
YGR052W,YLR347C,0,1.5045004,0.11393005400896072,0.9430814385414124,0.7488227486610413
YIL080W,YHR072W,0,1.5041835,0.1139165461063385,0.9430814385414124,0.7489229440689087
YNL216W,YFR033C,0,1.504046,0.11390304565429688,0.9430814385414124,0.7490231394767761
YNL006W,YGL175C,0,1.5036778,0.11388954520225525,0.9430814385414124,0.7491233348846436
YDL021W,YJR010W,0,1.5030894,0.11387605220079422,0.9430814385414124,0.749223530292511
YGR174C,YNL298W,0,1.5028315,0.11386255919933319,0.9430814385414124,0.7493237257003784
YMR173W,YMR293C,0,1.5020964,0.11384907364845276,0.9430814385414124,0.7494239211082458
YOR222W,YGL169W,0,1.5015965,0.11383558064699173,0.9430814385414124,0.7495241165161133
YGR087C,YPL127C,0,1.5009716,0.1138221025466919,0.9430814385414124,0.7496243119239807
YCR020W-B,YLR058C,0,1.5006156,0.11380862444639206,0.9430814385414124,0.7497244477272034
YGR178C,YGR281W,0,1.5004361,0.11379514634609222,0.9430814385414124,0.7498246431350708
YBR008C,YLL012W,0,1.500349,0.11378166824579239,0.9430814385414124,0.7499248385429382
YBR038W,YPL217C,0,1.5001063,0.11376820504665375,0.9430814385414124,0.7500250339508057
YGL065C,YOR004W,0,1.4997804,0.11375473439693451,0.9430814385414124,0.7501252293586731
YDR541C,YPR119W,0,1.4992819,0.11374127119779587,0.9430814385414124,0.7502254247665405
YNL068C,YGL219C,0,1.4992342,0.11372780799865723,0.9430814385414124,0.750325620174408
YER062C,YNL275W,0,1.4991384,0.11371435225009918,0.9430814385414124,0.7504258155822754
YDL039C,YLR022C,0,1.4987833,0.11370089650154114,0.9430814385414124,0.7505260109901428
YHR175W,YOR382W,0,1.4985344,0.11368744820356369,0.9430814385414124,0.7506262063980103
YOL113W,YGL020C,0,1.4978545,0.11367399990558624,0.9430814385414124,0.7507264018058777
YBL004W,YDR147W,0,1.4974792,0.11366055905818939,0.9430814385414124,0.7508265972137451
YMR242C,YNL041C,0,1.4967945,0.11364711076021194,0.9430814385414124,0.7509267330169678
YJR129C,YGR144W,0,1.496347,0.11363367736339569,0.9430814385414124,0.7510269284248352
YER173W,YIL143C,1,1.496336,0.11373846977949142,0.9440628290176392,0.7510269284248352
YML023C,YFL039C,1,1.4958668,0.11384324729442596,0.9450441598892212,0.7510269284248352
YGR017W,YIR031C,0,1.4955716,0.11382978409528732,0.9450441598892212,0.7511271238327026
YOR008C,YDL246C,0,1.4955194,0.11381633579730988,0.9450441598892212,0.7512273192405701
YNL002C,YDR383C,0,1.4954789,0.11380288004875183,0.9450441598892212,0.7513275146484375
YOR016C,YGL008C,0,1.4945698,0.11378943920135498,0.9450441598892212,0.7514277100563049
YER117W,YDR405W,0,1.4944055,0.11377599090337753,0.9450441598892212,0.7515279054641724
YOR073W,YMR193W,0,1.4943297,0.11376255005598068,0.9450441598892212,0.7516281008720398
YER056C,YAL031C,0,1.4943092,0.11374911665916443,0.9450441598892212,0.7517282962799072
YBR008C,YJR019C,0,1.494134,0.11373568326234818,0.9450441598892212,0.7518284916877747
YNL047C,YLL039C,0,1.4936705,0.11372224986553192,0.9450441598892212,0.7519286870956421
YKL084W,YMR077C,0,1.4931829,0.11370882391929626,0.9450441598892212,0.7520288825035095
YGR211W,YPR018W,0,1.4930434,0.11369539797306061,0.9450441598892212,0.7521290183067322
YPL093W,YOL090W,0,1.492614,0.11368197202682495,0.9450441598892212,0.7522292137145996
YBR150C,YGR183C,0,1.4923127,0.11366855353116989,0.9450441598892212,0.752329409122467
YNL095C,YCR097W,0,1.4919891,0.11365514248609543,0.9450441598892212,0.7524296045303345
YIL075C,YIL133C,0,1.4917431,0.11364172399044037,0.9450441598892212,0.7525297999382019
YCR034W,YNL297C,0,1.4916639,0.1136283203959465,0.9450441598892212,0.7526299953460693
YFL001W,YML092C,0,1.4903197,0.11361490935087204,0.9450441598892212,0.7527301907539368
YKL025C,YJR007W,0,1.4899416,0.11360151320695877,0.9450441598892212,0.7528303861618042
YLR321C,YHR123W,0,1.4898632,0.1135881096124649,0.9450441598892212,0.7529305815696716
YPR058W,YIL005W,0,1.4896224,0.11357471346855164,0.9450441598892212,0.7530307769775391
YLL043W,YPR144C,0,1.4895034,0.11356131732463837,0.9450441598892212,0.7531309723854065
YPL230W,YGR251W,0,1.4894724,0.1135479286313057,0.9450441598892212,0.7532311677932739
YKR071C,YDR470C,0,1.4887619,0.11353454738855362,0.9450441598892212,0.7533313035964966
YPR065W,YLR355C,0,1.4887102,0.11352115869522095,0.9450441598892212,0.753431499004364
YLR056W,YDR500C,0,1.4885628,0.11350777745246887,0.9450441598892212,0.7535316944122314
YOR113W,YPL224C,0,1.4884472,0.1134944036602974,0.9450441598892212,0.7536318898200989
YNL329C,YKR024C,0,1.4881644,0.11348102986812592,0.9450441598892212,0.7537320852279663
YLR323C,YJR046W,0,1.487916,0.11346765607595444,0.9450441598892212,0.7538322806358337
YBR201W,YGR095C,0,1.4877956,0.11345428973436356,0.9450441598892212,0.7539324760437012
YJR028W,YHR112C,0,1.4853098,0.11344092339277267,0.9450441598892212,0.7540326714515686
YHR066W,YIR026C,0,1.4850781,0.11342756450176239,0.9450441598892212,0.754132866859436
YAL022C,YLR190W,0,1.4844198,0.1134142056107521,0.9450441598892212,0.7542330622673035
YKL144C,YKR045C,0,1.4840868,0.11340084671974182,0.9450441598892212,0.7543332576751709
YML013W,YNL177C,0,1.4835627,0.11338749527931213,0.9450441598892212,0.7544334530830383
YOR159C,YLR367W,0,1.4833267,0.11337414383888245,0.9450441598892212,0.754533588886261
YJL081C,YDR079C-A,1,1.4826677,0.11347851902246475,0.9460254907608032,0.754533588886261
YJL083W,YLR088W,0,1.4824023,0.11346516013145447,0.9460254907608032,0.7546337842941284
YLR001C,YKL168C,0,1.4814801,0.11345180869102478,0.9460254907608032,0.7547339797019958
YBR067C,YDR392W,0,1.4804676,0.11343845725059509,0.9460254907608032,0.7548341751098633
YGR271C-A,YMR058W,0,1.480288,0.1134251058101654,0.9460254907608032,0.7549343705177307
YDL084W,YGL070C,1,1.4797955,0.11352941393852234,0.94700688123703,0.7549343705177307
YJR101W,YOR087W,0,1.4790261,0.11351605504751205,0.94700688123703,0.7550345659255981
YKL114C,YIL128W,1,1.4779499,0.113620325922966,0.9479882121086121,0.7550345659255981
YKR078W,YGR138C,0,1.4775283,0.11360695958137512,0.9479882121086121,0.7551347613334656
YGR271W,YDL077C,0,1.4768252,0.11359360069036484,0.9479882121086121,0.755234956741333
YAL031C,YPR057W,0,1.476541,0.11358024924993515,0.9479882121086121,0.7553351521492004
YMR116C,YGL139W,0,1.4763181,0.11356689035892487,0.9479882121086121,0.7554353475570679
YOR349W,YMR083W,0,1.4762526,0.11355354636907578,0.9479882121086121,0.7555355429649353
YLR312W-A,YGR255C,0,1.4758723,0.11354019492864609,0.9479882121086121,0.755635678768158
YLR191W,YKL222C,0,1.4753659,0.113526850938797,0.9479882121086121,0.7557358741760254
YDR182W,YEL019C,1,1.4753556,0.11363102495670319,0.9489696025848389,0.7557358741760254
YER138C,YOL111C,0,1.4753127,0.1136176735162735,0.9489696025848389,0.7558360695838928
YJL045W,YML128C,0,1.4752893,0.11360432207584381,0.9489696025848389,0.7559362649917603
YML032C,YDR410C,0,1.4752762,0.11359097808599472,0.9489696025848389,0.7560364603996277
YLR092W,YLR352W,0,1.4749818,0.11357763409614563,0.9489696025848389,0.7561366558074951
YJR099W,YKL134C,0,1.4749672,0.11356429755687714,0.9489696025848389,0.7562368512153625
YFL034C-A,YNL106C,0,1.474545,0.11355096101760864,0.9489696025848389,0.75633704662323
YGR040W,YKL009W,0,1.4744353,0.11353763192892075,0.9489696025848389,0.7564372420310974
YOR003W,YCL035C,0,1.4743443,0.11352430284023285,0.9489696025848389,0.7565374374389648
YIL031W,YHR193C,0,1.474251,0.11351097375154495,0.9489696025848389,0.7566376328468323
YER165W,YNL167C,0,1.4742134,0.11349765211343765,0.9489696025848389,0.7567378282546997
YPR083W,YJR070C,0,1.4739914,0.11348433047533035,0.9489696025848389,0.7568379640579224
YDR218C,YBR006W,0,1.4739587,0.11347101628780365,0.9489696025848389,0.7569381594657898
YLR380W,YDR411C,0,1.4739246,0.11345770210027695,0.9489696025848389,0.7570383548736572
YHR114W,YNL175C,0,1.4732962,0.11344439536333084,0.9489696025848389,0.7571385502815247
YCL018W,YGL070C,0,1.4732628,0.11343108862638474,0.9489696025848389,0.7572387456893921
YPR025C,YOL055C,0,1.4728677,0.11341778188943863,0.9489696025848389,0.7573389410972595
YOR382W,YJL176C,0,1.4728131,0.11340448260307312,0.9489696025848389,0.757439136505127
YNL090W,YIL114C,0,1.4721615,0.11339118331670761,0.9489696025848389,0.7575393319129944
YDR079C-A,YGL070C,1,1.4718487,0.11349513381719589,0.9499509334564209,0.7575393319129944
YBL016W,YGR199W,0,1.4718308,0.11348182708024979,0.9499509334564209,0.7576395273208618
YPL076W,YBR015C,0,1.4703598,0.11346852779388428,0.9499509334564209,0.7577397227287292
YFR024C-A,YOL165C,0,1.4703336,0.11345522850751877,0.9499509334564209,0.7578399181365967
YBL003C,YDL061C,0,1.47015,0.11344192922115326,0.9499509334564209,0.7579401135444641
YMR322C,YKL015W,0,1.4700284,0.11342863738536835,0.9499509334564209,0.7580402493476868
YER058W,YBL080C,0,1.4699569,0.11341534554958344,0.9499509334564209,0.7581404447555542
YBL036C,YLR410W,0,1.4699528,0.11340206116437912,0.9499509334564209,0.7582406401634216
YML112W,YPL016W,0,1.4695046,0.1133887767791748,0.9499509334564209,0.7583408355712891
YBR004C,YOL017W,0,1.4692764,0.11337549984455109,0.9499509334564209,0.7584410309791565
YBR182C,YHR190W,0,1.4692414,0.11336222290992737,0.9499509334564209,0.7585412263870239
YLR284C,YDR513W,0,1.4691088,0.11334894597530365,0.9499509334564209,0.7586414217948914
YBR008C,YLR043C,0,1.4689176,0.11333567649126053,0.9499509334564209,0.7587416172027588
YGR038W,YER190W,0,1.4683561,0.11332240700721741,0.9499509334564209,0.7588418126106262
YOL077W-A,YPL274W,0,1.4680912,0.11330914497375488,0.9499509334564209,0.7589420080184937
YCR023C,YCL020W,0,1.467185,0.11329588294029236,0.9499509334564209,0.7590422034263611
YIL126W,YPL204W,1,1.4670622,0.11339964717626572,0.9509322643280029,0.7590422034263611
YGL004C,YPL256C,0,1.4664934,0.1133863776922226,0.9509322643280029,0.7591423988342285
YNL075W,YBL085W,0,1.4649789,0.11337311565876007,0.9509322643280029,0.7592425346374512
YML075C,YJL176C,0,1.4637191,0.11335985362529755,0.9509322643280029,0.7593427300453186
YER017C,YIR008C,0,1.4627898,0.11334659159183502,0.9509322643280029,0.759442925453186
YJL141C,YCR102C,0,1.4627337,0.1133333370089531,0.9509322643280029,0.7595431208610535
YGR081C,YDR198C,0,1.4626527,0.11332008242607117,0.9509322643280029,0.7596433162689209
YIL142W,YNL222W,0,1.461472,0.11330682784318924,0.9509322643280029,0.7597435116767883
YLR256W,YDL132W,0,1.4613278,0.11329358071088791,0.9509322643280029,0.7598437070846558
YOL158C,YOL041C,0,1.4608269,0.11328033357858658,0.9509322643280029,0.7599439024925232
YLR393W,YGR077C,0,1.4602621,0.11326709389686584,0.9509322643280029,0.7600440979003906
YPL042C,YLR360W,0,1.4601047,0.11325385421514511,0.9509322643280029,0.7601442933082581
YIL047C,YIL043C,0,1.458996,0.11324062198400497,0.9509322643280029,0.7602444887161255
YBR002C,YKL006C-A,0,1.4583125,0.11322738975286484,0.9509322643280029,0.7603446841239929
YDR208W,YNL103W,0,1.4581382,0.1132141575217247,0.9509322643280029,0.7604448199272156
YNL307C,YIL126W,1,1.4573734,0.11331775784492493,0.9519136548042297,0.7604448199272156
YPR026W,YAL056W,0,1.4573696,0.1133045181632042,0.9519136548042297,0.760545015335083
YPL270W,YGL044C,0,1.457058,0.11329128593206406,0.9519136548042297,0.7606452107429504
YGL013C,YPR106W,0,1.4563205,0.11327805370092392,0.9519136548042297,0.7607454061508179
YAR007C,YPL022W,1,1.4560649,0.11338159441947937,0.9528949856758118,0.7607454061508179
YJR127C,YDR017C,0,1.4560294,0.11336836218833923,0.9528949856758118,0.7608456015586853
YBR061C,YPL007C,0,1.4557981,0.1133551225066185,0.9528949856758118,0.7609457969665527
YGR216C,YGL011C,0,1.4553542,0.11334189027547836,0.9528949856758118,0.7610459923744202
YGR289C,YGL148W,0,1.4553246,0.11332866549491882,0.9528949856758118,0.7611461877822876
YDL226C,YKL194C,0,1.4548974,0.11331544071435928,0.9528949856758118,0.761246383190155
YLR182W,YGR017W,0,1.4548726,0.11330221593379974,0.9528949856758118,0.7613465785980225
YDR075W,YCR087C-A,0,1.4548721,0.1132889986038208,0.9528949856758118,0.7614467740058899
YDR243C,YML128C,0,1.4542704,0.11327578127384186,0.9528949856758118,0.7615469098091125
YHR050W,YLR300W,0,1.4538689,0.11326257139444351,0.9528949856758118,0.76164710521698
YJL167W,YDR040C,0,1.4516666,0.11324936151504517,0.9528949856758118,0.7617473006248474
YJL183W,YLR209C,0,1.4515746,0.11323615163564682,0.9528949856758118,0.7618474960327148
YGR044C,YDR123C,0,1.4512932,0.11322294920682907,0.9528949856758118,0.7619476914405823
YLR251W,YLL017W,0,1.451283,0.11320974677801132,0.9528949856758118,0.7620478868484497
YDR123C,YDL232W,0,1.450531,0.11319655179977417,0.9528949856758118,0.7621480822563171
YMR278W,YLR089C,0,1.4501152,0.11318335682153702,0.9528949856758118,0.7622482776641846
YLR153C,YDL208W,0,1.4499259,0.11317016184329987,0.9528949856758118,0.762348473072052
YIR034C,YBR104W,0,1.4497192,0.11315697431564331,0.9528949856758118,0.7624486684799194
YIL083C,YHR152W,0,1.4495842,0.11314378678798676,0.9528949856758118,0.7625488638877869
YBR278W,YER069W,0,1.448333,0.1131306067109108,0.9528949856758118,0.7626490592956543
YJL004C,YIL134W,0,1.4482672,0.11311742663383484,0.9528949856758118,0.762749195098877
YDR137W,YML028W,0,1.4480996,0.11310425400733948,0.9528949856758118,0.7628493905067444
YIL031W,YNL275W,0,1.4480433,0.11309108138084412,0.9528949856758118,0.7629495859146118
YOR222W,YOR206W,0,1.4478557,0.11307790875434875,0.9528949856758118,0.7630497813224792
YGR207C,YLR005W,0,1.447725,0.11306474357843399,0.9528949856758118,0.7631499767303467
YOR094W,YDL004W,0,1.4473531,0.11305157840251923,0.9528949856758118,0.7632501721382141
YGL195W,YIL044C,0,1.4468253,0.11303841322660446,0.9528949856758118,0.7633503675460815
YOL011W,YDR381C-A,0,1.4467995,0.1130252555012703,0.9528949856758118,0.763450562953949
YDL134C,YPL183C,0,1.4465587,0.11301210522651672,0.9528949856758118,0.7635507583618164
YIR038C,YHR143W-A,0,1.4464929,0.11299895495176315,0.9528949856758118,0.7636509537696838
YCL024W,YDL040C,0,1.4460442,0.11298580467700958,0.9528949856758118,0.7637511491775513
YOR079C,YKL193C,0,1.4453597,0.11297266185283661,0.9528949856758118,0.7638513445854187
YLR260W,YDR453C,0,1.4453406,0.11295951902866364,0.9528949856758118,0.7639514803886414
YDR324C,YLR118C,0,1.4452777,0.11294637620449066,0.9528949856758118,0.7640516757965088
YJR117W,YPL015C,0,1.445204,0.11293324083089828,0.9528949856758118,0.7641518712043762
YDR518W,YDR076W,0,1.4451766,0.11292010545730591,0.9528949856758118,0.7642520666122437
YGL133W,YIL069C,0,1.4440501,0.11290697753429413,0.9528949856758118,0.7643522620201111
YHR165C,YDR461W,0,1.4435139,0.11289384961128235,0.9528949856758118,0.7644524574279785
YIL103W,YLR209C,0,1.4431639,0.11288072168827057,0.9528949856758118,0.764552652835846
YLR466W,YAL056W,0,1.4421916,0.11286760121583939,0.9528949856758118,0.7646528482437134
YKR007W,YJL180C,0,1.4420068,0.1128544881939888,0.9528949856758118,0.7647530436515808
YMR168C,YDR204W,0,1.4418843,0.11284136772155762,0.9528949856758118,0.7648532390594482
YOR375C,YER176W,0,1.4399602,0.11282826215028763,0.9528949856758118,0.7649534344673157
YOR368W,YGR132C,0,1.4399107,0.11281514912843704,0.9528949856758118,0.7650536298751831
YDR506C,YDR175C,0,1.439744,0.11280204355716705,0.9528949856758118,0.7651537656784058
YHR108W,YMR149W,0,1.439471,0.11278894543647766,0.9528949856758118,0.7652539610862732
YOL061W,YGR074W,0,1.4394143,0.11277583986520767,0.9528949856758118,0.7653541564941406
YKL001C,YMR083W,0,1.4393156,0.11276274174451828,0.9528949856758118,0.7654543519020081
YGR287C,YER035W,0,1.4391739,0.11274965107440948,0.9528949856758118,0.7655545473098755
YDR051C,YNL178W,0,1.4391153,0.11273656040430069,0.9528949856758118,0.7656547427177429
YJL035C,YDR307W,0,1.4388947,0.1127234697341919,0.9528949856758118,0.7657549381256104
YNL267W,YDR146C,0,1.438684,0.1127103865146637,0.9528949856758118,0.7658551335334778
YDL029W,YDR067C,0,1.4383318,0.1126973107457161,0.9528949856758118,0.7659553289413452
YIL098C,YNL002C,0,1.4382112,0.1126842275261879,0.9528949856758118,0.7660555243492126
YKL015W,YNL113W,0,1.4378695,0.1126711517572403,0.9528949856758118,0.7661557197570801
YJR041C,YHR216W,0,1.4378283,0.11265808343887329,0.9528949856758118,0.7662559151649475
YBR155W,YDR148C,0,1.4377108,0.11264501512050629,0.9528949856758118,0.7663560509681702
YPL270W,YHR149C,0,1.4370034,0.11263194680213928,0.9528949856758118,0.7664562463760376
YPL112C,YHR004C,0,1.4368052,0.11261887848377228,0.9528949856758118,0.766556441783905
YLR029C,YLR341W,0,1.4367721,0.11260582506656647,0.9528949856758118,0.7666566371917725
YLR103C,YGL238W,0,1.4363649,0.11259276419878006,0.9528949856758118,0.7667568325996399
YPR004C,YDR104C,0,1.4360793,0.11257971078157425,0.9528949856758118,0.7668570280075073
YPL024W,YMR183C,0,1.4359634,0.11256665736436844,0.9528949856758118,0.7669572234153748
YEL060C,YJR090C,0,1.4357622,0.11255361139774323,0.9528949856758118,0.7670574188232422
YMR046C,YML092C,0,1.4352777,0.11254056543111801,0.9528949856758118,0.7671576142311096
YNR053C,YAL030W,0,1.435056,0.1125275269150734,0.9528949856758118,0.767257809638977
YNL152W,YNL145W,0,1.4337142,0.11251448094844818,0.9528949856758118,0.7673580050468445
YPL158C,YKL175W,0,1.4337037,0.11250144988298416,0.9528949856758118,0.7674581408500671
YLR026C,YER138C,0,1.433532,0.11248841881752014,0.9528949856758118,0.7675583362579346
YPR094W,YPL058C,0,1.4332845,0.11247538775205612,0.9528949856758118,0.767658531665802
YDL047W,YKL213C,1,1.4330745,0.11257817596197128,0.9538763761520386,0.767658531665802
YDR182W,YGL190C,0,1.4327428,0.11256514489650726,0.9538763761520386,0.7677587270736694
YJR127C,YER137C,0,1.4327421,0.11255210638046265,0.9538763761520386,0.7678589224815369
YBR145W,YDR175C,0,1.4327278,0.11253907531499863,0.9538763761520386,0.7679591178894043
YPL119C,YOL112W,0,1.4323733,0.1125260442495346,0.9538763761520386,0.7680593132972717
YOR095C,YDR372C,0,1.4321363,0.11251302063465118,0.9538763761520386,0.7681595087051392
YDL175C,YBR019C,0,1.4321036,0.11249999701976776,0.9538763761520386,0.7682597041130066
YHL022C,YDR017C,0,1.4319189,0.11248698085546494,0.9538763761520386,0.768359899520874
YKL043W,YDR155C,0,1.4315464,0.11247396469116211,0.9538763761520386,0.7684600949287415
YGL226C-A,YDL004W,0,1.4313393,0.11246094852685928,0.9538763761520386,0.7685602903366089
YER145C,YGR078C,0,1.4309218,0.11244793981313705,0.9538763761520386,0.7686604261398315
YEL056W,YPL122C,1,1.4307191,0.11255060881376266,0.9548577070236206,0.7686604261398315
YDL093W,YBL011W,0,1.430419,0.11253759264945984,0.9548577070236206,0.768760621547699
YER129W,YLR277C,0,1.4302704,0.11252457648515701,0.9548577070236206,0.7688608169555664
YLR393W,YGL002W,0,1.4294815,0.11251156032085419,0.9548577070236206,0.7689610123634338
YGR205W,YLL006W,0,1.4288623,0.11249855160713196,0.9548577070236206,0.7690612077713013
YOR087W,YHR158C,0,1.4287345,0.11248555034399033,0.9548577070236206,0.7691614031791687
YIL095W,YLL028W,0,1.4286594,0.1124725490808487,0.9548577070236206,0.7692615985870361
YER119C,YBR066C,0,1.4283087,0.11245954781770706,0.9548577070236206,0.7693617939949036
YOR324C,YLR064W,0,1.4282904,0.11244655400514603,0.9548577070236206,0.769461989402771
YDR516C,YGR249W,0,1.4274335,0.11243356019258499,0.9548577070236206,0.7695621848106384
YOR388C,YJL091C,0,1.4255598,0.11242056638002396,0.9548577070236206,0.7696623802185059
YER146W,YBR028C,0,1.4249487,0.11240758001804352,0.9548577070236206,0.7697625756263733
YNL044W,YNL097C,0,1.4247735,0.11239459365606308,0.9548577070236206,0.769862711429596
YPL088W,YNL312W,0,1.4233372,0.11238161474466324,0.9548577070236206,0.7699629068374634
YJR014W,YMR015C,0,1.4229674,0.1123686358332634,0.9548577070236206,0.7700631022453308
YDL123W,YFR010W,0,1.4229367,0.11235565692186356,0.9548577070236206,0.7701632976531982
YPR065W,YDR025W,0,1.4216065,0.11234268546104431,0.9548577070236206,0.7702634930610657
YCR005C,YHL006C,0,1.42086,0.11232971400022507,0.9548577070236206,0.7703636884689331
YNL232W,YIL082W-A,0,1.4206526,0.11231674998998642,0.9548577070236206,0.7704638838768005
YNR036C,YJL034W,0,1.4201682,0.11230378597974777,0.9548577070236206,0.770564079284668
YDR023W,YFL034C-B,0,1.4200435,0.11229082196950912,0.9548577070236206,0.7706642746925354
YLR026C,YGL047W,0,1.4199209,0.11227786540985107,0.9548577070236206,0.7707644701004028
YBR230C,YML127W,0,1.4194527,0.11226491630077362,0.9548577070236206,0.7708646655082703
YOR310C,YLR166C,0,1.418472,0.11225195974111557,0.9548577070236206,0.7709648609161377
YDL064W,YBR121C,0,1.4184701,0.11223901063203812,0.9548577070236206,0.7710649967193604
YKL170W,YKL201C,0,1.4178891,0.11222606897354126,0.9548577070236206,0.7711651921272278
YGR198W,YOR327C,0,1.4178166,0.1122131273150444,0.9548577070236206,0.7712653875350952
YPL244C,YBL071W-A,0,1.4176414,0.11220018565654755,0.9548577070236206,0.7713655829429626
YPR120C,YGL255W,0,1.4174621,0.11218725144863129,0.9548577070236206,0.7714657783508301
YPL013C,YDR142C,0,1.4174488,0.11217431724071503,0.9548577070236206,0.7715659737586975
YBR234C,YPL275W,0,1.4174314,0.11216138303279877,0.9548577070236206,0.7716661691665649
YDR280W,YMR202W,0,1.4172616,0.1121484562754631,0.9548577070236206,0.7717663645744324
YNL318C,YER179W,0,1.416995,0.11213552951812744,0.9548577070236206,0.7718665599822998
YMR013C,YMR266W,0,1.4169619,0.11212261021137238,0.9548577070236206,0.7719667553901672
YJL216C,YPL162C,0,1.4166961,0.11210969090461731,0.9548577070236206,0.7720669507980347
YKL099C,YOR204W,0,1.4165657,0.11209677159786224,0.9548577070236206,0.7721671462059021
YNL110C,YGL060W,0,1.4152753,0.11208385974168777,0.9548577070236206,0.7722672820091248
YIL013C,YNL051W,0,1.4151945,0.1120709478855133,0.9548577070236206,0.7723674774169922
YAL028W,YOR327C,0,1.4148173,0.11205804347991943,0.9548577070236206,0.7724676728248596
YDR541C,YNR051C,0,1.4146838,0.11204513907432556,0.9548577070236206,0.772567868232727
YDL206W,YIL123W,0,1.4139609,0.11203224211931229,0.9548577070236206,0.7726680636405945
YDR064W,YLR133W,0,1.4134734,0.11201934516429901,0.9548577070236206,0.7727682590484619
YKL065C,YKR080W,0,1.41293,0.11200644820928574,0.9548577070236206,0.7728684544563293
YML016C,YKR055W,0,1.4123523,0.11199355125427246,0.9548577070236206,0.7729686498641968
YBR077C,YPL045W,0,1.4100401,0.11198066174983978,0.9548577070236206,0.7730688452720642
YKL015W,YLR052W,0,1.4094002,0.1119677796959877,0.9548577070236206,0.7731690406799316
YAR033W,YNL230C,0,1.4092855,0.11195489764213562,0.9548577070236206,0.7732692360877991
YER169W,YER179W,1,1.4091799,0.11205706745386124,0.9558390378952026,0.7732692360877991
YOL082W,YGL121C,0,1.408932,0.11204417049884796,0.9558390378952026,0.7733694314956665
YNL238W,YIR026C,0,1.4087946,0.11203128844499588,0.9558390378952026,0.7734695672988892
YER081W,YLR071C,0,1.4087529,0.1120183989405632,0.9558390378952026,0.7735697627067566
YNL092W,YBR275C,0,1.407824,0.11200551688671112,0.9558390378952026,0.773669958114624
YAL014C,YBL071W-A,0,1.4077356,0.11199264228343964,0.9558390378952026,0.7737701535224915
YLR323C,YOR210W,0,1.4076028,0.11197976768016815,0.9558390378952026,0.7738703489303589
YDR137W,YER069W,0,1.4075477,0.11196689307689667,0.9558390378952026,0.7739705443382263
YPR138C,YDR160W,0,1.4073212,0.11195402592420578,0.9558390378952026,0.7740707397460938
YKL137W,YOR010C,0,1.407027,0.11194115877151489,0.9558390378952026,0.7741709351539612
YIL066C,YDR267C,0,1.406842,0.111928291618824,0.9558390378952026,0.7742711305618286
YOR198C,YMR225C,0,1.4065859,0.11191543191671371,0.9558390378952026,0.774371325969696
YMR261C,YOL086C,0,1.4063618,0.11190257221460342,0.9558390378952026,0.7744715213775635
YDL126C,YKL074C,0,1.4056001,0.11188971996307373,0.9558390378952026,0.7745716571807861
YPR094W,YER101C,0,1.4049602,0.11187686771154404,0.9558390378952026,0.7746718525886536
YHR001W,YKR006C,0,1.4046452,0.11186401546001434,0.9558390378952026,0.774772047996521
YLR148W,YBR233W-A,0,1.4045799,0.11185117065906525,0.9558390378952026,0.7748722434043884
YOR110W,YDR292C,0,1.4036295,0.11183832585811615,0.9558390378952026,0.7749724388122559
YOR243C,YJL002C,0,1.4013228,0.11182548850774765,0.9558390378952026,0.7750726342201233
YDR316W,YKL190W,0,1.4013014,0.11181265115737915,0.9558390378952026,0.7751728296279907
YNL116W,YER145C,0,1.4009707,0.11179981380701065,0.9558390378952026,0.7752730250358582
YER162C,YMR182C,0,1.4006534,0.11178698390722275,0.9558390378952026,0.7753732204437256
YKL191W,YOR122C,0,1.3997605,0.11177415400743484,0.9558390378952026,0.775473415851593
YHR118C,YDR395W,0,1.3997433,0.11176133155822754,0.9558390378952026,0.7755736112594604
YCR043C,YHL050C,0,1.39957,0.11174850910902023,0.9558390378952026,0.7756738066673279
YHR154W,YML023C,1,1.399461,0.11185041069984436,0.9568204283714294,0.7756738066673279
YMR300C,YLR300W,0,1.3991876,0.11183758080005646,0.9568204283714294,0.7757739424705505
YGL100W,YBR093C,0,1.3991642,0.11182475090026855,0.9568204283714294,0.775874137878418
YHR041C,YBR233W-A,0,1.3988576,0.11181192845106125,0.9568204283714294,0.7759743332862854
YDR280W,YIR038C,0,1.3982832,0.11179910600185394,0.9568204283714294,0.7760745286941528
YEL012W,YMR156C,0,1.3981874,0.11178629100322723,0.9568204283714294,0.7761747241020203
YDR516C,YMR035W,0,1.3980451,0.11177347600460052,0.9568204283714294,0.7762749195098877
YNR032W,YDL214C,0,1.3977687,0.11176066100597382,0.9568204283714294,0.7763751149177551
YNL299W,YML060W,1,1.3973732,0.11186246573925018,0.9578017592430115,0.7763751149177551
YDR182W,YKR056W,1,1.3970156,0.11196424812078476,0.9587831497192383,0.7763751149177551
YLR239C,YAL042W,0,1.3966799,0.11195141822099686,0.9587831497192383,0.7764753103256226
YBL101C,YOL128C,0,1.3965921,0.11193858832120895,0.9587831497192383,0.77657550573349
YDR164C,YLL045C,0,1.3963053,0.11192576587200165,0.9587831497192383,0.7766757011413574
YGL077C,YHL001W,0,1.3958781,0.11191294342279434,0.9587831497192383,0.7767758965492249
YLL005C,YOL021C,0,1.3958318,0.11190012842416763,0.9587831497192383,0.7768760919570923
YOR349W,YLR016C,0,1.3956206,0.11188731342554092,0.9587831497192383,0.7769762277603149
YOL076W,YLR051C,0,1.3952808,0.11187449842691422,0.9587831497192383,0.7770764231681824
YDR005C,YBR169C,0,1.3949995,0.1118616908788681,0.9587831497192383,0.7771766185760498
YDR170C,YBR015C,0,1.3948379,0.11184888333082199,0.9587831497192383,0.7772768139839172
YMR260C,YBR028C,0,1.3945909,0.11183608323335648,0.9587831497192383,0.7773770093917847
YHR135C,YLR089C,0,1.3945322,0.11182328313589096,0.9587831497192383,0.7774772047996521
YPL140C,YKL043W,0,1.3942289,0.11181048303842545,0.9587831497192383,0.7775774002075195
YGR103W,YER016W,0,1.3939037,0.11179769039154053,0.9587831497192383,0.777677595615387
YDL245C,YIL031W,0,1.393863,0.11178489774465561,0.9587831497192383,0.7777777910232544
YGL190C,YOR222W,0,1.3936505,0.11177210509777069,0.9587831497192383,0.7778779864311218
YOR158W,YKR042W,0,1.3931823,0.11175931990146637,0.9587831497192383,0.7779781818389893
YJL127C,YNL085W,1,1.3928857,0.11186091601848602,0.9597644805908203,0.7779781818389893
YLR268W,YGL234W,0,1.3927989,0.1118481233716011,0.9597644805908203,0.7780783772468567
YOL029C,YLR409C,0,1.3926282,0.11183533817529678,0.9597644805908203,0.7781785130500793
YGR209C,YBR005W,0,1.3926108,0.11182254552841187,0.9597644805908203,0.7782787084579468
YNL037C,YPR011C,0,1.3925266,0.11180976033210754,0.9597644805908203,0.7783789038658142
YKL058W,YCR024C,0,1.3922646,0.11179698258638382,0.9597644805908203,0.7784790992736816
YNR063W,YAL042W,0,1.3918183,0.1117842048406601,0.9597644805908203,0.7785792946815491
YGR202C,YLR107W,0,1.391814,0.11177142709493637,0.9597644805908203,0.7786794900894165
YHR214W,YGL079W,0,1.3914862,0.11175865679979324,0.9597644805908203,0.7787796854972839
YIL021W,YER032W,0,1.391012,0.11174588650465012,0.9597644805908203,0.7788798809051514
YDL012C,YGL234W,0,1.390912,0.11173312366008759,0.9597644805908203,0.7789800763130188
YLR034C,YFR045W,0,1.3907168,0.11172035336494446,0.9597644805908203,0.7790802717208862
YNR067C,YMR308C,0,1.390357,0.11170759797096252,0.9597644805908203,0.7791804671287537
YJR132W,YDR211W,0,1.389648,0.1116948351264,0.9597644805908203,0.7792806625366211
YGR231C,YIL117C,0,1.3895199,0.11168207973241806,0.9597644805908203,0.7793807983398438
YIL016W,YKL046C,0,1.3894689,0.11166933178901672,0.9597644805908203,0.7794809937477112
YGR257C,YNL130C,0,1.3886263,0.11165658384561539,0.9597644805908203,0.7795811891555786
YPL032C,YNL051W,0,1.3885329,0.11164383590221405,0.9597644805908203,0.779681384563446
YBR083W,YDR268W,0,1.387552,0.11163109540939331,0.9597644805908203,0.7797815799713135
YKR081C,YNL090W,0,1.3871641,0.11161835491657257,0.9597644805908203,0.7798817753791809
YJR051W,YNL085W,0,1.3866327,0.11160561442375183,0.9597644805908203,0.7799819707870483
YPL171C,YBR295W,0,1.3865807,0.11159288138151169,0.9597644805908203,0.7800821661949158
YNL297C,YJR131W,0,1.3864391,0.11158014833927155,0.9597644805908203,0.7801823616027832
YGR128C,YOR312C,0,1.3862574,0.111567422747612,0.9597644805908203,0.7802825570106506
YLR193C,YKL013C,0,1.3860044,0.11155469715595245,0.9597644805908203,0.7803827524185181
YHR061C,YCR060W,0,1.3859289,0.11154197156429291,0.9597644805908203,0.7804828882217407
YCR045C,YPR057W,0,1.3850906,0.11152925342321396,0.9597644805908203,0.7805830836296082
YLR205C,YCR063W,0,1.3848798,0.11151653528213501,0.9597644805908203,0.7806832790374756
YPL061W,YMR061W,0,1.3844731,0.11150381714105606,0.9597644805908203,0.780783474445343
YMR002W,YLR248W,0,1.3844585,0.11149110645055771,0.9597644805908203,0.7808836698532104
YOR393W,YOR191W,0,1.3843868,0.11147840321063995,0.9597644805908203,0.7809838652610779
YHR108W,YGL002W,0,1.384165,0.1114656925201416,0.9597644805908203,0.7810840606689453
YCL035C,YHR008C,0,1.3841298,0.11145298928022385,0.9597644805908203,0.7811842560768127
YPR134W,YCR079W,0,1.3836291,0.11144029349088669,0.9597644805908203,0.7812844514846802
YNL072W,YBL076C,0,1.383302,0.11142759770154953,0.9597644805908203,0.7813846468925476
YLR035C,YDL081C,0,1.3823965,0.11141490191221237,0.9597644805908203,0.781484842300415
YDR023W,YOL011W,0,1.3822429,0.11140220612287521,0.9597644805908203,0.7815850377082825
YIL157C,YDL113C,0,1.3821864,0.11138952523469925,0.9597644805908203,0.7816851735115051
YIL067C,YNL005C,0,1.3817029,0.11137683689594269,0.9597644805908203,0.7817853689193726
YLL048C,YDR082W,0,1.381252,0.11136415600776672,0.9597644805908203,0.78188556432724
YEL020C,YHR113W,0,1.3812487,0.11135147511959076,0.9597644805908203,0.7819857597351074
YOR256C,YKL093W,0,1.3808022,0.1113387942314148,0.9597644805908203,0.7820859551429749
YMR231W,YOR215C,0,1.3805852,0.11132612079381943,0.9597644805908203,0.7821861505508423
YOR068C,YIL050W,0,1.3801138,0.11131345480680466,0.9597644805908203,0.7822863459587097
YHR057C,YDL031W,0,1.3796024,0.11130078881978989,0.9597644805908203,0.7823865413665771
YLR393W,YIL133C,0,1.379364,0.11128812283277512,0.9597644805908203,0.7824867367744446
YGL085W,YKR096W,0,1.378706,0.11127545684576035,0.9597644805908203,0.782586932182312
YDL236W,YLR141W,0,1.378149,0.11126279830932617,0.9597644805908203,0.7826871275901794
YMR015C,YLR165C,0,1.3781252,0.111250139772892,0.9597644805908203,0.7827873229980469
YPR148C,YOR158W,0,1.3770661,0.11123748868703842,0.9597644805908203,0.7828874588012695
YLR270W,YER002W,0,1.3767841,0.11122483760118484,0.9597644805908203,0.782987654209137
YGL148W,YDR394W,0,1.3762262,0.11121218651533127,0.9597644805908203,0.7830878496170044
YGR143W,YMR301C,0,1.3755913,0.11119954288005829,0.9597644805908203,0.7831880450248718
YOR291W,YFR055W,0,1.3749256,0.1111869066953659,0.9597644805908203,0.7832882404327393
YKL061W,YNL055C,0,1.3742268,0.11117426306009293,0.9597644805908203,0.7833884358406067
YMR183C,YNL131W,0,1.3736846,0.11116162687540054,0.9597644805908203,0.7834886312484741
YMR058W,YIR039C,0,1.3736153,0.11114899069070816,0.9597644805908203,0.7835888266563416
YGL225W,YLL052C,0,1.3734198,0.11113636195659637,0.9597644805908203,0.783689022064209
YBR112C,YNL302C,0,1.3730567,0.11112373322248459,0.9597644805908203,0.7837892174720764
YAL029C,YNL095C,0,1.3728843,0.1111111119389534,0.9597644805908203,0.7838894128799438
YGL139W,YNL238W,0,1.3726017,0.11109849065542221,0.9597644805908203,0.7839896082878113
YNL261W,YOR130C,0,1.3725224,0.11108586937189102,0.9597644805908203,0.7840897440910339
YMR167W,YDR173C,0,1.3725078,0.11107325553894043,0.9597644805908203,0.7841899394989014
YIL094C,YDL046W,0,1.371927,0.11106064170598984,0.9597644805908203,0.7842901349067688
YDL105W,YIL064W,0,1.3714383,0.11104802787303925,0.9597644805908203,0.7843903303146362
YCR046C,YPL139C,0,1.3712726,0.11103542149066925,0.9597644805908203,0.7844905257225037
YDR178W,YLR440C,0,1.3707979,0.11102281510829926,0.9597644805908203,0.7845907211303711
YJR137C,YDR346C,0,1.3705873,0.11101021617650986,0.9597644805908203,0.7846909165382385
YLR247C,YLR361C,0,1.3703525,0.11099761724472046,0.9597644805908203,0.784791111946106
YGR038W,YEL022W,0,1.3698869,0.11098501831293106,0.9597644805908203,0.7848913073539734
YLR185W,YGR208W,0,1.3698342,0.11097242683172226,0.9597644805908203,0.7849915027618408
YGL172W,YPL020C,0,1.3697271,0.11095983535051346,0.9597644805908203,0.7850916981697083
YKR066C,YOR252W,0,1.3695827,0.11094725131988525,0.9597644805908203,0.7851918935775757
YLR429W,YIL131C,0,1.3690989,0.11093466728925705,0.9597644805908203,0.7852920293807983
YNL130C,YHR139C,0,1.3689449,0.11092208325862885,0.9597644805908203,0.7853922247886658
YCR073C,YDL049C,0,1.3670528,0.11090950667858124,0.9597644805908203,0.7854924201965332
YDL015C,YNL160W,0,1.3670506,0.11089693009853363,0.9597644805908203,0.7855926156044006
YPL268W,YNL145W,0,1.3669367,0.11088435351848602,0.9597644805908203,0.7856928110122681
YDL245C,YJR107W,0,1.3665824,0.11087178438901901,0.9597644805908203,0.7857930064201355
YPR124W,YHR203C,0,1.366286,0.110859215259552,0.9597644805908203,0.7858932018280029
YKL210W,YHR106W,0,1.3661051,0.11084665358066559,0.9597644805908203,0.7859933972358704
YGR206W,YNL336W,0,1.3658781,0.11083409190177917,0.9597644805908203,0.7860935926437378
YOR349W,YHR043C,0,1.3657832,0.11082153022289276,0.9597644805908203,0.7861937880516052
YPL129W,YDR528W,0,1.3652227,0.11080897599458694,0.9597644805908203,0.7862939834594727
YNL330C,YJL090C,1,1.3650656,0.11090970784425735,0.9607458114624023,0.7862939834594727
YFL056C,YKR096W,0,1.3649585,0.11089714616537094,0.9607458114624023,0.7863941192626953
YNR032C-A,YLR225C,0,1.3646429,0.11088458448648453,0.9607458114624023,0.7864943146705627
YOL016C,YBL071W-A,0,1.3646188,0.11087203025817871,0.9607458114624023,0.7865945100784302
YDR489W,YFL050C,0,1.3631718,0.1108594760298729,0.9607458114624023,0.7866947054862976
YDR476C,YDL119C,0,1.3617806,0.11084692180156708,0.9607458114624023,0.786794900894165
YOL088C,YKR006C,0,1.3597047,0.11083436757326126,0.9607458114624023,0.7868950963020325
YBR208C,YPR083W,0,1.357492,0.11082182824611664,0.9607458114624023,0.7869952917098999
YGR120C,YNL263C,0,1.3570302,0.11080928146839142,0.9607458114624023,0.7870954871177673
YPL099C,YMR237W,0,1.356905,0.1107967421412468,0.9607458114624023,0.7871956825256348
YDL135C,YDR517W,0,1.3566432,0.11078420281410217,0.9607458114624023,0.7872958779335022
YHL027W,YMR025W,0,1.3563888,0.11077167093753815,0.9607458114624023,0.7873960733413696
YPL134C,YPR066W,0,1.3555124,0.11075913906097412,0.9607458114624023,0.7874962687492371
YPR043W,YDR218C,0,1.3552847,0.1107466071844101,0.9607458114624023,0.7875964045524597
YER056C,YKL096W,0,1.3539457,0.11073408275842667,0.9607458114624023,0.7876965999603271
YDL213C,YDR245W,0,1.3532681,0.11072155833244324,0.9607458114624023,0.7877967953681946
YGL171W,YBL045C,0,1.3528981,0.11070903390645981,0.9607458114624023,0.787896990776062
YMR275C,YHR216W,0,1.3524888,0.11069651693105698,0.9607458114624023,0.7879971861839294
YPR037C,YKR026C,0,1.3515694,0.11068399995565414,0.9607458114624023,0.7880973815917969
YGL226W,YKL165C,0,1.3513026,0.11067149043083191,0.9607458114624023,0.7881975769996643
YGR105W,YNL284C,0,1.3505642,0.11065898090600967,0.9607458114624023,0.7882977724075317
YDR499W,YDR399W,0,1.3500764,0.11064647138118744,0.9607458114624023,0.7883979678153992
YIR004W,YNR052C,0,1.3496008,0.1106339693069458,0.9607458114624023,0.7884981632232666
YPL179W,YMR035W,0,1.3481021,0.11062146723270416,0.9607458114624023,0.788598358631134
YMR067C,YBR247C,0,1.3474553,0.11060897260904312,0.9607458114624023,0.7886985540390015
YPL139C,YBR233W-A,0,1.3472984,0.11059647798538208,0.9607458114624023,0.7887986898422241
YOR295W,YDR194C,0,1.3472564,0.11058398336172104,0.9607458114624023,0.7888988852500916
YKL182W,YNL029C,0,1.3470693,0.1105714961886406,0.9607458114624023,0.788999080657959
YDR111C,YML101C,0,1.3463676,0.11055900901556015,0.9607458114624023,0.7890992760658264
YCL043C,YBR233W-A,0,1.3459404,0.1105465218424797,0.9607458114624023,0.7891994714736938
YPR180W,YLL023C,0,1.3457334,0.11053404211997986,0.9607458114624023,0.7892996668815613
YBR295W,YDL222C,0,1.3457301,0.11052156239748001,0.9607458114624023,0.7893998622894287
YDR078C,YGR055W,0,1.3451877,0.11050909012556076,0.9607458114624023,0.7895000576972961
YOL077W-A,YPL244C,0,1.3450768,0.11049661040306091,0.9607458114624023,0.7896002531051636
YGR118W,YIL128W,0,1.344682,0.11048414558172226,0.9607458114624023,0.789700448513031
YHL013C,YMR268C,0,1.3446734,0.11047167330980301,0.9607458114624023,0.7898006439208984
YML024W,YJR108W,0,1.3443086,0.11045921593904495,0.9607458114624023,0.7899008393287659
YFL052W,YHR121W,0,1.343277,0.1104467511177063,0.9607458114624023,0.7900009751319885
YOR382W,YLR016C,0,1.3430257,0.11043429374694824,0.9607458114624023,0.790101170539856
YPR110C,YGL107C,0,1.3420975,0.11042183637619019,0.9607458114624023,0.7902013659477234
YPL230W,YOR158W,0,1.3418062,0.11040938645601273,0.9607458114624023,0.7903015613555908
YBR261C,YHR183W,0,1.341476,0.11039692908525467,0.9607458114624023,0.7904017567634583
YLR340W,YOL132W,0,1.3414397,0.1103844866156578,0.9607458114624023,0.7905019521713257
YML112W,YMR200W,0,1.3412411,0.11037204414606094,0.9607458114624023,0.7906021475791931
YFL055W,YKL222C,0,1.3411341,0.11035960167646408,0.9607458114624023,0.7907023429870605
YBR135W,YIR004W,0,1.3410683,0.11034715920686722,0.9607458114624023,0.790802538394928
YLR362W,YJR044C,0,1.3408644,0.11033472418785095,0.9607458114624023,0.7909027338027954
YNL225C,YER094C,0,1.340797,0.11032228916883469,0.9607458114624023,0.7910029292106628
YFR018C,YAR033W,0,1.3407657,0.11030986160039902,0.9607458114624023,0.7911031246185303
YOR017W,YDR300C,0,1.3405159,0.11029743403196335,0.9607458114624023,0.7912032604217529
YPL259C,YMR149W,0,1.339679,0.11028500646352768,0.9607458114624023,0.7913034558296204
YLR002C,YDR173C,0,1.3392,0.11027258634567261,0.9607458114624023,0.7914036512374878
YLL036C,YGL070C,1,1.339005,0.11037278920412064,0.9617272019386292,0.7914036512374878
YLR345W,YOR236W,0,1.3387606,0.11036036163568497,0.9617272019386292,0.7915038466453552
YJL002C,YER003C,0,1.3382115,0.1103479340672493,0.9617272019386292,0.7916040420532227
YMR234W,YNL029C,0,1.3381429,0.11033550649881363,0.9617272019386292,0.7917042374610901
YMR134W,YGL073W,0,1.3380327,0.11032308638095856,0.9617272019386292,0.7918044328689575
YGR225W,YLR262C,0,1.3372543,0.11031067371368408,0.9617272019386292,0.791904628276825
YML069W,YGL207W,1,1.337182,0.11041080206632614,0.9627085328102112,0.791904628276825
YIL168W,YPR066W,0,1.3357959,0.11039838194847107,0.9627085328102112,0.7920048236846924
YHR174W,YDR490C,0,1.3357811,0.1103859543800354,0.9627085328102112,0.7921050190925598
YPL066W,YNL069C,0,1.3357546,0.11037353426218033,0.9627085328102112,0.7922052145004272
YDR100W,YCR016W,0,1.3353593,0.11036112159490585,0.9627085328102112,0.7923054099082947
YGL028C,YJL116C,0,1.3352017,0.11034870892763138,0.9627085328102112,0.7924055457115173
YAL022C,YMR134W,0,1.3350933,0.1103362962603569,0.9627085328102112,0.7925057411193848
YER031C,YNL271C,0,1.3349049,0.11032388359308243,0.9627085328102112,0.7926059365272522
YLR323C,YKR007W,0,1.3346024,0.11031147837638855,0.9627085328102112,0.7927061319351196
YIL048W,YLR247C,0,1.3332729,0.11029908061027527,0.9627085328102112,0.7928063273429871
YGR142W,YJL159W,0,1.3332024,0.11028667539358139,0.9627085328102112,0.7929065227508545
YJL091C,YGR133W,0,1.3326731,0.11027427762746811,0.9627085328102112,0.7930067181587219
YOR321W,YKR035W-A,0,1.3326116,0.11026188731193542,0.9627085328102112,0.7931069135665894
YJR105W,YJR067C,0,1.3323257,0.11024949699640274,0.9627085328102112,0.7932071089744568
YDR006C,YNR046W,0,1.3317337,0.11023710668087006,0.9627085328102112,0.7933073043823242
YNR002C,YIR018W,0,1.3313899,0.11022471636533737,0.9627085328102112,0.7934074997901917
YGR010W,YKR079C,0,1.3287687,0.11021233350038528,0.9627085328102112,0.7935076355934143
YJR159W,YJR034W,0,1.3284497,0.1101999580860138,0.9627085328102112,0.7936078310012817
YFR024C-A,YOR177C,0,1.3281734,0.1101875752210617,0.9627085328102112,0.7937080264091492
YLL055W,YBR279W,0,1.3281314,0.11017519980669022,0.9627085328102112,0.7938082218170166
YGL060W,YEL048C,0,1.3273909,0.11016283184289932,0.9627085328102112,0.793908417224884
YMR115W,YIL030C,0,1.32725,0.11015046387910843,0.9627085328102112,0.7940086126327515
YGR138C,YGL226W,0,1.3268421,0.11013809591531754,0.9627085328102112,0.7941088080406189
YBR016W,YOR312C,0,1.326452,0.11012572795152664,0.9627085328102112,0.7942090034484863
YJL035C,YMR146C,0,1.3263712,0.11011336743831635,0.9627085328102112,0.7943091988563538
YMR220W,YKR085C,0,1.3262947,0.11010100692510605,0.9627085328102112,0.7944093942642212
YLR259C,YOR304C-A,0,1.3262489,0.11008865386247635,0.9627085328102112,0.7945095896720886
YBR152W,YDL181W,0,1.3258004,0.11007630079984665,0.9627085328102112,0.794609785079956
YPL001W,YPR079W,0,1.3254383,0.11006395518779755,0.9627085328102112,0.7947099208831787
YNL264C,YNL134C,0,1.3254371,0.11005160212516785,0.9627085328102112,0.7948101162910461
YPR119W,YPL217C,0,1.3252497,0.11003925651311874,0.9627085328102112,0.7949103116989136
YBL005W-A,YOL058W,0,1.3252332,0.11002691835165024,0.9627085328102112,0.795010507106781
YDL245C,YIR033W,0,1.3250234,0.11001458019018173,0.9627085328102112,0.7951107025146484
YDR100W,YHR132C,0,1.3248415,0.11000224202871323,0.9627085328102112,0.7952108979225159
YNR059W,YDL076C,0,1.3244176,0.10998991131782532,0.9627085328102112,0.7953110933303833
YML058W-A,YKL127W,0,1.3242974,0.10997758060693741,0.9627085328102112,0.7954112887382507
YJL200C,YHR154W,0,1.3239701,0.1099652498960495,0.9627085328102112,0.7955114841461182
YIL140W,YBR104W,0,1.3238299,0.10995292663574219,0.9627085328102112,0.7956116795539856
YOR361C,YKR036C,0,1.3236458,0.10994060337543488,0.9627085328102112,0.795711874961853
YER008C,YNL070W,0,1.3234816,0.10992828011512756,0.9627085328102112,0.7958120703697205
YNL083W,YER150W,0,1.3233259,0.10991596430540085,0.9627085328102112,0.7959122061729431
YLR042C,YIL076W,0,1.3227346,0.10990365594625473,0.9627085328102112,0.7960124015808105
YBR200W,YIL097W,0,1.3224275,0.10989134013652802,0.9627085328102112,0.796112596988678
YML058W-A,YPL132W,0,1.320493,0.1098790317773819,0.9627085328102112,0.7962127923965454
YBR162W-A,YGR225W,0,1.3203304,0.10986672341823578,0.9627085328102112,0.7963129878044128
YNL005C,YJL196C,0,1.3195212,0.10985442250967026,0.9627085328102112,0.7964131832122803
YGL167C,YNL239W,0,1.3194282,0.10984212160110474,0.9627085328102112,0.7965133786201477
YMR262W,YBR162W-A,0,1.3189702,0.10982982814311981,0.9627085328102112,0.7966135740280151
YDR423C,YOR103C,0,1.3187187,0.10981752723455429,0.9627085328102112,0.7967137694358826
YBL102W,YJR086W,0,1.3185768,0.10980524122714996,0.9627085328102112,0.79681396484375
YDR059C,YHR056C,0,1.3182607,0.10979294776916504,0.9627085328102112,0.7969141602516174
YPL076W,YJR138W,0,1.3178685,0.10978066176176071,0.9627085328102112,0.7970143556594849
YGR007W,YGL008C,0,1.3175972,0.10976837575435638,0.9627085328102112,0.7971144914627075
YKL167C,YDR039C,0,1.3170078,0.10975609719753265,0.9627085328102112,0.797214686870575
YFR042W,YGL196W,0,1.3167472,0.10974381864070892,0.9627085328102112,0.7973148822784424
YDL102W,YDR322C-A,0,1.3165994,0.10973154008388519,0.9627085328102112,0.7974150776863098
YIL036W,YHL033C,0,1.3163073,0.10971926897764206,0.9627085328102112,0.7975152730941772
YHR108W,YOL096C,0,1.3160605,0.10970699787139893,0.9627085328102112,0.7976154685020447
YGR288W,YNL298W,0,1.3152962,0.10969473421573639,0.9627085328102112,0.7977156639099121
YER007C-A,YPR097W,0,1.3152559,0.10968247056007385,0.9627085328102112,0.7978158593177795
YLR330W,YGL085W,0,1.3146486,0.10967020690441132,0.9627085328102112,0.797916054725647
YCR043C,YFR028C,0,1.3136106,0.10965795069932938,0.9627085328102112,0.7980162501335144
YBL046W,YPL049C,0,1.3125873,0.10964569449424744,0.9627085328102112,0.7981164455413818
YLR044C,YBR177C,0,1.3123283,0.1096334382891655,0.9627085328102112,0.7982166409492493
YOL110W,YOR208W,0,1.3117096,0.10962118953466415,0.9627085328102112,0.7983167767524719
YNL081C,YNL072W,0,1.3113463,0.10960894078016281,0.9627085328102112,0.7984169721603394
YAL039C,YOR196C,0,1.3110621,0.10959669202566147,0.9627085328102112,0.7985171675682068
YGR084C,YPR169W,0,1.3103578,0.10958445072174072,0.9627085328102112,0.7986173629760742
YMR156C,YJR083C,0,1.3102286,0.10957220941781998,0.9627085328102112,0.7987175583839417
YNL264C,YLR153C,0,1.3100603,0.10955997556447983,0.9627085328102112,0.7988177537918091
YDR092W,YDR076W,1,1.3100312,0.10965941101312637,0.9636898636817932,0.7988177537918091
YDL226C,YER130C,0,1.3099358,0.10964716225862503,0.9636898636817932,0.7989179491996765
YKL053C-A,YNL302C,0,1.3093929,0.10963492095470428,0.9636898636817932,0.799018144607544
YPR020W,YHL002W,0,1.309382,0.10962268710136414,0.9636898636817932,0.7991183400154114
YNL307C,YLR275W,0,1.3091486,0.10961044579744339,0.9636898636817932,0.7992185354232788
YOR311C,YNL163C,0,1.309062,0.10959821194410324,0.9636898636817932,0.7993187308311462
YJL098W,YGL107C,0,1.308995,0.10958598554134369,0.9636898636817932,0.7994188666343689
YGR221C,YLL006W,0,1.3087921,0.10957375913858414,0.9636898636817932,0.7995190620422363
YIL083C,YNL232W,0,1.3087716,0.10956153273582458,0.9636898636817932,0.7996192574501038
YDR441C,YPL020C,0,1.3087244,0.10954930633306503,0.9636898636817932,0.7997194528579712
YKL167C,YMR079W,0,1.3085997,0.10953708738088608,0.9636898636817932,0.7998196482658386
YFR004W,YGR034W,0,1.3079057,0.10952486842870712,0.9636898636817932,0.799919843673706
YKR068C,YKR055W,0,1.3075724,0.10951265692710876,0.9636898636817932,0.8000200390815735
YPL072W,YDR276C,0,1.3069091,0.1095004454255104,0.9636898636817932,0.8001202344894409
YKL130C,YPR124W,0,1.3063612,0.10948823392391205,0.9636898636817932,0.8002204298973083
YGR205W,YMR237W,0,1.3062806,0.10947602987289429,0.9636898636817932,0.8003206253051758
YGR253C,YJL050W,0,1.3060756,0.10946382582187653,0.9636898636817932,0.8004208207130432
YDR159W,YKR008W,1,1.3059206,0.10956308245658875,0.96467125415802,0.8004208207130432
YOR005C,YFL039C,1,1.3051422,0.10966231673955917,0.965652585029602,0.8004208207130432
YFL026W,YBR146W,0,1.3046124,0.10965009778738022,0.965652585029602,0.8005210161209106
YDL093W,YBR039W,0,1.3036964,0.10963788628578186,0.965652585029602,0.8006211519241333
YEL042W,YDL202W,0,1.303086,0.1096256673336029,0.965652585029602,0.8007213473320007
YNL258C,YPL152W,0,1.3030322,0.10961345583200455,0.965652585029602,0.8008215427398682
YLR208W,YIL052C,0,1.3029139,0.10960124433040619,0.965652585029602,0.8009217381477356
YGR082W,YDL174C,0,1.3027909,0.10958904027938843,0.965652585029602,0.801021933555603
YPL126W,YEL020W-A,0,1.3027704,0.10957683622837067,0.965652585029602,0.8011221289634705
YBL068W,YDR472W,0,1.3022392,0.1095646396279335,0.965652585029602,0.8012223243713379
YKL093W,YDL212W,0,1.3019729,0.10955243557691574,0.965652585029602,0.8013225197792053
YFL013C,YDR349C,0,1.3014505,0.10954023897647858,0.965652585029602,0.8014227151870728
YLL053C,YLR058C,0,1.3009098,0.10952804982662201,0.965652585029602,0.8015229105949402
YOR056C,YMR234W,0,1.3008626,0.10951586067676544,0.965652585029602,0.8016231060028076
YOL130W,YBL085W,0,1.3003476,0.10950367152690887,0.965652585029602,0.801723301410675
YIR004W,YLL006W,0,1.3001089,0.1094914898276329,0.965652585029602,0.8018234372138977
YDR165W,YMR001C,0,1.3000851,0.10947930812835693,0.965652585029602,0.8019236326217651
YGL170C,YAL009W,0,1.2997217,0.10946712642908096,0.965652585029602,0.8020238280296326
YLR278C,YKL175W,0,1.2992191,0.10945495218038559,0.965652585029602,0.8021240234375
YNL134C,YKL132C,0,1.2990189,0.10944277793169022,0.965652585029602,0.8022242188453674
YKL114C,YBR087W,1,1.2989683,0.10954181849956512,0.9666339755058289,0.8022242188453674
YMR161W,YGL058W,0,1.2988002,0.10952963680028915,0.9666339755058289,0.8023244142532349
YKL003C,YER157W,0,1.2984557,0.10951745510101318,0.9666339755058289,0.8024246096611023
YDL100C,YGR205W,0,1.2982471,0.10950528085231781,0.9666339755058289,0.8025248050689697
YGL016W,YER170W,0,1.2979147,0.10949310660362244,0.9666339755058289,0.8026250004768372
YOL016C,YBR233W-A,0,1.2977552,0.10948093980550766,0.9666339755058289,0.8027251958847046
YBR170C,YDL058W,0,1.2974977,0.10946877300739288,0.9666339755058289,0.802825391292572
YCR011C,YGR166W,0,1.2974439,0.1094566062092781,0.9666339755058289,0.8029255867004395
YDL123W,YJR027W,0,1.2971921,0.10944444686174393,0.9666339755058289,0.8030257225036621
YMR117C,YNL062C,0,1.2967455,0.10943228751420975,0.9666339755058289,0.8031259179115295
YDR499W,YOL095C,1,1.2957222,0.1095312163233757,0.9676153063774109,0.8031259179115295
YDR155C,YER042W,0,1.2955036,0.10951904952526093,0.9676153063774109,0.803226113319397
YKL035W,YGR208W,0,1.2947905,0.10950688272714615,0.9676153063774109,0.8033263087272644
YCL025C,YDL064W,0,1.2945602,0.10949472337961197,0.9676153063774109,0.8034265041351318
YER023W,YGR229C,0,1.2945173,0.10948256403207779,0.9676153063774109,0.8035266995429993
YLR405W,YGR231C,0,1.2944028,0.1094704121351242,0.9676153063774109,0.8036268949508667
YHR214W,YLL052C,0,1.2941675,0.10945826023817062,0.9676153063774109,0.8037270903587341
YML128C,YER103W,0,1.2938492,0.10944610834121704,0.9676153063774109,0.8038272857666016
YPL012W,YLL014W,0,1.2935421,0.10943396389484406,0.9676153063774109,0.803927481174469
YKL081W,YPL002C,0,1.2935066,0.10942181944847107,0.9676153063774109,0.8040276765823364
YGL062W,YBR054W,0,1.2929583,0.10940967500209808,0.9676153063774109,0.8041278719902039
YNL309W,YGR096W,0,1.2924736,0.1093975380063057,0.9676153063774109,0.8042280077934265
YMR060C,YDR301W,0,1.2924297,0.1093854010105133,0.9676153063774109,0.804328203201294
YGR143W,YNL167C,0,1.292167,0.10937326401472092,0.9676153063774109,0.8044283986091614
YER050C,YJL063C,0,1.2910454,0.10936113446950912,0.9676153063774109,0.8045285940170288
YPL218W,YOR078W,0,1.2906175,0.10934900492429733,0.9676153063774109,0.8046287894248962
YOL104C,YAR027W,0,1.2903047,0.10933688282966614,0.9676153063774109,0.8047289848327637
YMR210W,YJL081C,0,1.289511,0.10932476073503494,0.9676153063774109,0.8048291802406311
YDL122W,YBL005W-B,0,1.287118,0.10931263864040375,0.9676153063774109,0.8049293756484985
YMR011W,YKL039W,0,1.286824,0.10930052399635315,0.9676153063774109,0.805029571056366
YBR132C,YPR075C,0,1.28653,0.10928840935230255,0.9676153063774109,0.8051297664642334
YGL019W,YGL116W,0,1.2857988,0.10927629470825195,0.9676153063774109,0.8052299618721008
YOR132W,YGR077C,0,1.2856588,0.10926418751478195,0.9676153063774109,0.8053300976753235
YDR007W,YBR115C,0,1.2856076,0.10925208032131195,0.9676153063774109,0.8054302930831909
YPL104W,YOL011W,0,1.2854803,0.10923997312784195,0.9676153063774109,0.8055304884910583
YPR003C,YDL222C,0,1.2851167,0.10922787338495255,0.9676153063774109,0.8056306838989258
YDL212W,YMR145C,0,1.285034,0.10921577364206314,0.9676153063774109,0.8057308793067932
YOR362C,YHR032W,0,1.2848287,0.10920367389917374,0.9676153063774109,0.8058310747146606
YGR203W,YAL060W,0,1.2847607,0.10919158160686493,0.9676153063774109,0.8059312701225281
YNL067W,YNL232W,0,1.284164,0.10917948931455612,0.9676153063774109,0.8060314655303955
YPL042C,YDL171C,0,1.2841511,0.10916740447282791,0.9676153063774109,0.8061316609382629
YBR192W,YNR030W,0,1.283912,0.1091553196310997,0.9676153063774109,0.8062318563461304
YNL312W,YOR094W,0,1.2836564,0.10914323478937149,0.9676153063774109,0.8063320517539978
YHR190W,YNL142W,0,1.2830184,0.10913115739822388,0.9676153063774109,0.8064322471618652
YPR143W,YNR018W,0,1.2826238,0.10911908000707626,0.9676153063774109,0.8065323829650879
YAL014C,YLR251W,0,1.2824118,0.10910700261592865,0.9676153063774109,0.8066325783729553
YDR266C,YPL221W,0,1.2822185,0.10909493267536163,0.9676153063774109,0.8067327737808228
YKL081W,YHR074W,0,1.2802656,0.10908286273479462,0.9676153063774109,0.8068329691886902
YBR145W,YLR390W-A,0,1.2801931,0.1090707927942276,0.9676153063774109,0.8069331645965576
YGL166W,YPL262W,0,1.2799478,0.10905873030424118,0.9676153063774109,0.807033360004425
YHR132C,YFL018C,0,1.2798057,0.10904666781425476,0.9676153063774109,0.8071335554122925
YDR375C,YNL088W,0,1.279124,0.10903461277484894,0.9676153063774109,0.8072337508201599
YIL156W,YIL139C,0,1.2787762,0.10902255773544312,0.9676153063774109,0.8073339462280273
YDR441C,YPL164C,0,1.2787523,0.10901050269603729,0.9676153063774109,0.8074341416358948
YAR014C,YLR023C,0,1.2782531,0.10899845510721207,0.9676153063774109,0.8075343370437622
YLL005C,YPL203W,0,1.2776277,0.10898640751838684,0.9676153063774109,0.8076345324516296
YNL335W,YGR057C,0,1.2766016,0.10897435992956161,0.9676153063774109,0.8077346682548523
YKL201C,YGR055W,0,1.2762747,0.10896231979131699,0.9676153063774109,0.8078348636627197
YCR024C,YPL244C,0,1.2761369,0.10895027965307236,0.9676153063774109,0.8079350590705872
YMR119W,YBR229C,0,1.2761343,0.10893823951482773,0.9676153063774109,0.8080352544784546
YGL201C,YBR233W-A,0,1.2756152,0.1089262068271637,0.9676153063774109,0.808135449886322
YFR052W,YGR227W,0,1.2751224,0.10891417413949966,0.9676153063774109,0.8082356452941895
YNR021W,YHR203C,0,1.272398,0.10890214145183563,0.9676153063774109,0.8083358407020569
YDR328C,YKR065C,0,1.2722907,0.1088901162147522,0.9676153063774109,0.8084360361099243
YER145C,YGL225W,0,1.2719688,0.10887809097766876,0.9676153063774109,0.8085362315177917
YNR031C,YMR240C,0,1.2716568,0.10886607319116592,0.9676153063774109,0.8086364269256592
YML019W,YJL116C,0,1.2714839,0.10885404795408249,0.9676153063774109,0.8087366223335266
YJL214W,YMR169C,0,1.2711875,0.10884203761816025,0.9676153063774109,0.808836817741394
YCL018W,YDR350C,0,1.2710233,0.10883001983165741,0.9676153063774109,0.8089369535446167
YPR133W-A,YKL205W,0,1.2706969,0.10881800949573517,0.9676153063774109,0.8090371489524841
YPR113W,YOL075C,0,1.2705538,0.10880600661039352,0.9676153063774109,0.8091373443603516
YDR449C,YLR103C,0,1.2701216,0.10879399627447128,0.9676153063774109,0.809237539768219
YLR017W,YBL006C,0,1.2700965,0.10878199338912964,0.9676153063774109,0.8093377351760864
YDR129C,YER042W,0,1.2689114,0.10876999795436859,0.9676153063774109,0.8094379305839539
YIL121W,YMR286W,0,1.2684984,0.10875799506902695,0.9676153063774109,0.8095381259918213
YJR021C,YDR517W,0,1.2683074,0.1087459996342659,0.9676153063774109,0.8096383213996887
YGL111W,YER031C,0,1.2678874,0.10873401165008545,0.9676153063774109,0.8097385168075562
YPL001W,YNL314W,0,1.2678514,0.108722023665905,0.9676153063774109,0.8098387122154236
YOR129C,YCR048W,0,1.2673612,0.10871003568172455,0.9676153063774109,0.809938907623291
YKR056W,YGL070C,1,1.2661781,0.10880828648805618,0.9685966372489929,0.809938907623291
YOR017W,YLR256W,0,1.2659752,0.10879629850387573,0.9685966372489929,0.8100391030311584
YDL124W,YDR480W,0,1.2659287,0.10878430306911469,0.9685966372489929,0.8101392388343811
YHL028W,YGL104C,0,1.2659092,0.10877231508493423,0.9685966372489929,0.8102394342422485
YBL028C,YKR003W,0,1.2650917,0.10876032710075378,0.9685966372489929,0.810339629650116
YER169W,YCR030C,0,1.264055,0.10874834656715393,0.9685966372489929,0.8104398250579834
YGL172W,YCR016W,0,1.2635992,0.10873636603355408,0.9685966372489929,0.8105400204658508
YBR006W,YGR185C,0,1.2613752,0.10872438549995422,0.9685966372489929,0.8106402158737183
YDR519W,YML086C,0,1.2610905,0.10871241241693497,0.9685966372489929,0.8107404112815857
YNL145W,YPR137W,0,1.2610672,0.10870043933391571,0.9685966372489929,0.8108406066894531
YAL015C,YOR020C,0,1.259774,0.10868847370147705,0.9685966372489929,0.8109408020973206
YGR225W,YDR211W,0,1.259299,0.1086765006184578,0.9685966372489929,0.811040997505188
YDL010W,YCR052W,0,1.2592955,0.10866453498601913,0.9685966372489929,0.8111411929130554
YPL013C,YDR276C,0,1.2591758,0.10865257680416107,0.9685966372489929,0.8112413883209229
YOL058W,YJL184W,0,1.258513,0.10864061862230301,0.9685966372489929,0.8113415241241455
YLR059C,YBR104W,0,1.2573245,0.10862866044044495,0.9685966372489929,0.8114417195320129
YPR058W,YLR299W,0,1.2568569,0.10861670225858688,0.9685966372489929,0.8115419149398804
YOR117W,YBR004C,0,1.2567647,0.10860475152730942,0.9685966372489929,0.8116421103477478
YIL122W,YPL115C,0,1.2560921,0.10859280079603195,0.9685966372489929,0.8117423057556152
YKL008C,YER141W,0,1.2560589,0.10858085751533508,0.9685966372489929,0.8118425011634827
YOR291W,YKL184W,0,1.2559547,0.10856891423463821,0.9685966372489929,0.8119426965713501
YDR471W,YNL163C,0,1.2558496,0.10855697095394135,0.9685966372489929,0.8120428919792175
YBR059C,YNL208W,0,1.2554832,0.10854503512382507,0.9685966372489929,0.812143087387085
YPL105C,YPL183W-A,0,1.2554266,0.1085330992937088,0.9685966372489929,0.8122432827949524
YER162C,YER178W,0,1.255249,0.10852116346359253,0.9685966372489929,0.8123434782028198
YLL055W,YJL013C,0,1.2550967,0.10850923508405685,0.9685966372489929,0.8124436140060425
YPL230W,YNL279W,0,1.254977,0.10849730670452118,0.9685966372489929,0.8125438094139099
YJR064W,YOR312C,0,1.254957,0.1084853783249855,0.9685966372489929,0.8126440048217773
YDR527W,YBR085W,0,1.2549114,0.10847345739603043,0.9685966372489929,0.8127442002296448
YHR110W,YDR059C,0,1.2541733,0.10846153646707535,0.9685966372489929,0.8128443956375122
YBR173C,YMR237W,0,1.2540917,0.10844962298870087,0.9685966372489929,0.8129445910453796
YBR196C,YHR148W,0,1.2540092,0.10843770951032639,0.9685966372489929,0.8130447864532471
YOL062C,YJR092W,0,1.2536695,0.1084257960319519,0.9685966372489929,0.8131449818611145
YGR217W,YER004W,0,1.2533593,0.10841388255357742,0.9685966372489929,0.8132451772689819
YOR003W,YDR111C,0,1.2531264,0.10840197652578354,0.9685966372489929,0.8133453726768494
YJL093C,YKL007W,0,1.2527969,0.10839007049798965,0.9685966372489929,0.8134455680847168
YDR522C,YJL028W,0,1.2526021,0.10837817192077637,0.9685966372489929,0.8135457634925842
YHR084W,YBR037C,0,1.2513292,0.10836627334356308,0.9685966372489929,0.8136458992958069
YMR238W,YJL183W,0,1.2512023,0.10835437476634979,0.9685966372489929,0.8137460947036743
YOR355W,YJR007W,0,1.2507503,0.1083424836397171,0.9685966372489929,0.8138462901115417
YCR002C,YIL085C,0,1.2498479,0.10833059251308441,0.9685966372489929,0.8139464855194092
YGL026C,YEL001C,0,1.2497816,0.10831870138645172,0.9685966372489929,0.8140466809272766
YLR077W,YLR070C,0,1.2495654,0.10830681771039963,0.9685966372489929,0.814146876335144
YJL042W,YOR344C,0,1.249136,0.10829493403434753,0.9685966372489929,0.8142470717430115
YLL052C,YMR301C,0,1.2490602,0.10828305035829544,0.9685966372489929,0.8143472671508789
YEL030W,YDL039C,0,1.2489624,0.10827117413282394,0.9685966372489929,0.8144474625587463
YBR039W,YFR016C,0,1.248786,0.10825929790735245,0.9685966372489929,0.8145476579666138
YOR202W,YOR147W,0,1.2485886,0.10824742168188095,0.9685966372489929,0.8146478533744812
YDR168W,YJL172W,0,1.2485266,0.10823555290699005,0.9685966372489929,0.8147480487823486
YBR080C,YBR015C,0,1.2477543,0.10822368413209915,0.9685966372489929,0.8148481845855713
YMR002W,YMR009W,0,1.247621,0.10821181535720825,0.9685966372489929,0.8149483799934387
YJL117W,YDR415C,0,1.2475305,0.10819995403289795,0.9685966372489929,0.8150485754013062
YIL069C,YLR022C,0,1.2466257,0.10818809270858765,0.9685966372489929,0.8151487708091736
YCL019W,YJR131W,0,1.2463181,0.10817623883485794,0.9685966372489929,0.815248966217041
YDR233C,YBL031W,0,1.2460859,0.10816438496112823,0.9685966372489929,0.8153491616249084
YLR297W,YNR039C,0,1.2456317,0.10815253108739853,0.9685966372489929,0.8154493570327759
YJL213W,YJL053W,0,1.2456157,0.10814068466424942,0.9685966372489929,0.8155495524406433
YBR208C,YGR171C,0,1.2455351,0.10812883079051971,0.9685966372489929,0.8156497478485107
YJL138C,YPL124W,0,1.2446637,0.1081169918179512,0.9685966372489929,0.8157499432563782
YCL036W,YNL005C,0,1.2436604,0.1081051453948021,0.9685966372489929,0.8158501386642456
YDL145C,YJR150C,0,1.2436547,0.10809330642223358,0.9685966372489929,0.815950334072113
YPL075W,YJL210W,0,1.2435718,0.10808147490024567,0.9685966372489929,0.8160504698753357
YGR044C,YCR105W,0,1.2435629,0.10806963592767715,0.9685966372489929,0.8161506652832031
YGR167W,YOL124C,0,1.2432771,0.10805780440568924,0.9685966372489929,0.8162508606910706
YLL055W,YPL078C,0,1.2420053,0.10804598033428192,0.9685966372489929,0.816351056098938
YJL063C,YPR071W,0,1.241658,0.108034148812294,0.9685966372489929,0.8164512515068054
YIL106W,YJR049C,0,1.2404189,0.10802232474088669,0.9685966372489929,0.8165514469146729
YMR278W,YMR074C,0,1.2401297,0.10801050812005997,0.9685966372489929,0.8166516423225403
YNL014W,YJL171C,0,1.2397501,0.10799868404865265,0.9685966372489929,0.8167518377304077
YGR140W,YLR344W,0,1.2390742,0.10798686742782593,0.9685966372489929,0.8168520331382751
YLR380W,YNL231C,0,1.2386296,0.1079750582575798,0.9685966372489929,0.8169522285461426
YCR036W,YML126C,0,1.2385786,0.10796324908733368,0.9685966372489929,0.81705242395401
YIL048W,YKR020W,0,1.2378392,0.10795143991708755,0.9685966372489929,0.8171526193618774
YPR162C,YNL099C,0,1.2377431,0.10793963074684143,0.9685966372489929,0.8172527551651001
YBR042C,YDR345C,0,1.2371402,0.1079278290271759,0.9685966372489929,0.8173529505729675
YML102W,YGL058W,1,1.2363303,0.10802536457777023,0.9695780277252197,0.8173529505729675
YNL265C,YOR145C,0,1.2362361,0.10801355540752411,0.9695780277252197,0.817453145980835
YNR006W,YML066C,0,1.2358007,0.10800174623727798,0.9695780277252197,0.8175533413887024
YOL137W,YMR079W,0,1.2354195,0.10798994451761246,0.9695780277252197,0.8176535367965698
YDR211W,YNL271C,0,1.2352986,0.10797814279794693,0.9695780277252197,0.8177537322044373
YLL004W,YOR145C,0,1.2351472,0.1079663410782814,0.9695780277252197,0.8178539276123047
YMR246W,YKL080W,0,1.2346804,0.10795454680919647,0.9695780277252197,0.8179541230201721
YNL281W,YOR095C,0,1.2345471,0.10794275254011154,0.9695780277252197,0.8180543184280396
YDR087C,YOR059C,0,1.2342649,0.10793095827102661,0.9695780277252197,0.818154513835907
YDR450W,YPL254W,0,1.2340305,0.10791917145252228,0.9695780277252197,0.8182547092437744
YBR014C,YMR002W,0,1.2338731,0.10790738463401794,0.9695780277252197,0.8183548450469971
YLR224W,YFL021W,0,1.2338524,0.10789559781551361,0.9695780277252197,0.8184550404548645
YAL060W,YPR182W,0,1.2335107,0.10788381844758987,0.9695780277252197,0.8185552358627319
YOR241W,YJL011C,0,1.233443,0.10787203907966614,0.9695780277252197,0.8186554312705994
YDR281C,YIR004W,0,1.2331266,0.1078602597117424,0.9695780277252197,0.8187556266784668
YEL051W,YLR347C,0,1.2326574,0.10784848779439926,0.9695780277252197,0.8188558220863342
YIL022W,YLR256W,0,1.2323239,0.10783671587705612,0.9695780277252197,0.8189560174942017
YML099C,YPL170W,0,1.2313454,0.10782495141029358,0.9695780277252197,0.8190562129020691
YLR353W,YIL094C,0,1.2311614,0.10781317949295044,0.9695780277252197,0.8191564083099365
YOL112W,YOL068C,0,1.2310617,0.1078014150261879,0.9695780277252197,0.819256603717804
YER060W-A,YPR008W,0,1.2303219,0.10778965801000595,0.9695780277252197,0.8193567991256714
YKR069W,YDR034C,0,1.2297375,0.107777900993824,0.9695780277252197,0.8194569945335388
YMR210W,YGL105W,0,1.2294736,0.10776614397764206,0.9695780277252197,0.8195571303367615
YML123C,YLR378C,0,1.2287202,0.10775438696146011,0.9695780277252197,0.8196573257446289
YDR127W,YJL006C,0,1.2284486,0.10774263739585876,0.9695780277252197,0.8197575211524963
YPR201W,YAL028W,0,1.2276099,0.10773088783025742,0.9695780277252197,0.8198577165603638
YOR157C,YJL045W,0,1.2273066,0.10771914571523666,0.9695780277252197,0.8199579119682312
YMR321C,YGR125W,0,1.226685,0.10770740360021591,0.9695780277252197,0.8200581073760986
YER040W,YGR129W,0,1.2265406,0.10769566148519516,0.9695780277252197,0.8201583027839661
YKL048C,YDL046W,0,1.2258797,0.107683926820755,0.9695780277252197,0.8202584981918335
YJR095W,YKL165C,0,1.2252562,0.10767218470573425,0.9695780277252197,0.8203586935997009
YPL053C,YEL047C,0,1.2251496,0.1076604574918747,0.9695780277252197,0.8204588890075684
YER058W,YOL032W,0,1.2248082,0.10764872282743454,0.9695780277252197,0.8205590844154358
YOR304C-A,YDL084W,0,1.2232499,0.10763699561357498,0.9695780277252197,0.8206592798233032
YOR310C,YLL002W,0,1.2220247,0.10762527585029602,0.9695780277252197,0.8207594156265259
YGR209C,YPL162C,0,1.221761,0.10761354863643646,0.9695780277252197,0.8208596110343933
YPL218W,YLR213C,0,1.2213333,0.1076018288731575,0.9695780277252197,0.8209598064422607
YOR255W,YLR440C,0,1.2213027,0.10759010910987854,0.9695780277252197,0.8210600018501282
YMR242C,YNL186W,0,1.2212265,0.10757839679718018,0.9695780277252197,0.8211601972579956
YGR013W,YAR071W,0,1.2205126,0.10756668448448181,0.9695780277252197,0.821260392665863
YPR052C,YNL052W,0,1.2204657,0.10755497217178345,0.9695780277252197,0.8213605880737305
YOR349W,YDL018C,0,1.2203579,0.10754326730966568,0.9695780277252197,0.8214607834815979
YOR202W,YLR321C,0,1.2203062,0.10753156244754791,0.9695780277252197,0.8215609788894653
YPR110C,YKR039W,0,1.2201345,0.10751985758543015,0.9695780277252197,0.8216611742973328
YNL321W,YOL096C,0,1.2201266,0.10750816017389297,0.9695780277252197,0.8217613697052002
YJL213W,YDL188C,0,1.2199144,0.1074964627623558,0.9695780277252197,0.8218615651130676
YLR043C,YDL161W,0,1.2187784,0.10748477280139923,0.9695780277252197,0.8219617009162903
YPR029C,YER065C,0,1.2187049,0.10747307538986206,0.9695780277252197,0.8220618963241577
YFL052W,YIL037C,0,1.2186751,0.10746138542890549,0.9695780277252197,0.8221620917320251
YDR506C,YOL026C,0,1.2183268,0.10744970291852951,0.9695780277252197,0.8222622871398926
YKR013W,YHR079C,0,1.2181745,0.10743801295757294,0.9695780277252197,0.82236248254776
YKR008W,YOR188W,0,1.2173722,0.10742633789777756,0.9695780277252197,0.8224626779556274
YKL180W,YMR131C,0,1.2170539,0.10741465538740158,0.9695780277252197,0.8225628733634949
YGR193C,YER157W,0,1.216985,0.1074029803276062,0.9695780277252197,0.8226630687713623
YMR060C,YNL302C,0,1.2165332,0.10739130526781082,0.9695780277252197,0.8227632641792297
YDL147W,YDR200C,0,1.2153549,0.10737963020801544,0.9695780277252197,0.8228634595870972
YHR194W,YOL075C,0,1.215092,0.10736796259880066,0.9695780277252197,0.8229636549949646
YGL051W,YGL121C,0,1.2150364,0.10735629498958588,0.9695780277252197,0.823063850402832
YIL022W,YLR382C,0,1.2146263,0.10734463483095169,0.9695780277252197,0.8231639862060547
YKL152C,YDR155C,0,1.2144518,0.1073329746723175,0.9695780277252197,0.8232641816139221
YPR138C,YDR059C,0,1.2139788,0.10732131451368332,0.9695780277252197,0.8233643770217896
YGL190C,YMR308C,0,1.2136283,0.10730965435504913,0.9695780277252197,0.823464572429657
YKL032C,YKL025C,1,1.2135038,0.1074066013097763,0.9705593585968018,0.823464572429657
YCL018W,YKL077W,0,1.212476,0.10739494115114212,0.9705593585968018,0.8235647678375244
YGR005C,YER042W,0,1.2121809,0.10738328099250793,0.9705593585968018,0.8236649632453918
YKR020W,YKR028W,0,1.2118762,0.10737162083387375,0.9705593585968018,0.8237651586532593
YNL243W,YFL005W,0,1.2117028,0.10735996812582016,0.9705593585968018,0.8238653540611267
YCL032W,YGR059W,0,1.2106967,0.10734831541776657,0.9705593585968018,0.8239655494689941
YBL007C,YOL155C,0,1.2106833,0.10733666270971298,0.9705593585968018,0.8240657448768616
YCL004W,YNL099C,0,1.20961,0.1073250100016594,0.9705593585968018,0.824165940284729
YEL026W,YBR096W,0,1.209588,0.1073133647441864,0.9705593585968018,0.8242660760879517
YDR150W,YNL238W,0,1.2081037,0.107301726937294,0.9705593585968018,0.8243662714958191
YPL110C,YOL043C,0,1.207376,0.10729008167982101,0.9705593585968018,0.8244664669036865
YDR221W,YDR264C,0,1.207372,0.10727844387292862,0.9705593585968018,0.824566662311554
YLR071C,YMR019W,0,1.2069492,0.10726681351661682,0.9705593585968018,0.8246668577194214
YGR134W,YLR256W,0,1.2065275,0.10725517570972443,0.9705593585968018,0.8247670531272888
YDR316W,YEL039C,0,1.2054732,0.10724354535341263,0.9705593585968018,0.8248672485351562
YOL154W,YER130C,0,1.205369,0.10723192244768143,0.9705593585968018,0.8249674439430237
YNL073W,YPR154W,0,1.2053454,0.10722029209136963,0.9705593585968018,0.8250676393508911
YGR134W,YBR096W,0,1.2049809,0.10720866918563843,0.9705593585968018,0.8251678347587585
YHR194W,YPR058W,0,1.2049258,0.10719705373048782,0.9705593585968018,0.825268030166626
YOL049W,YOR188W,0,1.2028251,0.10718543082475662,0.9705593585968018,0.8253682255744934
YOR243C,YHR094C,0,1.202481,0.10717381536960602,0.9705593585968018,0.8254683613777161
YML092C,YAL060W,0,1.2023134,0.10716220736503601,0.9705593585968018,0.8255685567855835
YNR032W,YNL027W,0,1.2022395,0.107150599360466,0.9705593585968018,0.8256687521934509
YBR110W,YIL069C,0,1.2017789,0.107138991355896,0.9705593585968018,0.8257689476013184
YIL010W,YKR027W,0,1.2009783,0.10712738335132599,0.9705593585968018,0.8258691430091858
YDR072C,YDR513W,0,1.200784,0.10711578279733658,0.9705593585968018,0.8259693384170532
YOL013C,YFR051C,0,1.200413,0.10710418224334717,0.9705593585968018,0.8260695338249207
YAL007C,YNL222W,0,1.200104,0.10709258168935776,0.9705593585968018,0.8261697292327881
YNL037C,YBL052C,0,1.200011,0.10708098858594894,0.9705593585968018,0.8262699246406555
YPR020W,YBR068C,0,1.1993709,0.10706939548254013,0.9705593585968018,0.826370120048523
YLR002C,YFR013W,0,1.1991136,0.10705780237913132,0.9705593585968018,0.8264703154563904
YAL030W,YJR095W,0,1.1984468,0.1070462167263031,0.9705593585968018,0.8265705108642578
YGR222W,YHL020C,0,1.1983616,0.10703463107347488,0.9705593585968018,0.8266706466674805
YAL031C,YDL193W,0,1.198318,0.10702305287122726,0.9705593585968018,0.8267708420753479
YKL077W,YMR318C,0,1.1982841,0.10701146721839905,0.9705593585968018,0.8268710374832153
YNL045W,YBR180W,0,1.1978929,0.10699988901615143,0.9705593585968018,0.8269712328910828
YOR312C,YGL231C,0,1.1973002,0.1069883182644844,0.9705593585968018,0.8270714282989502
YOR085W,YGR145W,0,1.196599,0.10697674751281738,0.9705593585968018,0.8271716237068176
YMR234W,YML036W,0,1.1964638,0.10696517676115036,0.9705593585968018,0.8272718191146851
YBL036C,YKL003C,0,1.1958616,0.10695360600948334,0.9705593585968018,0.8273720145225525
YLL027W,YOR222W,0,1.1955616,0.10694204270839691,0.9705593585968018,0.8274722099304199
YGR268C,YLR023C,0,1.1951039,0.10693047940731049,0.9705593585968018,0.8275724053382874
YMR154C,YNL160W,0,1.1947587,0.10691891610622406,0.9705593585968018,0.8276726007461548
YPR003C,YNL175C,0,1.1939433,0.10690736025571823,0.9705593585968018,0.8277727961540222
YML123C,YOR178C,0,1.1911743,0.1068958044052124,0.9705593585968018,0.8278729319572449
YDR237W,YBL087C,0,1.1905262,0.10688425600528717,0.9705593585968018,0.8279731273651123
YDL213C,YDR444W,0,1.1904192,0.10687270015478134,0.9705593585968018,0.8280733227729797
YDR212W,YOR054C,0,1.19035,0.1068611592054367,0.9705593585968018,0.8281735181808472
YCR043C,YEL032W,0,1.1902351,0.10684961080551147,0.9705593585968018,0.8282737135887146
YJL029C,YGR251W,0,1.1898105,0.10683806985616684,0.9705593585968018,0.828373908996582
YPR029C,YOL101C,0,1.1881475,0.1068265289068222,0.9705593585968018,0.8284741044044495
YLR308W,YEL051W,0,1.188021,0.10681498795747757,0.9705593585968018,0.8285742998123169
YBR114W,YMR173W,1,1.1878991,0.10691145062446594,0.9715407490730286,0.8285742998123169
YOR361C,YNL154C,0,1.1877398,0.10689990222454071,0.9715407490730286,0.8286744952201843
YNL175C,YCR063W,0,1.1857309,0.10688836127519608,0.9715407490730286,0.8287746906280518
YPL240C,YMR121C,0,1.1850388,0.10687682032585144,0.9715407490730286,0.8288748860359192
YGL189C,YDR392W,0,1.1847885,0.1068652868270874,0.9715407490730286,0.8289750814437866
YGR032W,YGL240W,0,1.1846197,0.10685375332832336,0.9715407490730286,0.8290752172470093
YOR157C,YDR517W,0,1.1838753,0.10684221982955933,0.9715407490730286,0.8291754126548767
YNL139C,YML032C,1,1.1837623,0.10693860054016113,0.9725220799446106,0.8291754126548767
YFL001W,YOR284W,0,1.1837316,0.1069270595908165,0.9725220799446106,0.8292756080627441
YPL227C,YOL077W-A,0,1.182869,0.10691552609205246,0.9725220799446106,0.8293758034706116
YLR105C,YHL013C,0,1.1799588,0.10690399259328842,0.9725220799446106,0.829475998878479
YER026C,YNL318C,0,1.179923,0.10689245909452438,0.9725220799446106,0.8295761942863464
YCR067C,YIL067C,0,1.1790209,0.10688093304634094,0.9725220799446106,0.8296763896942139
YOR192C,YLL012W,0,1.1774573,0.1068694069981575,0.9725220799446106,0.8297765851020813
YHR082C,YLR164W,0,1.1765697,0.10685788094997406,0.9725220799446106,0.8298767805099487
YPL075W,YDL078C,0,1.1763453,0.10684636235237122,0.9725220799446106,0.8299769759178162
YOR147W,YPR154W,0,1.1761434,0.10683484375476837,0.9725220799446106,0.8300771713256836
YIL088C,YNL318C,0,1.1760838,0.10682332515716553,0.9725220799446106,0.830177366733551
YKL185W,YGR020C,0,1.1753125,0.10681181401014328,0.9725220799446106,0.8302775025367737
YJL209W,YGR095C,0,1.175072,0.10680030286312103,0.9725220799446106,0.8303776979446411
YHR119W,YKL008C,0,1.174164,0.10678879171609879,0.9725220799446106,0.8304778933525085
YBR202W,YKR035W-A,0,1.1741061,0.10677728801965714,0.9725220799446106,0.830578088760376
YJL140W,YMR321C,0,1.1734555,0.10676578432321548,0.9725220799446106,0.8306782841682434
YNL247W,YOL155C,0,1.1724286,0.10675428062677383,0.9725220799446106,0.8307784795761108
YPL122C,YGL231C,0,1.1723294,0.10674278438091278,0.9725220799446106,0.8308786749839783
YPR133W-A,YDL028C,0,1.1721721,0.10673128813505173,0.9725220799446106,0.8309788703918457
YKL032C,YDR359C,1,1.1721618,0.10682748258113861,0.9735034108161926,0.8309788703918457
YMR239C,YDR021W,0,1.1717575,0.10681597888469696,0.9735034108161926,0.8310790657997131
YDL097C,YHR106W,0,1.1715043,0.10680447518825531,0.9735034108161926,0.8311792612075806
YDR092W,YJL090C,1,1.1712906,0.10690063238143921,0.9744848012924194,0.8311792612075806
YOR195W,YDL140C,0,1.1710641,0.10688912868499756,0.9744848012924194,0.831279456615448
YCR002C,YGR205W,0,1.1695094,0.10687762498855591,0.9744848012924194,0.8313795924186707
YLR208W,YGR170W,0,1.1686003,0.10686612129211426,0.9744848012924194,0.8314797878265381
YHR138C,YNL122C,0,1.1684468,0.1068546250462532,0.9744848012924194,0.8315799832344055
YLR135W,YNR032C-A,0,1.1674352,0.10684312134981155,0.9744848012924194,0.831680178642273
YHR018C,YFR044C,0,1.1674078,0.1068316325545311,0.9744848012924194,0.8317803740501404
YMR261C,YMR053C,0,1.1673388,0.10682013630867004,0.9744848012924194,0.8318805694580078
YDR021W,YJR049C,0,1.1668947,0.10680864751338959,0.9744848012924194,0.8319807648658752
YLR057W,YEL009C,0,1.1668718,0.10679715871810913,0.9744848012924194,0.8320809602737427
YBL056W,YKL026C,0,1.1665957,0.10678567737340927,0.9744848012924194,0.8321811556816101
YLR208W,YLL018C,0,1.1660056,0.10677419602870941,0.9744848012924194,0.8322813510894775
YER058W,YJL155C,0,1.16594,0.10676271468400955,0.9744848012924194,0.832381546497345
YNL118C,YDR255C,0,1.1654577,0.10675123333930969,0.9744848012924194,0.8324817419052124
YBL056W,YBR223C,0,1.1648707,0.10673975944519043,0.9744848012924194,0.8325818777084351
YIL137C,YOR077W,0,1.1644578,0.10672828555107117,0.9744848012924194,0.8326820731163025
YKL165C,YKR024C,0,1.164211,0.1067168191075325,0.9744848012924194,0.8327822685241699
YAL029C,YER072W,0,1.1640899,0.10670535266399384,0.9744848012924194,0.8328824639320374
YHR194W,YJL030W,0,1.1627772,0.10669388622045517,0.9744848012924194,0.8329826593399048
YIL022W,YDL215C,0,1.1610405,0.1066824272274971,0.9744848012924194,0.8330828547477722
YMR146C,YIL035C,0,1.1608682,0.10667096078395844,0.9744848012924194,0.8331830501556396
YPL249C,YOR285W,0,1.1602142,0.10665950924158096,0.9744848012924194,0.8332832455635071
YFL033C,YPL168W,0,1.1601379,0.1066480502486229,0.9744848012924194,0.8333834409713745
YGR046W,YBL050W,0,1.1597042,0.10663659870624542,0.9744848012924194,0.8334836363792419
YGL156W,YBR236C,0,1.1592941,0.10662514716386795,0.9744848012924194,0.8335838317871094
YEL044W,YLR129W,0,1.1592345,0.10661370307207108,0.9744848012924194,0.8336840271949768
YLR026C,YOR099W,0,1.1574183,0.1066022515296936,0.9744848012924194,0.8337841629981995
YKL022C,YDR517W,0,1.1570277,0.10659081488847733,0.9744848012924194,0.8338843584060669
YML078W,YPL254W,0,1.1567805,0.10657937079668045,0.9744848012924194,0.8339845538139343
YPL270W,YIL088C,0,1.1554806,0.10656793415546417,0.9744848012924194,0.8340847492218018
YGL085W,YOR148C,0,1.1554241,0.1065564975142479,0.9744848012924194,0.8341849446296692
YPR006C,YIL065C,0,1.1546755,0.10654506087303162,0.9744848012924194,0.8342851400375366
YPR124W,YLR017W,0,1.1539907,0.10653363168239594,0.9744848012924194,0.834385335445404
YOL137W,YPR140W,0,1.1538291,0.10652220249176025,0.9744848012924194,0.8344855308532715
YOR274W,YPR160W,0,1.1536872,0.10651078075170517,0.9744848012924194,0.8345857262611389
YJR036C,YMR189W,0,1.1531653,0.10649935901165009,0.9744848012924194,0.8346859216690063
YDR188W,YDR212W,0,1.1527483,0.106487937271595,0.9744848012924194,0.8347861170768738
YIL103W,YLR293C,0,1.1515582,0.10647651553153992,0.9744848012924194,0.8348863124847412
YMR291W,YHR096C,0,1.1510808,0.10646510124206543,0.9744848012924194,0.8349864482879639
YMR143W,YOR222W,0,1.1505964,0.10645368695259094,0.9744848012924194,0.8350866436958313
YJR088C,YFL011W,0,1.1498747,0.10644228011369705,0.9744848012924194,0.8351868391036987
YLL039C,YJR049C,0,1.1493719,0.10643086582422256,0.9744848012924194,0.8352870345115662
YPL180W,YMR015C,0,1.1478357,0.10641945898532867,0.9744848012924194,0.8353872299194336
YKL006C-A,YLR005W,0,1.147687,0.10640805959701538,0.9744848012924194,0.835487425327301
YCL018W,YPL183W-A,0,1.1470692,0.10639666020870209,0.9744848012924194,0.8355876207351685
YPR104C,YDR432W,0,1.1464634,0.1063852608203888,0.9744848012924194,0.8356878161430359
YKR089C,YBR068C,0,1.1464505,0.1063738614320755,0.9744848012924194,0.8357880115509033
YFR031C,YOR207C,0,1.1454513,0.1063624694943428,0.9744848012924194,0.8358882069587708
YJL197W,YLR043C,0,1.1448479,0.10635107755661011,0.9744848012924194,0.8359884023666382
YBR028C,YJL174W,0,1.1442683,0.10633968561887741,0.9744848012924194,0.8360885977745056
YGR032W,YGL236C,0,1.143765,0.10632830113172531,0.9744848012924194,0.8361887335777283
YPR100W,YPR137W,0,1.1437085,0.10631691664457321,0.9744848012924194,0.8362889289855957
YDL206W,YOR197W,0,1.1430738,0.10630553215742111,0.9744848012924194,0.8363891243934631
YGR214W,YDR173C,0,1.1428268,0.10629415512084961,0.9744848012924194,0.8364893198013306
YGL023C,YHR203C,0,1.1424491,0.1062827780842781,0.9744848012924194,0.836589515209198
YJR063W,YNR030W,0,1.142422,0.1062714010477066,0.9744848012924194,0.8366897106170654
YPL179W,YHR063C,0,1.1423817,0.1062600314617157,0.9744848012924194,0.8367899060249329
YBR133C,YDR469W,0,1.1421452,0.10624866187572479,0.9744848012924194,0.8368901014328003
YOR149C,YBR109C,0,1.1421325,0.10623729228973389,0.9744848012924194,0.8369902968406677
YJL113W,YHR026W,0,1.1420054,0.10622593015432358,0.9744848012924194,0.8370904922485352
YCR012W,YOR353C,0,1.1419604,0.10621456801891327,0.9744848012924194,0.8371906876564026
YOL112W,YPL164C,0,1.1419063,0.10620320588350296,0.9744848012924194,0.8372908234596252
YPL117C,YMR269W,0,1.141752,0.10619185119867325,0.9744848012924194,0.8373910188674927
YIL064W,YPL190C,0,1.1412582,0.10618049651384354,0.9744848012924194,0.8374912142753601
YGR257C,YNR053C,0,1.1409788,0.10616914182901382,0.9744848012924194,0.8375914096832275
YFR038W,YOR011W,0,1.1405993,0.10615779459476471,0.9744848012924194,0.837691605091095
YPR097W,YHR197W,0,1.1405456,0.1061464473605156,0.9744848012924194,0.8377918004989624
YGL062W,YML127W,0,1.1403921,0.10613510012626648,0.9744848012924194,0.8378919959068298
YDR397C,YBR187W,0,1.1397903,0.10612376034259796,0.9744848012924194,0.8379921913146973
YCR107W,YBL063W,0,1.1396677,0.10611242055892944,0.9744848012924194,0.8380923867225647
YER146W,YPL079W,0,1.1395047,0.10610108077526093,0.9744848012924194,0.8381925821304321
YGR192C,YJL034W,0,1.1391995,0.10608974099159241,0.9744848012924194,0.8382927775382996
YCL032W,YDL004W,0,1.1388311,0.10607840865850449,0.9744848012924194,0.838392972946167
YNL323W,YPR091C,0,1.1387804,0.10606707632541656,0.9744848012924194,0.8384931087493896
YGR257C,YCR024C-A,0,1.1379066,0.10605575144290924,0.9744848012924194,0.8385933041572571
YNL116W,YHR165C,0,1.1374137,0.10604442656040192,0.9744848012924194,0.8386934995651245
YPR079W,YLR295C,0,1.137083,0.10603310167789459,0.9744848012924194,0.8387936949729919
YJL063C,YGL238W,0,1.1368854,0.10602178424596786,0.9744848012924194,0.8388938903808594
YIL040W,YOR334W,0,1.1366651,0.10601045936346054,0.9744848012924194,0.8389940857887268
YJR117W,YOL113W,0,1.1358867,0.10599914938211441,0.9744848012924194,0.8390942811965942
YBR218C,YLR347C,0,1.1358409,0.10598783195018768,0.9744848012924194,0.8391944766044617
YOR336W,YMR225C,0,1.1351871,0.10597652196884155,0.9744848012924194,0.8392946720123291
YOR073W,YDL117W,0,1.1347876,0.10596521198749542,0.9744848012924194,0.8393948674201965
YMR168C,YOR275C,0,1.1345968,0.10595390200614929,0.9744848012924194,0.839495062828064
YAL016W,YDR324C,0,1.1333373,0.10594259947538376,0.9744848012924194,0.8395952582359314
YKL141W,YIL005W,0,1.1321328,0.10593129694461823,0.9744848012924194,0.839695394039154
YPR104C,YGL049C,0,1.1319175,0.10592000186443329,0.9744848012924194,0.8397955894470215
YNL283C,YER062C,0,1.1318989,0.10590870678424835,0.9744848012924194,0.8398957848548889
YIL013C,YDL217C,0,1.1314428,0.10589741170406342,0.9744848012924194,0.8399959802627563
YNL232W,YHR113W,0,1.1297488,0.10588611662387848,0.9744848012924194,0.8400961756706238
YOR117W,YER141W,0,1.1290312,0.10587482899427414,0.9744848012924194,0.8401963710784912
YMR321C,YPL130W,0,1.1289387,0.1058635413646698,0.9744848012924194,0.8402965664863586
YDL215C,YGL179C,0,1.1284862,0.10585225373506546,0.9744848012924194,0.8403967618942261
YPL010W,YAL022C,0,1.1283901,0.10584097355604172,0.9744848012924194,0.8404969573020935
YLR363C,YBR169C,0,1.1279585,0.10582969337701797,0.9744848012924194,0.8405971527099609
YKL048C,YBL076C,0,1.1271322,0.10581841319799423,0.9744848012924194,0.8406973481178284
YBR243C,YDR002W,0,1.1269882,0.10580714046955109,0.9744848012924194,0.8407975435256958
YDR348C,YPR010C,0,1.1264505,0.10579586774110794,0.9744848012924194,0.8408976793289185
YNL224C,YDR028C,0,1.1263804,0.1057845950126648,0.9744848012924194,0.8409978747367859
YDR350C,YIL014W,0,1.1262825,0.10577332973480225,0.9744848012924194,0.8410980701446533
YGR253C,YBL091C,0,1.1258264,0.1057620644569397,0.9744848012924194,0.8411982655525208
YKR031C,YOR299W,0,1.1258037,0.10575079917907715,0.9744848012924194,0.8412984609603882
YEL043W,YGL025C,0,1.1238496,0.1057395413517952,0.9744848012924194,0.8413986563682556
YGL047W,YHR042W,0,1.1237764,0.10572827607393265,0.9744848012924194,0.841498851776123
YIR007W,YPR121W,0,1.1234396,0.10571702569723129,0.9744848012924194,0.8415990471839905
YLL052C,YLL018C-A,0,1.122721,0.10570576786994934,0.9744848012924194,0.8416992425918579
YCR107W,YIL015W,0,1.1224773,0.10569451749324799,0.9744848012924194,0.8417994379997253
YGL062W,YMR318C,0,1.1218524,0.10568326711654663,0.9744848012924194,0.8418996334075928
YKL146W,YHR074W,0,1.1198928,0.10567202419042587,0.9744848012924194,0.8419998288154602
YOR254C,YDR150W,0,1.119544,0.10566078126430511,0.9744848012924194,0.8420999646186829
YGR186W,YMR117C,0,1.1188273,0.10564953833818436,0.9744848012924194,0.8422001600265503
YPR133W-A,YBL079W,0,1.1187937,0.1056382954120636,0.9744848012924194,0.8423003554344177
YDL206W,YDL193W,0,1.118304,0.10562705993652344,0.9744848012924194,0.8424005508422852
YOR283W,YDR144C,0,1.1182942,0.10561582446098328,0.9744848012924194,0.8425007462501526
YNL010W,YGR235C,0,1.1180992,0.10560459643602371,0.9744848012924194,0.84260094165802
YDL134C,YLR050C,0,1.11784,0.10559336096048355,0.9744848012924194,0.8427011370658875
YBR199W,YOR261C,0,1.1178267,0.10558214038610458,0.9744848012924194,0.8428013324737549
YOL121C,YML049C,0,1.1171579,0.10557091236114502,0.9744848012924194,0.8429015278816223
YFL054C,YGR030C,0,1.1170838,0.10555969178676605,0.9744848012924194,0.8430017232894897
YPL170W,YOR084W,0,1.117065,0.10554847121238708,0.9744848012924194,0.8431019186973572
YPL105C,YKL074C,0,1.1170244,0.10553725063800812,0.9744848012924194,0.8432020545005798
YMR261C,YLR355C,0,1.1168439,0.10552603751420975,0.9744848012924194,0.8433022499084473
YBR289W,YMR173W,1,1.1164722,0.1056210845708847,0.9754661321640015,0.8433022499084473
YOL126C,YMR030W,0,1.1160114,0.10560985654592514,0.9754661321640015,0.8434024453163147
YPL126W,YHL026C,0,1.1157305,0.10559864342212677,0.9754661321640015,0.8435026407241821
YDL122W,YPR101W,0,1.1156063,0.1055874228477478,0.9754661321640015,0.8436028361320496
YHR216W,YGR282C,0,1.1146343,0.10557620972394943,0.9754661321640015,0.843703031539917
YBR065C,YOR122C,0,1.1143844,0.10556499660015106,0.9754661321640015,0.8438032269477844
YHR073W,YOL130W,0,1.1139107,0.10555378347635269,0.9754661321640015,0.8439034223556519
YKR001C,YMR074C,0,1.1134346,0.10554257780313492,0.9754661321640015,0.8440036177635193
YNR013C,YBR276C,0,1.1134341,0.10553137212991714,0.9754661321640015,0.8441038131713867
YLR240W,YER119C,0,1.112623,0.10552016645669937,0.9754661321640015,0.8442040085792542
YOL044W,YOL151W,0,1.1119726,0.1055089682340622,0.9754661321640015,0.8443042039871216
YDL072C,YMR113W,0,1.1116519,0.10549777001142502,0.9754661321640015,0.8444043397903442
YHR005C,YGR145W,0,1.1110954,0.10548657178878784,0.9754661321640015,0.8445045351982117
YDR021W,YER100W,0,1.1108673,0.10547538101673126,0.9754661321640015,0.8446047306060791
YAL014C,YGL186C,0,1.1102939,0.10546419024467468,0.9754661321640015,0.8447049260139465
YHL007C,YOR065W,0,1.1098506,0.1054529994726181,0.9754661321640015,0.844805121421814
YLR242C,YDL079C,0,1.1091447,0.10544181615114212,0.9754661321640015,0.8449053168296814
YER026C,YJL011C,0,1.1089933,0.10543063282966614,0.9754661321640015,0.8450055122375488
YGL070C,YGR185C,0,1.1087008,0.10541944950819016,0.9754661321640015,0.8451057076454163
YPR113W,YFR053C,0,1.1086242,0.10540827363729477,0.9754661321640015,0.8452059030532837
YML007W,YKL079W,0,1.1082382,0.10539709776639938,0.9754661321640015,0.8453060984611511
YPL176C,YOR136W,0,1.1078591,0.105385921895504,0.9754661321640015,0.8454062938690186
YHR134W,YDR225W,1,1.1076131,0.10548076033592224,0.9764475226402283,0.8454062938690186
YMR313C,YJL173C,0,1.106322,0.10546957701444626,0.9764475226402283,0.845506489276886
YAL029C,YKL085W,0,1.1050949,0.10545840114355087,0.9764475226402283,0.8456066250801086
YCR043C,YER016W,0,1.1050453,0.10544722527265549,0.9764475226402283,0.8457068204879761
YKR089C,YOL033W,0,1.1041462,0.1054360494017601,0.9764475226402283,0.8458070158958435
YKL081W,YOR198C,0,1.1038249,0.10542488098144531,0.9764475226402283,0.8459072113037109
YKL032C,YBL008W,0,1.1033273,0.10541371256113052,0.9764475226402283,0.8460074067115784
YNL095C,YMR172W,0,1.1033232,0.10540254414081573,0.9764475226402283,0.8461076021194458
YBR191W,YER118C,0,1.1027071,0.10539137572050095,0.9764475226402283,0.8462077975273132
YHR132C,YOR034C,0,1.1018026,0.10538021475076675,0.9764475226402283,0.8463079929351807
YJR118C,YOR188W,0,1.1013744,0.10536905378103256,0.9764475226402283,0.8464081883430481
YDL021W,YHR056C,0,1.1000531,0.10535790026187897,0.9764475226402283,0.8465083837509155
YOR316C,YNL245C,0,1.0998542,0.10534674674272537,0.9764475226402283,0.846608579158783
YHR050W,YLR299W,0,1.0998384,0.10533559322357178,0.9764475226402283,0.8467087745666504
YKL146W,YFL053W,0,1.0997467,0.10532443970441818,0.9764475226402283,0.846808910369873
YMR230W,YML024W,0,1.0996943,0.10531329363584518,0.9764475226402283,0.8469091057777405
YOR311C,YDL197C,0,1.098261,0.10530214756727219,0.9764475226402283,0.8470093011856079
YLL005C,YOL158C,0,1.0978925,0.10529100894927979,0.9764475226402283,0.8471094965934753
YDR497C,YBR181C,0,1.0978022,0.10527986288070679,0.9764475226402283,0.8472096920013428
YIR038C,YPR128C,0,1.0977511,0.10526872426271439,0.9764475226402283,0.8473098874092102
YML123C,YNL214W,0,1.0969038,0.10525759309530258,0.9764475226402283,0.8474100828170776
YOL076W,YDL179W,0,1.0958037,0.10524645447731018,0.9764475226402283,0.8475102782249451
YGR186W,YDR477W,0,1.0951774,0.10523532330989838,0.9764475226402283,0.8476104736328125
YDR512C,YOL021C,0,1.0950062,0.10522419959306717,0.9764475226402283,0.8477106690406799
YPL239W,YOR009W,0,1.094333,0.10521306842565536,0.9764475226402283,0.8478108644485474
YIL122W,YHR214W,0,1.0932989,0.10520194470882416,0.9764475226402283,0.8479110598564148
YPR119W,YMR300C,0,1.0930676,0.10519082099199295,0.9764475226402283,0.8480111956596375
YNL069C,YPL050C,0,1.0927546,0.10517970472574234,0.9764475226402283,0.8481113910675049
YOL012C,YJR048W,0,1.092745,0.10516858845949173,0.9764475226402283,0.8482115864753723
YLR274W,YLR220W,0,1.0921346,0.10515747219324112,0.9764475226402283,0.8483117818832397
YIL009W,YOL142W,0,1.0918875,0.10514635592699051,0.9764475226402283,0.8484119772911072
YMR300C,YGL033W,0,1.0918634,0.1051352471113205,0.9764475226402283,0.8485121726989746
YPL163C,YDR371W,0,1.0904257,0.10512413829565048,0.9764475226402283,0.848612368106842
YLR044C,YJR144W,0,1.0900495,0.10511303693056107,0.9764475226402283,0.8487125635147095
YMR105C,YJR021C,0,1.0900067,0.10510193556547165,0.9764475226402283,0.8488127589225769
YNL026W,YFL031W,0,1.0899334,0.10509083420038223,0.9764475226402283,0.8489129543304443
YIR003W,YMR079W,0,1.0897784,0.10507973283529282,0.9764475226402283,0.8490131497383118
YNL058C,YOR153W,0,1.0894341,0.105068638920784,0.9764475226402283,0.8491132855415344
YDR182W,YKL054C,1,1.0890107,0.10516312718391418,0.9774288535118103,0.8491132855415344
YPR155C,YER002W,0,1.0889475,0.10515202581882477,0.9774288535118103,0.8492134809494019
YIL147C,YKR072C,0,1.0866892,0.10514092445373535,0.9774288535118103,0.8493136763572693
YLR291C,YFL008W,0,1.0861489,0.10512983053922653,0.9774288535118103,0.8494138717651367
YIL031W,YOR188W,0,1.0850497,0.10511873662471771,0.9774288535118103,0.8495140671730042
YMR060C,YGR129W,0,1.0845326,0.10510764271020889,0.9774288535118103,0.8496142625808716
YML058W-A,YGL148W,0,1.0844748,0.10509654879570007,0.9774288535118103,0.849714457988739
YOR262W,YNL302C,0,1.0841153,0.10508546233177185,0.9774288535118103,0.8498146533966064
YLR080W,YEL004W,0,1.083534,0.10507437586784363,0.9774288535118103,0.8499148488044739
YMR123W,YNL045W,0,1.0835137,0.1050632894039154,0.9774288535118103,0.8500150442123413
YDR311W,YGR255C,0,1.0832171,0.10505221039056778,0.9774288535118103,0.8501152396202087
YBR078W,YDR062W,0,1.0820401,0.10504113137722015,0.9774288535118103,0.8502154350280762
YKL073W,YDR462W,0,1.0806632,0.10503005236387253,0.9774288535118103,0.8503155708312988
YDR083W,YOL077W-A,0,1.0801015,0.1050189808011055,0.9774288535118103,0.8504157662391663
YDR127W,YNL229C,0,1.0790806,0.10500790923833847,0.9774288535118103,0.8505159616470337
YBL052C,YGR283C,0,1.0784965,0.10499683767557144,0.9774288535118103,0.8506161570549011
YKR046C,YJL079C,0,1.0779362,0.10498577356338501,0.9774288535118103,0.8507163524627686
YJR064W,YFR044C,0,1.0776827,0.10497470200061798,0.9774288535118103,0.850816547870636
YHL038C,YJR070C,0,1.0770268,0.10496364533901215,0.9774288535118103,0.8509167432785034
YBR287W,YMR035W,0,1.0766451,0.10495258122682571,0.9774288535118103,0.8510169386863708
YGR108W,YBR236C,0,1.0754144,0.10494152456521988,0.9774288535118103,0.8511171340942383
YFL056C,YKL029C,0,1.0749865,0.10493046790361404,0.9774288535118103,0.8512173295021057
YER040W,YMR309C,0,1.0748136,0.10491941124200821,0.9774288535118103,0.8513175249099731
YMR261C,YEL040W,0,1.0746543,0.10490836203098297,0.9774288535118103,0.8514177203178406
YNL199C,YGR034W,0,1.0735909,0.10489731281995773,0.9774288535118103,0.8515178561210632
YML120C,YLR359W,0,1.0722976,0.10488627105951309,0.9774288535118103,0.8516180515289307
YOR101W,YBR276C,0,1.0719736,0.10487522184848785,0.9774288535118103,0.8517182469367981
YER074W,YLR389C,0,1.07165,0.10486418008804321,0.9774288535118103,0.8518184423446655
YDR234W,YJR092W,0,1.0714056,0.10485314577817917,0.9774288535118103,0.851918637752533
YJR105W,YJR031C,0,1.0709023,0.10484210401773453,0.9774288535118103,0.8520188331604004
YIL031W,YJR044C,0,1.0707972,0.10483106970787048,0.9774288535118103,0.8521190285682678
YER063W,YFR019W,0,1.070618,0.10482003539800644,0.9774288535118103,0.8522192239761353
YGR193C,YCR106W,0,1.0699043,0.10480900853872299,0.9774288535118103,0.8523194193840027
YIL048W,YBR079C,0,1.0697855,0.10479798167943954,0.9774288535118103,0.8524196147918701
YDR450W,YOL091W,0,1.0695586,0.1047869548201561,0.9774288535118103,0.8525198101997375
YKL213C,YML038C,0,1.0681494,0.10477592796087265,0.9774288535118103,0.852620005607605
YLR183C,YML093W,0,1.0680344,0.1047649085521698,0.9774288535118103,0.8527201414108276
YOR266W,YMR154C,0,1.0679085,0.10475388914346695,0.9774288535118103,0.8528203368186951
YOR073W,YIL053W,0,1.0677745,0.1047428771853447,0.9774288535118103,0.8529205322265625
YLR001C,YGR215W,0,1.0666664,0.10473185777664185,0.9774288535118103,0.8530207276344299
YJL078C,YHR118C,0,1.0665052,0.10472084581851959,0.9774288535118103,0.8531209230422974
YDR081C,YDL223C,0,1.0664713,0.10470984131097794,0.9774288535118103,0.8532211184501648
YIL129C,YML022W,0,1.0664291,0.10469883680343628,0.9774288535118103,0.8533213138580322
YMR053C,YJL207C,0,1.0662308,0.10468782484531403,0.9774288535118103,0.8534215092658997
YLR406C,YLR033W,0,1.0658454,0.10467682778835297,0.9774288535118103,0.8535217046737671
YOR132W,YNL202W,0,1.0648314,0.10466582328081131,0.9774288535118103,0.8536219000816345
YMR192W,YDR146C,0,1.0646191,0.10465482622385025,0.9774288535118103,0.853722095489502
YML071C,YOL126C,0,1.0643357,0.10464382916688919,0.9774288535118103,0.8538222908973694
YAR003W,YPL098C,0,1.0639446,0.10463283956050873,0.9774288535118103,0.853922426700592
YOR359W,YAL061W,0,1.0637639,0.10462184995412827,0.9774288535118103,0.8540226221084595
YFR031C,YOR239W,0,1.0636098,0.1046108603477478,0.9774288535118103,0.8541228175163269
YHR196W,YEL034W,0,1.063555,0.10459987074136734,0.9774288535118103,0.8542230129241943
YIL002C,YDL223C,0,1.0634558,0.10458888858556747,0.9774288535118103,0.8543232083320618
YPR200C,YOR298W,0,1.0628321,0.10457790642976761,0.9774288535118103,0.8544234037399292
YOR204W,YDR255C,0,1.0626502,0.10456693172454834,0.9774288535118103,0.8545235991477966
YLL041C,YER060W-A,0,1.0625625,0.10455594956874847,0.9774288535118103,0.8546237945556641
YNL262W,YJL134W,0,1.0625234,0.1045449748635292,0.9774288535118103,0.8547239899635315
YAL009W,YCR030C,0,1.0621494,0.10453400760889053,0.9774288535118103,0.8548241853713989
YLL019C,YJR083C,0,1.0604343,0.10452303290367126,0.9774288535118103,0.8549243807792664
YKL082C,YIL052C,0,1.0598623,0.10451206564903259,0.9774288535118103,0.8550245761871338
YDR324C,YBL091C,0,1.0590189,0.10450109839439392,0.9774288535118103,0.8551247119903564
YNR033W,YDR085C,0,1.0584828,0.10449013859033585,0.9774288535118103,0.8552249073982239
YKL084W,YKL003C,0,1.057965,0.10447917878627777,0.9774288535118103,0.8553251028060913
YER175C,YOR245C,0,1.0567808,0.1044682189822197,0.9774288535118103,0.8554252982139587
YBL009W,YOR204W,0,1.0565314,0.10445725917816162,0.9774288535118103,0.8555254936218262
YMR153W,YOR122C,0,1.0565186,0.10444630682468414,0.9774288535118103,0.8556256890296936
YGR192C,YGL016W,0,1.0555605,0.10443535447120667,0.9774288535118103,0.855725884437561
YPR006C,YGL250W,0,1.0553527,0.10442440956830978,0.9774288535118103,0.8558260798454285
YJL209W,YDR037W,0,1.0552237,0.1044134572148323,0.9774288535118103,0.8559262752532959
YKR085C,YPL009C,0,1.0548911,0.10440251231193542,0.9774288535118103,0.8560264706611633
YML019W,YKL139W,0,1.0538435,0.10439157485961914,0.9774288535118103,0.8561266660690308
YDL188C,YDL058W,0,1.0534692,0.10438062995672226,0.9774288535118103,0.8562268018722534
YDR234W,YOR087W,0,1.0533936,0.10436969250440598,0.9774288535118103,0.8563269972801208
YBR168W,YCR008W,0,1.0527608,0.10435876250267029,0.9774288535118103,0.8564271926879883
YOL121C,YLL054C,0,1.0519936,0.104347825050354,0.9774288535118103,0.8565273880958557
YFL034C-B,YFR010W,0,1.0510767,0.10433689504861832,0.9774288535118103,0.8566275835037231
YPL011C,YOR208W,0,1.0509946,0.10432596504688263,0.9774288535118103,0.8567277789115906
YIL044C,YLR389C,0,1.0499818,0.10431504249572754,0.9774288535118103,0.856827974319458
YCR020W-B,YNL199C,0,1.0490592,0.10430411249399185,0.9774288535118103,0.8569281697273254
YPL268W,YIL064W,0,1.0488062,0.10429319739341736,0.9774288535118103,0.8570283651351929
YKR078W,YPR114W,0,1.0478237,0.10428227484226227,0.9774288535118103,0.8571285605430603
YML021C,YDR381W,1,1.0471971,0.10437604784965515,0.9784101843833923,0.8571285605430603
YEL027W,YDL191W,0,1.0470146,0.10436511784791946,0.9784101843833923,0.8572287559509277
YLR167W,YLR058C,0,1.0451031,0.10435419529676437,0.9784101843833923,0.8573289513587952
YBR130C,YLR025W,0,1.0443406,0.10434327274560928,0.9784101843833923,0.8574290871620178
YGL006W,YDR266C,0,1.0439758,0.10433235764503479,0.9784101843833923,0.8575292825698853
YBR238C,YCL036W,0,1.043591,0.1043214425444603,0.9784101843833923,0.8576294779777527
YDR316W,YCL018W,0,1.0433934,0.1043105274438858,0.9784101843833923,0.8577296733856201
YGL097W,YGL022W,0,1.0431597,0.10429961234331131,0.9784101843833923,0.8578298687934875
YER177W,YHR083W,0,1.0426793,0.10428870469331741,0.9784101843833923,0.857930064201355
YHR085W,YHR042W,0,1.0425258,0.10427779704332352,0.9784101843833923,0.8580302596092224
YAL007C,YPR128C,0,1.0424199,0.10426688939332962,0.9784101843833923,0.8581304550170898
YPL061W,YKL025C,0,1.0422654,0.10425598919391632,0.9784101843833923,0.8582306504249573
YOR217W,YJR144W,1,1.0421652,0.10434964299201965,0.9793915748596191,0.8582306504249573
YNL231C,YKL211C,0,1.042063,0.10433873534202576,0.9793915748596191,0.8583308458328247
YER021W,YGR271C-A,0,1.041898,0.10432782769203186,0.9793915748596191,0.8584310412406921
YCR068W,YBR221C,0,1.0417008,0.10431692004203796,0.9793915748596191,0.8585312366485596
YPL203W,YDR246W,0,1.0416071,0.10430601984262466,0.9793915748596191,0.8586313724517822
YIL043C,YPL211W,0,1.0415118,0.10429511964321136,0.9793915748596191,0.8587315678596497
YKR098C,YBR077C,0,1.0409971,0.10428421944379807,0.9793915748596191,0.8588317632675171
YER008C,YML110C,0,1.0382302,0.10427332669496536,0.9793915748596191,0.8589319586753845
YDL123W,YGL051W,0,1.0381919,0.10426243394613266,0.9793915748596191,0.859032154083252
YPL027W,YHR216W,0,1.0381174,0.10425154119729996,0.9793915748596191,0.8591323494911194
YPL058C,YLR367W,0,1.0370243,0.10424064844846725,0.9793915748596191,0.8592325448989868
YJL141C,YOL068C,0,1.0366993,0.10422976315021515,0.9793915748596191,0.8593327403068542
YKL016C,YIR008C,0,1.0358365,0.10421887785196304,0.9793915748596191,0.8594329357147217
YKL120W,YIL018W,0,1.035214,0.10420800000429153,0.9793915748596191,0.8595331311225891
YDR522C,YPL013C,0,1.0350292,0.10419711470603943,0.9793915748596191,0.8596333265304565
YOL038W,YGL181W,0,1.0346823,0.10418624430894852,0.9793915748596191,0.859733521938324
YHR216W,YNL169C,0,1.0339434,0.10417536646127701,0.9793915748596191,0.8598336577415466
YJR044C,YHR201C,0,1.0339162,0.1041644886136055,0.9793915748596191,0.8599338531494141
YOL045W,YKL171W,0,1.0336208,0.10415361821651459,0.9793915748596191,0.8600340485572815
YMR213W,YAL011W,0,1.0335535,0.10414275527000427,0.9793915748596191,0.8601342439651489
YDL123W,YMR291W,0,1.0334208,0.10413188487291336,0.9793915748596191,0.8602344393730164
YDR207C,YKL039W,0,1.0318599,0.10412102192640305,0.9793915748596191,0.8603346347808838
YCR042C,YOL137W,0,1.0315919,0.10411015897989273,0.9793915748596191,0.8604348301887512
YKL035W,YOR380W,0,1.0299127,0.10409930348396301,0.9793915748596191,0.8605350255966187
YBR056W,YKR006C,0,1.0278504,0.1040884405374527,0.9793915748596191,0.8606352210044861
YDL243C,YJL053W,0,1.0268741,0.10407759249210358,0.9793915748596191,0.8607354164123535
YBR187W,YOL023W,0,1.0266459,0.10406673699617386,0.9793915748596191,0.860835611820221
YOR095C,YGR252W,0,1.0255198,0.10405588895082474,0.9793915748596191,0.8609358072280884
YMR271C,YFL061W,0,1.0255079,0.10404504090547562,0.9793915748596191,0.861035943031311
YBL051C,YKL160W,0,1.0241702,0.1040341928601265,0.9793915748596191,0.8611361384391785
YML121W,YDR245W,0,1.0236965,0.10402334481477737,0.9793915748596191,0.8612363338470459
YBR181C,YDR372C,0,1.0231646,0.10401250422000885,0.9793915748596191,0.8613365292549133
YDR020C,YJL096W,0,1.022234,0.10400167107582092,0.9793915748596191,0.8614367246627808
YNL052W,YGL250W,0,1.0221784,0.1039908304810524,0.9793915748596191,0.8615369200706482
YKL073W,YJL200C,0,1.0219502,0.10397999733686447,0.9793915748596191,0.8616371154785156
YMR173W,YNR004W,0,1.0215058,0.10396916419267654,0.9793915748596191,0.8617373108863831
YLL066C,YKL203C,0,1.0212212,0.10395833104848862,0.9793915748596191,0.8618375062942505
YPR124W,YLR085C,0,1.0211446,0.10394750535488129,0.9793915748596191,0.8619377017021179
YKL025C,YCL030C,0,1.0210842,0.10393667966127396,0.9793915748596191,0.8620378971099854
YNL037C,YER054C,0,1.0210245,0.10392585396766663,0.9793915748596191,0.862138032913208
YDL179W,YHR148W,0,1.020616,0.10391503572463989,0.9793915748596191,0.8622382283210754
YGR198W,YKL078W,0,1.0201147,0.10390421748161316,0.9793915748596191,0.8623384237289429
YHR211W,YML032C,0,1.0195453,0.10389339923858643,0.9793915748596191,0.8624386191368103
YML069W,YNL180C,0,1.0186718,0.10388258844614029,0.9793915748596191,0.8625388145446777
YOR125C,YDR345C,0,1.0179365,0.10387177020311356,0.9793915748596191,0.8626390099525452
YLL004W,YKL067W,0,1.0174022,0.10386096686124802,0.9793915748596191,0.8627392053604126
YKL172W,YOR261C,0,1.0172703,0.10385015606880188,0.9793915748596191,0.86283940076828
YER162C,YGR209C,0,1.0170658,0.10383935272693634,0.9793915748596191,0.8629395961761475
YMR033W,YNL137C,0,1.0159765,0.1038285493850708,0.9793915748596191,0.8630397915840149
YGL195W,YLR163C,0,1.0156972,0.10381774604320526,0.9793915748596191,0.8631399869918823
YLR222C,YER058W,0,1.0154114,0.10380695015192032,0.9793915748596191,0.8632401823997498
YKL096W-A,YLR026C,0,1.0153065,0.10379615426063538,0.9793915748596191,0.8633403182029724
YMR230W,YPR011C,0,1.0148463,0.10378535836935043,0.9793915748596191,0.8634405136108398
YPL213W,YDR175C,0,1.0147275,0.10377456247806549,0.9793915748596191,0.8635407090187073
YNL256W,YIL030C,0,1.0146714,0.10376377403736115,0.9793915748596191,0.8636409044265747
YOR113W,YKR053C,0,1.014164,0.1037529855966568,0.9793915748596191,0.8637410998344421
YGL038C,YDR423C,0,1.0136309,0.10374220460653305,0.9793915748596191,0.8638412952423096
YCR102C,YKL197C,0,1.0133693,0.1037314236164093,0.9793915748596191,0.863941490650177
YBR081C,YKL138C,0,1.0129089,0.10372064262628555,0.9793915748596191,0.8640416860580444
YPR003C,YGL237C,0,1.0126758,0.1037098616361618,0.9793915748596191,0.8641418814659119
YHR042W,YOL032W,0,1.0118353,0.10369908809661865,0.9793915748596191,0.8642420768737793
YIL157C,YER170W,0,1.0116322,0.1036883145570755,0.9793915748596191,0.8643422722816467
YGR257C,YEL029C,0,1.0113299,0.10367754101753235,0.9793915748596191,0.8644424676895142
YDR062W,YJL174W,0,1.0095801,0.1036667674779892,0.9793915748596191,0.8645426034927368
YHR156C,YLR070C,0,1.0092618,0.10365600138902664,0.9793915748596191,0.8646427989006042
YEL032W,YOR002W,0,1.0086899,0.10364523530006409,0.9793915748596191,0.8647429943084717
YHR103W,YAL040C,0,1.0085186,0.10363447666168213,0.9793915748596191,0.8648431897163391
YIR003W,YLR203C,0,1.0084057,0.10362371802330017,0.9793915748596191,0.8649433851242065
YFL034C-B,YDR385W,0,1.008275,0.10361295938491821,0.9793915748596191,0.865043580532074
YJL050W,YCR052W,0,1.0081975,0.10360220074653625,0.9793915748596191,0.8651437759399414
YDR211W,YDR045C,0,1.0080696,0.1035914495587349,0.9793915748596191,0.8652439713478088
YPR082C,YPR127W,0,1.0076001,0.10358069837093353,0.9793915748596191,0.8653441667556763
YNL180C,YLL033W,0,1.0070827,0.10356994718313217,0.9793915748596191,0.8654443621635437
YLL034C,YLR020C,0,1.006532,0.10355919599533081,0.9793915748596191,0.8655445575714111
YOL038W,YAL026C,0,1.0061685,0.10354845225811005,0.9793915748596191,0.8656447529792786
YOR388C,YKL217W,0,1.006146,0.10353770852088928,0.9793915748596191,0.8657448887825012
YOR355W,YPR119W,0,1.0049356,0.10352697223424911,0.9793915748596191,0.8658450841903687
YOR361C,YOR264W,0,1.0045778,0.10351623594760895,0.9793915748596191,0.8659452795982361
YKL029C,YGR082W,0,1.0044112,0.10350549966096878,0.9793915748596191,0.8660454750061035
YNR026C,YGL094C,0,1.0038757,0.10349476337432861,0.9793915748596191,0.866145670413971
YPL030W,YNL070W,0,1.0032701,0.10348403453826904,0.9793915748596191,0.8662458658218384
YNL002C,YKR072C,0,1.0031962,0.10347330570220947,0.9793915748596191,0.8663460612297058
YGR264C,YBR162W-A,0,1.0029168,0.1034625768661499,0.9793915748596191,0.8664462566375732
YLL026W,YNL073W,0,1.0025427,0.10345184803009033,0.9793915748596191,0.8665464520454407
YOL097C,YKL139W,0,1.0021763,0.10344112664461136,0.9793915748596191,0.8666466474533081
YKR057W,YOR222W,0,1.0013659,0.10343040525913239,0.9793915748596191,0.8667468428611755
YDL160C,YNL232W,0,1.0009587,0.10341969132423401,0.9793915748596191,0.866847038269043
YMR227C,YGR034W,0,1.0003898,0.10340896993875504,0.9793915748596191,0.8669471740722656
YIL040W,YNL003C,0,0.9983869,0.10339825600385666,0.9793915748596191,0.8670473694801331
YLR406C,YNL036W,0,0.9983316,0.10338754951953888,0.9793915748596191,0.8671475648880005
YHR009C,YEL031W,0,0.9978758,0.1033768355846405,0.9793915748596191,0.8672477602958679
YML051W,YOR032C,0,0.9978439,0.10336612910032272,0.9793915748596191,0.8673479557037354
YBR260C,YGR144W,0,0.99769115,0.10335543006658554,0.9793915748596191,0.8674481511116028
YGR103W,YCL035C,0,0.9975355,0.10334472358226776,0.9793915748596191,0.8675483465194702
YDR246W,YJR108W,0,0.9970166,0.10333402454853058,0.9793915748596191,0.8676485419273376
YNL256W,YHR123W,0,0.9969683,0.1033233255147934,0.9793915748596191,0.8677487373352051
YLL055W,YBR230C,0,0.99659115,0.10331262648105621,0.9793915748596191,0.8678489327430725
YNL081C,YMR183C,0,0.99640876,0.10330193489789963,0.9793915748596191,0.8679491281509399
YKL082C,YOR190W,0,0.99626935,0.10329124331474304,0.9793915748596191,0.8680492639541626
YDL102W,YFL026W,0,0.99622625,0.10328055173158646,0.9793915748596191,0.86814945936203
YNL245C,YER071C,0,0.99585027,0.10326986759901047,0.9793915748596191,0.8682496547698975
YPL198W,YNL131W,0,0.9945469,0.10325918346643448,0.9793915748596191,0.8683498501777649
YOL041C,YCR052W,0,0.9944961,0.10324849933385849,0.9793915748596191,0.8684500455856323
YKL051W,YPL246C,0,0.99417216,0.1032378226518631,0.9793915748596191,0.8685502409934998
YBL009W,YAR071W,0,0.99372846,0.10322713851928711,0.9793915748596191,0.8686504364013672
YOL124C,YBL091C,0,0.9930242,0.10321646183729172,0.9793915748596191,0.8687506318092346
YMR137C,YKL079W,0,0.99260825,0.10320579260587692,0.9793915748596191,0.868850827217102
YBL042C,YKL113C,0,0.99147797,0.10319511592388153,0.9793915748596191,0.8689510226249695
YAL038W,YAL042W,0,0.99046284,0.10318444669246674,0.9793915748596191,0.8690512180328369
YDL175C,YFR050C,0,0.9892473,0.10317378491163254,0.9793915748596191,0.8691514134407043
YGR198W,YDR492W,0,0.9879492,0.10316311568021774,0.9793915748596191,0.869251549243927
YHL035C,YCL035C,0,0.9876036,0.10315245389938354,0.9793915748596191,0.8693517446517944
YDR281C,YPR097W,0,0.9864782,0.10314179211854935,0.9793915748596191,0.8694519400596619
YBR272C,YOL052C,0,0.9863977,0.10313113778829575,0.9793915748596191,0.8695521354675293
YNR069C,YOR011W,0,0.98633796,0.10312047600746155,0.9793915748596191,0.8696523308753967
YGR198W,YJR048W,0,0.98587507,0.10310982167720795,0.9793915748596191,0.8697525262832642
YOR327C,YPL100W,0,0.9857792,0.10309917479753494,0.9793915748596191,0.8698527216911316
YGL001C,YNL327W,0,0.9857706,0.10308852046728134,0.9793915748596191,0.869952917098999
YHR191C,YLR460C,0,0.9854632,0.10307787358760834,0.9793915748596191,0.8700531125068665
YIL053W,YDR194C,0,0.984899,0.10306723415851593,0.9793915748596191,0.8701533079147339
YGL093W,YLR071C,0,0.9844962,0.10305658727884293,0.9793915748596191,0.8702535033226013
YML073C,YCR035C,0,0.9841096,0.10304594784975052,0.9793915748596191,0.8703536987304688
YNL138W,YNL224C,0,0.98350126,0.10303530842065811,0.9793915748596191,0.8704538345336914
YHR037W,YEL051W,0,0.9834811,0.1030246689915657,0.9793915748596191,0.8705540299415588
YEL026W,YLR088W,0,0.98253214,0.1030140370130539,0.9793915748596191,0.8706542253494263
YDR159W,YGL070C,1,0.98224586,0.10310661792755127,0.9803729057312012,0.8706542253494263
YER031C,YKL167C,0,0.98142534,0.10309597849845886,0.9803729057312012,0.8707544207572937
YHR005C,YGL105W,0,0.9811901,0.10308533906936646,0.9803729057312012,0.8708546161651611
YPL215W,YPL126W,0,0.9803489,0.10307469964027405,0.9803729057312012,0.8709548115730286
YBR052C,YJL045W,0,0.98007673,0.10306406766176224,0.9803729057312012,0.871055006980896
YOR086C,YOR109W,0,0.97955215,0.10305343568325043,0.9803729057312012,0.8711552023887634
YPL064C,YNL134C,0,0.97947055,0.10304280370473862,0.9803729057312012,0.8712553977966309
YKL029C,YOL040C,0,0.9791775,0.1030321791768074,0.9803729057312012,0.8713555932044983
YML100W,YML126C,0,0.9790714,0.10302155464887619,0.9803729057312012,0.8714557886123657
YKL016C,YDR045C,0,0.97866184,0.10301093012094498,0.9803729057312012,0.8715559840202332
YPL076W,YPL221W,0,0.9786573,0.10300030559301376,0.9803729057312012,0.8716561198234558
YHL028W,YKL182W,0,0.97796065,0.10298968851566315,0.9803729057312012,0.8717563152313232
YBR126C,YGR254W,0,0.9773392,0.10297907143831253,0.9803729057312012,0.8718565106391907
YGR257C,YBL047C,0,0.97659564,0.10296846181154251,0.9803729057312012,0.8719567060470581
YFL056C,YMR173W,0,0.976506,0.1029578447341919,0.9803729057312012,0.8720569014549255
YML028W,YDL047W,0,0.9760626,0.10294723510742188,0.9803729057312012,0.872157096862793
YDR159W,YOR168W,0,0.9754767,0.10293663293123245,0.9803729057312012,0.8722572922706604
YBR238C,YMR228W,0,0.9754545,0.10292602330446243,0.9803729057312012,0.8723574876785278
YMR194W,YJR103W,0,0.9742991,0.10291542112827301,0.9803729057312012,0.8724576830863953
YLR001C,YGL112C,0,0.97427416,0.10290481895208359,0.9803729057312012,0.8725578784942627
YNL058C,YBR218C,0,0.9742641,0.10289422422647476,0.9803729057312012,0.8726580739021301
YOR230W,YNL288W,0,0.9730864,0.10288362205028534,0.9803729057312012,0.8727582693099976
YNL327W,YDR206W,0,0.97279483,0.10287302732467651,0.9803729057312012,0.8728584051132202
YOL008W,YOL096C,0,0.97178423,0.10286244004964828,0.9803729057312012,0.8729586005210876
YPL099C,YBL092W,0,0.9705218,0.10285184532403946,0.9803729057312012,0.8730587959289551
YBR199W,YOL110W,0,0.9703148,0.10284125804901123,0.9803729057312012,0.8731589913368225
YEL024W,YLR022C,0,0.9701746,0.102830670773983,0.9803729057312012,0.8732591867446899
YNL287W,YJL203W,0,0.9700963,0.10282009094953537,0.9803729057312012,0.8733593821525574
YNL330C,YNL299W,1,0.9700015,0.10291241854429245,0.981354296207428,0.8733593821525574
YMR034C,YML066C,0,0.96962863,0.10290183126926422,0.981354296207428,0.8734595775604248
YGL023C,YNL199C,0,0.9686589,0.10289124399423599,0.981354296207428,0.8735597729682922
YMR029C,YDR314C,0,0.9673882,0.10288065671920776,0.981354296207428,0.8736599683761597
YOR192C,YDR363W,0,0.9654069,0.10287007689476013,0.981354296207428,0.8737601637840271
YNL026W,YOL012C,0,0.96506935,0.1028594970703125,0.981354296207428,0.8738603591918945
YGL187C,YNR006W,0,0.96449184,0.10284891724586487,0.981354296207428,0.873960554599762
YLR193C,YNL137C,0,0.96323353,0.10283833742141724,0.981354296207428,0.8740606904029846
YHR141C,YPL134C,0,0.96257085,0.1028277650475502,0.981354296207428,0.874160885810852
YJR096W,YKR001C,0,0.9622097,0.10281719267368317,0.981354296207428,0.8742610812187195
YMR226C,YMR072W,0,0.96206594,0.10280662029981613,0.981354296207428,0.8743612766265869
YMR123W,YBR115C,0,0.9619197,0.1027960553765297,0.981354296207428,0.8744614720344543
YDR214W,YDL175C,0,0.9616448,0.10278548300266266,0.981354296207428,0.8745616674423218
YOR208W,YOR118W,0,0.96151537,0.10277492552995682,0.981354296207428,0.8746618628501892
YPR043W,YKL026C,0,0.9613297,0.10276436060667038,0.981354296207428,0.8747620582580566
YLL042C,YLR324W,0,0.9612795,0.10275380313396454,0.981354296207428,0.8748622536659241
YHL007C,YGR095C,0,0.960758,0.1027432456612587,0.981354296207428,0.8749624490737915
YDL042C,YKR092C,0,0.960275,0.10273268818855286,0.981354296207428,0.8750626444816589
YGR227W,YJL011C,0,0.96015865,0.10272213816642761,0.981354296207428,0.8751627802848816
YBR052C,YBR287W,0,0.9595013,0.10271158814430237,0.981354296207428,0.875262975692749
YIR008C,YIL123W,0,0.9593082,0.10270103812217712,0.981354296207428,0.8753631711006165
YGR209C,YHR034C,0,0.95899814,0.10269048810005188,0.981354296207428,0.8754633665084839
YKL052C,YDL102W,0,0.958793,0.10267994552850723,0.981354296207428,0.8755635619163513
YJL138C,YML120C,0,0.9585122,0.10266940295696259,0.981354296207428,0.8756637573242188
YKL205W,YPR124W,0,0.95767266,0.10265886783599854,0.981354296207428,0.8757639527320862
YHL013C,YLR295C,0,0.9574112,0.10264832526445389,0.981354296207428,0.8758641481399536
YDR234W,YGR217W,0,0.95727783,0.10263779014348984,0.981354296207428,0.875964343547821
YGL198W,YLR442C,0,0.95668674,0.10262725502252579,0.981354296207428,0.8760645389556885
YBR125C,YOR230W,0,0.9564027,0.10261672735214233,0.981354296207428,0.8761647343635559
YDR233C,YEL003W,0,0.95636123,0.10260619968175888,0.981354296207428,0.8762649297714233
YBL102W,YNL263C,0,0.9555052,0.10259567201137543,0.981354296207428,0.876365065574646
YFR049W,YMR049C,0,0.9544317,0.10258514434099197,0.981354296207428,0.8764652609825134
YBR182C,YBR171W,0,0.95355755,0.10257462412118912,0.981354296207428,0.8765654563903809
YOL010W,YPR035W,0,0.95302767,0.10256410390138626,0.981354296207428,0.8766656517982483
YLR167W,YOR271C,0,0.9529243,0.1025535836815834,0.981354296207428,0.8767658472061157
YNR053C,YER171W,0,0.9526673,0.10254307091236115,0.981354296207428,0.8768660426139832
YOR171C,YLR059C,0,0.95223576,0.10253255069255829,0.981354296207428,0.8769662380218506
YMR025W,YPL246C,0,0.952203,0.10252204537391663,0.981354296207428,0.877066433429718
YBL047C,YHR143W-A,0,0.951871,0.10251153260469437,0.981354296207428,0.8771666288375854
YHR185C,YDL078C,0,0.9517278,0.1025010272860527,0.981354296207428,0.8772668242454529
YGL219C,YDL198C,0,0.95091623,0.10249052196741104,0.981354296207428,0.8773670196533203
YGL093W,YER060W-A,0,0.9507285,0.10248001664876938,0.981354296207428,0.8774672150611877
YDR516C,YDR345C,0,0.95069396,0.10246951878070831,0.981354296207428,0.8775673508644104
YOL136C,YPL139C,0,0.94927824,0.10245901346206665,0.981354296207428,0.8776675462722778
YLR131C,YDR462W,0,0.9484796,0.10244852304458618,0.981354296207428,0.8777677416801453
YJR049C,YPR010C,0,0.9481823,0.10243802517652512,0.981354296207428,0.8778679370880127
YMR158W,YJL066C,0,0.94736445,0.10242753475904465,0.981354296207428,0.8779681324958801
YNL221C,YGR065C,0,0.94722277,0.10241704434156418,0.981354296207428,0.8780683279037476
YML056C,YIL053W,0,0.9457988,0.10240655392408371,0.981354296207428,0.878168523311615
YBR129C,YLR386W,0,0.94528073,0.10239607095718384,0.981354296207428,0.8782687187194824
YFR034C,YOL158C,0,0.9437004,0.10238558053970337,0.981354296207428,0.8783689141273499
YDR316W,YKR065C,0,0.9420101,0.1023751050233841,0.981354296207428,0.8784691095352173
YDR262W,YMR304W,0,0.9412328,0.10236462205648422,0.981354296207428,0.8785693049430847
YGR056W,YGR002C,1,0.94122654,0.10245650261640549,0.98233562707901,0.8785693049430847
YOR272W,YLR305C,0,0.94113445,0.10244601219892502,0.98233562707901,0.8786695003509521
YGR256W,YPL178W,0,0.9405281,0.10243552923202515,0.98233562707901,0.8787696361541748
YGL097W,YMR205C,0,0.93889123,0.10242504626512527,0.98233562707901,0.8788698315620422
YLR453C,YPL053C,0,0.93871856,0.102414570748806,0.98233562707901,0.8789700269699097
YHR120W,YML023C,1,0.93817896,0.10250639170408249,0.983316957950592,0.8789700269699097
YNL281W,YPL063W,0,0.93815625,0.10249590873718262,0.983316957950592,0.8790702223777771
YDL097C,YBL091C,0,0.93810916,0.10248542577028275,0.983316957950592,0.8791704177856445
YMR115W,YPL211W,0,0.93730503,0.10247494280338287,0.983316957950592,0.879270613193512
YGR231C,YBR023C,0,0.9369617,0.1024644672870636,0.983316957950592,0.8793708086013794
YMR041C,YCR068W,0,0.9364689,0.10245398432016373,0.983316957950592,0.8794710040092468
YLR284C,YMR052W,0,0.93539,0.10244351625442505,0.983316957950592,0.8795711994171143
YCR107W,YMR216C,0,0.935251,0.10243304073810577,0.983316957950592,0.8796713948249817
YLR299W,YGL257C,0,0.93446106,0.1024225726723671,0.983316957950592,0.8797715902328491
YBR141C,YKL150W,0,0.93426883,0.10241210460662842,0.983316957950592,0.8798717856407166
YGL111W,YBR282W,0,0.9340566,0.10240163654088974,0.983316957950592,0.8799719214439392
YPL113C,YKR018C,0,0.93318474,0.10239116847515106,0.983316957950592,0.8800721168518066
YLR353W,YGL187C,0,0.9319114,0.10238070785999298,0.983316957950592,0.8801723122596741
YGR276C,YDR359C,0,0.9315197,0.1023702472448349,0.983316957950592,0.8802725076675415
YPL221W,YOR236W,0,0.93086666,0.10235979408025742,0.983316957950592,0.8803727030754089
YBL013W,YLR164W,0,0.9303847,0.10234933346509933,0.983316957950592,0.8804728984832764
YLR020C,YDR365C,0,0.92905223,0.10233888030052185,0.983316957950592,0.8805730938911438
YJR041C,YIL043C,0,0.92799157,0.10232843458652496,0.983316957950592,0.8806732892990112
YKR085C,YLR315W,0,0.9278576,0.10231798142194748,0.983316957950592,0.8807734847068787
YMR125W,YPR137W,0,0.9271451,0.10230753570795059,0.983316957950592,0.8808736801147461
YPL110C,YDR155C,0,0.9259,0.1022970899939537,0.983316957950592,0.8809738755226135
YCR083W,YKL197C,0,0.9256411,0.10228664427995682,0.983316957950592,0.8810740113258362
YPL004C,YPL100W,0,0.9252935,0.10227620601654053,0.983316957950592,0.8811742067337036
YHR091C,YAL026C,0,0.9251071,0.10226576775312424,0.983316957950592,0.881274402141571
YLR259C,YIL128W,0,0.92337,0.10225532948970795,0.983316957950592,0.8813745975494385
YFL033C,YGL096W,0,0.9218285,0.10224489867687225,0.983316957950592,0.8814747929573059
YMR125W,YEL053C,0,0.91991085,0.10223446786403656,0.983316957950592,0.8815749883651733
YBR088C,YBR079C,0,0.91969544,0.10222403705120087,0.983316957950592,0.8816751837730408
YER058W,YHR012W,0,0.91944104,0.10221360623836517,0.983316957950592,0.8817753791809082
YPL105C,YJL099W,0,0.918562,0.10220318287611008,0.983316957950592,0.8818755745887756
YHR216W,YDR191W,0,0.9179689,0.10219275951385498,0.983316957950592,0.8819757699966431
YNL010W,YDR365C,0,0.91573256,0.10218233615159988,0.983316957950592,0.8820759654045105
YIR007W,YER033C,0,0.9155374,0.10217192023992538,0.983316957950592,0.8821761608123779
YJR138W,YNL316C,0,0.9153955,0.10216150432825089,0.983316957950592,0.8822762966156006
YBR274W,YKR098C,0,0.9146678,0.10215108841657639,0.983316957950592,0.882376492023468
YML072C,YOR142W,0,0.9141636,0.10214067250490189,0.983316957950592,0.8824766874313354
YDR499W,YGL055W,0,0.91358477,0.10213026404380798,0.983316957950592,0.8825768828392029
YDR045C,YDR276C,0,0.91318864,0.10211985558271408,0.983316957950592,0.8826770782470703
YNL016W,YML052W,0,0.912295,0.10210944712162018,0.983316957950592,0.8827772736549377
YGL233W,YFR055W,0,0.9115664,0.10209903866052628,0.983316957950592,0.8828774690628052
YDR300C,YBL031W,0,0.9114881,0.10208863765001297,0.983316957950592,0.8829776644706726
YGR180C,YLR028C,0,0.9114714,0.10207823663949966,0.983316957950592,0.88307785987854
YNL016W,YEL048C,0,0.9105131,0.10206784307956696,0.983316957950592,0.8831780552864075
YGL004C,YNR030W,0,0.91017157,0.10205744206905365,0.983316957950592,0.8832782506942749
YKR088C,YJL123C,0,0.90989536,0.10204704850912094,0.983316957950592,0.8833784461021423
YBR034C,YEL022W,0,0.9088814,0.10203666239976883,0.983316957950592,0.883478581905365
YDR314C,YDL121C,0,0.9075601,0.10202626883983612,0.983316957950592,0.8835787773132324
YPL192C,YGR211W,0,0.90747595,0.10201588273048401,0.983316957950592,0.8836789727210999
YAL031C,YKR006C,0,0.9073364,0.1020054966211319,0.983316957950592,0.8837791681289673
YKL188C,YCL030C,0,0.9053605,0.10199511051177979,0.983316957950592,0.8838793635368347
YOR362C,YMR267W,0,0.9050457,0.10198473185300827,0.983316957950592,0.8839795589447021
YJR101W,YOR298W,0,0.90489864,0.10197435319423676,0.983316957950592,0.8840797543525696
YBR192W,YOL082W,0,0.9040748,0.10196397453546524,0.983316957950592,0.884179949760437
YKR066C,YKL013C,0,0.90369564,0.10195360332727432,0.983316957950592,0.8842801451683044
YLR312W-A,YDR345C,0,0.9035559,0.1019432321190834,0.983316957950592,0.8843803405761719
YNL190W,YHL021C,0,0.9024254,0.10193286091089249,0.983316957950592,0.8844805359840393
YPL242C,YOR125C,0,0.90140706,0.10192248970270157,0.983316957950592,0.8845807313919067
YOR011W,YDL015C,0,0.90132576,0.10191212594509125,0.983316957950592,0.8846808671951294
YPL084W,YKR006C,0,0.9006481,0.10190176218748093,0.983316957950592,0.8847810626029968
YNL110C,YDR516C,0,0.90053517,0.1018913984298706,0.983316957950592,0.8848812580108643
YNL081C,YJL154C,0,0.8991341,0.10188103467226028,0.983316957950592,0.8849814534187317
YBR162C,YHL025W,0,0.8985088,0.10187067836523056,0.983316957950592,0.8850816488265991
YJR138W,YKR031C,0,0.8979472,0.10186032205820084,0.983316957950592,0.8851818442344666
YKL148C,YGL234W,0,0.8978768,0.10184997320175171,0.983316957950592,0.885282039642334
YDR017C,YJR049C,0,0.8977343,0.10183961689472198,0.983316957950592,0.8853822350502014
YOR148C,YEL031W,0,0.8975814,0.10182926803827286,0.983316957950592,0.8854824304580688
YHR050W,YKL150W,0,0.8969578,0.10181891918182373,0.983316957950592,0.8855826258659363
YNL175C,YOR094W,0,0.8967754,0.1018085777759552,0.983316957950592,0.8856828212738037
YHR178W,YER157W,0,0.896769,0.10179822891950607,0.983316957950592,0.8857830166816711
YIL087C,YOL112W,0,0.8959844,0.10178788751363754,0.983316957950592,0.8858831524848938
YCR016W,YHR020W,0,0.89334905,0.10177755355834961,0.983316957950592,0.8859833478927612
YDR463W,YCL057W,0,0.8931088,0.10176721215248108,0.983316957950592,0.8860835433006287
YHL018W,YBR103W,0,0.8925253,0.10175687819719315,0.983316957950592,0.8861837387084961
YNL084C,YGL029W,0,0.8913389,0.10174654424190521,0.983316957950592,0.8862839341163635
YBL034C,YGL011C,0,0.88954777,0.10173621773719788,0.983316957950592,0.886384129524231
YLR001C,YCR011C,0,0.8891091,0.10172589123249054,0.983316957950592,0.8864843249320984
YLR095C,YML061C,0,0.888997,0.1017155647277832,0.983316957950592,0.8865845203399658
YMR296C,YOR002W,0,0.8874815,0.10170523822307587,0.983316957950592,0.8866847157478333
YDR099W,YHR032W,0,0.8868771,0.10169491171836853,0.983316957950592,0.8867849111557007
YOR284W,YKL184W,0,0.88676244,0.10168459266424179,0.983316957950592,0.8868851065635681
YOL129W,YKL038W,0,0.88529724,0.10167427361011505,0.983316957950592,0.8869852423667908
YML075C,YPL183W-A,0,0.8811747,0.10166396200656891,0.983316957950592,0.8870854377746582
YGL062W,YNR013C,0,0.8801998,0.10165365040302277,0.983316957950592,0.8871856331825256
YGR083C,YDR528W,0,0.8797576,0.10164333879947662,0.983316957950592,0.8872858285903931
YHL011C,YFR013W,0,0.87903225,0.10163302719593048,0.983316957950592,0.8873860239982605
YNR055C,YKR100C,0,0.8778333,0.10162271559238434,0.983316957950592,0.8874862194061279
YDR406W,YBR072W,0,0.8776755,0.10161241143941879,0.983316957950592,0.8875864148139954
YGR103W,YIL052C,0,0.8775223,0.10160210728645325,0.983316957950592,0.8876866102218628
YPL029W,YNL067W,0,0.877138,0.1015918105840683,0.983316957950592,0.8877868056297302
YOR119C,YAL040C,0,0.87674457,0.10158150643110275,0.983316957950592,0.8878870010375977
YOL154W,YGR275W,0,0.87649506,0.1015712097287178,0.983316957950592,0.8879871964454651
YOR119C,YHL026C,0,0.8764102,0.10156091302633286,0.983316957950592,0.8880873918533325
YDL155W,YNL024C,0,0.87626994,0.1015506237745285,0.983316957950592,0.8881875276565552
YHR169W,YNL216W,0,0.8759765,0.10154033452272415,0.983316957950592,0.8882877230644226
YCR005C,YOR219C,0,0.8757736,0.1015300452709198,0.983316957950592,0.88838791847229
YDL226C,YDR363W,0,0.87574595,0.10151975601911545,0.983316957950592,0.8884881138801575
YOR316C,YNL274C,0,0.8751437,0.1015094742178917,0.983316957950592,0.8885883092880249
YDL021W,YGR289C,0,0.874748,0.10149919241666794,0.983316957950592,0.8886885046958923
YJR096W,YKL138C,0,0.8743679,0.10148891061544418,0.983316957950592,0.8887887001037598
YPL183W-A,YBL076C,0,0.87407535,0.10147862881422043,0.983316957950592,0.8888888955116272
YMR173W,YBL088C,1,0.8731271,0.10156962275505066,0.9842983484268188,0.8888888955116272
YKR089C,YHR096C,0,0.87055796,0.10155933350324631,0.9842983484268188,0.8889890909194946
YOR229W,YCR066W,0,0.8703195,0.10154905170202255,0.9842983484268188,0.8890892863273621
YOL128C,YPL049C,0,0.86991066,0.1015387699007988,0.9842983484268188,0.8891894817352295
YLR132C,YKR001C,0,0.86966807,0.10152849555015564,0.9842983484268188,0.8892896771430969
YLR071C,YKL079W,0,0.86964065,0.10151822119951248,0.9842983484268188,0.8893898129463196
YDL100C,YLR355C,0,0.8684935,0.10150794684886932,0.9842983484268188,0.889490008354187
YGR067C,YLL029W,0,0.8684576,0.10149767249822617,0.9842983484268188,0.8895902037620544
YDR174W,YPR002W,0,0.8680816,0.1014874055981636,0.9842983484268188,0.8896903991699219
YDR072C,YJR021C,0,0.86794895,0.10147713124752045,0.9842983484268188,0.8897905945777893
YOL038W,YHR109W,0,0.8668422,0.10146687179803848,0.9842983484268188,0.8898907899856567
YJR109C,YOL095C,0,0.8654941,0.10145660489797592,0.9842983484268188,0.8899909853935242
YMR104C,YER035W,0,0.8641045,0.10144634544849396,0.9842983484268188,0.8900911808013916
YBR016W,YOR250C,0,0.8640632,0.101436085999012,0.9842983484268188,0.890191376209259
YGR082W,YNR013C,0,0.8637445,0.10142582654953003,0.9842983484268188,0.8902915716171265
YOR230W,YDR386W,0,0.8634753,0.10141557455062866,0.9842983484268188,0.8903917670249939
YGL030W,YMR083W,0,0.86306477,0.1014053151011467,0.9842983484268188,0.8904919624328613
YDR281C,YER052C,0,0.8630193,0.10139506310224533,0.9842983484268188,0.890592098236084
YHR020W,YDL079C,0,0.8625475,0.10138481855392456,0.9842983484268188,0.8906922936439514
YDR059C,YDR359C,0,0.8609055,0.10137457400560379,0.9842983484268188,0.8907924890518188
YGL181W,YNL009W,0,0.8607469,0.10136432200670242,0.9842983484268188,0.8908926844596863
YDR527W,YER165W,0,0.8601026,0.10135408490896225,0.9842983484268188,0.8909928798675537
YDR062W,YGR080W,0,0.85968107,0.10134384036064148,0.9842983484268188,0.8910930752754211
YLR002C,YGR283C,0,0.8591406,0.1013336032629013,0.9842983484268188,0.8911932706832886
YKR013W,YHR007C,0,0.859037,0.10132336616516113,0.9842983484268188,0.891293466091156
YPL275W,YKR042W,0,0.8587387,0.10131312906742096,0.9842983484268188,0.8913936614990234
YMR029C,YIL065C,0,0.8583254,0.10130289942026138,0.9842983484268188,0.8914938569068909
YIL036W,YPL135W,0,0.8583098,0.1012926697731018,0.9842983484268188,0.8915940523147583
YIL127C,YGL148W,0,0.85779023,0.10128244012594223,0.9842983484268188,0.8916942477226257
YER004W,YDR276C,0,0.8569481,0.10127221047878265,0.9842983484268188,0.8917943835258484
YGR090W,YDR463W,0,0.8563653,0.10126198828220367,0.9842983484268188,0.8918945789337158
YNR053C,YDR310C,0,0.8554897,0.1012517660856247,0.9842983484268188,0.8919947743415833
YPL012W,YOR153W,0,0.8554234,0.10124154388904572,0.9842983484268188,0.8920949697494507
YML058W,YFL062W,0,0.85489076,0.10123132914304733,0.9842983484268188,0.8921951651573181
YOR301W,YGR125W,0,0.8531549,0.10122111439704895,0.9842983484268188,0.8922953605651855
YML038C,YOL148C,0,0.8526621,0.10121089965105057,0.9842983484268188,0.892395555973053
YOR123C,YJL103C,0,0.85248023,0.10120068490505219,0.9842983484268188,0.8924957513809204
YGL111W,YBR106W,0,0.8516181,0.1011904776096344,0.9842983484268188,0.8925959467887878
YDL181W,YGL113W,0,0.84956706,0.10118027031421661,0.9842983484268188,0.8926961421966553
YPL003W,YIR039C,0,0.8491601,0.10117006301879883,0.9842983484268188,0.8927963376045227
YOR310C,YML006C,0,0.84885573,0.10115985572338104,0.9842983484268188,0.8928965330123901
YNL010W,YIL103W,0,0.848738,0.10114965587854385,0.9842983484268188,0.8929966688156128
YDL236W,YDR162C,0,0.84845436,0.10113945603370667,0.9842983484268188,0.8930968642234802
YIL015W,YGR074W,0,0.848376,0.10112926363945007,0.9842983484268188,0.8931970596313477
YBL045C,YDR160W,0,0.8481433,0.10111906379461288,0.9842983484268188,0.8932972550392151
YBR083W,YHR123W,0,0.84790736,0.10110887140035629,0.9842983484268188,0.8933974504470825
YER017C,YHR141C,0,0.84782916,0.1010986790060997,0.9842983484268188,0.89349764585495
YLR427W,YGL127C,1,0.8452347,0.1011892780661583,0.9852796792984009,0.89349764585495
YOR304C-A,YBR121C,0,0.8452006,0.1011790782213211,0.9852796792984009,0.8935978412628174
YIL122W,YIL041W,0,0.84431136,0.10116888582706451,0.9852796792984009,0.8936980366706848
YLR268W,YKL046C,0,0.84373814,0.10115869343280792,0.9852796792984009,0.8937982320785522
YOR375C,YJR133W,0,0.8434965,0.10114850103855133,0.9852796792984009,0.8938984274864197
YDR023W,YLR058C,0,0.84332114,0.10113830864429474,0.9852796792984009,0.8939986228942871
YBL056W,YOL020W,0,0.8418874,0.10112812370061874,0.9852796792984009,0.8940987586975098
YGL200C,YJL034W,0,0.839865,0.10111793875694275,0.9852796792984009,0.8941989541053772
YGL013C,YBR095C,0,0.839669,0.10110775381326675,0.9852796792984009,0.8942991495132446
YGL029W,YFR053C,0,0.83947897,0.10109757632017136,0.9852796792984009,0.8943993449211121
YAL068C,YOR190W,0,0.838806,0.10108739137649536,0.9852796792984009,0.8944995403289795
YIL088C,YPL005W,0,0.8368914,0.10107721388339996,0.9852796792984009,0.8945997357368469
YNL328C,YOR125C,0,0.83634603,0.10106704384088516,0.9852796792984009,0.8946999311447144
YDR293C,YPL097W,0,0.8360664,0.10105686634778976,0.9852796792984009,0.8948001265525818
YPL198W,YDR141C,0,0.83519024,0.10104669630527496,0.9852796792984009,0.8949003219604492
YPL212C,YDR233C,0,0.83476514,0.10103653371334076,0.9852796792984009,0.8950005173683167
YDR072C,YBR229C,0,0.83452624,0.10102636367082596,0.9852796792984009,0.8951007127761841
YGL028C,YGL092W,0,0.8344877,0.10101620107889175,0.9852796792984009,0.8952009081840515
YML010W,YLR367W,0,0.8336131,0.10100603848695755,0.9852796792984009,0.8953010439872742
YLR429W,YJL104W,0,0.832943,0.10099587589502335,0.9852796792984009,0.8954012393951416
YPR020W,YGR216C,0,0.83058983,0.10098572075366974,0.9852796792984009,0.895501434803009
YPR056W,YMR001C,0,0.8301152,0.10097555816173553,0.9852796792984009,0.8956016302108765
YKR013W,YFR047C,0,0.8294773,0.10096540302038193,0.9852796792984009,0.8957018256187439
YIL015W,YML078W,0,0.8291042,0.10095525532960892,0.9852796792984009,0.8958020210266113
YGL124C,YDR259C,0,0.8282837,0.10094510018825531,0.9852796792984009,0.8959022164344788
YAL014C,YJR113C,0,0.82821995,0.1009349524974823,0.9852796792984009,0.8960024118423462
YHR132C,YKL077W,0,0.82791334,0.10092481225728989,0.9852796792984009,0.8961026072502136
YML073C,YNL153C,0,0.8271497,0.10091466456651688,0.9852796792984009,0.896202802658081
YOR079C,YKL138C,0,0.827135,0.10090452432632446,0.9852796792984009,0.8963029980659485
YKL006W,YPR010C,0,0.82614094,0.10089438408613205,0.9852796792984009,0.8964031934738159
YDR364C,YHR113W,0,0.82597405,0.10088424384593964,0.9852796792984009,0.8965033292770386
YOR058C,YBR085W,0,0.8257131,0.10087411105632782,0.9852796792984009,0.896603524684906
YLR225C,YNL239W,0,0.82456964,0.1008639708161354,0.9852796792984009,0.8967037200927734
YJL060W,YGR121C,0,0.8240207,0.10085384547710419,0.9852796792984009,0.8968039155006409
YLR051C,YDL189W,0,0.8232526,0.10084371268749237,0.9852796792984009,0.8969041109085083
YPL176C,YGL190C,0,0.82289875,0.10083358734846115,0.9852796792984009,0.8970043063163757
YGR165W,YJL200C,0,0.82278585,0.10082346200942993,0.9852796792984009,0.8971045017242432
YHR080C,YPL274W,0,0.8221685,0.10081333667039871,0.9852796792984009,0.8972046971321106
YBL052C,YGL016W,0,0.82216144,0.10080321133136749,0.9852796792984009,0.897304892539978
YDR293C,YGL085W,0,0.82204777,0.10079309344291687,0.9852796792984009,0.8974050879478455
YDR398W,YOR188W,0,0.82184774,0.10078297555446625,0.9852796792984009,0.8975052833557129
YPL133C,YGR144W,0,0.82165956,0.10077285766601562,0.9852796792984009,0.8976054787635803
YNL085W,YGL058W,1,0.8214857,0.10086310654878616,0.9862610697746277,0.8976054787635803
YOR085W,YBR080C,0,0.82133204,0.10085298866033554,0.9862610697746277,0.897705614566803
YLR069C,YDL031W,0,0.8175029,0.10084286332130432,0.9862610697746277,0.8978058099746704
YML081W,YPL180W,0,0.81738347,0.1008327454328537,0.9862610697746277,0.8979060053825378
YBR068C,YDR123C,0,0.8168341,0.10082263499498367,0.9862610697746277,0.8980062007904053
YAL055W,YOR086C,0,0.8164599,0.10081251710653305,0.9862610697746277,0.8981063961982727
YMR321C,YOR011W,0,0.8160635,0.10080240666866302,0.9862610697746277,0.8982065916061401
YIR025W,YGR202C,0,0.81507444,0.100792296230793,0.9862610697746277,0.8983067870140076
YHL033C,YIL106W,0,0.8143225,0.10078219324350357,0.9862610697746277,0.898406982421875
YDR508C,YOR299W,0,0.81324846,0.10077208280563354,0.9862610697746277,0.8985071778297424
YJL066C,YOL132W,0,0.8114982,0.10076197981834412,0.9862610697746277,0.8986073732376099
YCL001W,YLR308W,0,0.8109916,0.10075187683105469,0.9862610697746277,0.8987075686454773
YMR238W,YNL219C,0,0.8109103,0.10074178129434586,0.9862610697746277,0.8988077640533447
YGR099W,YER154W,0,0.80990094,0.10073168575763702,0.9862610697746277,0.8989078998565674
YIR038C,YLR292C,0,0.8098126,0.10072159022092819,0.9862610697746277,0.8990080952644348
YNR055C,YBR131W,0,0.80848914,0.10071149468421936,0.9862610697746277,0.8991082906723022
YIL069C,YDR432W,0,0.8083578,0.10070139914751053,0.9862610697746277,0.8992084860801697
YBL034C,YNL284C,0,0.808013,0.1006913110613823,0.9862610697746277,0.8993086814880371
YBL066C,YPR079W,0,0.80783457,0.10068122297525406,0.9862610697746277,0.8994088768959045
YMR083W,YHR121W,0,0.8077609,0.10067114233970642,0.9862610697746277,0.899509072303772
YBL014C,YDR359C,0,0.8074504,0.10066105425357819,0.9862610697746277,0.8996092677116394
YGL195W,YGL026C,0,0.8074132,0.10065097361803055,0.9862610697746277,0.8997094631195068
YDR078C,YDL002C,0,0.806654,0.10064090043306351,0.9862610697746277,0.8998096585273743
YNL282W,YML093W,0,0.8062766,0.10063081979751587,0.9862610697746277,0.8999098539352417
YIL140W,YGR192C,0,0.80519414,0.10062074661254883,0.9862610697746277,0.9000099897384644
YKL117W,YPR163C,0,0.80499464,0.10061067342758179,0.9862610697746277,0.9001101851463318
YCR089W,YLR378C,0,0.8036439,0.10060060024261475,0.9862610697746277,0.9002103805541992
YOR234C,YLL039C,0,0.8034079,0.1005905345082283,0.9862610697746277,0.9003105759620667
YCR052W,YML006C,0,0.8029087,0.10058046132326126,0.9862610697746277,0.9004107713699341
YOR380W,YOL082W,0,0.8021641,0.10057039558887482,0.9862610697746277,0.9005109667778015
YMR110C,YDR119W,0,0.8020732,0.10056033730506897,0.9862610697746277,0.900611162185669
YNL220W,YIL094C,0,0.8007376,0.10055027157068253,0.9862610697746277,0.9007113575935364
YLR363C,YLR071C,0,0.7998997,0.10054021328687668,0.9862610697746277,0.9008115530014038
YDL213C,YPL049C,0,0.79953414,0.10053016245365143,0.9862610697746277,0.9009117484092712
YJL093C,YBR006W,0,0.7971296,0.10052010416984558,0.9862610697746277,0.9010119438171387
YBR133C,YGR245C,0,0.79586977,0.10051005333662033,0.9862610697746277,0.9011121392250061
YBL072C,YNL068C,0,0.7958281,0.10050000250339508,0.9862610697746277,0.9012122750282288
YCR107W,YBR065C,0,0.7935356,0.10048995167016983,0.9862610697746277,0.9013124704360962
YMR205C,YHR026W,0,0.7935161,0.10047990083694458,0.9862610697746277,0.9014126658439636
YER167W,YIL046W,0,0.79263276,0.10046985745429993,0.9862610697746277,0.901512861251831
YER168C,YBR177C,0,0.79248124,0.10045981407165527,0.9862610697746277,0.9016130566596985
YGL044C,YLR378C,0,0.7924011,0.10044977813959122,0.9862610697746277,0.9017132520675659
YHL034C,YMR200W,0,0.7916893,0.10043973475694656,0.9862610697746277,0.9018134474754333
YLR056W,YJR123W,0,0.79087806,0.10042969882488251,0.9862610697746277,0.9019136428833008
YIL022W,YBR120C,0,0.7899789,0.10041966289281845,0.9862610697746277,0.9020138382911682
YML121W,YNL070W,0,0.7899751,0.10040963441133499,0.9862610697746277,0.9021140336990356
YIL007C,YOL013C,0,0.78984874,0.10039959847927094,0.9862610697746277,0.9022142291069031
YIL076W,YNL121C,0,0.7893132,0.10038956999778748,0.9862610697746277,0.9023144245147705
YOR202W,YOL006C,0,0.7885422,0.10037954151630402,0.9862610697746277,0.9024145603179932
YBL042C,YLL054C,0,0.78547883,0.10036952048540115,0.9862610697746277,0.9025147557258606
YCR042C,YBL076C,0,0.7853462,0.10035949945449829,0.9862610697746277,0.902614951133728
YPL259C,YCL034W,0,0.7837981,0.10034947842359543,0.9862610697746277,0.9027151465415955
YPR043W,YBL068W,0,0.7837146,0.10033945739269257,0.9862610697746277,0.9028153419494629
YDR172W,YDR500C,0,0.7834708,0.1003294363617897,0.9862610697746277,0.9029155373573303
YBR093C,YEL020C,0,0.7815526,0.10031942278146744,0.9862610697746277,0.9030157327651978
YML030W,YML078W,0,0.7809735,0.10030940920114517,0.9862610697746277,0.9031159281730652
YNR053C,YKL209C,0,0.78014475,0.1002994030714035,0.9862610697746277,0.9032161235809326
YDR064W,YLR285W,0,0.7801321,0.10028938949108124,0.9862610697746277,0.9033163189888
YGR284C,YDR198C,0,0.77987796,0.10027938336133957,0.9862610697746277,0.9034165143966675
YER101C,YPR185W,0,0.77983385,0.1002693772315979,0.9862610697746277,0.9035167098045349
YDR519W,YKL192C,0,0.77745515,0.10025937855243683,0.9862610697746277,0.9036168456077576
YGR258C,YOL058W,0,0.7773145,0.10024937987327576,0.9862610697746277,0.903717041015625
YGR134W,YOR298W,0,0.7765464,0.10023938119411469,0.9862610697746277,0.9038172364234924
YGR257C,YIL021W,0,0.77556235,0.10022938251495361,0.9862610697746277,0.9039174318313599
YPL242C,YPL104W,0,0.7753307,0.10021938383579254,0.9862610697746277,0.9040176272392273
YFR018C,YDL142C,0,0.7750301,0.10020939260721207,0.9862610697746277,0.9041178226470947
YMR210W,YMR033W,0,0.7743835,0.10019940137863159,0.9862610697746277,0.9042180180549622
YLR355C,YKR042W,0,0.77374285,0.10018941015005112,0.9862610697746277,0.9043182134628296
YLR393W,YOL126C,0,0.7721045,0.10017942637205124,0.9862610697746277,0.904418408870697
YGR169C,YOR136W,0,0.77188647,0.10016944259405136,0.9862610697746277,0.9045186042785645
YNL037C,YBR059C,0,0.7716481,0.10015945881605148,0.9862610697746277,0.9046187996864319
YBR199W,YLL008W,0,0.7716361,0.1001494750380516,0.9862610697746277,0.9047189950942993
YGR143W,YCL043C,0,0.7713562,0.10013949871063232,0.9862610697746277,0.904819130897522
YDL117W,YDR194C,0,0.7712937,0.10012952238321304,0.9862610697746277,0.9049193263053894
YNR004W,YHR104W,0,0.77112436,0.10011954605579376,0.9862610697746277,0.9050195217132568
YGR229C,YCR073C,0,0.7710661,0.10010956972837448,0.9862610697746277,0.9051197171211243
YHR194W,YMR323W,0,0.7709848,0.1000996008515358,0.9862610697746277,0.9052199125289917
YGL148W,YER042W,0,0.7698323,0.10008963197469711,0.9862610697746277,0.9053201079368591
YGR244C,YNL202W,0,0.7691748,0.10007966309785843,0.9862610697746277,0.9054203033447266
YPL164C,YPL211W,0,0.76702505,0.10006970167160034,0.9862610697746277,0.905520498752594
YPR138C,YKL167C,0,0.7663802,0.10005974024534225,0.9862610697746277,0.9056206941604614
YGL180W,YFR004W,0,0.7649998,0.10004977881908417,0.9862610697746277,0.9057208895683289
YGR177C,YOR095C,0,0.7649001,0.10003981739282608,0.9862610697746277,0.9058210849761963
YBR162C,YKR036C,0,0.76482326,0.100029855966568,0.9862610697746277,0.905921220779419
YDL124W,YNR048W,0,0.7636061,0.1000199019908905,0.9862610697746277,0.9060214161872864
YGR129W,YBR028C,0,0.7622811,0.10000994801521301,0.9862610697746277,0.9061216115951538
YJR127C,YDR129C,0,0.7621157,0.10000000149011612,0.9862610697746277,0.9062218070030212
YML057W,YIL062C,0,0.7614099,0.09999004751443863,0.9862610697746277,0.9063220024108887
YKL196C,YKR065C,0,0.7606254,0.09998010098934174,0.9862610697746277,0.9064221978187561
YKL189W,YMR246W,0,0.7592004,0.09997015446424484,0.9862610697746277,0.9065223932266235
YLR372W,YJL167W,0,0.75892097,0.09996021538972855,0.9862610697746277,0.906622588634491
YOR149C,YOR272W,0,0.75773454,0.09995027631521225,0.9862610697746277,0.9067227840423584
YNL133C,YPL180W,0,0.7570335,0.09994033724069595,0.9862610697746277,0.9068229794502258
YLR182W,YNR046W,0,0.75595325,0.09993039816617966,0.9862610697746277,0.9069231748580933
YPL145C,YKR085C,0,0.75505716,0.09992045909166336,0.9862610697746277,0.9070233702659607
YMR072W,YBL076C,0,0.7545957,0.09991052746772766,0.9862610697746277,0.9071235060691833
YJL111W,YPL098C,0,0.7538913,0.09990059584379196,0.9862610697746277,0.9072237014770508
YGR198W,YPR091C,0,0.75362813,0.09989066421985626,0.9862610697746277,0.9073238968849182
YGL192W,YJL005W,0,0.75290954,0.09988074004650116,0.9862610697746277,0.9074240922927856
YBR042C,YOL115W,0,0.7522277,0.09987081587314606,0.9862610697746277,0.9075242877006531
YDL181W,YLR153C,0,0.7520177,0.09986089169979095,0.9862610697746277,0.9076244831085205
YGR183C,YHR008C,0,0.75078785,0.09985096752643585,0.9862610697746277,0.9077246785163879
YOL061W,YIL083C,0,0.749661,0.09984105080366135,0.9862610697746277,0.9078248739242554
YJL078C,YBL034C,0,0.7489891,0.09983113408088684,0.9862610697746277,0.9079250693321228
YGL111W,YAL022C,0,0.7488234,0.09982121735811234,0.9862610697746277,0.9080252647399902
YLL057C,YNL219C,0,0.7476806,0.09981130063533783,0.9862610697746277,0.9081254601478577
YGR203W,YKR045C,0,0.7468315,0.09980139136314392,0.9862610697746277,0.9082256555557251
YMR145C,YNL067W,0,0.74636596,0.09979148209095001,0.9862610697746277,0.9083257913589478
YER021W,YLR220W,0,0.7462818,0.0997815728187561,0.9862610697746277,0.9084259867668152
YDR131C,YMR149W,0,0.745287,0.0997716635465622,0.9862610697746277,0.9085261821746826
YBL047C,YMR182C,0,0.7441042,0.09976176172494888,0.9862610697746277,0.90862637758255
YDL072C,YGR165W,0,0.7427556,0.09975185990333557,0.9862610697746277,0.9087265729904175
YFL002C,YJL115W,0,0.7422118,0.09974195808172226,0.9862610697746277,0.9088267683982849
YKL093W,YMR034C,0,0.7418889,0.09973206371068954,0.9862610697746277,0.9089269638061523
YJL122W,YJR046W,0,0.7415349,0.09972216933965683,0.9862610697746277,0.9090271592140198
YGL103W,YLR406C,0,0.7407405,0.09971227496862411,0.9862610697746277,0.9091273546218872
YGR134W,YMR092C,0,0.7394079,0.0997023805975914,0.9862610697746277,0.9092275500297546
YDL145C,YLR085C,0,0.7385852,0.09969249367713928,0.9862610697746277,0.9093277454376221
YOR382W,YPL164C,0,0.7378954,0.09968259930610657,0.9862610697746277,0.9094279408454895
YDR188W,YDR411C,0,0.73710483,0.09967271983623505,0.9862610697746277,0.9095280766487122
YKL126W,YMR014W,0,0.73698586,0.09966283291578293,0.9862610697746277,0.9096282720565796
YHR122W,YPR017C,0,0.7347904,0.09965295344591141,0.9862610697746277,0.909728467464447
YGL256W,YNL026W,0,0.7342503,0.09964306652545929,0.9862610697746277,0.9098286628723145
YDR350C,YCR030C,0,0.7337303,0.09963319450616837,0.9862610697746277,0.9099288582801819
YDR423C,YML028W,0,0.73365533,0.09962331503629684,0.9862610697746277,0.9100290536880493
YOR375C,YOR153W,0,0.73361427,0.09961344301700592,0.9862610697746277,0.9101292490959167
YLR060W,YGL099W,0,0.7323855,0.099603570997715,0.9862610697746277,0.9102294445037842
YCL043C,YHR143W-A,0,0.7317963,0.09959369897842407,0.9862610697746277,0.9103296399116516
YBR067C,YJR052W,0,0.73173374,0.09958382695913315,0.9862610697746277,0.910429835319519
YLR213C,YNL055C,0,0.730534,0.09957396239042282,0.9862610697746277,0.9105300307273865
YER065C,YEL001C,0,0.7298593,0.0995640978217125,0.9862610697746277,0.9106302261352539
YGL037C,YER033C,0,0.7298357,0.09955423325300217,0.9862610697746277,0.9107303619384766
YGR143W,YML127W,0,0.7291374,0.09954437613487244,0.9862610697746277,0.910830557346344
YPL181W,YHR106W,0,0.727721,0.09953451156616211,0.9862610697746277,0.9109307527542114
YKL150W,YER101C,0,0.72756964,0.09952466189861298,0.9862610697746277,0.9110309481620789
YMR266W,YER087W,0,0.72715884,0.09951480478048325,0.9862610697746277,0.9111311435699463
YOR087W,YNL154C,0,0.72539455,0.09950494766235352,0.9862610697746277,0.9112313389778137
YML046W,YML058W,0,0.72406524,0.09949509799480438,0.9862610697746277,0.9113315343856812
YPL036W,YMR015C,0,0.7239476,0.09948524832725525,0.9862610697746277,0.9114317297935486
YML058W,YJL191W,0,0.72112244,0.09947540611028671,0.9862610697746277,0.911531925201416
YNL247W,YOR254C,0,0.72068024,0.09946555644273758,0.9862610697746277,0.9116321206092834
YBR034C,YJL054W,0,0.7203633,0.09945571422576904,0.9862610697746277,0.9117323160171509
YMR089C,YDR515W,0,0.71978307,0.0994458720088005,0.9862610697746277,0.9118325114250183
YAL016W,YLR258W,0,0.7197371,0.09943603724241257,0.9862610697746277,0.911932647228241
YDL232W,YGR205W,0,0.71965134,0.09942619502544403,0.9862610697746277,0.9120328426361084
YLR399C,YNL323W,0,0.7196513,0.09941636025905609,0.9862610697746277,0.9121330380439758
YLR388W,YGR020C,0,0.7196173,0.09940652549266815,0.9862610697746277,0.9122332334518433
YGR258C,YKL025C,1,0.71811664,0.09949559718370438,0.9872424006462097,0.9122332334518433
YBL056W,YOR229W,0,0.71805054,0.09948576241731644,0.9872424006462097,0.9123334288597107
YGR287C,YBR089C-A,0,0.7176871,0.0994759202003479,0.9872424006462097,0.9124336242675781
YHR175W,YDR314C,0,0.7168123,0.09946608543395996,0.9872424006462097,0.9125338196754456
YDR296W,YHR149C,0,0.7166468,0.09945625066757202,0.9872424006462097,0.912634015083313
YOR284W,YKR006C,0,0.7157429,0.09944642335176468,0.9872424006462097,0.9127342104911804
YMR250W,YDR062W,0,0.713156,0.09943658858537674,0.9872424006462097,0.9128344058990479
YOR049C,YOR168W,0,0.7129058,0.0994267612695694,0.9872424006462097,0.9129346013069153
YPL147W,YER052C,0,0.71281785,0.09941694140434265,0.9872424006462097,0.9130347371101379
YDL181W,YPR001W,0,0.71144825,0.09940711408853531,0.9872424006462097,0.9131349325180054
YDR202C,YKR018C,0,0.71129894,0.09939729422330856,0.9872424006462097,0.9132351279258728
YBR172C,YBR112C,0,0.70908445,0.09938747435808182,0.9872424006462097,0.9133353233337402
YBR162W-A,YNL124W,0,0.70888805,0.09937765449285507,0.9872424006462097,0.9134355187416077
YEL060C,YDR462W,0,0.7079372,0.09936784207820892,0.9872424006462097,0.9135357141494751
YNL221C,YJR048W,0,0.70774144,0.09935802221298218,0.9872424006462097,0.9136359095573425
YGL104C,YOR275C,0,0.70682544,0.09934820979833603,0.9872424006462097,0.91373610496521
YGR041W,YPL118W,0,0.7065863,0.09933840483427048,0.9872424006462097,0.9138363003730774
YER145C,YDR143C,0,0.706202,0.09932859241962433,0.9872424006462097,0.9139364957809448
YER095W,YMR201C,1,0.7058428,0.09941751509904861,0.9882237315177917,0.9139364957809448
YHR183W,YNL030W,0,0.7055313,0.09940770268440247,0.9882237315177917,0.9140366911888123
YGL195W,YBR084C-A,0,0.7052358,0.09939789026975632,0.9882237315177917,0.9141368865966797
YJL095W,YDR322C-A,0,0.7049615,0.09938807785511017,0.9882237315177917,0.9142370223999023
YOR084W,YML072C,0,0.7048702,0.09937826544046402,0.9882237315177917,0.9143372178077698
YPL266W,YKL067W,0,0.70353836,0.09936846047639847,0.9882237315177917,0.9144374132156372
YNL265C,YNL010W,0,0.70295817,0.09935865551233292,0.9882237315177917,0.9145376086235046
YMR271C,YCR045C,0,0.70292705,0.09934885799884796,0.9882237315177917,0.9146378040313721
YGR277C,YAR071W,0,0.7009175,0.09933905303478241,0.9882237315177917,0.9147379994392395
YHR178W,YLR058C,0,0.69547445,0.09932925552129745,0.9882237315177917,0.9148381948471069
YHR077C,YBR146W,0,0.69045234,0.0993194580078125,0.9882237315177917,0.9149383902549744
YDR541C,YPL215W,0,0.6895254,0.09930966794490814,0.9882237315177917,0.9150385856628418
YDR397C,YHR029C,0,0.6882764,0.09929987043142319,0.9882237315177917,0.9151387810707092
YGR108W,YDR469W,0,0.6878795,0.09929008036851883,0.9882237315177917,0.9152389764785767
YPL236C,YLR130C,0,0.6860865,0.09928029030561447,0.9882237315177917,0.9153391718864441
YGR260W,YPR144C,0,0.6839626,0.09927050769329071,0.9882237315177917,0.9154393076896667
YDR451C,YPL098C,0,0.6828878,0.09926071763038635,0.9882237315177917,0.9155395030975342
YIL067C,YEL024W,0,0.6827814,0.09925093501806259,0.9882237315177917,0.9156396985054016
YGL004C,YBR039W,0,0.6825213,0.09924115240573883,0.9882237315177917,0.915739893913269
YLL036C,YAR071W,0,0.6824147,0.09923137724399567,0.9882237315177917,0.9158400893211365
YMR251W-A,YNL124W,0,0.6817381,0.0992215946316719,0.9882237315177917,0.9159402847290039
YBL084C,YLR175W,0,0.68127507,0.09921181946992874,0.9882237315177917,0.9160404801368713
YGL019W,YGL167C,0,0.681144,0.09920205175876617,0.9882237315177917,0.9161406755447388
YGR240C,YDR500C,0,0.6811133,0.09919227659702301,0.9882237315177917,0.9162408709526062
YOR202W,YGR148C,0,0.6806918,0.09918250888586044,0.9882237315177917,0.9163410663604736
YKR027W,YNL316C,0,0.67879766,0.09917274117469788,0.9882237315177917,0.9164412617683411
YOR119C,YGL105W,0,0.6779391,0.09916297346353531,0.9882237315177917,0.9165414571762085
YFL022C,YEL046C,0,0.67751783,0.09915321320295334,0.9882237315177917,0.9166415929794312
YOL104C,YHR083W,0,0.6767276,0.09914344549179077,0.9882237315177917,0.9167417883872986
YPL079W,YLR300W,0,0.676022,0.0991336852312088,0.9882237315177917,0.916841983795166
YDR168W,YJL026W,0,0.67493075,0.09912393242120743,0.9882237315177917,0.9169421792030334
YOR073W,YHR158C,0,0.67478627,0.09911417216062546,0.9882237315177917,0.9170423746109009
YBR079C,YJL168C,0,0.6746124,0.09910441935062408,0.9882237315177917,0.9171425700187683
YIL121W,YAL051W,0,0.6736993,0.09909466654062271,0.9882237315177917,0.9172427654266357
YOR283W,YPR091C,0,0.67321306,0.09908491373062134,0.9882237315177917,0.9173429608345032
YLR160C,YDR001C,0,0.6720222,0.09907516837120056,0.9882237315177917,0.9174431562423706
YPL145C,YBR276C,0,0.66782534,0.09906542301177979,0.9882237315177917,0.917543351650238
YNL075W,YKR079C,0,0.667558,0.09905567765235901,0.9882237315177917,0.9176435470581055
YDR430C,YLR052W,0,0.6668599,0.09904593229293823,0.9882237315177917,0.9177437424659729
YGL209W,YJL197W,0,0.66515213,0.09903619438409805,0.9882237315177917,0.9178438782691956
YDR207C,YOL151W,0,0.66446674,0.09902645647525787,0.9882237315177917,0.917944073677063
YKR093W,YDR127W,0,0.6642888,0.0990167185664177,0.9882237315177917,0.9180442690849304
YHL027W,YDR372C,0,0.66390795,0.09900698065757751,0.9882237315177917,0.9181444644927979
YGR122W,YER006W,0,0.6621433,0.09899725019931793,0.9882237315177917,0.9182446599006653
YDL147W,YHR004C,0,0.66174537,0.09898751229047775,0.9882237315177917,0.9183448553085327
YDR006C,YFR055W,0,0.6609865,0.09897778928279877,0.9882237315177917,0.9184450507164001
YAL022C,YLR262C,0,0.6607184,0.09896805882453918,0.9882237315177917,0.9185452461242676
YBR126C,YIL017C,0,0.6600931,0.0989583358168602,0.9882237315177917,0.918645441532135
YML120C,YBR096W,0,0.6599718,0.09894861280918121,0.9882237315177917,0.9187456369400024
YOL151W,YPR082C,0,0.6596325,0.09893888980150223,0.9882237315177917,0.9188458323478699
YLR451W,YDL153C,0,0.65513843,0.09892916679382324,0.9882237315177917,0.9189459681510925
YIL110W,YGL245W,0,0.6535005,0.09891945123672485,0.9882237315177917,0.91904616355896
YDR174W,YOL110W,0,0.6521814,0.09890973567962646,0.9882237315177917,0.9191463589668274
YDR328C,YDR175C,0,0.6500341,0.09890002012252808,0.9882237315177917,0.9192465543746948
YGR204W,YPR113W,0,0.6495276,0.09889030456542969,0.9882237315177917,0.9193467497825623
YGL179C,YDR204W,0,0.6487789,0.0988805964589119,0.9882237315177917,0.9194469451904297
YBL018C,YBR088C,0,0.6484664,0.0988708883523941,0.9882237315177917,0.9195471405982971
YBR169C,YHR043C,0,0.6484529,0.09886118024587631,0.9882237315177917,0.9196473360061646
YDR233C,YMR079W,0,0.6456666,0.09885147958993912,0.9882237315177917,0.919747531414032
YBR132C,YDL107W,0,0.6452132,0.09884177148342133,0.9882237315177917,0.9198477268218994
YNL246W,YFL039C,1,0.6446505,0.09893021732568741,0.9892051219940186,0.9198477268218994
YBR234C,YKR083C,0,0.64455277,0.09892050921916962,0.9892051219940186,0.9199479222297668
YML118W,YFR045W,0,0.64438313,0.09891080111265182,0.9892051219940186,0.9200481176376343
YOR316C,YCR030C,0,0.6426981,0.09890110045671463,0.9892051219940186,0.9201482534408569
YDR485C,YMR092C,0,0.642308,0.09889139235019684,0.9892051219940186,0.9202484488487244
YCL054W,YHR190W,0,0.64196795,0.09888169169425964,0.9892051219940186,0.9203486442565918
YDR293C,YNR075W,0,0.64188874,0.09887199848890305,0.9892051219940186,0.9204488396644592
YLR363C,YML066C,0,0.6417904,0.09886229783296585,0.9892051219940186,0.9205490350723267
YGL026C,YLR208W,0,0.6415686,0.09885260462760925,0.9892051219940186,0.9206492304801941
YDL239C,YFR025C,0,0.64096844,0.09884291142225266,0.9892051219940186,0.9207494258880615
YOR049C,YJL151C,0,0.64011365,0.09883321821689606,0.9892051219940186,0.920849621295929
YMR231W,YDR245W,0,0.63978297,0.09882353246212006,0.9892051219940186,0.9209498167037964
YJR152W,YPL056C,0,0.6395359,0.09881383925676346,0.9892051219940186,0.9210500121116638
YLR203C,YKL201C,0,0.63841295,0.09880415350198746,0.9892051219940186,0.9211502075195312
YPL105C,YDR300C,0,0.6379903,0.09879447519779205,0.9892051219940186,0.9212504029273987
YDR001C,YKR018C,0,0.6376793,0.09878478944301605,0.9892051219940186,0.9213505387306213
YLR408C,YOR142W,0,0.6375423,0.09877511113882065,0.9892051219940186,0.9214507341384888
YNR053C,YJL212C,0,0.6357262,0.09876543283462524,0.9892051219940186,0.9215509295463562
YJL010C,YKL185W,0,0.635629,0.09875575453042984,0.9892051219940186,0.9216511249542236
YOR193W,YDR469W,0,0.63509554,0.09874608367681503,0.9892051219940186,0.9217513203620911
YDR398W,YJL145W,0,0.63457,0.09873640537261963,0.9892051219940186,0.9218515157699585
YDR432W,YDR225W,0,0.63435084,0.09872674196958542,0.9892051219940186,0.9219517111778259
YJR032W,YKR060W,0,0.63236123,0.09871707111597061,0.9892051219940186,0.9220519065856934
YFR031C,YDL171C,0,0.63034195,0.0987074002623558,0.9892051219940186,0.9221521019935608
YGL207W,YLR427W,1,0.62983286,0.09879565238952637,0.9901864528656006,0.9221521019935608
YKL054C,YDR359C,1,0.6293175,0.09888388216495514,0.9911677837371826,0.9221521019935608
YLR357W,YKL025C,1,0.6288739,0.09897209703922272,0.9921491742134094,0.9221521019935608
YMR276W,YIL018W,0,0.62875086,0.09896241128444672,0.9921491742134094,0.9222522974014282
YDL083C,YER073W,0,0.62772644,0.09895272552967072,0.9921491742134094,0.9223524928092957
YKL210W,YOR250C,0,0.62686414,0.09894303977489471,0.9921491742134094,0.9224526882171631
YPL187W,YMR175W,0,0.625425,0.09893336147069931,0.9921491742134094,0.9225528240203857
YLR088W,YFR009W,0,0.6246418,0.09892367571592331,0.9921491742134094,0.9226530194282532
YNL081C,YPL081W,0,0.62461644,0.0989139974117279,0.9921491742134094,0.9227532148361206
YIL064W,YDR170C,0,0.6245246,0.0989043265581131,0.9921491742134094,0.922853410243988
YLL036C,YKL032C,1,0.62413806,0.09899246692657471,0.9931305050849915,0.922853410243988
YOR189W,YOL112W,0,0.6214835,0.0989827886223793,0.9931305050849915,0.9229536056518555
YIL103W,YDR530C,0,0.6196162,0.0989731028676033,0.9931305050849915,0.9230538010597229
YIL079C,YNL122C,0,0.6190606,0.0989634245634079,0.9931305050849915,0.9231539964675903
YML014W,YDR309C,0,0.61861694,0.0989537462592125,0.9931305050849915,0.9232541918754578
YKL065C,YLR194C,0,0.6175172,0.09894407540559769,0.9931305050849915,0.9233543872833252
YLR095C,YDR496C,0,0.61455584,0.09893440455198288,0.9931305050849915,0.9234545826911926
YNL221C,YDR496C,0,0.6144747,0.09892473369836807,0.9931305050849915,0.9235547780990601
YOR353C,YKR088C,0,0.6140458,0.09891506284475327,0.9931305050849915,0.9236549735069275
YLR197W,YPR103W,0,0.61391217,0.09890539199113846,0.9931305050849915,0.9237551093101501
YOR254C,YLR044C,0,0.61227447,0.09889572858810425,0.9931305050849915,0.9238553047180176
YFR024C-A,YGR032W,0,0.6121036,0.09888606518507004,0.9931305050849915,0.923955500125885
YPL212C,YGL016W,0,0.6111131,0.09887640178203583,0.9931305050849915,0.9240556955337524
YOR034C,YLR382C,0,0.60988146,0.09886674582958221,0.9931305050849915,0.9241558909416199
YAL007C,YPL086C,0,0.6096791,0.0988570898771286,0.9931305050849915,0.9242560863494873
YKR071C,YPR137W,0,0.60873246,0.09884743392467499,0.9931305050849915,0.9243562817573547
YDR339C,YNL219C,0,0.60809886,0.09883777797222137,0.9931305050849915,0.9244564771652222
YIL168W,YLR350W,0,0.60799265,0.09882812201976776,0.9931305050849915,0.9245566725730896
YBR150C,YDR463W,0,0.60795,0.09881847351789474,0.9931305050849915,0.924656867980957
YDL097C,YLR069C,0,0.6074052,0.09880882501602173,0.9931305050849915,0.9247570633888245
YFL033C,YGR038W,0,0.6073255,0.09879917651414871,0.9931305050849915,0.9248571991920471
YMR291W,YIL006W,0,0.60692763,0.09878953546285629,0.9931305050849915,0.9249573945999146
YGR209C,YKL172W,0,0.6050112,0.09877989441156387,0.9931305050849915,0.925057590007782
YGR118W,YBR218C,0,0.6025238,0.09877025336027145,0.9931305050849915,0.9251577854156494
YKL014C,YDR469W,0,0.60162055,0.09876061230897903,0.9931305050849915,0.9252579808235168
YKL055C,YAL011W,0,0.60137355,0.09875097870826721,0.9931305050849915,0.9253581762313843
YER015W,YMR081C,0,0.60089755,0.09874133765697479,0.9931305050849915,0.9254583716392517
YDR178W,YER129W,0,0.60017765,0.09873170405626297,0.9931305050849915,0.9255585670471191
YDL091C,YDR337W,0,0.59913874,0.09872207790613174,0.9931305050849915,0.9256587624549866
YJR040W,YPR198W,0,0.5986968,0.09871244430541992,0.9931305050849915,0.925758957862854
YGL090W,YNL085W,1,0.5983732,0.09880035370588303,0.9941118955612183,0.925758957862854
YPR143W,YLR359W,0,0.5979189,0.0987907126545906,0.9941118955612183,0.9258591532707214
YNL111C,YPL207W,0,0.5977622,0.09878107905387878,0.9941118955612183,0.9259593486785889
YKR093W,YDR408C,0,0.5973561,0.09877145290374756,0.9941118955612183,0.9260594844818115
YMR121C,YNL137C,0,0.59522223,0.09876181930303574,0.9941118955612183,0.926159679889679
YOR243C,YDL171C,0,0.5948805,0.09875219315290451,0.9941118955612183,0.9262598752975464
YBR168W,YEL005C,0,0.59405816,0.09874256700277328,0.9941118955612183,0.9263600707054138
YDR513W,YMR024W,0,0.5931022,0.09873294085264206,0.9941118955612183,0.9264602661132812
YOR056C,YBR121C,0,0.5927477,0.09872332215309143,0.9941118955612183,0.9265604615211487
YBR235W,YKL175W,0,0.5923308,0.0987137034535408,0.9941118955612183,0.9266606569290161
YNL221C,YPL036W,0,0.59211296,0.09870408475399017,0.9941118955612183,0.9267608523368835
YLR372W,YNL183C,0,0.5918835,0.09869446605443954,0.9941118955612183,0.926861047744751
YKL110C,YOL023W,0,0.5906002,0.09868485480546951,0.9941118955612183,0.9269612431526184
YNL094W,YNL167C,0,0.5885241,0.09867523610591888,0.9941118955612183,0.9270614385604858
YOR297C,YOR292C,0,0.5867682,0.09866562485694885,0.9941118955612183,0.9271616339683533
YDL079C,YDL153C,0,0.58655256,0.09865602105855942,0.9941118955612183,0.9272617697715759
YMR116C,YPR113W,0,0.5863564,0.09864640980958939,0.9941118955612183,0.9273619651794434
YGR046W,YLR270W,0,0.58385974,0.09863680601119995,0.9941118955612183,0.9274621605873108
YOR187W,YGL105W,0,0.5837977,0.09862720221281052,0.9941118955612183,0.9275623559951782
YHR077C,YPL262W,0,0.5835152,0.09861759841442108,0.9941118955612183,0.9276625514030457
YNR067C,YKL127W,0,0.58146715,0.09860800206661224,0.9941118955612183,0.9277627468109131
YJR073C,YPL183C,0,0.580066,0.0985984057188034,0.9941118955612183,0.9278629422187805
YLR037C,YIL007C,0,0.5775057,0.09858880937099457,0.9941118955612183,0.927963137626648
YOR178C,YBR069C,0,0.577179,0.09857921302318573,0.9941118955612183,0.9280633330345154
YFR010W,YNL183C,0,0.5768023,0.09856962412595749,0.9941118955612183,0.9281635284423828
YGL195W,YDR432W,0,0.5761977,0.09856002777814865,0.9941118955612183,0.9282637238502502
YOR382W,YGR070W,0,0.576081,0.09855044633150101,0.9941118955612183,0.9283639192581177
YAL029C,YLR382C,0,0.57589054,0.09854085743427277,0.9941118955612183,0.9284640550613403
YIL048W,YJL053W,0,0.57517534,0.09853126853704453,0.9941118955612183,0.9285642504692078
YJL087C,YOR074C,0,0.5739734,0.09852168709039688,0.9941118955612183,0.9286644458770752
YNL009W,YHR106W,0,0.57356834,0.09851210564374924,0.9941118955612183,0.9287646412849426
YDL140C,YGL105W,0,0.57270277,0.09850253164768219,0.9941118955612183,0.9288648366928101
YOL082W,YKR098C,0,0.5720719,0.09849295020103455,0.9941118955612183,0.9289650321006775
YNL094W,YDL223C,0,0.57094455,0.0984833762049675,0.9941118955612183,0.9290652275085449
YML123C,YMR052W,0,0.5707761,0.09847380220890045,0.9941118955612183,0.9291654229164124
YML023C,YPL211W,0,0.57047254,0.0984642282128334,0.9941118955612183,0.9292656183242798
YLR409C,YPL235W,0,0.5703487,0.09845466166734695,0.9941118955612183,0.9293658137321472
YDR091C,YEL027W,0,0.57020664,0.0984450951218605,0.9941118955612183,0.9294660091400146
YDL126C,YBR031W,0,0.57012767,0.09843552857637405,0.9941118955612183,0.9295662045478821
YKL144C,YBR021W,0,0.56980455,0.0984259620308876,0.9941118955612183,0.9296663403511047
YDR284C,YBR003W,0,0.5689827,0.09841640293598175,0.9941118955612183,0.9297665357589722
YJL155C,YIL133C,0,0.5687045,0.0984068363904953,0.9941118955612183,0.9298667311668396
YDR085C,YDL208W,0,0.56810796,0.09839727729558945,0.9941118955612183,0.929966926574707
YOR005C,YLR394W,1,0.5670415,0.09848485141992569,0.9950932264328003,0.929966926574707
YDR538W,YPL210C,0,0.5663706,0.09847528487443924,0.9950932264328003,0.9300671219825745
YHR114W,YOL097C,0,0.56589544,0.09846571832895279,0.9950932264328003,0.9301673173904419
YFL045C,YHR112C,0,0.56579876,0.09845615923404694,0.9950932264328003,0.9302675127983093
YOR056C,YLR409C,0,0.5657955,0.09844660013914108,0.9950932264328003,0.9303677082061768
YLR115W,YIL018W,0,0.56498265,0.09843704849481583,0.9950932264328003,0.9304679036140442
YGR192C,YPL210C,0,0.56397265,0.09842748939990997,0.9950932264328003,0.9305680990219116
YMR262W,YJR153W,0,0.56208456,0.09841793775558472,0.9950932264328003,0.930668294429779
YPR052C,YPL196W,0,0.5618278,0.09840838611125946,0.9950932264328003,0.9307684898376465
YDR311W,YHR104W,0,0.5617163,0.0983988344669342,0.9950932264328003,0.9308686256408691
YER006W,YPR011C,0,0.5600885,0.09838929027318954,0.9950932264328003,0.9309688210487366
YER062C,YBR235W,0,0.5579573,0.09837973862886429,0.9950932264328003,0.931069016456604
YKL190W,YDR324C,0,0.5574624,0.09837019443511963,0.9950932264328003,0.9311692118644714
YOR312C,YDR225W,0,0.5562086,0.09836065769195557,0.9950932264328003,0.9312694072723389
YCL018W,YGL181W,0,0.55469346,0.09835111349821091,0.9950932264328003,0.9313696026802063
YDR245W,YML016C,0,0.5546668,0.09834157675504684,0.9950932264328003,0.9314697980880737
YDR229W,YMR173W,0,0.55445075,0.09833204001188278,0.9950932264328003,0.9315699934959412
YHL011C,YLR429W,0,0.5535223,0.09832250326871872,0.9950932264328003,0.9316701889038086
YOR018W,YMR169C,0,0.5526576,0.09831297397613525,0.9950932264328003,0.931770384311676
YEL052W,YKL061W,0,0.5523373,0.09830344468355179,0.9950932264328003,0.9318705797195435
YDR541C,YJL004C,0,0.55126333,0.09829391539096832,0.9950932264328003,0.9319707155227661
YBR043C,YDR123C,0,0.5504041,0.09828438609838486,0.9950932264328003,0.9320709109306335
YNL002C,YLR432W,0,0.55035686,0.09827485680580139,0.9950932264328003,0.932171106338501
YJL103C,YHR128W,0,0.5491133,0.09826533496379852,0.9950932264328003,0.9322713017463684
YFL054C,YEL022W,0,0.5442636,0.09825581312179565,0.9950932264328003,0.9323714971542358
YKL016C,YDL024C,0,0.54303014,0.09824629127979279,0.9950932264328003,0.9324716925621033
YGR067C,YJL030W,0,0.5417367,0.09823677688837051,0.9950932264328003,0.9325718879699707
YLR344W,YDR338C,0,0.54139715,0.09822726249694824,0.9950932264328003,0.9326720833778381
YGL001C,YOR095C,0,0.53969216,0.09821774810552597,0.9950932264328003,0.9327722787857056
YGL038C,YNL186W,0,0.53897226,0.0982082337141037,0.9950932264328003,0.932872474193573
YOR229W,YGL144C,0,0.53852403,0.09819871932268143,0.9950932264328003,0.9329726696014404
YKL141W,YGL158W,0,0.5356461,0.09818921238183975,0.9950932264328003,0.9330728650093079
YGL172W,YDL040C,0,0.53458023,0.09817970544099808,0.9950932264328003,0.9331730008125305
YDR411C,YLR050C,0,0.5319253,0.0981701985001564,0.9950932264328003,0.933273196220398
YKL009W,YJL115W,0,0.53103524,0.09816069900989532,0.9950932264328003,0.9333733916282654
YDL148C,YGR103W,0,0.53076756,0.09815119206905365,0.9950932264328003,0.9334735870361328
YPR009W,YOL033W,0,0.5295905,0.09814169257879257,0.9950932264328003,0.9335737824440002
YGL014W,YLR022C,0,0.52947104,0.09813220053911209,0.9950932264328003,0.9336739778518677
YGL055W,YJL111W,0,0.5292932,0.09812270104885101,0.9950932264328003,0.9337741732597351
YMR296C,YGL077C,0,0.5291673,0.09811320900917053,0.9950932264328003,0.9338743686676025
YIL064W,YJR064W,0,0.5275817,0.09810371696949005,0.9950932264328003,0.93397456407547
YHR074W,YKL167C,0,0.52712286,0.09809422492980957,0.9950932264328003,0.9340747594833374
YDL134C,YOR273C,0,0.52637553,0.09808473289012909,0.9950932264328003,0.9341749548912048
YER062C,YFR053C,0,0.5261153,0.0980752483010292,0.9950932264328003,0.9342751502990723
YAL054C,YNL300W,0,0.52537775,0.09806576371192932,0.9950932264328003,0.9343752861022949
YOR321W,YKL065C,0,0.5252067,0.09805627912282944,0.9950932264328003,0.9344754815101624
YBR162C,YNL048W,0,0.5247549,0.09804680198431015,0.9950932264328003,0.9345756769180298
YDR470C,YKL001C,0,0.5229668,0.09803731739521027,0.9950932264328003,0.9346758723258972
YHR123W,YDL121C,0,0.5214716,0.09802784025669098,0.9950932264328003,0.9347760677337646
YNL243W,YNR052C,0,0.5203487,0.09801836311817169,0.9950932264328003,0.9348762631416321
YHR080C,YMR210W,0,0.519765,0.098008893430233,0.9950932264328003,0.9349764585494995
YPL164C,YER071C,0,0.51950884,0.09799942374229431,0.9950932264328003,0.9350766539573669
YOR359W,YML014W,0,0.5168175,0.09798994660377502,0.9950932264328003,0.9351768493652344
YNL111C,YHR201C,0,0.51584876,0.09798048436641693,0.9950932264328003,0.9352770447731018
YBR247C,YOR020C,0,0.5139127,0.09797101467847824,0.9950932264328003,0.9353772401809692
YGR204W,YML075C,0,0.51297027,0.09796155244112015,0.9950932264328003,0.9354774355888367
YJL178C,YNL197C,0,0.5114155,0.09795209020376205,0.9950932264328003,0.9355775713920593
YNR036C,YLR291C,0,0.51134515,0.09794262796640396,0.9950932264328003,0.9356777667999268
YDR020C,YPL037C,0,0.51104563,0.09793316572904587,0.9950932264328003,0.9357779622077942
YML069W,YDR359C,1,0.51068836,0.0980202779173851,0.9960745573043823,0.9357779622077942
YEL042W,YPR137W,0,0.5088971,0.09801081568002701,0.9960745573043823,0.9358781576156616
YDR349C,YLR410W,0,0.50883335,0.09800135344266891,0.9960745573043823,0.935978353023529
YOR003W,YJR091C,0,0.50632656,0.09799189120531082,0.9960745573043823,0.9360785484313965
YIL033C,YGL250W,0,0.5054066,0.09798242896795273,0.9960745573043823,0.9361787438392639
YPR023C,YFR025C,0,0.50512874,0.09797297418117523,0.9960745573043823,0.9362789392471313
YNL262W,YIR026C,0,0.5050007,0.09796351939439774,0.9960745573043823,0.9363791346549988
YGL016W,YLR384C,0,0.5039924,0.09795406460762024,0.9960745573043823,0.9364793300628662
YNL321W,YPL004C,0,0.50395983,0.09794460982084274,0.9960745573043823,0.9365795254707336
YMR015C,YDR416W,0,0.5011637,0.09793516248464584,0.9960745573043823,0.9366797208786011
YKL148C,YPL224C,0,0.498703,0.09792571514844894,0.9960745573043823,0.9367798566818237
YMR011W,YPR100W,0,0.4985182,0.09791626781225204,0.9960745573043823,0.9368800520896912
YIL031W,YOL026C,0,0.4982645,0.09790682047605515,0.9960745573043823,0.9369802474975586
YMR011W,YKL053C-A,0,0.49806345,0.09789737313985825,0.9960745573043823,0.937080442905426
YDR097C,YML110C,0,0.49746716,0.09788793325424194,0.9960745573043823,0.9371806383132935
YOL129W,YMR067C,0,0.49650076,0.09787849336862564,0.9960745573043823,0.9372808337211609
YBL052C,YNL024C,0,0.49630696,0.09786906093358994,0.9960745573043823,0.9373810291290283
YJR073C,YKR003W,0,0.4959301,0.09785962104797363,0.9960745573043823,0.9374812245368958
YOR033C,YJL079C,0,0.49465704,0.09785018861293793,0.9960745573043823,0.9375814199447632
YGR257C,YNL083W,0,0.49174234,0.09784075617790222,0.9960745573043823,0.9376816153526306
YKL085W,YKR075C,0,0.4901072,0.09783132374286652,0.9960745573043823,0.937781810760498
YLR059C,YDR382W,0,0.4892163,0.09782189875841141,0.9960745573043823,0.9378819465637207
YOL111C,YLR216C,0,0.48892015,0.0978124663233757,0.9960745573043823,0.9379821419715881
YNL083W,YHR202W,0,0.48871723,0.0978030413389206,0.9960745573043823,0.9380823373794556
YLR026C,YFL022C,0,0.48777336,0.09779362380504608,0.9960745573043823,0.938182532787323
YCL052C,YPR114W,0,0.4856782,0.09778419882059097,0.9960745573043823,0.9382827281951904
YLR259C,YJL050W,0,0.4843346,0.09777478128671646,0.9960745573043823,0.9383829236030579
YOL020W,YER143W,0,0.48287305,0.09776536375284195,0.9960745573043823,0.9384831190109253
YOR323C,YNL326C,0,0.47986013,0.09775594621896744,0.9960745573043823,0.9385833144187927
YJR132W,YLL018C,0,0.47975928,0.09774653613567352,0.9960745573043823,0.9386835098266602
YOR355W,YLL033W,0,0.4796696,0.09773711860179901,0.9960745573043823,0.9387837052345276
YJL138C,YGR165W,0,0.4794625,0.0977277085185051,0.9960745573043823,0.938883900642395
YNL246W,YFR025C,0,0.47862062,0.09771829843521118,0.9960745573043823,0.9389840960502625
YMR197C,YLR194C,0,0.47793442,0.09770889580249786,0.9960745573043823,0.9390842318534851
YDR309C,YOL062C,0,0.47737482,0.09769949316978455,0.9960745573043823,0.9391844272613525
YPL003W,YNR035C,0,0.474672,0.09769008308649063,0.9960745573043823,0.93928462266922
YJR152W,YIL047C,0,0.47412586,0.09768068790435791,0.9960745573043823,0.9393848180770874
YDL197C,YMR305C,0,0.46899393,0.09767128527164459,0.9960745573043823,0.9394850134849548
YOR085W,YKL150W,0,0.46563965,0.09766189008951187,0.9960745573043823,0.9395852088928223
YKL032C,YDR145W,0,0.4647625,0.09765249490737915,0.9960745573043823,0.9396854043006897
YJR041C,YOR115C,0,0.46242616,0.09764309972524643,0.9960745573043823,0.9397855997085571
YFL005W,YDR404C,0,0.46209764,0.09763370454311371,0.9960745573043823,0.9398857951164246
YPR181C,YIL062C,0,0.45933345,0.09762431681156158,0.9960745573043823,0.939985990524292
YER127W,YLR020C,0,0.45617855,0.09761492908000946,0.9960745573043823,0.9400861859321594
YOR197W,YFR050C,0,0.45610213,0.09760554134845734,0.9960745573043823,0.9401863813400269
YKL114C,YPL235W,1,0.45584843,0.09769231081008911,0.9970559477806091,0.9401863813400269
YBR211C,YDL171C,0,0.4547826,0.09768291562795639,0.9970559477806091,0.9402865171432495
YNL180C,YKR031C,0,0.45428503,0.09767352789640427,0.9970559477806091,0.9403867125511169
YDL188C,YAR008W,0,0.45420897,0.09766413271427155,0.9970559477806091,0.9404869079589844
YHL033C,YML031W,0,0.45388165,0.09765474498271942,0.9970559477806091,0.9405871033668518
YOL039W,YMR001C,0,0.45286503,0.0976453647017479,0.9970559477806091,0.9406872987747192
YHR020W,YPR080W,0,0.45184743,0.09763597697019577,0.9970559477806091,0.9407874941825867
YHR169W,YJL050W,0,0.45107052,0.09762659668922424,0.9970559477806091,0.9408876895904541
YMR210W,YBR230C,0,0.45025766,0.09761721640825272,0.9970559477806091,0.9409878849983215
YMR160W,YCL035C,0,0.44750798,0.09760783612728119,0.9970559477806091,0.941088080406189
YPL198W,YOR119C,0,0.44748363,0.09759846329689026,0.9970559477806091,0.9411882758140564
YNL239W,YPL156C,0,0.4469651,0.09758909046649933,0.9970559477806091,0.9412884712219238
YGR192C,YAR071W,0,0.4464826,0.0975797176361084,0.9970559477806091,0.9413886666297913
YMR241W,YPR067W,0,0.44549388,0.09757034480571747,0.9970559477806091,0.9414888024330139
YLR394W,YPR113W,0,0.44455948,0.09756097197532654,0.9970559477806091,0.9415889978408813
YIL094C,YPL132W,0,0.44272527,0.0975516065955162,0.9970559477806091,0.9416891932487488
YHR098C,YGL047W,0,0.4421159,0.09754224121570587,0.9970559477806091,0.9417893886566162
YJL042W,YFR049W,0,0.44166842,0.09753287583589554,0.9970559477806091,0.9418895840644836
YDR092W,YBR094W,0,0.43955868,0.0975235179066658,0.9970559477806091,0.9419897794723511
YMR055C,YGL107C,0,0.43944475,0.09751415997743607,0.9970559477806091,0.9420899748802185
YBR060C,YGL026C,0,0.4387402,0.09750480204820633,0.9970559477806091,0.9421901702880859
YCR107W,YPL215W,0,0.43848935,0.09749544411897659,0.9970559477806091,0.9422903656959534
YKR057W,YGL050W,0,0.4384417,0.09748608618974686,0.9970559477806091,0.9423905611038208
YNL282W,YFL018C,0,0.43729132,0.09747673571109772,0.9970559477806091,0.9424907565116882
YBR155W,YDL039C,0,0.436781,0.09746738523244858,0.9970559477806091,0.9425909519195557
YPL249C,YBL097W,0,0.4360363,0.09745803475379944,0.9970559477806091,0.9426910877227783
YNL005C,YHR042W,0,0.435704,0.0974486842751503,0.9970559477806091,0.9427912831306458
YDR285W,YDR155C,0,0.43290427,0.09743934124708176,0.9970559477806091,0.9428914785385132
YDL058W,YGR084C,0,0.43191114,0.09742999821901321,0.9970559477806091,0.9429916739463806
YOR125C,YMR305C,0,0.43080312,0.09742065519094467,0.9970559477806091,0.943091869354248
YFR047C,YNL279W,0,0.4304007,0.09741131216287613,0.9970559477806091,0.9431920647621155
YPL262W,YFR051C,0,0.4297461,0.09740197658538818,0.9970559477806091,0.9432922601699829
YMR002W,YDR119W,0,0.4291958,0.09739264100790024,0.9970559477806091,0.9433924555778503
YCR011C,YKL208W,0,0.428091,0.09738330543041229,0.9970559477806091,0.9434926509857178
YJL122W,YBR243C,0,0.42667234,0.09737396985292435,0.9970559477806091,0.9435928463935852
YOR251C,YEL004W,0,0.42533773,0.097364641726017,0.9970559477806091,0.9436930418014526
YNL284C,YIL114C,0,0.42513764,0.09735530614852905,0.9970559477806091,0.9437931776046753
YKL073W,YNL279W,0,0.4242921,0.0973459780216217,0.9970559477806091,0.9438933730125427
YNR071C,YDR398W,0,0.42271733,0.09733665734529495,0.9970559477806091,0.9439935684204102
YMR179W,YNL070W,0,0.4211892,0.0973273292183876,0.9970559477806091,0.9440937638282776
YGR138C,YGR288W,0,0.41874617,0.09731800854206085,0.9970559477806091,0.944193959236145
YMR160W,YMR262W,0,0.41724434,0.0973086878657341,0.9970559477806091,0.9442941546440125
YBR212W,YIL050W,0,0.41711426,0.09729936718940735,0.9970559477806091,0.9443943500518799
YJL012C,YKL184W,0,0.4167384,0.0972900539636612,0.9970559477806091,0.9444945454597473
YKL144C,YPR187W,0,0.4157596,0.09728073328733444,0.9970559477806091,0.9445947408676147
YOL155C,YPR022C,0,0.41389623,0.09727142006158829,0.9970559477806091,0.9446949362754822
YGR177C,YPL006W,0,0.41217476,0.09726210683584213,0.9970559477806091,0.9447951316833496
YEL030W,YAL060W,0,0.41154575,0.09725280106067657,0.9970559477806091,0.944895327091217
YJL203W,YLR064W,0,0.41038635,0.09724349528551102,0.9970559477806091,0.9449954628944397
YJL209W,YPL221W,0,0.41030532,0.09723418205976486,0.9970559477806091,0.9450956583023071
YMR014W,YDR365C,0,0.40939024,0.0972248837351799,0.9970559477806091,0.9451958537101746
YBR230C,YKL157W,0,0.4086379,0.09721557796001434,0.9970559477806091,0.945296049118042
YLR060W,YDR345C,0,0.408629,0.09720627963542938,0.9970559477806091,0.9453962445259094
YOL136C,YDR233C,0,0.40831462,0.09719697386026382,0.9970559477806091,0.9454964399337769
YNR004W,YJR034W,0,0.40696645,0.09718768298625946,0.9970559477806091,0.9455966353416443
YER062C,YGR157W,0,0.40654653,0.0971783846616745,0.9970559477806091,0.9456968307495117
YBL098W,YGR048W,0,0.40626162,0.09716908633708954,0.9970559477806091,0.9457970261573792
YOR133W,YOL012C,0,0.4039755,0.09715979546308517,0.9970559477806091,0.9458972215652466
YOL137W,YJL071W,0,0.40317366,0.09715050458908081,0.9970559477806091,0.945997416973114
YDR174W,YOR275C,0,0.40252966,0.09714122116565704,0.9970559477806091,0.9460976123809814
YGR204W,YPL134C,0,0.40105346,0.09713193029165268,0.9970559477806091,0.9461977481842041
YPL266W,YDR337W,0,0.39981776,0.09712264686822891,0.9970559477806091,0.9462979435920715
YNL037C,YJL149W,0,0.39866018,0.09711336344480515,0.9970559477806091,0.946398138999939
YOR212W,YNR036C,0,0.39611867,0.09710408002138138,0.9970559477806091,0.9464983344078064
YIL121W,YNL080C,0,0.3948326,0.09709480404853821,0.9970559477806091,0.9465985298156738
YGR118W,YJL002C,0,0.3941176,0.09708552062511444,0.9970559477806091,0.9466987252235413
YMR005W,YJL130C,0,0.39355698,0.09707624465227127,0.9970559477806091,0.9467989206314087
YGR231C,YGL029W,0,0.39284217,0.0970669686794281,0.9970559477806091,0.9468991160392761
YML097C,YOR122C,0,0.39240813,0.09705770015716553,0.9970559477806091,0.9469993114471436
YMR243C,YLR299W,0,0.3922467,0.09704843163490295,0.9970559477806091,0.947099506855011
YNL182C,YBR021W,0,0.39159936,0.09703916311264038,0.9970559477806091,0.9471997022628784
YGR108W,YPL029W,0,0.39078206,0.09702989459037781,0.9970559477806091,0.9472998976707458
YLR029C,YJR070C,0,0.38448375,0.09702062606811523,0.9970559477806091,0.9474000334739685
YKL155C,YNL318C,0,0.38242608,0.09701136499643326,0.9970559477806091,0.9475002288818359
YMR243C,YNL131W,0,0.38193983,0.09700210392475128,0.9970559477806091,0.9476004242897034
YGR067C,YPR011C,0,0.37945572,0.0969928428530693,0.9970559477806091,0.9477006196975708
YDR281C,YOR178C,0,0.37927195,0.09698358178138733,0.9970559477806091,0.9478008151054382
YNL223W,YPR148C,0,0.37869656,0.09697432816028595,0.9970559477806091,0.9479010105133057
YNR032W,YMR160W,0,0.3786773,0.09696506708860397,0.9970559477806091,0.9480012059211731
YLR077W,YDR007W,0,0.37739477,0.0969558134675026,0.9970559477806091,0.9481014013290405
YBR162C,YMR203W,0,0.37586397,0.09694656729698181,0.9970559477806091,0.948201596736908
YBR034C,YNL044W,0,0.37338445,0.09693731367588043,0.9970559477806091,0.9483017921447754
YJL069C,YDR172W,0,0.37297082,0.09692806750535965,0.9970559477806091,0.9484019875526428
YGR108W,YNL085W,0,0.37157008,0.09691882133483887,0.9970559477806091,0.9485021829605103
YDR292C,YDR144C,0,0.36901227,0.09690957516431808,0.9970559477806091,0.9486023187637329
YIL088C,YJR130C,0,0.36860985,0.0969003364443779,0.9970559477806091,0.9487025141716003
YGL198W,YMR220W,0,0.36838788,0.09689109027385712,0.9970559477806091,0.9488027095794678
YIR022W,YDL022W,0,0.36562744,0.09688185155391693,0.9970559477806091,0.9489029049873352
YGR281W,YOR358W,0,0.36448616,0.09687261283397675,0.9970559477806091,0.9490031003952026
YFL022C,YJL184W,0,0.36406863,0.09686338156461716,0.9970559477806091,0.9491032958030701
YLR093C,YJR150C,0,0.3614078,0.09685415029525757,0.9970559477806091,0.9492034912109375
YLR130C,YDL040C,0,0.36069822,0.09684491157531738,0.9970559477806091,0.9493036866188049
YPL145C,YMR269W,0,0.3539354,0.09683568775653839,0.9970559477806091,0.9494038820266724
YDR072C,YDR254W,0,0.35365123,0.0968264564871788,0.9970559477806091,0.9495040774345398
YOR232W,YNL069C,0,0.35300392,0.09681722521781921,0.9970559477806091,0.9496042728424072
YBR182C,YOL146W,0,0.35080343,0.09680800139904022,0.9970559477806091,0.9497044086456299
YCL018W,YMR087W,0,0.3506468,0.09679877758026123,0.9970559477806091,0.9498046040534973
YMR110C,YGR125W,0,0.35054237,0.09678956121206284,0.9970559477806091,0.9499047994613647
YNL181W,YOR065W,0,0.34951824,0.09678033739328384,0.9970559477806091,0.9500049948692322
YLR003C,YDL153C,0,0.3475266,0.09677112102508545,0.9970559477806091,0.9501051902770996
YKR072C,YMR058W,0,0.34599787,0.09676190465688705,0.9970559477806091,0.950205385684967
YOR316C,YDL047W,0,0.3426392,0.09675268828868866,0.9970559477806091,0.9503055810928345
YBR029C,YIL118W,0,0.34245348,0.09674347937107086,0.9970559477806091,0.9504057765007019
YLR056W,YDR153C,0,0.34222543,0.09673426300287247,0.9970559477806091,0.9505059719085693
YLL021W,YDR245W,0,0.3416229,0.09672505408525467,0.9970559477806091,0.9506061673164368
YOR045W,YPR071W,0,0.3398977,0.09671585261821747,0.9970559477806091,0.9507063627243042
YOR355W,YNL221C,0,0.33901218,0.09670664370059967,0.9970559477806091,0.9508065581321716
YPL212C,YDR408C,0,0.33785906,0.09669744223356247,0.9970559477806091,0.9509066939353943
YGL225W,YJR007W,0,0.33770624,0.09668824076652527,0.9970559477806091,0.9510068893432617
YOR307C,YLR208W,0,0.33339143,0.09667903929948807,0.9970559477806091,0.9511070847511292
YGR118W,YER072W,0,0.33180892,0.09666983783245087,0.9970559477806091,0.9512072801589966
YAL048C,YOL052C-A,0,0.33138627,0.09666064381599426,0.9970559477806091,0.951307475566864
YIL046W,YPR198W,0,0.3312903,0.09665144234895706,0.9970559477806091,0.9514076709747314
YOR321W,YDL208W,0,0.32983136,0.09664225578308105,0.9970559477806091,0.9515078663825989
YGL008C,YGR208W,0,0.32968968,0.09663306176662445,0.9970559477806091,0.9516080617904663
YGL160W,YMR250W,0,0.32893226,0.09662386775016785,0.9970559477806091,0.9517082571983337
YDL226C,YDR144C,0,0.32867593,0.09661468118429184,0.9970559477806091,0.9518084526062012
YPL076W,YHR205W,0,0.32722747,0.09660549461841583,0.9970559477806091,0.9519086480140686
YDR212W,YER026C,0,0.3251091,0.09659630805253983,0.9970559477806091,0.952008843421936
YBR006W,YPL088W,0,0.32407004,0.09658712893724442,0.9970559477806091,0.9521089792251587
YMR145C,YBL007C,0,0.3238889,0.096577949821949,0.9970559477806091,0.9522091746330261
YDR099W,YKL093W,0,0.32309946,0.0965687707066536,0.9970559477806091,0.9523093700408936
YPL093W,YFL050C,0,0.32207924,0.09655959159135818,0.9970559477806091,0.952409565448761
YDR449C,YNL219C,0,0.32187143,0.09655041247606277,0.9970559477806091,0.9525097608566284
YGR118W,YKL148C,0,0.32066032,0.09654124081134796,0.9970559477806091,0.9526099562644958
YBR034C,YGR148C,0,0.31988263,0.09653206914663315,0.9970559477806091,0.9527101516723633
YDR496C,YJR129C,0,0.31954777,0.09652289748191833,0.9970559477806091,0.9528103470802307
YDR216W,YLR070C,0,0.31883466,0.09651372581720352,0.9970559477806091,0.9529105424880981
YPR198W,YPR191W,0,0.3152834,0.0965045616030693,0.9970559477806091,0.9530107378959656
YKR089C,YBL007C,0,0.31394008,0.09649539738893509,0.9970559477806091,0.953110933303833
YGL044C,YLR452C,0,0.31219465,0.09648623317480087,0.9970559477806091,0.9532111287117004
YCL020W,YHR026W,0,0.3121137,0.09647706896066666,0.9970559477806091,0.9533112645149231
YIL036W,YFL016C,0,0.31088114,0.09646790474653244,0.9970559477806091,0.9534114599227905
YCL025C,YKR039W,0,0.31081328,0.09645874798297882,0.9970559477806091,0.953511655330658
YBR014C,YDL024C,0,0.30925223,0.0964495912194252,0.9970559477806091,0.9536118507385254
YML021C,YBL099W,0,0.30919823,0.09644043445587158,0.9970559477806091,0.9537120461463928
YPL230W,YPR148C,0,0.30806825,0.09643128514289856,0.9970559477806091,0.9538122415542603
YBR169C,YIL023C,0,0.30758524,0.09642212837934494,0.9970559477806091,0.9539124369621277
YDR190C,YNL024C,0,0.305853,0.09641297906637192,0.9970559477806091,0.9540126323699951
YMR049C,YMR216C,0,0.30479276,0.0964038297533989,0.9970559477806091,0.9541128277778625
YBR034C,YDR222W,0,0.30379915,0.09639468789100647,0.9970559477806091,0.95421302318573
YDR519W,YNR030W,0,0.3030402,0.09638553857803345,0.9970559477806091,0.9543132185935974
YCR067C,YDR083W,0,0.30300385,0.09637639671564102,0.9970559477806091,0.9544134140014648
YMR173W,YMR189W,0,0.302861,0.0963672548532486,0.9970559477806091,0.9545135498046875
YPR181C,YAR071W,0,0.30218467,0.09635812044143677,0.9970559477806091,0.9546137452125549
YPL093W,YLR005W,0,0.30142167,0.09634897857904434,0.9970559477806091,0.9547139406204224
YHR106W,YJR091C,0,0.30071345,0.09633984416723251,0.9970559477806091,0.9548141360282898
YKL213C,YOR094W,0,0.30068266,0.09633070975542068,0.9970559477806091,0.9549143314361572
YPR020W,YPL117C,0,0.29866895,0.09632157534360886,0.9970559477806091,0.9550145268440247
YLR270W,YJL149W,0,0.2972704,0.09631244838237762,0.9970559477806091,0.9551147222518921
YML123C,YMR075W,0,0.29702473,0.0963033139705658,0.9970559477806091,0.9552149176597595
YBL014C,YOR079C,0,0.29462242,0.09629418700933456,0.9970559477806091,0.955315113067627
YGL171W,YML093W,0,0.29422465,0.09628506749868393,0.9970559477806091,0.9554153084754944
YHR188C,YFL054C,0,0.29379356,0.0962759405374527,0.9970559477806091,0.9555155038833618
YDL124W,YNL092W,0,0.29049036,0.09626682102680206,0.9970559477806091,0.9556156992912292
YMR239C,YDR331W,0,0.2887125,0.09625769406557083,0.9970559477806091,0.9557158350944519
YJR051W,YCL057W,0,0.28820327,0.0962485820055008,0.9970559477806091,0.9558160305023193
YMR193W,YDR515W,0,0.2872154,0.09623946249485016,0.9970559477806091,0.9559162259101868
YLR452C,YDR140W,0,0.28651756,0.09623034298419952,0.9970559477806091,0.9560164213180542
YAL031C,YOR204W,0,0.28466678,0.09622123092412949,0.9970559477806091,0.9561166167259216
YJR105W,YGR078C,0,0.28382194,0.09621211886405945,0.9970559477806091,0.9562168121337891
YJR040W,YNL231C,0,0.28326705,0.09620301425457001,0.9970559477806091,0.9563170075416565
YHR091C,YGL107C,0,0.2829445,0.09619390219449997,0.9970559477806091,0.9564172029495239
YFR052W,YDR262W,0,0.2819583,0.09618479758501053,0.9970559477806091,0.9565173983573914
YML075C,YOR173W,0,0.28092408,0.09617569297552109,0.9970559477806091,0.9566175937652588
YLR196W,YHL033C,0,0.28068447,0.09616658836603165,0.9970559477806091,0.9567177891731262
YER004W,YMR024W,0,0.27975035,0.0961574837565422,0.9970559477806091,0.9568179249763489
YOR125C,YAL039C,0,0.27966702,0.09614838659763336,0.9970559477806091,0.9569181203842163
YPL232W,YGL186C,0,0.27850074,0.09613928943872452,0.9970559477806091,0.9570183157920837
YDR296W,YDL045W-A,0,0.2778436,0.09613019227981567,0.9970559477806091,0.9571185111999512
YBR170C,YKR067W,0,0.27099597,0.09612109512090683,0.9970559477806091,0.9572187066078186
YJL020C,YNL239W,0,0.26983577,0.09611200541257858,0.9970559477806091,0.957318902015686
YNL216W,YBR153W,0,0.2668242,0.09610291570425034,0.9970559477806091,0.9574190974235535
YNL055C,YPR113W,0,0.26622814,0.09609382599592209,0.9970559477806091,0.9575192928314209
YFR009W,YOL144W,0,0.26604694,0.09608473628759384,0.9970559477806091,0.9576194882392883
YMR146C,YGR118W,0,0.26594287,0.0960756465792656,0.9970559477806091,0.9577196836471558
YPL087W,YJR150C,0,0.26517978,0.09606656432151794,0.9970559477806091,0.9578198790550232
YCR034W,YDR145W,0,0.26517436,0.0960574820637703,0.9970559477806091,0.9579200744628906
YIL013C,YLR324W,0,0.2638968,0.09604839980602264,0.9970559477806091,0.9580202102661133
YIL076W,YLR009W,0,0.2612612,0.09603932499885559,0.9970559477806091,0.9581204056739807
YKL213C,YLR044C,0,0.26053685,0.09603024274110794,0.9970559477806091,0.9582206010818481
YNL243W,YLR220W,0,0.25744513,0.09602116793394089,0.9970559477806091,0.9583207964897156
YDR471W,YOR099W,0,0.25725055,0.09601209312677383,0.9970559477806091,0.958420991897583
YGR017W,YLR064W,0,0.25567275,0.09600302577018738,0.9970559477806091,0.9585211873054504
YOR304C-A,YCR052W,0,0.2521115,0.09599395096302032,0.9970559477806091,0.9586213827133179
YEL047C,YML032C,0,0.24847195,0.09598488360643387,0.9970559477806091,0.9587215781211853
YAL016W,YKR052C,0,0.24832833,0.09597581624984741,0.9970559477806091,0.9588217735290527
YDR337W,YPL015C,0,0.24776131,0.09596674889326096,0.9970559477806091,0.9589219689369202
YDR072C,YJR125C,0,0.24452752,0.0959576889872551,0.9970559477806091,0.9590221643447876
YML100W,YDL020C,0,0.24307045,0.09594862908124924,0.9970559477806091,0.959122359752655
YNL219C,YGR024C,0,0.24186552,0.09593956917524338,0.9970559477806091,0.9592224955558777
YBR088C,YHR081W,1,0.24183986,0.09602493047714233,0.9980372786521912,0.9592224955558777
YOR361C,YJR014W,0,0.24148504,0.09601586312055588,0.9980372786521912,0.9593226909637451
YBR133C,YLR083C,0,0.24034998,0.09600679576396942,0.9980372786521912,0.9594228863716125
YHR001W-A,YOR027W,0,0.23940775,0.09599773585796356,0.9980372786521912,0.95952308177948
YOL111C,YMR194W,0,0.23742218,0.0959886759519577,0.9980372786521912,0.9596232771873474
YLR299W,YJR107W,0,0.23646025,0.09597961604595184,0.9980372786521912,0.9597234725952148
YPL237W,YJL012C,0,0.233885,0.09597055613994598,0.9980372786521912,0.9598236680030823
YPL099C,YHR029C,0,0.233147,0.09596150368452072,0.9980372786521912,0.9599238634109497
YBR031W,YJL176C,0,0.22963953,0.09595245122909546,0.9980372786521912,0.9600240588188171
YPL215W,YKL170W,0,0.22953886,0.0959433987736702,0.9980372786521912,0.9601242542266846
YDL168W,YNL241C,0,0.22861585,0.09593434631824493,0.9980372786521912,0.960224449634552
YIL047C,YDR398W,0,0.22689515,0.09592529386281967,0.9980372786521912,0.9603246450424194
YIL009W,YLR052W,0,0.22519475,0.095916248857975,0.9980372786521912,0.9604247808456421
YML123C,YDL188C,0,0.22507441,0.09590720385313034,0.9980372786521912,0.9605249762535095
YJL093C,YDL036C,0,0.2232039,0.09589815884828568,0.9980372786521912,0.960625171661377
YKR088C,YBR102C,0,0.22287017,0.0958891212940216,0.9980372786521912,0.9607253670692444
YCR107W,YIL122W,0,0.22266866,0.09588007628917694,0.9980372786521912,0.9608255624771118
YDL212W,YLL028W,0,0.22204685,0.09587103873491287,0.9980372786521912,0.9609257578849792
YAL061W,YKL168C,0,0.22166933,0.0958620011806488,0.9980372786521912,0.9610259532928467
YOR329C,YKL026C,0,0.22075613,0.09585297107696533,0.9980372786521912,0.9611261487007141
YHR110W,YDL022W,0,0.2193183,0.09584393352270126,0.9980372786521912,0.9612263441085815
YGL078C,YJR123W,0,0.21534848,0.09583490341901779,0.9980372786521912,0.961326539516449
YDL014W,YGL099W,0,0.2068548,0.09582587331533432,0.9980372786521912,0.9614267349243164
YLR027C,YOR157C,0,0.20599526,0.09581684321165085,0.9980372786521912,0.9615269303321838
YDR190C,YML032C,1,0.2037828,0.09590202569961548,0.999018669128418,0.9615269303321838
YBL041W,YDR345C,0,0.20356226,0.09589298814535141,0.999018669128418,0.9616270661354065
YGL004C,YIL041W,0,0.20309094,0.09588395804166794,0.999018669128418,0.9617272615432739
YOR149C,YKL103C,0,0.20229344,0.09587492793798447,0.999018669128418,0.9618274569511414
YKL211C,YGL008C,0,0.20074323,0.095865897834301,0.999018669128418,0.9619276523590088
YHR152W,YJL026W,0,0.19937691,0.09585687518119812,0.999018669128418,0.9620278477668762
YDL148C,YMR300C,0,0.19461182,0.09584784507751465,0.999018669128418,0.9621280431747437
YNL145W,YKL008C,0,0.1945702,0.09583882242441177,0.999018669128418,0.9622282385826111
YHR030C,YER003C,0,0.1924169,0.0958297997713089,0.999018669128418,0.9623284339904785
YNL010W,YNR054C,0,0.19025461,0.09582078456878662,0.999018669128418,0.962428629398346
YJL196C,YML086C,0,0.18673615,0.09581176191568375,0.999018669128418,0.9625288248062134
YPL020C,YDL055C,0,0.18603432,0.09580274671316147,0.999018669128418,0.9626290202140808
YOL165C,YEL063C,0,0.18545167,0.09579373151063919,0.999018669128418,0.9627291560173035
YJL020C,YLR417W,0,0.18506509,0.09578471630811691,0.999018669128418,0.9628293514251709
YBL040C,YOR358W,0,0.18255693,0.09577570855617523,0.999018669128418,0.9629295468330383
YML057W,YJR117W,0,0.1805056,0.09576670080423355,0.999018669128418,0.9630297422409058
YOR065W,YGR254W,0,0.17996573,0.09575769305229187,0.999018669128418,0.9631299376487732
YJR064W,YPR035W,0,0.17568116,0.09574868530035019,0.999018669128418,0.9632301330566406
YKL064W,YPL057C,0,0.17434108,0.09573967754840851,0.999018669128418,0.9633303284645081
YDL064W,YNL177C,0,0.17185448,0.09573067724704742,0.999018669128418,0.9634305238723755
YPL221W,YOR198C,0,0.17085928,0.09572167694568634,0.999018669128418,0.9635307192802429
YLR275W,YKL078W,0,0.16987112,0.09571267664432526,0.999018669128418,0.9636309146881104
YBR101C,YAL060W,0,0.16871235,0.09570367634296417,0.999018669128418,0.9637311100959778
YIL050W,YPL134C,0,0.16800484,0.09569467604160309,0.999018669128418,0.9638313055038452
YMR278W,YML028W,0,0.16714254,0.0956856831908226,0.999018669128418,0.9639314413070679
YBR192W,YDR472W,0,0.16362925,0.09567669034004211,0.999018669128418,0.9640316367149353
YPL223C,YPL097W,0,0.16361654,0.09566769748926163,0.999018669128418,0.9641318321228027
YDR172W,YDR461W,0,0.16349249,0.09565871208906174,0.999018669128418,0.9642320275306702
YJR047C,YHL033C,0,0.1628002,0.09564971923828125,0.999018669128418,0.9643322229385376
YGR090W,YNR017W,0,0.15951236,0.09564073383808136,0.999018669128418,0.964432418346405
YOR049C,YPL152W,0,0.15778065,0.09563174843788147,0.999018669128418,0.9645326137542725
YCR067C,YIL041W,0,0.15458274,0.09562277048826218,0.999018669128418,0.9646328091621399
YJL149W,YHR029C,0,0.15324697,0.09561378508806229,0.999018669128418,0.9647330045700073
YDR527W,YML128C,0,0.15296087,0.095604807138443,0.999018669128418,0.9648331999778748
YCL052C,YKL167C,0,0.15294394,0.0955958291888237,0.999018669128418,0.9649333953857422
YKR029C,YOL126C,0,0.1527464,0.0955868512392044,0.999018669128418,0.9650335907936096
YHR123W,YER154W,0,0.1525346,0.09557788074016571,0.999018669128418,0.9651337265968323
YDL174C,YMR195W,0,0.15156072,0.09556891024112701,0.999018669128418,0.9652339220046997
YKR072C,YNL154C,0,0.14976837,0.09555993974208832,0.999018669128418,0.9653341174125671
YGL200C,YDR025W,0,0.1485133,0.09555096924304962,0.999018669128418,0.9654343128204346
YDR084C,YNL131W,0,0.1475848,0.09554199874401093,0.999018669128418,0.965534508228302
YKL172W,YKL113C,0,0.14749584,0.09553303569555283,0.999018669128418,0.9656347036361694
YMR097C,YBL099W,0,0.14584297,0.09552406519651413,0.999018669128418,0.9657348990440369
YML096W,YKL144C,0,0.14551413,0.09551510959863663,0.999018669128418,0.9658350944519043
YNL010W,YPL240C,0,0.14544442,0.09550614655017853,0.999018669128418,0.9659352898597717
YDR020C,YLR390W,0,0.14280903,0.09549718350172043,0.999018669128418,0.9660354852676392
YDR527W,YLL012W,0,0.14185315,0.09548822790384293,0.999018669128418,0.9661356806755066
YMR091C,YGR260W,0,0.14163347,0.09547927230596542,0.999018669128418,0.966235876083374
YKR081C,YPL198W,0,0.13990578,0.09547031670808792,0.999018669128418,0.9663360118865967
YOL006C,YGL078C,0,0.13826364,0.09546136856079102,0.999018669128418,0.9664362072944641
YAL055W,YPL203W,0,0.13662615,0.09545241296291351,0.999018669128418,0.9665364027023315
YNR053C,YOL130W,0,0.12997705,0.09544346481561661,0.999018669128418,0.966636598110199
YLL027W,YBR005W,0,0.12941495,0.0954345166683197,0.999018669128418,0.9667367935180664
YOL042W,YNL090W,0,0.12852538,0.0954255685210228,0.999018669128418,0.9668369889259338
YER050C,YJL002C,0,0.12813506,0.09541662782430649,0.999018669128418,0.9669371843338013
YBL101C,YFR004W,0,0.12810493,0.09540768712759018,0.999018669128418,0.9670373797416687
YML120C,YGL047W,0,0.12463687,0.09539874643087387,0.999018669128418,0.9671375751495361
YGL064C,YKL096W,0,0.122564055,0.09538980573415756,0.999018669128418,0.9672377705574036
YLR449W,YER178W,0,0.11969894,0.09538086503744125,0.999018669128418,0.967337965965271
YPL093W,YOR230W,0,0.115706265,0.09537193179130554,0.999018669128418,0.9674381613731384
YGL062W,YBR141C,0,0.11250807,0.09536299854516983,0.999018669128418,0.9675382971763611
YKR046C,YKL094W,0,0.11040521,0.09535406529903412,0.999018669128418,0.9676384925842285
YGL244W,YJL029C,0,0.109797,0.09534513205289841,0.999018669128418,0.967738687992096
YDL123W,YOR255W,0,0.1002685,0.09533620625734329,0.999018669128418,0.9678388833999634
YDL134C,YDR496C,0,0.09849098,0.09532728046178818,0.999018669128418,0.9679390788078308
YHR050W,YBL045C,0,0.09685409,0.09531835466623306,0.999018669128418,0.9680392742156982
YBL040C,YLR307W,0,0.09635489,0.09530942887067795,0.999018669128418,0.9681394696235657
YML057W,YNL137C,0,0.09376556,0.09530050307512283,0.999018669128418,0.9682396650314331
YOR382W,YLR315W,0,0.093357444,0.09529158473014832,0.999018669128418,0.9683398604393005
YGL012W,YJL210W,0,0.0897681,0.0952826663851738,0.999018669128418,0.968440055847168
YDR337W,YER141W,0,0.088504255,0.09527374804019928,0.999018669128418,0.9685402512550354
YJR041C,YOR094W,0,0.0880968,0.09526482969522476,0.999018669128418,0.9686403870582581
YER054C,YGR183C,0,0.08743933,0.09525591880083084,0.999018669128418,0.9687405824661255
YMR203W,YOR241W,0,0.08650684,0.09524700790643692,0.999018669128418,0.9688407778739929
YNL169C,YKL194C,0,0.084879726,0.095238097012043,0.999018669128418,0.9689409732818604
YGR256W,YFR004W,0,0.0845322,0.09522918611764908,0.999018669128418,0.9690411686897278
YGR112W,YCR069W,0,0.081157684,0.09522027522325516,0.999018669128418,0.9691413640975952
YPL049C,YNL122C,0,0.07719635,0.09521137177944183,0.999018669128418,0.9692415595054626
YFR024C-A,YEL011W,0,0.074328914,0.09520246833562851,0.999018669128418,0.9693417549133301
YER001W,YOL010W,0,0.074273705,0.09519356489181519,0.999018669128418,0.9694419503211975
YOR002W,YOR317W,0,0.07420117,0.09518466889858246,0.999018669128418,0.9695421457290649
YOR316C,YOL135C,0,0.0733899,0.09517576545476913,0.999018669128418,0.9696423411369324
YHR074W,YMR105C,0,0.07311839,0.09516686946153641,0.999018669128418,0.9697425365447998
YBR161W,YDR473C,0,0.070407465,0.09515797346830368,0.999018669128418,0.9698426723480225
YEL034W,YHR019C,0,0.06747499,0.09514907747507095,0.999018669128418,0.9699428677558899
YML075C,YMR193W,0,0.067165755,0.09514018893241882,0.999018669128418,0.9700430631637573
YDR059C,YLR193C,0,0.066973984,0.0951312929391861,0.999018669128418,0.9701432585716248
YGL246C,YNR012W,0,0.05918497,0.09512240439653397,0.999018669128418,0.9702434539794922
YOR045W,YBL072C,0,0.057182223,0.09511351585388184,0.999018669128418,0.9703436493873596
YNR021W,YBR282W,0,0.05140066,0.0951046347618103,0.999018669128418,0.970443844795227
YGR172C,YBR146W,0,0.051146686,0.09509574621915817,0.999018669128418,0.9705440402030945
YOR149C,YOR145C,0,0.04871574,0.09508686512708664,0.999018669128418,0.9706442356109619
YKL081W,YLR113W,0,0.045786142,0.0950779840350151,0.999018669128418,0.9707444310188293
YGL096W,YMR020W,0,0.045247436,0.09506911039352417,0.999018669128418,0.9708446264266968
YOR202W,YLR175W,0,0.044748247,0.09506022930145264,0.999018669128418,0.9709448218345642
YKL172W,YDR144C,0,0.040169805,0.0950513556599617,0.999018669128418,0.9710449576377869
YDR452W,YNL335W,0,0.03857343,0.09504248201847076,0.999018669128418,0.9711451530456543
YKL087C,YDR462W,0,0.035930127,0.09503360837697983,0.999018669128418,0.9712453484535217
YGL022W,YHR152W,0,0.034629345,0.09502473473548889,0.999018669128418,0.9713455438613892
YDR091C,YAL007C,0,0.03415215,0.09501586854457855,0.999018669128418,0.9714457392692566
YGR193C,YPR145W,0,0.033738732,0.09500700235366821,0.999018669128418,0.971545934677124
YGR070W,YKL026C,0,0.029898494,0.09499813616275787,0.999018669128418,0.9716461300849915
YFR042W,YOR210W,0,0.029119492,0.09498926997184753,0.999018669128418,0.9717463254928589
YGR067C,YCL038C,0,0.022466779,0.0949804037809372,0.999018669128418,0.9718465209007263
YIL121W,YKL079W,0,0.017127916,0.09497154504060745,0.999018669128418,0.9719467163085938
YNL220W,YJR152W,0,0.016068876,0.09496268630027771,0.999018669128418,0.9720469117164612
YLR353W,YCR017C,0,0.015715316,0.09495382755994797,0.999018669128418,0.9721471071243286
YMR177W,YLR193C,0,0.013669223,0.09494497627019882,0.999018669128418,0.9722472429275513
YJL122W,YCL030C,0,0.011600792,0.09493611752986908,0.999018669128418,0.9723474383354187
YOR119C,YGL094C,0,0.011296086,0.09492726624011993,0.999018669128418,0.9724476337432861
YLR069C,YBL076C,0,0.010290742,0.09491841495037079,0.999018669128418,0.9725478291511536
YHL034C,YNR033W,0,0.009627856,0.09490956366062164,0.999018669128418,0.972648024559021
YKR065C,YDR264C,0,0.008081168,0.0949007198214531,0.999018669128418,0.9727482199668884
YPL078C,YHR045W,0,0.007883072,0.09489186853170395,0.999018669128418,0.9728484153747559
YLR330W,YKL185W,0,0.006156236,0.0948830246925354,0.999018669128418,0.9729486107826233
YNL037C,YNL055C,0,0.0031554475,0.09487418085336685,0.999018669128418,0.9730488061904907
YJL100W,YNL122C,0,0.0023733675,0.0948653444647789,0.999018669128418,0.9731490015983582
YOL060C,YAR027W,0,0.000732854,0.09485650062561035,0.999018669128418,0.9732491970062256
YPL001W,YGL257C,0,-0.00088936836,0.0948476642370224,0.999018669128418,0.973349392414093
YKL084W,YDR314C,0,-0.0018024668,0.09483882784843445,0.999018669128418,0.9734495282173157
YLR080W,YAR027W,0,-0.002965033,0.0948299989104271,0.999018669128418,0.9735497236251831
YJL180C,YNR039C,0,-0.0061678886,0.09482116252183914,0.999018669128418,0.9736499190330505
YNL177C,YFR053C,0,-0.006625533,0.09481233358383179,0.999018669128418,0.973750114440918
YDL160C,YNR033W,0,-0.007769361,0.09480350464582443,0.999018669128418,0.9738503098487854
YPL057C,YKL171W,0,-0.0078021884,0.09479467570781708,0.999018669128418,0.9739505052566528
YER073W,YDL150W,0,-0.01107645,0.09478584676980972,0.999018669128418,0.9740507006645203
YDR201W,YDL052C,0,-0.011112228,0.09477702528238297,0.999018669128418,0.9741508960723877
YHR020W,YER118C,0,-0.011767596,0.09476819634437561,0.999018669128418,0.9742510914802551
YGL055W,YPR125W,0,-0.012083471,0.09475937485694885,0.999018669128418,0.9743512868881226
YNL175C,YHL003C,0,-0.021698028,0.09475056082010269,0.999018669128418,0.97445148229599
YHR037W,YIL053W,0,-0.024646014,0.09474173933267593,0.999018669128418,0.9745516777038574
YPL078C,YPL236C,0,-0.027613297,0.09473292529582977,0.999018669128418,0.9746518135070801
YLR284C,YKL085W,0,-0.0293445,0.09472411125898361,0.999018669128418,0.9747520089149475
YML092C,YLR411W,0,-0.031104445,0.09471529722213745,0.999018669128418,0.9748522043228149
YEL026W,YGR185C,0,-0.03316018,0.09470648318529129,0.999018669128418,0.9749523997306824
YML030W,YNL305C,0,-0.03896518,0.09469767659902573,0.999018669128418,0.9750525951385498
YGL116W,YHR074W,0,-0.03943914,0.09468886256217957,0.999018669128418,0.9751527905464172
YKR046C,YPR113W,0,-0.039690986,0.094680055975914,0.999018669128418,0.9752529859542847
YDL188C,YPR124W,0,-0.042516917,0.09467125684022903,0.999018669128418,0.9753531813621521
YMR079W,YCR088W,0,-0.04637952,0.09466245025396347,0.999018669128418,0.9754533767700195
YEL026W,YOR026W,0,-0.046812296,0.0946536511182785,0.999018669128418,0.975553572177887
YPL118W,YPR149W,0,-0.048095316,0.09464485198259354,0.999018669128418,0.9756537675857544
YHR196W,YGR145W,0,-0.05125308,0.09463605284690857,0.999018669128418,0.975753903388977
YPR043W,YDR119W,0,-0.053121984,0.0946272537112236,0.999018669128418,0.9758540987968445
YMR008C,YPL234C,0,-0.053418726,0.09461846202611923,0.999018669128418,0.9759542942047119
YJR040W,YLR129W,0,-0.0539698,0.09460966289043427,0.999018669128418,0.9760544896125793
YDL181W,YBL007C,0,-0.054587483,0.0946008712053299,0.999018669128418,0.9761546850204468
YDR058C,YOR065W,0,-0.05862543,0.09459208697080612,0.999018669128418,0.9762548804283142
YPL218W,YLR293C,0,-0.058737755,0.09458329528570175,0.999018669128418,0.9763550758361816
YOR198C,YNL045W,0,-0.060792983,0.09457451105117798,0.999018669128418,0.9764552712440491
YHR004C,YKL013C,0,-0.06614418,0.09456571936607361,0.999018669128418,0.9765554666519165
YGR192C,YGR083C,0,-0.06633121,0.09455693513154984,0.999018669128418,0.9766556620597839
YLR178C,YLR299W,0,-0.07369137,0.09454815834760666,0.999018669128418,0.9767558574676514
YKL016C,YAL017W,0,-0.07683471,0.09453937411308289,0.999018669128418,0.9768560528755188
YLL027W,YLL028W,0,-0.07818921,0.09453059732913971,0.999018669128418,0.9769561886787415
YLR342W,YHR121W,0,-0.078729406,0.09452182054519653,0.999018669128418,0.9770563840866089
YNR036C,YLL045C,0,-0.079977214,0.09451304376125336,0.999018669128418,0.9771565794944763
YBL101C,YDL132W,0,-0.08008331,0.09450426697731018,0.999018669128418,0.9772567749023438
YLR278C,YBR180W,0,-0.08048347,0.0944954976439476,0.999018669128418,0.9773569703102112
YGL014W,YGR208W,0,-0.081875086,0.09448672831058502,0.999018669128418,0.9774571657180786
YOR119C,YLR249W,0,-0.08344045,0.09447795897722244,0.999018669128418,0.977557361125946
YMR296C,YOR243C,0,-0.08406213,0.09446918964385986,0.999018669128418,0.9776575565338135
YPL156C,YPR030W,0,-0.08562145,0.09446042776107788,0.999018669128418,0.9777577519416809
YGR032W,YMR053C,0,-0.085923016,0.0944516584277153,0.999018669128418,0.9778579473495483
YER078C,YOR020C,0,-0.0862028,0.09444289654493332,0.999018669128418,0.9779581427574158
YKL163W,YOL130W,0,-0.0870662,0.09443413466215134,0.999018669128418,0.9780583381652832
YNL073W,YDR385W,0,-0.08786012,0.09442538022994995,0.999018669128418,0.9781584739685059
YGL004C,YPR026W,0,-0.09018102,0.09441661834716797,0.999018669128418,0.9782586693763733
YNL002C,YNL055C,0,-0.095052645,0.09440786391496658,0.999018669128418,0.9783588647842407
YCL040W,YCR079W,0,-0.096565545,0.0943991094827652,0.999018669128418,0.9784590601921082
YPR024W,YGL187C,0,-0.10220146,0.09439035505056381,0.999018669128418,0.9785592555999756
YGR193C,YMR309C,0,-0.10453442,0.09438160806894302,0.999018669128418,0.978659451007843
YKL087C,YGR128C,0,-0.10739033,0.09437285363674164,0.999018669128418,0.9787596464157104
YMR092C,YGR255C,0,-0.10888673,0.09436410665512085,0.999018669128418,0.9788598418235779
YIR007W,YHL034C,0,-0.11109096,0.09435535967350006,0.999018669128418,0.9789600372314453
YIR007W,YNL045W,0,-0.1122572,0.09434662014245987,0.999018669128418,0.9790602326393127
YEL027W,YDL153C,0,-0.112516105,0.09433787316083908,0.999018669128418,0.9791604280471802
YDL198C,YMR202W,0,-0.11455721,0.09432913362979889,0.999018669128418,0.9792606234550476
YBR234C,YER141W,0,-0.1177129,0.0943203940987587,0.999018669128418,0.9793607592582703
YDL123W,YBR095C,0,-0.122273654,0.0943116545677185,0.999018669128418,0.9794609546661377
YER039C,YPL156C,0,-0.123385966,0.09430291503667831,0.999018669128418,0.9795611500740051
YEL026W,YOR252W,0,-0.12355751,0.09429418295621872,0.999018669128418,0.9796613454818726
YOR293W,YKL080W,0,-0.12592599,0.09428545087575912,0.999018669128418,0.97976154088974
YIL157C,YPL211W,0,-0.12897009,0.09427671879529953,0.999018669128418,0.9798617362976074
YLR300W,YDL040C,0,-0.1316691,0.09426798671483994,0.999018669128418,0.9799619317054749
YAL031C,YLR372W,0,-0.1327087,0.09425926208496094,0.999018669128418,0.9800621271133423
YLR206W,YNL065W,0,-0.1362022,0.09425053000450134,0.999018669128418,0.9801623225212097
YNL241C,YHR150W,0,-0.14085329,0.09424180537462234,0.999018669128418,0.9802625179290771
YDL014W,YGL189C,0,-0.14280763,0.09423308074474335,0.999018669128418,0.9803627133369446
YGL070C,YDR028C,0,-0.14596492,0.09422436356544495,0.999018669128418,0.980462908744812
YHR080C,YOR130C,0,-0.14662445,0.09421563893556595,0.999018669128418,0.9805630445480347
YGL030W,YOR099W,0,-0.1466341,0.09420692175626755,0.999018669128418,0.9806632399559021
YOR085W,YNL252C,0,-0.14900118,0.09419820457696915,0.999018669128418,0.9807634353637695
YGL047W,YGL107C,0,-0.15060928,0.09418948739767075,0.999018669128418,0.980863630771637
YHR072W,YDR017C,0,-0.15101203,0.09418077766895294,0.999018669128418,0.9809638261795044
YLR073C,YBR154C,0,-0.15149668,0.09417206048965454,0.999018669128418,0.9810640215873718
YBL016W,YOL096C,0,-0.1528439,0.09416335076093674,0.999018669128418,0.9811642169952393
YDL147W,YGL026C,0,-0.15771323,0.09415464103221893,0.999018669128418,0.9812644124031067
YNL138W,YNR013C,0,-0.158719,0.09414593875408173,0.999018669128418,0.9813646078109741
YLR037C,YKL148C,0,-0.16295302,0.09413722902536392,0.999018669128418,0.9814648032188416
YDL084W,YOL041C,0,-0.16784137,0.09412852674722672,0.999018669128418,0.981564998626709
YPR004C,YOL136C,0,-0.16902849,0.09411982446908951,0.999018669128418,0.9816651344299316
YBR298C,YGR249W,0,-0.17466846,0.0941111221909523,0.999018669128418,0.9817653298377991
YBL038W,YGL115W,0,-0.17581207,0.0941024199128151,0.999018669128418,0.9818655252456665
YCL054W,YHR148W,0,-0.18125173,0.09409372508525848,0.999018669128418,0.9819657206535339
YPL235W,YER052C,0,-0.18182358,0.09408503025770187,0.999018669128418,0.9820659160614014
YDR494W,YPL163C,0,-0.1837484,0.09407633543014526,0.999018669128418,0.9821661114692688
YNL239W,YDL171C,0,-0.18480387,0.09406764060258865,0.999018669128418,0.9822663068771362
YJL203W,YDL171C,0,-0.18550584,0.09405894577503204,0.999018669128418,0.9823665022850037
YDR083W,YGR128C,0,-0.19081116,0.09405025839805603,0.999018669128418,0.9824666976928711
YGL156W,YHR138C,0,-0.1908657,0.09404157102108002,0.999018669128418,0.9825668931007385
YGR193C,YGR103W,0,-0.19689792,0.094032883644104,0.999018669128418,0.982667088508606
YER127W,YLR103C,0,-0.19923317,0.09402419626712799,0.999018669128418,0.9827672839164734
YHR190W,YKL193C,0,-0.20042607,0.09401551634073257,0.999018669128418,0.982867419719696
YJR096W,YBR037C,0,-0.20196396,0.09400683641433716,0.999018669128418,0.9829676151275635
YMR275C,YFL054C,0,-0.20372617,0.09399815648794174,0.999018669128418,0.9830678105354309
YKL171W,YNL160W,0,-0.20735157,0.09398947656154633,0.999018669128418,0.9831680059432983
YLR058C,YHR113W,0,-0.2124264,0.09398079663515091,0.999018669128418,0.9832682013511658
YOR020C,YGL238W,0,-0.21328282,0.09397212415933609,0.999018669128418,0.9833683967590332
YPL183C,YMR024W,0,-0.21412125,0.09396345168352127,0.999018669128418,0.9834685921669006
YPL265W,YGR070W,0,-0.21603322,0.09395477920770645,0.999018669128418,0.9835687875747681
YJL128C,YDL179W,0,-0.22339895,0.09394610673189163,0.999018669128418,0.9836689829826355
YNL327W,YPR124W,0,-0.22446463,0.09393743425607681,0.999018669128418,0.9837691783905029
YPL192C,YNR036C,0,-0.22468445,0.09392876923084259,0.999018669128418,0.9838693737983704
YDL103C,YNL252C,0,-0.22550437,0.09392010420560837,0.999018669128418,0.9839695692062378
YDR037W,YBL028C,0,-0.22820038,0.09391143918037415,0.999018669128418,0.9840697050094604
YDR142C,YKL002W,0,-0.22857162,0.09390277415513992,0.999018669128418,0.9841699004173279
YBR170C,YJR096W,0,-0.23068678,0.0938941165804863,0.999018669128418,0.9842700958251953
YKL065C,YDL222C,0,-0.23434809,0.09388545900583267,0.999018669128418,0.9843702912330627
YMR309C,YOL096C,0,-0.23686388,0.09387680143117905,0.999018669128418,0.9844704866409302
YFL045C,YGR260W,0,-0.23807806,0.09386814385652542,0.999018669128418,0.9845706820487976
YML092C,YKL210W,0,-0.23890251,0.0938594862818718,0.999018669128418,0.984670877456665
YLL045C,YGR165W,0,-0.24059731,0.09385083615779877,0.999018669128418,0.9847710728645325
YDL193W,YHR123W,0,-0.24218792,0.09384218603372574,0.999018669128418,0.9848712682723999
YLR197W,YGL008C,0,-0.24249193,0.09383353590965271,0.999018669128418,0.9849714636802673
YDR306C,YML128C,0,-0.24276876,0.09382488578557968,0.999018669128418,0.9850716590881348
YGR284C,YPR124W,0,-0.24421817,0.09381623566150665,0.999018669128418,0.9851718544960022
YFR004W,YDL004W,0,-0.24486333,0.09380759298801422,0.999018669128418,0.9852719902992249
YMR243C,YKL150W,0,-0.2506498,0.09379895031452179,0.999018669128418,0.9853721857070923
YGL062W,YHR002W,0,-0.25622612,0.09379030764102936,0.999018669128418,0.9854723811149597
YER150W,YAR027W,0,-0.25970817,0.09378166496753693,0.999018669128418,0.9855725765228271
YLL026W,YNL134C,0,-0.2628687,0.09377302974462509,0.999018669128418,0.9856727719306946
YDL111C,YER052C,0,-0.2635936,0.09376439452171326,0.999018669128418,0.985772967338562
YBR169C,YOR132W,0,-0.27608848,0.09375575929880142,0.999018669128418,0.9858731627464294
YBR061C,YGR094W,0,-0.27840787,0.09374712407588959,0.999018669128418,0.9859733581542969
YKL093W,YJL137C,0,-0.28162444,0.09373848885297775,0.999018669128418,0.9860735535621643
YPR190C,YPL239W,0,-0.28391978,0.09372986108064651,0.999018669128418,0.9861737489700317
YPL118W,YOR259C,0,-0.28434446,0.09372123330831528,0.999018669128418,0.9862739443778992
YMR135C,YER175C,0,-0.2923302,0.09371260553598404,0.999018669128418,0.9863741397857666
YDR212W,YPL043W,0,-0.2933262,0.0937039777636528,0.999018669128418,0.9864742755889893
YMR250W,YMR169C,0,-0.29540473,0.09369534999132156,0.999018669128418,0.9865744709968567
YMR271C,YNL134C,0,-0.29642373,0.09368672966957092,0.999018669128418,0.9866746664047241
YNL186W,YLR175W,0,-0.29693043,0.09367810934782028,0.999018669128418,0.9867748618125916
YHR149C,YMR072W,0,-0.29693815,0.09366948902606964,0.999018669128418,0.986875057220459
YGL051W,YDR482C,0,-0.3065216,0.093660868704319,0.999018669128418,0.9869752526283264
YHR216W,YDR472W,0,-0.3106946,0.09365225583314896,0.999018669128418,0.9870754480361938
YCR034W,YNL175C,0,-0.31247047,0.09364363551139832,0.999018669128418,0.9871756434440613
YNL160W,YPR191W,0,-0.31755877,0.09363502264022827,0.999018669128418,0.9872758388519287
YLR215C,YJL208C,0,-0.31858176,0.09362641721963882,0.999018669128418,0.9873760342597961
YPL043W,YNL124W,0,-0.32976538,0.09361780434846878,0.999018669128418,0.9874762296676636
YFL038C,YOL130W,0,-0.33338454,0.09360919892787933,0.999018669128418,0.9875763654708862
YHR194W,YHL035C,0,-0.3336981,0.09360058605670929,0.999018669128418,0.9876765608787537
YDR316W,YDR085C,0,-0.33691126,0.09359198063611984,0.999018669128418,0.9877767562866211
YML010W,YJL078C,0,-0.3403387,0.09358338266611099,0.999018669128418,0.9878769516944885
YCR034W,YMR123W,0,-0.34370306,0.09357477724552155,0.999018669128418,0.987977147102356
YBR155W,YNL124W,0,-0.35306132,0.0935661792755127,0.999018669128418,0.9880773425102234
YER023W,YKR028W,0,-0.3575387,0.09355757385492325,0.999018669128418,0.9881775379180908
YMR131C,YDR119W,0,-0.36097112,0.093548983335495,0.999018669128418,0.9882777333259583
YLL019C,YDL142C,0,-0.36700022,0.09354038536548615,0.999018669128418,0.9883779287338257
YHL028W,YKR029C,0,-0.3683899,0.0935317873954773,0.999018669128418,0.9884781241416931
YNR002C,YGR287C,0,-0.37090966,0.09352319687604904,0.999018669128418,0.9885783195495605
YAL061W,YHR104W,0,-0.38362843,0.09351460635662079,0.999018669128418,0.988678514957428
YBR261C,YHR020W,0,-0.38798425,0.09350601583719254,0.999018669128418,0.9887786507606506
YNL145W,YOR101W,0,-0.4069516,0.09349742531776428,0.999018669128418,0.9888788461685181
YJR070C,YOR206W,0,-0.40819138,0.09348884224891663,0.999018669128418,0.9889790415763855
YGR082W,YJR077C,0,-0.41982824,0.09348025918006897,0.999018669128418,0.9890792369842529
YPL163C,YNL177C,0,-0.42030573,0.09347167611122131,0.999018669128418,0.9891794323921204
YJR086W,YDR225W,0,-0.42149073,0.09346309304237366,0.999018669128418,0.9892796277999878
YPL203W,YNR033W,0,-0.42678696,0.093454509973526,0.999018669128418,0.9893798232078552
YPL043W,YNL066W,0,-0.42943949,0.09344593435525894,0.999018669128418,0.9894800186157227
YNL073W,YLR249W,0,-0.44366592,0.09343735873699188,0.999018669128418,0.9895802140235901
YDR084C,YKL103C,0,-0.4442833,0.09342878311872482,0.999018669128418,0.9896804094314575
YBR187W,YMR308C,0,-0.45056194,0.09342020750045776,0.999018669128418,0.989780604839325
YJL122W,YLR058C,0,-0.45255697,0.0934116318821907,0.999018669128418,0.9898808002471924
YPR026W,YBR149W,0,-0.4622779,0.09340306371450424,0.999018669128418,0.989980936050415
YDR001C,YGL255W,0,-0.46361172,0.09339449554681778,0.999018669128418,0.9900811314582825
YHL033C,YMR214W,0,-0.46786463,0.09338592737913132,0.999018669128418,0.9901813268661499
YDR087C,YGR185C,0,-0.46797603,0.09337735921144485,0.999018669128418,0.9902815222740173
YDL236W,YHR018C,0,-0.47063357,0.09336879849433899,0.999018669128418,0.9903817176818848
YER056C,YJR070C,0,-0.47606492,0.09336023777723312,0.999018669128418,0.9904819130897522
YLL019C,YGR028W,0,-0.48146302,0.09335167706012726,0.999018669128418,0.9905821084976196
YBR191W,YOR234C,0,-0.4894039,0.09334311634302139,0.999018669128418,0.9906823039054871
YGR257C,YNR046W,0,-0.4898588,0.09333455562591553,0.999018669128418,0.9907824993133545
YDR453C,YKL201C,0,-0.49030668,0.09332600235939026,0.999018669128418,0.9908826947212219
YPL113C,YLR258W,0,-0.49940985,0.0933174416422844,0.999018669128418,0.9909828901290894
YDR513W,YKL039W,0,-0.50006133,0.09330888837575912,0.999018669128418,0.9910830855369568
YDL123W,YPR061C,0,-0.5041589,0.09330034255981445,0.999018669128418,0.9911832213401794
YDL061C,YPR033C,0,-0.5166453,0.09329178929328918,0.999018669128418,0.9912834167480469
YMR296C,YER145C,0,-0.52807194,0.09328324347734451,0.999018669128418,0.9913836121559143
YPR008W,YKL103C,0,-0.53297126,0.09327469021081924,0.999018669128418,0.9914838075637817
YIL110W,YDR307W,0,-0.54405016,0.09326614439487457,0.999018669128418,0.9915840029716492
YKL114C,YDR190C,1,-0.5443122,0.09334921091794968,1.0,0.9915840029716492
YJL089W,YNL093W,0,-0.5499984,0.09334065765142441,1.0,0.9916841983795166
YCR016W,YLR289W,0,-0.55231726,0.09333211183547974,1.0,0.991784393787384
YLR083C,YLR452C,0,-0.56912893,0.09332356601953506,1.0,0.9918845891952515
YGL187C,YDR194C,0,-0.5795253,0.0933150202035904,1.0,0.9919847846031189
YIL094C,YDR345C,0,-0.58143073,0.09330647438764572,1.0,0.9920849800109863
YGL224C,YOR310C,0,-0.58182573,0.09329792857170105,1.0,0.9921851754188538
YGR240C,YHR026W,0,-0.582493,0.09328939020633698,1.0,0.9922853708267212
YBR131W,YJL137C,0,-0.58360636,0.0932808518409729,1.0,0.9923855066299438
YGL181W,YGL053W,0,-0.5846689,0.09327231347560883,1.0,0.9924857020378113
YIL009W,YGL187C,0,-0.5912831,0.09326377511024475,1.0,0.9925858974456787
YLR069C,YOR197W,0,-0.60648733,0.09325523674488068,1.0,0.9926860928535461
YGR177C,YMR079W,0,-0.6132099,0.0932467058300972,1.0,0.9927862882614136
YDR258C,YNL160W,0,-0.6268708,0.09323817491531372,1.0,0.992886483669281
YDL236W,YDR354W,0,-0.6366704,0.09322964400053024,1.0,0.9929866790771484
YBR126C,YDR337W,0,-0.6428375,0.09322111308574677,1.0,0.9930868744850159
YJR096W,YDR268W,0,-0.6444222,0.09321258962154388,1.0,0.9931870698928833
YJR002W,YPL132W,0,-0.6462959,0.0932040587067604,1.0,0.9932872653007507
YJL200C,YDR477W,0,-0.6480095,0.09319553524255753,1.0,0.9933874607086182
YGR132C,YFL022C,0,-0.6580679,0.09318701177835464,1.0,0.9934876561164856
YPL170W,YML128C,0,-0.662399,0.09317849576473236,1.0,0.9935877919197083
YHR128W,YLR384C,0,-0.66561717,0.09316997230052948,1.0,0.9936879873275757
YKL141W,YGR165W,0,-0.67226785,0.0931614562869072,1.0,0.9937881827354431
YJL005W,YJL137C,0,-0.6728675,0.09315294027328491,1.0,0.9938883781433105
YNR037C,YPL004C,0,-0.6804196,0.09314442425966263,1.0,0.993988573551178
YAL038W,YIR010W,0,-0.6901092,0.09313590824604034,1.0,0.9940887689590454
YPL118W,YLR285W,0,-0.6947065,0.09312739968299866,1.0,0.9941889643669128
YPR061C,YPL057C,0,-0.70476955,0.09311889111995697,1.0,0.9942891597747803
YBR093C,YJR091C,0,-0.7051321,0.09311038255691528,1.0,0.9943893551826477
YJL137C,YKL193C,0,-0.70705056,0.0931018739938736,1.0,0.9944895505905151
YNR036C,YNL177C,0,-0.7182037,0.09309336543083191,1.0,0.9945897459983826
YDR150W,YPL004C,0,-0.7268899,0.09308486431837082,1.0,0.9946898818016052
YBR052C,YJR073C,0,-0.75241303,0.09307636320590973,1.0,0.9947900772094727
YER055C,YMR079W,0,-0.75867397,0.09306786209344864,1.0,0.9948902726173401
YML118W,YDL078C,0,-0.77275085,0.09305936098098755,1.0,0.9949904680252075
YML120C,YBR026C,0,-0.7763194,0.09305085986852646,1.0,0.995090663433075
YGR185C,YOR206W,0,-0.7921439,0.09304236620664597,1.0,0.9951908588409424
YER006W,YBR146W,0,-0.8037612,0.09303387254476547,1.0,0.9952910542488098
YNR002C,YDL004W,0,-0.806048,0.09302537888288498,1.0,0.9953912496566772
YCR079W,YJL066C,0,-0.8113435,0.09301688522100449,1.0,0.9954914450645447
YPL012W,YPL097W,0,-0.82121444,0.09300839900970459,1.0,0.9955916404724121
YMR210W,YEL011W,0,-0.8220443,0.0929999053478241,1.0,0.9956918358802795
YHR190W,YER178W,0,-0.87146777,0.0929914191365242,1.0,0.995792031288147
YBR189W,YOR133W,0,-0.88145465,0.0929829329252243,1.0,0.9958921670913696
YGL187C,YHR216W,0,-0.917005,0.092974454164505,1.0,0.9959923624992371
YKL189W,YFL062W,0,-0.93238276,0.09296596795320511,1.0,0.9960925579071045
YBR298C,YBR183W,0,-0.9418983,0.09295748919248581,1.0,0.9961927533149719
YKL035W,YCR079W,0,-0.9683991,0.09294901043176651,1.0,0.9962929487228394
YOR136W,YGR083C,0,-0.9830622,0.09294053167104721,1.0,0.9963931441307068
YML131W,YKR052C,0,-0.9865207,0.09293205291032791,1.0,0.9964933395385742
YLL041C,YFL062W,0,-0.9928935,0.09292358160018921,1.0,0.9965935349464417
YBR039W,YBR154C,0,-1.0052581,0.0929151102900505,1.0,0.9966937303543091
YMR322C,YJR149W,0,-1.0092843,0.0929066389799118,1.0,0.9967939257621765
YPL094C,YFR010W,0,-1.0257411,0.0928981676697731,1.0,0.996894121170044
YNL194C,YML004C,0,-1.0311873,0.0928896963596344,1.0,0.9969943165779114
YBR298C,YLL019C,0,-1.0528684,0.0928812325000763,1.0,0.997094452381134
YOR187W,YDL202W,0,-1.0824406,0.09287276864051819,1.0,0.9971946477890015
YDL052C,YNL315C,0,-1.0931284,0.09286430478096008,1.0,0.9972948431968689
YGR256W,YDR530C,0,-1.1052084,0.09285584092140198,1.0,0.9973950386047363
YNL110C,YNR012W,0,-1.1744039,0.09284737706184387,1.0,0.9974952340126038
YML131W,YJL066C,0,-1.1778648,0.09283892065286636,1.0,0.9975954294204712
YOR255W,YKR065C,0,-1.1975279,0.09283046424388885,1.0,0.9976956248283386
YLL045C,YOR020C,0,-1.2039835,0.09282200783491135,1.0,0.997795820236206
YOR210W,YMR229C,0,-1.2083106,0.09281355142593384,1.0,0.9978960156440735
YPL164C,YAR071W,0,-1.2114844,0.09280510246753693,1.0,0.9979962110519409
YLR259C,YOR234C,0,-1.248945,0.09279664605855942,1.0,0.9980964064598083
YML120C,YIR039C,0,-1.2623389,0.0927881971001625,1.0,0.9981966018676758
YNR036C,YKL103C,0,-1.2889102,0.0927797481417656,1.0,0.9982967376708984
YKR049C,YFR024C-A,0,-1.316077,0.09277130663394928,1.0,0.9983969330787659
YOL154W,YPR002W,0,-1.3310192,0.09276285767555237,1.0,0.9984971284866333
YKR049C,YBR149W,0,-1.4546182,0.09275441616773605,1.0,0.9985973238945007
YGL187C,YKL168C,0,-1.484298,0.09274597465991974,1.0,0.9986975193023682
YMR029C,YKR067W,0,-1.5028746,0.09273753315210342,1.0,0.9987977147102356
YMR291W,YNL160W,0,-1.5205367,0.09272909164428711,1.0,0.998897910118103
YKR081C,YDR087C,0,-1.5235012,0.09272065758705139,1.0,0.9989981055259705
YPL099C,YOL126C,0,-1.5630302,0.09271221607923508,1.0,0.9990983009338379
YNL202W,YBR072W,0,-1.6027305,0.09270378202199936,1.0,0.9991984963417053
YBL045C,YCR079W,0,-1.6196058,0.09269534796476364,1.0,0.9992986917495728
YOR253W,YDR041W,0,-1.7348502,0.09268692135810852,1.0,0.9993988871574402
YLR069C,YNL087W,0,-1.7966714,0.0926784873008728,1.0,0.9994990229606628
YAL061W,YKL085W,0,-1.9369125,0.09267006069421768,1.0,0.9995992183685303
YDL174C,YNL256W,0,-1.9922547,0.09266163408756256,1.0,0.9996994137763977
YMR291W,YJL155C,0,-2.0484574,0.09265320748090744,1.0,0.9997996091842651
YDR375C,YNR046W,0,-2.133474,0.09264478832483292,1.0,0.9998998045921326
YML100W,YGL250W,0,-2.189578,0.0926363617181778,1.0,1.0
