Gene A,Gene B,Label,Score,Precision,Recall,False Positive Rate
YLL001W,YJR090C,0,-0.34022978,0.0,0.0,0.00011614401591941714
YLR324W,YGL023C,0,-0.36141455,0.0,0.0,0.00023228803183883429
YPL183C,YNL315C,0,-0.3659099,0.0,0.0,0.00034843204775825143
YML010W,YDR294C,0,-0.37765762,0.0,0.0,0.00046457606367766857
YDR206W,YMR150C,0,-0.37840855,0.0,0.0,0.0005807200795970857
YMR047C,YFR030W,0,-0.3805887,0.0,0.0,0.0006968640955165029
YKR080W,YGR080W,0,-0.38644412,0.0,0.0,0.00081300811143592
YOR118W,YMR152W,0,-0.38786906,0.0,0.0,0.0009291521273553371
YER027C,YBL016W,1,-0.40174395,0.1111111119389534,0.0011614401591941714,0.0009291521273553371
YGL045W,YNL197C,1,-0.4075153,0.20000000298023224,0.002322880318388343,0.0009291521273553371
YGR078C,YDL137W,0,-0.40924725,0.1818181872367859,0.002322880318388343,0.0010452962014824152
YMR311C,YOR043W,0,-0.4116025,0.1666666716337204,0.002322880318388343,0.0011614401591941714
YOR059C,YMR189W,0,-0.41412187,0.1538461595773697,0.002322880318388343,0.0012775842333212495
YDR147W,YKL193C,0,-0.4152834,0.1428571492433548,0.002322880318388343,0.0013937281910330057
YPL215W,YPL043W,0,-0.41564888,0.13333334028720856,0.002322880318388343,0.0015098722651600838
YDR141C,YDR045C,0,-0.41858456,0.125,0.002322880318388343,0.00162601622287184
YBL082C,YHR183W,0,-0.41977185,0.11764705926179886,0.002322880318388343,0.001742160296998918
YMR110C,YHR158C,0,-0.42037976,0.1111111119389534,0.002322880318388343,0.0018583042547106743
YNL197C,YHL007C,1,-0.42199174,0.15789473056793213,0.003484320593997836,0.0018583042547106743
YOR155C,YGR186W,0,-0.42291245,0.15000000596046448,0.003484320593997836,0.0019744483288377523
YDR043C,YHL007C,1,-0.4242884,0.190476194024086,0.004645760636776686,0.0019744483288377523
YLR134W,YBR179C,0,-0.42694512,0.1818181872367859,0.004645760636776686,0.0020905924029648304
YDL043C,YML078W,0,-0.42944342,0.17391304671764374,0.004645760636776686,0.002206736244261265
YCL001W,YMR192W,0,-0.43000767,0.1666666716337204,0.004645760636776686,0.002322880318388343
YNL294C,YBL016W,1,-0.43373787,0.20000000298023224,0.005807200912386179,0.002322880318388343
YAL005C,YJL198W,0,-0.435363,0.19230769574642181,0.005807200912386179,0.002439024392515421
YGL208W,YBL016W,1,-0.435474,0.2222222238779068,0.006968641187995672,0.002439024392515421
YKR080W,YDR007W,0,-0.4376293,0.2142857164144516,0.006968641187995672,0.002555168466642499
YJL089W,YBR083W,1,-0.43777815,0.24137930572032928,0.008130080997943878,0.002555168466642499
YLR077W,YBL042C,0,-0.43998268,0.23333333432674408,0.008130080997943878,0.002671312540769577
YER094C,YDR165W,0,-0.4400855,0.22580644488334656,0.008130080997943878,0.0027874563820660114
YJL100W,YPR075C,0,-0.44014528,0.21875,0.008130080997943878,0.0029036004561930895
YLR051C,YLR118C,0,-0.44164053,0.21212121844291687,0.008130080997943878,0.0030197445303201675
YOL041C,YGR284C,0,-0.441782,0.20588235557079315,0.008130080997943878,0.0031358886044472456
YDR480W,YGL121C,1,-0.44285005,0.22857142984867096,0.009291521273553371,0.0031358886044472456
YCL029C,YLR371W,0,-0.44558403,0.2222222238779068,0.009291521273553371,0.00325203244574368
YHR196W,YOR396W,0,-0.44575003,0.21621622145175934,0.009291521273553371,0.003368176519870758
YGL045W,YOL116W,1,-0.44753098,0.2368421107530594,0.010452961549162865,0.003368176519870758
YGL139W,YDR268W,0,-0.44786426,0.23076923191547394,0.010452961549162865,0.003484320593997836
YCL035C,YOL140W,0,-0.4485811,0.22499999403953552,0.010452961549162865,0.003600464668124914
YLR284C,YOL021C,0,-0.44887823,0.2195121943950653,0.010452961549162865,0.0037166085094213486
YJR068W,YNL268W,0,-0.4492684,0.2142857164144516,0.010452961549162865,0.0038327525835484266
YMR004W,YKL028W,0,-0.44947672,0.20930232107639313,0.010452961549162865,0.003948896657675505
YBR227C,YGL196W,0,-0.45017517,0.20454545319080353,0.010452961549162865,0.004065040498971939
YMR092C,YNL152W,0,-0.4506632,0.20000000298023224,0.010452961549162865,0.004181184805929661
YER114C,YHL004W,0,-0.45210683,0.19565217196941376,0.010452961549162865,0.004297328647226095
YGL035C,YBR199W,0,-0.45274916,0.19148936867713928,0.010452961549162865,0.00441347248852253
YGL045W,YBL016W,1,-0.4532471,0.2083333283662796,0.011614401824772358,0.00441347248852253
YLR051C,YOR396W,0,-0.45329437,0.20408163964748383,0.011614401824772358,0.004529616795480251
YMR035W,YDR184C,0,-0.45363617,0.20000000298023224,0.011614401824772358,0.004645760636776686
YOR127W,YDR043C,1,-0.45409292,0.21568627655506134,0.012775842100381851,0.004645760636776686
YOR178C,YDL122W,0,-0.45413712,0.21153846383094788,0.012775842100381851,0.004761904943734407
YER141W,YNL087W,0,-0.45457378,0.2075471729040146,0.012775842100381851,0.004878048785030842
YDR103W,YPL049C,1,-0.45486346,0.2222222238779068,0.013937282375991344,0.004878048785030842
YDR440W,YMR150C,0,-0.45541427,0.2181818187236786,0.013937282375991344,0.004994192626327276
YLR037C,YDL207W,0,-0.4555086,0.2142857164144516,0.013937282375991344,0.005110336933284998
YER072W,YGL137W,0,-0.45608246,0.21052631735801697,0.013937282375991344,0.005226480774581432
YNL294C,YGL045W,1,-0.45608628,0.22413793206214905,0.015098722651600838,0.005226480774581432
YMR318C,YER118C,0,-0.4563041,0.22033898532390594,0.015098722651600838,0.005342625081539154
YKL058W,YGR211W,0,-0.45829263,0.21666666865348816,0.015098722651600838,0.0054587689228355885
YPL049C,YOL116W,1,-0.4599291,0.2295081913471222,0.016260161995887756,0.0054587689228355885
YPL049C,YOR371C,1,-0.4600167,0.24193547666072845,0.017421603202819824,0.0054587689228355885
YLR067C,YER086W,0,-0.46043003,0.2380952388048172,0.017421603202819824,0.005574912764132023
YJL212C,YOR043W,0,-0.46075743,0.234375,0.017421603202819824,0.005691057071089745
YOR158W,YHR081W,0,-0.46090484,0.23076923191547394,0.017421603202819824,0.005807200912386179
YNL294C,YPL115C,1,-0.46157676,0.24242424964904785,0.018583042547106743,0.005807200912386179
YDR406W,YOR171C,0,-0.46195573,0.23880596458911896,0.018583042547106743,0.005923344753682613
YOR171C,YDR096W,0,-0.4619954,0.23529411852359772,0.018583042547106743,0.006039489060640335
YHR111W,YNL197C,1,-0.46373802,0.24637681245803833,0.01974448375403881,0.006039489060640335
YER004W,YER167W,0,-0.46403086,0.24285714328289032,0.01974448375403881,0.0061556329019367695
YDR345C,YLR193C,0,-0.46404147,0.23943662643432617,0.01974448375403881,0.006271777208894491
YKL091C,YGL078C,0,-0.46410978,0.2361111044883728,0.01974448375403881,0.006387921050190926
YLR192C,YKL196C,0,-0.4661109,0.232876718044281,0.01974448375403881,0.00650406489148736
YBR166C,YKL039W,0,-0.46707833,0.22972972691059113,0.01974448375403881,0.006620209198445082
YBR079C,YKL192C,0,-0.46740478,0.2266666740179062,0.01974448375403881,0.006736353039741516
YKL176C,YBL071W-A,0,-0.4678243,0.22368420660495758,0.01974448375403881,0.0068524968810379505
YER028C,YDR330W,0,-0.4680434,0.22077922523021698,0.01974448375403881,0.006968641187995672
YDR019C,YDL019C,0,-0.46804687,0.21794871985912323,0.01974448375403881,0.007084785029292107
YNL308C,YBR302C,0,-0.46874207,0.2151898741722107,0.01974448375403881,0.007200929336249828
YGL045W,YGL208W,1,-0.46883392,0.22499999403953552,0.02090592309832573,0.007200929336249828
YMR314W,YOR303W,0,-0.46944383,0.2222222238779068,0.02090592309832573,0.007317073177546263
YCR035C,YLR439W,0,-0.46995685,0.2195121943950653,0.02090592309832573,0.007433217018842697
YDR297W,YGR044C,0,-0.47030365,0.21686747670173645,0.02090592309832573,0.007549361325800419
YKL150W,YOR130C,0,-0.47319108,0.2142857164144516,0.02090592309832573,0.007665505167096853
YOR128C,YNR055C,0,-0.4732437,0.21176470816135406,0.02090592309832573,0.007781649474054575
YJL076W,YDR007W,0,-0.4738621,0.20930232107639313,0.02090592309832573,0.00789779331535101
YOR233W,YOR117W,0,-0.4741565,0.2068965584039688,0.02090592309832573,0.008013937622308731
YKL026C,YBR203W,0,-0.47447774,0.20454545319080353,0.02090592309832573,0.008130080997943878
YJR161C,YGR262C,0,-0.47449762,0.20224718749523163,0.02090592309832573,0.0082462253049016
YLR229C,YOR127W,1,-0.47501716,0.21111111342906952,0.022067364305257797,0.0082462253049016
YMR131C,YDL137W,0,-0.47505006,0.20879121124744415,0.022067364305257797,0.008362369611859322
YNL243W,YAR008W,0,-0.47516865,0.20652173459529877,0.022067364305257797,0.008478512987494469
YPR103W,YDR299W,0,-0.47637665,0.20430107414722443,0.022067364305257797,0.00859465729445219
YJR017C,YKL060C,0,-0.47656,0.20212766528129578,0.022067364305257797,0.008710801601409912
YLR451W,YMR271C,0,-0.4774744,0.20000000298023224,0.022067364305257797,0.00882694497704506
YOR151C,YNL030W,0,-0.4777145,0.1979166716337204,0.022067364305257797,0.008943089284002781
YNL197C,YDR043C,1,-0.47822317,0.20618556439876556,0.023228803649544716,0.008943089284002781
YGL045W,YAL056W,1,-0.47864503,0.2142857164144516,0.024390242993831635,0.008943089284002781
YBL016W,YDR043C,1,-0.47900653,0.2222222238779068,0.025551684200763702,0.008943089284002781
YKL091C,YDR412W,0,-0.47913206,0.2199999988079071,0.025551684200763702,0.009059233590960503
YIL105C,YDR408C,0,-0.47992045,0.21782177686691284,0.025551684200763702,0.009175377897918224
YER072W,YDR168W,0,-0.48075265,0.21568627655506134,0.025551684200763702,0.009291521273553371
YBL018C,YLR238W,0,-0.48085606,0.21359223127365112,0.025551684200763702,0.009407665580511093
YJL101C,YMR071C,0,-0.48113275,0.21153846383094788,0.025551684200763702,0.009523809887468815
YPR151C,YDL005C,0,-0.48133597,0.20952381193637848,0.025551684200763702,0.009639953263103962
YOR043W,YCL038C,0,-0.48164207,0.2075471729040146,0.025551684200763702,0.009756097570061684
YKR080W,YJL001W,0,-0.48175168,0.20560747385025024,0.025551684200763702,0.009872241877019405
YGL045W,YBR083W,1,-0.48178804,0.21296297013759613,0.02671312354505062,0.009872241877019405
YPL203W,YGL045W,1,-0.48217046,0.22018349170684814,0.02787456475198269,0.009872241877019405
YLL018C,YIL041W,0,-0.4825279,0.2181818187236786,0.02787456475198269,0.009988385252654552
YLR284C,YPL177C,0,-0.48269776,0.21621622145175934,0.02787456475198269,0.010104529559612274
YBL075C,YML065W,0,-0.48287994,0.2142857164144516,0.02787456475198269,0.010220673866569996
YCL040W,YDR317W,0,-0.4834574,0.21238937973976135,0.02787456475198269,0.010336817242205143
YDR268W,YPL195W,0,-0.4845173,0.21052631735801697,0.02787456475198269,0.010452961549162865
YKR080W,YLR266C,0,-0.48477066,0.208695650100708,0.02787456475198269,0.010569105856120586
YBR082C,YGR253C,0,-0.48529565,0.2068965584039688,0.02787456475198269,0.010685250163078308
YOL001W,YKL150W,0,-0.4858129,0.20512820780277252,0.02787456475198269,0.010801393538713455
YER100W,YOR396W,0,-0.48581693,0.20338982343673706,0.02787456475198269,0.010917537845671177
YHR161C,YIL103W,0,-0.4861312,0.20168067514896393,0.02787456475198269,0.011033682152628899
YBL016W,YGR040W,1,-0.48646453,0.2083333283662796,0.029036004096269608,0.011033682152628899
YGL227W,YOR030W,0,-0.48741663,0.20661157369613647,0.029036004096269608,0.011149825528264046
YLR229C,YDR043C,1,-0.48768055,0.21311475336551666,0.030197445303201675,0.011149825528264046
YPL049C,YDR043C,1,-0.487742,0.2195121943950653,0.03135888651013374,0.011149825528264046
YKR080W,YDR422C,0,-0.48873484,0.2177419364452362,0.03135888651013374,0.011265969835221767
YNR036C,YJL177W,0,-0.4894543,0.2160000056028366,0.03135888651013374,0.01138211414217949
YML055W,YJR125C,0,-0.48950607,0.2142857164144516,0.03135888651013374,0.011498257517814636
YNL145W,YLR189C,0,-0.48967022,0.21259842813014984,0.03135888651013374,0.011614401824772358
YPL283C,YEL038W,0,-0.48974532,0.2109375,0.03135888651013374,0.01173054613173008
YPL026C,YGR191W,0,-0.48986927,0.20930232107639313,0.03135888651013374,0.011846689507365227
YKL026C,YEL042W,0,-0.49000153,0.20769231021404266,0.03135888651013374,0.011962833814322948
YIL137C,YLR287C-A,0,-0.49069795,0.20610687136650085,0.03135888651013374,0.01207897812128067
YGR178C,YNL162W,0,-0.49078378,0.20454545319080353,0.03135888651013374,0.012195121496915817
YPL049C,YBR083W,1,-0.4908175,0.21052631735801697,0.03252032399177551,0.012195121496915817
YKR058W,YLR117C,0,-0.49086156,0.20895522832870483,0.03252032399177551,0.012311265803873539
YHR072W-A,YNL268W,0,-0.49156994,0.2074074000120163,0.03252032399177551,0.01242741011083126
YPL203W,YOR371C,1,-0.4924158,0.2132352888584137,0.03368176519870758,0.01242741011083126
YOL116W,YBL016W,1,-0.49288088,0.21897810697555542,0.03484320640563965,0.01242741011083126
YER054C,YDR079C-A,0,-0.49324512,0.21739129722118378,0.03484320640563965,0.012543554417788982
YIL156W,YOR128C,0,-0.49337173,0.2158273309469223,0.03484320640563965,0.01265969779342413
YML064C,YMR266W,0,-0.49338502,0.2142857164144516,0.03484320640563965,0.012775842100381851
YOR262W,YOR173W,0,-0.4935165,0.21276596188545227,0.03484320640563965,0.012891986407339573
YOL005C,YDL101C,0,-0.49379787,0.2112676054239273,0.03484320640563965,0.01300812978297472
YPL059W,YDR037W,0,-0.4943784,0.2097902148962021,0.03484320640563965,0.013124274089932442
YCL035C,YOR307C,0,-0.49454194,0.2083333283662796,0.03484320640563965,0.013240418396890163
YBR188C,YJR046W,0,-0.4954126,0.2068965584039688,0.03484320640563965,0.01335656177252531
YOR322C,YNL166C,0,-0.49547762,0.2054794579744339,0.03484320640563965,0.013472706079483032
YJL159W,YOR369C,0,-0.49555564,0.20408163964748383,0.03484320640563965,0.013588850386440754
YLR216C,YPL195W,0,-0.4973348,0.20270270109176636,0.03484320640563965,0.013704993762075901
YHR019C,YOR396W,0,-0.4977058,0.20134228467941284,0.03484320640563965,0.013821138069033623
YOR065W,YDR176W,0,-0.49800056,0.20000000298023224,0.03484320640563965,0.013937282375991344
YDR354W,YBL056W,0,-0.4981526,0.1986754983663559,0.03484320640563965,0.014053426682949066
YMR266W,YGL087C,0,-0.49850556,0.19736842811107635,0.03484320640563965,0.014169570058584213
YLR362W,YBR083W,1,-0.49859774,0.20261438190937042,0.036004647612571716,0.014169570058584213
YER026C,YOR182C,0,-0.49863762,0.20129869878292084,0.036004647612571716,0.014285714365541935
YOR080W,YOL116W,1,-0.49876255,0.20645160973072052,0.037166085094213486,0.014285714365541935
YLR144C,YHR115C,0,-0.49881724,0.20512820780277252,0.037166085094213486,0.014401858672499657
YDL072C,YDR073W,0,-0.4992761,0.20382165908813477,0.037166085094213486,0.014518002048134804
YKR100C,YNL054W,0,-0.49991047,0.20253165066242218,0.037166085094213486,0.014634146355092525
YCR039C,YLR117C,0,-0.49995804,0.2012578547000885,0.037166085094213486,0.014750290662050247
YDR342C,YLR048W,0,-0.5008942,0.20000000298023224,0.037166085094213486,0.014866434037685394
YPR161C,YGL229C,0,-0.5011785,0.19875776767730713,0.037166085094213486,0.014982578344643116
YJL096W,YPL239W,0,-0.50126743,0.1975308656692505,0.037166085094213486,0.015098722651600838
YJR144W,YGL195W,0,-0.50131416,0.19631901383399963,0.037166085094213486,0.015214866027235985
YDR182W,YOR078W,0,-0.5013315,0.19512194395065308,0.037166085094213486,0.015331010334193707
YOR175C,YML063W,0,-0.50155854,0.19393938779830933,0.037166085094213486,0.015447154641151428
YEL027W,YDL165W,0,-0.50158364,0.1927710771560669,0.037166085094213486,0.01556329894810915
YHR147C,YJL136C,0,-0.5018101,0.19161677360534668,0.037166085094213486,0.01567944325506687
YCR039C,YGL205W,0,-0.5031108,0.190476194024086,0.037166085094213486,0.01579558663070202
YIL136W,YOR118W,0,-0.5037338,0.18934911489486694,0.037166085094213486,0.015911730006337166
YAL042W,YOR396W,0,-0.50373805,0.1882352977991104,0.037166085094213486,0.016027875244617462
YLR362W,YPL049C,1,-0.5043888,0.19298245012760162,0.038327526301145554,0.016027875244617462
YER045C,YMR098C,0,-0.5056993,0.19186046719551086,0.038327526301145554,0.01614401862025261
YOR260W,YNL321W,0,-0.5059787,0.19075144827365875,0.038327526301145554,0.016260161995887756
YOR354C,YOR217W,0,-0.50620025,0.18965516984462738,0.038327526301145554,0.016376307234168053
YHR205W,YER014W,0,-0.50724006,0.18857142329216003,0.038327526301145554,0.0164924506098032
YDL168W,YIL031W,0,-0.50726783,0.1875,0.038327526301145554,0.016608593985438347
YHR111W,YHL007C,1,-0.5075751,0.19209039211273193,0.03948896750807762,0.016608593985438347
YPL215W,YER086W,0,-0.5077071,0.1910112351179123,0.03948896750807762,0.016724739223718643
YDR480W,YBL016W,1,-0.50848514,0.1955307275056839,0.04065040498971939,0.016724739223718643
YLR115W,YLR410W,0,-0.5086714,0.1944444477558136,0.04065040498971939,0.01684088259935379
YDL113C,YDR019C,0,-0.5087207,0.19337016344070435,0.04065040498971939,0.016957025974988937
YPL249C-A,YLR304C,0,-0.50937515,0.19230769574642181,0.04065040498971939,0.017073171213269234
YOR143C,YOL008W,0,-0.50956583,0.1912568360567093,0.04065040498971939,0.01718931458890438
YGL178W,YNL055C,0,-0.50974494,0.19021739065647125,0.04065040498971939,0.017305457964539528
YJR139C,YDL166C,0,-0.50980514,0.18918919563293457,0.04065040498971939,0.017421603202819824
YPL049C,YHR084W,1,-0.50986844,0.19354838132858276,0.04181184619665146,0.017421603202819824
YDR388W,YOR001W,0,-0.51037085,0.1925133615732193,0.04181184619665146,0.01753774657845497
YLR110C,YDR331W,0,-0.5105418,0.19148936867713928,0.04181184619665146,0.01765388995409012
YDR343C,YGR202C,0,-0.51283157,0.190476194024086,0.04181184619665146,0.017770035192370415
YJR064W,YDR046C,0,-0.5131924,0.1894736886024475,0.04181184619665146,0.017886178568005562
YDR480W,YDR043C,1,-0.513538,0.19371727108955383,0.04297328740358353,0.017886178568005562
YPL225W,YJR093C,0,-0.51355016,0.1927083283662796,0.04297328740358353,0.018002323806285858
YPR100W,YBR048W,0,-0.5137157,0.19170984625816345,0.04297328740358353,0.018118467181921005
YOL016C,YJL042W,0,-0.5148164,0.19072164595127106,0.04297328740358353,0.018234610557556152
YGR212W,YOR044W,0,-0.5153431,0.18974359333515167,0.04297328740358353,0.01835075579583645
YOR361C,YHL035C,0,-0.5153459,0.18877550959587097,0.04297328740358353,0.018466899171471596
YIL137C,YPL224C,0,-0.5153497,0.1878172606229782,0.04297328740358353,0.018583042547106743
YOR058C,YPR151C,0,-0.5158651,0.18686868250370026,0.04297328740358353,0.01869918778538704
YER176W,YOR125C,0,-0.5159073,0.18592964112758636,0.04297328740358353,0.018815331161022186
YER081W,YNR001C,0,-0.51598054,0.1850000023841858,0.04297328740358353,0.018931474536657333
YML078W,YGR014W,0,-0.5165113,0.1840796023607254,0.04297328740358353,0.01904761977493763
YNR039C,YMR262W,0,-0.5165539,0.18316832184791565,0.04297328740358353,0.019163763150572777
YMR242C,YPR166C,0,-0.51732326,0.1822660118341446,0.04297328740358353,0.019279906526207924
YGL084C,YKL081W,0,-0.5176298,0.18137255311012268,0.04297328740358353,0.01939605176448822
YOR337W,YJR010C-A,0,-0.51767987,0.18048781156539917,0.04297328740358353,0.019512195140123367
YJL157C,YNL315C,0,-0.5178205,0.17961165308952332,0.04297328740358353,0.019628338515758514
YDR033W,YPR131C,0,-0.51787555,0.17874395847320557,0.04297328740358353,0.01974448375403881
YLR134W,YOL148C,0,-0.5178884,0.17788460850715637,0.04297328740358353,0.019860627129673958
YDR175C,YIL103W,0,-0.5194384,0.17703349888324738,0.04297328740358353,0.019976770505309105
YDL222C,YDR147W,0,-0.5194823,0.17619048058986664,0.04297328740358353,0.0200929157435894
YLR240W,YBR049C,0,-0.5195531,0.1753554493188858,0.04297328740358353,0.02020905911922455
YFR025C,YHR142W,0,-0.5199642,0.1745283007621765,0.04297328740358353,0.020325202494859695
YOR079C,YMR237W,0,-0.52081275,0.17370891571044922,0.04297328740358353,0.020441347733139992
YKL077W,YKL063C,0,-0.52101004,0.17289718985557556,0.04297328740358353,0.02055749110877514
YDL110C,YDR485C,0,-0.52102417,0.17209301888942719,0.04297328740358353,0.020673634484410286
YFL009W,YOR136W,0,-0.52156323,0.17129629850387573,0.04297328740358353,0.020789779722690582
YDR040C,YBL071W-A,0,-0.52210706,0.17050690948963165,0.04297328740358353,0.02090592309832573
YDR100W,YCR009C,0,-0.5231303,0.16972477734088898,0.04297328740358353,0.021022066473960876
YOR262W,YPR140W,0,-0.5231864,0.16894976794719696,0.04297328740358353,0.021138211712241173
YPL203W,YBL016W,1,-0.5232613,0.17272727191448212,0.044134728610515594,0.021138211712241173
YDL229W,YLR439W,0,-0.52329135,0.1719457060098648,0.044134728610515594,0.02125435508787632
YBR082C,YDR039C,0,-0.5235159,0.171171173453331,0.044134728610515594,0.021370500326156616
YOR330C,YLL039C,0,-0.5238067,0.1704035848379135,0.044134728610515594,0.021486643701791763
YAL023C,YJR065C,0,-0.5238575,0.1696428507566452,0.044134728610515594,0.02160278707742691
YLL018C,YBR110W,0,-0.5241849,0.1688888818025589,0.044134728610515594,0.021718932315707207
YOR336W,YER122C,0,-0.52426296,0.16814158856868744,0.044134728610515594,0.021835075691342354
YGR106C,YGR062C,0,-0.52452356,0.16740088164806366,0.044134728610515594,0.0219512190669775
YOR043W,YBR280C,0,-0.524589,0.1666666716337204,0.044134728610515594,0.022067364305257797
YOR120W,YCR073C,0,-0.52466214,0.1659388691186905,0.044134728610515594,0.022183507680892944
YLR229C,YHR084W,1,-0.5247319,0.16956521570682526,0.045296166092157364,0.022183507680892944
YGL043W,YGL067W,0,-0.5249044,0.16883116960525513,0.045296166092157364,0.02229965105652809
YBR236C,YOR383C,0,-0.52502406,0.1681034415960312,0.045296166092157364,0.022415796294808388
YHR091C,YPR036W,0,-0.52516514,0.16738197207450867,0.045296166092157364,0.022531939670443535
YDR456W,YNL199C,0,-0.5252668,0.1666666716337204,0.045296166092157364,0.022648083046078682
YGL151W,YNL093W,0,-0.52559227,0.16595745086669922,0.045296166092157364,0.02276422828435898
YGL045W,YOR127W,1,-0.5257828,0.16949152946472168,0.04645760729908943,0.02276422828435898
YGL045W,YDL159W,1,-0.52658737,0.17299577593803406,0.0476190485060215,0.02276422828435898
YOR396W,YER021W,0,-0.52666235,0.17226891219615936,0.0476190485060215,0.022880371659994125
YDR379W,YBR083W,1,-0.52673495,0.17573221027851105,0.04878048598766327,0.022880371659994125
YLR090W,YNL063W,0,-0.5268761,0.17499999701976776,0.04878048598766327,0.022996515035629272
YLL001W,YHR005C,0,-0.527195,0.17427386343479156,0.04878048598766327,0.02311266027390957
YPR058W,YPL053C,0,-0.5274304,0.1735537201166153,0.04878048598766327,0.023228803649544716
YDR422C,YPL149W,0,-0.5276352,0.17283950746059418,0.04878048598766327,0.023344947025179863
YHL036W,YKR030W,0,-0.52827555,0.17213115096092224,0.04878048598766327,0.02346109226346016
YOL064C,YOR132W,0,-0.52860177,0.17142857611179352,0.04878048598766327,0.023577235639095306
YLR399C,YIL124W,0,-0.52874744,0.17073170840740204,0.04878048598766327,0.023693379014730453
YDR328C,YMR260C,0,-0.5289414,0.17004048824310303,0.04878048598766327,0.02380952425301075
YML008C,YIL145C,0,-0.5289809,0.16935484111309052,0.04878048598766327,0.023925667628645897
YJR161C,YDR119W,0,-0.52900904,0.16867469251155853,0.04878048598766327,0.024041811004281044
YKR093W,YHR133C,0,-0.5291278,0.1679999977350235,0.04878048598766327,0.02415795624256134
YPL048W,YLR238W,0,-0.52946126,0.16733068227767944,0.04878048598766327,0.024274099618196487
YJR044C,YBR004C,0,-0.52974415,0.1666666716337204,0.04878048598766327,0.024390242993831635
YGR074W,YBR149W,0,-0.5302826,0.1660079061985016,0.04878048598766327,0.02450638823211193
YMR059W,YPL177C,0,-0.5303144,0.16535432636737823,0.04878048598766327,0.024622531607747078
YGR247W,YMR014W,0,-0.5303284,0.16470588743686676,0.04878048598766327,0.024738676846027374
YPL234C,YDL226C,0,-0.5306803,0.1640625,0.04878048598766327,0.02485482022166252
YOL072W,YJL057C,0,-0.5307804,0.16342411935329437,0.04878048598766327,0.02497096359729767
YPL203W,YOR080W,1,-0.531574,0.1666666716337204,0.04994192719459534,0.02497096359729767
YHR143W-A,YEL039C,0,-0.53195715,0.1660231649875641,0.04994192719459534,0.025087108835577965
YDR091C,YBR216C,0,-0.53199965,0.16538462042808533,0.04994192719459534,0.025203252211213112
YDL207W,YGR240C,0,-0.5326635,0.16475096344947815,0.04994192719459534,0.02531939558684826
YER048W-A,YDR158W,0,-0.532682,0.16412213444709778,0.04994192719459534,0.025435540825128555
YOR396W,YBR036C,0,-0.53303385,0.16349810361862183,0.04994192719459534,0.025551684200763702
YPL138C,YLR363C,0,-0.53353894,0.16287878155708313,0.04994192719459534,0.02566782757639885
YNL240C,YDR028C,0,-0.53370655,0.1622641533613205,0.04994192719459534,0.025783972814679146
YJL123C,YNL118C,0,-0.5337699,0.16165412962436676,0.04994192719459534,0.025900116190314293
YML093W,YMR192W,0,-0.5338776,0.16104869544506073,0.04994192719459534,0.02601625956594944
YER027C,YOL116W,1,-0.5344509,0.16417910158634186,0.051103368401527405,0.02601625956594944
YNL294C,YBR083W,1,-0.5344813,0.1672862470149994,0.05226480960845947,0.02601625956594944
YCR071C,YEL048C,0,-0.53450596,0.1666666716337204,0.05226480960845947,0.026132404804229736
YER124C,YBR014C,0,-0.53466356,0.16605165600776672,0.05226480960845947,0.026248548179864883
YBR301W,YIL124W,0,-0.53468066,0.16544117033481598,0.05226480960845947,0.02636469155550003
YNL294C,YNL197C,1,-0.535693,0.1684981733560562,0.05342624709010124,0.02636469155550003
YIL013C,YML093W,0,-0.5364642,0.16788321733474731,0.05342624709010124,0.026480836793780327
YJL184W,YKL059C,0,-0.5364938,0.16727273166179657,0.05342624709010124,0.026596980169415474
YCR039C,YPL091W,0,-0.536729,0.1666666716337204,0.05342624709010124,0.02671312354505062
YOR044W,YNL206C,0,-0.5367404,0.16606497764587402,0.05342624709010124,0.026829268783330917
YDR190C,YAL051W,0,-0.5368092,0.16546761989593506,0.05342624709010124,0.026945412158966064
YBR126C,YLR328W,0,-0.537042,0.16487455368041992,0.05342624709010124,0.02706155553460121
YNL149C,YNL030W,0,-0.537089,0.16428571939468384,0.05342624709010124,0.027177700772881508
YHR108W,YML081C-A,0,-0.5373603,0.16370107233524323,0.05342624709010124,0.027293844148516655
YPL156C,YKL048C,0,-0.5374048,0.1631205677986145,0.05342624709010124,0.027409987524151802
YDR376W,YMR177W,0,-0.5375977,0.16254417598247528,0.05342624709010124,0.0275261327624321
YBR171W,YLL062C,0,-0.53765553,0.1619718372821808,0.05342624709010124,0.027642276138067245
YOL072W,YKL028W,0,-0.5379519,0.16140350699424744,0.05342624709010124,0.027758419513702393
YKL006W,YLR467W,0,-0.5379985,0.16083915531635284,0.05342624709010124,0.02787456475198269
YDL130W,YJL180C,0,-0.53804564,0.16027875244617462,0.05342624709010124,0.027990708127617836
YMR225C,YBR121C,0,-0.5384503,0.1597222238779068,0.05342624709010124,0.028106853365898132
YCR039C,YDL181W,0,-0.5384934,0.15916955471038818,0.05342624709010124,0.02822299674153328
YNL119W,YAL056W,1,-0.5387434,0.16206896305084229,0.05458768829703331,0.02822299674153328
YAR014C,YDL193W,0,-0.5388573,0.16151203215122223,0.05458768829703331,0.028339140117168427
YKL129C,YOR262W,0,-0.5394982,0.1609589010477066,0.05458768829703331,0.028455285355448723
YDR258C,YNL023C,0,-0.5395919,0.16040955483913422,0.05458768829703331,0.02857142873108387
YLR008C,YDR036C,0,-0.53997546,0.15986394882202148,0.05458768829703331,0.028687572106719017
YCL031C,YGR212W,0,-0.5400152,0.15932203829288483,0.05458768829703331,0.028803717344999313
YDL072C,YDR239C,0,-0.54027784,0.15878377854824066,0.05458768829703331,0.02891986072063446
YML010W,YJL048C,0,-0.54036146,0.1582491546869278,0.05458768829703331,0.029036004096269608
YDR086C,YML058W,0,-0.5405474,0.15771812200546265,0.05458768829703331,0.029152149334549904
YIL158W,YPL195W,0,-0.54060495,0.15719063580036163,0.05458768829703331,0.02926829271018505
YPL115C,YDR043C,1,-0.54063874,0.1599999964237213,0.05574912950396538,0.02926829271018505
YKL096W,YDL120W,0,-0.54077363,0.15946844220161438,0.05574912950396538,0.029384436085820198
YBL045C,YER110C,0,-0.5408973,0.1589404046535492,0.05574912950396538,0.029500581324100494
YLR287C-A,YKL139W,0,-0.541271,0.15841583907604218,0.05574912950396538,0.02961672469973564
YNL317W,YDR025W,0,-0.5412726,0.15789473056793213,0.05574912950396538,0.02973286807537079
YDR160W,YDR001C,0,-0.5413722,0.15737704932689667,0.05574912950396538,0.029849013313651085
YBR213W,YDR202C,0,-0.5418516,0.1568627506494522,0.05574912950396538,0.029965156689286232
YHR104W,YJL065C,0,-0.54198265,0.15635178983211517,0.05574912950396538,0.03008130006492138
YLR362W,YGL045W,1,-0.5422458,0.15909090638160706,0.056910570710897446,0.03008130006492138
YJR125C,YML091C,0,-0.5426302,0.15857605636119843,0.056910570710897446,0.030197445303201675
YER140W,YGL181W,0,-0.54265904,0.15806451439857483,0.056910570710897446,0.030313588678836823
YLR093C,YLL024C,0,-0.5438152,0.15755626559257507,0.056910570710897446,0.03042973205447197
YIL053W,YJL159W,0,-0.5444608,0.15705128014087677,0.056910570710897446,0.030545877292752266
YER109C,YBR083W,1,-0.5448984,0.15974441170692444,0.058072008192539215,0.030545877292752266
YDR074W,YOR156C,0,-0.54503524,0.15923567116260529,0.058072008192539215,0.030662020668387413
YOL058W,YJR015W,0,-0.5451143,0.1587301641702652,0.058072008192539215,0.03077816404402256
YPL203W,YPL049C,1,-0.54538596,0.16139240562915802,0.05923344939947128,0.03077816404402256
YML012W,YKL155C,0,-0.54581535,0.16088327765464783,0.05923344939947128,0.030894309282302856
YOR077W,YOL049W,0,-0.54583967,0.1603773534297943,0.05923344939947128,0.031010452657938004
YPL283C,YCR028C-A,0,-0.5458826,0.15987460315227509,0.05923344939947128,0.0311265978962183
YOR227W,YKL028W,0,-0.5459713,0.15937499701976776,0.05923344939947128,0.031242741271853447
YFL025C,YLR238W,0,-0.5459864,0.15887850522994995,0.05923344939947128,0.03135888651013374
YLR229C,YHR073W,1,-0.54622984,0.16149067878723145,0.06039489060640335,0.03135888651013374
YNL248C,YLR459W,0,-0.54636216,0.16099071502685547,0.06039489060640335,0.03147502988576889
YIL124W,YLR249W,0,-0.5467353,0.16049382090568542,0.06039489060640335,0.03159117326140404
YGR183C,YER082C,0,-0.5468055,0.1599999964237213,0.06039489060640335,0.031707316637039185
YNL243W,YOR078W,0,-0.5468387,0.15950919687747955,0.06039489060640335,0.03182346001267433
YAR014C,YDR328C,0,-0.54693925,0.15902140736579895,0.06039489060640335,0.03193960338830948
YDR043C,YDR477W,1,-0.54703534,0.16158536076545715,0.06155632808804512,0.03193960338830948
YOR334W,YOR335C,0,-0.54723513,0.16109421849250793,0.06155632808804512,0.032055750489234924
YDR258C,YDR190C,0,-0.5475471,0.16060605645179749,0.06155632808804512,0.03217189386487007
YPL176C,YPL262W,0,-0.5475824,0.16012084484100342,0.06155632808804512,0.03228803724050522
YDR182W,YPR017C,0,-0.5476475,0.15963855385780334,0.06155632808804512,0.032404180616140366
YIL124W,YML063W,0,-0.5477631,0.15915915369987488,0.06155632808804512,0.03252032399177551
YPL152W,YPL047W,0,-0.5478933,0.15868262946605682,0.06155632808804512,0.03263646736741066
YML098W,YHL032C,0,-0.54806,0.1582089513540268,0.06155632808804512,0.032752614468336105
YOL098C,YLR286C,0,-0.5481537,0.1577380895614624,0.06155632808804512,0.03286875784397125
YLR237W,YDL115C,0,-0.5481885,0.15727002918720245,0.06155632808804512,0.0329849012196064
YBL018C,YJR066W,0,-0.5481954,0.15680474042892456,0.06155632808804512,0.03310104459524155
YIL044C,YAL030W,0,-0.54826343,0.15634217858314514,0.06155632808804512,0.033217187970876694
YMR244C-A,YMR260C,0,-0.5487181,0.1558823585510254,0.06155632808804512,0.03333333507180214
YMR052W,YKL011C,0,-0.54888654,0.15542522072792053,0.06155632808804512,0.033449478447437286
YOR396W,YPL128C,0,-0.54932237,0.15497076511383057,0.06155632808804512,0.033565621823072433
YLL018C-A,YDR464W,0,-0.54959196,0.1545189470052719,0.06155632808804512,0.03368176519870758
YHR157W,YGR048W,0,-0.5497308,0.15406976640224457,0.06155632808804512,0.03379790857434273
YOR348C,YKL048C,0,-0.5498161,0.15362319350242615,0.06155632808804512,0.033914051949977875
YHR094C,YDR462W,0,-0.5498991,0.15317918360233307,0.06155632808804512,0.03403019905090332
YDL007W,YNR033W,0,-0.55002415,0.15273775160312653,0.06155632808804512,0.03414634242653847
YGR132C,YLR143W,0,-0.550397,0.15229885280132294,0.06155632808804512,0.034262485802173615
YOR131C,YLL048C,0,-0.55083615,0.15186245739459991,0.06155632808804512,0.03437862917780876
YLR426W,YBR139W,0,-0.5512457,0.15142856538295746,0.06155632808804512,0.03449477255344391
YOR131C,YML124C,0,-0.5514945,0.15099714696407318,0.06155632808804512,0.034610915929079056
YHR112C,YHL026C,0,-0.55163026,0.1505681872367859,0.06155632808804512,0.0347270630300045
YDR299W,YGR209C,0,-0.5520411,0.150141641497612,0.06155632808804512,0.03484320640563965
YIL008W,YNL197C,1,-0.5522997,0.1525423675775528,0.06271777302026749,0.03484320640563965
YFR024C-A,YKL029C,0,-0.552436,0.152112677693367,0.06271777302026749,0.034959349781274796
YOR357C,YBR079C,0,-0.55251694,0.15168538689613342,0.06271777302026749,0.03507549315690994
YDR043C,YOR371C,1,-0.5526737,0.15406163036823273,0.06387920677661896,0.03507549315690994
YDR168W,YOR335C,0,-0.55291456,0.1536312848329544,0.06387920677661896,0.03519163653254509
YHR111W,YPL049C,1,-0.55338097,0.15598885715007782,0.06504064798355103,0.03519163653254509
YKL176C,YEL015W,0,-0.5533828,0.15555556118488312,0.06504064798355103,0.03530777990818024
YDR408C,YDL101C,0,-0.5541078,0.15512464940547943,0.06504064798355103,0.03542392700910568
YNL002C,YDR268W,0,-0.5542003,0.15469613671302795,0.06504064798355103,0.03554007038474083
YMR198W,YOR205C,0,-0.554263,0.1542699784040451,0.06504064798355103,0.03565621376037598
YKL016C,YGR148C,0,-0.5543835,0.1538461595773697,0.06504064798355103,0.035772357136011124
YMR312W,YJL096W,0,-0.5548565,0.15342465043067932,0.06504064798355103,0.03588850051164627
YOL100W,YNL286W,0,-0.5548609,0.1530054658651352,0.06504064798355103,0.036004647612571716
YJL177W,YNL015W,0,-0.5549291,0.15258856117725372,0.06504064798355103,0.03612079098820686
YNL128W,YLR258W,0,-0.5551526,0.15217390656471252,0.06504064798355103,0.03623693436384201
YJR077C,YHR009C,0,-0.55526006,0.1517615169286728,0.06504064798355103,0.03635307773947716
YAL005C,YNL181W,0,-0.55528104,0.15135134756565094,0.06504064798355103,0.036469221115112305
YDR343C,YPR145W,0,-0.555302,0.15094339847564697,0.06504064798355103,0.03658536449074745
YGR026W,YDR033W,0,-0.5557232,0.1505376398563385,0.06504064798355103,0.0367015115916729
YOR211C,YPR042C,0,-0.5557997,0.15013404190540314,0.06504064798355103,0.036817654967308044
YGL121C,YBR083W,1,-0.55589676,0.15240642428398132,0.0662020891904831,0.036817654967308044
YGR244C,YFR034C,0,-0.55631757,0.15199999511241913,0.0662020891904831,0.03693379834294319
YDR077W,YJR046W,0,-0.5563581,0.15159574151039124,0.0662020891904831,0.03704994171857834
YOR193W,YOR124C,0,-0.5566822,0.15119363367557526,0.0662020891904831,0.037166085094213486
YLR408C,YOR303W,0,-0.55669737,0.15079365670681,0.0662020891904831,0.03728222846984863
YOR150W,YGL171W,0,-0.5568911,0.15039578080177307,0.0662020891904831,0.03739837557077408
YOL039W,YDL161W,0,-0.5569633,0.15000000596046448,0.0662020891904831,0.037514518946409225
YBR101C,YMR313C,0,-0.5573008,0.14960630238056183,0.0662020891904831,0.03763066232204437
YCR071C,YMR307W,0,-0.5575291,0.14921465516090393,0.0662020891904831,0.03774680569767952
YGL147C,YBR208C,0,-0.5576439,0.14882506430149078,0.0662020891904831,0.03786294907331467
YER062C,YLR277C,0,-0.5576992,0.1484375,0.0662020891904831,0.037979092448949814
YNL245C,YLL039C,0,-0.55779475,0.14805194735527039,0.0662020891904831,0.03809523954987526
YPR079W,YLR411W,0,-0.5583115,0.14766839146614075,0.0662020891904831,0.038211382925510406
YCL019W,YPR124W,0,-0.5585109,0.1472868174314499,0.0662020891904831,0.038327526301145554
YDR198C,YLR466W,0,-0.55874276,0.14690721035003662,0.0662020891904831,0.0384436696767807
YHR023W,YDL132W,0,-0.5588778,0.14652957022190094,0.0662020891904831,0.03855981305241585
YHR196W,YOR290C,0,-0.5592623,0.14615385234355927,0.0662020891904831,0.038675956428050995
YAL042W,YBR268W,0,-0.55954087,0.1457800567150116,0.0662020891904831,0.03879210352897644
YKL096W,YNL308C,0,-0.55982804,0.14540816843509674,0.0662020891904831,0.03890824690461159
YGL133W,YDL134C,0,-0.55996037,0.1450381726026535,0.0662020891904831,0.039024390280246735
YGL227W,YAR042W,0,-0.5602015,0.1446700543165207,0.0662020891904831,0.03914053365588188
YML085C,YER074W-A,0,-0.5602481,0.1443037986755371,0.0662020891904831,0.03925667703151703
YPL195W,YIL005W,0,-0.56036127,0.14393939077854156,0.0662020891904831,0.039372824132442474
YDR103W,YOR080W,1,-0.5603719,0.14609572291374207,0.06736353039741516,0.039372824132442474
YDR129C,YKL212W,0,-0.56045926,0.14572864770889282,0.06736353039741516,0.03948896750807762
YPR192W,YDR217C,0,-0.5606643,0.14536340534687042,0.06736353039741516,0.03960511088371277
YGR178C,YDL049C,0,-0.56088424,0.14499999582767487,0.06736353039741516,0.039721254259347916
YER159C,YOL121C,0,-0.5609193,0.14463840425014496,0.06736353039741516,0.03983739763498306
YOL072W,YOL084W,0,-0.5610608,0.1442786008119583,0.06736353039741516,0.03995354101061821
YLR362W,YNL197C,1,-0.561071,0.14640198647975922,0.06852497160434723,0.03995354101061821
YAL041W,YOR127W,1,-0.5614351,0.14851485192775726,0.0696864128112793,0.03995354101061821
YHR111W,YOR080W,1,-0.5615159,0.15061728656291962,0.07084785401821136,0.03995354101061821
YMR166C,YPL217C,0,-0.561518,0.15024630725383759,0.07084785401821136,0.040069688111543655
YLR097C,YER114C,0,-0.56182826,0.1498771458864212,0.07084785401821136,0.0401858314871788
YER028C,YDR039C,0,-0.5619133,0.14950980246067047,0.07084785401821136,0.04030197486281395
YCL069W,YLR345W,0,-0.56199014,0.149144247174263,0.07084785401821136,0.0404181182384491
YBL007C,YOL021C,0,-0.5619992,0.14878049492835999,0.07084785401821136,0.040534261614084244
YAL041W,YAL056W,1,-0.5625429,0.15085157752037048,0.07200929522514343,0.040534261614084244
YJR016C,YIR004W,0,-0.5625531,0.15048544108867645,0.07200929522514343,0.04065040498971939
YLL035W,YLR142W,0,-0.5625775,0.1501210629940033,0.07200929522514343,0.040766552090644836
YOR130C,YAL044C,0,-0.5627222,0.1497584581375122,0.07200929522514343,0.040882695466279984
YEL046C,YNL049C,0,-0.56276304,0.1493975967168808,0.07200929522514343,0.04099883884191513
YKR080W,YDR342C,0,-0.56340647,0.14903846383094788,0.07200929522514343,0.04111498221755028
YDR224C,YAL026C,0,-0.56358856,0.14868105947971344,0.07200929522514343,0.041231125593185425
YGL045W,YJL089W,1,-0.5636004,0.15071770548820496,0.0731707289814949,0.041231125593185425
YJL063C,YER029C,0,-0.56365675,0.15035799145698547,0.0731707289814949,0.04134726896882057
YBR218C,YMR072W,0,-0.563661,0.15000000596046448,0.0731707289814949,0.04146341606974602
YDR043C,YHR073W,1,-0.56376255,0.15201900899410248,0.07433217018842697,0.04146341606974602
YFL029C,YOR383C,0,-0.5638296,0.1516587734222412,0.07433217018842697,0.041579559445381165
YJL111W,YNL066W,0,-0.5638595,0.15130023658275604,0.07433217018842697,0.04169570282101631
YHR111W,YOR127W,1,-0.5640527,0.1533018797636032,0.07549361139535904,0.04169570282101631
YLL009C,YMR192W,0,-0.5640602,0.15294118225574493,0.07549361139535904,0.04181184619665146
YAL035W,YDR197W,0,-0.5641539,0.15258215367794037,0.07549361139535904,0.041927989572286606
YDL130W-A,YNL059C,0,-0.56427836,0.1522248238325119,0.07549361139535904,0.04204413294792175
YKL208W,YLL032C,0,-0.5646037,0.15186916291713715,0.07549361139535904,0.0421602800488472
YOR262W,YGR017W,0,-0.564624,0.1515151560306549,0.07549361139535904,0.042276423424482346
YEL027W,YNR052C,0,-0.56498027,0.151162788271904,0.07549361139535904,0.04239256680011749
YBR153W,YDR098C,0,-0.5651672,0.1508120596408844,0.07549361139535904,0.04250871017575264
YMR100W,YEL038W,0,-0.56524336,0.15046297013759613,0.07549361139535904,0.04262485355138779
YER113C,YDR043C,1,-0.56531405,0.15242494642734528,0.07665505260229111,0.04262485355138779
YPL005W,YDL112W,0,-0.56534714,0.1520737260580063,0.07665505260229111,0.04274100065231323
YLR134W,YGR266W,0,-0.5654601,0.15172414481639862,0.07665505260229111,0.04285714402794838
YDL139C,YML087C,0,-0.565518,0.1513761430978775,0.07665505260229111,0.04297328740358353
YOL052C-A,YPL120W,0,-0.5658989,0.15102975070476532,0.07665505260229111,0.043089430779218674
YDR041W,YFL039C,0,-0.5659176,0.15068493783473969,0.07665505260229111,0.04320557415485382
YJR043C,YDR268W,0,-0.5660462,0.1503416895866394,0.07665505260229111,0.04332171753048897
YGR108W,YKL040C,0,-0.56607676,0.15000000596046448,0.07665505260229111,0.04343786463141441
YDR206W,YPL103C,0,-0.56672657,0.14965985715389252,0.07665505260229111,0.04355400800704956
YOR341W,YCR017C,0,-0.5669029,0.1493212729692459,0.07665505260229111,0.04367015138268471
YDL110C,YER005W,0,-0.5672244,0.14898419380187988,0.07665505260229111,0.043786294758319855
YOR116C,YDR343C,0,-0.5672609,0.14864864945411682,0.07665505260229111,0.043902438133955
YPL049C,YJL089W,1,-0.56727,0.15056179463863373,0.07781649380922318,0.043902438133955
YBR139W,YDR317W,0,-0.5673729,0.1502242088317871,0.07781649380922318,0.04401858150959015
YDR516C,YMR080C,0,-0.5674057,0.14988814294338226,0.07781649380922318,0.044134728610515594
YHR102W,YPR094W,0,-0.5675777,0.1495535671710968,0.07781649380922318,0.04425087198615074
YJL033W,YPL173W,0,-0.56768125,0.14922049641609192,0.07781649380922318,0.04436701536178589
YPR140W,YER042W,0,-0.56789917,0.14888888597488403,0.07781649380922318,0.044483158737421036
YDR422C,YDR228C,0,-0.5679878,0.14855876564979553,0.07781649380922318,0.04459930211305618
YLR371W,YGL141W,0,-0.5681681,0.14823009073734283,0.07781649380922318,0.04471544548869133
YHR084W,YDR043C,1,-0.5681813,0.1501103788614273,0.07897793501615524,0.04471544548869133
YDR326C,YDL188C,0,-0.568182,0.14977973699569702,0.07897793501615524,0.044831592589616776
YLR136C,YOL027C,0,-0.5682161,0.14945055544376373,0.07897793501615524,0.04494773596525192
YJR118C,YLR435W,0,-0.5685104,0.14912280440330505,0.07897793501615524,0.04506387934088707
YPL237W,YER058W,0,-0.568694,0.14879649877548218,0.07897793501615524,0.04518002271652222
YGL077C,YDR368W,0,-0.568931,0.14847160875797272,0.07897793501615524,0.045296166092157364
YKR052C,YNL064C,0,-0.5689331,0.14814814925193787,0.07897793501615524,0.04541230946779251
YLR155C,YML096W,0,-0.5694581,0.14782609045505524,0.07897793501615524,0.04552845656871796
YIL127C,YBR302C,0,-0.5694777,0.14750541746616364,0.07897793501615524,0.045644599944353104
YGL208W,YNL197C,1,-0.56966156,0.14935064315795898,0.08013937622308731,0.045644599944353104
YBR109C,YBL100W-A,0,-0.5697877,0.14902807772159576,0.08013937622308731,0.04576074331998825
YNL294C,YPL049C,1,-0.5698445,0.15086206793785095,0.08130080997943878,0.04576074331998825
YLR240W,YPL105C,0,-0.5698639,0.1505376398563385,0.08130080997943878,0.0458768866956234
YDR500C,YPR004C,0,-0.5698729,0.15021459758281708,0.08130080997943878,0.045993030071258545
YHR205W,YPL015C,0,-0.5702119,0.1498929262161255,0.08130080997943878,0.04610917717218399
YPL049C,YGL208W,1,-0.570432,0.1517094075679779,0.08246225118637085,0.04610917717218399
YLR089C,YNL229C,0,-0.57047987,0.15138593316078186,0.08246225118637085,0.04622532054781914
YLR446W,YBR103W,0,-0.5705863,0.15106382966041565,0.08246225118637085,0.046341463923454285
YOL116W,YOR371C,1,-0.5707555,0.15286624431610107,0.08362369239330292,0.046341463923454285
YLR040C,YEL064C,0,-0.5708741,0.1525423675775528,0.08362369239330292,0.04645760729908943
YBR104W,YPR183W,0,-0.5712086,0.15221987664699554,0.08362369239330292,0.04657375067472458
YCR008W,YDR127W,0,-0.57141244,0.15189872682094574,0.08362369239330292,0.046689894050359726
YBR127C,YML074C,0,-0.5716885,0.15157894790172577,0.08362369239330292,0.04680604115128517
YFL056C,YGL059W,0,-0.57181656,0.15126051008701324,0.08362369239330292,0.04692218452692032
YNL244C,YBR199W,0,-0.57195807,0.15094339847564697,0.08362369239330292,0.047038327902555466
YOR167C,YNL055C,0,-0.5722376,0.15062761306762695,0.08362369239330292,0.04715447127819061
YNL099C,YOR173W,0,-0.5723144,0.15031315386295319,0.08362369239330292,0.04727061465382576
YDR103W,YNL197C,1,-0.5723484,0.15208333730697632,0.08478513360023499,0.04727061465382576
YLR077W,YJL186W,0,-0.5727806,0.15176714956760406,0.08478513360023499,0.04738675802946091
YGR103W,YDR394W,0,-0.57279146,0.15145228803157806,0.08478513360023499,0.04750290513038635
YNL103W,YLR460C,0,-0.57286674,0.15113872289657593,0.08478513360023499,0.0476190485060215
YHR165C,YJR060W,0,-0.57287663,0.15082643926143646,0.08478513360023499,0.04773519188165665
YPL049C,YHL007C,1,-0.57304716,0.15257732570171356,0.08594657480716705,0.04773519188165665
YOR196C,YPL037C,0,-0.57314575,0.15226337313652039,0.08594657480716705,0.047851335257291794
YLR439W,YER023W,0,-0.57329917,0.15195071697235107,0.08594657480716705,0.04796747863292694
YDR375C,YDL166C,0,-0.57366955,0.15163934230804443,0.08594657480716705,0.04808362200856209
YOL013C,YPL212C,0,-0.5737107,0.15132924914360046,0.08594657480716705,0.048199769109487534
YIL049W,YKL077W,0,-0.5741203,0.15102040767669678,0.08594657480716705,0.04831591248512268
YJL012C,YKL051W,0,-0.5742885,0.15071283280849457,0.08594657480716705,0.04843205586075783
YLR287C-A,YCR004C,0,-0.57469463,0.15040650963783264,0.08594657480716705,0.048548199236392975
YOR019W,YLR098C,0,-0.5748234,0.1501014232635498,0.08594657480716705,0.04866434261202812
YOR136W,YDL153C,0,-0.57538044,0.14979757368564606,0.08594657480716705,0.04878048598766327
YDL130W-A,YGR023W,0,-0.575601,0.1494949460029602,0.08594657480716705,0.048896633088588715
YOR080W,YDR043C,1,-0.57567465,0.15120968222618103,0.08710801601409912,0.048896633088588715
YJL118W,YOL009C,0,-0.576167,0.15090543031692505,0.08710801601409912,0.04901277646422386
YPL118W,YDL005C,0,-0.5763097,0.15060241520404816,0.08710801601409912,0.04912891983985901
YJR017C,YIL022W,0,-0.57636154,0.15030060708522797,0.08710801601409912,0.049245063215494156
YLL028W,YDR313C,0,-0.57639796,0.15000000596046448,0.08710801601409912,0.0493612065911293
YDL130W-A,YPR029C,0,-0.5766701,0.1497005969285965,0.08710801601409912,0.04947735369205475
YML093W,YLR120C,0,-0.57681286,0.14940239489078522,0.08710801601409912,0.049593497067689896
YOR231W,YKR061W,0,-0.57697904,0.14910537004470825,0.08710801601409912,0.04970964044332504
YPL115C,YGL121C,1,-0.57704186,0.15079365670681,0.08826945722103119,0.04970964044332504
YDR206W,YML042W,0,-0.57712436,0.15049505233764648,0.08826945722103119,0.04982578381896019
YLR110C,YLL031C,0,-0.5772641,0.15019762516021729,0.08826945722103119,0.04994192719459534
YMR153W,YPR155C,0,-0.57754034,0.1499013751745224,0.08826945722103119,0.050058070570230484
YPL236C,YDL164C,0,-0.5776964,0.14960630238056183,0.08826945722103119,0.05017421767115593
YGR204W,YCL017C,0,-0.57779086,0.14931237697601318,0.08826945722103119,0.05029036104679108
YNL268W,YDR268W,0,-0.57799983,0.14901961386203766,0.08826945722103119,0.050406504422426224
YDR206W,YIL017C,0,-0.5780331,0.14872798323631287,0.08826945722103119,0.05052264779806137
YDR375C,YOR272W,0,-0.5783247,0.1484375,0.08826945722103119,0.05063879117369652
YGL095C,YJR109C,0,-0.5783931,0.14814814925193787,0.08826945722103119,0.050754934549331665
YHR193C,YGL084C,0,-0.57842267,0.14785991609096527,0.08826945722103119,0.05087108165025711
YJR086W,YKR014C,0,-0.5784341,0.1475728154182434,0.08826945722103119,0.05098722502589226
YBR273C,YDL056W,0,-0.578567,0.1472868174314499,0.08826945722103119,0.051103368401527405
YPR161C,YKL164C,0,-0.5785942,0.1470019370317459,0.08826945722103119,0.05121951177716255
YAL041W,YGL045W,1,-0.5786407,0.14864864945411682,0.08943089097738266,0.05121951177716255
YIL136W,YLR310C,0,-0.57865417,0.14836223423480988,0.08943089097738266,0.0513356551527977
YKL005C,YPR042C,0,-0.57870996,0.14807692170143127,0.08943089097738266,0.051451798528432846
YML102W,YHL044W,0,-0.5787265,0.14779271185398102,0.08943089097738266,0.05156794562935829
YHR016C,YGR098C,0,-0.5787369,0.14750957489013672,0.08943089097738266,0.05168408900499344
YHR111W,YBL016W,1,-0.57888657,0.14913958311080933,0.09059233218431473,0.05168408900499344
YJR017C,YDR338C,0,-0.5789552,0.14885495603084564,0.09059233218431473,0.051800232380628586
YGL207W,YGR296W,0,-0.579144,0.1485714316368103,0.09059233218431473,0.05191637575626373
YHL035C,YKL042W,0,-0.57949626,0.14828898012638092,0.09059233218431473,0.05203251913189888
YOL064C,YJL020C,0,-0.5795386,0.1480075865983963,0.09059233218431473,0.05214866250753403
YDR381W,YOR389W,0,-0.57959926,0.14772726595401764,0.09059233218431473,0.05226480960845947
YLL022C,YMR293C,0,-0.57963735,0.14744801819324493,0.09059233218431473,0.05238095298409462
YGL009C,YCR024C,0,-0.5796784,0.1471698135137558,0.09059233218431473,0.05249709635972977
YOL137W,YJR059W,0,-0.57980156,0.14689265191555023,0.09059233218431473,0.052613239735364914
YHR111W,YMR316W,1,-0.57986844,0.14849624037742615,0.0917537733912468,0.052613239735364914
YDL066W,YLR459W,0,-0.5799289,0.14821763336658478,0.0917537733912468,0.05272938311100006
YDR519W,YDL191W,0,-0.580027,0.14794006943702698,0.0917537733912468,0.05284553021192551
YPL160W,YDR040C,0,-0.5800935,0.14766354858875275,0.0917537733912468,0.052961673587560654
YNL197C,YOL116W,1,-0.580143,0.1492537260055542,0.09291521459817886,0.052961673587560654
YGL045W,YHR084W,1,-0.5804315,0.1508379876613617,0.09407665580511093,0.052961673587560654
YER102W,YAL026C,0,-0.5804924,0.15055762231349945,0.09407665580511093,0.0530778169631958
YGL254W,YHR033W,0,-0.5806684,0.15027830004692078,0.09407665580511093,0.05319396033883095
YDL091C,YHR142W,0,-0.5807236,0.15000000596046448,0.09407665580511093,0.053310103714466095
YCR024C-A,YIL147C,0,-0.58074176,0.14972274005413055,0.09407665580511093,0.05342624709010124
YJL054W,YNL286W,0,-0.58075404,0.1494464874267578,0.09407665580511093,0.05354239419102669
YLR089C,YGR048W,0,-0.58101255,0.14917127788066864,0.09407665580511093,0.053658537566661835
YDL175C,YIL107C,0,-0.58106714,0.14889705181121826,0.09407665580511093,0.05377468094229698
YBL016W,YHR073W,1,-0.58112127,0.1504587084054947,0.095238097012043,0.05377468094229698
YOR027W,YLR274W,0,-0.581781,0.15018315613269806,0.095238097012043,0.05389082431793213
YPL162C,YKR034W,0,-0.58227265,0.14990858733654022,0.095238097012043,0.054006967693567276
YGR068C,YBR046C,0,-0.58232415,0.14963503181934357,0.095238097012043,0.05412311106920242
YER109C,YDR043C,1,-0.5826927,0.15118397772312164,0.09639953821897507,0.05412311106920242
YBR021W,YHL018W,0,-0.5830598,0.15090909600257874,0.09639953821897507,0.05423925817012787
YNR069C,YOR181W,0,-0.5832377,0.15063521265983582,0.09639953821897507,0.054355401545763016
YMR237W,YDR040C,0,-0.5832895,0.1503623127937317,0.09639953821897507,0.05447154492139816
YJR088C,YDR212W,0,-0.5834123,0.15009041130542755,0.09639953821897507,0.05458768829703331
YGL028C,YHL001W,0,-0.58351636,0.1498194932937622,0.09639953821897507,0.05470383167266846
YPL051W,YIL124W,0,-0.58352095,0.14954954385757446,0.09639953821897507,0.054819975048303604
YBR231C,YMR171C,0,-0.58354896,0.1492805778980255,0.09639953821897507,0.05493612214922905
YBR008C,YDR041W,0,-0.5837498,0.14901256561279297,0.09639953821897507,0.0550522655248642
YBR021W,YIR003W,0,-0.58397853,0.14874552190303802,0.09639953821897507,0.055168408900499344
YAL041W,YDR043C,1,-0.58408964,0.1502683311700821,0.09756097197532654,0.055168408900499344
YGL208W,YBR083W,1,-0.58409977,0.1517857164144516,0.0987224131822586,0.055168408900499344
YAL041W,YLR229C,1,-0.5841194,0.15329767763614655,0.09988385438919067,0.055168408900499344
YDR056C,YGR009C,0,-0.5842029,0.15302491188049316,0.09988385438919067,0.05528455227613449
YLR154W-C,YGL131C,0,-0.5843091,0.15275311470031738,0.09988385438919067,0.05540069565176964
YOL058W,YGR048W,0,-0.5843537,0.152482271194458,0.09988385438919067,0.055516839027404785
YHL033C,YJR017C,0,-0.58466905,0.15221239626407623,0.09988385438919067,0.05563298612833023
YGL076C,YGR279C,0,-0.5847179,0.15194346010684967,0.09988385438919067,0.05574912950396538
YHR205W,YPR020W,0,-0.5848489,0.15167547762393951,0.09988385438919067,0.055865272879600525
YGR076C,YDR060W,0,-0.58494365,0.15140844881534576,0.09988385438919067,0.05598141625523567
YDL150W,YKL195W,0,-0.5849977,0.15114235877990723,0.09988385438919067,0.05609755963087082
YNL007C,YIL107C,0,-0.585107,0.1508771926164627,0.09988385438919067,0.056213706731796265
YDR384C,YDR074W,0,-0.5852039,0.1506129652261734,0.09988385438919067,0.05632985010743141
YLR355C,YPL206C,0,-0.58521736,0.15034964680671692,0.09988385438919067,0.05644599348306656
YNL289W,YDR448W,0,-0.5852275,0.15008726716041565,0.09988385438919067,0.056562136858701706
YNL061W,YNL055C,0,-0.5853205,0.149825781583786,0.09988385438919067,0.05667828023433685
YBR127C,YNL113W,0,-0.58533144,0.1495652198791504,0.09988385438919067,0.056794423609972
YEL006W,YCL017C,0,-0.5853533,0.1493055522441864,0.09988385438919067,0.056910570710897446
YBL016W,YAL056W,1,-0.5854324,0.15077990293502808,0.10104529559612274,0.056910570710897446
YBR188C,YFR016C,0,-0.58545446,0.15051902830600739,0.10104529559612274,0.05702671408653259
YPL225W,YPL177C,0,-0.58565927,0.15025906264781952,0.10104529559612274,0.05714285746216774
YGR195W,YBR035C,0,-0.5857418,0.15000000596046448,0.10104529559612274,0.05725900083780289
YPR058W,YBL100W-A,0,-0.58598924,0.14974182844161987,0.10104529559612274,0.057375144213438034
YBR201W,YGR244C,0,-0.586051,0.1494845300912857,0.10104529559612274,0.05749128758907318
YPL183C,YDL137W,0,-0.5860794,0.14922812581062317,0.10104529559612274,0.05760743468999863
YDR489W,YHR001W-A,0,-0.58628196,0.14897260069847107,0.10104529559612274,0.057723578065633774
YJL111W,YMR150C,0,-0.5864352,0.1487179547548294,0.10104529559612274,0.05783972144126892
YML130C,YKL216W,0,-0.5865079,0.1484641581773758,0.10104529559612274,0.05795586481690407
YPL203W,YBR083W,1,-0.5869309,0.14991481602191925,0.10220673680305481,0.05795586481690407
YOR103C,YOR191W,0,-0.58696723,0.14965985715389252,0.10220673680305481,0.058072008192539215
YGL119W,YDR400W,0,-0.5870903,0.14940577745437622,0.10220673680305481,0.05818815156817436
YGR244C,YBR049C,0,-0.58737284,0.14915254712104797,0.10220673680305481,0.05830429866909981
YCR086W,YBL007C,0,-0.587721,0.14890016615390778,0.10220673680305481,0.058420442044734955
YNL301C,YDL181W,0,-0.5877805,0.14864864945411682,0.10220673680305481,0.0585365854203701
YOR079C,YOL130W,0,-0.5879155,0.14839798212051392,0.10220673680305481,0.05865272879600525
YGR200C,YLL039C,0,-0.5883943,0.14814814925193787,0.10220673680305481,0.058768872171640396
YDR189W,YPL283C,0,-0.58841527,0.14789916574954987,0.10220673680305481,0.05888501927256584
YFL049W,YLL026W,0,-0.5884436,0.14765100181102753,0.10220673680305481,0.05900116264820099
YBR176W,YER122C,0,-0.58847696,0.14740368723869324,0.10220673680305481,0.059117306023836136
YDL064W,YGL181W,0,-0.58853006,0.1471571922302246,0.10220673680305481,0.05923344939947128
YDR450W,YLR411W,0,-0.5885904,0.14691151678562164,0.10220673680305481,0.05934959277510643
YNL243W,YPL033C,0,-0.58866346,0.14666666090488434,0.10220673680305481,0.05946573615074158
YHL011C,YGR284C,0,-0.5886961,0.1464226245880127,0.10220673680305481,0.05958188325166702
YLR259C,YIR010W,0,-0.5888027,0.1461794078350067,0.10220673680305481,0.05969802662730217
YHR207C,YIL107C,0,-0.5888462,0.145936980843544,0.10220673680305481,0.05981417000293732
YBR122C,YDL191W,0,-0.58919865,0.14569535851478577,0.10220673680305481,0.059930313378572464
YPL146C,YNL055C,0,-0.589228,0.145454540848732,0.10220673680305481,0.06004645675420761
YNL063W,YMR313C,0,-0.58927083,0.1452145278453827,0.10220673680305481,0.06016260012984276
YPL049C,YAL056W,1,-0.5892837,0.14662273228168488,0.10336817800998688,0.06016260012984276
YPL266W,YJL052W,0,-0.58940256,0.14638157188892365,0.10336817800998688,0.060278747230768204
YJR044C,YGR162W,0,-0.5895294,0.14614121615886688,0.10336817800998688,0.06039489060640335
YPL046C,YMR051C,0,-0.5896345,0.1459016352891922,0.10336817800998688,0.0605110339820385
YFR024C-A,YML096W,0,-0.58970016,0.1456628441810608,0.10336817800998688,0.060627177357673645
YER027C,YAL056W,1,-0.5897357,0.14705882966518402,0.10452961921691895,0.060627177357673645
YPL233W,YNL221C,0,-0.58981234,0.14681892096996307,0.10452961921691895,0.06074332073330879
YMR318C,YIL038C,0,-0.58985317,0.1465798020362854,0.10452961921691895,0.06085946410894394
YMR244C-A,YHR196W,0,-0.5900943,0.1463414579629898,0.10452961921691895,0.060975611209869385
YDR297W,YJR099W,0,-0.5901022,0.1461038887500763,0.10452961921691895,0.06109175458550453
YBR048W,YNR041C,0,-0.59026086,0.14586709439754486,0.10452961921691895,0.06120789796113968
YPL203W,YOR127W,1,-0.5906515,0.14724919199943542,0.10569106042385101,0.06120789796113968
YDR435C,YLR390W-A,0,-0.5908195,0.14701130986213684,0.10569106042385101,0.061324041336774826
YNR049C,YOR181W,0,-0.59083545,0.14677418768405914,0.10569106042385101,0.06144018471240997
YJL093C,YKL084W,0,-0.5908356,0.14653784036636353,0.10569106042385101,0.06155632808804512
YOR389W,YNL098C,0,-0.5909308,0.1463022530078888,0.10569106042385101,0.061672475188970566
YPL118W,YPL008W,0,-0.59099996,0.14606741070747375,0.10569106042385101,0.06178861856460571
YHR150W,YPL280W,0,-0.5910604,0.1458333283662796,0.10569106042385101,0.06190476194024086
YDL130W-A,YOR196C,0,-0.59114695,0.14560000598430634,0.10569106042385101,0.06202090531587601
YBR106W,YOR197W,0,-0.5911709,0.14536741375923157,0.10569106042385101,0.062137048691511154
YDR213W,YHR076W,0,-0.59119904,0.1451355665922165,0.10569106042385101,0.0622531957924366
YPL280W,YCL030C,0,-0.59130335,0.1449044644832611,0.10569106042385101,0.06236933916807175
YDR469W,YIL082W-A,0,-0.59139705,0.14467409253120422,0.10569106042385101,0.062485482543706894
YOL116W,YLR083C,1,-0.5915025,0.14603175222873688,0.10685249418020248,0.062485482543706894
YGL084C,YPR145W,0,-0.5920552,0.14580032229423523,0.10685249418020248,0.06260162591934204
YNL197C,YMR316W,1,-0.5925572,0.1471519023180008,0.10801393538713455,0.06260162591934204
YNL025C,YNL240C,0,-0.59269524,0.14691942930221558,0.10801393538713455,0.06271777302026749
YPL043W,YJL001W,0,-0.5927973,0.14668770134449005,0.10801393538713455,0.06283391267061234
YGR008C,YDR019C,0,-0.5928879,0.14645668864250183,0.10801393538713455,0.06295005977153778
YAL001C,YGR007W,0,-0.59315884,0.1462264209985733,0.10801393538713455,0.06306619942188263
YBR038W,YFR030W,0,-0.59345734,0.1459968537092209,0.10801393538713455,0.06318234652280807
YKR003W,YOL068C,0,-0.5936887,0.14576803147792816,0.10801393538713455,0.06329849362373352
YOL146W,YER048C,0,-0.59383094,0.14553990960121155,0.10801393538713455,0.06341463327407837
YOL030W,YNL087W,0,-0.5939667,0.14531250298023224,0.10801393538713455,0.06353078037500381
YDR532C,YBR203W,0,-0.594069,0.14508579671382904,0.10801393538713455,0.06364692002534866
YDL043C,YLL023C,0,-0.5940988,0.14485980570316315,0.10801393538713455,0.06376306712627411
YFR024C-A,YGR156W,0,-0.5941556,0.14463452994823456,0.10801393538713455,0.06387920677661896
YJL019W,YDR054C,0,-0.59435177,0.1444099396467209,0.10801393538713455,0.0639953538775444
YML029W,YMR303C,0,-0.59440124,0.14418604969978333,0.10801393538713455,0.06411150097846985
YER001W,YNL086W,0,-0.59453166,0.14396284520626068,0.10801393538713455,0.0642276406288147
YLR293C,YLR110C,0,-0.5945325,0.14374034106731415,0.10801393538713455,0.06434378772974014
YKL065C,YKL018W,0,-0.5946455,0.14351852238178253,0.10801393538713455,0.06445992738008499
YNR073C,YHR006W,0,-0.5950012,0.14329737424850464,0.10801393538713455,0.06457607448101044
YLR337W,YNL061W,0,-0.5954772,0.14307692646980286,0.10801393538713455,0.06469222158193588
YNR061C,YJL110C,0,-0.5955708,0.1428571492433548,0.10801393538713455,0.06480836123228073
YMR318C,YJL148W,0,-0.59570587,0.14263804256916046,0.10801393538713455,0.06492450833320618
YKR099W,YPR075C,0,-0.59579253,0.14241960644721985,0.10801393538713455,0.06504064798355103
YKL056C,YAL008W,0,-0.59591496,0.14220184087753296,0.10801393538713455,0.06515679508447647
YBR268W,YNL292W,0,-0.59591603,0.1419847309589386,0.10801393538713455,0.06527293473482132
YML012W,YDR075W,0,-0.5961547,0.14176829159259796,0.10801393538713455,0.06538908183574677
YDR439W,YGL141W,0,-0.59636176,0.14155250787734985,0.10801393538713455,0.06550522893667221
YOR080W,YOR371C,1,-0.5964014,0.1428571492433548,0.10917537659406662,0.06550522893667221
YBR084C-A,YCR028C-A,0,-0.59656006,0.1426403671503067,0.10917537659406662,0.06562136858701706
YDR186C,YKR037C,0,-0.5965681,0.14242424070835114,0.10917537659406662,0.0657375156879425
YPL088W,YLR019W,0,-0.59664035,0.1422087699174881,0.10917537659406662,0.06585365533828735
YHR112C,YGL153W,0,-0.5970259,0.1419939547777176,0.10917537659406662,0.0659698024392128
YOR211C,YML093W,0,-0.5970399,0.1417797952890396,0.10917537659406662,0.06608594954013824
YCR016W,YDR189W,0,-0.5975507,0.14156626164913177,0.10917537659406662,0.0662020891904831
YJL094C,YBR105C,0,-0.5976362,0.14135338366031647,0.10917537659406662,0.06631823629140854
YDR298C,YDR545W,0,-0.59764063,0.1411411464214325,0.10917537659406662,0.06643437594175339
YJR016C,YNL015W,0,-0.59764504,0.14092953503131866,0.10917537659406662,0.06655052304267883
YAR066W,YOR172W,0,-0.5977136,0.14071856439113617,0.10917537659406662,0.06666667014360428
YAL041W,YDR107C,1,-0.5977434,0.14200298488140106,0.11033681780099869,0.06666667014360428
YDL180W,YBL021C,0,-0.5977628,0.14179104566574097,0.11033681780099869,0.06678280979394913
YKR098C,YPR120C,0,-0.59777176,0.141579732298851,0.11033681780099869,0.06689895689487457
YNL024C,YDR007W,0,-0.5977956,0.1413690447807312,0.11033681780099869,0.06701509654521942
YHR139C,YGR260W,0,-0.5978256,0.14115898311138153,0.11033681780099869,0.06713124364614487
YNL025C,YOL119C,0,-0.5978343,0.1409495621919632,0.11033681780099869,0.06724738329648972
YOR224C,YOR257W,0,-0.5979763,0.14074073731899261,0.11033681780099869,0.06736353039741516
YIL010W,YHR065C,0,-0.5980898,0.14053253829479218,0.11033681780099869,0.0674796774983406
YOR356W,YNL090W,0,-0.59824777,0.14032496511936188,0.11033681780099869,0.06759581714868546
YNR063W,YOL119C,0,-0.5984955,0.14011798799037933,0.11033681780099869,0.0677119642496109
YOR348C,YDR202C,0,-0.5985494,0.13991163671016693,0.11033681780099869,0.06782810389995575
YDR079C-A,YBR123C,0,-0.5985625,0.13970588147640228,0.11033681780099869,0.0679442510008812
YNL146W,YLR451W,0,-0.59876144,0.13950073719024658,0.11033681780099869,0.06806039810180664
YPL060W,YDL129W,0,-0.59894156,0.13929618895053864,0.11033681780099869,0.06817653775215149
YPR016C,YIR022W,0,-0.598969,0.13909223675727844,0.11033681780099869,0.06829268485307693
YOL012C,YDR533C,0,-0.59898496,0.1388888955116272,0.11033681780099869,0.06840882450342178
YGL045W,YDR379W,1,-0.5990766,0.14014598727226257,0.11149825900793076,0.06840882450342178
YNL317W,YML011C,0,-0.599115,0.13994169235229492,0.11149825900793076,0.06852497160434723
YNR033W,YGR083C,0,-0.5993562,0.13973799347877502,0.11149825900793076,0.06864111870527267
YDR511W,YCR033W,0,-0.5996206,0.13953489065170288,0.11149825900793076,0.06875725835561752
YPL079W,YHR188C,0,-0.5997383,0.1393323689699173,0.11149825900793076,0.06887340545654297
YNR032C-A,YMR197C,0,-0.59979737,0.13913042843341827,0.11149825900793076,0.06898954510688782
YMR316W,YAL056W,1,-0.60015714,0.1403762698173523,0.11265970021486282,0.06898954510688782
YDR466W,YDR463W,0,-0.60017234,0.14017340540885925,0.11265970021486282,0.06910569220781326
YLR372W,YHR043C,0,-0.6003722,0.13997113704681396,0.11265970021486282,0.06922183185815811
YMR264W,YGR152C,0,-0.60063815,0.13976944983005524,0.11265970021486282,0.06933797895908356
YCL067C,YDR436W,0,-0.6007707,0.13956834375858307,0.11265970021486282,0.069454126060009
YHR206W,YPR166C,0,-0.6008854,0.13936781883239746,0.11265970021486282,0.06957026571035385
YGR035C,YPL224C,0,-0.6009762,0.13916786015033722,0.11265970021486282,0.0696864128112793
YBR239C,YDR074W,0,-0.60097736,0.13896848261356354,0.11265970021486282,0.06980255246162415
YHR150W,YMR195W,0,-0.6010108,0.13876967132091522,0.11265970021486282,0.06991869956254959
YPR008W,YBL042C,0,-0.6010313,0.13857142627239227,0.11265970021486282,0.07003484666347504
YGR178C,YDR057W,0,-0.6010344,0.1383737474679947,0.11265970021486282,0.07015098631381989
YBR166C,YJL165C,0,-0.6011237,0.13817663490772247,0.11265970021486282,0.07026713341474533
YLR216C,YEL021W,0,-0.6013186,0.13798008859157562,0.11265970021486282,0.07038327306509018
YML029W,YPL235W,0,-0.6014633,0.13778409361839294,0.11265970021486282,0.07049942016601562
YNL134C,YGR191W,0,-0.60154295,0.13758864998817444,0.11265970021486282,0.07061555981636047
YLR006C,YJR137C,0,-0.6015626,0.1373937726020813,0.11265970021486282,0.07073170691728592
YLR178C,YDR170W-A,0,-0.60172737,0.13719943165779114,0.11265970021486282,0.07084785401821136
YIL123W,YJL019W,0,-0.6017288,0.13700565695762634,0.11265970021486282,0.07096399366855621
YLR083C,YHR073W,1,-0.6018091,0.1382228434085846,0.11382114142179489,0.07096399366855621
YLR013W,YPL176C,0,-0.6018125,0.13802817463874817,0.11382114142179489,0.07108014076948166
YFL002W-A,YGL168W,0,-0.60189605,0.13783404231071472,0.11382114142179489,0.07119628041982651
YHR134W,YDR347W,0,-0.60193706,0.13764044642448425,0.11382114142179489,0.07131242752075195
YLR343W,YPL170W,0,-0.6020157,0.13744740188121796,0.11382114142179489,0.0714285746216774
YKL112W,YNL287W,0,-0.6022184,0.13725490868091583,0.11382114142179489,0.07154471427202225
YBL064C,YDR261C,0,-0.60230494,0.1370629370212555,0.11382114142179489,0.07166086137294769
YNL106C,YMR118C,0,-0.60233784,0.13687150180339813,0.11382114142179489,0.07177700102329254
YLR442C,YHR017W,0,-0.6024977,0.13668061792850494,0.11382114142179489,0.07189314812421799
YAL005C,YGL181W,0,-0.6025967,0.13649025559425354,0.11382114142179489,0.07200929522514343
YIR033W,YDL119C,0,-0.6026559,0.13630041480064392,0.11382114142179489,0.07212543487548828
YLR287C-A,YNL055C,0,-0.6026696,0.13611111044883728,0.11382114142179489,0.07224158197641373
YOR256C,YDR545W,0,-0.6026759,0.13592232763767242,0.11382114142179489,0.07235772162675858
YCL057C-A,YDR398W,0,-0.6027472,0.13573406636714935,0.11382114142179489,0.07247386872768402
YFL036W,YLR044C,0,-0.6028117,0.13554634153842926,0.11382114142179489,0.07259000837802887
YNL124W,YLR361C,0,-0.6028858,0.13535912334918976,0.11382114142179489,0.07270615547895432
YDR019C,YLR001C,0,-0.60295415,0.13517241179943085,0.11382114142179489,0.07282230257987976
YNR061C,YJR144W,0,-0.60301995,0.13498622179031372,0.11382114142179489,0.07293844223022461
YMR055C,YHR112C,0,-0.6030284,0.13480055332183838,0.11382114142179489,0.07305458933115005
YBR215W,YNL213C,0,-0.6033055,0.13461539149284363,0.11382114142179489,0.0731707289814949
YPR003C,YBR123C,0,-0.6033247,0.13443072140216827,0.11382114142179489,0.07328687608242035
YDR377W,YGL139W,0,-0.60357165,0.1342465728521347,0.11382114142179489,0.0734030231833458
YKL032C,YOL113W,0,-0.6036576,0.13406293094158173,0.11382114142179489,0.07351916283369064
YER027C,YNL119W,1,-0.603668,0.1352459043264389,0.11498257517814636,0.07351916283369064
YBR149W,YLR035C-A,0,-0.60367215,0.13506139814853668,0.11498257517814636,0.07363530993461609
YGR133W,YDR170W-A,0,-0.6037005,0.13487738370895386,0.11498257517814636,0.07375144958496094
YOR002W,YBR244W,0,-0.6037582,0.13469387590885162,0.11498257517814636,0.07386759668588638
YGL208W,YDR043C,1,-0.6038311,0.135869562625885,0.11614401638507843,0.07386759668588638
YDR500C,YMR184W,0,-0.60401964,0.13568520545959473,0.11614401638507843,0.07398373633623123
YCR020C,YBR097W,0,-0.60403574,0.13550135493278503,0.11614401638507843,0.07409988343715668
YLR229C,YNL197C,1,-0.60420907,0.13667117059230804,0.1173054575920105,0.07409988343715668
YDL185W,YGL005C,0,-0.6042094,0.1364864856004715,0.1173054575920105,0.07421603053808212
YGL045W,YOR371C,1,-0.6042366,0.13765181601047516,0.11846689879894257,0.07421603053808212
YKL134C,YEL042W,0,-0.6043471,0.13746631145477295,0.11846689879894257,0.07433217018842697
YGL130W,YNL069C,0,-0.60436004,0.13728129863739014,0.11846689879894257,0.07444831728935242
YGL208W,YOR127W,1,-0.60446554,0.13844086229801178,0.11962834000587463,0.07444831728935242
YLR034C,YIL105C,0,-0.60446787,0.1382550299167633,0.11962834000587463,0.07456445693969727
YER027C,YDR043C,1,-0.60448074,0.13941018283367157,0.1207897812128067,0.07456445693969727
YDR463W,YIL099W,0,-0.6045078,0.13922356069087982,0.1207897812128067,0.07468060404062271
YMR104C,YLR438C-A,0,-0.6045327,0.13903743028640747,0.1207897812128067,0.07479675114154816
YIL144W,YJL019W,0,-0.60460895,0.1388518065214157,0.1207897812128067,0.074912890791893
YPL280W,YLL024C,0,-0.60461783,0.13866665959358215,0.1207897812128067,0.07502903789281845
YJR042W,YDL181W,0,-0.6048219,0.1384820193052292,0.1207897812128067,0.0751451775431633
YMR316W,YLR083C,1,-0.60492784,0.13962766528129578,0.12195122241973877,0.0751451775431633
YNL294C,YDR477W,1,-0.6049988,0.14077025651931763,0.12311265617609024,0.0751451775431633
YMR298W,YDR300C,0,-0.60520744,0.1405835598707199,0.12311265617609024,0.07526132464408875
YBR004C,YPR070W,0,-0.605263,0.1403973549604416,0.12311265617609024,0.07537747174501419
YJL122W,YPR107C,0,-0.60526764,0.14021164178848267,0.12311265617609024,0.07549361139535904
YDR210W,YLR117C,0,-0.60556316,0.14002642035484314,0.12311265617609024,0.07560975849628448
YLR001C,YLR410W,0,-0.60569817,0.139841690659523,0.12311265617609024,0.07572589814662933
YBR127C,YMR043W,0,-0.6057923,0.13965743780136108,0.12311265617609024,0.07584204524755478
YER176W,YGL136C,0,-0.60585845,0.13947369158267975,0.12311265617609024,0.07595818489789963
YOL089C,YPL152W,0,-0.6059266,0.13929040729999542,0.12311265617609024,0.07607433199882507
YJL111W,YBL040C,0,-0.60596,0.1391076147556305,0.12311265617609024,0.07619047909975052
YGL045W,YPL049C,1,-0.6060415,0.14023591578006744,0.12427409738302231,0.07619047909975052
YPL176C,YJL047C,0,-0.6061158,0.14005236327648163,0.12427409738302231,0.07630661875009537
YNL306W,YFR034C,0,-0.60642916,0.13986928761005402,0.12427409738302231,0.07642276585102081
YML131W,YHR206W,0,-0.6066086,0.1396866887807846,0.12427409738302231,0.07653890550136566
YLR310C,YPL149W,0,-0.60665345,0.1395045667886734,0.12427409738302231,0.07665505260229111
YAR009C,YAL015C,0,-0.6069259,0.1393229216337204,0.12427409738302231,0.07677119970321655
YER100W,YDR056C,0,-0.6071273,0.1391417384147644,0.12427409738302231,0.0768873393535614
YMR149W,YMR098C,0,-0.607226,0.1389610320329666,0.12427409738302231,0.07700348645448685
YPL060W,YLR193C,0,-0.60725266,0.13878080248832703,0.12427409738302231,0.0771196261048317
YLR038C,YNR063W,0,-0.6073631,0.13860103487968445,0.12427409738302231,0.07723577320575714
YBR171W,YML055W,0,-0.6080444,0.13842172920703888,0.12427409738302231,0.07735191285610199
YKL209C,YGL092W,0,-0.6081948,0.1382429003715515,0.12427409738302231,0.07746805995702744
YGR106C,YOR143C,0,-0.608303,0.13806451857089996,0.12427409738302231,0.07758420705795288
YHL008C,YOL044W,0,-0.60841155,0.13788659870624542,0.12427409738302231,0.07770034670829773
YFL018W-A,YDR517W,0,-0.6086112,0.1377091407775879,0.12427409738302231,0.07781649380922318
YDR480W,YDR477W,1,-0.60872066,0.13881747424602509,0.12543554604053497,0.07781649380922318
YMR170C,YBR004C,0,-0.6087695,0.13863928616046906,0.12543554604053497,0.07793263345956802
YER113C,YDR379W,1,-0.60885775,0.1397435963153839,0.12659698724746704,0.07793263345956802
YKL008C,YKL139W,0,-0.6089807,0.1395646631717682,0.12659698724746704,0.07804878056049347
YBL066C,YJR058C,0,-0.60905397,0.13938619196414948,0.12659698724746704,0.07816492766141891
YNL183C,YLL038C,0,-0.60908544,0.13920816779136658,0.12659698724746704,0.07828106731176376
YLR229C,YBR083W,1,-0.6090878,0.14030611515045166,0.12775841355323792,0.07828106731176376
YJL048C,YLR221C,0,-0.6091065,0.14012739062309265,0.12775841355323792,0.07839721441268921
YER120W,YLR287C-A,0,-0.6091371,0.13994911313056946,0.12775841355323792,0.07851335406303406
YDR178W,YLR007W,0,-0.6092495,0.13977128267288208,0.12775841355323792,0.0786295011639595
YLR229C,YOL116W,1,-0.6094893,0.14086294174194336,0.12891985476016998,0.0786295011639595
YBR048W,YDR065W,0,-0.60956854,0.14068441092967987,0.12891985476016998,0.07874564826488495
YDR105C,YJL050W,0,-0.6097908,0.1405063271522522,0.12891985476016998,0.0788617879152298
YLR337W,YBR015C,0,-0.6097963,0.14032869040966034,0.12891985476016998,0.07897793501615524
YER161C,YCR039C,0,-0.61008,0.1401515156030655,0.12891985476016998,0.07909407466650009
YGR192C,YJR045C,0,-0.6100937,0.13997477293014526,0.12891985476016998,0.07921022176742554
YPL249C-A,YML081C-A,0,-0.61017513,0.13979849219322205,0.12891985476016998,0.07932636141777039
YER068W,YLR200W,0,-0.6103872,0.13962264358997345,0.12891985476016998,0.07944250851869583
YKL208W,YOR005C,0,-0.61061186,0.13944724202156067,0.12891985476016998,0.07955865561962128
YOL060C,YMR153W,0,-0.61065495,0.1392722725868225,0.12891985476016998,0.07967479526996613
YBL039C,YHR001W-A,0,-0.6107061,0.13909775018692017,0.12891985476016998,0.07979094237089157
YDR280W,YOL103W,0,-0.6109829,0.13892365992069244,0.12891985476016998,0.07990708202123642
YMR316W,YBR083W,1,-0.61100996,0.14000000059604645,0.13008129596710205,0.07990708202123642
YBL024W,YGL095C,0,-0.61101305,0.1398252248764038,0.13008129596710205,0.08002322912216187
YOR391C,YJR094W-A,0,-0.6110939,0.1396508663892746,0.13008129596710205,0.08013937622308731
YGL198W,YAR015W,0,-0.61118555,0.1394769549369812,0.13008129596710205,0.08025551587343216
YDR280W,YLR337W,0,-0.6112255,0.13930347561836243,0.13008129596710205,0.0803716629743576
YNL288W,YDL193W,0,-0.61123055,0.13913042843341827,0.13008129596710205,0.08048780262470245
YNL299W,YDR005C,0,-0.61124325,0.13895781338214874,0.13008129596710205,0.0806039497256279
YOR060C,YDR443C,0,-0.61125463,0.13878563046455383,0.13008129596710205,0.08072008937597275
YDL008W,YDL209C,0,-0.61129355,0.13861386477947235,0.13008129596710205,0.0808362364768982
YCR107W,YOR208W,0,-0.61129785,0.1384425163269043,0.13008129596710205,0.08095238357782364
YOR080W,YBL016W,1,-0.61134493,0.13950617611408234,0.13124273717403412,0.08095238357782364
YDR027C,YHR106W,0,-0.6115985,0.13933415710926056,0.13124273717403412,0.08106852322816849
YMR149W,YBL004W,0,-0.6117607,0.1391625553369522,0.13124273717403412,0.08118467032909393
YOL017W,YOR208W,0,-0.611765,0.13899138569831848,0.13124273717403412,0.08130080997943878
YNL197C,YHR073W,1,-0.6118145,0.14004914462566376,0.1324041783809662,0.08130080997943878
YFL018C,YCL030C,0,-0.61185944,0.1398773044347763,0.1324041783809662,0.08141695708036423
YBL100W-A,YBR001C,0,-0.6118634,0.13970588147640228,0.1324041783809662,0.08153310418128967
YLR345W,YOR068C,0,-0.61186826,0.13953489065170288,0.1324041783809662,0.08164924383163452
YLR205C,YPL016W,0,-0.6119199,0.1393643021583557,0.1324041783809662,0.08176539093255997
YJR125C,YMR030W,0,-0.6119615,0.13919414579868317,0.1324041783809662,0.08188153058290482
YBR094W,YLL024C,0,-0.6119703,0.13902439177036285,0.1324041783809662,0.08199767768383026
YBR041W,YOR153W,0,-0.6120627,0.13885505497455597,0.1324041783809662,0.0821138247847557
YAR009C,YBR217W,0,-0.6122034,0.1386861354112625,0.1324041783809662,0.08222996443510056
YCR024C-A,YBR218C,0,-0.61220443,0.1385176181793213,0.1324041783809662,0.082346111536026
YCL019W,YER142C,0,-0.6122209,0.1383495181798935,0.1324041783809662,0.08246225118637085
YBR114W,YDR025W,0,-0.61225414,0.13818182051181793,0.1324041783809662,0.0825783982872963
YNL128W,YDR028C,0,-0.6123686,0.1380145251750946,0.1324041783809662,0.08269453793764114
YGL013C,YHR031C,0,-0.6123861,0.1378476470708847,0.1324041783809662,0.08281068503856659
YCR070W,YBL002W,0,-0.6124215,0.13768115639686584,0.1324041783809662,0.08292683213949203
YHR128W,YHL004W,0,-0.6124983,0.1375150829553604,0.1324041783809662,0.08304297178983688
YJL127C,YNR019W,0,-0.61253023,0.13734939694404602,0.1324041783809662,0.08315911889076233
YBR301W,YPL106C,0,-0.6125462,0.13718411326408386,0.1324041783809662,0.08327525854110718
YDR531W,YNL046W,0,-0.6126548,0.13701923191547394,0.1324041783809662,0.08339140564203262
YBL040C,YDR259C,0,-0.61289763,0.13685473799705505,0.1324041783809662,0.08350755274295807
YOR181W,YOR329C,0,-0.61298406,0.1366906464099884,0.1324041783809662,0.08362369239330292
YOL098C,YOR257W,0,-0.61304015,0.1365269422531128,0.1324041783809662,0.08373983949422836
YKR075C,YGL227W,0,-0.6130612,0.13636364042758942,0.1324041783809662,0.08385597914457321
YMR297W,YJR007W,0,-0.61312807,0.1362007111310959,0.1324041783809662,0.08397212624549866
YJL184W,YOL071W,0,-0.61316437,0.1360381841659546,0.1324041783809662,0.0840882658958435
YBR009C,YDR148C,0,-0.61324716,0.13587604463100433,0.1324041783809662,0.08420441299676895
YOR155C,YPL068C,0,-0.61324775,0.13571429252624512,0.1324041783809662,0.0843205600976944
YML118W,YML033W,0,-0.6134373,0.13555291295051575,0.1324041783809662,0.08443669974803925
YCL055W,YPR055W,0,-0.61355937,0.13539192080497742,0.1324041783809662,0.08455284684896469
YER051W,YJR058C,0,-0.61360246,0.13523131608963013,0.1324041783809662,0.08466898649930954
YBR083W,YHR073W,1,-0.61364645,0.1362559199333191,0.13356561958789825,0.08466898649930954
YML072C,YOL092W,0,-0.613883,0.13609467446804047,0.13356561958789825,0.08478513360023499
YDR071C,YJL174W,0,-0.6141973,0.1359338015317917,0.13356561958789825,0.08490128070116043
YDR346C,YBL050W,0,-0.6143528,0.13577331602573395,0.13356561958789825,0.08501742035150528
YBR200W,YDR387C,0,-0.6144892,0.13561320304870605,0.13356561958789825,0.08513356745243073
YKL035W,YCR070W,0,-0.61468565,0.1354534775018692,0.13356561958789825,0.08524970710277557
YOR320C,YPL148C,0,-0.61471426,0.1352941244840622,0.13356561958789825,0.08536585420370102
YDR139C,YIL098C,0,-0.6147529,0.13513512909412384,0.13356561958789825,0.08548200130462646
YHR143W-A,YML058W,0,-0.61495936,0.13497652113437653,0.13356561958789825,0.08559814095497131
YCR024C-A,YDR214W,0,-0.614977,0.13481828570365906,0.13356561958789825,0.08571428805589676
YGR092W,YER094C,0,-0.61502105,0.13466042280197144,0.13356561958789825,0.08583042770624161
YAL041W,YPL049C,1,-0.6150336,0.13567250967025757,0.13472706079483032,0.08583042770624161
YPR005C,YKR096W,0,-0.6151768,0.1355140209197998,0.13472706079483032,0.08594657480716705
YLR220W,YAR044W,0,-0.61518335,0.1353558897972107,0.13472706079483032,0.0860627144575119
YDR032C,YNL087W,0,-0.6153458,0.13519813120365143,0.13472706079483032,0.08617886155843735
YBL090W,YNL029C,0,-0.615422,0.135040745139122,0.13472706079483032,0.08629500865936279
YGL045W,YGL121C,1,-0.61542535,0.13604651391506195,0.1358885020017624,0.08629500865936279
YNL094W,YHR039C-B,0,-0.6154363,0.1358885020017624,0.1358885020017624,0.08641114830970764
YDL114W,YKL140W,0,-0.61551815,0.13573086261749268,0.1358885020017624,0.08652729541063309
YPL006W,YDR073W,0,-0.6155279,0.1355735808610916,0.1358885020017624,0.08664343506097794
YOR240W,YJR110W,0,-0.61554766,0.1354166716337204,0.1358885020017624,0.08675958216190338
YKL213C,YAR042W,0,-0.6155515,0.13526012003421783,0.1358885020017624,0.08687572926282883
YGL089C,YNL036W,0,-0.6155671,0.13510392606258392,0.1358885020017624,0.08699186891317368
YKL114C,YER004W,0,-0.6155761,0.13494808971881866,0.1358885020017624,0.08710801601409912
YIL010W,YNR054C,0,-0.6156206,0.13479262590408325,0.1358885020017624,0.08722415566444397
YPR145W,YOR329C,0,-0.6159004,0.1346375197172165,0.1358885020017624,0.08734030276536942
YOR022C,YMR234W,0,-0.61604965,0.1344827562570572,0.1358885020017624,0.08745644241571426
YPR107C,YDR194C,0,-0.6161289,0.13432836532592773,0.1358885020017624,0.08757258951663971
YBL090W,YML067C,0,-0.61620706,0.13417431712150574,0.1358885020017624,0.08768873661756516
YJR125C,YPL101W,0,-0.6162171,0.1340206116437912,0.1358885020017624,0.08780487626791
YER159C,YHR028C,0,-0.61621857,0.1338672786951065,0.1358885020017624,0.08792102336883545
YDL159W,YJL089W,1,-0.61623013,0.1348571479320526,0.13704994320869446,0.08792102336883545
YBR100W,YKR087C,0,-0.61633766,0.13470318913459778,0.13704994320869446,0.0880371630191803
YDL020C,YKL012W,0,-0.6163994,0.1345496028661728,0.13704994320869446,0.08815331012010574
YIL033C,YGL231C,0,-0.6164695,0.13439635932445526,0.13704994320869446,0.08826945722103119
YPR081C,YNR054C,0,-0.61667234,0.1342434585094452,0.13704994320869446,0.08838559687137604
YGL045W,YHL007C,1,-0.6167855,0.1352272778749466,0.13821138441562653,0.08838559687137604
YNL294C,YAL056W,1,-0.61682165,0.13620884716510773,0.1393728256225586,0.08838559687137604
YHR011W,YLR083C,1,-0.6168579,0.13718821108341217,0.14053426682949066,0.08838559687137604
YNL053W,YLL066C,0,-0.6168694,0.13703283667564392,0.14053426682949066,0.08850174397230148
YCL010C,YOR128C,0,-0.616954,0.13687783479690552,0.14053426682949066,0.08861788362264633
YGL121C,YHR084W,1,-0.6170427,0.13785310089588165,0.14169570803642273,0.08861788362264633
YGL045W,YDR477W,1,-0.61710566,0.1388261914253235,0.1428571492433548,0.08861788362264633
YCR069W,YOL060C,0,-0.6171295,0.1386696696281433,0.1428571492433548,0.08873403072357178
YPL203W,YNL197C,1,-0.6171975,0.13963964581489563,0.14401859045028687,0.08873403072357178
YBL040C,YKL048C,0,-0.6172012,0.1394825577735901,0.14401859045028687,0.08885017782449722
YKR080W,YKL046C,0,-0.61726475,0.1393258422613144,0.14401859045028687,0.08896631747484207
YBL006C,YML040W,0,-0.61740524,0.13916946947574615,0.14401859045028687,0.08908246457576752
YOR375C,YAL023C,0,-0.617427,0.13901345431804657,0.14401859045028687,0.08919860422611237
YDR379W,YLR083C,1,-0.6174339,0.1399776041507721,0.14518001675605774,0.08919860422611237
YLR037C,YOR153W,0,-0.61745805,0.13982102274894714,0.14518001675605774,0.08931475132703781
YOR315W,YML019W,0,-0.61757743,0.13966479897499084,0.14518001675605774,0.08943089097738266
YNL288W,YHR045W,0,-0.6176468,0.1395089328289032,0.14518001675605774,0.0895470380783081
YHR011W,YMR116C,1,-0.6178694,0.14046822488307953,0.1463414579629898,0.0895470380783081
YIL110W,YML048W,0,-0.61791635,0.1403118073940277,0.1463414579629898,0.08966318517923355
YML072C,YDR320C-A,0,-0.6179905,0.14015573263168335,0.1463414579629898,0.0897793248295784
YOR265W,YDR170W-A,0,-0.61800957,0.14000000059604645,0.1463414579629898,0.08989547193050385
YGR038C-B,YOR143C,0,-0.6182623,0.139844611287117,0.1463414579629898,0.0900116115808487
YDR363W-A,YDR316W-B,0,-0.61837614,0.1396895796060562,0.1463414579629898,0.09012775868177414
YDR541C,YPL221W,0,-0.618392,0.13953489065170288,0.1463414579629898,0.09024390578269958
YER127W,YDR448W,0,-0.61849445,0.1393805295228958,0.1463414579629898,0.09036004543304443
YCR073C,YAR042W,0,-0.6185282,0.1392265260219574,0.1463414579629898,0.09047619253396988
YMR083W,YIL157C,0,-0.61872715,0.13907285034656525,0.1463414579629898,0.09059233218431473
YLR426W,YBR090C-A,0,-0.6189106,0.13891951739788055,0.1463414579629898,0.09070847928524017
YBR100W,YOL088C,0,-0.61907035,0.13876652717590332,0.1463414579629898,0.09082461893558502
YCL045C,YOL071W,0,-0.6190857,0.13861386477947235,0.1463414579629898,0.09094076603651047
YDR099W,YDR045C,0,-0.6191014,0.13846154510974884,0.1463414579629898,0.09105691313743591
YDR435C,YLR441C,0,-0.6191839,0.1383095532655716,0.1463414579629898,0.09117305278778076
YGR249W,YLL067C,0,-0.6192217,0.1381578892469406,0.1463414579629898,0.09128919988870621
YHR147C,YNR038W,0,-0.6193023,0.1380065679550171,0.1463414579629898,0.09140533953905106
YOR128C,YDR447C,0,-0.6193563,0.13785557448863983,0.1463414579629898,0.0915214866399765
YKL150W,YFR027W,0,-0.6193932,0.13770492374897003,0.1463414579629898,0.09163763374090195
YPR063C,YNR052C,0,-0.6194055,0.1375545859336853,0.1463414579629898,0.0917537733912468
YJR073C,YDL141W,0,-0.61944914,0.13740457594394684,0.1463414579629898,0.09186992049217224
YDL134C-A,YJL110C,0,-0.6194603,0.13725490868091583,0.1463414579629898,0.09198606014251709
YHR150W,YOR214C,0,-0.61948574,0.1371055543422699,0.1463414579629898,0.09210220724344254
YMR170C,YOR179C,0,-0.61948675,0.13695652782917023,0.1463414579629898,0.09221835434436798
YDR034C-C,YFL008W,0,-0.61950004,0.13680781424045563,0.1463414579629898,0.09233449399471283
YJR064W,YOL052C-A,0,-0.61982274,0.1366594433784485,0.1463414579629898,0.09245064109563828
YLR002C,YKL141W,0,-0.61996025,0.13651137053966522,0.1463414579629898,0.09256678074598312
YKR095W,YOR267C,0,-0.6199629,0.13636364042758942,0.1463414579629898,0.09268292784690857
YIL098C,YNL132W,0,-0.61998785,0.13621622323989868,0.1463414579629898,0.09279906749725342
YOR027W,YAL035W,0,-0.62007,0.13606911897659302,0.1463414579629898,0.09291521459817886
YLR284C,YFR014C,0,-0.62010604,0.13592232763767242,0.1463414579629898,0.09303136169910431
YBR114W,YBL051C,0,-0.6201073,0.1357758641242981,0.1463414579629898,0.09314750134944916
YOL103W-A,YJL168C,0,-0.62011755,0.13562971353530884,0.1463414579629898,0.0932636484503746
YBR231C,YLR238W,0,-0.6201309,0.13548387587070465,0.1463414579629898,0.09337978810071945
YGL208W,YMR316W,1,-0.6201831,0.13641245663166046,0.14750289916992188,0.09337978810071945
YJL174W,YCR058C,0,-0.6202156,0.1362660974264145,0.14750289916992188,0.0934959352016449
YPL146C,YHR101C,0,-0.6202285,0.1361200362443924,0.14750289916992188,0.09361208230257034
YNL197C,YBL016W,1,-0.6202483,0.1370449662208557,0.14866434037685394,0.09361208230257034
YOR335C,YCL038C,0,-0.6202935,0.13689839839935303,0.14866434037685394,0.09372822195291519
YLL022C,YAL058W,0,-0.620659,0.1367521435022354,0.14866434037685394,0.09384436905384064
YNL190W,YNL041C,0,-0.6208253,0.13660618662834167,0.14866434037685394,0.09396050870418549
YDL185W,YBR168W,0,-0.6208443,0.1364605575799942,0.14866434037685394,0.09407665580511093
YIL087C,YML077W,0,-0.6208635,0.1363152265548706,0.14866434037685394,0.09419279545545578
YEL003W,YAL005C,0,-0.6209136,0.13617020845413208,0.14866434037685394,0.09430894255638123
YDR103W,YHL007C,1,-0.62111294,0.13708820939064026,0.149825781583786,0.09430894255638123
YMR058W,YHR214C-C,0,-0.621144,0.13694266974925995,0.149825781583786,0.09442508965730667
YER061C,YJR015W,0,-0.62115014,0.1367974579334259,0.149825781583786,0.09454122930765152
YJR098C,YML096W,0,-0.6211791,0.13665254414081573,0.149825781583786,0.09465737640857697
YOR103C,YGR120C,0,-0.6212641,0.13650794327259064,0.149825781583786,0.09477351605892181
YPR103W,YCR047C,0,-0.62127006,0.13636364042758942,0.149825781583786,0.09488966315984726
YIL050W,YDR432W,0,-0.62132514,0.13621963560581207,0.149825781583786,0.0950058102607727
YER178W,YHL020C,0,-0.6213394,0.1360759437084198,0.149825781583786,0.09512194991111755
YBR090C-A,YDR077W,0,-0.62138677,0.1359325647354126,0.149825781583786,0.095238097012043
YLR333C,YBR024W,0,-0.62138724,0.13578946888446808,0.149825781583786,0.09535423666238785
YCR029C-A,YGL095C,0,-0.6214041,0.13564668595790863,0.149825781583786,0.0954703837633133
YHR114W,YIR002C,0,-0.62140954,0.13550420105457306,0.149825781583786,0.09558653086423874
YHR214C-C,YKL017C,0,-0.621457,0.13536201417446136,0.149825781583786,0.09570267051458359
YER108C,YIR019C,1,-0.6215824,0.13626834750175476,0.15098722279071808,0.09570267051458359
YHR171W,YHR143W-A,0,-0.6216356,0.13612565398216248,0.15098722279071808,0.09581881761550903
YJL137C,YCL012W,0,-0.62164295,0.13598325848579407,0.15098722279071808,0.09593495726585388
YPR005C,YCR070W,0,-0.6216926,0.13584117591381073,0.15098722279071808,0.09605110436677933
YBR012W-B,YDR009W,0,-0.62169623,0.13569937646389008,0.15098722279071808,0.09616724401712418
YPL156C,YMR092C,0,-0.62178326,0.1355578750371933,0.15098722279071808,0.09628339111804962
YIR037W,YBL027W,0,-0.62179816,0.1354166716337204,0.15098722279071808,0.09639953821897507
YMR051C,YJR052W,0,-0.6218057,0.13527575135231018,0.15098722279071808,0.09651567786931992
YGL213C,YER071C,0,-0.62188995,0.13513512909412384,0.15098722279071808,0.09663182497024536
YOR361C,YGR027W-A,0,-0.62199104,0.13499480485916138,0.15098722279071808,0.09674796462059021
YKL173W,YOR066W,0,-0.62201947,0.1348547786474228,0.15098722279071808,0.09686411172151566
YPR063C,YGR055W,0,-0.6220223,0.1347150206565857,0.15098722279071808,0.0969802588224411
YGR027W-B,YHR007C,0,-0.6220411,0.13457557559013367,0.15098722279071808,0.09709639847278595
YNL031C,YKL014C,0,-0.62211275,0.13443639874458313,0.15098722279071808,0.0972125455737114
YLR357W,YFL062W,0,-0.62212515,0.13429751992225647,0.15098722279071808,0.09732868522405624
YMR198W,YGL151W,0,-0.6222857,0.1341589242219925,0.15098722279071808,0.09744483232498169
YLR227W-A,YOR046C,0,-0.6223457,0.1340206116437912,0.15098722279071808,0.09756097197532654
YPR158W-A,YKL014C,0,-0.62242913,0.13388259708881378,0.15098722279071808,0.09767711907625198
YOL152W,YDR121W,0,-0.6224775,0.13374485075473785,0.15098722279071808,0.09779326617717743
YOR076C,YJR045C,0,-0.622485,0.1336074024438858,0.15098722279071808,0.09790940582752228
YER095W,YPL123C,0,-0.6225542,0.13347022235393524,0.15098722279071808,0.09802555292844772
YOR192C-B,YNL190W,0,-0.6225585,0.13333334028720856,0.15098722279071808,0.09814169257879257
YPL018W,YDL110C,0,-0.6226727,0.13319672644138336,0.15098722279071808,0.09825783967971802
YJL209W,YJR121W,0,-0.6226797,0.13306039571762085,0.15098722279071808,0.09837398678064346
YPL020C,YAL053W,0,-0.6227455,0.13292433321475983,0.15098722279071808,0.09849012643098831
YHR214C-C,YDR448W,0,-0.6229131,0.1327885538339615,0.15098722279071808,0.09860627353191376
YHR216W,YDR347W,0,-0.6231352,0.13265305757522583,0.15098722279071808,0.0987224131822586
YPR148C,YLR092W,0,-0.6231381,0.13251784443855286,0.15098722279071808,0.09883856028318405
YBR291C,YOR090C,0,-0.6231917,0.13238288462162018,0.15098722279071808,0.0989547073841095
YER127W,YHR083W,0,-0.6231992,0.13224822282791138,0.15098722279071808,0.09907084703445435
YER072W,YKL195W,0,-0.6232484,0.13211381435394287,0.15098722279071808,0.09918699413537979
YOR083W,YER082C,0,-0.62334394,0.13197968900203705,0.15098722279071808,0.09930313378572464
YER081W,YOR231W,0,-0.6233984,0.1318458467721939,0.15098722279071808,0.09941928088665009
YBR079C,YNL054W-B,0,-0.6234348,0.13171225786209106,0.15098722279071808,0.09953542053699493
YAL041W,YHR111W,1,-0.6234543,0.1325910985469818,0.15214866399765015,0.09953542053699493
YNL190W,YPR029C,0,-0.6234796,0.13245703279972076,0.15214866399765015,0.09965156763792038
YLR214W,YLR099C,0,-0.62351286,0.1323232352733612,0.15214866399765015,0.09976771473884583
YNL115C,YER051W,0,-0.62352407,0.13218970596790314,0.15214866399765015,0.09988385438919067
YER005W,YDR175C,0,-0.62359387,0.13205644488334656,0.15214866399765015,0.10000000149011612
YBR210W,YNL096C,0,-0.62365305,0.13192346692085266,0.15214866399765015,0.10011614114046097
YPL207W,YOR343W-A,0,-0.6236726,0.13179074227809906,0.15214866399765015,0.10023228824138641
YPL060C-A,YCR072C,0,-0.6237352,0.13165828585624695,0.15214866399765015,0.10034843534231186
YFL062W,YGR109W-A,0,-0.62381864,0.13152609765529633,0.15214866399765015,0.10046457499265671
YPL068C,YDR365W-A,0,-0.6238395,0.1313941776752472,0.15214866399765015,0.10058072209358215
YJL139C,YHR214C-C,0,-0.6238854,0.13126252591609955,0.15214866399765015,0.100696861743927
YOL121C,YDL149W,0,-0.6239008,0.1311311274766922,0.15214866399765015,0.10081300884485245
YHR190W,YLR378C,0,-0.6240156,0.13099999725818634,0.15214866399765015,0.1009291484951973
YPR158W-B,YBR193C,0,-0.62402725,0.13086913526058197,0.15214866399765015,0.10104529559612274
YDR316W-A,YOL067C,0,-0.6240648,0.1307385265827179,0.15214866399765015,0.10116144269704819
YBL016W,YDR477W,1,-0.6240935,0.13160517811775208,0.15331010520458221,0.10116144269704819
YGR027W-B,YLR035C,0,-0.6241232,0.131474107503891,0.15331010520458221,0.10127758234739304
YJL018W,YDR441C,0,-0.6241311,0.1313432902097702,0.15331010520458221,0.10139372944831848
YDR098C-A,YNL003C,0,-0.62413573,0.1312127262353897,0.15331010520458221,0.10150986909866333
YDL066W,YNL137C,0,-0.62415135,0.1310824304819107,0.15331010520458221,0.10162601619958878
YDR541C,YEL046C,0,-0.6241708,0.130952388048172,0.15331010520458221,0.10174216330051422
YHR067W,YLR154W-C,0,-0.62420666,0.13082259893417358,0.15331010520458221,0.10185830295085907
YPL066W,YGL021W,0,-0.62427425,0.13069306313991547,0.15331010520458221,0.10197445005178452
YHR111W,YPL115C,1,-0.6243051,0.13155291974544525,0.15447154641151428,0.10197445005178452
YLR034C,YDR322W,0,-0.6243416,0.13142292201519012,0.15447154641151428,0.10209058970212936
YLR247C,YDR316W-A,0,-0.6243548,0.1312931925058365,0.15447154641151428,0.10220673680305481
YDR206W,YJR090C,0,-0.6244303,0.13116370141506195,0.15447154641151428,0.10232288390398026
YFR009W,YER141W,0,-0.6244698,0.1310344785451889,0.15447154641151428,0.1024390235543251
YJL020C,YDR034C-D,0,-0.62448,0.13090550899505615,0.15447154641151428,0.10255517065525055
YOL148C,YDR210C-D,0,-0.6244842,0.1307767927646637,0.15447154641151428,0.1026713103055954
YDR200C,YDR098C-A,0,-0.62451124,0.13064832985401154,0.15447154641151428,0.10278745740652084
YEL044W,YDR365W-A,0,-0.62458426,0.13052012026309967,0.15447154641151428,0.10290359705686569
YPL068C,YMR293C,0,-0.62458503,0.1303921639919281,0.15447154641151428,0.10301974415779114
YPL257W-A,YEL051W,0,-0.6246302,0.13026444613933563,0.15447154641151428,0.10313589125871658
YHL047C,YJL028W,0,-0.624632,0.13013698160648346,0.15447154641151428,0.10325203090906143
YGR161C-C,YOL012C,0,-0.62463856,0.13000977039337158,0.15447154641151428,0.10336817800998688
YIL101C,YIL147C,0,-0.6246455,0.1298828125,0.15447154641151428,0.10348431766033173
YPL141C,YBR258C,0,-0.62471294,0.12975609302520752,0.15447154641151428,0.10360046476125717
YJR010C-A,YGR038C-A,0,-0.6247282,0.12962962687015533,0.15447154641151428,0.10371661186218262
YBR156C,YDR098C-A,0,-0.62474287,0.12950341403484344,0.15447154641151428,0.10383275151252747
YHR214W,YBL046W,0,-0.6247792,0.12937742471694946,0.15447154641151428,0.10394889861345291
YGL087C,YNL284C-B,0,-0.6248305,0.12925170361995697,0.15447154641151428,0.10406503826379776
YER108C,YOL116W,1,-0.6249297,0.13009709119796753,0.15563298761844635,0.10406503826379776
YGR161C-C,YCR035C,0,-0.62499523,0.12997090816497803,0.15563298761844635,0.1041811853647232
YLR040C,YIL013C,0,-0.6251322,0.12984496355056763,0.15563298761844635,0.10429732501506805
YPL270W,YAL003W,0,-0.6251718,0.12971925735473633,0.15563298761844635,0.1044134721159935
YJL102W,YOR241W,0,-0.62519634,0.12959380447864532,0.15563298761844635,0.10452961921691895
YHR001W,YJL122W,0,-0.62521815,0.12946860492229462,0.15563298761844635,0.1046457588672638
YHR096C,YCL001W,0,-0.62523264,0.12934362888336182,0.15563298761844635,0.10476190596818924
YOL067C,YLL066C,0,-0.6252612,0.1292189061641693,0.15563298761844635,0.10487804561853409
YJL139C,YMR165C,0,-0.62531245,0.12909440696239471,0.15563298761844635,0.10499419271945953
YDR098C-A,YJL074C,0,-0.6253792,0.1289701610803604,0.15563298761844635,0.10511033982038498
YBR056W,YMR127C,0,-0.6253919,0.1288461536169052,0.15563298761844635,0.10522647947072983
YPR065W,YLR157C-B,0,-0.62548554,0.1287223845720291,0.15563298761844635,0.10534262657165527
YMR257C,YDR395W,0,-0.62551796,0.12859885394573212,0.15563298761844635,0.10545876622200012
YKL167C,YBL087C,0,-0.62556934,0.12847554683685303,0.15563298761844635,0.10557491332292557
YPL138C,YOL146W,0,-0.6256316,0.12835249304771423,0.15563298761844635,0.10569106042385101
YLL013C,YDR210W-B,0,-0.62564623,0.12822966277599335,0.15563298761844635,0.10580720007419586
YDR186C,YOR343W-A,0,-0.6257255,0.12810707092285156,0.15563298761844635,0.10592334717512131
YLR227W-A,YBR164C,0,-0.62572753,0.12798471748828888,0.15563298761844635,0.10603948682546616
YOR192C-A,YFR028C,0,-0.6257425,0.1278626024723053,0.15563298761844635,0.1061556339263916
YPL236C,YPL268W,0,-0.62575483,0.12774071097373962,0.15563298761844635,0.10627177357673645
YOR343W-A,YMR314W,0,-0.62578917,0.12761904299259186,0.15563298761844635,0.1063879206776619
YLR057W,YGR209C,0,-0.62585765,0.1274976283311844,0.15563298761844635,0.10650406777858734
YGR038C-B,YBR036C,0,-0.6258781,0.12737642228603363,0.15563298761844635,0.10662020742893219
YDR098C-B,YIL117C,0,-0.62592924,0.12725545465946198,0.15563298761844635,0.10673635452985764
YHR079C-B,YKL160W,0,-0.6259304,0.12713472545146942,0.15563298761844635,0.10685249418020248
YGR161W-A,YLL042C,0,-0.62599146,0.12701421976089478,0.15563298761844635,0.10696864128112793
YMR036C,YGR161C-D,0,-0.6259937,0.12689393758773804,0.15563298761844635,0.10708478838205338
YGL175C,YDR069C,0,-0.6260022,0.1267738938331604,0.15563298761844635,0.10720092803239822
YGL208W,YOR371C,1,-0.62610114,0.12759923934936523,0.15679442882537842,0.10720092803239822
YDR200C,YGR038C-B,0,-0.6262505,0.12747874855995178,0.15679442882537842,0.10731707513332367
YNL054W-A,YBR004C,0,-0.6262772,0.12735849618911743,0.15679442882537842,0.10743321478366852
YLL028W,YLR142W,0,-0.6263703,0.1272384524345398,0.15679442882537842,0.10754936188459396
YCL062W,YKL212W,0,-0.62637496,0.12711864709854126,0.15679442882537842,0.10766550153493881
YLL042C,YOL032W,0,-0.62641543,0.12699906527996063,0.15679442882537842,0.10778164863586426
YDL115C,YHL009W-B,0,-0.62641835,0.12687969207763672,0.15679442882537842,0.1078977957367897
YHL007C,YAL056W,1,-0.62644994,0.12769952416419983,0.15795587003231049,0.1078977957367897
YER087C-A,YGR027W-A,0,-0.626564,0.1275797337293625,0.15795587003231049,0.10801393538713455
YMR170C,YDR448W,0,-0.6265658,0.12746016681194305,0.15795587003231049,0.10813008248806
YDR253C,YEL038W,0,-0.6266134,0.12734082341194153,0.15795587003231049,0.10824622213840485
YDR506C,YGL099W,0,-0.6266501,0.1272217035293579,0.15795587003231049,0.10836236923933029
YLR134W,YBR168W,0,-0.62678224,0.1271028071641922,0.15795587003231049,0.10847851634025574
YNL245C,YDR018C,0,-0.62681437,0.1269841343164444,0.15795587003231049,0.10859465599060059
YNL325C,YAR066W,0,-0.62684774,0.1268656700849533,0.15795587003231049,0.10871080309152603
YDR316W-B,YIL154C,0,-0.626892,0.12674744427204132,0.15795587003231049,0.10882694274187088
YIR010W,YPR137C-B,0,-0.6269431,0.12662942707538605,0.15795587003231049,0.10894308984279633
YBL057C,YGR161C-D,0,-0.6269431,0.12651163339614868,0.15795587003231049,0.10905923694372177
YAL008W,YPR137C-B,0,-0.6269531,0.12639404833316803,0.15795587003231049,0.10917537659406662
YER133W,YPR158W-A,0,-0.6269642,0.12627670168876648,0.15795587003231049,0.10929152369499207
YBL037W,YJR098C,0,-0.6270283,0.12615954875946045,0.15795587003231049,0.10940766334533691
YLR157C-B,YGR278W,0,-0.6270542,0.12604263424873352,0.15795587003231049,0.10952381044626236
YDR034C-C,YBR089C-A,0,-0.62708205,0.1259259283542633,0.15795587003231049,0.10963995009660721
YKL178C,YCR070W,0,-0.6270906,0.1258094310760498,0.15795587003231049,0.10975609719753265
YDR365W-A,YPL037C,0,-0.62711763,0.1256931573152542,0.15795587003231049,0.1098722442984581
YGR027W-B,YOL029C,0,-0.62712765,0.12557710707187653,0.15795587003231049,0.10998838394880295
YPR104C,YDR261C-C,0,-0.62713987,0.12546125054359436,0.15795587003231049,0.1101045310497284
YBR166C,YMR024W,0,-0.62715185,0.1253456175327301,0.15795587003231049,0.11022067070007324
YOR077W,YLR157C-B,0,-0.62718093,0.12523020803928375,0.15795587003231049,0.11033681780099869
YGL098W,YPL257W-A,0,-0.6272055,0.12511499226093292,0.15795587003231049,0.11045296490192413
YGR027W-B,YML094W,0,-0.62720656,0.125,0.15795587003231049,0.11056910455226898
YKL109W,YBR106W,0,-0.6272069,0.12488521635532379,0.15795587003231049,0.11068525165319443
YJL123C,YNL317W,0,-0.6272725,0.1247706413269043,0.15795587003231049,0.11080139130353928
YPL149W,YHL009W-B,0,-0.62730324,0.12465628236532211,0.15795587003231049,0.11091753840446472
YGR161C-D,YFL005W,0,-0.62735164,0.12454212456941605,0.15795587003231049,0.11103367805480957
YHR214C-C,YFR027W,0,-0.62738335,0.12442818284034729,0.15795587003231049,0.11114982515573502
YGR161C-D,YNL049C,0,-0.62738836,0.12431444227695465,0.15795587003231049,0.11126597225666046
YGR161C-C,YLR256W,0,-0.62742335,0.12420091032981873,0.15795587003231049,0.11138211190700531
YDR169C,YGR038C-B,0,-0.62754285,0.12408759444952011,0.15795587003231049,0.11149825900793076
YLR227W-A,YEL077C,0,-0.62756336,0.12397447228431702,0.15795587003231049,0.1116143986582756
YDR043C,YBR083W,1,-0.6275985,0.12477231025695801,0.15911731123924255,0.1116143986582756
YBL084C,YPR158W-A,0,-0.62760454,0.12465877830982208,0.15911731123924255,0.11173054575920105
YGR038C-B,YGR218W,0,-0.6277324,0.12454545497894287,0.15911731123924255,0.1118466928601265
YDR227W,YDR007W,0,-0.6277651,0.12443233281373978,0.15911731123924255,0.11196283251047134
YDL146W,YGR035C,0,-0.62777865,0.1243194192647934,0.15911731123924255,0.11207897961139679
YOR022C,YER112W,0,-0.62778866,0.12420670688152313,0.15911731123924255,0.11219511926174164
YOR192C-A,YCL040W,0,-0.62782604,0.12409420311450958,0.15911731123924255,0.11231126636266708
YGR161C-C,YOL077C,0,-0.6278583,0.12398190051317215,0.15911731123924255,0.11242741346359253
YGR161C-D,YGR202C,0,-0.62789553,0.12386979907751083,0.15911731123924255,0.11254355311393738
YER018C,YAL061W,0,-0.6278973,0.12375790625810623,0.15911731123924255,0.11265970021486282
YPR158W-B,YOR179C,0,-0.6279133,0.12364620715379715,0.15911731123924255,0.11277583986520767
YGR027W-A,YOL032W,0,-0.6279272,0.12353471666574478,0.15911731123924255,0.11289198696613312
YGR046W,YGR240C,0,-0.62798953,0.12342341989278793,0.15911731123924255,0.11300812661647797
YBL100W-B,YML081W,0,-0.62801945,0.1233123317360878,0.15911731123924255,0.11312427371740341
YOR088W,YNL222W,0,-0.6280285,0.12320143729448318,0.15911731123924255,0.11324042081832886
YDR210C-D,YDR113C,0,-0.62803113,0.12309074401855469,0.15911731123924255,0.1133565604686737
YBR204C,YPL169C,0,-0.628034,0.12298025190830231,0.15911731123924255,0.11347270756959915
YER061C,YPR158C-D,0,-0.62805754,0.12286995351314545,0.15911731123924255,0.113588847219944
YNL220W,YPR158C-D,0,-0.62808,0.1227598562836647,0.15911731123924255,0.11370499432086945
YPL060C-A,YJL153C,0,-0.6280823,0.12264995276927948,0.15911731123924255,0.11382114142179489
YDR210W-B,YDR242W,0,-0.628101,0.12254025042057037,0.15911731123924255,0.11393728107213974
YOL077W-A,YPR094W,0,-0.6281146,0.12243074178695679,0.15911731123924255,0.11405342817306519
YKR052C,YGR109W-A,0,-0.6281495,0.12232142686843872,0.15911731123924255,0.11416956782341003
YIL013C,YGR109W-A,0,-0.62816215,0.12221231311559677,0.15911731123924255,0.11428571492433548
YLR421C,YOR306C,0,-0.6281767,0.12210338562726974,0.15911731123924255,0.11440186202526093
YFR024C-A,YGR083C,0,-0.6281918,0.12199465930461884,0.15911731123924255,0.11451800167560577
YPR137C-B,YCR105W,0,-0.62820745,0.12188611924648285,0.15911731123924255,0.11463414877653122
YKL048C,YBR241C,0,-0.62820864,0.12177778035402298,0.15911731123924255,0.11475028842687607
YPL090C,YPL085W,0,-0.6282104,0.12166962772607803,0.15911731123924255,0.11486643552780151
YJL143W,YNL151C,0,-0.6282203,0.12156166881322861,0.15911731123924255,0.11498257517814636
YCR005C,YNL054W-A,0,-0.6282896,0.1214539036154747,0.15911731123924255,0.11509872227907181
YLR448W,YAL053W,0,-0.62830746,0.12134632468223572,0.15911731123924255,0.11521486937999725
YOL103W-A,YPL020C,0,-0.62833554,0.12123893946409225,0.15911731123924255,0.1153310090303421
YLR229C,YBL016W,1,-0.628355,0.12201591581106186,0.16027875244617462,0.1153310090303421
YEL077C,YDR294C,0,-0.6283869,0.12190812826156616,0.16027875244617462,0.11544715613126755
YEL021W,YPL280W,0,-0.6284056,0.12180052697658539,0.16027875244617462,0.1155632957816124
YNL264C,YPR158W-B,0,-0.62842727,0.12169311940670013,0.16027875244617462,0.11567944288253784
YKL218C,YNL054W-A,0,-0.6284667,0.1215859055519104,0.16027875244617462,0.11579558998346329
YDR210W-C,YPL224C,0,-0.6285174,0.12147887051105499,0.16027875244617462,0.11591172963380814
YFL018W-A,YMR130W,0,-0.6285174,0.1213720291852951,0.16027875244617462,0.11602787673473358
YHL009W-A,YJL153C,0,-0.6285174,0.12126538157463074,0.16027875244617462,0.11614401638507843
YER074W-A,YCR023C,0,-0.6285174,0.1211589127779007,0.16027875244617462,0.11626016348600388
YNR030W,YOR343C-A,0,-0.6285174,0.12105263024568558,0.16027875244617462,0.11637630313634872
YAL011W,YBL008W-A,0,-0.6285174,0.12094654142856598,0.16027875244617462,0.11649245023727417
YMR094W,YHR214W-G,0,-0.6285174,0.1208406314253807,0.16027875244617462,0.11660859733819962
YDL038C,YHR140W,0,-0.6285174,0.12073490768671036,0.16027875244617462,0.11672473698854446
YNL024C-A,YBR212W,0,-0.6285174,0.12062937021255493,0.16027875244617462,0.11684088408946991
YJR120W,YDR524C-B,0,-0.6285174,0.12052401900291443,0.16027875244617462,0.11695702373981476
YOR343C-A,YKR062W,0,-0.6285174,0.12041884660720825,0.16027875244617462,0.1170731708407402
YJR134C,YOR343C-B,0,-0.6285174,0.120313860476017,0.16027875244617462,0.11718931794166565
YOR240W,YNR071C,0,-0.6285174,0.12020906060934067,0.16027875244617462,0.1173054575920105
YBL101W-A,YBR114W,0,-0.6285174,0.12010443955659866,0.16027875244617462,0.11742160469293594
YBR236C,YER053C-A,0,-0.6285174,0.11999999731779099,0.16027875244617462,0.11753774434328079
YDL114W,YLR157C-A,0,-0.6285174,0.11989574134349823,0.16027875244617462,0.11765389144420624
YDR288W,YBL008W-A,0,-0.6285174,0.1197916641831398,0.16027875244617462,0.11777003854513168
YKL156W,YER053C-A,0,-0.6285174,0.1196877732872963,0.16027875244617462,0.11788617819547653
YJR158W,YHR214W-G,0,-0.6285174,0.11958405375480652,0.16027875244617462,0.11800232529640198
YGL258W-A,YIR012W,0,-0.6285174,0.11948052048683167,0.16027875244617462,0.11811846494674683
YDL211C,YDR210W-D,0,-0.6285174,0.11937716603279114,0.16027875244617462,0.11823461204767227
YBR200W-A,YGR195W,0,-0.6285174,0.11927398294210434,0.16027875244617462,0.11835075169801712
YGL258W-A,YGL131C,0,-0.6285174,0.11917098611593246,0.16027875244617462,0.11846689879894257
YER068W,YDR524C-B,0,-0.6285174,0.11906816065311432,0.16027875244617462,0.11858304589986801
YPR158W-B,YGL201C,0,-0.6285174,0.1189655140042305,0.16027875244617462,0.11869918555021286
YNR071C,YPR158C-D,0,-0.6285174,0.118863046169281,0.16027875244617462,0.1188153326511383
YCL048W-A,YGL156W,0,-0.6285174,0.11876075714826584,0.16027875244617462,0.11893147230148315
YDR210W-D,YJL080C,0,-0.6285174,0.1186586394906044,0.16027875244617462,0.1190476194024086
YLR157C-A,YHR200W,0,-0.6285174,0.11855670064687729,0.16027875244617462,0.11916376650333405
YER053C-A,YOL132W,0,-0.6285174,0.1184549331665039,0.16027875244617462,0.1192799061536789
YNL124W,YOR343C-B,0,-0.6285174,0.11835334450006485,0.16027875244617462,0.11939605325460434
YLR337W,YDR387C,0,-0.6285174,0.11825192719697952,0.16027875244617462,0.11951219290494919
YJL057C,YBL008W-A,0,-0.6285174,0.11815068125724792,0.16027875244617462,0.11962834000587463
YJL133C-A,YGL187C,0,-0.6285174,0.11804961413145065,0.16027875244617462,0.11974447965621948
YHL009W-A,YHR202W,0,-0.6285174,0.11794871836900711,0.16027875244617462,0.11986062675714493
YPL060C-A,YBR200W-A,0,-0.6285174,0.1178479939699173,0.16027875244617462,0.11997677385807037
YER102W,YGL258W-A,0,-0.6285174,0.11774744093418121,0.16027875244617462,0.12009291350841522
YGL258W-A,YNL087W,0,-0.6285174,0.11764705926179886,0.16027875244617462,0.12020906060934067
YBL101W-A,YPR137C-B,0,-0.6285174,0.11754684895277023,0.16027875244617462,0.12032520025968552
YBR176W,YHR214W-G,0,-0.6285174,0.11744681000709534,0.16027875244617462,0.12044134736061096
YDR210W-C,YKL107W,0,-0.6285174,0.11734694242477417,0.16027875244617462,0.12055749446153641
YFL018W-A,YNR063W,0,-0.6285174,0.11724723875522614,0.16027875244617462,0.12067363411188126
YBL101W-A,YDL102W,0,-0.6285174,0.11714770644903183,0.16027875244617462,0.1207897812128067
YOR343C-A,YER035W,0,-0.6285174,0.11704834550619125,0.16027875244617462,0.12090592086315155
YBL101W-A,YMR282C,0,-0.6285174,0.1169491559267044,0.16027875244617462,0.121022067964077
YOR343C-B,YOR356W,0,-0.6285174,0.11685013025999069,0.16027875244617462,0.12113821506500244
YLR157C-A,YFR025C,0,-0.6285174,0.11675126850605011,0.16027875244617462,0.12125435471534729
YPL192C,YAR070W-A,0,-0.6285174,0.11665257811546326,0.16027875244617462,0.12137050181627274
YOR343C-B,YLR298C,0,-0.6285174,0.11655405163764954,0.16027875244617462,0.12148664146661758
YHR099W,YAR070W-A,0,-0.6285174,0.11645569652318954,0.16027875244617462,0.12160278856754303
YBR200W-A,YJR113C,0,-0.6285174,0.11635750532150269,0.16027875244617462,0.12171892821788788
YGL187C,YCL048W-A,0,-0.6285174,0.11625947803258896,0.16027875244617462,0.12183507531881332
YOR343C-B,YPR007C,0,-0.6285174,0.11616161465644836,0.16027875244617462,0.12195122241973877
YLR157C-A,YNR037C,0,-0.6285174,0.1160639226436615,0.16027875244617462,0.12206736207008362
YLR138W,YDR210W-C,0,-0.6285174,0.11596638709306717,0.16027875244617462,0.12218350917100906
YJL133C-A,YGR244C,0,-0.6285174,0.11586901545524597,0.16027875244617462,0.12229964882135391
YCL048W-A,YIL068C,0,-0.6285174,0.1157718151807785,0.16027875244617462,0.12241579592227936
YBL101W-A,YBR033W,0,-0.6285174,0.11567477136850357,0.16027875244617462,0.1225319430232048
YEL063C,YPR137C-B,0,-0.6285174,0.11557789146900177,0.16027875244617462,0.12264808267354965
YBL101W-A,YDR385W,0,-0.6285174,0.1154811680316925,0.16027875244617462,0.1227642297744751
YNL024C-A,YER180C,0,-0.6285174,0.11538461595773697,0.16027875244617462,0.12288036942481995
YJL133C-A,YHR031C,0,-0.6285174,0.11528822034597397,0.16027875244617462,0.12299651652574539
YNL301C,YHR214W-G,0,-0.6285174,0.1151919886469841,0.16027875244617462,0.12311265617609024
YGR027W-B,YFL018W-A,0,-0.6285174,0.11509591341018677,0.16027875244617462,0.12322880327701569
YNR027W,YAR070W-A,0,-0.6285174,0.11500000208616257,0.16027875244617462,0.12334495037794113
YJR056C,YCR070W,0,-0.6285174,0.1149042472243309,0.16027875244617462,0.12346109002828598
YBL088C,YAR070W-A,0,-0.6285174,0.11480864882469177,0.16027875244617462,0.12357723712921143
YJL133C-A,YBL097W,0,-0.6285174,0.11471321433782578,0.16027875244617462,0.12369337677955627
YLL054C,YBL008W-A,0,-0.6285174,0.11461794376373291,0.16027875244617462,0.12380952388048172
YFL009W,YBR200W-A,0,-0.6285174,0.11452282220125198,0.16027875244617462,0.12392567098140717
YDR210W-D,YOR347C,0,-0.6285174,0.11442785710096359,0.16027875244617462,0.12404181063175201
YDR210W-D,YGR207C,0,-0.6285174,0.11433305591344833,0.16027875244617462,0.12415795773267746
YDR210W-A,YNR059W,0,-0.6285174,0.11423841118812561,0.16027875244617462,0.12427409738302231
YNL311C,YBR200W-A,0,-0.6285174,0.11414392292499542,0.16027875244617462,0.12439024448394775
YHR045W,YHR039C-B,0,-0.6285174,0.11404958367347717,0.16027875244617462,0.1245063915848732
YDR224C,YCL048W-A,0,-0.6285174,0.11395540833473206,0.16027875244617462,0.12462253123521805
YLR051C,YOR343C-A,0,-0.6285174,0.11386138945817947,0.16027875244617462,0.1247386783361435
YBR229C,YGR038C-A,0,-0.6285174,0.11376751959323883,0.16027875244617462,0.12485481798648834
YIL155C,YHL009W-A,0,-0.6285174,0.11367380619049072,0.16027875244617462,0.12497096508741379
YDR210W-C,YGL078C,0,-0.6285174,0.11358024924993515,0.16027875244617462,0.12508711218833923
YCL048W-A,YBR207W,0,-0.6285174,0.11348684132099152,0.16027875244617462,0.12520325183868408
YOR372C,YCL048W-A,0,-0.6285174,0.11339358985424042,0.16027875244617462,0.12531939148902893
YBR212W,YBL008W-A,0,-0.6285174,0.11330049484968185,0.16027875244617462,0.12543554604053497
YBR200W-A,YML063W,0,-0.6285174,0.11320754885673523,0.16027875244617462,0.12555168569087982
YBL047C,YPL060C-A,0,-0.6285174,0.11311475187540054,0.16027875244617462,0.12566782534122467
YJL133C-A,YAL003W,0,-0.6285174,0.11302211135625839,0.16027875244617462,0.12578396499156952
YLR157C-A,YGR008C,0,-0.6285174,0.11292961984872818,0.16027875244617462,0.12590011954307556
YDR210W-D,YML118W,0,-0.6285174,0.1128372848033905,0.16027875244617462,0.1260162591934204
YFL035C-A,YLL053C,0,-0.6285174,0.11274509876966476,0.16027875244617462,0.12613239884376526
YDL060W,YBL008W-A,0,-0.6285174,0.11265306174755096,0.16027875244617462,0.1262485533952713
YKR095W-A,YGR027W-A,0,-0.6285174,0.1125611737370491,0.16027875244617462,0.12636469304561615
YBR200W-A,YIL110W,0,-0.6285174,0.11246943473815918,0.16027875244617462,0.126480832695961
YIR012W,YDR524C-B,0,-0.6285174,0.11237785220146179,0.16027875244617462,0.12659698724746704
YHL028W,YBR200W-A,0,-0.6285174,0.11228641122579575,0.16027875244617462,0.1267131268978119
YBR100W,YPR003C,0,-0.6285174,0.11219511926174164,0.16027875244617462,0.12682926654815674
YAL061W,YHR214W-G,0,-0.6285174,0.11210398375988007,0.16027875244617462,0.1269454061985016
YIR035C,YML033W,0,-0.6285174,0.11201298981904984,0.16027875244617462,0.12706156075000763
YBR041W,YCL048W-A,0,-0.6285174,0.11192213743925095,0.16027875244617462,0.12717770040035248
YNL024C-A,YJR077C,0,-0.6285174,0.11183144152164459,0.16027875244617462,0.12729384005069733
YDR210W-D,YDR287W,0,-0.6285174,0.11174088716506958,0.16027875244617462,0.12740999460220337
YOR343C-B,YIL031W,0,-0.6285174,0.1116504818201065,0.16027875244617462,0.12752613425254822
YJL133C-A,YOR343W-A,0,-0.6285174,0.11156022548675537,0.16027875244617462,0.12764227390289307
YOR343C-B,YDR128W,0,-0.6285174,0.11147011071443558,0.16027875244617462,0.12775841355323792
YPL155C,YJL062W-A,0,-0.6285444,0.11138014495372772,0.16027875244617462,0.12787456810474396
YDL067C,YHR079C-B,0,-0.6286287,0.11129032075405121,0.16027875244617462,0.1279907077550888
YOR224C,YOR028C,0,-0.6286913,0.11120064556598663,0.16027875244617462,0.12810684740543365
YGR188C,YLR157C-B,0,-0.6287651,0.1111111119389534,0.16027875244617462,0.1282230019569397
YPL106C,YGL079W,0,-0.6287949,0.11102171987295151,0.16027875244617462,0.12833914160728455
YOR253W,YKL176C,0,-0.62884593,0.11093247681856155,0.16027875244617462,0.1284552812576294
YPL275W,YIL156W,0,-0.62891376,0.11084337532520294,0.16027875244617462,0.12857143580913544
YLR097C,YFL035C-B,0,-0.6289336,0.11075441539287567,0.16027875244617462,0.12868757545948029
YJR015W,YOR195W,0,-0.62893474,0.11066559702157974,0.16027875244617462,0.12880371510982513
YJL062W-A,YKL193C,0,-0.6290331,0.11057692021131516,0.16027875244617462,0.12891985476016998
YHL008C,YDR098C-B,0,-0.6290343,0.1104883924126625,0.16027875244617462,0.12903600931167603
YOR197W,YIL052C,0,-0.62903494,0.1103999987244606,0.16027875244617462,0.12915214896202087
YPL242C,YDR248C,0,-0.62904274,0.11031175404787064,0.16027875244617462,0.12926828861236572
YPR057W,YGR086C,0,-0.6290588,0.11022364348173141,0.16027875244617462,0.12938444316387177
YMR086W,YNL329C,0,-0.6290996,0.11013567447662354,0.16027875244617462,0.1295005828142166
YNL145W,YKL039W,0,-0.6291539,0.110047847032547,0.16027875244617462,0.12961672246456146
YDR341C,YOL007C,0,-0.62917876,0.1099601611495018,0.16027875244617462,0.1297328621149063
YFR004W,YGR192C,0,-0.6293378,0.10987260937690735,0.16027875244617462,0.12984901666641235
YLR055C,YOR069W,0,-0.6294788,0.10978519916534424,0.16027875244617462,0.1299651563167572
YNL197C,YOR371C,1,-0.6295147,0.11049284785985947,0.1614401787519455,0.1299651563167572
YDL113C,YNL270C,0,-0.6295617,0.1104050800204277,0.1614401787519455,0.13008129596710205
YLR227W-A,YPL101W,0,-0.6295737,0.11031746119260788,0.1614401787519455,0.1301974505186081
YER120W,YCR096C,0,-0.62969196,0.1102299764752388,0.1614401787519455,0.13031359016895294
YER159C-A,YDR515W,0,-0.62969536,0.11014263331890106,0.1614401787519455,0.1304297298192978
YKR059W,YMR139W,0,-0.62977564,0.11005542427301407,0.1614401787519455,0.13054586946964264
YCR036W,YDR261C-C,0,-0.6298357,0.10996835678815842,0.1614401787519455,0.13066202402114868
YGR027W-B,YDR113C,0,-0.62986076,0.10988142341375351,0.1614401787519455,0.13077816367149353
YDR210W-B,YKL188C,0,-0.63004637,0.10979463160037994,0.1614401787519455,0.13089430332183838
YNL136W,YML007W,0,-0.63007236,0.10970797389745712,0.1614401787519455,0.13101045787334442
YLR229C,YOR371C,1,-0.6301386,0.11041009426116943,0.16260161995887756,0.13101045787334442
YPL152W,YDR023W,0,-0.63015765,0.11032308638095856,0.16260161995887756,0.13112659752368927
YDR103W,YGR040W,1,-0.63018966,0.11102361977100372,0.16376306116580963,0.13112659752368927
YMR244C-A,YBR005W,0,-0.6302582,0.11093626916408539,0.16376306116580963,0.13124273717403412
YML059C,YIL136W,0,-0.63027316,0.1108490601181984,0.16376306116580963,0.13135889172554016
YPL239W,YIL051C,0,-0.6303331,0.11076197773218155,0.16376306116580963,0.131475031375885
YML066C,YOL086W-A,0,-0.6304575,0.11067503690719604,0.16376306116580963,0.13159117102622986
YJR088C,YHR034C,0,-0.6305398,0.11058823764324188,0.16376306116580963,0.1317073106765747
YJR017C,YMR195W,0,-0.6305448,0.11050156503915787,0.16376306116580963,0.13182346522808075
YGR178C,YJR117W,0,-0.630558,0.1104150339961052,0.16376306116580963,0.1319396048784256
YGR040W,YDR043C,1,-0.63059896,0.1111111119389534,0.1649245023727417,0.1319396048784256
YGR027W-A,YDR153C,0,-0.63062054,0.11102423816919327,0.1649245023727417,0.13205574452877045
YDL210W,YLR001C,0,-0.63064426,0.11093749850988388,0.1649245023727417,0.1321718990802765
YOL072W,YHR043C,0,-0.6307093,0.11085090041160583,0.1649245023727417,0.13228803873062134
YBR301W,YGR005C,0,-0.6307924,0.11076442897319794,0.1649245023727417,0.1324041783809662
YDL076C,YDR256C,0,-0.63084555,0.11067809909582138,0.1649245023727417,0.13252031803131104
YJR048W,YPR158W-A,0,-0.6308624,0.11059190332889557,0.1649245023727417,0.13263647258281708
YKL055C,YDR210W-A,0,-0.6308694,0.1105058342218399,0.1649245023727417,0.13275261223316193
YOL011W,YPR010C,0,-0.6308795,0.11041990667581558,0.1649245023727417,0.13286875188350677
YAL041W,YNL197C,1,-0.6308811,0.1111111119389534,0.16608594357967377,0.13286875188350677
YHR079C-B,YDR424C,0,-0.6310216,0.11102484166622162,0.16608594357967377,0.13298490643501282
YOR343W-A,YHR094C,0,-0.63111544,0.11093871295452118,0.16608594357967377,0.13310104608535767
YER045C,YOR316C,0,-0.6311216,0.11085271090269089,0.16608594357967377,0.13321718573570251
YGL031C,YCR044C,0,-0.6311727,0.11076685041189194,0.16608594357967377,0.13333334028720856
YBR012W-A,YDL191W,0,-0.6312134,0.11068111658096313,0.16608594357967377,0.1334494799375534
YOR004W,YMR184W,0,-0.63124,0.11059551686048508,0.16608594357967377,0.13356561958789825
YLR066W,YPL128C,0,-0.6312959,0.11051004379987717,0.16608594357967377,0.1336817592382431
YOR319W,YPR137C-B,0,-0.63130593,0.1104247123003006,0.16608594357967377,0.13379791378974915
YKR072C,YDR210W-A,0,-0.6315092,0.11033950746059418,0.16608594357967377,0.133914053440094
YPL088W,YGR194C,0,-0.6315144,0.1102544367313385,0.16608594357967377,0.13403019309043884
YGR027W-A,YOL140W,0,-0.6316904,0.11016949266195297,0.16608594357967377,0.13414634764194489
YDL220C,YGL231C,0,-0.63169134,0.11008468270301819,0.16608594357967377,0.13426248729228973
YDR343C,YCL012W,0,-0.6316949,0.10999999940395355,0.16608594357967377,0.13437862694263458
YBR028C,YDR007W,0,-0.63178086,0.10991545021533966,0.16608594357967377,0.13449476659297943
YJL089W,YMR316W,1,-0.63185847,0.1105990782380104,0.16724738478660583,0.13449476659297943
YML057W,YCR089W,0,-0.631914,0.11051420122385025,0.16724738478660583,0.13461092114448547
YOR348C,YOR043W,0,-0.63196045,0.11042945086956024,0.16724738478660583,0.13472706079483032
YBL087C,YIL075C,0,-0.6320441,0.11034482717514038,0.16724738478660583,0.13484320044517517
YGR038C-B,YOR264W,0,-0.6322369,0.11026033759117126,0.16724738478660583,0.1349593549966812
YDR541C,YFR041C,0,-0.6322681,0.1101759746670723,0.16724738478660583,0.13507549464702606
YFR024C,YER141W,0,-0.6322955,0.11009174585342407,0.16724738478660583,0.1351916342973709
YML012W,YOR063W,0,-0.6323675,0.1100076362490654,0.16724738478660583,0.13530778884887695
YJL196C,YNL322C,0,-0.6324908,0.10992366075515747,0.16724738478660583,0.1354239284992218
YCR008W,YGL151W,0,-0.6325338,0.10983981937170029,0.16724738478660583,0.13554006814956665
YML022W,YNR052C,0,-0.63255847,0.10975609719753265,0.16724738478660583,0.1356562077999115
YGL092W,YDR210W-B,0,-0.63259625,0.10967250913381577,0.16724738478660583,0.13577236235141754
YHR183W,YDR210W-A,0,-0.6326875,0.10958904027938843,0.16724738478660583,0.1358885020017624
YPL203W,YDR480W,1,-0.6326952,0.11026615649461746,0.1684088259935379,0.1358885020017624
YDR073W,YIL075C,0,-0.6327074,0.11018236726522446,0.1684088259935379,0.13600464165210724
YJL073W,YDR307W,0,-0.63286066,0.1100987121462822,0.1684088259935379,0.13612079620361328
YDR206W,YLR023C,0,-0.6330833,0.11001517623662949,0.1684088259935379,0.13623693585395813
YCL062W,YER127W,0,-0.63311565,0.10993176698684692,0.1684088259935379,0.13635307550430298
YOR022C,YHR170W,0,-0.633129,0.10984848439693451,0.1684088259935379,0.13646921515464783
YMR166C,YGL120C,0,-0.63313365,0.10976532846689224,0.1684088259935379,0.13658536970615387
YJL143W,YMR091C,0,-0.63320386,0.10968229919672012,0.1684088259935379,0.13670150935649872
YER108C,YMR116C,1,-0.6334337,0.11035525053739548,0.16957026720046997,0.13670150935649872
YML067C,YFR044C,0,-0.633476,0.11027190089225769,0.16957026720046997,0.13681764900684357
YDR506C,YEL064C,0,-0.63349193,0.11018867790699005,0.16957026720046997,0.1369338035583496
YLR233C,YLR157C-B,0,-0.63353455,0.11010558158159256,0.16957026720046997,0.13704994320869446
YNL294C,YDR480W,1,-0.63363624,0.11077618598937988,0.17073170840740204,0.13704994320869446
YDR126W,YFL052W,0,-0.6336704,0.11069276928901672,0.17073170840740204,0.1371660828590393
YAR009C,YBR180W,0,-0.63371515,0.11060947924852371,0.17073170840740204,0.13728223741054535
YFL002W-A,YGR008C,0,-0.6337615,0.11052631586790085,0.17073170840740204,0.1373983770608902
YDR210W-A,YAL025C,0,-0.63383114,0.11044327914714813,0.17073170840740204,0.13751451671123505
YEL024W,YHR106W,0,-0.63386166,0.11036036163568497,0.17073170840740204,0.1376306563615799
YER030W,YOR030W,0,-0.63395983,0.11027757078409195,0.17073170840740204,0.13774681091308594
YGR161C-C,YPL031C,0,-0.63414484,0.11019489914178848,0.17073170840740204,0.1378629505634308
YER159C-A,YCL027W,0,-0.6342162,0.11011236160993576,0.17073170840740204,0.13797909021377563
YJR099W,YNL058C,0,-0.6342745,0.11002994328737259,0.17073170840740204,0.13809524476528168
YGL027C,YLR275W,0,-0.6343461,0.10994764417409897,0.17073170840740204,0.13821138441562653
YNR039C,YML070W,0,-0.6344826,0.1098654717206955,0.17073170840740204,0.13832752406597137
YNL103W,YOR037W,0,-0.6344881,0.10978341847658157,0.17073170840740204,0.13844366371631622
YNL039W,YHR214C-C,0,-0.6345556,0.1097014918923378,0.17073170840740204,0.13855981826782227
YMR166C,YGR060W,0,-0.6345758,0.10961968451738358,0.17073170840740204,0.13867595791816711
YER108C,YGR040W,1,-0.634604,0.11028315871953964,0.1718931496143341,0.13867595791816711
YGR124W,YPR100W,0,-0.63463014,0.11020104587078094,0.1718931496143341,0.13879209756851196
YNL212W,YKL080W,0,-0.63476807,0.1101190447807312,0.1718931496143341,0.138908252120018
YHR076W,YCR070W,0,-0.6349623,0.1100371778011322,0.1718931496143341,0.13902439177036285
YAR044W,YJL059W,0,-0.63507795,0.10995542258024216,0.1718931496143341,0.1391405314207077
YGR076C,YDR300C,0,-0.6350936,0.10987379401922226,0.1718931496143341,0.13925667107105255
YCL045C,YDR098C-A,0,-0.63526285,0.10979228466749191,0.1718931496143341,0.1393728256225586
YGL017W,YNL284C-B,0,-0.6352856,0.10971089452505112,0.1718931496143341,0.13948896527290344
YER108C,YIL008W,1,-0.63533056,0.11037036776542664,0.17305459082126617,0.13948896527290344
YGL187C,YIL064W,0,-0.6353402,0.11028867214918137,0.17305459082126617,0.1396051049232483
YLR167W,YGR161C-C,0,-0.63535404,0.11020710319280624,0.17305459082126617,0.13972125947475433
YER045C,YOR005C,0,-0.6353955,0.11012564599514008,0.17305459082126617,0.13983739912509918
YJR054W,YBR132C,0,-0.63545257,0.11004431545734406,0.17305459082126617,0.13995353877544403
YPR047W,YOR330C,0,-0.6355318,0.10996309667825699,0.17305459082126617,0.14006969332695007
YPR086W,YPR004C,0,-0.63566124,0.10988200455904007,0.17305459082126617,0.14018583297729492
YLR227W-A,YMR045C,0,-0.6356621,0.1098010316491127,0.17305459082126617,0.14030197262763977
YGL087C,YMR262W,0,-0.6356717,0.10972017794847488,0.17305459082126617,0.14041811227798462
YNL176C,YLR446W,0,-0.63578284,0.10963944345712662,0.17305459082126617,0.14053426682949066
YER108C,YBR083W,1,-0.63578427,0.11029411852359772,0.17421603202819824,0.14053426682949066
YDR098C-B,YNL059C,0,-0.6358104,0.11021307855844498,0.17421603202819824,0.1406504064798355
YER126C,YDR210W-A,0,-0.63585603,0.11013215780258179,0.17421603202819824,0.14076654613018036
YOL086W-A,YDR322W,0,-0.6359095,0.11005135625600815,0.17421603202819824,0.1408827006816864
YOR270C,YDR314C,0,-0.6359128,0.10997067391872406,0.17421603202819824,0.14099884033203125
YPR158W-B,YDL137W,0,-0.63591874,0.10989011079072952,0.17421603202819824,0.1411149799823761
YMR074C,YDR098C-B,0,-0.63603854,0.10980966687202454,0.17421603202819824,0.14123111963272095
YPL203W,YER113C,1,-0.6361028,0.11046086251735687,0.1753774732351303,0.14123111963272095
YER027C,YBR083W,1,-0.636121,0.1111111119389534,0.17653891444206238,0.14123111963272095
YHL026C,YNL037C,0,-0.636142,0.11102994531393051,0.17653891444206238,0.141347274184227
YPL026C,YML124C,0,-0.6361488,0.11094890534877777,0.17653891444206238,0.14146341383457184
YCR079W,YER042W,0,-0.6361622,0.11086797714233398,0.17653891444206238,0.1415795534849167
YJL021C,YJL190C,0,-0.63616395,0.11078717559576035,0.17653891444206238,0.14169570803642273
YDR210W,YDL188C,0,-0.6362469,0.11070648580789566,0.17653891444206238,0.14181184768676758
YLR385C,YDR034C-D,0,-0.6362553,0.11062590777873993,0.17653891444206238,0.14192798733711243
YPL207W,YDL134C,0,-0.6362964,0.11054545640945435,0.17653891444206238,0.14204414188861847
YDL113C,YDR210W-B,0,-0.636358,0.11046511679887772,0.17653891444206238,0.14216028153896332
YGR217W,YNL054W-B,0,-0.6364322,0.11038489639759064,0.17653891444206238,0.14227642118930817
YGR161C-D,YML040W,0,-0.63645494,0.11030478775501251,0.17653891444206238,0.14239256083965302
YMR190C,YHR113W,0,-0.6364558,0.11022479832172394,0.17653891444206238,0.14250871539115906
YGR027W-A,YOL033W,0,-0.6364664,0.11014492809772491,0.17653891444206238,0.1426248550415039
YJL062W-A,YCR042C,0,-0.63650787,0.11006516963243484,0.17653891444206238,0.14274099469184875
YOR192C-B,YOR144C,0,-0.6365633,0.10998553037643433,0.17653891444206238,0.1428571492433548
YGR272C,YPL262W,0,-0.6365919,0.10990600287914276,0.17653891444206238,0.14297328889369965
YIL007C,YCR045C,0,-0.6366167,0.10982658714056015,0.17653891444206238,0.1430894285440445
YKL109W,YGR161C-C,0,-0.6367003,0.10974729061126709,0.17653891444206238,0.14320556819438934
YML019W,YMR189W,0,-0.6367841,0.10966811329126358,0.17653891444206238,0.14332172274589539
YER113C,YGL208W,1,-0.63686454,0.11031001806259155,0.17770035564899445,0.14332172274589539
YKL154W,YFR024C,0,-0.63688976,0.11023055016994476,0.17770035564899445,0.14343786239624023
YFR037C,YMR205C,0,-0.6368942,0.11015118658542633,0.17770035564899445,0.14355400204658508
YPL171C,YLR426W,0,-0.63689804,0.11007194221019745,0.17770035564899445,0.14367015659809113
YHR052W,YDL019C,0,-0.6369445,0.10999280959367752,0.17770035564899445,0.14378629624843597
YDR027C,YNL133C,0,-0.636974,0.10991379618644714,0.17770035564899445,0.14390243589878082
YHR187W,YCR089W,0,-0.63709325,0.10983488708734512,0.17770035564899445,0.14401859045028687
YNR049C,YOR250C,0,-0.63710624,0.10975609719753265,0.17770035564899445,0.1441347301006317
YLR362W,YOR080W,1,-0.63710886,0.11039426177740097,0.17886178195476532,0.1441347301006317
YKL129C,YAL015C,0,-0.6371394,0.11031518876552582,0.17886178195476532,0.14425086975097656
YGR161C-D,YDR298C,0,-0.63714516,0.11023622006177902,0.17886178195476532,0.1443670094013214
YJL062W-A,YBR070C,0,-0.63717127,0.11015737056732178,0.17886178195476532,0.14448316395282745
YPL066W,YDR069C,0,-0.6371816,0.11007862538099289,0.17886178195476532,0.1445993036031723
YEL039C,YGR024C,0,-0.6373116,0.10999999940395355,0.17886178195476532,0.14471544325351715
YGR161C-D,YLR409C,0,-0.6373334,0.10992148518562317,0.17886178195476532,0.1448315978050232
YLR427W,YNL181W,0,-0.63735616,0.10984308272600174,0.17886178195476532,0.14494773745536804
YOR192C-A,YLL021W,0,-0.6373619,0.10976479202508926,0.17886178195476532,0.1450638771057129
YJL123C,YPL158C,0,-0.63741153,0.10968661308288574,0.17886178195476532,0.14518001675605774
YAL041W,YER108C,1,-0.63749003,0.11032028496265411,0.1800232231616974,0.14518001675605774
YER159C-A,YDR316W-B,0,-0.63749874,0.11024182289838791,0.1800232231616974,0.14529617130756378
YGR157W,YLR312C-B,0,-0.6375381,0.11016346514225006,0.1800232231616974,0.14541231095790863
YMR074C,YMR164C,0,-0.63754046,0.11008522659540176,0.1800232231616974,0.14552845060825348
YPL141C,YLR308W,0,-0.6377232,0.11000709980726242,0.1800232231616974,0.14564460515975952
YPR105C,YEL046C,0,-0.63775027,0.10992907732725143,0.1800232231616974,0.14576074481010437
YJL125C,YOR329C,0,-0.63783765,0.1098511666059494,0.1800232231616974,0.14587688446044922
YDR098C-B,YMR150C,0,-0.6378809,0.10977336764335632,0.1800232231616974,0.14599302411079407
YKL134C,YBL005W-A,0,-0.6378875,0.1096956804394722,0.1800232231616974,0.1461091786623001
YPL152W,YER056C-A,0,-0.63790673,0.10961810499429703,0.1800232231616974,0.14622531831264496
YDL185W,YPR137C-B,0,-0.6379323,0.10954063385725021,0.1800232231616974,0.1463414579629898
YDR034C-D,YGR162W,0,-0.63795507,0.10946327447891235,0.1800232231616974,0.14645761251449585
YPR158W-A,YJR041C,0,-0.63813764,0.10938602685928345,0.1800232231616974,0.1465737521648407
YFL035C-A,YOR359W,0,-0.6382458,0.1093088835477829,0.1800232231616974,0.14668989181518555
YJL125C,YLR001C,0,-0.6382764,0.1092318519949913,0.1800232231616974,0.1468060463666916
YMR211W,YHR039C-B,0,-0.63837373,0.10915493220090866,0.1800232231616974,0.14692218601703644
YNL048W,YLL066C,0,-0.63842744,0.10907811671495438,0.1800232231616974,0.1470383256673813
YNL293W,YKR039W,0,-0.6384938,0.10900140553712845,0.1800232231616974,0.14715446531772614
YDL091C,YDR261W-B,0,-0.6385597,0.10892480611801147,0.1800232231616974,0.14727061986923218
YER018C,YCR029C-A,0,-0.638572,0.10884831100702286,0.1800232231616974,0.14738675951957703
YPL233W,YHL026C,0,-0.6385885,0.1087719276547432,0.1800232231616974,0.14750289916992188
YOR077W,YNR019W,0,-0.638592,0.10869564861059189,0.1800232231616974,0.14761905372142792
YBR217W,YDL144C,0,-0.63859564,0.10861948132514954,0.1800232231616974,0.14773519337177277
YHR214C-C,YIL099W,0,-0.63862246,0.10854341834783554,0.1800232231616974,0.14785133302211761
YLR368W,YPL004C,0,-0.6386308,0.1084674596786499,0.1800232231616974,0.14796747267246246
YGL123W,YER133W,0,-0.638677,0.10839160531759262,0.1800232231616974,0.1480836272239685
YDL112W,YKL107W,0,-0.63872945,0.1083158627152443,0.1800232231616974,0.14819976687431335
YEL024W,YER183C,0,-0.63876474,0.10824022442102432,0.1800232231616974,0.1483159065246582
YHR035W,YOR337W,0,-0.63879466,0.10816469043493271,0.1800232231616974,0.14843206107616425
YGL255W,YGL250W,0,-0.6389228,0.10808926075696945,0.1800232231616974,0.1485482007265091
YCR047C,YOR173W,0,-0.63897586,0.10801393538713455,0.1800232231616974,0.14866434037685394
YIL111W,YHR039C-B,0,-0.63899636,0.1079387217760086,0.1800232231616974,0.14878049492835999
YGR207C,YKL006W,0,-0.6390234,0.10786360502243042,0.1800232231616974,0.14889663457870483
YLR229C,YAL056W,1,-0.63905007,0.10848400741815567,0.18118466436862946,0.14889663457870483
YPL115C,YGL045W,1,-0.63908386,0.10910354554653168,0.18234610557556152,0.14889663457870483
YJL013C,YNL244C,0,-0.63917863,0.10902778059244156,0.18234610557556152,0.14901277422904968
YOR389W,YDR365W-A,0,-0.6392157,0.1089521199464798,0.18234610557556152,0.14912891387939453
YNL265C,YLR008C,0,-0.639341,0.10887656360864639,0.18234610557556152,0.14924506843090057
YNL294C,YDR107C,1,-0.6393969,0.10949411243200302,0.1835075467824936,0.14924506843090057
YOR110W,YJL048C,0,-0.639457,0.10941828042268753,0.1835075467824936,0.14936120808124542
YBR021W,YNL081C,0,-0.63950086,0.109342560172081,0.1835075467824936,0.14947734773159027
YBR159W,YCR034W,0,-0.63954085,0.10926694422960281,0.1835075467824936,0.1495935022830963
YDR021W,YLR077W,0,-0.6395637,0.10919143259525299,0.1835075467824936,0.14970964193344116
YLR361C,YIL096C,0,-0.6396065,0.10911602526903152,0.1835075467824936,0.149825781583786
YDL017W,YMR189W,0,-0.639683,0.10904071480035782,0.1835075467824936,0.14994192123413086
YDR541C,YBR199W,0,-0.63973355,0.10896551609039307,0.1835075467824936,0.1500580757856369
YPL198W,YFL041W,0,-0.63986975,0.10889042168855667,0.1835075467824936,0.15017421543598175
YOR125C,YDR244W,0,-0.6399425,0.10881542414426804,0.1835075467824936,0.1502903550863266
YHR072W-A,YDR307W,0,-0.63994575,0.10874053835868835,0.1835075467824936,0.15040650963783264
YCL011C,YLL032C,0,-0.63996124,0.10866574943065643,0.1835075467824936,0.1505226492881775
YDR316W-A,YDR484W,0,-0.63996863,0.10859106481075287,0.1835075467824936,0.15063878893852234
YFL062W,YCR070W,0,-0.6399821,0.10851648449897766,0.1835075467824936,0.15075494349002838
YOR080W,YAL056W,1,-0.6399907,0.10912834852933884,0.18466898798942566,0.15075494349002838
YGL130W,YHR214C-C,0,-0.6399914,0.10905349999666214,0.18466898798942566,0.15087108314037323
YDL114W,YGL087C,0,-0.64000064,0.1089787557721138,0.18466898798942566,0.15098722279071808
YPL275W,YOR250C,0,-0.64004433,0.10890410840511322,0.18466898798942566,0.15110336244106293
YML093W,YMR040W,0,-0.6400555,0.108829565346241,0.18466898798942566,0.15121951699256897
YER129W,YPR122W,0,-0.6401464,0.10875512659549713,0.18466898798942566,0.15133565664291382
YOR343W-A,YBR267W,0,-0.64015114,0.10868079215288162,0.18466898798942566,0.15145179629325867
YER108C,YDL159W,1,-0.64026105,0.10928961634635925,0.18583042919635773,0.15145179629325867
YLR277C,YPL045W,0,-0.64030766,0.10921501368284225,0.18583042919635773,0.1515679508447647
YCL062W,YOR122C,0,-0.64040434,0.10914051532745361,0.18583042919635773,0.15168409049510956
YHR193C,YFL018W-A,0,-0.64040595,0.10906612128019333,0.18583042919635773,0.1518002301454544
YKR092C,YBL003C,0,-0.6404346,0.1089918240904808,0.18583042919635773,0.15191636979579926
YDR440W,YJL062W-A,0,-0.6404418,0.10891763120889664,0.18583042919635773,0.1520325243473053
YDR016C,YPR173C,0,-0.64046204,0.10884353518486023,0.18583042919635773,0.15214866399765015
YDR490C,YDL123W,0,-0.64046526,0.10876954346895218,0.18583042919635773,0.152264803647995
YJL113W,YCR068W,0,-0.6405189,0.10869564861059189,0.18583042919635773,0.15238095819950104
YOL056W,YLL032C,0,-0.6405567,0.10862185806035995,0.18583042919635773,0.1524970978498459
YHR072W-A,YCL020W,0,-0.6406075,0.10854817181825638,0.18583042919635773,0.15261323750019073
YLR040C,YIL056W,0,-0.64080036,0.10847457498311996,0.18583042919635773,0.15272937715053558
YHR104W,YGR063C,0,-0.6408119,0.10840108245611191,0.18583042919635773,0.15284553170204163
YHL033C,YJR117W,0,-0.6408171,0.10832769423723221,0.18583042919635773,0.15296167135238647
YER108C,YDR107C,1,-0.64082384,0.10893099009990692,0.1869918704032898,0.15296167135238647
YNL294C,YDR043C,1,-0.64083636,0.10953346639871597,0.18815331161022186,0.15296167135238647
YMR288W,YER074W-A,0,-0.6409152,0.10945945978164673,0.18815331161022186,0.15307781100273132
YPL088W,YOR329C,0,-0.6409363,0.10938555002212524,0.18815331161022186,0.15319396555423737
YBR101C,YHR039C-B,0,-0.64102006,0.10931174457073212,0.18815331161022186,0.15331010520458221
YPR034W,YJR049C,0,-0.6410482,0.10923802852630615,0.18815331161022186,0.15342624485492706
YMR244C-A,YGL095C,0,-0.64107805,0.10916441679000854,0.18815331161022186,0.1535423994064331
YER146W,YDR303C,0,-0.6410782,0.1090909093618393,0.18815331161022186,0.15365853905677795
YBR191W,YPR166C,0,-0.64109385,0.1090174987912178,0.18815331161022186,0.1537746787071228
YOR014W,YOR298C-A,0,-0.6411512,0.10894418507814407,0.18815331161022186,0.15389081835746765
YPL130W,YIL107C,0,-0.64120233,0.1088709682226181,0.18815331161022186,0.1540069729089737
YHR193C,YGR075C,0,-0.641279,0.10879784822463989,0.18815331161022186,0.15412311255931854
YDL065C,YOL103W-A,0,-0.64130336,0.10872483253479004,0.18815331161022186,0.1542392522096634
YCR004C,YHR114W,0,-0.6413139,0.10865191370248795,0.18815331161022186,0.15435540676116943
YML055W,YMR188C,0,-0.64137626,0.10857909172773361,0.18815331161022186,0.15447154641151428
YOR307C,YBL056W,0,-0.6414281,0.10850636661052704,0.18815331161022186,0.15458768606185913
YGR121C,YNL123W,0,-0.64145255,0.10843373835086823,0.18815331161022186,0.15470382571220398
YCL027C-A,YCR077C,0,-0.6415591,0.10836120694875717,0.18815331161022186,0.15481998026371002
YGL002W,YBR291C,0,-0.6415884,0.10828877240419388,0.18815331161022186,0.15493611991405487
YNL191W,YOR231W,0,-0.64162123,0.10821643471717834,0.18815331161022186,0.15505225956439972
YER068W,YNL041C,0,-0.6416553,0.10814419388771057,0.18815331161022186,0.15516841411590576
YMR071C,YIL082W-A,0,-0.6418065,0.10807204991579056,0.18815331161022186,0.1552845537662506
YPL236C,YDL099W,0,-0.6418729,0.1080000028014183,0.18815331161022186,0.15540069341659546
YLR216C,YDR098C,0,-0.6418875,0.10792804509401321,0.18815331161022186,0.1555168479681015
YOR088W,YJR035W,0,-0.64194596,0.10785619169473648,0.18815331161022186,0.15563298761844635
YDR316W-A,YMR243C,0,-0.6419946,0.10778442770242691,0.18815331161022186,0.1557491272687912
YAL012W,YDL193W,0,-0.6420144,0.1077127680182457,0.18815331161022186,0.15586526691913605
YOR240W,YLR226W,0,-0.6420987,0.10764119774103165,0.18815331161022186,0.1559814214706421
YJL196C,YNL268W,0,-0.6421274,0.10756972432136536,0.18815331161022186,0.15609756112098694
YJR075W,YDR365W-A,0,-0.64214075,0.10749834030866623,0.18815331161022186,0.1562137007713318
YLR035C-A,YKL063C,0,-0.64214885,0.10742705315351486,0.18815331161022186,0.15632985532283783
YDL229W,YGR054W,0,-0.6422427,0.10735586285591125,0.18815331161022186,0.15644599497318268
YIL033C,YDR079C-A,0,-0.6422874,0.10728476941585541,0.18815331161022186,0.15656213462352753
YGR184C,YOR120W,0,-0.6424763,0.10721376538276672,0.18815331161022186,0.15667827427387238
YLR056W,YDR316W-B,0,-0.64253414,0.1071428582072258,0.18815331161022186,0.15679442882537842
YGL210W-A,YBL093C,0,-0.6425375,0.10707204043865204,0.18815331161022186,0.15691056847572327
YOR171C,YDL056W,0,-0.64255035,0.10700131952762604,0.18815331161022186,0.15702670812606812
YGL045W,YDR043C,1,-0.6425533,0.10759075731039047,0.18931475281715393,0.15702670812606812
YDR103W,YPL203W,1,-0.64259344,0.10817942023277283,0.190476194024086,0.15702670812606812
YBL045C,YHR107C,0,-0.642609,0.10810811072587967,0.190476194024086,0.15714286267757416
YGR002C,YOL103W-A,0,-0.64262414,0.10803689062595367,0.190476194024086,0.157259002327919
YNL094W,YHL017W,0,-0.64265203,0.10796576738357544,0.190476194024086,0.15737514197826385
YGR200C,YBR240C,0,-0.64266837,0.10789473354816437,0.190476194024086,0.1574912965297699
YPL132W,YDL038C,0,-0.64269817,0.10782379657030106,0.190476194024086,0.15760743618011475
YER093C,YBR057C,0,-0.6427227,0.1077529564499855,0.190476194024086,0.1577235758304596
YBL090W,YER140W,0,-0.6427248,0.10768220573663712,0.190476194024086,0.15783971548080444
YMR041C,YAR042W,0,-0.6427494,0.10761155188083649,0.190476194024086,0.15795587003231049
YDR347W,YKL081W,0,-0.64280194,0.10754097998142242,0.190476194024086,0.15807200968265533
YGL028C,YPR166C,0,-0.64281535,0.10747051239013672,0.190476194024086,0.15818814933300018
YGR004W,YHR013C,0,-0.6428292,0.10740013420581818,0.190476194024086,0.15830430388450623
YIL101C,YDR057W,0,-0.64285433,0.1073298454284668,0.190476194024086,0.15842044353485107
YGR247W,YHR079C-B,0,-0.64293206,0.10725964605808258,0.190476194024086,0.15853658318519592
YOR264W,YGR008C,0,-0.6429458,0.10718954354524612,0.190476194024086,0.15865272283554077
YLR078C,YKL222C,0,-0.64303017,0.10711953043937683,0.190476194024086,0.15876887738704681
YFR006W,YDR210C-D,0,-0.64305127,0.1070496067404747,0.190476194024086,0.15888501703739166
YNR061C,YNL221C,0,-0.6430743,0.10697977989912033,0.190476194024086,0.1590011566877365
YLR059C,YGR240C,0,-0.64308476,0.10691004246473312,0.190476194024086,0.15911731123924255
YOR224C,YLR259C,0,-0.6431273,0.10684039443731308,0.190476194024086,0.1592334508895874
YER159C-A,YEL018W,0,-0.6431637,0.1067708358168602,0.190476194024086,0.15934959053993225
YKL101W,YGR166W,0,-0.6432487,0.10670136660337448,0.190476194024086,0.1594657301902771
YBL087C,YML012W,0,-0.6432816,0.10663198679685593,0.190476194024086,0.15958188474178314
YNL082W,YML070W,0,-0.64330375,0.10656270384788513,0.190476194024086,0.159698024392128
YDR034C-D,YBL042C,0,-0.64342225,0.1064935028553009,0.190476194024086,0.15981416404247284
YIR004W,YOR153W,0,-0.6435324,0.10642439872026443,0.190476194024086,0.15993031859397888
YNR061C,YOR389W,0,-0.6436429,0.10635538399219513,0.190476194024086,0.16004645824432373
YJL012C,YGR181W,0,-0.64383376,0.10628645867109299,0.190476194024086,0.16016259789466858
YAL005C,YOL027C,0,-0.64386606,0.10621761530637741,0.190476194024086,0.16027875244617462
YLR089C,YHR139C,0,-0.64388406,0.1061488687992096,0.190476194024086,0.16039489209651947
YOR224C,YBR112C,0,-0.6439709,0.10608020424842834,0.190476194024086,0.16051103174686432
YMR243C,YPL257W-A,0,-0.6440292,0.10601163655519485,0.190476194024086,0.16062717139720917
YPR095C,YIL127C,0,-0.64406514,0.10594315081834793,0.190476194024086,0.1607433259487152
YPL248C,YHR161C,0,-0.64413905,0.10587475448846817,0.190476194024086,0.16085946559906006
YBR107C,YNL166C,0,-0.64417815,0.10580645501613617,0.190476194024086,0.1609756052494049
YPR065W,YHR039C-B,0,-0.64420116,0.10573823004961014,0.190476194024086,0.16109175980091095
YNL101W,YOR091W,0,-0.6442025,0.10567010194063187,0.190476194024086,0.1612078994512558
YHR096C,YNR032C-A,0,-0.6444274,0.10560206323862076,0.190476194024086,0.16132403910160065
YGR193C,YNL064C,0,-0.6444285,0.10553410649299622,0.190476194024086,0.1614401787519455
YDR044W,YPR137C-B,0,-0.6445238,0.10546623915433884,0.190476194024086,0.16155633330345154
YBR035C,YEL042W,0,-0.6445675,0.10539846122264862,0.190476194024086,0.1616724729537964
YLR027C,YER028C,0,-0.6445743,0.10533076524734497,0.190476194024086,0.16178861260414124
YPL225W,YPR075C,0,-0.64461905,0.10526315867900848,0.190476194024086,0.16190476715564728
YPR158W-A,YMR139W,0,-0.6446475,0.10519564151763916,0.190476194024086,0.16202090680599213
YGL040C,YDR316W-B,0,-0.6446587,0.1051282063126564,0.190476194024086,0.16213704645633698
YML012W,YDR394W,0,-0.6448298,0.10506086051464081,0.190476194024086,0.16225320100784302
YCL051W,YLR414C,0,-0.64483535,0.10499359667301178,0.190476194024086,0.16236934065818787
YNR039C,YML040W,0,-0.6449817,0.10492642223834991,0.190476194024086,0.16248548030853271
YPL203W,YDL159W,1,-0.64501244,0.10549872368574142,0.19163763523101807,0.16248548030853271
YDL112W,YPR037C,0,-0.6450751,0.10543131083250046,0.19163763523101807,0.16260161995887756
YNL257C,YNL176C,0,-0.6451033,0.10536398738622665,0.19163763523101807,0.1627177745103836
YGR097W,YLR227W-A,0,-0.64511955,0.10529674589633942,0.19163763523101807,0.16283391416072845
YDR397C,YKL155C,0,-0.6451204,0.10522959381341934,0.19163763523101807,0.1629500538110733
YJL153C,YLR312C-B,0,-0.645193,0.10516252368688583,0.19163763523101807,0.16306620836257935
YML110C,YOR063W,0,-0.6452137,0.10509554296731949,0.19163763523101807,0.1631823480129242
YBR012W-A,YKL179C,0,-0.6452291,0.10502864420413971,0.19163763523101807,0.16329848766326904
YPR145W,YBR012W-B,0,-0.64526343,0.1049618348479271,0.19163763523101807,0.1634146273136139
YGR158C,YGR184C,0,-0.6452724,0.10489510744810104,0.19163763523101807,0.16353078186511993
YHR150W,YER099C,0,-0.6452831,0.10482846200466156,0.19163763523101807,0.16364692151546478
YML121W,YDR256C,0,-0.6453312,0.10476190596818924,0.19163763523101807,0.16376306116580963
YNL284C-B,YLR423C,0,-0.6453781,0.10469543188810349,0.19163763523101807,0.16387921571731567
YMR035W,YBR301W,0,-0.64538383,0.1046290397644043,0.19163763523101807,0.16399535536766052
YOR157C,YHR115C,0,-0.6455468,0.10456273704767227,0.19163763523101807,0.16411149501800537
YGR078C,YOR124C,0,-0.64559114,0.10449651628732681,0.19163763523101807,0.1642276495695114
YGL208W,YDR477W,1,-0.64562345,0.1050632894039154,0.19279907643795013,0.1642276495695114
YCR029C-A,YFL011W,0,-0.64569354,0.10499683767557144,0.19279907643795013,0.16434378921985626
YLR158C,YIL034C,0,-0.6457622,0.10493046790361404,0.19279907643795013,0.1644599288702011
YPL115C,YBL016W,1,-0.645797,0.1054958924651146,0.1939605176448822,0.1644599288702011
YDL076C,YBL042C,0,-0.64582133,0.10542929172515869,0.1939605176448822,0.16457606852054596
YLR188W,YGL185C,0,-0.64582664,0.10536277294158936,0.1939605176448822,0.164692223072052
YHR114W,YHR010W,0,-0.64586973,0.10529634356498718,0.1939605176448822,0.16480836272239685
YDR134C,YER005W,0,-0.64589363,0.10522999614477158,0.1939605176448822,0.1649245023727417
YLL023C,YOL019W,0,-0.6459174,0.10516373068094254,0.1939605176448822,0.16504065692424774
YDR477W,YHL007C,1,-0.645935,0.10572687536478043,0.19512194395065308,0.16504065692424774
YOR202W,YOR059C,0,-0.6460724,0.10566037893295288,0.19512194395065308,0.1651567965745926
YMR311C,YDL144C,0,-0.6460881,0.1055939644575119,0.19512194395065308,0.16527293622493744
YNL103W,YNL135C,0,-0.6461307,0.10552763938903809,0.19512194395065308,0.1653890758752823
YJL093C,YNL218W,0,-0.64615536,0.10546139627695084,0.19512194395065308,0.16550523042678833
YOR125C,YDL153C,0,-0.6461823,0.10539523512125015,0.19512194395065308,0.16562137007713318
YDR322C-A,YCR070W,0,-0.6462117,0.10532915592193604,0.19512194395065308,0.16573750972747803
YJL056C,YOR109W,0,-0.64621484,0.10526315867900848,0.19512194395065308,0.16585366427898407
YOR120W,YOR141C,0,-0.6462197,0.1051972433924675,0.19512194395065308,0.16596980392932892
YDR103W,YER113C,1,-0.6462755,0.1057571992278099,0.19628338515758514,0.16596980392932892
YCL057C-A,YPL069C,0,-0.6463103,0.10569106042385101,0.19628338515758514,0.16608594357967377
YJR143C,YDR034C-C,0,-0.6463786,0.10562500357627869,0.19628338515758514,0.16620208323001862
YNL248C,YNL284C-B,0,-0.64638984,0.10555902868509293,0.19628338515758514,0.16631823778152466
YDR043C,YJL089W,1,-0.6464032,0.1061173528432846,0.1974448263645172,0.16631823778152466
YNR069C,YOR344C,0,-0.646556,0.10605115443468094,0.1974448263645172,0.1664343774318695
YML069W,YDR171W,0,-0.64661974,0.10598503798246384,0.1974448263645172,0.16655051708221436
YKR060W,YPR137C-B,0,-0.6467383,0.1059190034866333,0.1974448263645172,0.1666666716337204
YER108C,YGL045W,1,-0.64673895,0.10647571831941605,0.19860626757144928,0.1666666716337204
YIR017C,YPR103W,0,-0.6467922,0.1064094603061676,0.19860626757144928,0.16678281128406525
YDR077W,YHL009W-B,0,-0.64683944,0.10634328424930573,0.19860626757144928,0.1668989509344101
YMR221C,YHR043C,0,-0.6468928,0.10627719014883041,0.19860626757144928,0.16701510548591614
YNL212W,YJL021C,0,-0.6469141,0.10621117800474167,0.19860626757144928,0.167131245136261
YLR223C,YMR197C,0,-0.64693475,0.10614524781703949,0.19860626757144928,0.16724738478660583
YBR161W,YBR297W,0,-0.64693785,0.10607940703630447,0.19860626757144928,0.16736352443695068
YKL062W,YJR099W,0,-0.64696026,0.10601364076137543,0.19860626757144928,0.16747967898845673
YMR091C,YLR189C,0,-0.64696026,0.10594795644283295,0.19860626757144928,0.16759581863880157
YLR399C,YPL069C,0,-0.6469768,0.10588235408067703,0.19860626757144928,0.16771195828914642
YDL201W,YLR283W,0,-0.64700997,0.10581683367490768,0.19860626757144928,0.16782811284065247
YOL086W-A,YKL088W,0,-0.64701056,0.1057513877749443,0.19860626757144928,0.16794425249099731
YGR161C-C,YDR014W,0,-0.647053,0.10568603128194809,0.19860626757144928,0.16806039214134216
YOL103W-A,YIR007W,0,-0.647053,0.10562075674533844,0.19860626757144928,0.168176531791687
YCR063W,YDR316W-A,0,-0.64708674,0.10555555671453476,0.19860626757144928,0.16829268634319305
YOR334W,YOL121C,0,-0.64710027,0.10549043864011765,0.19860626757144928,0.1684088259935379
YOR157C,YMR251W-A,0,-0.64722455,0.1054254025220871,0.19860626757144928,0.16852496564388275
YPL239W,YJR065C,0,-0.6472684,0.10536044090986252,0.19860626757144928,0.1686411201953888
YOR149C,YIL034C,0,-0.6472745,0.1052955687046051,0.19860626757144928,0.16875725984573364
YMR088C,YHR039C-B,0,-0.6473,0.10523077100515366,0.19860626757144928,0.1688733994960785
YPL108W,YBL005W-A,0,-0.6474637,0.10516605526208878,0.19860626757144928,0.16898955404758453
YDL129W,YOR140W,0,-0.6474715,0.10510141402482986,0.19860626757144928,0.16910569369792938
YBR086C,YDL038C,0,-0.6475197,0.10503685474395752,0.19860626757144928,0.16922183334827423
YIL019W,YBL017C,0,-0.64771867,0.10497237741947174,0.19860626757144928,0.16933797299861908
YGR003W,YLR312C-B,0,-0.64775,0.10490797460079193,0.19860626757144928,0.16945412755012512
YBR258C,YLR466W,0,-0.6477643,0.10484365373849869,0.19860626757144928,0.16957026720046997
YBR167C,YOL077W-A,0,-0.64779794,0.10477941483259201,0.19860626757144928,0.16968640685081482
YMR043W,YNL090W,0,-0.6478474,0.1047152504324913,0.19860626757144928,0.16980256140232086
YHR037W,YKL059C,0,-0.6478789,0.10465116053819656,0.19860626757144928,0.1699187010526657
YPL203W,YPL115C,1,-0.6479465,0.10519877821207047,0.19976770877838135,0.1699187010526657
YBR179C,YAR044W,0,-0.64799505,0.10513447225093842,0.19976770877838135,0.17003484070301056
YGL048C,YMR121C,0,-0.648001,0.10507024824619293,0.19976770877838135,0.1701509803533554
YBR004C,YHL044W,0,-0.648047,0.10500610619783401,0.19976770877838135,0.17026713490486145
YLR340W,YJR160C,0,-0.6480891,0.10494203865528107,0.19976770877838135,0.1703832745552063
YDR541C,YLR313C,0,-0.64811003,0.10487804561853409,0.19976770877838135,0.17049941420555115
YPL168W,YBR015C,0,-0.6481309,0.10481413453817368,0.19976770877838135,0.1706155687570572
YIL155C,YIL019W,0,-0.6481322,0.10475030541419983,0.19976770877838135,0.17073170840740204
YJR096W,YER149C,0,-0.64821804,0.10468655079603195,0.19976770877838135,0.1708478480577469
YHR113W,YOR320C,0,-0.6482382,0.10462287068367004,0.19976770877838135,0.17096400260925293
YDR519W,YFR016C,0,-0.64824986,0.1045592725276947,0.19976770877838135,0.17108014225959778
YLR460C,YPR055W,0,-0.64825344,0.10449574887752533,0.19976770877838135,0.17119628190994263
YOR127W,YJL089W,1,-0.64831513,0.10503946244716644,0.20092914998531342,0.17119628190994263
YLR093C,YGR207C,0,-0.64839005,0.10497573018074036,0.20092914998531342,0.17131242156028748
YFL035C-A,YCL050C,0,-0.64841366,0.10491206496953964,0.20092914998531342,0.17142857611179352
YJL002C,YGR138C,0,-0.64844584,0.1048484817147255,0.20092914998531342,0.17154471576213837
YNL294C,YHL007C,1,-0.6484617,0.10539067536592484,0.20209059119224548,0.17154471576213837
YLR194C,YBR185C,0,-0.64850134,0.10532687604427338,0.20209059119224548,0.17166085541248322
YER054C,YPL177C,0,-0.6485089,0.10526315867900848,0.20209059119224548,0.17177700996398926
YBR048W,YNL275W,0,-0.64851046,0.10519951581954956,0.20209059119224548,0.1718931496143341
YLR373C,YLR332W,0,-0.64871633,0.1051359549164772,0.20209059119224548,0.17200928926467896
YGL160W,YOL021C,0,-0.64876986,0.10507246106863022,0.20209059119224548,0.1721254289150238
YDL134C-A,YHR114W,0,-0.64906335,0.1050090491771698,0.20209059119224548,0.17224158346652985
YOR088W,YPR141C,0,-0.6491056,0.10494571924209595,0.20209059119224548,0.1723577231168747
YER159C-A,YOR003W,0,-0.6491438,0.10488245636224747,0.20209059119224548,0.17247386276721954
YAL035W,YLL006W,0,-0.6491922,0.10481927543878555,0.20209059119224548,0.17259001731872559
YAL005C,YBL027W,0,-0.6492258,0.10475616902112961,0.20209059119224548,0.17270615696907043
YLR227W-A,YDR388W,0,-0.649245,0.10469313710927963,0.20209059119224548,0.17282229661941528
YDL110C,YER111C,0,-0.64928913,0.10463018715381622,0.20209059119224548,0.17293843626976013
YHR111W,YER108C,1,-0.6493747,0.10516826808452606,0.20325203239917755,0.17293843626976013
YBL045C,YIL064W,0,-0.64938694,0.10510510206222534,0.20325203239917755,0.17305459082126617
YGR261C,YFL031W,0,-0.6494479,0.10504201799631119,0.20325203239917755,0.17317073047161102
YNL245C,YFL035C-A,0,-0.64953434,0.1049790009856224,0.20325203239917755,0.17328687012195587
YOR094W,YMR149W,0,-0.64960974,0.10491606593132019,0.20325203239917755,0.17340302467346191
YKL016C,YKR099C-A,0,-0.649686,0.10485320538282394,0.20325203239917755,0.17351916432380676
YLR408C,YDR437W,0,-0.64971006,0.10479041934013367,0.20325203239917755,0.1736353039741516
YJR129C,YGR206W,0,-0.6497149,0.10472770780324936,0.20325203239917755,0.17375145852565765
YGL223C,YOR043W,0,-0.64974546,0.10466507077217102,0.20325203239917755,0.1738675981760025
YBR185C,YER118C,0,-0.6498784,0.10460250824689865,0.20325203239917755,0.17398373782634735
YLR035C-A,YNL062C,0,-0.64992404,0.10454002022743225,0.20325203239917755,0.1740998774766922
YAL032C,YIL082W-A,0,-0.65000117,0.10447761416435242,0.20325203239917755,0.17421603202819824
YER108C,YGL208W,1,-0.650035,0.10501193255186081,0.20441347360610962,0.17421603202819824
YOR330C,YHL009W-B,0,-0.6500881,0.10494931787252426,0.20441347360610962,0.1743321716785431
YLR345W,YHR134W,0,-0.6501329,0.10488677024841309,0.20441347360610962,0.17444831132888794
YGL208W,YDR480W,1,-0.6501657,0.10541988909244537,0.2055749148130417,0.17444831132888794
YDL104C,YCL068C,0,-0.65017486,0.10535714030265808,0.2055749148130417,0.17456446588039398
YBR229C,YPR132W,0,-0.6502248,0.10529446601867676,0.2055749148130417,0.17468060553073883
YFR032C-A,YIL015W,0,-0.6505425,0.1052318662405014,0.2055749148130417,0.17479674518108368
YKR038C,YGR212W,0,-0.6506314,0.10516934096813202,0.2055749148130417,0.17491288483142853
YGR006W,YIR003W,0,-0.6508382,0.1051068902015686,0.2055749148130417,0.17502903938293457
YIR014W,YHR044C,0,-0.65084183,0.10504451394081116,0.2055749148130417,0.17514517903327942
YLR240W,YER146W,0,-0.6508683,0.10498220473527908,0.2055749148130417,0.17526131868362427
YKL120W,YMR188C,0,-0.65087736,0.10491997748613358,0.2055749148130417,0.1753774732351303
YGR192C,YBR290W,0,-0.6509683,0.10485781729221344,0.2055749148130417,0.17549361288547516
YEL009C,YOR086C,0,-0.6510427,0.10479573905467987,0.2055749148130417,0.17560975253582
YBR154C,YGL210W-A,0,-0.6510638,0.10473372787237167,0.2055749148130417,0.17572590708732605
YLR190W,YCL012W,0,-0.6510736,0.10467179119586945,0.2055749148130417,0.1758420467376709
YBR086C,YKR092C,0,-0.6510874,0.10460992902517319,0.2055749148130417,0.17595818638801575
YJR054W,YNL305C,0,-0.651096,0.1045481413602829,0.2055749148130417,0.1760743260383606
YCR008W,YDR283C,0,-0.6511004,0.10448642075061798,0.2055749148130417,0.17619048058986664
YOR356W,YOR046C,0,-0.6511947,0.10442478209733963,0.2055749148130417,0.1763066202402115
YJL174W,YLR258W,0,-0.6512532,0.10436321049928665,0.2055749148130417,0.17642275989055634
YHR210C,YGR098C,0,-0.6512636,0.10430170595645905,0.2055749148130417,0.17653891444206238
YNL292W,YLR127C,0,-0.6512764,0.104240283370018,0.2055749148130417,0.17665505409240723
YEL027W,YIL157C,0,-0.65144765,0.10417892783880234,0.2055749148130417,0.17677119374275208
YGR038C-B,YFR040W,0,-0.6515044,0.10411764681339264,0.2055749148130417,0.17688733339309692
YDL134C,YGL025C,0,-0.651574,0.10405644029378891,0.2055749148130417,0.17700348794460297
YKR087C,YDR056C,0,-0.65164244,0.10399530082941055,0.2055749148130417,0.17711962759494781
YKR065C,YGL245W,0,-0.6516875,0.10393423587083817,0.2055749148130417,0.17723576724529266
YGR008C,YGR218W,0,-0.65170467,0.10387323796749115,0.2055749148130417,0.1773519217967987
YER108C,YDR477W,1,-0.65181196,0.10439882427453995,0.20673635601997375,0.1773519217967987
YOL126C,YHL009W-B,0,-0.65186405,0.10433763265609741,0.20673635601997375,0.17746806144714355
YML085C,YNL075W,0,-0.65187156,0.10427650809288025,0.20673635601997375,0.1775842010974884
YCL027C-A,YDL135C,0,-0.65193784,0.10421545803546906,0.20673635601997375,0.17770035564899445
YDR471W,YGL131C,0,-0.6519712,0.10415447503328323,0.20673635601997375,0.1778164952993393
YLR034C,YLL021W,0,-0.6519917,0.10409356653690338,0.20673635601997375,0.17793263494968414
YOL157C,YHR214C-C,0,-0.651999,0.1040327325463295,0.20673635601997375,0.178048774600029
YJR049C,YLL023C,0,-0.65201795,0.10397196561098099,0.20673635601997375,0.17816492915153503
YPL049C,YBL016W,1,-0.6520775,0.10449504107236862,0.20789779722690582,0.17816492915153503
YHR063C,YGR075C,0,-0.6521187,0.104434072971344,0.20789779722690582,0.17828106880187988
YOR298C-A,YBL036C,0,-0.6521553,0.10437317937612534,0.20789779722690582,0.17839720845222473
YKL154W,YPR029C,0,-0.6521667,0.10431235283613205,0.20789779722690582,0.17851336300373077
YHR214C-C,YPR188C,0,-0.6523137,0.10425160080194473,0.20789779722690582,0.17862950265407562
YHR141C,YNL284C-B,0,-0.65233624,0.10419092327356339,0.20789779722690582,0.17874564230442047
YAL041W,YOL116W,1,-0.6523392,0.10471203923225403,0.2090592384338379,0.17874564230442047
YDR239C,YKL137W,0,-0.65242517,0.10465116053819656,0.2090592384338379,0.17886178195476532
YKR099C-A,YJR126C,0,-0.6524825,0.10459035634994507,0.2090592384338379,0.17897793650627136
YAL055W,YNR052C,0,-0.65250015,0.10452961921691895,0.2090592384338379,0.1790940761566162
YOR330C,YCR008W,0,-0.6525041,0.1044689491391182,0.2090592384338379,0.17921021580696106
YNL029C,YDR243C,0,-0.6525965,0.10440835356712341,0.2090592384338379,0.1793263703584671
YOL086W-A,YKL183W,0,-0.65293914,0.104347825050354,0.2090592384338379,0.17944251000881195
YJR134C,YCL057C-A,0,-0.6529523,0.10428737103939056,0.2090592384338379,0.1795586496591568
YNR045W,YFR055W,0,-0.65296435,0.1042269840836525,0.2090592384338379,0.17967478930950165
YKR075C,YBR003W,0,-0.652967,0.1041666641831398,0.2090592384338379,0.1797909438610077
YER027C,YHR084W,1,-0.65308416,0.10468479245901108,0.21022067964076996,0.1797909438610077
YOR155C,YHL009W-B,0,-0.65323555,0.10462427884340286,0.21022067964076996,0.17990708351135254
YBL080C,YER160C,0,-0.653252,0.10456383228302002,0.21022067964076996,0.1800232231616974
YER108C,YLR083C,1,-0.6532887,0.10508082807064056,0.21138212084770203,0.1800232231616974
YHR165C,YMR009W,0,-0.6533201,0.1050201952457428,0.21138212084770203,0.18013937771320343
YPL140C,YDR434W,0,-0.65332097,0.1049596294760704,0.21138212084770203,0.18025551736354828
YER093C,YJL048C,0,-0.6533487,0.10489913821220398,0.21138212084770203,0.18037165701389313
YER027C,YHR073W,1,-0.65343106,0.1054147481918335,0.2125435471534729,0.18037165701389313
YMR079W,YLR189C,0,-0.6534574,0.10535405576229095,0.2125435471534729,0.18048781156539917
YKL035W,YEL048C,0,-0.6535088,0.10529343783855438,0.2125435471534729,0.18060395121574402
YLR089C,YPL091W,0,-0.65361583,0.10523289442062378,0.2125435471534729,0.18072009086608887
YBR078W,YPL081W,0,-0.65366626,0.10517241060733795,0.2125435471534729,0.18083623051643372
YGR279C,YDR188W,0,-0.6537303,0.1051120012998581,0.2125435471534729,0.18095238506793976
YCL062W,YLR304C,0,-0.65377545,0.1050516664981842,0.2125435471534729,0.1810685247182846
YLR362W,YGR040W,1,-0.6539527,0.10556511580944061,0.21370498836040497,0.1810685247182846
YLR408C,YER180C,0,-0.6539818,0.1055045872926712,0.21370498836040497,0.18118466436862946
YGL175C,YJR090C,0,-0.6540232,0.10544412583112717,0.21370498836040497,0.1813008189201355
YMR261C,YDR198C,0,-0.6540909,0.1053837314248085,0.21370498836040497,0.18141695857048035
YLR214W,YPR034W,0,-0.65412056,0.1053234115242958,0.21370498836040497,0.1815330982208252
YKL035W,YLR090W,0,-0.6541438,0.10526315867900848,0.21370498836040497,0.18164923787117004
YHR171W,YNL054W-B,0,-0.6541573,0.10520297288894653,0.21370498836040497,0.1817653924226761
YGL160W,YBR004C,0,-0.654258,0.10514285415410995,0.21370498836040497,0.18188153207302094
YDR210C-D,YKL006W,0,-0.65429217,0.10508280992507935,0.21370498836040497,0.18199767172336578
YMR130W,YKL100C,0,-0.65430915,0.10502283275127411,0.21370498836040497,0.18211382627487183
YER014W,YOR167C,0,-0.6543772,0.10496292263269424,0.21370498836040497,0.18222996592521667
YIL008W,YER027C,1,-0.6544008,0.10547320544719696,0.21486642956733704,0.18222996592521667
YGL207W,YBR057C,0,-0.65450794,0.10541310906410217,0.21486642956733704,0.18234610557556152
YLR396C,YJL020C,0,-0.65470624,0.10535307228565216,0.21486642956733704,0.18246226012706757
YBR149W,YER082C,0,-0.6547663,0.10529311001300812,0.21486642956733704,0.18257839977741241
YJL046W,YLR263W,0,-0.6548667,0.10523322224617004,0.21486642956733704,0.18269453942775726
YDL150W,YNR045W,0,-0.65496486,0.10517339408397675,0.21486642956733704,0.1828106790781021
YDR297W,YBR208C,0,-0.65496707,0.10511363297700882,0.21486642956733704,0.18292683362960815
YML029W,YMR192W,0,-0.6549969,0.10505394637584686,0.21486642956733704,0.183042973279953
YHR103W,YPL137C,0,-0.65509117,0.10499432682991028,0.21486642956733704,0.18315911293029785
YDR210C-D,YDR447C,0,-0.65510154,0.10493476688861847,0.21486642956733704,0.1832752674818039
YDR462W,YBL051C,0,-0.65510744,0.10487528145313263,0.21486642956733704,0.18339140713214874
YML040W,YML046W,0,-0.6551223,0.10481586307287216,0.21486642956733704,0.1835075467824936
YER140W,YDR007W,0,-0.65515053,0.10475651174783707,0.21486642956733704,0.18362368643283844
YGL086W,YBR204C,0,-0.6551597,0.10469722747802734,0.21486642956733704,0.18373984098434448
YGR161W-A,YLR384C,0,-0.65516895,0.104638010263443,0.21486642956733704,0.18385598063468933
YER108C,YNL197C,1,-0.65517735,0.10514415055513382,0.2160278707742691,0.18385598063468933
YLR256W,YAR007C,0,-0.65522593,0.10508474707603455,0.2160278707742691,0.18397212028503418
YOR022C,YHR032W,0,-0.65522707,0.10502541065216064,0.2160278707742691,0.18408827483654022
YDR179C,YNL312W,0,-0.65526116,0.10496614128351212,0.2160278707742691,0.18420441448688507
YOR188W,YLR178C,0,-0.6552821,0.10490693897008896,0.2160278707742691,0.18432055413722992
YNL189W,YPL221W,0,-0.6553006,0.10484780371189117,0.2160278707742691,0.18443670868873596
YFL029C,YDL080C,0,-0.65531975,0.10478873550891876,0.2160278707742691,0.1845528483390808
YLR426W,YDR116C,0,-0.6553788,0.10472972691059113,0.2160278707742691,0.18466898798942566
YHR011W,YLR229C,1,-0.65542805,0.10523354262113571,0.21718931198120117,0.18466898798942566
YER177W,YJL069C,0,-0.6554636,0.10517435520887375,0.21718931198120117,0.1847851276397705
YIL119C,YOR120W,0,-0.65548,0.10511523485183716,0.21718931198120117,0.18490128219127655
YCL027C-A,YDR251W,0,-0.65551114,0.10505618155002594,0.21718931198120117,0.1850174218416214
YGL009C,YDR283C,0,-0.65558493,0.1049971953034401,0.21718931198120117,0.18513356149196625
YLR362W,YBL016W,1,-0.6555892,0.10549943894147873,0.21835075318813324,0.18513356149196625
YGL134W,YCL050C,0,-0.6558258,0.10544026643037796,0.21835075318813324,0.1852497160434723
YBL080C,YJL160C,0,-0.6558511,0.10538116842508316,0.21835075318813324,0.18536585569381714
YCR008W,YBR180W,0,-0.6559029,0.10532213002443314,0.21835075318813324,0.185481995344162
YNR024W,YBL100W-A,0,-0.65603566,0.10526315867900848,0.21835075318813324,0.18559813499450684
YBR048W,YNL284C-B,0,-0.6560457,0.1052042543888092,0.21835075318813324,0.18571428954601288
YML111W,YDL137W,0,-0.6560577,0.1051454171538353,0.21835075318813324,0.18583042919635773
YDL135C,YPR181C,0,-0.6560619,0.10508663952350616,0.21835075318813324,0.18594656884670258
YDR224C,YMR022W,0,-0.65608335,0.105027936398983,0.21835075318813324,0.18606272339820862
YJR017C,YJR045C,0,-0.6561006,0.10496929287910461,0.21835075318813324,0.18617886304855347
YER063W,YJR090C,0,-0.6561472,0.1049107164144516,0.21835075318813324,0.18629500269889832
YDR326C,YCR029C-A,0,-0.65624815,0.10485219955444336,0.21835075318813324,0.18641115725040436
YOL075C,YGR104C,0,-0.6563005,0.10479375720024109,0.21835075318813324,0.1865272969007492
YIR017C,YER178W,0,-0.6563561,0.1047353744506836,0.21835075318813324,0.18664343655109406
YKL114C,YDR484W,0,-0.65641546,0.10467705875635147,0.21835075318813324,0.1867595762014389
YHR216W,YEL002C,0,-0.65647995,0.10461881011724472,0.21835075318813324,0.18687573075294495
YFR024C-A,YDR390C,0,-0.6564847,0.10456062108278275,0.21835075318813324,0.1869918704032898
YOL117W,YHL009W-B,0,-0.65651786,0.10450249910354614,0.21835075318813324,0.18710801005363464
YKR049C,YGL043W,0,-0.6565448,0.10444444417953491,0.21835075318813324,0.18722416460514069
YLR362W,YHL007C,1,-0.65664625,0.10494169592857361,0.2195121943950653,0.18722416460514069
YJL078C,YGL105W,0,-0.6566503,0.10488346219062805,0.2195121943950653,0.18734030425548553
YGL045W,YDR480W,1,-0.6567547,0.10537992417812347,0.22067363560199738,0.18734030425548553
YNL139C,YIL039W,0,-0.65679085,0.105321504175663,0.22067363560199738,0.18745644390583038
YER184C,YDL104C,0,-0.6569065,0.10526315867900848,0.22067363560199738,0.18757258355617523
YNL300W,YLR312C-B,0,-0.6569504,0.10520487278699875,0.22067363560199738,0.18768873810768127
YDR379W,YDR043C,1,-0.6569569,0.1057000532746315,0.22183507680892944,0.18768873810768127
YPR008W,YLR057W,0,-0.65709364,0.10564159601926804,0.22183507680892944,0.18780487775802612
YIR037W,YKL032C,0,-0.65714324,0.10558319836854935,0.22183507680892944,0.18792101740837097
YJL183W,YHR045W,0,-0.657235,0.10552486032247543,0.22183507680892944,0.18803717195987701
YGR193C,YMR177W,0,-0.65724766,0.10546658933162689,0.22183507680892944,0.18815331161022186
YAL041W,YBL016W,1,-0.657367,0.10596026480197906,0.2229965180158615,0.18815331161022186
YOL086W-A,YDR184C,0,-0.6573926,0.1059018224477768,0.2229965180158615,0.1882694512605667
YMR104C,YNL106C,0,-0.6574192,0.1058434396982193,0.2229965180158615,0.18838559091091156
YOR127W,YGL121C,1,-0.657483,0.1063360869884491,0.22415795922279358,0.18838559091091156
YLR037C,YJR027W,0,-0.65748453,0.10627753287553787,0.22415795922279358,0.1885017454624176
YER108C,YAL056W,1,-0.657654,0.10676939785480499,0.22531940042972565,0.1885017454624176
YIL008W,YMR316W,1,-0.6576991,0.10726072639226913,0.22648084163665771,0.1885017454624176
YKL163W,YNL209W,0,-0.6577054,0.10720176249742508,0.22648084163665771,0.18861788511276245
YBL082C,YBR077C,0,-0.65775466,0.1071428582072258,0.22648084163665771,0.1887340247631073
YNL145W,YDR390C,0,-0.6578029,0.10708402097225189,0.22648084163665771,0.18885017931461334
YIR034C,YDL115C,0,-0.65780985,0.10702524334192276,0.22648084163665771,0.1889663189649582
YER108C,YHR084W,1,-0.65784466,0.10751508176326752,0.22764228284358978,0.1889663189649582
YDL046W,YOR171C,0,-0.6578468,0.10745614022016525,0.22764228284358978,0.18908245861530304
YML013W,YHR039C-B,0,-0.65786767,0.10739725828170776,0.22764228284358978,0.18919861316680908
YCL067C,YLR143W,0,-0.65788555,0.10733844339847565,0.22764228284358978,0.18931475281715393
YMR045C,YLR323C,0,-0.65788984,0.1072796955704689,0.22764228284358978,0.18943089246749878
YMR192W,YBL106C,0,-0.657902,0.10722100734710693,0.22764228284358978,0.18954703211784363
YKL069W,YCR037C,0,-0.6579511,0.10716238617897034,0.22764228284358978,0.18966318666934967
YJR120W,YFR050C,0,-0.6579603,0.10710382461547852,0.22764228284358978,0.18977932631969452
YGL210W-A,YIL051C,0,-0.6579765,0.10704533010721207,0.22764228284358978,0.18989546597003937
YGR038C-B,YBL036C,0,-0.6580466,0.10698690265417099,0.22764228284358978,0.1900116205215454
YER108C,YDR379W,1,-0.6580559,0.10747408866882324,0.22880372405052185,0.1900116205215454
YHL009C,YNL180C,0,-0.65806246,0.10741548240184784,0.22880372405052185,0.19012776017189026
YDR480W,YAL056W,1,-0.6580714,0.1079019084572792,0.22996515035629272,0.19012776017189026
YML026C,YEL071W,0,-0.6581633,0.10784313827753067,0.22996515035629272,0.1902438998222351
YJR049C,YLR297W,0,-0.6581739,0.10778442770242691,0.22996515035629272,0.19036003947257996
YLR419W,YCR069W,0,-0.6582029,0.10772579163312912,0.22996515035629272,0.190476194024086
YLR426W,YCL048W,0,-0.65830874,0.10766720771789551,0.22996515035629272,0.19059233367443085
YJL104W,YNL322C,0,-0.6583134,0.10760869830846786,0.22996515035629272,0.1907084733247757
YPR054W,YCL012W,0,-0.6583392,0.1075502410531044,0.22996515035629272,0.19082462787628174
YER033C,YIR010W,0,-0.65835047,0.1074918583035469,0.22996515035629272,0.1909407675266266
YPR101W,YBR001C,0,-0.6583549,0.10743353515863419,0.22996515035629272,0.19105690717697144
YIL070C,YBR058C-A,0,-0.658429,0.10737527161836624,0.22996515035629272,0.19117306172847748
YLR220W,YAR015W,0,-0.65850824,0.10731707513332367,0.22996515035629272,0.19128920137882233
YPR057W,YPL173W,0,-0.6585168,0.10725893825292587,0.22996515035629272,0.19140534102916718
YHR018C,YPR057W,0,-0.6586339,0.10720086842775345,0.22996515035629272,0.19152148067951202
YOR022C,YDR098C,0,-0.6587374,0.1071428582072258,0.22996515035629272,0.19163763523101807
YNR071C,YOL119C,0,-0.65874076,0.10708490759134293,0.22996515035629272,0.19175377488136292
YDR244W,YPR017C,0,-0.6587436,0.10702702403068542,0.22996515035629272,0.19186991453170776
YFL002W-A,YPL045W,0,-0.6587499,0.1069692075252533,0.22996515035629272,0.1919860690832138
YAL041W,YPL203W,1,-0.65875787,0.10745140165090561,0.2311265915632248,0.1919860690832138
YLR361C,YDL195W,0,-0.6587599,0.10739341378211975,0.2311265915632248,0.19210220873355865
YLR362W,YER108C,1,-0.6588037,0.10787486284971237,0.23228803277015686,0.19210220873355865
YPL237W,YLR399C,0,-0.6589541,0.10781671106815338,0.23228803277015686,0.1922183483839035
YCL075W,YNL322C,0,-0.6589887,0.10775861889123917,0.23228803277015686,0.19233448803424835
YLR093C,YLR222C,0,-0.6590633,0.10770059376955032,0.23228803277015686,0.1924506425857544
YBL022C,YDR287W,0,-0.6591445,0.10764262825250626,0.23228803277015686,0.19256678223609924
YNL152W,YHR214C-C,0,-0.6591482,0.10758472234010696,0.23228803277015686,0.1926829218864441
YCR079W,YNL158W,0,-0.6591573,0.10752688348293304,0.23228803277015686,0.19279907643795013
YOL086W-A,YGR057C,0,-0.6592481,0.1074691042304039,0.23228803277015686,0.19291521608829498
YOL130W,YOR037W,0,-0.6592628,0.10741138458251953,0.23228803277015686,0.19303135573863983
YGR191W,YKL152C,0,-0.65931094,0.10735373198986053,0.23228803277015686,0.19314751029014587
YOR221C,YCR094W,0,-0.65931904,0.10729613900184631,0.23228803277015686,0.19326364994049072
YNL264C,YML040W,0,-0.65932095,0.10723860561847687,0.23228803277015686,0.19337978959083557
YML101C,YDR147W,0,-0.6593424,0.1071811392903328,0.23228803277015686,0.19349592924118042
YMR105C,YGL171W,0,-0.65939796,0.1071237251162529,0.23228803277015686,0.19361208379268646
YJR047C,YPR031W,0,-0.6594132,0.10706637799739838,0.23228803277015686,0.1937282234430313
YDR313C,YGL005C,0,-0.6594397,0.10700909793376923,0.23228803277015686,0.19384436309337616
YML004C,YDR520C,0,-0.65952754,0.10695187002420425,0.23228803277015686,0.1939605176448822
YFR010W,YDL002C,0,-0.6597172,0.10689470916986465,0.23228803277015686,0.19407665729522705
YMR290C,YCR036W,0,-0.6597462,0.10683760792016983,0.23228803277015686,0.1941927969455719
YHR113W,YDL042C,0,-0.65977424,0.10678056627511978,0.23228803277015686,0.19430893659591675
YHR214W,YDR532C,0,-0.65977466,0.10672358423471451,0.23228803277015686,0.1944250911474228
YOR326W,YBR204C,0,-0.65981203,0.1066666692495346,0.23228803277015686,0.19454123079776764
YEL026W,YDR316W-B,0,-0.6598901,0.10660980641841888,0.23228803277015686,0.1946573704481125
YHR202W,YPL177C,0,-0.65990055,0.10655301064252853,0.23228803277015686,0.19477352499961853
YDR034C-D,YDL052C,0,-0.65998006,0.10649627447128296,0.23228803277015686,0.19488966464996338
YKL016C,YDR365C,0,-0.66002965,0.10643959790468216,0.23228803277015686,0.19500580430030823
YPR105C,YKR099C-A,0,-0.66007113,0.10638298094272614,0.23228803277015686,0.19512194395065308
YNL254C,YFL062W,0,-0.66010237,0.10632642358541489,0.23228803277015686,0.19523809850215912
YOR315W,YDR349C,0,-0.6602392,0.10626992583274841,0.23228803277015686,0.19535423815250397
YGL097W,YEL050C,0,-0.66028595,0.10621348768472672,0.23228803277015686,0.19547037780284882
YOL103W,YKR096W,0,-0.66034424,0.10615710914134979,0.23228803277015686,0.19558653235435486
YMR288W,YLR299W,0,-0.6603765,0.10610079765319824,0.23228803277015686,0.1957026720046997
YPR132W,YLR466W,0,-0.6603873,0.10604453831911087,0.23228803277015686,0.19581881165504456
YGR148C,YDR100W,0,-0.660421,0.10598833858966827,0.23228803277015686,0.1959349662065506
YLR408C,YBR181C,0,-0.6604688,0.10593220591545105,0.23228803277015686,0.19605110585689545
YDR531W,YGL257C,0,-0.660673,0.105876125395298,0.23228803277015686,0.1961672455072403
YER167W,YBR241C,0,-0.6606742,0.10582010447978973,0.23228803277015686,0.19628338515758514
YNL294C,YHR084W,1,-0.66074514,0.1062929630279541,0.23344947397708893,0.19628338515758514
YHR035W,YBR280C,0,-0.6607811,0.1062367856502533,0.23344947397708893,0.1963995397090912
YPL212C,YHR115C,0,-0.6609327,0.10618066787719727,0.23344947397708893,0.19651567935943604
YNR061C,YAL053W,0,-0.6609657,0.10612460225820541,0.23344947397708893,0.19663181900978088
YCL067C,YDR515W,0,-0.66102445,0.10606860369443893,0.23344947397708893,0.19674797356128693
YBL040C,YDR101C,0,-0.66124165,0.10601265728473663,0.23344947397708893,0.19686411321163177
YER108C,YOR371C,1,-0.66135955,0.10648392140865326,0.234610915184021,0.19686411321163177
YPL115C,YOL116W,1,-0.6613945,0.10695468634366989,0.23577235639095306,0.19686411321163177
YGR074W,YAR007C,0,-0.6614607,0.10689836740493774,0.23577235639095306,0.19698025286197662
YJR064W,YDR270W,0,-0.66146505,0.10684210807085037,0.23577235639095306,0.19709639251232147
YAR044W,YDR221W,0,-0.66160023,0.10678590089082718,0.23577235639095306,0.19721254706382751
YDL168W,YIL049W,0,-0.6616776,0.10672976076602936,0.23577235639095306,0.19732868671417236
YAL041W,YPL115C,1,-0.6617862,0.10719916224479675,0.23693379759788513,0.19732868671417236
YBR092C,YKL199C,0,-0.6619036,0.1071428582072258,0.23693379759788513,0.1974448263645172
YEL039C,YLR221C,0,-0.6619754,0.10708661377429962,0.23693379759788513,0.19756098091602325
YER184C,YKL043W,0,-0.662157,0.10703042894601822,0.23693379759788513,0.1976771205663681
YER108C,YOR127W,1,-0.6621764,0.10749869048595428,0.2380952388048172,0.1976771205663681
YOR127W,YAL056W,1,-0.66219383,0.10796646028757095,0.23925668001174927,0.1976771205663681
YDR041W,YDL031W,0,-0.66223466,0.1079099029302597,0.23925668001174927,0.19779326021671295
YDL101C,YBR004C,0,-0.66227174,0.10785340517759323,0.23925668001174927,0.197909414768219
YOR290C,YJL186W,0,-0.66232073,0.10779696702957153,0.23925668001174927,0.19802555441856384
YKL091C,YKL051W,0,-0.66238475,0.10774058848619461,0.23925668001174927,0.1981416940689087
YKR049C,YBL100W-A,0,-0.6624142,0.10768426209688187,0.23925668001174927,0.19825783371925354
YDR169C,YPR028W,0,-0.6624161,0.1076280027627945,0.23925668001174927,0.19837398827075958
YPL140C,YKL099C,0,-0.66251516,0.1075718030333519,0.23925668001174927,0.19849012792110443
YBR055C,YML033W,0,-0.66261846,0.10751565545797348,0.23925668001174927,0.19860626757144928
YML098W,YKL051W,0,-0.66263676,0.10745957493782043,0.23925668001174927,0.19872242212295532
YKL069W,YFR055W,0,-0.6626942,0.10740354657173157,0.23925668001174927,0.19883856177330017
YJR002W,YLL039C,0,-0.66270626,0.10734757781028748,0.23925668001174927,0.19895470142364502
YGL107C,YPR180W,0,-0.662773,0.10729166865348816,0.23925668001174927,0.19907084107398987
YGL234W,YEL005C,0,-0.6628016,0.10723581165075302,0.23925668001174927,0.1991869956254959
YGL089C,YGR017W,0,-0.66286355,0.10718002170324326,0.23925668001174927,0.19930313527584076
YPR101W,YBR240C,0,-0.6629273,0.10712428390979767,0.23925668001174927,0.1994192749261856
YHR011W,YOL116W,1,-0.66294086,0.10758835822343826,0.24041812121868134,0.1994192749261856
YNL159C,YLL014W,0,-0.6629856,0.10753246396780014,0.24041812121868134,0.19953542947769165
YAL041W,YNL294C,1,-0.6630402,0.10799584537744522,0.2415795624256134,0.19953542947769165
YBR126C,YMR091C,0,-0.6630589,0.10793980211019516,0.2415795624256134,0.1996515691280365
YBR132C,YKL049C,0,-0.66305995,0.10788381844758987,0.2415795624256134,0.19976770877838135
YJR033C,YLR007W,0,-0.6630722,0.10782788693904877,0.2415795624256134,0.1998838633298874
YMR244C-A,YJL118W,0,-0.6631547,0.10777202248573303,0.2415795624256134,0.20000000298023224
YIL162W,YOL144W,0,-0.6631601,0.10771621018648148,0.2415795624256134,0.2001161426305771
YBL006C,YJL099W,0,-0.6631671,0.1076604574918747,0.2415795624256134,0.20023228228092194
YDR311W,YPL019C,0,-0.6632831,0.10760475695133209,0.2415795624256134,0.20034843683242798
YPL048W,YPR124W,0,-0.6633023,0.10754912346601486,0.2415795624256134,0.20046457648277283
YOR273C,YHR099W,0,-0.66330826,0.10749354213476181,0.2415795624256134,0.20058071613311768
YFL009W,YJL028W,0,-0.6633199,0.10743801295757294,0.2415795624256134,0.20069687068462372
YHR026W,YML133C,0,-0.6633743,0.10738255083560944,0.2415795624256134,0.20081301033496857
YMR211W,YOR034C,0,-0.66350335,0.10732714086771011,0.2415795624256134,0.20092914998531342
YPR057W,YMR232W,0,-0.66356075,0.10727179050445557,0.2415795624256134,0.20104528963565826
YOL060C,YPL281C,0,-0.66360724,0.1072164922952652,0.2415795624256134,0.2011614441871643
YDR379W,YHR073W,1,-0.6636312,0.10767645388841629,0.24274100363254547,0.2011614441871643
YKL034W,YKR060W,0,-0.6637,0.10762100666761398,0.24274100363254547,0.20127758383750916
YKL195W,YGL044C,0,-0.66373825,0.10756561905145645,0.24274100363254547,0.201393723487854
YGR038W,YBL051C,0,-0.66379964,0.1075102910399437,0.24274100363254547,0.20150987803936005
YGR040W,YMR316W,1,-0.6638348,0.10796914994716644,0.24390244483947754,0.20150987803936005
YJL123C,YHR143W-A,0,-0.66384053,0.10791366547346115,0.24390244483947754,0.2016260176897049
YOR131C,YDL193W,0,-0.6639551,0.10785824060440063,0.24390244483947754,0.20174215734004974
YIL017C,YLR238W,0,-0.6639792,0.1078028753399849,0.24390244483947754,0.2018582969903946
YER183C,YOL068C,0,-0.664037,0.10774756222963333,0.24390244483947754,0.20197445154190063
YAL041W,YHR084W,1,-0.6641127,0.10820512473583221,0.2450638860464096,0.20197445154190063
YNL289W,YML040W,0,-0.6641209,0.10814967006444931,0.2450638860464096,0.20209059119224548
YGR122W,YDR299W,0,-0.66416323,0.10809426009654999,0.2450638860464096,0.20220673084259033
YLR262C,YMR071C,0,-0.6641712,0.10803891718387604,0.2450638860464096,0.20232288539409637
YNR020C,YMR215W,0,-0.6642611,0.10798362642526627,0.2450638860464096,0.20243902504444122
YOL100W,YPL004C,0,-0.6643307,0.10792838782072067,0.2450638860464096,0.20255516469478607
YML120C,YER045C,0,-0.6644525,0.10787320882081985,0.2450638860464096,0.20267131924629211
YMR257C,YDR334W,0,-0.6645243,0.10781808942556381,0.2450638860464096,0.20278745889663696
YHR206W,YDL230W,0,-0.66456205,0.10776302218437195,0.2450638860464096,0.2029035985469818
YLR134W,YML014W,0,-0.66465926,0.10770801454782486,0.2450638860464096,0.20301973819732666
YIL043C,YDR227W,0,-0.6647457,0.10765305906534195,0.2450638860464096,0.2031358927488327
YHL018W,YPL013C,0,-0.6648406,0.10759816318750381,0.2450638860464096,0.20325203239917755
YPL203W,YOL116W,1,-0.66488564,0.10805300623178482,0.24622531235218048,0.20325203239917755
YBR122C,YPR063C,0,-0.6649265,0.10799796134233475,0.24622531235218048,0.2033681720495224
YJR096W,YFL005W,0,-0.66509694,0.10794297605752945,0.24622531235218048,0.20348432660102844
YHL008C,YDR320C,0,-0.66514045,0.10788804292678833,0.24622531235218048,0.2036004662513733
YPL186C,YMR266W,0,-0.665206,0.10783316195011139,0.24622531235218048,0.20371660590171814
YOL133W,YPL008W,0,-0.66521806,0.10777834057807922,0.24622531235218048,0.203832745552063
YKR001C,YKR085C,0,-0.6652398,0.10772357881069183,0.24622531235218048,0.20394890010356903
YHR080C,YKL183W,0,-0.66524184,0.10766886919736862,0.24622531235218048,0.20406503975391388
YPL178W,YCR003W,0,-0.6652734,0.10761421173810959,0.24622531235218048,0.20418117940425873
YAL042W,YCR045C,0,-0.6652957,0.10755961388349533,0.24622531235218048,0.20429733395576477
YDR139C,YCL012W,0,-0.66536903,0.10750506818294525,0.24622531235218048,0.20441347360610962
YDR322C-A,YJL148W,0,-0.6653762,0.10745058208703995,0.24622531235218048,0.20452961325645447
YPR036W,YDR100W,0,-0.66538525,0.10739614814519882,0.24622531235218048,0.2046457678079605
YER109C,YGL121C,1,-0.66540617,0.10784810036420822,0.24738675355911255,0.2046457678079605
YBR127C,YPL280W,0,-0.66549635,0.10779352486133575,0.24738675355911255,0.20476190745830536
YMR244C-A,YKL216W,0,-0.665764,0.10773900151252747,0.24738675355911255,0.2048780471086502
YCR033W,YGR007W,0,-0.6658069,0.10768453031778336,0.24738675355911255,0.20499418675899506
YIL067C,YFL016C,0,-0.66583145,0.10763011872768402,0.24738675355911255,0.2051103413105011
YKL084W,YHR083W,0,-0.6659173,0.10757575929164886,0.24738675355911255,0.20522648096084595
YLR388W,YDL124W,0,-0.6659744,0.10752145200967789,0.24738675355911255,0.2053426206111908
YNL086W,YHR186C,0,-0.6660677,0.10746720433235168,0.24738675355911255,0.20545877516269684
YDL007W,YML091C,0,-0.6660999,0.10741300880908966,0.24738675355911255,0.2055749148130417
YGR183C,YNL075W,0,-0.6661558,0.10735887289047241,0.24738675355911255,0.20569105446338654
YOL098C,YDR368W,0,-0.6662962,0.10730478912591934,0.24738675355911255,0.20580719411373138
YDR086C,YBR149W,0,-0.6663382,0.10725075751543045,0.24738675355911255,0.20592334866523743
YDR200C,YCR020C,0,-0.6665074,0.10719677805900574,0.24738675355911255,0.20603948831558228
YPL203W,YER108C,1,-0.66658854,0.10764587670564651,0.24854819476604462,0.20603948831558228
YIL067C,YDL080C,0,-0.6665967,0.10759175568819046,0.24854819476604462,0.20615562796592712
YER177W,YMR024W,0,-0.66671443,0.10753768682479858,0.24854819476604462,0.20627178251743317
YLR345W,YMR292W,0,-0.66673625,0.10748367756605148,0.24854819476604462,0.20638792216777802
YCR039C,YGL173C,0,-0.66677713,0.10742972046136856,0.24854819476604462,0.20650406181812286
YMR104C,YHR099W,0,-0.66683054,0.10737581551074982,0.24854819476604462,0.2066202163696289
YBL088C,YMR037C,0,-0.6668683,0.10732196271419525,0.24854819476604462,0.20673635601997375
YMR113W,YOR048C,0,-0.66690767,0.10726816952228546,0.24854819476604462,0.2068524956703186
YBR112C,YGR106C,0,-0.66691685,0.10721442848443985,0.24854819476604462,0.20696863532066345
YBR272C,YGR207C,0,-0.66695094,0.10716073960065842,0.24854819476604462,0.2070847898721695
YHR111W,YBR083W,1,-0.6669796,0.10760761052370071,0.24970963597297668,0.2070847898721695
YPL049C,YGL121C,1,-0.66706806,0.1080540269613266,0.25087109208106995,0.2070847898721695
YIL168W,YER089C,0,-0.6671397,0.1080000028014183,0.25087109208106995,0.20720092952251434
YLL010C,YOR228C,0,-0.6672258,0.10794602334499359,0.25087109208106995,0.2073170691728592
YBR159W,YMR166C,0,-0.66740936,0.10789211094379425,0.25087109208106995,0.20743322372436523
YGR048W,YDR018C,0,-0.6675396,0.10783824324607849,0.25087109208106995,0.20754936337471008
YLR166C,YOR088W,0,-0.6675708,0.10778442770242691,0.25087109208106995,0.20766550302505493
YLR121C,YJR076C,0,-0.6676295,0.1077306717634201,0.25087109208106995,0.20778164267539978
YDR342C,YPR070W,0,-0.66777307,0.10767696797847748,0.25087109208106995,0.20789779722690582
YDR398W,YOR245C,0,-0.6677743,0.10762331634759903,0.25087109208106995,0.20801393687725067
YAL043C,YMR211W,0,-0.66781545,0.10756972432136536,0.25087109208106995,0.20813007652759552
YGR274C,YKL222C,0,-0.66781604,0.10751617699861526,0.25087109208106995,0.20824623107910156
YER012W,YPR022C,0,-0.66782284,0.10746268928050995,0.25087109208106995,0.2083623707294464
YNL125C,YOR171C,0,-0.6678309,0.10740924626588821,0.25087109208106995,0.20847851037979126
YDL184C,YGL160W,0,-0.66788405,0.10735586285591125,0.25087109208106995,0.2085946500301361
YGR289C,YOR214C,0,-0.66798556,0.10730253159999847,0.25087109208106995,0.20871080458164215
YLR106C,YDR255C,0,-0.66802645,0.10724925249814987,0.25087109208106995,0.208826944231987
YOL135C,YIL172C,0,-0.6680394,0.10719603300094604,0.25087109208106995,0.20894308388233185
YDR236C,YHR039C-B,0,-0.66807187,0.1071428582072258,0.25087109208106995,0.2090592384338379
YML018C,YDR288W,0,-0.66811585,0.10708973556756973,0.25087109208106995,0.20917537808418274
YKL032C,YDR487C,0,-0.668118,0.10703667253255844,0.25087109208106995,0.2092915177345276
YPL171C,YPL268W,0,-0.66813594,0.10698365420103073,0.25087109208106995,0.20940767228603363
YNL294C,YER027C,1,-0.66818494,0.1074257418513298,0.2520325183868408,0.20940767228603363
YMR233W,YER071C,0,-0.66818786,0.10737258940935135,0.2520325183868408,0.20952381193637848
YDL134C-A,YPL237W,0,-0.6682404,0.10731948912143707,0.2520325183868408,0.20963995158672333
YPR022C,YJR058C,0,-0.6682545,0.10726643353700638,0.2520325183868408,0.20975609123706818
YDL153C,YDR510W,0,-0.6683713,0.10721343755722046,0.2520325183868408,0.20987224578857422
YKL212W,YCL012W,0,-0.66844356,0.10716049373149872,0.2520325183868408,0.20998838543891907
YIL009W,YLR075W,0,-0.6684512,0.10710760205984116,0.2520325183868408,0.21010452508926392
YMR035W,YPL198W,0,-0.6685076,0.10705476254224777,0.2520325183868408,0.21022067964076996
YLL016W,YHR186C,0,-0.6685972,0.10700197517871857,0.2520325183868408,0.2103368192911148
YKR099W,YGR132C,0,-0.66860723,0.10694923251867294,0.2520325183868408,0.21045295894145966
YCL066W,YER014W,0,-0.66862094,0.1068965494632721,0.2520325183868408,0.2105690985918045
YOL052C-A,YDL081C,0,-0.66872835,0.10684391856193542,0.2520325183868408,0.21068525314331055
YGR174C,YER031C,0,-0.6687775,0.10679133981466293,0.2520325183868408,0.2108013927936554
YJL045W,YDL002C,0,-0.66880953,0.10673881322145462,0.2520325183868408,0.21091753244400024
YNR073C,YNL213C,0,-0.66883314,0.10668633133172989,0.2520325183868408,0.2110336869955063
YDR040C,YOR056C,0,-0.6688548,0.10663390904664993,0.2520325183868408,0.21114982664585114
YOL116W,YHR073W,1,-0.6690042,0.10707268863916397,0.2531939744949341,0.21114982664585114
YGL040C,YOR001W,0,-0.66901124,0.10702012479305267,0.2531939744949341,0.21126596629619598
YDL100C,YIR026C,0,-0.66901505,0.10696761310100555,0.2531939744949341,0.21138212084770203
YKR027W,YNL191W,0,-0.6690271,0.10691515356302261,0.2531939744949341,0.21149826049804688
YHR042W,YOR273C,0,-0.6690531,0.10686274617910385,0.2531939744949341,0.21161440014839172
YER177W,YJL179W,0,-0.66905445,0.10681038349866867,0.2531939744949341,0.21173053979873657
YGL222C,YNL213C,0,-0.6691267,0.10675808042287827,0.2531939744949341,0.21184669435024261
YER170W,YCR058C,0,-0.66914964,0.10670582205057144,0.2531939744949341,0.21196283400058746
YKR059W,YDR247W,0,-0.6692425,0.1066536232829094,0.2531939744949341,0.2120789736509323
YER108C,YPL049C,1,-0.6692802,0.10709046572446823,0.25435540080070496,0.2120789736509323
YBL102W,YGR161C,0,-0.6693139,0.10703812539577484,0.25435540080070496,0.21219512820243835
YDR276C,YIL118W,0,-0.66940963,0.10698582977056503,0.25435540080070496,0.2123112678527832
YKR064W,YHL008C,0,-0.6694571,0.10693359375,0.25435540080070496,0.21242740750312805
YBR104W,YBR204C,0,-0.6694647,0.10688140243291855,0.25435540080070496,0.2125435471534729
YIL090W,YCL012W,0,-0.66947544,0.10682927072048187,0.25435540080070496,0.21265970170497894
YHR003C,YDR421W,0,-0.6694803,0.10677718371152878,0.25435540080070496,0.2127758413553238
YML082W,YEL004W,0,-0.6694997,0.10672514885663986,0.25435540080070496,0.21289198100566864
YGR075C,YIR003W,0,-0.6695128,0.10667315870523453,0.25435540080070496,0.21300813555717468
YDR134C,YDL161W,0,-0.6695256,0.10662122815847397,0.25435540080070496,0.21312427520751953
YHR070W,YMR139W,0,-0.66970384,0.10656934231519699,0.25435540080070496,0.21324041485786438
YPR061C,YCL047C,0,-0.66974795,0.10651750862598419,0.25435540080070496,0.21335656940937042
YHR183W,YOR007C,0,-0.66976166,0.10646572709083557,0.25435540080070496,0.21347270905971527
YMR042W,YIL007C,0,-0.669822,0.10641399770975113,0.25435540080070496,0.21358884871006012
YNL076W,YDL144C,0,-0.6698965,0.10636231303215027,0.25435540080070496,0.21370498836040497
YGR132C,YIL167W,0,-0.6699089,0.10631068050861359,0.25435540080070496,0.213821142911911
YPR042C,YNL270C,0,-0.66996574,0.10625910013914108,0.25435540080070496,0.21393728256225586
YMR287C,YDL191W,0,-0.6700021,0.10620756447315216,0.25435540080070496,0.2140534222126007
YDR314C,YLR283W,0,-0.6700799,0.10615608096122742,0.25435540080070496,0.21416957676410675
YNR001C,YMR042W,0,-0.6700938,0.10610464960336685,0.25435540080070496,0.2142857164144516
YGL039W,YDR482C,0,-0.6701131,0.10605327039957047,0.25435540080070496,0.21440185606479645
YJR033C,YPL152W,0,-0.6701298,0.10600193589925766,0.25435540080070496,0.2145179957151413
YJL118W,YML015C,0,-0.67013216,0.10595065355300903,0.25435540080070496,0.21463415026664734
YDR523C,YOR066W,0,-0.67013514,0.10589942336082458,0.25435540080070496,0.2147502899169922
YDR244W,YHR046C,0,-0.67015135,0.10584823787212372,0.25435540080070496,0.21486642956733704
YOR396W,YCR065W,0,-0.670166,0.10579710453748703,0.25435540080070496,0.21498258411884308
YDL161W,YJL138C,0,-0.6701969,0.10574601590633392,0.25435540080070496,0.21509872376918793
YDL065C,YBR267W,0,-0.6701973,0.105694979429245,0.25435540080070496,0.21521486341953278
YER083C,YDL046W,0,-0.6703347,0.10564399510622025,0.25435540080070496,0.21533100306987762
YLR136C,YBL102W,0,-0.6705585,0.10559305548667908,0.25435540080070496,0.21544715762138367
YOR127W,YMR316W,1,-0.67055976,0.10602409392595291,0.25551682710647583,0.21544715762138367
YDR287W,YER127W,0,-0.67072546,0.1059730276465416,0.25551682710647583,0.21556329727172852
YLL035W,YJL196C,0,-0.67078686,0.10592200607061386,0.25551682710647583,0.21567943692207336
YOL127W,YGR088W,0,-0.67087114,0.10587102919816971,0.25551682710647583,0.2157955914735794
YDR204W,YOL098C,0,-0.67089355,0.10582010447978973,0.25551682710647583,0.21591173112392426
YAL007C,YKL213C,0,-0.67089915,0.10576923191547394,0.25551682710647583,0.2160278707742691
YLR337W,YCR018C,0,-0.6709279,0.10571840405464172,0.25551682710647583,0.21614402532577515
YDR399W,YGR059W,0,-0.67124295,0.10566762834787369,0.25551682710647583,0.21626016497612
YDR347W,YIL063C,0,-0.67126226,0.10561689734458923,0.25551682710647583,0.21637630462646484
YNR043W,YNR070W,0,-0.6712691,0.10556621849536896,0.25551682710647583,0.2164924442768097
YML111W,YLR312C-B,0,-0.671273,0.10551558434963226,0.25551682710647583,0.21660859882831573
YHR146W,YDR483W,0,-0.6713507,0.10546500235795975,0.25551682710647583,0.21672473847866058
YNL045W,YGR235C,0,-0.6713509,0.10541447252035141,0.25551682710647583,0.21684087812900543
YPR114W,YBR302C,0,-0.6714201,0.10536398738622665,0.25551682710647583,0.21695703268051147
YDL056W,YCL038C,0,-0.67143023,0.10531354695558548,0.25551682710647583,0.21707317233085632
YDL127W,YKL150W,0,-0.6714958,0.10526315867900848,0.25551682710647583,0.21718931198120117
YFL024C,YKR088C,0,-0.6715131,0.10521281510591507,0.25551682710647583,0.21730545163154602
YLL062C,YBL019W,0,-0.671548,0.10516252368688583,0.25551682710647583,0.21742160618305206
YLR304C,YIL022W,0,-0.6715821,0.10511227697134018,0.25551682710647583,0.2175377458333969
YPL138C,YLR312C-B,0,-0.6716696,0.1050620824098587,0.25551682710647583,0.21765388548374176
YDR270W,YDR289C,0,-0.6717354,0.10501193255186081,0.25551682710647583,0.2177700400352478
YDR108W,YJR098C,0,-0.6719067,0.1049618348479271,0.25551682710647583,0.21788617968559265
YIR019C,YBL016W,1,-0.6719152,0.10538864880800247,0.2566782832145691,0.21788617968559265
YDR259C,YLR040C,0,-0.67194295,0.10533841699361801,0.2566782832145691,0.2180023193359375
YGL009C,YKR067W,0,-0.6720296,0.10528822988271713,0.2566782832145691,0.21811847388744354
YDL058W,YDR307W,0,-0.6720396,0.10523809492588043,0.2566782832145691,0.2182346135377884
YGL092W,YIL171W,0,-0.67206943,0.10518800467252731,0.2566782832145691,0.21835075318813324
YML004C,YKR085C,0,-0.6720754,0.10513796657323837,0.2566782832145691,0.2184668928384781
YPL086C,YGR253C,0,-0.6722183,0.10508797317743301,0.2566782832145691,0.21858304738998413
YLR229C,YDR477W,1,-0.6722338,0.1055133044719696,0.25783970952033997,0.21858304738998413
YHR084W,YAL056W,1,-0.6722859,0.10593824088573456,0.2590011656284332,0.21858304738998413
YOR063W,YBR036C,0,-0.6722889,0.10588794201612473,0.2590011656284332,0.21869918704032898
YML113W,YKL086W,0,-0.6724031,0.10583768039941788,0.2590011656284332,0.21881532669067383
YNL059C,YDR261C,0,-0.6724781,0.1057874783873558,0.2590011656284332,0.21893148124217987
YGL045W,YDR107C,1,-0.6725551,0.10621147602796555,0.2601625919342041,0.21893148124217987
YLR284C,YDR007W,0,-0.67255735,0.10616113990545273,0.2601625919342041,0.21904762089252472
YPL160W,YDR214W,0,-0.67259645,0.10611084848642349,0.2601625919342041,0.21916376054286957
YJL113W,YDL100C,0,-0.6726011,0.10606060922145844,0.2601625919342041,0.21927990019321442
YBR237W,YBR264C,0,-0.6726792,0.10601041465997696,0.2601625919342041,0.21939605474472046
YHR089C,YMR071C,0,-0.6726953,0.10596026480197906,0.2601625919342041,0.2195121943950653
YHR006W,YGR287C,0,-0.6727158,0.10591016709804535,0.2601625919342041,0.21962833404541016
YDL018C,YDL189W,0,-0.6728136,0.10586011409759521,0.2601625919342041,0.2197444885969162
YBR119W,YCR069W,0,-0.6728991,0.10581010580062866,0.2601625919342041,0.21986062824726105
YGL208W,YAL056W,1,-0.67290986,0.10623229295015335,0.26132404804229736,0.21986062824726105
YDL146W,YEL077C,0,-0.67298317,0.10618215799331665,0.26132404804229736,0.2199767678976059
YLR172C,YLR239C,0,-0.6730002,0.10613207519054413,0.26132404804229736,0.22009292244911194
YGL028C,YDR210W,0,-0.6730106,0.10608203709125519,0.26132404804229736,0.2202090620994568
YOR027W,YDR385W,0,-0.6730434,0.10603204369544983,0.26132404804229736,0.22032520174980164
YGR261C,YLL018C,0,-0.6731783,0.10598210245370865,0.26132404804229736,0.22044134140014648
YOR057W,YML040W,0,-0.6731914,0.10593220591545105,0.26132404804229736,0.22055749595165253
YDR270W,YKL199C,0,-0.67321014,0.10588235408067703,0.26132404804229736,0.22067363560199738
YER140W,YDR239C,0,-0.67337155,0.1058325469493866,0.26132404804229736,0.22078977525234222
YMR297W,YGL067W,0,-0.6734208,0.10578279197216034,0.26132404804229736,0.22090592980384827
YFL044C,YIL115C,0,-0.67342496,0.10573308169841766,0.26132404804229736,0.22102206945419312
YHL040C,YKL042W,0,-0.6734819,0.10568341612815857,0.26132404804229736,0.22113820910453796
YIL109C,YDR210W,0,-0.67350125,0.10563380271196365,0.26132404804229736,0.2212543487548828
YMR282C,YLR413W,0,-0.6735287,0.10558423399925232,0.26132404804229736,0.22137050330638885
YOR033C,YBR089C-A,0,-0.67353344,0.10553470999002457,0.26132404804229736,0.2214866429567337
YCL062W,YMR048W,0,-0.6736425,0.1054852306842804,0.26132404804229736,0.22160278260707855
YOL006C,YJR104C,0,-0.6736585,0.1054358035326004,0.26132404804229736,0.2217189371585846
YKR095W-A,YDR533C,0,-0.6737726,0.1053864136338234,0.26132404804229736,0.22183507680892944
YLR297W,YPL228W,0,-0.6737814,0.10533707588911057,0.26132404804229736,0.2219512164592743
YBR012W-A,YFR010W,0,-0.67380893,0.10528779029846191,0.26132404804229736,0.22206735610961914
YDR143C,YHL047C,0,-0.6738342,0.10523854196071625,0.26132404804229736,0.22218351066112518
YBL100W-B,YBR279W,0,-0.67389166,0.10518933832645416,0.26132404804229736,0.22229965031147003
YOR088W,YGR082W,0,-0.6739217,0.10514018684625626,0.26132404804229736,0.22241578996181488
YCR009C,YMR026C,0,-0.6739622,0.10509108006954193,0.26132404804229736,0.22253194451332092
YPR122W,YMR283C,0,-0.67400324,0.10504201799631119,0.26132404804229736,0.22264808416366577
YDL030W,YGL084C,0,-0.6740303,0.10499300062656403,0.26132404804229736,0.22276422381401062
YOL140W,YJR019C,0,-0.6740949,0.10494402796030045,0.26132404804229736,0.22288037836551666
YPL220W,YOR320C,0,-0.67412984,0.10489510744810104,0.26132404804229736,0.2229965180158615
YLR398C,YGR231C,0,-0.6741395,0.10484622418880463,0.26132404804229736,0.22311265766620636
YBL100W-A,YJL122W,0,-0.67428565,0.10479739308357239,0.26132404804229736,0.2232287973165512
YNL186W,YBR057C,0,-0.67430943,0.10474860668182373,0.26132404804229736,0.22334495186805725
YDL060W,YNR070W,0,-0.6743245,0.10469985753297806,0.26132404804229736,0.2234610915184021
YBL075C,YIL063C,0,-0.6745416,0.10465116053819656,0.26132404804229736,0.22357723116874695
YCR040W,YIR035C,0,-0.6745907,0.10460250824689865,0.26132404804229736,0.223693385720253
YPR097W,YMR026C,0,-0.6746049,0.10455390065908432,0.26132404804229736,0.22380952537059784
YHR146W,YLR286C,0,-0.67464817,0.10450533777475357,0.26132404804229736,0.2239256650209427
YDR287W,YDR412W,0,-0.67498356,0.104456827044487,0.26132404804229736,0.22404180467128754
YMR043W,YDR318W,0,-0.6750368,0.10440835356712341,0.26132404804229736,0.22415795922279358
YNL146W,YDR522C,0,-0.6750378,0.10435992479324341,0.26132404804229736,0.22427409887313843
YOR371C,YHR073W,1,-0.675064,0.10477515310049057,0.26248547434806824,0.22427409887313843
YOR019W,YHL017W,0,-0.67519784,0.10472659766674042,0.26248547434806824,0.22439023852348328
YPL275W,YGR283C,0,-0.6752345,0.10467809438705444,0.26248547434806824,0.22450639307498932
YGL160W,YER070W,0,-0.6752869,0.10462962836027145,0.26248547434806824,0.22462253272533417
YLR256W,YOR075W,0,-0.67533076,0.10458121448755264,0.26248547434806824,0.22473867237567902
YPL203W,YDR043C,1,-0.6753902,0.10499537736177444,0.2636469304561615,0.22473867237567902
YKL027W,YIL173W,0,-0.67539454,0.10494682937860489,0.2636469304561615,0.22485482692718506
YGR129W,YGR086C,0,-0.67546487,0.10489833354949951,0.2636469304561615,0.2249709665775299
YKL107W,YNL278W,0,-0.67548645,0.10484988242387772,0.2636469304561615,0.22508710622787476
YGL061C,YGL178W,0,-0.6755197,0.1048014760017395,0.2636469304561615,0.2252032458782196
YER070W,YFL039C,0,-0.6755283,0.10475311428308487,0.2636469304561615,0.22531940042972565
YDL113C,YGL207W,0,-0.6755346,0.10470479726791382,0.2636469304561615,0.2254355400800705
YAL041W,YOR080W,1,-0.6756358,0.105117566883564,0.2648083567619324,0.2254355400800705
YFR024C,YPL152W,0,-0.67569685,0.1050691232085228,0.2648083567619324,0.22555167973041534
YDR153C,YLR095C,0,-0.6758057,0.10502072423696518,0.2648083567619324,0.2256678342819214
YAL041W,YBR083W,1,-0.67594004,0.10543277859687805,0.26596981287002563,0.2256678342819214
YDR380W,YML063W,0,-0.6760905,0.10538426041603088,0.26596981287002563,0.22578397393226624
YJR134C,YHL047C,0,-0.6761182,0.1053357869386673,0.26596981287002563,0.22590011358261108
YBR213W,YPR166C,0,-0.6761701,0.10528735816478729,0.26596981287002563,0.22601625323295593
YGL013C,YBL035C,0,-0.6763228,0.10523897409439087,0.26596981287002563,0.22613240778446198
YMR130W,YOL049W,0,-0.6763254,0.10519062727689743,0.26596981287002563,0.22624854743480682
YIL121W,YGL255W,0,-0.6765698,0.10514233261346817,0.26596981287002563,0.22636468708515167
YNL119W,YMR316W,1,-0.67658687,0.10555300861597061,0.2671312391757965,0.22636468708515167
YDL222C,YML014W,0,-0.6767088,0.1055045872926712,0.2671312391757965,0.22648084163665771
YNL197C,YDR107C,1,-0.6769068,0.10591471940279007,0.26829269528388977,0.22648084163665771
YCL047C,YBR004C,0,-0.6769613,0.10586617887020111,0.26829269528388977,0.22659698128700256
YJR014W,YDR038C,0,-0.67697823,0.10581768304109573,0.26829269528388977,0.2267131209373474
YFR016C,YER141W,0,-0.6770401,0.10576923191547394,0.26829269528388977,0.22682927548885345
YML022W,YHL047C,0,-0.67710435,0.10572082549333572,0.26829269528388977,0.2269454151391983
YAL058W,YPL224C,0,-0.67715144,0.10567246377468109,0.26829269528388977,0.22706155478954315
YDR298C,YGL016W,0,-0.67716086,0.10562413930892944,0.26829269528388977,0.227177694439888
YDR243C,YGL001C,0,-0.67716825,0.10557586699724197,0.26829269528388977,0.22729384899139404
YLL014W,YDL002C,0,-0.67728734,0.10552763938903809,0.26829269528388977,0.2274099886417389
YJR067C,YNL103W,0,-0.6773149,0.10547944903373718,0.26829269528388977,0.22752612829208374
YPR071W,YGL141W,0,-0.6773226,0.10543131083250046,0.26829269528388977,0.22764228284358978
YBL030C,YKR062W,0,-0.6773387,0.10538320988416672,0.26829269528388977,0.22775842249393463
YCL064C,YGR154C,0,-0.67734754,0.10533515363931656,0.26829269528388977,0.22787456214427948
YKR080W,YJR089W,0,-0.6774086,0.10528714954853058,0.26829269528388977,0.22799070179462433
YKL167C,YER036C,0,-0.67745864,0.10523918271064758,0.26829269528388977,0.22810685634613037
YFL049W,YOR136W,0,-0.67749655,0.10519125312566757,0.26829269528388977,0.22822299599647522
YOR094W,YHL008C,0,-0.67752504,0.10514337569475174,0.26829269528388977,0.22833913564682007
YDR135C,YJR113C,0,-0.67758465,0.10509554296731949,0.26829269528388977,0.2284552901983261
YER147C,YFL005W,0,-0.67761874,0.10504774749279022,0.26829269528388977,0.22857142984867096
YJL111W,YDL232W,0,-0.67765594,0.10499999672174454,0.26829269528388977,0.2286875694990158
YGL224C,YGR008C,0,-0.6777042,0.10495229810476303,0.26829269528388977,0.22880372405052185
YPL045W,YCR070W,0,-0.6777624,0.10490462929010391,0.26829269528388977,0.2289198637008667
YGR204W,YLR189C,0,-0.6777841,0.10485701262950897,0.26829269528388977,0.22903600335121155
YJR076C,YIL153W,0,-0.6778827,0.10480944067239761,0.26829269528388977,0.2291521430015564
YEL006W,YDR129C,0,-0.6779106,0.10476190596818924,0.26829269528388977,0.22926829755306244
YNL014W,YJL209W,0,-0.67798096,0.10471441596746445,0.26829269528388977,0.2293844372034073
YOR080W,YBR083W,1,-0.6779833,0.10512007027864456,0.26945412158966064,0.2293844372034073
YOL105C,YDL110C,0,-0.67800176,0.10507246106863022,0.26945412158966064,0.22950057685375214
YDR200C,YNL111C,0,-0.678101,0.10502489656209946,0.26945412158966064,0.22961673140525818
YLR138W,YIL034C,0,-0.67815924,0.10497737675905228,0.26945412158966064,0.22973287105560303
YJL078C,YHR092C,0,-0.6782174,0.10492989420890808,0.26945412158966064,0.22984901070594788
YDL067C,YNL129W,0,-0.6784175,0.10488245636224747,0.26945412158966064,0.22996515035629272
YNL030W,YFR047C,0,-0.67842674,0.10483506321907043,0.26945412158966064,0.23008130490779877
YMR076C,YDR257C,0,-0.6784642,0.10478771477937698,0.26945412158966064,0.23019744455814362
YDR478W,YAR019C,0,-0.6785716,0.10474040359258652,0.26945412158966064,0.23031358420848846
YOL016C,YPR007C,0,-0.67861766,0.10469313710927963,0.26945412158966064,0.2304297387599945
YHR157W,YAL068C,0,-0.67864656,0.10464591532945633,0.26945412158966064,0.23054587841033936
YKR085C,YDL051W,0,-0.67864716,0.10459873825311661,0.26945412158966064,0.2306620180606842
YMR086W,YPR121W,0,-0.67869145,0.10455159842967987,0.26945412158966064,0.23077815771102905
YMR130W,YJL133W,0,-0.6786982,0.10450450330972672,0.26945412158966064,0.2308943122625351
YHR185C,YNL161W,0,-0.6787299,0.10445745289325714,0.26945412158966064,0.23101045191287994
YLR044C,YGR009C,0,-0.6787763,0.10441043972969055,0.26945412158966064,0.2311265915632248
YER129W,YNL035C,0,-0.6788644,0.10436347126960754,0.26945412158966064,0.23124274611473083
YBL016W,YHL007C,1,-0.67888963,0.10476619005203247,0.2706155776977539,0.23124274611473083
YMR104C,YNL264C,0,-0.6789134,0.10471910238265991,0.2706155776977539,0.23135888576507568
YGR125W,YKR046C,0,-0.67899466,0.10467205941677094,0.2706155776977539,0.23147502541542053
YOR278W,YER006W,0,-0.6790426,0.10462505370378494,0.2706155776977539,0.23159117996692657
YML043C,YPL158C,0,-0.6790939,0.10457810014486313,0.2706155776977539,0.23170731961727142
YER102W,YLR019W,0,-0.67910576,0.1045311763882637,0.2706155776977539,0.23182345926761627
YDL154W,YMR016C,0,-0.6791228,0.10448430478572845,0.2706155776977539,0.23193959891796112
YOR346W,YDL222C,0,-0.6791574,0.10443747043609619,0.2706155776977539,0.23205575346946716
YGL038C,YDR261C,0,-0.6792116,0.10439068078994751,0.2706155776977539,0.232171893119812
YHR122W,YKL139W,0,-0.67921436,0.10434392839670181,0.2706155776977539,0.23228803277015686
YGL105W,YNR016C,0,-0.6792221,0.1042972281575203,0.2706155776977539,0.2324041873216629
YMR043W,YER143W,0,-0.67924476,0.10425055772066116,0.2706155776977539,0.23252032697200775
YDR511W,YDR217C,0,-0.67926633,0.10420393198728561,0.2706155776977539,0.2326364666223526
YMR260C,YPL020C,0,-0.6792983,0.10415735095739365,0.2706155776977539,0.23275260627269745
YER083C,YLR414C,0,-0.67940754,0.10411081463098526,0.2706155776977539,0.2328687608242035
YEL024W,YMR260C,0,-0.67952,0.10406431555747986,0.2706155776977539,0.23298490047454834
YPL225W,YNL058C,0,-0.6795236,0.10401785373687744,0.2706155776977539,0.2331010401248932
YDR541C,YIL171W,0,-0.6796663,0.1039714440703392,0.2706155776977539,0.23321719467639923
YDR021W,YGR257C,0,-0.6797146,0.10392506420612335,0.2706155776977539,0.23333333432674408
YOL058W,YHL036W,0,-0.6798034,0.10387873649597168,0.2706155776977539,0.23344947397708893
YGL136C,YLR058C,0,-0.67990637,0.1038324385881424,0.2706155776977539,0.23356562852859497
YBL016W,YMR316W,1,-0.67990947,0.10423162579536438,0.2717770040035248,0.23356562852859497
YPR155C,YOL120C,0,-0.67991173,0.10418521612882614,0.2717770040035248,0.23368176817893982
YKR086W,YER153C,0,-0.6799476,0.10413885116577148,0.2717770040035248,0.23379790782928467
YNL012W,YJL059W,0,-0.6800347,0.10409252345561981,0.2717770040035248,0.23391404747962952
YGL234W,YDR065W,0,-0.68008304,0.10404624044895172,0.2717770040035248,0.23403020203113556
YGL208W,YHR073W,1,-0.6801096,0.10444444417953491,0.27293843030929565,0.23403020203113556
YER133W,YGR266W,0,-0.68023074,0.10439804196357727,0.27293843030929565,0.2341463416814804
YNL210W,YML037C,0,-0.680254,0.10435168445110321,0.27293843030929565,0.23426248133182526
YNL176C,YOR007C,0,-0.6802621,0.10430537164211273,0.27293843030929565,0.2343786358833313
YPL275W,YOR196C,0,-0.68028045,0.10425909608602524,0.27293843030929565,0.23449477553367615
YBL047C,YOL034W,0,-0.68031085,0.10421285778284073,0.27293843030929565,0.234610915184021
YPL049C,YIL008W,1,-0.6803547,0.10460992902517319,0.2740998864173889,0.234610915184021
YGR074W,YOR002W,0,-0.68044066,0.10456357896327972,0.2740998864173889,0.23472705483436584
YKR042W,YJR159W,0,-0.6804573,0.10451727360486984,0.2740998864173889,0.2348432093858719
YDL109C,YNR054C,0,-0.6805096,0.10447100549936295,0.2740998864173889,0.23495934903621674
YPR156C,YJR068W,0,-0.68069804,0.10442478209733963,0.2740998864173889,0.23507548868656158
YGL022W,YNL135C,0,-0.6807208,0.1043785959482193,0.2740998864173889,0.23519164323806763
YPR131C,YOR288C,0,-0.6808218,0.10433244705200195,0.2740998864173889,0.23530778288841248
YGL093W,YKL148C,0,-0.6808431,0.10428634285926819,0.2740998864173889,0.23542392253875732
YDR388W,YDR347W,0,-0.6810117,0.104240283370018,0.2740998864173889,0.23554007709026337
YMR012W,YDL038C,0,-0.6810646,0.1041942611336708,0.2740998864173889,0.23565621674060822
YIL053W,YOR010C,0,-0.6811644,0.10414827615022659,0.2740998864173889,0.23577235639095306
YNR063W,YLR411W,0,-0.6813481,0.10410233587026596,0.2740998864173889,0.2358884960412979
YOL121C,YGR186W,0,-0.681496,0.10405644029378891,0.2740998864173889,0.23600465059280396
YDR135C,YLR120C,0,-0.6815766,0.10401057451963425,0.2740998864173889,0.2361207902431488
YJR118C,YDL226C,0,-0.68159693,0.10396476089954376,0.2740998864173889,0.23623692989349365
YGL210W-A,YFL034C-A,0,-0.6816435,0.10391897708177567,0.2740998864173889,0.2363530844449997
YDL132W,YLL032C,0,-0.68175447,0.10387323796749115,0.2740998864173889,0.23646922409534454
YDL099W,YMR050C,0,-0.68176055,0.10382754355669022,0.2740998864173889,0.2365853637456894
YMR004W,YFL034C-B,0,-0.6817856,0.10378187894821167,0.2740998864173889,0.23670150339603424
YER108C,YLR229C,1,-0.6818235,0.10417582094669342,0.2752613127231598,0.23670150339603424
YDR486C,YHR021C,0,-0.6819663,0.10413005203008652,0.2752613127231598,0.23681765794754028
YLR362W,YLR229C,1,-0.6819848,0.10452349483966827,0.27642276883125305,0.23681765794754028
YOL126C,YBR211C,0,-0.68209624,0.10447761416435242,0.27642276883125305,0.23693379759788513
YHR079C-B,YHR028C,0,-0.6821482,0.10443177074193954,0.27642276883125305,0.23704993724822998
YDR501W,YLL039C,0,-0.6821883,0.10438596457242966,0.27642276883125305,0.23716609179973602
YGL173C,YGL006W,0,-0.6822016,0.10434020310640335,0.27642276883125305,0.23728223145008087
YBR267W,YLR238W,0,-0.6822076,0.10429447889328003,0.27642276883125305,0.23739837110042572
YCR067C,YBR248C,0,-0.68231106,0.10424879193305969,0.27642276883125305,0.23751451075077057
YLR185W,YNL213C,0,-0.6823287,0.10420314967632294,0.27642276883125305,0.2376306653022766
YJR139C,YDR303C,0,-0.68238384,0.10415755212306976,0.27642276883125305,0.23774680495262146
YOR080W,YHR073W,1,-0.6823949,0.10454943031072617,0.2775841951370239,0.23774680495262146
YPL241C,YGL219C,0,-0.6824522,0.10450371354818344,0.2775841951370239,0.2378629446029663
YOR195W,YPL190C,0,-0.682461,0.1044580414891243,0.2775841951370239,0.23797909915447235
YNL294C,YER109C,1,-0.6824994,0.10484927892684937,0.2787456512451172,0.23797909915447235
YGR009C,YDR412W,0,-0.68262297,0.10480349510908127,0.2787456512451172,0.2380952388048172
YAL007C,YDR298C,0,-0.6827893,0.10475774854421616,0.2787456512451172,0.23821137845516205
YAL041W,YGL121C,1,-0.6828033,0.10514834523200989,0.27990707755088806,0.23821137845516205
YHL017W,YOR260W,0,-0.6828338,0.10510248690843582,0.27990707755088806,0.2383275330066681
YBR159W,YDR197W,0,-0.68287575,0.10505667328834534,0.27990707755088806,0.23844367265701294
YER027C,YGL121C,1,-0.68307686,0.10544662177562714,0.2810685336589813,0.23844367265701294
YHR011W,YIL008W,1,-0.68333364,0.10583623498678207,0.2822299599647522,0.23844367265701294
YHR096C,YML087C,0,-0.6834011,0.1057901605963707,0.2822299599647522,0.2385598123073578
YMR216C,YNR052C,0,-0.6834487,0.1057441234588623,0.2822299599647522,0.23867595195770264
YPL230W,YIL148W,0,-0.68346936,0.1056981310248375,0.2822299599647522,0.23879210650920868
YEL046C,YLL066C,0,-0.6834928,0.10565217584371567,0.2822299599647522,0.23890824615955353
YKR029C,YAL044C,0,-0.68353677,0.10560625791549683,0.2822299599647522,0.23902438580989838
YMR059W,YML124C,0,-0.6835735,0.10556038469076157,0.2822299599647522,0.23914054036140442
YLR052W,YBR082C,0,-0.68372333,0.10551454871892929,0.2822299599647522,0.23925668001174927
YDL065C,YGL139W,0,-0.6838198,0.10546875,0.2822299599647522,0.23937281966209412
YCL020W,YKL155C,0,-0.6838907,0.10542299598455429,0.2822299599647522,0.23948895931243896
YDL007W,YKL088W,0,-0.6840784,0.10537727922201157,0.2822299599647522,0.239605113863945
YDL025C,YJL219W,0,-0.6840961,0.10533159971237183,0.2822299599647522,0.23972125351428986
YPR186C,YBL005W-A,0,-0.6841022,0.10528596490621567,0.2822299599647522,0.2398373931646347
YCR069W,YBR142W,0,-0.6841208,0.1052403673529625,0.2822299599647522,0.23995354771614075
YBL082C,YGR166W,0,-0.68422246,0.1051948070526123,0.2822299599647522,0.2400696873664856
YJL184W,YNL099C,0,-0.6843294,0.1051492840051651,0.2822299599647522,0.24018582701683044
YHR003C,YJL057C,0,-0.68434644,0.10510380566120148,0.2822299599647522,0.2403019815683365
YEL011W,YPL043W,0,-0.68442714,0.10505836457014084,0.2822299599647522,0.24041812121868134
YMR041C,YCL012W,0,-0.68449867,0.10501296818256378,0.2822299599647522,0.24053426086902618
YLR148W,YPL135W,0,-0.6845523,0.10496760159730911,0.2822299599647522,0.24065040051937103
YKL109W,YMR072W,0,-0.68467647,0.10492227971553802,0.2822299599647522,0.24076655507087708
YBR191W,YML009C,0,-0.684688,0.10487699508666992,0.2822299599647522,0.24088269472122192
YAL035W,YLR446W,0,-0.6846962,0.1048317551612854,0.2822299599647522,0.24099883437156677
YPL115C,YER108C,1,-0.6848308,0.10521776974201202,0.28339141607284546,0.24099883437156677
YDR043C,YAL056W,1,-0.68489134,0.10560344904661179,0.28455284237861633,0.24099883437156677
YLR337W,YDL188C,0,-0.684955,0.10555794835090637,0.28455284237861633,0.24111498892307281
YLR136C,YHR067W,0,-0.68495774,0.10551249235868454,0.28455284237861633,0.24123112857341766
YDR483W,YLR450W,0,-0.68496084,0.1054670661687851,0.28455284237861633,0.2413472682237625
YPL158C,YOR246C,0,-0.68504184,0.10542168468236923,0.28455284237861633,0.24146340787410736
YOR019W,YNL252C,0,-0.68508446,0.10537634044885635,0.28455284237861633,0.2415795624256134
YGL173C,YLR120C,0,-0.6851521,0.10533104091882706,0.28455284237861633,0.24169570207595825
YER061C,YDR084C,0,-0.685369,0.10528577864170074,0.28455284237861633,0.2418118417263031
YDR516C,YPR022C,0,-0.6853858,0.10524054616689682,0.28455284237861633,0.24192799627780914
YML029W,YGL227W,0,-0.6853888,0.10519536584615707,0.28455284237861633,0.242044135928154
YMR116C,YHR073W,1,-0.685467,0.10557939857244492,0.2857142984867096,0.242044135928154
YBL006C,YML133C,0,-0.6854733,0.10553410649299622,0.2857142984867096,0.24216027557849884
YIL091C,YDL247W,0,-0.68550694,0.1054888516664505,0.2857142984867096,0.24227643013000488
YEL077C,YLR304C,0,-0.68552387,0.10544363409280777,0.2857142984867096,0.24239256978034973
YJL020C,YGL044C,0,-0.6856773,0.10539846122264862,0.2857142984867096,0.24250870943069458
YLR448W,YBL105C,0,-0.6857585,0.10535331815481186,0.2857142984867096,0.24262484908103943
YMR318C,YNL061W,0,-0.68581027,0.10530821979045868,0.2857142984867096,0.24274100363254547
YKL077W,YKL222C,0,-0.68581605,0.10526315867900848,0.2857142984867096,0.24285714328289032
YGL011C,YLR342W,0,-0.6858599,0.10521813482046127,0.2857142984867096,0.24297328293323517
YKR027W,YER087C-A,0,-0.6859126,0.10517314821481705,0.2857142984867096,0.2430894374847412
YCR028C,YBR016W,0,-0.6859312,0.1051282063126564,0.2857142984867096,0.24320557713508606
YIL172C,YDR424C,0,-0.6859883,0.10508329421281815,0.2857142984867096,0.2433217167854309
YOR128C,YIL051C,0,-0.68600225,0.10503842681646347,0.2857142984867096,0.24343785643577576
YLR240W,YOL069W,0,-0.6860278,0.10499359667301178,0.2857142984867096,0.2435540109872818
YPL232W,YML076C,0,-0.6860694,0.10494880378246307,0.2857142984867096,0.24367015063762665
YOR341W,YAL002W,0,-0.68608725,0.10490404814481735,0.2857142984867096,0.2437862902879715
YDL165W,YCR070W,0,-0.68619263,0.10485933721065521,0.2857142984867096,0.24390244483947754
YBL082C,YGR220C,0,-0.6863323,0.10481465607881546,0.2857142984867096,0.2440185844898224
YEL013W,YLR189C,0,-0.6863762,0.10477001965045929,0.2857142984867096,0.24413472414016724
YLR023C,YLR310C,0,-0.6864468,0.1047254130244255,0.2857142984867096,0.24425086379051208
YER072W,YMR158W,0,-0.6866016,0.1046808511018753,0.2857142984867096,0.24436701834201813
YJR098C,YLR126C,0,-0.68662107,0.10463632643222809,0.2857142984867096,0.24448315799236298
YDR182W,YGR166W,0,-0.6866286,0.10459183901548386,0.2857142984867096,0.24459929764270782
YIL007C,YBR058C,0,-0.6866324,0.10454738885164261,0.2857142984867096,0.24471545219421387
YOR088W,YPR128C,0,-0.6866542,0.10450297594070435,0.2857142984867096,0.24483159184455872
YLR134W,YNL169C,0,-0.6866832,0.10445860028266907,0.2857142984867096,0.24494773149490356
YKL113C,YDR085C,0,-0.68668383,0.10441426187753677,0.2857142984867096,0.2450638860464096
YNL166C,YMR195W,0,-0.68674076,0.10436996072530746,0.2857142984867096,0.24518002569675446
YDL229W,YBL008W,0,-0.6867808,0.10432569682598114,0.2857142984867096,0.2452961653470993
YAR010C,YDR448W,0,-0.6869056,0.1042814776301384,0.2857142984867096,0.24541230499744415
YMR080C,YNL176C,0,-0.68701327,0.10423728823661804,0.2857142984867096,0.2455284595489502
YOR240W,YKL150W,0,-0.6870928,0.10419313609600067,0.2857142984867096,0.24564459919929504
YHR111W,YHR084W,1,-0.6871047,0.10457239300012589,0.28687572479248047,0.24564459919929504
YLR256W,YEL034W,0,-0.6872091,0.10452814400196075,0.28687572479248047,0.2457607388496399
YDR436W,YKL222C,0,-0.68721724,0.10448392480611801,0.28687572479248047,0.24587689340114594
YER141W,YKR060W,0,-0.68723804,0.10443974286317825,0.28687572479248047,0.24599303305149078
YKL129C,YBR077C,0,-0.6872457,0.10439560562372208,0.28687572479248047,0.24610917270183563
YBR210W,YOR374W,0,-0.6872734,0.10435149818658829,0.28687572479248047,0.24622531235218048
YDR107C,YOR371C,1,-0.68738794,0.10472972691059113,0.28803718090057373,0.24622531235218048
YNL045W,YJL186W,0,-0.68742776,0.10468552261590958,0.28803718090057373,0.24634146690368652
YMR083W,YDR214W,0,-0.68766904,0.10464134812355042,0.28803718090057373,0.24645760655403137
YGL031C,YJR029W,0,-0.6876737,0.10459721833467484,0.28803718090057373,0.24657374620437622
YBR056W,YBR191W,0,-0.6876964,0.10455311834812164,0.28803718090057373,0.24668990075588226
YKL107W,YJL063C,0,-0.68775463,0.10450906306505203,0.28803718090057373,0.2468060404062271
YGL231C,YMR192W,0,-0.6877556,0.10446503758430481,0.28803718090057373,0.24692218005657196
YKL112W,YOR316C,0,-0.68789726,0.10442104935646057,0.28803718090057373,0.247038334608078
YER177W,YHR044C,0,-0.6878978,0.10437710583209991,0.28803718090057373,0.24715447425842285
YJR152W,YAL014C,0,-0.6881249,0.10433319211006165,0.28803718090057373,0.2472706139087677
YBL016W,YHR084W,1,-0.6881616,0.10470984131097794,0.2891986072063446,0.2472706139087677
YNL329C,YPL135W,0,-0.6882661,0.10466582328081131,0.2891986072063446,0.24738675355911255
YMR118C,YAR008W,0,-0.68827987,0.10462184995412827,0.2891986072063446,0.2475029081106186
YHR111W,YLR229C,1,-0.68833905,0.1049979031085968,0.2903600335121155,0.2475029081106186
YER127W,YFR050C,0,-0.6883395,0.1049538180232048,0.2903600335121155,0.24761904776096344
YOL154W,YAL026C,0,-0.68835413,0.10490977764129639,0.2903600335121155,0.2477351874113083
YFL056C,YDR036C,0,-0.6884731,0.10486577451229095,0.2903600335121155,0.24785134196281433
YBR055C,YDL019C,0,-0.68865216,0.10482180118560791,0.2903600335121155,0.24796748161315918
YNL191W,YOR389W,0,-0.6886778,0.10477787256240845,0.2903600335121155,0.24808362126350403
YNL062C,YPL040C,0,-0.68870354,0.10473397374153137,0.2903600335121155,0.24819976091384888
YER108C,YJL089W,1,-0.6888356,0.10510887950658798,0.29152148962020874,0.24819976091384888
YLR194C,YPR188C,0,-0.68886495,0.10506488382816315,0.29152148962020874,0.24831591546535492
YDR027C,YIL022W,0,-0.68891716,0.1050209179520607,0.29152148962020874,0.24843205511569977
YBR132C,YAL059W,0,-0.6889803,0.10497699677944183,0.29152148962020874,0.24854819476604462
YLR242C,YKL051W,0,-0.68908083,0.10493311285972595,0.29152148962020874,0.24866434931755066
YHR003C,YML055W,0,-0.68909824,0.10488925874233246,0.29152148962020874,0.2487804889678955
YNL020C,YPR108W,0,-0.689242,0.10484544932842255,0.29152148962020874,0.24889662861824036
YDR382W,YDR545W,0,-0.6892679,0.10480166971683502,0.29152148962020874,0.2490127831697464
YPL009C,YMR280C,0,-0.6892748,0.10475792735815048,0.29152148962020874,0.24912892282009125
YHR113W,YDL127W,0,-0.68929756,0.10471422970294952,0.29152148962020874,0.2492450624704361
YGL039W,YML093W,0,-0.68936694,0.10467056185007095,0.29152148962020874,0.24936120212078094
YPL270W,YFR055W,0,-0.6894381,0.10462693125009537,0.29152148962020874,0.249477356672287
YDL091C,YHR118C,0,-0.68944615,0.10458333045244217,0.29152148962020874,0.24959349632263184
YKL216W,YBR286W,0,-0.68945885,0.10453977435827255,0.29152148962020874,0.24970963597297668
YOL148C,YBR100W,0,-0.6896409,0.10449625551700592,0.29152148962020874,0.24982579052448273
YDR186C,YDL230W,0,-0.68966824,0.10445276647806168,0.29152148962020874,0.24994193017482758
YDL184C,YOR045W,0,-0.68977207,0.10440931469202042,0.29152148962020874,0.2500580847263336
YJR135W-A,YOL017W,0,-0.68979776,0.10436590760946274,0.29152148962020874,0.25017422437667847
YLR362W,YOR127W,1,-0.6898736,0.10473815351724625,0.2926829159259796,0.25017422437667847
YBR207W,YLR283W,0,-0.6898885,0.10469464212656021,0.2926829159259796,0.2502903640270233
YBL010C,YPR155C,0,-0.6898905,0.10465116053819656,0.2926829159259796,0.25040650367736816
YNL142W,YHR115C,0,-0.68998563,0.1046077236533165,0.2926829159259796,0.250522643327713
YBR008C,YDL123W,0,-0.6899885,0.10456431657075882,0.2926829159259796,0.25063878297805786
YNR061C,YJL046W,0,-0.6900494,0.10452094674110413,0.2926829159259796,0.2507549226284027
YPL084W,YCL012W,0,-0.6900702,0.10447761416435242,0.2926829159259796,0.25087109208106995
YBR264C,YHR106W,0,-0.6901511,0.1044343113899231,0.2926829159259796,0.2509872317314148
YGL208W,YER027C,1,-0.6901578,0.10480530560016632,0.2938443720340729,0.2509872317314148
YDL134C-A,YDR448W,0,-0.6902516,0.10476190596818924,0.2938443720340729,0.25110337138175964
YDR480W,YJL089W,1,-0.6903467,0.10513245314359665,0.29500579833984375,0.25110337138175964
YHL033C,YNL037C,0,-0.6903595,0.10508895665407181,0.29500579833984375,0.2512195110321045
YDR399W,YLR247C,0,-0.6903968,0.10504548996686935,0.29500579833984375,0.25133565068244934
YBR090C-A,YHR017W,0,-0.6903994,0.10500206798315048,0.29500579833984375,0.2514517903327942
YHL019C,YLR001C,0,-0.6905855,0.104958675801754,0.29500579833984375,0.25156792998313904
YHR032W,YAL058W,0,-0.6906527,0.1049153208732605,0.29500579833984375,0.2516840994358063
YLR419W,YDR257C,0,-0.69070387,0.10487200319766998,0.29500579833984375,0.2518002390861511
YIL056W,YKR053C,0,-0.69079614,0.10482872277498245,0.29500579833984375,0.25191637873649597
YER054C,YNL250W,0,-0.6908047,0.1047854796051979,0.29500579833984375,0.2520325183868408
YHL050C,YBR290W,0,-0.6908349,0.10474226623773575,0.29500579833984375,0.25214865803718567
YDR541C,YNL090W,0,-0.69087243,0.10469909012317657,0.29500579833984375,0.2522647976875305
YHL040C,YGL238W,0,-0.6908822,0.10465595126152039,0.29500579833984375,0.25238096714019775
YPL145C,YDL099W,0,-0.69088686,0.10461284965276718,0.29500579833984375,0.2524971067905426
YPR034W,YML092C,0,-0.69091386,0.10456978529691696,0.29500579833984375,0.25261324644088745
YOR157C,YHR142W,0,-0.69091403,0.10452675074338913,0.29500579833984375,0.2527293860912323
YLR347C,YJR131W,0,-0.69107425,0.10448375344276428,0.29500579833984375,0.25284552574157715
YOR080W,YGL121C,1,-0.6912073,0.10485197603702545,0.296167254447937,0.25284552574157715
YKL211C,YJL113W,0,-0.69135916,0.10480887442827225,0.296167254447937,0.252961665391922
YAL041W,YIL008W,1,-0.6913667,0.1051766648888588,0.2973286807537079,0.252961665391922
YBR227C,YML123C,0,-0.6913705,0.10513347387313843,0.2973286807537079,0.25307780504226685
YGL211W,YHR092C,0,-0.6913993,0.10509031265974045,0.2973286807537079,0.2531939744949341
YLL031C,YKL100C,0,-0.69143975,0.10504718869924545,0.2973286807537079,0.25331011414527893
YDR270W,YOR143C,0,-0.6915511,0.10500410199165344,0.2973286807537079,0.2534262537956238
YPL275W,YBR012W-B,0,-0.69164777,0.10496105253696442,0.2973286807537079,0.25354239344596863
YNL256W,YHR039C-B,0,-0.69166017,0.10491803288459778,0.2973286807537079,0.2536585330963135
YML085C,YPR122W,0,-0.6916958,0.10487505048513412,0.2973286807537079,0.2537746727466583
YLR167W,YPL059W,0,-0.69179034,0.10483210533857346,0.2973286807537079,0.2538908123970032
YPL072W,YJL177W,0,-0.6917914,0.10478918999433517,0.2973286807537079,0.2540069818496704
YOR057W,YDR219C,0,-0.6917973,0.10474631935358047,0.2973286807537079,0.25412312150001526
YOL086W-A,YOL061W,0,-0.6918138,0.10470347851514816,0.2973286807537079,0.2542392611503601
YPR054W,YBR012W-A,0,-0.6918944,0.10466066747903824,0.2973286807537079,0.25435540080070496
YDL033C,YIL107C,0,-0.69191337,0.1046179011464119,0.2973286807537079,0.2544715404510498
YPL271W,YBL046W,0,-0.6919367,0.10457516461610794,0.2973286807537079,0.25458768010139465
YGR287C,YFR014C,0,-0.69195145,0.10453246533870697,0.2973286807537079,0.2547038197517395
YGR103W,YBR297W,0,-0.691957,0.10448979586362839,0.2973286807537079,0.25481998920440674
YJL099W,YEL048C,0,-0.6920471,0.10444716364145279,0.2973286807537079,0.2549361288547516
YFL037W,YMR135C,0,-0.6920854,0.10440456867218018,0.2973286807537079,0.25505226850509644
YPR103W,YNL001W,0,-0.69209146,0.10436200350522995,0.2973286807537079,0.2551684081554413
YIL112W,YCR021C,0,-0.69215095,0.10431947559118271,0.2973286807537079,0.25528454780578613
YBR016W,YJL197W,0,-0.6921828,0.10427698493003845,0.2973286807537079,0.255400687456131
YBL016W,YJL089W,1,-0.6922324,0.10464169085025787,0.29849013686180115,0.255400687456131
YNL197C,YDR480W,1,-0.69227123,0.10500610619783401,0.299651563167572,0.255400687456131
YDR418W,YML012W,0,-0.6922885,0.10496338456869125,0.299651563167572,0.25551682710647583
YDR308C,YMR118C,0,-0.6923329,0.10492070019245148,0.299651563167572,0.25563299655914307
YOR173W,YBL103C,0,-0.692397,0.10487804561853409,0.299651563167572,0.2557491362094879
YDR056C,YOR018W,0,-0.69240975,0.10483543574810028,0.299651563167572,0.25586527585983276
YKR009C,YDR257C,0,-0.6925766,0.10479284822940826,0.299651563167572,0.2559814155101776
YMR116C,YGR040W,1,-0.6926545,0.105156309902668,0.3008130192756653,0.2559814155101776
YPL053C,YOR067C,0,-0.69267005,0.10511363297700882,0.3008130192756653,0.25609755516052246
YKR013W,YOR347C,0,-0.69271135,0.10507099330425262,0.3008130192756653,0.2562136948108673
YDL222C,YOL039W,0,-0.69275725,0.10502838343381882,0.3008130192756653,0.25632983446121216
YDR251W,YMR217W,0,-0.6928816,0.104985810816288,0.3008130192756653,0.2564460039138794
YBL022C,YDR283C,0,-0.69288677,0.10494327545166016,0.3008130192756653,0.25656214356422424
YNL048W,YOR217W,0,-0.6929151,0.1049007698893547,0.3008130192756653,0.2566782832145691
YNL014W,YBL007C,0,-0.6929593,0.10485830157995224,0.3008130192756653,0.25679442286491394
YML094W,YIL050W,0,-0.69296324,0.10481586307287216,0.3008130192756653,0.2569105625152588
YKL048C,YIL120W,0,-0.69308084,0.10477346181869507,0.3008130192756653,0.25702670216560364
YGL133W,YNL248C,0,-0.69310355,0.10473109781742096,0.3008130192756653,0.2571428716182709
YBL075C,YFL016C,0,-0.69311684,0.10468876361846924,0.3008130192756653,0.2572590112686157
YDR086C,YOL044W,0,-0.69318515,0.1046464666724205,0.3008130192756653,0.25737515091896057
YDR379W,YNL119W,1,-0.69337153,0.1050080806016922,0.30197444558143616,0.25737515091896057
YDR273W,YMR134W,0,-0.69342816,0.1049656867980957,0.30197444558143616,0.2574912905693054
YGL208W,YHR084W,1,-0.6936716,0.10532687604427338,0.3031359016895294,0.2574912905693054
YBR014C,YOR360C,0,-0.6936792,0.10528438538312912,0.3031359016895294,0.25760743021965027
YBR146W,YML113W,0,-0.69369555,0.10524193197488785,0.3031359016895294,0.2577235698699951
YER108C,YHR073W,1,-0.69369805,0.10560257732868195,0.3042973279953003,0.2577235698699951
YDL106C,YBR162W-A,0,-0.69373477,0.10556003451347351,0.3042973279953003,0.25783970952033997
YHR138C,YDR019C,0,-0.69376475,0.10551752150058746,0.3042973279953003,0.2579558789730072
YBR019C,YLL023C,0,-0.69385815,0.1054750382900238,0.3042973279953003,0.25807201862335205
YBR160W,YOR092W,0,-0.6938937,0.10543259233236313,0.3042973279953003,0.2581881582736969
YGR128C,YBR057C,0,-0.69392955,0.10539018362760544,0.3042973279953003,0.25830429792404175
YFL004W,YGR189C,0,-0.69398373,0.10534781217575073,0.3042973279953003,0.2584204375743866
YMR256C,YOR272W,0,-0.6940631,0.10530546307563782,0.3042973279953003,0.25853657722473145
YGR203W,YHL025W,0,-0.6941438,0.10526315867900848,0.3042973279953003,0.2586527168750763
YER164W,YKR018C,0,-0.69423854,0.10522088408470154,0.3042973279953003,0.25876888632774353
YJR139C,YER114C,0,-0.69425243,0.10517864674329758,0.3042973279953003,0.2588850259780884
YGR165W,YEL038W,0,-0.6942704,0.105136439204216,0.3042973279953003,0.2590011656284332
YER016W,YML081W,0,-0.69436264,0.10509426146745682,0.3042973279953003,0.2591173052787781
YNL081C,YPR112C,0,-0.69439226,0.10505212843418121,0.3042973279953003,0.2592334449291229
YEL034W,YLR332W,0,-0.69443,0.1050100177526474,0.3042973279953003,0.2593495845794678
YBL010C,YLR193C,0,-0.6944809,0.10496795177459717,0.3042973279953003,0.2594657242298126
YHL018W,YDR538W,0,-0.6945754,0.10492590814828873,0.3042973279953003,0.25958189368247986
YDR027C,YDR294C,0,-0.69460213,0.10488390922546387,0.3042973279953003,0.2596980333328247
YDL213C,YIL034C,0,-0.6946807,0.1048419401049614,0.3042973279953003,0.25981417298316956
YNL294C,YLR229C,1,-0.69475615,0.10520000010728836,0.30545875430107117,0.25981417298316956
YMR314W,YBR233W-A,0,-0.6947853,0.10515793412923813,0.30545875430107117,0.2599303126335144
YPL262W,YCR070W,0,-0.6947861,0.10511590540409088,0.30545875430107117,0.26004645228385925
YLR194C,YMR307W,0,-0.694916,0.10507391393184662,0.30545875430107117,0.2601625919342041
YPL009C,YEL004W,0,-0.6949599,0.10503195226192474,0.30545875430107117,0.26027873158454895
YLR357W,YGR184C,0,-0.69497263,0.10499002039432526,0.30545875430107117,0.2603949010372162
YLR004C,YDL109C,0,-0.6950147,0.10494812577962875,0.30545875430107117,0.26051104068756104
YJL021C,YKL092C,0,-0.69503176,0.10490626096725464,0.30545875430107117,0.2606271803379059
YER040W,YCR075C,0,-0.69508874,0.10486443340778351,0.30545875430107117,0.26074331998825073
YJR042W,YER023W,0,-0.6951116,0.10482263565063477,0.30545875430107117,0.2608594596385956
YOR125C,YAL014C,0,-0.69520605,0.10478087514638901,0.30545875430107117,0.26097559928894043
YLR064W,YPR009W,0,-0.6952249,0.10473914444446564,0.30545875430107117,0.2610917389392853
YNL035C,YGL038C,0,-0.6952453,0.10469745099544525,0.30545875430107117,0.2612079083919525
YGL047W,YOR133W,0,-0.695279,0.10465578734874725,0.30545875430107117,0.26132404804229736
YIL112W,YGR083C,0,-0.6952838,0.10461416095495224,0.30545875430107117,0.2614401876926422
YDR107C,YHR073W,1,-0.6953927,0.10497017949819565,0.30662021040916443,0.2614401876926422
YHL047C,YJL021C,0,-0.69540274,0.10492845624685287,0.30662021040916443,0.26155632734298706
YML062C,YKL069W,0,-0.695531,0.10488677024841309,0.30662021040916443,0.2616724669933319
YLR259C,YDR448W,0,-0.69561434,0.10484511405229568,0.30662021040916443,0.26178860664367676
YJR120W,YHR106W,0,-0.69598705,0.10480349510908127,0.30662021040916443,0.261904776096344
YDR484W,YNR026C,0,-0.6960081,0.10476190596818924,0.30662021040916443,0.26202091574668884
YDR397C,YJL065C,0,-0.6960275,0.1047203466296196,0.30662021040916443,0.2621370553970337
YBR079C,YMR026C,0,-0.696051,0.10467882454395294,0.30662021040916443,0.26225319504737854
YPL203W,YER027C,1,-0.69608676,0.10503368824720383,0.3077816367149353,0.26225319504737854
YMR086W,YCR034W,0,-0.6961137,0.10499207675457001,0.3077816367149353,0.2623693346977234
YFL018C,YFR034C,0,-0.69613606,0.10495049506425858,0.3077816367149353,0.26248547434806824
YOR346W,YIL144W,0,-0.6961655,0.10490895062685013,0.3077816367149353,0.2626016139984131
YGR184C,YJL099W,0,-0.69619393,0.10486742854118347,0.3077816367149353,0.2627177834510803
YMR234W,YDL019C,0,-0.69619966,0.1048259511590004,0.3077816367149353,0.26283392310142517
YHR044C,YDL180W,0,-0.69624937,0.10478449612855911,0.3077816367149353,0.26295006275177
YOR181W,YLR410W,0,-0.69629925,0.10474308580160141,0.3077816367149353,0.26306620240211487
YHR111W,YDR043C,1,-0.6963098,0.10509680211544037,0.30894309282302856,0.26306620240211487
YPR065W,YER120W,0,-0.69637775,0.1050552949309349,0.30894309282302856,0.2631823420524597
YOR027W,YDR188W,0,-0.6964103,0.10501381754875183,0.30894309282302856,0.26329848170280457
YBR198C,YDL110C,0,-0.696498,0.10497237741947174,0.30894309282302856,0.2634146213531494
YNL113W,YPR201W,0,-0.6965663,0.10493096709251404,0.30894309282302856,0.26353079080581665
YJL108C,YHR079C-B,0,-0.69659865,0.10488958656787872,0.30894309282302856,0.2636469304561615
YDL213C,YHR176W,0,-0.6967515,0.10484824329614639,0.30894309282302856,0.26376307010650635
YOR221C,YJL001W,0,-0.69678605,0.10480693727731705,0.30894309282302856,0.2638792097568512
YOR057W,YBR091C,0,-0.6968937,0.10476565361022949,0.30894309282302856,0.26399534940719604
YOL031C,YMR134W,0,-0.69690096,0.10472440719604492,0.30894309282302856,0.2641114890575409
YGL234W,YLR467W,0,-0.69692373,0.10468319803476334,0.30894309282302856,0.26422762870788574
YJR139C,YML045W,0,-0.69694126,0.10464201122522354,0.30894309282302856,0.264343798160553
YLR102C,YLR216C,0,-0.6969511,0.10460086166858673,0.30894309282302856,0.2644599378108978
YDR466W,YLR438C-A,0,-0.6969837,0.1045597493648529,0.30894309282302856,0.2645760774612427
YLR089C,YHR206W,0,-0.6971514,0.10451866686344147,0.30894309282302856,0.2646922171115875
YMR133W,YCR009C,0,-0.6972541,0.10447761416435242,0.30894309282302856,0.2648083567619324
YMR190C,YDR005C,0,-0.6973728,0.10443659126758575,0.30894309282302856,0.2649244964122772
YPL031C,YKR090W,0,-0.69752365,0.10439560562372208,0.30894309282302856,0.26504063606262207
YCL062W,YLL011W,0,-0.69760436,0.10435464978218079,0.30894309282302856,0.2651568055152893
YHR210C,YGR178C,0,-0.69771767,0.10431372374296188,0.30894309282302856,0.26527294516563416
YKR031C,YDR388W,0,-0.6978808,0.10427283495664597,0.30894309282302856,0.265389084815979
YNL152W,YGR186W,0,-0.69789624,0.10423197597265244,0.30894309282302856,0.26550522446632385
YLR229C,YGR040W,1,-0.6979244,0.10458284616470337,0.31010451912879944,0.26550522446632385
YNL039W,YKL028W,0,-0.69792545,0.10454189777374268,0.31010451912879944,0.2656213641166687
YMR055C,YLR414C,0,-0.69794476,0.10450097918510437,0.31010451912879944,0.26573750376701355
YGR092W,YMR014W,0,-0.69798136,0.10446009039878845,0.31010451912879944,0.2658536732196808
YOR197W,YDR019C,0,-0.6979901,0.10441923886537552,0.31010451912879944,0.26596981287002563
YNL158W,YBR049C,0,-0.6980684,0.10437841713428497,0.31010451912879944,0.2660859525203705
YBR168W,YLR001C,0,-0.6980941,0.10433763265609741,0.31010451912879944,0.26620209217071533
YMR118C,YDL069C,0,-0.6981591,0.10429687798023224,0.31010451912879944,0.2663182318210602
YCL045C,YKR097W,0,-0.6981658,0.10425615310668945,0.31010451912879944,0.26643437147140503
YJR098C,YJL203W,0,-0.6983845,0.10421545803546906,0.31010451912879944,0.2665505111217499
YLR144C,YMR291W,0,-0.6984067,0.10417479276657104,0.31010451912879944,0.2666666805744171
YIL147C,YJL122W,0,-0.6984587,0.10413416475057602,0.31010451912879944,0.26678282022476196
YNL252C,YAL055W,0,-0.6984633,0.10409356653690338,0.31010451912879944,0.2668989598751068
YDR361C,YPR184W,0,-0.69854057,0.10405299812555313,0.31010451912879944,0.26701509952545166
YDR420W,YDR150W,0,-0.69854844,0.10401246696710587,0.31010451912879944,0.2671312391757965
YBR126C,YBL100W-A,0,-0.6987051,0.10397196561098099,0.31010451912879944,0.26724737882614136
YAL014C,YBR046C,0,-0.6987497,0.1039314940571785,0.31010451912879944,0.2673635184764862
YGL161C,YBL005W,0,-0.6987587,0.1038910523056984,0.31010451912879944,0.26747968792915344
YDR480W,YNL119W,1,-0.698779,0.10423959791660309,0.3112659752368927,0.26747968792915344
YBR265W,YDR424C,0,-0.6988919,0.10419906675815582,0.3112659752368927,0.2675958275794983
YOR028C,YBR130C,0,-0.6989639,0.10415857285261154,0.3112659752368927,0.26771196722984314
YKR052C,YHR039C-B,0,-0.6989645,0.10411810129880905,0.3112659752368927,0.267828106880188
YOR227W,YNL001W,0,-0.6989888,0.10407766699790955,0.3112659752368927,0.26794424653053284
YMR237W,YBR065C,0,-0.6990069,0.10403726994991302,0.3112659752368927,0.2680603861808777
YJL123C,YCR070W,0,-0.6990144,0.1039968952536583,0.3112659752368927,0.26817652583122253
YIL064W,YBR001C,0,-0.6991266,0.10395655781030655,0.3112659752368927,0.26829269528388977
YPR173C,YIR006C,0,-0.6991478,0.10391625016927719,0.3112659752368927,0.2684088349342346
YDR477W,YLR083C,1,-0.69924283,0.10426356643438339,0.3124274015426636,0.2684088349342346
YDR452W,YKR061W,0,-0.69936836,0.10422316938638687,0.3124274015426636,0.26852497458457947
YCR040W,YDR021W,0,-0.6994103,0.10418280214071274,0.3124274015426636,0.2686411142349243
YDR016C,YDR273W,0,-0.69945884,0.10414247214794159,0.3124274015426636,0.26875725388526917
YML038C,YGL054C,0,-0.69951236,0.10410216450691223,0.3124274015426636,0.268873393535614
YHL018W,YPR094W,0,-0.6995451,0.10406189411878586,0.3124274015426636,0.26898953318595886
YDR107C,YHR084W,1,-0.6996503,0.10440835356712341,0.31358885765075684,0.26898953318595886
YOR252W,YIL062C,0,-0.69979423,0.10436799377202988,0.31358885765075684,0.2691057026386261
YPR073C,YLR193C,0,-0.6998124,0.10432766377925873,0.31358885765075684,0.26922184228897095
YDL093W,YJL159W,0,-0.6998533,0.10428737103939056,0.31358885765075684,0.2693379819393158
YJL054W,YGR128C,0,-0.6998749,0.10424710065126419,0.31358885765075684,0.26945412158966064
YER060W,YIL007C,0,-0.6999047,0.1042068675160408,0.31358885765075684,0.2695702612400055
YGR287C,YNL206C,0,-0.70000756,0.1041666641831398,0.31358885765075684,0.26968640089035034
YDL185W,YPL283C,0,-0.700045,0.10412649810314178,0.31358885765075684,0.2698025405406952
YKR075C,YPR055W,0,-0.70005167,0.10408635437488556,0.31358885765075684,0.2699187099933624
YKL157W,YDR020C,0,-0.7000927,0.10404624044895172,0.31358885765075684,0.2700348496437073
YGR172C,YDR170W-A,0,-0.7001662,0.10400616377592087,0.31358885765075684,0.2701509892940521
YMR006C,YBR135W,0,-0.70018995,0.1039661169052124,0.31358885765075684,0.270267128944397
YKR045C,YNL214W,0,-0.70034766,0.10392609983682632,0.31358885765075684,0.2703832685947418
YBR289W,YHR039C-B,0,-0.700394,0.10388611257076263,0.31358885765075684,0.27049940824508667
YNL197C,YAL056W,1,-0.7004064,0.10423076897859573,0.3147502839565277,0.27049940824508667
YNL096C,YJL063C,0,-0.7004231,0.10419069230556488,0.3147502839565277,0.2706155776977539
YKL141W,YDR054C,0,-0.7004455,0.10415065288543701,0.3147502839565277,0.27073171734809875
YJR132W,YDR320C-A,0,-0.7007028,0.10411064326763153,0.3147502839565277,0.2708478569984436
YCR034W,YKL040C,0,-0.7007562,0.10407066345214844,0.3147502839565277,0.27096399664878845
YML077W,YIL034C,0,-0.70080274,0.10403071343898773,0.3147502839565277,0.2710801362991333
YLR201C,YDR052C,0,-0.700853,0.10399079322814941,0.3147502839565277,0.27119627594947815
YBR016W,YJL184W,0,-0.70087695,0.10395090281963348,0.3147502839565277,0.271312415599823
YNR030W,YHR034C,0,-0.7008886,0.10391104221343994,0.3147502839565277,0.27142858505249023
YBL005W-A,YOR359W,0,-0.700951,0.10387121140956879,0.3147502839565277,0.2715447247028351
YHL017W,YNL229C,0,-0.7009767,0.10383141785860062,0.3147502839565277,0.27166086435317993
YOL116W,YDR043C,1,-0.70099854,0.1041746437549591,0.31591174006462097,0.27166086435317993
YBL090W,YGR013W,0,-0.7010597,0.10413476079702377,0.31591174006462097,0.2717770040035248
YNR023W,YDR038C,0,-0.70109284,0.10409490764141083,0.31591174006462097,0.27189314365386963
YEL017C-A,YKR024C,0,-0.7011354,0.10405508428812027,0.31591174006462097,0.2720092833042145
YGR266W,YLR120C,0,-0.70122206,0.1040152981877327,0.31591174006462097,0.2721254229545593
YDR017C,YBR024W,0,-0.7012577,0.10397553443908691,0.31591174006462097,0.27224159240722656
YKR098C,YML013W,0,-0.70126414,0.10393580794334412,0.31591174006462097,0.2723577320575714
YER108C,YHL007C,1,-0.70129037,0.1042780727148056,0.31707316637039185,0.2723577320575714
YNL149C,YLR174W,0,-0.7013668,0.10423825681209564,0.31707316637039185,0.27247387170791626
YJR155W,YER082C,0,-0.7013724,0.10419847071170807,0.31707316637039185,0.2725900113582611
YML058W,YHL044W,0,-0.7015016,0.10415871441364288,0.31707316637039185,0.27270615100860596
YAL005C,YBR092C,0,-0.70152354,0.10411899536848068,0.31707316637039185,0.2728222906589508
YOL116W,YHL007C,1,-0.70155644,0.10446054488420486,0.3182346224784851,0.2728222906589508
YOR080W,YGL208W,1,-0.7016065,0.10480182617902756,0.319396048784256,0.2728222906589508
YPL203W,YDR477W,1,-0.7016388,0.10514285415410995,0.32055750489234924,0.2728222906589508
YDL038C,YHR062C,0,-0.7016424,0.10510281473398209,0.32055750489234924,0.27293843030929565
YER001W,YPL028W,0,-0.7017139,0.1050628125667572,0.32055750489234924,0.2730545997619629
YKL198C,YER144C,0,-0.7018341,0.10502283275127411,0.32055750489234924,0.27317073941230774
YIL153W,YER031C,0,-0.70183504,0.1049828827381134,0.32055750489234924,0.2732868790626526
YNR056C,YHR161C,0,-0.7018451,0.10494296252727509,0.32055750489234924,0.27340301871299744
YNL287W,YGL085W,0,-0.7020163,0.10490307956933975,0.32055750489234924,0.2735191583633423
YOR028C,YBR251W,0,-0.70218706,0.10486321896314621,0.32055750489234924,0.27363529801368713
YGR256W,YPR148C,0,-0.70220315,0.10482339560985565,0.32055750489234924,0.273751437664032
YJL165C,YKL140W,0,-0.70229924,0.10478360205888748,0.32055750489234924,0.2738676071166992
YCR094W,YLR174W,0,-0.7023829,0.1047438308596611,0.32055750489234924,0.27398374676704407
YDL195W,YGR165W,0,-0.7023952,0.10470409691333771,0.32055750489234924,0.2740998864173889
YIL008W,YDR043C,1,-0.70245695,0.10504361242055893,0.3217189311981201,0.2740998864173889
YNL029C,YNL097C,0,-0.702492,0.10500378906726837,0.3217189311981201,0.27421602606773376
YDR387C,YER051W,0,-0.702523,0.1049640029668808,0.3217189311981201,0.2743321657180786
YDR021W,YJR118C,0,-0.7027185,0.10492423921823502,0.3217189311981201,0.27444830536842346
YFR008W,YKR078W,0,-0.7027225,0.10488451272249222,0.3217189311981201,0.2745644748210907
YMR079W,YCL017C,0,-0.7028285,0.10484481602907181,0.3217189311981201,0.27468061447143555
YLR362W,YDR480W,1,-0.70295894,0.10518350452184677,0.322880357503891,0.27468061447143555
YDR267C,YBL003C,0,-0.702978,0.1051437184214592,0.322880357503891,0.2747967541217804
YJL012C,YGR156W,0,-0.7029792,0.10510396957397461,0.322880357503891,0.27491289377212524
YGL206C,YGR165W,0,-0.70308864,0.10506425052881241,0.322880357503891,0.2750290334224701
YPL168W,YBL069W,0,-0.7032401,0.105024553835392,0.322880357503891,0.27514517307281494
YEL006W,YGR083C,0,-0.7032597,0.10498489439487457,0.322880357503891,0.2752613127231598
YER031C,YLR320W,0,-0.7032838,0.10494526475667953,0.322880357503891,0.275377482175827
YIL087C,YHR013C,0,-0.7032957,0.10490565747022629,0.322880357503891,0.2754936218261719
YBL016W,YGL121C,1,-0.7033056,0.10524330288171768,0.32404181361198425,0.2754936218261719
YBR215W,YAL044C,0,-0.7033448,0.10520362108945847,0.32404181361198425,0.2756097614765167
YHR141C,YBR160W,0,-0.70336545,0.10516396164894104,0.32404181361198425,0.2757259011268616
YMR225C,YDL153C,0,-0.7033819,0.1051243394613266,0.32404181361198425,0.2758420407772064
YGR026W,YIL074C,0,-0.7035872,0.10508474707603455,0.32404181361198425,0.27595818042755127
YER124C,YBR126C,0,-0.7036163,0.10504517704248428,0.32404181361198425,0.2760743200778961
YJL089W,YOR371C,1,-0.7036195,0.10538201034069061,0.3252032399177551,0.2760743200778961
YNL097C,YDR481C,0,-0.7036464,0.10534236580133438,0.3252032399177551,0.27619048953056335
YLL062C,YOR193W,0,-0.70368177,0.10530274361371994,0.3252032399177551,0.2763066291809082
YDR116C,YIL049W,0,-0.7037512,0.10526315867900848,0.3252032399177551,0.27642276883125305
YDR150W,YER086W,0,-0.7038182,0.10522360354661942,0.3252032399177551,0.2765389084815979
YHL017W,YDR501W,0,-0.7038687,0.10518407076597214,0.3252032399177551,0.27665504813194275
YAR066W,YDL120W,0,-0.70387644,0.10514457523822784,0.3252032399177551,0.2767711877822876
YOR065W,YDR311W,0,-0.70404994,0.10510510206222534,0.3252032399177551,0.27688732743263245
YNL124W,YNL106C,0,-0.70414627,0.10506566613912582,0.3252032399177551,0.2770034968852997
YHR143W-A,YDR028C,0,-0.7041952,0.1050262600183487,0.3252032399177551,0.27711963653564453
YDL010W,YGL119W,0,-0.70424914,0.10498687624931335,0.3252032399177551,0.2772357761859894
YER108C,YGL121C,1,-0.704288,0.10532233864068985,0.3263646960258484,0.2772357761859894
YLR034C,YIR002C,0,-0.7043382,0.10528288036584854,0.3263646960258484,0.27735191583633423
YHR150W,YOR028C,0,-0.70436406,0.10524344444274902,0.3263646960258484,0.2774680554866791
YHR165C,YLR438C-A,0,-0.7043692,0.10520404577255249,0.3263646960258484,0.2775841951370239
YDL099W,YML091C,0,-0.70438147,0.10516466945409775,0.3263646960258484,0.2777003347873688
YIL144W,YGR120C,0,-0.7044008,0.10512533038854599,0.3263646960258484,0.277816504240036
YBR016W,YDL150W,0,-0.70440364,0.10508601367473602,0.3263646960258484,0.27793264389038086
YDR397C,YOR167C,0,-0.7046714,0.10504672676324844,0.3263646960258484,0.2780487835407257
YMR318C,YCR027C,0,-0.70482564,0.10500747710466385,0.3263646960258484,0.27816492319107056
YBR127C,YGL187C,0,-0.7049055,0.10496824979782104,0.3263646960258484,0.2782810628414154
YBR289W,YAL021C,0,-0.70495576,0.10492905229330063,0.3263646960258484,0.27839720249176025
YBR034C,YGL141W,0,-0.70497894,0.1048898845911026,0.3263646960258484,0.2785133421421051
YLR337C,YGR266W,0,-0.70506084,0.10485074669122696,0.3263646960258484,0.27862951159477234
YMR289W,YGR099W,0,-0.7050816,0.1048116385936737,0.3263646960258484,0.2787456512451172
YOR371C,YAL056W,1,-0.7051505,0.1051454171538353,0.32752612233161926,0.2787456512451172
YER088C,YLR352W,0,-0.7051598,0.10510622709989548,0.32752612233161926,0.27886179089546204
YJR134C,YKL192C,0,-0.7051827,0.10506706684827805,0.32752612233161926,0.2789779305458069
YMR233W,YLL039C,0,-0.7051906,0.105027936398983,0.32752612233161926,0.27909407019615173
YAR044W,YLL011W,0,-0.7052096,0.10498882830142975,0.32752612233161926,0.2792102098464966
YBR149W,YOL120C,0,-0.70521176,0.10494975745677948,0.32752612233161926,0.2793263792991638
YGL047W,YBR097W,0,-0.70522386,0.1049107164144516,0.32752612233161926,0.27944251894950867
YJL048C,YOR141C,0,-0.7053046,0.10487169772386551,0.32752612233161926,0.2795586585998535
YMR313C,YGL161C,0,-0.7053145,0.1048327162861824,0.32752612233161926,0.27967479825019836
YDL110C,YPL235W,0,-0.7054982,0.10479375720024109,0.32752612233161926,0.2797909379005432
YDL211C,YJL026W,0,-0.7056627,0.10475482791662216,0.32752612233161926,0.27990707755088806
YDR178W,YNR012W,0,-0.7058915,0.10471592843532562,0.32752612233161926,0.2800232172012329
YOR116C,YGL151W,0,-0.70592505,0.10467705875635147,0.32752612233161926,0.28013938665390015
YPL108W,YCL069W,0,-0.7059988,0.10463821887969971,0.32752612233161926,0.280255526304245
YKR049C,YHR152W,0,-0.7060486,0.10459940880537033,0.32752612233161926,0.28037166595458984
YKR094C,YIL011W,0,-0.7060632,0.10456062108278275,0.32752612233161926,0.2804878056049347
YOR361C,YGR247W,0,-0.70608836,0.10452187061309814,0.32752612233161926,0.28060394525527954
YDR038C,YLL054C,0,-0.70615464,0.10448314249515533,0.32752612233161926,0.2807200849056244
YIL168W,YCR081W,0,-0.70617795,0.10444444417953491,0.32752612233161926,0.28083622455596924
YER068W,YDR155C,0,-0.706197,0.10440577566623688,0.32752612233161926,0.2809523940086365
YLR318W,YNR069C,0,-0.7062194,0.10436713695526123,0.32752612233161926,0.2810685336589813
YLR051C,YDL200C,0,-0.706251,0.10432852059602737,0.32752612233161926,0.28118467330932617
YGL035C,YER014W,0,-0.7063129,0.1042899414896965,0.32752612233161926,0.281300812959671
YHL009C,YNL213C,0,-0.70631754,0.10425138473510742,0.32752612233161926,0.28141695261001587
YPL012W,YBR107C,0,-0.7063974,0.10421285778284073,0.32752612233161926,0.2815330922603607
YGL100W,YDR516C,0,-0.7065127,0.10417436063289642,0.32752612233161926,0.28164923191070557
YDR221W,YKL084W,0,-0.70651567,0.1041358932852745,0.32752612233161926,0.2817654013633728
YEL063C,YBR207W,0,-0.7065173,0.10409745573997498,0.32752612233161926,0.28188154101371765
YMR230W,YOL049W,0,-0.70657706,0.10405904054641724,0.32752612233161926,0.2819976806640625
YOR316C,YOL061W,0,-0.7065869,0.10402065515518188,0.32752612233161926,0.28211382031440735
YHR084W,YMR316W,1,-0.70666265,0.10435102880001068,0.3286875784397125,0.28211382031440735
YER004W,YNL318C,0,-0.70674694,0.10431256890296936,0.3286875784397125,0.2822299599647522
YBR268W,YGL067W,0,-0.70675874,0.10427413135766983,0.3286875784397125,0.28234609961509705
YER113C,YDR107C,1,-0.70679504,0.10460405051708221,0.3298490047454834,0.28234609961509705
YKL110C,YMR100W,0,-0.7068018,0.10456553846597672,0.3298490047454834,0.2824622392654419
YGL151W,YML106W,0,-0.70684254,0.104527048766613,0.3298490047454834,0.28257840871810913
YKL088W,YGR240C,0,-0.7068591,0.10448859632015228,0.3298490047454834,0.282694548368454
YJR096W,YER170W,0,-0.7068598,0.10445016622543335,0.3298490047454834,0.28281068801879883
YHR084W,YHR073W,1,-0.7069689,0.10477941483259201,0.33101046085357666,0.28281068801879883
YER108C,YDR480W,1,-0.7069768,0.10510841757059097,0.33217188715934753,0.28281068801879883
YGR108W,YLL039C,0,-0.70707816,0.10506980121135712,0.33217188715934753,0.2829268276691437
YOR389W,YBR153W,0,-0.70716035,0.10503121465444565,0.33217188715934753,0.2830429673194885
YKR027W,YJR135C,0,-0.70724577,0.10499265789985657,0.33217188715934753,0.2831591069698334
YDL204W,YGL184C,0,-0.70728946,0.10495413094758987,0.33217188715934753,0.2832752466201782
YOR259C,YOR069W,0,-0.70731884,0.10491562634706497,0.33217188715934753,0.28339141607284546
YDR308C,YGR206W,0,-0.7073463,0.10487715154886246,0.33217188715934753,0.2835075557231903
YPL023C,YLR079W,0,-0.70736,0.10483870655298233,0.33217188715934753,0.28362369537353516
YMR198W,YDL137W,0,-0.7073945,0.10480029135942459,0.33217188715934753,0.28373983502388
YDR158W,YLL066C,0,-0.70740366,0.10476190596818924,0.33217188715934753,0.28385597467422485
YDR326C,YBR248C,0,-0.7074082,0.10472354292869568,0.33217188715934753,0.2839721143245697
YCR031C,YPL091W,0,-0.707417,0.1046852096915245,0.33217188715934753,0.28408828377723694
YFR014C,YDR194C,0,-0.7074208,0.10464690625667572,0.33217188715934753,0.2842044234275818
YDR213W,YDL124W,0,-0.7074453,0.10460863262414932,0.33217188715934753,0.28432056307792664
YBR122C,YBL060W,0,-0.7074655,0.10457038134336472,0.33217188715934753,0.2844367027282715
YAR007C,YDR078C,0,-0.70750535,0.1045321673154831,0.33217188715934753,0.28455284237861633
YBR112C,YKL155C,0,-0.707584,0.10449396818876266,0.33217188715934753,0.2846689820289612
YGR192C,YGL095C,0,-0.7076278,0.10445580631494522,0.33217188715934753,0.28478512167930603
YMR133W,YDR329C,0,-0.70764685,0.10441767424345016,0.33217188715934753,0.28490129113197327
YOR326W,YOR257W,0,-0.70768905,0.1043795645236969,0.33217188715934753,0.2850174307823181
YMR150C,YER007W,0,-0.70773196,0.10434148460626602,0.33217188715934753,0.28513357043266296
YJL145W,YGL191W,0,-0.7078543,0.10430342704057693,0.33217188715934753,0.2852497100830078
YKL178C,YOL029C,0,-0.707872,0.10426539927721024,0.33217188715934753,0.28536584973335266
YPL248C,YCR070W,0,-0.7079269,0.10422740876674652,0.33217188715934753,0.2854819893836975
YGL061C,YDR005C,0,-0.7080385,0.104189433157444,0.33217188715934753,0.28559812903404236
YKR075C,YML088W,0,-0.7082692,0.10415149480104446,0.33217188715934753,0.2857142984867096
YEL077C,YNL315C,0,-0.7083187,0.10411357879638672,0.33217188715934753,0.28583043813705444
YCR005C,YHL018W,0,-0.70834315,0.10407569259405136,0.33217188715934753,0.2859465777873993
YGL104C,YNL181W,0,-0.708385,0.1040378287434578,0.33217188715934753,0.28606271743774414
YGL178W,YDL127W,0,-0.70841706,0.10400000214576721,0.33217188715934753,0.286178857088089
YLR167W,YBR045C,0,-0.7084714,0.10396219789981842,0.33217188715934753,0.28629499673843384
YDR348C,YJR050W,0,-0.7084969,0.10392441600561142,0.33217188715934753,0.2864111363887787
YMR307W,YBR288C,0,-0.70851356,0.1038866713643074,0.33217188715934753,0.2865273058414459
YNL031C,YGL226W,0,-0.7085786,0.10384894907474518,0.33217188715934753,0.28664344549179077
YMR104C,YGR057C,0,-0.70860326,0.10381124913692474,0.33217188715934753,0.2867595851421356
YGR245C,YDR056C,0,-0.7087245,0.1037735864520073,0.33217188715934753,0.28687572479248047
YMR161W,YGL211W,0,-0.70873463,0.10373594611883163,0.33217188715934753,0.2869918644428253
YDR359C,YKL100C,0,-0.70873535,0.10369833558797836,0.33217188715934753,0.28710800409317017
YNL197C,YNL119W,1,-0.7087374,0.10402319580316544,0.3333333432674408,0.28710800409317017
YAR009C,YKR097W,0,-0.7087381,0.1039855107665062,0.3333333432674408,0.287224143743515
YPR016C,YHR045W,0,-0.7087431,0.10394784808158875,0.3333333432674408,0.28734031319618225
YBR237W,YDR533C,0,-0.7088561,0.10391020774841309,0.3333333432674408,0.2874564528465271
YNL066W,YPR094W,0,-0.7088597,0.10387260466814041,0.3333333432674408,0.28757259249687195
YNR001C,YDL235C,0,-0.7089332,0.10383502393960953,0.3333333432674408,0.2876887321472168
YOR019W,YGR007W,0,-0.7090093,0.10379746556282043,0.3333333432674408,0.28780487179756165
YOL091W,YCR068W,0,-0.7090509,0.10375994443893433,0.3333333432674408,0.2879210114479065
YGR227W,YGL184C,0,-0.7090879,0.10372244566679001,0.3333333432674408,0.28803718090057373
YGR058W,YBL002W,0,-0.7091873,0.10368496924638748,0.3333333432674408,0.2881533205509186
YIL097W,YIL118W,0,-0.7092191,0.10364752262830734,0.3333333432674408,0.2882694602012634
YHR099W,YDL190C,0,-0.709224,0.10361010581254959,0.3333333432674408,0.2883855998516083
YKL056C,YOL157C,0,-0.7093618,0.10357271879911423,0.3333333432674408,0.2885017395019531
YOR036W,YLR001C,0,-0.7093879,0.10353535413742065,0.3333333432674408,0.288617879152298
YDR363W-A,YJR029W,0,-0.70940065,0.10349801927804947,0.3333333432674408,0.2887340188026428
YOR094W,YIL171W,0,-0.70941615,0.10346070677042007,0.3333333432674408,0.28885018825531006
YPL143W,YCR058C,0,-0.709427,0.10342342406511307,0.3333333432674408,0.2889663279056549
YNL294C,YOR371C,1,-0.70946664,0.10374639928340912,0.33449476957321167,0.2889663279056549
YIL050W,YDR367W,0,-0.7095068,0.10370904207229614,0.33449476957321167,0.28908246755599976
YJL216C,YNL169C,0,-0.7095558,0.10367170721292496,0.33449476957321167,0.2891986072063446
YGL173C,YBL100W-A,0,-0.7096695,0.10363440215587616,0.33449476957321167,0.28931474685668945
YFR010W,YDR412W,0,-0.709715,0.10359711945056915,0.33449476957321167,0.2894308865070343
YBR175W,YLL053C,0,-0.70972013,0.10355987399816513,0.33449476957321167,0.28954702615737915
YPL140C,YGR058W,0,-0.7097229,0.1035226434469223,0.33449476957321167,0.2896631956100464
YDR456W,YLR066W,0,-0.70974636,0.10348545014858246,0.33449476957321167,0.28977933526039124
YGR159C,YGL005C,0,-0.7098062,0.1034482792019844,0.33449476957321167,0.2898954749107361
YDR103W,YDR107C,1,-0.7098119,0.1037701964378357,0.33565622568130493,0.2898954749107361
YPR073C,YML081W,0,-0.70983875,0.10373295098543167,0.33565622568130493,0.29001161456108093
YGR295C,YAL026C,0,-0.709843,0.10369572788476944,0.33565622568130493,0.2901277542114258
YER108C,YHR011W,1,-0.7098805,0.1040172129869461,0.3368176519870758,0.2901277542114258
YML120C,YPL195W,0,-0.71008945,0.1039799228310585,0.3368176519870758,0.29024389386177063
YDR046C,YDL166C,0,-0.71009314,0.10394265502691269,0.3368176519870758,0.2903600335121155
YPL030W,YOR354C,0,-0.7101607,0.10390540957450867,0.3368176519870758,0.2904762029647827
YOR047C,YKL184W,0,-0.7101623,0.10386819392442703,0.3368176519870758,0.29059234261512756
YLR362W,YOR371C,1,-0.7102225,0.10418904572725296,0.33797910809516907,0.29059234261512756
YPL115C,YGL208W,1,-0.71030957,0.10450966656208038,0.33914053440093994,0.29059234261512756
YDR379W,YBL016W,1,-0.71054876,0.1048300564289093,0.3403019607067108,0.29059234261512756
YJL143W,YMR118C,0,-0.7107049,0.10479255765676498,0.3403019607067108,0.2907084822654724
YDR027C,YML081W,0,-0.7107854,0.10475509613752365,0.3403019607067108,0.29082462191581726
YDR204W,YOR144C,0,-0.71081144,0.10471765697002411,0.3403019607067108,0.2909407615661621
YDR251W,YOR360C,0,-0.71084476,0.10468024015426636,0.3403019607067108,0.29105690121650696
YNL197C,YJL089W,1,-0.71085835,0.10499999672174454,0.3414634168148041,0.29105690121650696
YJR134C,YLL005C,0,-0.7108985,0.10496251285076141,0.3414634168148041,0.2911730408668518
YJR042W,YOR273C,0,-0.71091187,0.10492505133152008,0.3414634168148041,0.29128921031951904
YDR385W,YHR206W,0,-0.71093,0.10488761961460114,0.3414634168148041,0.2914053499698639
YMR162C,YNR052C,0,-0.71094644,0.10485021770000458,0.3414634168148041,0.29152148962020874
YLR340W,YGL130W,0,-0.71102214,0.10481283068656921,0.3414634168148041,0.2916376292705536
YLL035W,YBL030C,0,-0.7112576,0.10477548092603683,0.3414634168148041,0.29175376892089844
YJR002W,YLR154W-C,0,-0.7113123,0.10473815351724625,0.3414634168148041,0.2918699085712433
YPL022W,YDR400W,0,-0.7113564,0.10470085591077805,0.3414634168148041,0.29198604822158813
YLR323C,YKL077W,0,-0.71139115,0.10466358065605164,0.3414634168148041,0.29210221767425537
YCR047C,YNL003C,0,-0.71139836,0.10462633520364761,0.3414634168148041,0.2922183573246002
YGL224C,YCL010C,0,-0.71150863,0.10458911210298538,0.3414634168148041,0.29233449697494507
YGL129C,YPR098C,0,-0.71160305,0.10455191880464554,0.3414634168148041,0.2924506366252899
YBL100W-B,YGR262C,0,-0.7116555,0.10451475530862808,0.3414634168148041,0.29256677627563477
YDR107C,YMR316W,1,-0.71167576,0.1048329770565033,0.34262484312057495,0.29256677627563477
YGL086W,YER005W,0,-0.7116816,0.10479573905467987,0.34262484312057495,0.2926829159259796
YBL013W,YER131W,0,-0.71172607,0.10475852340459824,0.34262484312057495,0.29279908537864685
YDR210W,YGR279C,0,-0.7117368,0.10472133755683899,0.34262484312057495,0.2929152250289917
YLR378C,YJL033W,0,-0.7118571,0.10468417406082153,0.34262484312057495,0.29303136467933655
YLR119W,YLL053C,0,-0.71190286,0.10464704036712646,0.34262484312057495,0.2931475043296814
YER069W,YER007W,0,-0.71195745,0.10460992902517319,0.34262484312057495,0.29326364398002625
YDR489W,YMR134W,0,-0.71204346,0.1045728474855423,0.34262484312057495,0.2933797836303711
YML037C,YGL254W,0,-0.71204877,0.1045357882976532,0.34262484312057495,0.29349592328071594
YPL009C,YDR126W,0,-0.7121562,0.10449875891208649,0.34262484312057495,0.2936120927333832
YOR103C,YCR028C-A,0,-0.7121621,0.10446175932884216,0.34262484312057495,0.293728232383728
YJR049C,YGL023C,0,-0.7123294,0.10442478209733963,0.34262484312057495,0.2938443720340729
YOL157C,YAL021C,0,-0.712353,0.10438782721757889,0.34262484312057495,0.2939605116844177
YHR111W,YGL045W,1,-0.7124418,0.10470463335514069,0.3437862992286682,0.2939605116844177
YPL266W,YGL207W,0,-0.7125604,0.10466761142015457,0.3437862992286682,0.2940766513347626
YBL020W,YIL056W,0,-0.7127497,0.10463061183691025,0.3437862992286682,0.2941927909851074
YDL156W,YLR178C,0,-0.71290565,0.10459364205598831,0.3437862992286682,0.29430893063545227
YHR134W,YHR140W,0,-0.7129091,0.10455669462680817,0.3437862992286682,0.2944251000881195
YKR027W,YML057W,0,-0.7129288,0.10451977699995041,0.3437862992286682,0.29454123973846436
YPR103W,YER124C,0,-0.712937,0.10448288172483444,0.3437862992286682,0.2946573793888092
YDR541C,YNL139C,0,-0.71295726,0.10444601625204086,0.3437862992286682,0.29477351903915405
YPL156C,YJR132W,0,-0.712971,0.10440917313098907,0.3437862992286682,0.2948896586894989
YKL178C,YBR057C,0,-0.7130112,0.10437235236167908,0.3437862992286682,0.29500579833984375
YNL128W,YML100W,0,-0.71305585,0.10433556884527206,0.3437862992286682,0.2951219379901886
YHR122W,YKL164C,0,-0.71307474,0.10429880023002625,0.3437862992286682,0.29523810744285583
YFR047C,YBR297W,0,-0.7130966,0.10426206141710281,0.3437862992286682,0.2953542470932007
YKL080W,YHR039C,0,-0.71310735,0.10422535240650177,0.3437862992286682,0.29547038674354553
YKR080W,YHR176W,0,-0.7132658,0.10418866574764252,0.3437862992286682,0.2955865263938904
YBL090W,YML125C,0,-0.7132696,0.10415200889110565,0.3437862992286682,0.29570266604423523
YKL101W,YHR019C,0,-0.7134192,0.10411537438631058,0.3437862992286682,0.2958188056945801
YOR372C,YDR324C,0,-0.7134286,0.1040787622332573,0.3437862992286682,0.2959349453449249
YBL100W-B,YMR048W,0,-0.7137332,0.1040421798825264,0.3437862992286682,0.29605111479759216
YFL031W,YDR054C,0,-0.7137437,0.10400561988353729,0.3437862992286682,0.296167254447937
YER120W,YBR001C,0,-0.71378183,0.10396908968687057,0.3437862992286682,0.29628339409828186
YJR017C,YLR297W,0,-0.7138127,0.10393258184194565,0.3437862992286682,0.2963995337486267
YMR051C,YDR438W,0,-0.71382093,0.10389610379934311,0.3437862992286682,0.29651567339897156
YCL057C-A,YFR040W,0,-0.71387565,0.10385964810848236,0.3437862992286682,0.2966318130493164
YPR185W,YDR115W,0,-0.7138977,0.103823222219944,0.3437862992286682,0.29674795269966125
YER027C,YLR083C,1,-0.71392107,0.10413745045661926,0.3449477255344391,0.29674795269966125
YHR134W,YMR190C,0,-0.7140039,0.10410095006227493,0.3449477255344391,0.2968641221523285
YGL234W,YGR295C,0,-0.71417654,0.1040644720196724,0.3449477255344391,0.29698026180267334
YDL181W,YER003C,0,-0.714237,0.10402802377939224,0.3449477255344391,0.2970964014530182
YPL046C,YKL088W,0,-0.7142477,0.10399159789085388,0.3449477255344391,0.29721254110336304
YPL193W,YOR284W,0,-0.7142861,0.10395519435405731,0.3449477255344391,0.2973286807537079
YER106W,YMR165C,0,-0.71451366,0.10391882807016373,0.3449477255344391,0.29744482040405273
YOR005C,YMR243C,0,-0.71451616,0.10388247668743134,0.3449477255344391,0.29756098985671997
YMR226C,YER004W,0,-0.71457434,0.10384615510702133,0.3449477255344391,0.2976771295070648
YER173W,YCL038C,0,-0.71463376,0.10380985587835312,0.3449477255344391,0.29779326915740967
YPL281C,YML133C,0,-0.71471965,0.1037735864520073,0.3449477255344391,0.2979094088077545
YOL049W,YGR211W,0,-0.71477675,0.10373733937740326,0.3449477255344391,0.29802554845809937
YOR100C,YHR114W,0,-0.71478045,0.10370111465454102,0.3449477255344391,0.2981416881084442
YER012W,YFR016C,0,-0.7147811,0.10366491973400116,0.3449477255344391,0.29825782775878906
YBL040C,YDL229W,0,-0.7148613,0.1036287471652031,0.3449477255344391,0.2983739972114563
YMR086W,YHR196W,0,-0.7150393,0.10359260439872742,0.3449477255344391,0.29849013686180115
YPL242C,YBL042C,0,-0.71509504,0.10355648398399353,0.3449477255344391,0.298606276512146
YER102W,YLR239C,0,-0.7151987,0.10352039337158203,0.3449477255344391,0.29872241616249084
YLL016W,YLR410W,0,-0.71522593,0.10348431766033173,0.3449477255344391,0.2988385558128357
YGL129C,YLR356W,0,-0.71532243,0.1034482792019844,0.3449477255344391,0.29895469546318054
YML113W,YJL137C,0,-0.71547,0.10341225564479828,0.3449477255344391,0.2990708351135254
YJL096W,YOR124C,0,-0.7155175,0.10337626188993454,0.3449477255344391,0.2991870045661926
YGL093W,YER007W,0,-0.7156073,0.10334029048681259,0.3449477255344391,0.2993031442165375
YOR384W,YJL021C,0,-0.71567154,0.10330434888601303,0.3449477255344391,0.2994192838668823
YOL105C,YHR032W,0,-0.7158559,0.10326842963695526,0.3449477255344391,0.2995354235172272
YIL154C,YJL042W,0,-0.71591467,0.10323253273963928,0.3449477255344391,0.299651563167572
YPL202C,YDR074W,0,-0.7159617,0.10319666564464569,0.3449477255344391,0.29976770281791687
YMR055C,YMR305C,0,-0.71611136,0.10316082090139389,0.3449477255344391,0.2998838424682617
YHR096C,YDR346C,0,-0.7161435,0.10312499850988388,0.3449477255344391,0.30000001192092896
YPL056C,YOR195W,0,-0.7161467,0.10308920592069626,0.3449477255344391,0.3001161515712738
YER027C,YDR480W,1,-0.71616614,0.10340041667222977,0.34610918164253235,0.3001161515712738
YDL079C,YIL103W,0,-0.7161972,0.10336454957723618,0.34610918164253235,0.30023229122161865
YGR274C,YOL030W,0,-0.71625507,0.10332871228456497,0.34610918164253235,0.3003484308719635
YOR039W,YPL235W,0,-0.7162788,0.10329289734363556,0.34610918164253235,0.30046457052230835
YHR073W,YHL007C,1,-0.7163408,0.10360360145568848,0.3472706079483032,0.30046457052230835
YHR023W,YPL168W,0,-0.71634364,0.10356771945953369,0.3472706079483032,0.3005807101726532
YBL005W-A,YDR190C,0,-0.716406,0.1035318523645401,0.3472706079483032,0.30069684982299805
YDR227W,YHR028C,0,-0.71649504,0.1034960225224495,0.3472706079483032,0.3008130192756653
YJR064W,YHR134W,0,-0.71650636,0.10346020758152008,0.3472706079483032,0.30092915892601013
YDR439W,YIL154C,0,-0.71660304,0.10342442244291306,0.3472706079483032,0.301045298576355
YML014W,YGL119W,0,-0.71664596,0.10338865965604782,0.3472706079483032,0.30116143822669983
YER027C,YDR477W,1,-0.71666074,0.10369858145713806,0.3484320640563965,0.30116143822669983
YGR121C,YPR097W,0,-0.71667826,0.10366275161504745,0.3484320640563965,0.3012775778770447
YHL018W,YMR050C,0,-0.7167989,0.10362694412469864,0.3484320640563965,0.3013937175273895
YNL014W,YPL019C,0,-0.7168503,0.10359115898609161,0.3484320640563965,0.30150988698005676
YER027C,YHL007C,1,-0.7168787,0.10390058904886246,0.34959349036216736,0.30150988698005676
YLR238W,YKR061W,0,-0.71688336,0.10386473685503006,0.34959349036216736,0.3016260266304016
YOR022C,YPL249C-A,0,-0.7171862,0.10382890701293945,0.34959349036216736,0.30174216628074646
YGL137W,YDR023W,0,-0.71733594,0.10379310697317123,0.34959349036216736,0.3018583059310913
YNR046W,YNL217W,0,-0.71741885,0.10375732183456421,0.34959349036216736,0.30197444558143616
YFR034C,YDR256C,0,-0.7174256,0.10372157394886017,0.34959349036216736,0.302090585231781
YCL066W,YER140W,0,-0.7174319,0.10368584096431732,0.34959349036216736,0.30220672488212585
YPR097W,YER147C,0,-0.71750224,0.10365013778209686,0.34959349036216736,0.3023228943347931
YHL017W,YJR065C,0,-0.7175199,0.1036144569516182,0.34959349036216736,0.30243903398513794
YDL168W,YKL054C,0,-0.71754664,0.10357880592346191,0.34959349036216736,0.3025551736354828
YMR021C,YGL087C,0,-0.7175726,0.10354316979646683,0.34959349036216736,0.30267131328582764
YDR519W,YFL003C,0,-0.7176169,0.10350756347179413,0.34959349036216736,0.3027874529361725
YAL062W,YDR156W,0,-0.71761775,0.10347198694944382,0.34959349036216736,0.30290359258651733
YKL213C,YGR203W,0,-0.71772695,0.1034364253282547,0.34959349036216736,0.3030197322368622
YMR074C,YBR022W,0,-0.71780455,0.10340089350938797,0.34959349036216736,0.3031359016895294
YOR100C,YPR104C,0,-0.7178053,0.10336538404226303,0.34959349036216736,0.30325204133987427
YHR121W,YLL054C,0,-0.7178179,0.10332989692687988,0.34959349036216736,0.3033681809902191
YDR182W,YDR208W,0,-0.7178837,0.10329443961381912,0.34959349036216736,0.30348432064056396
YNL118C,YDR198C,0,-0.7179438,0.10325900465250015,0.34959349036216736,0.3036004602909088
YJL018W,YMR043W,0,-0.7179519,0.10322359204292297,0.34959349036216736,0.30371659994125366
YLR240W,YBR110W,0,-0.7180484,0.10318820923566818,0.34959349036216736,0.3038327395915985
YMR022W,YOR234C,0,-0.7180631,0.10315284132957458,0.34959349036216736,0.30394890904426575
YPR192W,YPR133C,0,-0.7180674,0.10311750322580338,0.34959349036216736,0.3040650486946106
YBR280C,YAL025C,0,-0.71809167,0.10308219492435455,0.34959349036216736,0.30418118834495544
YLR421C,YLL021W,0,-0.7181262,0.10304690152406693,0.34959349036216736,0.3042973279953003
YNL064C,YNL268W,0,-0.71814084,0.10301163792610168,0.34959349036216736,0.30441346764564514
YJR153W,YCR042C,0,-0.718215,0.10297639667987823,0.34959349036216736,0.30452960729599
YMR043W,YDL056W,0,-0.7182194,0.10294117778539658,0.34959349036216736,0.30464574694633484
YJL091C,YMR118C,0,-0.7183601,0.10290598124265671,0.34959349036216736,0.3047619163990021
YPL194W,YNL181W,0,-0.71840346,0.10287081450223923,0.34959349036216736,0.3048780560493469
YOL121C,YOR228C,0,-0.71841323,0.10283567011356354,0.34959349036216736,0.3049941956996918
YLL018C,YCR044C,0,-0.71854657,0.10280054807662964,0.34959349036216736,0.3051103353500366
YBR012W-A,YBL039C,0,-0.71856976,0.10276544839143753,0.34959349036216736,0.30522647500038147
YML069W,YLR286C,0,-0.7186022,0.10273037850856781,0.34959349036216736,0.3053426146507263
YGL129C,YIL031W,0,-0.7186059,0.10269532352685928,0.34959349036216736,0.30545875430107117
YGR074W,YBR114W,0,-0.7186098,0.10266029834747314,0.34959349036216736,0.3055749237537384
YPL176C,YIR013C,0,-0.71865547,0.1026252955198288,0.34959349036216736,0.30569106340408325
YJR102C,YKL110C,0,-0.7187151,0.10259032249450684,0.34959349036216736,0.3058072030544281
YPL108W,YJR096W,0,-0.71872157,0.10255536437034607,0.34959349036216736,0.30592334270477295
YHR011W,YNL119W,1,-0.7187245,0.10286103188991547,0.3507549464702606,0.30592334270477295
YHR033W,YBR035C,0,-0.71873736,0.10282601416110992,0.3507549464702606,0.3060394823551178
YNL116W,YKL196C,0,-0.7188248,0.10279101133346558,0.3507549464702606,0.30615562200546265
YMR122W-A,YDL112W,0,-0.71883804,0.10275603830814362,0.3507549464702606,0.3062717914581299
YDR107C,YDR043C,1,-0.7188774,0.10306122153997421,0.3519163727760315,0.3062717914581299
YBR231C,YAR015W,0,-0.7189866,0.10302618145942688,0.3519163727760315,0.30638793110847473
YER167W,YOR140W,0,-0.7190202,0.10299116373062134,0.3519163727760315,0.3065040707588196
YDR210W,YLR057W,0,-0.71906924,0.10295616835355759,0.3519163727760315,0.30662021040916443
YDR483W,YIL145C,0,-0.71912634,0.10292119532823563,0.3519163727760315,0.3067363500595093
YNL325C,YDR471W,0,-0.7192116,0.10288624465465546,0.3519163727760315,0.3068524897098541
YOR063W,YPL224C,0,-0.7192608,0.10285132378339767,0.3519163727760315,0.306968629360199
YKL114C,YBR204C,0,-0.719298,0.10281642526388168,0.3519163727760315,0.3070847988128662
YNL190W,YNL036W,0,-0.7193794,0.10278154909610748,0.3519163727760315,0.30720093846321106
YML095C,YOR109W,0,-0.7194175,0.10274669528007507,0.3519163727760315,0.3073170781135559
YBR016W,YDL136W,0,-0.71953595,0.10271186381578445,0.3519163727760315,0.30743321776390076
YER072W,YBR210W,0,-0.71956706,0.10267706215381622,0.3519163727760315,0.3075493574142456
YGR074W,YDR430C,0,-0.7195785,0.10264227539300919,0.3519163727760315,0.30766549706459045
YMR122W-A,YNL216W,0,-0.7196306,0.10260751843452454,0.3519163727760315,0.3077816367149353
YDR168W,YOR095C,0,-0.719649,0.10257278382778168,0.3519163727760315,0.30789780616760254
YBR058C,YIR002C,0,-0.71965706,0.10253807157278061,0.3519163727760315,0.3080139458179474
YBR214W,YDL081C,0,-0.7198422,0.10250338166952133,0.3519163727760315,0.30813008546829224
YPL169C,YOR067C,0,-0.7198745,0.10246872156858444,0.3519163727760315,0.3082462251186371
YOR356W,YMR197C,0,-0.7199347,0.10243407636880875,0.3519163727760315,0.30836236476898193
YJR084W,YML012W,0,-0.72000647,0.10239946097135544,0.3519163727760315,0.3084785044193268
YJR077C,YJL014W,0,-0.7200155,0.10236486792564392,0.3519163727760315,0.30859464406967163
YIL010W,YHL018W,0,-0.72003365,0.1023302972316742,0.3519163727760315,0.30871081352233887
YLR148W,YAL020C,0,-0.72015876,0.10229574888944626,0.3519163727760315,0.3088269531726837
YDL220C,YBR084C-A,0,-0.72029793,0.10226122289896011,0.3519163727760315,0.30894309282302856
YDR348C,YLR078C,0,-0.7203016,0.10222671926021576,0.3519163727760315,0.3090592324733734
YDR516C,YDL119C,0,-0.7203194,0.10219224542379379,0.3519163727760315,0.30917537212371826
YJR160C,YDR075W,0,-0.72039783,0.10215778648853302,0.3519163727760315,0.3092915117740631
YIR013C,YHR009C,0,-0.72040886,0.10212335735559464,0.3519163727760315,0.30940765142440796
YOR362C,YHR158C,0,-0.7204741,0.10208895057439804,0.3519163727760315,0.3095238208770752
YPL143W,YNR041C,0,-0.7206048,0.10205456614494324,0.3519163727760315,0.30963996052742004
YMR283C,YNL086W,0,-0.72062325,0.10202020406723022,0.3519163727760315,0.3097561001777649
YDR294C,YHL020C,0,-0.7208421,0.101985864341259,0.3519163727760315,0.30987223982810974
YLR201C,YPR199C,0,-0.72084594,0.10195154696702957,0.3519163727760315,0.3099883794784546
YMR116C,YER027C,1,-0.72085714,0.10225361585617065,0.35307782888412476,0.3099883794784546
YGL045W,YER109C,1,-0.72088253,0.10255548357963562,0.35423925518989563,0.3099883794784546
YJR098C,YJR066W,0,-0.7209612,0.10252100974321365,0.35423925518989563,0.31010451912879944
YHL036W,YBL101C,0,-0.7209933,0.10248655825853348,0.35423925518989563,0.3102206587791443
YML062C,YOR264W,0,-0.72099435,0.10245213657617569,0.35423925518989563,0.3103368282318115
YDL130W-A,YEL059C-A,0,-0.72105277,0.1024177297949791,0.35423925518989563,0.31045296788215637
YDR103W,YNL119W,1,-0.7210671,0.1027190312743187,0.3554007112979889,0.31045296788215637
YOR119C,YBL005W-A,0,-0.7210761,0.10268456488847733,0.3554007112979889,0.3105691075325012
YNL021W,YGR198W,0,-0.7212484,0.10265012085437775,0.3554007112979889,0.31068524718284607
YJL090C,YBR286W,0,-0.7212759,0.10261569172143936,0.3554007112979889,0.3108013868331909
YOR195W,YLR460C,0,-0.72132605,0.10258129239082336,0.3554007112979889,0.31091752648353577
YNL190W,YHR152W,0,-0.7213347,0.10254691541194916,0.3554007112979889,0.311033695936203
YPL026C,YKR072C,0,-0.7213579,0.10251256078481674,0.3554007112979889,0.31114983558654785
YPR029C,YDL180W,0,-0.7213752,0.10247822850942612,0.3554007112979889,0.3112659752368927
YNL328C,YLL023C,0,-0.72138083,0.10244392603635788,0.3554007112979889,0.31138211488723755
YER045C,YLR035C,0,-0.7215191,0.10240963846445084,0.3554007112979889,0.3114982545375824
YLR406C,YOR070C,0,-0.721557,0.10237537324428558,0.3554007112979889,0.31161439418792725
YIL008W,YLR229C,1,-0.7216494,0.10267558693885803,0.35656213760375977,0.31161439418792725
YLR345W,YLR438C-A,0,-0.72175133,0.10264125466346741,0.35656213760375977,0.3117305338382721
YML046W,YLL048C,0,-0.7217722,0.10260695219039917,0.35656213760375977,0.31184670329093933
YFL061W,YDL109C,0,-0.7218523,0.10257267206907272,0.35656213760375977,0.3119628429412842
YEL046C,YLR446W,0,-0.7218533,0.10253840684890747,0.35656213760375977,0.31207898259162903
YGL253W,YNL275W,0,-0.72187483,0.1025041714310646,0.35656213760375977,0.3121951222419739
YGR186W,YIL145C,0,-0.7218778,0.10246995836496353,0.35656213760375977,0.3123112618923187
YER113C,YLR229C,1,-0.7219002,0.10276943445205688,0.35772356390953064,0.3123112618923187
YDR043C,YLR083C,1,-0.72209656,0.10306870937347412,0.3588850200176239,0.3123112618923187
YGL045W,YLR229C,1,-0.7221892,0.10336779057979584,0.3600464463233948,0.3123112618923187
YMR313C,YDR056C,0,-0.7222272,0.10333333164453506,0.3600464463233948,0.3124274015426636
YPR097W,YPR107C,0,-0.72224605,0.10329890251159668,0.3600464463233948,0.3125435411930084
YMR059W,YPL138C,0,-0.7222618,0.10326448827981949,0.3600464463233948,0.31265971064567566
YNR073C,YIL022W,0,-0.72226214,0.10323010385036469,0.3600464463233948,0.3127758502960205
YNL326C,YGL022W,0,-0.722409,0.10319574177265167,0.3600464463233948,0.31289198994636536
YBL087C,YBR035C,0,-0.7224611,0.10316139459609985,0.3600464463233948,0.3130081295967102
YNL263C,YIR002C,0,-0.7224948,0.10312707722187042,0.3600464463233948,0.31312426924705505
YOR357C,YOR014W,0,-0.72257125,0.10309278219938278,0.3600464463233948,0.3132404088973999
YPL060W,YKR064W,0,-0.72269255,0.10305850952863693,0.3600464463233948,0.31335654854774475
YPR056W,YDL231C,0,-0.7227117,0.10302425920963287,0.3600464463233948,0.313472718000412
YNL294C,YER108C,1,-0.7227244,0.10332226008176804,0.36120790243148804,0.313472718000412
YPL227C,YKL222C,0,-0.7227526,0.1032879427075386,0.36120790243148804,0.31358885765075684
YPR155C,YNL058C,0,-0.72277284,0.10325365513563156,0.36120790243148804,0.3137049973011017
YML025C,YNL263C,0,-0.7228263,0.10321938246488571,0.36120790243148804,0.31382113695144653
YMR183C,YAL053W,0,-0.7228458,0.10318513959646225,0.36120790243148804,0.3139372766017914
YGL181W,YDR314C,0,-0.7228732,0.10315091162919998,0.36120790243148804,0.31405341625213623
YJL044C,YAL044C,0,-0.72289634,0.1031167134642601,0.36120790243148804,0.3141695559024811
YBR218C,YOR201C,0,-0.7230494,0.10308253020048141,0.36120790243148804,0.3142857253551483
YPR075C,YGR061C,0,-0.72307444,0.10304837673902512,0.36120790243148804,0.31440186500549316
YBL003C,YLL038C,0,-0.72316325,0.10301424562931061,0.36120790243148804,0.314518004655838
YLR097C,YOR315W,0,-0.7232032,0.1029801294207573,0.36120790243148804,0.31463414430618286
YDL212W,YOR391C,0,-0.72323287,0.10294604301452637,0.36120790243148804,0.3147502839565277
YGR184C,YLR449W,0,-0.72327054,0.10291197896003723,0.36120790243148804,0.31486642360687256
YGL040C,YPL023C,0,-0.723357,0.10287793725728989,0.36120790243148804,0.3149825930595398
YNL119W,YDR477W,1,-0.72337145,0.1031746044754982,0.3623693287372589,0.3149825930595398
YDR047W,YDR256C,0,-0.72350764,0.10314049571752548,0.3623693287372589,0.31509873270988464
YHR021C,YGL156W,0,-0.7235517,0.10310640931129456,0.3623693287372589,0.3152148723602295
YDR235W,YOL077W-A,0,-0.7236321,0.10307234525680542,0.3623693287372589,0.31533101201057434
YKR042W,YPL241C,0,-0.72370577,0.10303831100463867,0.3623693287372589,0.3154471516609192
YDL132W,YLL066C,0,-0.72372603,0.10300429165363312,0.3623693287372589,0.31556329131126404
YNL106C,YLR441C,0,-0.7238246,0.10297029465436935,0.3623693287372589,0.3156794309616089
YOR022C,YDR040C,0,-0.7239914,0.10293632745742798,0.3623693287372589,0.3157956004142761
YPR071W,YBR168W,0,-0.72399724,0.1029023751616478,0.3623693287372589,0.31591174006462097
YCR092C,YDR202C,0,-0.7240956,0.1028684452176094,0.3623693287372589,0.3160278797149658
YLR403W,YOL144W,0,-0.7241739,0.1028345450758934,0.3623693287372589,0.31614401936531067
YFR047C,YPR041W,0,-0.7241776,0.10280065983533859,0.3623693287372589,0.3162601590156555
YJL212C,YDR225W,0,-0.72419083,0.10276679694652557,0.3623693287372589,0.31637629866600037
YFL004W,YLR307W,0,-0.7242346,0.10273296386003494,0.3623693287372589,0.3164924383163452
YHR042W,YPL024W,0,-0.72426677,0.1026991456747055,0.3623693287372589,0.31660860776901245
YIL118W,YER019W,0,-0.7244296,0.10266534984111786,0.3623693287372589,0.3167247474193573
YPL049C,YOR127W,1,-0.724457,0.10296052694320679,0.3635307848453522,0.3167247474193573
YIR037W,YER120W,0,-0.7244595,0.10292667150497437,0.3635307848453522,0.31684088706970215
YNL263C,YIL136W,0,-0.72447574,0.10289283096790314,0.3635307848453522,0.316957026720047
YJL184W,YCR028C-A,0,-0.7244891,0.1028590202331543,0.3635307848453522,0.31707316637039185
YJR153W,YKR088C,0,-0.7245554,0.10282523185014725,0.3635307848453522,0.3171893060207367
YPL235W,YHL019C,0,-0.72457534,0.10279145836830139,0.3635307848453522,0.31730544567108154
YIL043C,YDR212W,0,-0.72458005,0.10275771468877792,0.3635307848453522,0.3174216151237488
YJL212C,YKR089C,0,-0.7246535,0.10272399336099625,0.3635307848453522,0.31753775477409363
YDR329C,YNL093W,0,-0.7246916,0.10269028693437576,0.3635307848453522,0.3176538944244385
YDR284C,YBR201W,0,-0.72470284,0.10265661031007767,0.3635307848453522,0.3177700340747833
YJL159W,YDL060W,0,-0.7247189,0.10262294858694077,0.3635307848453522,0.3178861737251282
YMR211W,YOL051W,0,-0.7247343,0.10258931666612625,0.3635307848453522,0.318002313375473
YPL048W,YLR376C,0,-0.7248401,0.10255569964647293,0.3635307848453522,0.31811845302581787
YJL127C,YOR101W,0,-0.7248801,0.102522112429142,0.3635307848453522,0.3182346224784851
YGL092W,YDR307W,0,-0.7249195,0.10248854011297226,0.3635307848453522,0.31835076212882996
YOL116W,YMR316W,1,-0.72497284,0.10278232395648956,0.36469221115112305,0.31835076212882996
YPL049C,YDR477W,1,-0.72498477,0.10307591408491135,0.3658536672592163,0.31835076212882996
YNL264C,YEL047C,0,-0.724996,0.10304220020771027,0.3658536672592163,0.3184669017791748
YPL140C,YNL161W,0,-0.72499716,0.10300850123167038,0.3658536672592163,0.31858304142951965
YDR270W,YGR030C,0,-0.72503453,0.10297483205795288,0.3658536672592163,0.3186991810798645
YCR010C,YDR545W,0,-0.72504413,0.10294117778539658,0.3658536672592163,0.31881532073020935
YGR071C,YNL037C,0,-0.7250447,0.10290754586458206,0.3658536672592163,0.3189314603805542
YPL234C,YHR014W,0,-0.72505677,0.10287393629550934,0.3658536672592163,0.31904762983322144
YAR009C,YFL018C,0,-0.72505975,0.1028403490781784,0.3658536672592163,0.3191637694835663
YDL143W,YGR142W,0,-0.7250862,0.10280679166316986,0.3658536672592163,0.31927990913391113
YKL011C,YKR037C,0,-0.725194,0.10277324914932251,0.3658536672592163,0.319396048784256
YNL124W,YKL185W,0,-0.72523427,0.10273972898721695,0.3658536672592163,0.31951218843460083
YBR107C,YML081W,0,-0.7253301,0.10270623117685318,0.3658536672592163,0.3196283280849457
YKR049C,YGR241C,0,-0.72534466,0.1026727482676506,0.3658536672592163,0.3197444975376129
YDR434W,YBR168W,0,-0.7255131,0.10263929516077042,0.3658536672592163,0.31986063718795776
YNL066W,YLR414C,0,-0.7255297,0.10260586440563202,0.3658536672592163,0.3199767768383026
YKR025W,YKL222C,0,-0.7255534,0.10257244855165482,0.3658536672592163,0.32009291648864746
YER120W,YMR118C,0,-0.7256577,0.1025390625,0.3658536672592163,0.3202090561389923
YDR103W,YOR371C,1,-0.7257178,0.10283111035823822,0.3670150935649872,0.3202090561389923
YER087C-A,YKL179C,0,-0.7257354,0.10279765725135803,0.3670150935649872,0.32032519578933716
YJR076C,YKL141W,0,-0.7258602,0.10276422649621964,0.3670150935649872,0.320441335439682
YBL084C,YOR086C,0,-0.7258845,0.10273081809282303,0.3670150935649872,0.32055750489234924
YPR095C,YER015W,0,-0.72588885,0.10269743204116821,0.3670150935649872,0.3206736445426941
YGL250W,YJR090C,0,-0.7259323,0.10266406834125519,0.3670150935649872,0.32078978419303894
YDL154W,YPL138C,0,-0.72594947,0.10263072699308395,0.3670150935649872,0.3209059238433838
YEL063C,YMR223W,0,-0.7259629,0.10259740054607391,0.3670150935649872,0.32102206349372864
YPR173C,YBR088C,0,-0.72597617,0.10256410390138626,0.3670150935649872,0.3211382031440735
YAL014C,YOR380W,0,-0.7260034,0.1025308221578598,0.3670150935649872,0.32125434279441833
YLR131C,YBR169C,0,-0.72604775,0.10249757021665573,0.3670150935649872,0.32137051224708557
YDR287W,YHR017W,0,-0.7260684,0.10246433317661285,0.3670150935649872,0.3214866518974304
YJL143W,YOR001W,0,-0.7260729,0.10243111848831177,0.3670150935649872,0.32160279154777527
YDR142C,YNR054C,0,-0.7261412,0.10239792615175247,0.3670150935649872,0.3217189311981201
YBR016W,YDR127W,0,-0.7261425,0.10236475616693497,0.3670150935649872,0.32183507084846497
YGR083C,YPL103C,0,-0.726272,0.10233160853385925,0.3670150935649872,0.3219512104988098
YGL079W,YDL060W,0,-0.72627604,0.10229847580194473,0.3670150935649872,0.32206735014915466
YBR139W,YNL072W,0,-0.72631466,0.1022653728723526,0.3670150935649872,0.3221835196018219
YLR008C,YDR011W,0,-0.7263843,0.10223228484392166,0.3670150935649872,0.32229965925216675
YLR006C,YLR363C,0,-0.72638774,0.10219922661781311,0.3670150935649872,0.3224157989025116
YPL266W,YPR155C,0,-0.7263965,0.10216618329286575,0.3670150935649872,0.32253193855285645
YER100W,YFR015C,0,-0.72640896,0.10213316231966019,0.3670150935649872,0.3226480782032013
YEL002C,YKL192C,0,-0.7264475,0.10210016369819641,0.3670150935649872,0.32276421785354614
YDR216W,YDR242W,0,-0.7265625,0.10206717997789383,0.3670150935649872,0.322880357503891
YPL049C,YDL159W,1,-0.7266711,0.10235711932182312,0.36817654967308044,0.322880357503891
YNL294C,YMR316W,1,-0.7267623,0.10264687240123749,0.3693379759788513,0.322880357503891
YMR311C,YOL020W,0,-0.72677517,0.10261374711990356,0.3693379759788513,0.3229965269565582
YER102W,YMR041C,0,-0.7268396,0.10258064419031143,0.3693379759788513,0.3231126666069031
YKR079C,YBL064C,0,-0.7268987,0.10254756361246109,0.3693379759788513,0.3232288062572479
YPL236C,YNR033W,0,-0.72692436,0.10251450538635254,0.3693379759788513,0.3233449459075928
YJR120W,YGR240C,0,-0.7269976,0.10248146951198578,0.3693379759788513,0.3234610855579376
YGL206C,YDR311W,0,-0.72701454,0.10244845598936081,0.3693379759788513,0.32357722520828247
YCL075W,YGL001C,0,-0.72714955,0.10241545736789703,0.3693379759788513,0.3236933946609497
YMR242C,YFR044C,0,-0.7271575,0.10238248854875565,0.3693379759788513,0.32380953431129456
YPR145W,YPR106W,0,-0.7271997,0.10234953463077545,0.3693379759788513,0.3239256739616394
YDL231C,YGR220C,0,-0.7274151,0.10231660306453705,0.3693379759788513,0.32404181361198425
YNL229C,YDR023W,0,-0.72746134,0.10228369385004044,0.3693379759788513,0.3241579532623291
YDR047W,YER051W,0,-0.7274642,0.10225080698728561,0.3693379759788513,0.32427409291267395
YOR242C,YLR247C,0,-0.72747815,0.10221793502569199,0.3693379759788513,0.3243902325630188
YPL162C,YHR016C,0,-0.72749263,0.10218509286642075,0.3693379759788513,0.32450640201568604
YDR352W,YDR025W,0,-0.72757125,0.1021522656083107,0.3693379759788513,0.3246225416660309
YDR484W,YDL038C,0,-0.7275734,0.10211946070194244,0.3693379759788513,0.32473868131637573
YGR261C,YBR267W,0,-0.72761166,0.10208667814731598,0.3693379759788513,0.3248548209667206
YOR354C,YIL145C,0,-0.7276567,0.1020539179444313,0.3693379759788513,0.32497096061706543
YOR127W,YBR083W,1,-0.72766495,0.10234199464321136,0.3704994320869446,0.32497096061706543
YNL119W,YHR073W,1,-0.727666,0.1026298925280571,0.37166085839271545,0.32497096061706543
YDL080C,YDR056C,0,-0.72770834,0.10259698331356049,0.37166085839271545,0.3250871002674103
YLR382C,YDL038C,0,-0.727727,0.10256410390138626,0.37166085839271545,0.3252032399177551
YNL294C,YDL159W,1,-0.7277423,0.10285165160894394,0.3728223145008087,0.3252032399177551
YGR161C,YBL047C,0,-0.7278111,0.10281870514154434,0.3728223145008087,0.32531940937042236
YLR054C,YOR010C,0,-0.7278794,0.10278578102588654,0.3728223145008087,0.3254355490207672
YPR156C,YPL266W,0,-0.72788274,0.10275287926197052,0.3728223145008087,0.32555168867111206
YNL145W,YOR044W,0,-0.7279382,0.1027199998497963,0.3728223145008087,0.3256678283214569
YLR239C,YAL008W,0,-0.72794366,0.10268714278936386,0.3728223145008087,0.32578396797180176
YDR287W,YOR140W,0,-0.7279713,0.10265430063009262,0.3728223145008087,0.3259001076221466
YJL100W,YKR024C,0,-0.72802985,0.10262148082256317,0.3728223145008087,0.32601624727249146
YOR060C,YPL158C,0,-0.7281366,0.10258868336677551,0.3728223145008087,0.3261324167251587
YPR112C,YBR058C,0,-0.72816885,0.10255590826272964,0.3728223145008087,0.32624855637550354
YJR088C,YJR068W,0,-0.7283291,0.10252315551042557,0.3728223145008087,0.3263646960258484
YDL030W,YDR273W,0,-0.72834593,0.10249042510986328,0.3728223145008087,0.32648083567619324
YDR299W,YGL128C,0,-0.72839594,0.10245770961046219,0.3728223145008087,0.3265969753265381
YJL189W,YJL042W,0,-0.72842675,0.10242501646280289,0.3728223145008087,0.32671311497688293
YAL032C,YMR262W,0,-0.7285406,0.10239234566688538,0.3728223145008087,0.3268292546272278
YHR112C,YDL243C,0,-0.7286408,0.10235969722270966,0.3728223145008087,0.326945424079895
YPL049C,YDR480W,1,-0.7286453,0.10264583677053452,0.3739837408065796,0.326945424079895
YHL040C,YMR164C,0,-0.72867906,0.10261312872171402,0.3739837408065796,0.32706156373023987
YDL067C,YBR236C,0,-0.7287063,0.10258044302463531,0.3739837408065796,0.3271777033805847
YCR028C,YHR214W,0,-0.72870827,0.1025477722287178,0.3739837408065796,0.32729384303092957
YKR048C,YDR489W,0,-0.7287184,0.10251512378454208,0.3739837408065796,0.3274099826812744
YLR438C-A,YDR033W,0,-0.72880304,0.10248249769210815,0.3739837408065796,0.32752612233161926
YBR056W,YDR486C,0,-0.72882557,0.10244988650083542,0.3739837408065796,0.3276422619819641
YHL013C,YDR145W,0,-0.72885644,0.10241730511188507,0.3739837408065796,0.32775843143463135
YBR301W,YDL231C,0,-0.7289406,0.10238473862409592,0.3739837408065796,0.3278745710849762
YKR105C,YAL010C,0,-0.7289788,0.10235219448804855,0.3739837408065796,0.32799071073532104
YGL195W,YIL050W,0,-0.72917515,0.10231967270374298,0.3739837408065796,0.3281068503856659
YPR096C,YBL105C,0,-0.7291863,0.1022871658205986,0.3739837408065796,0.32822299003601074
YLR229C,YMR316W,1,-0.7291953,0.1025722473859787,0.37514516711235046,0.32822299003601074
YDR120C,YCL005W-A,0,-0.72924507,0.10253968089818954,0.37514516711235046,0.3283391296863556
YBR070C,YCL050C,0,-0.72932506,0.10250714421272278,0.37514516711235046,0.3284552991390228
YKL112W,YCL039W,0,-0.7293275,0.1024746224284172,0.37514516711235046,0.3285714387893677
YJL113W,YDL132W,0,-0.7293528,0.10244211554527283,0.37514516711235046,0.3286875784397125
YDL110C,YDL164C,0,-0.72940207,0.10240963846445084,0.37514516711235046,0.3288037180900574
YNL251C,YBR035C,0,-0.7294337,0.10237717628479004,0.37514516711235046,0.3289198577404022
YIL033C,YBR121C,0,-0.72944903,0.10234473645687103,0.37514516711235046,0.32903599739074707
YGL150C,YLR406C,0,-0.72945106,0.10231231898069382,0.37514516711235046,0.3291521370410919
YLR246W,YDR500C,0,-0.729473,0.10227992385625839,0.37514516711235046,0.32926830649375916
YBR104W,YAL002W,0,-0.7294829,0.10224754363298416,0.37514516711235046,0.329384446144104
YLR426W,YOR034C,0,-0.7294903,0.10221519321203232,0.37514516711235046,0.32950058579444885
YDL222C,YPL085W,0,-0.7295252,0.10218285024166107,0.37514516711235046,0.3296167254447937
YPL203W,YHR084W,1,-0.7295362,0.10246679186820984,0.3763066232204437,0.3296167254447937
YBL100W-B,YER031C,0,-0.72953945,0.10243439674377441,0.3763066232204437,0.32973286509513855
YDR050C,YKL017C,0,-0.7296052,0.10240202397108078,0.3763066232204437,0.3298490047454834
YOR173W,YFR005C,0,-0.72963524,0.10236966609954834,0.3763066232204437,0.32996514439582825
YJL113W,YBR087W,0,-0.72966164,0.10233733057975769,0.3763066232204437,0.3300813138484955
YJL118W,YHL004W,0,-0.72969663,0.10230501741170883,0.3763066232204437,0.33019745349884033
YOR267C,YBL101C,0,-0.7298136,0.10227272659540176,0.3763066232204437,0.3303135931491852
YMR037C,YGR086C,0,-0.7299715,0.10224045068025589,0.3763066232204437,0.33042973279953003
YJL090C,YCR043C,0,-0.7300148,0.1022082045674324,0.3763066232204437,0.3305458724498749
YDR464W,YDR289C,0,-0.7300284,0.10217597335577011,0.3763066232204437,0.3306620121002197
YHL008C,YNL086W,0,-0.730031,0.10214375704526901,0.3763066232204437,0.3307781517505646
YDR103W,YHR111W,1,-0.7300401,0.10242672264575958,0.3774680495262146,0.3307781517505646
YOL126C,YHR166C,0,-0.7300401,0.1023944541811943,0.3774680495262146,0.3308943212032318
YIL008W,YGR040W,1,-0.73006177,0.10267716646194458,0.37862950563430786,0.3308943212032318
YER176W,YBR290W,0,-0.73007226,0.10264483839273453,0.37862950563430786,0.33101046085357666
YKR053C,YOL080C,0,-0.7300751,0.10261252522468567,0.37862950563430786,0.3311266005039215
YHR193C,YOR262W,0,-0.7300999,0.1025802418589592,0.37862950563430786,0.33124274015426636
YEL001C,YJR073C,0,-0.730124,0.10254797339439392,0.37862950563430786,0.3313588798046112
YML005W,YNL191W,0,-0.73017347,0.10251571983098984,0.37862950563430786,0.33147501945495605
YGR261C,YHR009C,0,-0.730348,0.10248349606990814,0.37862950563430786,0.3315911591053009
YCL075W,YGL116W,0,-0.73036635,0.10245128720998764,0.37862950563430786,0.33170732855796814
YLL067C,YKL034W,0,-0.73037827,0.10241910070180893,0.37862950563430786,0.331823468208313
YGR192C,YPL235W,0,-0.73047674,0.10238693654537201,0.37862950563430786,0.33193960785865784
YDR379W,YHR084W,1,-0.7304908,0.10266876220703125,0.37979093194007874,0.33193960785865784
YGL048C,YGR001C,0,-0.73050135,0.10263653844594955,0.37979093194007874,0.3320557475090027
YKL028W,YIL063C,0,-0.7305605,0.10260432958602905,0.37979093194007874,0.33217188715934753
YOR151C,YFR008W,0,-0.73056155,0.10257214307785034,0.37979093194007874,0.3322880268096924
YCR069W,YNL024C,0,-0.73056465,0.10253997892141342,0.37979093194007874,0.33240416646003723
YNL083W,YPR081C,0,-0.7305683,0.10250783711671829,0.37979093194007874,0.33252033591270447
YER108C,YMR316W,1,-0.73058283,0.10278909653425217,0.380952388048172,0.33252033591270447
YGR008C,YBL019W,0,-0.73069596,0.10275689512491226,0.380952388048172,0.3326364755630493
YOL117W,YNL213C,0,-0.73085666,0.10272470861673355,0.380952388048172,0.33275261521339417
YMR236W,YBR248C,0,-0.7309118,0.10269255191087723,0.380952388048172,0.332868754863739
YBL020W,YML015C,0,-0.73095286,0.1026604101061821,0.380952388048172,0.33298489451408386
YEL026W,YKL163W,0,-0.73097086,0.10262828320264816,0.380952388048172,0.3331010341644287
YOR090C,YHR024C,0,-0.73103726,0.10259618610143661,0.380952388048172,0.33321720361709595
YLR106C,YML067C,0,-0.73112667,0.10256410390138626,0.380952388048172,0.3333333432674408
YGL100W,YPL085W,0,-0.7311697,0.1025320440530777,0.380952388048172,0.33344948291778564
YCL069W,YPL066W,0,-0.7312587,0.10249999910593033,0.380952388048172,0.3335656225681305
YIR019C,YBR083W,1,-0.7312878,0.10278037935495377,0.38211381435394287,0.3335656225681305
YCR043C,YEL064C,0,-0.73133236,0.10274828225374222,0.38211381435394287,0.33368176221847534
YLL038C,YDR075W,0,-0.7313381,0.10271620005369186,0.38211381435394287,0.3337979018688202
YNL125C,YGR217W,0,-0.73145473,0.1026841476559639,0.38211381435394287,0.33391404151916504
YPL089C,YOR332W,0,-0.7314984,0.10265210270881653,0.38211381435394287,0.3340302109718323
YDR302W,YBL099W,0,-0.731558,0.10262008756399155,0.38211381435394287,0.3341463506221771
YKL220C,YIL050W,0,-0.73165965,0.10258808732032776,0.38211381435394287,0.334262490272522
YAR010C,YMR189W,0,-0.7316964,0.10255610942840576,0.38211381435394287,0.3343786299228668
YGL196W,YJL044C,0,-0.7316971,0.10252415388822556,0.38211381435394287,0.33449476957321167
YCL031C,YDR256C,0,-0.73177564,0.10249221324920654,0.38211381435394287,0.3346109092235565
YLR185W,YKL134C,0,-0.73181677,0.10246029496192932,0.38211381435394287,0.33472704887390137
YLR166C,YPL186C,0,-0.731832,0.1024283915758133,0.38211381435394287,0.3348432183265686
YLR196W,YIL153W,0,-0.731848,0.10239651054143906,0.38211381435394287,0.33495935797691345
YDR297W,YKL137W,0,-0.73187137,0.10236465185880661,0.38211381435394287,0.3350754976272583
YJR109C,YDR098C,0,-0.7319193,0.10233281552791595,0.38211381435394287,0.33519163727760315
YOR086C,YDR018C,0,-0.73192203,0.10230099409818649,0.38211381435394287,0.335307776927948
YGL167C,YBR035C,0,-0.73194313,0.10226919502019882,0.38211381435394287,0.33542391657829285
YLR315W,YKL077W,0,-0.73201466,0.10223741084337234,0.38211381435394287,0.3355400562286377
YHR079C-A,YJL096W,0,-0.7320464,0.10220565646886826,0.38211381435394287,0.33565622568130493
YBL102W,YNL075W,0,-0.732147,0.10217390954494476,0.38211381435394287,0.3357723653316498
YBR048W,YMR047C,0,-0.73225105,0.10214219242334366,0.38211381435394287,0.33588850498199463
YOL116W,YDR480W,1,-0.7323084,0.1024208590388298,0.38327527046203613,0.33588850498199463
YCR040W,YKL196C,0,-0.7323299,0.10238907486200333,0.38327527046203613,0.3360046446323395
YBL010C,YLR204W,0,-0.73233837,0.10235732048749924,0.38327527046203613,0.3361207842826843
YPR140W,YGR103W,0,-0.7323577,0.10232558101415634,0.38327527046203613,0.3362369239330292
YAL041W,YOR371C,1,-0.732398,0.10260384529829025,0.384436696767807,0.3362369239330292
YOR178C,YPR022C,0,-0.7324784,0.10257204622030258,0.384436696767807,0.336353063583374
YOR344C,YER091C,0,-0.7325324,0.1025402694940567,0.384436696767807,0.33646923303604126
YHR065C,YER060W,0,-0.732574,0.10250851511955261,0.384436696767807,0.3365853726863861
YOR346W,YBL078C,0,-0.73261714,0.10247678309679031,0.384436696767807,0.33670151233673096
YGR097W,YOR189W,0,-0.73263633,0.10244506597518921,0.384436696767807,0.3368176519870758
YCR005C,YMR183C,0,-0.732654,0.1024133637547493,0.384436696767807,0.33693379163742065
YML034W,YJL159W,0,-0.73271275,0.10238169133663177,0.384436696767807,0.3370499312877655
YLR293C,YFL004W,0,-0.7327746,0.10235003381967545,0.384436696767807,0.33716610074043274
YPR173C,YBR040W,0,-0.7327851,0.10231839120388031,0.384436696767807,0.3372822403907776
YOR290C,YJR109C,0,-0.732908,0.10228677093982697,0.384436696767807,0.33739838004112244
YJL145W,YOR140W,0,-0.7329776,0.10225517302751541,0.384436696767807,0.3375145196914673
YGL222C,YBL056W,0,-0.73304784,0.10222359746694565,0.384436696767807,0.33763065934181213
YGL028C,YOL075C,0,-0.73304915,0.10219203680753708,0.384436696767807,0.337746798992157
YNL039W,YGR001C,0,-0.7332177,0.1021604910492897,0.384436696767807,0.33786293864250183
YPL156C,YDR198C,0,-0.7332762,0.10212897509336472,0.384436696767807,0.33797910809516907
YER146W,YNL020C,0,-0.733286,0.10209747403860092,0.384436696767807,0.3380952477455139
YDR228C,YBR295W,0,-0.7333745,0.10206598788499832,0.384436696767807,0.33821138739585876
YOR092W,YMR163C,0,-0.7333981,0.10203452408313751,0.384436696767807,0.3383275270462036
YGL206C,YHR027C,0,-0.73352015,0.1020030826330185,0.384436696767807,0.33844366669654846
YMR081C,YML007W,0,-0.733521,0.10197165608406067,0.384436696767807,0.3385598063468933
YHR101C,YDL139C,0,-0.7335315,0.10194025188684464,0.384436696767807,0.33867594599723816
YKL195W,YLL053C,0,-0.73355436,0.10190887004137039,0.384436696767807,0.3387921154499054
YBR293W,YOL032W,0,-0.7335969,0.10187750309705734,0.384436696767807,0.33890825510025024
YML064C,YGL079W,0,-0.73363304,0.10184615105390549,0.384436696767807,0.3390243947505951
YFR055W,YGR181W,0,-0.7337146,0.10181482881307602,0.384436696767807,0.33914053440093994
YOR007C,YHR010W,0,-0.7337182,0.10178352147340775,0.384436696767807,0.3392566740512848
YAL015C,YLR092W,0,-0.7337819,0.10175222903490067,0.384436696767807,0.33937281370162964
YBL075C,YER003C,0,-0.7338058,0.10172095894813538,0.384436696767807,0.3394889533519745
YDL201W,YML092C,0,-0.73382425,0.10168971121311188,0.384436696767807,0.3396051228046417
YBR205W,YFL002W-A,0,-0.7338654,0.10165847837924957,0.384436696767807,0.3397212624549866
YJR120W,YLR119W,0,-0.7338797,0.10162726789712906,0.384436696767807,0.3398374021053314
YDL180W,YIL031W,0,-0.7339537,0.10159607231616974,0.384436696767807,0.33995354175567627
YFL022C,YPL172C,0,-0.73405695,0.10156489908695221,0.384436696767807,0.3400696814060211
YMR063W,YLR027C,0,-0.73408437,0.10153374075889587,0.384436696767807,0.34018582105636597
YML067C,YLR418C,0,-0.7341355,0.10150260478258133,0.384436696767807,0.3403019607067108
YLR008C,YIL051C,0,-0.7341838,0.10147149115800858,0.384436696767807,0.34041813015937805
YOR242C,YJL181W,0,-0.7342742,0.10144039243459702,0.384436696767807,0.3405342698097229
YDR097C,YER078C,0,-0.7344196,0.10140931606292725,0.384436696767807,0.34065040946006775
YBR092C,YDR099W,0,-0.7344284,0.10137825459241867,0.384436696767807,0.3407665491104126
YDL130W,YGR292W,0,-0.73443633,0.10134721547365189,0.384436696767807,0.34088268876075745
YGR277C,YKR090W,0,-0.7344811,0.1013161912560463,0.384436696767807,0.3409988284111023
YNL031C,YIR002C,0,-0.7346899,0.1012851893901825,0.384436696767807,0.34111496806144714
YOR127W,YHR073W,1,-0.73470664,0.10156010836362839,0.38559815287590027,0.34111496806144714
YDL056W,YDL060W,0,-0.7347506,0.10152905434370041,0.38559815287590027,0.3412311375141144
YML086C,YLR128W,0,-0.73477983,0.10149801522493362,0.38559815287590027,0.34134727716445923
YOL042W,YGR271C-A,0,-0.7348512,0.10146699100732803,0.38559815287590027,0.3414634168148041
YHL017W,YAL015C,0,-0.73498654,0.10143598914146423,0.38559815287590027,0.3415795564651489
YER184C,YDL166C,0,-0.7350497,0.10140500962734222,0.38559815287590027,0.3416956961154938
YMR086W,YGL191W,0,-0.73505425,0.10137404501438141,0.38559815287590027,0.3418118357658386
YMR080C,YOL147C,0,-0.7350708,0.10134310275316238,0.38559815287590027,0.34192800521850586
YMR067C,YOR255W,0,-0.73509085,0.10131217539310455,0.38559815287590027,0.3420441448688507
YKL096W,YOL044W,0,-0.7351258,0.10128127038478851,0.38559815287590027,0.34216028451919556
YMR055C,YNL055C,0,-0.73520654,0.10125038027763367,0.38559815287590027,0.3422764241695404
YOR022C,YGR181W,0,-0.7353271,0.10121951252222061,0.38559815287590027,0.34239256381988525
YOR270C,YBL005W,0,-0.7354725,0.10118865966796875,0.38559815287590027,0.3425087034702301
YHR001W,YJL196C,0,-0.73548865,0.10115782916545868,0.38559815287590027,0.34262484312057495
YIL084C,YML045W,0,-0.73551846,0.1011270210146904,0.38559815287590027,0.3427410125732422
YCL075W,YLR006C,0,-0.7355356,0.10109622776508331,0.38559815287590027,0.34285715222358704
YNL086W,YMR251W-A,0,-0.73555,0.10106544941663742,0.38559815287590027,0.3429732918739319
YER169W,YKL183W,0,-0.73556745,0.10103469341993332,0.38559815287590027,0.34308943152427673
YKR059W,YBR248C,0,-0.7356417,0.10100395232439041,0.38559815287590027,0.3432055711746216
YHR072W-A,YEL046C,0,-0.73571956,0.1009732335805893,0.38559815287590027,0.34332171082496643
YDL150W,YDL144C,0,-0.73572344,0.10094253718852997,0.38559815287590027,0.3434378504753113
YFR041C,YGR292W,0,-0.7357304,0.10091185569763184,0.38559815287590027,0.3435540199279785
YDR031W,YNR039C,0,-0.73584616,0.1008811891078949,0.38559815287590027,0.34367015957832336
YOR267C,YLL054C,0,-0.7358751,0.10085054486989975,0.38559815287590027,0.3437862992286682
YLR288C,YMR192W,0,-0.73589724,0.10081992298364639,0.38559815287590027,0.34390243887901306
YAL053W,YNL072W,0,-0.7359314,0.10078931599855423,0.38559815287590027,0.3440185785293579
YBR149W,YGL027C,0,-0.73593926,0.10075872391462326,0.38559815287590027,0.34413471817970276
YJR048W,YGL095C,0,-0.7360046,0.10072815418243408,0.38559815287590027,0.3442508578300476
YDR302W,YPR107C,0,-0.736013,0.1006976068019867,0.38559815287590027,0.34436702728271484
YER155C,YMR050C,0,-0.7360823,0.1006670743227005,0.38559815287590027,0.3444831669330597
YDR142C,YDR165W,0,-0.7361866,0.1006365567445755,0.38559815287590027,0.34459930658340454
YKL034W,YFR005C,0,-0.7361886,0.10060606151819229,0.38559815287590027,0.3447154462337494
YMR053C,YKR025W,0,-0.73622334,0.10057558119297028,0.38559815287590027,0.34483158588409424
YBL051C,YOR380W,0,-0.73625636,0.10054512321949005,0.38559815287590027,0.3449477255344391
YNL125C,YPL015C,0,-0.7365478,0.10051468014717102,0.38559815287590027,0.34506386518478394
YIL010W,YPL215W,0,-0.7366003,0.10048425942659378,0.38559815287590027,0.34518003463745117
YKL043W,YDL193W,0,-0.73660314,0.10045386105775833,0.38559815287590027,0.345296174287796
YOL116W,YAL056W,1,-0.73663676,0.10072595626115799,0.38675957918167114,0.345296174287796
YLR166C,YNL024C,0,-0.73666775,0.10069549083709717,0.38675957918167114,0.34541231393814087
YBR122C,YOR264W,0,-0.7368001,0.10066505521535873,0.38675957918167114,0.3455284535884857
YKL065C,YPL255W,0,-0.7369484,0.1006346344947815,0.38675957918167114,0.34564459323883057
YOL006C,YIL074C,0,-0.7370056,0.10060422867536545,0.38675957918167114,0.3457607328891754
YER108C,YDR043C,1,-0.73706603,0.1008758693933487,0.3879210352897644,0.3457607328891754
YOR127W,YOL116W,1,-0.73707366,0.10114734619855881,0.3890824615955353,0.3457607328891754
YAL059W,YNR019W,0,-0.73715734,0.10111681371927261,0.3890824615955353,0.34587687253952026
YHR194W,YPL176C,0,-0.73724556,0.10108630359172821,0.3890824615955353,0.3459930419921875
YDR204W,YAL051W,0,-0.7372837,0.101055808365345,0.3890824615955353,0.34610918164253235
YHR216W,YGR292W,0,-0.7373451,0.10102532804012299,0.3890824615955353,0.3462253212928772
YER176W,YKL176C,0,-0.7374158,0.10099487751722336,0.3890824615955353,0.34634146094322205
YKL220C,YMR313C,0,-0.73743224,0.10096443444490433,0.3890824615955353,0.3464576005935669
YEL026W,YDR270W,0,-0.7375115,0.10093401372432709,0.3890824615955353,0.34657374024391174
YLR399C,YGR103W,0,-0.73753566,0.10090361535549164,0.3890824615955353,0.346689909696579
YKR031C,YDL231C,0,-0.73754466,0.10087323188781738,0.3890824615955353,0.34680604934692383
YLR312C-B,YPL120W,0,-0.7375679,0.10084286332130432,0.3890824615955353,0.3469221889972687
YCR066W,YOR228C,0,-0.73757267,0.10081251710653305,0.3890824615955353,0.3470383286476135
YOR193W,YLR133W,0,-0.7375921,0.10078219324350357,0.3890824615955353,0.3471544682979584
YMR242C,YDL204W,0,-0.73766136,0.10075187683105469,0.3890824615955353,0.3472706079483032
YGR261C,YHL002W,0,-0.73768413,0.10072159022092819,0.3890824615955353,0.34738674759864807
YDR046C,YOR233W,0,-0.73769414,0.1006913110613823,0.3890824615955353,0.3475029170513153
YDL211C,YIL172C,0,-0.73771876,0.10066105425357819,0.3890824615955353,0.34761905670166016
YPL183C,YAR042W,0,-0.73773307,0.10063081979751587,0.3890824615955353,0.347735196352005
YBR251W,YBL078C,0,-0.7379471,0.10060060024261475,0.3890824615955353,0.34785133600234985
YOR284W,YOL121C,0,-0.7380433,0.10057039558887482,0.3890824615955353,0.3479674756526947
YGL185C,YJL014W,0,-0.7380804,0.10054021328687668,0.3890824615955353,0.34808361530303955
YBR127C,YDR065W,0,-0.7381447,0.10051005333662033,0.3890824615955353,0.3481997549533844
YMR293C,YAR066W,0,-0.7381942,0.10047990083694458,0.3890824615955353,0.34831592440605164
YDL168W,YKL188C,0,-0.73827815,0.10044977813959122,0.3890824615955353,0.3484320640563965
YPL202C,YNL056W,0,-0.73833144,0.10041966289281845,0.3890824615955353,0.34854820370674133
YLR110C,YJR002W,0,-0.73835444,0.10038956999778748,0.3890824615955353,0.3486643433570862
YOR033C,YKR001C,0,-0.7384178,0.10035949945449829,0.3890824615955353,0.34878048300743103
YGR207C,YKR061W,0,-0.7384741,0.1003294363617897,0.3890824615955353,0.3488966226577759
YPR183W,YJR015W,0,-0.73848236,0.1002994030714035,0.3890824615955353,0.3490127623081207
YIL106W,YOR298C-A,0,-0.738505,0.1002693772315979,0.3890824615955353,0.34912893176078796
YHR070W,YBR168W,0,-0.73851985,0.10023938119411469,0.3890824615955353,0.3492450714111328
YPL203W,YLR362W,1,-0.73854285,0.10050852596759796,0.39024388790130615,0.3492450714111328
YMR149W,YCR003W,0,-0.73854756,0.10047847032546997,0.39024388790130615,0.34936121106147766
YAL048C,YOR316C,0,-0.7385905,0.10044842958450317,0.39024388790130615,0.3494773507118225
YLR262C,YJL186W,0,-0.7386298,0.10041841119527817,0.39024388790130615,0.34959349036216736
YLR396C,YGL144C,0,-0.73863494,0.10038840770721436,0.39024388790130615,0.3497096300125122
YDL231C,YPL037C,0,-0.7386941,0.10035842657089233,0.39024388790130615,0.34982576966285706
YBL074C,YIL069C,0,-0.738731,0.10032845288515091,0.39024388790130615,0.3499419391155243
YNL294C,YOR080W,1,-0.7387451,0.10059701651334763,0.3914053440093994,0.3499419391155243
YJR033C,YOL110W,0,-0.73876363,0.10056699812412262,0.3914053440093994,0.35005807876586914
YIL033C,YER073W,0,-0.73879397,0.10053699463605881,0.3914053440093994,0.350174218416214
YML023C,YER035W,0,-0.73879457,0.10050700604915619,0.3914053440093994,0.35029035806655884
YLL018C,YDR155C,0,-0.73886764,0.10047703981399536,0.3914053440093994,0.3504064977169037
YDL159W,YGL121C,1,-0.73887026,0.10074515640735626,0.3925667703151703,0.3504064977169037
YPL212C,YDR484W,0,-0.7388711,0.10071513801813126,0.3925667703151703,0.35052263736724854
YOR080W,YJL089W,1,-0.7388834,0.10098302364349365,0.39372822642326355,0.35052263736724854
YEL017C-A,YKL096W,0,-0.7388998,0.10095294564962387,0.39372822642326355,0.35063880681991577
YGR183C,YGR162W,0,-0.7389164,0.10092289000749588,0.39372822642326355,0.3507549464702606
YLR143W,YDR177W,0,-0.7390151,0.10089285671710968,0.39372822642326355,0.35087108612060547
YLR362W,YDR043C,1,-0.73901844,0.10116036981344223,0.3948896527290344,0.35087108612060547
YOR320C,YNL199C,0,-0.73910403,0.10113027691841125,0.3948896527290344,0.3509872257709503
YMR298W,YBR045C,0,-0.7391453,0.10110020637512207,0.3948896527290344,0.35110336542129517
YHR072W-A,YJL209W,0,-0.7391454,0.10107015818357468,0.3948896527290344,0.35121950507164
YDR284C,YJL179W,0,-0.7391895,0.10104011744260788,0.3948896527290344,0.35133564472198486
YBL005W-A,YEL019C,0,-0.73929024,0.10101009905338287,0.3948896527290344,0.3514518141746521
YPL271W,YEL038W,0,-0.73929703,0.10098010301589966,0.3948896527290344,0.35156795382499695
YMR002W,YML088W,0,-0.73932695,0.10095012187957764,0.3948896527290344,0.3516840934753418
YHR171W,YCL005W-A,0,-0.7393514,0.10092015564441681,0.3948896527290344,0.35180023312568665
YOR141C,YCR045C,0,-0.7394354,0.10089020431041718,0.3948896527290344,0.3519163727760315
YFL029C,YCL016C,0,-0.7394469,0.10086027532815933,0.3948896527290344,0.35203251242637634
YBL004W,YDR367W,0,-0.7395067,0.10083036869764328,0.3948896527290344,0.3521486520767212
YDR480W,YOR371C,1,-0.73950994,0.10109694302082062,0.3960511088371277,0.3521486520767212
YGR194C,YMR274C,0,-0.73951757,0.10106698423624039,0.3960511088371277,0.3522648215293884
YGR207C,YMR223W,0,-0.73954296,0.10103704035282135,0.3960511088371277,0.3523809611797333
YOR272W,YLR239C,0,-0.7396444,0.10100711137056351,0.3960511088371277,0.3524971008300781
YNL125C,YDR197W,0,-0.73980284,0.10097719728946686,0.3960511088371277,0.352613240480423
YFR008W,YGL141W,0,-0.7398447,0.100947305560112,0.3960511088371277,0.3527293801307678
YLR408C,YIL052C,0,-0.7399504,0.10091742873191833,0.3960511088371277,0.35284551978111267
YOR330C,YER061C,0,-0.7399583,0.10088757425546646,0.3960511088371277,0.3529616594314575
YMR224C,YML123C,0,-0.73998094,0.10085773468017578,0.3960511088371277,0.35307782888412476
YNL161W,YHR158C,0,-0.73999465,0.1008279100060463,0.3960511088371277,0.3531939685344696
YEL065W,YDL136W,0,-0.74003994,0.1007981076836586,0.3960511088371277,0.35331010818481445
YNL207W,YGL181W,0,-0.7400412,0.1007683202624321,0.3960511088371277,0.3534262478351593
YGL224C,YIL082W-A,0,-0.7400813,0.10073855519294739,0.3960511088371277,0.35354238748550415
YLR327C,YPL047W,0,-0.7401008,0.10070879757404327,0.3960511088371277,0.353658527135849
YHL018W,YPR110C,0,-0.7401133,0.10067906975746155,0.3960511088371277,0.35377466678619385
YBR229C,YOR130C,0,-0.7402017,0.10064934939146042,0.3960511088371277,0.3538908362388611
YOR266W,YMR071C,0,-0.74020684,0.10061965137720108,0.3960511088371277,0.35400697588920593
YHL003C,YDR150W,0,-0.7402105,0.10058996826410294,0.3960511088371277,0.3541231155395508
YJL069C,YGR240C,0,-0.74022424,0.10056030750274658,0.3960511088371277,0.35423925518989563
YGR184C,YDR050C,0,-0.7402751,0.10053066164255142,0.3960511088371277,0.3543553948402405
YNL257C,YGR253C,0,-0.74029505,0.10050103068351746,0.3960511088371277,0.3544715344905853
YIL036W,YEL055C,0,-0.740312,0.10047142207622528,0.3960511088371277,0.3545876741409302
YJR064W,YCR083W,0,-0.7404389,0.1004418283700943,0.3960511088371277,0.3547038435935974
YNL142W,YDR483W,0,-0.74058366,0.10041224956512451,0.3960511088371277,0.35481998324394226
YER113C,YNL197C,1,-0.740589,0.10067706555128098,0.39721253514289856,0.35481998324394226
YNL038W,YAL008W,0,-0.740643,0.1006474420428276,0.39721253514289856,0.3549361228942871
YHR210C,YNL268W,0,-0.74068195,0.10061782598495483,0.39721253514289856,0.35505226254463196
YPL126W,YJL099W,0,-0.7406875,0.10058823227882385,0.39721253514289856,0.3551684021949768
YDL012C,YKL185W,0,-0.7407739,0.10055866092443466,0.39721253514289856,0.35528454184532166
YER112W,YKR061W,0,-0.74084944,0.10052909702062607,0.39721253514289856,0.3554007112979889
YMR307W,YIL111W,0,-0.74089086,0.10049956291913986,0.39721253514289856,0.35551685094833374
YNL191W,YFL053W,0,-0.74090654,0.10047003626823425,0.39721253514289856,0.3556329905986786
YMR100W,YLR186W,0,-0.7409282,0.10044053196907043,0.39721253514289856,0.35574913024902344
YGL073W,YLL062C,0,-0.7410362,0.10041104257106781,0.39721253514289856,0.3558652698993683
YNL268W,YKR034W,0,-0.7411151,0.10038156807422638,0.39721253514289856,0.35598140954971313
YLR352W,YKR034W,0,-0.7411908,0.10035211592912674,0.39721253514289856,0.356097549200058
YJL093C,YOR308C,0,-0.7411922,0.1003226786851883,0.39721253514289856,0.3562137186527252
YER027C,YOR371C,1,-0.7413076,0.10058651119470596,0.3983739912509918,0.3562137186527252
YLR201C,YNL151C,0,-0.74133974,0.10055702179670334,0.3983739912509918,0.35632985830307007
YGL073W,YMR288W,0,-0.7414588,0.10052754729986191,0.3983739912509918,0.3564459979534149
YCL057C-A,YGL003C,0,-0.74147743,0.10049809515476227,0.3983739912509918,0.35656213760375977
YPL084W,YML093W,0,-0.74154675,0.10046865791082382,0.3983739912509918,0.3566782772541046
YNL288W,YDR367W,0,-0.74156433,0.10043923556804657,0.3983739912509918,0.35679441690444946
YER001W,YNL149C,0,-0.74182534,0.10040983557701111,0.3983739912509918,0.3569105565547943
YDL207W,YBR302C,0,-0.74188244,0.10038045048713684,0.3983739912509918,0.35702672600746155
YEL059C-A,YIL039W,0,-0.7418956,0.10035108029842377,0.3983739912509918,0.3571428656578064
YFR028C,YDL144C,0,-0.7419143,0.10032173246145248,0.3983739912509918,0.35725900530815125
YOR035C,YKL017C,0,-0.7419648,0.1002923995256424,0.3983739912509918,0.3573751449584961
YFR006W,YJL012C,0,-0.74196726,0.1002630814909935,0.3983739912509918,0.35749128460884094
YER108C,YOR080W,1,-0.7419802,0.10052600502967834,0.3995354175567627,0.35749128460884094
YDR541C,YAL001C,0,-0.7419857,0.10049664229154587,0.3995354175567627,0.3576074242591858
YML010W,YDR047W,0,-0.74206585,0.10046728700399399,0.3995354175567627,0.35772356390953064
YOL042W,YPR097W,0,-0.7420701,0.1004379540681839,0.3995354175567627,0.3578397333621979
YBR028C,YER144C,0,-0.7421019,0.1004086434841156,0.3995354175567627,0.3579558730125427
YLR229C,YJL089W,1,-0.7422401,0.10067114233970642,0.40069687366485596,0.3579558730125427
YGL065C,YPL195W,0,-0.7422458,0.10064177215099335,0.40069687366485596,0.3580720126628876
YGL128C,YGR277C,0,-0.74233305,0.10061242431402206,0.40069687366485596,0.3581881523132324
YGL070C,YGL187C,0,-0.7423829,0.10058309137821198,0.40069687366485596,0.35830429196357727
YPR145W,YPR019W,0,-0.7424185,0.10055377334356308,0.40069687366485596,0.3584204316139221
YFL018W-A,YBR264C,0,-0.7424463,0.10052447766065598,0.40069687366485596,0.35853657126426697
YHR122W,YDR257C,0,-0.7425557,0.10049519687891006,0.40069687366485596,0.3586527407169342
YKL109W,YBR058C,0,-0.74257445,0.10046593099832535,0.40069687366485596,0.35876888036727905
YER108C,YNL119W,1,-0.7426643,0.10072780400514603,0.40185829997062683,0.35876888036727905
YJR016C,YLR189C,0,-0.7427156,0.10069848597049713,0.40185829997062683,0.3588850200176239
YNL294C,YGR040W,1,-0.7427249,0.1009601429104805,0.4030197560787201,0.3588850200176239
YDL164C,YPR148C,0,-0.7428076,0.10093077272176743,0.4030197560787201,0.35900115966796875
YOR335C,YOR086C,0,-0.7428186,0.10090142488479614,0.4030197560787201,0.3591172993183136
YHR072W,YOL060C,0,-0.7429093,0.10087209194898605,0.4030197560787201,0.35923343896865845
YNL329C,YNL301C,0,-0.74295205,0.10084278136491776,0.4030197560787201,0.3593495786190033
YFL004W,YIL120W,0,-0.7429699,0.10081347823143005,0.4030197560787201,0.35946574807167053
YNL242W,YGR159C,0,-0.74299514,0.10078419744968414,0.4030197560787201,0.3595818877220154
YIL008W,YBL016W,1,-0.74307185,0.10104529559612274,0.40418118238449097,0.3595818877220154
YJL097W,YOR155C,0,-0.743178,0.10101596266031265,0.40418118238449097,0.35969802737236023
YOR284W,YOR076C,0,-0.7432294,0.10098665207624435,0.40418118238449097,0.3598141670227051
YOR047C,YPL232W,0,-0.7432452,0.10095735639333725,0.40418118238449097,0.3599303066730499
YDR107C,YOL116W,1,-0.7432686,0.1012180969119072,0.40534263849258423,0.3599303066730499
YPR186C,YMR188C,0,-0.74328005,0.10118874907493591,0.40534263849258423,0.3600464463233948
YOL098C,YEL058W,0,-0.7432974,0.10115942358970642,0.40534263849258423,0.360162615776062
YHR196W,YOR190W,0,-0.7433094,0.10113010555505753,0.40534263849258423,0.36027875542640686
YKL011C,YBR033W,0,-0.743435,0.10110080987215042,0.40534263849258423,0.3603948950767517
YML078W,YDR100W,0,-0.7434459,0.10107152909040451,0.40534263849258423,0.36051103472709656
YLR132C,YMR156C,0,-0.7434535,0.10104227066040039,0.40534263849258423,0.3606271743774414
YJR086W,YHR033W,0,-0.74351877,0.10101302713155746,0.40534263849258423,0.36074331402778625
YHR019C,YML012W,0,-0.7435554,0.10098379850387573,0.40534263849258423,0.3608594536781311
YOL127W,YPL221W,0,-0.74365556,0.1009545847773552,0.40534263849258423,0.36097562313079834
YLR008C,YBL046W,0,-0.74370074,0.10092539340257645,0.40534263849258423,0.3610917627811432
YMR184W,YDL005C,0,-0.743721,0.1008962094783783,0.40534263849258423,0.36120790243148804
YDR160W,YLR118C,0,-0.74372876,0.10086705535650253,0.40534263849258423,0.3613240420818329
YMR086W,YKL197C,0,-0.7438202,0.10083790868520737,0.40534263849258423,0.36144018173217773
YMR040W,YOL021C,0,-0.74392664,0.10080878436565399,0.40534263849258423,0.3615563213825226
YML041C,YDR317W,0,-0.74395883,0.10077966749668121,0.40534263849258423,0.36167246103286743
YAL041W,YMR116C,1,-0.7440109,0.10103926062583923,0.4065040647983551,0.36167246103286743
YDR452W,YKL077W,0,-0.7440631,0.10101009905338287,0.4065040647983551,0.36178863048553467
YAL019W,YER019W,0,-0.7441038,0.1009809598326683,0.4065040647983551,0.3619047701358795
YPR169W,YIR031C,0,-0.74410903,0.10095182806253433,0.4065040647983551,0.36202090978622437
YPL049C,YDR107C,1,-0.7441844,0.1012110710144043,0.407665491104126,0.36202090978622437
YLR362W,YDR477W,1,-0.74425673,0.10147016495466232,0.40882694721221924,0.36202090978622437
YLR110C,YHR152W,0,-0.7442665,0.1014409214258194,0.40882694721221924,0.3621370494365692
YJL143W,YMR022W,0,-0.7444067,0.10141170024871826,0.40882694721221924,0.36225318908691406
YER167W,YNL055C,0,-0.7445562,0.10138248652219772,0.40882694721221924,0.3623693287372589
YOL031C,YCL064C,0,-0.74463737,0.10135329514741898,0.40882694721221924,0.36248546838760376
YJL160C,YHR106W,0,-0.74483037,0.10132411867380142,0.40882694721221924,0.362601637840271
YML123C,YKL116C,0,-0.7448484,0.10129496455192566,0.40882694721221924,0.36271777749061584
YPL120W,YJL076W,0,-0.7449464,0.10126582533121109,0.40882694721221924,0.3628339171409607
YLR362W,YMR316W,1,-0.74500585,0.10152430087327957,0.4099883735179901,0.3628339171409607
YOR344C,YOL068C,0,-0.7450212,0.10149510949850082,0.4099883735179901,0.36295005679130554
YDR511W,YPL022W,0,-0.74504805,0.10146594047546387,0.4099883735179901,0.3630661964416504
YDL223C,YLR077W,0,-0.7450677,0.10143677890300751,0.4099883735179901,0.36318233609199524
YER072W,YNL091W,0,-0.74524856,0.10140763968229294,0.4099883735179901,0.3632984757423401
YLR277C,YER042W,0,-0.7452557,0.10137851536273956,0.4099883735179901,0.3634146451950073
YML110C,YFR034C,0,-0.74529624,0.10134941339492798,0.4099883735179901,0.3635307848453522
YBR239C,YPL056C,0,-0.7453666,0.10132031887769699,0.4099883735179901,0.363646924495697
YJL008C,YGR295C,0,-0.74538666,0.1012912467122078,0.4099883735179901,0.36376306414604187
YGR055W,YIL011W,0,-0.74539614,0.10126218944787979,0.4099883735179901,0.3638792037963867
YHR210C,YNL210W,0,-0.74548316,0.10123315453529358,0.4099883735179901,0.36399534344673157
YIL098C,YKR079C,0,-0.7454964,0.10120412707328796,0.4099883735179901,0.3641115128993988
YNL268W,YLR459W,0,-0.74555016,0.10117512196302414,0.4099883735179901,0.36422765254974365
YDR027C,YGR191W,0,-0.74555624,0.10114613175392151,0.4099883735179901,0.3643437922000885
YDR354W,YLR408C,0,-0.74557054,0.10111715644598007,0.4099883735179901,0.36445993185043335
YHR104W,YML133C,0,-0.745644,0.10108820348978043,0.4099883735179901,0.3645760715007782
YNL145W,YKL048C,0,-0.74566245,0.10105925798416138,0.4099883735179901,0.36469221115112305
YDR031W,YGL025C,0,-0.7457481,0.10103033483028412,0.4099883735179901,0.3648083508014679
YBR168W,YJL177W,0,-0.74593174,0.10100143402814865,0.4099883735179901,0.36492452025413513
YNR063W,YDL132W,0,-0.7459866,0.10097254067659378,0.4099883735179901,0.36504065990448
YPL141C,YEL005C,0,-0.74604034,0.1009436696767807,0.4099883735179901,0.36515679955482483
YPL066W,YGR241C,0,-0.74606395,0.10091480612754822,0.4099883735179901,0.3652729392051697
YCL005W-A,YPL190C,0,-0.74611914,0.10088596493005753,0.4099883735179901,0.3653890788555145
YOR202W,YIL064W,0,-0.74618345,0.10085714608430862,0.4099883735179901,0.3655052185058594
YDR139C,YML086C,0,-0.7462008,0.10082833468914032,0.4099883735179901,0.3656213581562042
YIL008W,YAL056W,1,-0.74620724,0.10108509659767151,0.4111498296260834,0.3656213581562042
YNL177C,YOL091W,0,-0.74620974,0.10105624049901962,0.4111498296260834,0.36573752760887146
YOR175C,YFL004W,0,-0.7463616,0.10102739930152893,0.4111498296260834,0.3658536672592163
YDR511W,YDR190C,0,-0.7464212,0.10099857300519943,0.4111498296260834,0.36596980690956116
YPL158C,YGL087C,0,-0.7464739,0.10096976906061172,0.4111498296260834,0.366085946559906
YML045W,YER087C-A,0,-0.74650574,0.10094097256660461,0.4111498296260834,0.36620208621025085
YKL073W,YJR139C,0,-0.7465488,0.1009121984243393,0.4111498296260834,0.3663182258605957
YPL241C,YFL018C,0,-0.74671257,0.10088343918323517,0.4111498296260834,0.36643436551094055
YNR056C,YJR159W,0,-0.74672055,0.10085470229387283,0.4111498296260834,0.3665505349636078
YMR161W,YOL044W,0,-0.74678576,0.1008259728550911,0.4111498296260834,0.36666667461395264
YOR059C,YKL063C,0,-0.7468263,0.10079726576805115,0.4111498296260834,0.3667828142642975
YGR067C,YDR153C,0,-0.74690425,0.1007685735821724,0.4111498296260834,0.36689895391464233
YGL208W,YHL007C,1,-0.7469137,0.10102447122335434,0.41231125593185425,0.36689895391464233
YJL160C,YER170W,0,-0.74696505,0.100995734333992,0.41231125593185425,0.3670150935649872
YAR008W,YDR283C,0,-0.74699473,0.10096700489521027,0.41231125593185425,0.36713123321533203
YBR156C,YER170W,0,-0.747026,0.10093829780817032,0.41231125593185425,0.3672473728656769
YKR064W,YNR052C,0,-0.74710417,0.10090960562229156,0.41231125593185425,0.3673635423183441
YOL013C,YPL210C,0,-0.74719036,0.1008809357881546,0.41231125593185425,0.36747968196868896
YDR060W,YOL001W,0,-0.7472151,0.10085227340459824,0.41231125593185425,0.3675958216190338
YHR113W,YOL146W,0,-0.74722147,0.10082363337278366,0.41231125593185425,0.36771196126937866
YOR090C,YMR071C,0,-0.7473068,0.10079500079154968,0.41231125593185425,0.3678281009197235
YOR129C,YFR005C,0,-0.7473241,0.1007663905620575,0.41231125593185425,0.36794424057006836
YHR035W,YLR284C,0,-0.74749607,0.1007377952337265,0.41231125593185425,0.3680603802204132
YNL014W,YDL185W,0,-0.7475112,0.1007092222571373,0.41231125593185425,0.36817654967308044
YMR154C,YOR250C,0,-0.7475542,0.10068065673112869,0.41231125593185425,0.3682926893234253
YMR312W,YHR183W,0,-0.74755883,0.10065211355686188,0.41231125593185425,0.36840882897377014
YKL065C,YML001W,0,-0.74767447,0.10062358528375626,0.41231125593185425,0.368524968624115
YER048C,YGL099W,0,-0.74767834,0.10059507191181183,0.41231125593185425,0.36864110827445984
YGL095C,YDR001C,0,-0.7476984,0.1005665734410286,0.41231125593185425,0.3687572479248047
YMR226C,YLR318W,0,-0.7477201,0.10053808987140656,0.41231125593185425,0.3688734173774719
YMR050C,YOR198C,0,-0.7478107,0.1005096286535263,0.41231125593185425,0.3689895570278168
YLR367W,YNR026C,0,-0.7478502,0.10048117488622665,0.41231125593185425,0.3691056966781616
YMR113W,YOL056W,0,-0.74786216,0.10045274347066879,0.41231125593185425,0.36922183632850647
YNL246W,YOR368W,0,-0.7479398,0.10042432695627213,0.41231125593185425,0.3693379759788513
YHL018W,YJL019W,0,-0.7479806,0.10039592534303665,0.41231125593185425,0.36945411562919617
YOL116W,YGR040W,1,-0.7479938,0.10065026581287384,0.4134727120399475,0.36945411562919617
YOR158W,YBR023C,0,-0.74800056,0.10062181949615479,0.4134727120399475,0.369570255279541
YNL306W,YMR195W,0,-0.7480104,0.10059338808059692,0.4134727120399475,0.36968642473220825
YBL075C,YMR244C-A,0,-0.74803394,0.10056497156620026,0.4134727120399475,0.3698025643825531
YNL051W,YLR092W,0,-0.7482276,0.10053656995296478,0.4134727120399475,0.36991870403289795
YAL043C,YPL016W,0,-0.74823797,0.1005081906914711,0.4134727120399475,0.3700348436832428
YOR210W,YDR018C,0,-0.7483295,0.10047981888055801,0.4134727120399475,0.37015098333358765
YJR102C,YJR043C,0,-0.74835646,0.10045146942138672,0.4134727120399475,0.3702671229839325
YGR296W,YKR096W,0,-0.74847543,0.10042313486337662,0.4134727120399475,0.37038326263427734
YKR060W,YGR142W,0,-0.748515,0.10039480775594711,0.4134727120399475,0.3704994320869446
YNL180C,YJL042W,0,-0.7486309,0.10036651045084,0.4134727120399475,0.37061557173728943
YML059C,YOR144C,0,-0.7486552,0.10033822059631348,0.4134727120399475,0.3707317113876343
YKL114C,YOL148C,0,-0.7486681,0.10030994564294815,0.4134727120399475,0.3708478510379791
YGL249W,YMR050C,0,-0.7486807,0.10028169304132462,0.4134727120399475,0.370963990688324
YLR362W,YAL056W,1,-0.74870896,0.10053505748510361,0.4146341383457184,0.370963990688324
YJR048W,YNL221C,0,-0.74875206,0.10050676017999649,0.4146341383457184,0.3710801303386688
YML021C,YMR105C,0,-0.7487656,0.10047847032546997,0.4146341383457184,0.37119626998901367
YKR048C,YLR319C,0,-0.74889696,0.10045019537210464,0.4146341383457184,0.3713124394416809
YJR047C,YNR047W,0,-0.7489319,0.10042194277048111,0.4146341383457184,0.37142857909202576
YJL089W,YHL007C,1,-0.7489951,0.10067491233348846,0.41579559445381165,0.37142857909202576
YBL009W,YHR104W,0,-0.74900615,0.10064661502838135,0.41579559445381165,0.3715447187423706
YDR084C,YNL218W,0,-0.7490536,0.10061832517385483,0.41579559445381165,0.37166085839271545
YMR166C,YER120W,0,-0.74905646,0.1005900502204895,0.41579559445381165,0.3717769980430603
YBL100W-B,YKL127W,0,-0.74909246,0.10056179761886597,0.41579559445381165,0.37189313769340515
YLR201C,YOR115C,0,-0.7491543,0.10053355991840363,0.41579559445381165,0.37200927734375
YLR337C,YNL099C,0,-0.74918497,0.10050533711910248,0.41579559445381165,0.37212544679641724
YML075C,YLR119W,0,-0.74918747,0.10047712922096252,0.41579559445381165,0.3722415864467621
YLR327C,YPL236C,0,-0.7492368,0.10044893622398376,0.41579559445381165,0.37235772609710693
YBL010C,YPL172C,0,-0.7492446,0.1004207581281662,0.41579559445381165,0.3724738657474518
YPR086W,YOR354C,0,-0.7492479,0.10039259493350983,0.41579559445381165,0.37259000539779663
YIL098C,YBR073W,0,-0.7492503,0.10036445409059525,0.41579559445381165,0.3727061450481415
YER143W,YCR105W,0,-0.7492692,0.10033632069826126,0.41579559445381165,0.3728223145008087
YIL072W,YDL144C,0,-0.7493223,0.10030820965766907,0.41579559445381165,0.37293845415115356
YDR382W,YBL084C,0,-0.7493577,0.10028011351823807,0.41579559445381165,0.3730545938014984
YOR096W,YDR359C,0,-0.74939513,0.10025203227996826,0.41579559445381165,0.37317073345184326
YBL072C,YIL107C,0,-0.7494083,0.10022396594285965,0.41579559445381165,0.3732868731021881
YBR146W,YGL021W,0,-0.7495403,0.10019591450691223,0.41579559445381165,0.37340301275253296
YNR032C-A,YEL005C,0,-0.749629,0.10016787797212601,0.41579559445381165,0.3735191524028778
YPL159C,YDR041W,0,-0.74971974,0.10013986378908157,0.41579559445381165,0.37363532185554504
YGR193C,YMR009W,0,-0.7497276,0.10011185705661774,0.41579559445381165,0.3737514615058899
YOL097C,YNL071W,0,-0.7498612,0.10008387267589569,0.41579559445381165,0.37386760115623474
YPL115C,YJL089W,1,-0.74990904,0.10033538192510605,0.4169570207595825,0.37386760115623474
YFL061W,YDR001C,0,-0.749933,0.10030734539031982,0.4169570207595825,0.3739837408065796
YER113C,YHR011W,1,-0.7499714,0.10055866092443466,0.4181184768676758,0.3739837408065796
YJL216C,YOR244W,0,-0.74998707,0.10053057968616486,0.4181184768676758,0.37409988045692444
YCL040W,YEL046C,0,-0.75001633,0.10050251334905624,0.4181184768676758,0.3742160201072693
YKL216W,YOR173W,0,-0.7500565,0.10047446191310883,0.4181184768676758,0.37433215975761414
YHR089C,YKR046C,0,-0.75009143,0.1004464253783226,0.4181184768676758,0.37444832921028137
YFL053W,YPL120W,0,-0.75011396,0.10041841119527817,0.4181184768676758,0.3745644688606262
YPR005C,YCR020C,0,-0.75014067,0.10039040446281433,0.4181184768676758,0.37468060851097107
YDR103W,YER108C,1,-0.7502061,0.10064120590686798,0.41927990317344666,0.37468060851097107
YDL064W,YMR001C,0,-0.750312,0.10061315447092056,0.41927990317344666,0.3747967481613159
YLR220W,YGL133W,0,-0.7503708,0.10058511793613434,0.41927990317344666,0.37491288781166077
YLR345W,YLR045C,0,-0.75040555,0.1005571037530899,0.41927990317344666,0.3750290274620056
YOL135C,YOR092W,0,-0.7504375,0.10052909702062607,0.41927990317344666,0.37514516711235046
YOR043W,YBR058C-A,0,-0.75052774,0.10050111263990402,0.41927990317344666,0.3752613365650177
YOR357C,YKL213C,0,-0.75077796,0.10047314316034317,0.41927990317344666,0.37537747621536255
YDR041W,YOR117W,0,-0.7508502,0.10044518858194351,0.41927990317344666,0.3754936158657074
YER001W,YNL246W,0,-0.75088596,0.10041724890470505,0.41927990317344666,0.37560975551605225
YHR103W,YNR055C,0,-0.7508974,0.10038932412862778,0.41927990317344666,0.3757258951663971
YFL034C-B,YPL195W,0,-0.75090146,0.1003614142537117,0.41927990317344666,0.37584203481674194
YIR034C,YKR062W,0,-0.7509128,0.10033351927995682,0.41927990317344666,0.3759581744670868
YML061C,YHR099W,0,-0.7509907,0.10030563920736313,0.41927990317344666,0.37607434391975403
YHR138C,YGL018C,0,-0.7509928,0.10027778148651123,0.41927990317344666,0.3761904835700989
YKR052C,YBR188C,0,-0.7511221,0.10024993121623993,0.41927990317344666,0.3763066232204437
YJL145W,YIL041W,0,-0.7511759,0.10022209584712982,0.41927990317344666,0.3764227628707886
YDR452W,YNL190W,0,-0.75122654,0.1001942828297615,0.41927990317344666,0.3765389025211334
YDR253C,YML125C,0,-0.751279,0.10016648471355438,0.41927990317344666,0.37665504217147827
YGL211W,YOL096C,0,-0.75133723,0.10013869404792786,0.41927990317344666,0.3767711818218231
YPL115C,YHR073W,1,-0.75142694,0.10038824379444122,0.4204413592815399,0.3767711818218231
YDR253C,YER153C,0,-0.7514641,0.10036040842533112,0.4204413592815399,0.37688735127449036
YMR068W,YBR048W,0,-0.7515335,0.1003325954079628,0.4204413592815399,0.3770034909248352
YHR203C,YLR410W,0,-0.75156283,0.10030479729175568,0.4204413592815399,0.37711963057518005
YDR166C,YGL166W,0,-0.7516904,0.10027700662612915,0.4204413592815399,0.3772357702255249
YDL093W,YAL021C,0,-0.75169694,0.10024923831224442,0.4204413592815399,0.37735190987586975
YOL152W,YDR202C,0,-0.75171614,0.10022148489952087,0.4204413592815399,0.3774680495262146
YLR144C,YLR442C,0,-0.7518047,0.10019374638795853,0.4204413592815399,0.37758421897888184
YPR095C,YER042W,0,-0.7519065,0.10016602277755737,0.4204413592815399,0.3777003586292267
YFR040W,YLR396C,0,-0.751935,0.10013831406831741,0.4204413592815399,0.37781649827957153
YGL155W,YHR161C,0,-0.7519502,0.10011062026023865,0.4204413592815399,0.3779326379299164
YBL020W,YLR095C,0,-0.7519938,0.10008294135332108,0.4204413592815399,0.37804877758026123
YML078W,YPL141C,0,-0.75201833,0.1000552773475647,0.4204413592815399,0.3781649172306061
YDL184C,YCR039C,0,-0.7520592,0.10002762824296951,0.4204413592815399,0.3782810568809509
YBR024W,YFL052W,0,-0.7521303,0.10000000149011612,0.4204413592815399,0.37839722633361816
YLR074C,YML070W,0,-0.7521572,0.09997238218784332,0.4204413592815399,0.378513365983963
YML037C,YHR039C,0,-0.7522378,0.09994478523731232,0.4204413592815399,0.37862950563430786
YMR163C,YOR117W,0,-0.7522804,0.09991719573736191,0.4204413592815399,0.3787456452846527
YLR277C,YLR308W,0,-0.7522863,0.09988962113857269,0.4204413592815399,0.37886178493499756
YNL164C,YOL055C,0,-0.75229377,0.09986206889152527,0.4204413592815399,0.3789779245853424
YGR129W,YML012W,0,-0.7523593,0.09983453154563904,0.4204413592815399,0.37909406423568726
YFL029C,YMR002W,0,-0.75241494,0.0998070016503334,0.4204413592815399,0.3792102336883545
YLL067C,YER028C,0,-0.75247836,0.09977949410676956,0.4204413592815399,0.37932637333869934
YKL091C,YIL120W,0,-0.7524793,0.09975200146436691,0.4204413592815399,0.3794425129890442
YDR298C,YER159C,0,-0.7526189,0.09972451627254486,0.4204413592815399,0.37955865263938904
YNL024C,YDR040C,0,-0.75268924,0.0996970534324646,0.4204413592815399,0.3796747922897339
YPL038W,YBL017C,0,-0.75273764,0.09966960549354553,0.4204413592815399,0.37979093194007874
YBL020W,YIL016W,0,-0.75277877,0.09964217245578766,0.4204413592815399,0.3799070715904236
YBR110W,YDR177W,0,-0.7528033,0.09961474686861038,0.4204413592815399,0.3800232410430908
YGL181W,YJR152W,0,-0.7528217,0.0995873436331749,0.4204413592815399,0.38013938069343567
YGR038W,YOR380W,0,-0.75285554,0.0995599552989006,0.4204413592815399,0.3802555203437805
YBR239C,YOL138C,0,-0.75287807,0.0995325818657875,0.4204413592815399,0.38037165999412537
YHL038C,YLR292C,0,-0.7528855,0.0995052233338356,0.4204413592815399,0.3804877996444702
YDL180W,YDL075W,0,-0.75289905,0.09947787970304489,0.4204413592815399,0.38060393929481506
YJL093C,YPR031W,0,-0.7529707,0.09945055097341537,0.4204413592815399,0.3807200789451599
YOR346W,YLR427W,0,-0.75302243,0.09942323714494705,0.4204413592815399,0.38083624839782715
YML107C,YDR127W,0,-0.7531003,0.09939593821763992,0.4204413592815399,0.380952388048172
YBR090C-A,YER155C,0,-0.75310314,0.09936865419149399,0.4204413592815399,0.38106852769851685
YIL155C,YER091C,0,-0.7531066,0.09934138506650925,0.4204413592815399,0.3811846673488617
YCR021C,YOR329C,0,-0.753129,0.0993141308426857,0.4204413592815399,0.38130080699920654
YMR149W,YBR015C,0,-0.75313354,0.09928689152002335,0.4204413592815399,0.3814169466495514
YDR380W,YGR109C,0,-0.7531559,0.09925966709852219,0.4204413592815399,0.38153308629989624
YBL102W,YMR037C,0,-0.75318754,0.09923245757818222,0.4204413592815399,0.3816492557525635
YMR282C,YHR094C,0,-0.75322497,0.09920526295900345,0.4204413592815399,0.3817653954029083
YFR024C-A,YIL004C,0,-0.75327826,0.09917808324098587,0.4204413592815399,0.3818815350532532
YNL328C,YPR114W,0,-0.75328165,0.09915091842412949,0.4204413592815399,0.381997674703598
YCR067C,YDL127W,0,-0.75330245,0.0991237685084343,0.4204413592815399,0.38211381435394287
YDR016C,YPL262W,0,-0.7535238,0.0990966334939003,0.4204413592815399,0.3822299540042877
YNL279W,YDR096W,0,-0.7535461,0.0990695133805275,0.4204413592815399,0.38234612345695496
YER026C,YCR042C,0,-0.7535649,0.09904240816831589,0.4204413592815399,0.3824622631072998
YER062C,YPR106W,0,-0.75357604,0.09901531785726547,0.4204413592815399,0.38257840275764465
YML001W,YFR034C,0,-0.753595,0.09898824244737625,0.4204413592815399,0.3826945424079895
YJL208C,YOL019W,0,-0.7536383,0.09896118193864822,0.4204413592815399,0.38281068205833435
YNL294C,YIL008W,1,-0.7536794,0.09920743107795715,0.4216027855873108,0.38281068205833435
YML059C,YLR459W,0,-0.7536861,0.09918032586574554,0.4216027855873108,0.3829268217086792
YHR167W,YDR294C,0,-0.75373054,0.09915323555469513,0.4216027855873108,0.38304296135902405
YJR118C,YBL105C,0,-0.75393856,0.09912616014480591,0.4216027855873108,0.3831591308116913
YAL041W,YER113C,1,-0.75394166,0.09937209635972977,0.42276424169540405,0.3831591308116913
YLL067C,YHR070W,0,-0.75394523,0.09934497624635696,0.42276424169540405,0.38327527046203613
YOR344C,YGR274C,0,-0.7540562,0.09931787103414536,0.42276424169540405,0.383391410112381
YGL090W,YHR024C,0,-0.7542124,0.09929078072309494,0.42276424169540405,0.38350754976272583
YMR053C,YHR204W,0,-0.75427103,0.09926370531320572,0.42276424169540405,0.3836236894130707
YOL039W,YNL252C,0,-0.75448465,0.09923664480447769,0.42276424169540405,0.3837398290634155
YNL149C,YIL106W,0,-0.75450325,0.09920959174633026,0.42276424169540405,0.3838559687137604
YPR005C,YKL138C-A,0,-0.75455475,0.09918256103992462,0.42276424169540405,0.3839721381664276
YGR083C,YNL306W,0,-0.7545843,0.09915554523468018,0.42276424169540405,0.38408827781677246
YIL096C,YBR018C,0,-0.7545999,0.09912853688001633,0.42276424169540405,0.3842044174671173
YKL026C,YBR121C,0,-0.75461245,0.09910155087709427,0.42276424169540405,0.38432055711746216
YHL013C,YBL030C,0,-0.7547573,0.0990745797753334,0.42276424169540405,0.384436696767807
YLR223C,YIL017C,0,-0.7548457,0.09904761612415314,0.42276424169540405,0.38455283641815186
YJR047C,YPL265W,0,-0.7549509,0.09902067482471466,0.42276424169540405,0.3846689760684967
YMR291W,YHR021C,0,-0.7549765,0.09899374842643738,0.42276424169540405,0.38478514552116394
YER113C,YER027C,1,-0.75509655,0.09923871606588364,0.4239256680011749,0.38478514552116394
YBR015C,YBR164C,0,-0.7550975,0.09921174496412277,0.4239256680011749,0.3849012851715088
YHR171W,YDR434W,0,-0.755141,0.0991847813129425,0.4239256680011749,0.38501742482185364
YJL145W,YBL060W,0,-0.75519943,0.09915784001350403,0.4239256680011749,0.3851335644721985
YMR045C,YDL205C,0,-0.75521094,0.09913090616464615,0.4239256680011749,0.38524970412254333
YFL026W,YGL035C,0,-0.75523293,0.09910399466753006,0.4239256680011749,0.3853658437728882
YDR162C,YDR208W,0,-0.7552898,0.09907709062099457,0.4239256680011749,0.38548198342323303
YDL014W,YGR013W,0,-0.7553081,0.09905020147562027,0.4239256680011749,0.38559815287590027
YGR161C,YMR074C,0,-0.755387,0.09902333468198776,0.4239256680011749,0.3857142925262451
YDL124W,YGL141W,0,-0.7553973,0.09899647533893585,0.4239256680011749,0.38583043217658997
YGL084C,YLR256W,0,-0.75539804,0.09896963089704514,0.4239256680011749,0.3859465718269348
YHR115C,YDR005C,0,-0.75542927,0.09894280135631561,0.4239256680011749,0.38606271147727966
YOL116W,YHR084W,1,-0.75548816,0.09918699413537979,0.4250870943069458,0.38606271147727966
YBR092C,YGL156W,0,-0.75551224,0.09916011989116669,0.4250870943069458,0.3861788511276245
YOR158W,YGL031C,0,-0.7555337,0.09913326054811478,0.4250870943069458,0.38629502058029175
YHR207C,YBL050W,0,-0.7557051,0.09910641610622406,0.4250870943069458,0.3864111602306366
YLR109W,YGL038C,0,-0.7557173,0.09907958656549454,0.4250870943069458,0.38652729988098145
YPL060W,YBR208C,0,-0.7557832,0.09905277192592621,0.4250870943069458,0.3866434395313263
YBR217W,YDL123W,0,-0.7559285,0.09902597218751907,0.4250870943069458,0.38675957918167114
YDR247W,YPL226W,0,-0.7561066,0.09899918735027313,0.4250870943069458,0.386875718832016
YOR019W,YDR291W,0,-0.7561314,0.09897241741418839,0.4250870943069458,0.38699185848236084
YDR080W,YNL216W,0,-0.756272,0.09894566237926483,0.4250870943069458,0.3871080279350281
YOR315W,YMR050C,0,-0.7562945,0.09891892224550247,0.4250870943069458,0.3872241675853729
YIL049W,YOR207C,0,-0.7563335,0.09889218956232071,0.4250870943069458,0.3873403072357178
YEL034W,YOL019W,0,-0.7563405,0.09886547923088074,0.4250870943069458,0.3874564468860626
YHR111W,YER027C,1,-0.75634396,0.09910883009433746,0.42624855041503906,0.3874564468860626
YDR103W,YOR127W,1,-0.7563802,0.09935205429792404,0.42740997672080994,0.3874564468860626
YGL119W,YGR098C,0,-0.7563876,0.09932523965835571,0.42740997672080994,0.38757258653640747
YPL203W,YMR316W,1,-0.75644916,0.09956827014684677,0.4285714328289032,0.38757258653640747
YGR279C,YDR023W,0,-0.75652075,0.09954141080379486,0.4285714328289032,0.3876887261867523
YLR377C,YJR090C,0,-0.75654656,0.09951456636190414,0.4285714328289032,0.38780486583709717
YFR009W,YHR033W,0,-0.75655544,0.09948772937059402,0.4285714328289032,0.3879210352897644
YNL094W,YNL003C,0,-0.7566532,0.0994609147310257,0.4285714328289032,0.38803717494010925
YNL030W,YCL017C,0,-0.7567152,0.09943411499261856,0.4285714328289032,0.3881533145904541
YGR124W,YIL036W,0,-0.7567798,0.09940733015537262,0.4285714328289032,0.38826945424079895
YNL082W,YJL035C,0,-0.7568072,0.09938055276870728,0.4285714328289032,0.3883855938911438
YGR254W,YJL136C,0,-0.7568118,0.09935379773378372,0.4285714328289032,0.38850173354148865
YJL096W,YOR260W,0,-0.7568167,0.09932705014944077,0.4285714328289032,0.3886178731918335
YIL130W,YHR009C,0,-0.75682914,0.0993003249168396,0.4285714328289032,0.38873404264450073
YKL039W,YLR396C,0,-0.75695765,0.09927360713481903,0.4285714328289032,0.3888501822948456
YDR440W,YPR140W,0,-0.7569634,0.09924690425395966,0.4285714328289032,0.38896632194519043
YJL123C,YOR078W,0,-0.7569759,0.09922022372484207,0.4285714328289032,0.3890824615955353
YGR205W,YBL027W,0,-0.75701535,0.09919355064630508,0.4285714328289032,0.3891986012458801
YDR148C,YMR263W,0,-0.7570747,0.09916689246892929,0.4285714328289032,0.389314740896225
YOR339C,YOR117W,0,-0.7571591,0.09914024919271469,0.4285714328289032,0.3894308805465698
YOR127W,YOR371C,1,-0.7571702,0.09938222169876099,0.4297328591346741,0.3894308805465698
YOL105C,YOL117W,0,-0.75718415,0.0993555337190628,0.4297328591346741,0.38954704999923706
YBL045C,YDL247W,0,-0.75730205,0.09932886064052582,0.4297328591346741,0.3896631896495819
YGL096W,YOR073W,0,-0.75733113,0.09930220246315002,0.4297328591346741,0.38977932929992676
YGL018C,YMR139W,0,-0.7573532,0.09927555918693542,0.4297328591346741,0.3898954689502716
YER056C,YKL051W,0,-0.7573602,0.09924892336130142,0.4297328591346741,0.39001160860061646
YJR134C,YNL051W,0,-0.757444,0.09922230988740921,0.4297328591346741,0.3901277482509613
YNR030W,YKL150W,0,-0.75745773,0.09919571131467819,0.4297328591346741,0.39024388790130615
YDR103W,YNL294C,1,-0.75749576,0.09943714737892151,0.43089431524276733,0.39024388790130615
YJL179W,YHR114W,0,-0.7575438,0.09941050410270691,0.43089431524276733,0.3903600573539734
YIL124W,YLR363C,0,-0.7575442,0.0993838757276535,0.43089431524276733,0.39047619700431824
YER081W,YLR410W,0,-0.75764,0.0993572548031807,0.43089431524276733,0.3905923366546631
YGR275W,YKL033W,0,-0.7576806,0.09933065623044968,0.43089431524276733,0.39070847630500793
YIL120W,YNL091W,0,-0.75768423,0.09930406510829926,0.43089431524276733,0.3908246159553528
YMR036C,YBL106C,0,-0.7576972,0.09927749633789062,0.43089431524276733,0.39094075560569763
YML026C,YGL038C,0,-0.75775844,0.09925093501806259,0.43089431524276733,0.39105692505836487
YJR144W,YNR059W,0,-0.75776815,0.09922438859939575,0.43089431524276733,0.3911730647087097
YPL051W,YKR010C,0,-0.7578316,0.0991978645324707,0.43089431524276733,0.39128920435905457
YLR037C,YKL138C-A,0,-0.75785017,0.09917134791612625,0.43089431524276733,0.3914053440093994
YGL121C,YAL056W,1,-0.7579337,0.09941207617521286,0.4320557415485382,0.3914053440093994
YKL194C,YLR451W,0,-0.75802,0.09938552230596542,0.4320557415485382,0.39152148365974426
YNL139C,YDR387C,0,-0.75812316,0.09935897588729858,0.4320557415485382,0.3916376233100891
YGL129C,YPL138C,0,-0.7581327,0.09933244436979294,0.4320557415485382,0.39175376296043396
YNL142W,YMR074C,0,-0.7581856,0.09930592775344849,0.4320557415485382,0.3918699324131012
YGL045W,YER027C,1,-0.75827587,0.09954630583524704,0.43321719765663147,0.3918699324131012
YLR074C,YDR268W,0,-0.7582764,0.099519744515419,0.43321719765663147,0.39198607206344604
YMR067C,YPL137C,0,-0.75832784,0.09949319809675217,0.43321719765663147,0.3921022117137909
YGL055W,YOR092W,0,-0.75834477,0.09946666657924652,0.43321719765663147,0.39221835136413574
YHR064C,YCR048W,0,-0.75836146,0.09944014996290207,0.43321719765663147,0.3923344910144806
YFR009W,YMR275C,0,-0.7583705,0.09941364824771881,0.43321719765663147,0.39245063066482544
YHR157W,YHR113W,0,-0.7585173,0.09938715398311615,0.43321719765663147,0.3925667703151703
YPL236C,YML024W,0,-0.75853884,0.09936068207025528,0.43321719765663147,0.3926829397678375
YOR080W,YMR316W,1,-0.75856173,0.09960053116083145,0.43437862396240234,0.3926829397678375
YDR379W,YJL089W,1,-0.7585722,0.09984025359153748,0.4355400800704956,0.3926829397678375
YOR078W,YNL086W,0,-0.7586504,0.09981368482112885,0.4355400800704956,0.3927990794181824
YHR009C,YDR110W,0,-0.75868154,0.09978712350130081,0.4355400800704956,0.3929152190685272
YPL145C,YNR030W,0,-0.7587864,0.09976057708263397,0.4355400800704956,0.39303135871887207
YPL085W,YIL063C,0,-0.7587974,0.09973404556512833,0.4355400800704956,0.3931474983692169
YBL057C,YKL158W,0,-0.75895476,0.09970752149820328,0.4355400800704956,0.39326363801956177
YAL041W,YGR040W,1,-0.75901055,0.09994683414697647,0.4367015063762665,0.39326363801956177
YDL164C,YPR098C,0,-0.7590395,0.09992027282714844,0.4367015063762665,0.3933797776699066
YHR187W,YDR322W,0,-0.7590548,0.0998937264084816,0.4367015063762665,0.39349594712257385
YDL114W,YOR058C,0,-0.7590706,0.09986719489097595,0.4367015063762665,0.3936120867729187
YER133W,YCL055W,0,-0.7591325,0.0998406782746315,0.4367015063762665,0.39372822642326355
YML054C,YCL069W,0,-0.75913674,0.09981417655944824,0.4367015063762665,0.3938443660736084
YGL134W,YGL173C,0,-0.7591454,0.09978768229484558,0.4367015063762665,0.39396050572395325
YJL013C,YPR004C,0,-0.7592113,0.09976121038198471,0.4367015063762665,0.3940766453742981
YKL065C,YOR224C,0,-0.75922835,0.09973474591970444,0.4367015063762665,0.39419278502464294
YBR135W,YLR059C,0,-0.7592399,0.09970830380916595,0.4367015063762665,0.3943089544773102
YMR161W,YBR167C,0,-0.75926185,0.09968186914920807,0.4367015063762665,0.39442509412765503
YFL056C,YHL024W,0,-0.7592766,0.09965544939041138,0.4367015063762665,0.3945412337779999
YNL240C,YBR254C,0,-0.75944877,0.09962903708219528,0.4367015063762665,0.3946573734283447
YJR017C,YER014W,0,-0.759482,0.09960264712572098,0.4367015063762665,0.3947735130786896
YMR283C,YGR186W,0,-0.7595335,0.09957627207040787,0.4367015063762665,0.3948896527290344
YCL069W,YFR034C,0,-0.7595593,0.09954990446567535,0.4367015063762665,0.3950057923793793
YPL221W,YNL176C,0,-0.75966275,0.09952355921268463,0.4367015063762665,0.3951219618320465
YDR435C,YML022W,0,-0.75970566,0.0994972214102745,0.4367015063762665,0.39523810148239136
YCR071C,YKR095W,0,-0.75981736,0.09947089850902557,0.4367015063762665,0.3953542411327362
YLR116W,YML121W,0,-0.7598344,0.09944459050893784,0.4367015063762665,0.39547038078308105
YOL139C,YHR202W,0,-0.75992835,0.09941829741001129,0.4367015063762665,0.3955865204334259
YNL244C,YNL317W,0,-0.7599592,0.09939201921224594,0.4367015063762665,0.39570266008377075
YIL158W,YAL026C,0,-0.7599741,0.09936574846506119,0.4367015063762665,0.395818829536438
YPR100W,YJL167W,0,-0.7599813,0.09933950006961823,0.4367015063762665,0.39593496918678284
YLL005C,YPL173W,0,-0.760044,0.09931325912475586,0.4367015063762665,0.3960511088371277
YKL079W,YER114C,0,-0.76007676,0.09928703308105469,0.4367015063762665,0.39616724848747253
YNL059C,YDR359C,0,-0.76009,0.09926082193851471,0.4367015063762665,0.3962833881378174
YKL096W,YBR212W,0,-0.7601052,0.09923462569713593,0.4367015063762665,0.39639952778816223
YGR067C,YOR372C,0,-0.7601079,0.09920844435691833,0.4367015063762665,0.3965156674385071
YER027C,YNL197C,1,-0.7601284,0.09944605827331543,0.43786296248435974,0.3965156674385071
YOL013C,YHR026W,0,-0.76016116,0.09941983222961426,0.43786296248435974,0.3966318368911743
YML037C,YBL060W,0,-0.7602049,0.09939362108707428,0.43786296248435974,0.39674797654151917
YER025W,YLR216C,0,-0.76021343,0.0993674248456955,0.43786296248435974,0.396864116191864
YMR051C,YPL105C,0,-0.76025105,0.09934123605489731,0.43786296248435974,0.39698025584220886
YPR192W,YJL065C,0,-0.7602539,0.09931506961584091,0.43786296248435974,0.3970963954925537
YAL041W,YLR083C,1,-0.7603229,0.09955228120088577,0.4390243887901306,0.3970963954925537
YDL093W,YBR069C,0,-0.76039624,0.0995260700583458,0.4390243887901306,0.39721253514289856
YKL120W,YMR045C,0,-0.76042724,0.09949986636638641,0.4390243887901306,0.3973286747932434
YOR330C,YJR009C,0,-0.76043713,0.09947368502616882,0.4390243887901306,0.39744484424591064
YCL075W,YGL120C,0,-0.7605742,0.09944751113653183,0.4390243887901306,0.3975609838962555
YOL127W,YPL232W,0,-0.76060283,0.09942135959863663,0.4390243887901306,0.39767712354660034
YOL105C,YPL270W,0,-0.76075625,0.09939521551132202,0.4390243887901306,0.3977932631969452
YJR042W,YKL052C,0,-0.7607597,0.09936908632516861,0.4390243887901306,0.39790940284729004
YMR042W,YIL051C,0,-0.76078594,0.09934297204017639,0.4390243887901306,0.3980255424976349
YIL109C,YGL125W,0,-0.76092935,0.09931686520576477,0.4390243887901306,0.39814168214797974
YER114C,YGR231C,0,-0.761152,0.09929078072309494,0.4390243887901306,0.398257851600647
YDR309C,YAR015W,0,-0.7611771,0.0992647036910057,0.4390243887901306,0.3983739912509918
YLR286C,YKR100C,0,-0.7611953,0.09923864901065826,0.4390243887901306,0.39849013090133667
YNL031C,YAL026C,0,-0.76121527,0.09921260178089142,0.4390243887901306,0.3986062705516815
YMR312W,YDR027C,0,-0.76126045,0.09918656200170517,0.4390243887901306,0.39872241020202637
YCL045C,YCL035C,0,-0.76128614,0.09916054457426071,0.4390243887901306,0.3988385498523712
YDR318W,YPR082C,0,-0.7613187,0.09913454204797745,0.4390243887901306,0.39895468950271606
YFL056C,YFL044C,0,-0.7613363,0.09910854697227478,0.4390243887901306,0.3990708589553833
YJR042W,YGL053W,0,-0.76145035,0.0990825667977333,0.4390243887901306,0.39918699860572815
YJL160C,YGR098C,0,-0.7614559,0.09905660152435303,0.4390243887901306,0.399303138256073
YIR034C,YBR153W,0,-0.76150167,0.09903065115213394,0.4390243887901306,0.39941927790641785
YMR048W,YKR094C,0,-0.7615119,0.09900471568107605,0.4390243887901306,0.3995354175567627
YJL091C,YKR061W,0,-0.76154363,0.09897878766059875,0.4390243887901306,0.39965155720710754
YDR316W,YLR001C,0,-0.7616237,0.09895288199186325,0.4390243887901306,0.3997677266597748
YBL066C,YDR367W,0,-0.7616861,0.09892698377370834,0.4390243887901306,0.39988386631011963
YLR154W-C,YNL037C,0,-0.7616954,0.09890110045671463,0.4390243887901306,0.4000000059604645
YLL001W,YFL034C-A,0,-0.7617322,0.09887523204088211,0.4390243887901306,0.4001161456108093
YEL054C,YMR244C-A,0,-0.7617729,0.09884937107563019,0.4390243887901306,0.4002322852611542
YFL009W,YHR160C,0,-0.76177704,0.09882353246212006,0.4390243887901306,0.400348424911499
YER068W,YNL081C,0,-0.7617804,0.09879770129919052,0.4390243887901306,0.40046456456184387
YDR495C,YOL115W,0,-0.7618686,0.09877188503742218,0.4390243887901306,0.4005807340145111
YNL119W,YDR043C,1,-0.7618794,0.09900731593370438,0.4401858448982239,0.4005807340145111
YGR097W,YBR179C,0,-0.7620092,0.09898145496845245,0.4401858448982239,0.40069687366485596
YLR093C,YNR039C,0,-0.7620981,0.09895561635494232,0.4401858448982239,0.4008130133152008
YJL100W,YHR143W,0,-0.76210034,0.09892978519201279,0.4401858448982239,0.40092915296554565
YPL203W,YHR073W,1,-0.7621169,0.0991649255156517,0.44134727120399475,0.40092915296554565
YJL125C,YAL053W,0,-0.76212764,0.09913905709981918,0.44134727120399475,0.4010452926158905
YLR373C,YMR050C,0,-0.7622441,0.09911319613456726,0.44134727120399475,0.40116143226623535
YKL055C,YPL269W,0,-0.7623817,0.09908735007047653,0.44134727120399475,0.4012775719165802
YLR385C,YFR030W,0,-0.7623899,0.099061518907547,0.44134727120399475,0.40139374136924744
YOL016C,YHR037W,0,-0.7624036,0.09903570264577866,0.44134727120399475,0.4015098810195923
YJR110W,YLL032C,0,-0.762435,0.09900990128517151,0.44134727120399475,0.40162602066993713
YDL188C,YNL098C,0,-0.76246315,0.09898410737514496,0.44134727120399475,0.401742160320282
YBR153W,YDR171W,0,-0.762521,0.0989583358168602,0.44134727120399475,0.40185829997062683
YHR169W,YHL008C,0,-0.76252115,0.09893257170915604,0.44134727120399475,0.4019744396209717
YFL062W,YDR110W,0,-0.7626355,0.09890682250261307,0.44134727120399475,0.40209057927131653
YIL023C,YKL028W,0,-0.76267433,0.0988810807466507,0.44134727120399475,0.40220674872398376
YOR077W,YJR126C,0,-0.76271856,0.09885536134243011,0.44134727120399475,0.4023228883743286
YCL027C-A,YEL002C,0,-0.76275134,0.09882964938879013,0.44134727120399475,0.40243902802467346
YGR205W,YMR130W,0,-0.7627577,0.09880395233631134,0.44134727120399475,0.4025551676750183
YOR077W,YPL144W,0,-0.7627752,0.09877827018499374,0.44134727120399475,0.40267130732536316
YNL139C,YER021W,0,-0.7627806,0.09875259548425674,0.44134727120399475,0.402787446975708
YFR042W,YDR175C,0,-0.76278603,0.09872694313526154,0.44134727120399475,0.40290358662605286
YDR322C-A,YNR073C,0,-0.7628126,0.09870129823684692,0.44134727120399475,0.4030197560787201
YHR033W,YGR046W,0,-0.7628139,0.0986756682395935,0.44134727120399475,0.40313589572906494
YHL047C,YGL084C,0,-0.7631775,0.09865005314350128,0.44134727120399475,0.4032520353794098
YPL095C,YML087C,0,-0.7631836,0.09862444549798965,0.44134727120399475,0.40336817502975464
YNL031C,YBL017C,0,-0.7632712,0.09859886020421982,0.44134727120399475,0.4034843146800995
YMR198W,YER112W,0,-0.7634204,0.09857328236103058,0.44134727120399475,0.40360045433044434
YLR190W,YPR094W,0,-0.76344466,0.09854771941900253,0.44134727120399475,0.4037165939807892
YLR008C,YJL153C,0,-0.7634453,0.09852216392755508,0.44134727120399475,0.4038327634334564
YER176W,YPR097W,0,-0.7634574,0.09849663078784943,0.44134727120399475,0.40394890308380127
YGL045W,YNL119W,1,-0.7635381,0.09873024374246597,0.4425086975097656,0.40394890308380127
YGL045W,YIL008W,1,-0.763631,0.09896373003721237,0.4436701536178589,0.40394890308380127
YDR345C,YDL195W,0,-0.76364994,0.09893810003995895,0.4436701536178589,0.4040650427341461
YDR303C,YHL031C,0,-0.763749,0.09891247749328613,0.4436701536178589,0.40418118238449097
YPR174C,YKL026C,0,-0.7637931,0.0988868772983551,0.4436701536178589,0.4042973220348358
YMR023C,YPL195W,0,-0.7637976,0.09886128455400467,0.4436701536178589,0.40441346168518066
YJL025W,YCR009C,0,-0.7638451,0.09883570671081543,0.4436701536178589,0.4045296311378479
YFL002C,YMR287C,0,-0.76385915,0.09881013631820679,0.4436701536178589,0.40464577078819275
YIR036C,YDR255C,0,-0.763865,0.09878458827733994,0.4436701536178589,0.4047619104385376
YGL127C,YPL152W,0,-0.76391625,0.09875904768705368,0.4436701536178589,0.40487805008888245
YIL106W,YLR138W,0,-0.7639532,0.09873352199792862,0.4436701536178589,0.4049941897392273
YLR084C,YKR067W,0,-0.7640052,0.09870801120996475,0.4436701536178589,0.40511032938957214
YGR157W,YNL002C,0,-0.76406693,0.09868250787258148,0.4436701536178589,0.405226469039917
YMR309C,YLR170C,0,-0.76410055,0.09865702688694,0.4436701536178589,0.40534263849258423
YHR064C,YEL027W,0,-0.7642745,0.09863155335187912,0.4436701536178589,0.4054587781429291
YAL002W,YIL131C,0,-0.7643088,0.09860609471797943,0.4436701536178589,0.4055749177932739
YLL050C,YBL101C,0,-0.76431704,0.09858064353466034,0.4436701536178589,0.4056910574436188
YIL023C,YDL076C,0,-0.76431715,0.09855521470308304,0.4436701536178589,0.4058071970939636
YMR167W,YGR028W,0,-0.76433563,0.09852979332208633,0.4436701536178589,0.40592333674430847
YGR204W,YGR154C,0,-0.76435447,0.09850438684225082,0.4436701536178589,0.4060394763946533
YIL008W,YHR073W,1,-0.7643634,0.09873678535223007,0.44483157992362976,0.4060394763946533
YCR040W,YPL013C,0,-0.7643806,0.09871134161949158,0.44483157992362976,0.40615564584732056
YBR058C,YKL088W,0,-0.7644323,0.09868590533733368,0.44483157992362976,0.4062717854976654
YLR096W,YKL006C-A,0,-0.76451635,0.09866048395633698,0.44483157992362976,0.40638792514801025
YBL063W,YIL038C,0,-0.7645242,0.09863507747650146,0.44483157992362976,0.4065040647983551
YHR171W,YNL264C,0,-0.7645721,0.09860967844724655,0.44483157992362976,0.40662020444869995
YDR379W,YGL121C,1,-0.76460385,0.09884169697761536,0.445993036031723,0.40662020444869995
YIL009C-A,YHR088W,0,-0.7646191,0.09881626069545746,0.445993036031723,0.4067363440990448
YDR486C,YDR323C,0,-0.76465464,0.09879083931446075,0.445993036031723,0.40685248374938965
YHR052W,YGL157W,0,-0.76467174,0.09876543283462524,0.445993036031723,0.4069686532020569
YCR069W,YNR040W,0,-0.7648109,0.09874003380537033,0.445993036031723,0.40708479285240173
YOR077W,YDR322C-A,0,-0.76490843,0.09871464967727661,0.445993036031723,0.4072009325027466
YDR326C,YNL322C,0,-0.76491666,0.09868928045034409,0.445993036031723,0.40731707215309143
YCL030C,YPR106W,0,-0.7650087,0.09866392612457275,0.445993036031723,0.4074332118034363
YMR035W,YEL013W,0,-0.7650429,0.09863857924938202,0.445993036031723,0.40754935145378113
YMR037C,YHR025W,0,-0.76508045,0.09861325472593307,0.445993036031723,0.407665491104126
YJL151C,YBR211C,0,-0.76511455,0.09858793020248413,0.445993036031723,0.4077816605567932
YJL151C,YPR010C,0,-0.76515186,0.09856262803077698,0.445993036031723,0.40789780020713806
YDR529C,YLR071C,0,-0.7653425,0.09853733330965042,0.445993036031723,0.4080139398574829
YER113C,YIR019C,1,-0.7653584,0.09876859933137894,0.4471544623374939,0.4080139398574829
YML102W,YLR158C,0,-0.7655083,0.0987432673573494,0.4471544623374939,0.40813007950782776
YMR063W,YBR041W,0,-0.76554835,0.09871795028448105,0.4471544623374939,0.4082462191581726
YJL056C,YKR018C,0,-0.76561654,0.0986926406621933,0.4471544623374939,0.40836235880851746
YEL048C,YLR174W,0,-0.765661,0.09866735339164734,0.4471544623374939,0.4084784984588623
YEL054C,YKL199C,0,-0.76568305,0.09864207357168198,0.4471544623374939,0.40859466791152954
YBL038W,YCR044C,0,-0.76575744,0.09861680120229721,0.4471544623374939,0.4087108075618744
YNL292W,YOR208W,0,-0.7657891,0.09859155118465424,0.4471544623374939,0.40882694721221924
YPL048W,YGR262C,0,-0.76614374,0.09856630861759186,0.4471544623374939,0.4089430868625641
YOR210W,YOR347C,0,-0.7661756,0.09854108095169067,0.4471544623374939,0.40905922651290894
YCR096C,YPR082C,0,-0.76618886,0.09851586818695068,0.4471544623374939,0.4091753661632538
YDR334W,YHR037W,0,-0.7662966,0.09849066287279129,0.4471544623374939,0.409291535615921
YIL039W,YLR275W,0,-0.7663207,0.09846547245979309,0.4471544623374939,0.40940767526626587
YMR109W,YPL268W,0,-0.76635134,0.09844029694795609,0.4471544623374939,0.4095238149166107
YOL122C,YPL265W,0,-0.76638174,0.09841513633728027,0.4471544623374939,0.40963995456695557
YMR261C,YGL205W,0,-0.7664059,0.09838998317718506,0.4471544623374939,0.4097560942173004
YPL210C,YNL059C,0,-0.76643205,0.09836484491825104,0.4471544623374939,0.40987223386764526
YMR052W,YJR058C,0,-0.7664331,0.09833972156047821,0.4471544623374939,0.4099883735179901
YBR280C,YPL189W,0,-0.7665092,0.09831460565328598,0.4471544623374939,0.41010454297065735
YGL246C,YAL055W,0,-0.76666915,0.09828950464725494,0.4471544623374939,0.4102206826210022
YBR180W,YGL135W,0,-0.76670074,0.0982644185423851,0.4471544623374939,0.41033682227134705
YNL005C,YHL026C,0,-0.76675993,0.09823934733867645,0.4471544623374939,0.4104529619216919
YER072W,YER051W,0,-0.7668246,0.0982142835855484,0.4471544623374939,0.41056910157203674
YKL208W,YDL146W,0,-0.7668655,0.09818923473358154,0.4471544623374939,0.4106852412223816
YCR034W,YNL058C,0,-0.76687014,0.09816420078277588,0.4471544623374939,0.41080138087272644
YPL268W,YPL283C,0,-0.76699364,0.09813918173313141,0.4471544623374939,0.4109175503253937
YJL078C,YFR044C,0,-0.7670093,0.09811417013406754,0.4471544623374939,0.4110336899757385
YCL075W,YGR234W,0,-0.7670465,0.09808917343616486,0.4471544623374939,0.4111498296260834
YEL003W,YJR065C,0,-0.7670969,0.09806418418884277,0.4471544623374939,0.4112659692764282
YNL183C,YLR275W,0,-0.7671703,0.09803921729326248,0.4471544623374939,0.41138210892677307
YGR057C,YDR248C,0,-0.7672379,0.09801425784826279,0.4471544623374939,0.4114982485771179
YNL241C,YMR125W,0,-0.7673031,0.09798931330442429,0.4471544623374939,0.41161438822746277
YCL067C,YBL050W,0,-0.7673373,0.09796437621116638,0.4471544623374939,0.41173055768013
YJR131W,YIR023W,0,-0.76735806,0.09793945401906967,0.4471544623374939,0.41184669733047485
YNL041C,YCR044C,0,-0.7673656,0.09791454672813416,0.4471544623374939,0.4119628369808197
YIL114C,YPL120W,0,-0.7675121,0.09788965433835983,0.4471544623374939,0.41207897663116455
YPR103W,YMR261C,0,-0.7675359,0.09786476939916611,0.4471544623374939,0.4121951162815094
YHR110W,YDR047W,0,-0.76768553,0.09783989936113358,0.4471544623374939,0.41231125593185425
YHR044C,YIL091C,0,-0.76768786,0.09781504422426224,0.4471544623374939,0.4124273955821991
YER027C,YOR127W,1,-0.76769197,0.09804419428110123,0.44831591844558716,0.4124273955821991
YLL035W,YIL023C,0,-0.7677111,0.0980193018913269,0.44831591844558716,0.41254356503486633
YHR023W,YKL026C,0,-0.767714,0.09799441695213318,0.44831591844558716,0.4126597046852112
YDR298C,YOR129C,0,-0.7677996,0.09796953946352005,0.44831591844558716,0.41277584433555603
YJR084W,YGR253C,0,-0.7678076,0.09794468432664871,0.44831591844558716,0.4128919839859009
YBR288C,YGL023C,0,-0.76795125,0.09791983664035797,0.44831591844558716,0.4130081236362457
YDR379W,YNL197C,1,-0.7681327,0.09814861416816711,0.44947734475135803,0.4130081236362457
YKR059W,YBR028C,0,-0.76816475,0.09812372922897339,0.44947734475135803,0.4131242632865906
YIL136W,YML007W,0,-0.7681803,0.09809885919094086,0.44947734475135803,0.4132404327392578
YPL158C,YOR090C,0,-0.7682745,0.09807399660348892,0.44947734475135803,0.41335657238960266
YOL128C,YKR097W,0,-0.7683513,0.09804914891719818,0.44947734475135803,0.4134727120399475
YDR523C,YKL040C,0,-0.76840365,0.09802431613206863,0.44947734475135803,0.41358885169029236
YDR345C,YJL173C,0,-0.76841414,0.09799949079751968,0.44947734475135803,0.4137049913406372
YAL002W,YIL026C,0,-0.7684232,0.09797468036413193,0.44947734475135803,0.41382113099098206
YBR210W,YBR214W,0,-0.7684332,0.09794988483190536,0.44947734475135803,0.4139372706413269
YOL078W,YLR189C,0,-0.7686115,0.09792510420084,0.44947734475135803,0.41405344009399414
YFL041W,YHR115C,0,-0.7686523,0.09790033102035522,0.44947734475135803,0.414169579744339
YDR169C,YMR302C,0,-0.76866734,0.09787557274103165,0.44947734475135803,0.41428571939468384
YPR124W,YER038C,0,-0.7687007,0.09785082191228867,0.44947734475135803,0.4144018590450287
YOL089C,YMR247C,0,-0.768763,0.09782608598470688,0.44947734475135803,0.41451799869537354
YPL170W,YGR162W,0,-0.7687663,0.09780136495828629,0.44947734475135803,0.4146341383457184
YDR022C,YNL046W,0,-0.7687719,0.09777665138244629,0.44947734475135803,0.41475027799606323
YFL049W,YPL117C,0,-0.76883346,0.09775196015834808,0.44947734475135803,0.41486644744873047
YLR127C,YLR176C,0,-0.768836,0.09772727638483047,0.44947734475135803,0.4149825870990753
YMR247C,YOR172W,0,-0.76889515,0.09770260006189346,0.44947734475135803,0.41509872674942017
YLR167W,YAR007C,0,-0.7689022,0.09767793864011765,0.44947734475135803,0.415214866399765
YDR406W,YGR142W,0,-0.7689667,0.09765329211950302,0.44947734475135803,0.41533100605010986
YKL034W,YLR435W,0,-0.7690116,0.09762866050004959,0.44947734475135803,0.4154471457004547
YDR134C,YOL069W,0,-0.769024,0.09760403633117676,0.44947734475135803,0.41556328535079956
YGR148C,YLL014W,0,-0.76912224,0.09757942706346512,0.44947734475135803,0.4156794548034668
YOR254C,YHR200W,0,-0.76923907,0.09755482524633408,0.44947734475135803,0.41579559445381165
YKL011C,YDR545W,0,-0.7692592,0.09753023833036423,0.44947734475135803,0.4159117341041565
YLR133W,YIR004W,0,-0.7693101,0.09750566631555557,0.44947734475135803,0.41602787375450134
YPL049C,YMR316W,1,-0.76933014,0.09773299843072891,0.4506388008594513,0.41602787375450134
YJR060W,YIR010W,0,-0.7693343,0.09770838916301727,0.4506388008594513,0.4161440134048462
YEL017C-A,YGR256W,0,-0.7693354,0.09768378734588623,0.4506388008594513,0.41626015305519104
YOL001W,YPL164C,0,-0.76937604,0.09765920042991638,0.4506388008594513,0.4163762927055359
YNL118C,YER031C,0,-0.7694768,0.09763462841510773,0.4506388008594513,0.4164924621582031
YML081W,YMR130W,0,-0.7695217,0.09761006385087967,0.4506388008594513,0.416608601808548
YER040W,YJR123W,0,-0.7695677,0.0975855141878128,0.4506388008594513,0.4167247414588928
YKR080W,YOL152W,0,-0.76959753,0.09756097197532654,0.4506388008594513,0.41684088110923767
YIR036C,YBR293W,0,-0.7696042,0.09753645211458206,0.4506388008594513,0.4169570207595825
YOR151C,YLR126C,0,-0.76968884,0.09751193970441818,0.4506388008594513,0.41707316040992737
YFL052W,YML118W,0,-0.7698438,0.0974874347448349,0.4506388008594513,0.4171893000602722
YOR128C,YJL157C,0,-0.76985824,0.09746295213699341,0.4506388008594513,0.41730546951293945
YMR023C,YLR275W,0,-0.76986456,0.09743846952915192,0.4506388008594513,0.4174216091632843
YKL073W,YDL008W,0,-0.76986647,0.09741400927305222,0.4506388008594513,0.41753774881362915
YMR261C,YDL046W,0,-0.76989675,0.09738955646753311,0.4506388008594513,0.417653888463974
YMR030W,YHL020C,0,-0.76991796,0.0973651185631752,0.4506388008594513,0.41777002811431885
YPL246C,YLR239C,0,-0.7699759,0.09734069555997849,0.4506388008594513,0.4178861677646637
YOL119C,YLR466W,0,-0.7701068,0.09731628000736237,0.4506388008594513,0.41800233721733093
YBR029C,YBR012W-B,0,-0.7701374,0.09729187190532684,0.4506388008594513,0.4181184768676758
YCR071C,YDR093W,0,-0.77021,0.09726748615503311,0.4506388008594513,0.41823461651802063
YPL203W,YLR083C,1,-0.7702298,0.0974937379360199,0.45180022716522217,0.41823461651802063
YIL087C,YKL014C,0,-0.7702699,0.09746930748224258,0.45180022716522217,0.4183507561683655
YIR021W,YOR356W,0,-0.7703116,0.09744489192962646,0.45180022716522217,0.4184668958187103
YNL098C,YHR186C,0,-0.7703201,0.09742048382759094,0.45180022716522217,0.4185830354690552
YKL211C,YHR020W,0,-0.7703332,0.09739609062671661,0.45180022716522217,0.4186991751194
YGL232W,YDR484W,0,-0.7703397,0.09737171232700348,0.45180022716522217,0.41881534457206726
YKL158W,YMR243C,0,-0.7703974,0.09734734892845154,0.45180022716522217,0.4189314842224121
YCL039W,YKR067W,0,-0.77041423,0.0973229929804802,0.45180022716522217,0.41904762387275696
YHL018W,YLR333C,0,-0.7704244,0.09729865193367004,0.45180022716522217,0.4191637635231018
YDR103W,YHR011W,1,-0.77045345,0.09752438217401505,0.45296168327331543,0.4191637635231018
YLR079W,YKL100C,0,-0.77050805,0.09749999642372131,0.45296168327331543,0.41927990317344666
YPR120C,YHR086W,0,-0.7705675,0.09747563302516937,0.45296168327331543,0.4193960428237915
YPL115C,YOR127W,1,-0.7705822,0.09770114719867706,0.4541231095790863,0.4193960428237915
YKR059W,YDL232W,0,-0.7706026,0.09767673909664154,0.4541231095790863,0.41951218247413635
YDR345C,YNL139C,0,-0.77063835,0.09765234589576721,0.4541231095790863,0.4196283519268036
YPL234C,YLR451W,0,-0.7706696,0.09762796759605408,0.4541231095790863,0.41974449157714844
YLR220W,YHR089C,0,-0.77070445,0.09760359674692154,0.4541231095790863,0.4198606312274933
YER133W,YFR004W,0,-0.7707203,0.0975792333483696,0.4541231095790863,0.41997677087783813
YPL149W,YHL020C,0,-0.77078927,0.09755489230155945,0.4541231095790863,0.420092910528183
YHR202W,YBR248C,0,-0.77086294,0.0975305587053299,0.4541231095790863,0.42020905017852783
YDR197W,YNL113W,0,-0.77090144,0.09750623255968094,0.4541231095790863,0.4203251898288727
YGR156W,YGR104C,0,-0.7709495,0.09748192131519318,0.4541231095790863,0.4204413592815399
YDR339C,YLR467W,0,-0.77098036,0.09745762497186661,0.4541231095790863,0.42055749893188477
YGL130W,YML125C,0,-0.7709888,0.09743334352970123,0.4541231095790863,0.4206736385822296
YBR198C,YDR186C,0,-0.7709944,0.09740906953811646,0.4541231095790863,0.42078977823257446
YBR289W,YGR206W,0,-0.7710286,0.09738481044769287,0.4541231095790863,0.4209059178829193
YIL056W,YCR036W,0,-0.771029,0.09736055880784988,0.4541231095790863,0.42102205753326416
YLR136C,YAL008W,0,-0.77105415,0.09733632206916809,0.4541231095790863,0.421138197183609
YLR032W,YLR172C,0,-0.7710678,0.0973120927810669,0.4541231095790863,0.42125436663627625
YDR390C,YDR178W,0,-0.7712201,0.09728788584470749,0.4541231095790863,0.4213705062866211
YGL126W,YBR213W,0,-0.7712234,0.09726367890834808,0.4541231095790863,0.42148664593696594
YBR104W,YGR157W,0,-0.7712754,0.09723949432373047,0.4541231095790863,0.4216027855873108
YER140W,YDR510W,0,-0.7715397,0.09721531718969345,0.4541231095790863,0.42171892523765564
YBL051C,YJL153C,0,-0.7715498,0.09719114750623703,0.4541231095790863,0.4218350648880005
YER166W,YMR056C,0,-0.77164495,0.0971670001745224,0.4541231095790863,0.4219512343406677
YGL196W,YJL151C,0,-0.771662,0.09714286029338837,0.4541231095790863,0.4220673739910126
YOR118W,YBR055C,0,-0.77184606,0.09711872786283493,0.4541231095790863,0.4221835136413574
YDR434W,YGL192W,0,-0.7719482,0.09709461033344269,0.4541231095790863,0.42229965329170227
YBR207W,YLR039C,0,-0.77194834,0.09707050770521164,0.4541231095790863,0.4224157929420471
YDL079C,YCL066W,0,-0.7719568,0.09704641252756119,0.4541231095790863,0.42253193259239197
YDR441C,YJR126C,0,-0.7720748,0.09702233225107193,0.4541231095790863,0.4226480722427368
YEL006W,YKL179C,0,-0.77212656,0.09699826687574387,0.4541231095790863,0.42276424169540405
YPR067W,YAL055W,0,-0.7721422,0.0969742089509964,0.4541231095790863,0.4228803813457489
YHR080C,YOR198C,0,-0.7722256,0.09695015847682953,0.4541231095790863,0.42299652099609375
YKR013W,YBR012W-B,0,-0.7722601,0.09692613035440445,0.4541231095790863,0.4231126606464386
YOR048C,YHR114W,0,-0.77230227,0.09690210968255997,0.4541231095790863,0.42322880029678345
YIL137C,YBR239C,0,-0.77233654,0.09687809646129608,0.4541231095790863,0.4233449399471283
YAL041W,YDR480W,1,-0.7723464,0.09710180759429932,0.45528456568717957,0.4233449399471283
YGL187C,YPL281C,0,-0.77236474,0.09707776457071304,0.45528456568717957,0.42346107959747314
YDR017C,YDR041W,0,-0.77236485,0.09705372899770737,0.45528456568717957,0.4235772490501404
YDL052C,YGR060W,0,-0.7724129,0.09702970087528229,0.45528456568717957,0.42369338870048523
YPL051W,YDR179C,0,-0.77255976,0.097005695104599,0.45528456568717957,0.4238095283508301
YER108C,YBL016W,1,-0.77266264,0.09722909331321716,0.45644599199295044,0.4238095283508301
YKL005C,YNL103W,0,-0.77266395,0.09720504283905029,0.45644599199295044,0.4239256680011749
YIL027C,YOR214C,0,-0.77271163,0.09718100726604462,0.45644599199295044,0.4240418076515198
YLR229C,YGL121C,1,-0.7727545,0.09740420430898666,0.4576074481010437,0.4240418076515198
YNR061C,YGR205W,0,-0.77286625,0.097380131483078,0.4576074481010437,0.4241579473018646
YDR382W,YGL250W,0,-0.77291524,0.09735606610774994,0.4576074481010437,0.4242740869522095
YKL006C-A,YGR277C,0,-0.772938,0.09733201563358307,0.4576074481010437,0.4243902564048767
YLR362W,YMR116C,1,-0.7730919,0.09755495190620422,0.4587688744068146,0.4243902564048767
YBR188C,YGL136C,0,-0.7731396,0.09753086417913437,0.4587688744068146,0.42450639605522156
YIL027C,YJL143W,0,-0.77319294,0.09750679135322571,0.4587688744068146,0.4246225357055664
YDL092W,YGL127C,0,-0.77329385,0.09748272597789764,0.4587688744068146,0.42473867535591125
YHL018W,YGR148C,0,-0.77336013,0.09745867550373077,0.4587688744068146,0.4248548150062561
YNL164C,YPL028W,0,-0.7733682,0.0974346324801445,0.4587688744068146,0.42497095465660095
YKL132C,YGR001C,0,-0.7733877,0.09741060435771942,0.4587688744068146,0.4250870943069458
YGR040W,YJL089W,1,-0.77345407,0.09763313829898834,0.45993030071258545,0.4250870943069458
YLL066C,YBR228W,0,-0.7735076,0.09760907292366028,0.45993030071258545,0.42520326375961304
YJR002W,YGL168W,0,-0.77353966,0.09758501499891281,0.45993030071258545,0.4253194034099579
YMR201C,YPL189C-A,0,-0.77354383,0.09756097197532654,0.45993030071258545,0.42543554306030273
YGL130W,YHR028C,0,-0.77359676,0.09753694385290146,0.45993030071258545,0.4255516827106476
YGR074W,YPL015C,0,-0.7737032,0.09751293063163757,0.45993030071258545,0.42566782236099243
YGR092W,YKL194C,0,-0.7737664,0.09748892486095428,0.45993030071258545,0.4257839620113373
YKR083C,YOR354C,0,-0.7738774,0.09746492654085159,0.45993030071258545,0.42590010166168213
YOL130W,YDL044C,0,-0.7738943,0.0974409431219101,0.45993030071258545,0.42601627111434937
YOR059C,YOR070C,0,-0.77400553,0.09741697460412979,0.45993030071258545,0.4261324107646942
YDR050C,YMR056C,0,-0.7740334,0.09739301353693008,0.45993030071258545,0.42624855041503906
YNL316C,YDR225W,0,-0.7742723,0.09736906737089157,0.45993030071258545,0.4263646900653839
YPR103W,YBL102W,0,-0.77431786,0.09734513610601425,0.45993030071258545,0.42648082971572876
YNL149C,YBR235W,0,-0.7743205,0.09732121229171753,0.45993030071258545,0.4265969693660736
YMR233W,YGR287C,0,-0.7743206,0.0972972959280014,0.45993030071258545,0.42671313881874084
YNL029C,YGL013C,0,-0.7744576,0.09727339446544647,0.45993030071258545,0.4268292784690857
YBR153W,YOR217W,0,-0.77447915,0.09724950790405273,0.45993030071258545,0.42694541811943054
YJR161C,YDL007W,0,-0.7744912,0.0972256287932396,0.45993030071258545,0.4270615577697754
YLR200W,YMR184W,0,-0.77449393,0.09720176458358765,0.45993030071258545,0.42717769742012024
YPL006W,YDR315C,0,-0.7745503,0.0971779152750969,0.45993030071258545,0.4272938370704651
YLR340W,YKR078W,0,-0.7745923,0.09715407341718674,0.45993030071258545,0.42740997672080994
YGR292W,YOR250C,0,-0.7746471,0.09713024646043777,0.45993030071258545,0.4275261461734772
YGR158C,YGR001C,0,-0.77473474,0.09710642695426941,0.45993030071258545,0.427642285823822
YML021C,YFL052W,0,-0.7747669,0.09708261489868164,0.45993030071258545,0.42775842547416687
YIL033C,YOR032C,0,-0.77480173,0.09705882519483566,0.45993030071258545,0.4278745651245117
YBR045C,YHR140W,0,-0.774802,0.09703504294157028,0.45993030071258545,0.42799070477485657
YGL123W,YDR479C,0,-0.77480406,0.0970112681388855,0.45993030071258545,0.4281068444252014
YKL209C,YKR052C,0,-0.7748078,0.09698750823736191,0.45993030071258545,0.42822298407554626
YLR372W,YJL207C,0,-0.7749484,0.09696376323699951,0.45993030071258545,0.4283391535282135
YKR048C,YGL238W,0,-0.77497876,0.09694002568721771,0.45993030071258545,0.42845529317855835
YER020W,YNL037C,0,-0.77500546,0.0969163030385971,0.45993030071258545,0.4285714328289032
YGL210W,YGR260W,0,-0.77502304,0.0968925878405571,0.45993030071258545,0.42868757247924805
YDR322C-A,YIL049W,0,-0.77506554,0.09686888754367828,0.45993030071258545,0.4288037121295929
YDL213C,YMR208W,0,-0.7750858,0.09684519469738007,0.45993030071258545,0.42891985177993774
YBL010C,YPL018W,0,-0.7751732,0.09682151675224304,0.45993030071258545,0.4290359914302826
YLR034C,YEL020C,0,-0.7752613,0.09679784625768661,0.45993030071258545,0.42915216088294983
YNL213C,YOL092W,0,-0.77529657,0.09677419066429138,0.45993030071258545,0.4292683005332947
YHR103W,YDR134C,0,-0.7753984,0.09675054997205734,0.45993030071258545,0.4293844401836395
YOR330C,YBL027W,0,-0.7755569,0.0967269167304039,0.45993030071258545,0.4295005798339844
YOR371C,YBR083W,1,-0.7755739,0.09694749861955643,0.4610917568206787,0.4295005798339844
YOL119C,YBL091C,0,-0.77562046,0.096923828125,0.4610917568206787,0.4296167194843292
YLR132C,YDL099W,0,-0.77563596,0.09690017253160477,0.4610917568206787,0.4297328591346741
YAL041W,YHR073W,1,-0.7757605,0.09712054580450058,0.4622531831264496,0.4297328591346741
YCR048W,YIL068C,0,-0.7757734,0.09709685295820236,0.4622531831264496,0.4298489987850189
YGL192W,YCL020W,0,-0.77583873,0.09707316756248474,0.4622531831264496,0.42996516823768616
YDR480W,YDL159W,1,-0.7758459,0.09729333966970444,0.46341463923454285,0.42996516823768616
YIR008C,YPL063W,0,-0.7759106,0.09726962447166443,0.46341463923454285,0.430081307888031
YIL014W,YCR048W,0,-0.77622414,0.09724591672420502,0.46341463923454285,0.43019744753837585
YML127W,YGR001C,0,-0.77632314,0.0972222238779068,0.46341463923454285,0.4303135871887207
YPL181W,YLR040C,0,-0.77632403,0.09719853848218918,0.46341463923454285,0.43042972683906555
YNR073C,YHR001W-A,0,-0.7763778,0.09717486798763275,0.46341463923454285,0.4305458664894104
YBR050C,YDR208W,0,-0.7763803,0.09715120494365692,0.46341463923454285,0.43066200613975525
YJR104C,YHR113W,0,-0.7764332,0.09712755680084229,0.46341463923454285,0.4307781755924225
YHR096C,YBR024W,0,-0.7764398,0.09710391610860825,0.46341463923454285,0.43089431524276733
YOR358W,YFR005C,0,-0.7766695,0.0970802903175354,0.46341463923454285,0.4310104548931122
YBR016W,YHR124W,0,-0.776716,0.09705667942762375,0.46341463923454285,0.43112659454345703
YPL132W,YGR122W,0,-0.77672136,0.0970330759882927,0.46341463923454285,0.4312427341938019
YML013W,YGL044C,0,-0.7767308,0.09700947999954224,0.46341463923454285,0.43135887384414673
YBR171W,YPR106W,0,-0.7767706,0.09698589891195297,0.46341463923454285,0.43147504329681396
YLL022C,YFR044C,0,-0.7768064,0.0969623327255249,0.46341463923454285,0.4315911829471588
YOR207C,YPR106W,0,-0.7768244,0.09693877398967743,0.46341463923454285,0.43170732259750366
YGL156W,YNL093W,0,-0.77684313,0.09691523015499115,0.46341463923454285,0.4318234622478485
YML085C,YJL028W,0,-0.7768874,0.09689169377088547,0.46341463923454285,0.43193960189819336
YAL041W,YER027C,1,-0.776929,0.09711094945669174,0.4645760655403137,0.43193960189819336
YPL227C,YGR023W,0,-0.7769755,0.09708737581968307,0.4645760655403137,0.4320557415485382
YPL101W,YHR140W,0,-0.77703357,0.0970638170838356,0.4645760655403137,0.43217188119888306
YDR204W,YLR369W,0,-0.7771803,0.09704027324914932,0.4645760655403137,0.4322880506515503
YOR371C,YDR477W,1,-0.7772356,0.0972592756152153,0.465737521648407,0.4322880506515503
YOR115C,YLR459W,0,-0.77728355,0.09723569452762604,0.465737521648407,0.43240419030189514
YPR156C,YOL146W,0,-0.7772845,0.09721212089061737,0.465737521648407,0.43252032995224
YLR121C,YOL088C,0,-0.7776089,0.0971885621547699,0.465737521648407,0.43263646960258484
YOR022C,YLR090W,0,-0.7776636,0.09716501086950302,0.465737521648407,0.4327526092529297
YDL204W,YJL074C,0,-0.7777003,0.09714147448539734,0.465737521648407,0.43286874890327454
YHR134W,YMR121C,0,-0.77772737,0.09711794555187225,0.465737521648407,0.4329848885536194
YMR316W,YDR477W,1,-0.777732,0.09733656048774719,0.46689894795417786,0.4329848885536194
YOR374W,YLR297W,0,-0.77775097,0.09731300175189972,0.46689894795417786,0.4331010580062866
YGR295C,YMR275C,0,-0.7777786,0.09728945046663284,0.46689894795417786,0.43321719765663147
YOR116C,YPR033C,0,-0.77778614,0.09726590663194656,0.46689894795417786,0.4333333373069763
YNL294C,YGL208W,1,-0.7777908,0.0974842756986618,0.4680604040622711,0.4333333373069763
YPL169C,YJL019W,0,-0.77780616,0.09746070206165314,0.4680604040622711,0.43344947695732117
YNR061C,YCR010C,0,-0.7778131,0.09743713587522507,0.4680604040622711,0.433565616607666
YIR014W,YER169W,0,-0.77789026,0.09741358458995819,0.4680604040622711,0.43368175625801086
YIL147C,YGL079W,0,-0.77811897,0.09739004075527191,0.4680604040622711,0.4337978959083557
YDL189W,YGR183C,0,-0.7781241,0.09736651182174683,0.4680604040622711,0.43391406536102295
YNL257C,YNL329C,0,-0.7781503,0.09734299778938293,0.4680604040622711,0.4340302050113678
YJR010C-A,YDR487C,0,-0.7781893,0.09731949120759964,0.4680604040622711,0.43414634466171265
YNR071C,YGR253C,0,-0.77836007,0.09729599207639694,0.4680604040622711,0.4342624843120575
YMR166C,YGL128C,0,-0.7785717,0.09727250784635544,0.4680604040622711,0.43437862396240234
YBR280C,YCL048W,0,-0.7786932,0.09724903106689453,0.4680604040622711,0.4344947636127472
YGL017W,YNL053W,0,-0.7787069,0.09722557663917542,0.4680604040622711,0.43461090326309204
YGR261C,YFR031C-A,0,-0.7787266,0.0972021222114563,0.4680604040622711,0.4347270727157593
YKL079W,YLR370C,0,-0.77873933,0.09717868268489838,0.4680604040622711,0.4348432123661041
YDR313C,YBL027W,0,-0.7787719,0.09715525805950165,0.4680604040622711,0.434959352016449
YGL033W,YBR014C,0,-0.7787967,0.09713184088468552,0.4680604040622711,0.4350754916667938
YER108C,YER113C,1,-0.77900064,0.09734939783811569,0.469221830368042,0.4350754916667938
YEL065W,YLR133W,0,-0.77900064,0.09732594341039658,0.469221830368042,0.43519163131713867
YLR427W,YLR411W,0,-0.77908194,0.09730250388383865,0.469221830368042,0.4353077709674835
YBR103W,YDR358W,0,-0.7790855,0.09727907180786133,0.469221830368042,0.43542394042015076
YLR131C,YPR185W,0,-0.7792882,0.0972556546330452,0.469221830368042,0.4355400800704956
YLR362W,YLR083C,1,-0.77932656,0.09747292101383209,0.47038328647613525,0.4355400800704956
YBR073W,YLL015W,0,-0.77935517,0.09744947403669357,0.47038328647613525,0.43565621972084045
YBR077C,YMR022W,0,-0.7793898,0.09742602705955505,0.47038328647613525,0.4357723593711853
YLR360W,YFL034C-B,0,-0.77942944,0.09740259498357773,0.47038328647613525,0.43588849902153015
YOR358W,YMR303C,0,-0.77953625,0.0973791778087616,0.47038328647613525,0.436004638671875
YCR028C,YKL138C,0,-0.7797054,0.09735576808452606,0.47038328647613525,0.43612077832221985
YLR430W,YLR099C,0,-0.77974904,0.09733237326145172,0.47038328647613525,0.4362369477748871
YNL213C,YGR240C,0,-0.7797512,0.09730898588895798,0.47038328647613525,0.43635308742523193
YMR225C,YBR248C,0,-0.7797791,0.09728561341762543,0.47038328647613525,0.4364692270755768
YML043C,YCL044C,0,-0.7797929,0.09726224839687347,0.47038328647613525,0.43658536672592163
YNL099C,YMR302C,0,-0.7798649,0.09723889827728271,0.47038328647613525,0.4367015063762665
YDR273W,YNL293W,0,-0.7798885,0.09721555560827255,0.47038328647613525,0.43681764602661133
YIL093C,YAR015W,0,-0.77995646,0.09719222784042358,0.47038328647613525,0.4369337856769562
YHR027C,YNL339C,0,-0.77999365,0.09716890752315521,0.47038328647613525,0.4370499551296234
YER108C,YER027C,1,-0.780004,0.0973854660987854,0.47154471278190613,0.4370499551296234
YGR026W,YKL164C,0,-0.7801341,0.09736210852861404,0.47154471278190613,0.43716609477996826
YDR379W,YIL008W,1,-0.78029335,0.0975785180926323,0.4727061688899994,0.43716609477996826
YLR413W,YLL014W,0,-0.7802968,0.09755513072013855,0.4727061688899994,0.4372822344303131
YCR010C,YLL010C,0,-0.7803478,0.0975317507982254,0.4727061688899994,0.43739837408065796
YKR094C,YCR045C,0,-0.7803514,0.09750838577747345,0.4727061688899994,0.4375145137310028
YDR307W,YPR175W,0,-0.78035223,0.0974850282073021,0.4727061688899994,0.43763065338134766
YCR098C,YOR009W,0,-0.78039515,0.09746168553829193,0.4727061688899994,0.4377467930316925
YKL199C,YOR192C,0,-0.78040564,0.09743835031986237,0.4727061688899994,0.43786296248435974
YGL067W,YFL039C,0,-0.7804953,0.097415030002594,0.4727061688899994,0.4379791021347046
YER176W,YDR292C,0,-0.78063047,0.09739171713590622,0.4727061688899994,0.43809524178504944
YCR020C,YHR019C,0,-0.78067315,0.09736841917037964,0.4727061688899994,0.4382113814353943
YLR240W,YDR341C,0,-0.7807565,0.09734513610601425,0.4727061688899994,0.43832752108573914
YGL208W,YLR229C,1,-0.7808464,0.09756097197532654,0.47386759519577026,0.43832752108573914
YMR312W,YLR069C,0,-0.78086686,0.09753765165805817,0.47386759519577026,0.438443660736084
YDR292C,YJL099W,0,-0.7809049,0.09751433879137039,0.47386759519577026,0.43855980038642883
YLL036C,YIL099W,0,-0.7809135,0.09749104082584381,0.47386759519577026,0.43867596983909607
YDR208W,YIL005W,0,-0.78098166,0.09746775031089783,0.47386759519577026,0.4387921094894409
YLR196W,YER120W,0,-0.78100073,0.09744447469711304,0.47386759519577026,0.43890824913978577
YMR297W,YNL213C,0,-0.7810528,0.09742120653390884,0.47386759519577026,0.4390243887901306
YKL143W,YER041W,0,-0.7810942,0.09739794582128525,0.47386759519577026,0.43914052844047546
YNL250W,YER119C,0,-0.7811017,0.09737470000982285,0.47386759519577026,0.4392566680908203
YKR031C,YJL035C,0,-0.7811179,0.09735146909952164,0.47386759519577026,0.43937280774116516
YLR357W,YPR055W,0,-0.78115916,0.09732824563980103,0.47386759519577026,0.4394889771938324
YDR452W,YBR203W,0,-0.7812358,0.09730502963066101,0.47386759519577026,0.43960511684417725
YGL106W,YHR072W,0,-0.7812889,0.09728182852268219,0.47386759519577026,0.4397212564945221
YOL137W,YGR035C,0,-0.7812926,0.09725864231586456,0.47386759519577026,0.43983739614486694
YDR097C,YML087C,0,-0.78136533,0.09723546355962753,0.47386759519577026,0.4399535357952118
YBR293W,YCR003W,0,-0.78139865,0.0972122922539711,0.47386759519577026,0.44006967544555664
YDR101C,YMR105C,0,-0.78140616,0.09718913584947586,0.47386759519577026,0.4401858448982239
YML045W,YNR052C,0,-0.78145266,0.09716599434614182,0.47386759519577026,0.4403019845485687
YLR194C,YDR257C,0,-0.7815541,0.09714286029338837,0.47386759519577026,0.4404181241989136
YBR240C,YPL120W,0,-0.7815552,0.09711973369121552,0.47386759519577026,0.4405342638492584
YDR322C-A,YBL050W,0,-0.7815907,0.09709662199020386,0.47386759519577026,0.44065040349960327
YDL106C,YDL195W,0,-0.781634,0.0970735177397728,0.47386759519577026,0.4407665431499481
YKL194C,YCL068C,0,-0.7816917,0.09705042839050293,0.47386759519577026,0.44088268280029297
YGR261C,YDR025W,0,-0.78172505,0.09702734649181366,0.47386759519577026,0.4409988522529602
YKL005C,YMR216C,0,-0.7818577,0.09700427949428558,0.47386759519577026,0.44111499190330505
YML101C,YDL099W,0,-0.781867,0.0969812199473381,0.47386759519577026,0.4412311315536499
YDR103W,YHR073W,1,-0.78194106,0.0971958190202713,0.47502902150154114,0.4412311315536499
YGL121C,YDR477W,1,-0.7820394,0.09741031378507614,0.4761904776096344,0.4412311315536499
YCL033C,YOR151C,0,-0.7820511,0.0973871722817421,0.4761904776096344,0.44134727120399475
YHR111W,YGL121C,1,-0.7821218,0.097601518034935,0.4773519039154053,0.44134727120399475
YBR024W,YPL101W,0,-0.78214824,0.09757834672927856,0.4773519039154053,0.4414634108543396
YIL036W,YIL158W,0,-0.7821778,0.09755518287420273,0.4773519039154053,0.44157955050468445
YPR081C,YBL031W,0,-0.7821957,0.09753203392028809,0.4773519039154053,0.4416956901550293
YBR056W,YIL158W,0,-0.78227746,0.09750889986753464,0.4773519039154053,0.44181185960769653
YOR047C,YBL022C,0,-0.7823124,0.09748576581478119,0.4773519039154053,0.4419279992580414
YIR019C,YLR083C,1,-0.7823537,0.09769978374242783,0.47851336002349854,0.4419279992580414
YMR074C,YGR191W,0,-0.78240466,0.09767662733793259,0.47851336002349854,0.44204413890838623
YOL100W,YGR041W,0,-0.782422,0.09765347093343735,0.47851336002349854,0.4421602785587311
YHR122W,YHR143W,0,-0.7824377,0.0976303294301033,0.47851336002349854,0.4422764182090759
YDL159W,YLR083C,1,-0.78257143,0.09784411638975143,0.4796747863292694,0.4422764182090759
YNL242W,YGR207C,0,-0.7825904,0.0978209376335144,0.4796747863292694,0.4423925578594208
YGR159C,YPL017C,0,-0.7827959,0.09779777377843857,0.4796747863292694,0.4425086975097656
YDR480W,YBR083W,1,-0.7828114,0.09801136702299118,0.48083624243736267,0.4425086975097656
YHL025W,YKL100C,0,-0.782865,0.09798816591501236,0.48083624243736267,0.44262486696243286
YDR385W,YFR051C,0,-0.78324676,0.09796497970819473,0.48083624243736267,0.4427410066127777
YLL011W,YNL059C,0,-0.78324777,0.0979418009519577,0.48083624243736267,0.44285714626312256
YDL115C,YDL149W,0,-0.7833184,0.09791863709688187,0.48083624243736267,0.4429732859134674
YHR083W,YLR409C,0,-0.7834347,0.09789548069238663,0.48083624243736267,0.44308942556381226
YNL294C,YLR083C,1,-0.78347886,0.09810874611139297,0.48199766874313354,0.44308942556381226
YMR289W,YPL091W,0,-0.78364646,0.09808555990457535,0.48199766874313354,0.4432055652141571
YOL105C,YJR152W,0,-0.7836498,0.09806238114833832,0.48199766874313354,0.44332170486450195
YDR342C,YAL014C,0,-0.78367317,0.09803921729326248,0.48199766874313354,0.4434378743171692
YKL065C,YOR132W,0,-0.7836875,0.09801606088876724,0.48199766874313354,0.44355401396751404
YCR034W,YHR034C,0,-0.7837223,0.0979929193854332,0.48199766874313354,0.4436701536178589
YFL018C,YCL055W,0,-0.78373295,0.09796978533267975,0.48199766874313354,0.44378629326820374
YKL179C,YIR035C,0,-0.78394806,0.0979466587305069,0.48199766874313354,0.4439024329185486
YDR107C,YLR083C,1,-0.78413457,0.09815950691699982,0.4831591248512268,0.4439024329185486
YOR115C,YPL280W,0,-0.78420556,0.09813635051250458,0.4831591248512268,0.44401857256889343
YIL096C,YKL148C,0,-0.78425515,0.09811320900917053,0.4831591248512268,0.4441347122192383
YOL127W,YNL194C,0,-0.78429663,0.09809007495641708,0.4831591248512268,0.4442508816719055
YDR468C,YNL270C,0,-0.784348,0.09806694835424423,0.4831591248512268,0.44436702132225037
YOL096C,YMR100W,0,-0.78436077,0.09804383665323257,0.4831591248512268,0.4444831609725952
YBL045C,YOR109W,0,-0.7843903,0.09802073240280151,0.4831591248512268,0.44459930062294006
YBR179C,YGL136C,0,-0.7844209,0.09799764305353165,0.4831591248512268,0.4447154402732849
YPL100W,YIL091C,0,-0.784436,0.09797456115484238,0.4831591248512268,0.44483157992362976
YLR131C,YJR135W-A,0,-0.7844384,0.0979514941573143,0.4831591248512268,0.444947749376297
YJL108C,YDR532C,0,-0.7845391,0.09792843461036682,0.4831591248512268,0.44506388902664185
YGL031C,YBR214W,0,-0.7845737,0.09790538996458054,0.4831591248512268,0.4451800286769867
YDL093W,YOR269W,0,-0.7845775,0.09788235276937485,0.4831591248512268,0.44529616832733154
YOR356W,YKL138C,0,-0.784618,0.09785933047533035,0.4831591248512268,0.4454123079776764
YHR019C,YIL171W,0,-0.784742,0.09783631563186646,0.4831591248512268,0.44552844762802124
YMR211W,YDR255C,0,-0.7847563,0.09781330823898315,0.4831591248512268,0.4456445872783661
YER031C,YIL103W,0,-0.78478247,0.09779031574726105,0.4831591248512268,0.4457607567310333
YOR058C,YLR306W,0,-0.7848313,0.09776733070611954,0.4831591248512268,0.4458768963813782
YIL097W,YJL138C,0,-0.78483796,0.09774436056613922,0.4831591248512268,0.445993036031723
YML111W,YMR051C,0,-0.7848519,0.0977213978767395,0.4831591248512268,0.44610917568206787
YNL158W,YDR227W,0,-0.78491473,0.09769845008850098,0.4831591248512268,0.4462253153324127
YCL001W,YLR172C,0,-0.7849418,0.09767550975084305,0.4831591248512268,0.44634145498275757
YPL146C,YBR054W,0,-0.78500605,0.09765258431434631,0.4831591248512268,0.4464575946331024
YDR103W,YBL016W,1,-0.78507364,0.09786435216665268,0.4843205511569977,0.4464575946331024
YGL129C,YIL040W,0,-0.7850743,0.09784138947725296,0.4843205511569977,0.44657376408576965
YML045W,YNL152W,0,-0.7851037,0.09781843423843384,0.4843205511569977,0.4466899037361145
YOR221C,YDR515W,0,-0.7851062,0.09779549390077591,0.4843205511569977,0.44680604338645935
YLR370C,YKL138C-A,0,-0.7851629,0.09777256846427917,0.4843205511569977,0.4469221830368042
YDR200C,YMR024W,0,-0.78525496,0.09774965047836304,0.4843205511569977,0.44703832268714905
YER061C,YIL158W,0,-0.78525937,0.0977267399430275,0.4843205511569977,0.4471544623374939
YNR023W,YNL220W,0,-0.7854065,0.09770384430885315,0.4843205511569977,0.44727060198783875
YHR166C,YOR182C,0,-0.7855637,0.0976809561252594,0.4843205511569977,0.447386771440506
YIL131C,YDR099W,0,-0.78558606,0.09765808284282684,0.4843205511569977,0.44750291109085083
YPL010W,YKL181W,0,-0.7856668,0.09763521701097488,0.4843205511569977,0.4476190507411957
YFL050C,YNL299W,0,-0.7857398,0.09761235862970352,0.4843205511569977,0.4477351903915405
YGR101W,YDR545W,0,-0.7857477,0.09758951514959335,0.4843205511569977,0.4478513300418854
YNL124W,YIR006C,0,-0.7857821,0.09756667912006378,0.4843205511569977,0.4479674696922302
YDL192W,YER032W,0,-0.78582704,0.0975438579916954,0.4843205511569977,0.4480836093425751
YPL153C,YLL039C,0,-0.785905,0.09752104431390762,0.4843205511569977,0.4481997787952423
YKR052C,YHL013C,0,-0.7859608,0.09749824553728104,0.4843205511569977,0.44831591844558716
YGR108W,YPL235W,0,-0.7859807,0.09747545421123505,0.4843205511569977,0.448432058095932
YOL075C,YNR012W,0,-0.78598654,0.09745267778635025,0.4843205511569977,0.44854819774627686
YJR104C,YNR059W,0,-0.78600824,0.09742990881204605,0.4843205511569977,0.4486643373966217
YOR386W,YDL012C,0,-0.7860923,0.09740714728832245,0.4843205511569977,0.44878047704696655
YBL038W,YOR117W,0,-0.7860999,0.09738440066576004,0.4843205511569977,0.4488966464996338
YBR244W,YDR481C,0,-0.786119,0.09736166149377823,0.4843205511569977,0.44901278614997864
YAL032C,YGR283C,0,-0.7862034,0.09733893722295761,0.4843205511569977,0.4491289258003235
YGR017W,YNL167C,0,-0.7863418,0.09731622040271759,0.4843205511569977,0.44924506545066833
YDL018C,YGL135W,0,-0.7863848,0.09729351103305817,0.4843205511569977,0.4493612051010132
YFL052W,YHR086W,0,-0.78646684,0.09727081656455994,0.4843205511569977,0.44947734475135803
YNR073C,YGR001C,0,-0.7864742,0.0972481369972229,0.4843205511569977,0.4495934844017029
YPR128C,YHR170W,0,-0.7866491,0.09722545742988586,0.4843205511569977,0.4497096538543701
YGR014W,YER144C,0,-0.78670084,0.09720280021429062,0.4843205511569977,0.44982579350471497
YJL089W,YAL056W,1,-0.78674597,0.09741318970918655,0.48548200726509094,0.44982579350471497
YHR169W,YGR174C,0,-0.7867579,0.09739049524068832,0.48548200726509094,0.4499419331550598
YDR037W,YKL088W,0,-0.786826,0.09736780822277069,0.48548200726509094,0.45005807280540466
YDR348C,YBR167C,0,-0.7868339,0.09734513610601425,0.48548200726509094,0.4501742124557495
YBL088C,YGR086C,0,-0.78686357,0.09732247143983841,0.48548200726509094,0.45029035210609436
YKL120W,YDL108W,0,-0.78687227,0.09729981422424316,0.48548200726509094,0.4504064917564392
YOR033C,YDR255C,0,-0.7868817,0.09727717190980911,0.48548200726509094,0.45052266120910645
YBR154C,YNL224C,0,-0.7868862,0.09725453704595566,0.48548200726509094,0.4506388008594513
YOR348C,YOR188W,0,-0.7869016,0.0972319170832634,0.48548200726509094,0.45075494050979614
YML085C,YLR174W,0,-0.7870074,0.09720930457115173,0.48548200726509094,0.450871080160141
YIL148W,YLR007W,0,-0.78704786,0.09718669950962067,0.48548200726509094,0.45098721981048584
YJL118W,YER110C,0,-0.78725183,0.0971641093492508,0.48548200726509094,0.4511033594608307
YIL130W,YGR218W,0,-0.78729343,0.09714152663946152,0.48548200726509094,0.45121949911117554
YDL168W,YHR083W,0,-0.7873287,0.09711895883083344,0.48548200726509094,0.4513356685638428
YNL294C,YER113C,1,-0.78735864,0.09732868522405624,0.4866434335708618,0.4513356685638428
YNL024C,YLR324W,0,-0.7874074,0.09730608761310577,0.4866434335708618,0.4514518082141876
YER178W,YFR055W,0,-0.78742826,0.0972834900021553,0.4866434335708618,0.45156794786453247
YLR089C,YPL053C,0,-0.7874341,0.09726090729236603,0.4866434335708618,0.4516840875148773
YOR045W,YMR042W,0,-0.78749263,0.09723833948373795,0.4866434335708618,0.45180022716522217
YDR361C,YHR033W,0,-0.78749514,0.09721577912569046,0.4866434335708618,0.451916366815567
YMR083W,YJR099W,0,-0.7875595,0.09719322621822357,0.4866434335708618,0.45203250646591187
YPL030W,YKR078W,0,-0.78756034,0.09717068821191788,0.4866434335708618,0.4521486759185791
YHR117W,YLR225C,0,-0.78764164,0.09714815765619278,0.4866434335708618,0.45226481556892395
YIL112W,YBR237W,0,-0.78769696,0.09712563455104828,0.4866434335708618,0.4523809552192688
YDR243C,YDR432W,0,-0.78774524,0.09710312634706497,0.4866434335708618,0.45249709486961365
YKR080W,YDR507C,0,-0.78779364,0.09708063304424286,0.4866434335708618,0.4526132345199585
YGL208W,YMR116C,1,-0.7878221,0.0972897857427597,0.4878048896789551,0.4526132345199585
YER109C,YBL016W,1,-0.78782344,0.09749884158372879,0.48896631598472595,0.4526132345199585
YHR032W,YNL133C,0,-0.7878344,0.09747626632452011,0.48896631598472595,0.45272937417030334
YDR227W,YIL173W,0,-0.78791517,0.09745370596647263,0.48896631598472595,0.4528455138206482
YNL014W,YLR418C,0,-0.7879933,0.09743115305900574,0.48896631598472595,0.45296168327331543
YPR058W,YDR036C,0,-0.78799665,0.09740860760211945,0.48896631598472595,0.4530778229236603
YKL054C,YGL093W,0,-0.78811014,0.09738607704639435,0.48896631598472595,0.4531939625740051
YOL064C,YLR170C,0,-0.7881123,0.09736355394124985,0.48896631598472595,0.45331010222435
YOR246C,YBR153W,0,-0.7881304,0.09734103828668594,0.48896631598472595,0.4534262418746948
YPR029C,YPL280W,0,-0.78828984,0.09731853753328323,0.48896631598472595,0.4535423815250397
YMR257C,YLR432W,0,-0.788434,0.09729605168104172,0.48896631598472595,0.4536585509777069
YIL087C,YNL030W,0,-0.7884455,0.0972735658288002,0.48896631598472595,0.45377469062805176
YOR174W,YOR288C,0,-0.7884677,0.09725109487771988,0.48896631598472595,0.4538908302783966
YOR211C,YDR228C,0,-0.7884768,0.09722863882780075,0.48896631598472595,0.45400696992874146
YER113C,YMR316W,1,-0.7885004,0.09743708372116089,0.4901277720928192,0.45400696992874146
YNL294C,YHR073W,1,-0.7885943,0.09764543175697327,0.4912891983985901,0.45400696992874146
YPR100W,YIL154C,0,-0.78861034,0.09762289375066757,0.4912891983985901,0.4541231095790863
YDR500C,YEL002C,0,-0.78874326,0.09760037064552307,0.4912891983985901,0.45423924922943115
YBL030C,YCR066W,0,-0.7887739,0.09757785499095917,0.4912891983985901,0.454355388879776
YMR116C,YDR107C,1,-0.7887766,0.09778597950935364,0.49245062470436096,0.454355388879776
YOR049C,YDL139C,0,-0.78889775,0.09776343405246735,0.49245062470436096,0.45447155833244324
YOR171C,YDL192W,0,-0.7890513,0.09774089604616165,0.49245062470436096,0.4545876979827881
YBR268W,YHL031C,0,-0.78913116,0.09771836549043655,0.49245062470436096,0.45470383763313293
YJL137C,YDL193W,0,-0.7892623,0.09769584983587265,0.49245062470436096,0.4548199772834778
YBL051C,YGR152C,0,-0.7892801,0.09767334908246994,0.49245062470436096,0.45493611693382263
YNL118C,YGL077C,0,-0.78930104,0.09765085577964783,0.49245062470436096,0.4550522565841675
YLR034C,YPL231W,0,-0.7893617,0.09762836992740631,0.49245062470436096,0.45516839623451233
YBR005W,YML031W,0,-0.7893784,0.09760589152574539,0.49245062470436096,0.45528456568717957
YOR266W,YER146W,0,-0.7893996,0.09758342802524567,0.49245062470436096,0.4554007053375244
YPL236C,YCR028C-A,0,-0.7894634,0.09756097197532654,0.49245062470436096,0.45551684498786926
YOR208W,YOR192C,0,-0.7894925,0.0975385308265686,0.49245062470436096,0.4556329846382141
YHR203C,YMR177W,0,-0.7895216,0.09751609712839127,0.49245062470436096,0.45574912428855896
YJL118W,YJL056C,0,-0.7895675,0.09749367833137512,0.49245062470436096,0.4558652639389038
YLR019W,YDR129C,0,-0.7895701,0.09747126698493958,0.49245062470436096,0.45598140358924866
YJL121C,YDR464W,0,-0.78961897,0.09744886308908463,0.49245062470436096,0.4560975730419159
YPL126W,YML037C,0,-0.78964734,0.09742647409439087,0.49245062470436096,0.45621371269226074
YJL157C,YDR231C,0,-0.78994644,0.09740409255027771,0.49245062470436096,0.4563298523426056
YGR078C,YDR394W,0,-0.78997314,0.09738171845674515,0.49245062470436096,0.45644599199295044
YIL041W,YDR242W,0,-0.7899761,0.09735935926437378,0.49245062470436096,0.4565621316432953
YLR327C,YDL109C,0,-0.79003835,0.09733700752258301,0.49245062470436096,0.45667827129364014
YDR093W,YDR248C,0,-0.79004896,0.09731466323137283,0.49245062470436096,0.456794410943985
YGL251C,YOL140W,0,-0.790053,0.09729233384132385,0.49245062470436096,0.4569105803966522
YPL162C,YNL305C,0,-0.79013205,0.09727001935243607,0.49245062470436096,0.45702672004699707
YGL192W,YOR228C,0,-0.7901865,0.09724770486354828,0.49245062470436096,0.4571428596973419
YOR036W,YOR234C,0,-0.79022294,0.09722540527582169,0.49245062470436096,0.45725899934768677
YBR156C,YPL061W,0,-0.7902485,0.09720312058925629,0.49245062470436096,0.4573751389980316
YML045W,YER005W,0,-0.7902676,0.09718083590269089,0.49245062470436096,0.45749127864837646
YGL136C,YEL064C,0,-0.790318,0.09715857356786728,0.49245062470436096,0.4576074481010437
YLL016W,YDR359C,0,-0.79039705,0.09713631123304367,0.49245062470436096,0.45772358775138855
YHR111W,YOL116W,1,-0.79041696,0.09734310209751129,0.4936120808124542,0.45772358775138855
YDL091C,YPL020C,0,-0.7904619,0.09732081741094589,0.4936120808124542,0.4578397274017334
YGR158C,YDR135C,0,-0.7906157,0.0972985327243805,0.4936120808124542,0.45795586705207825
YNL189W,YLR467W,0,-0.79061955,0.09727626293897629,0.4936120808124542,0.4580720067024231
YPR132W,YIL154C,0,-0.79073524,0.09725400805473328,0.4936120808124542,0.45818814635276794
YER172C,YOR374W,0,-0.79075,0.09723175317049026,0.4936120808124542,0.4583042860031128
YKR075C,YBR217W,0,-0.79081464,0.09720951318740845,0.4936120808124542,0.45842045545578003
YBR127C,YDR231C,0,-0.79081523,0.09718728810548782,0.4936120808124542,0.4585365951061249
YPR192W,YML072C,0,-0.790838,0.0971650630235672,0.4936120808124542,0.4586527347564697
YBR015C,YDR320C-A,0,-0.7908498,0.09714286029338837,0.4936120808124542,0.4587688744068146
YDR016C,YML104C,0,-0.79088545,0.09712065756320953,0.4936120808124542,0.4588850140571594
YOL042W,YIL049W,0,-0.79093397,0.0970984697341919,0.4936120808124542,0.4590011537075043
YHR111W,YNL119W,1,-0.79096437,0.09730470180511475,0.4947735071182251,0.4590011537075043
YDR489W,YGR007W,0,-0.79106295,0.09728248417377472,0.4947735071182251,0.4591172933578491
YJL093C,YKL024C,0,-0.7910641,0.09726027399301529,0.4947735071182251,0.45923346281051636
YHL033C,YLR414C,0,-0.7911355,0.09723807126283646,0.4947735071182251,0.4593496024608612
YKR065C,YIL014W,0,-0.7911643,0.09721588343381882,0.4947735071182251,0.45946574211120605
YGR071C,YBR043C,0,-0.791173,0.09719370305538177,0.4947735071182251,0.4595818817615509
YGL224C,YCR024C-A,0,-0.79120475,0.09717153012752533,0.4947735071182251,0.45969802141189575
YDL093W,YKL043W,0,-0.79129624,0.09714937210083008,0.4947735071182251,0.4598141610622406
YML025C,YER179W,0,-0.79130113,0.09712722152471542,0.4947735071182251,0.45993030071258545
YFL029C,YGL002W,0,-0.7913815,0.09710508584976196,0.4947735071182251,0.4600464701652527
YGL084C,YMR130W,0,-0.79141235,0.0970829501748085,0.4947735071182251,0.46016260981559753
YOR306C,YCR009C,0,-0.79142106,0.09706083685159683,0.4947735071182251,0.4602787494659424
YGL017W,YOR383C,0,-0.7914512,0.09703872352838516,0.4947735071182251,0.46039488911628723
YOR069W,YJR132W,0,-0.7915333,0.09701662510633469,0.4947735071182251,0.4605110287666321
YLR287C-A,YOL113W,0,-0.7915811,0.09699453413486481,0.4947735071182251,0.46062716841697693
YML065W,YNL059C,0,-0.79161143,0.09697245806455612,0.4947735071182251,0.4607433080673218
YOL064C,YLL042C,0,-0.79162455,0.09695038944482803,0.4947735071182251,0.460859477519989
YLR083C,YAL056W,1,-0.7916528,0.09715586155653,0.49593496322631836,0.460859477519989
YOR127W,YBL016W,1,-0.7916744,0.0973612368106842,0.49709638953208923,0.460859477519989
YBR083W,YDR477W,1,-0.7917645,0.09756652265787125,0.4982578456401825,0.460859477519989
YHR065C,YOR332W,0,-0.79179835,0.09754433482885361,0.4982578456401825,0.46097561717033386
YOL140W,YGR189C,0,-0.7919146,0.09752216190099716,0.4982578456401825,0.4610917568206787
YDR298C,YCR037C,0,-0.7919723,0.09749999642372131,0.4982578456401825,0.46120789647102356
YDR071C,YJR108W,0,-0.7920308,0.09747784584760666,0.4982578456401825,0.4613240361213684
YLR204W,YKR037C,0,-0.7921746,0.0974557027220726,0.4982578456401825,0.46144017577171326
YOR045W,YER021W,0,-0.79217553,0.09743356704711914,0.4982578456401825,0.4615563154220581
YBR302C,YFR015C,0,-0.79241633,0.09741144627332687,0.4982578456401825,0.46167248487472534
YER109C,YOR127W,1,-0.7924426,0.09761634469032288,0.49941927194595337,0.46167248487472534
YOR150W,YPR022C,0,-0.79248905,0.09759418666362762,0.49941927194595337,0.4617886245250702
YBR268W,YDL207W,0,-0.7924976,0.09757204353809357,0.49941927194595337,0.46190476417541504
YOR175C,YJR099W,0,-0.7926421,0.0975499078631401,0.49941927194595337,0.4620209038257599
YMR244C-A,YHR009C,0,-0.79265213,0.09752778708934784,0.49941927194595337,0.46213704347610474
YGL045W,YOR080W,1,-0.79266685,0.09773242473602295,0.5005807280540466,0.46213704347610474
YMR149W,YMR281W,0,-0.7926744,0.0977102667093277,0.5005807280540466,0.4622531831264496
YDL185W,YJR019C,0,-0.79270124,0.09768812358379364,0.5005807280540466,0.4623693525791168
YBR171W,YJR033C,0,-0.79285955,0.09766598790884018,0.5005807280540466,0.46248549222946167
YJL186W,YPL075W,0,-0.79288036,0.09764385968446732,0.5005807280540466,0.4626016318798065
YOR178C,YBR216C,0,-0.7931148,0.09762174636125565,0.5005807280540466,0.46271777153015137
YER172C,YJL101C,0,-0.7931243,0.09759964048862457,0.5005807280540466,0.4628339111804962
YER061C,YHL015W,0,-0.7931379,0.0975775420665741,0.5005807280540466,0.46295005083084106
YMR307W,YHR083W,0,-0.79314554,0.09755545854568481,0.5005807280540466,0.4630661904811859
YPL192C,YJR046W,0,-0.7931659,0.09753337502479553,0.5005807280540466,0.46318235993385315
YOR290C,YPL204W,0,-0.793208,0.09751131385564804,0.5005807280540466,0.463298499584198
YNL139C,YDR009W,0,-0.7933494,0.09748925268650055,0.5005807280540466,0.46341463923454285
YMR024W,YHR086W,0,-0.79342794,0.09746720641851425,0.5005807280540466,0.4635307788848877
YDR107C,YNL119W,1,-0.7934309,0.0976712629199028,0.5017421841621399,0.4635307788848877
YOR078W,YPR023C,0,-0.7934339,0.09764918684959412,0.5017421841621399,0.46364691853523254
YNR037C,YPL149W,0,-0.7934921,0.09762711822986603,0.5017421841621399,0.4637630581855774
YOR035C,YNR054C,0,-0.7935469,0.09760506451129913,0.5017421841621399,0.46387919783592224
YLR166C,YGR284C,0,-0.79356635,0.09758301079273224,0.5017421841621399,0.4639953672885895
YDR434W,YMR204C,0,-0.7936348,0.09756097197532654,0.5017421841621399,0.4641115069389343
YPR105C,YMR232W,0,-0.7936461,0.09753894805908203,0.5017421841621399,0.4642276465892792
YMR068W,YPR021C,0,-0.7936694,0.09751693159341812,0.5017421841621399,0.464343786239624
YMR116C,YBL016W,1,-0.79370093,0.09772060811519623,0.5029035806655884,0.464343786239624
YOR359W,YPL164C,0,-0.79376024,0.09769855439662933,0.5029035806655884,0.46445992588996887
YLR403W,YLR260W,0,-0.7938353,0.09767651557922363,0.5029035806655884,0.4645760655403137
YDR103W,YHR084W,1,-0.79388314,0.09788002073764801,0.5040650367736816,0.4645760655403137
YDR352W,YJR068W,0,-0.7939181,0.09785794466733932,0.5040650367736816,0.46469220519065857
YPL203W,YLR229C,1,-0.79403555,0.09806131571531296,0.5052264928817749,0.46469220519065857
YBR009C,YDR324C,0,-0.79406106,0.09803921729326248,0.5052264928817749,0.4648083746433258
YER030W,YHR046C,0,-0.79426825,0.0980171263217926,0.5052264928817749,0.46492451429367065
YGR234W,YLR466W,0,-0.7942697,0.09799504280090332,0.5052264928817749,0.4650406539440155
YDR206W,YGR260W,0,-0.7942873,0.09797297418117523,0.5052264928817749,0.46515679359436035
YJL212C,YPL156C,0,-0.7944776,0.09795091301202774,0.5052264928817749,0.4652729332447052
YDL239C,YLR064W,0,-0.79450655,0.09792885929346085,0.5052264928817749,0.46538907289505005
YLR398C,YLL009C,0,-0.79451215,0.09790682047605515,0.5052264928817749,0.4655052125453949
YJR108W,YCR072C,0,-0.79458153,0.09788478910923004,0.5052264928817749,0.46562138199806213
YLR194C,YCL048W,0,-0.79464173,0.09786276519298553,0.5052264928817749,0.465737521648407
YFR040W,YLR423C,0,-0.7946946,0.09784075617790222,0.5052264928817749,0.46585366129875183
YNL116W,YNL339C,0,-0.7950283,0.0978187546133995,0.5052264928817749,0.4659698009490967
YLR190W,YOR131C,0,-0.7951144,0.09779676049947739,0.5052264928817749,0.46608594059944153
YHR115C,YJR027W,0,-0.79514587,0.09777478128671646,0.5052264928817749,0.4662020802497864
YLR095C,YDL005C,0,-0.79526794,0.09775280952453613,0.5052264928817749,0.4663182199001312
YJR134C,YDR466W,0,-0.79529345,0.0977308452129364,0.5052264928817749,0.46643438935279846
YPR183W,YOR048C,0,-0.79529595,0.09770889580249786,0.5052264928817749,0.4665505290031433
YNL181W,YML133C,0,-0.7953869,0.09768695384263992,0.5052264928817749,0.46666666865348816
YGL085W,YOR014W,0,-0.79556906,0.09766501933336258,0.5052264928817749,0.466782808303833
YKL167C,YHR016C,0,-0.79561853,0.09764309972524643,0.5052264928817749,0.46689894795417786
YCR020W-B,YLR057W,0,-0.7956632,0.09762118756771088,0.5052264928817749,0.4670150876045227
YIL069C,YOR195W,0,-0.79568076,0.09759928286075592,0.5052264928817749,0.46713125705718994
YOL072W,YHL022C,0,-0.79576474,0.09757738560438156,0.5052264928817749,0.4672473967075348
YDR013W,YER155C,0,-0.7958224,0.0975555032491684,0.5052264928817749,0.46736353635787964
YIL026C,YGR218W,0,-0.7959178,0.09753363579511642,0.5052264928817749,0.4674796760082245
YBR101C,YOR004W,0,-0.79596853,0.09751176834106445,0.5052264928817749,0.46759581565856934
YPL038W,YGL153W,0,-0.795969,0.09748991578817368,0.5052264928817749,0.4677119553089142
YKL073W,YPR041W,0,-0.79598725,0.0974680706858635,0.5052264928817749,0.46782809495925903
YMR214W,YBR003W,0,-0.7960254,0.09744623303413391,0.5052264928817749,0.46794426441192627
YEL017C-A,YOL139C,0,-0.7960663,0.09742441028356552,0.5052264928817749,0.4680604040622711
YDL236W,YDR007W,0,-0.7960868,0.09740259498357773,0.5052264928817749,0.46817654371261597
YNL263C,YGR098C,0,-0.7961792,0.09738079458475113,0.5052264928817749,0.4682926833629608
YCR098C,YGL077C,0,-0.7962853,0.09735899418592453,0.5052264928817749,0.46840882301330566
YDL160C,YOL059W,0,-0.7962918,0.09733720868825912,0.5052264928817749,0.4685249626636505
YDR362C,YHR096C,0,-0.7963027,0.09731543809175491,0.5052264928817749,0.46864110231399536
YOL027C,YJL209W,0,-0.79633987,0.0972936674952507,0.5052264928817749,0.4687572717666626
YHR160C,YOR083W,0,-0.79635435,0.09727191179990768,0.5052264928817749,0.46887341141700745
YNL081C,YDL243C,0,-0.796372,0.09725017100572586,0.5052264928817749,0.4689895510673523
YOR368W,YDR212W,0,-0.79645795,0.09722843021154404,0.5052264928817749,0.46910569071769714
YBL007C,YGR140W,0,-0.796572,0.09720670431852341,0.5052264928817749,0.469221830368042
YML091C,YLR451W,0,-0.79665935,0.09718498587608337,0.5052264928817749,0.46933797001838684
YER173W,YPL173W,0,-0.7966596,0.09716328233480453,0.5052264928817749,0.4694541096687317
YBR082C,YMR190C,0,-0.7966651,0.0971415787935257,0.5052264928817749,0.4695702791213989
YGR249W,YBR153W,0,-0.7967218,0.09711989015340805,0.5052264928817749,0.4696864187717438
YDR162C,YJL136C,0,-0.7967884,0.0970982164144516,0.5052264928817749,0.4698025584220886
YHR194W,YPL224C,0,-0.79689527,0.09707654267549515,0.5052264928817749,0.46991869807243347
YMR274C,YEL050C,0,-0.7969309,0.09705488383769989,0.5052264928817749,0.4700348377227783
YEL065W,YHR142W,0,-0.7969612,0.09703323990106583,0.5052264928817749,0.47015097737312317
YMR166C,YNL056W,0,-0.7970296,0.09701159596443176,0.5052264928817749,0.470267117023468
YLR424W,YDR487C,0,-0.797061,0.09698996692895889,0.5052264928817749,0.47038328647613525
YGL123W,YMR205C,0,-0.7970667,0.09696834534406662,0.5052264928817749,0.4704994261264801
YGL194C,YNL061W,0,-0.79706943,0.09694673866033554,0.5052264928817749,0.47061556577682495
YML024W,YLR011W,0,-0.79716647,0.09692513197660446,0.5052264928817749,0.4707317054271698
YBL005W,YKL196C,0,-0.7971904,0.09690354019403458,0.5052264928817749,0.47084784507751465
YLR240W,YLR364W,0,-0.79723084,0.09688196331262589,0.5052264928817749,0.4709639847278595
YPL115C,YDR379W,1,-0.7972944,0.09708305448293686,0.5063879489898682,0.4709639847278595
YDR204W,YIL154C,0,-0.7973273,0.09706144034862518,0.5063879489898682,0.47108015418052673
YBR146W,YER054C,0,-0.79734623,0.0970398411154747,0.5063879489898682,0.4711962938308716
YKL137W,YBR014C,0,-0.7973995,0.09701824933290482,0.5063879489898682,0.47131243348121643
YNR049C,YGL058W,0,-0.7975563,0.09699666500091553,0.5063879489898682,0.4714285731315613
YDR318W,YGR195W,0,-0.79762423,0.09697508811950684,0.5063879489898682,0.47154471278190613
YDR450W,YDR227W,0,-0.7977011,0.09695352613925934,0.5063879489898682,0.471660852432251
YOR076C,YIL034C,0,-0.7977561,0.09693197160959244,0.5063879489898682,0.4717769920825958
YGL151W,YLL006W,0,-0.79777205,0.09691042453050613,0.5063879489898682,0.47189316153526306
YOR035C,YDL043C,0,-0.7977939,0.09688889235258102,0.5063879489898682,0.4720093011856079
YIL125W,YLR143W,0,-0.79780304,0.09686736017465591,0.5063879489898682,0.47212544083595276
YDR103W,YER027C,1,-0.7978511,0.09706796705722809,0.5075493454933167,0.47212544083595276
YOR373W,YER048C,0,-0.79785335,0.09704641252756119,0.5075493454933167,0.4722415804862976
YPL009C,YPR168W,0,-0.7979126,0.09702486544847488,0.5075493454933167,0.47235772013664246
YML123C,YPR057W,0,-0.7980485,0.09700333327054977,0.5075493454933167,0.4724738597869873
YHR136C,YGR047C,0,-0.7980902,0.09698180109262466,0.5075493454933167,0.47258999943733215
YGL234W,YKL107W,0,-0.79815614,0.09696028381586075,0.5075493454933167,0.4727061688899994
YHR003C,YAL044C,0,-0.7981696,0.09693877398967743,0.5075493454933167,0.47282230854034424
YNL156C,YIL034C,0,-0.7982668,0.0969172790646553,0.5075493454933167,0.4729384481906891
YOR371C,YLR083C,1,-0.79831564,0.09711751341819763,0.5087108016014099,0.4729384481906891
YFR025C,YOL032W,0,-0.79834354,0.09709598869085312,0.5087108016014099,0.47305458784103394
YPL186C,YBR236C,0,-0.7984268,0.0970744714140892,0.5087108016014099,0.4731707274913788
YBR083W,YAL056W,1,-0.79850614,0.0972745418548584,0.5098722577095032,0.4731707274913788
YIL008W,YDR480W,1,-0.7985308,0.09747452288866043,0.5110336542129517,0.4731707274913788
YDR379W,YPL049C,1,-0.79859024,0.0976744219660759,0.5121951103210449,0.4731707274913788
YHR210C,YCR092C,0,-0.7986518,0.09765279293060303,0.5121951103210449,0.47328686714172363
YER149C,YKL063C,0,-0.79869425,0.09763117134571075,0.5121951103210449,0.4734030067920685
YJL013C,YLL048C,0,-0.79880047,0.09760956466197968,0.5121951103210449,0.4735191762447357
YBR239C,YJL045W,0,-0.798854,0.0975879654288292,0.5121951103210449,0.47363531589508057
YER029C,YML133C,0,-0.7990546,0.09756637364625931,0.5121951103210449,0.4737514555454254
YER018C,YMR041C,0,-0.7991359,0.09754478931427002,0.5121951103210449,0.47386759519577026
YOR129C,YMR026C,0,-0.79921734,0.09752321988344193,0.5121951103210449,0.4739837348461151
YLR352W,YBR248C,0,-0.799338,0.09750165790319443,0.5121951103210449,0.47409987449645996
YER074W-A,YNR032C-A,0,-0.7993579,0.09748010337352753,0.5121951103210449,0.4742160141468048
YMR283C,YBR102C,0,-0.7993897,0.09745856374502182,0.5121951103210449,0.47433218359947205
YML004C,YPL253C,0,-0.7994093,0.09743703156709671,0.5121951103210449,0.4744483232498169
YML026C,YBR023C,0,-0.7995286,0.0974155068397522,0.5121951103210449,0.47456446290016174
YDL126C,YLR376C,0,-0.7996013,0.09739398956298828,0.5121951103210449,0.4746806025505066
YDL159W,YDR043C,1,-0.7996428,0.0975932851433754,0.5133565664291382,0.4746806025505066
YDR107C,YBL016W,1,-0.79966974,0.09779249131679535,0.5145180225372314,0.4746806025505066
YHL028W,YLR408C,0,-0.7997285,0.09777091443538666,0.5145180225372314,0.47479674220085144
YPL212C,YDL149W,0,-0.7997297,0.09774933755397797,0.5145180225372314,0.4749128818511963
YML076C,YER026C,0,-0.79985666,0.09772777557373047,0.5145180225372314,0.47502902150154114
YLR262C,YGL011C,0,-0.7998948,0.09770622104406357,0.5145180225372314,0.4751451909542084
YGR186W,YBL061C,0,-0.79993,0.09768467396497726,0.5145180225372314,0.4752613306045532
YJR158W,YBL064C,0,-0.7999315,0.09766314178705215,0.5145180225372314,0.47537747025489807
YKL008C,YIR021W,0,-0.8001089,0.09764161705970764,0.5145180225372314,0.4754936099052429
YDL185W,YDL126C,0,-0.8001089,0.09762009978294373,0.5145180225372314,0.47560974955558777
YNL047C,YLR011W,0,-0.80015486,0.0975985899567604,0.5145180225372314,0.4757258892059326
YPR112C,YPL103C,0,-0.8002504,0.09757709503173828,0.5145180225372314,0.47584205865859985
YJL102W,YCR020C,0,-0.8003135,0.09755560755729675,0.5145180225372314,0.4759581983089447
YLR193C,YHL022C,0,-0.80033356,0.09753412753343582,0.5145180225372314,0.47607433795928955
YHR108W,YMR026C,0,-0.80041015,0.09751265496015549,0.5145180225372314,0.4761904776096344
YOL017W,YNL097C,0,-0.80042744,0.09749119728803635,0.5145180225372314,0.47630661725997925
YBR121C,YIL062C,0,-0.8004536,0.0974697470664978,0.5145180225372314,0.4764227569103241
YMR139W,YOL044W,0,-0.8005161,0.09744830429553986,0.5145180225372314,0.47653889656066895
YOR069W,YGR007W,0,-0.80054116,0.0974268764257431,0.5145180225372314,0.4766550660133362
YDR511W,YMR283C,0,-0.80058205,0.09740545600652695,0.5145180225372314,0.47677120566368103
YJL197W,YIL082W-A,0,-0.80065185,0.09738404303789139,0.5145180225372314,0.4768873453140259
YDL109C,YBL030C,0,-0.80072534,0.09736263751983643,0.5145180225372314,0.4770034849643707
YOR019W,YGR262C,0,-0.8007475,0.09734124690294266,0.5145180225372314,0.4771196246147156
YFR037C,YPL026C,0,-0.8008183,0.09731985628604889,0.5145180225372314,0.4772357642650604
YOR129C,YOR117W,0,-0.80102134,0.09729848802089691,0.5145180225372314,0.4773519039154053
YHR006W,YOR191W,0,-0.8010558,0.09727711975574493,0.5145180225372314,0.4774680733680725
YBL047C,YHR157W,0,-0.8010584,0.09725576639175415,0.5145180225372314,0.47758421301841736
YJR126C,YJL010C,0,-0.80107343,0.09723441302776337,0.5145180225372314,0.4777003526687622
YIL084C,YDL193W,0,-0.8011025,0.09721308201551437,0.5145180225372314,0.47781649231910706
YMR236W,YHR115C,0,-0.8012371,0.09719175100326538,0.5145180225372314,0.4779326319694519
YNL025C,YGL257C,0,-0.8013109,0.09717043489217758,0.5145180225372314,0.47804877161979675
YHR111W,YDR477W,1,-0.80133927,0.09736841917037964,0.5156794190406799,0.47804877161979675
YCR071C,YDR427W,0,-0.8014256,0.09734707325696945,0.5156794190406799,0.4781649112701416
YGR215W,YLL031C,0,-0.80150676,0.09732573479413986,0.5156794190406799,0.47828108072280884
YPR100W,YKL051W,0,-0.8016017,0.09730440378189087,0.5156794190406799,0.4783972203731537
YBL087C,YOR191W,0,-0.801905,0.09728308767080307,0.5156794190406799,0.47851336002349854
YBR175W,YLR132C,0,-0.8020752,0.09726177155971527,0.5156794190406799,0.4786294996738434
YGR204W,YJR022W,0,-0.8021399,0.09724047034978867,0.5156794190406799,0.47874563932418823
YDR143C,YBR146W,0,-0.8021804,0.09721918404102325,0.5156794190406799,0.4788617789745331
YOL069W,YMR058W,0,-0.8022041,0.09719789773225784,0.5156794190406799,0.47897791862487793
YHR102W,YPR199C,0,-0.80227274,0.09717662632465363,0.5156794190406799,0.47909408807754517
YKL055C,YDR074W,0,-0.80231106,0.09715536236763,0.5156794190406799,0.47921022772789
YJL094C,YFL041W,0,-0.80250025,0.09713410586118698,0.5156794190406799,0.47932636737823486
YLR248W,YMR113W,0,-0.8025893,0.09711286425590515,0.5156794190406799,0.4794425070285797
YNL030W,YDR198C,0,-0.80278087,0.09709162265062332,0.5156794190406799,0.47955864667892456
YJL216C,YGR083C,0,-0.8027861,0.09707039594650269,0.5156794190406799,0.4796747863292694
YBR106W,YGR203W,0,-0.80290174,0.09704917669296265,0.5156794190406799,0.47979092597961426
YGL104C,YLR409C,0,-0.8029996,0.0970279723405838,0.5156794190406799,0.4799070954322815
YDR464W,YER083C,0,-0.80315137,0.09700677543878555,0.5156794190406799,0.48002323508262634
YHR102W,YCR058C,0,-0.80317426,0.0969855859875679,0.5156794190406799,0.4801393747329712
YDR213W,YMR088C,0,-0.80321443,0.09696440398693085,0.5156794190406799,0.48025551438331604
YMR274C,YMR009W,0,-0.80321884,0.09694322943687439,0.5156794190406799,0.4803716540336609
YNL162W,YPL085W,0,-0.803356,0.09692206978797913,0.5156794190406799,0.48048779368400574
YER096W,YDR358W,0,-0.8033664,0.09690091758966446,0.5156794190406799,0.480603963136673
YFL029C,YDR162C,0,-0.8034046,0.09687977284193039,0.5156794190406799,0.4807201027870178
YER056C,YGL022W,0,-0.8034154,0.09685863554477692,0.5156794190406799,0.48083624243736267
YGL133W,YLL014W,0,-0.8034291,0.09683751314878464,0.5156794190406799,0.4809523820877075
YIL009W,YMR162C,0,-0.803587,0.09681639820337296,0.5156794190406799,0.48106852173805237
YDL079C,YHR031C,0,-0.8036188,0.09679529070854187,0.5156794190406799,0.4811846613883972
YBR217W,YGL171W,0,-0.80364525,0.09677419066429138,0.5156794190406799,0.48130080103874207
YBR204C,YHR098C,0,-0.80367786,0.09675310552120209,0.5156794190406799,0.4814169704914093
YGL222C,YOL044W,0,-0.803684,0.09673202782869339,0.5156794190406799,0.48153311014175415
YKL092C,YGR235C,0,-0.80371165,0.09671095758676529,0.5156794190406799,0.481649249792099
YFL004W,YER038C,0,-0.8038876,0.09668989479541779,0.5156794190406799,0.48176538944244385
YLR234W,YEL011W,0,-0.80392164,0.09666884690523148,0.5156794190406799,0.4818815290927887
YJL190C,YCR045C,0,-0.80405617,0.09664779901504517,0.5156794190406799,0.48199766874313354
YPL155C,YJL118W,0,-0.80408674,0.09662676602602005,0.5156794190406799,0.4821138083934784
YIL072W,YDR078C,0,-0.8041551,0.09660574048757553,0.5156794190406799,0.48222997784614563
YGR231C,YGR260W,0,-0.80423355,0.0965847298502922,0.5156794190406799,0.4823461174964905
YLR427W,YER044C-A,0,-0.804386,0.09656372666358948,0.5156794190406799,0.4824622571468353
YDR489W,YOL133W,0,-0.8044057,0.09654272347688675,0.5156794190406799,0.4825783967971802
YHR141C,YDR438W,0,-0.8044156,0.09652174264192581,0.5156794190406799,0.482694536447525
YOR252W,YLR310C,0,-0.8044164,0.09650076180696487,0.5156794190406799,0.4828106760978699
YJL018W,YJL158C,0,-0.8044754,0.09647978842258453,0.5156794190406799,0.4829268157482147
YPL162C,YER083C,0,-0.8045336,0.09645882993936539,0.5156794190406799,0.48304298520088196
YPL154C,YBR130C,0,-0.8045342,0.09643787890672684,0.5156794190406799,0.4831591248512268
YKR065C,YER042W,0,-0.8046105,0.09641693532466888,0.5156794190406799,0.48327526450157166
YMR036C,YLL028W,0,-0.8046224,0.09639600664377213,0.5156794190406799,0.4833914041519165
YLR215C,YBR058C-A,0,-0.80475026,0.09637507796287537,0.5156794190406799,0.48350754380226135
YIL017C,YBR162C,0,-0.80475974,0.0963541641831398,0.5156794190406799,0.4836236834526062
YLR390W-A,YOR217W,0,-0.8047632,0.09633325785398483,0.5156794190406799,0.48373982310295105
YLR352W,YLR045C,0,-0.804824,0.09631236642599106,0.5156794190406799,0.4838559925556183
YER040W,YPL143W,0,-0.8048406,0.09629147499799728,0.5156794190406799,0.48397213220596313
YNR038W,YGR287C,0,-0.8049001,0.0962705984711647,0.5156794190406799,0.484088271856308
YMR316W,YHR073W,1,-0.80490136,0.09646650403738022,0.5168408751487732,0.484088271856308
YCL054W,YPR095C,0,-0.80501324,0.09644559770822525,0.5168408751487732,0.48420441150665283
YCR029C-A,YKR003W,0,-0.80508494,0.09642469882965088,0.5168408751487732,0.4843205511569977
YMR207C,YPR165W,0,-0.80517113,0.0964038148522377,0.5168408751487732,0.48443669080734253
YMR059W,YLL031C,0,-0.80524874,0.09638293087482452,0.5168408751487732,0.48455286026000977
YLL009C,YDR113C,0,-0.80540705,0.09636206179857254,0.5168408751487732,0.4846689999103546
YJL212C,YOR103C,0,-0.80544674,0.09634120017290115,0.5168408751487732,0.48478513956069946
YOR057W,YHR146W,0,-0.8054486,0.09632034599781036,0.5168408751487732,0.4849012792110443
YER005W,YPL120W,0,-0.80546343,0.09629949927330017,0.5168408751487732,0.48501741886138916
YDR379W,YMR116C,1,-0.8055289,0.09649502485990524,0.5180023312568665,0.48501741886138916
YPL253C,YFR010W,0,-0.8055514,0.09647414833307266,0.5180023312568665,0.485133558511734
YPR063C,YPL055C,0,-0.8056835,0.09645328670740128,0.5180023312568665,0.48524969816207886
YOR284W,YGR103W,0,-0.8057499,0.09643243253231049,0.5180023312568665,0.4853658676147461
YOR065W,YPL268W,0,-0.8057883,0.09641158580780029,0.5180023312568665,0.48548200726509094
YOL003C,YML087C,0,-0.8058404,0.0963907465338707,0.5180023312568665,0.4855981469154358
YDR098C,YDR520C,0,-0.80584145,0.0963699221611023,0.5180023312568665,0.48571428656578064
YLR110C,YLR258W,0,-0.805925,0.09634910523891449,0.5180023312568665,0.4858304262161255
YCR024C-A,YER058W,0,-0.8060118,0.09632829576730728,0.5180023312568665,0.48594656586647034
YOR131C,YIL065C,0,-0.8060256,0.09630749374628067,0.5180023312568665,0.4860627055168152
YNL188W,YNL214W,0,-0.80604124,0.09628669917583466,0.5180023312568665,0.4861788749694824
YER139C,YBR288C,0,-0.80606747,0.09626591950654984,0.5180023312568665,0.48629501461982727
YMR274C,YMR197C,0,-0.8060801,0.09624514728784561,0.5180023312568665,0.4864111542701721
YMR116C,YMR316W,1,-0.8060982,0.09644012898206711,0.5191637873649597,0.4864111542701721
YKL073W,YNL023C,0,-0.8061678,0.0964193269610405,0.5191637873649597,0.48652729392051697
YBR105C,YGL044C,0,-0.8062669,0.09639853239059448,0.5191637873649597,0.4866434335708618
YDR268W,YPL085W,0,-0.8062908,0.09637775272130966,0.5191637873649597,0.48675957322120667
YBL100W-A,YDL095W,0,-0.8063087,0.09635697305202484,0.5191637873649597,0.4868757128715515
YER094C,YLR341W,0,-0.8063487,0.09633620828390121,0.5191637873649597,0.48699188232421875
YGL090W,YOL012C,0,-0.80636346,0.09631545096635818,0.5191637873649597,0.4871080219745636
YJL207C,YNR051C,0,-0.8063881,0.09629470109939575,0.5191637873649597,0.48722416162490845
YBR084W,YFR044C,0,-0.8064836,0.09627395868301392,0.5191637873649597,0.4873403012752533
YNL076W,YDR432W,0,-0.8064846,0.09625323116779327,0.5191637873649597,0.48745644092559814
YIR019C,YDR043C,1,-0.8065868,0.09644779562950134,0.5203251838684082,0.48745644092559814
YJR033C,YGR165W,0,-0.8065944,0.09642703086137772,0.5203251838684082,0.487572580575943
YKR065C,YEL016C,0,-0.8067001,0.09640628099441528,0.5203251838684082,0.48768872022628784
YMR041C,YMR058W,0,-0.8067421,0.09638553857803345,0.5203251838684082,0.4878048896789551
YJL111W,YHR139C,0,-0.8067944,0.0963648110628128,0.5203251838684082,0.4879210293292999
YJL013C,YPL234C,0,-0.80683327,0.09634408354759216,0.5203251838684082,0.4880371689796448
YGL039W,YHR113W,0,-0.80686426,0.09632337093353271,0.5203251838684082,0.4881533086299896
YKR037C,YOR091W,0,-0.8069059,0.09630266577005386,0.5203251838684082,0.4882694482803345
YIL172C,YML124C,0,-0.8069644,0.09628196805715561,0.5203251838684082,0.4883855879306793
YDR393W,YJL065C,0,-0.80700314,0.09626127779483795,0.5203251838684082,0.48850172758102417
YGR154C,YNL056W,0,-0.8070537,0.09624060243368149,0.5203251838684082,0.4886178970336914
YPL194W,YJL056C,0,-0.8070965,0.09621993452310562,0.5203251838684082,0.48873403668403625
YPL232W,YDR005C,0,-0.8071983,0.09619926661252975,0.5203251838684082,0.4888501763343811
YKL029C,YDL191W,0,-0.8072047,0.09617862105369568,0.5203251838684082,0.48896631598472595
YBR152W,YKL051W,0,-0.80729985,0.0961579754948616,0.5203251838684082,0.4890824556350708
YER027C,YDR107C,1,-0.8073578,0.09635192900896072,0.5214866399765015,0.4890824556350708
YLR223C,YPL016W,0,-0.8074571,0.09633126109838486,0.5214866399765015,0.48919859528541565
YBL016W,YBR083W,1,-0.8074653,0.09652509540319443,0.5226480960845947,0.48919859528541565
YPL012W,YBL091C,0,-0.8074845,0.09650439769029617,0.5226480960845947,0.4893147647380829
YOR036W,YOR196C,0,-0.80750203,0.09648370742797852,0.5226480960845947,0.48943090438842773
YJR077C,YBR283C,0,-0.80751,0.09646302461624146,0.5226480960845947,0.4895470440387726
YDR037W,YDR481C,0,-0.807562,0.09644234925508499,0.5226480960845947,0.48966318368911743
YPL174C,YLL032C,0,-0.80757314,0.09642168134450912,0.5226480960845947,0.4897793233394623
YER184C,YOR375C,0,-0.80757654,0.09640102833509445,0.5226480960845947,0.48989546298980713
YHR011W,YHL007C,1,-0.807657,0.09659455716609955,0.523809552192688,0.48989546298980713
YPR143W,YGL040C,0,-0.80767924,0.09657387435436249,0.523809552192688,0.490011602640152
YNL137C,YDR028C,0,-0.8077549,0.09655319899320602,0.523809552192688,0.4901277720928192
YPL138C,YDR439W,0,-0.80776644,0.09653253108263016,0.523809552192688,0.49024391174316406
YNL186W,YPR023C,0,-0.80782,0.09651187807321548,0.523809552192688,0.4903600513935089
YLR167W,YGL096W,0,-0.80790484,0.09649122506380081,0.523809552192688,0.49047619104385376
YMR056C,YGR013W,0,-0.80790824,0.09647058695554733,0.523809552192688,0.4905923306941986
YMR118C,YIL074C,0,-0.8080895,0.09644995629787445,0.523809552192688,0.49070847034454346
YAL003W,YPR148C,0,-0.8081279,0.09642933309078217,0.523809552192688,0.4908246099948883
YNL067W,YIL005W,0,-0.80817366,0.09640872478485107,0.523809552192688,0.49094077944755554
YLR265C,YKL021C,0,-0.80825293,0.09638811647891998,0.523809552192688,0.4910569190979004
YGL208W,YLR083C,1,-0.8082962,0.09658119827508926,0.5249709486961365,0.4910569190979004
YMR116C,YDR043C,1,-0.8083055,0.09677419066429138,0.5261324048042297,0.4910569190979004
YLR212C,YMR047C,0,-0.8083912,0.09675352275371552,0.5261324048042297,0.49117305874824524
YMR166C,YDR387C,0,-0.8084053,0.09673286229372025,0.5261324048042297,0.4912891983985901
YLR297W,YDR214W,0,-0.8084234,0.09671220928430557,0.5261324048042297,0.49140533804893494
YDR462W,YML067C,0,-0.80842614,0.0966915711760521,0.5261324048042297,0.4915214776992798
YER146W,YLR385C,0,-0.80851436,0.09667093306779861,0.5261324048042297,0.49163761734962463
YGL130W,YER007W,0,-0.80857885,0.09665030986070633,0.5261324048042297,0.49175378680229187
YOL127W,YJL062W,0,-0.8085854,0.09662969410419464,0.5261324048042297,0.4918699264526367
YER118C,YIL022W,0,-0.80861,0.09660908579826355,0.5261324048042297,0.49198606610298157
YGL058W,YDR128W,0,-0.8086479,0.09658848494291306,0.5261324048042297,0.4921022057533264
YNR032W,YDR289C,0,-0.80869174,0.09656789898872375,0.5261324048042297,0.49221834540367126
YGL208W,YIR019C,1,-0.80871964,0.09676044434309006,0.527293860912323,0.49221834540367126
YBR024W,YFR030W,0,-0.8087893,0.09673982858657837,0.527293860912323,0.4923344850540161
YOR061W,YNL093W,0,-0.8088716,0.09671921283006668,0.527293860912323,0.49245062470436096
YIL015W,YLR410W,0,-0.8089261,0.09669861197471619,0.527293860912323,0.4925667941570282
YDR477W,YHR073W,1,-0.809029,0.09689097106456757,0.5284552574157715,0.4925667941570282
YBR068C,YMR204C,0,-0.80912757,0.09687034040689468,0.5284552574157715,0.49268293380737305
YDL100C,YDR002W,0,-0.80918014,0.096849724650383,0.5284552574157715,0.4927990734577179
YNR020C,YBR135W,0,-0.80919945,0.09682910889387131,0.5284552574157715,0.49291521310806274
YNL289W,YGR207C,0,-0.8092326,0.09680850803852081,0.5284552574157715,0.4930313527584076
YNR030W,YPL053C,0,-0.80923986,0.09678791463375092,0.5284552574157715,0.49314749240875244
YLR192C,YLR079W,0,-0.80932516,0.09676733613014221,0.5284552574157715,0.4932636320590973
YOR125C,YPL120W,0,-0.8093857,0.09674675762653351,0.5284552574157715,0.4933798015117645
YIL115C,YDR069C,0,-0.8094933,0.096726194024086,0.5284552574157715,0.4934959411621094
YOL103W,YDR338C,0,-0.809572,0.09670563042163849,0.5284552574157715,0.4936120808124542
YBR009C,YLR453C,0,-0.809584,0.09668508172035217,0.5284552574157715,0.4937282204627991
YDR103W,YLR083C,1,-0.80959296,0.09687699377536774,0.5296167135238647,0.4937282204627991
YPL214C,YDR224C,0,-0.80959916,0.09685641527175903,0.5296167135238647,0.4938443601131439
YOR113W,YLR200W,0,-0.8096634,0.09683584421873093,0.5296167135238647,0.49396049976348877
YGL167C,YER149C,0,-0.8097242,0.09681528806686401,0.5296167135238647,0.494076669216156
YPR165W,YDR150W,0,-0.809756,0.0967947393655777,0.5296167135238647,0.49419280886650085
YLR166C,YBL069W,0,-0.8099072,0.09677419066429138,0.5296167135238647,0.4943089485168457
YHR011W,YOR127W,1,-0.8099477,0.09696584194898605,0.530778169631958,0.4943089485168457
YLR298C,YPR022C,0,-0.81002164,0.09694527089595795,0.530778169631958,0.49442508816719055
YNL177C,YKL071W,0,-0.8101988,0.09692470729351044,0.530778169631958,0.4945412278175354
YFR009W,YOR129C,0,-0.8102336,0.09690415859222412,0.530778169631958,0.49465736746788025
YCL033C,YOR011W,0,-0.8103713,0.0968836098909378,0.530778169631958,0.4947735071182251
YHR111W,YLR083C,1,-0.81039125,0.09707503020763397,0.5319396257400513,0.4947735071182251
YDR103W,YPL115C,1,-0.810417,0.09726636856794357,0.5331010222434998,0.4947735071182251
YCR091W,YPR057W,0,-0.81048197,0.09724576026201248,0.5331010222434998,0.49488967657089233
YGR097W,YLR256W,0,-0.8104925,0.09722516685724258,0.5331010222434998,0.4950058162212372
YKL077W,YBR258C,0,-0.8105563,0.09720457345247269,0.5331010222434998,0.49512195587158203
YOR249C,YDR098C,0,-0.8107194,0.09718399494886398,0.5331010222434998,0.4952380955219269
YNL326C,YKL139W,0,-0.8109865,0.09716342389583588,0.5331010222434998,0.49535423517227173
YBL100W-B,YLR439W,0,-0.8111261,0.09714286029338837,0.5331010222434998,0.4954703748226166
YHR149C,YJR058C,0,-0.8112351,0.09712230414152145,0.5331010222434998,0.4955865144729614
YML076C,YPL059W,0,-0.81125677,0.09710175544023514,0.5331010222434998,0.49570268392562866
YBR248C,YCR094W,0,-0.8112735,0.09708122164011002,0.5331010222434998,0.4958188235759735
YLR126C,YCR065W,0,-0.8113218,0.0970606878399849,0.5331010222434998,0.49593496322631836
YOL116W,YGL121C,1,-0.8114375,0.09725158661603928,0.534262478351593,0.49593496322631836
YPL183C,YDR261C,0,-0.8114518,0.09723103046417236,0.534262478351593,0.4960511028766632
YNL142W,YHL050C,0,-0.81145585,0.09721048176288605,0.534262478351593,0.49616724252700806
YER178W,YLR356W,0,-0.8114681,0.09718994051218033,0.534262478351593,0.4962833821773529
YKL218C,YGR292W,0,-0.8115128,0.0971694141626358,0.534262478351593,0.49639952182769775
YBR290W,YNL055C,0,-0.8115132,0.09714888781309128,0.534262478351593,0.496515691280365
YOR242C,YNL055C,0,-0.8115306,0.09712837636470795,0.534262478351593,0.49663183093070984
YDL082W,YIL082W-A,0,-0.8116487,0.09710787236690521,0.534262478351593,0.4967479705810547
YPL120W,YCR058C,0,-0.8116596,0.09708737581968307,0.534262478351593,0.49686411023139954
YMR023C,YDR119W,0,-0.8116796,0.09706689417362213,0.534262478351593,0.4969802498817444
YIR019C,YHR073W,1,-0.8117782,0.09725738316774368,0.5354239344596863,0.4969802498817444
YJL078C,YOR150W,0,-0.81180143,0.09723687171936035,0.5354239344596863,0.49709638953208923
YIR019C,YNL119W,1,-0.81182563,0.09742724895477295,0.5365853905677795,0.49709638953208923
YBL046W,YDR318W,0,-0.81187093,0.09740670770406723,0.5365853905677795,0.4972125291824341
YDL018C,YDR139C,0,-0.8119544,0.09738617390394211,0.5365853905677795,0.4973286986351013
YIL109C,YLR189C,0,-0.8119923,0.09736564755439758,0.5365853905677795,0.49744483828544617
YOR389W,YDR261C,0,-0.81203604,0.09734513610601425,0.5365853905677795,0.497560977935791
YCR067C,YNL206C,0,-0.81209934,0.09732462465763092,0.5365853905677795,0.49767711758613586
YFR031C-A,YGR049W,0,-0.81221205,0.09730412811040878,0.5365853905677795,0.4977932572364807
YDL143W,YEL016C,0,-0.8122599,0.09728363901376724,0.5365853905677795,0.49790939688682556
YPL258C,YGL192W,0,-0.81230897,0.0972631573677063,0.5365853905677795,0.4980255663394928
YDL229W,YGR108W,0,-0.8123293,0.09724268317222595,0.5365853905677795,0.49814170598983765
YMR303C,YKL150W,0,-0.81245345,0.0972222238779068,0.5365853905677795,0.4982578456401825
YLR419W,YDR386W,0,-0.81246674,0.09720176458358765,0.5365853905677795,0.49837398529052734
YJL121C,YOL147C,0,-0.81247383,0.09718132019042969,0.5365853905677795,0.4984901249408722
YJR046W,YMR153W,0,-0.8124808,0.09716088324785233,0.5365853905677795,0.49860626459121704
YIL023C,YPL081W,0,-0.81258976,0.09714045375585556,0.5365853905677795,0.4987224042415619
YPL096C-A,YDL161W,0,-0.8126301,0.09712003171443939,0.5365853905677795,0.4988385736942291
YJL121C,YDL123W,0,-0.8127609,0.09709962457418442,0.5365853905677795,0.498954713344574
YBL071W-A,YDL235C,0,-0.8127713,0.09707921743392944,0.5365853905677795,0.4990708529949188
YOR100C,YHR154W,0,-0.8127787,0.09705882519483566,0.5365853905677795,0.49918699264526367
YCL066W,YCR004C,0,-0.81280136,0.09703844040632248,0.5365853905677795,0.4993031322956085
YNL180C,YMR290C,0,-0.81289625,0.09701806306838989,0.5365853905677795,0.49941927194595337
YJL177W,YLR178C,0,-0.8129047,0.0969976931810379,0.5365853905677795,0.4995354115962982
YNL149C,YLR442C,0,-0.81299585,0.09697733074426651,0.5365853905677795,0.49965158104896545
YGR097W,YLR127C,0,-0.8130046,0.09695697575807571,0.5365853905677795,0.4997677206993103
YBR112C,YOR347C,0,-0.81304014,0.09693663567304611,0.5365853905677795,0.49988386034965515
YNL294C,YGL121C,1,-0.8130827,0.0971260741353035,0.537746787071228,0.49988386034965515
YDL115C,YPR023C,0,-0.81317246,0.09710570424795151,0.537746787071228,0.5
YPL270W,YNL001W,0,-0.8132968,0.09708534181118011,0.537746787071228,0.5001161694526672
YDR122W,YCL016C,0,-0.813332,0.09706498682498932,0.537746787071228,0.5002322793006897
YDR311W,YKL063C,0,-0.8133712,0.09704464673995972,0.537746787071228,0.5003484487533569
YCL010C,YNR036C,0,-0.81341887,0.09702430665493011,0.537746787071228,0.5004645586013794
YNL054W,YCR010C,0,-0.81343126,0.0970039814710617,0.537746787071228,0.5005807280540466
YLR148W,YGR132C,0,-0.8134645,0.0969836637377739,0.537746787071228,0.5006968379020691
YHR011W,YGL121C,1,-0.8134856,0.09717277437448502,0.5389082431793213,0.5006968379020691
YIL004C,YML087C,0,-0.81349564,0.09715242683887482,0.5389082431793213,0.5008130073547363
YJR120W,YPR114W,0,-0.8135179,0.09713209420442581,0.5389082431793213,0.5009291768074036
YMR083W,YER078C,0,-0.81356275,0.0971117615699768,0.5389082431793213,0.501045286655426
YLR406C,YBL002W,0,-0.8137256,0.097091443836689,0.5389082431793213,0.5011614561080933
YPL084W,YPR104C,0,-0.8137288,0.09707112610340118,0.5389082431793213,0.5012775659561157
YLR362W,YNL119W,1,-0.81389666,0.0972599908709526,0.5400696992874146,0.5012775659561157
YDR168W,YLR147C,0,-0.8139488,0.097239650785923,0.5400696992874146,0.501393735408783
YJR042W,YHL006C,0,-0.81399417,0.097219318151474,0.5400696992874146,0.5015098452568054
YPL280W,YMR026C,0,-0.8140025,0.09719899296760559,0.5400696992874146,0.5016260147094727
YNL134C,YNL224C,0,-0.8144694,0.09717868268489838,0.5400696992874146,0.5017421841621399
YHR194W,YMR055C,0,-0.81447494,0.09715837985277176,0.5400696992874146,0.5018582940101624
YLR040C,YIR037W,0,-0.8145463,0.09713808447122574,0.5400696992874146,0.5019744634628296
YOR284W,YBL017C,0,-0.8145749,0.09711779654026031,0.5400696992874146,0.502090573310852
YBL009W,YHR043C,0,-0.8146592,0.09709751605987549,0.5400696992874146,0.5022067427635193
YIR019C,YOR371C,1,-0.81483376,0.09728601574897766,0.5412311553955078,0.5022067427635193
YDR097C,YNL007C,0,-0.81485546,0.09726570546627045,0.5412311553955078,0.5023228526115417
YPL236C,YER040W,0,-0.8148593,0.09724541008472443,0.5412311553955078,0.502439022064209
YLR167W,YML012W,0,-0.8148985,0.097225122153759,0.5412311553955078,0.5025551915168762
YMR041C,YJR132W,0,-0.8149396,0.09720484167337418,0.5412311553955078,0.5026713013648987
YML110C,YPR178W,0,-0.81495214,0.09718456864356995,0.5412311553955078,0.5027874708175659
YLR229C,YMR116C,1,-0.8149651,0.09737280756235123,0.5423925518989563,0.5027874708175659
YKR038C,YEL048C,0,-0.81501377,0.0973525121808052,0.5423925518989563,0.5029035806655884
YBR048W,YCL048W,0,-0.8150886,0.09733222424983978,0.5423925518989563,0.5030197501182556
YGR163W,YML113W,0,-0.8151494,0.09731193631887436,0.5423925518989563,0.5031358599662781
YKL048C,YPR121W,0,-0.815155,0.09729166328907013,0.5423925518989563,0.5032520294189453
YNL096C,YDR028C,0,-0.81519485,0.0972714051604271,0.5423925518989563,0.5033681988716125
YIL154C,YCR045C,0,-0.81523895,0.09725114703178406,0.5423925518989563,0.503484308719635
YPL049C,YNL119W,1,-0.8152921,0.09743910282850266,0.5435540080070496,0.503484308719635
YPR185W,YER143W,0,-0.81529427,0.09741881489753723,0.5435540080070496,0.5036004781723022
YJR068W,YGL205W,0,-0.81531215,0.097398541867733,0.5435540080070496,0.5037165880203247
YKL173W,YKL138C-A,0,-0.81536394,0.09737827628850937,0.5435540080070496,0.5038327574729919
YMR116C,YNL197C,1,-0.81552625,0.09756604582071304,0.5447154641151428,0.5038327574729919
YJR158W,YPL003W,0,-0.81575036,0.09754575788974762,0.5447154641151428,0.5039488673210144
YPL100W,YIL154C,0,-0.8157525,0.0975254699587822,0.5447154641151428,0.5040650367736816
YDR237W,YOR014W,0,-0.81588745,0.09750519692897797,0.5447154641151428,0.5041812062263489
YER167W,YHR014W,0,-0.8159361,0.09748493134975433,0.5447154641151428,0.5042973160743713
YDR420W,YGR208W,0,-0.81596947,0.0974646732211113,0.5447154641151428,0.5044134855270386
YDR531W,YNL254C,0,-0.8160186,0.09744442254304886,0.5447154641151428,0.504529595375061
YEL018W,YDR268W,0,-0.81605875,0.09742417931556702,0.5447154641151428,0.5046457648277283
YLR319C,YPR033C,0,-0.81613314,0.09740394353866577,0.5447154641151428,0.5047619342803955
YML106W,YMR189W,0,-0.8163308,0.09738372266292572,0.5447154641151428,0.504878044128418
YLR057W,YPL169C,0,-0.816335,0.09736350178718567,0.5447154641151428,0.5049942135810852
YML078W,YJR086W,0,-0.81636846,0.09734329581260681,0.5447154641151428,0.5051103234291077
YMR133W,YER141W,0,-0.81637824,0.09732309728860855,0.5447154641151428,0.5052264928817749
YML123C,YPL178W,0,-0.81639725,0.09730290621519089,0.5447154641151428,0.5053426027297974
YNL197C,YGL121C,1,-0.81642294,0.09749014675617218,0.5458768606185913,0.5053426027297974
YER113C,YBL016W,1,-0.8164401,0.0976773127913475,0.5470383167266846,0.5053426027297974
YML102W,YDR438W,0,-0.81654453,0.09765706211328506,0.5470383167266846,0.5054587721824646
YDR480W,YMR316W,1,-0.8165637,0.09784411638975143,0.5481997728347778,0.5054587721824646
YGR272C,YIR026C,0,-0.8165965,0.09782383590936661,0.5481997728347778,0.5055749416351318
YGL047W,YKR001C,0,-0.8166239,0.09780356287956238,0.5481997728347778,0.5056910514831543
YOR247W,YLR283W,0,-0.8166445,0.09778330475091934,0.5481997728347778,0.5058072209358215
YOR149C,YGL011C,0,-0.81684816,0.0977630466222763,0.5481997728347778,0.505923330783844
YJR123W,YPL085W,0,-0.816955,0.09774280339479446,0.5481997728347778,0.5060395002365112
YBL075C,YNL009W,0,-0.8170928,0.09772256761789322,0.5481997728347778,0.5061556100845337
YGL243W,YKL198C,0,-0.8172024,0.09770233929157257,0.5481997728347778,0.5062717795372009
YML001W,YJL197W,0,-0.8172394,0.09768211841583252,0.5481997728347778,0.5063879489898682
YKL146W,YDR210W,0,-0.81724715,0.09766190499067307,0.5481997728347778,0.5065040588378906
YOR049C,YNL130C,0,-0.81727207,0.0976417064666748,0.5481997728347778,0.5066202282905579
YMR088C,YKL216W,0,-0.8173255,0.09762150794267654,0.5481997728347778,0.5067363381385803
YNL227C,YNL036W,0,-0.8173528,0.09760132431983948,0.5481997728347778,0.5068525075912476
YGL257C,YHL031C,0,-0.8174444,0.09758114814758301,0.5481997728347778,0.50696861743927
YDR032C,YOR381W,0,-0.81750536,0.09756097197532654,0.5481997728347778,0.5070847868919373
YGL121C,YOR371C,1,-0.8175331,0.09774746745824814,0.5493612289428711,0.5070847868919373
YFL034C-B,YAR042W,0,-0.81753737,0.09772727638483047,0.5493612289428711,0.5072009563446045
YDL066W,YKL197C,0,-0.8175664,0.09770708531141281,0.5493612289428711,0.507317066192627
YBR237W,YLR310C,0,-0.81763387,0.09768690913915634,0.5493612289428711,0.5074332356452942
YBR149W,YJL108C,0,-0.8176682,0.09766673296689987,0.5493612289428711,0.5075493454933167
YJR054W,YOR361C,0,-0.81767726,0.0976465716958046,0.5493612289428711,0.5076655149459839
YGR231C,YLR225C,0,-0.8177146,0.09762641787528992,0.5493612289428711,0.5077816247940063
YDR345C,YLR242C,0,-0.81776357,0.09760627150535583,0.5493612289428711,0.5078977942466736
YGR166W,YIL138C,0,-0.8180207,0.09758613258600235,0.5493612289428711,0.5080139636993408
YGL192W,YNL015W,0,-0.8180208,0.09756600856781006,0.5493612289428711,0.5081300735473633
YGR184C,YER111C,0,-0.81804395,0.09754588454961777,0.5493612289428711,0.5082462430000305
YHR042W,YLR027C,0,-0.81808114,0.09752577543258667,0.5493612289428711,0.508362352848053
YGR096W,YNL046W,0,-0.818138,0.09750566631555557,0.5493612289428711,0.5084785223007202
YHR067W,YLR333C,0,-0.81815124,0.09748557209968567,0.5493612289428711,0.5085946321487427
YCL040W,YMR004W,0,-0.8181688,0.09746548533439636,0.5493612289428711,0.5087108016014099
YPR140W,YLR035C,0,-0.8182423,0.09744540601968765,0.5493612289428711,0.5088269710540771
YGR241C,YML098W,0,-0.8183142,0.09742533415555954,0.5493612289428711,0.5089430809020996
YDR099W,YGR138C,0,-0.8183203,0.09740526974201202,0.5493612289428711,0.5090592503547668
YKL056C,YIR004W,0,-0.81837547,0.0973852202296257,0.5493612289428711,0.5091753602027893
YKL008C,YER142C,0,-0.8184134,0.09736517071723938,0.5493612289428711,0.5092915296554565
YPL130W,YFL018C,0,-0.8184426,0.09734513610601425,0.5493612289428711,0.509407639503479
YLR234W,YML078W,0,-0.818468,0.09732510149478912,0.5493612289428711,0.5095238089561462
YDR169C,YML007W,0,-0.81856287,0.09730508178472519,0.5493612289428711,0.5096399784088135
YOL002C,YDR005C,0,-0.8185772,0.09728506952524185,0.5493612289428711,0.5097560882568359
YOR308C,YCR045C,0,-0.81867623,0.09726506471633911,0.5493612289428711,0.5098722577095032
YIR014W,YMR119W,0,-0.8186841,0.09724506735801697,0.5493612289428711,0.5099883675575256
YIL038C,YMR106C,0,-0.8187642,0.09722507745027542,0.5493612289428711,0.5101045370101929
YBR086C,YHL033C,0,-0.8187821,0.09720509499311447,0.5493612289428711,0.5102206468582153
YLL067C,YDR386W,0,-0.81880355,0.09718512743711472,0.5493612289428711,0.5103368163108826
YJR145C,YDR194C,0,-0.81880987,0.09716515988111496,0.5493612289428711,0.5104529857635498
YAL028W,YHL036W,0,-0.818871,0.0971452072262764,0.5493612289428711,0.5105690956115723
YIL162W,YOR182C,0,-0.81889844,0.09712525457143784,0.5493612289428711,0.5106852650642395
YKL208W,YMR291W,0,-0.8189373,0.09710531681776047,0.5493612289428711,0.510801374912262
YMR208W,YER020W,0,-0.8189858,0.0970853865146637,0.5493612289428711,0.5109175443649292
YOR144C,YJR059W,0,-0.8190048,0.09706546366214752,0.5493612289428711,0.5110336542129517
YLR096W,YAL053W,0,-0.8190079,0.09704554826021194,0.5493612289428711,0.5111498236656189
YJL179W,YBR103W,0,-0.81907153,0.09702564030885696,0.5493612289428711,0.5112659931182861
YGL028C,YDR533C,0,-0.8190919,0.09700573980808258,0.5493612289428711,0.5113821029663086
YMR290C,YLL014W,0,-0.8191148,0.09698585420846939,0.5493612289428711,0.5114982724189758
YJR118C,YDR316W,0,-0.8191334,0.0969659686088562,0.5493612289428711,0.5116143822669983
YGR097W,YJR153W,0,-0.81917477,0.0969460979104042,0.5493612289428711,0.5117305517196655
YOR330C,YLR128W,0,-0.8191868,0.09692622721195221,0.5493612289428711,0.511846661567688
YDR213W,YDL130W,0,-0.8192133,0.09690637141466141,0.5493612289428711,0.5119628310203552
YPL176C,YML082W,0,-0.81923044,0.0968865230679512,0.5493612289428711,0.5120790004730225
YOR175C,YPR128C,0,-0.81923115,0.0968666821718216,0.5493612289428711,0.5121951103210449
YAL048C,YDR188W,0,-0.8192407,0.09684684872627258,0.5493612289428711,0.5123112797737122
YHR084W,YJL089W,1,-0.81933415,0.09703172743320465,0.5505226254463196,0.5123112797737122
YLR234W,YPL237W,0,-0.8193978,0.09701187163591385,0.5505226254463196,0.5124273896217346
YGR108W,YOR231W,0,-0.8194784,0.09699202328920364,0.5505226254463196,0.5125435590744019
YBR123C,YBL091C,0,-0.8194879,0.09697217494249344,0.5505226254463196,0.5126596689224243
YDR388W,YKL025C,0,-0.81949615,0.09695234149694443,0.5505226254463196,0.5127758383750916
YKL060C,YDR216W,0,-0.8195876,0.09693251550197601,0.5505226254463196,0.5128920078277588
YGL009C,YJR109C,0,-0.8195909,0.0969126969575882,0.5505226254463196,0.5130081176757812
YNL045W,YDR225W,0,-0.8195994,0.09689288586378098,0.5505226254463196,0.5131242871284485
YER109C,YPL049C,1,-0.81961954,0.09707745909690857,0.5516840815544128,0.5131242871284485
YLR233C,YOR208W,0,-0.8197514,0.09705761820077896,0.5516840815544128,0.513240396976471
YJR001W,YDR330W,0,-0.8198286,0.09703779220581055,0.5516840815544128,0.5133565664291382
YLR040C,YPL227C,0,-0.8199266,0.09701797366142273,0.5516840815544128,0.5134727358818054
YPR009W,YGL219C,0,-0.8199506,0.09699816256761551,0.5516840815544128,0.5135888457298279
YBR139W,YNR054C,0,-0.81996167,0.09697835892438889,0.5516840815544128,0.5137050151824951
YDL156W,YOR182C,0,-0.82001543,0.09695856273174286,0.5516840815544128,0.5138211250305176
YOR381W,YMR323W,0,-0.82002056,0.09693877398967743,0.5516840815544128,0.5139372944831848
YPL115C,YHR011W,1,-0.820163,0.09712303429841995,0.5528455376625061,0.5139372944831848
YBL006C,YLR449W,0,-0.8202164,0.09710322320461273,0.5528455376625061,0.5140534043312073
YIL056W,YGR277C,0,-0.8202946,0.09708341956138611,0.5528455376625061,0.5141695737838745
YDR091C,YMR165C,0,-0.8203373,0.09706362336874008,0.5528455376625061,0.5142857432365417
YMR076C,YFR050C,0,-0.8203846,0.09704383462667465,0.5528455376625061,0.5144018530845642
YKL211C,YJR159W,0,-0.82043016,0.09702405333518982,0.5528455376625061,0.5145180225372314
YPL009C,YBL022C,0,-0.8204657,0.09700427949428558,0.5528455376625061,0.5146341323852539
YDR104C,YGL079W,0,-0.8204708,0.09698451310396194,0.5528455376625061,0.5147503018379211
YHR065C,YOL088C,0,-0.82051945,0.0969647616147995,0.5528455376625061,0.5148664116859436
YFR032C-A,YOR257W,0,-0.82052255,0.09694501012563705,0.5528455376625061,0.5149825811386108
YOR284W,YJL109C,0,-0.8205514,0.0969252660870552,0.5528455376625061,0.5150987505912781
YNL099C,YBL103C,0,-0.82055545,0.09690553694963455,0.5528455376625061,0.5152148604393005
YML067C,YDR242W,0,-0.82071567,0.0968858152627945,0.5528455376625061,0.5153310298919678
YOR061W,YOL156W,0,-0.8207202,0.09686609357595444,0.5528455376625061,0.5154471397399902
YLR435W,YNR008W,0,-0.82078445,0.09684638679027557,0.5528455376625061,0.5155633091926575
YKL211C,YGL195W,0,-0.8208611,0.09682668745517731,0.5528455376625061,0.5156794190406799
YHR007C,YER071C,0,-0.8208635,0.09680699557065964,0.5528455376625061,0.5157955884933472
YGL097W,YKR034W,0,-0.8208847,0.09678731113672256,0.5528455376625061,0.5159117579460144
YDR380W,YOL146W,0,-0.8209208,0.09676763415336609,0.5528455376625061,0.5160278677940369
YGR040W,YLR083C,1,-0.82102406,0.09695121645927429,0.5540069937705994,0.5160278677940369
YDR342C,YDR432W,0,-0.8210889,0.09693151712417603,0.5540069937705994,0.5161440372467041
YCR031C,YKR042W,0,-0.8212521,0.09691182523965836,0.5540069937705994,0.5162601470947266
YDL049C,YKL212W,0,-0.8212544,0.09689214080572128,0.5540069937705994,0.5163763165473938
YLR040C,YGR280C,0,-0.82125473,0.09687246382236481,0.5540069937705994,0.5164924263954163
YIL023C,YER048C,0,-0.82127583,0.09685279428958893,0.5540069937705994,0.5166085958480835
YDL067C,YLR384C,0,-0.8213694,0.09683313220739365,0.5540069937705994,0.5167247653007507
YHR108W,YOR319W,0,-0.8216318,0.09681347757577896,0.5540069937705994,0.5168408751487732
YJR054W,YNR046W,0,-0.82169557,0.09679383039474487,0.5540069937705994,0.5169570446014404
YBR211C,YDR037W,0,-0.8217071,0.09677419066429138,0.5540069937705994,0.5170731544494629
YOL126C,YGL005C,0,-0.8218527,0.09675456583499908,0.5540069937705994,0.5171893239021301
YGR266W,YMR215W,0,-0.82187784,0.09673494100570679,0.5540069937705994,0.5173054337501526
YOL146W,YPL023C,0,-0.82188594,0.09671533107757568,0.5540069937705994,0.5174216032028198
YLL001W,YPL021W,0,-0.8219032,0.09669572114944458,0.5540069937705994,0.5175377726554871
YER096W,YKL021C,0,-0.8219037,0.09667612612247467,0.5540069937705994,0.5176538825035095
YDL092W,YNR020C,0,-0.8219484,0.09665653854608536,0.5540069937705994,0.5177700519561768
YKR077W,YIL082W-A,0,-0.8219758,0.09663695096969604,0.5540069937705994,0.5178861618041992
YPL227C,YOR217W,0,-0.82202125,0.09661737829446793,0.5540069937705994,0.5180023312568665
YHR206W,YPL095C,0,-0.82203984,0.0965978130698204,0.5540069937705994,0.5181184411048889
YNR030W,YGL185C,0,-0.82216716,0.09657825529575348,0.5540069937705994,0.5182346105575562
YOL072W,YBR156C,0,-0.8221766,0.09655870497226715,0.5540069937705994,0.5183507800102234
YEL013W,YMR056C,0,-0.82221174,0.09653916209936142,0.5540069937705994,0.5184668898582458
YNL305C,YDR210W,0,-0.8222321,0.09651962667703629,0.5540069937705994,0.5185830593109131
YNL142W,YPR102C,0,-0.82231724,0.09650009870529175,0.5540069937705994,0.5186991691589355
YPL053C,YDR440W,0,-0.82237005,0.0964805856347084,0.5540069937705994,0.5188153386116028
YBR082C,YJL207C,0,-0.82239044,0.09646107256412506,0.5540069937705994,0.5189314484596252
YOR044W,YBR241C,0,-0.82250226,0.09644156694412231,0.5540069937705994,0.5190476179122925
YBL013W,YDL081C,0,-0.82269526,0.09642207622528076,0.5540069937705994,0.5191637873649597
YDR393W,YGL171W,0,-0.82272315,0.09640258550643921,0.5540069937705994,0.5192798972129822
YER143W,YOR125C,0,-0.8227787,0.09638310968875885,0.5540069937705994,0.5193960666656494
YDR531W,YOL039W,0,-0.822801,0.09636363387107849,0.5540069937705994,0.5195121765136719
YGL245W,YDR323C,0,-0.8230492,0.09634417295455933,0.5540069937705994,0.5196283459663391
YMR083W,YGL136C,0,-0.82305825,0.09632471948862076,0.5540069937705994,0.5197444558143616
YOR077W,YMR037C,0,-0.8230779,0.09630526602268219,0.5540069937705994,0.5198606252670288
YHR064C,YPL204W,0,-0.8230957,0.09628582745790482,0.5540069937705994,0.519976794719696
YLR121C,YFL053W,0,-0.8231125,0.09626639634370804,0.5540069937705994,0.5200929045677185
YCL045C,YKL141W,0,-0.8232273,0.09624697268009186,0.5540069937705994,0.5202090740203857
YKL156W,YML004C,0,-0.8232969,0.09622755646705627,0.5540069937705994,0.5203251838684082
YDR031W,YOL097C,0,-0.8233036,0.09620814770460129,0.5540069937705994,0.5204413533210754
YDR092W,YLR070C,0,-0.82335377,0.0961887463927269,0.5540069937705994,0.5205574631690979
YKL035W,YLR027C,0,-0.82335556,0.0961693525314331,0.5540069937705994,0.5206736326217651
YMR322C,YER118C,0,-0.823449,0.09614996612071991,0.5540069937705994,0.5207898020744324
YKR087C,YDL093W,0,-0.82351613,0.09613059461116791,0.5540069937705994,0.5209059119224548
YPL100W,YNL068C,0,-0.82355213,0.0961112231016159,0.5540069937705994,0.5210220813751221
YOL006C,YIL114C,0,-0.82376635,0.0960918590426445,0.5540069937705994,0.5211381912231445
YDR292C,YDR529C,0,-0.8237679,0.09607250988483429,0.5540069937705994,0.5212543606758118
YMR220W,YBR018C,0,-0.8237777,0.09605316072702408,0.5540069937705994,0.5213704705238342
YDR320C,YIL051C,0,-0.82399225,0.09603382647037506,0.5540069937705994,0.5214866399765015
YGL179C,YNR053C,0,-0.82412684,0.09601449221372604,0.5540069937705994,0.5216028094291687
YMR236W,YPR041W,0,-0.8241627,0.09599517285823822,0.5540069937705994,0.5217189192771912
YLR034C,YIL158W,0,-0.82416546,0.0959758535027504,0.5540069937705994,0.5218350887298584
YGL175C,YPR057W,0,-0.8241664,0.09595654904842377,0.5540069937705994,0.5219511985778809
YLL016W,YKL048C,0,-0.82420444,0.09593725204467773,0.5540069937705994,0.5220673680305481
YOR075W,YNL214W,0,-0.8242401,0.0959179550409317,0.5540069937705994,0.5221834778785706
YPR025C,YBL061C,0,-0.82436943,0.09589867293834686,0.5540069937705994,0.5222996473312378
YGR040W,YHL007C,1,-0.82442176,0.09608040004968643,0.5551683902740479,0.5222996473312378
YGL011C,YLR142W,0,-0.82444227,0.0960610955953598,0.5551683902740479,0.522415816783905
YOR080W,YGR040W,1,-0.8246093,0.09624271839857101,0.5563298463821411,0.522415816783905
YOR101W,YPL228W,0,-0.8247665,0.096223384141922,0.5563298463821411,0.5225319266319275
YDR379W,YOR127W,1,-0.82485366,0.09640490263700485,0.5574913024902344,0.5225319266319275
YGR040W,YAL056W,1,-0.82488716,0.09658634662628174,0.5586527585983276,0.5225319266319275
YHR072W-A,YDR358W,0,-0.82492256,0.09656695276498795,0.5586527585983276,0.5226480960845947
YJL153C,YPL177C,0,-0.8249861,0.09654757380485535,0.5586527585983276,0.5227642059326172
YLL035W,YJL092W,0,-0.82503843,0.09652819484472275,0.5586527585983276,0.5228803753852844
YPL155C,YIL033C,0,-0.8250735,0.09650883078575134,0.5586527585983276,0.5229965448379517
YFL004W,YHR088W,0,-0.8250854,0.09648946672677994,0.5586527585983276,0.5231126546859741
YNL119W,YBR083W,1,-0.82536435,0.09667067974805832,0.5598141551017761,0.5231126546859741
YDL092W,YDR088C,0,-0.82552946,0.09665129333734512,0.5598141551017761,0.5232288241386414
YGR005C,YDR202C,0,-0.8255328,0.09663191437721252,0.5598141551017761,0.5233449339866638
YPL210C,YPL031C,0,-0.8255701,0.09661255031824112,0.5598141551017761,0.523461103439331
YNL310C,YNL135C,0,-0.8256296,0.09659318625926971,0.5598141551017761,0.5235772132873535
YBL020W,YJL196C,0,-0.8257365,0.0965738296508789,0.5598141551017761,0.5236933827400208
YNL299W,YHR102W,0,-0.8257518,0.09655448794364929,0.5598141551017761,0.523809552192688
YML120C,YPL056C,0,-0.82575965,0.09653514623641968,0.5598141551017761,0.5239256620407104
YGL063W,YPL189C-A,0,-0.8258662,0.09651581943035126,0.5598141551017761,0.5240418314933777
YPR063C,YGR109C,0,-0.8258923,0.09649650007486343,0.5598141551017761,0.5241579413414001
YDR011W,YPR023C,0,-0.82592964,0.09647718071937561,0.5598141551017761,0.5242741107940674
YDR446W,YPL017C,0,-0.8260981,0.09645787626504898,0.5598141551017761,0.5243902206420898
YKL155C,YNL181W,0,-0.82619166,0.09643857181072235,0.5598141551017761,0.5245063900947571
YJR017C,YGR104C,0,-0.8262899,0.09641928225755692,0.5598141551017761,0.5246225595474243
YJR067C,YGR260W,0,-0.826409,0.09640000015497208,0.5598141551017761,0.5247386693954468
YGR138C,YHL002W,0,-0.82645226,0.09638072550296783,0.5598141551017761,0.524854838848114
YGR026W,YDL030W,0,-0.8264991,0.09636145830154419,0.5598141551017761,0.5249709486961365
YCR016W,YIR004W,0,-0.8266479,0.09634219110012054,0.5598141551017761,0.5250871181488037
YKL113C,YOL032W,0,-0.8268447,0.0963229387998581,0.5598141551017761,0.5252032279968262
YDL165W,YLR459W,0,-0.82687163,0.09630369395017624,0.5598141551017761,0.5253193974494934
YAL012W,YHL002W,0,-0.8268888,0.09628445655107498,0.5598141551017761,0.5254355669021606
YPL105C,YBR233W-A,0,-0.82692075,0.09626522660255432,0.5598141551017761,0.5255516767501831
YCR005C,YIL062C,0,-0.826921,0.09624600410461426,0.5598141551017761,0.5256678462028503
YPR025C,YKR062W,0,-0.82695055,0.09622678905725479,0.5598141551017761,0.5257839560508728
YER109C,YGR040W,1,-0.82699883,0.09640718251466751,0.5609756112098694,0.5257839560508728
YJL089W,YDR477W,1,-0.8270371,0.09658750891685486,0.5621370673179626,0.5257839560508728
YHR111W,YGL208W,1,-0.8270477,0.09676776081323624,0.5632984638214111,0.5257839560508728
YMR072W,YBR055C,0,-0.8271438,0.0967484563589096,0.5632984638214111,0.52590012550354
YIL008W,YOR127W,1,-0.82714844,0.09692859649658203,0.5644599199295044,0.52590012550354
YER045C,YNL318C,0,-0.82721746,0.09690926969051361,0.5644599199295044,0.5260162353515625
YDR077W,YDL156W,0,-0.8272425,0.09688995033502579,0.5644599199295044,0.5261324048042297
YMR261C,YPR009W,0,-0.82726455,0.09687063843011856,0.5644599199295044,0.526248574256897
YHR115C,YDR520C,0,-0.82728624,0.09685133397579193,0.5644599199295044,0.5263646841049194
YER153C,YAR050W,0,-0.82735157,0.0968320369720459,0.5644599199295044,0.5264808535575867
YOR047C,YKL198C,0,-0.82742095,0.09681274741888046,0.5644599199295044,0.5265969634056091
YAL035W,YOR044W,0,-0.8274877,0.09679346531629562,0.5644599199295044,0.5267131328582764
YHR165C,YPL253C,0,-0.8275933,0.09677419066429138,0.5644599199295044,0.5268292427062988
YDR258C,YGL006W,0,-0.8276248,0.09675493091344833,0.5644599199295044,0.5269454121589661
YPR056W,YPR120C,0,-0.82769465,0.09673567116260529,0.5644599199295044,0.5270615816116333
YML058W,YDL153C,0,-0.82772005,0.09671641886234283,0.5644599199295044,0.5271776914596558
YGL129C,YLR154C,0,-0.8277391,0.09669717401266098,0.5644599199295044,0.527293860912323
YPL118W,YFR004W,0,-0.8277514,0.09667793661355972,0.5644599199295044,0.5274099707603455
YIL085C,YPL058C,0,-0.82779574,0.09665871411561966,0.5644599199295044,0.5275261402130127
YIL009W,YDL095W,0,-0.82780755,0.0966394916176796,0.5644599199295044,0.5276422500610352
YDR041W,YPL206C,0,-0.8278364,0.09662027657032013,0.5644599199295044,0.5277584195137024
YML107C,YDR448W,0,-0.82784116,0.09660107642412186,0.5644599199295044,0.5278745889663696
YDR116C,YDR057W,0,-0.82784545,0.09658187627792358,0.5644599199295044,0.5279906988143921
YFR053C,YJR120W,0,-0.82788956,0.09656268358230591,0.5644599199295044,0.5281068682670593
YGL100W,YJR060W,0,-0.827891,0.09654350578784943,0.5644599199295044,0.5282229781150818
YJL102W,YPL066W,0,-0.827929,0.09652432799339294,0.5644599199295044,0.528339147567749
YCR018C,YDL160C,0,-0.8280033,0.09650516510009766,0.5644599199295044,0.5284552574157715
YGL135W,YLR035C,0,-0.8280958,0.09648600220680237,0.5644599199295044,0.5285714268684387
YDL122W,YJL076W,0,-0.8281108,0.09646685421466827,0.5644599199295044,0.528687596321106
YCL055W,YDR261C,0,-0.828117,0.09644770622253418,0.5644599199295044,0.5288037061691284
YKR045C,YDR087C,0,-0.8282366,0.09642857313156128,0.5644599199295044,0.5289198756217957
YDL058W,YNR051C,0,-0.82838845,0.09640944004058838,0.5644599199295044,0.5290359854698181
YDR519W,YOR344C,0,-0.8284341,0.09639032185077667,0.5644599199295044,0.5291521549224854
YOR064C,YKR024C,0,-0.82844377,0.09637121111154556,0.5644599199295044,0.5292682647705078
YIL156W,YJR090C,0,-0.8284731,0.09635210037231445,0.5644599199295044,0.529384434223175
YNL294C,YHR011W,1,-0.82859576,0.0965312197804451,0.5656213760375977,0.529384434223175
YAL061W,YGL144C,0,-0.82868266,0.0965120866894722,0.5656213760375977,0.5295006036758423
YPR047W,YNR011C,0,-0.82874346,0.09649296849966049,0.5656213760375977,0.5296167135238647
YLR116W,YDR246W,0,-0.82879496,0.09647385030984879,0.5656213760375977,0.529732882976532
YNL024C,YKR085C,0,-0.82880485,0.09645474702119827,0.5656213760375977,0.5298489928245544
YDR511W,YOR016C,0,-0.828895,0.09643564373254776,0.5656213760375977,0.5299651622772217
YPR075C,YGR279C,0,-0.82894754,0.09641654789447784,0.5656213760375977,0.5300812721252441
YBR188C,YBR014C,0,-0.82895756,0.09639746695756912,0.5656213760375977,0.5301974415779114
YBR176W,YGL151W,0,-0.8289645,0.0963783860206604,0.5656213760375977,0.5303136110305786
YER183C,YPR166C,0,-0.8289801,0.09635931998491287,0.5656213760375977,0.5304297208786011
YER173W,YMR208W,0,-0.82900894,0.09634025394916534,0.5656213760375977,0.5305458903312683
YEL026W,YDL056W,0,-0.8290546,0.09632120281457901,0.5656213760375977,0.5306620001792908
YOR264W,YIL015W,0,-0.8291501,0.09630215913057327,0.5656213760375977,0.530778169631958
YER113C,YOL116W,1,-0.82916725,0.0964808240532875,0.5667828321456909,0.530778169631958
YML085C,YIL101C,0,-0.8291793,0.09646175056695938,0.5667828321456909,0.5308942794799805
YGR026W,YDR179C,0,-0.829188,0.09644268453121185,0.5667828321456909,0.5310104489326477
YHL015W,YJR019C,0,-0.8292204,0.09642363339662552,0.5667828321456909,0.5311266183853149
YML062C,YMR184W,0,-0.8292233,0.09640458226203918,0.5667828321456909,0.5312427282333374
YLR433C,YOR229W,0,-0.8292501,0.09638553857803345,0.5667828321456909,0.5313588976860046
YOR127W,YHR084W,1,-0.82927513,0.09656397998332977,0.5679442286491394,0.5313588976860046
YER045C,YPL233W,0,-0.8292872,0.09654491394758224,0.5679442286491394,0.5314750075340271
YIL009C-A,YDR524C,0,-0.82938814,0.09652585536241531,0.5679442286491394,0.5315911769866943
YBR168W,YKL052C,0,-0.82942665,0.09650681167840958,0.5679442286491394,0.5317073464393616
YPL203W,YIR019C,1,-0.8294337,0.09668508172035217,0.5691056847572327,0.5317073464393616
YDR045C,YDR545W,0,-0.82947814,0.09666600823402405,0.5691056847572327,0.531823456287384
YGR026W,YKL129C,0,-0.8295219,0.09664694219827652,0.5691056847572327,0.5319396257400513
YDL043C,YDR056C,0,-0.829543,0.09662788361310959,0.5691056847572327,0.5320557355880737
YER123W,YBR258C,0,-0.82959723,0.09660883247852325,0.5691056847572327,0.532171905040741
YLR045C,YDR358W,0,-0.82965505,0.09658978879451752,0.5691056847572327,0.5322880148887634
YGR163W,YNR019W,0,-0.829672,0.09657075256109238,0.5691056847572327,0.5324041843414307
YKL039W,YOR264W,0,-0.82970893,0.09655172377824783,0.5691056847572327,0.5325203537940979
YOR155C,YDR302W,0,-0.8297651,0.09653270244598389,0.5691056847572327,0.5326364636421204
YIR023W,YFR010W,0,-0.82976913,0.09651368856430054,0.5691056847572327,0.5327526330947876
YHL015W,YKL100C,0,-0.8297771,0.09649468213319778,0.5691056847572327,0.5328687429428101
YOR140W,YBL061C,0,-0.829926,0.09647568315267563,0.5691056847572327,0.5329849123954773
YML021C,YHR017W,0,-0.8300065,0.09645669162273407,0.5691056847572327,0.5331010222434998
YNL275W,YOL120C,0,-0.8300406,0.09643770754337311,0.5691056847572327,0.533217191696167
YMR043W,YLR369W,0,-0.8300481,0.09641873091459274,0.5691056847572327,0.5333333611488342
YLR001C,YER119C,0,-0.8301859,0.09639976173639297,0.5691056847572327,0.5334494709968567
YDL160C,YOR298C-A,0,-0.8302313,0.0963808000087738,0.5691056847572327,0.5335656404495239
YNR023W,YBR234C,0,-0.8302617,0.09636184573173523,0.5691056847572327,0.5336817502975464
YNL088W,YKL040C,0,-0.8302963,0.09634289890527725,0.5691056847572327,0.5337979197502136
YKL191W,YLL005C,0,-0.8303219,0.09632395952939987,0.5691056847572327,0.5339140295982361
YHR011W,YNL197C,1,-0.8303971,0.09650157392024994,0.5702671408653259,0.5339140295982361
YIL137C,YER011W,0,-0.83045256,0.09648261219263077,0.5702671408653259,0.5340301990509033
YIL004C,YLR265C,0,-0.83045936,0.0964636579155922,0.5702671408653259,0.5341463685035706
YNL047C,YGL210W,0,-0.8305073,0.09644470363855362,0.5702671408653259,0.534262478351593
YPL004C,YAL058W,0,-0.8306315,0.09642576426267624,0.5702671408653259,0.5343786478042603
YHR216W,YBR215W,0,-0.8306583,0.09640683233737946,0.5702671408653259,0.5344947576522827
YMR202W,YLL054C,0,-0.83079875,0.09638790786266327,0.5702671408653259,0.53461092710495
YMR175W,YNL336W,0,-0.8308023,0.09636899083852768,0.5702671408653259,0.5347270369529724
YJR139C,YGR033C,0,-0.8309053,0.09635008126497269,0.5702671408653259,0.5348432064056396
YKL063C,YOR063W,0,-0.83104074,0.0963311716914177,0.5702671408653259,0.5349593758583069
YAL041W,YJL089W,1,-0.83106756,0.0965084359049797,0.5714285969734192,0.5349593758583069
YOR001W,YDR517W,0,-0.8311877,0.09648951143026352,0.5714285969734192,0.5350754857063293
YDR046C,YJL121C,0,-0.8312173,0.09647058695554733,0.5714285969734192,0.5351916551589966
YDR055W,YMR156C,0,-0.8313031,0.09645167738199234,0.5714285969734192,0.535307765007019
YDR386W,YFR030W,0,-0.8313328,0.09643276780843735,0.5714285969734192,0.5354239344596863
YBR114W,YLR260W,0,-0.83144474,0.09641387313604355,0.5714285969734192,0.5355400443077087
YPR054W,YGR138C,0,-0.83146596,0.09639498591423035,0.5714285969734192,0.535656213760376
YDR108W,YGL227W,0,-0.83150613,0.09637609869241714,0.5714285969734192,0.5357723832130432
YOR242C,YKL152C,0,-0.8315942,0.09635722637176514,0.5714285969734192,0.5358884930610657
YOL042W,YLR037C,0,-0.83162725,0.09633836150169373,0.5714285969734192,0.5360046625137329
YBR119W,YBR241C,0,-0.8317224,0.09631949663162231,0.5714285969734192,0.5361207723617554
YHR111W,YER113C,1,-0.8318403,0.09649638086557388,0.5725899934768677,0.5361207723617554
YPR065W,YDR287W,0,-0.83185697,0.09647749364376068,0.5725899934768677,0.5362369418144226
YKR099W,YHL022C,0,-0.83195674,0.09645862132310867,0.5725899934768677,0.5363530516624451
YOL033W,YPR175W,0,-0.83206975,0.09643974900245667,0.5725899934768677,0.5364692211151123
YIL019W,YML004C,0,-0.8320855,0.09642089158296585,0.5725899934768677,0.5365853905677795
YBL080C,YIL138C,0,-0.8321564,0.09640203416347504,0.5725899934768677,0.536701500415802
YHR024C,YNR041C,0,-0.8321612,0.09638318419456482,0.5725899934768677,0.5368176698684692
YCR038C,YDR320C-A,0,-0.8322269,0.0963643491268158,0.5725899934768677,0.5369337797164917
YOL001W,YCL005W-A,0,-0.8322569,0.09634551405906677,0.5725899934768677,0.5370499491691589
YNL069C,YCL038C,0,-0.8323058,0.09632668644189835,0.5725899934768677,0.5371660590171814
YBR279W,YOL148C,0,-0.83239925,0.09630787372589111,0.5725899934768677,0.5372822284698486
YGR047C,YBR089C-A,0,-0.8324009,0.09628906100988388,0.5725899934768677,0.5373983979225159
YNR041C,YCR028C-A,0,-0.8324096,0.09627026319503784,0.5725899934768677,0.5375145077705383
YDR452W,YBR215W,0,-0.8325324,0.0962514653801918,0.5725899934768677,0.5376306772232056
YPL140C,YDL014W,0,-0.83260596,0.09623267501592636,0.5725899934768677,0.537746787071228
YBR012W-A,YKL148C,0,-0.83264244,0.09621389210224152,0.5725899934768677,0.5378629565238953
YBR180W,YCL064C,0,-0.8327416,0.09619512408971786,0.5725899934768677,0.5379790663719177
YNL136W,YIL040W,0,-0.83281887,0.09617635607719421,0.5725899934768677,0.538095235824585
YJR117W,YPL153C,0,-0.8328438,0.09615759551525116,0.5725899934768677,0.5382114052772522
YIL036W,YOR122C,0,-0.8330418,0.0961388424038887,0.5725899934768677,0.5383275151252747
YOR043W,YFL034C-B,0,-0.83305335,0.09612010419368744,0.5725899934768677,0.5384436845779419
YMR316W,YHL007C,1,-0.8330666,0.0962962955236435,0.5737514495849609,0.5384436845779419
YKL138C,YPL189C-A,0,-0.8331623,0.09627752751111984,0.5737514495849609,0.5385597944259644
YBR236C,YMR105C,0,-0.8332846,0.09625876694917679,0.5737514495849609,0.5386759638786316
YJL209W,YGR014W,0,-0.8333421,0.09624001383781433,0.5737514495849609,0.538792073726654
YHR111W,YMR116C,1,-0.8335024,0.09641604870557785,0.5749129056930542,0.538792073726654
YML086C,YKL080W,0,-0.8335297,0.0963972732424736,0.5749129056930542,0.5389082431793213
YBL025W,YLR304C,0,-0.8337076,0.09637850522994995,0.5749129056930542,0.5390244126319885
YGR271C-A,YKL032C,0,-0.8338022,0.0963597446680069,0.5749129056930542,0.539140522480011
YJR105W,YPR101W,0,-0.83381975,0.09634099155664444,0.5749129056930542,0.5392566919326782
YDR107C,YBR083W,1,-0.8339695,0.09651683270931244,0.5760743618011475,0.5392566919326782
YDR325W,YLR120C,0,-0.83403075,0.09649805724620819,0.5760743618011475,0.5393728017807007
YJR105W,YJL180C,0,-0.83410966,0.09647928178310394,0.5760743618011475,0.5394889712333679
YOL122C,YOR086C,0,-0.8341192,0.09646052122116089,0.5760743618011475,0.5396050810813904
YMR128W,YOR073W,0,-0.83415174,0.09644176810979843,0.5760743618011475,0.5397212505340576
YPL091W,YLR189C,0,-0.8341656,0.09642301499843597,0.5760743618011475,0.5398374199867249
YMR311C,YDR452W,0,-0.8343531,0.09640427678823471,0.5760743618011475,0.5399535298347473
YML064C,YLL014W,0,-0.83444345,0.09638553857803345,0.5760743618011475,0.5400696992874146
YOR361C,YOR181W,0,-0.83453226,0.09636681526899338,0.5760743618011475,0.540185809135437
YLL013C,YCR008W,0,-0.83453524,0.0963480994105339,0.5760743618011475,0.5403019785881042
YDL130W-A,YLR297W,0,-0.8345369,0.09632938355207443,0.5760743618011475,0.5404181480407715
YDR011W,YPL164C,0,-0.83481777,0.09631068259477615,0.5760743618011475,0.540534257888794
YNL241C,YOR066W,0,-0.8348272,0.09629198163747787,0.5760743618011475,0.5406504273414612
YOR195W,YMR079W,0,-0.8348303,0.09627329558134079,0.5760743618011475,0.5407665371894836
YHR096C,YCR102C,0,-0.8348851,0.0962546095252037,0.5760743618011475,0.5408827066421509
YDR027C,YDR441C,0,-0.8349103,0.09623593091964722,0.5760743618011475,0.5409988164901733
YMR166C,YHR045W,0,-0.83495116,0.09621726721525192,0.5760743618011475,0.5411149859428406
YER102W,YKL149C,0,-0.8349651,0.09619860351085663,0.5760743618011475,0.5412311553955078
YNL197C,YLR083C,1,-0.83514166,0.09637386351823807,0.577235758304596,0.5412311553955078
YDR288W,YJR001W,0,-0.83519363,0.09635517746210098,0.577235758304596,0.5413472652435303
YPR061C,YBR077C,0,-0.83519614,0.0963364988565445,0.577235758304596,0.5414634346961975
YHR197W,YPR023C,0,-0.8352634,0.0963178277015686,0.577235758304596,0.54157954454422
YNL047C,YOR257W,0,-0.83531237,0.09629916399717331,0.577235758304596,0.5416957139968872
YOR322C,YOR336W,0,-0.8353847,0.09628050774335861,0.577235758304596,0.5418118238449097
YGR002C,YJR152W,0,-0.83554924,0.09626186639070511,0.577235758304596,0.5419279932975769
YDR352W,YJL026W,0,-0.83556247,0.0962432250380516,0.577235758304596,0.5420441627502441
YDL190C,YEL064C,0,-0.83563495,0.0962245911359787,0.577235758304596,0.5421602725982666
YPL203W,YHL007C,1,-0.8356681,0.09639953821897507,0.5783972144126892,0.5421602725982666
YCR020W-B,YOL020W,0,-0.83569837,0.09638088196516037,0.5783972144126892,0.5422764420509338
YLR229C,YER027C,1,-0.8357748,0.09655572474002838,0.5795586705207825,0.5422764420509338
YBR168W,YKR060W,0,-0.8357848,0.0965370461344719,0.5795586705207825,0.5423925518989563
YER068W,YKL058W,0,-0.83583236,0.096518374979496,0.5795586705207825,0.5425087213516235
YOL084W,YLL005C,0,-0.8358499,0.09649971127510071,0.5795586705207825,0.542624831199646
YDL212W,YIL154C,0,-0.8359486,0.09648105502128601,0.5795586705207825,0.5427410006523132
YNR020C,YBR130C,0,-0.83601093,0.09646239876747131,0.5795586705207825,0.5428571701049805
YJL090C,YKL178C,0,-0.83603954,0.09644375741481781,0.5795586705207825,0.5429732799530029
YDL180W,YGL166W,0,-0.83605623,0.0964251235127449,0.5795586705207825,0.5430894494056702
YGR209C,YMR017W,0,-0.8360565,0.096406489610672,0.5795586705207825,0.5432055592536926
YHR011W,YOR371C,1,-0.83615804,0.09658103436231613,0.580720067024231,0.5432055592536926
YDL195W,YBL027W,0,-0.83622193,0.09656237810850143,0.580720067024231,0.5433217287063599
YDL004W,YCR102C,0,-0.8362895,0.09654373675584793,0.580720067024231,0.5434378385543823
YHR102W,YIL157C,0,-0.8362932,0.09652509540319443,0.580720067024231,0.5435540080070496
YCL054W,YDR409W,0,-0.83631766,0.09650646895170212,0.580720067024231,0.5436701774597168
YDR168W,YLR176C,0,-0.83633304,0.09648784250020981,0.580720067024231,0.5437862873077393
YDR145W,YDR044W,0,-0.836336,0.0964692234992981,0.580720067024231,0.5439024567604065
YGL147C,YAR007C,0,-0.83641756,0.09645061939954758,0.580720067024231,0.544018566608429
YGL144C,YGR152C,0,-0.83641946,0.09643201529979706,0.580720067024231,0.5441347360610962
YNL164C,YBR040W,0,-0.8365158,0.09641341865062714,0.580720067024231,0.5442508459091187
YLL022C,YOL001W,0,-0.83655524,0.09639483690261841,0.580720067024231,0.5443670153617859
YKL039W,YOR070C,0,-0.8366333,0.09637625515460968,0.580720067024231,0.5444831848144531
YDL184C,YBR212W,0,-0.8366742,0.09635768085718155,0.580720067024231,0.5445992946624756
YBL087C,YBR001C,0,-0.8367032,0.09633911401033401,0.580720067024231,0.5447154641151428
YMR214W,YOL088C,0,-0.83689415,0.09632055461406708,0.580720067024231,0.5448315739631653
YNL173C,YML095C,0,-0.8369323,0.09630200266838074,0.580720067024231,0.5449477434158325
YHR111W,YOR371C,1,-0.8369713,0.09647602587938309,0.5818815231323242,0.5449477434158325
YLR361C,YER003C,0,-0.83698344,0.09645745158195496,0.5818815231323242,0.545063853263855
YKR031C,YBR214W,0,-0.83705807,0.09643888473510742,0.5818815231323242,0.5451800227165222
YDR422C,YDL209C,0,-0.8372116,0.09642032533884048,0.5818815231323242,0.5452961921691895
YHR105W,YIL034C,0,-0.837232,0.09640177339315414,0.5818815231323242,0.5454123020172119
YHR108W,YHR083W,0,-0.83738124,0.0963832214474678,0.5818815231323242,0.5455284714698792
YMR063W,YCR003W,0,-0.83741415,0.09636468440294266,0.5818815231323242,0.5456445813179016
YML034W,YMR056C,0,-0.8374406,0.09634615480899811,0.5818815231323242,0.5457607507705688
YMR021C,YGR037C,0,-0.8374913,0.09632763266563416,0.5818815231323242,0.5458768606185913
YIL106W,YGR280C,0,-0.83754194,0.0963091105222702,0.5818815231323242,0.5459930300712585
YNR069C,YNL241C,0,-0.8375852,0.09629060328006744,0.5818815231323242,0.5461091995239258
YCL067C,YAR019C,0,-0.83772814,0.09627209603786469,0.5818815231323242,0.5462253093719482
YOR357C,YNL069C,0,-0.8378643,0.09625360369682312,0.5818815231323242,0.5463414788246155
YER109C,YER027C,1,-0.83788025,0.09642720222473145,0.5830429792404175,0.5463414788246155
YJR110W,YLR186W,0,-0.83790267,0.09640868008136749,0.5830429792404175,0.5464575886726379
YHR020W,YLR345W,0,-0.8379309,0.09639016538858414,0.5830429792404175,0.5465737581253052
YNL310C,YAL013W,0,-0.837942,0.09637166559696198,0.5830429792404175,0.5466898679733276
YIL120W,YDR165W,0,-0.8379513,0.09635316580533981,0.5830429792404175,0.5468060374259949
YHR196W,YGR241C,0,-0.83795524,0.09633467346429825,0.5830429792404175,0.5469222068786621
YER030W,YPR148C,0,-0.8379946,0.09631619602441788,0.5830429792404175,0.5470383167266846
YPL236C,YGL005C,0,-0.83808315,0.0962977185845375,0.5830429792404175,0.5471544861793518
YBL010C,YPR143W,0,-0.83809245,0.09627924859523773,0.5830429792404175,0.5472705960273743
YLR090W,YNR036C,0,-0.83816373,0.09626078605651855,0.5830429792404175,0.5473867654800415
YPR096C,YHR026W,0,-0.8381655,0.09624233096837997,0.5830429792404175,0.547502875328064
YMR121C,YER041W,0,-0.8381691,0.09622388333082199,0.5830429792404175,0.5476190447807312
YOR100C,YPR110C,0,-0.8382324,0.0962054431438446,0.5830429792404175,0.5477352142333984
YNL327W,YHR005C,0,-0.8382534,0.09618701040744781,0.5830429792404175,0.5478513240814209
YNL111C,YML087C,0,-0.83826756,0.09616858512163162,0.5830429792404175,0.5479674935340881
YAL068C,YLL026W,0,-0.83828723,0.09615015983581543,0.5830429792404175,0.5480836033821106
YKL140W,YNL071W,0,-0.83851564,0.09613174945116043,0.5830429792404175,0.5481997728347778
YPR122W,YMR286W,0,-0.8386247,0.09611334651708603,0.5830429792404175,0.5483158826828003
YHR205W,YKL018W,0,-0.8386314,0.09609494358301163,0.5830429792404175,0.5484320521354675
YLL038C,YDL052C,0,-0.83863306,0.09607655555009842,0.5830429792404175,0.5485482215881348
YJL078C,YHR028C,0,-0.8386549,0.09605816751718521,0.5830429792404175,0.5486643314361572
YGR204W,YPL040C,0,-0.8386818,0.0960397943854332,0.5830429792404175,0.5487805008888245
YAL043C,YDL115C,0,-0.8387071,0.09602142125368118,0.5830429792404175,0.5488966107368469
YPL088W,YKR093W,0,-0.83871603,0.09600306302309036,0.5830429792404175,0.5490127801895142
YDR129C,YML088W,0,-0.83881295,0.09598470479249954,0.5830429792404175,0.5491289496421814
YDR349C,YJR105W,0,-0.8388338,0.09596635401248932,0.5830429792404175,0.5492450594902039
YMR030W,YIL111W,0,-0.83889925,0.09594801068305969,0.5830429792404175,0.5493612289428711
YMR092C,YNL041C,0,-0.8389641,0.09592967480421066,0.5830429792404175,0.5494773387908936
YBL087C,YOL051W,0,-0.8390256,0.09591134637594223,0.5830429792404175,0.5495935082435608
YNL083W,YDR111C,0,-0.83912516,0.0958930253982544,0.5830429792404175,0.5497096180915833
YIL013C,YBR049C,0,-0.8392072,0.09587471187114716,0.5830429792404175,0.5498257875442505
YDR080W,YHR010W,0,-0.8392396,0.09585640579462051,0.5830429792404175,0.5499419569969177
YBR069C,YGR087C,0,-0.83924174,0.09583810716867447,0.5830429792404175,0.5500580668449402
YDL103C,YHR104W,0,-0.8392669,0.09581981599330902,0.5830429792404175,0.5501742362976074
YAL047C,YBL045C,0,-0.8392954,0.09580152481794357,0.5830429792404175,0.5502903461456299
YLR008C,YML081C-A,0,-0.83930993,0.09578324854373932,0.5830429792404175,0.5504065155982971
YDR325W,YOR217W,0,-0.83947456,0.09576497226953506,0.5830429792404175,0.5505226254463196
YJR042W,YLR023C,0,-0.83951426,0.095746710896492,0.5830429792404175,0.5506387948989868
YIL008W,YDR477W,1,-0.83954203,0.09591914713382721,0.5842044353485107,0.5506387948989868
YBL006C,YDR322W,0,-0.839587,0.09590085595846176,0.5842044353485107,0.550754964351654
YDR488C,YHR181W,0,-0.8395932,0.09588257968425751,0.5842044353485107,0.5508710741996765
YMR047C,YPR057W,0,-0.83962774,0.09586430341005325,0.5842044353485107,0.5509872436523438
YKL054C,YPR112C,0,-0.8396739,0.0958460345864296,0.5842044353485107,0.5511033535003662
YOR362C,YNL037C,0,-0.839748,0.09582777321338654,0.5842044353485107,0.5512195229530334
YLR388W,YMR231W,0,-0.83989406,0.09580952674150467,0.5842044353485107,0.5513356328010559
YPL103C,YDR214W,0,-0.83997035,0.0957912802696228,0.5842044353485107,0.5514518022537231
YCL047C,YEL059C-A,0,-0.83998,0.09577304124832153,0.5842044353485107,0.5515679717063904
YKL107W,YAL051W,0,-0.8399849,0.09575480967760086,0.5842044353485107,0.5516840815544128
YNR024W,YDR194C,0,-0.8400533,0.09573657810688019,0.5842044353485107,0.5518002510070801
YJL094C,YDR121W,0,-0.8400936,0.09571836143732071,0.5842044353485107,0.5519163608551025
YDR135C,YMR262W,0,-0.840112,0.09570015221834183,0.5842044353485107,0.5520325303077698
YDR293C,YHR039C,0,-0.8401916,0.09568195044994354,0.5842044353485107,0.5521486401557922
YNL113W,YGR049W,0,-0.8404075,0.09566374868154526,0.5842044353485107,0.5522648096084595
YDR484W,YJL197W,0,-0.84047997,0.09564556181430817,0.5842044353485107,0.5523809790611267
YOL078W,YML043C,0,-0.84058344,0.09562737494707108,0.5842044353485107,0.5524970889091492
YMR224C,YIL138C,0,-0.8406781,0.09560920298099518,0.5842044353485107,0.5526132583618164
YKR087C,YPR107C,0,-0.8406843,0.09559103101491928,0.5842044353485107,0.5527293682098389
YBR119W,YGL189C,0,-0.84080195,0.09557286649942398,0.5842044353485107,0.5528455376625061
YHR111W,YHR011W,1,-0.840816,0.09574468433856964,0.5853658318519592,0.5528455376625061
YGL207W,YOL088C,0,-0.8408854,0.09572649747133255,0.5853658318519592,0.5529616475105286
YAL041W,YDR477W,1,-0.84097624,0.09589821845293045,0.5865272879600525,0.5529616475105286
YPL152W,YGR057C,0,-0.8410162,0.09588000923395157,0.5865272879600525,0.5530778169631958
YMR011W,YCR048W,0,-0.8410295,0.09586180746555328,0.5865272879600525,0.553193986415863
YMR312W,YHR207C,0,-0.84106684,0.0958436131477356,0.5865272879600525,0.5533100962638855
YBR105C,YPL226W,0,-0.84114754,0.0958254262804985,0.5865272879600525,0.5534262657165527
YEL020W-A,YHR129C,0,-0.8411535,0.09580724686384201,0.5865272879600525,0.5535423755645752
YOR358W,YPL161C,0,-0.84115565,0.09578907489776611,0.5865272879600525,0.5536585450172424
YOR328W,YBR022W,0,-0.84125125,0.09577091038227081,0.5865272879600525,0.5537746548652649
YMR035W,YAL025C,0,-0.841274,0.09575274586677551,0.5865272879600525,0.5538908243179321
YOL002C,YER029C,0,-0.84133697,0.0957345962524414,0.5865272879600525,0.5540069937705994
YNL293W,YNR045W,0,-0.8413825,0.0957164540886879,0.5865272879600525,0.5541231036186218
YNL294C,YDR379W,1,-0.8414309,0.09588781744241714,0.5876887440681458,0.5541231036186218
YJR143C,YLR192C,0,-0.84152186,0.09586964547634125,0.5876887440681458,0.5542392730712891
YOR330C,YCL026C-A,0,-0.8415525,0.09585148841142654,0.5876887440681458,0.5543553829193115
YDR495C,YPL148C,0,-0.8416128,0.09583333134651184,0.5876887440681458,0.5544715523719788
YMR309C,YBR298C,0,-0.8416395,0.09581518918275833,0.5876887440681458,0.5545876622200012
YHR183W,YOR208W,0,-0.8416674,0.09579704701900482,0.5876887440681458,0.5547038316726685
YAL041W,YMR316W,1,-0.8416705,0.09596820175647736,0.588850200176239,0.5547038316726685
YMR309C,YPR106W,0,-0.8418611,0.09595003724098206,0.588850200176239,0.5548200011253357
YDR162C,YDL017W,0,-0.8418994,0.09593188017606735,0.588850200176239,0.5549361109733582
YDL168W,YCL055W,0,-0.8421192,0.09591373801231384,0.588850200176239,0.5550522804260254
YML019W,YKR059W,0,-0.84211934,0.09589559584856033,0.588850200176239,0.5551683902740479
YPL158C,YNL306W,0,-0.8421974,0.09587746113538742,0.588850200176239,0.5552845597267151
YOL133W,YPR180W,0,-0.8423654,0.0958593338727951,0.588850200176239,0.5554006695747375
YOR197W,YPR143W,0,-0.8423674,0.09584120661020279,0.588850200176239,0.5555168390274048
YHL019C,YOR140W,0,-0.84242284,0.09582309424877167,0.588850200176239,0.555633008480072
YML027W,YIL137C,0,-0.8425127,0.09580498933792114,0.588850200176239,0.5557491183280945
YGL208W,YOL116W,1,-0.84254694,0.09597581624984741,0.5900115966796875,0.5557491183280945
YMR256C,YDL230W,0,-0.8426846,0.0959576889872551,0.5900115966796875,0.5558652877807617
YDR210W,YOL032W,0,-0.8426924,0.09593956917524338,0.5900115966796875,0.5559813976287842
YMR030W,YBL105C,0,-0.84271514,0.09592144936323166,0.5900115966796875,0.5560975670814514
YNL311C,YHL022C,0,-0.84272146,0.09590334445238113,0.5900115966796875,0.5562136769294739
YML008C,YLR297W,0,-0.8427806,0.09588523954153061,0.5900115966796875,0.5563298463821411
YPL204W,YLR324W,0,-0.8427986,0.09586714208126068,0.5900115966796875,0.5564460158348083
YGR116W,YHR207C,0,-0.8428141,0.09584905952215195,0.5900115966796875,0.5565621256828308
YKL027W,YML011C,0,-0.84291255,0.09583097696304321,0.5900115966796875,0.556678295135498
YAL061W,YCR054C,0,-0.8429363,0.09581290185451508,0.5900115966796875,0.5567944049835205
YKL014C,YJR093C,0,-0.8429464,0.09579483419656754,0.5900115966796875,0.5569105744361877
YLR154C,YKR029C,0,-0.8429562,0.09577677398920059,0.5900115966796875,0.5570266842842102
YLR004C,YBR045C,0,-0.84299254,0.09575872123241425,0.5900115966796875,0.5571428537368774
YHR207C,YDR069C,0,-0.84309685,0.0957406684756279,0.5900115966796875,0.5572590231895447
YGL022W,YDR202C,0,-0.84315014,0.09572263062000275,0.5900115966796875,0.5573751330375671
YIL068C,YDR320C-A,0,-0.84316254,0.09570460021495819,0.5900115966796875,0.5574913024902344
YMR230W,YNL288W,0,-0.84317183,0.09568656980991364,0.5900115966796875,0.5576074123382568
YLR019W,YNL129W,0,-0.8432199,0.09566854685544968,0.5900115966796875,0.5577235817909241
YLR266C,YJL127C,0,-0.8434274,0.09565053880214691,0.5900115966796875,0.5578396916389465
YIL147C,YER051W,0,-0.8434378,0.09563253074884415,0.5900115966796875,0.5579558610916138
YPL088W,YIL034C,0,-0.84348595,0.09561453014612198,0.5900115966796875,0.558072030544281
YOL039W,YIL037C,0,-0.8434918,0.09559653699398041,0.5900115966796875,0.5581881403923035
YER027C,YJL089W,1,-0.8435099,0.09576670080423355,0.5911730527877808,0.5581881403923035
YML027W,YDR210W,0,-0.8435403,0.09574868530035019,0.5911730527877808,0.5583043098449707
YER161C,YJR134C,0,-0.8435687,0.09573067724704742,0.5911730527877808,0.5584204196929932
YGR108W,YLR467W,0,-0.84362507,0.09571267664432526,0.5911730527877808,0.5585365891456604
YPL141C,YGL067W,0,-0.8437941,0.09569467604160309,0.5911730527877808,0.5586527585983276
YMR036C,YKL146W,0,-0.8437979,0.09567669034004211,0.5911730527877808,0.5587688684463501
YDL135C,YGR035C,0,-0.84379876,0.09565871208906174,0.5911730527877808,0.5588850378990173
YPR056W,YLR133W,0,-0.8438165,0.09564073383808136,0.5911730527877808,0.5590011477470398
YDR103W,YDR477W,1,-0.8438531,0.09581062942743301,0.592334508895874,0.5590011477470398
YFL052W,YHR001W-A,0,-0.8438581,0.09579263627529144,0.592334508895874,0.559117317199707
YBL005W-A,YBL027W,0,-0.8439363,0.09577465057373047,0.592334508895874,0.5592334270477295
YIL156W,YGL067W,0,-0.8440076,0.0957566648721695,0.592334508895874,0.5593495965003967
YNL233W,YER170W,0,-0.8440317,0.09573868662118912,0.592334508895874,0.559465765953064
YBR210W,YGL085W,0,-0.84403276,0.09572072327136993,0.592334508895874,0.5595818758010864
YPR022C,YJL190C,0,-0.8440913,0.09570275992155075,0.592334508895874,0.5596980452537537
YMR021C,YDR001C,0,-0.8441211,0.09568480402231216,0.592334508895874,0.5598141551017761
YPR037C,YOR007C,0,-0.8441688,0.09566685557365417,0.592334508895874,0.5599303245544434
YDR440W,YDR536W,0,-0.84420407,0.09564891457557678,0.592334508895874,0.5600464344024658
YGL207W,YGR154C,0,-0.8442228,0.09563097357749939,0.592334508895874,0.5601626038551331
YDR338C,YPR028W,0,-0.8443792,0.09561304748058319,0.592334508895874,0.5602787733078003
YDR016C,YBL046W,0,-0.84444225,0.09559512883424759,0.592334508895874,0.5603948831558228
YER028C,YGR277C,0,-0.8445082,0.09557721018791199,0.592334508895874,0.56051105260849
YFR041C,YAR007C,0,-0.84463227,0.09555930644273758,0.592334508895874,0.5606271624565125
YBR040W,YAL001C,0,-0.8448367,0.09554140269756317,0.592334508895874,0.5607433319091797
YPL203W,YGR040W,1,-0.84497356,0.09571080654859543,0.5934959053993225,0.5607433319091797
YFL029C,YLR337C,0,-0.8450326,0.09569288045167923,0.5934959053993225,0.5608594417572021
YBR050C,YML015C,0,-0.84515524,0.09567496925592422,0.5934959053993225,0.5609756112098694
YHR111W,YDL159W,1,-0.8453213,0.09584425389766693,0.5946573615074158,0.5609756112098694
YJR047C,YDR288W,0,-0.84550893,0.09582631289958954,0.5946573615074158,0.5610917806625366
YOR191W,YLR435W,0,-0.8455471,0.09580838680267334,0.5946573615074158,0.5612078905105591
YDR464W,YDL099W,0,-0.8455616,0.09579046070575714,0.5946573615074158,0.5613240599632263
YJR158W,YPL224C,0,-0.84564435,0.09577254205942154,0.5946573615074158,0.5614401698112488
YDL195W,YNR008W,0,-0.8456595,0.09575463086366653,0.5946573615074158,0.561556339263916
YNL251C,YER144C,0,-0.8457035,0.09573672711849213,0.5946573615074158,0.5616724491119385
YGL224C,YJL072C,0,-0.84572375,0.09571882337331772,0.5946573615074158,0.5617886185646057
YBR272C,YGR007W,0,-0.84577227,0.0957009345293045,0.5946573615074158,0.561904788017273
YPL115C,YMR116C,1,-0.8457755,0.09586992859840393,0.595818817615509,0.561904788017273
YGR028W,YGR217W,0,-0.845778,0.09585201740264893,0.595818817615509,0.5620208978652954
YOR037W,YCR075C,0,-0.84583557,0.09583411365747452,0.595818817615509,0.5621370673179626
YJL154C,YNL137C,0,-0.84588754,0.09581620991230011,0.595818817615509,0.5622531771659851
YPL202C,YMR236W,0,-0.8459475,0.0957983210682869,0.595818817615509,0.5623693466186523
YHR019C,YHL006C,0,-0.84613216,0.09578043222427368,0.595818817615509,0.5624854564666748
YBR227C,YGL192W,0,-0.84624624,0.09576255083084106,0.595818817615509,0.562601625919342
YDL080C,YBR004C,0,-0.84626186,0.09574468433856964,0.595818817615509,0.5627177953720093
YLL005C,YDR175C,0,-0.8464062,0.09572681784629822,0.595818817615509,0.5628339052200317
YPR010C,YKL088W,0,-0.84645796,0.09570895880460739,0.595818817615509,0.562950074672699
YER148W,YBL038W,0,-0.8465618,0.09569109976291656,0.595818817615509,0.5630661845207214
YPL204W,YLR139C,0,-0.846625,0.09567325562238693,0.595818817615509,0.5631823539733887
YOL007C,YER122C,0,-0.84668255,0.0956554189324379,0.595818817615509,0.5632984638214111
YLR345W,YNL096C,0,-0.8467498,0.09563758224248886,0.595818817615509,0.5634146332740784
YLR089C,YOR359W,0,-0.84685516,0.09561976045370102,0.595818817615509,0.5635308027267456
YOR175C,YMR281W,0,-0.846925,0.09560193866491318,0.595818817615509,0.5636469125747681
YHR014W,YNL275W,0,-0.8469647,0.09558412432670593,0.595818817615509,0.5637630820274353
YLR360W,YBR280C,0,-0.84716773,0.09556631743907928,0.595818817615509,0.5638791918754578
YGR263C,YIR002C,0,-0.84729457,0.09554851800203323,0.595818817615509,0.563995361328125
YNL103W,YIL015W,0,-0.8472949,0.09553072601556778,0.595818817615509,0.5641114711761475
YOR264W,YJL063C,0,-0.8473023,0.09551294147968292,0.595818817615509,0.5642276406288147
YGR075C,YOL071W,0,-0.84753907,0.09549515694379807,0.595818817615509,0.5643438100814819
YPL156C,YNL227C,0,-0.84754705,0.0954773873090744,0.595818817615509,0.5644599199295044
YER036C,YLR421C,0,-0.8477006,0.09545961767435074,0.595818817615509,0.5645760893821716
YCR035C,YOR014W,0,-0.847921,0.09544186294078827,0.595818817615509,0.5646921992301941
YDR380W,YDR021W,0,-0.84803355,0.0954241082072258,0.595818817615509,0.5648083686828613
YKL033W,YNL154C,0,-0.8480545,0.09540636092424393,0.595818817615509,0.5649244785308838
YDR103W,YDR480W,1,-0.8481624,0.09557456523180008,0.5969802737236023,0.5649244785308838
YJL048C,YLR283W,0,-0.84822965,0.09555679559707642,0.5969802737236023,0.565040647983551
YER173W,YBR004C,0,-0.8482903,0.09553903341293335,0.5969802737236023,0.5651568174362183
YOR361C,YPL232W,0,-0.84833765,0.09552127867937088,0.5969802737236023,0.5652729272842407
YHR016C,YBR193C,0,-0.8483858,0.09550353139638901,0.5969802737236023,0.565389096736908
YBL040C,YLL001W,0,-0.8484485,0.09548579156398773,0.5969802737236023,0.5655052065849304
YCL027W,YNR007C,0,-0.8484545,0.09546805173158646,0.5969802737236023,0.5656213760375977
YGL035C,YLR143W,0,-0.84849906,0.09545032680034637,0.5969802737236023,0.5657374858856201
YML078W,YGL012W,0,-0.8485136,0.09543260186910629,0.5969802737236023,0.5658536553382874
YOL052C-A,YIL157C,0,-0.8485167,0.09541488438844681,0.5969802737236023,0.5659698247909546
YDL184C,YDR019C,0,-0.8485563,0.09539718180894852,0.5969802737236023,0.566085934638977
YGL095C,YER111C,0,-0.84858084,0.09537947922945023,0.5969802737236023,0.5662021040916443
YOR249C,YKL222C,0,-0.8486115,0.09536178410053253,0.5969802737236023,0.5663182139396667
YFL034C-B,YBL091C,0,-0.8486856,0.09534408897161484,0.5969802737236023,0.566434383392334
YBR038W,YPL138C,0,-0.8488097,0.09532640874385834,0.5969802737236023,0.5665504932403564
YER062C,YMR226C,0,-0.8488821,0.09530873596668243,0.5969802737236023,0.5666666626930237
YJR025C,YOL034W,0,-0.84892833,0.09529106318950653,0.5969802737236023,0.5667828321456909
YJL033W,YMR130W,0,-0.84899986,0.09527339786291122,0.5969802737236023,0.5668989419937134
YMR158W,YHR025W,0,-0.84904623,0.09525574743747711,0.5969802737236023,0.5670151114463806
YLL050C,YDR422C,0,-0.8491353,0.095238097012043,0.5969802737236023,0.5671312212944031
YPL108W,YJL111W,0,-0.8492887,0.09522045403718948,0.5969802737236023,0.5672473907470703
YBR028C,YDR256C,0,-0.8493459,0.09520281851291656,0.5969802737236023,0.5673635601997375
YDR379W,YHL007C,1,-0.84940994,0.09537036716938019,0.5981416702270508,0.5673635601997375
YNL318C,YER023W,0,-0.849463,0.09535270929336548,0.5981416702270508,0.56747967004776
YBL037W,YNL130C,0,-0.84948075,0.09533505886793137,0.5981416702270508,0.5675958395004272
YOR061W,YNR026C,0,-0.8496456,0.09531741589307785,0.5981416702270508,0.5677119493484497
YGR075C,YLR390W-A,0,-0.8500831,0.09529978036880493,0.5981416702270508,0.5678281188011169
YDR088C,YLR221C,0,-0.850145,0.09528214484453201,0.5981416702270508,0.5679442286491394
YNL115C,YLR233C,0,-0.8501873,0.09526452422142029,0.5981416702270508,0.5680603981018066
YGL160W,YIL031W,0,-0.85021186,0.09524690359830856,0.5981416702270508,0.5681765675544739
YPL187W,YKL139W,0,-0.8502964,0.09522929042577744,0.5981416702270508,0.5682926774024963
YGL022W,YDR121W,0,-0.850332,0.0952116847038269,0.5981416702270508,0.5684088468551636
YGR275W,YER044C,0,-0.8506799,0.09519408643245697,0.5981416702270508,0.568524956703186
YOL122C,YBR167C,0,-0.85070705,0.09517649561166763,0.5981416702270508,0.5686411261558533
YER169W,YDR323C,0,-0.85078204,0.0951589047908783,0.5981416702270508,0.5687572360038757
YGL253W,YLR059C,0,-0.8508104,0.09514132887125015,0.5981416702270508,0.568873405456543
YML081C-A,YBR018C,0,-0.85085666,0.09512375295162201,0.5981416702270508,0.5689895749092102
YPL203W,YER109C,1,-0.850919,0.09529086202383041,0.599303126335144,0.5689895749092102
YOR127W,YDR480W,1,-0.85098684,0.09545790404081345,0.6004645824432373,0.5689895749092102
YDR362C,YDR345C,0,-0.85099626,0.09544028341770172,0.6004645824432373,0.5691056847572327
YDR092W,YKR034W,0,-0.8510164,0.09542266279459,0.6004645824432373,0.5692218542098999
YDR352W,YDR301W,0,-0.8510579,0.09540505707263947,0.6004645824432373,0.5693379640579224
YMR205C,YKR030W,0,-0.8510767,0.09538745135068893,0.6004645824432373,0.5694541335105896
YJR091C,YOR172W,0,-0.8511015,0.0953698605298996,0.6004645824432373,0.5695702433586121
YNL311C,YLR418C,0,-0.85119116,0.09535226970911026,0.6004645824432373,0.5696864128112793
YPL130W,YJL181W,0,-0.85125446,0.09533468633890152,0.6004645824432373,0.5698025822639465
YOR132W,YDR092W,0,-0.8513193,0.09531711041927338,0.6004645824432373,0.569918692111969
YOR320C,YDL095W,0,-0.8513348,0.09529954195022583,0.6004645824432373,0.5700348615646362
YBR289W,YGL246C,0,-0.8513515,0.09528197348117828,0.6004645824432373,0.5701509714126587
YDR488C,YLL021W,0,-0.851408,0.09526441991329193,0.6004645824432373,0.5702671408653259
YJL097W,YDR375C,0,-0.85141146,0.09524686634540558,0.6004645824432373,0.5703832507133484
YNL118C,YPL158C,0,-0.851449,0.09522932767868042,0.6004645824432373,0.5704994201660156
YOL089C,YOR153W,0,-0.8514757,0.09521178901195526,0.6004645824432373,0.5706155896186829
YCR091W,YOR326W,0,-0.8515744,0.0951942577958107,0.6004645824432373,0.5707316994667053
YMR224C,YOL119C,0,-0.8515806,0.09517673403024673,0.6004645824432373,0.5708478689193726
YOR227W,YDR456W,0,-0.85163355,0.09515921026468277,0.6004645824432373,0.570963978767395
YER110C,YKR029C,0,-0.85165,0.09514170140028,0.6004645824432373,0.5710801482200623
YIL122W,YLR172C,0,-0.8517271,0.09512419253587723,0.6004645824432373,0.5711962580680847
YBR154C,YBR212W,0,-0.851735,0.09510669857263565,0.6004645824432373,0.571312427520752
YDR466W,YIL009C-A,0,-0.85178053,0.09508920460939407,0.6004645824432373,0.5714285969734192
YER174C,YLR384C,0,-0.85179675,0.0950717180967331,0.6004645824432373,0.5715447068214417
YGL240W,YHR114W,0,-0.8518429,0.09505423903465271,0.6004645824432373,0.5716608762741089
YHR001W,YIR022W,0,-0.8520138,0.09503676742315292,0.6004645824432373,0.5717769861221313
YMR307W,YIL030C,0,-0.8520566,0.09501929581165314,0.6004645824432373,0.5718931555747986
YGR040W,YBR083W,1,-0.852059,0.09518559277057648,0.6016260385513306,0.5718931555747986
YPR025C,YEL058W,0,-0.85213065,0.0951681062579155,0.6016260385513306,0.572009265422821
YPL017C,YDR212W,0,-0.8522717,0.09515062719583511,0.6016260385513306,0.5721254348754883
YMR101C,YER083C,0,-0.85234594,0.09513314813375473,0.6016260385513306,0.5722416043281555
YLR038C,YDL005C,0,-0.85241437,0.09511568397283554,0.6016260385513306,0.572357714176178
YGR257C,YAL051W,0,-0.8524548,0.09509821981191635,0.6016260385513306,0.5724738836288452
YKL173W,YGR220C,0,-0.8525497,0.09508076310157776,0.6016260385513306,0.5725899934768677
YIL122W,YHR010W,0,-0.8527132,0.09506331384181976,0.6016260385513306,0.5727061629295349
YPL133C,YDL165W,0,-0.85292387,0.09504587203264236,0.6016260385513306,0.5728222727775574
YGR292W,YKL196C,0,-0.8529422,0.09502843767404556,0.6016260385513306,0.5729384422302246
YLR052W,YKL135C,0,-0.8529769,0.09501100331544876,0.6016260385513306,0.5730546116828918
YAL041W,YGL208W,1,-0.8529923,0.09517696499824524,0.602787435054779,0.5730546116828918
YIR036C,YDR033W,0,-0.85306287,0.09515951573848724,0.602787435054779,0.5731707215309143
YGR046W,YKL181W,0,-0.853101,0.09514207392930984,0.602787435054779,0.5732868909835815
YDR047W,YLR039C,0,-0.8531518,0.09512463212013245,0.602787435054779,0.573403000831604
YHR102W,YHR027C,0,-0.85338926,0.09510720521211624,0.602787435054779,0.5735191702842712
YBL013W,YLR333C,0,-0.85339165,0.09508977830410004,0.602787435054779,0.5736352801322937
YGL107C,YPL117C,0,-0.85343933,0.09507235884666443,0.602787435054779,0.5737514495849609
YGL045W,YHR073W,1,-0.8534472,0.095238097012043,0.6039488911628723,0.5737514495849609
YOR057W,YLL036C,0,-0.8538153,0.0952206552028656,0.6039488911628723,0.5738676190376282
YKL069W,YKR025W,0,-0.85384417,0.0952032208442688,0.6039488911628723,0.5739837288856506
YLR343W,YKR037C,0,-0.8539084,0.0951857939362526,0.6039488911628723,0.5740998983383179
YNL145W,YGL017W,0,-0.8539134,0.09516837447881699,0.6039488911628723,0.5742160081863403
YOR363C,YKL025C,0,-0.85391665,0.09515096247196198,0.6039488911628723,0.5743321776390076
YLR194C,YFR055W,0,-0.85397077,0.09513355046510696,0.6039488911628723,0.57444828748703
YOL117W,YGR063C,0,-0.85404253,0.09511615335941315,0.6039488911628723,0.5745644569396973
YJR117W,YOL100W,0,-0.8540437,0.09509875625371933,0.6039488911628723,0.5746806263923645
YDR529C,YOR095C,0,-0.85405195,0.09508136659860611,0.6039488911628723,0.574796736240387
YDR155C,YJR113C,0,-0.8540671,0.09506398439407349,0.6039488911628723,0.5749129056930542
YNR030W,YGR198W,0,-0.85407376,0.09504660964012146,0.6039488911628723,0.5750290155410767
YPL170W,YER170W,0,-0.8541447,0.09502924233675003,0.6039488911628723,0.5751451849937439
YAL047C,YER096W,0,-0.8541621,0.0950118750333786,0.6039488911628723,0.5752612948417664
YDL207W,YOR073W,0,-0.8542799,0.09499452263116837,0.6039488911628723,0.5753774642944336
YNL115C,YDR298C,0,-0.8543112,0.09497717022895813,0.6039488911628723,0.5754936337471008
YDL010W,YAL009W,0,-0.8545648,0.09495982527732849,0.6039488911628723,0.5756097435951233
YPL203W,YNL294C,1,-0.85463333,0.09512507170438766,0.6051103472709656,0.5756097435951233
YOR357C,YPL256C,0,-0.85469604,0.09510770440101624,0.6051103472709656,0.5757259130477905
YGL061C,YBR015C,0,-0.854794,0.0950903445482254,0.6051103472709656,0.575842022895813
YJR120W,YDL003W,0,-0.85504115,0.09507299214601517,0.6051103472709656,0.5759581923484802
YML075C,YAR007C,0,-0.8550811,0.09505564719438553,0.6051103472709656,0.5760743618011475
YJR153W,YFL024C,0,-0.85516274,0.09503830969333649,0.6051103472709656,0.5761904716491699
YML116W,YDR148C,0,-0.85518897,0.09502097219228745,0.6051103472709656,0.5763066411018372
YDR397C,YBR019C,0,-0.8552064,0.0950036495923996,0.6051103472709656,0.5764227509498596
YER133W,YMR002W,0,-0.85525835,0.09498632699251175,0.6051103472709656,0.5765389204025269
YKL179C,YJL041W,0,-0.85534585,0.0949690118432045,0.6051103472709656,0.5766550302505493
YNL279W,YGL096W,0,-0.8553629,0.09495170414447784,0.6051103472709656,0.5767711997032166
YHR079C-A,YOL152W,0,-0.8553891,0.09493440389633179,0.6051103472709656,0.5768873691558838
YHR124W,YGR161C,0,-0.85542345,0.09491710364818573,0.6051103472709656,0.5770034790039062
YMR165C,YGR055W,0,-0.8554437,0.09489981830120087,0.6051103472709656,0.5771196484565735
YLR355C,YNL088W,0,-0.8555341,0.094882532954216,0.6051103472709656,0.577235758304596
YDR528W,YJL159W,0,-0.85556626,0.09486525505781174,0.6051103472709656,0.5773519277572632
YMR312W,YLR411W,0,-0.8556148,0.09484799206256866,0.6051103472709656,0.5774680376052856
YHR215W,YMR268C,0,-0.8556869,0.094830721616745,0.6051103472709656,0.5775842070579529
YDL154W,YML110C,0,-0.85574234,0.09481346607208252,0.6051103472709656,0.5777003765106201
YLR148W,YKR067W,0,-0.85587204,0.09479621797800064,0.6051103472709656,0.5778164863586426
YPL132W,YDR481C,0,-0.8558911,0.09477896988391876,0.6051103472709656,0.5779326558113098
YIL167W,YDR198C,0,-0.8559128,0.09476172924041748,0.6051103472709656,0.5780487656593323
YGR254W,YDL214C,0,-0.85593605,0.0947444960474968,0.6051103472709656,0.5781649351119995
YNL330C,YLR399C,0,-0.85600555,0.09472727030515671,0.6051103472709656,0.578281044960022
YKL109W,YKR034W,0,-0.856063,0.09471005201339722,0.6051103472709656,0.5783972144126892
YKL099C,YGL119W,0,-0.8561101,0.09469284117221832,0.6051103472709656,0.5785133838653564
YHL040C,YOL100W,0,-0.8561466,0.09467563033103943,0.6051103472709656,0.5786294937133789
YGR154C,YBR058C-A,0,-0.85614717,0.09465842694044113,0.6051103472709656,0.5787456631660461
YDR244W,YFR015C,0,-0.8561727,0.09464123845100403,0.6051103472709656,0.5788617730140686
YHL038C,YGR292W,0,-0.85625803,0.09462404996156693,0.6051103472709656,0.5789779424667358
YMR116C,YIR019C,1,-0.85634506,0.09478845447301865,0.6062718033790588,0.5789779424667358
YPR005C,YMR105C,0,-0.85636556,0.09477124363183975,0.6062718033790588,0.5790940523147583
YNR024W,YLR459W,0,-0.8567245,0.09475404024124146,0.6062718033790588,0.5792102217674255
YDR500C,YKL025C,0,-0.85695446,0.09473684430122375,0.6062718033790588,0.5793263912200928
YGR263C,YKL155C,0,-0.8569777,0.09471964836120605,0.6062718033790588,0.5794425010681152
YGL009C,YOR061W,0,-0.8570008,0.09470246732234955,0.6062718033790588,0.5795586705207825
YPR017C,YNL126W,0,-0.8571526,0.09468528628349304,0.6062718033790588,0.5796747803688049
YOR080W,YHR084W,1,-0.85716605,0.09484947472810745,0.6074331998825073,0.5796747803688049
YIR008C,YDL181W,0,-0.8572407,0.09483227878808975,0.6074331998825073,0.5797909498214722
YDR142C,YJL122W,0,-0.8572767,0.09481508284807205,0.6074331998825073,0.5799070596694946
YPR183W,YDR056C,0,-0.8574116,0.09479789435863495,0.6074331998825073,0.5800232291221619
YJR064W,YGR068C,0,-0.85742486,0.09478072077035904,0.6074331998825073,0.5801393985748291
YLR148W,YLR135W,0,-0.8575939,0.09476354718208313,0.6074331998825073,0.5802555084228516
YHR111W,YHR073W,1,-0.8577856,0.09492753446102142,0.6085946559906006,0.5802555084228516
YDR398W,YGL245W,0,-0.8578038,0.09491034597158432,0.6085946559906006,0.5803716778755188
YOR361C,YML086C,0,-0.85783386,0.09489315748214722,0.6085946559906006,0.5804877877235413
YMR079W,YNL065W,0,-0.857865,0.09487597644329071,0.6085946559906006,0.5806039571762085
YNR001C,YOL146W,0,-0.85787666,0.0948587954044342,0.6085946559906006,0.580720067024231
YDR379W,YDR480W,1,-0.8579775,0.09502262622117996,0.6097561120986938,0.580720067024231
YMR022W,YOL132W,0,-0.85801125,0.09500543028116226,0.6097561120986938,0.5808362364768982
YNR011C,YHR115C,0,-0.85801435,0.09498824179172516,0.6097561120986938,0.5809524059295654
YMR029C,YCL017C,0,-0.8580463,0.09497105330228806,0.6097561120986938,0.5810685157775879
YDR402C,YNR051C,0,-0.8582394,0.09495387971401215,0.6097561120986938,0.5811846852302551
YDR107C,YHL007C,1,-0.8582884,0.09511753916740417,0.6109175086021423,0.5811846852302551
YBL016W,YNL119W,1,-0.8582964,0.09528113901615143,0.6120789647102356,0.5811846852302551
YGL070C,YBL002W,0,-0.85847497,0.09526392072439194,0.6120789647102356,0.5813007950782776
YHR205W,YNL145W,0,-0.85849273,0.09524670243263245,0.6120789647102356,0.5814169645309448
YIR009W,YCL061C,0,-0.8585024,0.09522949159145355,0.6120789647102356,0.5815330743789673
YKL026C,YDL180W,0,-0.85855186,0.09521228820085526,0.6120789647102356,0.5816492438316345
YHR001W,YCR107W,0,-0.8585683,0.09519508481025696,0.6120789647102356,0.5817654132843018
YDR480W,YHL007C,1,-0.85857797,0.09535849839448929,0.6132404208183289,0.5817654132843018
YGL238W,YGR165W,0,-0.85867727,0.0953412801027298,0.6132404208183289,0.5818815231323242
YLR006C,YCL055W,0,-0.85873127,0.0953240692615509,0.6132404208183289,0.5819976925849915
YLR362W,YIR019C,1,-0.85882664,0.09548736363649368,0.6144018769264221,0.5819976925849915
YMR098C,YBR126C,0,-0.85886085,0.095470130443573,0.6144018769264221,0.5821138024330139
YOL058W,YIL064W,0,-0.858956,0.09545290470123291,0.6144018769264221,0.5822299718856812
YPL049C,YNL197C,1,-0.8590075,0.09561609476804733,0.6155632734298706,0.5822299718856812
YIL125W,YHR024C,0,-0.8590145,0.09559884667396545,0.6155632734298706,0.5823460817337036
YPL032C,YMR037C,0,-0.8590448,0.09558160603046417,0.6155632734298706,0.5824622511863708
YPL026C,YLR070C,0,-0.8590895,0.09556437283754349,0.6155632734298706,0.5825784206390381
YPR155C,YHR152W,0,-0.8590895,0.0955471396446228,0.6155632734298706,0.5826945304870605
YKR049C,YOR298C-A,0,-0.85909164,0.09552992135286331,0.6155632734298706,0.5828106999397278
YCR040W,YKR100C,0,-0.85911465,0.09551270306110382,0.6155632734298706,0.5829268097877502
YDL030W,YER048C,0,-0.85911655,0.09549549221992493,0.6155632734298706,0.5830429792404175
YNR007C,YDR023W,0,-0.85943294,0.09547828882932663,0.6155632734298706,0.5831590890884399
YER113C,YGL121C,1,-0.85945237,0.09564121067523956,0.6167247295379639,0.5831590890884399
YGL023C,YJR041C,0,-0.8594706,0.09562398493289948,0.6167247295379639,0.5832752585411072
YKR096W,YLR304C,0,-0.8594768,0.09560676664113998,0.6167247295379639,0.5833914279937744
YPR133C,YML046W,0,-0.85956955,0.09558955579996109,0.6167247295379639,0.5835075378417969
YFR053C,YPL048W,0,-0.85959506,0.09557235240936279,0.6167247295379639,0.5836237072944641
YKR095W,YDR318W,0,-0.8596518,0.09555515646934509,0.6167247295379639,0.5837398171424866
YGR161C,YNL137C,0,-0.85971737,0.09553796052932739,0.6167247295379639,0.5838559865951538
YAL041W,YLR362W,1,-0.8598485,0.09570066630840302,0.6178861856460571,0.5838559865951538
YLR121C,YPR079W,0,-0.85990787,0.09568345546722412,0.6178861856460571,0.5839720964431763
YOL100W,YMR313C,0,-0.8599088,0.09566624462604523,0.6178861856460571,0.5840882658958435
YPL046C,YGL035C,0,-0.85998845,0.09564904868602753,0.6178861856460571,0.5842044353485107
YGL246C,YCR105W,0,-0.8602798,0.09563185274600983,0.6178861856460571,0.5843205451965332
YGL196W,YHL032C,0,-0.8602834,0.09561466425657272,0.6178861856460571,0.5844367146492004
YLR102C,YFL034C-B,0,-0.8603537,0.09559748321771622,0.6178861856460571,0.5845528244972229
YDL147W,YPL091W,0,-0.86041796,0.09558030962944031,0.6178861856460571,0.5846689939498901
YOR049C,YLR369W,0,-0.86042225,0.095563143491745,0.6178861856460571,0.5847851037979126
YLR136C,YMR076C,0,-0.860608,0.09554597735404968,0.6178861856460571,0.5849012732505798
YPL029W,YBR216C,0,-0.86072695,0.09552881866693497,0.6178861856460571,0.5850174427032471
YHR033W,YDR465C,0,-0.8607706,0.09551166743040085,0.6178861856460571,0.5851335525512695
YOR026W,YPL020C,0,-0.8608458,0.09549452364444733,0.6178861856460571,0.5852497220039368
YNL293W,YJR123W,0,-0.8608571,0.0954773873090744,0.6178861856460571,0.5853658318519592
YJR096W,YJL026W,0,-0.86104345,0.09546025842428207,0.6178861856460571,0.5854820013046265
YER113C,YHR073W,1,-0.8610492,0.09562253206968307,0.6190476417541504,0.5854820013046265
YJL063C,YDL117W,0,-0.8611871,0.09560538083314896,0.6190476417541504,0.5855981707572937
YMR167W,YPR131C,0,-0.8612219,0.09558823704719543,0.6190476417541504,0.5857142806053162
YPL225W,YDL160C,0,-0.8613521,0.09557109326124191,0.6190476417541504,0.5858304500579834
YFR028C,YML042W,0,-0.8613974,0.09555396437644958,0.6190476417541504,0.5859465599060059
YKR086W,YOL051W,0,-0.8614005,0.09553683549165726,0.6190476417541504,0.5860627293586731
YOR293W,YDR031W,0,-0.8614694,0.09551971405744553,0.6190476417541504,0.5861788392066956
YKL173W,YJR093C,0,-0.8615351,0.09550260007381439,0.6190476417541504,0.5862950086593628
YLL018C-A,YOR244W,0,-0.8615464,0.09548548609018326,0.6190476417541504,0.58641117811203
YBR092C,YJR160C,0,-0.8616332,0.09546838700771332,0.6190476417541504,0.5865272879600525
YDR447C,YMR278W,0,-0.861668,0.09545128792524338,0.6190476417541504,0.5866434574127197
YOR383C,YOR192C,0,-0.8616849,0.09543419629335403,0.6190476417541504,0.5867595672607422
YPL130W,YCR069W,0,-0.8616899,0.09541711211204529,0.6190476417541504,0.5868757367134094
YCR043C,YOR075W,0,-0.8617221,0.09540003538131714,0.6190476417541504,0.5869918465614319
YLR360W,YBR301W,0,-0.86176467,0.09538296610116959,0.6190476417541504,0.5871080160140991
YGL100W,YBR251W,0,-0.86176527,0.09536589682102203,0.6190476417541504,0.5872241854667664
YJL129C,YBR130C,0,-0.86176646,0.09534883499145508,0.6190476417541504,0.5873402953147888
YAL005C,YDR175C,0,-0.86178064,0.09533178061246872,0.6190476417541504,0.587456464767456
YGL105W,YKR061W,0,-0.86182106,0.09531473368406296,0.6190476417541504,0.5875725746154785
YFL044C,YFR051C,0,-0.8619256,0.09529769420623779,0.6190476417541504,0.5876887440681458
YNL216W,YMR056C,0,-0.8619453,0.09528065472841263,0.6190476417541504,0.5878048539161682
YLR154C,YGL207W,0,-0.86195254,0.09526363015174866,0.6190476417541504,0.5879210233688354
YPL115C,YIL008W,1,-0.86221945,0.09542530030012131,0.6202090382575989,0.5879210233688354
YDR037W,YLR007W,0,-0.86226153,0.09540825337171555,0.6202090382575989,0.5880371928215027
YIL085C,YNL252C,0,-0.86232615,0.09539121389389038,0.6202090382575989,0.5881533026695251
YKL040C,YGR154C,0,-0.8623364,0.09537417441606522,0.6202090382575989,0.5882694721221924
YLR247C,YER028C,0,-0.8623699,0.09535714238882065,0.6202090382575989,0.5883855819702148
YGL137W,YLR071C,0,-0.8623804,0.09534011781215668,0.6202090382575989,0.5885017514228821
YGR247W,YDR485C,0,-0.8624096,0.0953231006860733,0.6202090382575989,0.5886178612709045
YBR186W,YNR046W,0,-0.8624511,0.09530608355998993,0.6202090382575989,0.5887340307235718
YPL227C,YLL014W,0,-0.86253786,0.09528908133506775,0.6202090382575989,0.588850200176239
YBR280C,YHL002W,0,-0.86256623,0.09527207911014557,0.6202090382575989,0.5889663100242615
YIR019C,YMR316W,1,-0.8625891,0.09543346613645554,0.6213704943656921,0.5889663100242615
YGR097W,YLR084C,0,-0.86262465,0.09541644155979156,0.6213704943656921,0.5890824794769287
YHR111W,YJL089W,1,-0.86265016,0.09557774662971497,0.6225319504737854,0.5890824794769287
YPL212C,YDR400W,0,-0.8627912,0.0955607071518898,0.6225319504737854,0.5891985893249512
YMR184W,YDR421W,0,-0.86314106,0.09554367512464523,0.6225319504737854,0.5893147587776184
YMR035W,YDR115W,0,-0.8631599,0.09552664309740067,0.6225319504737854,0.5894308686256409
YBR176W,YKL143W,0,-0.8632747,0.0955096185207367,0.6225319504737854,0.5895470380783081
YMR133W,YML078W,0,-0.86327624,0.09549260884523392,0.6225319504737854,0.5896632075309753
YBL045C,YOR092W,0,-0.8632766,0.09547559916973114,0.6225319504737854,0.5897793173789978
YDR105C,YDR176W,0,-0.86328816,0.09545858949422836,0.6225319504737854,0.589895486831665
YLR077W,YCR021C,0,-0.86330485,0.09544159471988678,0.6225319504737854,0.5900115966796875
YMR133W,YLR150W,0,-0.86332107,0.0954246073961258,0.6225319504737854,0.5901277661323547
YDR217C,YDL145C,0,-0.8633596,0.09540762007236481,0.6225319504737854,0.5902438759803772
YHR011W,YER027C,1,-0.8634094,0.09556860476732254,0.6236934065818787,0.5902438759803772
YGL090W,YHR005C,0,-0.86341596,0.09555160254240036,0.6236934065818787,0.5903600454330444
YOR037W,YHR118C,0,-0.8634726,0.09553460031747818,0.6236934065818787,0.5904762148857117
YHL004W,YJR108W,0,-0.8635726,0.0955176129937172,0.6236934065818787,0.5905923247337341
YJR145C,YAL051W,0,-0.8635737,0.09550062566995621,0.6236934065818787,0.5907084941864014
YGR004W,YOR005C,0,-0.86361766,0.09548363834619522,0.6236934065818787,0.5908246040344238
YER001W,YGR062C,0,-0.8636186,0.09546666592359543,0.6236934065818787,0.5909407734870911
YGL129C,YLR147C,0,-0.8637544,0.09544970095157623,0.6236934065818787,0.5910568833351135
YIL168W,YNL323W,0,-0.8638102,0.09543273597955704,0.6236934065818787,0.5911730527877808
YEL020W-A,YML086C,0,-0.8638164,0.09541577845811844,0.6236934065818787,0.591289222240448
YGR132C,YOR245C,0,-0.8639153,0.09539882838726044,0.6236934065818787,0.5914053320884705
YMR190C,YOR091W,0,-0.8640652,0.09538188576698303,0.6236934065818787,0.5915215015411377
YPR185W,YKL060C,0,-0.8640859,0.09536494314670563,0.6236934065818787,0.5916376113891602
YBR021W,YJL127C,0,-0.8640951,0.09534800797700882,0.6236934065818787,0.5917537808418274
YDR267C,YPL076W,0,-0.8640976,0.0953310877084732,0.6236934065818787,0.5918698906898499
YGR217W,YAL014C,0,-0.8641144,0.09531416743993759,0.6236934065818787,0.5919860601425171
YHR194W,YPL135W,0,-0.864141,0.09529724717140198,0.6236934065818787,0.5921022295951843
YBR077C,YDR469W,0,-0.86415017,0.09528034180402756,0.6236934065818787,0.5922183394432068
YGL207W,YOR171C,0,-0.8642427,0.09526343643665314,0.6236934065818787,0.592334508895874
YKL167C,YER169W,0,-0.8642777,0.09524653851985931,0.6236934065818787,0.5924506187438965
YER081W,YKL051W,0,-0.8642987,0.09522964805364609,0.6236934065818787,0.5925667881965637
YDL080C,YPL269W,0,-0.86433303,0.09521276503801346,0.6236934065818787,0.5926828980445862
YBR112C,YGL076C,0,-0.8643372,0.09519588947296143,0.6236934065818787,0.5927990674972534
YGL016W,YNR041C,0,-0.86435974,0.0951790139079094,0.6236934065818787,0.5929152369499207
YNL162W,YPL141C,0,-0.8643929,0.09516214579343796,0.6236934065818787,0.5930313467979431
YMR133W,YBL087C,0,-0.8644165,0.09514528512954712,0.6236934065818787,0.5931475162506104
YDR441C,YPL143W,0,-0.86442876,0.09512843191623688,0.6236934065818787,0.5932636260986328
YGR128C,YJL154C,0,-0.8645253,0.09511158615350723,0.6236934065818787,0.5933797955513
YPL024W,YER095W,0,-0.86461365,0.09509474039077759,0.6236934065818787,0.5934959053993225
YIL112W,YML123C,0,-0.8647064,0.09507790207862854,0.6236934065818787,0.5936120748519897
YDL201W,YPL058C,0,-0.86472845,0.09506107121706009,0.6236934065818787,0.593728244304657
YOR049C,YOR207C,0,-0.864764,0.09504424780607224,0.6236934065818787,0.5938443541526794
YMR312W,YER149C,0,-0.86477685,0.09502743184566498,0.6236934065818787,0.5939605236053467
YOL103W,YDR430C,0,-0.8650837,0.09501061588525772,0.6236934065818787,0.5940766334533691
YPL049C,YHR073W,1,-0.8650886,0.09517070651054382,0.6248548030853271,0.5940766334533691
YHR024C,YLR233C,0,-0.8651054,0.09515387564897537,0.6248548030853271,0.5941928029060364
YOR096W,YIL160C,0,-0.8654436,0.09513704478740692,0.6248548030853271,0.5943089723587036
YGR245C,YNL041C,0,-0.8654648,0.09512022882699966,0.6248548030853271,0.5944250822067261
YDR511W,YJR150C,0,-0.8655094,0.09510341286659241,0.6248548030853271,0.5945412516593933
YJL207C,YLR222C,0,-0.8656081,0.09508660435676575,0.6248548030853271,0.5946573615074158
YDR362C,YDL085W,0,-0.8656349,0.09506980329751968,0.6248548030853271,0.594773530960083
YNR020C,YDR481C,0,-0.8656491,0.09505300223827362,0.6248548030853271,0.5948896408081055
YGR097W,YGL229C,0,-0.8657515,0.09503621608018875,0.6248548030853271,0.5950058102607727
YOR116C,YOR386W,0,-0.8658354,0.09501942992210388,0.6248548030853271,0.5951219797134399
YKR097W,YLR328W,0,-0.8658886,0.09500265121459961,0.6248548030853271,0.5952380895614624
YPL074W,YLR406C,0,-0.86595523,0.09498587250709534,0.6248548030853271,0.5953542590141296
YNR022C,YDR439W,0,-0.86621773,0.09496910870075226,0.6248548030853271,0.5954703688621521
YDR356W,YGL173C,0,-0.8662747,0.09495234489440918,0.6248548030853271,0.5955865383148193
YMR207C,YLL010C,0,-0.8663595,0.0949355885386467,0.6248548030853271,0.5957026481628418
YOR255W,YOR009W,0,-0.8663709,0.09491883963346481,0.6248548030853271,0.595818817615509
YGL160W,YBR164C,0,-0.86638343,0.09490209817886353,0.6248548030853271,0.5959349870681763
YNL123W,YLR328W,0,-0.8664149,0.09488536417484283,0.6248548030853271,0.5960510969161987
YKL173W,YDR201W,0,-0.8666477,0.09486863017082214,0.6248548030853271,0.596167266368866
YDR384C,YNL097C,0,-0.86667323,0.09485190361738205,0.6248548030853271,0.5962833762168884
YML110C,YCR089W,0,-0.8667598,0.09483518451452255,0.6248548030853271,0.5963995456695557
YAR019C,YIL138C,0,-0.8668524,0.09481847286224365,0.6248548030853271,0.5965156555175781
YPL115C,YAL056W,1,-0.8668618,0.0949779748916626,0.6260162591934204,0.5965156555175781
YHL028W,YER014W,0,-0.866922,0.0949612408876419,0.6260162591934204,0.5966318249702454
YNL099C,YMR091C,0,-0.86701596,0.09494451433420181,0.6260162591934204,0.5967479944229126
YLL050C,YPL138C,0,-0.86710167,0.09492778778076172,0.6260162591934204,0.5968641042709351
YLR435W,YDR358W,0,-0.8671473,0.09491107612848282,0.6260162591934204,0.5969802737236023
YOR322C,YLR133W,0,-0.8671808,0.09489436447620392,0.6260162591934204,0.5970963835716248
YCL051W,YHR010W,0,-0.8672668,0.09487766027450562,0.6260162591934204,0.597212553024292
YOR190W,YAR019C,0,-0.8674563,0.09486096352338791,0.6260162591934204,0.5973286628723145
YPR169W,YBR103W,0,-0.86749804,0.0948442742228508,0.6260162591934204,0.5974448323249817
YNL294C,YOR127W,1,-0.8677664,0.09500351548194885,0.6271777153015137,0.5974448323249817
YKR053C,YBR228W,0,-0.8677715,0.09498680382966995,0.6271777153015137,0.5975610017776489
YLL009C,YDL095W,0,-0.8677739,0.09497009962797165,0.6271777153015137,0.5976771116256714
YDL147W,YHR107C,0,-0.8677857,0.09495340287685394,0.6271777153015137,0.5977932810783386
YHR035W,YNL071W,0,-0.86783195,0.09493670612573624,0.6271777153015137,0.5979093909263611
YAL035W,YOR075W,0,-0.86784077,0.09492002427577972,0.6271777153015137,0.5980255603790283
YKL157W,YPL022W,0,-0.8679043,0.09490334242582321,0.6271777153015137,0.5981416702270508
YGL084C,YCR003W,0,-0.8680221,0.0948866605758667,0.6271777153015137,0.598257839679718
YPL246C,YHR017W,0,-0.8680899,0.09486999362707138,0.6271777153015137,0.5983740091323853
YML045W,YGR098C,0,-0.86809313,0.09485332667827606,0.6271777153015137,0.5984901189804077
YDL200C,YOL071W,0,-0.8681395,0.09483666718006134,0.6271777153015137,0.598606288433075
YJR158W,YPL086C,0,-0.86826384,0.09482001513242722,0.6271777153015137,0.5987223982810974
YMR100W,YJL001W,0,-0.8683008,0.09480337053537369,0.6271777153015137,0.5988385677337646
YKL211C,YGR060W,0,-0.86830425,0.09478673338890076,0.6271777153015137,0.5989546775817871
YPL055C,YHR204W,0,-0.8683593,0.09477009624242783,0.6271777153015137,0.5990708470344543
YDR143C,YOL023W,0,-0.86842275,0.09475346654653549,0.6271777153015137,0.5991870164871216
YIL122W,YPL195W,0,-0.86862624,0.09473684430122375,0.6271777153015137,0.599303126335144
YEL027W,YDR323C,0,-0.86862874,0.09472022205591202,0.6271777153015137,0.5994192957878113
YCL029C,YGR055W,0,-0.86878574,0.09470361471176147,0.6271777153015137,0.5995354056358337
YGR121C,YNL068C,0,-0.8688097,0.09468700736761093,0.6271777153015137,0.599651575088501
YBR199W,YPL076W,0,-0.8688135,0.09467040747404099,0.6271777153015137,0.5997676849365234
YGR138C,YOL156W,0,-0.8688178,0.09465381503105164,0.6271777153015137,0.5998838543891907
YPL005W,YDL235C,0,-0.8688495,0.09463722258806229,0.6271777153015137,0.6000000238418579
YER155C,YPL085W,0,-0.8689681,0.09462063759565353,0.6271777153015137,0.6001161336898804
YPR103W,YBR236C,0,-0.8689996,0.09460406750440598,0.6271777153015137,0.6002323031425476
YOR018W,YPL016W,0,-0.8691019,0.09458748996257782,0.6271777153015137,0.6003484129905701
YFL049W,YPL248C,0,-0.86915505,0.09457092732191086,0.6271777153015137,0.6004645824432373
YGR106C,YAL021C,0,-0.8692175,0.0945543721318245,0.6271777153015137,0.6005806922912598
YJR155W,YPL141C,0,-0.8692211,0.09453781694173813,0.6271777153015137,0.600696861743927
YBL102W,YGL226W,0,-0.8692564,0.09452126920223236,0.6271777153015137,0.6008130311965942
YLR188W,YDL201W,0,-0.86929536,0.09450472891330719,0.6271777153015137,0.6009291410446167
YGL226W,YKR030W,0,-0.8692976,0.09448818862438202,0.6271777153015137,0.6010453104972839
YKL045W,YNL065W,0,-0.86938286,0.09447165578603745,0.6271777153015137,0.6011614203453064
YMR158W,YDR363W,0,-0.8694296,0.09445513039827347,0.6271777153015137,0.6012775897979736
YOR037W,YDL165W,0,-0.8694551,0.09443861246109009,0.6271777153015137,0.6013936996459961
YLR032W,YIL064W,0,-0.8694602,0.0944221019744873,0.6271777153015137,0.6015098690986633
YJR035W,YHL002W,0,-0.869524,0.09440559148788452,0.6271777153015137,0.6016260385513306
YML094W,YMR164C,0,-0.86962736,0.09438909590244293,0.6271777153015137,0.601742148399353
YPR020W,YGL231C,0,-0.869632,0.09437260031700134,0.6271777153015137,0.6018583178520203
YBL066C,YGR094W,0,-0.8697233,0.09435610473155975,0.6271777153015137,0.6019744277000427
YBL020W,YDR536W,0,-0.86973965,0.09433962404727936,0.6271777153015137,0.60209059715271
YHR023W,YPR100W,0,-0.86977327,0.09432314336299896,0.6271777153015137,0.6022067070007324
YOL116W,YBR083W,1,-0.86978424,0.09448131173849106,0.6283391118049622,0.6022067070007324
YEL002C,YDR096W,0,-0.86982965,0.09446481615304947,0.6283391118049622,0.6023228764533997
YGL208W,YDR107C,1,-0.86987996,0.094622902572155,0.6295005679130554,0.6023228764533997
YNL158W,YLR006C,0,-0.86994326,0.09460639208555222,0.6295005679130554,0.6024390459060669
YJL125C,YDR194C,0,-0.8701261,0.09458987414836884,0.6295005679130554,0.6025551557540894
YNL305C,YGR159C,0,-0.87012875,0.09457337111234665,0.6295005679130554,0.6026713252067566
YGL067W,YOR257W,0,-0.8702767,0.09455687552690506,0.6295005679130554,0.602787435054779
YOL116W,YDR477W,1,-0.87027717,0.09471480548381805,0.6306620240211487,0.602787435054779
YLR357W,YER091C,0,-0.8704283,0.09469828754663467,0.6306620240211487,0.6029036045074463
YBL025W,YOL076W,0,-0.87072647,0.09468177706003189,0.6306620240211487,0.6030197739601135
YDL189W,YGR172C,0,-0.8707441,0.0946652740240097,0.6306620240211487,0.603135883808136
YCR034W,YLR225C,0,-0.87076974,0.09464877098798752,0.6306620240211487,0.6032520532608032
YKL065C,YMR017W,0,-0.8707911,0.09463227540254593,0.6306620240211487,0.6033681631088257
YDR464W,YDR111C,0,-0.87088954,0.09461578726768494,0.6306620240211487,0.6034843325614929
YLR006C,YML072C,0,-0.87090886,0.09459930658340454,0.6306620240211487,0.6036004424095154
YFR042W,YER063W,0,-0.8709097,0.09458282589912415,0.6306620240211487,0.6037166118621826
YOR348C,YOR322C,0,-0.87092364,0.09456635266542435,0.6306620240211487,0.6038327813148499
YNL048W,YER073W,0,-0.87093794,0.09454988688230515,0.6306620240211487,0.6039488911628723
YKR093W,YML045W,0,-0.87107,0.09453342854976654,0.6306620240211487,0.6040650606155396
YML069W,YOR322C,0,-0.8711362,0.09451697021722794,0.6306620240211487,0.604181170463562
YOR080W,YHL007C,1,-0.87122786,0.09467455744743347,0.6318234801292419,0.604181170463562
YNL106C,YDL042C,0,-0.87130046,0.09465808421373367,0.6318234801292419,0.6042973399162292
YMR081C,YKL143W,0,-0.8714751,0.09464161098003387,0.6318234801292419,0.6044134497642517
YDL018C,YDL130W,0,-0.8716527,0.09462515264749527,0.6318234801292419,0.604529619216919
YIL114C,YOR172W,0,-0.87168765,0.09460869431495667,0.6318234801292419,0.6046457886695862
YJR042W,YDR523C,0,-0.87169755,0.09459224343299866,0.6318234801292419,0.6047618985176086
YDL180W,YCL035C,0,-0.8717121,0.09457580000162125,0.6318234801292419,0.6048780679702759
YDL025C,YDR055W,0,-0.8717351,0.09455936402082443,0.6318234801292419,0.6049941778182983
YIL016W,YOR007C,0,-0.87175167,0.09454292804002762,0.6318234801292419,0.6051103472709656
YNL029C,YDR006C,0,-0.87181044,0.0945264995098114,0.6318234801292419,0.605226457118988
YDR103W,YAL056W,1,-0.87183106,0.09468381106853485,0.6329848766326904,0.605226457118988
YOR278W,YNR050C,0,-0.87183726,0.09466736018657684,0.6329848766326904,0.6053426265716553
YNL245C,YNL133C,0,-0.87194824,0.09465091675519943,0.6329848766326904,0.6054587960243225
YDR155C,YDL164C,0,-0.87218213,0.09463448822498322,0.6329848766326904,0.605574905872345
YEL054C,YGR256W,0,-0.8722391,0.0946180522441864,0.6329848766326904,0.6056910753250122
YJL096W,YBR296C,0,-0.8722534,0.09460163116455078,0.6329848766326904,0.6058071851730347
YDR468C,YHL015W,0,-0.87227,0.09458521008491516,0.6329848766326904,0.6059233546257019
YGL120C,YKR061W,0,-0.8723819,0.09456880390644073,0.6329848766326904,0.6060394644737244
YFR009W,YBR254C,0,-0.8724259,0.09455239772796631,0.6329848766326904,0.6061556339263916
YOR278W,YKR085C,0,-0.8724514,0.09453599154949188,0.6329848766326904,0.6062718033790588
YJL035C,YKL063C,0,-0.87248075,0.09451960027217865,0.6329848766326904,0.6063879132270813
YCL061C,YOR007C,0,-0.8725586,0.09450320899486542,0.6329848766326904,0.6065040826797485
YKL025C,YPR151C,0,-0.8726293,0.09448682516813278,0.6329848766326904,0.606620192527771
YGR224W,YPL037C,0,-0.8727462,0.09447044879198074,0.6329848766326904,0.6067363619804382
YBR098W,YLR323C,0,-0.8727524,0.0944540724158287,0.6329848766326904,0.6068524718284607
YAL002W,YDL075W,0,-0.8728595,0.09443770349025726,0.6329848766326904,0.6069686412811279
YER083C,YPR070W,0,-0.8730147,0.09442134201526642,0.6329848766326904,0.6070848107337952
YKL010C,YBR003W,0,-0.87309134,0.09440498799085617,0.6329848766326904,0.6072009205818176
YHR178W,YOL044W,0,-0.8731345,0.09438864141702652,0.6329848766326904,0.6073170900344849
YBR159W,YPL010W,0,-0.87321293,0.09437229484319687,0.6329848766326904,0.6074331998825073
YAR033W,YKL101W,0,-0.87325,0.09435595571994781,0.6329848766326904,0.6075493693351746
YEL002C,YPL017C,0,-0.87326527,0.09433962404727936,0.6329848766326904,0.607665479183197
YBL057C,YDR162C,0,-0.8734139,0.0943232923746109,0.6329848766326904,0.6077816486358643
YDL076C,YIL031W,0,-0.8734163,0.09430697560310364,0.6329848766326904,0.6078978180885315
YGL104C,YGR231C,0,-0.87359,0.09429065883159637,0.6329848766326904,0.608013927936554
YGL013C,YEL004W,0,-0.8736801,0.09427434951066971,0.6329848766326904,0.6081300973892212
YPR122W,YHR152W,0,-0.87376606,0.09425804018974304,0.6329848766326904,0.6082462072372437
YLL067C,YCR094W,0,-0.87393546,0.09424174576997757,0.6329848766326904,0.6083623766899109
YMR092C,YKL143W,0,-0.8739884,0.0942254513502121,0.6329848766326904,0.6084784865379333
YDR312W,YAL013W,0,-0.8740958,0.09420916438102722,0.6329848766326904,0.6085946559906006
YOL031C,YLR176C,0,-0.87426364,0.09419287741184235,0.6329848766326904,0.6087108254432678
YDR434W,YOR295W,0,-0.8743608,0.09417660534381866,0.6329848766326904,0.6088269352912903
YDR103W,YDR379W,1,-0.8743708,0.09433310478925705,0.6341463327407837,0.6088269352912903
YHR111W,YIR019C,1,-0.8743731,0.09448955208063126,0.635307788848877,0.6088269352912903
YJL041W,YIL034C,0,-0.87438786,0.0944732278585434,0.635307788848877,0.6089431047439575
YKL011C,YIL034C,0,-0.8744552,0.09445691853761673,0.635307788848877,0.60905921459198
YNL047C,YIR034C,0,-0.8745903,0.09444060921669006,0.635307788848877,0.6091753840446472
YOR255W,YOL021C,0,-0.87462723,0.094424307346344,0.635307788848877,0.6092914938926697
YPL115C,YER027C,1,-0.87465036,0.09458059817552567,0.6364692449569702,0.6092914938926697
YPL006W,YJL100W,0,-0.87471247,0.0945642814040184,0.6364692449569702,0.6094076633453369
YHR194W,YDL080C,0,-0.87475693,0.09454796463251114,0.6364692449569702,0.6095238327980042
YMR116C,YDL159W,1,-0.87476313,0.09470415860414505,0.6376306414604187,0.6095238327980042
YMR116C,YOR371C,1,-0.8748596,0.09486029297113419,0.638792097568512,0.6095238327980042
YNL061W,YOR003W,0,-0.8750621,0.09484393894672394,0.638792097568512,0.6096399426460266
YKL079W,YML093W,0,-0.8750715,0.09482758492231369,0.638792097568512,0.6097561120986938
YPL072W,YFR030W,0,-0.8750988,0.09481123834848404,0.638792097568512,0.6098722219467163
YNL009W,YOR228C,0,-0.87514997,0.09479489922523499,0.638792097568512,0.6099883913993835
YDR105C,YNR024W,0,-0.87529016,0.09477856010198593,0.638792097568512,0.610104501247406
YER083C,YNL075W,0,-0.8753072,0.09476223587989807,0.638792097568512,0.6102206707000732
YNL119W,YGR040W,1,-0.8753766,0.09491817653179169,0.6399535536766052,0.6102206707000732
YPR020W,YPL177C,0,-0.8754276,0.09490182250738144,0.6399535536766052,0.6103368401527405
YDR334W,YKL160W,0,-0.87551796,0.09488548338413239,0.6399535536766052,0.6104529500007629
YDR191W,YKL188C,0,-0.8755231,0.09486914426088333,0.6399535536766052,0.6105691194534302
YDR531W,YPL237W,0,-0.8755412,0.09485281258821487,0.6399535536766052,0.6106852293014526
YDL108W,YOL061W,0,-0.87560475,0.09483648836612701,0.6399535536766052,0.6108013987541199
YKR094C,YLR189C,0,-0.87565434,0.09482017159461975,0.6399535536766052,0.6109175086021423
YDR213W,YMR288W,0,-0.87569785,0.09480385482311249,0.6399535536766052,0.6110336780548096
YLR071C,YGL054C,0,-0.875752,0.09478754550218582,0.6399535536766052,0.6111498475074768
YIL136W,YOR236W,0,-0.8757713,0.09477124363183975,0.6399535536766052,0.6112659573554993
YDR243C,YBR033W,0,-0.8757857,0.09475494176149368,0.6399535536766052,0.6113821268081665
YBR153W,YCL050C,0,-0.8760525,0.09473865479230881,0.6399535536766052,0.611498236656189
YJL221C,YBR084W,0,-0.87605965,0.09472236782312393,0.6399535536766052,0.6116144061088562
YHR147C,YER112W,0,-0.8761084,0.09470608085393906,0.6399535536766052,0.6117305755615234
YDR434W,YMR058W,0,-0.87613237,0.09468980878591537,0.6399535536766052,0.6118466854095459
YML086C,YCR024C,0,-0.87622046,0.0946735367178917,0.6399535536766052,0.6119628548622131
YHR050W,YBR104W,0,-0.87622917,0.09465727210044861,0.6399535536766052,0.6120789647102356
YLR362W,YER027C,1,-0.87632895,0.0948127806186676,0.6411150097846985,0.6120789647102356
YML066C,YGR202C,0,-0.87638617,0.09479649364948273,0.6411150097846985,0.6121951341629028
YGL192W,YBR003W,0,-0.8765601,0.09478022158145905,0.6411150097846985,0.6123112440109253
YDR198C,YOR196C,0,-0.87675214,0.09476394951343536,0.6411150097846985,0.6124274134635925
YBR045C,YBL055C,0,-0.8767648,0.09474768489599228,0.6411150097846985,0.6125435829162598
YDR379W,YLR229C,1,-0.87681437,0.09490303695201874,0.642276406288147,0.6125435829162598
YMR165C,YNL229C,0,-0.8768201,0.09488674998283386,0.642276406288147,0.6126596927642822
YBL105C,YJL190C,0,-0.87682796,0.09487047791481018,0.642276406288147,0.6127758622169495
YER110C,YKR030W,0,-0.87685764,0.0948542058467865,0.642276406288147,0.6128919720649719
YPL130W,YPR048W,0,-0.8769368,0.09483793377876282,0.642276406288147,0.6130081415176392
YBR106W,YGR142W,0,-0.8769431,0.09482167661190033,0.642276406288147,0.6131242513656616
YHR150W,YML081C-A,0,-0.8769767,0.09480541944503784,0.642276406288147,0.6132404208183289
YFL037W,YAR050W,0,-0.8770169,0.09478916972875595,0.642276406288147,0.6133565902709961
YDR348C,YIL043C,0,-0.87706625,0.09477292001247406,0.642276406288147,0.6134727001190186
YJR132W,YGR165W,0,-0.87710583,0.09475668519735336,0.642276406288147,0.6135888695716858
YNR022C,YPR192W,0,-0.8771392,0.09474045038223267,0.642276406288147,0.6137049794197083
YHL020C,YCR045C,0,-0.87715816,0.09472422301769257,0.642276406288147,0.6138211488723755
YBR126C,YDR481C,0,-0.877318,0.09470799565315247,0.642276406288147,0.613937258720398
YMR215W,YNL176C,0,-0.87732244,0.09469178318977356,0.642276406288147,0.6140534281730652
YER063W,YHR086W,0,-0.8774153,0.09467557072639465,0.642276406288147,0.6141695976257324
YIR023W,YEL042W,0,-0.87745667,0.09465936571359634,0.642276406288147,0.6142857074737549
YKR050W,YKL006W,0,-0.87758183,0.09464316070079803,0.642276406288147,0.6144018769264221
YEL020W-A,YFR038W,0,-0.8777151,0.09462697058916092,0.642276406288147,0.6145179867744446
YLR002C,YER012W,0,-0.8777412,0.0946107804775238,0.642276406288147,0.6146341562271118
YBR229C,YKL137W,0,-0.8778825,0.09459459781646729,0.642276406288147,0.6147502660751343
YOR045W,YDR033W,0,-0.8780031,0.09457841515541077,0.642276406288147,0.6148664355278015
YDR244W,YML048W,0,-0.8780408,0.09456223994493484,0.642276406288147,0.6149826049804688
YPL160W,YGL222C,0,-0.87814224,0.09454607963562012,0.642276406288147,0.6150987148284912
YPL156C,YKL039W,0,-0.8781973,0.09452991187572479,0.642276406288147,0.6152148842811584
YJL057C,YHR197W,0,-0.87829065,0.09451375901699066,0.642276406288147,0.6153309941291809
YOR061W,YBL021C,0,-0.87830615,0.09449760615825653,0.642276406288147,0.6154471635818481
YBR234C,YMR171C,0,-0.87833965,0.094481460750103,0.642276406288147,0.6155632734298706
YKL033W,YDL046W,0,-0.8786303,0.09446532279253006,0.642276406288147,0.6156794428825378
YHR086W,YDR307W,0,-0.8787025,0.09444919228553772,0.642276406288147,0.6157956123352051
YBL006C,YMR076C,0,-0.87873566,0.09443306177854538,0.642276406288147,0.6159117221832275
YDR103W,YGL045W,1,-0.8787687,0.09458767622709274,0.6434378623962402,0.6159117221832275
YBR040W,YKR046C,0,-0.87880445,0.09457152336835861,0.6434378623962402,0.6160278916358948
YHR011W,YDR043C,1,-0.8789691,0.0947260633111,0.6445993185043335,0.6160278916358948
YNL308C,YHR026W,0,-0.87902236,0.09470989555120468,0.6445993185043335,0.6161440014839172
YPL237W,YDR006C,0,-0.8790268,0.09469373524188995,0.6445993185043335,0.6162601709365845
YBR166C,YML092C,0,-0.8790386,0.09467758238315582,0.6445993185043335,0.6163762807846069
YDR313C,YMR318C,0,-0.8790816,0.09466143697500229,0.6445993185043335,0.6164924502372742
YOR028C,YLR172C,0,-0.87911046,0.09464529156684875,0.6445993185043335,0.6166086196899414
YJL121C,YFL022C,0,-0.8791845,0.09462915360927582,0.6445993185043335,0.6167247295379639
YHR190W,YHR098C,0,-0.8792597,0.09461302310228348,0.6445993185043335,0.6168408989906311
YOR133W,YNL091W,0,-0.87937224,0.09459690004587173,0.6445993185043335,0.6169570088386536
YFL036W,YOR173W,0,-0.87938607,0.09458077698945999,0.6445993185043335,0.6170731782913208
YER036C,YLR377C,0,-0.879568,0.09456466138362885,0.6445993185043335,0.6171892881393433
YNL146W,YBR302C,0,-0.87957287,0.0945485532283783,0.6445993185043335,0.6173054575920105
YPL028W,YJL001W,0,-0.8795831,0.09453244507312775,0.6445993185043335,0.6174216270446777
YOR127W,YDR477W,1,-0.87962615,0.09468664973974228,0.645760715007782,0.6174216270446777
YMR184W,YPL233W,0,-0.8798069,0.09467052668333054,0.645760715007782,0.6175377368927002
YMR079W,YBL105C,0,-0.87988853,0.09465441107749939,0.645760715007782,0.6176539063453674
YLR292C,YFR014C,0,-0.87988865,0.09463829547166824,0.645760715007782,0.6177700161933899
YOR328W,YNL247W,0,-0.879925,0.09462219476699829,0.645760715007782,0.6178861856460571
YAL035W,YIR021W,0,-0.8799676,0.09460609406232834,0.645760715007782,0.6180022954940796
YHR062C,YGR217W,0,-0.88013494,0.09458999335765839,0.645760715007782,0.6181184649467468
YLR052W,YAR042W,0,-0.8801825,0.09457390755414963,0.645760715007782,0.6182346343994141
YDR092W,YPL047W,0,-0.8801873,0.09455782175064087,0.645760715007782,0.6183507442474365
YER160C,YIL051C,0,-0.8802072,0.09454174339771271,0.645760715007782,0.6184669137001038
YHR011W,YDR480W,1,-0.8803128,0.09469567984342575,0.6469221711158752,0.6184669137001038
YKR105C,YJR013W,0,-0.88032985,0.0946795865893364,0.6469221711158752,0.6185830235481262
YCR091W,YKL143W,0,-0.8803613,0.09466349333524704,0.6469221711158752,0.6186991930007935
YOL116W,YNL119W,1,-0.88041973,0.09481733292341232,0.6480836272239685,0.6186991930007935
YPL015C,YFR027W,0,-0.88045704,0.09480122476816177,0.6480836272239685,0.6188153028488159
YJR025C,YPR049C,0,-0.880474,0.09478511661291122,0.6480836272239685,0.6189314723014832
YNL214W,YMR094W,0,-0.8804761,0.09476902335882187,0.6480836272239685,0.6190476417541504
YER177W,YOL133W,0,-0.8805479,0.09475293010473251,0.6480836272239685,0.6191637516021729
YDL243C,YPL037C,0,-0.88055754,0.09473684430122375,0.6480836272239685,0.6192799210548401
YJR064W,YGR060W,0,-0.88056755,0.094720758497715,0.6480836272239685,0.6193960309028625
YKR092C,YKL010C,0,-0.8809531,0.09470468759536743,0.6480836272239685,0.6195122003555298
YIL085C,YGL090W,0,-0.88108563,0.09468861669301987,0.6480836272239685,0.6196283102035522
YCR024C-A,YPR192W,0,-0.881089,0.0946725457906723,0.6480836272239685,0.6197444796562195
YPL159C,YOR339C,0,-0.8811556,0.09465648978948593,0.6480836272239685,0.6198606491088867
YBR101C,YEL018W,0,-0.8812022,0.09464043378829956,0.6480836272239685,0.6199767589569092
YDR328C,YGR212W,0,-0.8812293,0.09462438523769379,0.6480836272239685,0.6200929284095764
YPR008W,YDR524C,0,-0.88124084,0.09460834413766861,0.6480836272239685,0.6202090382575989
YOR080W,YIL008W,1,-0.88125074,0.09476182609796524,0.6492450833320618,0.6202090382575989
YNL051W,YJR160C,0,-0.88128614,0.09474576264619827,0.6492450833320618,0.6203252077102661
YDR186C,YER056C,0,-0.88139117,0.0947297066450119,0.6492450833320618,0.6204413175582886
YNL254C,YHL004W,0,-0.8815206,0.09471365809440613,0.6492450833320618,0.6205574870109558
YDR345C,YPL103C,0,-0.8816148,0.09469760954380035,0.6492450833320618,0.620673656463623
YJL136C,YDR479C,0,-0.8816551,0.09468156844377518,0.6492450833320618,0.6207897663116455
YCR069W,YDR418W,0,-0.88166416,0.0946655347943306,0.6492450833320618,0.6209059357643127
YNL094W,YKL002W,0,-0.8817327,0.09464950859546661,0.6492450833320618,0.6210220456123352
YIL087C,YMR257C,0,-0.8819387,0.09463348239660263,0.6492450833320618,0.6211382150650024
YNL294C,YOL116W,1,-0.88195133,0.09478673338890076,0.6504064798355103,0.6211382150650024
YDL164C,YDR096W,0,-0.8820766,0.09477069228887558,0.6504064798355103,0.6212543845176697
YKR048C,YBL103C,0,-0.8820852,0.0947546511888504,0.6504064798355103,0.6213704943656921
YDL130W,YOR087W,0,-0.8823298,0.09473862498998642,0.6504064798355103,0.6214866638183594
YEL001C,YDR115W,0,-0.8823434,0.09472259879112244,0.6504064798355103,0.6216027736663818
YLR090W,YOR284W,0,-0.88242805,0.09470658004283905,0.6504064798355103,0.6217189431190491
YJR043C,YNR032C-A,0,-0.88245904,0.09469056129455566,0.6504064798355103,0.6218350529670715
YBR291C,YLR176C,0,-0.88247097,0.09467455744743347,0.6504064798355103,0.6219512224197388
YIL009C-A,YGR253C,0,-0.8826324,0.09465855360031128,0.6504064798355103,0.622067391872406
YFR008W,YKL011C,0,-0.8827214,0.09464255720376968,0.6504064798355103,0.6221835017204285
YLR313C,YER096W,0,-0.88278055,0.09462656080722809,0.6504064798355103,0.6222996711730957
YKL042W,YPL008W,0,-0.8828236,0.09461057931184769,0.6504064798355103,0.6224157810211182
YDR065W,YBR079C,0,-0.88287055,0.09459459781646729,0.6504064798355103,0.6225319504737854
YMR198W,YER074W-A,0,-0.8828988,0.09457861632108688,0.6504064798355103,0.6226480603218079
YGL121C,YHL007C,1,-0.8830397,0.09473150968551636,0.6515679359436035,0.6226480603218079
YMR101C,YMR021C,0,-0.8830452,0.09471551328897476,0.6515679359436035,0.6227642297744751
YGR194C,YJR110W,0,-0.8830949,0.09469952434301376,0.6515679359436035,0.6228803992271423
YMR088C,YLL013C,0,-0.8831372,0.09468354284763336,0.6515679359436035,0.6229965090751648
YLR034C,YGL111W,0,-0.8832228,0.09466756880283356,0.6515679359436035,0.623112678527832
YGR261C,YOR391C,0,-0.88327456,0.09465159475803375,0.6515679359436035,0.6232287883758545
YDR312W,YDR313C,0,-0.8832946,0.09463562816381454,0.6515679359436035,0.6233449578285217
YML008C,YOR303W,0,-0.8833976,0.09461966902017593,0.6515679359436035,0.6234610676765442
YDR032C,YDL098C,0,-0.88340044,0.09460370987653732,0.6515679359436035,0.6235772371292114
YGL253W,YAR050W,0,-0.8834214,0.09458775818347931,0.6515679359436035,0.6236934065818787
YGR040W,YDR477W,1,-0.8834332,0.09474039077758789,0.6527293920516968,0.6236934065818787
YDL181W,YBR028C,0,-0.88348734,0.09472442418336868,0.6527293920516968,0.6238095164299011
YLR246W,YMR281W,0,-0.88350046,0.09470845758914948,0.6527293920516968,0.6239256858825684
YGR121C,YDL119C,0,-0.88355935,0.09469249844551086,0.6527293920516968,0.6240417957305908
YMR116C,YJL089W,1,-0.8835598,0.0948450118303299,0.65389084815979,0.6240417957305908
YNL291C,YJR013W,0,-0.88371515,0.09482903778553009,0.65389084815979,0.6241579651832581
YER141W,YOL009C,0,-0.8837756,0.09481307119131088,0.65389084815979,0.6242740750312805
YHR076W,YPL091W,0,-0.8838111,0.09479710459709167,0.65389084815979,0.6243902444839478
YKL173W,YGL156W,0,-0.88393164,0.09478114545345306,0.65389084815979,0.624506413936615
YJL167W,YHL021C,0,-0.8839623,0.09476519376039505,0.65389084815979,0.6246225237846375
YGL107C,YGR249W,0,-0.8841735,0.09474924206733704,0.65389084815979,0.6247386932373047
YFR051C,YML024W,0,-0.88422596,0.09473329782485962,0.65389084815979,0.6248548030853271
YML111W,YDR534C,0,-0.8842324,0.0947173610329628,0.65389084815979,0.6249709725379944
YFL004W,YPL096C-A,0,-0.88429534,0.09470143169164658,0.65389084815979,0.6250870823860168
YPL254W,YOR262W,0,-0.88452387,0.09468550235033035,0.65389084815979,0.6252032518386841
YGR209C,YOR181W,0,-0.88466835,0.09466958045959473,0.65389084815979,0.6253194212913513
YNL242W,YLR085C,0,-0.88467836,0.0946536660194397,0.65389084815979,0.6254355311393738
YKL209C,YAL020C,0,-0.88468635,0.09463775157928467,0.65389084815979,0.625551700592041
YGL198W,YMR109W,0,-0.8847456,0.09462185204029083,0.65389084815979,0.6256678104400635
YER005W,YGR217W,0,-0.8848729,0.0946059450507164,0.65389084815979,0.6257839798927307
YOR080W,YHR011W,1,-0.8848865,0.0947580635547638,0.6550522446632385,0.6257839798927307
YNL240C,YCL030C,0,-0.8849497,0.09474214911460876,0.6550522446632385,0.6259000897407532
YBR033W,YPL120W,0,-0.8849609,0.09472623467445374,0.6550522446632385,0.6260162591934204
YOR059C,YCR089W,0,-0.88496673,0.0947103276848793,0.6550522446632385,0.6261324286460876
YMR303C,YPL152W,0,-0.88501954,0.09469442814588547,0.6550522446632385,0.6262485384941101
YLR364W,YHR143W,0,-0.88507354,0.09467852860689163,0.6550522446632385,0.6263647079467773
YJR131W,YGR060W,0,-0.8851478,0.0946626365184784,0.6550522446632385,0.6264808177947998
YLR019W,YHR110W,0,-0.8851521,0.09464675188064575,0.6550522446632385,0.626596987247467
YBR162C,YDR018C,0,-0.88522685,0.09463087469339371,0.6550522446632385,0.6267130970954895
YKL054C,YOR246C,0,-0.8852302,0.09461499750614166,0.6550522446632385,0.6268292665481567
YDL003W,YAL053W,0,-0.8852397,0.09459912776947021,0.6550522446632385,0.626945436000824
YCR024C-A,YLR035C,0,-0.88527966,0.09458326548337936,0.6550522446632385,0.6270615458488464
YNL224C,YLR390W-A,0,-0.88528085,0.09456740319728851,0.6550522446632385,0.6271777153015137
YLR333C,YKL092C,0,-0.88541293,0.09455154836177826,0.6550522446632385,0.6272938251495361
YGL192W,YKL160W,0,-0.8855808,0.0945357009768486,0.6550522446632385,0.6274099946022034
YLR337C,YPR020W,0,-0.88559353,0.09451986104249954,0.6550522446632385,0.6275261044502258
YBR291C,YLR239C,0,-0.8856708,0.09450402110815048,0.6550522446632385,0.6276422739028931
YMR237W,YNL025C,0,-0.8857217,0.09448818862438202,0.6550522446632385,0.6277584433555603
YCL040W,YML125C,0,-0.8857281,0.09447236359119415,0.6550522446632385,0.6278745532035828
YHR021C,YNL059C,0,-0.8859303,0.09445653855800629,0.6550522446632385,0.62799072265625
YNL142W,YLR079W,0,-0.8860104,0.09444072097539902,0.6550522446632385,0.6281068325042725
YHR118C,YFR055W,0,-0.8860184,0.09442491084337234,0.6550522446632385,0.6282230019569397
YJL121C,YLR320W,0,-0.88612735,0.09440910816192627,0.6550522446632385,0.6283391118049622
YDL243C,YMR094W,0,-0.88620424,0.0943933054804802,0.6550522446632385,0.6284552812576294
YBR034C,YDR134C,0,-0.88636184,0.09437751024961472,0.6550522446632385,0.6285714507102966
YMR063W,YOR321W,0,-0.886449,0.09436172246932983,0.6550522446632385,0.6286875605583191
YIL168W,YLR364W,0,-0.8866718,0.09434593468904495,0.6550522446632385,0.6288037300109863
YGL254W,YML067C,0,-0.8867172,0.09433015435934067,0.6550522446632385,0.6289198398590088
YOR086C,YOR201C,0,-0.88690567,0.09431438148021698,0.6550522446632385,0.629036009311676
YDR267C,YOR010C,0,-0.88690937,0.09429860860109329,0.6550522446632385,0.6291521191596985
YLR229C,YDL159W,1,-0.8870264,0.09445001929998398,0.6562137007713318,0.6291521191596985
YER109C,YOL116W,1,-0.8870324,0.09460137039422989,0.657375156879425,0.6291521191596985
YNR036C,YDL098C,0,-0.88703716,0.09458556026220322,0.657375156879425,0.6292682886123657
YOR182C,YBL042C,0,-0.8870946,0.09456975758075714,0.657375156879425,0.629384458065033
YNL288W,YNL071W,0,-0.88721454,0.09455396234989166,0.657375156879425,0.6295005679130554
YLR286C,YPL174C,0,-0.88737,0.09453816711902618,0.657375156879425,0.6296167373657227
YMR283C,YOL049W,0,-0.8874451,0.0945223793387413,0.657375156879425,0.6297328472137451
YGR154C,YMR223W,0,-0.88759017,0.09450659900903702,0.657375156879425,0.6298490166664124
YLR431C,YDR175C,0,-0.88760376,0.09449081867933273,0.657375156879425,0.6299651861190796
YFL061W,YOL133W,0,-0.8877443,0.09447504580020905,0.657375156879425,0.630081295967102
YLR010C,YDR069C,0,-0.8878294,0.09445928037166595,0.657375156879425,0.6301974654197693
YML008C,YER028C,0,-0.8878509,0.09444351494312286,0.657375156879425,0.6303135752677917
YGL198W,YBR258C,0,-0.88786066,0.09442776441574097,0.657375156879425,0.630429744720459
YMR154C,YMR275C,0,-0.8878776,0.09441200643777847,0.657375156879425,0.6305458545684814
YML005W,YMR052W,0,-0.88788617,0.09439626336097717,0.657375156879425,0.6306620240211487
YLL035W,YAL043C,0,-0.8878865,0.09438052028417587,0.657375156879425,0.6307781934738159
YNL118C,YJL076W,0,-0.88794076,0.09436478465795517,0.657375156879425,0.6308943033218384
YNL090W,YBR001C,0,-0.8879932,0.09434905648231506,0.657375156879425,0.6310104727745056
YOR249C,YOR174W,0,-0.8880081,0.09433333575725555,0.657375156879425,0.6311265826225281
YEL048C,YFR005C,0,-0.88814867,0.09431761503219604,0.657375156879425,0.6312427520751953
YIR021W,YOR173W,0,-0.8883338,0.09430190175771713,0.657375156879425,0.6313588619232178
YMR006C,YBR119W,0,-0.8884665,0.09428618848323822,0.657375156879425,0.631475031375885
YEL018W,YML004C,0,-0.8885318,0.0942704826593399,0.657375156879425,0.6315912008285522
YMR260C,YGR274C,0,-0.8885553,0.09425478428602219,0.657375156879425,0.6317073106765747
YDR317W,YBR043C,0,-0.88882375,0.09423909336328506,0.657375156879425,0.6318234801292419
YDR288W,YER179W,0,-0.8888676,0.09422340244054794,0.657375156879425,0.6319395899772644
YGR209C,YPL281C,0,-0.8889146,0.09420772641897202,0.657375156879425,0.6320557594299316
YJR144W,YDR194C,0,-0.88899195,0.09419204294681549,0.657375156879425,0.6321718692779541
YFR037C,YNL051W,0,-0.8890443,0.09417637437582016,0.657375156879425,0.6322880387306213
YDL229W,YBL014C,0,-0.8890852,0.09416070580482483,0.657375156879425,0.6324042081832886
YOR242C,YIL160C,0,-0.8891133,0.0941450446844101,0.657375156879425,0.632520318031311
YLR421C,YNL038W,0,-0.8891648,0.09412938356399536,0.657375156879425,0.6326364874839783
YER044C,YOR049C,0,-0.88922286,0.09411373734474182,0.657375156879425,0.6327525973320007
YDL229W,YGR024C,0,-0.88934183,0.09409809112548828,0.657375156879425,0.632868766784668
YOR080W,YNL197C,1,-0.8893621,0.09424866735935211,0.6585366129875183,0.632868766784668
YOR033C,YKL221W,0,-0.88936365,0.09423300623893738,0.6585366129875183,0.6329848766326904
YNL112W,YJL003W,0,-0.88937855,0.09421734511852264,0.6585366129875183,0.6331010460853577
YDR334W,YMR016C,0,-0.8893857,0.09420169144868851,0.6585366129875183,0.6332172155380249
YDR044W,YMR275C,0,-0.88947237,0.09418604522943497,0.6585366129875183,0.6333333253860474
YLR214W,YPL013C,0,-0.8894825,0.09417040646076202,0.6585366129875183,0.6334494948387146
YIR028W,YOR078W,0,-0.88952565,0.09415476769208908,0.6585366129875183,0.6335656046867371
YCR048W,YNL250W,0,-0.8895806,0.09413913637399673,0.6585366129875183,0.6336817741394043
YAL041W,YNL119W,1,-0.88959134,0.09428951144218445,0.6596980094909668,0.6336817741394043
YDR517W,YOR083W,0,-0.8895962,0.09427385777235031,0.6596980094909668,0.6337978839874268
YKL163W,YPL013C,0,-0.8897399,0.09425821155309677,0.6596980094909668,0.633914053440094
YBR240C,YLR451W,0,-0.88983333,0.09424257278442383,0.6596980094909668,0.6340302228927612
YIL052C,YLR035C,0,-0.88985753,0.09422694146633148,0.6596980094909668,0.6341463327407837
YPL203W,YHR111W,1,-0.8898684,0.09437717497348785,0.6608594655990601,0.6341463327407837
YPL171C,YIL111W,0,-0.88989973,0.09436152875423431,0.6608594655990601,0.6342625021934509
YMR154C,YGL255W,0,-0.8899257,0.09434588253498077,0.6608594655990601,0.6343786120414734
YDR397C,YHR143W,0,-0.8900168,0.09433023631572723,0.6608594655990601,0.6344947814941406
YER036C,YHR026W,0,-0.8900281,0.09431460499763489,0.6608594655990601,0.6346108913421631
YOR080W,YDR480W,1,-0.8902192,0.09446469694375992,0.6620209217071533,0.6346108913421631
YNL272C,YDR006C,0,-0.8902432,0.09444905072450638,0.6620209217071533,0.6347270607948303
YOL056W,YFL047W,0,-0.8902713,0.09443339705467224,0.6620209217071533,0.6348432302474976
YDR103W,YLR229C,1,-0.8902724,0.09458339959383011,0.6631823182106018,0.6348432302474976
YIL044C,YOL146W,0,-0.89033055,0.09456773847341537,0.6631823182106018,0.63495934009552
YGL224C,YIL148W,0,-0.8903347,0.09455207735300064,0.6631823182106018,0.6350755095481873
YBL039C,YDL052C,0,-0.890591,0.0945364236831665,0.6631823182106018,0.6351916193962097
YNL119W,YJL089W,1,-0.8906081,0.09468630701303482,0.6643437743186951,0.6351916193962097
YJL090C,YGL023C,0,-0.8906193,0.09467063844203949,0.6643437743186951,0.635307788848877
YNL263C,YNR016C,0,-0.8906772,0.09465496987104416,0.6643437743186951,0.6354238986968994
YGL121C,YHR073W,1,-0.8907355,0.09480476379394531,0.6655052304267883,0.6354238986968994
YHR050W,YBL072C,0,-0.8907664,0.09478908032178879,0.6655052304267883,0.6355400681495667
YML086C,YML042W,0,-0.890767,0.09477340430021286,0.6655052304267883,0.6356562376022339
YPR034W,YBR215W,0,-0.8908087,0.09475772827863693,0.6655052304267883,0.6357723474502563
YPR185W,YNL128W,0,-0.8908309,0.0947420671582222,0.6655052304267883,0.6358885169029236
YLR139C,YGR101W,0,-0.89090943,0.09472639858722687,0.6655052304267883,0.636004626750946
YLR427W,YPL253C,0,-0.8910099,0.09471074491739273,0.6655052304267883,0.6361207962036133
YOR315W,YML124C,0,-0.891016,0.0946950912475586,0.6655052304267883,0.6362369060516357
YDR103W,YOL116W,1,-0.89103436,0.09484467655420303,0.6666666865348816,0.6362369060516357
YOR061W,YGL021W,0,-0.89118636,0.0948290079832077,0.6666666865348816,0.636353075504303
YNL156C,YOL009C,0,-0.8912014,0.09481334686279297,0.6666666865348816,0.6364692449569702
YBR132C,YGL171W,0,-0.8913071,0.09479768574237823,0.6666666865348816,0.6365853548049927
YGR003W,YHR152W,0,-0.891441,0.0947820320725441,0.6666666865348816,0.6367015242576599
YLR006C,YKL116C,0,-0.8914803,0.09476638585329056,0.6666666865348816,0.6368176341056824
YGL098W,YJR019C,0,-0.89150167,0.09475073963403702,0.6666666865348816,0.6369338035583496
YOL091W,YKL058W,0,-0.8915428,0.09473510831594467,0.6666666865348816,0.6370499134063721
YBL016W,YOR371C,1,-0.8916658,0.0948844850063324,0.6678280830383301,0.6370499134063721
YAL002W,YMR023C,0,-0.8917643,0.09486883133649826,0.6678280830383301,0.6371660828590393
YIL156W,YBR036C,0,-0.8919753,0.09485318511724472,0.6678280830383301,0.6372822523117065
YHR117W,YLR115W,0,-0.89206004,0.09483753889799118,0.6678280830383301,0.637398362159729
YGL115W,YJL065C,0,-0.8920926,0.09482190012931824,0.6678280830383301,0.6375145316123962
YEL024W,YNL049C,0,-0.8921882,0.09480626881122589,0.6678280830383301,0.6376306414604187
YPL010W,YER056C-A,0,-0.8922094,0.09479063749313354,0.6678280830383301,0.6377468109130859
YDR380W,YMR017W,0,-0.89226127,0.0947750136256218,0.6678280830383301,0.6378629207611084
YLR089C,YDL056W,0,-0.8922968,0.09475939720869064,0.6678280830383301,0.6379790902137756
YDR501W,YLR439W,0,-0.8923199,0.09474378079175949,0.6678280830383301,0.6380952596664429
YLR181C,YPR106W,0,-0.8923309,0.09472817182540894,0.6678280830383301,0.6382113695144653
YLR382C,YDR323C,0,-0.8923652,0.09471257030963898,0.6678280830383301,0.6383275389671326
YBR146W,YOR122C,0,-0.89239216,0.09469696879386902,0.6678280830383301,0.638443648815155
YNL222W,YGL011C,0,-0.8924155,0.09468137472867966,0.6678280830383301,0.6385598182678223
YGR067C,YDR011W,0,-0.8924823,0.09466578811407089,0.6678280830383301,0.6386759877204895
YIL087C,YNL151C,0,-0.8925519,0.09465020895004272,0.6678280830383301,0.638792097568512
YGR058W,YKL152C,0,-0.89260006,0.09463462978601456,0.6678280830383301,0.6389082670211792
YNL077W,YPR041W,0,-0.89261687,0.09461905807256699,0.6678280830383301,0.6390243768692017
YNL133C,YGR206W,0,-0.89263654,0.09460348635911942,0.6678280830383301,0.6391405463218689
YIL101C,YBR253W,0,-0.89279425,0.09458792209625244,0.6678280830383301,0.6392566561698914
YAL042W,YIL136W,0,-0.8928615,0.09457236528396606,0.6678280830383301,0.6393728256225586
YGR040W,YGL121C,1,-0.89289105,0.09472126513719559,0.6689895391464233,0.6393728256225586
YLR242C,YAL020C,0,-0.8929349,0.09470568597316742,0.6689895391464233,0.6394889950752258
YMR224C,YPR143W,0,-0.89297783,0.09469012171030045,0.6689895391464233,0.6396051049232483
YBL010C,YBR084W,0,-0.8930149,0.09467455744743347,0.6689895391464233,0.6397212743759155
YOR033C,YOL067C,0,-0.893039,0.0946590006351471,0.6689895391464233,0.639837384223938
YBR189W,YNL064C,0,-0.89304996,0.09464344382286072,0.6689895391464233,0.6399535536766052
YEL059C-A,YNL225C,0,-0.8931006,0.09462789446115494,0.6689895391464233,0.6400696635246277
YBL010C,YPR041W,0,-0.89314973,0.09461235255002975,0.6689895391464233,0.6401858329772949
YER113C,YDR480W,1,-0.89317536,0.09476104378700256,0.6701509952545166,0.6401858329772949
YBR301W,YCL066W,0,-0.89349616,0.09474548697471619,0.6701509952545166,0.6403020024299622
YBL037W,YDL193W,0,-0.8935467,0.09472993016242981,0.6701509952545166,0.6404181122779846
YDR243C,YNL090W,0,-0.8935926,0.09471438080072403,0.6701509952545166,0.6405342817306519
YOL103W,YDR251W,0,-0.89362466,0.09469883143901825,0.6701509952545166,0.6406503915786743
YNL294C,YNL119W,1,-0.893633,0.09484738856554031,0.6713124513626099,0.6406503915786743
YLR362W,YDR107C,1,-0.89363396,0.0949959009885788,0.6724738478660583,0.6406503915786743
YMR161W,YER159C,0,-0.893695,0.09498031437397003,0.6724738478660583,0.6407665610313416
YGL115W,YML012W,0,-0.89382803,0.09496473520994186,0.6724738478660583,0.640882670879364
YBL016W,YLR083C,1,-0.8938552,0.09511315077543259,0.6736353039741516,0.640882670879364
YLR089C,YLR100W,0,-0.8939066,0.09509755671024323,0.6736353039741516,0.6409988403320312
YPL038W,YML116W,0,-0.8939097,0.09508197009563446,0.6736353039741516,0.6411150097846985
YAL042W,YAL001C,0,-0.89398205,0.0950663834810257,0.6736353039741516,0.641231119632721
YPL116W,YGR231C,0,-0.8940419,0.09505080431699753,0.6736353039741516,0.6413472890853882
YHR111W,YNL294C,1,-0.8941567,0.0951990857720375,0.6747967600822449,0.6413472890853882
YMR149W,YPL069C,0,-0.89418817,0.09518348425626755,0.6747967600822449,0.6414633989334106
YPL174C,YJR058C,0,-0.8942132,0.09516789764165878,0.6747967600822449,0.6415795683860779
YDR430C,YPL061W,0,-0.8942219,0.09515231102705002,0.6747967600822449,0.6416956782341003
YLR139C,YML012W,0,-0.8942255,0.09513673186302185,0.6747967600822449,0.6418118476867676
YJL177W,YKL140W,0,-0.8943912,0.09512115269899368,0.6747967600822449,0.6419280171394348
YFL026W,YER159C,0,-0.894426,0.09510558098554611,0.6747967600822449,0.6420441269874573
YAL035W,YHR134W,0,-0.8945359,0.09509001672267914,0.6747967600822449,0.6421602964401245
YIL117C,YGR166W,0,-0.8945657,0.09507445245981216,0.6747967600822449,0.642276406288147
YCR004C,YCR105W,0,-0.8945813,0.09505890309810638,0.6747967600822449,0.6423925757408142
YDR284C,YMR199W,0,-0.8945905,0.0950433537364006,0.6747967600822449,0.6425086855888367
YPR122W,YJL078C,0,-0.89462686,0.09502780437469482,0.6747967600822449,0.6426248550415039
YBR105C,YGR140W,0,-0.89467525,0.09501226246356964,0.6747967600822449,0.6427410244941711
YDL164C,YBL019W,0,-0.8946831,0.09499672800302505,0.6747967600822449,0.6428571343421936
YIL118W,YEL005C,0,-0.8947216,0.09498120099306107,0.6747967600822449,0.6429733037948608
YJR134C,YDL093W,0,-0.89475024,0.09496567398309708,0.6747967600822449,0.6430894136428833
YBR083W,YLR083C,1,-0.8948512,0.09511358290910721,0.6759582161903381,0.6430894136428833
YHR118C,YAL014C,0,-0.89496315,0.09509804099798203,0.6759582161903381,0.6432055830955505
YGR278W,YGR033C,0,-0.89527714,0.09508250653743744,0.6759582161903381,0.643321692943573
YDR040C,YDR318W,0,-0.8953986,0.09506697207689285,0.6759582161903381,0.6434378623962402
YER109C,YMR316W,1,-0.89543617,0.09521476179361343,0.6771196126937866,0.6434378623962402
YHR084W,YDR477W,1,-0.89546907,0.09536250680685043,0.6782810688018799,0.6434378623962402
YKL035W,YPR008W,0,-0.89558315,0.09534693509340286,0.6782810688018799,0.6435540318489075
YER018C,YIR010W,0,-0.89570904,0.09533137083053589,0.6782810688018799,0.6436701416969299
YDL030W,YBR164C,0,-0.8957981,0.09531581401824951,0.6782810688018799,0.6437863111495972
YHR128W,YGL077C,0,-0.89591837,0.09530026465654373,0.6782810688018799,0.6439024209976196
YGL194C,YNL071W,0,-0.89594615,0.09528471529483795,0.6782810688018799,0.6440185904502869
YKL157W,YBR003W,0,-0.8959538,0.09526916593313217,0.6782810688018799,0.6441347002983093
YBR110W,YLR142W,0,-0.8960227,0.09525363147258759,0.6782810688018799,0.6442508697509766
YKL146W,YNL086W,0,-0.89604616,0.095238097012043,0.6782810688018799,0.6443670392036438
YLR307W,YPL043W,0,-0.89613676,0.09522257000207901,0.6782810688018799,0.6444831490516663
YKR086W,YBR253W,0,-0.89624333,0.09520704299211502,0.6782810688018799,0.6445993185043335
YDR033W,YPR201W,0,-0.89624906,0.09519152343273163,0.6782810688018799,0.644715428352356
YMR041C,YKL164C,0,-0.89632976,0.09517601132392883,0.6782810688018799,0.6448315978050232
YDL159W,YHL007C,1,-0.89636374,0.09532345086336136,0.6794425249099731,0.6448315978050232
YDR362C,YLR048W,0,-0.89638686,0.09530791640281677,0.6794425249099731,0.6449477076530457
YBR139W,YGL181W,0,-0.8964509,0.09529238939285278,0.6794425249099731,0.6450638771057129
YBR102C,YGR295C,0,-0.8965241,0.09527686983346939,0.6794425249099731,0.6451800465583801
YBL010C,YHL003C,0,-0.8965789,0.0952613577246666,0.6794425249099731,0.6452961564064026
YKL079W,YDR047W,0,-0.8966683,0.0952458456158638,0.6794425249099731,0.6454123258590698
YIR019C,YDR480W,1,-0.89669,0.09539312869310379,0.6806039214134216,0.6454123258590698
YHR018C,YNL167C,0,-0.8967309,0.0953776016831398,0.6806039214134216,0.6455284357070923
YER007C-A,YOR346W,0,-0.89682055,0.09536208212375641,0.6806039214134216,0.6456446051597595
YPL015C,YDR148C,0,-0.89686275,0.09534657001495361,0.6806039214134216,0.645760715007782
YDR056C,YMR278W,0,-0.8968698,0.09533105790615082,0.6806039214134216,0.6458768844604492
YMR035W,YDR507C,0,-0.89687884,0.09531555324792862,0.6806039214134216,0.6459930539131165
YLR347C,YPL030W,0,-0.8970375,0.09530004858970642,0.6806039214134216,0.6461091637611389
YLR356W,YDL081C,0,-0.89706624,0.09528455138206482,0.6806039214134216,0.6462253332138062
YDR480W,YHR073W,1,-0.89713883,0.09543164074420929,0.6817653775215149,0.6462253332138062
YHR067W,YBR293W,0,-0.897171,0.0954161211848259,0.6817653775215149,0.6463414430618286
YGR033C,YIL157C,0,-0.89728427,0.0954006165266037,0.6817653775215149,0.6464576125144958
YLR345W,YLR467W,0,-0.8975326,0.0953851118683815,0.6817653775215149,0.6465737223625183
YOR056C,YMR302C,0,-0.8976613,0.0953696146607399,0.6817653775215149,0.6466898918151855
YBR215W,YDR302W,0,-0.8977641,0.0953541249036789,0.6817653775215149,0.6468060612678528
YIR008C,YIL137C,0,-0.89786685,0.09533864259719849,0.6817653775215149,0.6469221711158752
YJL139C,YNL139C,0,-0.8979062,0.09532316029071808,0.6817653775215149,0.6470383405685425
YJR047C,YOR326W,0,-0.8979454,0.09530767798423767,0.6817653775215149,0.6471544504165649
YAL034W-A,YGL003C,0,-0.89795935,0.09529221057891846,0.6817653775215149,0.6472706198692322
YDL130W-A,YMR280C,0,-0.8980391,0.09527674317359924,0.6817653775215149,0.6473867893218994
YBR008C,YGR128C,0,-0.8980408,0.09526127576828003,0.6817653775215149,0.6475028991699219
YGL208W,YNL119W,1,-0.898064,0.09540808200836182,0.6829268336296082,0.6475028991699219
YPL031C,YBL030C,0,-0.89809835,0.09539259970188141,0.6829268336296082,0.6476190686225891
YOR080W,YDR477W,1,-0.89812386,0.09553933143615723,0.6840882897377014,0.6476190686225891
YBR040W,YCR027C,0,-0.89818597,0.09552384167909622,0.6840882897377014,0.6477351784706116
YCL051W,YNL263C,0,-0.8982402,0.09550835192203522,0.6840882897377014,0.6478513479232788
YML075C,YDR385W,0,-0.8983662,0.09549286961555481,0.6840882897377014,0.6479674577713013
YOR011W,YGR157W,0,-0.89843345,0.0954773873090744,0.6840882897377014,0.6480836272239685
YPL111W,YPR065W,0,-0.8984771,0.09546191245317459,0.6840882897377014,0.6481997966766357
YFL025C,YCR028C-A,0,-0.8985492,0.09544644504785538,0.6840882897377014,0.6483159065246582
YPR107C,YJL180C,0,-0.8985876,0.09543097764253616,0.6840882897377014,0.6484320759773254
YNR038W,YOR171C,0,-0.8986343,0.09541551768779755,0.6840882897377014,0.6485481858253479
YPL116W,YBR069C,0,-0.89871573,0.09540006518363953,0.6840882897377014,0.6486643552780151
YHR084W,YLR083C,1,-0.8988272,0.09554655849933624,0.6852496862411499,0.6486643552780151
YML078W,YOL052C-A,0,-0.8990617,0.09553109109401703,0.6852496862411499,0.6487804651260376
YBR301W,YBR200W,0,-0.89914525,0.09551562368869781,0.6852496862411499,0.6488966345787048
YPL130W,YOR140W,0,-0.8991537,0.0955001637339592,0.6852496862411499,0.6490128040313721
YJR054W,YDR528W,0,-0.8992369,0.09548470377922058,0.6852496862411499,0.6491289138793945
YER072W,YFR007W,0,-0.8993678,0.09546925872564316,0.6852496862411499,0.6492450833320618
YOR103C,YNR075W,0,-0.8994777,0.09545381367206573,0.6852496862411499,0.6493611931800842
YNR001C,YDL195W,0,-0.899505,0.09543836861848831,0.6852496862411499,0.6494773626327515
YJL210W,YMR292W,0,-0.8995465,0.09542293101549149,0.6852496862411499,0.6495934724807739
YMR247C,YNL222W,0,-0.89955723,0.09540750086307526,0.6852496862411499,0.6497096419334412
YDR303C,YKL181W,0,-0.8995756,0.09539207816123962,0.6852496862411499,0.6498258113861084
YLR333C,YER044C-A,0,-0.8996012,0.09537665545940399,0.6852496862411499,0.6499419212341309
YER129W,YBL067C,0,-0.89961946,0.09536124020814896,0.6852496862411499,0.6500580906867981
YNL148C,YMR216C,0,-0.89973307,0.09534583240747452,0.6852496862411499,0.6501742005348206
YLR419W,YJL209W,0,-0.8997488,0.09533042460680008,0.6852496862411499,0.6502903699874878
YJR049C,YKR058W,0,-0.89976263,0.09531502425670624,0.6852496862411499,0.6504064798355103
YDL108W,YER007W,0,-0.8998555,0.095299631357193,0.6852496862411499,0.6505226492881775
YDL146W,YDR145W,0,-0.9000684,0.09528423845767975,0.6852496862411499,0.6506388187408447
YML042W,YLR181C,0,-0.9001614,0.0952688530087471,0.6852496862411499,0.6507549285888672
YGR074W,YHR079C-A,0,-0.90017235,0.09525346755981445,0.6852496862411499,0.6508710980415344
YPL130W,YJR123W,0,-0.9001957,0.095238097012043,0.6852496862411499,0.6509872078895569
YGR125W,YDL103C,0,-0.9004965,0.09522272646427155,0.6852496862411499,0.6511033773422241
YNR022C,YPL210C,0,-0.9007133,0.09520735591650009,0.6852496862411499,0.6512194871902466
YOR328W,YGR245C,0,-0.9008101,0.09519200026988983,0.6852496862411499,0.6513356566429138
YPL013C,YDR323C,0,-0.9008944,0.09517664462327957,0.6852496862411499,0.651451826095581
YEL026W,YHL050C,0,-0.90092874,0.09516128897666931,0.6852496862411499,0.6515679359436035
YOR357C,YPL192C,0,-0.90093493,0.09514594078063965,0.6852496862411499,0.6516841053962708
YIR035C,YDR425W,0,-0.9009565,0.09513060003519058,0.6852496862411499,0.6518002152442932
YML094W,YLR011W,0,-0.90107226,0.09511526674032211,0.6852496862411499,0.6519163846969604
YPR031W,YMR223W,0,-0.9012178,0.09509993344545364,0.6852496862411499,0.6520324945449829
YHR084W,YHL007C,1,-0.901219,0.09524577111005783,0.6864111423492432,0.6520324945449829
YHR089C,YHR191C,0,-0.9012388,0.09523042291402817,0.6864111423492432,0.6521486639976501
YOL089C,YBR296C,0,-0.90124774,0.0952150821685791,0.6864111423492432,0.6522648334503174
YGL151W,YER111C,0,-0.90129304,0.09519974142313004,0.6864111423492432,0.6523809432983398
YIL093C,YAR050W,0,-0.90129566,0.09518440812826157,0.6864111423492432,0.6524971127510071
YNL242W,YGL240W,0,-0.90131426,0.0951690822839737,0.6864111423492432,0.6526132225990295
YDR237W,YOR372C,0,-0.90146184,0.09515375643968582,0.6864111423492432,0.6527293920516968
YOR341W,YMR002W,0,-0.9016081,0.09513843804597855,0.6864111423492432,0.6528455018997192
YNL134C,YOL008W,0,-0.9016291,0.09512312710285187,0.6864111423492432,0.6529616713523865
YBR231C,YCL044C,0,-0.9016435,0.09510782361030579,0.6864111423492432,0.6530778408050537
YKL008C,YNR036C,0,-0.9016464,0.0950925201177597,0.6864111423492432,0.6531939506530762
YCR105W,YAL044C,0,-0.90176105,0.09507721662521362,0.6864111423492432,0.6533101201057434
YMR071C,YPR081C,0,-0.9017619,0.09506192803382874,0.6864111423492432,0.6534262299537659
YHR111W,YDR480W,1,-0.90195227,0.09520746022462845,0.6875725984573364,0.6534262299537659
YFR053C,YHR152W,0,-0.90198636,0.09519215673208237,0.6875725984573364,0.6535423994064331
YOR048C,YHL002W,0,-0.90205514,0.09517684578895569,0.6875725984573364,0.6536585092544556
YAR033W,YDR188W,0,-0.9021472,0.0951615497469902,0.6875725984573364,0.6537746787071228
YPL105C,YBL031W,0,-0.9023938,0.09514625370502472,0.6875725984573364,0.65389084815979
YKR027W,YOR153W,0,-0.9024955,0.09513096511363983,0.6875725984573364,0.6540069580078125
YEL017C-A,YDR073W,0,-0.9025798,0.09511568397283554,0.6875725984573364,0.6541231274604797
YNL111C,YGL240W,0,-0.9026041,0.09510040283203125,0.6875725984573364,0.6542392373085022
YJR077C,YIL107C,0,-0.9026475,0.09508512914180756,0.6875725984573364,0.6543554067611694
YJR046W,YJL138C,0,-0.9026849,0.09506985545158386,0.6875725984573364,0.6544715166091919
YBR189W,YDR309C,0,-0.9027227,0.09505458921194077,0.6875725984573364,0.6545876860618591
YDL192W,YML125C,0,-0.90274036,0.09503933042287827,0.6875725984573364,0.6547038555145264
YOR127W,YHL007C,1,-0.90289843,0.09518459439277649,0.6887340545654297,0.6547038555145264
YDR107C,YAL056W,1,-0.9029124,0.09532980620861053,0.6898954510688782,0.6547038555145264
YDR406W,YLR061W,0,-0.90291584,0.09531450271606445,0.6898954510688782,0.6548199653625488
YCR091W,YDR002W,0,-0.90313673,0.09529921412467957,0.6898954510688782,0.6549361348152161
YHR018C,YNL220W,0,-0.9032184,0.09528392553329468,0.6898954510688782,0.6550522446632385
YPR164W,YIL084C,0,-0.9032556,0.09526864439249039,0.6898954510688782,0.6551684141159058
YPL085W,YGL168W,0,-0.9033325,0.0952533707022667,0.6898954510688782,0.6552845239639282
YIL148W,YOR359W,0,-0.9033328,0.095238097012043,0.6898954510688782,0.6554006934165955
YBR094W,YAL014C,0,-0.9034053,0.0952228307723999,0.6898954510688782,0.6555168628692627
YJR068W,YIL154C,0,-0.9034393,0.0952075645327568,0.6898954510688782,0.6556329727172852
YJL204C,YDL127W,0,-0.9034693,0.0951923057436943,0.6898954510688782,0.6557491421699524
YLR272C,YNL247W,0,-0.90354323,0.0951770544052124,0.6898954510688782,0.6558652520179749
YBR135W,YIL040W,0,-0.9035746,0.0951618105173111,0.6898954510688782,0.6559814214706421
YML021C,YER054C,0,-0.9035872,0.09514656662940979,0.6898954510688782,0.6560975313186646
YMR247C,YAL020C,0,-0.9036461,0.09513132274150848,0.6898954510688782,0.6562137007713318
YER140W,YDR464W,0,-0.90368235,0.09511609375476837,0.6898954510688782,0.656329870223999
YER040W,YGR152C,0,-0.90370226,0.09510086476802826,0.6898954510688782,0.6564459800720215
YDR021W,YBR234C,0,-0.903844,0.09508564323186874,0.6898954510688782,0.6565621495246887
YDR016C,YBR114W,0,-0.9038454,0.09507042169570923,0.6898954510688782,0.6566782593727112
YOL154W,YLR376C,0,-0.9039773,0.09505520761013031,0.6898954510688782,0.6567944288253784
YDR422C,YDR130C,0,-0.90408814,0.09504000097513199,0.6898954510688782,0.6569105982780457
YNL299W,YOL072W,0,-0.9041034,0.09502479434013367,0.6898954510688782,0.6570267081260681
YER078C,YLR297W,0,-0.90415955,0.09500959515571594,0.6898954510688782,0.6571428775787354
YOR272W,YPL190C,0,-0.9042138,0.09499440342187881,0.6898954510688782,0.6572589874267578
YNL227C,YBR295W,0,-0.90436804,0.09497921168804169,0.6898954510688782,0.657375156879425
YOR201C,YBR097W,0,-0.90452135,0.09496402740478516,0.6898954510688782,0.6574912667274475
YOR009W,YMR291W,0,-0.9046414,0.09494885057210922,0.6898954510688782,0.6576074361801147
YDR103W,YAL041W,1,-0.9050399,0.0950934961438179,0.6910569071769714,0.6576074361801147
YLR067C,YFL039C,0,-0.90507424,0.09507829695940018,0.6910569071769714,0.657723605632782
YGR092W,YGL224C,0,-0.9051056,0.09506311267614365,0.6910569071769714,0.6578397154808044
YLR214W,YOL120C,0,-0.9051318,0.09504792094230652,0.6910569071769714,0.6579558849334717
YJL013C,YGL178W,0,-0.9051573,0.09503274410963058,0.6910569071769714,0.6580719947814941
YPR180W,YMR106C,0,-0.9051783,0.09501756727695465,0.6910569071769714,0.6581881642341614
YDL003W,YML004C,0,-0.9051882,0.09500239789485931,0.6910569071769714,0.6583042740821838
YLR008C,YKL028W,0,-0.9052175,0.09498722851276398,0.6910569071769714,0.6584204435348511
YAR066W,YLR222C,0,-0.9052969,0.09497206658124924,0.6910569071769714,0.6585366129875183
YPR192W,YOR284W,0,-0.9055151,0.0949569121003151,0.6910569071769714,0.6586527228355408
YOL001W,YMR318C,0,-0.9056467,0.09494175761938095,0.6910569071769714,0.658768892288208
YHR111W,YER109C,1,-0.9057454,0.09508614987134933,0.6922183632850647,0.658768892288208
YER109C,YDR107C,1,-0.905753,0.09523049741983414,0.693379819393158,0.658768892288208
YER113C,YOR371C,1,-0.90581346,0.09537480026483536,0.6945412158966064,0.658768892288208
YOR033C,YCR063W,0,-0.90596056,0.09535959362983704,0.6945412158966064,0.6588850021362305
YDR408C,YDL191W,0,-0.90596104,0.09534438699483871,0.6945412158966064,0.6590011715888977
YDR107C,YDR480W,1,-0.90605736,0.09548860043287277,0.6957026720046997,0.6590011715888977
YPL115C,YDR477W,1,-0.9060643,0.09563276916742325,0.696864128112793,0.6590011715888977
YDR322C-A,YGL136C,0,-0.90608966,0.09561753273010254,0.696864128112793,0.6591172814369202
YAL062W,YPR056W,0,-0.9060949,0.09560229629278183,0.696864128112793,0.6592334508895874
YGL077C,YPL004C,0,-0.90611184,0.09558706730604172,0.696864128112793,0.6593496203422546
YGL077C,YDR268W,0,-0.90618527,0.0955718383193016,0.696864128112793,0.6594657301902771
YGR041W,YKL052C,0,-0.9063188,0.09555661678314209,0.696864128112793,0.6595818996429443
YNL067W,YEL060C,0,-0.9063475,0.09554140269756317,0.696864128112793,0.6596980094909668
YPL258C,YHR115C,0,-0.90639186,0.09552618861198425,0.696864128112793,0.659814178943634
YLR052W,YKL043W,0,-0.9064051,0.09551098197698593,0.696864128112793,0.6599302887916565
YMR158W,YMR100W,0,-0.90646434,0.0954957827925682,0.696864128112793,0.6600464582443237
YPL115C,YOR371C,1,-0.9064845,0.09563972055912018,0.6980255246162415,0.6600464582443237
YKL112W,YJR153W,0,-0.9065678,0.09562450647354126,0.6980255246162415,0.660162627696991
YJL162C,YMR183C,0,-0.90662813,0.09560929238796234,0.6980255246162415,0.6602787375450134
YLR276C,YOR045W,0,-0.90669644,0.09559408575296402,0.6980255246162415,0.6603949069976807
YKL018W,YOL113W,0,-0.9067906,0.0955788791179657,0.6980255246162415,0.6605110168457031
YKR031C,YKR097W,0,-0.9068136,0.09556367993354797,0.6980255246162415,0.6606271862983704
YDR436W,YLR439W,0,-0.90708125,0.09554848819971085,0.6980255246162415,0.6607432961463928
YER027C,YMR316W,1,-0.9070895,0.09569226205348969,0.6991869807243347,0.6607432961463928
YPL194W,YOR306C,0,-0.90710366,0.09567704796791077,0.6991869807243347,0.6608594655990601
YKL160W,YGL171W,0,-0.9071257,0.09566184878349304,0.6991869807243347,0.6609756350517273
YOR346W,YBR055C,0,-0.9071317,0.09564664959907532,0.6991869807243347,0.6610917448997498
YOR110W,YGL166W,0,-0.907132,0.09563145041465759,0.6991869807243347,0.661207914352417
YOR221C,YDR045C,0,-0.9071989,0.09561626613140106,0.6991869807243347,0.6613240242004395
YCR043C,YLR441C,0,-0.90723157,0.09560108184814453,0.6991869807243347,0.6614401936531067
YNR036C,YJL101C,0,-0.9072467,0.095585897564888,0.6991869807243347,0.6615563035011292
YER054C,YHR001W-A,0,-0.9072517,0.09557072818279266,0.6991869807243347,0.6616724729537964
YGR223C,YHR113W,0,-0.90730023,0.09555555880069733,0.6991869807243347,0.6617886424064636
YCR098C,YNR024W,0,-0.9073603,0.09554038941860199,0.6991869807243347,0.6619047522544861
YPL178W,YDR002W,0,-0.9076952,0.09552522748708725,0.6991869807243347,0.6620209217071533
YGR272C,YGL099W,0,-0.90775776,0.0955100730061531,0.6991869807243347,0.6621370315551758
YML026C,YNL048W,0,-0.9077878,0.09549492597579956,0.6991869807243347,0.662253201007843
YIL009W,YDL138W,0,-0.9078151,0.09547977894544601,0.6991869807243347,0.6623693108558655
YOL001W,YLR190W,0,-0.90783167,0.09546463936567307,0.6991869807243347,0.6624854803085327
YLR265C,YDR247W,0,-0.90791297,0.09544949978590012,0.6991869807243347,0.6626016497612
YIL008W,YGL121C,1,-0.907989,0.09559290111064911,0.700348436832428,0.6626016497612
YCR096C,YDL240W,0,-0.9081018,0.09557774662971497,0.700348436832428,0.6627177596092224
YGR142W,YOR250C,0,-0.90810215,0.09556259959936142,0.700348436832428,0.6628339290618896
YGR040W,YHR084W,1,-0.90811384,0.09570591151714325,0.7015098929405212,0.6628339290618896
YGR076C,YMR121C,0,-0.9083369,0.09569074958562851,0.7015098929405212,0.6629500389099121
YLR074C,YBR240C,0,-0.9086158,0.09567558765411377,0.7015098929405212,0.6630662083625793
YDL139C,YNR051C,0,-0.908646,0.09566044062376022,0.7015098929405212,0.6631823182106018
YHR006W,YMR135C,0,-0.90870154,0.09564528614282608,0.7015098929405212,0.663298487663269
YHR111W,YGR040W,1,-0.9087157,0.09578847140073776,0.7026712894439697,0.663298487663269
YDR466W,YPL037C,0,-0.9087311,0.09577330946922302,0.7026712894439697,0.6634146571159363
YPL115C,YLR083C,1,-0.908739,0.09591642767190933,0.703832745552063,0.6634146571159363
YCL063W,YFL004W,0,-0.90883684,0.0959012508392334,0.703832745552063,0.6635307669639587
YBR186W,YAL058W,0,-0.90885353,0.09588607400655746,0.703832745552063,0.663646936416626
YMR044W,YCL026C-A,0,-0.9089495,0.09587090462446213,0.703832745552063,0.6637630462646484
YMR288W,YDR400W,0,-0.9090637,0.09585574269294739,0.703832745552063,0.6638792157173157
YBL055C,YML007W,0,-0.9091315,0.09584058076143265,0.703832745552063,0.6639953255653381
YKL032C,YDL166C,0,-0.90925956,0.0958254262804985,0.703832745552063,0.6641114950180054
YMR165C,YOL030W,0,-0.90930426,0.09581027925014496,0.703832745552063,0.6642276644706726
YHR065C,YDR246W,0,-0.9094938,0.09579513221979141,0.703832745552063,0.6643437743186951
YMR113W,YLR388W,0,-0.9100312,0.09577999264001846,0.703832745552063,0.6644599437713623
YOR249C,YHL044W,0,-0.9100419,0.09576485306024551,0.703832745552063,0.6645760536193848
YOR143C,YDL230W,0,-0.91005397,0.09574972093105316,0.703832745552063,0.664692223072052
YGL002W,YLR377C,0,-0.910113,0.0957345962524414,0.703832745552063,0.6648083329200745
YLR144C,YLR190W,0,-0.9101795,0.09571947902441025,0.703832745552063,0.6649245023727417
YLR144C,YOR174W,0,-0.9102291,0.09570436179637909,0.703832745552063,0.6650406718254089
YOL128C,YEL050C,0,-0.9102442,0.09568924456834793,0.703832745552063,0.6651567816734314
YOR149C,YNL031C,0,-0.9102768,0.09567414224147797,0.703832745552063,0.6652729511260986
YLR396C,YDL098C,0,-0.9103005,0.095659039914608,0.703832745552063,0.6653890609741211
YLR144C,YHR021C,0,-0.9103358,0.09564393758773804,0.703832745552063,0.6655052304267883
YOR174W,YNL286W,0,-0.9103992,0.09562885016202927,0.703832745552063,0.6656213998794556
YOR178C,YER157W,0,-0.91045964,0.0956137552857399,0.703832745552063,0.665737509727478
YER094C,YDL160C,0,-0.9106425,0.09559867531061172,0.703832745552063,0.6658536791801453
YHR102W,YKR093W,0,-0.91076684,0.09558359533548355,0.703832745552063,0.6659697890281677
YHR141C,YOR217W,0,-0.910774,0.09556852281093597,0.703832745552063,0.666085958480835
YOR202W,YLR098C,0,-0.9108412,0.0955534502863884,0.703832745552063,0.6662020683288574
YOL116W,YJL089W,1,-0.9108608,0.09569603949785233,0.7049942016601562,0.6662020683288574
YDL043C,YPL128C,0,-0.91095865,0.09568095952272415,0.7049942016601562,0.6663182377815247
YBR038W,YNL209W,0,-0.9109721,0.09566587954759598,0.7049942016601562,0.6664344072341919
YBR160W,YOL032W,0,-0.91097534,0.0956508070230484,0.7049942016601562,0.6665505170822144
YPR154W,YMR101C,0,-0.91104996,0.09563573449850082,0.7049942016601562,0.6666666865348816
YPR105C,YCR106W,0,-0.9110795,0.09562066942453384,0.7049942016601562,0.666782796382904
YGL106W,YGR038W,0,-0.91162515,0.09560560435056686,0.7049942016601562,0.6668989658355713
YNL113W,YDL141W,0,-0.9116508,0.09559055417776108,0.7049942016601562,0.6670150756835938
YNL220W,YDR311W,0,-0.91165745,0.0955754965543747,0.7049942016601562,0.667131245136261
YPL130W,YER126C,0,-0.91170776,0.0955604538321495,0.7049942016601562,0.6672474145889282
YLR409C,YPL021W,0,-0.9117154,0.09554541110992432,0.7049942016601562,0.6673635244369507
YLR362W,YDR379W,1,-0.9117342,0.09568775445222855,0.7061556577682495,0.6673635244369507
YBR179C,YER042W,0,-0.91173685,0.09567269682884216,0.7061556577682495,0.6674796938896179
YIL072W,YOR306C,0,-0.91182935,0.09565764665603638,0.7061556577682495,0.6675958037376404
YLR170C,YOL146W,0,-0.9118866,0.09564259648323059,0.7061556577682495,0.6677119731903076
YPL009C,YKR064W,0,-0.91191864,0.0956275537610054,0.7061556577682495,0.6678280830383301
YJR035W,YNL322C,0,-0.9119365,0.09561251848936081,0.7061556577682495,0.6679442524909973
YJL042W,YNL339C,0,-0.9119898,0.09559748321771622,0.7061556577682495,0.6680604219436646
YBL009W,YHR039C,0,-0.9120066,0.09558245539665222,0.7061556577682495,0.668176531791687
YLR340W,YKR009C,0,-0.9120151,0.09556743502616882,0.7061556577682495,0.6682927012443542
YGR192C,YOR030W,0,-0.91210747,0.09555241465568542,0.7061556577682495,0.6684088110923767
YKR060W,YPL233W,0,-0.91214454,0.09553739428520203,0.7061556577682495,0.668524980545044
YGR257C,YGL166W,0,-0.91215074,0.09552238881587982,0.7061556577682495,0.6686410903930664
YNL148C,YJR090C,0,-0.9121803,0.09550738334655762,0.7061556577682495,0.6687572598457336
YAL011W,YOR091W,0,-0.9121982,0.09549238532781601,0.7061556577682495,0.6688734292984009
YPR114W,YLR405W,0,-0.9123353,0.0954773873090744,0.7061556577682495,0.6689895391464233
YIL131C,YPL128C,0,-0.9124068,0.09546239674091339,0.7061556577682495,0.6691057085990906
YIL008W,YDR107C,1,-0.9124948,0.09560439735651016,0.707317054271698,0.6691057085990906
YMR029C,YJR066W,0,-0.9125551,0.09558939188718796,0.707317054271698,0.669221818447113
YPR046W,YHR001W-A,0,-0.9125825,0.09557438641786575,0.707317054271698,0.6693379878997803
YCL029C,YKL027W,0,-0.9127009,0.09555938839912415,0.707317054271698,0.6694540977478027
YGR129W,YJL138C,0,-0.91271555,0.09554439783096313,0.707317054271698,0.66957026720047
YJR109C,YBR298C,0,-0.91293645,0.09552941471338272,0.707317054271698,0.6696864366531372
YBR153W,YLR007W,0,-0.91301656,0.09551443159580231,0.707317054271698,0.6698025465011597
YBR038W,YBR273C,0,-0.91301775,0.0954994484782219,0.707317054271698,0.6699187159538269
YLR229C,YLR083C,1,-0.9132812,0.09564127027988434,0.7084785103797913,0.6699187159538269
YGL145W,YLR172C,0,-0.9132954,0.09562627226114273,0.7084785103797913,0.6700348258018494
YGL224C,YNL327W,0,-0.91337097,0.09561128169298172,0.7084785103797913,0.6701509952545166
YOR174W,YDR197W,0,-0.91339886,0.0955962985754013,0.7084785103797913,0.6702671051025391
YML091C,YJL050W,0,-0.9134239,0.09558132290840149,0.7084785103797913,0.6703832745552063
YIL036W,YBR149W,0,-0.91346216,0.09556634724140167,0.7084785103797913,0.6704994440078735
YHR050W,YFR051C,0,-0.91346455,0.09555137902498245,0.7084785103797913,0.670615553855896
YDR301W,YDR358W,0,-0.9135312,0.09553641080856323,0.7084785103797913,0.6707317233085632
YER027C,YDL159W,1,-0.9135684,0.09567804634571075,0.7096399664878845,0.6707317233085632
YPR128C,YDR069C,0,-0.9136927,0.09566306322813034,0.7096399664878845,0.6708478331565857
YDR253C,YCR010C,0,-0.9137678,0.09564808756113052,0.7096399664878845,0.6709640026092529
YFL050C,YOL018C,0,-0.9140109,0.0956331193447113,0.7096399664878845,0.6710801124572754
YDR477W,YAL056W,1,-0.9140388,0.09577465057373047,0.7108014225959778,0.6710801124572754
YBR248C,YAL055W,0,-0.9141202,0.09575966000556946,0.7108014225959778,0.6711962819099426
YBR268W,YPL206C,0,-0.9141966,0.09574468433856964,0.7108014225959778,0.6713124513626099
YGL093W,YJL198W,0,-0.91423786,0.09572970122098923,0.7108014225959778,0.6714285612106323
YML059C,YKL099C,0,-0.9143249,0.09571473300457001,0.7108014225959778,0.6715447306632996
YLL001W,YPR132W,0,-0.91455853,0.09569976478815079,0.7108014225959778,0.671660840511322
YKL129C,YOR217W,0,-0.91463006,0.09568480402231216,0.7108014225959778,0.6717770099639893
YLR378C,YBL064C,0,-0.9146992,0.09566984325647354,0.7108014225959778,0.6718931198120117
YER140W,YJR137C,0,-0.9147676,0.09565488994121552,0.7108014225959778,0.672009289264679
YIR019C,YAL056W,1,-0.9148519,0.09579622000455856,0.7119628190994263,0.672009289264679
YPR188C,YNR054C,0,-0.91507316,0.09578125178813934,0.7119628190994263,0.6721254587173462
YJR077C,YDR120C,0,-0.9150945,0.09576628357172012,0.7119628190994263,0.6722415685653687
YGR191W,YHR142W,0,-0.915295,0.0957513302564621,0.7119628190994263,0.6723577380180359
YGL055W,YIL124W,0,-0.9152993,0.09573637694120407,0.7119628190994263,0.6724738478660583
YDL010W,YIL005W,0,-0.91544557,0.09572142362594604,0.7119628190994263,0.6725900173187256
YPL262W,YPL001W,0,-0.9154662,0.09570647776126862,0.7119628190994263,0.672706127166748
YML026C,YOL067C,0,-0.9155593,0.09569153934717178,0.7119628190994263,0.6728222966194153
YBR169C,YBL050W,0,-0.9155742,0.09567660093307495,0.7119628190994263,0.6729384660720825
YHR011W,YPL049C,1,-0.91559756,0.09581772983074188,0.7131242752075195,0.6729384660720825
YMR316W,YOR371C,1,-0.91562283,0.09595880657434464,0.7142857313156128,0.6729384660720825
YFR041C,YPL117C,0,-0.9156399,0.09594383835792542,0.7142857313156128,0.673054575920105
YCR092C,YJL170C,0,-0.9157064,0.0959288701415062,0.7142857313156128,0.6731707453727722
YIR015W,YMR223W,0,-0.91571903,0.09591390937566757,0.7142857313156128,0.6732868552207947
YPL096C-A,YDL019C,0,-0.915969,0.09589895606040955,0.7142857313156128,0.6734030246734619
YGR092W,YKL054C,0,-0.91615427,0.09588400274515152,0.7142857313156128,0.6735191345214844
YPL074W,YBR280C,0,-0.91619706,0.09586905688047409,0.7142857313156128,0.6736353039741516
YER081W,YBR046C,0,-0.9162102,0.09585411101579666,0.7142857313156128,0.6737514734268188
YHL040C,YOR192C,0,-0.9163115,0.09583918005228043,0.7142857313156128,0.6738675832748413
YJL159W,YDR110W,0,-0.91649234,0.0958242416381836,0.7142857313156128,0.6739837527275085
YPR124W,YGR292W,0,-0.91649485,0.09580931812524796,0.7142857313156128,0.674099862575531
YDR279W,YJR160C,0,-0.91674805,0.09579439461231232,0.7142857313156128,0.6742160320281982
YKL135C,YDR031W,0,-0.9167973,0.09577947109937668,0.7142857313156128,0.6743322014808655
YJL137C,YDR012W,0,-0.9169872,0.09576456248760223,0.7142857313156128,0.6744483113288879
YDR200C,YIL145C,0,-0.9170413,0.09574964642524719,0.7142857313156128,0.6745644807815552
YCL069W,YMR056C,0,-0.91711235,0.09573474526405334,0.7142857313156128,0.6746805906295776
YHR007C,YGL119W,0,-0.9172646,0.0957198441028595,0.7142857313156128,0.6747967600822449
YPL091W,YNL250W,0,-0.9173453,0.09570495039224625,0.7142857313156128,0.6749128699302673
YPL181W,YIR017C,0,-0.9174001,0.095690056681633,0.7142857313156128,0.6750290393829346
YGL142C,YER118C,0,-0.9174154,0.09567517042160034,0.7142857313156128,0.6751452088356018
YLR337C,YDR117C,0,-0.9174615,0.09566029161214828,0.7142857313156128,0.6752613186836243
YNL207W,YOR003W,0,-0.9176308,0.09564541280269623,0.7142857313156128,0.6753774881362915
YBL024W,YBR043C,0,-0.91768,0.09563054144382477,0.7142857313156128,0.675493597984314
YKR058W,YDR221W,0,-0.9178487,0.09561567008495331,0.7142857313156128,0.6756097674369812
YDR384C,YGR054W,0,-0.9179336,0.09560080617666245,0.7142857313156128,0.6757258772850037
YLR044C,YGL018C,0,-0.917977,0.09558594971895218,0.7142857313156128,0.6758420467376709
YHR111W,YDR107C,1,-0.9179909,0.09572649747133255,0.7154471278190613,0.6758420467376709
YER015W,YPR114W,0,-0.91800964,0.0957116186618805,0.7154471278190613,0.6759582161903381
YPL203W,YJL089W,1,-0.91803586,0.09585210680961609,0.7166085839271545,0.6759582161903381
YLR068W,YNL176C,0,-0.9180833,0.09583721309900284,0.7166085839271545,0.6760743260383606
YGL045W,YIR019C,1,-0.918164,0.09597763419151306,0.7177700400352478,0.6760743260383606
YOR367W,YMR128W,0,-0.91818845,0.09596273303031921,0.7177700400352478,0.6761904954910278
YOL030W,YDR130C,0,-0.91842186,0.09594783186912537,0.7177700400352478,0.6763066053390503
YOR044W,YBR078W,0,-0.91853285,0.09593293815851212,0.7177700400352478,0.6764227747917175
YBR022W,YGL044C,0,-0.91858983,0.09591805189847946,0.7177700400352478,0.67653888463974
YOR363C,YML126C,0,-0.918643,0.09590316563844681,0.7177700400352478,0.6766550540924072
YGL166W,YDL232W,0,-0.9186704,0.09588828682899475,0.7177700400352478,0.6767712235450745
YOR265W,YGR208W,0,-0.9186779,0.0958734080195427,0.7177700400352478,0.6768873333930969
YDR169C,YNR047W,0,-0.9187083,0.09585853666067123,0.7177700400352478,0.6770035028457642
YKL033W,YDR212W,0,-0.918965,0.09584367275238037,0.7177700400352478,0.6771196126937866
YBR044C,YGR060W,0,-0.91908824,0.09582880884408951,0.7177700400352478,0.6772357821464539
YJR052W,YGR194C,0,-0.9191179,0.09581395238637924,0.7177700400352478,0.6773518919944763
YLR406C,YLL048C,0,-0.9192896,0.09579910337924957,0.7177700400352478,0.6774680614471436
YNL047C,YIL041W,0,-0.9193139,0.0957842543721199,0.7177700400352478,0.6775842308998108
YDR118W,YPL055C,0,-0.9193982,0.09576941281557083,0.7177700400352478,0.6777003407478333
YHR042W,YIL066C,0,-0.91943717,0.09575457125902176,0.7177700400352478,0.6778165102005005
YGL254W,YBL055C,0,-0.9194995,0.09573973715305328,0.7177700400352478,0.677932620048523
YHR011W,YHR084W,1,-0.9197612,0.09587980061769485,0.7189314961433411,0.677932620048523
YCR098C,YGL166W,0,-0.9197655,0.09586495161056519,0.7189314961433411,0.6780487895011902
YPL171C,YIL093C,0,-0.9197707,0.09585011005401611,0.7189314961433411,0.6781648993492126
YNR043W,YLR258W,0,-0.9197751,0.09583526849746704,0.7189314961433411,0.6782810688018799
YDR088C,YNL096C,0,-0.9198451,0.09582043439149857,0.7189314961433411,0.6783972382545471
YKL135C,YOL069W,0,-0.919907,0.09580560028553009,0.7189314961433411,0.6785133481025696
YDR105C,YDR400W,0,-0.91993105,0.09579077363014221,0.7189314961433411,0.6786295175552368
YHR063C,YKL137W,0,-0.9200866,0.09577595442533493,0.7189314961433411,0.6787456274032593
YMR291W,YLR119W,0,-0.9201064,0.09576113522052765,0.7189314961433411,0.6788617968559265
YKL016C,YKR086W,0,-0.92010653,0.09574632346630096,0.7189314961433411,0.678977906703949
YBL017C,YIL107C,0,-0.92017925,0.09573151916265488,0.7189314961433411,0.6790940761566162
YDL008W,YOR316C,0,-0.9201876,0.09571671485900879,0.7189314961433411,0.6792102456092834
YKL018W,YGR054W,0,-0.9203441,0.0957019180059433,0.7189314961433411,0.6793263554573059
YPL231W,YOR320C,0,-0.92038286,0.09568712115287781,0.7189314961433411,0.6794425249099731
YPR140W,YDR111C,0,-0.9203887,0.09567233175039291,0.7189314961433411,0.6795586347579956
YER027C,YGR040W,1,-0.9204929,0.09581208229064941,0.7200928926467896,0.6795586347579956
YHR011W,YBL016W,1,-0.920524,0.09595179557800293,0.7212543487548828,0.6795586347579956
YOR334W,YOR354C,0,-0.9205729,0.09593696892261505,0.7212543487548828,0.6796748042106628
YHR088W,YLR095C,0,-0.9206593,0.09592214971780777,0.7212543487548828,0.6797909140586853
YAL019W,YIL030C,0,-0.9207659,0.09590733796358109,0.7212543487548828,0.6799070835113525
YPL049C,YLR229C,1,-0.9208163,0.09604693949222565,0.7224158048629761,0.6799070835113525
YPR054W,YDR534C,0,-0.920905,0.09603211283683777,0.7224158048629761,0.6800232529640198
YGR200C,YBR295W,0,-0.9209515,0.09601728618144989,0.7224158048629761,0.6801393628120422
YIR037W,YDR298C,0,-0.92103934,0.09600246697664261,0.7224158048629761,0.6802555322647095
YIL067C,YGR090W,0,-0.92157006,0.09598765522241592,0.7224158048629761,0.6803716421127319
YMR035W,YPL255W,0,-0.9216423,0.09597284346818924,0.7224158048629761,0.6804878115653992
YPL068C,YLR022C,0,-0.9216503,0.09595803916454315,0.7224158048629761,0.6806039214134216
YLR240W,YDL154W,0,-0.92165637,0.09594323486089706,0.7224158048629761,0.6807200908660889
YER146W,YJR090C,0,-0.92177117,0.09592843800783157,0.7224158048629761,0.6808362603187561
YMR283C,YCR065W,0,-0.9218681,0.09591364860534668,0.7224158048629761,0.6809523701667786
YNR007C,YOR189W,0,-0.92202497,0.09589885920286179,0.7224158048629761,0.6810685396194458
YLR014C,YMR001C,0,-0.9220562,0.09588407725095749,0.7224158048629761,0.6811846494674683
YPL169C,YPR082C,0,-0.92215824,0.09586929529905319,0.7224158048629761,0.6813008189201355
YLR229C,YIR019C,1,-0.9223157,0.09600862860679626,0.7235772609710693,0.6813008189201355
YDL159W,YBR083W,1,-0.92232835,0.09614791721105576,0.7247386574745178,0.6813008189201355
YNL128W,YBR046C,0,-0.92245364,0.09613310545682907,0.7247386574745178,0.681416928768158
YPL121C,YML115C,0,-0.9224682,0.09611830115318298,0.7247386574745178,0.6815330982208252
YHL038C,YCR089W,0,-0.92249656,0.0961034968495369,0.7247386574745178,0.6816492676734924
YGL206C,YPR140W,0,-0.9225178,0.0960886999964714,0.7247386574745178,0.6817653775215149
YGL129C,YLL039C,0,-0.92268,0.09607390314340591,0.7247386574745178,0.6818815469741821
YHR011W,YER109C,1,-0.9228916,0.09621305763721466,0.7259001135826111,0.6818815469741821
YFR008W,YML088W,0,-0.92292595,0.09619824588298798,0.7259001135826111,0.6819976568222046
YNR030W,YER096W,0,-0.9229953,0.09618344157934189,0.7259001135826111,0.6821138262748718
YKL188C,YJL219W,0,-0.9230826,0.0961686447262764,0.7259001135826111,0.6822299361228943
YPL236C,YGL126W,0,-0.92332053,0.09615384787321091,0.7259001135826111,0.6823461055755615
YDR252W,YDL205C,0,-0.9233346,0.09613905847072601,0.7259001135826111,0.6824622750282288
YKR014C,YML060W,0,-0.9233471,0.09612426906824112,0.7259001135826111,0.6825783848762512
YOR128C,YJR095W,0,-0.92338705,0.09610948711633682,0.7259001135826111,0.6826945543289185
YGR008C,YGR245C,0,-0.92351234,0.09609471261501312,0.7259001135826111,0.6828106641769409
YKL010C,YOR368W,0,-0.92356396,0.09607993811368942,0.7259001135826111,0.6829268336296082
YIL120W,YNL248C,0,-0.92365384,0.09606517106294632,0.7259001135826111,0.6830430030822754
YNR054C,YER119C,0,-0.9237411,0.09605040401220322,0.7259001135826111,0.6831591129302979
YLR421C,YBR089C-A,0,-0.9239092,0.09603565186262131,0.7259001135826111,0.6832752823829651
YOR049C,YKL163W,0,-0.92398155,0.0960208922624588,0.7259001135826111,0.6833913922309875
YER108C,YER109C,1,-0.9241247,0.09615975618362427,0.7270615696907043,0.6833913922309875
YPL171C,YOR005C,0,-0.92426777,0.09614498913288116,0.7270615696907043,0.6835075616836548
YLR385C,YNL180C,0,-0.9243791,0.09613022208213806,0.7270615696907043,0.6836236715316772
YJL041W,YPL228W,0,-0.9245516,0.09611546248197556,0.7270615696907043,0.6837398409843445
YPR141C,YDR347W,0,-0.9245776,0.09610070288181305,0.7270615696907043,0.6838560104370117
YBR024W,YKR062W,0,-0.92473114,0.09608595818281174,0.7270615696907043,0.6839721202850342
YGL090W,YGL070C,0,-0.9247745,0.09607120603322983,0.7270615696907043,0.6840882897377014
YJR025C,YOL109W,0,-0.92490494,0.09605646878480911,0.7270615696907043,0.6842043995857239
YGR170W,YGR165W,0,-0.9250014,0.0960417315363884,0.7270615696907043,0.6843205690383911
YHR124W,YKL039W,0,-0.92503905,0.09602699428796768,0.7270615696907043,0.6844366788864136
YNL103W,YDR020C,0,-0.92508435,0.09601227194070816,0.7270615696907043,0.6845528483390808
YOL064C,YDL075W,0,-0.92510974,0.09599754959344864,0.7270615696907043,0.684669017791748
YPL049C,YER027C,1,-0.9251714,0.09613615274429321,0.7282230257987976,0.684669017791748
YMR133W,YGL016W,0,-0.92532885,0.0961214154958725,0.7282230257987976,0.6847851276397705
YPR180W,YDR227W,0,-0.92542076,0.09610668569803238,0.7282230257987976,0.6849012970924377
YOR157C,YOR246C,0,-0.9254426,0.09609195590019226,0.7282230257987976,0.6850174069404602
YJL108C,YER042W,0,-0.92549,0.09607722610235214,0.7282230257987976,0.6851335763931274
YLR362W,YPL115C,1,-0.9254961,0.09621571749448776,0.7293844223022461,0.6851335763931274
YJL097W,YDL174C,0,-0.9255935,0.09620098024606705,0.7293844223022461,0.6852496862411499
YCR036W,YNR070W,0,-0.9256121,0.09618624299764633,0.7293844223022461,0.6853658556938171
YLR364W,YKL033W,0,-0.9257406,0.09617151319980621,0.7293844223022461,0.6854820251464844
YHR149C,YER157W,0,-0.9257436,0.09615679085254669,0.7293844223022461,0.6855981349945068
YLR362W,YOL116W,1,-0.9259126,0.09629516303539276,0.7305458784103394,0.6855981349945068
YNL191W,YKL110C,0,-0.92596924,0.09628042578697205,0.7305458784103394,0.6857143044471741
YLR307W,YIR004W,0,-0.92627335,0.09626568853855133,0.7305458784103394,0.6858304142951965
YGR289C,YJR002W,0,-0.9263561,0.09625095874071121,0.7305458784103394,0.6859465837478638
YDL113C,YOR363C,0,-0.92648995,0.0962362289428711,0.7305458784103394,0.6860626935958862
YBL018C,YBR214W,0,-0.92650187,0.09622150659561157,0.7305458784103394,0.6861788630485535
YOR011W,YMR017W,0,-0.926515,0.09620679169893265,0.7305458784103394,0.6862950325012207
YGR088W,YIL096C,0,-0.9265187,0.09619207680225372,0.7305458784103394,0.6864111423492432
YDR155C,YLR006C,0,-0.9265442,0.0961773693561554,0.7305458784103394,0.6865273118019104
YOR272W,YAL014C,0,-0.92655313,0.09616266936063766,0.7305458784103394,0.6866434216499329
YGL150C,YBR208C,0,-0.92657864,0.09614796936511993,0.7305458784103394,0.6867595911026001
YPL058C,YPL013C,0,-0.9266385,0.0961332693696022,0.7305458784103394,0.6868757009506226
YGR041W,YGR068C,0,-0.926697,0.09611858427524567,0.7305458784103394,0.6869918704032898
YLR313C,YDR177W,0,-0.92670226,0.09610389918088913,0.7305458784103394,0.687108039855957
YDL008W,YDL105W,0,-0.9268149,0.09608921408653259,0.7305458784103394,0.6872241497039795
YKL108W,YBR030W,0,-0.92684543,0.09607453644275665,0.7305458784103394,0.6873403191566467
YMR306W,YBR198C,0,-0.92686987,0.09605986624956131,0.7305458784103394,0.6874564290046692
YJL170C,YDR045C,0,-0.9269614,0.09604519605636597,0.7305458784103394,0.6875725984573364
YNL245C,YNL056W,0,-0.9273522,0.09603053331375122,0.7305458784103394,0.6876887083053589
YBR005W,YNL135C,0,-0.9274086,0.09601587802171707,0.7305458784103394,0.6878048777580261
YIL093C,YDR314C,0,-0.92741513,0.09600122272968292,0.7305458784103394,0.6879210472106934
YKL055C,YOR036W,0,-0.92747664,0.09598656743764877,0.7305458784103394,0.6880371570587158
YNL119W,YGL121C,1,-0.92755854,0.09612450748682022,0.7317073345184326,0.6880371570587158
YOL154W,YDL051W,0,-0.927619,0.09610983729362488,0.7317073345184326,0.6881533265113831
YDL010W,YDR197W,0,-0.927773,0.09609518200159073,0.7317073345184326,0.6882694363594055
YMR047C,YOR156C,0,-0.9278002,0.09608052670955658,0.7317073345184326,0.6883856058120728
YCL033C,YDR529C,0,-0.92781246,0.09606587141752243,0.7317073345184326,0.6885017156600952
YHR020W,YPL085W,0,-0.9278735,0.09605123102664948,0.7317073345184326,0.6886178851127625
YOR348C,YMR100W,0,-0.9279398,0.09603658318519592,0.7317073345184326,0.6887340545654297
YKL024C,YMR060C,0,-0.9280262,0.09602195024490356,0.7317073345184326,0.6888501644134521
YJL189W,YGR142W,0,-0.92822266,0.0960073173046112,0.7317073345184326,0.6889663338661194
YOR094W,YLR032W,0,-0.92826045,0.09599268436431885,0.7317073345184326,0.6890824437141418
YJR049C,YKR094C,0,-0.9282967,0.09597805887460709,0.7317073345184326,0.6891986131668091
YKL084W,YOR056C,0,-0.92836666,0.09596344083547592,0.7317073345184326,0.6893147230148315
YGL121C,YMR316W,1,-0.9285518,0.09610112756490707,0.7328687310218811,0.6893147230148315
YKR087C,YNL123W,0,-0.92857385,0.09608649462461472,0.7328687310218811,0.6894308924674988
YGL213C,YDR346C,0,-0.92869043,0.09607186168432236,0.7328687310218811,0.689547061920166
YJL094C,YBR110W,0,-0.9287021,0.0960572361946106,0.7328687310218811,0.6896631717681885
YBL057C,YER036C,0,-0.929024,0.09604261815547943,0.7328687310218811,0.6897793412208557
YPL057C,YCR021C,0,-0.92904544,0.09602800011634827,0.7328687310218811,0.6898954510688782
YGR002C,YER012W,0,-0.9291198,0.0960133895277977,0.7328687310218811,0.6900116205215454
YER045C,YDR420W,0,-0.92912126,0.09599878638982773,0.7328687310218811,0.6901277303695679
YKL178C,YOL077W-A,0,-0.92921734,0.09598418325185776,0.7328687310218811,0.6902438998222351
YDR103W,YGL208W,1,-0.92931414,0.09612167626619339,0.7340301871299744,0.6902438998222351
YDR004W,YPL164C,0,-0.92935956,0.09610705822706223,0.7340301871299744,0.6903600692749023
YHR193C,YDL194W,0,-0.929368,0.09609244018793106,0.7340301871299744,0.6904761791229248
YMR195W,YBR221C,0,-0.9294218,0.09607783704996109,0.7340301871299744,0.690592348575592
YGL018C,YGR198W,0,-0.92945933,0.09606323391199112,0.7340301871299744,0.6907084584236145
YBL074C,YNL126W,0,-0.92946804,0.09604863077402115,0.7340301871299744,0.6908246278762817
YNL015W,YDR443C,0,-0.92957616,0.09603403508663177,0.7340301871299744,0.6909407377243042
YMR323W,YLR178C,0,-0.92963374,0.096019446849823,0.7340301871299744,0.6910569071769714
YFR007W,YNL098C,0,-0.92975676,0.09600485861301422,0.7340301871299744,0.6911730766296387
YBL009W,YML055W,0,-0.92988896,0.09599027782678604,0.7340301871299744,0.6912891864776611
YML064C,YMR184W,0,-0.92992723,0.09597570449113846,0.7340301871299744,0.6914053559303284
YKL212W,YER033C,0,-0.9302082,0.09596113115549088,0.7340301871299744,0.6915214657783508
YDR480W,YHR084W,1,-0.93021667,0.09609837830066681,0.7351916432380676,0.6915214657783508
YDR513W,YGL018C,0,-0.9302616,0.09608379006385803,0.7351916432380676,0.6916376352310181
YBR301W,YDR408C,0,-0.9303392,0.09606920927762985,0.7351916432380676,0.6917537450790405
YNL242W,YJL168C,0,-0.9304092,0.09605462849140167,0.7351916432380676,0.6918699145317078
YDL229W,YPR052C,0,-0.93043923,0.09604005515575409,0.7351916432380676,0.691986083984375
YGL249W,YDL122W,0,-0.9305204,0.0960254818201065,0.7351916432380676,0.6921021938323975
YNL014W,YLR015W,0,-0.93066,0.09601092338562012,0.7351916432380676,0.6922183632850647
YOL012C,YGR181W,0,-0.93068457,0.09599635750055313,0.7351916432380676,0.6923344731330872
YPR061C,YPR168W,0,-0.9309515,0.09598180651664734,0.7351916432380676,0.6924506425857544
YCR068W,YNR050C,0,-0.9310018,0.09596725553274155,0.7351916432380676,0.6925668120384216
YCR068W,YGL168W,0,-0.9310458,0.09595270454883575,0.7351916432380676,0.6926829218864441
YPL006W,YPR018W,0,-0.93105817,0.09593816101551056,0.7351916432380676,0.6927990913391113
YPL175W,YMR001C,0,-0.9310813,0.09592362493276596,0.7351916432380676,0.6929152011871338
YHR050W,YPR124W,0,-0.9311235,0.09590908885002136,0.7351916432380676,0.693031370639801
YNL323W,YMR029C,0,-0.9311515,0.09589456021785736,0.7351916432380676,0.6931474804878235
YAL041W,YDR379W,1,-0.9311656,0.09603150188922882,0.7363530993461609,0.6931474804878235
YMR161W,YOR265W,0,-0.9311718,0.09601695835590363,0.7363530993461609,0.6932636499404907
YDR452W,YDR439W,0,-0.931252,0.09600242227315903,0.7363530993461609,0.693379819393158
YHR099W,YGR218W,0,-0.93132067,0.09598788619041443,0.7363530993461609,0.6934959292411804
YKR072C,YHR184W,0,-0.93132305,0.09597335755825043,0.7363530993461609,0.6936120986938477
YDR368W,YHR191C,0,-0.93135107,0.09595882892608643,0.7363530993461609,0.6937282085418701
YKR087C,YOL023W,0,-0.931357,0.09594430774450302,0.7363530993461609,0.6938443779945374
YNL064C,YPL255W,0,-0.9314035,0.09592979401350021,0.7363530993461609,0.6939604878425598
YDR540C,YDL232W,0,-0.93141794,0.0959152802824974,0.7363530993461609,0.694076657295227
YER170W,YGL142C,0,-0.93145216,0.0959007740020752,0.7363530993461609,0.6941928267478943
YGL192W,YGR046W,0,-0.93148756,0.09588626772165298,0.7363530993461609,0.6943089365959167
YML065W,YOL055C,0,-0.9315082,0.09587176889181137,0.7363530993461609,0.694425106048584
YIL126W,YMR125W,0,-0.9315845,0.09585727006196976,0.7363530993461609,0.6945412158966064
YJR010C-A,YDR142C,0,-0.93159854,0.09584277868270874,0.7363530993461609,0.6946573853492737
YLR188W,YGL085W,0,-0.9316329,0.09582829475402832,0.7363530993461609,0.6947734951972961
YOR004W,YPR037C,0,-0.9316492,0.0958138108253479,0.7363530993461609,0.6948896646499634
YGR082W,YOR245C,0,-0.93171597,0.09579933434724808,0.7363530993461609,0.6950058341026306
YIL019W,YDL101C,0,-0.9318547,0.09578486531972885,0.7363530993461609,0.6951219439506531
YGR003W,YKL148C,0,-0.93188095,0.09577039629220963,0.7363530993461609,0.6952381134033203
YDL104C,YLL024C,0,-0.9319793,0.0957559272646904,0.7363530993461609,0.6953542232513428
YDR361C,YPR105C,0,-0.9320241,0.09574146568775177,0.7363530993461609,0.69547039270401
YNL288W,YDL230W,0,-0.93203425,0.09572701156139374,0.7363530993461609,0.6955865025520325
YLR214W,YER019W,0,-0.9320357,0.0957125574350357,0.7363530993461609,0.6957026720046997
YPL271W,YOL094C,0,-0.93206155,0.09569811075925827,0.7363530993461609,0.6958188414573669
YLR286C,YGR138C,0,-0.9322345,0.09568367153406143,0.7363530993461609,0.6959349513053894
YLR019W,YIR010W,0,-0.9322996,0.0956692323088646,0.7363530993461609,0.6960511207580566
YHR001W,YDR394W,0,-0.9325007,0.09565480053424835,0.7363530993461609,0.6961672306060791
YDR365C,YLL028W,0,-0.9325503,0.09564036875963211,0.7363530993461609,0.6962834000587463
YLR398C,YEL015W,0,-0.9326465,0.09562594443559647,0.7363530993461609,0.6963995099067688
YLR367W,YML118W,0,-0.93277264,0.09561152011156082,0.7363530993461609,0.696515679359436
YKR080W,YFL034C-B,0,-0.93280375,0.09559710323810577,0.7363530993461609,0.6966318488121033
YPR108W,YMR139W,0,-0.93290925,0.09558269381523132,0.7363530993461609,0.6967479586601257
YOR201C,YMR305C,0,-0.9329703,0.09556828439235687,0.7363530993461609,0.696864128112793
YMR217W,YNL091W,0,-0.9329889,0.09555388242006302,0.7363530993461609,0.6969802379608154
YPL049C,YMR116C,1,-0.933004,0.09569017589092255,0.7375144958496094,0.6969802379608154
YHL038C,YGL224C,0,-0.93306804,0.0956757590174675,0.7375144958496094,0.6970964074134827
YLR362W,YHR084W,1,-0.9330939,0.09581199288368225,0.7386759519577026,0.6970964074134827
YGR132C,YGL018C,0,-0.93317115,0.09579756110906601,0.7386759519577026,0.6972125172615051
YCR024C-A,YBR136W,0,-0.93322265,0.09578312933444977,0.7386759519577026,0.6973286867141724
YDR162C,YLR427W,0,-0.93323505,0.09576871246099472,0.7386759519577026,0.6974448561668396
YOR319W,YIL069C,0,-0.9332516,0.09575428813695908,0.7386759519577026,0.6975609660148621
YML095C,YJL210W,0,-0.93330264,0.09573987871408463,0.7386759519577026,0.6976771354675293
YIL036W,YBR214W,0,-0.9333527,0.09572546929121017,0.7386759519577026,0.6977932453155518
YGR058W,YLR411W,0,-0.93350446,0.09571105986833572,0.7386759519577026,0.697909414768219
YOL039W,YKR085C,0,-0.9335046,0.09569665789604187,0.7386759519577026,0.6980255246162415
YOR032C,YBR131W,0,-0.9335996,0.09568226337432861,0.7386759519577026,0.6981416940689087
YLR337C,YLR310C,0,-0.9336122,0.09566786885261536,0.7386759519577026,0.6982578635215759
YJL057C,YLR284C,0,-0.93373764,0.0956534817814827,0.7386759519577026,0.6983739733695984
YDR217C,YPR134W,0,-0.9337487,0.09563909471035004,0.7386759519577026,0.6984901428222656
YGR266W,YOL084W,0,-0.9339776,0.09562471508979797,0.7386759519577026,0.6986062526702881
YLR360W,YDR096W,0,-0.93398714,0.09561034291982651,0.7386759519577026,0.6987224221229553
YJR108W,YDR359C,0,-0.934317,0.09559597074985504,0.7386759519577026,0.6988385319709778
YHR150W,YDR216W,0,-0.9343257,0.09558160603046417,0.7386759519577026,0.698954701423645
YPR164W,YKL143W,0,-0.93454933,0.0955672413110733,0.7386759519577026,0.6990708708763123
YPL049C,YIR019C,1,-0.9346281,0.095703125,0.7398374080657959,0.6990708708763123
YNL279W,YPR175W,0,-0.93467164,0.09568874537944794,0.7398374080657959,0.6991869807243347
YBR279W,YOL149W,0,-0.9347284,0.09567437320947647,0.7398374080657959,0.699303150177002
YDL072C,YJL026W,0,-0.9348128,0.0956600084900856,0.7398374080657959,0.6994192600250244
YNL289W,YBR123C,0,-0.9348924,0.09564564377069473,0.7398374080657959,0.6995354294776917
YML029W,YDL093W,0,-0.93502426,0.09563128650188446,0.7398374080657959,0.6996515393257141
YGL002W,YLR306W,0,-0.9351144,0.09561692923307419,0.7398374080657959,0.6997677087783813
YDL103C,YBR245C,0,-0.9351357,0.09560257941484451,0.7398374080657959,0.6998838782310486
YLR121C,YHR025W,0,-0.93519115,0.09558823704719543,0.7398374080657959,0.699999988079071
YNL166C,YDL141W,0,-0.935231,0.09557389467954636,0.7398374080657959,0.7001161575317383
YLR004C,YMR298W,0,-0.93529963,0.09555955231189728,0.7398374080657959,0.7002322673797607
YMR101C,YER044C,0,-0.9354862,0.0955452248454094,0.7398374080657959,0.700348436832428
YLR362W,YER113C,1,-0.93551207,0.09568086266517639,0.7409988641738892,0.700348436832428
YLR077W,YER144C,0,-0.9357085,0.09566652029752731,0.7409988641738892,0.7004645466804504
YHR018C,YBR216C,0,-0.9357909,0.09565217047929764,0.7409988641738892,0.7005807161331177
YOR087W,YOR347C,0,-0.9358491,0.09563783556222916,0.7409988641738892,0.7006968855857849
YFL008W,YER179W,0,-0.93587303,0.09562350064516068,0.7409988641738892,0.7008129954338074
YDR103W,YMR316W,1,-0.93592525,0.09575902670621872,0.7421602606773376,0.7008129954338074
YJR158W,YDR318W,0,-0.9360049,0.09574468433856964,0.7421602606773376,0.7009291648864746
YLL024C,YPR168W,0,-0.93601847,0.09573033452033997,0.7421602606773376,0.7010452747344971
YGL175C,YLR044C,0,-0.9360757,0.09571599960327148,0.7421602606773376,0.7011614441871643
YMR268C,YGL157W,0,-0.9360852,0.095701664686203,0.7421602606773376,0.7012776136398315
YLR106C,YMR274C,0,-0.9361336,0.09568732976913452,0.7421602606773376,0.701393723487854
YBR094W,YMR040W,0,-0.9361633,0.09567300230264664,0.7421602606773376,0.7015098929405212
YLR138W,YJR043C,0,-0.936206,0.09565868228673935,0.7421602606773376,0.7016260027885437
YNL326C,YER110C,0,-0.9363198,0.09564436227083206,0.7421602606773376,0.7017421722412109
YBR073W,YDR002W,0,-0.9363545,0.09563004970550537,0.7421602606773376,0.7018582820892334
YLR313C,YPL280W,0,-0.93653643,0.09561574459075928,0.7421602606773376,0.7019744515419006
YDR122W,YER126C,0,-0.9365603,0.09560143947601318,0.7421602606773376,0.7020906209945679
YBR123C,YNL321W,0,-0.9365767,0.09558713436126709,0.7421602606773376,0.7022067308425903
YDR320C,YNL244C,0,-0.9365823,0.09557283669710159,0.7421602606773376,0.7023229002952576
YDR103W,YDR043C,1,-0.93678176,0.09570808708667755,0.7433217167854309,0.7023229002952576
YOR332W,YGL155W,0,-0.9368174,0.09569378197193146,0.7433217167854309,0.70243901014328
YKL005C,YKL021C,0,-0.93684363,0.09567947685718536,0.7433217167854309,0.7025551795959473
YDR379W,YGR040W,1,-0.93686855,0.09581464529037476,0.7444831728935242,0.7025551795959473
YOL031C,YDR044W,0,-0.93707895,0.09580032527446747,0.7444831728935242,0.7026712894439697
YGL253W,YPL117C,0,-0.9372461,0.09578601270914078,0.7444831728935242,0.702787458896637
YDR519W,YCR004C,0,-0.9373672,0.09577170014381409,0.7444831728935242,0.7029036283493042
YMR224C,YKR092C,0,-0.93737674,0.095757395029068,0.7444831728935242,0.7030197381973267
YFL061W,YOR119C,0,-0.93744636,0.0957430899143219,0.7444831728935242,0.7031359076499939
YNL299W,YBR296C,0,-0.9374578,0.0957287922501564,0.7444831728935242,0.7032520174980164
YBR040W,YBR283C,0,-0.93747914,0.0957145020365715,0.7444831728935242,0.7033681869506836
YDR103W,YGL121C,1,-0.93752563,0.09584950655698776,0.7456446290016174,0.7033681869506836
YOR143C,YHR046C,0,-0.9375967,0.09583520144224167,0.7456446290016174,0.703484296798706
YNL256W,YDR057W,0,-0.9377668,0.09582089632749557,0.7456446290016174,0.7036004662513733
YDL236W,YBR103W,0,-0.93778026,0.09580659866333008,0.7456446290016174,0.7037166357040405
YML086C,YIL023C,0,-0.93783784,0.09579230099916458,0.7456446290016174,0.703832745552063
YDR483W,YML066C,0,-0.93788016,0.09577801078557968,0.7456446290016174,0.7039489150047302
YHR167W,YHR106W,0,-0.93788445,0.09576372057199478,0.7456446290016174,0.7040650248527527
YJL115W,YPR107C,0,-0.9379121,0.09574943780899048,0.7456446290016174,0.7041811943054199
YHR037W,YGR295C,0,-0.93796074,0.09573516249656677,0.7456446290016174,0.7042973041534424
YGL084C,YDR283C,0,-0.9379704,0.09572088718414307,0.7456446290016174,0.7044134736061096
YNL124W,YBR049C,0,-0.9379935,0.09570661932229996,0.7456446290016174,0.7045296430587769
YML046W,YGR063C,0,-0.9380169,0.09569235146045685,0.7456446290016174,0.7046457529067993
YPR032W,YBL054W,0,-0.9380388,0.09567809104919434,0.7456446290016174,0.7047619223594666
YCR073C,YLR393W,0,-0.93810916,0.09566383808851242,0.7456446290016174,0.704878032207489
YOR179C,YNL221C,0,-0.9381113,0.0956495851278305,0.7456446290016174,0.7049942016601562
YLR056W,YPR075C,0,-0.9382633,0.09563533216714859,0.7456446290016174,0.7051103115081787
YFR028C,YLR396C,0,-0.9383161,0.09562108665704727,0.7456446290016174,0.705226480960846
YLR310C,YKL080W,0,-0.9383185,0.09560684859752655,0.7456446290016174,0.7053426504135132
YGL045W,YHR011W,1,-0.9384711,0.09574151039123535,0.7468060255050659,0.7053426504135132
YBL072C,YIL160C,0,-0.93852186,0.09572725743055344,0.7468060255050659,0.7054587602615356
YOR133W,YML082W,0,-0.93856394,0.09571301192045212,0.7468060255050659,0.7055749297142029
YMR083W,YBR180W,0,-0.93866706,0.0956987664103508,0.7468060255050659,0.7056910395622253
YIL009C-A,YJL096W,0,-0.9386686,0.09568452090024948,0.7468060255050659,0.7058072090148926
YMR024W,YNL021W,0,-0.9387002,0.09567029029130936,0.7468060255050659,0.705923318862915
YCR034W,YGR249W,0,-0.9387106,0.09565605223178864,0.7468060255050659,0.7060394883155823
YML021C,YNL137C,0,-0.9388039,0.09564182907342911,0.7468060255050659,0.7061556577682495
YBR097W,YIL051C,0,-0.93884873,0.09562760591506958,0.7468060255050659,0.706271767616272
YEL016C,YKL197C,0,-0.9389365,0.09561338275671005,0.7468060255050659,0.7063879370689392
YLR343W,YGL168W,0,-0.939029,0.09559916704893112,0.7468060255050659,0.7065040469169617
YOL027C,YLR007W,0,-0.9390384,0.09558495879173279,0.7468060255050659,0.7066202163696289
YLR229C,YDR107C,1,-0.9390894,0.09571938216686249,0.7479674816131592,0.7066202163696289
YLR393W,YNL075W,0,-0.9391637,0.09570515900850296,0.7479674816131592,0.7067363262176514
YAL005C,YJL003W,0,-0.9392023,0.09569093585014343,0.7479674816131592,0.7068524956703186
YNL014W,YGL029W,0,-0.939206,0.0956767201423645,0.7479674816131592,0.7069686651229858
YER027C,YIR019C,1,-0.9392848,0.09581105411052704,0.7491289377212524,0.7069686651229858
YKR058W,YGL126W,0,-0.9393432,0.09579682350158691,0.7491289377212524,0.7070847749710083
YER053C,YGR215W,0,-0.939536,0.09578259289264679,0.7491289377212524,0.7072009444236755
YHR064C,YDR301W,0,-0.9396156,0.09576837718486786,0.7491289377212524,0.707317054271698
YMR221C,YHR032W,0,-0.93962336,0.09575415402650833,0.7491289377212524,0.7074332237243652
YBR153W,YHR186C,0,-0.9396801,0.09573994576931,0.7491289377212524,0.7075493335723877
YLR116W,YML092C,0,-0.9396833,0.09572573751211166,0.7491289377212524,0.7076655030250549
YOR076C,YNL132W,0,-0.9397166,0.09571152925491333,0.7491289377212524,0.7077816724777222
YOR080W,YLR229C,1,-0.93971944,0.09584569931030273,0.7502903342247009,0.7077816724777222
YGL123W,YHL040C,0,-0.9397502,0.0958314761519432,0.7502903342247009,0.7078977823257446
YOR227W,YNL250W,0,-0.9401046,0.09581726789474487,0.7502903342247009,0.7080139517784119
YDL093W,YLR467W,0,-0.94012666,0.09580305218696594,0.7502903342247009,0.7081300616264343
YHR111W,YLR362W,1,-0.940137,0.09593713283538818,0.7514517903327942,0.7081300616264343
YML069W,YHL020C,0,-0.9401541,0.09592290222644806,0.7514517903327942,0.7082462310791016
YPR199C,YDR050C,0,-0.9402523,0.09590868651866913,0.7514517903327942,0.708362340927124
YDR490C,YDR002W,0,-0.9404346,0.0958944708108902,0.7514517903327942,0.7084785103797913
YPR008W,YNL289W,0,-0.9404515,0.09588026255369186,0.7514517903327942,0.7085946798324585
YOR044W,YDR465C,0,-0.94055176,0.09586605429649353,0.7514517903327942,0.708710789680481
YFL050C,YBR153W,0,-0.9405533,0.0958518534898758,0.7514517903327942,0.7088269591331482
YKL145W,YGL116W,0,-0.94067633,0.09583765268325806,0.7514517903327942,0.7089430689811707
YER030W,YJR065C,0,-0.94080496,0.09582345932722092,0.7514517903327942,0.7090592384338379
YMR060C,YDR190C,0,-0.94082344,0.09580927342176437,0.7514517903327942,0.7091753482818604
YDR169C,YGL061C,0,-0.9409845,0.09579508751630783,0.7514517903327942,0.7092915177345276
YDL130W,YOR249C,0,-0.94102025,0.09578090161085129,0.7514517903327942,0.7094076871871948
YDR264C,YOR167C,0,-0.94105947,0.09576672315597534,0.7514517903327942,0.7095237970352173
YDR217C,YOR256C,0,-0.9410819,0.09575255215167999,0.7514517903327942,0.7096399664878845
YAL043C,YNL229C,0,-0.9411546,0.09573838114738464,0.7514517903327942,0.709756076335907
YNL049C,YGR162W,0,-0.9413582,0.09572421759366989,0.7514517903327942,0.7098722457885742
YLR070C,YOR217W,0,-0.9415468,0.09571006149053574,0.7514517903327942,0.7099884152412415
YBR168W,YHR197W,0,-0.9416803,0.09569590538740158,0.7514517903327942,0.7101045250892639
YBR279W,YBR114W,0,-0.941735,0.09568174928426743,0.7514517903327942,0.7102206945419312
YDR435C,YOL132W,0,-0.94180095,0.09566760063171387,0.7514517903327942,0.7103368043899536
YLR132C,YER038C,0,-0.94194543,0.0956534594297409,0.7514517903327942,0.7104529738426208
YML076C,YHR148W,0,-0.941985,0.09563931822776794,0.7514517903327942,0.7105690836906433
YPL203W,YMR116C,1,-0.942166,0.09577298164367676,0.7526132464408875,0.7105690836906433
YML075C,YKL080W,0,-0.94226205,0.0957588329911232,0.7526132464408875,0.7106852531433105
YJR117W,YOR188W,0,-0.9423487,0.09574468433856964,0.7526132464408875,0.7108014225959778
YFL056C,YML110C,0,-0.94245064,0.09573053568601608,0.7526132464408875,0.7109175324440002
YGR108W,YEL071W,0,-0.9424993,0.09571639448404312,0.7526132464408875,0.7110337018966675
YLR170C,YDR055W,0,-0.94257176,0.09570226073265076,0.7526132464408875,0.7111498117446899
YDL064W,YDR356W,0,-0.94263756,0.09568812698125839,0.7526132464408875,0.7112659811973572
YEL009C,YDR482C,0,-0.94275725,0.09567400068044662,0.7526132464408875,0.7113820910453796
YLR052W,YKL049C,0,-0.9427799,0.09565987437963486,0.7526132464408875,0.7114982604980469
YDR198C,YDR058C,0,-0.9428644,0.09564575552940369,0.7526132464408875,0.7116144299507141
YHR167W,YPR094W,0,-0.94288576,0.09563164412975311,0.7526132464408875,0.7117305397987366
YNL291C,YLR363C,0,-0.94290483,0.09561753273010254,0.7526132464408875,0.7118467092514038
YOL138C,YNL041C,0,-0.9429753,0.09560342133045197,0.7526132464408875,0.7119628190994263
YER109C,YGL208W,1,-0.9429858,0.09573683142662048,0.7537747025489807,0.7119628190994263
YNL082W,YHR001W-A,0,-0.9429983,0.09572271257638931,0.7537747025489807,0.7120789885520935
YPR028W,YBR041W,0,-0.94304764,0.09570860117673874,0.7537747025489807,0.712195098400116
YDL064W,YOR197W,0,-0.9432533,0.09569448232650757,0.7537747025489807,0.7123112678527832
YHR084W,YOR371C,1,-0.94332874,0.09582780301570892,0.7549360990524292,0.7123112678527832
YKR099W,YIL037C,0,-0.94336116,0.09581367671489716,0.7549360990524292,0.7124274373054504
YDR051C,YMR268C,0,-0.9433713,0.09579955786466599,0.7549360990524292,0.7125435471534729
YDL065C,YHR101C,0,-0.94341123,0.09578543901443481,0.7549360990524292,0.7126597166061401
YDR418W,YKL059C,0,-0.9434161,0.09577132761478424,0.7549360990524292,0.7127758264541626
YER109C,YIL008W,1,-0.9435011,0.09590453654527664,0.7560975551605225,0.7127758264541626
YCR020C,YER044C-A,0,-0.94353855,0.09589041024446487,0.7560975551605225,0.7128919959068298
YIL007C,YBL038W,0,-0.94354606,0.0958762913942337,0.7560975551605225,0.7130081057548523
YGL156W,YLL015W,0,-0.9436209,0.09586217254400253,0.7560975551605225,0.7131242752075195
YGL208W,YDL159W,1,-0.9436945,0.09599529206752777,0.7572590112686157,0.7131242752075195
YDL174C,YOR066W,0,-0.94372964,0.0959811583161354,0.7572590112686157,0.7132404446601868
YJL052W,YBR180W,0,-0.94395864,0.09596703201532364,0.7572590112686157,0.7133565545082092
YBR045C,YBR181C,0,-0.9439876,0.09595290571451187,0.7572590112686157,0.7134727239608765
YOR069W,YDL060W,0,-0.94399,0.0959387868642807,0.7572590112686157,0.7135888338088989
YGL255W,YIR022W,0,-0.9441196,0.09592467546463013,0.7572590112686157,0.7137050032615662
YPL072W,YBL106C,0,-0.9441266,0.09591056406497955,0.7572590112686157,0.7138211131095886
YLR084C,YGL192W,0,-0.94414043,0.09589645266532898,0.7572590112686157,0.7139372825622559
YNL329C,YKL017C,0,-0.9443227,0.0958823561668396,0.7572590112686157,0.7140534520149231
YDR501W,YFL034C-A,0,-0.9443369,0.09586825221776962,0.7572590112686157,0.7141695618629456
YBL009W,YKL035W,0,-0.9443536,0.09585416316986084,0.7572590112686157,0.7142857313156128
YDL191W,YCL048W,0,-0.9444908,0.09584007412195206,0.7572590112686157,0.7144018411636353
YDL092W,YHR160C,0,-0.9445375,0.09582598507404327,0.7572590112686157,0.7145180106163025
YOL001W,YCR091W,0,-0.9445541,0.09581190347671509,0.7572590112686157,0.714634120464325
YCR043C,YLL031C,0,-0.9446449,0.0957978218793869,0.7572590112686157,0.7147502899169922
YGL039W,YBR176W,0,-0.94465184,0.09578375518321991,0.7572590112686157,0.7148664593696594
YIL106W,YFL053W,0,-0.944656,0.09576968103647232,0.7572590112686157,0.7149825692176819
YDR276C,YCR065W,0,-0.94473207,0.09575561434030533,0.7572590112686157,0.7150987386703491
YPL220W,YIL117C,0,-0.9447597,0.09574155509471893,0.7572590112686157,0.7152148485183716
YDL017W,YGR005C,0,-0.94481206,0.09572750329971313,0.7572590112686157,0.7153310179710388
YDR439W,YDR198C,0,-0.94486,0.09571344405412674,0.7572590112686157,0.7154471278190613
YPR201W,YBR302C,0,-0.94488966,0.09569939970970154,0.7572590112686157,0.7155632972717285
YLL028W,YER061C,0,-0.9450408,0.09568535536527634,0.7572590112686157,0.7156794667243958
YLR229C,YDR480W,1,-0.9450983,0.09581805020570755,0.758420467376709,0.7156794667243958
YIL019W,YFR050C,0,-0.9451574,0.09580399096012115,0.758420467376709,0.7157955765724182
YHR112C,YOR267C,0,-0.94534457,0.09578993916511536,0.758420467376709,0.7159117460250854
YLR237W,YPL028W,0,-0.94536173,0.09577588737010956,0.758420467376709,0.7160278558731079
YHR176W,YKL058W,0,-0.94537115,0.09576184302568436,0.758420467376709,0.7161440253257751
YDR108W,YGL011C,0,-0.9455731,0.09574779868125916,0.758420467376709,0.7162601351737976
YLR260W,YDL178W,0,-0.94563866,0.09573376178741455,0.758420467376709,0.7163763046264648
YPR161C,YDL098C,0,-0.9457675,0.09571973234415054,0.758420467376709,0.7164924740791321
YLR170C,YPR155C,0,-0.9458047,0.09570570290088654,0.758420467376709,0.7166085839271545
YMR264W,YNR045W,0,-0.9458978,0.09569167345762253,0.758420467376709,0.7167247533798218
YMR116C,YHR084W,1,-0.9458988,0.09582417458295822,0.7595818638801575,0.7167247533798218
YEL061C,YHL001W,0,-0.94592893,0.09581013768911362,0.7595818638801575,0.7168408632278442
YOR127W,YGR040W,1,-0.94595027,0.09594257920980453,0.7607433199882507,0.7168408632278442
YLR201C,YDR224C,0,-0.9459779,0.09592852741479874,0.7607433199882507,0.7169570326805115
YLR390W-A,YJR108W,0,-0.945999,0.09591448307037354,0.7607433199882507,0.7170731425285339
YNL197C,YGR040W,1,-0.94603133,0.09604685008525848,0.761904776096344,0.7170731425285339
YCL051W,YDR101C,0,-0.9460913,0.09603279083967209,0.761904776096344,0.7171893119812012
YKL108W,YML001W,0,-0.94609725,0.09601873904466629,0.761904776096344,0.7173054814338684
YGL246C,YKL155C,0,-0.9461298,0.0960046797990799,0.761904776096344,0.7174215912818909
YPL088W,YGR138C,0,-0.9462855,0.0959906354546547,0.761904776096344,0.7175377607345581
YPR049C,YOL149W,0,-0.94629157,0.09597659111022949,0.761904776096344,0.7176538705825806
YPL130W,YLL042C,0,-0.9463346,0.09596255421638489,0.761904776096344,0.7177700400352478
YDL164C,YCR097W,0,-0.9464147,0.09594851732254028,0.761904776096344,0.7178861498832703
YPL145C,YNL181W,0,-0.94654727,0.09593448042869568,0.761904776096344,0.7180023193359375
YNL002C,YDR093W,0,-0.946735,0.09592045843601227,0.761904776096344,0.7181184887886047
YFL022C,YCL030C,0,-0.9467859,0.09590643644332886,0.761904776096344,0.7182345986366272
YHR172W,YDR031W,0,-0.94685245,0.09589241445064545,0.761904776096344,0.7183507680892944
YIR015W,YNL169C,0,-0.94702125,0.09587839990854263,0.761904776096344,0.7184668779373169
YGL048C,YEL004W,0,-0.94703865,0.09586438536643982,0.761904776096344,0.7185830473899841
YDR398W,YOL005C,0,-0.9470755,0.0958503782749176,0.761904776096344,0.7186991572380066
YGR227W,YLR098C,0,-0.94738317,0.09583637863397598,0.761904776096344,0.7188153266906738
YOR227W,YJR099W,0,-0.94745195,0.09582237899303436,0.761904776096344,0.7189314961433411
YOL154W,YDR098C,0,-0.94755363,0.09580838680267334,0.761904776096344,0.7190476059913635
YOR127W,YDR107C,1,-0.94763434,0.09594041854143143,0.7630661725997925,0.7190476059913635
YLL042C,YGR058W,0,-0.9477297,0.09592641144990921,0.7630661725997925,0.7191637754440308
YNL299W,YHL003C,0,-0.9477751,0.09591241180896759,0.7630661725997925,0.7192798852920532
YCR091W,YJR113C,0,-0.9478488,0.09589841216802597,0.7630661725997925,0.7193960547447205
YPL038W,YEL009C,0,-0.9480299,0.09588441252708435,0.7630661725997925,0.7195122241973877
YPL249C,YCR037C,0,-0.94804573,0.09587042033672333,0.7630661725997925,0.7196283340454102
YHR124W,YGL229C,0,-0.948074,0.0958564355969429,0.7630661725997925,0.7197445034980774
YDR166C,YOL095C,0,-0.9481636,0.09584245085716248,0.7630661725997925,0.7198606133460999
YOL154W,YGL002W,0,-0.948202,0.09582847356796265,0.7630661725997925,0.7199767827987671
YJR045C,YNL058C,0,-0.9483887,0.09581449627876282,0.7630661725997925,0.7200928926467896
YML043C,YDR487C,0,-0.94845426,0.09580052644014359,0.7630661725997925,0.7202090620994568
YER183C,YBR049C,0,-0.94846845,0.09578655660152435,0.7630661725997925,0.720325231552124
YMR264W,YGR195W,0,-0.94865227,0.09577259421348572,0.7630661725997925,0.7204413414001465
YBL025W,YDR318W,0,-0.94865704,0.09575863927602768,0.7630661725997925,0.7205575108528137
YML021C,YJL110C,0,-0.94875395,0.09574468433856964,0.7630661725997925,0.7206736207008362
YPL155C,YAL007C,0,-0.94888854,0.0957307294011116,0.7630661725997925,0.7207897901535034
YOR026W,YDL007W,0,-0.9491677,0.09571678191423416,0.7630661725997925,0.7209059000015259
YHR110W,YDR482C,0,-0.9492016,0.09570284187793732,0.7630661725997925,0.7210220694541931
YPR029C,YLR393W,0,-0.9493674,0.09568890184164047,0.7630661725997925,0.7211382389068604
YCR098C,YKL150W,0,-0.9493878,0.09567496925592422,0.7630661725997925,0.7212543487548828
YLR259C,YDR485C,0,-0.94942045,0.09566103667020798,0.7630661725997925,0.72137051820755
YLR372W,YKL059C,0,-0.9494289,0.09564711153507233,0.7630661725997925,0.7214866280555725
YDR320C,YOR336W,0,-0.9494628,0.09563318639993668,0.7630661725997925,0.7216027975082397
YDR446W,YML016C,0,-0.94959116,0.09561926871538162,0.7630661725997925,0.7217189073562622
YDL200C,YGL173C,0,-0.9496733,0.09560535848140717,0.7630661725997925,0.7218350768089294
YMR070W,YML116W,0,-0.94968283,0.09559144824743271,0.7630661725997925,0.7219512462615967
YER131W,YML088W,0,-0.9498403,0.09557753801345825,0.7630661725997925,0.7220673561096191
YPR005C,YBR121C,0,-0.9498527,0.09556363523006439,0.7630661725997925,0.7221835255622864
YER045C,YER147C,0,-0.9499742,0.09554973989725113,0.7630661725997925,0.7222996354103088
YFR042W,YAR008W,0,-0.9502052,0.09553584456443787,0.7630661725997925,0.7224158048629761
YKL156W,YGL006W,0,-0.95023394,0.0955219566822052,0.7630661725997925,0.7225319147109985
YLR098C,YGR099W,0,-0.95027375,0.09550806879997253,0.7630661725997925,0.7226480841636658
YCR047C,YDL122W,0,-0.9504018,0.09549418836832047,0.7630661725997925,0.722764253616333
YNL124W,YDR197W,0,-0.95051885,0.0954803079366684,0.7630661725997925,0.7228803634643555
YLR248W,YJL158C,0,-0.9505271,0.09546643495559692,0.7630661725997925,0.7229965329170227
YPR185W,YOR278W,0,-0.95059216,0.09545256197452545,0.7630661725997925,0.7231126427650452
YOR195W,YOL019W,0,-0.95065033,0.09543869644403458,0.7630661725997925,0.7232288122177124
YDR522C,YPR107C,0,-0.9507048,0.0954248383641243,0.7630661725997925,0.7233449220657349
YLR361C,YBR089C-A,0,-0.9507992,0.09541098028421402,0.7630661725997925,0.7234610915184021
YOL078W,YMR040W,0,-0.9509499,0.09539712220430374,0.7630661725997925,0.7235772609710693
YPL115C,YMR316W,1,-0.9510679,0.09552845358848572,0.7642276287078857,0.7235772609710693
YDR227W,YPR031W,0,-0.9511241,0.09551458805799484,0.7642276287078857,0.7236933708190918
YEL058W,YGR098C,0,-0.9513148,0.09550072252750397,0.7642276287078857,0.723809540271759
YFR034C,YHR046C,0,-0.9513383,0.09548686444759369,0.7642276287078857,0.7239256501197815
YCL005W-A,YGL120C,0,-0.9514049,0.09547301381826401,0.7642276287078857,0.7240418195724487
YEL054C,YNL214W,0,-0.95147634,0.09545916318893433,0.7642276287078857,0.7241579294204712
YGL145W,YIL026C,0,-0.95149124,0.09544531255960464,0.7642276287078857,0.7242740988731384
YPR049C,YER018C,0,-0.95156646,0.09543146938085556,0.7642276287078857,0.7243902683258057
YPL032C,YMR323W,0,-0.95164835,0.09541763365268707,0.7642276287078857,0.7245063781738281
YHL033C,YKL054C,0,-0.9516946,0.09540379792451859,0.7642276287078857,0.7246225476264954
YJL129C,YPR010C,0,-0.95183134,0.0953899696469307,0.7642276287078857,0.7247386574745178
YFR046C,YNL077W,0,-0.9518777,0.0953761413693428,0.7642276287078857,0.7248548269271851
YMR024W,YMR197C,0,-0.9518882,0.09536232054233551,0.7642276287078857,0.7249709367752075
YHR215W,YJL189W,0,-0.9518932,0.09534849971532822,0.7642276287078857,0.7250871062278748
YMR024W,YNL317W,0,-0.9519656,0.09533468633890152,0.7642276287078857,0.725203275680542
YBL013W,YJL058C,0,-0.9520509,0.09532087296247482,0.7642276287078857,0.7253193855285645
YAL043C,YOR179C,0,-0.95233154,0.09530706703662872,0.7642276287078857,0.7254355549812317
YHR178W,YGL044C,0,-0.95250344,0.09529326856136322,0.7642276287078857,0.7255516648292542
YDR093W,YGR054W,0,-0.9525225,0.09527947008609772,0.7642276287078857,0.7256678342819214
YMR017W,YIL068C,0,-0.952855,0.09526567161083221,0.7642276287078857,0.7257839441299438
YDR345C,YDR243C,0,-0.95307124,0.09525188058614731,0.7642276287078857,0.7259001135826111
YBR082C,YBL055C,0,-0.95312035,0.095238097012043,0.7642276287078857,0.7260162830352783
YOL005C,YDR314C,0,-0.95312166,0.09522431343793869,0.7642276287078857,0.7261323928833008
YLR121C,YDR316W,0,-0.95317864,0.09521053731441498,0.7642276287078857,0.726248562335968
YOR080W,YDR107C,1,-0.9533422,0.09534143656492233,0.765389084815979,0.726248562335968
YML111W,YBR136W,0,-0.95353186,0.09532764554023743,0.765389084815979,0.7263646721839905
YGL255W,YJL173C,0,-0.9535692,0.09531385451555252,0.765389084815979,0.7264808416366577
YNL247W,YKL149C,0,-0.9535912,0.09530007094144821,0.765389084815979,0.7265969514846802
YMR116C,YDR480W,1,-0.9536463,0.095430888235569,0.7665505409240723,0.7265969514846802
YPL280W,YJL180C,0,-0.9537535,0.0954170897603035,0.7665505409240723,0.7267131209373474
YMR055C,YDR529C,0,-0.95379543,0.09540329873561859,0.7665505409240723,0.7268292903900146
YPR095C,YIL114C,0,-0.9538449,0.09538950771093369,0.7665505409240723,0.7269454002380371
YPL241C,YBR023C,0,-0.954056,0.09537572413682938,0.7665505409240723,0.7270615696907043
YBR021W,YLL005C,0,-0.9543077,0.09536194056272507,0.7665505409240723,0.7271776795387268
YNL145W,YGR200C,0,-0.95439255,0.09534816443920135,0.7665505409240723,0.727293848991394
YHL016C,YKR089C,0,-0.95447373,0.09533439576625824,0.7665505409240723,0.7274099588394165
YER016W,YNL049C,0,-0.954551,0.09532062709331512,0.7665505409240723,0.7275261282920837
YDR379W,YOR371C,1,-0.9545944,0.09545126557350159,0.7677119374275208,0.7275261282920837
YMR113W,YJR132W,0,-0.9546753,0.09543748199939728,0.7677119374275208,0.727642297744751
YDL126C,YGL210W,0,-0.9547696,0.09542370587587357,0.7677119374275208,0.7277584075927734
YJR123W,YGR142W,0,-0.9547974,0.09540992975234985,0.7677119374275208,0.7278745770454407
YNL328C,YER083C,0,-0.95484114,0.09539616107940674,0.7677119374275208,0.7279906868934631
YJL184W,YAL026C,0,-0.9548471,0.09538239240646362,0.7677119374275208,0.7281068563461304
YCR040W,YCR027C,0,-0.9548631,0.0953686311841011,0.7677119374275208,0.7282230257987976
YBR198C,YLL011W,0,-0.95490396,0.09535487741231918,0.7677119374275208,0.7283391356468201
YOR129C,YPL096C-A,0,-0.9549711,0.09534112364053726,0.7677119374275208,0.7284553050994873
YBL013W,YDR301W,0,-0.95500505,0.09532736986875534,0.7677119374275208,0.7285714149475098
YDR022C,YDR065W,0,-0.95503116,0.09531362354755402,0.7677119374275208,0.728687584400177
YDL149W,YBR212W,0,-0.9552294,0.09529988467693329,0.7677119374275208,0.7288036942481995
YPL057C,YPR016C,0,-0.95528364,0.09528614580631256,0.7677119374275208,0.7289198637008667
YPL231W,YLL031C,0,-0.9553524,0.09527241438627243,0.7677119374275208,0.7290360331535339
YHR016C,YIR026C,0,-0.9553871,0.0952586829662323,0.7677119374275208,0.7291521430015564
YKR095W,YBR215W,0,-0.955631,0.09524495899677277,0.7677119374275208,0.7292683124542236
YPL049C,YGR040W,1,-0.9557483,0.09537530690431595,0.768873393535614,0.7292683124542236
YDR097C,YJR126C,0,-0.95579267,0.09536156803369522,0.768873393535614,0.7293844223022461
YBR179C,YDR197W,0,-0.95582473,0.0953478291630745,0.768873393535614,0.7295005917549133
YGR223C,YML124C,0,-0.9558865,0.09533409774303436,0.768873393535614,0.7296167016029358
YGL033W,YML019W,0,-0.9559169,0.09532037377357483,0.768873393535614,0.729732871055603
YDR080W,YJL051W,0,-0.95591736,0.0953066498041153,0.768873393535614,0.7298490405082703
YGR261C,YBR164C,0,-0.9559622,0.09529293328523636,0.768873393535614,0.7299651503562927
YBR146W,YNL180C,0,-0.95596874,0.09527921676635742,0.768873393535614,0.73008131980896
YCR018C,YLL062C,0,-0.9560938,0.09526550769805908,0.768873393535614,0.7301974296569824
YIL093C,YCL048W,0,-0.9561293,0.09525179862976074,0.768873393535614,0.7303135991096497
YIR033W,YHR121W,0,-0.9562931,0.095238097012043,0.768873393535614,0.7304297089576721
YHL019C,YHR021C,0,-0.9563999,0.09522439539432526,0.768873393535614,0.7305458784103394
YKL108W,YKR064W,0,-0.9566562,0.09521070122718811,0.768873393535614,0.7306620478630066
YDR216W,YHR154W,0,-0.95672333,0.09519700706005096,0.768873393535614,0.730778157711029
YER109C,YNL197C,1,-0.9568056,0.09532710164785385,0.7700348496437073,0.730778157711029
YER106W,YNR069C,0,-0.9568198,0.09531340003013611,0.7700348496437073,0.7308943271636963
YLR013W,YOR256C,0,-0.9568275,0.09529969841241837,0.7700348496437073,0.7310104370117188
YOR080W,YER113C,1,-0.95686615,0.09542971849441528,0.7711963057518005,0.7310104370117188
YHL009C,YJL109C,0,-0.9569367,0.09541600942611694,0.7711963057518005,0.731126606464386
YDR143C,YDR354W,0,-0.956954,0.0954023003578186,0.7711963057518005,0.7312427163124084
YER113C,YAL056W,1,-0.95695865,0.09553225338459015,0.772357702255249,0.7312427163124084
YJR002W,YBR283C,0,-0.9570427,0.09551852941513062,0.772357702255249,0.7313588857650757
YKL039W,YHR110W,0,-0.9570949,0.09550481289625168,0.772357702255249,0.7314750552177429
YBR244W,YLR119W,0,-0.95718956,0.09549109637737274,0.772357702255249,0.7315911650657654
YGL243W,YCR003W,0,-0.9571912,0.0954773873090744,0.772357702255249,0.7317073345184326
YBR014C,YDR087C,0,-0.9573618,0.09546367824077606,0.772357702255249,0.7318234443664551
YCL001W,YIR034C,0,-0.95746267,0.09544997662305832,0.772357702255249,0.7319396138191223
YNL329C,YBR207W,0,-0.9574729,0.09543628245592117,0.772357702255249,0.7320557236671448
YCR081W,YHR107C,0,-0.9575157,0.09542258828878403,0.772357702255249,0.732171893119812
YKL212W,YEL004W,0,-0.95752585,0.09540889412164688,0.772357702255249,0.7322880625724792
YLR102C,YMR274C,0,-0.9578376,0.09539520740509033,0.772357702255249,0.7324041724205017
YNL245C,YHR043C,0,-0.9579661,0.09538152813911438,0.772357702255249,0.732520341873169
YKL029C,YKL196C,0,-0.9581015,0.09536784887313843,0.772357702255249,0.7326364517211914
YGL084C,YDL230W,0,-0.95815957,0.09535416960716248,0.772357702255249,0.7327526211738586
YHR150W,YGL205W,0,-0.95834804,0.09534050524234772,0.772357702255249,0.7328687310218811
YLR201C,YGR005C,0,-0.95839584,0.09532683342695236,0.772357702255249,0.7329849004745483
YKL008C,YNL136W,0,-0.95868015,0.0953131690621376,0.772357702255249,0.7331010699272156
YHL031C,YBR023C,0,-0.9587271,0.09529951214790344,0.772357702255249,0.733217179775238
YLR175W,YJR052W,0,-0.9587419,0.09528585523366928,0.772357702255249,0.7333333492279053
YIR034C,YDL188C,0,-0.9587662,0.09527220577001572,0.772357702255249,0.7334494590759277
YKL008C,YPL235W,0,-0.9588046,0.09525855630636215,0.772357702255249,0.733565628528595
YDR379W,YER027C,1,-0.9588108,0.09538814425468445,0.7735191583633423,0.733565628528595
YER012W,YMR251W-A,0,-0.95882964,0.09537447988986969,0.7735191583633423,0.7336817383766174
YPL051W,YGR014W,0,-0.95885193,0.09536082297563553,0.7735191583633423,0.7337979078292847
YGR135W,YOR124C,0,-0.9589906,0.09534717351198196,0.7735191583633423,0.7339140772819519
YLR085C,YKL080W,0,-0.9590734,0.0953335240483284,0.7735191583633423,0.7340301871299744
YHR111W,YIL008W,1,-0.959288,0.09546300023794174,0.7746806144714355,0.7340301871299744
YBR039W,YCR081W,0,-0.95962083,0.09544934332370758,0.7746806144714355,0.7341463565826416
YLL042C,YKL197C,0,-0.95964265,0.09543568640947342,0.7746806144714355,0.7342624664306641
YIL137C,YIL070C,0,-0.9597434,0.09542202949523926,0.7746806144714355,0.7343786358833313
YMR056C,YOR264W,0,-0.95974886,0.0954083800315857,0.7746806144714355,0.7344947457313538
YOR322C,YOR373W,0,-0.95974934,0.09539473801851273,0.7746806144714355,0.734610915184021
YPL130W,YHR027C,0,-0.95975435,0.09538109600543976,0.7746806144714355,0.7347270846366882
YGL134W,YIL131C,0,-0.9597591,0.09536746144294739,0.7746806144714355,0.7348431944847107
YLR360W,YBL103C,0,-0.9598484,0.09535382688045502,0.7746806144714355,0.7349593639373779
YMR088C,YGR103W,0,-0.9599259,0.09534019231796265,0.7746806144714355,0.7350754737854004
YOR157C,YML048W,0,-0.9599843,0.09532656520605087,0.7746806144714355,0.7351916432380676
YHR044C,YOL058W,0,-0.96003604,0.0953129455447197,0.7746806144714355,0.7353077530860901
YMR043W,YKL058W,0,-0.9603342,0.09529932588338852,0.7746806144714355,0.7354239225387573
YOR322C,YGL054C,0,-0.9608705,0.09528571367263794,0.7746806144714355,0.7355400919914246
YGL111W,YKL049C,0,-0.9608871,0.09527210146188736,0.7746806144714355,0.735656201839447
YIL033C,YGL210W,0,-0.9609122,0.09525849670171738,0.7746806144714355,0.7357723712921143
YLR207W,YGR023W,0,-0.96091306,0.0952448919415474,0.7746806144714355,0.7358884811401367
YML069W,YCR024C,0,-0.96094584,0.09523129463195801,0.7746806144714355,0.736004650592804
YIR036C,YNL005C,0,-0.9613042,0.09521770477294922,0.7746806144714355,0.7361207604408264
YGR158C,YBL051C,0,-0.96147406,0.09520410746335983,0.7746806144714355,0.7362369298934937
YPR104C,YMR106C,0,-0.96147645,0.09519052505493164,0.7746806144714355,0.7363530993461609
YHR037W,YAR071W,0,-0.96148825,0.09517694264650345,0.7746806144714355,0.7364692091941833
YJR054W,YDR303C,0,-0.9615947,0.09516336023807526,0.7746806144714355,0.7365853786468506
YPL053C,YDL230W,0,-0.96160877,0.09514978528022766,0.7746806144714355,0.736701488494873
YDR033W,YDL002C,0,-0.96162415,0.09513621777296066,0.7746806144714355,0.7368176579475403
YDR380W,YOL031C,0,-0.961761,0.09512265026569366,0.7746806144714355,0.7369338274002075
YDR088C,YDR101C,0,-0.96180975,0.09510908275842667,0.7746806144714355,0.73704993724823
YBR179C,YPL179W,0,-0.9620087,0.09509552270174026,0.7746806144714355,0.7371661067008972
YBR227C,YMR026C,0,-0.96203685,0.09508197009563446,0.7746806144714355,0.7372822165489197
YGL045W,YMR316W,1,-0.96205604,0.09521094709634781,0.7758420705795288,0.7372822165489197
YER109C,YHL007C,1,-0.9621588,0.09533988684415817,0.7770034670829773,0.7372822165489197
YDL108W,YPR055W,0,-0.96218085,0.09532630443572998,0.7770034670829773,0.7373983860015869
YKL027W,YOR269W,0,-0.96232474,0.09531272202730179,0.7770034670829773,0.7375144958496094
YDR236C,YJL173C,0,-0.9623326,0.0952991470694542,0.7770034670829773,0.7376306653022766
YPR049C,YPL072W,0,-0.9624728,0.0952855721116066,0.7770034670829773,0.7377468347549438
YLL050C,YOR244W,0,-0.96255744,0.0952720046043396,0.7770034670829773,0.7378629446029663
YEL018W,YDL104C,0,-0.96262896,0.0952584370970726,0.7770034670829773,0.7379791140556335
YAL047C,YCR003W,0,-0.96263313,0.0952448770403862,0.7770034670829773,0.738095223903656
YDR447C,YOR003W,0,-0.9626502,0.0952313169836998,0.7770034670829773,0.7382113933563232
YIL075C,YPR107C,0,-0.962839,0.095217764377594,0.7770034670829773,0.7383275032043457
YPL203W,YAL056W,1,-0.9628788,0.09534651786088943,0.7781649231910706,0.7383275032043457
YDR103W,YBR083W,1,-0.9628967,0.09547524154186249,0.7793263792991638,0.7383275032043457
YAL012W,YNL216W,0,-0.96297455,0.0954616591334343,0.7793263792991638,0.7384436726570129
YAR008W,YAL013W,0,-0.9630176,0.0954480767250061,0.7793263792991638,0.7385598421096802
YGL137W,YOL067C,0,-0.9630463,0.09543450176715851,0.7793263792991638,0.7386759519577026
YLR368W,YBL008W,0,-0.9630867,0.09542093425989151,0.7793263792991638,0.7387921214103699
YPL140C,YBR265W,0,-0.9631274,0.09540736675262451,0.7793263792991638,0.7389082312583923
YOL042W,YJL162C,0,-0.9631543,0.09539379924535751,0.7793263792991638,0.7390244007110596
YPL217C,YEL058W,0,-0.9632342,0.09538023918867111,0.7793263792991638,0.739140510559082
YIL013C,YDR501W,0,-0.9632889,0.09536668658256531,0.7793263792991638,0.7392566800117493
YCR098C,YGR065C,0,-0.9632908,0.0953531339764595,0.7793263792991638,0.7393728494644165
YCL061C,YAL009W,0,-0.96332204,0.0953395888209343,0.7793263792991638,0.739488959312439
YIR009W,YOR272W,0,-0.96356237,0.09532604366540909,0.7793263792991638,0.7396051287651062
YBR044C,YMR030W,0,-0.96358776,0.09531249850988388,0.7793263792991638,0.7397212386131287
YOR005C,YDR322W,0,-0.96369827,0.09529896080493927,0.7793263792991638,0.7398374080657959
YIL073C,YOL011W,0,-0.963701,0.09528543055057526,0.7793263792991638,0.7399535179138184
YLR248W,YJR096W,0,-0.9638202,0.09527190029621124,0.7793263792991638,0.7400696873664856
YPR016C,YLR438C-A,0,-0.9639766,0.09525837749242783,0.7793263792991638,0.7401858568191528
YHR094C,YKR061W,0,-0.9641566,0.09524485468864441,0.7793263792991638,0.7403019666671753
YAL041W,YER109C,1,-0.964187,0.0953732579946518,0.7804877758026123,0.7403019666671753
YPL021W,YMR204C,0,-0.9643246,0.09535972774028778,0.7804877758026123,0.7404181361198425
YFL003C,YLR409C,0,-0.96445537,0.09534619748592377,0.7804877758026123,0.740534245967865
YHR105W,YPL128C,0,-0.96455455,0.09533267468214035,0.7804877758026123,0.7406504154205322
YLL011W,YBR288C,0,-0.9646126,0.09531915187835693,0.7804877758026123,0.7407665252685547
YPR178W,YKL006C-A,0,-0.96476996,0.09530562907457352,0.7804877758026123,0.7408826947212219
YIR004W,YLL057C,0,-0.96478164,0.0952921137213707,0.7804877758026123,0.7409988641738892
YKL164C,YPL069C,0,-0.9647932,0.09527860581874847,0.7804877758026123,0.7411149740219116
YNL186W,YJL173C,0,-0.96485066,0.09526509791612625,0.7804877758026123,0.7412311434745789
YIL168W,YML075C,0,-0.96497846,0.09525159746408463,0.7804877758026123,0.7413472533226013
YFL041W,YOR298C-A,0,-0.9650835,0.095238097012043,0.7804877758026123,0.7414634227752686
YOL116W,YDL159W,1,-0.9651972,0.09536630660295486,0.7816492319107056,0.7414634227752686
YBR251W,YDR323C,0,-0.96526027,0.09535279124975204,0.7816492319107056,0.741579532623291
YDR216W,YNL278W,0,-0.9652952,0.09533928334712982,0.7816492319107056,0.7416957020759583
YDR480W,YLR083C,1,-0.9652988,0.09546741843223572,0.7828106880187988,0.7416957020759583
YPR100W,YJL151C,0,-0.9653069,0.0954539030790329,0.7828106880187988,0.7418118715286255
YLR368W,YOR113W,0,-0.96535575,0.09544038772583008,0.7828106880187988,0.741927981376648
YMR068W,YLR067C,0,-0.96539843,0.09542687237262726,0.7828106880187988,0.7420441508293152
YBR301W,YDR156W,0,-0.96562743,0.09541336447000504,0.7828106880187988,0.7421602606773376
YGL175C,YPL169C,0,-0.96564114,0.09539985656738281,0.7828106880187988,0.7422764301300049
YHR020W,YOR320C,0,-0.96568525,0.09538635611534119,0.7828106880187988,0.7423925399780273
YER146W,YBR040W,0,-0.9657252,0.09537286311388016,0.7828106880187988,0.7425087094306946
YKL160W,YLR011W,0,-0.9657419,0.09535936266183853,0.7828106880187988,0.7426248788833618
YDL155W,YMR190C,0,-0.9659051,0.0953458771109581,0.7828106880187988,0.7427409887313843
YPR178W,YKL116C,0,-0.96597147,0.09533239156007767,0.7828106880187988,0.7428571581840515
YOL100W,YCR028C-A,0,-0.9659889,0.09531890600919724,0.7828106880187988,0.742973268032074
YGL064C,YIL136W,0,-0.96602464,0.0953054279088974,0.7828106880187988,0.7430894374847412
YHR011W,YDR107C,1,-0.96620965,0.09543333947658539,0.7839721441268921,0.7430894374847412
YNR075W,YPR133C,0,-0.9664316,0.09541984647512436,0.7839721441268921,0.7432055473327637
YNL088W,YBR094W,0,-0.96644354,0.09540636092424393,0.7839721441268921,0.7433217167854309
YER063W,YKL052C,0,-0.9665549,0.0953928753733635,0.7839721441268921,0.7434378862380981
YOR259C,YIL098C,0,-0.96660566,0.09537939727306366,0.7839721441268921,0.7435539960861206
YJR007W,YDL214C,0,-0.96663034,0.09536591917276382,0.7839721441268921,0.7436701655387878
YNL294C,YIR019C,1,-0.9666463,0.09549371153116226,0.7851335406303406,0.7436701655387878
YEL006W,YHR019C,0,-0.9666959,0.09548022598028183,0.7851335406303406,0.7437862753868103
YER072W,YKL178C,0,-0.9667357,0.0954667404294014,0.7851335406303406,0.7439024448394775
YKR105C,YHR031C,0,-0.9668242,0.09545326232910156,0.7851335406303406,0.7440185546875
YHR108W,YKR022C,0,-0.96692586,0.09543978422880173,0.7851335406303406,0.7441347241401672
YPL175W,YGL134W,0,-0.96700394,0.09542631357908249,0.7851335406303406,0.7442508935928345
YDR261C,YNL116W,0,-0.9673343,0.09541284292936325,0.7851335406303406,0.7443670034408569
YER011W,YOL027C,0,-0.967358,0.09539937973022461,0.7851335406303406,0.7444831728935242
YPL155C,YDR116C,0,-0.9673698,0.09538591653108597,0.7851335406303406,0.7445992827415466
YMR070W,YBL072C,0,-0.9674283,0.09537246078252792,0.7851335406303406,0.7447154521942139
YDR363W,YLL006W,0,-0.9675276,0.09535900503396988,0.7851335406303406,0.7448315620422363
YOR247W,YDR412W,0,-0.96753454,0.09534555673599243,0.7851335406303406,0.7449477314949036
YDR108W,YOR116C,0,-0.9676615,0.09533210843801498,0.7851335406303406,0.7450639009475708
YGL045W,YMR116C,1,-0.9679214,0.09545966982841492,0.7862949967384338,0.7450639009475708
YBR207W,YCL038C,0,-0.968227,0.09544621407985687,0.7862949967384338,0.7451800107955933
YGL049C,YLR070C,0,-0.96829545,0.09543275833129883,0.7862949967384338,0.7452961802482605
YML043C,YER164W,0,-0.96841645,0.09541931003332138,0.7862949967384338,0.745412290096283
YDR107C,YGR040W,1,-0.9684793,0.09554678946733475,0.7874564528465271,0.745412290096283
YML038C,YIL026C,0,-0.9685284,0.0955333262681961,0.7874564528465271,0.7455284595489502
YNL229C,YIL103W,0,-0.968673,0.09551986306905746,0.7874564528465271,0.7456446290016174
YJL167W,YJL014W,0,-0.96872413,0.09550640732049942,0.7874564528465271,0.7457607388496399
YDR516C,YIL007C,0,-0.96893394,0.09549295902252197,0.7874564528465271,0.7458769083023071
YDR379W,YDR107C,1,-0.9690192,0.09562033414840698,0.7886179089546204,0.7458769083023071
YGL121C,YDR043C,1,-0.9694041,0.0957476794719696,0.7897793054580688,0.7458769083023071
YER060W-A,YOL120C,0,-0.96961856,0.09573419392108917,0.7897793054580688,0.7459930181503296
YDR050C,YLR417W,0,-0.9697232,0.09572072327136993,0.7897793054580688,0.7461091876029968
YML064C,YGL018C,0,-0.96977556,0.0957072451710701,0.7897793054580688,0.7462252974510193
YOL071W,YBL050W,0,-0.9698317,0.09569378197193146,0.7897793054580688,0.7463414669036865
YDR297W,YDR121W,0,-0.969862,0.09568031877279282,0.7897793054580688,0.7464576363563538
YJL204C,YDL201W,0,-0.96990097,0.09566685557365417,0.7897793054580688,0.7465737462043762
YHR183W,YLR299W,0,-0.96992826,0.09565339982509613,0.7897793054580688,0.7466899156570435
YDR225W,YHR013C,0,-0.9702418,0.09563994407653809,0.7897793054580688,0.7468060255050659
YGL121C,YLR083C,1,-0.9702556,0.09576711803674698,0.7909407615661621,0.7468060255050659
YJL183W,YCR073C,0,-0.9705961,0.09575365483760834,0.7909407615661621,0.7469221949577332
YDL126C,YDR201W,0,-0.9706075,0.0957401916384697,0.7909407615661621,0.7470383048057556
YHR076W,YDR011W,0,-0.9706131,0.09572673588991165,0.7909407615661621,0.7471544742584229
YOL058W,YLR382C,0,-0.9706211,0.09571328014135361,0.7909407615661621,0.7472706437110901
YEL071W,YLR393W,0,-0.9707782,0.09569983184337616,0.7909407615661621,0.7473867535591125
YIR019C,YGR040W,1,-0.9707881,0.0958268940448761,0.7921022176742554,0.7473867535591125
YLR229C,YHL007C,1,-0.9709289,0.09595391899347305,0.7932636737823486,0.7473867535591125
YOR278W,YPL069C,0,-0.971017,0.09594044089317322,0.7932636737823486,0.7475029230117798
YHR033W,YGL144C,0,-0.9710753,0.09592696279287338,0.7932636737823486,0.7476190328598022
YLR067C,YER044C-A,0,-0.97109246,0.09591349214315414,0.7932636737823486,0.7477352023124695
YOL133W,YIL052C,0,-0.9712404,0.0959000289440155,0.7932636737823486,0.7478513121604919
YDL159W,YOR371C,1,-0.9717171,0.0960269570350647,0.7944250702857971,0.7478513121604919
YDL164C,YFR032C-A,0,-0.97183776,0.09601347893476486,0.7944250702857971,0.7479674816131592
YDL159W,YBL016W,1,-0.97194195,0.09614034742116928,0.7955865263938904,0.7479674816131592
YDL135C,YMR048W,0,-0.97198915,0.09612686187028885,0.7955865263938904,0.7480836510658264
YLR185W,YGL106W,0,-0.97202337,0.09611336886882782,0.7955865263938904,0.7481997609138489
YKL155C,YDR058C,0,-0.97203517,0.09609989076852798,0.7955865263938904,0.7483159303665161
YMR116C,YOL116W,1,-0.972149,0.09622667729854584,0.7967479825019836,0.7483159303665161
YNL039W,YIL106W,0,-0.97235036,0.09621318429708481,0.7967479825019836,0.7484320402145386
YEL054C,YKL080W,0,-0.9725739,0.09619969129562378,0.7967479825019836,0.7485482096672058
YGR227W,YER126C,0,-0.97278666,0.09618620574474335,0.7967479825019836,0.7486643195152283
YOR158W,YHR165C,0,-0.97283256,0.09617272019386292,0.7967479825019836,0.7487804889678955
YGL251C,YLR069C,0,-0.9728545,0.09615923464298248,0.7967479825019836,0.7488966584205627
YCR008W,YNL222W,0,-0.9728929,0.09614576399326324,0.7967479825019836,0.7490127682685852
YMR171C,YPR112C,0,-0.9730432,0.09613228589296341,0.7967479825019836,0.7491289377212524
YBR203W,YPL063W,0,-0.9731282,0.09611881524324417,0.7967479825019836,0.7492450475692749
YLR170C,YHR186C,0,-0.97319376,0.09610535204410553,0.7967479825019836,0.7493612170219421
YGL045W,YLR083C,1,-0.9732082,0.09623196721076965,0.7979093790054321,0.7493612170219421
YKR053C,YJR060W,0,-0.97334266,0.09621848911046982,0.7979093790054321,0.7494773268699646
YJL203W,YGR033C,0,-0.9734249,0.09620501101016998,0.7979093790054321,0.7495934963226318
YPL115C,YGR040W,1,-0.9735633,0.09633155912160873,0.7990708351135254,0.7495934963226318
YDR006C,YPL055C,0,-0.97364223,0.0963180735707283,0.7990708351135254,0.7497096657752991
YKL055C,YDL161W,0,-0.9737191,0.09630458801984787,0.7990708351135254,0.7498257756233215
YDR022C,YLR304C,0,-0.9737358,0.09629110991954803,0.7990708351135254,0.7499419450759888
YER109C,YIR019C,1,-0.97384346,0.09641757607460022,0.8002322912216187,0.7499419450759888
YDR280W,YOR156C,0,-0.9739176,0.09640408307313919,0.8002322912216187,0.7500580549240112
YGR209C,YCR066W,0,-0.97405005,0.09639059752225876,0.8002322912216187,0.7501742243766785
YBR033W,YJL065C,0,-0.9741014,0.09637711197137833,0.8002322912216187,0.7502903342247009
YGL063W,YLR133W,0,-0.97416365,0.09636363387107849,0.8002322912216187,0.7504065036773682
YPR175W,YDL240W,0,-0.97435594,0.09635016322135925,0.8002322912216187,0.7505226731300354
YJR033C,YJL168C,0,-0.9744024,0.09633669257164001,0.8002322912216187,0.7506387829780579
YLR229C,YNL119W,1,-0.97443163,0.09646302461624146,0.8013937473297119,0.7506387829780579
YBR253W,YHR188C,0,-0.97444916,0.09644953906536102,0.8013937473297119,0.7507549524307251
YDR201W,YDR177W,0,-0.9746313,0.09643606096506119,0.8013937473297119,0.7508710622787476
YDL159W,YNL119W,1,-0.97481704,0.09656232595443726,0.8025551438331604,0.7508710622787476
YBR005W,YOR245C,0,-0.9750807,0.09654883295297623,0.8025551438331604,0.7509872317314148
YJL002C,YLR099C,0,-0.9751804,0.0965353474020958,0.8025551438331604,0.7511033415794373
YLR378C,YHR081W,0,-0.9752146,0.09652186185121536,0.8025551438331604,0.7512195110321045
YGR087C,YJL110C,0,-0.9753729,0.09650837630033493,0.8025551438331604,0.7513356804847717
YPL203W,YNL119W,1,-0.97544265,0.09663455188274384,0.8037165999412537,0.7513356804847717
YPL095C,YJL001W,0,-0.9755324,0.0966210588812828,0.8037165999412537,0.7514517903327942
YPR184W,YNL185C,0,-0.9757955,0.09660756587982178,0.8037165999412537,0.7515679597854614
YDR013W,YDR085C,0,-0.9758985,0.09659408032894135,0.8037165999412537,0.7516840696334839
YMR022W,YCL048W,0,-0.9759977,0.09658060222864151,0.8037165999412537,0.7518002390861511
YDR362C,YKL087C,0,-0.9760337,0.09656712412834167,0.8037165999412537,0.7519163489341736
YMR116C,YAL056W,1,-0.9762325,0.09669318050146103,0.8048780560493469,0.7519163489341736
YMR125W,YLR079W,0,-0.9762331,0.0966796875,0.8048780560493469,0.7520325183868408
YOL089C,YIL070C,0,-0.97631264,0.09666620194911957,0.8048780560493469,0.7521486878395081
YLR362W,YGL208W,1,-0.9764843,0.09679219126701355,0.8060395121574402,0.7521486878395081
YHR150W,YDL126C,0,-0.976542,0.09677869081497192,0.8060395121574402,0.7522647976875305
YBR015C,YLR226W,0,-0.97656703,0.0967651978135109,0.8060395121574402,0.7523809671401978
YMR081C,YJR150C,0,-0.97665954,0.09675170481204987,0.8060395121574402,0.7524970769882202
YJR125C,YAL010C,0,-0.9768187,0.09673821926116943,0.8060395121574402,0.7526132464408875
YGR174C,YGR101W,0,-0.9770173,0.0967247411608696,0.8060395121574402,0.7527293562889099
YDL143W,YPR009W,0,-0.9770355,0.09671126306056976,0.8060395121574402,0.7528455257415771
YBR158W,YOL067C,0,-0.977062,0.09669778496026993,0.8060395121574402,0.7529616951942444
YDR017C,YPL143W,0,-0.9773774,0.09668431431055069,0.8060395121574402,0.7530778050422668
YGL077C,YIL049W,0,-0.9773822,0.09667084366083145,0.8060395121574402,0.7531939744949341
YDR141C,YPL231W,0,-0.97739637,0.09665738046169281,0.8060395121574402,0.7533100843429565
YJR143C,YJL139C,0,-0.97744036,0.09664392471313477,0.8060395121574402,0.7534262537956238
YNL197C,YIR019C,1,-0.9775094,0.09676970541477203,0.8072009086608887,0.7534262537956238
YFR038W,YHR142W,0,-0.97754526,0.0967562273144722,0.8072009086608887,0.7535423636436462
YLR319C,YHR191C,0,-0.9776064,0.09674276411533356,0.8072009086608887,0.7536585330963135
YPL192C,YOL137W,0,-0.9776653,0.09672929346561432,0.8072009086608887,0.7537747025489807
YLR014C,YLR032W,0,-0.9778063,0.09671583771705627,0.8072009086608887,0.7538908123970032
YBR021W,YER118C,0,-0.97781026,0.09670238196849823,0.8072009086608887,0.7540069818496704
YGL058W,YDR123C,0,-0.9778148,0.09668892621994019,0.8072009086608887,0.7541230916976929
YMR133W,YML092C,0,-0.9778346,0.09667547792196274,0.8072009086608887,0.7542392611503601
YCL069W,YOR391C,0,-0.9779724,0.09666202962398529,0.8072009086608887,0.7543553709983826
YDR105C,YGR261C,0,-0.9781079,0.09664858877658844,0.8072009086608887,0.7544715404510498
YKL179C,YHL019C,0,-0.97825813,0.09663514792919159,0.8072009086608887,0.754587709903717
YGR040W,YHR073W,1,-0.9783741,0.09676074236631393,0.8083623647689819,0.754587709903717
YPR007C,YDL052C,0,-0.97850776,0.09674728661775589,0.8083623647689819,0.7547038197517395
YPR086W,YHL013C,0,-0.97851455,0.09673384577035904,0.8083623647689819,0.7548199892044067
YBR244W,YPL028W,0,-0.9788852,0.09672039747238159,0.8083623647689819,0.7549360990524292
YER148W,YDR184C,0,-0.9789201,0.09670696407556534,0.8083623647689819,0.7550522685050964
YNL077W,YJL203W,0,-0.9790542,0.09669352322816849,0.8083623647689819,0.7551684379577637
YNL014W,YLR190W,0,-0.9790659,0.09668009728193283,0.8083623647689819,0.7552845478057861
YDR107C,YDL159W,1,-0.979337,0.09680555760860443,0.8095238208770752,0.7552845478057861
YDL159W,YGR040W,1,-0.97936857,0.09693098068237305,0.8106852769851685,0.7552845478057861
YHR011W,YMR316W,1,-0.9795679,0.09705637395381927,0.8118466734886169,0.7552845478057861
YPL203W,YDR107C,1,-0.9796442,0.09718172997236252,0.8130081295967102,0.7552845478057861
YAR018C,YPL255W,0,-0.979843,0.09716823697090149,0.8130081295967102,0.7554007172584534
YJL156C,YGL038C,0,-0.9798691,0.09715475142002106,0.8130081295967102,0.7555168271064758
YOR246C,YGR014W,0,-0.9799454,0.09714127331972122,0.8130081295967102,0.7556329965591431
YNR023W,YIL110W,0,-0.9801825,0.09712779521942139,0.8130081295967102,0.7557491064071655
YJL156C,YKL154W,0,-0.9802029,0.09711431711912155,0.8130081295967102,0.7558652758598328
YHR032W,YGR234W,0,-0.9802964,0.09710084646940231,0.8130081295967102,0.7559814453125
YAL042W,YFR049W,0,-0.98057413,0.09708737581968307,0.8130081295967102,0.7560975551605225
YNR036C,YBR014C,0,-0.98059916,0.09707391262054443,0.8130081295967102,0.7562137246131897
YNL294C,YLR362W,1,-0.9809797,0.09719911217689514,0.8141695857048035,0.7562137246131897
YML059C,YPL255W,0,-0.9809797,0.0971856340765953,0.8141695857048035,0.7563298344612122
YML069W,YNR008W,0,-0.981187,0.09717216342687607,0.8141695857048035,0.7564460039138794
YPL032C,YPL081W,0,-0.9811944,0.09715870022773743,0.8141695857048035,0.7565621137619019
YKL101W,YOR149C,0,-0.98129654,0.09714522957801819,0.8141695857048035,0.7566782832145691
YGR262C,YOR039W,0,-0.981367,0.09713177382946014,0.8141695857048035,0.7567944526672363
YLR362W,YDL159W,1,-0.9814228,0.0972568541765213,0.815330982208252,0.7567944526672363
YLR185W,YML096W,0,-0.981642,0.09724338352680206,0.815330982208252,0.7569105625152588
YNL054W,YLR092W,0,-0.98186433,0.09722992032766342,0.815330982208252,0.757026731967926
YMR116C,YGL121C,1,-0.98195636,0.0973549336194992,0.8164924383163452,0.757026731967926
YPL115C,YNL119W,1,-0.98212993,0.0974799245595932,0.8176538944244385,0.757026731967926
YBL035C,YML118W,0,-0.98214567,0.09746642410755157,0.8176538944244385,0.7571428418159485
YIL084C,YBR121C,0,-0.9822016,0.09745293110609055,0.8176538944244385,0.7572590112686157
YHR073W,YAL056W,1,-0.9823785,0.09757785499095917,0.8188153505325317,0.7572590112686157
YCL051W,YCR094W,0,-0.982381,0.09756435453891754,0.8188153505325317,0.7573751211166382
YNR023W,YJL167W,0,-0.98242414,0.09755085408687592,0.8188153505325317,0.7574912905693054
YLR332W,YJL076W,0,-0.98247135,0.09753735363483429,0.8188153505325317,0.7576074600219727
YNL151C,YGR189C,0,-0.982574,0.09752386063337326,0.8188153505325317,0.7577235698699951
YIL072W,YDR130C,0,-0.98258245,0.09751037508249283,0.8188153505325317,0.7578397393226624
YOR047C,YDL213C,0,-0.9826014,0.0974968895316124,0.8188153505325317,0.7579558491706848
YPL227C,YDL188C,0,-0.9829382,0.09748340398073196,0.8188153505325317,0.758072018623352
YJR052W,YOL133W,0,-0.9830258,0.09746992588043213,0.8188153505325317,0.7581881284713745
YBR106W,YBR087W,0,-0.9832611,0.09745645523071289,0.8188153505325317,0.7583042979240417
YGR256W,YDL226C,0,-0.983269,0.09744298458099365,0.8188153505325317,0.758420467376709
YCR035C,YNL090W,0,-0.9836215,0.09742952138185501,0.8188153505325317,0.7585365772247314
YBL105C,YCR010C,0,-0.98370266,0.09741605818271637,0.8188153505325317,0.7586527466773987
YHR103W,YKL043W,0,-0.9837332,0.09740259498357773,0.8188153505325317,0.7587688565254211
YGL045W,YER113C,1,-0.9841502,0.09752728044986725,0.8199767470359802,0.7587688565254211
YHR194W,YML065W,0,-0.98423266,0.09751380980014801,0.8199767470359802,0.7588850259780884
YKL055C,YNL183C,0,-0.98425317,0.09750034660100937,0.8199767470359802,0.7590011358261108
YPR178W,YGR049W,0,-0.98425436,0.09748688340187073,0.8199767470359802,0.7591173052787781
YBR215W,YBL060W,0,-0.98435307,0.09747342020273209,0.8199767470359802,0.7592334747314453
YGR097W,YDR500C,0,-0.98445964,0.09745996445417404,0.8199767470359802,0.7593495845794678
YOR174W,YER144C,0,-0.9845823,0.0974465161561966,0.8199767470359802,0.759465754032135
YIL093C,YHR089C,0,-0.9848536,0.09743306785821915,0.8199767470359802,0.7595818638801575
YKL045W,YOL097C,0,-0.98493445,0.0974196195602417,0.8199767470359802,0.7596980333328247
YBR251W,YDR356W,0,-0.9849415,0.09740617871284485,0.8199767470359802,0.7598141431808472
YNL177C,YDL087C,0,-0.98495376,0.0973927453160286,0.8199767470359802,0.7599303126335144
YOL147C,YOR122C,0,-0.985085,0.09737931191921234,0.8199767470359802,0.7600464820861816
YPL074W,YDR120C,0,-0.9851556,0.09736587852239609,0.8199767470359802,0.7601625919342041
YDR483W,YBR152W,0,-0.9852278,0.09735245257616043,0.8199767470359802,0.7602787613868713
YNL047C,YPL256C,0,-0.9853748,0.09733903408050537,0.8199767470359802,0.7603948712348938
YLR277C,YFL024C,0,-0.98540056,0.09732561558485031,0.8199767470359802,0.760511040687561
YGL133W,YPL246C,0,-0.98548067,0.09731219708919525,0.8199767470359802,0.7606271505355835
YJL167W,YDL134C,0,-0.9854953,0.09729878604412079,0.8199767470359802,0.7607433199882507
YBR039W,YGL240W,0,-0.98560536,0.09728538244962692,0.8199767470359802,0.760859489440918
YKL055C,YPR105C,0,-0.9857882,0.09727197885513306,0.8199767470359802,0.7609755992889404
YJR145C,YHR191C,0,-0.9857886,0.09725857526063919,0.8199767470359802,0.7610917687416077
YGL064C,YMR080C,0,-0.9859637,0.09724517911672592,0.8199767470359802,0.7612078785896301
YHR172W,YBL103C,0,-0.98607624,0.09723178297281265,0.8199767470359802,0.7613240480422974
YPL211W,YHR044C,0,-0.98612416,0.09721839427947998,0.8199767470359802,0.7614401578903198
YKL218C,YKL060C,0,-0.98616695,0.0972050130367279,0.8199767470359802,0.7615563273429871
YOR144C,YGR082W,0,-0.9862602,0.09719163179397583,0.8199767470359802,0.7616724967956543
YER109C,YMR116C,1,-0.98634374,0.09731590002775192,0.8211382031440735,0.7616724967956543
YKR010C,YHR201C,0,-0.9864789,0.09730250388383865,0.8211382031440735,0.7617886066436768
YPR021C,YKR007W,0,-0.9866526,0.09728911519050598,0.8211382031440735,0.761904776096344
YJR047C,YKL184W,0,-0.98713243,0.09727572649717331,0.8211382031440735,0.7620208859443665
YOR037W,YGL222C,0,-0.98731184,0.09726234525442123,0.8211382031440735,0.7621370553970337
YGR108W,YKL110C,0,-0.98734176,0.09724897146224976,0.8211382031440735,0.7622531652450562
YAL032C,YGR091W,0,-0.9873489,0.09723559021949768,0.8211382031440735,0.7623693346977234
YNR019W,YJL219W,0,-0.9874623,0.0972222238779068,0.8211382031440735,0.7624855041503906
YHR080C,YMR237W,0,-0.9874834,0.09720885753631592,0.8211382031440735,0.7626016139984131
YBL040C,YKL092C,0,-0.9874933,0.09719549119472504,0.8211382031440735,0.7627177834510803
YOR127W,YIR019C,1,-0.9875865,0.0973195880651474,0.8222996592521667,0.7627177834510803
YIL053W,YHR133C,0,-0.9876214,0.09730621427297592,0.8222996592521667,0.7628338932991028
YGL025C,YLR396C,0,-0.98768556,0.09729284048080444,0.8222996592521667,0.76295006275177
YGR165W,YDR323C,0,-0.98769474,0.09727947413921356,0.8222996592521667,0.7630661725997925
YJR153W,YIL153W,0,-0.9877142,0.09726610779762268,0.8222996592521667,0.7631823420524597
YDR103W,YMR116C,1,-0.98802173,0.09739010781049728,0.82346111536026,0.7631823420524597
YNL270C,YER035W,0,-0.98820186,0.0973767340183258,0.82346111536026,0.763298511505127
YPL258C,YAL059W,0,-0.9882183,0.09736336022615433,0.82346111536026,0.7634146213531494
YBR133C,YKL018W,0,-0.98828137,0.09734999388456345,0.82346111536026,0.7635307908058167
YER109C,YAL056W,1,-0.9884671,0.09747391194105148,0.8246225118637085,0.7635307908058167
YEL034W,YNL278W,0,-0.9887873,0.09746053814888,0.8246225118637085,0.7636469006538391
YHR020W,YDR345C,0,-0.988799,0.09744715690612793,0.8246225118637085,0.7637630701065063
YDR128W,YIL145C,0,-0.98893034,0.09743378311395645,0.8246225118637085,0.7638792395591736
YNL245C,YOR100C,0,-0.98906446,0.09742041677236557,0.8246225118637085,0.763995349407196
YGR135W,YML011C,0,-0.9890897,0.09740705043077469,0.8246225118637085,0.7641115188598633
YBR106W,YPL004C,0,-0.9891033,0.0973936915397644,0.8246225118637085,0.7642276287078857
YPL115C,YHR084W,1,-0.98943734,0.09751749038696289,0.8257839679718018,0.7642276287078857
YJL100W,YLR381W,0,-0.98963714,0.09750411659479141,0.8257839679718018,0.764343798160553
YDL003W,YOL051W,0,-0.9897016,0.09749074280261993,0.8257839679718018,0.7644599080085754
YOL126C,YFL061W,0,-0.989897,0.09747737646102905,0.8257839679718018,0.7645760774612427
YMR015C,YDL098C,0,-0.98999393,0.09746401757001877,0.8257839679718018,0.7646922469139099
YIR019C,YHR084W,1,-0.99008036,0.0975877195596695,0.826945424079895,0.7646922469139099
YBR158W,YPR121W,0,-0.9901588,0.09757434576749802,0.826945424079895,0.7648083567619324
YNL300W,YLL024C,0,-0.99016666,0.09756097197532654,0.826945424079895,0.7649245262145996
YGL201C,YMR313C,0,-0.99017847,0.09754760563373566,0.826945424079895,0.7650406360626221
YDR153C,YPR132W,0,-0.99021184,0.09753424674272537,0.826945424079895,0.7651568055152893
YNL191W,YLR430W,0,-0.99025524,0.09752088785171509,0.826945424079895,0.7652729153633118
YBR104W,YLR092W,0,-0.99025536,0.0975075289607048,0.826945424079895,0.765389084815979
YDR200C,YJL091C,0,-0.9903046,0.09749417752027512,0.826945424079895,0.7655052542686462
YOR229W,YGL144C,0,-0.9903927,0.09748083353042603,0.826945424079895,0.7656213641166687
YDL239C,YKR086W,0,-0.99042606,0.09746748954057693,0.826945424079895,0.7657375335693359
YKR053C,YNL037C,0,-0.9906839,0.09745414555072784,0.826945424079895,0.7658536434173584
YGL061C,YKL188C,0,-0.99073076,0.09744080901145935,0.826945424079895,0.7659698128700256
YLR027C,YNR001C,0,-0.9907628,0.09742747992277145,0.826945424079895,0.7660859227180481
YDL159W,YDR477W,1,-0.99079895,0.09755096584558487,0.8281068801879883,0.7660859227180481
YIR019C,YJL089W,1,-0.9909195,0.0976744219660759,0.8292682766914368,0.7660859227180481
YCR091W,YPR008W,0,-0.9909388,0.09766105562448502,0.8292682766914368,0.7662020921707153
YCR024C,YBR110W,0,-0.99101937,0.09764770418405533,0.8292682766914368,0.7663182616233826
YDR489W,YBR040W,0,-0.9910402,0.09763435274362564,0.8292682766914368,0.766434371471405
YDR088C,YBL046W,0,-0.9911479,0.09762100130319595,0.8292682766914368,0.7665505409240723
YER109C,YLR229C,1,-0.99123895,0.09774436056613922,0.83042973279953,0.7665505409240723
YJL137C,YGR059W,0,-0.9912392,0.09773100167512894,0.83042973279953,0.7666666507720947
YLR085C,YOL065C,0,-0.99124575,0.09771764278411865,0.83042973279953,0.766782820224762
YDR480W,YGR040W,1,-0.9913578,0.09784094244241714,0.8315911889076233,0.766782820224762
YEL060C,YKL195W,0,-0.99136865,0.09782756865024567,0.8315911889076233,0.7668989300727844
YDR318W,YJR150C,0,-0.9914557,0.09781420975923538,0.8315911889076233,0.7670150995254517
YDR120C,YGR058W,0,-0.9916947,0.0978008434176445,0.8315911889076233,0.7671312689781189
YOL103W,YDR194C,0,-0.99169624,0.09778749197721481,0.8315911889076233,0.7672473788261414
YML034W,YLL001W,0,-0.99176216,0.09777413308620453,0.8315911889076233,0.7673635482788086
YLR247C,YGR041W,0,-0.9917886,0.09776078909635544,0.8315911889076233,0.767479658126831
YFR050C,YDR045C,0,-0.99180686,0.09774743765592575,0.8315911889076233,0.7675958275794983
YLR286C,YDR432W,0,-0.9920231,0.09773410111665726,0.8315911889076233,0.7677119374275208
YML066C,YDL209C,0,-0.9921025,0.09772075712680817,0.8315911889076233,0.767828106880188
YJL062W,YOR247W,0,-0.99215627,0.09770742058753967,0.8315911889076233,0.7679442763328552
YOR080W,YER027C,1,-0.9921571,0.09783053398132324,0.8327525854110718,0.7679442763328552
YGR178C,YMR231W,0,-0.99225914,0.09781718999147415,0.8327525854110718,0.7680603861808777
YDR398W,YMR322C,0,-0.99252796,0.09780384600162506,0.8327525854110718,0.7681765556335449
YJR065C,YKL100C,0,-0.99265575,0.09779050946235657,0.8327525854110718,0.7682926654815674
YGL251C,YKL148C,0,-0.9927242,0.09777717292308807,0.8327525854110718,0.7684088349342346
YFR042W,YEL061C,0,-0.9928585,0.09776383638381958,0.8327525854110718,0.7685249447822571
YER091C,YGL171W,0,-0.9928707,0.09775051474571228,0.8327525854110718,0.7686411142349243
YJL090C,YNL225C,0,-0.9928788,0.09773718565702438,0.8327525854110718,0.7687572836875916
YMR268C,YNR008W,0,-0.9929136,0.09772386401891708,0.8327525854110718,0.768873393535614
YGR261C,YLR058C,0,-0.9929279,0.09771054983139038,0.8327525854110718,0.7689895629882812
YMR197C,YOL044W,0,-0.99300826,0.09769723564386368,0.8327525854110718,0.7691056728363037
YOR326W,YKR083C,0,-0.9931848,0.09768392145633698,0.8327525854110718,0.769221842288971
YHR011W,YIR019C,1,-0.9933827,0.09780684113502502,0.833914041519165,0.769221842288971
YNL316C,YLR115W,0,-0.9933981,0.09779351949691772,0.833914041519165,0.7693379521369934
YDR495C,YOL055C,0,-0.9934348,0.09778019785881042,0.833914041519165,0.7694541215896606
YHR096C,YML092C,0,-0.9934374,0.09776688367128372,0.833914041519165,0.7695702910423279
YPL193W,YDR469W,0,-0.99355876,0.09775357693433762,0.833914041519165,0.7696864008903503
YFL034C-B,YBL031W,0,-0.99356794,0.09774027019739151,0.833914041519165,0.7698025703430176
YKL183W,YER023W,0,-0.99359787,0.0977269634604454,0.833914041519165,0.76991868019104
YDR118W,YHR200W,0,-0.9936863,0.0977136641740799,0.833914041519165,0.7700348496437073
YPL111W,YNL129W,0,-0.99377143,0.09770036488771439,0.833914041519165,0.7701509594917297
YER183C,YML123C,0,-0.9938457,0.09768707305192947,0.833914041519165,0.770267128944397
YER021W,YOL132W,0,-0.9938593,0.09767378866672516,0.833914041519165,0.7703832983970642
YNL088W,YDR484W,0,-0.9939877,0.09766049683094025,0.833914041519165,0.7704994082450867
YLR084C,YKL006W,0,-0.994061,0.09764721989631653,0.833914041519165,0.7706155776977539
YPR016C,YGL021W,0,-0.9942039,0.09763394296169281,0.833914041519165,0.7707316875457764
YNR046W,YFL047W,0,-0.99429345,0.09762066602706909,0.833914041519165,0.7708478569984436
YOR224C,YLR256W,0,-0.9945291,0.09760739654302597,0.833914041519165,0.7709639668464661
YGL033W,YLR448W,0,-0.99461675,0.09759412705898285,0.833914041519165,0.7710801362991333
YOL089C,YLL031C,0,-0.9948137,0.09758086502552032,0.833914041519165,0.7711963057518005
YML101C,YBR040W,0,-0.994822,0.0975676029920578,0.833914041519165,0.771312415599823
YJR134C,YBR057C,0,-0.994933,0.09755434840917587,0.833914041519165,0.7714285850524902
YIL090W,YER147C,0,-0.9952215,0.09754109382629395,0.833914041519165,0.7715446949005127
YEL017C-A,YKL024C,0,-0.9952539,0.09752784669399261,0.833914041519165,0.7716608643531799
YBR291C,YMR303C,0,-0.99529135,0.09751459956169128,0.833914041519165,0.7717769742012024
YHR083W,YGL093W,0,-0.9953855,0.09750135987997055,0.833914041519165,0.7718931436538696
YOL094C,YJL058C,0,-0.99539626,0.09748812019824982,0.833914041519165,0.7720093131065369
YBR160W,YOR026W,0,-0.9954287,0.09747488796710968,0.833914041519165,0.7721254229545593
YNR039C,YML024W,0,-0.99564505,0.09746165573596954,0.833914041519165,0.7722415924072266
YDL017W,YNR054C,0,-0.9960741,0.0974484235048294,0.833914041519165,0.772357702255249
YHR107C,YGR028W,0,-0.9960842,0.09743519872426987,0.833914041519165,0.7724738717079163
YDR224C,YHL006C,0,-0.99614763,0.09742198139429092,0.833914041519165,0.7725900411605835
YBR041W,YLR059C,0,-0.99629307,0.09740876406431198,0.833914041519165,0.772706151008606
YGL243W,YPL121C,0,-0.99632585,0.09739555418491364,0.833914041519165,0.7728223204612732
YER044C-A,YJR041C,0,-0.9964607,0.09738234430551529,0.833914041519165,0.7729384303092957
YCL031C,YNL059C,0,-0.996462,0.09736913442611694,0.833914041519165,0.7730545997619629
YGL090W,YJR152W,0,-0.99648964,0.0973559319972992,0.833914041519165,0.7731707096099854
YGL058W,YIL160C,0,-0.99666154,0.09734272956848145,0.833914041519165,0.7732868790626526
YJL089W,YLR083C,1,-0.99666584,0.09746509790420532,0.8350754976272583,0.7732868790626526
YBR045C,YOR003W,0,-0.9967247,0.09745188057422638,0.8350754976272583,0.7734030485153198
YPL176C,YNL287W,0,-0.9967685,0.09743867814540863,0.8350754976272583,0.7735191583633423
YGR096W,YER164W,0,-0.99682415,0.09742547571659088,0.8350754976272583,0.7736353278160095
YLR367W,YKR009C,0,-0.99697113,0.09741227328777313,0.8350754976272583,0.773751437664032
YLR442C,YKL137W,0,-0.9969852,0.09739907830953598,0.8350754976272583,0.7738676071166992
YLR056W,YDR121W,0,-0.9970201,0.09738588333129883,0.8350754976272583,0.7739837169647217
YPL248C,YLL005C,0,-0.99706995,0.09737269580364227,0.8350754976272583,0.7740998864173889
YHR033W,YJL133W,0,-0.9972186,0.09735951572656631,0.8350754976272583,0.7742160558700562
YDR054C,YFL034C-A,0,-0.99729407,0.09734632819890976,0.8350754976272583,0.7743321657180786
YMR131C,YKL198C,0,-0.9973676,0.0973331555724144,0.8350754976272583,0.7744483351707458
YDR268W,YMR271C,0,-0.9973798,0.09731997549533844,0.8350754976272583,0.7745644450187683
YHR111W,YAL056W,1,-0.9974625,0.0974421426653862,0.8362369537353516,0.7745644450187683
YHR090C,YDL139C,0,-0.99746513,0.09742895513772964,0.8362369537353516,0.7746806144714355
YGR192C,YER006W,0,-0.9975555,0.09741577506065369,0.8362369537353516,0.774796724319458
YML074C,YIL011W,0,-0.99757063,0.09740259498357773,0.8362369537353516,0.7749128937721252
YLR265C,YGR274C,0,-0.997684,0.09738942235708237,0.8362369537353516,0.7750290632247925
YIL127C,YOR196C,0,-0.9978224,0.097376249730587,0.8362369537353516,0.7751451730728149
YNL162W,YNL214W,0,-0.9982157,0.09736308455467224,0.8362369537353516,0.7752613425254822
YKL018W,YCR073C,0,-0.9982821,0.09734991937875748,0.8362369537353516,0.7753774523735046
YMR307W,YPR052C,0,-0.99834025,0.09733676165342331,0.8362369537353516,0.7754936218261719
YGR157W,YLL031C,0,-0.99840915,0.09732360392808914,0.8362369537353516,0.7756097316741943
YLR037C,YCR017C,0,-0.99856746,0.09731044620275497,0.8362369537353516,0.7757259011268616
YER100W,YLR315W,0,-0.9986303,0.0972972959280014,0.8362369537353516,0.7758420705795288
YDL243C,YGR060W,0,-0.99879825,0.09728415310382843,0.8362369537353516,0.7759581804275513
YLR362W,YJL089W,1,-0.99909997,0.09740610420703888,0.8373983502388,0.7759581804275513
YGR247W,YDR191W,0,-0.99910927,0.09739294648170471,0.8373983502388,0.7760743498802185
YDR107C,YGL121C,1,-0.9993397,0.09751486033201218,0.8385598063468933,0.7760743498802185
YDR182W,YPL120W,0,-0.99935436,0.09750168770551682,0.8385598063468933,0.776190459728241
YEL032W,YMR177W,0,-0.9994675,0.09748852252960205,0.8385598063468933,0.7763066291809082
YDL247W,YHR191C,0,-0.9995532,0.09747536480426788,0.8385598063468933,0.7764227390289307
YLR448W,YML125C,0,-0.9995744,0.09746219962835312,0.8385598063468933,0.7765389084815979
YMR104C,YDL174C,0,-0.99966216,0.09744904935359955,0.8385598063468933,0.7766550779342651
YPR019W,YHR158C,0,-0.999671,0.09743589907884598,0.8385598063468933,0.7767711877822876
YOR328W,YLR092W,0,-0.99972785,0.09742274880409241,0.8385598063468933,0.7768873572349548
YLR345W,YJR091C,0,-0.9998754,0.09740960597991943,0.8385598063468933,0.7770034670829773
YNL328C,YML124C,0,-1.0003476,0.09739646315574646,0.8385598063468933,0.7771196365356445
YBR213W,YHR186C,0,-1.0003916,0.09738332778215408,0.8385598063468933,0.777235746383667
YLR167W,YOL020W,0,-1.0004084,0.0973701924085617,0.8385598063468933,0.7773519158363342
YPR199C,YJL207C,0,-1.0005944,0.09735706448554993,0.8385598063468933,0.7774680852890015
YOL020W,YLR377C,0,-1.0006706,0.09734393656253815,0.8385598063468933,0.7775841951370239
YER178W,YJL036W,0,-1.0007359,0.09733081609010696,0.8385598063468933,0.7777003645896912
YHR084W,YBR083W,1,-1.0009243,0.09745248407125473,0.8397212624549866,0.7777003645896912
YMR076C,YBR089C-A,0,-1.000937,0.09743935614824295,0.8397212624549866,0.7778164744377136
YKR080W,YGL016W,0,-1.0009663,0.09742622077465057,0.8397212624549866,0.7779326438903809
YIR019C,YHL007C,1,-1.0010786,0.09754782915115356,0.8408827185630798,0.7779326438903809
YDR143C,YHR025W,0,-1.0012869,0.09753468632698059,0.8408827185630798,0.7780487537384033
YNL225C,YMR235C,0,-1.0012944,0.09752155095338821,0.8408827185630798,0.7781649231910706
YLR333C,YHL026C,0,-1.0013973,0.09750841557979584,0.8408827185630798,0.7782810926437378
YBL046W,YIL114C,0,-1.0014799,0.09749528765678406,0.8408827185630798,0.7783972024917603
YER113C,YJL089W,1,-1.0016351,0.09761680662631989,0.8420441150665283,0.7783972024917603
YPL221W,YJL153C,0,-1.0017887,0.09760366380214691,0.8420441150665283,0.7785133719444275
YNL280C,YOL001W,0,-1.0018973,0.09759052097797394,0.8420441150665283,0.77862948179245
YPL100W,YGR234W,0,-1.0023688,0.09757738560438156,0.8420441150665283,0.7787456512451172
YGR002C,YGR189C,0,-1.0028244,0.09756425768136978,0.8420441150665283,0.7788617610931396
YOL109W,YLR418C,0,-1.0029676,0.097551129758358,0.8420441150665283,0.7789779305458069
YNL244C,YGL025C,0,-1.0029795,0.09753800928592682,0.8420441150665283,0.7790940999984741
YEL032W,YNL093W,0,-1.0030221,0.09752488881349564,0.8420441150665283,0.7792102098464966
YOR119C,YFR034C,0,-1.0030909,0.09751176834106445,0.8420441150665283,0.7793263792991638
YHR108W,YPR107C,0,-1.0031104,0.09749865531921387,0.8420441150665283,0.7794424891471863
YDR361C,YER146W,0,-1.0034591,0.09748554229736328,0.8420441150665283,0.7795586585998535
YML129C,YCL038C,0,-1.0035301,0.09747243672609329,0.8420441150665283,0.779674768447876
YIL008W,YOR371C,1,-1.0036149,0.0975937619805336,0.8432055711746216,0.779674768447876
YNR007C,YGR101W,0,-1.0038021,0.09758064150810242,0.8432055711746216,0.7797909379005432
YPR164W,YOR030W,0,-1.0038497,0.09756752848625183,0.8432055711746216,0.7799071073532104
YER007C-A,YMR177W,0,-1.0038556,0.09755442291498184,0.8432055711746216,0.7800232172012329
YGR275W,YKL145W,0,-1.0039662,0.09754131734371185,0.8432055711746216,0.7801393866539001
YNL077W,YDR087C,0,-1.0039701,0.09752821177244186,0.8432055711746216,0.7802554965019226
YBR023C,YPL177C,0,-1.0040798,0.09751511365175247,0.8432055711746216,0.7803716659545898
YPL256C,YMR223W,0,-1.0042648,0.09750201553106308,0.8432055711746216,0.7804877758026123
YIL030C,YJL059W,0,-1.0043972,0.09748892486095428,0.8432055711746216,0.7806039452552795
YMR257C,YDR487C,0,-1.0046268,0.09747583419084549,0.8432055711746216,0.7807201147079468
YPL116W,YDR316W,0,-1.0047793,0.0974627435207367,0.8432055711746216,0.7808362245559692
YPL115C,YDR107C,1,-1.0049217,0.09758388996124268,0.8443670272827148,0.7808362245559692
YBL013W,YNL053W,0,-1.0049257,0.09757079929113388,0.8443670272827148,0.7809523940086365
YPL106C,YNL248C,0,-1.0050199,0.09755770117044449,0.8443670272827148,0.7810685038566589
YGR227W,YGL031C,0,-1.0051817,0.0975446105003357,0.8443670272827148,0.7811846733093262
YPR032W,YER110C,0,-1.0052056,0.0975315272808075,0.8443670272827148,0.7813008427619934
YOR358W,YJL209W,0,-1.0052164,0.0975184440612793,0.8443670272827148,0.7814169526100159
YMR311C,YGR260W,0,-1.0053111,0.0975053682923317,0.8443670272827148,0.7815331220626831
YMR088C,YGR193C,0,-1.0053353,0.0974922925233841,0.8443670272827148,0.7816492319107056
YJL073W,YJL137C,0,-1.005438,0.09747921675443649,0.8443670272827148,0.7817654013633728
YMR131C,YKR064W,0,-1.0054615,0.09746614843606949,0.8443670272827148,0.7818815112113953
YGL208W,YGR040W,1,-1.0055788,0.09758713096380234,0.8455284833908081,0.7818815112113953
YJR001W,YGR013W,0,-1.0055865,0.09757405519485474,0.8455284833908081,0.7819976806640625
YJR013W,YML007W,0,-1.0056496,0.09756097197532654,0.8455284833908081,0.7821138501167297
YCL016C,YER065C,0,-1.0056639,0.09754790365695953,0.8455284833908081,0.7822299599647522
YLR019W,YJL196C,0,-1.0057199,0.09753483533859253,0.8455284833908081,0.7823461294174194
YDL064W,YIL123W,0,-1.0057607,0.09752176702022552,0.8455284833908081,0.7824622392654419
YDR386W,YDL042C,0,-1.0057696,0.09750870615243912,0.8455284833908081,0.7825784087181091
YMR224C,YGL253W,0,-1.005915,0.09749564528465271,0.8455284833908081,0.7826945185661316
YPL232W,YGL192W,0,-1.0059332,0.0974825918674469,0.8455284833908081,0.7828106880187988
YOR265W,YDR540C,0,-1.0059979,0.09746953845024109,0.8455284833908081,0.7829268574714661
YJL090C,YBL024W,0,-1.0060059,0.09745649248361588,0.8455284833908081,0.7830429673194885
YJL045W,YOR156C,0,-1.0062314,0.09744344651699066,0.8455284833908081,0.7831591367721558
YBR132C,YGR181W,0,-1.0063825,0.09743040800094604,0.8455284833908081,0.7832752466201782
YCR008W,YBL069W,0,-1.006386,0.09741736948490143,0.8455284833908081,0.7833914160728455
YDL108W,YFL053W,0,-1.0064094,0.09740433841943741,0.8455284833908081,0.7835075259208679
YDL184C,YLR044C,0,-1.006445,0.09739130735397339,0.8455284833908081,0.7836236953735352
YOL008W,YPR128C,0,-1.0064489,0.09737827628850937,0.8455284833908081,0.7837398648262024
YDR009W,YIR002C,0,-1.0065528,0.09736525267362595,0.8455284833908081,0.7838559746742249
YML065W,YGR157W,0,-1.0065548,0.09735223650932312,0.8455284833908081,0.7839721441268921
YOR047C,YGL049C,0,-1.0065569,0.0973392128944397,0.8455284833908081,0.7840882539749146
YIL153W,YML047C,0,-1.0065665,0.09732620418071747,0.8455284833908081,0.7842044234275818
YNL067W,YIR004W,0,-1.0067723,0.09731319546699524,0.8455284833908081,0.7843205332756042
YOR069W,YHL016C,0,-1.0068576,0.09730018675327301,0.8455284833908081,0.7844367027282715
YJL098W,YLR332W,0,-1.0068887,0.09728718549013138,0.8455284833908081,0.7845528721809387
YBR291C,YKR085C,0,-1.0069572,0.09727418422698975,0.8455284833908081,0.7846689820289612
YOL042W,YBR297W,0,-1.0073289,0.09726119041442871,0.8455284833908081,0.7847851514816284
YLR433C,YOR091W,0,-1.0073594,0.09724819660186768,0.8455284833908081,0.7849012613296509
YIR028W,YGR083C,0,-1.0075858,0.09723521023988724,0.8455284833908081,0.7850174307823181
YER109C,YDR480W,1,-1.0076599,0.09735576808452606,0.8466898798942566,0.7850174307823181
YBR279W,YJL013C,0,-1.0077215,0.09734276682138443,0.8466898798942566,0.7851335406303406
YDR213W,YMR277W,0,-1.0079002,0.0973297730088234,0.8466898798942566,0.7852497100830078
YML055W,YBR245C,0,-1.0083534,0.09731677919626236,0.8466898798942566,0.785365879535675
YPL072W,YPR029C,0,-1.0086907,0.09730379283428192,0.8466898798942566,0.7854819893836975
YJL115W,YHR143W,0,-1.0089701,0.09729080647230148,0.8466898798942566,0.7855981588363647
YMR233W,YGL128C,0,-1.009135,0.09727782011032104,0.8466898798942566,0.7857142686843872
YER112W,YML010W,0,-1.0093106,0.0972648411989212,0.8466898798942566,0.7858304381370544
YCL066W,YNR045W,0,-1.0094117,0.09725186973810196,0.8466898798942566,0.7859465479850769
YIR034C,YOL109W,0,-1.0094277,0.09723889827728271,0.8466898798942566,0.7860627174377441
YDR379W,YER109C,1,-1.0095923,0.09735929220914841,0.8478513360023499,0.7860627174377441
YAR007C,YLR459W,0,-1.009608,0.09734631329774857,0.8478513360023499,0.7861788868904114
YOR312C,YIL114C,0,-1.0096791,0.09733333438634872,0.8478513360023499,0.7862949967384338
YDL192W,YHR197W,0,-1.0096796,0.09732035547494888,0.8478513360023499,0.7864111661911011
YHR076W,YBR092C,0,-1.0096887,0.09730738401412964,0.8478513360023499,0.7865272760391235
YMR307W,YJL127C,0,-1.0097933,0.0972944125533104,0.8478513360023499,0.7866434454917908
YOR259C,YKL221W,0,-1.0099317,0.09728144854307175,0.8478513360023499,0.7867595553398132
YOR115C,YDR126W,0,-1.0100456,0.0972684845328331,0.8478513360023499,0.7868757247924805
YLR010C,YLR304C,0,-1.0100472,0.09725552797317505,0.8478513360023499,0.7869918942451477
YGL028C,YBR203W,0,-1.010133,0.097242571413517,0.8478513360023499,0.7871080040931702
YDR139C,YJL181W,0,-1.0101335,0.09722962230443954,0.8478513360023499,0.7872241735458374
YBR068C,YCL029C,0,-1.0102943,0.09721667319536209,0.8478513360023499,0.7873402833938599
YER113C,YIL008W,1,-1.0103028,0.09733688086271286,0.8490127921104431,0.7873402833938599
YMR021C,YKL081W,0,-1.0103071,0.09732392430305481,0.8490127921104431,0.7874564528465271
YHR011W,YGR040W,1,-1.0103586,0.097444087266922,0.8501741886138916,0.7874564528465271
YCL069W,YGR044C,0,-1.0106766,0.09743111580610275,0.8501741886138916,0.7875725626945496
YNR020C,YBR214W,0,-1.0107236,0.0974181517958641,0.8501741886138916,0.7876887321472168
YMR156C,YLR320W,0,-1.011079,0.09740518778562546,0.8501741886138916,0.787804901599884
YOL095C,YJL180C,0,-1.0110936,0.09739223122596741,0.8501741886138916,0.7879210114479065
YDR217C,YLR056W,0,-1.0112197,0.09737927466630936,0.8501741886138916,0.7880371809005737
YHR011W,YBR083W,1,-1.011494,0.09749933332204819,0.8513356447219849,0.7880371809005737
YJR060W,YGL201C,0,-1.0115982,0.09748636931180954,0.8513356447219849,0.7881532907485962
YPL051W,YBR217W,0,-1.0118619,0.09747340530157089,0.8513356447219849,0.7882694602012634
YLR373C,YDR443C,0,-1.0120835,0.09746044129133224,0.8513356447219849,0.7883855700492859
YGR040W,YOR371C,1,-1.0121511,0.0975804328918457,0.8524971008300781,0.7883855700492859
YKL198C,YLR411W,0,-1.0123003,0.09756746143102646,0.8524971008300781,0.7885017395019531
YLR154C,YDL149W,0,-1.0123507,0.09755448997020721,0.8524971008300781,0.7886179089546204
YOL031C,YGL093W,0,-1.0124406,0.09754152595996857,0.8524971008300781,0.7887340188026428
YLR085C,YER089C,0,-1.0125241,0.09752856940031052,0.8524971008300781,0.7888501882553101
YKL185W,YKL196C,0,-1.012575,0.09751561284065247,0.8524971008300781,0.7889662981033325
YGL055W,YNL075W,0,-1.0126469,0.09750265628099442,0.8524971008300781,0.7890824675559998
YPL046C,YLR014C,0,-1.0126848,0.09748970717191696,0.8524971008300781,0.7891985774040222
YLR106C,YKL196C,0,-1.0128655,0.09747675806283951,0.8524971008300781,0.7893147468566895
YHR105W,YOR269W,0,-1.0129915,0.09746381640434265,0.8524971008300781,0.7894309163093567
YGR088W,YGL150C,0,-1.0130094,0.0974508747458458,0.8524971008300781,0.7895470261573792
YFL031W,YBL103C,0,-1.0130111,0.09743794053792953,0.8524971008300781,0.7896631956100464
YBR227C,YDR386W,0,-1.0130165,0.09742500633001328,0.8524971008300781,0.7897793054580688
YMR113W,YOR344C,0,-1.0130342,0.09741207957267761,0.8524971008300781,0.7898954749107361
YNL287W,YLR459W,0,-1.0131351,0.09739915281534195,0.8524971008300781,0.7900115847587585
YIR008C,YBR024W,0,-1.0131516,0.09738622605800629,0.8524971008300781,0.7901277542114258
YPL115C,YLR229C,1,-1.0133268,0.09750597178936005,0.8536585569381714,0.7901277542114258
YNL292W,YKR067W,0,-1.0133927,0.09749303758144379,0.8536585569381714,0.790243923664093
YHR088W,YBR018C,0,-1.0137088,0.09748010337352753,0.8536585569381714,0.7903600335121155
YDR503C,YNL072W,0,-1.0138563,0.09746717661619186,0.8536585569381714,0.7904762029647827
YLR013W,YLR128W,0,-1.0139431,0.0974542573094368,0.8536585569381714,0.7905923128128052
YJR145C,YPL063W,0,-1.0143969,0.09744133800268173,0.8536585569381714,0.7907084822654724
YBR207W,YDR085C,0,-1.0144006,0.09742841869592667,0.8536585569381714,0.7908246517181396
YOR233W,YKR090W,0,-1.0144345,0.0974155068397522,0.8536585569381714,0.7909407615661621
YDL205C,YKL081W,0,-1.0145508,0.09740259498357773,0.8536585569381714,0.7910569310188293
YDR315C,YBR123C,0,-1.0146141,0.09738969057798386,0.8536585569381714,0.7911730408668518
YDR503C,YGR003W,0,-1.0147185,0.09737678617238998,0.8536585569381714,0.791289210319519
YOR002W,YIL051C,0,-1.0147831,0.09736388921737671,0.8536585569381714,0.7914053201675415
YML001W,YMR323W,0,-1.0147903,0.09735099226236343,0.8536585569381714,0.7915214896202087
YER113C,YPL049C,1,-1.0147989,0.09747053682804108,0.8548199534416199,0.7915214896202087
YDR236C,YLR299W,0,-1.0148245,0.09745762497186661,0.8548199534416199,0.791637659072876
YDL014W,YLR086W,0,-1.0149002,0.09744472056627274,0.8548199534416199,0.7917537689208984
YBL064C,YMR016C,0,-1.0149674,0.09743182361125946,0.8548199534416199,0.7918699383735657
YLR347C,YJL008C,0,-1.0151138,0.09741892665624619,0.8548199534416199,0.7919860482215881
YPL156C,YDR214W,0,-1.0151261,0.09740603715181351,0.8548199534416199,0.7921022176742554
YOR330C,YLR022C,0,-1.0151606,0.09739314764738083,0.8548199534416199,0.7922183275222778
YMR236W,YPL081W,0,-1.0152564,0.09738025814294815,0.8548199534416199,0.7923344969749451
YPL115C,YPL049C,1,-1.01531,0.09749966859817505,0.8559814095497131,0.7923344969749451
YOL042W,YDL103C,0,-1.015408,0.09748677164316177,0.8559814095497131,0.7924506664276123
YCL063W,YGR101W,0,-1.0156721,0.0974738821387291,0.8559814095497131,0.7925667762756348
YPL157W,YGL153W,0,-1.0156949,0.09746099263429642,0.8559814095497131,0.792682945728302
YDR427W,YBR085W,0,-1.0157183,0.09744810312986374,0.8559814095497131,0.7927990555763245
YGL175C,YOL096C,0,-1.015738,0.09743522107601166,0.8559814095497131,0.7929152250289917
YMR011W,YOL156W,0,-1.0159856,0.09742233902215958,0.8559814095497131,0.7930313348770142
YML057W,YIL157C,0,-1.0159883,0.09740946441888809,0.8559814095497131,0.7931475043296814
YDR166C,YPR073C,0,-1.0160558,0.09739658981561661,0.8559814095497131,0.7932636737823486
YKR013W,YJL050W,0,-1.0161675,0.09738372266292572,0.8559814095497131,0.7933797836303711
YML055W,YOR258W,0,-1.0162588,0.09737085551023483,0.8559814095497131,0.7934959530830383
YNL054W,YDR045C,0,-1.0163883,0.09735798835754395,0.8559814095497131,0.7936120629310608
YER063W,YOL146W,0,-1.0164641,0.09734513610601425,0.8559814095497131,0.793728232383728
YJL123C,YLR010C,0,-1.0166312,0.09733227640390396,0.8559814095497131,0.7938443422317505
YGR078C,YOR068C,0,-1.0166359,0.09731942415237427,0.8559814095497131,0.7939605116844177
YBR188C,YBR296C,0,-1.0167158,0.09730657190084457,0.8559814095497131,0.794076681137085
YOR143C,YPL190C,0,-1.0167636,0.09729372709989548,0.8559814095497131,0.7941927909851074
YDL102W,YGR013W,0,-1.0167863,0.09728088974952698,0.8559814095497131,0.7943089604377747
YNL336W,YBR035C,0,-1.0169452,0.09726804494857788,0.8559814095497131,0.7944250702857971
YKL046C,YIL062C,0,-1.0169798,0.09725521504878998,0.8559814095497131,0.7945412397384644
YDR143C,YMR006C,0,-1.0170896,0.09724237769842148,0.8559814095497131,0.7946573495864868
YDR073W,YLR054C,0,-1.0171933,0.09722954779863358,0.8559814095497131,0.794773519039154
YML120C,YCR038C,0,-1.017372,0.09721672534942627,0.8559814095497131,0.7948896884918213
YOL031C,YLR189C,0,-1.0175023,0.09720390290021896,0.8559814095497131,0.7950057983398438
YLR131C,YBL080C,0,-1.0176796,0.09719108790159225,0.8559814095497131,0.795121967792511
YLR100W,YMR208W,0,-1.0177075,0.09717827290296555,0.8559814095497131,0.7952380776405334
YLR121C,YLR035C,0,-1.0177258,0.09716545790433884,0.8559814095497131,0.7953542470932007
YFR038W,YDL214C,0,-1.0177788,0.09715265035629272,0.8559814095497131,0.7954703569412231
YML101C,YPR168W,0,-1.017857,0.09713984280824661,0.8559814095497131,0.7955865263938904
YML077W,YDL247W,0,-1.0181295,0.0971270427107811,0.8559814095497131,0.7957026958465576
YBR166C,YKR010C,0,-1.0183928,0.09711424261331558,0.8559814095497131,0.7958188056945801
YDR402C,YDR087C,0,-1.0185784,0.09710144996643066,0.8559814095497131,0.7959349751472473
YDR060W,YBL002W,0,-1.018726,0.09708865731954575,0.8559814095497131,0.7960510849952698
YOL031C,YER036C,0,-1.0189744,0.09707587212324142,0.8559814095497131,0.796167254447937
YDL174C,YBR216C,0,-1.0190257,0.0970630869269371,0.8559814095497131,0.7962833642959595
YLR266C,YLR275W,0,-1.0190957,0.09705030173063278,0.8559814095497131,0.7963995337486267
YKL112W,YDR180W,0,-1.0194057,0.09703752398490906,0.8559814095497131,0.796515703201294
YBR106W,YHL009C,0,-1.0195161,0.09702474623918533,0.8559814095497131,0.7966318130493164
YDL159W,YMR316W,1,-1.0196122,0.09714361280202866,0.8571428656578064,0.7966318130493164
YGL253W,YGR152C,0,-1.0196527,0.09713082760572433,0.8571428656578064,0.7967479825019836
YEL061C,YNL041C,0,-1.0198656,0.09711804240942001,0.8571428656578064,0.7968640923500061
YJL062W,YPR056W,0,-1.0198755,0.09710526466369629,0.8571428656578064,0.7969802618026733
YLR192C,YOR172W,0,-1.0199881,0.09709248691797256,0.8571428656578064,0.7970963716506958
YBR186W,YHR129C,0,-1.0200449,0.09707971662282944,0.8571428656578064,0.797212541103363
YIL144W,YOR201C,0,-1.02005,0.09706694632768631,0.8571428656578064,0.7973287105560303
YAL013W,YBL103C,0,-1.0202307,0.09705418348312378,0.8571428656578064,0.7974448204040527
YGL127C,YDL139C,0,-1.020313,0.09704142063856125,0.8571428656578064,0.79756098985672
YBL074C,YOR058C,0,-1.0203944,0.09702866524457932,0.8571428656578064,0.7976770997047424
YNL299W,YPR173C,0,-1.0206089,0.09701590985059738,0.8571428656578064,0.7977932691574097
YBR200W,YKL006C-A,0,-1.020813,0.09700315445661545,0.8571428656578064,0.7979093790054321
YFL008W,YLL036C,0,-1.0211645,0.09699040651321411,0.8571428656578064,0.7980255484580994
YDR103W,YER109C,1,-1.0212619,0.09710906445980072,0.8583043217658997,0.7980255484580994
YLR185W,YDR326C,0,-1.0213022,0.09709630906581879,0.8583043217658997,0.7981417179107666
YLL013C,YJR058C,0,-1.0214218,0.09708355367183685,0.8583043217658997,0.7982578277587891
YGL054C,YJR019C,0,-1.0215014,0.09707079827785492,0.8583043217658997,0.7983739972114563
YIL043C,YKL027W,0,-1.0216739,0.09705805033445358,0.8583043217658997,0.7984901070594788
YBR214W,YHR148W,0,-1.0217211,0.09704530239105225,0.8583043217658997,0.798606276512146
YML025C,YPL148C,0,-1.0217957,0.0970325618982315,0.8583043217658997,0.7987223863601685
YAR033W,YPL210C,0,-1.0221044,0.09701982140541077,0.8583043217658997,0.7988385558128357
YOR371C,YHL007C,1,-1.0221816,0.09713836014270782,0.8594657182693481,0.7988385558128357
YGL020C,YJL121C,0,-1.0221825,0.09712560474872589,0.8594657182693481,0.7989547252655029
YLR286C,YDL067C,0,-1.0221852,0.09711286425590515,0.8594657182693481,0.7990708351135254
YER062C,YLR068W,0,-1.0222127,0.09710011631250381,0.8594657182693481,0.7991870045661926
YMR017W,YCL061C,0,-1.0222534,0.09708737581968307,0.8594657182693481,0.7993031144142151
YHR193C,YKR095W-A,0,-1.0224041,0.09707464277744293,0.8594657182693481,0.7994192838668823
YPL130W,YPL069C,0,-1.0227091,0.09706190973520279,0.8594657182693481,0.7995354533195496
YJL167W,YDL204W,0,-1.0230764,0.09704917669296265,0.8594657182693481,0.799651563167572
YKL138C-A,YER048C,0,-1.0231553,0.0970364511013031,0.8594657182693481,0.7997677326202393
YPL210C,YGR166W,0,-1.0231632,0.09702373296022415,0.8594657182693481,0.7998838424682617
YDR279W,YNL077W,0,-1.0232365,0.0970110148191452,0.8594657182693481,0.800000011920929
YBL035C,YPR168W,0,-1.02329,0.09699829667806625,0.8594657182693481,0.8001161217689514
YOR233W,YPR031W,0,-1.0233116,0.0969855859875679,0.8594657182693481,0.8002322912216187
YOR320C,YER179W,0,-1.0236379,0.09697287529706955,0.8594657182693481,0.8003484606742859
YNR075W,YIR028W,0,-1.0237652,0.0969601646065712,0.8594657182693481,0.8004645705223083
YDL079C,YGL017W,0,-1.0238041,0.09694746136665344,0.8594657182693481,0.8005807399749756
YJL047C,YIL050W,0,-1.0238507,0.09693476557731628,0.8594657182693481,0.800696849822998
YPL038W,YIL044C,0,-1.0238746,0.09692206978797913,0.8594657182693481,0.8008130192756653
YER016W,YAR003W,0,-1.0239127,0.09690937399864197,0.8594657182693481,0.8009291291236877
YKR053C,YKR086W,0,-1.023939,0.0968966856598854,0.8594657182693481,0.801045298576355
YMR307W,YMR285C,0,-1.0242078,0.09688400477170944,0.8594657182693481,0.8011614680290222
YDL079C,YBR286W,0,-1.0242149,0.09687131643295288,0.8594657182693481,0.8012775778770447
YLR377C,YOL021C,0,-1.0242268,0.09685863554477692,0.8594657182693481,0.8013937473297119
YOL092W,YOR303W,0,-1.0242764,0.09684596210718155,0.8594657182693481,0.8015098571777344
YDL201W,YLR417W,0,-1.0243143,0.09683328866958618,0.8594657182693481,0.8016260266304016
YLR015W,YBL021C,0,-1.0243163,0.09682062268257141,0.8594657182693481,0.8017421364784241
YJR134C,YPR008W,0,-1.0243499,0.09680795669555664,0.8594657182693481,0.8018583059310913
YML094W,YAL021C,0,-1.0243844,0.09679529070854187,0.8594657182693481,0.8019744753837585
YGR275W,YOR249C,0,-1.0244377,0.0967826321721077,0.8594657182693481,0.802090585231781
YDR385W,YOL006C,0,-1.0244964,0.09676997363567352,0.8594657182693481,0.8022067546844482
YJL073W,YJL138C,0,-1.024558,0.09675732254981995,0.8594657182693481,0.8023228645324707
YPL153C,YML118W,0,-1.0246893,0.09674467146396637,0.8594657182693481,0.8024390339851379
YOR101W,YBL031W,0,-1.0248731,0.09673202782869339,0.8594657182693481,0.8025551438331604
YNL264C,YER126C,0,-1.0249187,0.09671938419342041,0.8594657182693481,0.8026713132858276
YNL294C,YJL089W,1,-1.0250192,0.09683743119239807,0.8606271743774414,0.8026713132858276
YOR358W,YKL141W,0,-1.0250626,0.0968247726559639,0.8606271743774414,0.8027874827384949
YMR201C,YML078W,0,-1.0252018,0.09681212157011032,0.8606271743774414,0.8029035925865173
YJL167W,YDR386W,0,-1.025242,0.09679947793483734,0.8606271743774414,0.8030197620391846
YLR131C,YNR026C,0,-1.0253502,0.09678683429956436,0.8606271743774414,0.803135871887207
YPR124W,YHL022C,0,-1.0254035,0.09677419066429138,0.8606271743774414,0.8032520413398743
YER044C,YLR260W,0,-1.0254498,0.096761554479599,0.8606271743774414,0.8033681511878967
YEL046C,YIL148W,0,-1.0255209,0.09674892574548721,0.8606271743774414,0.803484320640564
YFL044C,YMR292W,0,-1.0256335,0.09673628956079483,0.8606271743774414,0.8036004900932312
YPL172C,YBR153W,0,-1.0257609,0.09672366827726364,0.8606271743774414,0.8037165999412537
YKL212W,YJL138C,0,-1.0257674,0.09671103954315186,0.8606271743774414,0.8038327693939209
YDR176W,YER110C,0,-1.0259384,0.09669841825962067,0.8606271743774414,0.8039488792419434
YMR017W,YOR034C,0,-1.0261737,0.09668580442667007,0.8606271743774414,0.8040650486946106
YGR193C,YBR073W,0,-1.0263286,0.09667319059371948,0.8606271743774414,0.8041811585426331
YKL112W,YGL055W,0,-1.0263776,0.09666057676076889,0.8606271743774414,0.8042973279953003
YOR195W,YEL015W,0,-1.026647,0.0966479703783989,0.8606271743774414,0.8044134974479675
YCL029C,YAL013W,0,-1.026786,0.0966353714466095,0.8606271743774414,0.80452960729599
YJR048W,YOR247W,0,-1.0269085,0.0966227650642395,0.8606271743774414,0.8046457767486572
YJL058C,YCR054C,0,-1.0269418,0.0966101661324501,0.8606271743774414,0.8047618865966797
YDL043C,YKL221W,0,-1.0270123,0.0965975746512413,0.8606271743774414,0.8048780560493469
YBL090W,YAL061W,0,-1.0271623,0.0965849831700325,0.8606271743774414,0.8049941658973694
YOR080W,YMR116C,1,-1.0271958,0.09670272469520569,0.8617886304855347,0.8049941658973694
YKL114C,YMR101C,0,-1.0272224,0.09669012576341629,0.8617886304855347,0.8051103353500366
YIL030C,YML127W,0,-1.0272996,0.09667752683162689,0.8617886304855347,0.8052265048027039
YCL016C,YKL181W,0,-1.0273147,0.0966649278998375,0.8617886304855347,0.8053426146507263
YPR095C,YBR153W,0,-1.027747,0.09665233641862869,0.8617886304855347,0.8054587841033936
YER054C,YDR099W,0,-1.0279083,0.09663975238800049,0.8617886304855347,0.805574893951416
YLR116W,YGR279C,0,-1.0279413,0.09662716835737228,0.8617886304855347,0.8056910634040833
YFL050C,YNL318C,0,-1.0281024,0.09661458432674408,0.8617886304855347,0.8058071732521057
YDL181W,YKR089C,0,-1.0281268,0.09660200774669647,0.8617886304855347,0.805923342704773
YDL154W,YMR285C,0,-1.0281414,0.09658943116664886,0.8617886304855347,0.8060395121574402
YKL008C,YML022W,0,-1.0281696,0.09657685458660126,0.8617886304855347,0.8061556220054626
YJL033W,YMR195W,0,-1.0283151,0.09656429290771484,0.8617886304855347,0.8062717914581299
YIR019C,YDR477W,1,-1.0285097,0.09668184816837311,0.8629500865936279,0.8062717914581299
YDL210W,YOL012C,0,-1.0286422,0.0966692715883255,0.8629500865936279,0.8063879013061523
YBR133C,YGL139W,0,-1.0287699,0.0966566950082779,0.8629500865936279,0.8065040707588196
YPR156C,YPR031W,0,-1.0288038,0.09664411842823029,0.8629500865936279,0.806620180606842
YMR224C,YLR090W,0,-1.0288672,0.09663154929876328,0.8629500865936279,0.8067363500595093
YDL145C,YNL111C,0,-1.028881,0.09661898761987686,0.8629500865936279,0.8068525195121765
YIL109C,YCR010C,0,-1.0289221,0.09660642594099045,0.8629500865936279,0.806968629360199
YFL004W,YMR119W,0,-1.0290033,0.09659386426210403,0.8629500865936279,0.8070847988128662
YOR298C-A,YMR009W,0,-1.0291959,0.09658131003379822,0.8629500865936279,0.8072009086608887
YDL204W,YGR215W,0,-1.0293436,0.0965687558054924,0.8629500865936279,0.8073170781135559
YPR049C,YGR106C,0,-1.0293686,0.09655620902776718,0.8629500865936279,0.8074331879615784
YLR150W,YJR001W,0,-1.0297681,0.09654366225004196,0.8629500865936279,0.8075493574142456
YBR213W,YBR091C,0,-1.0297842,0.09653111547231674,0.8629500865936279,0.8076655268669128
YHR141C,YKR022C,0,-1.0299234,0.09651857614517212,0.8629500865936279,0.8077816367149353
YLR370C,YLR039C,0,-1.0300363,0.0965060368180275,0.8629500865936279,0.8078978061676025
YBL060W,YNR012W,0,-1.0301517,0.09649350494146347,0.8629500865936279,0.808013916015625
YDL085W,YJR045C,0,-1.0301768,0.09648097306489944,0.8629500865936279,0.8081300854682922
YPL266W,YNL278W,0,-1.0303499,0.09646844863891602,0.8629500865936279,0.8082462549209595
YDL003W,YNL136W,0,-1.030605,0.09645592421293259,0.8629500865936279,0.8083623647689819
YFL061W,YBR041W,0,-1.0307516,0.09644340723752975,0.8629500865936279,0.8084785342216492
YOR253W,YDL095W,0,-1.0307573,0.09643089026212692,0.8629500865936279,0.8085946440696716
YJR134C,YCR106W,0,-1.031018,0.09641837328672409,0.8629500865936279,0.8087108135223389
YGL127C,YPR023C,0,-1.0311524,0.09640586376190186,0.8629500865936279,0.8088269233703613
YGL175C,YCL050C,0,-1.031187,0.09639335423707962,0.8629500865936279,0.8089430928230286
YKL058W,YEL005C,0,-1.0312402,0.09638085216283798,0.8629500865936279,0.8090592622756958
YDR390C,YGL065C,0,-1.0313002,0.09636835008859634,0.8629500865936279,0.8091753721237183
YIL008W,YHR084W,1,-1.0313618,0.09648554027080536,0.8641114830970764,0.8091753721237183
YER113C,YGR040W,1,-1.0315443,0.09660270065069199,0.8652729392051697,0.8091753721237183
YBR030W,YOR192C,0,-1.0315527,0.09659016877412796,0.8652729392051697,0.8092915415763855
YDR197W,YPL189W,0,-1.0316157,0.09657765179872513,0.8652729392051697,0.809407651424408
YIL150C,YOL120C,0,-1.0316724,0.0965651348233223,0.8652729392051697,0.8095238208770752
YMR236W,YDL005C,0,-1.0317179,0.09655261784791946,0.8652729392051697,0.8096399307250977
YGL002W,YPR055W,0,-1.0319623,0.09654010832309723,0.8652729392051697,0.8097561001777649
YPL193W,YDR314C,0,-1.0320061,0.096527598798275,0.8652729392051697,0.8098722696304321
YDR142C,YHR027C,0,-1.0322354,0.09651508927345276,0.8652729392051697,0.8099883794784546
YHR013C,YBR097W,0,-1.0322584,0.09650258719921112,0.8652729392051697,0.8101045489311218
YER109C,YOR371C,1,-1.032551,0.0966196060180664,0.8664343953132629,0.8101045489311218
YER133W,YNL325C,0,-1.0326369,0.09660709649324417,0.8664343953132629,0.8102206587791443
YOR361C,YOR339C,0,-1.0328556,0.09659458696842194,0.8664343953132629,0.8103368282318115
YDL067C,YLR332W,0,-1.0328647,0.0965820848941803,0.8664343953132629,0.810452938079834
YOR190W,YAL009W,0,-1.0331095,0.09656958281993866,0.8664343953132629,0.8105691075325012
YNL036W,YLR308W,0,-1.0331472,0.09655708074569702,0.8664343953132629,0.8106852769851685
YMR283C,YBR087W,0,-1.033165,0.09654458612203598,0.8664343953132629,0.8108013868331909
YDR038C,YKL059C,0,-1.0331789,0.09653209149837494,0.8664343953132629,0.8109175562858582
YOR259C,YPL092W,0,-1.033205,0.0965196043252945,0.8664343953132629,0.8110336661338806
YER109C,YDR477W,1,-1.0333902,0.09663648158311844,0.8675957918167114,0.8110336661338806
YIL173W,YNL041C,0,-1.0335191,0.0966239795088768,0.8675957918167114,0.8111498355865479
YNR043W,YJL153C,0,-1.0337543,0.09661148488521576,0.8675957918167114,0.8112659454345703
YBR212W,YMR251W-A,0,-1.0339905,0.09659899026155472,0.8675957918167114,0.8113821148872375
YLR192C,YOR133W,0,-1.0341084,0.09658650308847427,0.8675957918167114,0.8114982843399048
YOR033C,YMR072W,0,-1.0343186,0.09657401591539383,0.8675957918167114,0.8116143941879272
YHR153C,YLR382C,0,-1.0343224,0.09656152874231339,0.8675957918167114,0.8117305636405945
YIR019C,YDL159W,1,-1.0343527,0.09667830169200897,0.8687572479248047,0.8117305636405945
YGL095C,YBR033W,0,-1.0344169,0.09666580706834793,0.8687572479248047,0.8118466734886169
YBR162W-A,YGR283C,0,-1.0347219,0.09665331244468689,0.8687572479248047,0.8119628429412842
YEL058W,YLR371W,0,-1.0348637,0.09664082527160645,0.8687572479248047,0.8120789527893066
YNL025C,YFR015C,0,-1.0350251,0.0966283455491066,0.8687572479248047,0.8121951222419739
YMR037C,YIL019W,0,-1.0350475,0.09661585837602615,0.8687572479248047,0.8123112916946411
YHL001W,YEL051W,0,-1.0355648,0.0966033861041069,0.8687572479248047,0.8124274015426636
YAL010C,YJL096W,0,-1.035626,0.09659090638160706,0.8687572479248047,0.8125435709953308
YLR347C,YGR280C,0,-1.0358357,0.0965784341096878,0.8687572479248047,0.8126596808433533
YER157W,YDR289C,0,-1.035907,0.09656596928834915,0.8687572479248047,0.8127758502960205
YDR116C,YNL093W,0,-1.0361538,0.0965535044670105,0.8687572479248047,0.812891960144043
YNL111C,YKL150W,0,-1.0362606,0.09654103964567184,0.8687572479248047,0.8130081295967102
YGL224C,YCR073C,0,-1.0363644,0.09652858227491379,0.8687572479248047,0.8131242990493774
YLR196W,YJR009C,0,-1.036366,0.09651613235473633,0.8687572479248047,0.8132404088973999
YDL004W,YDL019C,0,-1.036366,0.09650367498397827,0.8687572479248047,0.8133565783500671
YGL107C,YLR233C,0,-1.0366377,0.09649122506380081,0.8687572479248047,0.8134726881980896
YGL096W,YBR296C,0,-1.0367308,0.09647878259420395,0.8687572479248047,0.8135888576507568
YJL062W,YKL194C,0,-1.0367849,0.09646634012460709,0.8687572479248047,0.8137049674987793
YLR306W,YOL051W,0,-1.0368683,0.09645389765501022,0.8687572479248047,0.8138211369514465
YNL323W,YBL106C,0,-1.0369288,0.09644146263599396,0.8687572479248047,0.8139373064041138
YMR158W,YOL120C,0,-1.0370067,0.09642903506755829,0.8687572479248047,0.8140534162521362
YNL197C,YBR083W,1,-1.0370889,0.0965455025434494,0.869918704032898,0.8140534162521362
YLR318W,YJR095W,0,-1.0371627,0.09653306007385254,0.869918704032898,0.8141695857048035
YLR115W,YML025C,0,-1.0372564,0.09652061760425568,0.869918704032898,0.8142856955528259
YPL137C,YDR300C,0,-1.037262,0.09650818258523941,0.869918704032898,0.8144018650054932
YDR153C,YBL069W,0,-1.0373073,0.09649574756622314,0.869918704032898,0.8145179748535156
YGL227W,YFR025C,0,-1.037314,0.09648331999778748,0.869918704032898,0.8146341443061829
YLR060W,YIL026C,0,-1.0375316,0.0964708924293518,0.869918704032898,0.8147503137588501
YHR086W,YER111C,0,-1.0375711,0.09645846486091614,0.869918704032898,0.8148664236068726
YNL265C,YJR022W,0,-1.0376166,0.09644604474306107,0.869918704032898,0.8149825930595398
YML061C,YMR167W,0,-1.0380571,0.09643363207578659,0.869918704032898,0.8150987029075623
YPL220W,YDR325W,0,-1.038063,0.09642121195793152,0.869918704032898,0.8152148723602295
YGL243W,YJR108W,0,-1.0383401,0.09640880674123764,0.869918704032898,0.815330982208252
YNR023W,YLR067C,0,-1.0384686,0.09639639407396317,0.869918704032898,0.8154471516609192
YDR103W,YJL089W,1,-1.0386134,0.09651267528533936,0.8710801601409912,0.8154471516609192
YNL081C,YER003C,0,-1.0386326,0.09650025516748428,0.8710801601409912,0.8155633211135864
YDR379W,YMR316W,1,-1.038782,0.09661649167537689,0.8722415566444397,0.8155633211135864
YDR323C,YLR411W,0,-1.0388037,0.09660406410694122,0.8722415566444397,0.8156794309616089
YJL041W,YDR427W,0,-1.0390654,0.09659163653850555,0.8722415566444397,0.8157956004142761
YPR154W,YBR040W,0,-1.0390707,0.09657921642065048,0.8722415566444397,0.8159117102622986
YOL135C,YKR089C,0,-1.0390862,0.09656679630279541,0.8722415566444397,0.8160278797149658
YIL155C,YLR393W,0,-1.0391192,0.09655438363552094,0.8722415566444397,0.8161439895629883
YOR092W,YHR062C,0,-1.0391866,0.09654197096824646,0.8722415566444397,0.8162601590156555
YFL050C,YHR025W,0,-1.0391872,0.09652956575155258,0.8722415566444397,0.8163763284683228
YDL212W,YIL162W,0,-1.0392463,0.0965171605348587,0.8722415566444397,0.8164924383163452
YBR107C,YDL044C,0,-1.0392648,0.09650475531816483,0.8722415566444397,0.8166086077690125
YDL159W,YHR084W,1,-1.0394061,0.0966208428144455,0.873403012752533,0.8166086077690125
YMR116C,YOR127W,1,-1.0394224,0.09673689305782318,0.8745644688606262,0.8166086077690125
YPL231W,YGL011C,0,-1.0398715,0.09672447293996811,0.8745644688606262,0.8167247176170349
YBL063W,YDR003W,0,-1.0398729,0.09671204537153244,0.8745644688606262,0.8168408870697021
YBL080C,YDR221W,0,-1.0398934,0.09669962525367737,0.8745644688606262,0.8169569969177246
YEL020W-A,YDL247W,0,-1.0399659,0.0966872125864029,0.8745644688606262,0.8170731663703918
YMR116C,YBR083W,1,-1.0400169,0.09680318087339401,0.8757259249687195,0.8170731663703918
YJL125C,YKR010C,0,-1.0401936,0.09679076075553894,0.8757259249687195,0.8171893358230591
YGR266W,YDL066W,0,-1.040208,0.09677833318710327,0.8757259249687195,0.8173054456710815
YDL010W,YOL132W,0,-1.0402851,0.0967659130692482,0.8757259249687195,0.8174216151237488
YOL067C,YKL195W,0,-1.040286,0.09675350040197372,0.8757259249687195,0.8175377249717712
YLR143W,YBR079C,0,-1.0405302,0.09674108028411865,0.8757259249687195,0.8176538944244385
YLR098C,YDL123W,0,-1.0406117,0.09672867506742477,0.8757259249687195,0.8177700638771057
YHR037W,YGL249W,0,-1.0406286,0.0967162624001503,0.8757259249687195,0.8178861737251282
YLR060W,YJL173C,0,-1.0408344,0.09670385718345642,0.8757259249687195,0.8180023431777954
YHR153C,YDR329C,0,-1.0408374,0.09669145941734314,0.8757259249687195,0.8181184530258179
YDR103W,YIR019C,1,-1.0408494,0.09680728614330292,0.876887321472168,0.8181184530258179
YCR092C,YAR050W,0,-1.0409939,0.09679487347602844,0.876887321472168,0.8182346224784851
YER012W,YNL133C,0,-1.0410004,0.09678246080875397,0.876887321472168,0.8183507323265076
YDR384C,YLR115W,0,-1.0412363,0.09677005559206009,0.876887321472168,0.8184669017791748
YLR292C,YMR156C,0,-1.0413448,0.09675765782594681,0.876887321472168,0.818583071231842
YBL037W,YNL106C,0,-1.0414197,0.09674526005983353,0.876887321472168,0.8186991810798645
YDR528W,YOR095C,0,-1.0415401,0.09673286229372025,0.876887321472168,0.8188153505325317
YHR172W,YDR265W,0,-1.0415453,0.09672047197818756,0.876887321472168,0.8189314603805542
YDR276C,YOL034W,0,-1.041629,0.09670808166265488,0.876887321472168,0.8190476298332214
YHR103W,YMR202W,0,-1.0418144,0.09669569879770279,0.876887321472168,0.8191637396812439
YFR003C,YML070W,0,-1.0420251,0.0966833159327507,0.876887321472168,0.8192799091339111
YCR098C,YLL009C,0,-1.0425551,0.09667093306779861,0.876887321472168,0.8193960785865784
YLR056W,YCR004C,0,-1.0425853,0.09665855765342712,0.876887321472168,0.8195121884346008
YIR013C,YOL088C,0,-1.042705,0.09664618223905563,0.876887321472168,0.8196283578872681
YIL007C,YGL187C,0,-1.0427186,0.09663381427526474,0.876887321472168,0.8197444677352905
YLR396C,YMR290C,0,-1.0427381,0.09662144631147385,0.876887321472168,0.8198606371879578
YDR280W,YBR213W,0,-1.0427837,0.09660908579826355,0.876887321472168,0.8199767470359802
YIL038C,YDR471W,0,-1.0428541,0.09659672528505325,0.876887321472168,0.8200929164886475
YHR178W,YOR076C,0,-1.0434287,0.09658436477184296,0.876887321472168,0.8202090859413147
YDR312W,YHR034C,0,-1.0435667,0.09657201170921326,0.876887321472168,0.8203251957893372
YML043C,YBR296C,0,-1.043655,0.09655965864658356,0.876887321472168,0.8204413652420044
YNL327W,YKR072C,0,-1.043815,0.09654731303453445,0.876887321472168,0.8205574750900269
YDR101C,YKR104W,0,-1.0439768,0.09653496742248535,0.876887321472168,0.8206736445426941
YMR266W,YPR009W,0,-1.0440525,0.09652262926101685,0.876887321472168,0.8207897543907166
YOR080W,YER109C,1,-1.0440695,0.09663812071084976,0.8780487775802612,0.8207897543907166
YAR003W,YDL003W,0,-1.0441684,0.09662576764822006,0.8780487775802612,0.8209059238433838
YBR039W,YHR178W,0,-1.0442535,0.09661342203617096,0.8780487775802612,0.821022093296051
YKL096W,YBR029C,0,-1.0443833,0.09660107642412186,0.8780487775802612,0.8211382031440735
YLR288C,YLR059C,0,-1.0444841,0.09658873081207275,0.8780487775802612,0.8212543725967407
YJL003W,YMR297W,0,-1.0445242,0.09657639265060425,0.8780487775802612,0.8213704824447632
YMR024W,YJL056C,0,-1.0445923,0.09656405448913574,0.8780487775802612,0.8214866518974304
YOL003C,YPL187W,0,-1.0446917,0.09655172377824783,0.8780487775802612,0.8216027617454529
YOL027C,YNL300W,0,-1.0447519,0.09653939306735992,0.8780487775802612,0.8217189311981201
YHR107C,YMR204C,0,-1.0448495,0.09652706980705261,0.8780487775802612,0.8218351006507874
YER102W,YCL064C,0,-1.0449864,0.0965147465467453,0.8780487775802612,0.8219512104988098
YDR135C,YOR288C,0,-1.0450057,0.09650242328643799,0.8780487775802612,0.822067379951477
YLR121C,YOR141C,0,-1.0451646,0.09649010747671127,0.8780487775802612,0.8221834897994995
YPL051W,YKL220C,0,-1.0452566,0.09647779166698456,0.8780487775802612,0.8222996592521667
YNL148C,YPL161C,0,-1.0454437,0.09646548330783844,0.8780487775802612,0.8224157691001892
YNR075W,YKL150W,0,-1.0454438,0.09645317494869232,0.8780487775802612,0.8225319385528564
YML027W,YLR341W,0,-1.0455179,0.0964408740401268,0.8780487775802612,0.8226481080055237
YDR379W,YGL208W,1,-1.0457312,0.09655611962080002,0.8792102336883545,0.8226481080055237
YPL106C,YFR032C-A,0,-1.0460131,0.0965438112616539,0.8792102336883545,0.8227642178535461
YGL254W,YER144C,0,-1.0462252,0.09653149545192719,0.8792102336883545,0.8228803873062134
YMR063W,YML075C,0,-1.046242,0.09651918709278107,0.8792102336883545,0.8229964971542358
YLL018C,YCL026C-A,0,-1.0465244,0.09650688618421555,0.8792102336883545,0.8231126666069031
YML038C,YNR070W,0,-1.04655,0.09649458527565002,0.8792102336883545,0.8232287764549255
YKR065C,YKL185W,0,-1.0465648,0.0964822843670845,0.8792102336883545,0.8233449459075928
YPL174C,YLR239C,0,-1.046614,0.09646999090909958,0.8792102336883545,0.82346111536026
YDL033C,YIR023W,0,-1.0470921,0.09645769745111465,0.8792102336883545,0.8235772252082825
YOR266W,YML048W,0,-1.0473847,0.09644540399312973,0.8792102336883545,0.8236933946609497
YPR108W,YBR123C,0,-1.0474389,0.0964331179857254,0.8792102336883545,0.8238095045089722
YBR057C,YGL226W,0,-1.0474564,0.09642083942890167,0.8792102336883545,0.8239256739616394
YDR155C,YKL150W,0,-1.047492,0.09640856087207794,0.8792102336883545,0.8240417838096619
YPL146C,YGL145W,0,-1.0475059,0.09639628231525421,0.8792102336883545,0.8241579532623291
YJR131W,YLR189C,0,-1.0477899,0.09638401120901108,0.8792102336883545,0.8242741227149963
YJL174W,YER065C,0,-1.0479943,0.09637174010276794,0.8792102336883545,0.8243902325630188
YNL088W,YJL092W,0,-1.0481358,0.09635946899652481,0.8792102336883545,0.824506402015686
YMR266W,YOR368W,0,-1.0481409,0.09634720534086227,0.8792102336883545,0.8246225118637085
YAL041W,YIR019C,1,-1.0483849,0.0964622050523758,0.8803716897964478,0.8246225118637085
YKR087C,YKR094C,0,-1.0483854,0.09644992649555206,0.8803716897964478,0.8247386813163757
YCR067C,YDR490C,0,-1.0484121,0.09643765538930893,0.8803716897964478,0.8248547911643982
YML057W,YGR109C,0,-1.0484399,0.09642539173364639,0.8803716897964478,0.8249709606170654
YOR167C,YER148W,0,-1.0485516,0.09641312807798386,0.8803716897964478,0.8250871300697327
YOR094W,YNL247W,0,-1.0487595,0.09640086442232132,0.8803716897964478,0.8252032399177551
YDL075W,YAR015W,0,-1.0488681,0.09638860821723938,0.8803716897964478,0.8253194093704224
YNL156C,YBR130C,0,-1.0492836,0.09637635201215744,0.8803716897964478,0.8254355192184448
YMR164C,YGR028W,0,-1.0495222,0.0963640958070755,0.8803716897964478,0.8255516886711121
YJR161C,YCR009C,0,-1.049561,0.09635184705257416,0.8803716897964478,0.8256677985191345
YOL109W,YHR118C,0,-1.0497372,0.09633960574865341,0.8803716897964478,0.8257839679718018
YMR175W,YPL117C,0,-1.049828,0.09632735699415207,0.8803716897964478,0.825900137424469
YBR186W,YPR164W,0,-1.0500493,0.09631512314081192,0.8803716897964478,0.8260162472724915
YPR192W,YBL069W,0,-1.0501776,0.09630288183689117,0.8803716897964478,0.8261324167251587
YDR406W,YJL101C,0,-1.0503247,0.09629064798355103,0.8803716897964478,0.8262485265731812
YNL012W,YPR180W,0,-1.0503596,0.09627842158079147,0.8803716897964478,0.8263646960258484
YOL019W,YMR026C,0,-1.0503764,0.09626619517803192,0.8803716897964478,0.8264808654785156
YLR139C,YOL007C,0,-1.0503795,0.09625396877527237,0.8803716897964478,0.8265969753265381
YJR158W,YBR181C,0,-1.0504855,0.09624174982309341,0.8803716897964478,0.8267131447792053
YDL166C,YOR068C,0,-1.050543,0.09622953087091446,0.8803716897964478,0.8268292546272278
YFL031W,YNL321W,0,-1.0505927,0.0962173119187355,0.8803716897964478,0.826945424079895
YDL112W,YJL001W,0,-1.0506204,0.09620510041713715,0.8803716897964478,0.8270615339279175
YJL115W,YPL266W,0,-1.0506701,0.09619289636611938,0.8803716897964478,0.8271777033805847
YBR019C,YOL039W,0,-1.0507873,0.09618068486452103,0.8803716897964478,0.827293872833252
YLR262C,YPL043W,0,-1.0508006,0.09616848826408386,0.8803716897964478,0.8274099826812744
YJL089W,YHR073W,1,-1.0509539,0.09628313779830933,0.8815330862998962,0.8274099826812744
YLR226W,YER044C-A,0,-1.051113,0.09627092629671097,0.8815330862998962,0.8275261521339417
YLR286C,YPR066W,0,-1.0513446,0.0962587222456932,0.8815330862998962,0.8276422619819641
YBL013W,YER053C,0,-1.0513551,0.09624651074409485,0.8815330862998962,0.8277584314346313
YKL113C,YBR033W,0,-1.0515027,0.09623430669307709,0.8815330862998962,0.8278745412826538
YGR071C,YDR145W,0,-1.051589,0.09622211009263992,0.8815330862998962,0.827990710735321
YPR005C,YLR118C,0,-1.051644,0.09620991349220276,0.8815330862998962,0.8281068801879883
YBL066C,YLR205C,0,-1.0516703,0.0961977168917656,0.8815330862998962,0.8282229900360107
YDL159W,YAL056W,1,-1.0518212,0.0963122546672821,0.8826945424079895,0.8282229900360107
YDL240W,YHR027C,0,-1.0520239,0.09630005061626434,0.8826945424079895,0.828339159488678
YGL043W,YIL052C,0,-1.0521702,0.09628784656524658,0.8826945424079895,0.8284552693367004
YKR092C,YOL005C,0,-1.0523989,0.09627564996480942,0.8826945424079895,0.8285714387893677
YIL009C-A,YOR016C,0,-1.0524565,0.09626346081495285,0.8826945424079895,0.8286875486373901
YHR150W,YPR009W,0,-1.0525843,0.09625126421451569,0.8826945424079895,0.8288037180900574
YDL229W,YCL066W,0,-1.0525897,0.09623907506465912,0.8826945424079895,0.8289198875427246
YDR452W,YJL045W,0,-1.0526887,0.09622689336538315,0.8826945424079895,0.8290359973907471
YJR159W,YOR003W,0,-1.0527022,0.09621471166610718,0.8826945424079895,0.8291521668434143
YPL187W,YOR177C,0,-1.0527623,0.09620252996683121,0.8826945424079895,0.8292682766914368
YIL014W,YNL214W,0,-1.0527728,0.09619035571813583,0.8826945424079895,0.829384446144104
YML130C,YEL058W,0,-1.0528599,0.09617818146944046,0.8826945424079895,0.8295005559921265
YPR174C,YLR096W,0,-1.053217,0.09616601467132568,0.8826945424079895,0.8296167254447937
YHL040C,YPL202C,0,-1.0533438,0.09615384787321091,0.8826945424079895,0.8297328948974609
YLR038C,YDR323C,0,-1.0535728,0.09614168107509613,0.8826945424079895,0.8298490047454834
YDR237W,YDR117C,0,-1.053621,0.09612952172756195,0.8826945424079895,0.8299651741981506
YDR057W,YIL011W,0,-1.0537082,0.09611736238002777,0.8826945424079895,0.8300812840461731
YHR183W,YLL036C,0,-1.0538334,0.09610521048307419,0.8826945424079895,0.8301974534988403
YLR319C,YDR190C,0,-1.0539566,0.0960930585861206,0.8826945424079895,0.8303135633468628
YOR386W,YJR153W,0,-1.0541968,0.09608090668916702,0.8826945424079895,0.83042973279953
YLR242C,YPR201W,0,-1.0545805,0.09606876224279404,0.8826945424079895,0.8305459022521973
YNL254C,YOR018W,0,-1.0547282,0.09605662524700165,0.8826945424079895,0.8306620121002197
YCR035C,YLR424W,0,-1.0547931,0.09604448080062866,0.8826945424079895,0.830778181552887
YLR362W,YIL008W,1,-1.0548457,0.0961587056517601,0.8838559985160828,0.830778181552887
YBR005W,YMR305C,0,-1.0548552,0.09614655375480652,0.8838559985160828,0.8308942914009094
YEL024W,YDR400W,0,-1.0548851,0.09613440930843353,0.8838559985160828,0.8310104608535767
YGR075C,YIL090W,0,-1.0551256,0.09612226486206055,0.8838559985160828,0.8311265707015991
YLR223C,YHR020W,0,-1.0551622,0.09611012786626816,0.8838559985160828,0.8312427401542664
YLR192C,YDL235C,0,-1.0553249,0.09609799087047577,0.8838559985160828,0.8313589096069336
YOR374W,YMR135C,0,-1.0553309,0.09608586132526398,0.8838559985160828,0.831475019454956
YBR149W,YJR089W,0,-1.0556601,0.09607373178005219,0.8838559985160828,0.8315911889076233
YML013W,YER058W,0,-1.055749,0.0960616022348404,0.8838559985160828,0.8317072987556458
YKL183W,YDL226C,0,-1.0560496,0.0960494726896286,0.8838559985160828,0.831823468208313
YLR362W,YER109C,1,-1.0562983,0.0961635559797287,0.8850173950195312,0.831823468208313
YGL045W,YGR040W,1,-1.0564196,0.09627760201692581,0.8861788511276245,0.831823468208313
YCR005C,YOL065C,0,-1.0567504,0.09626545757055283,0.8861788511276245,0.8319395780563354
YDR270W,YLR369W,0,-1.0567573,0.09625331312417984,0.8861788511276245,0.8320557475090027
YOR077W,YLR442C,0,-1.0568485,0.09624116867780685,0.8861788511276245,0.8321719169616699
YKL055C,YJL110C,0,-1.0569578,0.09622903168201447,0.8861788511276245,0.8322880268096924
YOR358W,YKR072C,0,-1.0569664,0.09621689468622208,0.8861788511276245,0.8324041962623596
YOR201C,YAL013W,0,-1.0571482,0.09620476514101028,0.8861788511276245,0.8325203061103821
YPR156C,YEL018W,0,-1.0576131,0.09619263559579849,0.8861788511276245,0.8326364755630493
YDR524C,YDR212W,0,-1.0576359,0.0961805135011673,0.8861788511276245,0.8327525854110718
YML077W,YPR188C,0,-1.0576564,0.0961683914065361,0.8861788511276245,0.832868754863739
YPL176C,YMR242C,0,-1.0577163,0.09615626931190491,0.8861788511276245,0.8329849243164062
YHR166C,YOL115W,0,-1.0581827,0.09614415466785431,0.8861788511276245,0.8331010341644287
YDR118W,YKL049C,0,-1.0583875,0.09613204002380371,0.8861788511276245,0.833217203617096
YPR005C,YML001W,0,-1.0584545,0.09611993283033371,0.8861788511276245,0.8333333134651184
YJR033C,YCL061C,0,-1.0585668,0.09610782563686371,0.8861788511276245,0.8334494829177856
YPL194W,YDL008W,0,-1.0586008,0.09609571844339371,0.8861788511276245,0.8335655927658081
YHR036W,YGL253W,0,-1.058747,0.0960836187005043,0.8861788511276245,0.8336817622184753
YOL116W,YIR019C,1,-1.0590914,0.09619743376970291,0.8873403072357178,0.8336817622184753
YMR312W,YHR014W,0,-1.0591445,0.09618531912565231,0.8873403072357178,0.8337979316711426
YER109C,YLR083C,1,-1.059145,0.09629909694194794,0.888501763343811,0.8337979316711426
YER015W,YGR120C,0,-1.059186,0.09628697484731674,0.888501763343811,0.833914041519165
YGL232W,YLR381W,0,-1.0592283,0.09627485275268555,0.888501763343811,0.8340302109718323
YGL147C,YGR024C,0,-1.0593249,0.09626273810863495,0.888501763343811,0.8341463208198547
YKL006C-A,YGR060W,0,-1.0593817,0.09625063091516495,0.888501763343811,0.834262490272522
YGL251C,YNL133C,0,-1.0594596,0.09623852372169495,0.888501763343811,0.8343786001205444
YMR311C,YOL110W,0,-1.0595312,0.09622641652822495,0.888501763343811,0.8344947695732117
YDL138W,YBR181C,0,-1.059753,0.09621430933475494,0.888501763343811,0.8346109390258789
YIL070C,YOR367W,0,-1.0598348,0.09620220959186554,0.888501763343811,0.8347270488739014
YDR032C,YLL015W,0,-1.05993,0.09619011729955673,0.888501763343811,0.8348432183265686
YOL122C,YDR041W,0,-1.0600048,0.09617802500724792,0.888501763343811,0.8349593281745911
YLR448W,YBL093C,0,-1.0600663,0.09616593271493912,0.888501763343811,0.8350754976272583
YLR307W,YDL004W,0,-1.0603474,0.09615384787321091,0.888501763343811,0.8351916670799255
YDR009W,YPL177C,0,-1.0607159,0.0961417630314827,0.888501763343811,0.835307776927948
YDR522C,YDR096W,0,-1.061032,0.09612967818975449,0.888501763343811,0.8354239463806152
YJL208C,YIR031C,0,-1.0611364,0.09611760079860687,0.888501763343811,0.8355400562286377
YGL210W,YMR156C,0,-1.0612795,0.09610553085803986,0.888501763343811,0.8356562256813049
YKL178C,YOR048C,0,-1.0613045,0.09609345346689224,0.888501763343811,0.8357723355293274
YOR321W,YMR040W,0,-1.0613632,0.09608138352632523,0.888501763343811,0.8358885049819946
YIL121W,YEL019C,0,-1.061416,0.0960693210363388,0.888501763343811,0.8360046744346619
YFR028C,YBR288C,0,-1.0614588,0.09605725854635239,0.888501763343811,0.8361207842826843
YDL043C,YOL020W,0,-1.0617508,0.09604519605636597,0.888501763343811,0.8362369537353516
YOR045W,YER174C,0,-1.0617874,0.09603314101696014,0.888501763343811,0.836353063583374
YDR213W,YKL156W,0,-1.0618665,0.09602108597755432,0.888501763343811,0.8364692330360413
YLL038C,YDL205C,0,-1.0618747,0.0960090383887291,0.888501763343811,0.8365853428840637
YIL062C,YPL085W,0,-1.0619111,0.09599699079990387,0.888501763343811,0.836701512336731
YOR127W,YDL159W,1,-1.0619566,0.09611041098833084,0.8896631598472595,0.836701512336731
YPR164W,YHR013C,0,-1.0620551,0.09609835594892502,0.8896631598472595,0.8368176817893982
YBR211C,YGR058W,0,-1.0622245,0.0960863009095192,0.8896631598472595,0.8369337916374207
YDR503C,YLR193C,0,-1.0624697,0.09607425332069397,0.8896631598472595,0.8370499610900879
YHR018C,YKL184W,0,-1.0625969,0.09606220573186874,0.8896631598472595,0.8371660709381104
YJL083W,YER023W,0,-1.0626462,0.09605015814304352,0.8896631598472595,0.8372822403907776
YNL299W,YEL027W,0,-1.0627189,0.09603811800479889,0.8896631598472595,0.8373983502388
YPL115C,YER113C,1,-1.0628538,0.0961514338850975,0.8908246159553528,0.8373983502388
YAL011W,YMR274C,0,-1.0630388,0.09613938629627228,0.8908246159553528,0.8375145196914673
YLR226W,YGR058W,0,-1.0630606,0.09612733125686646,0.8908246159553528,0.8376306891441345
YDR043C,YMR316W,1,-1.0630919,0.09624060243368149,0.891986072063446,0.8376306891441345
YGL016W,YLL006W,0,-1.0630924,0.09622853994369507,0.891986072063446,0.837746798992157
YDR503C,YDL008W,0,-1.063164,0.09621648490428925,0.891986072063446,0.8378629684448242
YOL058W,YDR110W,0,-1.0633287,0.09620443731546402,0.891986072063446,0.8379790782928467
YMR125W,YDR058C,0,-1.0634861,0.0961923822760582,0.891986072063446,0.8380952477455139
YGR097W,YOR058C,0,-1.0635374,0.09618033468723297,0.891986072063446,0.8382113575935364
YDR379W,YIR019C,1,-1.0638176,0.09629351645708084,0.8931475281715393,0.8382113575935364
YJL122W,YER147C,0,-1.0640066,0.09628145396709442,0.8931475281715393,0.8383275270462036
YLR136C,YJR073C,0,-1.064121,0.0962694063782692,0.8931475281715393,0.8384436964988708
YDR446W,YPR106W,0,-1.0641755,0.09625735133886337,0.8931475281715393,0.8385598063468933
YDL139C,YKL087C,0,-1.0642151,0.09624530375003815,0.8931475281715393,0.8386759757995605
YNL039W,YGR116W,0,-1.0642209,0.09623326361179352,0.8931475281715393,0.838792085647583
YPR110C,YFL053W,0,-1.0643518,0.09622122347354889,0.8931475281715393,0.8389082551002502
YDR361C,YGL210W,0,-1.0645276,0.09620918333530426,0.8931475281715393,0.8390243649482727
YFL056C,YOL017W,0,-1.0645927,0.09619715064764023,0.8931475281715393,0.8391405344009399
YNL272C,YKL045W,0,-1.0646107,0.0961851179599762,0.8931475281715393,0.8392567038536072
YOR322C,YGR109C,0,-1.0646452,0.09617308527231216,0.8931475281715393,0.8393728137016296
YDR126W,YNL116W,0,-1.0648526,0.09616106003522873,0.8931475281715393,0.8394889831542969
YMR230W,YBL103C,0,-1.0649477,0.0961490347981453,0.8931475281715393,0.8396050930023193
YOR080W,YLR083C,1,-1.065271,0.09626203030347824,0.8943089246749878,0.8396050930023193
YIR037W,YOL132W,0,-1.065547,0.09624999761581421,0.8943089246749878,0.8397212624549866
YCL010C,YPL016W,0,-1.0655862,0.09623797237873077,0.8943089246749878,0.839837372303009
YOR193W,YGR260W,0,-1.0660155,0.09622594714164734,0.8943089246749878,0.8399535417556763
YDR221W,YFR015C,0,-1.066094,0.0962139219045639,0.8943089246749878,0.8400697112083435
YOR068C,YHR188C,0,-1.0664372,0.09620189666748047,0.8943089246749878,0.840185821056366
YDL159W,YHR073W,1,-1.066471,0.09631480276584625,0.895470380783081,0.840185821056366
YHR142W,YKR077W,0,-1.0668776,0.09630277007818222,0.895470380783081,0.8403019905090332
YHR070W,YHR014W,0,-1.0671517,0.09629074484109879,0.895470380783081,0.8404181003570557
YML065W,YHR139C,0,-1.0672776,0.09627871960401535,0.895470380783081,0.8405342698097229
YGL021W,YNL151C,0,-1.0672815,0.09626670181751251,0.895470380783081,0.8406503796577454
YKL173W,YER028C,0,-1.0679269,0.09625468403100967,0.895470380783081,0.8407665491104126
YJR047C,YDL102W,0,-1.0681928,0.09624266624450684,0.895470380783081,0.8408827185630798
YER031C,YNL072W,0,-1.0687501,0.0962306559085846,0.895470380783081,0.8409988284111023
YML008C,YJL219W,0,-1.0687835,0.09621864557266235,0.895470380783081,0.8411149978637695
YBL039C,YBR293W,0,-1.0690489,0.09620663523674011,0.895470380783081,0.841231107711792
YLL052C,YKL010C,0,-1.0690567,0.09619463235139847,0.895470380783081,0.8413472771644592
YML042W,YMR012W,0,-1.0694054,0.09618263691663742,0.895470380783081,0.8414633870124817
YLR014C,YPR175W,0,-1.0697485,0.09617063403129578,0.895470380783081,0.8415795564651489
YKR013W,YLR260W,0,-1.0697787,0.09615864604711533,0.895470380783081,0.8416957259178162
YER021W,YJR159W,0,-1.0698004,0.09614665061235428,0.895470380783081,0.8418118357658386
YOL056W,YGR094W,0,-1.069808,0.09613466262817383,0.895470380783081,0.8419280052185059
YJL137C,YMR164C,0,-1.070181,0.09612267464399338,0.895470380783081,0.8420441150665283
YLR318W,YER110C,0,-1.0702103,0.09611069411039352,0.895470380783081,0.8421602845191956
YDR540C,YGL124C,0,-1.0706316,0.09609871357679367,0.895470380783081,0.842276394367218
YLR360W,YBR048W,0,-1.0707347,0.09608674049377441,0.895470380783081,0.8423925638198853
YOR341W,YIL030C,0,-1.0707638,0.09607476741075516,0.895470380783081,0.8425087332725525
YER169W,YBR092C,0,-1.0707883,0.0960627943277359,0.895470380783081,0.842624843120575
YOL103W,YPR054W,0,-1.0708531,0.09605082869529724,0.895470380783081,0.8427410125732422
YBR160W,YGR241C,0,-1.0708665,0.09603886306285858,0.895470380783081,0.8428571224212646
YML075C,YDL060W,0,-1.0708785,0.09602690488100052,0.895470380783081,0.8429732918739319
YCR005C,YMR274C,0,-1.0710374,0.09601494669914246,0.895470380783081,0.8430894017219543
YDR398W,YDL192W,0,-1.0710464,0.0960029885172844,0.895470380783081,0.8432055711746216
YJL080C,YCR048W,0,-1.0711566,0.09599103778600693,0.895470380783081,0.8433217406272888
YOR047C,YML113W,0,-1.0712628,0.09597908705472946,0.895470380783081,0.8434378504753113
YMR011W,YFR015C,0,-1.0715536,0.095967136323452,0.895470380783081,0.8435540199279785
YOR026W,YOR003W,0,-1.0716722,0.09595519304275513,0.895470380783081,0.843670129776001
YNL053W,YOL019W,0,-1.0717205,0.09594325721263885,0.895470380783081,0.8437862992286682
YGR188C,YLR259C,0,-1.0719916,0.09593131393194199,0.895470380783081,0.8439024686813354
YNR043W,YBL093C,0,-1.072108,0.09591938555240631,0.895470380783081,0.8440185785293579
YDR197W,YBR014C,0,-1.0721745,0.09590744972229004,0.895470380783081,0.8441347479820251
YKL092C,YGR278W,0,-1.0723062,0.09589552134275436,0.895470380783081,0.8442508578300476
YGL226W,YJL190C,0,-1.0723916,0.09588359296321869,0.895470380783081,0.8443670272827148
YGL098W,YNR075W,0,-1.0724502,0.09587167203426361,0.895470380783081,0.8444831371307373
YNL299W,YMR285C,0,-1.0726094,0.09585975110530853,0.895470380783081,0.8445993065834045
YMR205C,YJR150C,0,-1.0726146,0.09584783762693405,0.895470380783081,0.8447154760360718
YLR220W,YDL102W,0,-1.0726409,0.09583592414855957,0.895470380783081,0.8448315858840942
YOR080W,YOR127W,1,-1.0726764,0.09594829380512238,0.8966318368911743,0.8448315858840942
YOR191W,YJR105W,0,-1.0730941,0.0959363728761673,0.8966318368911743,0.8449477553367615
YJL196C,YCR003W,0,-1.0733522,0.09592445194721222,0.8966318368911743,0.8450638651847839
YLR304C,YFR044C,0,-1.0733647,0.09591253846883774,0.8966318368911743,0.8451800346374512
YNL328C,YGL238W,0,-1.0734433,0.09590061753988266,0.8966318368911743,0.8452961444854736
YGR188C,YOR266W,0,-1.0736159,0.09588871151208878,0.8966318368911743,0.8454123139381409
YIL120W,YCR073C,0,-1.073719,0.0958767980337143,0.8966318368911743,0.8455284833908081
YOR080W,YDL159W,1,-1.073807,0.09598907083272934,0.8977932929992676,0.8455284833908081
YER030W,YBL106C,0,-1.0738853,0.09597715735435486,0.8977932929992676,0.8456445932388306
YML093W,YDL006W,0,-1.0740292,0.09596523642539978,0.8977932929992676,0.8457607626914978
YGR108W,YDL031W,0,-1.0740484,0.0959533303976059,0.8977932929992676,0.8458768725395203
YLR032W,YCR038C,0,-1.0740505,0.09594141691923141,0.8977932929992676,0.8459930419921875
YDR478W,YKL051W,0,-1.0746636,0.09592951089143753,0.8977932929992676,0.84610915184021
YER060W,YMR023C,0,-1.0747467,0.09591760486364365,0.8977932929992676,0.8462253212928772
YNL076W,YER174C,0,-1.0748194,0.09590570628643036,0.8977932929992676,0.8463414907455444
YIR008C,YML118W,0,-1.0749186,0.09589380770921707,0.8977932929992676,0.8464576005935669
YOL017W,YMR094W,0,-1.0749197,0.09588191658258438,0.8977932929992676,0.8465737700462341
YMR287C,YGL134W,0,-1.0749261,0.09587002545595169,0.8977932929992676,0.8466898798942566
YER169W,YLR431C,0,-1.0751075,0.095858134329319,0.8977932929992676,0.8468060493469238
YDR529C,YFL005W,0,-1.0751852,0.0958462506532669,0.8977932929992676,0.8469221591949463
YJL197W,YDL087C,0,-1.0752578,0.09583436697721481,0.8977932929992676,0.8470383286476135
YER026C,YOR117W,0,-1.0752826,0.09582248330116272,0.8977932929992676,0.8471544981002808
YJR095W,YKR077W,0,-1.0755136,0.09581060707569122,0.8977932929992676,0.8472706079483032
YDL200C,YPL085W,0,-1.0756277,0.09579873830080032,0.8977932929992676,0.8473867774009705
YOR354C,YBR228W,0,-1.0758982,0.09578686207532883,0.8977932929992676,0.8475028872489929
YPL111W,YDR139C,0,-1.0759363,0.09577499330043793,0.8977932929992676,0.8476190567016602
YPL133C,YBR022W,0,-1.075938,0.09576313197612762,0.8977932929992676,0.8477351665496826
YDL150W,YPL193W,0,-1.0761281,0.09575127065181732,0.8977932929992676,0.8478513360023499
YPL144W,YOR007C,0,-1.076504,0.09573940932750702,0.8977932929992676,0.8479675054550171
YNL129W,YEL051W,0,-1.0765866,0.09572755545377731,0.8977932929992676,0.8480836153030396
YOR035C,YML057W,0,-1.0766006,0.09571570158004761,0.8977932929992676,0.8481997847557068
YGL085W,YGR037C,0,-1.0768111,0.0957038477063179,0.8977932929992676,0.8483158946037292
YNL021W,YPL231W,0,-1.0768877,0.09569200128316879,0.8977932929992676,0.8484320640563965
YGR161C,YAR007C,0,-1.0768956,0.09568015486001968,0.8977932929992676,0.848548173904419
YBR167C,YDL102W,0,-1.0769612,0.09566831588745117,0.8977932929992676,0.8486643433570862
YLR214W,YKL191W,0,-1.0771296,0.09565647691488266,0.8977932929992676,0.8487805128097534
YMR175W,YLL057C,0,-1.0772626,0.09564464539289474,0.8977932929992676,0.8488966226577759
YML095C,YER065C,0,-1.077436,0.09563280642032623,0.8977932929992676,0.8490127921104431
YMR257C,YGL027C,0,-1.0774492,0.09562098234891891,0.8977932929992676,0.8491289019584656
YDL072C,YAL061W,0,-1.0775046,0.095609150826931,0.8977932929992676,0.8492450714111328
YDR141C,YBL091C,0,-1.0775894,0.09559732675552368,0.8977932929992676,0.8493611812591553
YNR024W,YHR014W,0,-1.0776296,0.09558551013469696,0.8977932929992676,0.8494773507118225
YNL177C,YDR011W,0,-1.0776998,0.09557368606328964,0.8977932929992676,0.8495935201644897
YBR055C,YJL014W,0,-1.0779793,0.09556187689304352,0.8977932929992676,0.8497096300125122
YML061C,YNR045W,0,-1.0780644,0.0955500602722168,0.8977932929992676,0.8498257994651794
YGR116W,YDR395W,0,-1.0781087,0.09553825110197067,0.8977932929992676,0.8499419093132019
YBR186W,YNL038W,0,-1.0781561,0.09552644938230515,0.8977932929992676,0.8500580787658691
YLR075W,YLR275W,0,-1.0781829,0.09551464021205902,0.8977932929992676,0.8501741886138916
YGL175C,YEL004W,0,-1.078318,0.0955028384923935,0.8977932929992676,0.8502903580665588
YPL209C,YOL058W,0,-1.0783732,0.09549104422330856,0.8977932929992676,0.8504065275192261
YNL294C,YMR116C,1,-1.0786028,0.09560276567935944,0.8989546895027161,0.8504065275192261
YDR107C,YDR477W,1,-1.0788095,0.09571446478366852,0.9001161456108093,0.8504065275192261
YKL191W,YEL032W,0,-1.0789837,0.0957026407122612,0.9001161456108093,0.8505226373672485
YHR090C,YLR382C,0,-1.0792675,0.09569082409143448,0.9001161456108093,0.8506388068199158
YHR102W,YGL053W,0,-1.0793159,0.09567901492118835,0.9001161456108093,0.8507549166679382
YGR262C,YOL095C,0,-1.0794207,0.09566719830036163,0.9001161456108093,0.8508710861206055
YDR267C,YOR140W,0,-1.0794221,0.0956553965806961,0.9001161456108093,0.8509871959686279
YPL115C,YNL197C,1,-1.0795181,0.09576699882745743,0.9012776017189026,0.8509871959686279
YNL119W,YOR371C,1,-1.0795809,0.09587857872247696,0.9024389982223511,0.8509871959686279
YPL032C,YLR142W,0,-1.0796171,0.09586674720048904,0.9024389982223511,0.8511033654212952
YOL011W,YJL179W,0,-1.07971,0.09585492312908173,0.9024389982223511,0.8512195348739624
YNL039W,YLR384C,0,-1.0797335,0.09584309905767441,0.9024389982223511,0.8513356447219849
YIR019C,YGL121C,1,-1.0798142,0.09595461189746857,0.9036004543304443,0.8513356447219849
YMR142C,YER180C,0,-1.080313,0.09594278037548065,0.9036004543304443,0.8514518141746521
YDR446W,YCR066W,0,-1.0804975,0.09593094885349274,0.9036004543304443,0.8515679240226746
YOR372C,YOL056W,0,-1.0806426,0.09591912478208542,0.9036004543304443,0.8516840934753418
YMR017W,YOR063W,0,-1.0806723,0.0959073007106781,0.9036004543304443,0.8518002033233643
YJL078C,YDR437W,0,-1.0808797,0.09589547663927078,0.9036004543304443,0.8519163727760315
YHR143W,YNL312W,0,-1.0809261,0.09588366001844406,0.9036004543304443,0.8520325422286987
YNL030W,YPL095C,0,-1.0809888,0.09587184339761734,0.9036004543304443,0.8521486520767212
YCR005C,YDR213W,0,-1.0811144,0.09586002677679062,0.9036004543304443,0.8522648215293884
YER164W,YNL113W,0,-1.0811344,0.0958482176065445,0.9036004543304443,0.8523809313774109
YNL152W,YBR094W,0,-1.0817573,0.09583641588687897,0.9036004543304443,0.8524971008300781
YOR080W,YDR379W,1,-1.0820398,0.09594777971506119,0.9047619104385376,0.8524971008300781
YCR086W,YJR050W,0,-1.0820663,0.09593596309423447,0.9047619104385376,0.8526132106781006
YNR037C,YBR022W,0,-1.0821644,0.09592414647340775,0.9047619104385376,0.8527293801307678
YDL145C,YPR134W,0,-1.0822799,0.09591233730316162,0.9047619104385376,0.8528455495834351
YDR334W,YHR167W,0,-1.0823879,0.0959005281329155,0.9047619104385376,0.8529616594314575
YPL210C,YEL051W,0,-1.0824306,0.09588872641324997,0.9047619104385376,0.8530778288841248
YAL059W,YPR082C,0,-1.082605,0.09587692469358444,0.9047619104385376,0.8531939387321472
YDR511W,YLR360W,0,-1.0828905,0.09586512297391891,0.9047619104385376,0.8533101081848145
YHR141C,YCL064C,0,-1.0830582,0.09585332870483398,0.9047619104385376,0.8534262776374817
YCR068W,YGL027C,0,-1.0831456,0.09584153443574905,0.9047619104385376,0.8535423874855042
YJR131W,YJL072C,0,-1.0831711,0.09582974761724472,0.9047619104385376,0.8536585569381714
YPR065W,YJL180C,0,-1.0832998,0.09581796079874039,0.9047619104385376,0.8537746667861938
YPL186C,YOR150W,0,-1.0834149,0.09580617398023605,0.9047619104385376,0.8538908362388611
YOL154W,YDR178W,0,-1.0835689,0.09579439461231232,0.9047619104385376,0.8540069460868835
YKL065C,YNL300W,0,-1.0838082,0.09578261524438858,0.9047619104385376,0.8541231155395508
YBR083W,YHL007C,1,-1.0838624,0.09589377790689468,0.9059233665466309,0.8541231155395508
YLR116W,YPR168W,0,-1.0839725,0.09588199108839035,0.9059233665466309,0.854239284992218
YDR108W,YPL105C,0,-1.0840467,0.09587020426988602,0.9059233665466309,0.8543553948402405
YDR267C,YOR101W,0,-1.0841148,0.09585842490196228,0.9059233665466309,0.8544715642929077
YGL249W,YEL032W,0,-1.0844766,0.09584664553403854,0.9059233665466309,0.8545876741409302
YBR107C,YKL006C-A,0,-1.0844969,0.09583486616611481,0.9059233665466309,0.8547038435935974
YML034W,YOR118W,0,-1.0845553,0.09582309424877167,0.9059233665466309,0.8548199534416199
YPL115C,YOR080W,1,-1.0847453,0.09593416005373001,0.9070847630500793,0.8548199534416199
YHR149C,YJR068W,0,-1.085191,0.09592238068580627,0.9070847630500793,0.8549361228942871
YPL130W,YPL178W,0,-1.0853205,0.09591060131788254,0.9070847630500793,0.8550522923469543
YOR322C,YBR231C,0,-1.085674,0.0958988219499588,0.9070847630500793,0.8551684021949768
YIL098C,YIL062C,0,-1.0860786,0.09588705003261566,0.9070847630500793,0.855284571647644
YML041C,YER095W,0,-1.086129,0.09587527811527252,0.9070847630500793,0.8554006814956665
YHR079C-A,YDR002W,0,-1.0861334,0.09586350619792938,0.9070847630500793,0.8555168509483337
YLR262C,YNR053C,0,-1.0864744,0.09585174173116684,0.9070847630500793,0.8556329607963562
YPL194W,YGL087C,0,-1.0866319,0.0958399772644043,0.9070847630500793,0.8557491302490234
YJR153W,YNR008W,0,-1.0867108,0.09582822024822235,0.9070847630500793,0.8558652997016907
YJL162C,YHR143W,0,-1.0867217,0.0958164632320404,0.9070847630500793,0.8559814095497131
YGL234W,YNR069C,0,-1.0869349,0.09580471366643906,0.9070847630500793,0.8560975790023804
YOR080W,YPL049C,1,-1.0869446,0.09591561555862427,0.9082462191581726,0.8560975790023804
YDL232W,YNL132W,0,-1.0869889,0.09590385109186172,0.9082462191581726,0.8562136888504028
YJR129C,YOR234C,0,-1.0871415,0.09589209407567978,0.9082462191581726,0.8563298583030701
YGR181W,YEL019C,0,-1.0871543,0.09588033705949783,0.9082462191581726,0.8564459681510925
YJL179W,YGL021W,0,-1.0871692,0.09586858004331589,0.9082462191581726,0.8565621376037598
YDR376W,YGL201C,0,-1.0872226,0.09585683047771454,0.9082462191581726,0.856678307056427
YGL020C,YPL233W,0,-1.0874988,0.09584508091211319,0.9082462191581726,0.8567944169044495
YPL254W,YIR015W,0,-1.0875909,0.09583333134651184,0.9082462191581726,0.8569105863571167
YLR167W,YGL116W,0,-1.0876986,0.09582158923149109,0.9082462191581726,0.8570266962051392
YDR052C,YER082C,0,-1.0877945,0.09580984711647034,0.9082462191581726,0.8571428656578064
YPR057W,YNL306W,0,-1.0878057,0.09579811245203018,0.9082462191581726,0.8572589755058289
YGL076C,YGL044C,0,-1.0878313,0.09578637778759003,0.9082462191581726,0.8573751449584961
YER113C,YMR116C,1,-1.087849,0.0958971232175827,0.9094076752662659,0.8573751449584961
YNL197C,YOR127W,1,-1.087903,0.09600783884525299,0.9105691313743591,0.8573751449584961
YNL049C,YGR094W,0,-1.0880586,0.09599608182907104,0.9105691313743591,0.8574913144111633
YLR055C,YHR094C,0,-1.0882871,0.0959843322634697,0.9105691313743591,0.8576074242591858
YOR249C,YGL168W,0,-1.0882896,0.09597258269786835,0.9105691313743591,0.857723593711853
YBL013W,YGL229C,0,-1.0887398,0.095960833132267,0.9105691313743591,0.8578397035598755
YOR247W,YLR081W,0,-1.0887841,0.09594909101724625,0.9105691313743591,0.8579558730125427
YML061C,YKR097W,0,-1.0888394,0.0959373489022255,0.9105691313743591,0.8580719828605652
YPL203W,YGL121C,1,-1.0889497,0.09604796022176743,0.9117305278778076,0.8580719828605652
YIL118W,YOL039W,0,-1.0889528,0.09603621065616608,0.9117305278778076,0.8581881523132324
YJR105W,YBR168W,0,-1.089514,0.09602446854114532,0.9117305278778076,0.8583043217658997
YDL146W,YPL047W,0,-1.089575,0.09601271897554398,0.9117305278778076,0.8584204316139221
YGR030C,YLR393W,0,-1.0895966,0.09600097686052322,0.9117305278778076,0.8585366010665894
YJR022W,YMR204C,0,-1.0897336,0.09598924219608307,0.9117305278778076,0.8586527109146118
YIL026C,YMR156C,0,-1.0897728,0.09597750008106232,0.9117305278778076,0.858768880367279
YPL106C,YGR120C,0,-1.0901045,0.09596577286720276,0.9117305278778076,0.8588849902153015
YHR143W-A,YMR195W,0,-1.0901443,0.0959540382027626,0.9117305278778076,0.8590011596679688
YHR111W,YDR379W,1,-1.0901673,0.09606453031301498,0.9128919839859009,0.8590011596679688
YKL146W,YKR007W,0,-1.0901855,0.09605279564857483,0.9128919839859009,0.859117329120636
YJR066W,YDR135C,0,-1.0903645,0.09604105353355408,0.9128919839859009,0.8592334389686584
YPR049C,YOL061W,0,-1.0904626,0.09602931886911392,0.9128919839859009,0.8593496084213257
YNL252C,YDR051C,0,-1.090761,0.09601759165525436,0.9128919839859009,0.8594657182693481
YNL076W,YGL065C,0,-1.0908486,0.0960058644413948,0.9128919839859009,0.8595818877220154
YBR162C,YKL086W,0,-1.0909634,0.09599413722753525,0.9128919839859009,0.8596979975700378
YPL153C,YGR099W,0,-1.091158,0.09598241746425629,0.9128919839859009,0.8598141670227051
YNR043W,YDR171W,0,-1.0912712,0.09597069770097733,0.9128919839859009,0.8599303364753723
YPL254W,YKL049C,0,-1.0915087,0.09595897793769836,0.9128919839859009,0.8600464463233948
YGR088W,YOL065C,0,-1.0915743,0.095947265625,0.9128919839859009,0.860162615776062
YBL082C,YBL023C,0,-1.0916685,0.09593555331230164,0.9128919839859009,0.8602787256240845
YNL197C,YDR477W,1,-1.0916699,0.09604588896036148,0.9140534400939941,0.8602787256240845
YGL208W,YIL008W,1,-1.0918591,0.09615619480609894,0.9152148962020874,0.8602787256240845
YMR109W,YPL233W,0,-1.0920144,0.09614446014165878,0.9152148962020874,0.8603948950767517
YPL249C,YCL035C,0,-1.0920444,0.09613273292779922,0.9152148962020874,0.8605110049247742
YHR011W,YDR477W,1,-1.0922312,0.0962429866194725,0.9163762927055359,0.8605110049247742
YPL115C,YBR083W,1,-1.0922452,0.0963532105088234,0.9175377488136292,0.8605110049247742
YPR122W,YFR032C-A,0,-1.0922937,0.09634146094322205,0.9175377488136292,0.8606271743774414
YGR280C,YFR027W,0,-1.092396,0.0963297188282013,0.9175377488136292,0.8607433438301086
YDR116C,YPL061W,0,-1.09249,0.09631796926259995,0.9175377488136292,0.8608594536781311
YOR127W,YLR083C,1,-1.0925105,0.09642813354730606,0.9186992049217224,0.8608594536781311
YHR108W,YBR070C,0,-1.0925674,0.09641638398170471,0.9186992049217224,0.8609756231307983
YAL041W,YHR011W,1,-1.0926317,0.09652651101350784,0.9198606014251709,0.8609756231307983
YNL212W,YHL013C,0,-1.0926892,0.0965147465467453,0.9198606014251709,0.8610917329788208
YDR264C,YIL114C,0,-1.0927701,0.09650298207998276,0.9198606014251709,0.861207902431488
YIL119C,YDR400W,0,-1.0932037,0.09649122506380081,0.9198606014251709,0.8613240122795105
YDL135C,YGR142W,0,-1.0932287,0.09647947549819946,0.9198606014251709,0.8614401817321777
YPL124W,YGR292W,0,-1.0933299,0.09646772593259811,0.9198606014251709,0.861556351184845
YOR384W,YJL090C,0,-1.0936475,0.09645597636699677,0.9198606014251709,0.8616724610328674
YPR046W,YCR033W,0,-1.0937574,0.09644422680139542,0.9198606014251709,0.8617886304855347
YDR103W,YIL008W,1,-1.0938984,0.0965542420744896,0.9210220575332642,0.8617886304855347
YML102W,YNL130C,0,-1.0939077,0.09654248505830765,0.9210220575332642,0.8619047403335571
YHL020C,YDR412W,0,-1.0939294,0.0965307354927063,0.9210220575332642,0.8620209097862244
YBR034C,YNL056W,0,-1.0940609,0.09651898592710495,0.9210220575332642,0.8621370792388916
YBR244W,YGR140W,0,-1.0943092,0.0965072438120842,0.9210220575332642,0.8622531890869141
YJL074C,YOR046C,0,-1.0943211,0.09649549424648285,0.9210220575332642,0.8623693585395813
YDR197W,YHR166C,0,-1.0944245,0.0964837595820427,0.9210220575332642,0.8624854683876038
YLR052W,YNL279W,0,-1.0948279,0.09647201746702194,0.9210220575332642,0.862601637840271
YPL115C,YDL159W,1,-1.0950338,0.09658192098140717,0.9221835136413574,0.862601637840271
YER127W,YNL099C,0,-1.0950404,0.09657017886638641,0.9221835136413574,0.8627177476882935
YJL106W,YML009C,0,-1.0950629,0.09655843675136566,0.9221835136413574,0.8628339171409607
YDR528W,YIL099W,0,-1.0950763,0.09654669463634491,0.9221835136413574,0.8629500865936279
YPL132W,YIL026C,0,-1.0951011,0.09653495252132416,0.9221835136413574,0.8630661964416504
YMR048W,YDR216W,0,-1.0951073,0.096523217856884,0.9221835136413574,0.8631823658943176
YER093C,YPL076W,0,-1.0951933,0.09651148319244385,0.9221835136413574,0.8632984757423401
YMR088C,YHR129C,0,-1.0955753,0.09649975597858429,0.9221835136413574,0.8634146451950073
YLR192C,YDR291W,0,-1.0958836,0.09648802876472473,0.9221835136413574,0.8635307550430298
YKL069W,YML041C,0,-1.0959419,0.09647630900144577,0.9221835136413574,0.863646924495697
YPR192W,YKR009C,0,-1.0963562,0.09646458178758621,0.9221835136413574,0.8637630939483643
YKL004W,YLL036C,0,-1.0964915,0.09645286947488785,0.9221835136413574,0.8638792037963867
YJL099W,YGL063W,0,-1.0966035,0.09644114971160889,0.9221835136413574,0.863995373249054
YJR129C,YJL109C,0,-1.0967019,0.09642943739891052,0.9221835136413574,0.8641114830970764
YGR075C,YBR136W,0,-1.0967494,0.09641773253679276,0.9221835136413574,0.8642276525497437
YKR038C,YGL049C,0,-1.0968684,0.09640602022409439,0.9221835136413574,0.8643437623977661
YPL018W,YNL083W,0,-1.0969795,0.09639431536197662,0.9221835136413574,0.8644599318504333
YER140W,YMR128W,0,-1.0970116,0.09638261795043945,0.9221835136413574,0.8645761013031006
YPL092W,YGR165W,0,-1.0970856,0.09637092053890228,0.9221835136413574,0.864692211151123
YDR511W,YDR501W,0,-1.0971355,0.09635922312736511,0.9221835136413574,0.8648083806037903
YEL001C,YLR135W,0,-1.0971894,0.09634753316640854,0.9221835136413574,0.8649244904518127
YAR008W,YOL044W,0,-1.0973728,0.09633584320545197,0.9221835136413574,0.86504065990448
YDR143C,YIL052C,0,-1.0974218,0.09632415324449539,0.9221835136413574,0.8651567697525024
YDL031W,YOL091W,0,-1.0975481,0.09631247073411942,0.9221835136413574,0.8652729392051697
YDR139C,YNL148C,0,-1.0979023,0.09630078822374344,0.9221835136413574,0.8653891086578369
YJL162C,YLL036C,0,-1.0981486,0.09628911316394806,0.9221835136413574,0.8655052185058594
YPL203W,YIL008W,1,-1.0982608,0.09639868885278702,0.9233449697494507,0.8655052185058594
YMR024W,YLR205C,0,-1.0983704,0.09638700634241104,0.9233449697494507,0.8656213879585266
YDR522C,YBR058C,0,-1.0985664,0.09637531638145447,0.9233449697494507,0.8657374978065491
YGL095C,YLR070C,0,-1.0987656,0.09636363387107849,0.9233449697494507,0.8658536672592163
YER070W,YPL092W,0,-1.0987706,0.09635195881128311,0.9233449697494507,0.8659697771072388
YAR018C,YOL051W,0,-1.0987802,0.09634028375148773,0.9233449697494507,0.866085946559906
YOR201C,YBR065C,0,-1.0990093,0.09632860869169235,0.9233449697494507,0.8662021160125732
YJL184W,YJR007W,0,-1.0990396,0.09631693363189697,0.9233449697494507,0.8663182258605957
YIL010W,YPL209C,0,-1.0990736,0.09630526602268219,0.9233449697494507,0.8664343953132629
YPL128C,YJL025W,0,-1.0992138,0.096293605864048,0.9233449697494507,0.8665505051612854
YJL013C,YJL047C,0,-1.099219,0.09628194570541382,0.9233449697494507,0.8666666746139526
YDR501W,YFR032C-A,0,-1.0993341,0.09627028554677963,0.9233449697494507,0.8667827844619751
YJL073W,YGL168W,0,-1.0993898,0.09625862538814545,0.9233449697494507,0.8668989539146423
YOL117W,YBR018C,0,-1.0996484,0.09624697268009186,0.9233449697494507,0.8670151233673096
YPL160W,YLR357W,0,-1.0997559,0.09623531997203827,0.9233449697494507,0.867131233215332
YKR064W,YHR062C,0,-1.1002041,0.09622367471456528,0.9233449697494507,0.8672474026679993
YMR133W,YGL054C,0,-1.100351,0.09621202945709229,0.9233449697494507,0.8673635125160217
YPL193W,YOR344C,0,-1.1004604,0.0962003841996193,0.9233449697494507,0.867479681968689
YHR011W,YHR073W,1,-1.1005522,0.09630973637104034,0.9245063662528992,0.867479681968689
YLR362W,YHR073W,1,-1.100631,0.0964190661907196,0.9256678223609924,0.867479681968689
YOL031C,YKL188C,0,-1.1007048,0.09640740603208542,0.9256678223609924,0.8675957918167114
YKR053C,YLR233C,0,-1.1009393,0.09639574587345123,0.9256678223609924,0.8677119612693787
YGR280C,YNR056C,0,-1.100945,0.09638408571481705,0.9256678223609924,0.8678281307220459
YNR036C,YLR417W,0,-1.1011002,0.09637243300676346,0.9256678223609924,0.8679442405700684
YKR037C,YKR030W,0,-1.1011431,0.09636078029870987,0.9256678223609924,0.8680604100227356
YNL133C,YOR207C,0,-1.101358,0.09634912759065628,0.9256678223609924,0.8681765198707581
YOR211C,YDR536W,0,-1.1013855,0.09633748233318329,0.9256678223609924,0.8682926893234253
YHR136C,YOR018W,0,-1.1015218,0.0963258370757103,0.9256678223609924,0.8684087991714478
YPL053C,YBL093C,0,-1.101525,0.0963141992688179,0.9256678223609924,0.868524968624115
YNL021W,YNL250W,0,-1.1016062,0.0963025614619255,0.9256678223609924,0.8686411380767822
YLR081W,YJL072C,0,-1.1018864,0.09629092365503311,0.9256678223609924,0.8687572479248047
YDR243C,YNL113W,0,-1.1022077,0.09627929329872131,0.9256678223609924,0.8688734173774719
YJL186W,YIL131C,0,-1.1023774,0.09626766294240952,0.9256678223609924,0.8689895272254944
YCR071C,YJL092W,0,-1.1024929,0.09625604003667831,0.9256678223609924,0.8691056966781616
YDR320C,YJL167W,0,-1.1025378,0.09624441713094711,0.9256678223609924,0.8692218065261841
YNL111C,YHR152W,0,-1.1027228,0.09623279422521591,0.9256678223609924,0.8693379759788513
YPR166C,YDR111C,0,-1.1030947,0.09622117877006531,0.9256678223609924,0.8694541454315186
YLR362W,YGL121C,1,-1.1032102,0.09633027762174606,0.9268292784690857,0.8694541454315186
YBL023C,YEL021W,0,-1.1032296,0.09631864726543427,0.9268292784690857,0.869570255279541
YDR379W,YAL056W,1,-1.103274,0.09642770886421204,0.927990734577179,0.869570255279541
YBR088C,YER093C,0,-1.1034801,0.09641607105731964,0.927990734577179,0.8696864247322083
YOR035C,YDR001C,0,-1.1035023,0.09640444070100784,0.927990734577179,0.8698025345802307
YDR446W,YPL144W,0,-1.1035141,0.09639281034469604,0.927990734577179,0.869918704032898
YGR074W,YMR001C,0,-1.1036862,0.09638117998838425,0.927990734577179,0.8700348138809204
YGL121C,YJL089W,1,-1.1039281,0.09649016708135605,0.9291521310806274,0.8700348138809204
YOL152W,YMR058W,0,-1.1039686,0.09647853672504425,0.9291521310806274,0.8701509833335876
YKL033W,YCR081W,0,-1.1040429,0.09646689891815186,0.9291521310806274,0.8702671527862549
YJL129C,YGL207W,0,-1.1042455,0.09645526856184006,0.9291521310806274,0.8703832626342773
YMR116C,YDR477W,1,-1.1043366,0.09656419605016708,0.9303135871887207,0.8703832626342773
YNL152W,YPL117C,0,-1.1044267,0.09655255824327469,0.9303135871887207,0.8704994320869446
YBL045C,YIL011W,0,-1.1048375,0.0965409204363823,0.9303135871887207,0.870615541934967
YLR188W,YGL167C,0,-1.1048839,0.0965292826294899,0.9303135871887207,0.8707317113876343
YJL212C,YNR039C,0,-1.1049027,0.0965176522731781,0.9303135871887207,0.8708478808403015
YNL209W,YHL026C,0,-1.1049795,0.0965060219168663,0.9303135871887207,0.870963990688324
YCL029C,YJR007W,0,-1.1055967,0.0964943990111351,0.9303135871887207,0.8710801601409912
YDL236W,YBL005W,0,-1.1059021,0.0964827761054039,0.9303135871887207,0.8711962699890137
YDR237W,YOR171C,0,-1.1060243,0.0964711531996727,0.9303135871887207,0.8713124394416809
YDR201W,YJL177W,0,-1.106222,0.0964595377445221,0.9303135871887207,0.8714285492897034
YKR097W,YBR302C,0,-1.1063793,0.09644792228937149,0.9303135871887207,0.8715447187423706
YLR052W,YER029C,0,-1.1065007,0.09643631428480148,0.9303135871887207,0.8716608881950378
YDL126C,YBR168W,0,-1.1065176,0.09642469882965088,0.9303135871887207,0.8717769980430603
YNL272C,YMR071C,0,-1.1067232,0.09641309827566147,0.9303135871887207,0.8718931674957275
YDR004W,YJR137C,0,-1.1071274,0.09640149027109146,0.9303135871887207,0.87200927734375
YNL247W,YOR171C,0,-1.1071872,0.09638988971710205,0.9303135871887207,0.8721254467964172
YNL051W,YMR040W,0,-1.107226,0.09637829661369324,0.9303135871887207,0.8722415566444397
YML021C,YJL177W,0,-1.1073091,0.09636669605970383,0.9303135871887207,0.8723577260971069
YPL214C,YLR378C,0,-1.1078714,0.09635510295629501,0.9303135871887207,0.8724738955497742
YLR277C,YNL129W,0,-1.1079091,0.0963435173034668,0.9303135871887207,0.8725900053977966
YCR096C,YJR001W,0,-1.1079181,0.09633193165063858,0.9303135871887207,0.8727061748504639
YPR067W,YPL187W,0,-1.1081402,0.09632034599781036,0.9303135871887207,0.8728222846984863
YMR036C,YKR087C,0,-1.1082089,0.09630876779556274,0.9303135871887207,0.8729384541511536
YBR069C,YML114C,0,-1.1082841,0.09629718959331512,0.9303135871887207,0.873054563999176
YGL134W,YKL086W,0,-1.1085455,0.0962856113910675,0.9303135871887207,0.8731707334518433
YGR074W,YDR017C,0,-1.108791,0.09627404063940048,0.9303135871887207,0.8732869029045105
YMR198W,YNL233W,0,-1.1088434,0.09626246988773346,0.9303135871887207,0.873403012752533
YIL013C,YER007W,0,-1.1089472,0.09625089913606644,0.9303135871887207,0.8735191822052002
YKL010C,YIR026C,0,-1.108999,0.09623933583498001,0.9303135871887207,0.8736352920532227
YMR306W,YFR003C,0,-1.1092063,0.09622777253389359,0.9303135871887207,0.8737514615058899
YER109C,YJL089W,1,-1.1092879,0.09633633494377136,0.931475043296814,0.8737514615058899
YNL210W,YCL051W,0,-1.1093048,0.09632476419210434,0.931475043296814,0.8738675713539124
YBR089C-A,YDR057W,0,-1.1093884,0.09631320089101791,0.931475043296814,0.8739837408065796
YOR293W,YCL027W,0,-1.109406,0.09630163013935089,0.931475043296814,0.8740999102592468
YCR020W-B,YOL077C,0,-1.1095626,0.09629007428884506,0.931475043296814,0.8742160201072693
YOL065C,YPR186C,0,-1.1098642,0.09627851098775864,0.931475043296814,0.8743321895599365
YDR117C,YDR302W,0,-1.1099784,0.09626695513725281,0.931475043296814,0.874448299407959
YGL253W,YOR066W,0,-1.1104392,0.09625539928674698,0.931475043296814,0.8745644688606262
YNL317W,YOL088C,0,-1.1105932,0.09624385088682175,0.931475043296814,0.8746805787086487
YDL106C,YML095C,0,-1.1106417,0.09623230248689651,0.931475043296814,0.8747967481613159
YBR152W,YGL145W,0,-1.1107483,0.09622075408697128,0.931475043296814,0.8749129176139832
YBR213W,YOR360C,0,-1.1107901,0.09620921313762665,0.931475043296814,0.8750290274620056
YOL127W,YEL016C,0,-1.111206,0.09619767218828201,0.931475043296814,0.8751451969146729
YDR052C,YER044C-A,0,-1.1115233,0.09618613868951797,0.931475043296814,0.8752613067626953
YEL018W,YDR302W,0,-1.1116012,0.09617459774017334,0.931475043296814,0.8753774762153625
YHR072W,YLR384C,0,-1.1116526,0.0961630716919899,0.931475043296814,0.875493586063385
YKR064W,YML010W,0,-1.1120626,0.09615153819322586,0.931475043296814,0.8756097555160522
YDR004W,YDR165W,0,-1.1121694,0.09614001214504242,0.931475043296814,0.8757259249687195
YIL085C,YGR280C,0,-1.1122729,0.09612849354743958,0.931475043296814,0.8758420348167419
YKR093W,YLR035C,0,-1.1126525,0.09611696749925613,0.931475043296814,0.8759582042694092
YLR052W,YPR056W,0,-1.1128408,0.09610544890165329,0.931475043296814,0.8760743141174316
YGL238W,YKL181W,0,-1.1129054,0.09609393775463104,0.931475043296814,0.8761904835700989
YDL175C,YMR305C,0,-1.1129284,0.0960824266076088,0.931475043296814,0.8763065934181213
YIL039W,YMR268C,0,-1.1130672,0.09607091546058655,0.931475043296814,0.8764227628707886
YDR437W,YKR062W,0,-1.1133016,0.0960594117641449,0.931475043296814,0.8765389323234558
YDL209C,YLR007W,0,-1.1133455,0.09604790061712265,0.931475043296814,0.8766550421714783
YBR079C,YLR413W,0,-1.1134219,0.0960364043712616,0.931475043296814,0.8767712116241455
YDR080W,YLR247C,0,-1.1135303,0.09602490067481995,0.931475043296814,0.876887321472168
YPL115C,YDR480W,1,-1.1135437,0.09613312780857086,0.9326364398002625,0.876887321472168
YNR048W,YOL034W,0,-1.1137061,0.09612161666154861,0.9326364398002625,0.8770034909248352
YKL154W,YMR268C,0,-1.1137793,0.09611011296510696,0.9326364398002625,0.8771196007728577
YDR143C,YKL056C,0,-1.1139104,0.09609860926866531,0.9326364398002625,0.8772357702255249
YJL156C,YLR226W,0,-1.1139253,0.09608711302280426,0.9326364398002625,0.8773519396781921
YGR014W,YNL154C,0,-1.1141882,0.0960756167769432,0.9326364398002625,0.8774680495262146
YJR117W,YER170W,0,-1.1143017,0.09606412053108215,0.9326364398002625,0.8775842189788818
YDR298C,YER044C,0,-1.1147566,0.0960526317358017,0.9326364398002625,0.8777003288269043
YOR080W,YIR019C,1,-1.1148427,0.09616074711084366,0.9337978959083557,0.8777003288269043
YJL158C,YJR094W-A,0,-1.1151413,0.09614924341440201,0.9337978959083557,0.8778164982795715
YNL064C,YGL070C,0,-1.1151541,0.09613774716854095,0.9337978959083557,0.877932608127594
YOR319W,YDR446W,0,-1.1151562,0.0961262583732605,0.9337978959083557,0.8780487775802612
YPL032C,YBR152W,0,-1.1152091,0.09611476212739944,0.9337978959083557,0.8781649470329285
YHR037W,YNL167C,0,-1.1152197,0.09610327333211899,0.9337978959083557,0.8782810568809509
YGL043W,YDR176W,0,-1.1156051,0.09609179198741913,0.9337978959083557,0.8783972263336182
YIR034C,YLR078C,0,-1.1158587,0.09608030319213867,0.9337978959083557,0.8785133361816406
YJR089W,YNL206C,0,-1.1161542,0.09606882184743881,0.9337978959083557,0.8786295056343079
YPL145C,YJL074C,0,-1.1161582,0.09605734795331955,0.9337978959083557,0.8787456154823303
YDL229W,YMR233W,0,-1.116261,0.09604587405920029,0.9337978959083557,0.8788617849349976
YDL033C,YNR016C,0,-1.1165308,0.09603440016508102,0.9337978959083557,0.8789779543876648
YPR192W,YDR276C,0,-1.1167707,0.09602293372154236,0.9337978959083557,0.8790940642356873
YMR306W,YER172C,0,-1.1169097,0.09601146727800369,0.9337978959083557,0.8792102336883545
YGR208W,YJL203W,0,-1.1169721,0.09600000083446503,0.9337978959083557,0.879326343536377
YGL213C,YGR162W,0,-1.1170667,0.09598854184150696,0.9337978959083557,0.8794425129890442
YNL279W,YMR042W,0,-1.1171812,0.09597708284854889,0.9337978959083557,0.8795586824417114
YAL041W,YDL159W,1,-1.1174645,0.09608498215675354,0.934959352016449,0.8795586824417114
YDL210W,YHR076W,0,-1.1176506,0.09607351571321487,0.934959352016449,0.8796747922897339
YHR065C,YDR206W,0,-1.1179693,0.09606204926967621,0.934959352016449,0.8797909617424011
YML113W,YHR167W,0,-1.118015,0.09605059027671814,0.934959352016449,0.8799070715904236
YIL098C,YLR313C,0,-1.1181266,0.09603913128376007,0.934959352016449,0.8800232410430908
YHR105W,YMR171C,0,-1.1183124,0.096027672290802,0.934959352016449,0.8801393508911133
YDR379W,YOL116W,1,-1.1185656,0.09613549709320068,0.9361208081245422,0.8801393508911133
YGR241C,YGL240W,0,-1.1188141,0.09612403064966202,0.9361208081245422,0.8802555203437805
YBR279W,YOL042W,0,-1.1190219,0.09611257165670395,0.9361208081245422,0.8803716897964478
YKL065C,YIL171W,0,-1.1191355,0.09610110521316528,0.9361208081245422,0.8804877996444702
YLR038C,YKL164C,0,-1.1191868,0.09608965367078781,0.9361208081245422,0.8806039690971375
YDR522C,YOL137W,0,-1.1193659,0.09607819467782974,0.9361208081245422,0.8807200789451599
YJR049C,YDR180W,0,-1.1194023,0.09606674313545227,0.9361208081245422,0.8808362483978271
YNL197C,YDL159W,1,-1.119417,0.09617447108030319,0.9372822046279907,0.8808362483978271
YNR056C,YCR054C,0,-1.1194578,0.09616301208734512,0.9372822046279907,0.8809523582458496
YMR036C,YHL006C,0,-1.1195767,0.09615155309438705,0.9372822046279907,0.8810685276985168
YDR437W,YMR215W,0,-1.1197531,0.09614010155200958,0.9372822046279907,0.8811846971511841
YFR028C,YDR358W,0,-1.1199294,0.09612865000963211,0.9372822046279907,0.8813008069992065
YGR029W,YNL076W,0,-1.120083,0.09611719846725464,0.9372822046279907,0.8814169764518738
YIL033C,YKL062W,0,-1.1200867,0.09610575437545776,0.9372822046279907,0.8815330862998962
YJR043C,YDR439W,0,-1.1205069,0.09609431028366089,0.9372822046279907,0.8816492557525635
YDR060W,YOR129C,0,-1.121003,0.09608286619186401,0.9372822046279907,0.8817653656005859
YHR187W,YGR054W,0,-1.1210556,0.09607142955064774,0.9372822046279907,0.8818815350532532
YCL026C-A,YML063W,0,-1.1212934,0.09605999290943146,0.9372822046279907,0.8819977045059204
YOL065C,YML009C,0,-1.1213033,0.09604855626821518,0.9372822046279907,0.8821138143539429
YDL102W,YDR314C,0,-1.1213531,0.0960371270775795,0.9372822046279907,0.8822299838066101
YMR282C,YJR121W,0,-1.1214132,0.09602570533752441,0.9372822046279907,0.8823460936546326
YJR033C,YER030W,0,-1.1215844,0.09601427614688873,0.9372822046279907,0.8824622631072998
YBL021C,YBR216C,0,-1.1219059,0.09600285440683365,0.9372822046279907,0.8825783729553223
YPL258C,YDR501W,0,-1.121913,0.09599143266677856,0.9372822046279907,0.8826945424079895
YPL217C,YLR377C,0,-1.1219298,0.09598001837730408,0.9372822046279907,0.8828107118606567
YIL138C,YBR130C,0,-1.1220571,0.09596860408782959,0.9372822046279907,0.8829268217086792
YDR071C,YLR418C,0,-1.1221966,0.0959571972489357,0.9372822046279907,0.8830429911613464
YER170W,YMR058W,0,-1.1222068,0.09594578295946121,0.9372822046279907,0.8831591010093689
YIL119C,YJR118C,0,-1.1225809,0.09593437612056732,0.9372822046279907,0.8832752704620361
YIL009C-A,YDR456W,0,-1.1227423,0.09592297673225403,0.9372822046279907,0.8833913803100586
YPL115C,YHL007C,1,-1.1230737,0.09603042900562286,0.938443660736084,0.8833913803100586
YOR358W,YLR360W,0,-1.1231558,0.09601901471614838,0.938443660736084,0.8835075497627258
YHL040C,YMR251W-A,0,-1.1233352,0.09600760787725449,0.938443660736084,0.8836237192153931
YDL003W,YJL138C,0,-1.1235442,0.0959962010383606,0.938443660736084,0.8837398290634155
YLR190W,YBR110W,0,-1.1238012,0.0959847941994667,0.938443660736084,0.8838559985160828
YBR073W,YMR106C,0,-1.1238226,0.09597339481115341,0.938443660736084,0.8839721083641052
YDR342C,YJR104C,0,-1.1238583,0.09596199542284012,0.938443660736084,0.8840882778167725
YLR084C,YKL196C,0,-1.1243562,0.09595059603452682,0.938443660736084,0.8842043876647949
YER095W,YDL100C,0,-1.1244876,0.09593920409679413,0.938443660736084,0.8843205571174622
YBR038W,YPR106W,0,-1.1250483,0.09592781960964203,0.938443660736084,0.8844367265701294
YGL224C,YPL017C,0,-1.125075,0.09591642767190933,0.938443660736084,0.8845528364181519
YOR116C,YLR089C,0,-1.1251479,0.09590504318475723,0.938443660736084,0.8846690058708191
YNL149C,YDR400W,0,-1.1253586,0.09589366614818573,0.938443660736084,0.8847851157188416
YIL126W,YKL029C,0,-1.1255983,0.09588228166103363,0.938443660736084,0.8849012851715088
YPL270W,YDR123C,0,-1.1256567,0.09587090462446213,0.938443660736084,0.8850173950195312
YDL101C,YPL164C,0,-1.12576,0.09585953503847122,0.938443660736084,0.8851335644721985
YMR076C,YLR459W,0,-1.1257937,0.09584815800189972,0.938443660736084,0.8852497339248657
YGL206C,YDL019C,0,-1.1259028,0.09583679586648941,0.938443660736084,0.8853658437728882
YNL265C,YMR081C,0,-1.1259602,0.0958254262804985,0.938443660736084,0.8854820132255554
YDR143C,YDR482C,0,-1.1260085,0.0958140641450882,0.938443660736084,0.8855981230735779
YBR038W,YFL011W,0,-1.1267929,0.09580270200967789,0.938443660736084,0.8857142925262451
YKL096W,YMR040W,0,-1.127525,0.09579134732484818,0.938443660736084,0.8858304023742676
YPR122W,YDR439W,0,-1.1275376,0.09577999264001846,0.938443660736084,0.8859465718269348
YDR235W,YEL019C,0,-1.1276892,0.09576863795518875,0.938443660736084,0.886062741279602
YGR055W,YDL122W,0,-1.1278968,0.09575729072093964,0.938443660736084,0.8861788511276245
YPL010W,YNL217W,0,-1.1279677,0.09574594348669052,0.938443660736084,0.8862950205802917
YHR117W,YDL042C,0,-1.1280096,0.0957345962524414,0.938443660736084,0.8864111304283142
YIL008W,YBR083W,1,-1.1280563,0.09584172815084457,0.9396051168441772,0.8864111304283142
YHR172W,YPR054W,0,-1.1281294,0.09583037346601486,0.9396051168441772,0.8865272998809814
YFL016C,YBR241C,0,-1.1286793,0.09581901878118515,0.9396051168441772,0.8866434097290039
YHR013C,YKL197C,0,-1.1287745,0.09580767154693604,0.9396051168441772,0.8867595791816711
YGR163W,YCR067C,0,-1.128819,0.09579633176326752,0.9396051168441772,0.8868757486343384
YOL008W,YNL321W,0,-1.1289566,0.0957849845290184,0.9396051168441772,0.8869918584823608
YDR291W,YIR010W,0,-1.1293206,0.09577364474534988,0.9396051168441772,0.8871080279350281
YGR068C,YLR320W,0,-1.1293718,0.09576231241226196,0.9396051168441772,0.8872241377830505
YGL090W,YML092C,0,-1.1294992,0.09575098007917404,0.9396051168441772,0.8873403072357178
YJR052W,YKR037C,0,-1.1295583,0.09573964774608612,0.9396051168441772,0.8874564170837402
YBR149W,YMR293C,0,-1.1297528,0.0957283154129982,0.9396051168441772,0.8875725865364075
YGR193C,YDR110W,0,-1.129804,0.09571699053049088,0.9396051168441772,0.8876887559890747
YJR096W,YPL224C,0,-1.1298444,0.09570566564798355,0.9396051168441772,0.8878048658370972
YGL049C,YBL027W,0,-1.1298468,0.09569434821605682,0.9396051168441772,0.8879210352897644
YPL060W,YGL063W,0,-1.1299601,0.0956830307841301,0.9396051168441772,0.8880371451377869
YGL208W,YGL121C,1,-1.1300759,0.09578996896743774,0.9407665729522705,0.8880371451377869
YLL050C,YDR481C,0,-1.1302093,0.09577864408493042,0.9407665729522705,0.8881533145904541
YJL010C,YOR172W,0,-1.1302177,0.0957673192024231,0.9407665729522705,0.8882694244384766
YLR433C,YHR185C,0,-1.1303296,0.09575600177049637,0.9407665729522705,0.8883855938911438
YDR014W,YHR118C,0,-1.1305479,0.09574468433856964,0.9407665729522705,0.888501763343811
YHR187W,YPR104C,0,-1.1308364,0.09573336690664291,0.9407665729522705,0.8886178731918335
YCR005C,YLR466W,0,-1.1308572,0.09572204947471619,0.9407665729522705,0.8887340426445007
YKL006W,YBL005W,0,-1.1309639,0.09571073949337006,0.9407665729522705,0.8888501524925232
YPL038W,YEL051W,0,-1.1310152,0.09569942951202393,0.9407665729522705,0.8889663219451904
YKL028W,YDR363W,0,-1.1313666,0.09568812698125839,0.9407665729522705,0.8890824913978577
YGL043W,YGR057C,0,-1.1316551,0.09567682445049286,0.9407665729522705,0.8891986012458801
YKL129C,YPR183W,0,-1.1316668,0.09566552191972733,0.9407665729522705,0.8893147706985474
YJL098W,YBR049C,0,-1.1316968,0.09565422683954239,0.9407665729522705,0.8894308805465698
YBR024W,YGL018C,0,-1.131764,0.09564293175935745,0.9407665729522705,0.8895470499992371
YNL123W,YLR207W,0,-1.1321315,0.09563164412975311,0.9407665729522705,0.8896631598472595
YDL018C,YPR046W,0,-1.1321996,0.09562034904956818,0.9407665729522705,0.8897793292999268
YIL109C,YJL065C,0,-1.13243,0.09560906887054443,0.9407665729522705,0.889895498752594
YEL003W,YCR043C,0,-1.1325947,0.0955977812409401,0.9407665729522705,0.8900116086006165
YMR323W,YJL136C,0,-1.1329037,0.09558650106191635,0.9407665729522705,0.8901277780532837
YPL115C,YER109C,1,-1.1329134,0.09569321572780609,0.941927969455719,0.8901277780532837
YLR306W,YAR008W,0,-1.1332632,0.09568192809820175,0.941927969455719,0.8902438879013062
YLR319C,YNL321W,0,-1.1333092,0.09567064046859741,0.941927969455719,0.8903600573539734
YNL048W,YER019W,0,-1.133506,0.09565935283899307,0.941927969455719,0.8904761672019958
YBR199W,YGL179C,0,-1.1336912,0.09564807265996933,0.941927969455719,0.8905923366546631
YJL047C,YJR135C,0,-1.133748,0.09563679248094559,0.941927969455719,0.8907085061073303
YKR053C,YCR004C,0,-1.1339052,0.09562551230192184,0.941927969455719,0.8908246159553528
YAL041W,YHL007C,1,-1.1339518,0.09573213756084442,0.9430894255638123,0.8908246159553528
YDR088C,YNL318C,0,-1.1340472,0.09572084993124008,0.9430894255638123,0.89094078540802
YBR038W,YPR103W,0,-1.1343529,0.09570956975221634,0.9430894255638123,0.8910568952560425
YBR130C,YBL091C,0,-1.1349424,0.0956982895731926,0.9430894255638123,0.8911730647087097
YBL082C,YLL052C,0,-1.1350839,0.09568701684474945,0.9430894255638123,0.8912891745567322
YER056C,YNL268W,0,-1.1352123,0.09567573666572571,0.9430894255638123,0.8914053440093994
YDR168W,YKL208W,0,-1.1354921,0.09566446393728256,0.9430894255638123,0.8915215134620667
YNL188W,YER003C,0,-1.1354988,0.09565319865942001,0.9430894255638123,0.8916376233100891
YMR161W,YPL126W,0,-1.1355333,0.09564193338155746,0.9430894255638123,0.8917537927627563
YNL169C,YDL138W,0,-1.1357898,0.09563066810369492,0.9430894255638123,0.8918699026107788
YPL057C,YDR446W,0,-1.1361314,0.09561940282583237,0.9430894255638123,0.891986072063446
YOL089C,YER007W,0,-1.1361796,0.09560814499855042,0.9430894255638123,0.8921021819114685
YBR133C,YLR117C,0,-1.1362361,0.09559689462184906,0.9430894255638123,0.8922183513641357
YIL118W,YLR048W,0,-1.1363646,0.09558563679456711,0.9430894255638123,0.892334520816803
YOR265W,YLR128W,0,-1.1363754,0.09557438641786575,0.9430894255638123,0.8924506306648254
YIL147C,YJL190C,0,-1.1367838,0.095563143491745,0.9430894255638123,0.8925668001174927
YLR419W,YJL050W,0,-1.1369326,0.09555189311504364,0.9430894255638123,0.8926829099655151
YGR172C,YOL144W,0,-1.136954,0.09554065018892288,0.9430894255638123,0.8927990794181824
YLR336C,YOR193W,0,-1.1369909,0.09552941471338272,0.9430894255638123,0.8929151892662048
YBR069C,YGL187C,0,-1.1371669,0.09551817178726196,0.9430894255638123,0.8930313587188721
YKR064W,YDR407C,0,-1.137354,0.0955069363117218,0.9430894255638123,0.8931475281715393
YNL279W,YLR449W,0,-1.1376473,0.09549570828676224,0.9430894255638123,0.8932636380195618
YHR149C,YBR295W,0,-1.1376983,0.09548448026180267,0.9430894255638123,0.893379807472229
YPR103W,YLR178C,0,-1.1378332,0.09547325223684311,0.9430894255638123,0.8934959173202515
YDR279W,YKL116C,0,-1.1379801,0.09546202421188354,0.9430894255638123,0.8936120867729187
YDL210W,YGR192C,0,-1.1384385,0.09545080363750458,0.9430894255638123,0.8937281966209412
YNL015W,YDR058C,0,-1.1390684,0.09543958306312561,0.9430894255638123,0.8938443660736084
YOL058W,YPL020C,0,-1.1393021,0.09542836993932724,0.9430894255638123,0.8939605355262756
YOL122C,YOL110W,0,-1.1394734,0.09541715681552887,0.9430894255638123,0.8940766453742981
YMR167W,YER032W,0,-1.1395028,0.0954059436917305,0.9430894255638123,0.8941928148269653
YGR083C,YER065C,0,-1.1395552,0.09539473801851273,0.9430894255638123,0.8943089246749878
YKR097W,YCL026C-A,0,-1.1396106,0.09538353234529495,0.9430894255638123,0.894425094127655
YNL216W,YCR086W,0,-1.13981,0.09537232667207718,0.9430894255638123,0.8945412039756775
YJL092W,YER122C,0,-1.1398115,0.09536112844944,0.9430894255638123,0.8946573734283447
YIL120W,YDR014W,0,-1.1398294,0.09534993022680283,0.9430894255638123,0.894773542881012
YCR091W,YLR075W,0,-1.1398653,0.09533873200416565,0.9430894255638123,0.8948896527290344
YPL049C,YLR083C,1,-1.1400703,0.0954449400305748,0.9442508816719055,0.8948896527290344
YER075C,YNR012W,0,-1.1401135,0.09543373435735703,0.9442508816719055,0.8950058221817017
YOR278W,YMR233W,0,-1.1402141,0.09542253613471985,0.9442508816719055,0.8951219320297241
YOR095C,YGR152C,0,-1.14042,0.09541133791208267,0.9442508816719055,0.8952381014823914
YJR110W,YGL229C,0,-1.1410457,0.0954001396894455,0.9442508816719055,0.8953542113304138
YCR005C,YDL052C,0,-1.1411171,0.09538894891738892,0.9442508816719055,0.895470380783081
YMR233W,YMR207C,0,-1.1411434,0.09537775814533234,0.9442508816719055,0.8955865502357483
YLR360W,YDR073W,0,-1.1412379,0.09536656737327576,0.9442508816719055,0.8957026600837708
YER033C,YOR122C,0,-1.1413188,0.09535538405179977,0.9442508816719055,0.895818829536438
YGL089C,YJL080C,0,-1.1416475,0.09534420073032379,0.9442508816719055,0.8959349393844604
YHL033C,YCL063W,0,-1.1418263,0.09533301740884781,0.9442508816719055,0.8960511088371277
YPL030W,YOL021C,0,-1.1425437,0.09532184153795242,0.9442508816719055,0.8961672186851501
YLR293C,YNL154C,0,-1.1434897,0.09531066566705704,0.9442508816719055,0.8962833881378174
YML043C,YJL197W,0,-1.1435665,0.09529949724674225,0.9442508816719055,0.8963995575904846
YEL006W,YHR124W,0,-1.1437365,0.09528832882642746,0.9442508816719055,0.8965156674385071
YGR241C,YLR393W,0,-1.1440765,0.09527716040611267,0.9442508816719055,0.8966318368911743
YBR186W,YOR358W,0,-1.1440926,0.09526599198579788,0.9442508816719055,0.8967479467391968
YFR049W,YNL137C,0,-1.1442102,0.09525483101606369,0.9442508816719055,0.896864116191864
YOR375C,YBR176W,0,-1.1442211,0.0952436774969101,0.9442508816719055,0.8969802260398865
YBL102W,YJR010C-A,0,-1.1446495,0.0952325165271759,0.9442508816719055,0.8970963954925537
YBR166C,YML021C,0,-1.1446605,0.09522136300802231,0.9442508816719055,0.897212564945221
YDL181W,YER119C,0,-1.1447223,0.09521020948886871,0.9442508816719055,0.8973286747932434
YGL055W,YEL064C,0,-1.1447433,0.09519906342029572,0.9442508816719055,0.8974448442459106
YKR077W,YLR221C,0,-1.145084,0.09518791735172272,0.9442508816719055,0.8975609540939331
YKL065C,YFL005W,0,-1.1453358,0.09517677128314972,0.9442508816719055,0.8976771235466003
YJL054W,YAL015C,0,-1.1453478,0.09516563266515732,0.9442508816719055,0.8977932929992676
YOR334W,YGR059W,0,-1.1455399,0.09515449404716492,0.9442508816719055,0.89790940284729
YIL008W,YIR019C,1,-1.1456591,0.095260389149189,0.9454123377799988,0.89790940284729
YML116W,YDR471W,0,-1.1458313,0.095249243080616,0.9454123377799988,0.8980255722999573
YNL233W,YDL044C,0,-1.1458683,0.095238097012043,0.9454123377799988,0.8981416821479797
YGR125W,YHR027C,0,-1.1458894,0.09522695094347,0.9454123377799988,0.898257851600647
YHL009C,YEL021W,0,-1.145946,0.0952158123254776,0.9454123377799988,0.8983739614486694
YHR176W,YLR117C,0,-1.1463135,0.0952046811580658,0.9454123377799988,0.8984901309013367
YPL194W,YJL153C,0,-1.1463343,0.0951935425400734,0.9454123377799988,0.8986063003540039
YMR135C,YDR358W,0,-1.1467152,0.09518241137266159,0.9454123377799988,0.8987224102020264
YPL058C,YFL034C-A,0,-1.1469545,0.09517128765583038,0.9454123377799988,0.8988385796546936
YMR163C,YGR057C,0,-1.147144,0.09516015648841858,0.9454123377799988,0.8989546895027161
YNL067W,YOR068C,0,-1.1473421,0.09514903277158737,0.9454123377799988,0.8990708589553833
YGL226W,YCR054C,0,-1.1474028,0.09513791650533676,0.9454123377799988,0.8991869688034058
YMR199W,YMR043W,0,-1.147496,0.09512680023908615,0.9454123377799988,0.899303138256073
YIL008W,YOL116W,1,-1.1476294,0.0952325314283371,0.9465737342834473,0.899303138256073
YGR028W,YPL004C,0,-1.147806,0.09522140771150589,0.9465737342834473,0.8994193077087402
YNL292W,YBR248C,0,-1.1483114,0.09521028399467468,0.9465737342834473,0.8995354175567627
YNL083W,YKL002W,0,-1.1483841,0.09519916027784348,0.9465737342834473,0.8996515870094299
YPL203W,YGL208W,1,-1.1484329,0.09530483186244965,0.9477351903915405,0.8996515870094299
YPL116W,YDR288W,0,-1.1485052,0.09529370814561844,0.9477351903915405,0.8997676968574524
YLR066W,YGL001C,0,-1.148557,0.09528257697820663,0.9477351903915405,0.8998838663101196
YCL069W,YPL153C,0,-1.1486783,0.09527145326137543,0.9477351903915405,0.8999999761581421
YBL064C,YDR055W,0,-1.1486953,0.09526032954454422,0.9477351903915405,0.9001161456108093
YGL067W,YNR059W,0,-1.1489916,0.09524921327829361,0.9477351903915405,0.9002323150634766
YLR100W,YKL197C,0,-1.1490415,0.095238097012043,0.9477351903915405,0.900348424911499
YJL062W,YPR133C,0,-1.1494647,0.09522698074579239,0.9477351903915405,0.9004645943641663
YJL189W,YGL201C,0,-1.1498209,0.09521587193012238,0.9477351903915405,0.9005807042121887
YLR102C,YNR016C,0,-1.1501458,0.09520476311445236,0.9477351903915405,0.900696873664856
YGL009C,YGR083C,0,-1.1503239,0.09519365429878235,0.9477351903915405,0.9008129835128784
YLR385C,YMR080C,0,-1.1509013,0.09518255293369293,0.9477351903915405,0.9009291529655457
YML063W,YLL021W,0,-1.1509367,0.09517145156860352,0.9477351903915405,0.9010453224182129
YKL055C,YER015W,0,-1.1510606,0.0951603502035141,0.9477351903915405,0.9011614322662354
YPR061C,YNL185C,0,-1.1513721,0.09514925628900528,0.9477351903915405,0.9012776017189026
YHR124W,YLR304C,0,-1.1515242,0.09513816237449646,0.9477351903915405,0.901393711566925
YCR088W,YER065C,0,-1.15207,0.09512706845998764,0.9477351903915405,0.9015098810195923
YMR201C,YMR290C,0,-1.1521446,0.09511598199605942,0.9477351903915405,0.9016259908676147
YGL144C,YOR258W,0,-1.1522311,0.0951048955321312,0.9477351903915405,0.901742160320282
YML043C,YKR094C,0,-1.1523308,0.09509380906820297,0.9477351903915405,0.9018583297729492
YPL045W,YNL248C,0,-1.15238,0.09508273005485535,0.9477351903915405,0.9019744396209717
YOL127W,YLR116W,0,-1.15254,0.09507165104150772,0.9477351903915405,0.9020906090736389
YLR190W,YDR515W,0,-1.1525853,0.09506057947874069,0.9477351903915405,0.9022067189216614
YNL210W,YMR098C,0,-1.1528676,0.09504950791597366,0.9477351903915405,0.9023228883743286
YDL130W,YDL042C,0,-1.1531376,0.09503843635320663,0.9477351903915405,0.9024389982223511
YGL245W,YDR198C,0,-1.1534034,0.0950273647904396,0.9477351903915405,0.9025551676750183
YHR011W,YDL159W,1,-1.1535665,0.0951327458024025,0.9488966464996338,0.9025551676750183
YNL113W,YPL169C,0,-1.1536536,0.09512166678905487,0.9488966464996338,0.9026713371276855
YGR090W,YOL005C,0,-1.1541673,0.09511059522628784,0.9488966464996338,0.902787446975708
YLR014C,YDR069C,0,-1.154438,0.09509952366352081,0.9488966464996338,0.9029036164283752
YBR021W,YMR242C,0,-1.1545504,0.09508845210075378,0.9488966464996338,0.9030197262763977
YKL087C,YKR061W,0,-1.1548045,0.09507738798856735,0.9488966464996338,0.9031358957290649
YMR268C,YOR003W,0,-1.1548988,0.09506632387638092,0.9488966464996338,0.9032520055770874
YAL034W-A,YER144C,0,-1.1549653,0.09505526721477509,0.9488966464996338,0.9033681750297546
YHR190W,YDR148C,0,-1.1555368,0.09504420310258865,0.9488966464996338,0.9034843444824219
YLR210W,YHR196W,0,-1.1556189,0.09503315389156342,0.9488966464996338,0.9036004543304443
YDR206W,YLR014C,0,-1.1556705,0.09502209722995758,0.9488966464996338,0.9037166237831116
YGR161C,YGR215W,0,-1.1557583,0.09501104801893234,0.9488966464996338,0.903832733631134
YMR012W,YDR194C,0,-1.1559483,0.0949999988079071,0.9488966464996338,0.9039489030838013
YMR306W,YKR003W,0,-1.1562326,0.09498895704746246,0.9488966464996338,0.9040650129318237
YMR235C,YOL060C,0,-1.1563054,0.09497791528701782,0.9488966464996338,0.904181182384491
YNL279W,YBL027W,0,-1.1563329,0.09496687352657318,0.9488966464996338,0.9042973518371582
YJL186W,YPR010C,0,-1.1563456,0.09495583176612854,0.9488966464996338,0.9044134616851807
YDL003W,YML114C,0,-1.1564199,0.0949447974562645,0.9488966464996338,0.9045296311378479
YAR003W,YKR083C,0,-1.1566385,0.09493377059698105,0.9488966464996338,0.9046457409858704
YJL098W,YNL220W,0,-1.1566449,0.094922736287117,0.9488966464996338,0.9047619104385376
YFR028C,YPL001W,0,-1.156658,0.09491170942783356,0.9488966464996338,0.9048780202865601
YML081W,YBL054W,0,-1.1568432,0.09490068256855011,0.9488966464996338,0.9049941897392273
YNL328C,YLR418C,0,-1.1568476,0.09488966315984726,0.9488966464996338,0.9051103591918945
YER040W,YOR010C,0,-1.1569502,0.09487864375114441,0.9488966464996338,0.905226469039917
YHR103W,YHR153C,0,-1.1569929,0.09486762434244156,0.9488966464996338,0.9053426384925842
YLR373C,YER044C,0,-1.1570615,0.0948566123843193,0.9488966464996338,0.9054587483406067
YMR022W,YDR180W,0,-1.1577158,0.09484560042619705,0.9488966464996338,0.9055749177932739
YDR214W,YER065C,0,-1.1577586,0.0948345884680748,0.9488966464996338,0.9056910276412964
YNL330C,YGL086W,0,-1.157778,0.09482358396053314,0.9488966464996338,0.9058071970939636
YOR334W,YNL116W,0,-1.1579113,0.09481257945299149,0.9488966464996338,0.9059233665466309
YHR007C,YNL062C,0,-1.1579604,0.09480157494544983,0.9488966464996338,0.9060394763946533
YDR308C,YNL133C,0,-1.1583823,0.09479057788848877,0.9488966464996338,0.9061556458473206
YFR046C,YPR168W,0,-1.1586092,0.09477958083152771,0.9488966464996338,0.906271755695343
YML004C,YLL023C,0,-1.1587591,0.09476859122514725,0.9488966464996338,0.9063879251480103
YNL308C,YDR002W,0,-1.1588664,0.09475759416818619,0.9488966464996338,0.9065040946006775
YGR086C,YJL026W,0,-1.1590836,0.09474660456180573,0.9488966464996338,0.9066202044487
YBR205W,YML061C,0,-1.1592482,0.09473562240600586,0.9488966464996338,0.9067363739013672
YOR140W,YDR515W,0,-1.1593359,0.094724640250206,0.9488966464996338,0.9068524837493896
YPL193W,YCL048W,0,-1.1593721,0.09471365809440613,0.9488966464996338,0.9069686532020569
YEL039C,YLR370C,0,-1.1597883,0.09470267593860626,0.9488966464996338,0.9070847630500793
YPR095C,YGR193C,0,-1.1599805,0.094691701233387,0.9488966464996338,0.9072009325027466
YGR138C,YLR275W,0,-1.1600049,0.09468072652816772,0.9488966464996338,0.9073171019554138
YOR196C,YGR189C,0,-1.1600097,0.09466975927352905,0.9488966464996338,0.9074332118034363
YJR047C,YOR247W,0,-1.1601857,0.09465878456830978,0.9488966464996338,0.9075493812561035
YGR289C,YFR014C,0,-1.1601862,0.09464782476425171,0.9488966464996338,0.907665491104126
YER036C,YBR060C,0,-1.1607536,0.09463685750961304,0.9488966464996338,0.9077816605567932
YLR372W,YFL011W,0,-1.1609263,0.09462589770555496,0.9488966464996338,0.9078977704048157
YOL013C,YDR074W,0,-1.1609292,0.09461493790149689,0.9488966464996338,0.9080139398574829
YLR121C,YKL011C,0,-1.1611445,0.09460398554801941,0.9488966464996338,0.9081301093101501
YAR003W,YIL009C-A,0,-1.1616929,0.09459303319454193,0.9488966464996338,0.9082462191581726
YDR441C,YKR077W,0,-1.1619942,0.09458208084106445,0.9488966464996338,0.9083623886108398
YJL139C,YDR427W,0,-1.1624082,0.09457112848758698,0.9488966464996338,0.9084784984588623
YOR336W,YLR260W,0,-1.1630428,0.0945601835846901,0.9488966464996338,0.9085946679115295
YAR014C,YML106W,0,-1.1631314,0.09454923868179321,0.9488966464996338,0.908710777759552
YER149C,YER029C,0,-1.1631905,0.09453830122947693,0.9488966464996338,0.9088269472122192
YKL028W,YIL038C,0,-1.1635836,0.09452736377716064,0.9488966464996338,0.9089431166648865
YCL069W,YKR093W,0,-1.1636693,0.09451642632484436,0.9488966464996338,0.9090592265129089
YGR058W,YMR223W,0,-1.1640487,0.09450549632310867,0.9488966464996338,0.9091753959655762
YDR538W,YKR104W,0,-1.1642835,0.09449456632137299,0.9488966464996338,0.9092915058135986
YLR382C,YGL049C,0,-1.1643307,0.0944836363196373,0.9488966464996338,0.9094076752662659
YPL203W,YDR379W,1,-1.1643369,0.09458834677934647,0.9500580430030823,0.9094076752662659
YDR379W,YDR477W,1,-1.1646693,0.09469302743673325,0.9512194991111755,0.9094076752662659
YBL037W,YGR096W,0,-1.1650196,0.09468208253383636,0.9512194991111755,0.9095237851142883
YLR336C,YMR202W,0,-1.1651118,0.09467113763093948,0.9512194991111755,0.9096399545669556
YGL243W,YDR372C,0,-1.1651176,0.0946601927280426,0.9512194991111755,0.9097561240196228
YLR313C,YJL173C,0,-1.1652101,0.09464925527572632,0.9512194991111755,0.9098722338676453
YBR082C,YER039C,0,-1.1654525,0.09463831782341003,0.9512194991111755,0.9099884033203125
YOR375C,YGL095C,0,-1.1655955,0.09462738037109375,0.9512194991111755,0.910104513168335
YIL008W,YDL159W,1,-1.1659912,0.09473197907209396,0.9523809552192688,0.910104513168335
YJR117W,YMR208W,0,-1.1662318,0.09472103416919708,0.9523809552192688,0.9102206826210022
YNR007C,YDL174C,0,-1.1665274,0.0947100967168808,0.9523809552192688,0.9103367924690247
YLR438C-A,YHR120W,0,-1.167158,0.09469915926456451,0.9523809552192688,0.9104529619216919
YGL059W,YPR023C,0,-1.167744,0.09468822181224823,0.9523809552192688,0.9105691313743591
YML120C,YNL328C,0,-1.1677672,0.09467729181051254,0.9523809552192688,0.9106852412223816
YML104C,YGL111W,0,-1.1679034,0.09466636180877686,0.9523809552192688,0.9108014106750488
YJL106W,YAL023C,0,-1.1679521,0.09465543180704117,0.9523809552192688,0.9109175205230713
YGR124W,YNL270C,0,-1.1687107,0.09464450925588608,0.9523809552192688,0.9110336899757385
YJL106W,YGR082W,0,-1.1687629,0.09463358670473099,0.9523809552192688,0.911149799823761
YGL073W,YCR068W,0,-1.1690494,0.0946226641535759,0.9523809552192688,0.9112659692764282
YDR103W,YLR362W,1,-1.1691968,0.09472712874412537,0.9535424113273621,0.9112659692764282
YER109C,YHR073W,1,-1.169326,0.09483156353235245,0.9547038078308105,0.9112659692764282
YNL009W,YML118W,0,-1.1697959,0.09482062608003616,0.9547038078308105,0.9113821387290955
YHR063C,YIL026C,0,-1.169921,0.09480968862771988,0.9547038078308105,0.9114982485771179
YBL088C,YNL222W,0,-1.1699251,0.0947987511754036,0.9547038078308105,0.9116144180297852
YER081W,YLL035W,0,-1.1699793,0.09478782117366791,0.9547038078308105,0.9117305278778076
YOR386W,YBR162C,0,-1.1699853,0.09477689117193222,0.9547038078308105,0.9118466973304749
YML034W,YLL006W,0,-1.1705465,0.09476596862077713,0.9547038078308105,0.9119628071784973
YKL065C,YFR004W,0,-1.1705571,0.09475504606962204,0.9547038078308105,0.9120789766311646
YGR108W,YMR195W,0,-1.1708237,0.09474412351846695,0.9547038078308105,0.9121951460838318
YDR091C,YNL064C,0,-1.1709758,0.09473320096731186,0.9547038078308105,0.9123112559318542
YHR193C,YMR058W,0,-1.171255,0.09472228586673737,0.9547038078308105,0.9124274253845215
YLR393W,YBL106C,0,-1.171353,0.09471137076616287,0.9547038078308105,0.912543535232544
YBR021W,YLR287C-A,0,-1.17146,0.09470046311616898,0.9547038078308105,0.9126597046852112
YDR201W,YLR015W,0,-1.1714808,0.09468955546617508,0.9547038078308105,0.9127758145332336
YBR136W,YDR323C,0,-1.1718326,0.09467864781618118,0.9547038078308105,0.9128919839859009
YOR273C,YNR019W,0,-1.1723742,0.09466774016618729,0.9547038078308105,0.9130081534385681
YOR172W,YIR026C,0,-1.1724811,0.09465683996677399,0.9547038078308105,0.9131242632865906
YKL016C,YDR247W,0,-1.1726815,0.09464593976736069,0.9547038078308105,0.9132404327392578
YHR011W,YDR379W,1,-1.1728538,0.09475017338991165,0.9558652639389038,0.9132404327392578
YHR205W,YDR420W,0,-1.1728768,0.09473926573991776,0.9558652639389038,0.9133565425872803
YOL148C,YNL072W,0,-1.1729146,0.09472835808992386,0.9558652639389038,0.9134727120399475
YDR516C,YOR150W,0,-1.1732048,0.09471745789051056,0.9558652639389038,0.91358882188797
YBR291C,YPR186C,0,-1.1733047,0.09470655769109726,0.9558652639389038,0.9137049913406372
YML075C,YDR501W,0,-1.1734971,0.09469566494226456,0.9558652639389038,0.9138211607933044
YPL207W,YLR045C,0,-1.1736785,0.09468476474285126,0.9558652639389038,0.9139372706413269
YDR103W,YDL159W,1,-1.1739709,0.09478890895843506,0.9570267200469971,0.9139372706413269
YPR192W,YGL127C,0,-1.1740214,0.09477800875902176,0.9570267200469971,0.9140534400939941
YIL073C,YPL059W,0,-1.1743262,0.09476710855960846,0.9570267200469971,0.9141695499420166
YBR227C,YPL047W,0,-1.1745487,0.09475620836019516,0.9570267200469971,0.9142857193946838
YOR009W,YOL039W,0,-1.174607,0.09474531561136246,0.9570267200469971,0.9144018292427063
YBR179C,YMR056C,0,-1.1747117,0.09473442286252975,0.9570267200469971,0.9145179986953735
YOR315W,YIL114C,0,-1.1749442,0.09472353011369705,0.9570267200469971,0.9146341681480408
YNL279W,YBR164C,0,-1.1754813,0.09471264481544495,0.9570267200469971,0.9147502779960632
YDR524C,YPL226W,0,-1.1759897,0.09470175951719284,0.9570267200469971,0.9148664474487305
YGL116W,YPR106W,0,-1.1763896,0.09469087421894073,0.9570267200469971,0.9149825572967529
YDR200C,YER183C,0,-1.1765136,0.09467999637126923,0.9570267200469971,0.9150987267494202
YLR032W,YMR323W,0,-1.1765971,0.09466911852359772,0.9570267200469971,0.9152148962020874
YMR202W,YDR171W,0,-1.1768141,0.09465824067592621,0.9570267200469971,0.9153310060501099
YEL021W,YGR152C,0,-1.1768354,0.0946473702788353,0.9570267200469971,0.9154471755027771
YOR339C,YEL042W,0,-1.1770431,0.09463649988174438,0.9570267200469971,0.9155632853507996
YCR036W,YNL041C,0,-1.1773067,0.09462562948465347,0.9570267200469971,0.9156794548034668
YHR052W,YHR014W,0,-1.1773376,0.09461476653814316,0.9570267200469971,0.9157955646514893
YDR361C,YGR063C,0,-1.1773617,0.09460390359163284,0.9570267200469971,0.9159117341041565
YMR081C,YMR287C,0,-1.1774443,0.09459304064512253,0.9570267200469971,0.9160279035568237
YFL009W,YJL062W,0,-1.1776129,0.09458218514919281,0.9570267200469971,0.9161440134048462
YGL049C,YJL110C,0,-1.1776925,0.09457132965326309,0.9570267200469971,0.9162601828575134
YOR033C,YDL031W,0,-1.1777993,0.09456047415733337,0.9570267200469971,0.9163762927055359
YNL197C,YHR084W,1,-1.1779474,0.09466437250375748,0.9581881761550903,0.9163762927055359
YHR201C,YPL228W,0,-1.1782008,0.09465350955724716,0.9581881761550903,0.9164924621582031
YGR224W,YLR045C,0,-1.1783674,0.09464265406131744,0.9581881761550903,0.9166085720062256
YOR115C,YNL278W,0,-1.1784725,0.09463179856538773,0.9581881761550903,0.9167247414588928
YLL013C,YPL010W,0,-1.1789942,0.09462094306945801,0.9581881761550903,0.9168409109115601
YJL073W,YHR148W,0,-1.1791202,0.09461009502410889,0.9581881761550903,0.9169570207595825
YLR201C,YPL028W,0,-1.1798719,0.09459923952817917,0.9581881761550903,0.9170731902122498
YDR143C,YGL107C,0,-1.1804941,0.09458839893341064,0.9581881761550903,0.9171893000602722
YKL005C,YPR046W,0,-1.1806886,0.09457755088806152,0.9581881761550903,0.9173054695129395
YDR108W,YGR120C,0,-1.1812724,0.094566710293293,0.9581881761550903,0.9174215793609619
YLR133W,YJL168C,0,-1.1813054,0.09455587714910507,0.9581881761550903,0.9175377488136292
YPL111W,YBR060C,0,-1.1817151,0.09454503655433655,0.9581881761550903,0.9176539182662964
YKR027W,YDR365C,0,-1.1818185,0.09453420341014862,0.9581881761550903,0.9177700281143188
YPR016C,YLL014W,0,-1.182133,0.0945233702659607,0.9581881761550903,0.9178861975669861
YLR342W,YOR207C,0,-1.1822891,0.09451254457235336,0.9581881761550903,0.9180023074150085
YER113C,YOR127W,1,-1.1823171,0.09461626410484314,0.9593495726585388,0.9180023074150085
YJL073W,YLR212C,0,-1.1825107,0.09460543096065521,0.9593495726585388,0.9181184768676758
YOR129C,YIL007C,0,-1.1826154,0.09459459781646729,0.9593495726585388,0.9182345867156982
YBR033W,YJR022W,0,-1.1833295,0.09458376467227936,0.9593495726585388,0.9183507561683655
YMR036C,YFR038W,0,-1.1835862,0.09457293152809143,0.9593495726585388,0.9184669256210327
YPL046C,YMR026C,0,-1.1840874,0.0945621058344841,0.9593495726585388,0.9185830354690552
YGL025C,YPL183C,0,-1.1843033,0.09455128014087677,0.9593495726585388,0.9186992049217224
YGL208W,YJL089W,1,-1.184535,0.09465491771697998,0.9605110287666321,0.9186992049217224
YER109C,YNL119W,1,-1.184869,0.0947585254907608,0.9616724848747253,0.9186992049217224
YLR336C,YPL117C,0,-1.1849865,0.09474768489599228,0.9616724848747253,0.9188153147697449
YLR423C,YPL069C,0,-1.185359,0.09473684430122375,0.9616724848747253,0.9189314842224121
YDL005C,YGR060W,0,-1.1858298,0.09472600370645523,0.9616724848747253,0.9190475940704346
YEL039C,YPL091W,0,-1.1862832,0.0947151705622673,0.9616724848747253,0.9191637635231018
YKL092C,YKR083C,0,-1.1863116,0.09470433741807938,0.9616724848747253,0.919279932975769
YOR308C,YDR395W,0,-1.1863277,0.09469350427389145,0.9616724848747253,0.9193960428237915
YDR009W,YOR122C,0,-1.1867379,0.09468267858028412,0.9616724848747253,0.9195122122764587
YNL240C,YDR300C,0,-1.1867915,0.09467185288667679,0.9616724848747253,0.9196283221244812
YML019W,YLR376C,0,-1.1869665,0.09466102719306946,0.9616724848747253,0.9197444915771484
YGR188C,YML010W,0,-1.1879947,0.09465020895004272,0.9616724848747253,0.9198606014251709
YMR006C,YNL088W,0,-1.1879979,0.09463939070701599,0.9616724848747253,0.9199767708778381
YIL073C,YAL023C,0,-1.1885802,0.09462857246398926,0.9616724848747253,0.9200929403305054
YER172C,YER114C,0,-1.1896236,0.09461776167154312,0.9616724848747253,0.9202090501785278
YDR280W,YLR355C,0,-1.1903104,0.09460694342851639,0.9616724848747253,0.9203252196311951
YJR002W,YDR487C,0,-1.190342,0.09459614008665085,0.9616724848747253,0.9204413294792175
YNL128W,YDR298C,0,-1.1905375,0.09458532929420471,0.9616724848747253,0.9205574989318848
YPL155C,YNL129W,0,-1.1908424,0.09457452595233917,0.9616724848747253,0.9206736087799072
YML064C,YPL006W,0,-1.1909734,0.09456373006105423,0.9616724848747253,0.9207897782325745
YOR115C,YDR198C,0,-1.1912575,0.09455292671918869,0.9616724848747253,0.9209059476852417
YKL220C,YDL127W,0,-1.191293,0.09454213082790375,0.9616724848747253,0.9210220575332642
YBR213W,YDL051W,0,-1.1913661,0.0945313423871994,0.9616724848747253,0.9211382269859314
YGL070C,YPR132W,0,-1.1914957,0.09452054649591446,0.9616724848747253,0.9212543368339539
YNL245C,YBR021W,0,-1.191572,0.09450975805521011,0.9616724848747253,0.9213705062866211
YNL227C,YDR390C,0,-1.1917443,0.09449896961450577,0.9616724848747253,0.9214866161346436
YIL119C,YFR041C,0,-1.192101,0.09448818862438202,0.9616724848747253,0.9216027855873108
YPL115C,YIR019C,1,-1.1921421,0.09459151327610016,0.9628339409828186,0.9216027855873108
YML129C,YPR134W,0,-1.192249,0.09458071738481522,0.9628339409828186,0.921718955039978
YGR156W,YBL106C,0,-1.1925594,0.09456992894411087,0.9628339409828186,0.9218350648880005
YDR055W,YOL060C,0,-1.1927882,0.09455914050340652,0.9628339409828186,0.9219512343406677
YAL032C,YDL087C,0,-1.1930622,0.09454835951328278,0.9628339409828186,0.9220673441886902
YOR049C,YLR441C,0,-1.1931256,0.09453757852315903,0.9628339409828186,0.9221835136413574
YOR064C,YMR001C,0,-1.1933007,0.09452679753303528,0.9628339409828186,0.9222996234893799
YPL246C,YDR318W,0,-1.1934981,0.09451601654291153,0.9628339409828186,0.9224157929420471
YJR056C,YAL003W,0,-1.1937125,0.09450524300336838,0.9628339409828186,0.9225319623947144
YNR043W,YGR057C,0,-1.1937301,0.09449446946382523,0.9628339409828186,0.9226480722427368
YDR522C,YPR054W,0,-1.1939408,0.09448370337486267,0.9628339409828186,0.922764241695404
YDR356W,YJR086W,0,-1.1939558,0.09447293728590012,0.9628339409828186,0.9228803515434265
YGR195W,YER180C,0,-1.1941404,0.09446217119693756,0.9628339409828186,0.9229965209960938
YML021C,YJR118C,0,-1.1941847,0.094451405107975,0.9628339409828186,0.9231126308441162
YGR082W,YKR024C,0,-1.1943809,0.09444064646959305,0.9628339409828186,0.9232288002967834
YPR021C,YKR053C,0,-1.1954354,0.09442988783121109,0.9628339409828186,0.9233449697494507
YLR061W,YPR133C,0,-1.1960473,0.09441913664340973,0.9628339409828186,0.9234610795974731
YGL126W,YER033C,0,-1.1965793,0.09440838545560837,0.9628339409828186,0.9235772490501404
YBR038W,YBL009W,0,-1.1966627,0.094397634267807,0.9628339409828186,0.9236933588981628
YOL021C,YBL106C,0,-1.196826,0.09438688308000565,0.9628339409828186,0.9238095283508301
YOR319W,YOR236W,0,-1.197548,0.09437613934278488,0.9628339409828186,0.9239256381988525
YLR190W,YBR087W,0,-1.197629,0.09436539560556412,0.9628339409828186,0.9240418076515198
YDR420W,YJL014W,0,-1.1976694,0.09435465186834335,0.9628339409828186,0.924157977104187
YER025W,YML106W,0,-1.197917,0.09434391558170319,0.9628339409828186,0.9242740869522095
YML055W,YBR152W,0,-1.1984106,0.09433317929506302,0.9628339409828186,0.9243902564048767
YPL258C,YGR161C,0,-1.1988415,0.09432245045900345,0.9628339409828186,0.9245063662528992
YDR376W,YKR009C,0,-1.1988604,0.09431171417236328,0.9628339409828186,0.9246225357055664
YPL105C,YNL124W,0,-1.1992164,0.09430099278688431,0.9628339409828186,0.9247387051582336
YHR181W,YJR152W,0,-1.199414,0.09429026395082474,0.9628339409828186,0.9248548150062561
YJR016C,YLR363C,0,-1.1995406,0.09427954256534576,0.9628339409828186,0.9249709844589233
YFR046C,YOR362C,0,-1.1998656,0.09426882117986679,0.9628339409828186,0.9250870943069458
YPL160W,YGL232W,0,-1.199926,0.09425809979438782,0.9628339409828186,0.925203263759613
YMR055C,YKL021C,0,-1.2003934,0.09424738585948944,0.9628339409828186,0.9253193736076355
YDR212W,YKR024C,0,-1.2004081,0.09423667192459106,0.9628339409828186,0.9254355430603027
YLR013W,YBR181C,0,-1.2004391,0.09422595798969269,0.9628339409828186,0.92555171251297
YLR337C,YHL035C,0,-1.2017725,0.09421525150537491,0.9628339409828186,0.9256678223609924
YDR107C,YJL089W,1,-1.2017925,0.09431818127632141,0.9639953374862671,0.9256678223609924
YML061C,YDR303C,0,-1.2018198,0.09430746734142303,0.9639953374862671,0.9257839918136597
YGL246C,YBR213W,0,-1.2018371,0.09429675340652466,0.9639953374862671,0.9259001016616821
YDL003W,YPR028W,0,-1.2020671,0.09428603947162628,0.9639953374862671,0.9260162711143494
YOR334W,YGL226W,0,-1.2020748,0.0942753329873085,0.9639953374862671,0.9261323809623718
YLR288C,YHR043C,0,-1.2020975,0.09426461905241013,0.9639953374862671,0.9262485504150391
YGL211W,YML046W,0,-1.2032694,0.09425392001867294,0.9639953374862671,0.9263647198677063
YHR176W,YNL072W,0,-1.203292,0.09424321353435516,0.9639953374862671,0.9264808297157288
YGR249W,YBR280C,0,-1.2034215,0.09423251450061798,0.9639953374862671,0.926596999168396
YOR127W,YNL119W,1,-1.2038904,0.09433533996343613,0.9651567935943604,0.926596999168396
YDR041W,YMR150C,0,-1.2041998,0.09432463347911835,0.9651567935943604,0.9267131090164185
YFR027W,YIL078W,0,-1.2045325,0.09431392699480057,0.9651567935943604,0.9268292784690857
YGR271C-A,YJL209W,0,-1.2048488,0.09430322051048279,0.9651567935943604,0.9269453883171082
YBR152W,YDR462W,0,-1.2055708,0.0942925214767456,0.9651567935943604,0.9270615577697754
YOR167C,YBR162C,0,-1.2066596,0.09428182244300842,0.9651567935943604,0.9271777272224426
YOL071W,YPL003W,0,-1.2066736,0.09427113085985184,0.9651567935943604,0.9272938370704651
YPR079W,YOL144W,0,-1.2069472,0.09426043927669525,0.9651567935943604,0.9274100065231323
YGL192W,YBR130C,0,-1.2073319,0.09424974769353867,0.9651567935943604,0.9275261163711548
YER123W,YBL066C,0,-1.2073585,0.09423905611038208,0.9651567935943604,0.927642285823822
YER048W-A,YPR168W,0,-1.2074834,0.09422837197780609,0.9651567935943604,0.9277583956718445
YDR409W,YNL225C,0,-1.2076312,0.0942176878452301,0.9651567935943604,0.9278745651245117
YHR116W,YLR190W,0,-1.2076663,0.09420700371265411,0.9651567935943604,0.927990734577179
YPR025C,YNL090W,0,-1.207826,0.09419632703065872,0.9651567935943604,0.9281068444252014
YHR141C,YKR059W,0,-1.2078807,0.09418565034866333,0.9651567935943604,0.9282230138778687
YHL024W,YAR019C,0,-1.2080203,0.09417497366666794,0.9651567935943604,0.9283391237258911
YKR022C,YLR035C,0,-1.2082162,0.09416430443525314,0.9651567935943604,0.9284552931785583
YHR042W,YHL004W,0,-1.208284,0.09415363520383835,0.9651567935943604,0.9285714030265808
YML038C,YDL044C,0,-1.2082921,0.09414297342300415,0.9651567935943604,0.928687572479248
YDR293C,YML118W,0,-1.2083366,0.09413230419158936,0.9651567935943604,0.9288037419319153
YMR158W,YBR049C,0,-1.2086418,0.09412164241075516,0.9651567935943604,0.9289198517799377
YPL203W,YHR011W,1,-1.2087909,0.0942242369055748,0.9663182497024536,0.9289198517799377
YIL099W,YNL315C,0,-1.2087997,0.09421356767416,0.9663182497024536,0.929036021232605
YHR170W,YHR154W,0,-1.208947,0.09420289844274521,0.9663182497024536,0.9291521310806274
YHR020W,YNL251C,0,-1.2091874,0.09419223666191101,0.9663182497024536,0.9292683005332947
YNR011C,YHR203C,0,-1.2096397,0.09418157488107681,0.9663182497024536,0.9293844103813171
YBR034C,YNL024C,0,-1.2098011,0.09417091310024261,0.9663182497024536,0.9295005798339844
YDR022C,YHR107C,0,-1.2100103,0.09416025131940842,0.9663182497024536,0.9296167492866516
YCR031C,YHR207C,0,-1.210143,0.09414959698915482,0.9663182497024536,0.9297328591346741
YOR247W,YHR142W,0,-1.2101941,0.09413894265890121,0.9663182497024536,0.9298490285873413
YCR092C,YEL027W,0,-1.2102711,0.09412829577922821,0.9663182497024536,0.9299651384353638
YLR196W,YML123C,0,-1.2104819,0.0941176488995552,0.9663182497024536,0.930081307888031
YDL210W,YPL231W,0,-1.2107888,0.0941070020198822,0.9663182497024536,0.9301974177360535
YNL113W,YBR015C,0,-1.2108386,0.0940963551402092,0.9663182497024536,0.9303135871887207
YDR397C,YDR120C,0,-1.2108599,0.09408571571111679,0.9663182497024536,0.9304297566413879
YBR097W,YNL055C,0,-1.2110732,0.09407507628202438,0.9663182497024536,0.9305458664894104
YHR076W,YDL139C,0,-1.2116764,0.09406444430351257,0.9663182497024536,0.9306620359420776
YHR105W,YMR024W,0,-1.2121344,0.09405381232500076,0.9663182497024536,0.9307781457901001
YNL188W,YGL210W,0,-1.2122451,0.09404318034648895,0.9663182497024536,0.9308943152427673
YBR086C,YDL003W,0,-1.2126644,0.09403254836797714,0.9663182497024536,0.9310104250907898
YDR168W,YLR356W,0,-1.2130758,0.09402192384004593,0.9663182497024536,0.931126594543457
YPL074W,YBR231C,0,-1.2132791,0.09401129931211472,0.9663182497024536,0.9312427639961243
YIL075C,YDR424C,0,-1.2133316,0.0940006747841835,0.9663182497024536,0.9313588738441467
YNL209W,YNR051C,0,-1.2135963,0.09399005770683289,0.9663182497024536,0.931475043296814
YMR036C,YCL061C,0,-1.2137489,0.09397944062948227,0.9663182497024536,0.9315911531448364
YEL015W,YMR153W,0,-1.2139566,0.09396883100271225,0.9663182497024536,0.9317073225975037
YGL029W,YOR061W,0,-1.2141259,0.09395821392536163,0.9663182497024536,0.9318234324455261
YPL227C,YJR123W,0,-1.214161,0.09394760429859161,0.9663182497024536,0.9319396018981934
YDR107C,YIR019C,1,-1.2146624,0.09404990077018738,0.9674796462059021,0.9319396018981934
YER113C,YDR477W,1,-1.2146854,0.09415218234062195,0.9686411023139954,0.9319396018981934
YCL063W,YJL148W,0,-1.2149447,0.09414155036211014,0.9686411023139954,0.9320557713508606
YOL018C,YPL033C,0,-1.2151574,0.09413092583417892,0.9686411023139954,0.9321718811988831
YHR176W,YMR135C,0,-1.2154934,0.09412030130624771,0.9686411023139954,0.9322880506515503
YLR362W,YHR011W,1,-1.2155808,0.0942225232720375,0.9698025584220886,0.9322880506515503
YER178W,YOL147C,0,-1.2159063,0.0942118912935257,0.9698025584220886,0.9324041604995728
YHR141C,YHR026W,0,-1.2160605,0.09420126676559448,0.9698025584220886,0.93252032995224
YOL110W,YGR120C,0,-1.2161148,0.09419063478708267,0.9698025584220886,0.9326364398002625
YNL077W,YBR193C,0,-1.2163633,0.09418001025915146,0.9698025584220886,0.9327526092529297
YDR160W,YJL109C,0,-1.2163904,0.09416939318180084,0.9698025584220886,0.9328687787055969
YKR001C,YDL058W,0,-1.2164544,0.09415877610445023,0.9698025584220886,0.9329848885536194
YDR540C,YJL003W,0,-1.2176546,0.09414815902709961,0.9698025584220886,0.9331010580062866
YOR255W,YJL179W,0,-1.2176825,0.09413754194974899,0.9698025584220886,0.9332171678543091
YFR051C,YKR095W,0,-1.2177866,0.09412693232297897,0.9698025584220886,0.9333333373069763
YBR146W,YLR035C,0,-1.2178704,0.09411632269620895,0.9698025584220886,0.9334495067596436
YGR172C,YLR393W,0,-1.2180375,0.09410571306943893,0.9698025584220886,0.933565616607666
YNL256W,YLR451W,0,-1.218061,0.09409511089324951,0.9698025584220886,0.9336817860603333
YIL008W,YJL089W,1,-1.2185117,0.09419718384742737,0.9709640145301819,0.9336817860603333
YML067C,YCR066W,0,-1.2193863,0.09418657422065735,0.9709640145301819,0.9337978959083557
YPL012W,YOR202W,0,-1.220048,0.09417595714330673,0.9709640145301819,0.933914065361023
YBL018C,YIL145C,0,-1.2206454,0.09416535496711731,0.9709640145301819,0.9340301752090454
YLR215C,YPL090C,0,-1.2206652,0.09415474534034729,0.9709640145301819,0.9341463446617126
YHR003C,YMR217W,0,-1.2207048,0.09414414316415787,0.9709640145301819,0.9342625141143799
YOR262W,YGR283C,0,-1.2210603,0.09413354098796844,0.9709640145301819,0.9343786239624023
YIL084C,YBR036C,0,-1.2211994,0.09412294626235962,0.9709640145301819,0.9344947934150696
YNR023W,YJL133W,0,-1.2216648,0.0941123515367508,0.9709640145301819,0.934610903263092
YNL279W,YDR345C,0,-1.2217877,0.09410175681114197,0.9709640145301819,0.9347270727157593
YER113C,YLR083C,1,-1.2220012,0.09420371055603027,0.9721254110336304,0.9347270727157593
YHR124W,YOR241W,0,-1.222632,0.09419311583042145,0.9721254110336304,0.9348431825637817
YLR284C,YDR085C,0,-1.2229123,0.09418251365423203,0.9721254110336304,0.934959352016449
YGR006W,YDR155C,0,-1.2236724,0.0941719189286232,0.9721254110336304,0.9350755214691162
YKL092C,YDR176W,0,-1.2247858,0.09416132420301437,0.9721254110336304,0.9351916313171387
YBL066C,YPL135W,0,-1.2253699,0.09415072947740555,0.9721254110336304,0.9353078007698059
YDR097C,YFL022C,0,-1.2257229,0.09414014220237732,0.9721254110336304,0.9354239106178284
YOR076C,YNL300W,0,-1.2258428,0.09412955492734909,0.9721254110336304,0.9355400800704956
YKR001C,YDR301W,0,-1.2261117,0.09411896765232086,0.9721254110336304,0.9356561899185181
YBR092C,YDL104C,0,-1.2263101,0.09410838782787323,0.9721254110336304,0.9357723593711853
YGL124C,YLR260W,0,-1.2263616,0.0940978080034256,0.9721254110336304,0.9358885288238525
YLR357W,YPR143W,0,-1.2269087,0.09408722817897797,0.9721254110336304,0.936004638671875
YDR314C,YFL011W,0,-1.227519,0.09407665580511093,0.9721254110336304,0.9361208081245422
YDR092W,YJR118C,0,-1.2280813,0.0940660834312439,0.9721254110336304,0.9362369179725647
YEL042W,YLR342W,0,-1.2281325,0.09405551105737686,0.9721254110336304,0.9363530874252319
YLR304C,YNL278W,0,-1.2286334,0.09404494613409042,0.9721254110336304,0.9364691972732544
YDR379W,YDL159W,1,-1.2289659,0.094146728515625,0.9732868671417236,0.9364691972732544
YBR189W,YGL053W,0,-1.2292244,0.09413614869117737,0.9732868671417236,0.9365853667259216
YPL254W,YNR051C,0,-1.2295012,0.09412557631731033,0.9732868671417236,0.9367015361785889
YLR089C,YGL234W,0,-1.2296524,0.0941150039434433,0.9732868671417236,0.9368176460266113
YNL125C,YIL123W,0,-1.229678,0.09410443902015686,0.9732868671417236,0.9369338154792786
YKL167C,YHL016C,0,-1.2299664,0.09409386664628983,0.9732868671417236,0.937049925327301
YMR297W,YFR014C,0,-1.2302678,0.09408330172300339,0.9732868671417236,0.9371660947799683
YDL091C,YNL025C,0,-1.2304944,0.09407274425029755,0.9732868671417236,0.9372822046279907
YBL063W,YFL037W,0,-1.2308217,0.0940621867775917,0.9732868671417236,0.937398374080658
YCR091W,YPL172C,0,-1.2312751,0.09405162930488586,0.9732868671417236,0.9375145435333252
YML111W,YDL087C,0,-1.2314694,0.09404107183218002,0.9732868671417236,0.9376306533813477
YKR092C,YNL126W,0,-1.2320889,0.09403052181005478,0.9732868671417236,0.9377468228340149
YKL065C,YPL171C,0,-1.2321352,0.09401997178792953,0.9732868671417236,0.9378629326820374
YGR004W,YJL173C,0,-1.2321464,0.09400942176580429,0.9732868671417236,0.9379791021347046
YKL179C,YEL018W,0,-1.232891,0.09399887919425964,0.9732868671417236,0.938095211982727
YBL031W,YPR168W,0,-1.2334322,0.093988336622715,0.9732868671417236,0.9382113814353943
YIL004C,YDR101C,0,-1.2341115,0.09397779405117035,0.9732868671417236,0.9383275508880615
YDR503C,YDR273W,0,-1.2353711,0.0939672589302063,0.9732868671417236,0.938443660736084
YOR361C,YOR242C,0,-1.2364329,0.09395672380924225,0.9732868671417236,0.9385598301887512
YLR175W,YLR086W,0,-1.2366129,0.0939461886882782,0.9732868671417236,0.9386759400367737
YDR293C,YPR107C,0,-1.2373549,0.09393566101789474,0.9732868671417236,0.9387921094894409
YER120W,YDR302W,0,-1.2376338,0.0939251258969307,0.9732868671417236,0.9389082193374634
YOL100W,YHL013C,0,-1.2377257,0.09391460567712784,0.9732868671417236,0.9390243887901306
YGL048C,YGL219C,0,-1.2379396,0.09390407800674438,0.9732868671417236,0.9391405582427979
YLR077W,YIL157C,0,-1.2381597,0.09389355778694153,0.9732868671417236,0.9392566680908203
YBR203W,YBR164C,0,-1.2381718,0.09388303756713867,0.9732868671417236,0.9393728375434875
YDR456W,YFR038W,0,-1.2382215,0.09387252479791641,0.9732868671417236,0.93948894739151
YGL127C,YOL154W,0,-1.2383529,0.09386200457811356,0.9732868671417236,0.9396051168441772
YMR012W,YKL099C,0,-1.238439,0.0938514918088913,0.9732868671417236,0.9397212266921997
YDR377W,YPR140W,0,-1.2384661,0.09384098649024963,0.9732868671417236,0.9398373961448669
YDR519W,YJR019C,0,-1.239107,0.09383048117160797,0.9732868671417236,0.9399535655975342
YER113C,YBR083W,1,-1.2394018,0.09393192827701569,0.9744483232498169,0.9399535655975342
YHR105W,YLL021W,0,-1.2394489,0.09392141550779343,0.9744483232498169,0.9400696754455566
YBR104W,YDR113C,0,-1.2395351,0.09391090273857117,0.9744483232498169,0.9401858448982239
YLR319C,YIL037C,0,-1.239657,0.09390038996934891,0.9744483232498169,0.9403019547462463
YIR009W,YJL092W,0,-1.2396731,0.09388988465070724,0.9744483232498169,0.9404181241989136
YOR346W,YOL007C,0,-1.2403809,0.09387937933206558,0.9744483232498169,0.940534234046936
YLR044C,YCL026C-A,0,-1.2410738,0.09386887401342392,0.9744483232498169,0.9406504034996033
YOL148C,YKR037C,0,-1.2411315,0.09385837614536285,0.9744483232498169,0.9407665729522705
YLR071C,YDR165W,0,-1.2412429,0.09384787827730179,0.9744483232498169,0.940882682800293
YIR034C,YDR012W,0,-1.2412559,0.09383738040924072,0.9744483232498169,0.9409988522529602
YKL197C,YIL157C,0,-1.2418523,0.09382688254117966,0.9744483232498169,0.9411149621009827
YPL126W,YOR368W,0,-1.2423848,0.09381639212369919,0.9744483232498169,0.9412311315536499
YGR241C,YLR299W,0,-1.2436613,0.09380590170621872,0.9744483232498169,0.9413472414016724
YEL003W,YJL139C,0,-1.2439256,0.09379541873931885,0.9744483232498169,0.9414634108543396
YJL162C,YLR306W,0,-1.2440922,0.09378492832183838,0.9744483232498169,0.9415795803070068
YDL181W,YDL137W,0,-1.244127,0.0937744528055191,0.9744483232498169,0.9416956901550293
YMR154C,YOR339C,0,-1.2443744,0.09376396983861923,0.9744483232498169,0.9418118596076965
YGR088W,YIL154C,0,-1.2453218,0.09375349432229996,0.9744483232498169,0.941927969455719
YER113C,YER109C,1,-1.2456251,0.09385474771261215,0.9756097793579102,0.941927969455719
YNL126W,YCR010C,0,-1.2461277,0.09384426474571228,0.9756097793579102,0.9420441389083862
YOR191W,YFL011W,0,-1.2462555,0.09383378177881241,0.9756097793579102,0.9421603083610535
YBR299W,YER142C,0,-1.2463356,0.09382329881191254,0.9756097793579102,0.9422764182090759
YDL239C,YOL033W,0,-1.247058,0.09381282329559326,0.9756097793579102,0.9423925876617432
YLR372W,YGR096W,0,-1.2471879,0.09380234777927399,0.9756097793579102,0.9425086975097656
YER172C,YDR311W,0,-1.2474141,0.09379187226295471,0.9756097793579102,0.9426248669624329
YKR099W,YNL111C,0,-1.247835,0.09378139674663544,0.9756097793579102,0.9427409768104553
YJL106W,YBR094W,0,-1.2502172,0.09377092868089676,0.9756097793579102,0.9428571462631226
YMR190C,YLR133W,0,-1.2504565,0.09376046061515808,0.9756097793579102,0.9429733157157898
YJR076C,YFR027W,0,-1.2506835,0.09375,0.9756097793579102,0.9430894255638123
YIL110W,YOL092W,0,-1.2512175,0.09373953938484192,0.9756097793579102,0.9432055950164795
YHR129C,YOR373W,0,-1.25158,0.09372907876968384,0.9756097793579102,0.943321704864502
YDR097C,YJL133W,0,-1.2523247,0.09371861815452576,0.9756097793579102,0.9434378743171692
YLR069C,YKL197C,0,-1.2524999,0.09370816498994827,0.9756097793579102,0.9435539841651917
YNL210W,YLR260W,0,-1.2530419,0.09369771182537079,0.9756097793579102,0.9436701536178589
YIL008W,YLR083C,1,-1.2535285,0.09379879385232925,0.9767711758613586,0.9436701536178589
YPR120C,YDR485C,0,-1.2543551,0.09378833323717117,0.9767711758613586,0.9437863230705261
YGR289C,YLR120C,0,-1.2545413,0.09377788007259369,0.9767711758613586,0.9439024329185486
YDL191W,YPR017C,0,-1.2551142,0.09376741945743561,0.9767711758613586,0.9440186023712158
YIL121W,YDR120C,0,-1.255256,0.09375696629285812,0.9767711758613586,0.9441347122192383
YFR028C,YKR029C,0,-1.2556226,0.09374651312828064,0.9767711758613586,0.9442508816719055
YJL204C,YDL154W,0,-1.2559824,0.09373606741428375,0.9767711758613586,0.944366991519928
YPL095C,YDR432W,0,-1.256059,0.09372562170028687,0.9767711758613586,0.9444831609725952
YLR315W,YDL017W,0,-1.2563237,0.09371517598628998,0.9767711758613586,0.9445993304252625
YMR260C,YMR058W,0,-1.256658,0.09370473772287369,0.9767711758613586,0.9447154402732849
YHR023W,YBR156C,0,-1.2567236,0.0936942994594574,0.9767711758613586,0.9448316097259521
YMR233W,YDR123C,0,-1.2576488,0.09368386119604111,0.9767711758613586,0.9449477195739746
YLR084C,YPL008W,0,-1.2577374,0.09367342293262482,0.9767711758613586,0.9450638890266418
YEL032W,YBL103C,0,-1.258367,0.09366299211978912,0.9767711758613586,0.9451799988746643
YLR287C-A,YCL050C,0,-1.2583717,0.09365256130695343,0.9767711758613586,0.9452961683273315
YPL146C,YLR320W,0,-1.2588226,0.09364213049411774,0.9767711758613586,0.9454123377799988
YIL084C,YMR060C,0,-1.2588886,0.09363170713186264,0.9767711758613586,0.9455284476280212
YDR279W,YCR035C,0,-1.2591051,0.09362128376960754,0.9767711758613586,0.9456446170806885
YMR024W,YLL057C,0,-1.2592696,0.09361086040735245,0.9767711758613586,0.9457607269287109
YHR167W,YJL209W,0,-1.2593241,0.09360044449567795,0.9767711758613586,0.9458768963813782
YGL243W,YKR038C,0,-1.2595899,0.09359002858400345,0.9767711758613586,0.9459930062294006
YHR110W,YML001W,0,-1.2598637,0.09357961267232895,0.9767711758613586,0.9461091756820679
YGL089C,YJR007W,0,-1.2598654,0.09356920421123505,0.9767711758613586,0.9462253451347351
YML010W,YHR204W,0,-1.261023,0.09355879575014114,0.9767711758613586,0.9463414549827576
YBR160W,YNL210W,0,-1.2617005,0.09354838728904724,0.9767711758613586,0.9464576244354248
YPL057C,YDR377W,0,-1.261802,0.09353797882795334,0.9767711758613586,0.9465737342834473
YML064C,YLR242C,0,-1.2622759,0.09352757781744003,0.9767711758613586,0.9466899037361145
YMR306W,YNL210W,0,-1.2624626,0.09351717680692673,0.9767711758613586,0.946806013584137
YGR280C,YJL076W,0,-1.2627761,0.09350678324699402,0.9767711758613586,0.9469221830368042
YDR052C,YDR314C,0,-1.2633438,0.09349638968706131,0.9767711758613586,0.9470383524894714
YLR190W,YGR060W,0,-1.2634089,0.0934859961271286,0.9767711758613586,0.9471544623374939
YIR021W,YCR065W,0,-1.2637838,0.09347560256719589,0.9767711758613586,0.9472706317901611
YNL300W,YBL106C,0,-1.2641166,0.09346521645784378,0.9767711758613586,0.9473867416381836
YEL034W,YBR295W,0,-1.2644536,0.09345483034849167,0.9767711758613586,0.9475029110908508
YGR289C,YJL100W,0,-1.2653967,0.09344444423913956,0.9767711758613586,0.9476190209388733
YDR513W,YDR298C,0,-1.265873,0.09343406558036804,0.9767711758613586,0.9477351903915405
YNL029C,YJR123W,0,-1.2663347,0.09342368692159653,0.9767711758613586,0.9478513598442078
YHR169W,YDR212W,0,-1.2666976,0.09341330826282501,0.9767711758613586,0.9479674696922302
YGR263C,YLR081W,0,-1.2668136,0.0934029296040535,0.9767711758613586,0.9480836391448975
YLR313C,YOR247W,0,-1.266828,0.09339255839586258,0.9767711758613586,0.9481997489929199
YHR150W,YIL019W,0,-1.2670633,0.09338218718767166,0.9767711758613586,0.9483159184455872
YNL066W,YBR055C,0,-1.2672521,0.09337182343006134,0.9767711758613586,0.9484320282936096
YPR037C,YIL037C,0,-1.2676078,0.09336145967245102,0.9767711758613586,0.9485481977462769
YCR016W,YOL041C,0,-1.2677103,0.0933510959148407,0.9767711758613586,0.9486643671989441
YOR004W,YER015W,0,-1.2677374,0.09334073215723038,0.9767711758613586,0.9487804770469666
YAL011W,YBR084W,0,-1.268892,0.09333037585020065,0.9767711758613586,0.9488966464996338
YBL057C,YHR019C,0,-1.2690046,0.09332001954317093,0.9767711758613586,0.9490127563476562
YGL189C,YPR041W,0,-1.2694647,0.0933096632361412,0.9767711758613586,0.9491289258003235
YDR091C,YDR385W,0,-1.2699138,0.09329931437969208,0.9767711758613586,0.949245035648346
YKL033W,YNL096C,0,-1.269942,0.09328896552324295,0.9767711758613586,0.9493612051010132
YMR154C,YPL190C,0,-1.2699908,0.09327861666679382,0.9767711758613586,0.9494773745536804
YHR065C,YLR015W,0,-1.270033,0.0932682678103447,0.9767711758613586,0.9495934844017029
YDR464W,YOR272W,0,-1.2706654,0.09325792640447617,0.9767711758613586,0.9497096538543701
YLR234W,YMR293C,0,-1.2706686,0.09324758499860764,0.9767711758613586,0.9498257637023926
YMR306W,YPR134W,0,-1.2720916,0.0932372510433197,0.9767711758613586,0.9499419331550598
YGL076C,YGR283C,0,-1.2721027,0.09322691708803177,0.9767711758613586,0.9500580430030823
YHR148W,YOL137W,0,-1.2726005,0.09321658313274384,0.9767711758613586,0.9501742124557495
YFR027W,YBR228W,0,-1.2730479,0.0932062491774559,0.9767711758613586,0.9502903819084167
YNL233W,YEL018W,0,-1.2734181,0.09319592267274857,0.9767711758613586,0.9504064917564392
YHR194W,YIR037W,0,-1.2739882,0.09318559616804123,0.9767711758613586,0.9505226612091064
YER109C,YHR084W,1,-1.2754383,0.09328605979681015,0.9779326319694519,0.9505226612091064
YBL025W,YMR079W,0,-1.2759509,0.09327572584152222,0.9779326319694519,0.9506387710571289
YKL134C,YCR024C,0,-1.2763158,0.09326539933681488,0.9779326319694519,0.9507549405097961
YGR191W,YML011C,0,-1.2765743,0.09325506538152695,0.9779326319694519,0.9508710503578186
YGL175C,YJL106W,0,-1.2770346,0.09324473887681961,0.9779326319694519,0.9509872198104858
YLL035W,YMR232W,0,-1.2773352,0.09323441237211227,0.9779326319694519,0.9511033892631531
YLR095C,YBL106C,0,-1.277383,0.09322409331798553,0.9779326319694519,0.9512194991111755
YDR147W,YNL206C,0,-1.2777073,0.0932137742638588,0.9779326319694519,0.9513356685638428
YKL156W,YML082W,0,-1.2778947,0.09320345520973206,0.9779326319694519,0.9514517784118652
YLR258W,YIL154C,0,-1.2782507,0.09319313615560532,0.9779326319694519,0.9515679478645325
YOL069W,YLR423C,0,-1.2784781,0.09318282455205917,0.9779326319694519,0.9516841173171997
YHL022C,YBR290W,0,-1.278511,0.09317251294851303,0.9779326319694519,0.9518002271652222
YGR008C,YGL006W,0,-1.2786043,0.09316220134496689,0.9779326319694519,0.9519163966178894
YDR384C,YKR093W,0,-1.2788758,0.09315189719200134,0.9779326319694519,0.9520325064659119
YGR080W,YKL091C,0,-1.2797426,0.0931415930390358,0.9779326319694519,0.9521486759185791
YPL233W,YOR354C,0,-1.2800307,0.09313128888607025,0.9779326319694519,0.9522647857666016
YFL024C,YGR109C,0,-1.2802678,0.0931209921836853,0.9779326319694519,0.9523809552192688
YDR361C,YML010W,0,-1.280777,0.09311069548130035,0.9779326319694519,0.952497124671936
YER113C,YHL007C,1,-1.2812709,0.09321096539497375,0.9790940880775452,0.952497124671936
YPL183C,YNL161W,0,-1.2813953,0.09320066124200821,0.9790940880775452,0.9526132345199585
YMR230W,YJR150C,0,-1.2820079,0.09319035708904266,0.9790940880775452,0.9527294039726257
YPL169C,YHR062C,0,-1.2823828,0.09318006038665771,0.9790940880775452,0.9528455138206482
YCL048W,YKL195W,0,-1.2827898,0.09316976368427277,0.9790940880775452,0.9529616832733154
YLR409C,YBR164C,0,-1.2836028,0.09315946698188782,0.9790940880775452,0.9530777931213379
YKR022C,YJR150C,0,-1.2838005,0.09314917027950287,0.9790940880775452,0.9531939625740051
YBL025W,YGL099W,0,-1.2841014,0.09313888102769852,0.9790940880775452,0.9533101320266724
YJL054W,YBR152W,0,-1.2842833,0.09312859177589417,0.9790940880775452,0.9534262418746948
YMR277W,YML011C,0,-1.2844086,0.09311830252408981,0.9790940880775452,0.9535424113273621
YHR079C-A,YOL007C,0,-1.2846519,0.09310802072286606,0.9790940880775452,0.9536585211753845
YCR073C,YPR082C,0,-1.2851163,0.0930977389216423,0.9790940880775452,0.9537746906280518
YPR066W,YFL055W,0,-1.2852262,0.09308745712041855,0.9790940880775452,0.9538908004760742
YCR086W,YJR022W,0,-1.2853935,0.0930771753191948,0.9790940880775452,0.9540069699287415
YPL189W,YOL156W,0,-1.2862328,0.09306690096855164,0.9790940880775452,0.9541231393814087
YGR108W,YKL138C,0,-1.2871242,0.09305662661790848,0.9790940880775452,0.9542392492294312
YGL246C,YER060W-A,0,-1.2872616,0.09304635971784592,0.9790940880775452,0.9543554186820984
YJL137C,YPR134W,0,-1.2874072,0.09303608536720276,0.9790940880775452,0.9544715285301208
YLR003C,YOL149W,0,-1.2887962,0.0930258184671402,0.9790940880775452,0.9545876979827881
YIL119C,YBR112C,0,-1.2889073,0.09301555901765823,0.9790940880775452,0.9547038078308105
YAL051W,YFR044C,0,-1.2896882,0.09300529211759567,0.9790940880775452,0.9548199772834778
YHR172W,YDR540C,0,-1.2897187,0.09299503266811371,0.9790940880775452,0.954936146736145
YHR128W,YOL140W,0,-1.2897692,0.09298478066921234,0.9790940880775452,0.9550522565841675
YER036C,YPL079W,0,-1.2900492,0.09297452121973038,0.9790940880775452,0.9551684260368347
YBR136W,YHR201C,0,-1.2913703,0.09296426922082901,0.9790940880775452,0.9552845358848572
YIL008W,YHL007C,1,-1.2918547,0.09306428581476212,0.9802555441856384,0.9552845358848572
YBR299W,YJR135C,0,-1.2920258,0.09305402636528015,0.9802555441856384,0.9554007053375244
YHR006W,YKR097W,0,-1.2926971,0.09304376691579819,0.9802555441856384,0.9555168151855469
YDR184C,YBR164C,0,-1.2929496,0.09303350746631622,0.9802555441856384,0.9556329846382141
YJL073W,YJL033W,0,-1.2930672,0.09302325546741486,0.9802555441856384,0.9557491540908813
YKL055C,YER126C,0,-1.2933235,0.09301300346851349,0.9802555441856384,0.9558652639389038
YMR052W,YLR459W,0,-1.2934924,0.09300275146961212,0.9802555441856384,0.955981433391571
YDR341C,YLR263W,0,-1.2935414,0.09299250692129135,0.9802555441856384,0.9560975432395935
YDL213C,YEL046C,0,-1.2942712,0.09298226237297058,0.9802555441856384,0.9562137126922607
YHR153C,YAL014C,0,-1.2945876,0.09297201782464981,0.9802555441856384,0.9563298225402832
YER139C,YNL185C,0,-1.2952108,0.09296178072690964,0.9802555441856384,0.9564459919929504
YPL032C,YMR242C,0,-1.2969097,0.09295154362916946,0.9802555441856384,0.9565621614456177
YIR033W,YPL256C,0,-1.2976109,0.09294130653142929,0.9802555441856384,0.9566782712936401
YER109C,YDL159W,1,-1.2976927,0.09304118156433105,0.9814169406890869,0.9566782712936401
YDR013W,YGR162W,0,-1.2981124,0.09303093701601028,0.9814169406890869,0.9567944407463074
YCR067C,YLR054C,0,-1.2981238,0.09302069246768951,0.9814169406890869,0.9569105505943298
YMR211W,YLR406C,0,-1.2994007,0.09301045536994934,0.9814169406890869,0.9570267200469971
YBL097W,YDR126W,0,-1.3001072,0.09300021827220917,0.9814169406890869,0.9571428298950195
YHR178W,YHR067W,0,-1.3004249,0.09298998862504959,0.9814169406890869,0.9572589993476868
YOR080W,YNL119W,1,-1.3007405,0.09308978915214539,0.9825783967971802,0.9572589993476868
YJR129C,YJL122W,0,-1.3010511,0.09307954460382462,0.9825783967971802,0.957375168800354
YLR084C,YKR095W,0,-1.3010627,0.09306930750608444,0.9825783967971802,0.9574912786483765
YOL020W,YOR001W,0,-1.3017918,0.09305907040834427,0.9825783967971802,0.9576074481010437
YGL191W,YFL041W,0,-1.3026494,0.0930488333106041,0.9825783967971802,0.9577235579490662
YDR302W,YDR190C,0,-1.3031486,0.09303860366344452,0.9825783967971802,0.9578397274017334
YKL125W,YPR033C,0,-1.3034543,0.09302837401628494,0.9825783967971802,0.9579558372497559
YHR147C,YPR021C,0,-1.3045067,0.09301814436912537,0.9825783967971802,0.9580720067024231
YHL016C,YDR443C,0,-1.3047587,0.09300791472196579,0.9825783967971802,0.9581881761550903
YGL213C,YGL078C,0,-1.30503,0.09299769252538681,0.9825783967971802,0.9583042860031128
YNL329C,YLR059C,0,-1.3055315,0.09298747032880783,0.9825783967971802,0.95842045545578
YHR031C,YMR274C,0,-1.306399,0.09297724813222885,0.9825783967971802,0.9585365653038025
YGR108W,YDR058C,0,-1.3065859,0.09296703338623047,0.9825783967971802,0.9586527347564697
YLR048W,YGR120C,0,-1.3079329,0.09295681864023209,0.9825783967971802,0.9587688446044922
YBL006C,YNL067W,0,-1.3081969,0.0929466038942337,0.9825783967971802,0.9588850140571594
YDR085C,YIL099W,0,-1.3087947,0.09293639659881592,0.9825783967971802,0.9590011835098267
YNL272C,YNL209W,0,-1.3090777,0.09292618930339813,0.9825783967971802,0.9591172933578491
YJL003W,YJR019C,0,-1.3093287,0.09291598200798035,0.9825783967971802,0.9592334628105164
YDR031W,YER119C,0,-1.3093712,0.09290577471256256,0.9825783967971802,0.9593495726585388
YDL130W-A,YIL099W,0,-1.3101091,0.09289557486772537,0.9825783967971802,0.959465742111206
YBL038W,YOR003W,0,-1.3103858,0.09288537502288818,0.9825783967971802,0.9595818519592285
YNL272C,YBL097W,0,-1.3108568,0.092875175178051,0.9825783967971802,0.9596980214118958
YLR083C,YHL007C,1,-1.3109676,0.09297475218772888,0.9837398529052734,0.9596980214118958
YNL112W,YKL045W,0,-1.3112237,0.0929645448923111,0.9837398529052734,0.959814190864563
YCR092C,YLR045C,0,-1.3114221,0.09295434504747391,0.9837398529052734,0.9599303007125854
YGR129W,YBR258C,0,-1.3122396,0.09294414520263672,0.9837398529052734,0.9600464701652527
YER016W,YPL111W,0,-1.3123233,0.09293394535779953,0.9837398529052734,0.9601625800132751
YOL078W,YOR068C,0,-1.3126833,0.09292375296354294,0.9837398529052734,0.9602787494659424
YNR011C,YIL022W,0,-1.3140075,0.09291356056928635,0.9837398529052734,0.9603949189186096
YHR141C,YKL191W,0,-1.3140883,0.09290336817502975,0.9837398529052734,0.9605110287666321
YBL024W,YJR152W,0,-1.3141085,0.09289317578077316,0.9837398529052734,0.9606271982192993
YPL124W,YJR076C,0,-1.3171072,0.09288299083709717,0.9837398529052734,0.9607433080673218
YLR430W,YLL052C,0,-1.3177938,0.09287280589342117,0.9837398529052734,0.960859477519989
YGR188C,YLR032W,0,-1.3185886,0.09286262840032578,0.9837398529052734,0.9609755873680115
YGL224C,YDL104C,0,-1.3189429,0.09285244345664978,0.9837398529052734,0.9610917568206787
YPL092W,YMR188C,0,-1.3208599,0.09284226596355438,0.9837398529052734,0.961207926273346
YER113C,YDL159W,1,-1.3213917,0.09294169396162033,0.9849012494087219,0.961207926273346
YML027W,YBL005W,0,-1.3218337,0.09293150901794434,0.9849012494087219,0.9613240361213684
YNL279W,YMR021C,0,-1.3226668,0.09292132407426834,0.9849012494087219,0.9614402055740356
YPR046W,YOR063W,0,-1.3230487,0.09291113913059235,0.9849012494087219,0.9615563154220581
YHR011W,YJL089W,1,-1.3242105,0.09301051497459412,0.9860627055168152,0.9615563154220581
YLR368W,YIR013C,0,-1.3248552,0.09300033003091812,0.9860627055168152,0.9616724848747253
YDL135C,YOR003W,0,-1.3257023,0.09299014508724213,0.9860627055168152,0.9617885947227478
YDR097C,YJL092W,0,-1.3259575,0.09297996014356613,0.9860627055168152,0.961904764175415
YLR089C,YGR065C,0,-1.3268603,0.09296977519989014,0.9860627055168152,0.9620209336280823
YBR094W,YIL037C,0,-1.3272967,0.09295959770679474,0.9860627055168152,0.9621370434761047
YOR337W,YAL003W,0,-1.3274337,0.09294942021369934,0.9860627055168152,0.962253212928772
YDR101C,YNL111C,0,-1.3279461,0.09293924272060394,0.9860627055168152,0.9623693227767944
YPR184W,YDL181W,0,-1.328565,0.09292907267808914,0.9860627055168152,0.9624854922294617
YLR060W,YDR515W,0,-1.328699,0.09291890263557434,0.9860627055168152,0.9626016020774841
YGL064C,YML113W,0,-1.328861,0.09290873259305954,0.9860627055168152,0.9627177715301514
YNL009W,YER144C,0,-1.3289728,0.09289857000112534,0.9860627055168152,0.9628339409828186
YML026C,YNL264C,0,-1.3293892,0.09288839995861053,0.9860627055168152,0.9629500508308411
YHR190W,YKL091C,0,-1.3297188,0.09287823736667633,0.9860627055168152,0.9630662202835083
YHR196W,YLR451W,0,-1.3303914,0.09286808222532272,0.9860627055168152,0.9631823301315308
YER113C,YNL119W,1,-1.3325607,0.09296729415655136,0.9872241616249084,0.9631823301315308
YDL080C,YMR290C,0,-1.3332263,0.09295713156461716,0.9872241616249084,0.963298499584198
YLR319C,YER174C,0,-1.3333198,0.09294696897268295,0.9872241616249084,0.9634146094322205
YHR178W,YOR367W,0,-1.3334254,0.09293680638074875,0.9872241616249084,0.9635307788848877
YML058W,YOL115W,0,-1.334933,0.09292664378881454,0.9872241616249084,0.9636469483375549
YKL065C,YLR258W,0,-1.3356282,0.09291648119688034,0.9872241616249084,0.9637630581855774
YIL015W,YBR228W,0,-1.3358155,0.09290632605552673,0.9872241616249084,0.9638792276382446
YML107C,YGL040C,0,-1.3362662,0.09289617836475372,0.9872241616249084,0.9639953374862671
YPL132W,YKR013W,0,-1.3370503,0.09288602322340012,0.9872241616249084,0.9641115069389343
YHR128W,YJL014W,0,-1.3380243,0.0928758755326271,0.9872241616249084,0.9642276167869568
YDR312W,YLR372W,0,-1.3391473,0.0928657278418541,0.9872241616249084,0.964343786239624
YFR028C,YDR156W,0,-1.3391486,0.09285558015108109,0.9872241616249084,0.9644599556922913
YMR256C,YDR116C,0,-1.3406237,0.09284543991088867,0.9872241616249084,0.9645760655403137
YMR116C,YHL007C,1,-1.3410124,0.09294451773166656,0.9883856177330017,0.9645760655403137
YBR038W,YBR152W,0,-1.3425214,0.09293437004089355,0.9883856177330017,0.964692234992981
YCL016C,YDL060W,0,-1.343561,0.09292422235012054,0.9883856177330017,0.9648083448410034
YHR011W,YAL056W,1,-1.3440388,0.09302325546741486,0.9895470142364502,0.9648083448410034
YGL234W,YHR120W,0,-1.3445926,0.09301310032606125,0.9895470142364502,0.9649245142936707
YPL266W,YML015C,0,-1.3454521,0.09300294518470764,0.9895470142364502,0.9650406241416931
YDR143C,YML027W,0,-1.34595,0.09299279749393463,0.9895470142364502,0.9651567935943604
YMR127C,YCL061C,0,-1.3468062,0.09298264980316162,0.9895470142364502,0.9652729630470276
YGR108W,YKL002W,0,-1.3469394,0.09297250211238861,0.9895470142364502,0.96538907289505
YBR162W-A,YPL239W,0,-1.3478912,0.0929623544216156,0.9895470142364502,0.9655052423477173
YCL069W,YGL032C,0,-1.3483639,0.09295221418142319,0.9895470142364502,0.9656213521957397
YDR343C,YBL064C,0,-1.3489498,0.09294207394123077,0.9895470142364502,0.965737521648407
YLR185W,YJR041C,0,-1.3496276,0.09293193370103836,0.9895470142364502,0.9658536314964294
YGL251C,YBL097W,0,-1.349801,0.09292180091142654,0.9895470142364502,0.9659698009490967
YOR337W,YDR408C,0,-1.3498356,0.09291166812181473,0.9895470142364502,0.9660859704017639
YPL237W,YDR440W,0,-1.3531035,0.09290153533220291,0.9895470142364502,0.9662020802497864
YKR086W,YDR234W,0,-1.3531245,0.09289140999317169,0.9895470142364502,0.9663182497024536
YNL112W,YDR253C,0,-1.3542931,0.09288128465414047,0.9895470142364502,0.9664343595504761
YML013W,YGL001C,0,-1.3544314,0.09287115931510925,0.9895470142364502,0.9665505290031433
YFR028C,YHR201C,0,-1.3545902,0.09286103397607803,0.9895470142364502,0.9666666388511658
YFL055W,YOL033W,0,-1.3550804,0.09285091608762741,0.9895470142364502,0.966782808303833
YER070W,YLR315W,0,-1.3551096,0.09284079819917679,0.9895470142364502,0.9668989777565002
YNR054C,YIL022W,0,-1.3563038,0.09283068031072617,0.9895470142364502,0.9670150876045227
YJL111W,YPL266W,0,-1.356914,0.09282056987285614,0.9895470142364502,0.9671312570571899
YKL014C,YNL161W,0,-1.3592092,0.09281045943498611,0.9895470142364502,0.9672473669052124
YDR439W,YER032W,0,-1.3599366,0.09280034899711609,0.9895470142364502,0.9673635363578796
YOR334W,YCL026C-A,0,-1.3599784,0.09279023855924606,0.9895470142364502,0.9674796462059021
YIR013C,YCR053W,0,-1.3602492,0.09278013557195663,0.9895470142364502,0.9675958156585693
YMR048W,YDL069C,0,-1.3612881,0.0927700325846672,0.9895470142364502,0.9677119851112366
YPL156C,YPL135W,0,-1.3617535,0.09275993704795837,0.9895470142364502,0.967828094959259
YNR045W,YKR097W,0,-1.3619016,0.09274983406066895,0.9895470142364502,0.9679442644119263
YDR439W,YBL054W,0,-1.3629363,0.09273973852396011,0.9895470142364502,0.9680603742599487
YFL056C,YPR009W,0,-1.3657343,0.09272965043783188,0.9895470142364502,0.968176543712616
YKR065C,YLR193C,0,-1.3675704,0.09271955490112305,0.9895470142364502,0.9682926535606384
YHR108W,YBR164C,0,-1.3682269,0.09270946681499481,0.9895470142364502,0.9684088230133057
YBL024W,YBR213W,0,-1.3683952,0.09269937872886658,0.9895470142364502,0.9685249924659729
YHR149C,YCR094W,0,-1.3684353,0.09268929809331894,0.9895470142364502,0.9686411023139954
YFL037W,YPL164C,0,-1.3697718,0.0926792100071907,0.9895470142364502,0.9687572717666626
YGL201C,YIR023W,0,-1.3705493,0.09266912937164307,0.9895470142364502,0.9688733816146851
YBR291C,YDR441C,0,-1.3705777,0.09265905618667603,0.9895470142364502,0.9689895510673523
YOR205C,YKR094C,0,-1.3721715,0.09264897555112839,0.9895470142364502,0.9691057205200195
YOL105C,YDR438W,0,-1.373506,0.09263890236616135,0.9895470142364502,0.969221830368042
YHR207C,YKL081W,0,-1.3735498,0.0926288291811943,0.9895470142364502,0.9693379998207092
YLR249W,YJL138C,0,-1.3736691,0.09261876344680786,0.9895470142364502,0.9694541096687317
YPL230W,YKL194C,0,-1.3748649,0.09260869771242142,0.9895470142364502,0.9695702791213989
YGL061C,YGL201C,0,-1.3768268,0.09259863197803497,0.9895470142364502,0.9696863889694214
YJL010C,YAR015W,0,-1.3779408,0.09258856624364853,0.9895470142364502,0.9698025584220886
YNR027W,YGR094W,0,-1.3792058,0.09257850795984268,0.9895470142364502,0.9699187278747559
YHR205W,YKL089W,0,-1.3795613,0.09256844967603683,0.9895470142364502,0.9700348377227783
YBL087C,YLR405W,0,-1.3797473,0.09255839139223099,0.9895470142364502,0.9701510071754456
YOR058C,YDR356W,0,-1.3800281,0.09254834055900574,0.9895470142364502,0.970267117023468
YHR124W,YGL064C,0,-1.3808731,0.09253828972578049,0.9895470142364502,0.9703832864761353
YDR143C,YKR024C,0,-1.3814846,0.09252823889255524,0.9895470142364502,0.9704993963241577
YJR042W,YDR500C,0,-1.3841755,0.09251818805932999,0.9895470142364502,0.970615565776825
YPL146C,YGR140W,0,-1.3850325,0.09250814467668533,0.9895470142364502,0.9707317352294922
YPR018W,YMR217W,0,-1.3853549,0.09249810129404068,0.9895470142364502,0.9708478450775146
YNL210W,YHR079C-A,0,-1.3857619,0.09248805791139603,0.9895470142364502,0.9709640145301819
YGR047C,YOR369C,0,-1.3860601,0.09247802197933197,0.9895470142364502,0.9710801243782043
YPL237W,YHR118C,0,-1.3863204,0.09246798604726791,0.9895470142364502,0.9711962938308716
YOR116C,YML113W,0,-1.387368,0.09245795011520386,0.9895470142364502,0.971312403678894
YHL016C,YLR369W,0,-1.3874398,0.0924479141831398,0.9895470142364502,0.9714285731315613
YOR373W,YKR010C,0,-1.388208,0.09243788570165634,0.9895470142364502,0.9715447425842285
YDR490C,YPR140W,0,-1.3892282,0.09242785722017288,0.9895470142364502,0.971660852432251
YIL101C,YLR345W,0,-1.3906677,0.09241783618927002,0.9895470142364502,0.9717770218849182
YCR010C,YJR019C,0,-1.3920647,0.09240780770778656,0.9895470142364502,0.9718931317329407
YOR144C,YLR084C,0,-1.3921031,0.0923977866768837,0.9895470142364502,0.9720093011856079
YMR198W,YGR192C,0,-1.3939532,0.09238776564598083,0.9895470142364502,0.9721254110336304
YFR007W,YHL004W,0,-1.3953773,0.09237775206565857,0.9895470142364502,0.9722415804862976
YOR242C,YLR221C,0,-1.3964674,0.0923677384853363,0.9895470142364502,0.9723577499389648
YDL201W,YNL233W,0,-1.3969196,0.09235772490501404,0.9895470142364502,0.9724738597869873
YMR052W,YCR072C,0,-1.3978981,0.09234771132469177,0.9895470142364502,0.9725900292396545
YIR008C,YNL112W,0,-1.3988023,0.0923377051949501,0.9895470142364502,0.972706139087677
YIL148W,YOR078W,0,-1.3990238,0.09232769906520844,0.9895470142364502,0.9728223085403442
YER007C-A,YBR191W,0,-1.3999263,0.09231769293546677,0.9895470142364502,0.9729384183883667
YPL032C,YMR017W,0,-1.4000139,0.0923076942563057,0.9895470142364502,0.9730545878410339
YPL249C-A,YMR260C,0,-1.4008498,0.09229769557714462,0.9895470142364502,0.9731707572937012
YLR223C,YGL211W,0,-1.4016796,0.09228769689798355,0.9895470142364502,0.9732868671417236
YKL056C,YBR055C,0,-1.4018943,0.09227769821882248,0.9895470142364502,0.9734030365943909
YDL102W,YFR038W,0,-1.4034687,0.092267706990242,0.9895470142364502,0.9735191464424133
YPL126W,YAL042W,0,-1.4047929,0.09225771576166153,0.9895470142364502,0.9736353158950806
YMR131C,YML023C,0,-1.405361,0.09224772453308105,0.9895470142364502,0.973751425743103
YLR210W,YOL149W,0,-1.4056126,0.09223774075508118,0.9895470142364502,0.9738675951957703
YDL067C,YPR155C,0,-1.4056892,0.0922277569770813,0.9895470142364502,0.9739837646484375
YNR053C,YOL147C,0,-1.4059349,0.09221777319908142,0.9895470142364502,0.97409987449646
YOR174W,YKL216W,0,-1.4061897,0.09220778942108154,0.9895470142364502,0.9742160439491272
YDR408C,YER082C,0,-1.4064565,0.09219781309366226,0.9895470142364502,0.9743321537971497
YJL003W,YJR121W,0,-1.4086071,0.09218783676624298,0.9895470142364502,0.9744483232498169
YJL125C,YPR033C,0,-1.4088535,0.0921778678894043,0.9895470142364502,0.9745644330978394
YJL051W,YLR439W,0,-1.4102207,0.09216789156198502,0.9895470142364502,0.9746806025505066
YOR249C,YDL030W,0,-1.4110519,0.09215792268514633,0.9895470142364502,0.9747967720031738
YHR011W,YGL208W,1,-1.4115683,0.09225611388683319,0.9907084703445435,0.9747967720031738
YBL009W,YCR035C,0,-1.4116962,0.09224613755941391,0.9907084703445435,0.9749128818511963
YOR026W,YGR094W,0,-1.411722,0.09223616123199463,0.9907084703445435,0.9750290513038635
YAL012W,YOR210W,0,-1.4120604,0.09222618490457535,0.9907084703445435,0.975145161151886
YER033C,YLL006W,0,-1.4127839,0.09221621602773666,0.9907084703445435,0.9752613306045532
YGL100W,YOL125W,0,-1.4143311,0.09220624715089798,0.9907084703445435,0.9753774404525757
YKL134C,YJR113C,0,-1.4164021,0.0921962782740593,0.9907084703445435,0.9754936099052429
YKL016C,YBR122C,0,-1.4165198,0.09218631684780121,0.9907084703445435,0.9756097793579102
YKL132C,YBR181C,0,-1.4173027,0.09217635542154312,0.9907084703445435,0.9757258892059326
YNR001C,YGR189C,0,-1.4181293,0.09216639399528503,0.9907084703445435,0.9758420586585999
YHR006W,YML060W,0,-1.4189967,0.09215644001960754,0.9907084703445435,0.9759581685066223
YHR070W,YHR021C,0,-1.4204382,0.09214648604393005,0.9907084703445435,0.9760743379592896
YHR216W,YHR010W,0,-1.4230331,0.09213653206825256,0.9907084703445435,0.976190447807312
YGL017W,YLR318W,0,-1.4241425,0.09212657809257507,0.9907084703445435,0.9763066172599792
YDL102W,YGR082W,0,-1.4246365,0.09211663156747818,0.9907084703445435,0.9764227867126465
YNL188W,YOL115W,0,-1.4285451,0.09210668504238129,0.9907084703445435,0.976538896560669
YHR149C,YBR267W,0,-1.4305683,0.0920967385172844,0.9907084703445435,0.9766550660133362
YGR283C,YOR359W,0,-1.433777,0.0920867994427681,0.9907084703445435,0.9767711758613586
YMR015C,YKR013W,0,-1.4358294,0.0920768603682518,0.9907084703445435,0.9768873453140259
YFL018C,YGR049W,0,-1.4375101,0.0920669212937355,0.9907084703445435,0.9770034551620483
YGR057C,YOR141C,0,-1.4386865,0.09205698221921921,0.9907084703445435,0.9771196246147156
YDR280W,YGR078C,0,-1.4391512,0.09204705059528351,0.9907084703445435,0.9772357940673828
YKL154W,YBR060C,0,-1.44132,0.09203711897134781,0.9907084703445435,0.9773519039154053
YPR110C,YOR233W,0,-1.4433601,0.09202718734741211,0.9907084703445435,0.9774680733680725
YLR022C,YBR060C,0,-1.4435861,0.092017263174057,0.9907084703445435,0.977584183216095
YDR399W,YGR123C,0,-1.444724,0.09200733155012131,0.9907084703445435,0.9777003526687622
YNL328C,YGR028W,0,-1.4462595,0.0919974148273468,0.9907084703445435,0.9778165221214294
YGL055W,YFL018C,0,-1.4469866,0.0919874906539917,0.9907084703445435,0.9779326319694519
YIL008W,YMR116C,1,-1.4482037,0.09208539873361588,0.9918699264526367,0.9779326319694519
YGL076C,YDR478W,0,-1.4492122,0.09207547456026077,0.9918699264526367,0.9780488014221191
YOR095C,YOR046C,0,-1.4497832,0.09206554293632507,0.9918699264526367,0.9781649112701416
YDL067C,YGR279C,0,-1.4543103,0.09205561876296997,0.9918699264526367,0.9782810807228088
YCR065W,YDR501W,0,-1.4544308,0.09204570204019547,0.9918699264526367,0.9783971905708313
YGL243W,YFR034C,0,-1.4548221,0.09203577786684036,0.9918699264526367,0.9785133600234985
YJL091C,YJR022W,0,-1.4548771,0.09202586114406586,0.9918699264526367,0.9786295294761658
YDR237W,YDL181W,0,-1.455502,0.09201594442129135,0.9918699264526367,0.9787456393241882
YBL035C,YPR052C,0,-1.4567927,0.09200603514909744,0.9918699264526367,0.9788618087768555
YDR021W,YDR045C,0,-1.4588386,0.09199611842632294,0.9918699264526367,0.9789779186248779
YLR060W,YER036C,0,-1.4608475,0.09198620915412903,0.9918699264526367,0.9790940880775452
YKR099W,YOR119C,0,-1.4630531,0.09197630733251572,0.9918699264526367,0.9792101979255676
YKL029C,YLR002C,0,-1.4634548,0.09196639806032181,0.9918699264526367,0.9793263673782349
YNR054C,YOL092W,0,-1.4650848,0.0919564962387085,0.9918699264526367,0.9794425368309021
YOL065C,YAL010C,0,-1.4718257,0.09194659441709518,0.9918699264526367,0.9795586466789246
YBR185C,YOR003W,0,-1.4722798,0.09193670004606247,0.9918699264526367,0.9796748161315918
YHR036W,YPL249C-A,0,-1.4750749,0.09192680567502975,0.9918699264526367,0.9797909259796143
YNR027W,YLR276C,0,-1.475864,0.09191691130399704,0.9918699264526367,0.9799070954322815
YLR327C,YBR149W,0,-1.4784408,0.09190701693296432,0.9918699264526367,0.980023205280304
YJR002W,YDL235C,0,-1.4794925,0.09189713001251221,0.9918699264526367,0.9801393747329712
YGR188C,YMR052W,0,-1.4797674,0.09188723564147949,0.9918699264526367,0.9802555441856384
YPR016C,YLR249W,0,-1.4813839,0.09187735617160797,0.9918699264526367,0.9803716540336609
YDR437W,YDL069C,0,-1.4870237,0.09186746925115585,0.9918699264526367,0.9804878234863281
YBR084W,YPL037C,0,-1.4877802,0.09185758978128433,0.9918699264526367,0.9806039333343506
YHR196W,YBR091C,0,-1.488343,0.09184771031141281,0.9918699264526367,0.9807201027870178
YDR147W,YDR087C,0,-1.491349,0.09183783084154129,0.9918699264526367,0.9808362126350403
YPL045W,YHR178W,0,-1.4914615,0.09182795882225037,0.9918699264526367,0.9809523820877075
YDR450W,YBR085W,0,-1.4915227,0.09181808680295944,0.9918699264526367,0.9810685515403748
YFR038W,YBR085W,0,-1.4935104,0.09180821478366852,0.9918699264526367,0.9811846613883972
YNL233W,YMR094W,0,-1.4972783,0.0917983427643776,0.9918699264526367,0.9813008308410645
YEL061C,YLR127C,0,-1.4990592,0.09178847819566727,0.9918699264526367,0.9814169406890869
YOR386W,YBR139W,0,-1.5002937,0.09177861362695694,0.9918699264526367,0.9815331101417542
YDL064W,YML077W,0,-1.5026246,0.09176874905824661,0.9918699264526367,0.9816492199897766
YCL063W,YBR094W,0,-1.5026419,0.09175889194011688,0.9918699264526367,0.9817653894424438
YDR376W,YHR178W,0,-1.5036093,0.09174903482198715,0.9918699264526367,0.9818815588951111
YPL210C,YBR060C,0,-1.5040644,0.09173917770385742,0.9918699264526367,0.9819976687431335
YDL220C,YPL103C,0,-1.5100573,0.09172932058572769,0.9918699264526367,0.9821138381958008
YOR065W,YNL083W,0,-1.5118176,0.09171947091817856,0.9918699264526367,0.9822299480438232
YLR441C,YER118C,0,-1.5161636,0.09170962125062943,0.9918699264526367,0.9823461174964905
YHL013C,YPL047W,0,-1.5170783,0.09169977158308029,0.9918699264526367,0.9824622273445129
YER007C-A,YNR012W,0,-1.5208907,0.09168992936611176,0.9918699264526367,0.9825783967971802
YBR092C,YHR021C,0,-1.5232375,0.09168008714914322,0.9918699264526367,0.9826945662498474
YPR010C,YOL034W,0,-1.5251293,0.09167024493217468,0.9918699264526367,0.9828106760978699
YKR099W,YNL227C,0,-1.5286589,0.09166040271520615,0.9918699264526367,0.9829268455505371
YJL115W,YHR128W,0,-1.5293027,0.0916505679488182,0.9918699264526367,0.9830429553985596
YJL098W,YMR243C,0,-1.5296552,0.09164073318243027,0.9918699264526367,0.9831591248512268
YIL113W,YKL163W,0,-1.5303311,0.09163089841604233,0.9918699264526367,0.9832752346992493
YDR190C,YDR023W,0,-1.5306169,0.09162107110023499,0.9918699264526367,0.9833914041519165
YKR072C,YPR169W,0,-1.5324106,0.09161124378442764,0.9918699264526367,0.9835075736045837
YDL003W,YAL059W,0,-1.5331584,0.0916014164686203,0.9918699264526367,0.9836236834526062
YJR132W,YHR088W,0,-1.5355676,0.09159158915281296,0.9918699264526367,0.9837398529052734
YOL139C,YLL011W,0,-1.5370768,0.09158176928758621,0.9918699264526367,0.9838559627532959
YPL012W,YPR009W,0,-1.5371891,0.09157194942235947,0.9918699264526367,0.9839721322059631
YER113C,YHR084W,1,-1.5390676,0.09166934341192245,0.99303138256073,0.9839721322059631
YMR116C,YLR083C,1,-1.5425597,0.09176672250032425,0.9941927790641785,0.9839721322059631
YGL067W,YKL132C,0,-1.5431548,0.09175688773393631,0.9941927790641785,0.9840882420539856
YDR032C,YDL091C,0,-1.543301,0.09174705296754837,0.9941927790641785,0.9842044115066528
YOR341W,YOR217W,0,-1.544101,0.09173721820116043,0.9941927790641785,0.9843205809593201
YGL078C,YML125C,0,-1.5449501,0.09172739088535309,0.9941927790641785,0.9844366908073425
YBR034C,YDR395W,0,-1.5475792,0.09171756356954575,0.9941927790641785,0.9845528602600098
YOR064C,YGL255W,0,-1.5480727,0.0917077362537384,0.9941927790641785,0.9846689701080322
YOR065W,YHL004W,0,-1.5486871,0.09169790893793106,0.9941927790641785,0.9847851395606995
YHL016C,YDL104C,0,-1.5499748,0.09168808907270432,0.9941927790641785,0.9849012494087219
YHR065C,YOL149W,0,-1.5553068,0.09167826920747757,0.9941927790641785,0.9850174188613892
YJR075W,YHR170W,0,-1.5561483,0.09166844934225082,0.9941927790641785,0.9851335883140564
YOR348C,YNR016C,0,-1.5562762,0.09165863692760468,0.9941927790641785,0.9852496981620789
YNL068C,YDL191W,0,-1.5637518,0.09164882451295853,0.9941927790641785,0.9853658676147461
YDL082W,YPL254W,0,-1.5643535,0.09163901209831238,0.9941927790641785,0.9854819774627686
YNR038W,YBR104W,0,-1.5643885,0.09162919968366623,0.9941927790641785,0.9855981469154358
YGL002W,YDL103C,0,-1.5773731,0.09161939471960068,0.9941927790641785,0.9857142567634583
YDR198C,YDR412W,0,-1.5786873,0.09160958975553513,0.9941927790641785,0.9858304262161255
YKL120W,YKR099W,0,-1.5829257,0.09159978479146957,0.9941927790641785,0.9859465956687927
YOR210W,YPR041W,0,-1.5973985,0.09158998727798462,0.9941927790641785,0.9860627055168152
YLR014C,YDR165W,0,-1.6019893,0.09158018976449966,0.9941927790641785,0.9861788749694824
YNL113W,YBL027W,0,-1.6029214,0.09157039225101471,0.9941927790641785,0.9862949848175049
YPL227C,YGL099W,0,-1.6033417,0.09156059473752975,0.9941927790641785,0.9864111542701721
YBL024W,YER086W,0,-1.6079755,0.0915508046746254,0.9941927790641785,0.9865272641181946
YIL110W,YFL034C-A,0,-1.6085069,0.09154101461172104,0.9941927790641785,0.9866434335708618
YPL148C,YGR060W,0,-1.6090598,0.09153122454881668,0.9941927790641785,0.986759603023529
YAL035W,YKR024C,0,-1.6122011,0.09152143448591232,0.9941927790641785,0.9868757128715515
YJR064W,YDR101C,0,-1.6141998,0.09151165187358856,0.9941927790641785,0.9869918823242188
YJR077C,YHR001W-A,0,-1.6150638,0.0915018692612648,0.9941927790641785,0.9871079921722412
YMR142C,YOR188W,0,-1.6164232,0.09149209409952164,0.9941927790641785,0.9872241616249084
YJR067C,YBR142W,0,-1.6192762,0.09148231148719788,0.9941927790641785,0.9873403310775757
YJL048C,YKR046C,0,-1.620677,0.09147253632545471,0.9941927790641785,0.9874564409255981
YKL004W,YNL256W,0,-1.6230382,0.09146276116371155,0.9941927790641785,0.9875726103782654
YKL191W,YPL237W,0,-1.6233262,0.09145299345254898,0.9941927790641785,0.9876887202262878
YKL024C,YPL146C,0,-1.6289371,0.09144321829080582,0.9941927790641785,0.9878048896789551
YOR293W,YDR395W,0,-1.6299545,0.09143345803022385,0.9941927790641785,0.9879209995269775
YNR038W,YJL136C,0,-1.6315866,0.09142369031906128,0.9941927790641785,0.9880371689796448
YNL119W,YLR083C,1,-1.6343552,0.09152071923017502,0.9953542351722717,0.9880371689796448
YER007C-A,YDR120C,0,-1.6409763,0.09151094406843185,0.9953542351722717,0.988153338432312
YMR217W,YOR369C,0,-1.6428864,0.09150117635726929,0.9953542351722717,0.9882694482803345
YPR112C,YOL115W,0,-1.6457666,0.09149140864610672,0.9953542351722717,0.9883856177330017
YLR056W,YHR129C,0,-1.6477739,0.09148164093494415,0.9953542351722717,0.9885017275810242
YNL119W,YHR084W,1,-1.6604537,0.09157861024141312,0.996515691280365,0.9885017275810242
YOR252W,YGR140W,0,-1.6616112,0.09156883507966995,0.996515691280365,0.9886178970336914
YBR267W,YLR222C,0,-1.6649853,0.09155906736850739,0.996515691280365,0.9887340068817139
YPL266W,YOR295W,0,-1.6722523,0.09154929220676422,0.996515691280365,0.9888501763343811
YMR277W,YDR045C,0,-1.6747085,0.09153953194618225,0.996515691280365,0.9889663457870483
YKL194C,YOR037W,0,-1.6748196,0.09152976423501968,0.996515691280365,0.9890824556350708
YKR060W,YOR001W,0,-1.6757298,0.09151999652385712,0.996515691280365,0.989198625087738
YGL147C,YGL099W,0,-1.6767597,0.09151023626327515,0.996515691280365,0.9893147349357605
YDR123C,YGR162W,0,-1.6769892,0.09150048345327377,0.996515691280365,0.9894309043884277
YOL139C,YPR143W,0,-1.6774153,0.0914907231926918,0.996515691280365,0.9895470142364502
YPL157W,YLR384C,0,-1.6887752,0.09148097038269043,0.996515691280365,0.9896631836891174
YJR002W,YGR152C,0,-1.7020682,0.09147121757268906,0.996515691280365,0.9897793531417847
YNL119W,YHL007C,1,-1.7021096,0.09156806021928787,0.9976771473884583,0.9897793531417847
YFR007W,YEL050C,0,-1.7059597,0.0915582999587059,0.9976771473884583,0.9898954629898071
YOR252W,YPL081W,0,-1.7070136,0.09154854714870453,0.9976771473884583,0.9900116324424744
YHR062C,YDL209C,0,-1.7075132,0.09153878688812256,0.9976771473884583,0.9901277422904968
YLR212C,YNL151C,0,-1.709953,0.09152903407812119,0.9976771473884583,0.9902439117431641
YGL070C,YEL055C,0,-1.7103689,0.09151928126811981,0.9976771473884583,0.9903600215911865
YDR045C,YOR207C,0,-1.7140387,0.09150953590869904,0.9976771473884583,0.9904761910438538
YPR046W,YNL308C,0,-1.715219,0.09149979054927826,0.9976771473884583,0.990592360496521
YLR061W,YAL025C,0,-1.7163218,0.09149004518985748,0.9976771473884583,0.9907084703445435
YGL123W,YDL166C,0,-1.7203755,0.0914802998304367,0.9976771473884583,0.9908246397972107
YHR013C,YGL016W,0,-1.7319535,0.09147055447101593,0.9976771473884583,0.9909407496452332
YBL024W,YFR038W,0,-1.7387711,0.09146081656217575,0.9976771473884583,0.9910569190979004
YCL040W,YPL004C,0,-1.7470014,0.09145107865333557,0.9976771473884583,0.9911730289459229
YDL150W,YGR090W,0,-1.7471976,0.09144134819507599,0.9976771473884583,0.9912891983985901
YEL026W,YHR013C,0,-1.757033,0.09143161028623581,0.9976771473884583,0.9914053678512573
YKL113C,YDR412W,0,-1.7612132,0.09142187982797623,0.9976771473884583,0.9915214776992798
YOR312C,YBR084W,0,-1.7642332,0.09141214936971664,0.9976771473884583,0.991637647151947
YOL094C,YIL019W,0,-1.7657526,0.09140242636203766,0.9976771473884583,0.9917537569999695
YML065W,YJL148W,0,-1.7667345,0.09139270335435867,0.9976771473884583,0.9918699264526367
YLR060W,YHR013C,0,-1.7671278,0.09138298034667969,0.9976771473884583,0.9919860363006592
YDR025W,YPL143W,0,-1.7749362,0.0913732573390007,0.9976771473884583,0.9921022057533264
YNL256W,YNL151C,0,-1.775724,0.09136354178190231,0.9976771473884583,0.9922183752059937
YPL157W,YML060W,0,-1.7833698,0.09135382622480392,0.9976771473884583,0.9923344850540161
YDR384C,YNL075W,0,-1.7957097,0.09134411066770554,0.9976771473884583,0.9924506545066833
YDR365C,YDL075W,0,-1.8008199,0.09133439511060715,0.9976771473884583,0.9925667643547058
YDL082W,YLL036C,0,-1.8041912,0.09132468700408936,0.9976771473884583,0.992682933807373
YML060W,YOR207C,0,-1.8070982,0.09131497889757156,0.9976771473884583,0.9927990436553955
YBL064C,YOR374W,0,-1.8075842,0.09130527079105377,0.9976771473884583,0.9929152131080627
YML094W,YER110C,0,-1.8144318,0.09129557013511658,0.9976771473884583,0.99303138256073
YNL029C,YIR012W,0,-1.8166308,0.09128586947917938,0.9976771473884583,0.9931474924087524
YLR106C,YIR026C,0,-1.8266858,0.09127616882324219,0.9976771473884583,0.9932636618614197
YGR159C,YDR478W,0,-1.8304456,0.09126646816730499,0.9976771473884583,0.9933797717094421
YOR269W,YGL171W,0,-1.8371263,0.0912567749619484,0.9976771473884583,0.9934959411621094
YEL042W,YNL075W,0,-1.8464593,0.0912470817565918,0.9976771473884583,0.9936120510101318
YLR212C,YHR148W,0,-1.8668512,0.0912373885512352,0.9976771473884583,0.9937282204627991
YMR131C,YKR094C,0,-1.8808855,0.0912276953458786,0.9976771473884583,0.9938443899154663
YKL110C,YAL025C,0,-1.8882667,0.0912180095911026,0.9976771473884583,0.9939604997634888
YMR128W,YPR010C,0,-1.8930521,0.0912083238363266,0.9976771473884583,0.994076669216156
YMR014W,YDR465C,0,-1.9066749,0.0911986380815506,0.9976771473884583,0.9941927790641785
YER127W,YDR037W,0,-1.916543,0.0911889597773552,0.9976771473884583,0.9943089485168457
YIL008W,YNL119W,1,-1.9182433,0.09128542989492416,0.9988385438919067,0.9943089485168457
YLR069C,YMR188C,0,-1.9200131,0.09127573668956757,0.9988385438919067,0.9944250583648682
YOR361C,YDL075W,0,-1.9246093,0.09126605093479156,0.9988385438919067,0.9945412278175354
YCR047C,YPR169W,0,-1.9330939,0.09125636518001556,0.9988385438919067,0.9946573972702026
YOR293W,YLR175W,0,-1.9345349,0.09124668687582016,0.9988385438919067,0.9947735071182251
YPL207W,YOR271C,0,-1.9352506,0.09123700112104416,0.9988385438919067,0.9948896765708923
YHR143W-A,YGL099W,0,-1.9373499,0.09122732281684875,0.9988385438919067,0.9950057864189148
YGL123W,YLR150W,0,-1.9387182,0.09121765196323395,0.9988385438919067,0.995121955871582
YNL308C,YNL292W,0,-1.9402753,0.09120797365903854,0.9988385438919067,0.9952380657196045
YKL091C,YLR178C,0,-1.9445622,0.09119830280542374,0.9988385438919067,0.9953542351722717
YOR295W,YIR026C,0,-1.9501117,0.09118863195180893,0.9988385438919067,0.995470404624939
YDR237W,YKR085C,0,-1.9638039,0.09117896854877472,0.9988385438919067,0.9955865144729614
YOL021C,YKL021C,0,-1.9682766,0.09116929769515991,0.9988385438919067,0.9957026839256287
YLR196W,YGR090W,0,-1.9949075,0.0911596342921257,0.9988385438919067,0.9958187937736511
YPR112C,YJL190C,0,-2.0163314,0.09114997088909149,0.9988385438919067,0.9959349632263184
YMR116C,YNL119W,1,-2.0262926,0.09124629199504852,1.0,0.9959349632263184
YLL011W,YPL239W,0,-2.027559,0.09123662114143372,1.0,0.9960511326789856
YML113W,YGL078C,0,-2.0287955,0.0912269577383995,1.0,0.9961672425270081
YLR060W,YIL078W,0,-2.0442712,0.0912172868847847,1.0,0.9962834119796753
YNR038W,YNL164C,0,-2.0522492,0.09120762348175049,1.0,0.9963995218276978
YJR097W,YDL060W,0,-2.0591962,0.09119796752929688,1.0,0.996515691280365
YLR276C,YNL256W,0,-2.076124,0.09118830412626266,1.0,0.9966318011283875
YPL207W,YGL255W,0,-2.0869899,0.09117864817380905,1.0,0.9967479705810547
YOL097C,YDL191W,0,-2.0885084,0.09116899967193604,1.0,0.9968641400337219
YIL052C,YDL075W,0,-2.0925567,0.09115934371948242,1.0,0.9969802498817444
YNL256W,YNL132W,0,-2.1033864,0.0911496952176094,1.0,0.9970964193344116
YDL031W,YLR435W,0,-2.1067336,0.09114004671573639,1.0,0.9972125291824341
YER082C,YPL226W,0,-2.1258361,0.09113039821386337,1.0,0.9973286986351013
YHR196W,YLR003C,0,-2.133143,0.09112075716257095,1.0,0.9974448084831238
YOR004W,YDR324C,0,-2.1369438,0.09111110866069794,1.0,0.997560977935791
YMR230W,YOL077C,0,-2.1591609,0.09110146760940552,1.0,0.9976771473884583
YER127W,YIL110W,0,-2.2313197,0.0910918340086937,1.0,0.9977932572364807
YCL054W,YBL039C,0,-2.2383268,0.09108219295740128,1.0,0.997909426689148
YKL014C,YOR091W,0,-2.262667,0.09107255935668945,1.0,0.9980255365371704
YPL126W,YIR012W,0,-2.266631,0.09106293320655823,1.0,0.9981417059898376
YDR298C,YBL045C,0,-2.301593,0.0910532996058464,1.0,0.9982578158378601
YPR112C,YPL183C,0,-2.307415,0.09104367345571518,1.0,0.9983739852905273
YDL201W,YNL096C,0,-2.3564801,0.09103404730558395,1.0,0.9984901547431946
YGL029W,YIR012W,0,-2.3592489,0.09102442115545273,1.0,0.998606264591217
YIL103W,YDR087C,0,-2.3787296,0.0910148024559021,1.0,0.9987224340438843
YDR377W,YBR039W,0,-2.4295394,0.09100517630577087,1.0,0.9988385438919067
YHR169W,YOR004W,0,-2.4485135,0.09099555760622025,1.0,0.998954713344574
YDR365C,YOR056C,0,-2.4507544,0.09098594635725021,1.0,0.9990708231925964
YLR388W,YGR148C,0,-2.4794085,0.09097632765769958,1.0,0.9991869926452637
YNL112W,YHR070W,0,-2.4899297,0.09096671640872955,1.0,0.9993031620979309
YLR068W,YKR081C,0,-2.5289323,0.09095711261034012,1.0,0.9994192719459534
YNL308C,YER126C,0,-2.5361602,0.09094750136137009,1.0,0.9995354413986206
YPL043W,YDR087C,0,-2.551672,0.09093789756298065,1.0,0.9996515512466431
YMR131C,YHR169W,0,-2.696795,0.09092829376459122,1.0,0.9997677206993103
YNL248C,YNL075W,0,-3.001115,0.09091868996620178,1.0,0.9998838305473328
YPL126W,YGR159C,0,-3.0049207,0.09090909361839294,1.0,1.0
