Gene A,Gene B,Label,Score,Precision,Recall,False Positive Rate
YBR215W,YDR303C,1,-1.030463,1.0,0.0010000000474974513,0.0
YNL216W,YBR215W,1,-1.190226,1.0,0.0020000000949949026,0.0
YER129W,YKL113C,0,-1.1965473,0.6666666865348816,0.0020000000949949026,9.999999747378752e-05
YMR192W,YOR058C,0,-1.2065222,0.5,0.0020000000949949026,0.00019999999494757503
YDR140W,YMR213W,0,-1.2842658,0.4000000059604645,0.0020000000949949026,0.0003000000142492354
YDL159W,YOR259C,0,-1.2965257,0.3333333432674408,0.0020000000949949026,0.00039999998989515007
YGR072W,YLR115W,0,-1.3001469,0.2857142984867096,0.0020000000949949026,0.0005000000237487257
YDR121W,YDR334W,1,-1.3030756,0.375,0.003000000026077032,0.0005000000237487257
YOR261C,YDL159W,0,-1.3129637,0.3333333432674408,0.003000000026077032,0.0006000000284984708
YDR334W,YDR303C,1,-1.320236,0.4000000059604645,0.004000000189989805,0.0006000000284984708
YGR278W,YJL041W,0,-1.3468025,0.3636363744735718,0.004000000189989805,0.000699999975040555
YDR121W,YER030W,1,-1.3710349,0.4166666567325592,0.004999999888241291,0.000699999975040555
YBR055C,YDR311W,0,-1.4322791,0.38461539149284363,0.004999999888241291,0.0007999999797903001
YNL216W,YDR303C,1,-1.4368763,0.4285714328289032,0.006000000052154064,0.0007999999797903001
YDR334W,YPR031W,1,-1.4375551,0.46666666865348816,0.007000000216066837,0.0007999999797903001
YBR200W,YIR023W,0,-1.4686394,0.4375,0.007000000216066837,0.0008999999845400453
YHL027W,YNR043W,0,-1.4746077,0.4117647111415863,0.007000000216066837,0.0010000000474974513
YJL176C,YDR121W,1,-1.4805048,0.4444444477558136,0.00800000037997961,0.0010000000474974513
YDR334W,YDL153C,1,-1.4858116,0.4736842215061188,0.008999999612569809,0.0010000000474974513
YBR288C,YDL005C,0,-1.492172,0.44999998807907104,0.008999999612569809,0.0010999999940395355
YJL095W,YBR213W,0,-1.4962525,0.4285714328289032,0.008999999612569809,0.0012000000569969416
YLR200W,YDR311W,0,-1.4997121,0.40909090638160706,0.008999999612569809,0.0013000000035390258
YDR323C,YMR059W,0,-1.509196,0.3913043439388275,0.008999999612569809,0.00139999995008111
YMR129W,YDL159W,0,-1.5176911,0.375,0.008999999612569809,0.001500000013038516
YLR361C,YLR275W,0,-1.523627,0.36000001430511475,0.008999999612569809,0.0015999999595806003
YJL112W,YGR046W,0,-1.5356092,0.3461538553237915,0.008999999612569809,0.0017000000225380063
YKR035W-A,YDR217C,0,-1.5494444,0.3333333432674408,0.008999999612569809,0.0017999999690800905
YMR075W,YDR073W,1,-1.5496058,0.3571428656578064,0.009999999776482582,0.0017999999690800905
YDL092W,YBR119W,0,-1.5554388,0.3448275923728943,0.009999999776482582,0.0019000000320374966
YGL241W,YIL085C,0,-1.5611709,0.3333333432674408,0.009999999776482582,0.0020000000949949026
YLR291C,YGL113W,0,-1.5651989,0.32258063554763794,0.009999999776482582,0.002099999925121665
YLR451W,YGL113W,0,-1.5794691,0.3125,0.009999999776482582,0.002199999988079071
YHR079C,YPR186C,0,-1.5832337,0.3030303120613098,0.009999999776482582,0.002300000051036477
YJL095W,YKR035W-A,0,-1.58849,0.29411765933036804,0.009999999776482582,0.002400000113993883
YJL112W,YLR200W,0,-1.5956535,0.2857142984867096,0.009999999776482582,0.0024999999441206455
YNL091W,YIR023W,0,-1.5992427,0.2777777910232544,0.009999999776482582,0.0026000000070780516
YER129W,YNL236W,0,-1.6016866,0.2702702581882477,0.009999999776482582,0.0027000000700354576
YJL030W,YDR080W,0,-1.6048908,0.2631579041481018,0.009999999776482582,0.00279999990016222
YMR004W,YGR029W,0,-1.6054224,0.25641027092933655,0.009999999776482582,0.002899999963119626
YDR004W,YNL082W,0,-1.612596,0.25,0.009999999776482582,0.003000000026077032
YPR186C,YOR150W,0,-1.6130303,0.24390244483947754,0.009999999776482582,0.003100000089034438
YDR176W,YMR127C,1,-1.6136296,0.261904776096344,0.010999999940395355,0.003100000089034438
YJL176C,YJR060W,1,-1.614814,0.27906978130340576,0.012000000104308128,0.003100000089034438
YOR195W,YDR217C,0,-1.615011,0.27272728085517883,0.012000000104308128,0.0031999999191612005
YHR077C,YNL292W,0,-1.6160939,0.2666666805744171,0.012000000104308128,0.0032999999821186066
YMR255W,YOL111C,0,-1.625731,0.260869562625885,0.012000000104308128,0.0034000000450760126
YLR210W,YDR004W,0,-1.6292216,0.25531914830207825,0.012000000104308128,0.0035000001080334187
YCR092C,YDR140W,0,-1.6303031,0.25,0.012000000104308128,0.003599999938160181
YGR092W,YGR241C,0,-1.6369712,0.2448979616165161,0.012000000104308128,0.003700000001117587
YDR295C,YJR060W,1,-1.642447,0.25999999046325684,0.013000000268220901,0.003700000001117587
YDL153C,YER030W,1,-1.6448252,0.27450981736183167,0.014000000432133675,0.003700000001117587
YGR238C,YJL095W,0,-1.6484418,0.26923078298568726,0.014000000432133675,0.003800000064074993
YPR031W,YDR303C,1,-1.6530361,0.2830188572406769,0.014999999664723873,0.003800000064074993
YML109W,YJR060W,1,-1.6605678,0.29629629850387573,0.01600000075995922,0.003800000064074993
YLR055C,YJL041W,0,-1.6616399,0.290909081697464,0.01600000075995922,0.0038999998942017555
YML041C,YDR303C,1,-1.6641479,0.3035714328289032,0.017000000923871994,0.0038999998942017555
YLR055C,YBR153W,0,-1.6658678,0.2982456088066101,0.017000000923871994,0.004000000189989805
YDR334W,YNL216W,1,-1.6676311,0.3103448152542114,0.017999999225139618,0.004000000189989805
YER129W,YPR009W,0,-1.6706777,0.3050847351551056,0.017999999225139618,0.004100000020116568
YML041C,YMR075W,1,-1.6715358,0.3166666626930237,0.01899999938905239,0.004100000020116568
YGL233W,YGL094C,0,-1.6720593,0.31147539615631104,0.01899999938905239,0.00419999985024333
YGR134W,YLL031C,0,-1.6730577,0.30645161867141724,0.01899999938905239,0.00430000014603138
YAR014C,YGL086W,0,-1.6761479,0.30158731341362,0.01899999938905239,0.004399999976158142
YER030W,YPL055C,1,-1.6818435,0.3125,0.019999999552965164,0.004399999976158142
YDR194C,YML006C,0,-1.6831692,0.3076923191547394,0.019999999552965164,0.0044999998062849045
YDR004W,YLR226W,0,-1.6862478,0.3030303120613098,0.019999999552965164,0.004600000102072954
YKL113C,YHR077C,0,-1.6934016,0.2985074520111084,0.019999999552965164,0.004699999932199717
YDR088C,YJL179W,0,-1.6937022,0.29411765933036804,0.019999999552965164,0.004800000227987766
YLR055C,YLR115W,0,-1.6962261,0.28985506296157837,0.019999999552965164,0.004900000058114529
YDR295C,YPR193C,1,-1.7010465,0.30000001192092896,0.020999999716877937,0.004900000058114529
YJR060W,YGL112C,1,-1.7017953,0.30985915660858154,0.02199999988079071,0.004900000058114529
YNL261W,YKR029C,1,-1.7056143,0.3194444477558136,0.023000000044703484,0.004900000058114529
YLL036C,YHR164C,0,-1.707381,0.31506848335266113,0.023000000044703484,0.004999999888241291
YDR194C,YDR072C,0,-1.7125072,0.31081080436706543,0.023000000044703484,0.005100000184029341
YGL130W,YBR153W,0,-1.7157292,0.30666667222976685,0.023000000044703484,0.005200000014156103
YML121W,YOR195W,0,-1.7160534,0.30263158679008484,0.023000000044703484,0.0052999998442828655
YML109W,YGL112C,1,-1.7172894,0.31168830394744873,0.024000000208616257,0.0052999998442828655
YFL022C,YBR213W,0,-1.7183166,0.3076923191547394,0.024000000208616257,0.005400000140070915
YNL048W,YBR086C,0,-1.7195047,0.3037974536418915,0.024000000208616257,0.005499999970197678
YGR029W,YIL007C,0,-1.7207236,0.30000001192092896,0.024000000208616257,0.00559999980032444
YDR334W,YER030W,1,-1.7261435,0.3086419701576233,0.02500000037252903,0.00559999980032444
YDR073W,YER030W,1,-1.7267089,0.31707316637039185,0.026000000536441803,0.00559999980032444
YDR463W,YBR153W,0,-1.7298799,0.3132530152797699,0.026000000536441803,0.00570000009611249
YOR058C,YNL156C,0,-1.7300477,0.3095238208770752,0.026000000536441803,0.005799999926239252
YDL153C,YPL055C,1,-1.7340672,0.3176470696926117,0.027000000700354576,0.005799999926239252
YML121W,YML016C,0,-1.7372226,0.3139534890651703,0.027000000700354576,0.005900000222027302
YDR299W,YDR219C,0,-1.7524117,0.3103448152542114,0.027000000700354576,0.006000000052154064
YGL153W,YGL216W,0,-1.7525666,0.3068181872367859,0.027000000700354576,0.006099999882280827
YML041C,YDR121W,1,-1.7529501,0.31460675597190857,0.02800000086426735,0.006099999882280827
YBR153W,YIR009W,0,-1.7537792,0.31111112236976624,0.02800000086426735,0.006200000178068876
YOL011W,YDR311W,0,-1.7573564,0.3076923191547394,0.02800000086426735,0.006300000008195639
YNL049C,YNL080C,0,-1.7579813,0.30434781312942505,0.02800000086426735,0.006399999838322401
YDL005C,YNL325C,0,-1.7610222,0.301075279712677,0.02800000086426735,0.006500000134110451
YJL013C,YLR200W,0,-1.7695119,0.2978723347187042,0.02800000086426735,0.006599999964237213
YDL005C,YHL024W,0,-1.7695646,0.2947368323802948,0.02800000086426735,0.0066999997943639755
YKL149C,YKR099W,0,-1.7699096,0.2916666567325592,0.02800000086426735,0.006800000090152025
YGL153W,YKR083C,0,-1.7699718,0.2886597812175751,0.02800000086426735,0.006899999920278788
YGR245C,YHR077C,0,-1.7703878,0.2857142984867096,0.02800000086426735,0.007000000216066837
YER021W,YDR311W,0,-1.7723541,0.28282827138900757,0.02800000086426735,0.0071000000461936
YGR274C,YEL053C,0,-1.7732418,0.2800000011920929,0.02800000086426735,0.007199999876320362
YFR037C,YPL116W,1,-1.7736795,0.2871287167072296,0.028999999165534973,0.007199999876320362
YCL024W,YER157W,0,-1.776137,0.28431373834609985,0.028999999165534973,0.007300000172108412
YGR029W,YLR119W,0,-1.7779655,0.28155338764190674,0.028999999165534973,0.007400000002235174
YLR418C,YLR357W,1,-1.7800703,0.2884615361690521,0.029999999329447746,0.007400000002235174
YMR058W,YDL108W,0,-1.780862,0.2857142984867096,0.029999999329447746,0.007499999832361937
YGL241W,YER173W,0,-1.785488,0.2830188572406769,0.029999999329447746,0.007600000128149986
YGL129C,YKL089W,0,-1.7860948,0.28037384152412415,0.029999999329447746,0.007699999958276749
YGR238C,YGR072W,0,-1.787189,0.2777777910232544,0.029999999329447746,0.007799999788403511
YER104W,YJL112W,0,-1.7905078,0.2752293646335602,0.029999999329447746,0.007899999618530273
YOL072W,YGR072W,0,-1.791411,0.27272728085517883,0.029999999329447746,0.00800000037997961
YOL006C,YOR244W,1,-1.7931945,0.27927929162979126,0.03099999949336052,0.00800000037997961
YCL061C,YGL112C,1,-1.79791,0.2857142984867096,0.03200000151991844,0.00800000037997961
YBR084W,YMR299C,0,-1.7985263,0.28318583965301514,0.03200000151991844,0.008100000210106373
YIL021W,YDL165W,0,-1.7992928,0.28070175647735596,0.03200000151991844,0.008200000040233135
YMR299C,YBR119W,0,-1.8012931,0.27826085686683655,0.03200000151991844,0.008299999870359898
YDR088C,YLR362W,0,-1.8038621,0.27586206793785095,0.03200000151991844,0.00839999970048666
YJL095W,YDR255C,0,-1.8044653,0.2735042870044708,0.03200000151991844,0.008500000461935997
YIL143C,YER168C,0,-1.8073708,0.2711864411830902,0.03200000151991844,0.00860000029206276
YMR075W,YLR357W,1,-1.8100058,0.27731093764305115,0.032999999821186066,0.00860000029206276
YDR088C,YDR507C,0,-1.8109467,0.2750000059604645,0.032999999821186066,0.008700000122189522
YPL083C,YDL207W,0,-1.8115699,0.27272728085517883,0.032999999821186066,0.008799999952316284
YKR035W-A,YDL108W,0,-1.815004,0.2704918086528778,0.032999999821186066,0.008899999782443047
YKR083C,YGL113W,0,-1.8172889,0.26829269528388977,0.032999999821186066,0.008999999612569809
YDR198C,YER105C,0,-1.8198731,0.2661290466785431,0.032999999821186066,0.009100000374019146
YDR121W,YPR031W,1,-1.8204787,0.2720000147819519,0.03400000184774399,0.009100000374019146
YML041C,YMR127C,1,-1.8211925,0.2777777910232544,0.03500000014901161,0.009100000374019146
YGL130W,YGR075C,0,-1.823447,0.27559053897857666,0.03500000014901161,0.009200000204145908
YOR033C,YMR100W,0,-1.8287796,0.2734375,0.03500000014901161,0.00930000003427267
YLR035C,YDR140W,0,-1.8294127,0.27131783962249756,0.03500000014901161,0.009399999864399433
YJL095W,YKL113C,0,-1.8331542,0.26923078298568726,0.03500000014901161,0.009499999694526196
YOR116C,YLR115W,0,-1.8332093,0.2671755850315094,0.03500000014901161,0.009600000455975533
YML011C,YOR058C,0,-1.8353438,0.2651515007019043,0.03500000014901161,0.009700000286102295
YIL049W,YER009W,0,-1.8356355,0.2631579041481018,0.03500000014901161,0.009800000116229057
YDR194C,YDR069C,0,-1.8368765,0.26119402050971985,0.03500000014901161,0.00989999994635582
YGL153W,YLR396C,0,-1.8382566,0.25925925374031067,0.03500000014901161,0.009999999776482582
YDR292C,YIL085C,0,-1.8383553,0.25735294818878174,0.03500000014901161,0.010099999606609344
YNL119W,YBR213W,0,-1.838759,0.2554744482040405,0.03500000014901161,0.010200000368058681
YJR055W,YLR383W,0,-1.841396,0.25362318754196167,0.03500000014901161,0.010300000198185444
YGR278W,YDR219C,0,-1.8425964,0.2517985701560974,0.03500000014901161,0.010400000028312206
YKR037C,YKR083C,0,-1.8427452,0.25,0.03500000014901161,0.010499999858438969
YLR071C,YCR077C,0,-1.8440135,0.24822695553302765,0.03500000014901161,0.010599999688565731
YDR334W,YDR110W,1,-1.844033,0.2535211145877838,0.035999998450279236,0.010599999688565731
YIL085C,YGR005C,0,-1.8441445,0.251748263835907,0.035999998450279236,0.010700000450015068
YPL047W,YDR303C,1,-1.8449941,0.2569444477558136,0.03700000047683716,0.010700000450015068
YDL047W,YDR138W,0,-1.8455596,0.25517240166664124,0.03700000047683716,0.01080000028014183
YBL085W,YPR186C,0,-1.8491213,0.25342464447021484,0.03700000047683716,0.010900000110268593
YBR288C,YDR311W,0,-1.8502162,0.25170066952705383,0.03700000047683716,0.010999999940395355
YML115C,YGR072W,0,-1.8519958,0.25,0.03700000047683716,0.011099999770522118
YAL023C,YBR213W,0,-1.8528497,0.24832214415073395,0.03700000047683716,0.01119999960064888
YLL031C,YDR192C,0,-1.8530256,0.24666666984558105,0.03700000047683716,0.011300000362098217
YML121W,YPR186C,0,-1.8546516,0.2450331151485443,0.03700000047683716,0.01140000019222498
YMR212C,YDR183W,0,-1.8561561,0.2434210479259491,0.03700000047683716,0.011500000022351742
YBL052C,YAL011W,1,-1.8567502,0.24836601316928864,0.03799999877810478,0.011500000022351742
YMR179W,YMR172W,0,-1.8568679,0.2467532455921173,0.03799999877810478,0.011599999852478504
YKL089W,YDR339C,0,-1.8585109,0.2451612949371338,0.03799999877810478,0.011699999682605267
YGL216W,YPL232W,0,-1.8589318,0.24358974397182465,0.03799999877810478,0.011800000444054604
YKR035W-A,YPR167C,0,-1.8609569,0.24203822016716003,0.03799999877810478,0.011900000274181366
YNL048W,YER105C,0,-1.8616819,0.2405063360929489,0.03799999877810478,0.012000000104308128
YDR088C,YNL233W,0,-1.8618369,0.23899370431900024,0.03799999877810478,0.01209999993443489
YCL067C,YGR029W,0,-1.8633752,0.23749999701976776,0.03799999877810478,0.012199999764561653
YFL005W,YER173W,0,-1.8640735,0.23602484166622162,0.03799999877810478,0.012299999594688416
YNL102W,YER157W,0,-1.8672359,0.23456789553165436,0.03799999877810478,0.012400000356137753
YDL005C,YPL213W,0,-1.8672756,0.23312883079051971,0.03799999877810478,0.012500000186264515
YNL051W,YDL056W,0,-1.8674512,0.23170731961727142,0.03799999877810478,0.012600000016391277
YDR071C,YKR029C,1,-1.8680433,0.23636363446712494,0.039000000804662704,0.012600000016391277
YKR035W-A,YLR427W,0,-1.8685262,0.23493975400924683,0.039000000804662704,0.01269999984651804
YPL047W,YLL004W,1,-1.8685997,0.23952095210552216,0.03999999910593033,0.01269999984651804
YLR163C,YBR043C,0,-1.8699667,0.2380952388048172,0.03999999910593033,0.012799999676644802
YER171W,YBR213W,0,-1.8708446,0.23668639361858368,0.03999999910593033,0.012900000438094139
YDR334W,YDR071C,1,-1.8715582,0.24117647111415863,0.04100000113248825,0.012900000438094139
YOR279C,YKR029C,1,-1.8716421,0.24561403691768646,0.041999999433755875,0.012900000438094139
YPR139C,YJL186W,0,-1.8717867,0.24418604373931885,0.041999999433755875,0.013000000268220901
YOR388C,YDR164C,0,-1.8755432,0.24277456104755402,0.041999999433755875,0.013100000098347664
YNL091W,YKL068W,0,-1.8756273,0.24137930572032928,0.041999999433755875,0.013199999928474426
YIR009W,YDR311W,0,-1.8774192,0.23999999463558197,0.041999999433755875,0.013299999758601189
YPL254W,YAL011W,1,-1.8816655,0.2443181872367859,0.0430000014603138,0.013299999758601189
YML041C,YLR385C,1,-1.8825954,0.24858756363391876,0.04399999976158142,0.013299999758601189
YDR004W,YBL004W,0,-1.8826619,0.24719101190567017,0.04399999976158142,0.013399999588727951
YDR292C,YPR189W,0,-1.8828382,0.24581006169319153,0.04399999976158142,0.013500000350177288
YML077W,YGL086W,0,-1.8837814,0.24444444477558136,0.04399999976158142,0.01360000018030405
YKR050W,YOL111C,0,-1.8852339,0.24309392273426056,0.04399999976158142,0.013700000010430813
YGR098C,YPR189W,0,-1.8867607,0.24175824224948883,0.04399999976158142,0.013799999840557575
YJL176C,YOR244W,1,-1.8867667,0.24590164422988892,0.04500000178813934,0.013799999840557575
YDR121W,YPR179C,1,-1.8869002,0.25,0.04600000008940697,0.013799999840557575
YPR031W,YPR179C,1,-1.8883021,0.2540540397167206,0.04699999839067459,0.013799999840557575
YJR060W,YLR418C,1,-1.8883812,0.25806450843811035,0.04800000041723251,0.013799999840557575
YJL013C,YDR140W,0,-1.8903677,0.25668448209762573,0.04800000041723251,0.013899999670684338
YDR088C,YAL055W,0,-1.8912303,0.25531914830207825,0.04800000041723251,0.014000000432133675
YJL201W,YJL041W,0,-1.8924034,0.2539682686328888,0.04800000041723251,0.014100000262260437
YKR037C,YOR207C,0,-1.8926834,0.2526315748691559,0.04800000041723251,0.0142000000923872
YKR025W,YCR092C,0,-1.8935491,0.2513088881969452,0.04800000041723251,0.014299999922513962
YKR037C,YPR051W,0,-1.8940247,0.25,0.04800000041723251,0.014399999752640724
YLR357W,YDR176W,1,-1.8961983,0.25388601422309875,0.04899999871850014,0.014399999752640724
YOR033C,YLR361C,0,-1.897653,0.2525773048400879,0.04899999871850014,0.014499999582767487
YGR274C,YLR096W,0,-1.8985167,0.25128206610679626,0.04899999871850014,0.014600000344216824
YLL004W,YDR176W,1,-1.8986682,0.2551020383834839,0.05000000074505806,0.014600000344216824
YGR171C,YJR043C,0,-1.8988354,0.25380709767341614,0.05000000074505806,0.014700000174343586
YOL149W,YER157W,0,-1.902366,0.2525252401828766,0.05000000074505806,0.014800000004470348
YCL061C,YMR127C,1,-1.9025501,0.25628140568733215,0.050999999046325684,0.014800000004470348
YOL076W,YKR087C,0,-1.9030964,0.2549999952316284,0.050999999046325684,0.01489999983459711
YOR327C,YLR398C,0,-1.9034737,0.2537313401699066,0.050999999046325684,0.014999999664723873
YJL176C,YFL049W,1,-1.9035116,0.2574257552623749,0.052000001072883606,0.014999999664723873
YIL085C,YNL073W,0,-1.9043727,0.25615763664245605,0.052000001072883606,0.01510000042617321
YMR097C,YDR016C,0,-1.905217,0.2549019753932953,0.052000001072883606,0.015200000256299973
YMR129W,YML006C,0,-1.9077221,0.2536585330963135,0.052000001072883606,0.015300000086426735
YGR077C,YDR164C,0,-1.9086894,0.25242719054222107,0.052000001072883606,0.015399999916553497
YMR172W,YJR043C,0,-1.9113522,0.25120773911476135,0.052000001072883606,0.01549999974668026
YGL187C,YBR188C,0,-1.9113889,0.25,0.052000001072883606,0.015599999576807022
YKL119C,YDL065C,0,-1.9125496,0.24880382418632507,0.052000001072883606,0.015699999406933784
YPL175W,YGL113W,0,-1.9131484,0.24761904776096344,0.052000001072883606,0.015799999237060547
YNL272C,YLL031C,0,-1.9144974,0.24644549190998077,0.052000001072883606,0.01590000092983246
YOR388C,YBR055C,0,-1.9146737,0.24528302252292633,0.052000001072883606,0.01600000075995922
YJR043C,YGL086W,0,-1.916317,0.24413146078586578,0.052000001072883606,0.016100000590085983
YKR029C,YGL112C,1,-1.9178627,0.24766355752944946,0.05299999937415123,0.016100000590085983
YKR025W,YPL053C,0,-1.9186494,0.24651162326335907,0.05299999937415123,0.016200000420212746
YGL129C,YNR003C,0,-1.9197252,0.24537037312984467,0.05299999937415123,0.016300000250339508
YIL143C,YJL140W,0,-1.9200317,0.24423962831497192,0.05299999937415123,0.01640000008046627
YPR143W,YKL145W,0,-1.9216707,0.2431192696094513,0.05299999937415123,0.016499999910593033
YLL031C,YAL055W,0,-1.9221045,0.24200913310050964,0.05299999937415123,0.016599999740719795
YDR140W,YOL125W,0,-1.9229555,0.24090908467769623,0.05299999937415123,0.016699999570846558
YOR261C,YOR368W,0,-1.9236426,0.2398190051317215,0.05299999937415123,0.01679999940097332
YDR121W,YNL216W,1,-1.9252517,0.2432432472705841,0.05400000140070915,0.01679999940097332
YDR472W,YDR427W,0,-1.9252667,0.24215246737003326,0.05400000140070915,0.016899999231100082
YOR353C,YPR189W,0,-1.926288,0.2410714328289032,0.05400000140070915,0.017000000923871994
YDR392W,YMR075W,1,-1.9303076,0.24444444477558136,0.054999999701976776,0.017000000923871994
YPL204W,YDR164C,0,-1.9309232,0.24336282908916473,0.054999999701976776,0.017100000753998756
YDR303C,YMR127C,1,-1.9324257,0.24669604003429413,0.0560000017285347,0.017100000753998756
YOR058C,YBR288C,0,-1.9326346,0.24561403691768646,0.0560000017285347,0.01720000058412552
YML041C,YBR195C,1,-1.9339111,0.24890829622745514,0.05700000002980232,0.01720000058412552
YNL139C,YDL159W,0,-1.934561,0.24782608449459076,0.05700000002980232,0.01730000041425228
YBL071W-A,YNL038W,0,-1.93575,0.2467532455921173,0.05700000002980232,0.017400000244379044
YML074C,YLR383W,0,-1.936853,0.24568966031074524,0.05700000002980232,0.017500000074505806
YKR029C,YPL254W,1,-1.9379547,0.248927041888237,0.057999998331069946,0.017500000074505806
YDR194C,YOR353C,0,-1.9386777,0.24786324799060822,0.057999998331069946,0.01759999990463257
YFR009W,YGL086W,0,-1.9395473,0.2468085139989853,0.057999998331069946,0.01769999973475933
YHR058C,YNL218W,0,-1.9406204,0.24576270580291748,0.057999998331069946,0.017799999564886093
YDR121W,YPL055C,1,-1.9416096,0.24894514679908752,0.05900000035762787,0.017799999564886093
YHR058C,YDR419W,0,-1.9418073,0.2478991597890854,0.05900000035762787,0.017899999395012856
YOR279C,YMR075W,1,-1.9427377,0.2510460317134857,0.05999999865889549,0.017899999395012856
YPL204W,YPR049C,0,-1.9461656,0.25,0.05999999865889549,0.017999999225139618
YDR140W,YER040W,0,-1.9463744,0.2489626556634903,0.05999999865889549,0.01810000091791153
YJL110C,YKR082W,0,-1.9464822,0.24793387949466705,0.05999999865889549,0.018200000748038292
YJR143C,YJL056C,0,-1.9482777,0.2469135820865631,0.05999999865889549,0.018300000578165054
YML006C,YPR101W,0,-1.950118,0.24590164422988892,0.05999999865889549,0.018400000408291817
YPR031W,YBR215W,1,-1.9518735,0.2489795982837677,0.061000000685453415,0.018400000408291817
YCL061C,YBR195C,1,-1.9530387,0.2520325183868408,0.06199999898672104,0.018400000408291817
YNL038W,YBR119W,0,-1.9537034,0.2510121464729309,0.06199999898672104,0.01850000023841858
YMR179W,YDL092W,0,-1.9542456,0.25,0.06199999898672104,0.01860000006854534
YPR051W,YER122C,0,-1.9587501,0.24899598956108093,0.06199999898672104,0.018699999898672104
YER104W,YGL086W,0,-1.959358,0.24799999594688416,0.06199999898672104,0.018799999728798866
YHR079C,YNL038W,0,-1.9602795,0.2470119595527649,0.06199999898672104,0.01889999955892563
YDL159W,YNL236W,0,-1.9603537,0.2460317462682724,0.06199999898672104,0.01899999938905239
YML109W,YFR037C,1,-1.9606926,0.24901185929775238,0.06300000101327896,0.01899999938905239
YGL254W,YMR212C,0,-1.9608624,0.24803149700164795,0.06300000101327896,0.019099999219179153
YGR089W,YJL041W,0,-1.9610866,0.24705882370471954,0.06300000101327896,0.019200000911951065
YDR334W,YPR179C,1,-1.9611508,0.25,0.06400000303983688,0.019200000911951065
YDL065C,YBR213W,0,-1.961907,0.24902723729610443,0.06400000303983688,0.019300000742077827
YPR139C,YOR089C,0,-1.9630458,0.24806201457977295,0.06400000303983688,0.01940000057220459
YKR025W,YHR166C,0,-1.9631025,0.2471042424440384,0.06400000303983688,0.019500000402331352
YPR186C,YDR217C,0,-1.9637774,0.2461538463830948,0.06400000303983688,0.019600000232458115
YLL036C,YBR173C,0,-1.9641128,0.24521072208881378,0.06400000303983688,0.019700000062584877
YJL030W,YGL240W,0,-1.9641213,0.2442748099565506,0.06400000303983688,0.01979999989271164
YOL006C,YLR418C,1,-1.9642951,0.2471482902765274,0.06499999761581421,0.01979999989271164
YBL052C,YMR127C,1,-1.9649067,0.25,0.06599999964237213,0.01979999989271164
YPR073C,YLR148W,0,-1.9655415,0.2490566074848175,0.06599999964237213,0.019899999722838402
YPL175W,YHR077C,0,-1.9660081,0.24812030792236328,0.06599999964237213,0.019999999552965164
YML121W,YJL095W,0,-1.9678829,0.24719101190567017,0.06599999964237213,0.020099999383091927
YGL206C,YER083C,0,-1.9683633,0.24626865983009338,0.06599999964237213,0.02019999921321869
YLR071C,YJL041W,0,-1.9685895,0.24535316228866577,0.06599999964237213,0.0203000009059906
YMR097C,YLR200W,0,-1.969578,0.24444444477558136,0.06599999964237213,0.020400000736117363
YPR041W,YOR174W,0,-1.970752,0.24354243278503418,0.06599999964237213,0.020500000566244125
YDR334W,YLR418C,1,-1.9735193,0.24632352590560913,0.06700000166893005,0.020500000566244125
YGR029W,YBR213W,0,-1.9748394,0.24542124569416046,0.06700000166893005,0.020600000396370888
YNL102W,YDL056W,0,-1.9760101,0.24452555179595947,0.06700000166893005,0.02070000022649765
YPR175W,YHR077C,0,-1.97626,0.2436363697052002,0.06700000166893005,0.020800000056624413
YDR121W,YLR418C,1,-1.9763377,0.24637681245803833,0.06800000369548798,0.020800000056624413
YER172C,YGR241C,0,-1.9786865,0.24548736214637756,0.06800000369548798,0.020899999886751175
YLR427W,YPL045W,0,-1.978981,0.24460431933403015,0.06800000369548798,0.020999999716877937
YML041C,YER030W,1,-1.9796009,0.24731183052062988,0.0689999982714653,0.020999999716877937
YJR060W,YFR037C,1,-1.981003,0.25,0.07000000029802322,0.020999999716877937
YMR129W,YDR194C,0,-1.9813049,0.24911032617092133,0.07000000029802322,0.0210999995470047
YDR054C,YER100W,0,-1.9834946,0.24822695553302765,0.07000000029802322,0.021199999377131462
YHR038W,YDL092W,0,-1.9838707,0.2473498284816742,0.07000000029802322,0.021299999207258224
YCL061C,YAL011W,1,-1.9851414,0.25,0.07100000232458115,0.021299999207258224
YPL243W,YDR311W,0,-1.9859922,0.24912281334400177,0.07100000232458115,0.021400000900030136
YBL082C,YGR204W,0,-1.9877717,0.2482517510652542,0.07100000232458115,0.0215000007301569
YBR200W,YJL041W,0,-1.9882305,0.24738675355911255,0.07100000232458115,0.02160000056028366
YPL045W,YGR245C,0,-1.9883766,0.2465277761220932,0.07100000232458115,0.021700000390410423
YKL149C,YBR034C,0,-1.9885976,0.2456747442483902,0.07100000232458115,0.021800000220537186
YOL006C,YPR179C,1,-1.9886332,0.24827586114406586,0.07199999690055847,0.021800000220537186
YOR058C,YCR077C,0,-1.988921,0.24742268025875092,0.07199999690055847,0.021900000050663948
YLL036C,YGL075C,0,-1.9890587,0.24657534062862396,0.07199999690055847,0.02199999988079071
YFL049W,YKR029C,1,-1.9895768,0.24914675951004028,0.0729999989271164,0.02199999988079071
YBR215W,YER030W,1,-1.9900823,0.25170066952705383,0.07400000095367432,0.02199999988079071
YBR215W,YMR127C,1,-1.9905207,0.2542372941970825,0.07500000298023224,0.02199999988079071
YPL249C,YBR086C,0,-1.9907106,0.25337839126586914,0.07500000298023224,0.022099999710917473
YGR005C,YPL232W,0,-1.9911537,0.2525252401828766,0.07500000298023224,0.022199999541044235
YPL045W,YAR014C,0,-1.9915327,0.25167784094810486,0.07500000298023224,0.022299999371170998
YNL283C,YMR172W,0,-1.9918702,0.2508361339569092,0.07500000298023224,0.02239999920129776
YLR182W,YOR047C,0,-1.9920337,0.25,0.07500000298023224,0.02250000089406967
YNL261W,YBL052C,1,-1.9928427,0.25249168276786804,0.07599999755620956,0.02250000089406967
YOR244W,YBR195C,1,-1.9929526,0.2549668848514557,0.07699999958276749,0.02250000089406967
YNL102W,YIL019W,0,-1.9938056,0.2541254162788391,0.07699999958276749,0.022600000724196434
YLR385C,YLR418C,1,-1.9949456,0.2565789520740509,0.07800000160932541,0.022600000724196434
YOR327C,YOL077C,0,-1.9951901,0.25573769211769104,0.07800000160932541,0.022700000554323196
YNL272C,YML124C,0,-1.9955771,0.2549019753932953,0.07800000160932541,0.02280000038444996
YBR200W,YJL179W,0,-1.9959205,0.2540716528892517,0.07800000160932541,0.02290000021457672
YGL241W,YOR151C,0,-2.001517,0.2532467544078827,0.07800000160932541,0.023000000044703484
YJL112W,YPL213W,0,-2.002937,0.25242719054222107,0.07800000160932541,0.023099999874830246
YGR257C,YER100W,0,-2.004063,0.25161290168762207,0.07800000160932541,0.02319999970495701
YPR031W,YDL153C,1,-2.004477,0.25401929020881653,0.07900000363588333,0.02319999970495701
YDR364C,YML046W,0,-2.0044901,0.2532051205635071,0.07900000363588333,0.02329999953508377
YIL021W,YDR419W,0,-2.0057378,0.2523961663246155,0.07900000363588333,0.023399999365210533
YJR066W,YGL233W,0,-2.0061927,0.25159236788749695,0.07900000363588333,0.023499999195337296
YPL116W,YMR247C,1,-2.006649,0.2539682686328888,0.07999999821186066,0.023499999195337296
YCL067C,YML076C,0,-2.0072052,0.2531645596027374,0.07999999821186066,0.023600000888109207
YMR273C,YPL055C,1,-2.0081942,0.2555204927921295,0.08100000023841858,0.023600000888109207
YNL216W,YER030W,1,-2.008384,0.2578616440296173,0.0820000022649765,0.023600000888109207
YMR227C,YMR125W,0,-2.0112529,0.25705328583717346,0.0820000022649765,0.02370000071823597
YLR376C,YCL011C,0,-2.0119224,0.2562499940395355,0.0820000022649765,0.023800000548362732
YLR210W,YJL029C,0,-2.0125256,0.2554517090320587,0.0820000022649765,0.023900000378489494
YPL115C,YJR143C,0,-2.0149353,0.25465837121009827,0.0820000022649765,0.024000000208616257
YGL241W,YER172C,0,-2.0167818,0.2538699805736542,0.0820000022649765,0.02410000003874302
YML076C,YOR261C,0,-2.01809,0.2530864179134369,0.0820000022649765,0.02419999986886978
YDR334W,YAL011W,1,-2.0194879,0.255384624004364,0.08299999684095383,0.02419999986886978
YLR363C,YML001W,0,-2.0195312,0.25460124015808105,0.08299999684095383,0.024299999698996544
YMR163C,YOL125W,0,-2.0196712,0.2538226246833801,0.08299999684095383,0.024399999529123306
YGR120C,YDL065C,0,-2.0207286,0.25304877758026123,0.08299999684095383,0.02449999935925007
YOL006C,YDR392W,1,-2.0223985,0.25531914830207825,0.08399999886751175,0.02449999935925007
YKR083C,YOR089C,0,-2.0226073,0.2545454502105713,0.08399999886751175,0.02459999918937683
YGL240W,YPL232W,0,-2.022895,0.2537764310836792,0.08399999886751175,0.024700000882148743
YOR261C,YPR049C,0,-2.0233939,0.2530120611190796,0.08399999886751175,0.024800000712275505
YKR085C,YOR156C,0,-2.02536,0.2522522509098053,0.08399999886751175,0.024900000542402267
YFR027W,YDR311W,0,-2.0256577,0.2514970004558563,0.08399999886751175,0.02500000037252903
YDR507C,YHR077C,0,-2.0267403,0.2507462799549103,0.08399999886751175,0.025100000202655792
YNL272C,YIL140W,0,-2.026826,0.25,0.08399999886751175,0.025200000032782555
YJL110C,YHR077C,0,-2.0272176,0.2492581605911255,0.08399999886751175,0.025299999862909317
YJR060W,YDL153C,1,-2.0273967,0.25147929787635803,0.08500000089406967,0.025299999862909317
YJL112W,YKL068W,0,-2.0285335,0.2507374584674835,0.08500000089406967,0.02539999969303608
YML075C,YHR077C,0,-2.0285385,0.25,0.08500000089406967,0.025499999523162842
YDL153C,YBR215W,1,-2.0289047,0.2521994113922119,0.0860000029206276,0.025499999523162842
YCL061C,YPL254W,1,-2.0293696,0.25438597798347473,0.08699999749660492,0.025499999523162842
YMR192W,YMR059W,0,-2.029769,0.25364431738853455,0.08699999749660492,0.025599999353289604
YOR067C,YDR039C,0,-2.0300753,0.2529069781303406,0.08699999749660492,0.025699999183416367
YDR004W,YLR144C,0,-2.0301714,0.25217390060424805,0.08699999749660492,0.025800000876188278
YGL241W,YER094C,0,-2.0306518,0.25144508481025696,0.08699999749660492,0.02590000070631504
YMR075W,YOR244W,1,-2.03069,0.2536022961139679,0.08799999952316284,0.02590000070631504
YBL056W,YDL056W,0,-2.0326173,0.25287356972694397,0.08799999952316284,0.026000000536441803
YLR385C,YCL061C,1,-2.0341487,0.2550143301486969,0.08900000154972076,0.026000000536441803
YOR244W,YMR127C,1,-2.0357423,0.2571428716182709,0.09000000357627869,0.026000000536441803
YJL030W,YBR055C,0,-2.0359488,0.25641027092933655,0.09000000357627869,0.026100000366568565
YJL176C,YAL011W,1,-2.0360267,0.25852271914482117,0.09099999815225601,0.026100000366568565
YDR088C,YLR096W,0,-2.0368073,0.25779035687446594,0.09099999815225601,0.026200000196695328
YPL254W,YPR179C,1,-2.0374665,0.2598870098590851,0.09200000017881393,0.026200000196695328
YJR060W,YBR215W,1,-2.0375924,0.2619718313217163,0.09300000220537186,0.026200000196695328
YOL006C,YBR215W,1,-2.0388176,0.26404494047164917,0.09399999678134918,0.026200000196695328
YDR311W,YHR133C,0,-2.0388684,0.26330533623695374,0.09399999678134918,0.02630000002682209
YBR200W,YDR323C,0,-2.0398798,0.2625698447227478,0.09399999678134918,0.026399999856948853
YOR126C,YPR186C,0,-2.0400815,0.261838436126709,0.09399999678134918,0.026499999687075615
YMR255W,YJL041W,0,-2.041492,0.2611111104488373,0.09399999678134918,0.026599999517202377
YFR037C,YBR215W,1,-2.0426028,0.2631579041481018,0.0949999988079071,0.026599999517202377
YKR025W,YJL110C,0,-2.0434153,0.26243093609809875,0.0949999988079071,0.02669999934732914
YER104W,YKR082W,0,-2.0441935,0.26170799136161804,0.0949999988079071,0.026799999177455902
YKR067W,YKR001C,0,-2.044393,0.2609890103340149,0.0949999988079071,0.026900000870227814
YJL112W,YGL216W,0,-2.0444224,0.2602739632129669,0.0949999988079071,0.027000000700354576
YPL115C,YPR186C,0,-2.045589,0.2595628499984741,0.0949999988079071,0.02710000053048134
YLR039C,YML067C,0,-2.0457535,0.25885558128356934,0.0949999988079071,0.0272000003606081
YLR221C,YBR213W,0,-2.0467005,0.25815218687057495,0.0949999988079071,0.027300000190734863
YPL232W,YOR368W,0,-2.0475862,0.2574525773525238,0.0949999988079071,0.027400000020861626
YOR261C,YPR051W,0,-2.0486212,0.2567567527294159,0.0949999988079071,0.027499999850988388
YLL031C,YDL092W,0,-2.0486767,0.25606468319892883,0.0949999988079071,0.02759999968111515
YPL002C,YBL004W,0,-2.0487337,0.25537633895874023,0.0949999988079071,0.027699999511241913
YOL006C,YPR193C,1,-2.04939,0.25737264752388,0.09600000083446503,0.027699999511241913
YIL085C,YIR011C,0,-2.0498254,0.25668448209762573,0.09600000083446503,0.027799999341368675
YOL149W,YLR115W,0,-2.0504556,0.25600001215934753,0.09600000083446503,0.027899999171495438
YLR383W,YBR213W,0,-2.051209,0.25531914830207825,0.09600000083446503,0.02800000086426735
YOR058C,YBR084W,0,-2.0513725,0.25464192032814026,0.09600000083446503,0.02810000069439411
YDR194C,YDR138W,0,-2.0518618,0.2539682686328888,0.09600000083446503,0.028200000524520874
YLL031C,YML060W,0,-2.052087,0.25329816341400146,0.09600000083446503,0.028300000354647636
YLR035C,YER083C,0,-2.0521247,0.2526315748691559,0.09600000083446503,0.0284000001847744
YKL145W,YFR036W,0,-2.0541697,0.25196850299835205,0.09600000083446503,0.02850000001490116
YDR246W,YDL092W,0,-2.0547168,0.2513088881969452,0.09600000083446503,0.028599999845027924
YNL216W,YPL055C,1,-2.054789,0.2532637119293213,0.09700000286102295,0.028599999845027924
YOR058C,YKL149C,0,-2.0548484,0.2526041567325592,0.09700000286102295,0.028699999675154686
YOR353C,YNL177C,0,-2.0548618,0.2519480586051941,0.09700000286102295,0.02879999950528145
YHR108W,YMR179W,0,-2.0563314,0.2512953281402588,0.09700000286102295,0.02889999933540821
YBR215W,YLL004W,1,-2.0575523,0.2532299757003784,0.09799999743700027,0.02889999933540821
YKR025W,YOR089C,0,-2.059665,0.2525773048400879,0.09799999743700027,0.028999999165534973
YCL024W,YDR364C,0,-2.0603864,0.25192803144454956,0.09799999743700027,0.029100000858306885
YLR418C,YMR075W,1,-2.0613594,0.2538461685180664,0.0989999994635582,0.029100000858306885
YGR005C,YER157W,0,-2.0638494,0.25319692492485046,0.0989999994635582,0.029200000688433647
YDR088C,YDR339C,0,-2.0639567,0.25255101919174194,0.0989999994635582,0.02930000051856041
YLR396C,YDR140W,0,-2.0641909,0.25190839171409607,0.0989999994635582,0.029400000348687172
YLR418C,YBR215W,1,-2.0646176,0.25380709767341614,0.10000000149011612,0.029400000348687172
YKR037C,YNL177C,0,-2.064916,0.2531645596027374,0.10000000149011612,0.029500000178813934
YGL254W,YML046W,0,-2.0657015,0.2525252401828766,0.10000000149011612,0.029600000008940697
YBR288C,YDR272W,0,-2.0662172,0.251889169216156,0.10000000149011612,0.02969999983906746
YOR156C,YLR427W,0,-2.0689964,0.2512562870979309,0.10000000149011612,0.02979999966919422
YGR098C,YPR041W,0,-2.0698495,0.2506265640258789,0.10000000149011612,0.029899999499320984
YGR120C,YNL001W,0,-2.070024,0.25,0.10000000149011612,0.029999999329447746
YBR195C,YDR224C,1,-2.0711365,0.251870334148407,0.10100000351667404,0.029999999329447746
YPL050C,YBR213W,0,-2.0718248,0.2512437701225281,0.10100000351667404,0.03009999915957451
YPL045W,YJR052W,0,-2.0721738,0.2506203353404999,0.10100000351667404,0.03020000085234642
YJR055W,YGL233W,0,-2.0727248,0.25,0.10100000351667404,0.030300000682473183
YDL056W,YGR072W,0,-2.0732496,0.24938271939754486,0.10100000351667404,0.030400000512599945
YBR153W,YMR213W,0,-2.073651,0.24876847863197327,0.10100000351667404,0.030500000342726707
YBL056W,YBR086C,0,-2.0739896,0.24815724790096283,0.10100000351667404,0.03060000017285347
YOR316C,YDR004W,0,-2.074025,0.24754901230335236,0.10100000351667404,0.030700000002980232
YLR221C,YLR383W,0,-2.0744734,0.24694377183914185,0.10100000351667404,0.030799999833106995
YNL283C,YDL047W,0,-2.0746293,0.24634146690368652,0.10100000351667404,0.030899999663233757
YDR121W,YDR295C,1,-2.0749838,0.24817518889904022,0.10199999809265137,0.030899999663233757
YJL073W,YGL086W,0,-2.075704,0.24757280945777893,0.10199999809265137,0.03099999949336052
YKL089W,YJR112W,0,-2.0757554,0.24697336554527283,0.10199999809265137,0.031099999323487282
YBR215W,YLR357W,1,-2.0760734,0.24879227578639984,0.10300000011920929,0.031099999323487282
YPL254W,YLR357W,1,-2.0762813,0.2506024241447449,0.10400000214576721,0.031099999323487282
YKR083C,YDR339C,0,-2.0776503,0.25,0.10400000214576721,0.031199999153614044
YOR058C,YER100W,0,-2.0778835,0.24940048158168793,0.10400000214576721,0.031300000846385956
YBL011W,YKL204W,0,-2.0791767,0.24880382418632507,0.10400000214576721,0.03139999881386757
YLR357W,YMR127C,1,-2.0792477,0.25059667229652405,0.10499999672174454,0.03139999881386757
YDR484W,YGR245C,0,-2.0794866,0.25,0.10499999672174454,0.03150000050663948
YMR133W,YGL086W,0,-2.079817,0.24940617382526398,0.10499999672174454,0.031599998474121094
YLR363C,YKL092C,0,-2.080347,0.2488151639699936,0.10499999672174454,0.031700000166893005
YDR303C,YDR110W,1,-2.0805848,0.2505910098552704,0.10599999874830246,0.031700000166893005
YMR100W,YDL056W,0,-2.0807652,0.25,0.10599999874830246,0.03180000185966492
YOL109W,YIL143C,0,-2.0814211,0.24941176176071167,0.10599999874830246,0.03189999982714653
YLR357W,YAL011W,1,-2.0821352,0.2511737048625946,0.10700000077486038,0.03189999982714653
YJL176C,YLR357W,1,-2.082474,0.25292739272117615,0.1080000028014183,0.03189999982714653
YPL053C,YMR025W,0,-2.0828211,0.25233644247055054,0.1080000028014183,0.03200000151991844
YLL027W,YGL216W,0,-2.084448,0.251748263835907,0.1080000028014183,0.032099999487400055
YOR058C,YNL163C,0,-2.0850058,0.2511627972126007,0.1080000028014183,0.03220000118017197
YER104W,YHR085W,0,-2.0851865,0.2505800426006317,0.1080000028014183,0.03229999914765358
YKL119C,YDL165W,0,-2.0856068,0.25,0.1080000028014183,0.03240000084042549
YPL178W,YDL065C,0,-2.0862315,0.24942263960838318,0.1080000028014183,0.032499998807907104
YDR246W,YBR244W,0,-2.086455,0.24884793162345886,0.1080000028014183,0.032600000500679016
YBR215W,YAL011W,1,-2.0867553,0.2505747079849243,0.10899999737739563,0.032600000500679016
YDL056W,YGR171C,0,-2.0875602,0.25,0.10899999737739563,0.03269999846816063
YKL082C,YGL113W,0,-2.0878754,0.2494279146194458,0.10899999737739563,0.03280000016093254
YGL113W,YJL029C,0,-2.0886414,0.24885845184326172,0.10899999737739563,0.03290000185370445
YNL292W,YOR110W,0,-2.0893092,0.24829156696796417,0.10899999737739563,0.032999999821186066
YML124C,YAL029C,0,-2.0895052,0.24772727489471436,0.10899999737739563,0.03310000151395798
YGR274C,YGR075C,0,-2.0900505,0.2471655309200287,0.10899999737739563,0.03319999948143959
YKL119C,YJL110C,0,-2.0902345,0.24660633504390717,0.10899999737739563,0.0333000011742115
YJL030W,YOR143C,0,-2.090298,0.2460496574640274,0.10899999737739563,0.033399999141693115
YLR418C,YER030W,1,-2.090586,0.2477477490901947,0.10999999940395355,0.033399999141693115
YMR129W,YPL112C,0,-2.0907078,0.24719101190567017,0.10999999940395355,0.03350000083446503
YGL233W,YOR156C,0,-2.0911071,0.2466367781162262,0.10999999940395355,0.03359999880194664
YBR080C,YDR016C,0,-2.0911176,0.2460850179195404,0.10999999940395355,0.03370000049471855
YLR357W,YMR247C,1,-2.0917144,0.2477678507566452,0.11100000143051147,0.03370000049471855
YIL021W,YFR027W,0,-2.0917625,0.24721603095531464,0.11100000143051147,0.033799998462200165
YBL082C,YLR055C,0,-2.0923238,0.24666666984558105,0.11100000143051147,0.033900000154972076
YAL011W,YLL004W,1,-2.0926707,0.2483370304107666,0.1120000034570694,0.033900000154972076
YGL241W,YPL217C,0,-2.0949535,0.24778760969638824,0.1120000034570694,0.03400000184774399
YKL057C,YGR278W,0,-2.0962272,0.24724061787128448,0.1120000034570694,0.0340999998152256
YDR323C,YIL115C,0,-2.0963833,0.24669604003429413,0.1120000034570694,0.03420000150799751
YMR048W,YIL062C,0,-2.0969596,0.2461538463830948,0.1120000034570694,0.034299999475479126
YPR056W,YOR207C,0,-2.0976942,0.24561403691768646,0.1120000034570694,0.03440000116825104
YER172C,YML048W,0,-2.097889,0.24507658183574677,0.1120000034570694,0.03449999913573265
YGR075C,YAL029C,0,-2.0986145,0.2445414811372757,0.1120000034570694,0.03460000082850456
YCL061C,YLL004W,1,-2.0991318,0.24618735909461975,0.11299999803304672,0.03460000082850456
YOR279C,YDR303C,1,-2.0992796,0.24782608449459076,0.11400000005960464,0.03460000082850456
YPL243W,YGL129C,0,-2.0993984,0.2472885102033615,0.11400000005960464,0.034699998795986176
YPL276W,YDL201W,0,-2.0996985,0.2467532455921173,0.11400000005960464,0.03480000048875809
YHL027W,YGR221C,0,-2.100309,0.24622030556201935,0.11400000005960464,0.0348999984562397
YOR033C,YER168C,0,-2.10071,0.24568966031074524,0.11400000005960464,0.03500000014901161
YOL011W,YGR134W,0,-2.1008208,0.2451612949371338,0.11400000005960464,0.035100001841783524
YJL176C,YBR195C,1,-2.1028233,0.2467811107635498,0.11500000208616257,0.035100001841783524
YOR372C,YAR014C,0,-2.1030009,0.24625267088413239,0.11500000208616257,0.03519999980926514
YOL003C,YJL112W,0,-2.1031923,0.24572649598121643,0.11500000208616257,0.03530000150203705
YKR083C,YMR030W,0,-2.1032689,0.24520255625247955,0.11500000208616257,0.03539999946951866
YGR252W,YCL061C,1,-2.1049116,0.2468085139989853,0.11599999666213989,0.03539999946951866
YML115C,YJL029C,0,-2.105653,0.24628449976444244,0.11599999666213989,0.03550000116229057
YLR427W,YNL163C,0,-2.1056862,0.24576270580291748,0.11599999666213989,0.035599999129772186
YPR167C,YEL053C,0,-2.1066434,0.2452431321144104,0.11599999666213989,0.0357000008225441
YOR279C,YOR244W,1,-2.106735,0.24683544039726257,0.11699999868869781,0.0357000008225441
YML109W,YDR176W,1,-2.1067567,0.2484210580587387,0.11800000071525574,0.0357000008225441
YER100W,YDL165W,0,-2.1070952,0.2478991597890854,0.11800000071525574,0.03579999879002571
YPL050C,YGR171C,0,-2.1075246,0.24737945199012756,0.11800000071525574,0.03590000048279762
YMR168C,YGL225W,0,-2.1080043,0.24686191976070404,0.11800000071525574,0.035999998450279236
YPL243W,YDL005C,0,-2.1083026,0.24634654819965363,0.11800000071525574,0.03610000014305115
YPR143W,YML007W,0,-2.1086063,0.24583333730697632,0.11800000071525574,0.03620000183582306
YDL005C,YHR038W,0,-2.1091034,0.24532224237918854,0.11800000071525574,0.03629999980330467
YPL053C,YNL292W,0,-2.109403,0.24481327831745148,0.11800000071525574,0.036400001496076584
YJL219W,YLR390W-A,0,-2.1107051,0.24430641531944275,0.11800000071525574,0.0364999994635582
YPR108W,YMR227C,0,-2.1109138,0.24380165338516235,0.11800000071525574,0.03660000115633011
YNL038W,YOR028C,0,-2.1109657,0.2432989627122879,0.11800000071525574,0.03669999912381172
YJL112W,YIR011C,0,-2.1110582,0.2427983582019806,0.11800000071525574,0.03680000081658363
YMR075W,YMR080C,1,-2.1113827,0.24435319006443024,0.11900000274181366,0.03680000081658363
YJL173C,YHR164C,0,-2.1115725,0.24385246634483337,0.11900000274181366,0.03689999878406525
YGR252W,YIL150C,1,-2.1119652,0.24539877474308014,0.11999999731779099,0.03689999878406525
YNL236W,YBR213W,0,-2.1125183,0.2448979616165161,0.11999999731779099,0.03700000047683716
YGL075C,YLR305C,0,-2.1126018,0.24439918994903564,0.11999999731779099,0.03709999844431877
YLR330W,YCL029C,0,-2.1126904,0.24390244483947754,0.11999999731779099,0.03720000013709068
YDR140W,YMR048W,0,-2.1129854,0.2434077113866806,0.11999999731779099,0.037300001829862595
YMR273C,YCR052W,1,-2.1141574,0.24493926763534546,0.12099999934434891,0.037300001829862595
YLR074C,YMR172W,0,-2.1141691,0.24444444477558136,0.12099999934434891,0.03739999979734421
YFR036W,YDR140W,0,-2.114319,0.24395161867141724,0.12099999934434891,0.03750000149011612
YPL178W,YPR189W,0,-2.1143987,0.2434607595205307,0.12099999934434891,0.03759999945759773
YHR129C,YBR119W,0,-2.1162455,0.24297188222408295,0.12099999934434891,0.037700001150369644
YLR361C,YLR119W,0,-2.1163347,0.24248497188091278,0.12099999934434891,0.03779999911785126
YMR080C,YAL011W,1,-2.116447,0.24400000274181366,0.12200000137090683,0.03779999911785126
YHR178W,YOR151C,0,-2.1166077,0.24351297318935394,0.12200000137090683,0.03790000081062317
YOL125W,YGR092W,0,-2.1166668,0.24302789568901062,0.12200000137090683,0.03799999877810478
YCL061C,YBR215W,1,-2.1173587,0.24453280866146088,0.12300000339746475,0.03799999877810478
YOR058C,YPL213W,0,-2.1174626,0.244047611951828,0.12300000339746475,0.038100000470876694
YOR054C,YDR219C,0,-2.1175895,0.24356435239315033,0.12300000339746475,0.03819999843835831
YMR075W,YNL216W,1,-2.1188457,0.2450592815876007,0.12399999797344208,0.03819999843835831
YEL053C,YHR098C,0,-2.1191673,0.24457593262195587,0.12399999797344208,0.03830000013113022
YOR058C,YJL179W,0,-2.1196768,0.24409449100494385,0.12399999797344208,0.03840000182390213
YDR311W,YPR088C,0,-2.121195,0.24361492693424225,0.12399999797344208,0.03849999979138374
YER157W,YGR072W,0,-2.1212945,0.24313725531101227,0.12399999797344208,0.038600001484155655
YDR198C,YOR195W,0,-2.1215813,0.24266144633293152,0.12399999797344208,0.03869999945163727
YBR043C,YNL236W,0,-2.1240268,0.2421875,0.12399999797344208,0.03880000114440918
YJL112W,YDL209C,0,-2.1241453,0.24171540141105652,0.12399999797344208,0.03889999911189079
YKL046C,YPR051W,0,-2.124298,0.24124513566493988,0.12399999797344208,0.039000000804662704
YGR089W,YGR245C,0,-2.1248462,0.24077670276165009,0.12399999797344208,0.03909999877214432
YKR025W,YPL232W,0,-2.1249156,0.24031007289886475,0.12399999797344208,0.03920000046491623
YML041C,YOR279C,1,-2.1250935,0.24177949130535126,0.125,0.03920000046491623
YOR174W,YBR213W,0,-2.1252646,0.24131274223327637,0.125,0.03929999843239784
YLR226W,YLR275W,0,-2.1253455,0.24084778130054474,0.125,0.039400000125169754
YML043C,YJL112W,0,-2.1254084,0.24038460850715637,0.125,0.039500001817941666
YPL057C,YKL120W,0,-2.1257474,0.23992322385311127,0.125,0.03959999978542328
YLR385C,YDR176W,1,-2.1257517,0.24137930572032928,0.12600000202655792,0.03959999978542328
YPR143W,YHR077C,0,-2.1259835,0.24091778695583344,0.12600000202655792,0.03970000147819519
YGL211W,YDL207W,0,-2.1271725,0.24045801162719727,0.12600000202655792,0.039799999445676804
YDL065C,YDL108W,0,-2.127251,0.23999999463558197,0.12600000202655792,0.039900001138448715
YEL020W-A,YJR052W,0,-2.1276116,0.23954372107982635,0.12600000202655792,0.03999999910593033
YJL071W,YJR021C,0,-2.1279984,0.23908919095993042,0.12600000202655792,0.04010000079870224
YBR215W,YBR195C,1,-2.1280441,0.24053029716014862,0.12700000405311584,0.04010000079870224
YDR392W,YDR071C,1,-2.1284451,0.24196597933769226,0.12800000607967377,0.04010000079870224
YPL047W,YDL153C,1,-2.1286318,0.24339622259140015,0.1289999932050705,0.04010000079870224
YML130C,YNL139C,0,-2.1293795,0.2429378479719162,0.1289999932050705,0.04019999876618385
YOL076W,YFR027W,0,-2.1299672,0.24248120188713074,0.1289999932050705,0.040300000458955765
YFL049W,YDR073W,1,-2.130054,0.24390244483947754,0.12999999523162842,0.040300000458955765
YMR117C,YOR372C,0,-2.130353,0.24344569444656372,0.12999999523162842,0.04039999842643738
YKL188C,YOR261C,0,-2.1307895,0.2429906576871872,0.12999999523162842,0.04050000011920929
YOR112W,YOR259C,0,-2.1310415,0.24253731966018677,0.12999999523162842,0.0406000018119812
YJR044C,YMR097C,0,-2.1317484,0.24208566546440125,0.12999999523162842,0.040699999779462814
YAR003W,YKR029C,1,-2.133448,0.2434944212436676,0.13099999725818634,0.040699999779462814
YLR144C,YDL092W,0,-2.1336265,0.24304267764091492,0.13099999725818634,0.040800001472234726
YJL176C,YDR176W,1,-2.1340504,0.24444444477558136,0.13199999928474426,0.040800001472234726
YMR322C,YMR059W,0,-2.1345348,0.2439926117658615,0.13199999928474426,0.04089999943971634
YBL052C,YGL112C,1,-2.1346436,0.24538744986057281,0.13300000131130219,0.04089999943971634
YKR050W,YBL004W,0,-2.13494,0.244935542345047,0.13300000131130219,0.04100000113248825
YOR353C,YKR099W,0,-2.135281,0.2444852888584137,0.13300000131130219,0.041099999099969864
YER105C,YJR043C,0,-2.136067,0.2440367043018341,0.13300000131130219,0.041200000792741776
YMR023C,YAR035W,0,-2.136733,0.24358974397182465,0.13300000131130219,0.04129999876022339
YER166W,YJL012C,0,-2.1369512,0.2431444227695465,0.13300000131130219,0.0414000004529953
YML043C,YPL002C,0,-2.137196,0.2427007257938385,0.13300000131130219,0.04149999842047691
YCL061C,YIL126W,1,-2.1373568,0.24408014118671417,0.1340000033378601,0.04149999842047691
YGR231C,YOR195W,0,-2.1383903,0.2436363697052002,0.1340000033378601,0.041600000113248825
YHR066W,YGR274C,0,-2.1386945,0.24319419264793396,0.1340000033378601,0.04170000180602074
YPR143W,YKL113C,0,-2.1392305,0.24275362491607666,0.1340000033378601,0.04179999977350235
YJR066W,YDL178W,0,-2.139501,0.2423146516084671,0.1340000033378601,0.04190000146627426
YHR166C,YDL005C,0,-2.1396873,0.2418772578239441,0.1340000033378601,0.041999999433755875
YPR021C,YMR200W,0,-2.1401222,0.24144144356250763,0.1340000033378601,0.042100001126527786
YPL050C,YDL047W,0,-2.1409688,0.24100719392299652,0.1340000033378601,0.0421999990940094
YJL030W,YJR055W,0,-2.1424673,0.24057450890541077,0.1340000033378601,0.04230000078678131
YER027C,YOR372C,0,-2.1441042,0.24014337360858917,0.1340000033378601,0.042399998754262924
YML121W,YNL082W,0,-2.1446261,0.23971377313137054,0.1340000033378601,0.042500000447034836
YDR299W,YAR014C,0,-2.1457179,0.23928570747375488,0.1340000033378601,0.04259999841451645
YGL233W,YDL043C,0,-2.147424,0.2388591766357422,0.1340000033378601,0.04270000010728836
YJR060W,YCR052W,1,-2.147862,0.2402135282754898,0.13500000536441803,0.04270000010728836
YLR357W,YHR056C,1,-2.1482177,0.24156305193901062,0.13600000739097595,0.04270000010728836
YNL246W,YKR042W,1,-2.1488445,0.2429078072309494,0.13699999451637268,0.04270000010728836
YLR224W,YDL159W,0,-2.1497223,0.2424778789281845,0.13699999451637268,0.04280000180006027
YAL020C,YML118W,0,-2.1500096,0.2420494705438614,0.13699999451637268,0.042899999767541885
YDL005C,YOR150W,0,-2.150265,0.24162258207798004,0.13699999451637268,0.0430000014603138
YKR029C,YDR176W,1,-2.1504936,0.24295774102210999,0.1379999965429306,0.0430000014603138
YKR025W,YNL325C,0,-2.1505477,0.24253076314926147,0.1379999965429306,0.04309999942779541
YJR035W,YLR226W,0,-2.1519768,0.24210526049137115,0.1379999965429306,0.04320000112056732
YLL031C,YJL041W,0,-2.1522982,0.2416812628507614,0.1379999965429306,0.043299999088048935
YBR215W,YDR110W,1,-2.153213,0.24300698935985565,0.13899999856948853,0.043299999088048935
YBR247C,YDR427W,0,-2.1534755,0.24258290231227875,0.13899999856948853,0.04340000078082085
YGL241W,YMR172W,0,-2.1548138,0.24216027557849884,0.13899999856948853,0.04349999874830246
YNL233W,YOR117W,0,-2.154867,0.24173912405967712,0.13899999856948853,0.04360000044107437
YKL145W,YIR023W,0,-2.1550953,0.2413194477558136,0.13899999856948853,0.043699998408555984
YLR055C,YGR004W,0,-2.1551685,0.24090121686458588,0.13899999856948853,0.043800000101327896
YLR035C,YDL092W,0,-2.155234,0.24048443138599396,0.13899999856948853,0.04390000179409981
YLR074C,YPR049C,0,-2.1560776,0.24006909132003784,0.13899999856948853,0.04399999976158142
YPL047W,YGL112C,1,-2.1564298,0.24137930572032928,0.14000000059604645,0.04399999976158142
YDR483W,YDR311W,0,-2.156503,0.2409638613462448,0.14000000059604645,0.04410000145435333
YOR116C,YDR138W,0,-2.156763,0.24054983258247375,0.14000000059604645,0.044199999421834946
YPL115C,YGL206C,0,-2.157259,0.2401372194290161,0.14000000059604645,0.04430000111460686
YNL218W,YGR120C,0,-2.1576788,0.2397260218858719,0.14000000059604645,0.04439999908208847
YLR418C,YDR073W,1,-2.1582437,0.2410256415605545,0.14100000262260437,0.04439999908208847
YML067C,YGR206W,0,-2.1591754,0.24061433970928192,0.14100000262260437,0.04450000077486038
YML109W,YIL126W,1,-2.1595984,0.2419080138206482,0.1420000046491623,0.04450000077486038
YLR418C,YBL052C,1,-2.1596253,0.2431972771883011,0.14300000667572021,0.04450000077486038
YCL024W,YDR080W,0,-2.1603782,0.24278438091278076,0.14300000667572021,0.044599998742341995
YKR029C,YLL004W,1,-2.1613536,0.24406780302524567,0.14399999380111694,0.044599998742341995
YML057W,YER083C,0,-2.1615918,0.24365481734275818,0.14399999380111694,0.04470000043511391
YDR221W,YCL029C,0,-2.1617498,0.2432432472705841,0.14399999380111694,0.04479999840259552
YER147C,YOR201C,0,-2.161997,0.24283304810523987,0.14399999380111694,0.04490000009536743
YLR275W,YLR096W,0,-2.1623223,0.24242424964904785,0.14399999380111694,0.04500000178813934
YPL175W,YOR368W,0,-2.1627004,0.24201680719852448,0.14399999380111694,0.045099999755620956
YKL149C,YML001W,0,-2.162757,0.24161073565483093,0.14399999380111694,0.04520000144839287
YDR088C,YGL094C,0,-2.1678057,0.24120603501796722,0.14399999380111694,0.04529999941587448
YOL158C,YLR361C,0,-2.1678362,0.24080267548561096,0.14399999380111694,0.04540000110864639
YCL061C,YJL127C,1,-2.169435,0.24207012355327606,0.14499999582767487,0.04540000110864639
YDR295C,YFL049W,1,-2.1694655,0.2433333396911621,0.1459999978542328,0.04540000110864639
YJR066W,YKL013C,0,-2.169702,0.24292844533920288,0.1459999978542328,0.045499999076128006
YLR035C,YML085C,0,-2.1697278,0.2425249218940735,0.1459999978542328,0.04560000076889992
YDL043C,YIR009W,0,-2.1698883,0.24212272465229034,0.1459999978542328,0.04569999873638153
YLR144C,YMR179W,0,-2.1699622,0.24172185361385345,0.1459999978542328,0.04580000042915344
YNL066W,YDL159W,0,-2.1710536,0.24132230877876282,0.1459999978542328,0.045899998396635056
YML041C,YMR247C,1,-2.17253,0.24257425963878632,0.1469999998807907,0.045899998396635056
YGR098C,YDR292C,0,-2.1725533,0.24217462539672852,0.1469999998807907,0.04600000008940697
YDL153C,YPR179C,1,-2.1728246,0.2434210479259491,0.14800000190734863,0.04600000008940697
YOR279C,YDR071C,1,-2.1730008,0.24466338753700256,0.14900000393390656,0.04600000008940697
YGR042W,YJR043C,0,-2.1734145,0.24426229298114777,0.14900000393390656,0.04610000178217888
YLR383W,YNL163C,0,-2.1734276,0.24386252462863922,0.14900000393390656,0.04619999974966049
YOR279C,YMR127C,1,-2.173985,0.2450980395078659,0.15000000596046448,0.04619999974966049
YDR121W,YDR176W,1,-2.1739926,0.24632953107357025,0.1509999930858612,0.04619999974966049
YGR092W,YOL072W,0,-2.1741316,0.2459283322095871,0.1509999930858612,0.046300001442432404
YLR418C,YFL049W,1,-2.1756916,0.24715447425842285,0.15199999511241913,0.046300001442432404
YJL176C,YFR037C,1,-2.1762114,0.24837662279605865,0.15299999713897705,0.046300001442432404
YLR226W,YGL113W,0,-2.1769116,0.24797406792640686,0.15299999713897705,0.04639999940991402
YNL106C,YIR008C,0,-2.1773405,0.24757280945777893,0.15299999713897705,0.04650000110268593
YLR200W,YPR186C,0,-2.1779196,0.24717286229133606,0.15299999713897705,0.04659999907016754
YDR395W,YDR138W,0,-2.1780365,0.24677419662475586,0.15299999713897705,0.04670000076293945
YDR121W,YJR060W,1,-2.1782904,0.24798712134361267,0.15399999916553497,0.04670000076293945
YNL218W,YBL046W,0,-2.1787467,0.24758842587471008,0.15399999916553497,0.046799998730421066
YLL004W,YDR110W,1,-2.1793377,0.24879615008831024,0.1550000011920929,0.046799998730421066
YDL224C,YDR099W,0,-2.1797342,0.24839743971824646,0.1550000011920929,0.04690000042319298
YML067C,YBR086C,0,-2.1797538,0.24799999594688416,0.1550000011920929,0.04699999839067459
YOR279C,YLL004W,1,-2.1803966,0.24920128285884857,0.15600000321865082,0.04699999839067459
YGL241W,YDL065C,0,-2.1806803,0.24880382418632507,0.15600000321865082,0.0471000000834465
YOL003C,YKL189W,0,-2.18082,0.24840764701366425,0.15600000321865082,0.047200001776218414
YMR030W,YAL055W,0,-2.1809683,0.2480127215385437,0.15600000321865082,0.04729999974370003
YLR226W,YMR200W,0,-2.1819084,0.24761904776096344,0.15600000321865082,0.04740000143647194
YDR339C,YDR217C,0,-2.1824656,0.24722662568092346,0.15600000321865082,0.04749999940395355
YGR075C,YOR117W,0,-2.1832635,0.24683544039726257,0.15600000321865082,0.047600001096725464
YGR098C,YLR226W,0,-2.183344,0.24644549190998077,0.15600000321865082,0.04769999906420708
YCL067C,YMR004W,0,-2.1834357,0.24605678021907806,0.15600000321865082,0.04780000075697899
YDR071C,YFR037C,1,-2.184196,0.24724408984184265,0.15700000524520874,0.04780000075697899
YFL049W,YAL011W,1,-2.1842573,0.24842767417430878,0.15800000727176666,0.04780000075697899
YOL109W,YGL153W,0,-2.1844027,0.2480376809835434,0.15800000727176666,0.0478999987244606
YKL189W,YKR099W,0,-2.1844056,0.2476489096879959,0.15800000727176666,0.04800000041723251
YLR418C,YJL127C,1,-2.1848457,0.2488262951374054,0.1589999943971634,0.04800000041723251
YGR004W,YOL072W,0,-2.184849,0.24843749403953552,0.1589999943971634,0.04809999838471413
YPL243W,YOL109W,0,-2.1854422,0.24804991483688354,0.1589999943971634,0.04820000007748604
YMR129W,YNL082W,0,-2.1857846,0.24766355752944946,0.1589999943971634,0.04830000177025795
YOR058C,YJR141W,0,-2.186132,0.2472783774137497,0.1589999943971634,0.04839999973773956
YJL112W,YKR099W,0,-2.1871102,0.24689440429210663,0.1589999943971634,0.048500001430511475
YNL246W,YBR215W,1,-2.1871738,0.24806201457977295,0.1599999964237213,0.048500001430511475
YML057W,YKL046C,0,-2.1877942,0.2476780116558075,0.1599999964237213,0.04859999939799309
YGR274C,YIL062C,0,-2.1883857,0.24729521572589874,0.1599999964237213,0.048700001090765
YGR195W,YJL041W,0,-2.1884751,0.2469135820865631,0.1599999964237213,0.04879999905824661
YPR021C,YDL165W,0,-2.188673,0.2465331256389618,0.1599999964237213,0.048900000751018524
YPR189W,YMR172W,0,-2.1888041,0.2461538463830948,0.1599999964237213,0.04899999871850014
YML041C,YKR029C,1,-2.1891491,0.24731183052062988,0.16099999845027924,0.04899999871850014
YNL246W,YMR075W,1,-2.1896539,0.24846625328063965,0.16200000047683716,0.04899999871850014
YPL254W,YDR073W,1,-2.1896873,0.24961714446544647,0.16300000250339508,0.04899999871850014
YML041C,YBL052C,1,-2.1897469,0.25076451897621155,0.164000004529953,0.04899999871850014
YPL116W,YDR073W,1,-2.1898081,0.25190839171409607,0.16500000655651093,0.04899999871850014
YHR079C,YHR108W,0,-2.1898937,0.2515243887901306,0.16500000655651093,0.04910000041127205
YOR058C,YGR274C,0,-2.1901422,0.2511415481567383,0.16500000655651093,0.04919999837875366
YPR041W,YGL043W,0,-2.1902027,0.25075986981391907,0.16500000655651093,0.049300000071525574
YLR427W,YLR163C,0,-2.1904655,0.250379353761673,0.16500000655651093,0.049400001764297485
YDR292C,YDR364C,0,-2.1909442,0.25,0.16500000655651093,0.0494999997317791
YLR453C,YGL113W,0,-2.191151,0.24962177872657776,0.16500000655651093,0.04960000142455101
YDL159W,YIL062C,0,-2.1912673,0.24924471974372864,0.16500000655651093,0.04969999939203262
YNL156C,YDR140W,0,-2.1920443,0.24886877834796906,0.16500000655651093,0.049800001084804535
YML046W,YOR259C,0,-2.1921697,0.2484939694404602,0.16500000655651093,0.04989999905228615
YDR113C,YEL020W-A,0,-2.1924126,0.24812030792236328,0.16500000655651093,0.05000000074505806
YCL067C,YML046W,0,-2.1932297,0.2477477490901947,0.16500000655651093,0.05009999871253967
YFL049W,YFR037C,1,-2.1932995,0.24887555837631226,0.16599999368190765,0.05009999871253967
YLR055C,YCR092C,0,-2.1936326,0.24850299954414368,0.16599999368190765,0.050200000405311584
YGL129C,YMR125W,0,-2.1939428,0.24813154339790344,0.16599999368190765,0.0502999983727932
YJL176C,YOL006C,1,-2.1941295,0.24925373494625092,0.16699999570846558,0.0502999983727932
YJL013C,YDR219C,0,-2.1945925,0.2488822638988495,0.16699999570846558,0.05040000006556511
YOR388C,YJR043C,0,-2.1950266,0.2485119104385376,0.16699999570846558,0.05050000175833702
YBL085W,YHR108W,0,-2.1952407,0.24814264476299286,0.16699999570846558,0.050599999725818634
YJL176C,YDR071C,1,-2.1953373,0.2492581605911255,0.1679999977350235,0.050599999725818634
YGR004W,YOR033C,0,-2.1955245,0.24888889491558075,0.1679999977350235,0.050700001418590546
YGR120C,YMR267W,0,-2.1957889,0.24852071702480316,0.1679999977350235,0.05079999938607216
YJL030W,YJL013C,0,-2.1958137,0.24815361201763153,0.1679999977350235,0.05090000107884407
YKL188C,YGL216W,0,-2.1958942,0.24778760969638824,0.1679999977350235,0.050999999046325684
YIL110W,YER100W,0,-2.1963084,0.24742268025875092,0.1679999977350235,0.051100000739097595
YIL085C,YPR051W,0,-2.1968944,0.24705882370471954,0.1679999977350235,0.05119999870657921
YGR251W,YDR419W,0,-2.1974509,0.24669604003429413,0.1679999977350235,0.05130000039935112
YOR028C,YML006C,0,-2.197472,0.24633431434631348,0.1679999977350235,0.05139999836683273
YDR472W,YDL207W,0,-2.1975536,0.2459736466407776,0.1679999977350235,0.051500000059604645
YPL217C,YLR096W,0,-2.198087,0.24561403691768646,0.1679999977350235,0.051600001752376556
YOR244W,YBL052C,1,-2.1984336,0.24671532213687897,0.16899999976158142,0.051600001752376556
YDR484W,YGR046W,0,-2.1993978,0.24635568261146545,0.16899999976158142,0.05169999971985817
YOR279C,YML109W,1,-2.1995463,0.24745269119739532,0.17000000178813934,0.05169999971985817
YLR313C,YFR009W,0,-2.1995778,0.24709302186965942,0.17000000178813934,0.05180000141263008
YMR192W,YDR264C,0,-2.200684,0.2467343956232071,0.17000000178813934,0.051899999380111694
YGR072W,YMR059W,0,-2.2007086,0.24637681245803833,0.17000000178813934,0.052000001072883606
YDR121W,YDR073W,1,-2.2008414,0.24746744334697723,0.17100000381469727,0.052000001072883606
YFL060C,YDL005C,0,-2.2011528,0.24710983037948608,0.17100000381469727,0.05209999904036522
YLR383W,YML077W,0,-2.2014081,0.2467532455921173,0.17100000381469727,0.05220000073313713
YJL176C,YCL061C,1,-2.2015328,0.24783861637115479,0.1720000058412552,0.05220000073313713
YOL003C,YGR112W,0,-2.2016618,0.24748201668262482,0.1720000058412552,0.052299998700618744
YJL039C,YML115C,0,-2.2025096,0.24712643027305603,0.1720000058412552,0.052400000393390656
YJL019W,YDR072C,0,-2.202637,0.24677187204360962,0.1720000058412552,0.05249999836087227
YML043C,YML115C,0,-2.2027025,0.24641834199428558,0.1720000058412552,0.05260000005364418
YOL072W,YNL292W,0,-2.2031217,0.24606581032276154,0.1720000058412552,0.05270000174641609
YMR129W,YBR216C,0,-2.2032938,0.24571429193019867,0.1720000058412552,0.052799999713897705
YNL106C,YKL052C,0,-2.2034028,0.2453637719154358,0.1720000058412552,0.05290000140666962
YBR017C,YDR192C,0,-2.2035673,0.2450142502784729,0.1720000058412552,0.05299999937415123
YCL011C,YOR305W,0,-2.2037103,0.2446657121181488,0.1720000058412552,0.05310000106692314
YLL027W,YML060W,0,-2.2038147,0.2443181872367859,0.1720000058412552,0.053199999034404755
YOR237W,YMR081C,0,-2.204087,0.24397163093090057,0.1720000058412552,0.053300000727176666
YJL030W,YOR353C,0,-2.2043908,0.24362605810165405,0.1720000058412552,0.05339999869465828
YML121W,YNL297C,0,-2.2044814,0.24328146874904633,0.1720000058412552,0.05350000038743019
YCR063W,YPL053C,0,-2.205203,0.2429378479719162,0.1720000058412552,0.053599998354911804
YDR080W,YOL125W,0,-2.2054634,0.24259521067142487,0.1720000058412552,0.053700000047683716
YNL091W,YDR255C,0,-2.205576,0.24225352704524994,0.1720000058412552,0.05380000174045563
YNL082W,YOR047C,0,-2.2057586,0.24191279709339142,0.1720000058412552,0.05389999970793724
YDR004W,YMR207C,0,-2.2067795,0.2415730357170105,0.1720000058412552,0.05400000140070915
YJR112W,YDR219C,0,-2.2069805,0.24123422801494598,0.1720000058412552,0.054099999368190765
YHL027W,YBR188C,0,-2.2071378,0.24089635908603668,0.1720000058412552,0.05420000106096268
YJL110C,YPL045W,0,-2.2074094,0.2405594438314438,0.1720000058412552,0.05429999902844429
YGL241W,YJL201W,0,-2.2077825,0.2402234673500061,0.1720000058412552,0.0544000007212162
YMR050C,YGL043W,0,-2.2077856,0.23988842964172363,0.1720000058412552,0.054499998688697815
YBL088C,YNL102W,0,-2.208543,0.23955431580543518,0.1720000058412552,0.05460000038146973
YGR238C,YHR077C,0,-2.2087314,0.23922114074230194,0.1720000058412552,0.05469999834895134
YLR363C,YNL082W,0,-2.2088215,0.23888888955116272,0.1720000058412552,0.05480000004172325
YGL216W,YDR311W,0,-2.2092845,0.23855756223201752,0.1720000058412552,0.05490000173449516
YBL090W,YCR035C,0,-2.2096293,0.23822714388370514,0.1720000058412552,0.054999999701976776
YOR115C,YLR115W,0,-2.2101865,0.23789764940738678,0.1720000058412552,0.05510000139474869
YGL153W,YBR288C,0,-2.2102036,0.23756906390190125,0.1720000058412552,0.0551999993622303
YMR163C,YJL041W,0,-2.210228,0.23724137246608734,0.1720000058412552,0.05530000105500221
YLL035W,YMR213W,0,-2.2102542,0.23691460490226746,0.1720000058412552,0.055399999022483826
YLL036C,YIL143C,0,-2.2103467,0.236588716506958,0.1720000058412552,0.05550000071525574
YGL241W,YBR200W,0,-2.2103498,0.23626373708248138,0.1720000058412552,0.05559999868273735
YGL251C,YMR179W,0,-2.2104344,0.2359396368265152,0.1720000058412552,0.05570000037550926
YNL236W,YGR171C,0,-2.2107537,0.23561644554138184,0.1720000058412552,0.055799998342990875
YFL060C,YKL068W,0,-2.2108138,0.23529411852359772,0.1720000058412552,0.05590000003576279
YDR045C,YJR052W,0,-2.2115157,0.23497267067432404,0.1720000058412552,0.0560000017285347
YMR302C,YDR079W,0,-2.2122078,0.23465211689472198,0.1720000058412552,0.05609999969601631
YDR395W,YFR027W,0,-2.2122967,0.23433242738246918,0.1720000058412552,0.05620000138878822
YKL189W,YJR053W,0,-2.212397,0.2340136021375656,0.1720000058412552,0.056299999356269836
YGL129C,YBR288C,0,-2.2125,0.23369565606117249,0.1720000058412552,0.05640000104904175
YDR392W,YFL049W,1,-2.2131739,0.2347354143857956,0.17299999296665192,0.05640000104904175
YIL110W,YOR068C,0,-2.213327,0.23441734910011292,0.17299999296665192,0.05649999901652336
YHR092C,YDR217C,0,-2.213792,0.2341001331806183,0.17299999296665192,0.05660000070929527
YPR189W,YHR129C,0,-2.2149131,0.2337837815284729,0.17299999296665192,0.056699998676776886
YLR182W,YKL213C,0,-2.215126,0.23346827924251556,0.17299999296665192,0.0568000003695488
YDR334W,YBL052C,1,-2.2152376,0.23450134694576263,0.17399999499320984,0.0568000003695488
YAR003W,YLR385C,1,-2.215386,0.23553162813186646,0.17499999701976776,0.0568000003695488
YDR507C,YPL267W,0,-2.2154188,0.23521505296230316,0.17499999701976776,0.05689999833703041
YDR080W,YLR451W,0,-2.2158618,0.23489932715892792,0.17499999701976776,0.05700000002980232
YDR004W,YIR011C,0,-2.216064,0.23458445072174072,0.17499999701976776,0.057100001722574234
YLR418C,YKR029C,1,-2.2162688,0.23560909926891327,0.17599999904632568,0.057100001722574234
YFR001W,YOR033C,0,-2.216322,0.23529411852359772,0.17599999904632568,0.05719999969005585
YIL143C,YGR075C,0,-2.2163262,0.23497997224330902,0.17599999904632568,0.05730000138282776
YPL115C,YNL002C,0,-2.2171502,0.23466666042804718,0.17599999904632568,0.05739999935030937
YGR252W,YMR075W,1,-2.2172365,0.23568575084209442,0.1770000010728836,0.05739999935030937
YKR029C,YDR110W,1,-2.217257,0.23670212924480438,0.17800000309944153,0.05739999935030937
YIL150C,YDR176W,1,-2.217409,0.23771581053733826,0.17900000512599945,0.05739999935030937
YDR121W,YOR244W,1,-2.2174184,0.23872679471969604,0.18000000715255737,0.05739999935030937
YDR483W,YGL086W,0,-2.217469,0.2384105920791626,0.18000000715255737,0.057500001043081284
YPL217C,YHR108W,0,-2.2180617,0.2380952388048172,0.18000000715255737,0.0575999990105629
YKR037C,YIR011C,0,-2.218118,0.23778071999549866,0.18000000715255737,0.05770000070333481
YOR058C,YNR033W,0,-2.218503,0.23746702075004578,0.18000000715255737,0.05779999867081642
YJL176C,YPL254W,1,-2.2185438,0.23847167193889618,0.1809999942779541,0.05779999867081642
YPL116W,YPL055C,1,-2.218819,0.23947368562221527,0.18199999630451202,0.05779999867081642
YGR252W,YLR357W,1,-2.219077,0.24047306180000305,0.18299999833106995,0.05779999867081642
YOR054C,YBR055C,0,-2.2196183,0.24015748500823975,0.18299999833106995,0.05790000036358833
YMR192W,YFL055W,0,-2.2199748,0.2398427277803421,0.18299999833106995,0.057999998331069946
YML109W,YBR215W,1,-2.2204463,0.2408376932144165,0.18400000035762787,0.057999998331069946
YAR003W,YAL011W,1,-2.220514,0.24183006584644318,0.1850000023841858,0.057999998331069946
YJL173C,YER100W,0,-2.2216907,0.24151435494422913,0.1850000023841858,0.05810000002384186
YPR179C,YER120W,1,-2.221865,0.24250325560569763,0.1860000044107437,0.05810000002384186
YHR069C,YGL129C,0,-2.2220466,0.2421875,0.1860000044107437,0.05820000171661377
YDR092W,YNL292W,0,-2.222259,0.24187256395816803,0.1860000044107437,0.05829999968409538
YER052C,YIL140W,0,-2.2229495,0.24155844748020172,0.1860000044107437,0.058400001376867294
YOL100W,YGL051W,0,-2.2230682,0.24124513566493988,0.1860000044107437,0.05849999934434891
YKL188C,YFR004W,0,-2.2232423,0.2409326434135437,0.1860000044107437,0.05860000103712082
YGL233W,YML006C,0,-2.2232609,0.240620955824852,0.1860000044107437,0.05869999900460243
YKR035W-A,YPL213W,0,-2.223448,0.24031007289886475,0.1860000044107437,0.058800000697374344
YLR071C,YBR216C,0,-2.2236364,0.23999999463558197,0.1860000044107437,0.05889999866485596
YGL213C,YNL082W,0,-2.2237759,0.23969072103500366,0.1860000044107437,0.05900000035762787
YCL061C,YFL049W,1,-2.224271,0.24066923558712006,0.18700000643730164,0.05900000035762787
YDR419W,YOR047C,0,-2.2243214,0.24035990238189697,0.18700000643730164,0.05909999832510948
YNL048W,YBR213W,0,-2.2249188,0.24005134403705597,0.18700000643730164,0.05920000001788139
YML109W,YPL055C,1,-2.2250583,0.2410256415605545,0.18799999356269836,0.05920000001788139
YJL039C,YOR372C,0,-2.2250638,0.24071702361106873,0.18799999356269836,0.059300001710653305
YGL153W,YOR047C,0,-2.2257037,0.24040921032428741,0.18799999356269836,0.05939999967813492
YKL089W,YGL028C,0,-2.2257416,0.24010217189788818,0.18799999356269836,0.05950000137090683
YOR058C,YDR138W,0,-2.2269301,0.23979592323303223,0.18799999356269836,0.05959999933838844
YGR005C,YLR144C,0,-2.2278872,0.23949044942855835,0.18799999356269836,0.059700001031160355
YDR295C,YBR215W,1,-2.2283423,0.24045801162719727,0.1889999955892563,0.059700001031160355
YNL049C,YJL056C,0,-2.2284176,0.2401524782180786,0.1889999955892563,0.05979999899864197
YNL139C,YOR116C,0,-2.2284873,0.23984771966934204,0.1889999955892563,0.05990000069141388
YJL030W,YMR125W,0,-2.2287388,0.23954372107982635,0.1889999955892563,0.05999999865889549
YGR278W,YMR207C,0,-2.2288334,0.23924051225185394,0.1889999955892563,0.060100000351667404
YBL082C,YAL068C,0,-2.2289836,0.23893804848194122,0.1889999955892563,0.06019999831914902
YGL213C,YMR213W,0,-2.2293847,0.23863635957241058,0.1889999955892563,0.06030000001192093
YOL086C,YAL068C,0,-2.2301977,0.23833543062210083,0.1889999955892563,0.06040000170469284
YOR207C,YML075C,0,-2.231013,0.23803526163101196,0.1889999955892563,0.060499999672174454
YMR023C,YGL168W,0,-2.2313993,0.23773585259914398,0.1889999955892563,0.060600001364946365
YLR246W,YBL056W,0,-2.2321866,0.2374371886253357,0.1889999955892563,0.06069999933242798
YGR004W,YCR018C,0,-2.232355,0.2371392697095871,0.1889999955892563,0.06080000102519989
YER122C,YOR112W,0,-2.232664,0.2368421107530594,0.1889999955892563,0.0608999989926815
YML067C,YGL222C,0,-2.2328565,0.23654568195343018,0.1889999955892563,0.061000000685453415
YBR017C,YNL082W,0,-2.2331274,0.23624999821186066,0.1889999955892563,0.06109999865293503
YER017C,YGL206C,0,-2.2336283,0.23595505952835083,0.1889999955892563,0.06120000034570694
YBR017C,YBR086C,0,-2.2342029,0.2356608510017395,0.1889999955892563,0.06129999831318855
YLR182W,YMR207C,0,-2.234669,0.23536737263202667,0.1889999955892563,0.061400000005960464
YFL049W,YNL216W,1,-2.2348995,0.2363184094429016,0.1899999976158142,0.061400000005960464
YLR466W,YGL216W,0,-2.2359078,0.23602484166622162,0.1899999976158142,0.061500001698732376
YLL031C,YMR179W,0,-2.235918,0.23573200404644012,0.1899999976158142,0.06159999966621399
YER083C,YGL086W,0,-2.235985,0.23543989658355713,0.1899999976158142,0.0617000013589859
YML115C,YNR003C,0,-2.2367551,0.23514851927757263,0.1899999976158142,0.061799999326467514
YOR381W,YJR141W,0,-2.2367926,0.23485784232616425,0.1899999976158142,0.061900001019239426
YNL048W,YDR219C,0,-2.237046,0.23456789553165436,0.1899999976158142,0.06199999898672104
YFR027W,YDL043C,0,-2.2372608,0.23427866399288177,0.1899999976158142,0.06210000067949295
YBL004W,YJL041W,0,-2.2376246,0.2339901477098465,0.1899999976158142,0.062199998646974564
YOR327C,YCR092C,0,-2.2380064,0.23370233178138733,0.1899999976158142,0.062300000339746475
YER173W,YBL056W,0,-2.2388465,0.23341523110866547,0.1899999976158142,0.06239999830722809
YNL325C,YDR164C,0,-2.2388866,0.23312883079051971,0.1899999976158142,0.0625
YKR035W-A,YIL115C,0,-2.2388954,0.23284313082695007,0.1899999976158142,0.06260000169277191
YMR273C,YAL011W,1,-2.239302,0.23378212749958038,0.19099999964237213,0.06260000169277191
YCL067C,YMR212C,0,-2.23968,0.23349633812904358,0.19099999964237213,0.06270000338554382
YJR066W,YDR503C,0,-2.239689,0.2332112342119217,0.19099999964237213,0.06279999762773514
YDL005C,YNL082W,0,-2.23975,0.23292683064937592,0.19099999964237213,0.06289999932050705
YEL012W,YOR058C,0,-2.2399144,0.23264311254024506,0.19099999964237213,0.06300000101327896
YDR472W,YHR077C,0,-2.2406118,0.2323600947856903,0.19099999964237213,0.06310000270605087
YCR020C-A,YBR055C,0,-2.2407024,0.23207776248455048,0.19099999964237213,0.06319999694824219
YER190W,YIR023W,0,-2.2409139,0.23179611563682556,0.19099999964237213,0.0632999986410141
YLR210W,YDR219C,0,-2.2413838,0.23151515424251556,0.19099999964237213,0.06340000033378601
YGR253C,YBR070C,0,-2.2415535,0.2312348634004593,0.19099999964237213,0.06350000202655792
YDR038C,YDL095W,0,-2.2415903,0.23095525801181793,0.19099999964237213,0.06360000371932983
YDR392W,YBR195C,1,-2.2416131,0.23188406229019165,0.19200000166893005,0.06360000371932983
YKR025W,YOR112W,0,-2.2424495,0.23160433769226074,0.19200000166893005,0.06369999796152115
YBL085W,YDR025W,0,-2.2424626,0.23132529854774475,0.19200000166893005,0.06379999965429306
YNL216W,YMR080C,1,-2.2431657,0.23225030303001404,0.19300000369548798,0.06379999965429306
YDR121W,YCL061C,1,-2.243327,0.23317307233810425,0.1940000057220459,0.06379999965429306
YMR045C,YML094W,0,-2.2451944,0.23289315402507782,0.1940000057220459,0.06390000134706497
YLR418C,YOR244W,1,-2.2461896,0.23381294310092926,0.19499999284744263,0.06390000134706497
YOR068C,YEL053C,0,-2.246213,0.23353293538093567,0.19499999284744263,0.06400000303983688
YDR054C,YBR153W,0,-2.2463992,0.2332535833120346,0.19499999284744263,0.0640999972820282
YML115C,YMR128W,0,-2.246415,0.23297491669654846,0.19499999284744263,0.06419999897480011
YNL038W,YGR245C,0,-2.2465136,0.23269689083099365,0.19499999284744263,0.06430000066757202
YOR244W,YJL127C,1,-2.2469082,0.23361144959926605,0.19599999487400055,0.06430000066757202
YGL241W,YFL055W,0,-2.247032,0.23333333432674408,0.19599999487400055,0.06440000236034393
YJL110C,YPL050C,0,-2.2472088,0.23305588960647583,0.19599999487400055,0.06449999660253525
YLR376C,YLL040C,0,-2.2476356,0.2327791005373001,0.19599999487400055,0.06459999829530716
YKL075C,YJL005W,0,-2.2477274,0.23250296711921692,0.19599999487400055,0.06469999998807907
YDR060W,YEL053C,0,-2.2478929,0.23222748935222626,0.19599999487400055,0.06480000168085098
YKL189W,YKR085C,0,-2.2480142,0.23195266723632812,0.19599999487400055,0.0649000033736229
YPR125W,YJR043C,0,-2.2480364,0.23167848587036133,0.19599999487400055,0.06499999761581421
YDR303C,YAL011W,1,-2.248196,0.2325855940580368,0.19699999690055847,0.06499999761581421
YML011C,YOR033C,0,-2.2495878,0.23231132328510284,0.19699999690055847,0.06509999930858612
YPL050C,YJL041W,0,-2.2498128,0.23203769326210022,0.19699999690055847,0.06520000100135803
YKL113C,YHL034C,0,-2.2500763,0.23176470398902893,0.19699999690055847,0.06530000269412994
YCL067C,YJL173C,0,-2.2501488,0.23149235546588898,0.19699999690055847,0.06539999693632126
YGR206W,YDR494W,0,-2.2504828,0.23122066259384155,0.19699999690055847,0.06549999862909317
YBL088C,YNL119W,0,-2.2506754,0.23094959557056427,0.19699999690055847,0.06560000032186508
YFL049W,YDR110W,1,-2.2508216,0.23185011744499207,0.1979999989271164,0.06560000032186508
YFL049W,YPL116W,1,-2.2511044,0.23274853825569153,0.19900000095367432,0.06560000032186508
YNL232W,YDR219C,0,-2.2512567,0.2324766367673874,0.19900000095367432,0.065700002014637
YCL061C,YMR080C,1,-2.2514424,0.23337222635746002,0.20000000298023224,0.065700002014637
YOR151C,YBL056W,0,-2.2516718,0.23310023546218872,0.20000000298023224,0.0658000037074089
YOL109W,YKL049C,0,-2.2524726,0.23282887041568756,0.20000000298023224,0.06589999794960022
YMR163C,YMR097C,0,-2.2527862,0.23255814611911774,0.20000000298023224,0.06599999964237213
YER052C,YJL019W,0,-2.2530103,0.23228803277015686,0.20000000298023224,0.06610000133514404
YML109W,YPL047W,1,-2.253503,0.23317866027355194,0.20100000500679016,0.06610000133514404
YKL046C,YAR014C,0,-2.2535648,0.2329084575176239,0.20100000500679016,0.06620000302791595
YOR368W,YDR472W,0,-2.2538311,0.2326388955116272,0.20100000500679016,0.06629999727010727
YCL024W,YPR024W,0,-2.2538745,0.23236994445323944,0.20100000500679016,0.06639999896287918
YLR418C,YPL254W,1,-2.254366,0.23325635492801666,0.20200000703334808,0.06639999896287918
YGR286C,YAL068C,0,-2.254368,0.23298731446266174,0.20200000703334808,0.06650000065565109
YGR005C,YMR058W,0,-2.2544935,0.23271889984607697,0.20200000703334808,0.066600002348423
YLR330W,YER157W,0,-2.2545457,0.23245109617710114,0.20200000703334808,0.06669999659061432
YNL082W,YLR115W,0,-2.2547572,0.23218390345573425,0.20200000703334808,0.06679999828338623
YGL133W,YJR060W,1,-2.2549317,0.2330654412508011,0.2029999941587448,0.06679999828338623
YML041C,YPL254W,1,-2.2550247,0.23394495248794556,0.20399999618530273,0.06679999828338623
YJR141W,YLR305C,0,-2.2550526,0.2336769700050354,0.20399999618530273,0.06689999997615814
YLR453C,YLR363C,0,-2.2550936,0.23340961337089539,0.20399999618530273,0.06700000166893005
YOR316C,YGR072W,0,-2.255142,0.23314285278320312,0.20399999618530273,0.06710000336170197
YDR217C,YGR101W,0,-2.2552586,0.232876718044281,0.20399999618530273,0.06719999760389328
YMR255W,YDR016C,0,-2.2553492,0.23261117935180664,0.20399999618530273,0.06729999929666519
YMR273C,YDR334W,1,-2.2556422,0.23348519206047058,0.20499999821186066,0.06729999929666519
YDR079W,YPR051W,0,-2.25631,0.23321956396102905,0.20499999821186066,0.0674000009894371
YGL153W,YLR229C,0,-2.2565944,0.23295454680919647,0.20499999821186066,0.06750000268220901
YDR292C,YGL086W,0,-2.2566748,0.23269012570381165,0.20499999821186066,0.06759999692440033
YHR058C,YCL024W,0,-2.2588127,0.23242630064487457,0.20499999821186066,0.06769999861717224
YMR117C,YGR075C,0,-2.2597272,0.23216308653354645,0.20499999821186066,0.06780000030994415
YML109W,YDR073W,1,-2.2599795,0.23303167521953583,0.20600000023841858,0.06780000030994415
YJR053W,YBR153W,0,-2.2602806,0.23276835680007935,0.20600000023841858,0.06790000200271606
YGL241W,YER002W,0,-2.260869,0.2325056493282318,0.20600000023841858,0.06800000369548798
YLR071C,YDR311W,0,-2.261129,0.23224352300167084,0.20600000023841858,0.06809999793767929
YGR238C,YER171W,0,-2.261196,0.23198197782039642,0.20600000023841858,0.0681999996304512
YNL102W,YNL038W,0,-2.2612715,0.23172102868556976,0.20600000023841858,0.06830000132322311
YIL115C,YMR213W,0,-2.2613723,0.23146067559719086,0.20600000023841858,0.06840000301599503
YML067C,YLR246W,0,-2.2615552,0.2312009036540985,0.20600000023841858,0.06849999725818634
YHL038C,YOR207C,0,-2.2616885,0.23094169795513153,0.20600000023841858,0.06859999895095825
YMR273C,YBL052C,1,-2.261708,0.23180291056632996,0.2070000022649765,0.06859999895095825
YPL055C,YDR110W,1,-2.2617621,0.23266218602657318,0.20800000429153442,0.06859999895095825
YOL033W,YGR274C,0,-2.262163,0.2324022352695465,0.20800000429153442,0.06870000064373016
YJL173C,YOR054C,0,-2.2628348,0.2321428507566452,0.20800000429153442,0.06880000233650208
YLR427W,YLR305C,0,-2.2630587,0.23188406229019165,0.20800000429153442,0.06889999657869339
YCL024W,YDL224C,0,-2.2640898,0.23162584006786346,0.20800000429153442,0.0689999982714653
YLR165C,YML104C,0,-2.2641163,0.23136818408966064,0.20800000429153442,0.06909999996423721
YMR227C,YDR183W,0,-2.2641854,0.23111110925674438,0.20800000429153442,0.06920000165700912
YPL213W,YDR030C,0,-2.264593,0.2308546006679535,0.20800000429153442,0.06930000334978104
YOR388C,YDL005C,0,-2.264944,0.23059867322444916,0.20800000429153442,0.06939999759197235
YIL126W,YDR110W,1,-2.2653053,0.23145072162151337,0.20900000631809235,0.06939999759197235
YPR125W,YPL045W,0,-2.265625,0.23119468986988068,0.20900000631809235,0.06949999928474426
YNL139C,YER118C,0,-2.2658448,0.23093922436237335,0.20900000631809235,0.06960000097751617
YDR395W,YJL110C,0,-2.2659457,0.2306843250989914,0.20900000631809235,0.06970000267028809
YPR168W,YDR427W,0,-2.2659848,0.2304299920797348,0.20900000631809235,0.0697999969124794
YLR383W,YOR126C,0,-2.2662404,0.23017621040344238,0.20900000631809235,0.06989999860525131
YJL095W,YBR244W,0,-2.266414,0.22992299497127533,0.20900000631809235,0.07000000029802322
YMR050C,YDR339C,0,-2.2665398,0.22967033088207245,0.20900000631809235,0.07010000199079514
YPR031W,YKR029C,1,-2.2668278,0.23051591217517853,0.20999999344348907,0.07010000199079514
YOR231W,YPR125W,0,-2.2670538,0.23026315867900848,0.20999999344348907,0.07020000368356705
YML109W,YLR357W,1,-2.2673507,0.231106236577034,0.210999995470047,0.07020000368356705
YLR376C,YDR339C,0,-2.2677138,0.2308533936738968,0.210999995470047,0.07029999792575836
YDR043C,YNL177C,0,-2.2677476,0.23060108721256256,0.210999995470047,0.07039999961853027
YGL241W,YDR272W,0,-2.2680166,0.2303493469953537,0.210999995470047,0.07050000131130219
YDR272W,YPR073C,0,-2.2683005,0.23009814321994781,0.210999995470047,0.0706000030040741
YHR069C,YKL092C,0,-2.2688751,0.2298474907875061,0.210999995470047,0.07069999724626541
YDL224C,YDR212W,0,-2.268964,0.22959738969802856,0.210999995470047,0.07079999893903732
YOR126C,YJR043C,0,-2.269107,0.229347825050354,0.210999995470047,0.07090000063180923
YBR200W,YKR099W,0,-2.2701626,0.22909881174564362,0.210999995470047,0.07100000232458115
YFL049W,YMR247C,1,-2.2701871,0.2299349308013916,0.21199999749660492,0.07100000232458115
YML041C,YDL153C,1,-2.2712443,0.23076923191547394,0.21299999952316284,0.07100000232458115
YMR129W,YIL085C,0,-2.2714145,0.23051947355270386,0.21299999952316284,0.07109999656677246
YMR192W,YDR427W,0,-2.2715569,0.23027026653289795,0.21299999952316284,0.07119999825954437
YLR361C,YPR125W,0,-2.2718053,0.23002159595489502,0.21299999952316284,0.07129999995231628
YML094W,YHR038W,0,-2.2718384,0.22977346181869507,0.21299999952316284,0.0714000016450882
YJR066W,YJL157C,0,-2.2718482,0.2295258641242981,0.21299999952316284,0.07150000333786011
YGR004W,YGL211W,0,-2.2719767,0.2292787879705429,0.21299999952316284,0.07159999758005142
YPL243W,YIL143C,0,-2.272416,0.2290322631597519,0.21299999952316284,0.07169999927282333
YDR194C,YOR117W,0,-2.2734418,0.22878624498844147,0.21299999952316284,0.07180000096559525
YIL021W,YDR364C,0,-2.2735803,0.22854077816009521,0.21299999952316284,0.07190000265836716
YLR102C,YPL065W,0,-2.2736561,0.22829581797122955,0.21299999952316284,0.07199999690055847
YML043C,YCR077C,0,-2.2737274,0.22805139422416687,0.21299999952316284,0.07209999859333038
YDR483W,YER166W,0,-2.27373,0.22780749201774597,0.21299999952316284,0.0722000002861023
YJL112W,YML115C,0,-2.2738822,0.22756409645080566,0.21299999952316284,0.0723000019788742
YDR334W,YMR247C,1,-2.2739906,0.2283884733915329,0.21400000154972076,0.0723000019788742
YGR238C,YOL111C,0,-2.2744415,0.22814498841762543,0.21400000154972076,0.07240000367164612
YBL082C,YER122C,0,-2.2758346,0.22790202498435974,0.21400000154972076,0.07249999791383743
YCL034W,YKR035W-A,0,-2.2760446,0.22765956819057465,0.21400000154972076,0.07259999960660934
YDL224C,YER147C,0,-2.2765813,0.22741764783859253,0.21400000154972076,0.07270000129938126
YBR195C,YDR110W,1,-2.27698,0.2282377928495407,0.2150000035762787,0.07270000129938126
YJL176C,YDR392W,1,-2.2776673,0.2290562093257904,0.2160000056028366,0.07270000129938126
YOL006C,YDR071C,1,-2.278072,0.22987288236618042,0.21699999272823334,0.07270000129938126
YKL119C,YBR244W,0,-2.2783127,0.22962963581085205,0.21699999272823334,0.07280000299215317
YGL254W,YJL110C,0,-2.2783742,0.22938689589500427,0.21699999272823334,0.07289999723434448
YDR472W,YDL209C,0,-2.2786226,0.22914466261863708,0.21699999272823334,0.0729999989271164
YKL204W,YGR241C,0,-2.27871,0.22890295088291168,0.21699999272823334,0.0731000006198883
YPL089C,YJL029C,0,-2.279017,0.22866174578666687,0.21699999272823334,0.07320000231266022
YMR030W,YDR164C,0,-2.279098,0.22842104732990265,0.21699999272823334,0.07329999655485153
YFR037C,YJL127C,1,-2.2791715,0.22923238575458527,0.21799999475479126,0.07329999655485153
YLL035W,YER083C,0,-2.2792468,0.22899159789085388,0.21799999475479126,0.07339999824762344
YPR108W,YKL014C,0,-2.2793496,0.2287513166666031,0.21799999475479126,0.07349999994039536
YGL133W,YBR215W,1,-2.27981,0.2295597493648529,0.21899999678134918,0.07349999994039536
YFL005W,YKL046C,0,-2.2802298,0.22931937873363495,0.21899999678134918,0.07360000163316727
YDR054C,YLR047C,0,-2.2811878,0.2290794998407364,0.21899999678134918,0.07370000332593918
YER049W,YMR200W,0,-2.281486,0.22884012758731842,0.21899999678134918,0.0737999975681305
YGL112C,YCR052W,1,-2.2815387,0.22964508831501007,0.2199999988079071,0.0737999975681305
YPL175W,YKR083C,0,-2.281884,0.22940562665462494,0.2199999988079071,0.0738999992609024
YNL246W,YDR176W,1,-2.2823222,0.23020833730697632,0.22100000083446503,0.0738999992609024
YMR273C,YDR295C,1,-2.2831836,0.2310093641281128,0.22200000286102295,0.0738999992609024
YER049W,YGR120C,0,-2.2833052,0.23076923191547394,0.22200000286102295,0.07400000095367432
YDR419W,YIL007C,0,-2.2837267,0.23052959144115448,0.22200000286102295,0.07410000264644623
YMR227C,YAL029C,0,-2.2841337,0.2302904576063156,0.22200000286102295,0.07419999688863754
YNL232W,YDR164C,0,-2.284521,0.23005181550979614,0.22200000286102295,0.07429999858140945
YFR037C,YGL112C,1,-2.2847648,0.23084886372089386,0.22300000488758087,0.07429999858140945
YAL011W,YCR052W,1,-2.2851458,0.23164425790309906,0.2240000069141388,0.07429999858140945
YLR182W,YHR066W,0,-2.286,0.23140496015548706,0.2240000069141388,0.07440000027418137
YDR419W,YLR275W,0,-2.2864132,0.23116615414619446,0.2240000069141388,0.07450000196695328
YKL057C,YOR045W,0,-2.2865043,0.23092783987522125,0.2240000069141388,0.07460000365972519
YJR044C,YDL007W,0,-2.2865539,0.23069001734256744,0.2240000069141388,0.0746999979019165
YOR174W,YER100W,0,-2.286716,0.23045267164707184,0.2240000069141388,0.07479999959468842
YGL233W,YBR055C,0,-2.2870073,0.23021583259105682,0.2240000069141388,0.07490000128746033
YMR255W,YLR451W,0,-2.287572,0.2299794703722,0.2240000069141388,0.07500000298023224
YPR031W,YMR080C,1,-2.2877157,0.23076923191547394,0.22499999403953552,0.07500000298023224
YGL051W,YCL052C,0,-2.2889814,0.23053278028964996,0.22499999403953552,0.07509999722242355
YOL006C,YLR357W,1,-2.2890983,0.2313203662633896,0.22599999606609344,0.07509999722242355
YOL006C,YCL061C,1,-2.2892816,0.23210634291172028,0.22699999809265137,0.07509999722242355
YJL041W,YPR049C,0,-2.2893245,0.23186925053596497,0.22699999809265137,0.07519999891519547
YLR165C,YOL111C,0,-2.2895448,0.23163264989852905,0.22699999809265137,0.07530000060796738
YML109W,YPR031W,1,-2.2897768,0.23241589963436127,0.2280000001192093,0.07530000060796738
YNL082W,YLR361C,0,-2.2898567,0.23217922449111938,0.2280000001192093,0.07540000230073929
YDR252W,YJR053W,0,-2.2901602,0.2319430261850357,0.2280000001192093,0.0754999965429306
YPR041W,YOR259C,0,-2.2902372,0.23170731961727142,0.2280000001192093,0.07559999823570251
YFL005W,YBL004W,0,-2.2903614,0.23147207498550415,0.2280000001192093,0.07569999992847443
YER029C,YPL045W,0,-2.2908123,0.23123732209205627,0.2280000001192093,0.07580000162124634
YFL060C,YER014C-A,0,-2.2913177,0.2310030460357666,0.2280000001192093,0.07590000331401825
YER125W,YHR056C,1,-2.2921264,0.23178137838840485,0.2290000021457672,0.07590000331401825
YGL129C,YBR213W,0,-2.2923377,0.231547012925148,0.2290000021457672,0.07599999755620956
YPL116W,YDR303C,1,-2.293791,0.23232322931289673,0.23000000417232513,0.07599999755620956
YDR392W,YLL004W,1,-2.2938175,0.2330978810787201,0.23100000619888306,0.07599999755620956
YCL024W,YKR087C,0,-2.2938724,0.2328629046678543,0.23100000619888306,0.07609999924898148
YOR279C,YLR418C,1,-2.2940235,0.23363545536994934,0.23199999332427979,0.07609999924898148
YKL143W,YFL060C,0,-2.2941709,0.2334004044532776,0.23199999332427979,0.07620000094175339
YGR252W,YDR071C,1,-2.2944734,0.2341708540916443,0.2329999953508377,0.07620000094175339
YLR035C,YGR274C,0,-2.2947173,0.23393574357032776,0.2329999953508377,0.0763000026345253
YHR065C,YJR141W,0,-2.2948089,0.23370110988616943,0.2329999953508377,0.07639999687671661
YCL061C,YLR357W,1,-2.2948806,0.23446893692016602,0.23399999737739563,0.07639999687671661
YPL112C,YHL038C,0,-2.2951014,0.23423422873020172,0.23399999737739563,0.07649999856948853
YML121W,YML006C,0,-2.2952943,0.23399999737739563,0.23399999737739563,0.07660000026226044
YGR278W,YBR084W,0,-2.2958672,0.23376622796058655,0.23399999737739563,0.07670000195503235
YGR089W,YGR005C,0,-2.2960246,0.23353293538093567,0.23399999737739563,0.07680000364780426
YGR183C,YER093C,0,-2.2961273,0.2333001047372818,0.23399999737739563,0.07689999788999557
YBR215W,YIL150C,1,-2.2962556,0.2340637445449829,0.23499999940395355,0.07689999788999557
YPR175W,YLR361C,0,-2.2976005,0.23383083939552307,0.23499999940395355,0.07699999958276749
YDR392W,YBL052C,1,-2.2978911,0.23459245264530182,0.23600000143051147,0.07699999958276749
YLL036C,YHR111W,0,-2.2982535,0.2343594878911972,0.23600000143051147,0.0771000012755394
YPL055C,YCR052W,1,-2.2982652,0.2351190447807312,0.2370000034570694,0.0771000012755394
YPL254W,YER030W,1,-2.298895,0.2358771115541458,0.23800000548362732,0.0771000012755394
YDR299W,YDR484W,0,-2.2991607,0.23564356565475464,0.23800000548362732,0.07720000296831131
YBL056W,YER157W,0,-2.2994437,0.23541048169136047,0.23800000548362732,0.07729999721050262
YDR292C,YBL074C,0,-2.300108,0.23517785966396332,0.23800000548362732,0.07739999890327454
YGL187C,YMR048W,0,-2.300294,0.23494569957256317,0.23800000548362732,0.07750000059604645
YPR139C,YBL056W,0,-2.3004627,0.23471400141716003,0.23800000548362732,0.07760000228881836
YMR050C,YLR172C,0,-2.3011215,0.2344827651977539,0.23800000548362732,0.07769999653100967
YKL113C,YHL038C,0,-2.3011312,0.2342519611120224,0.23800000548362732,0.07779999822378159
YLR385C,YER125W,1,-2.3011448,0.23500491678714752,0.23899999260902405,0.07779999822378159
YPR139C,YJL002C,0,-2.301415,0.23477406799793243,0.23899999260902405,0.0778999999165535
YMR051C,YMR100W,0,-2.301889,0.23454366624355316,0.23899999260902405,0.07800000160932541
YJR060W,YER030W,1,-2.3018997,0.23529411852359772,0.23999999463558197,0.07800000160932541
YOR033C,YKL007W,0,-2.301992,0.23506365716457367,0.23999999463558197,0.07810000330209732
YKL119C,YPR051W,0,-2.3021917,0.23483365774154663,0.23999999463558197,0.07819999754428864
YML109W,YPL254W,1,-2.3026564,0.23558162152767181,0.2409999966621399,0.07819999754428864
YEL042W,YHL020C,0,-2.3038573,0.2353515625,0.2409999966621399,0.07829999923706055
YER173W,YGR092W,0,-2.3044944,0.235121950507164,0.2409999966621399,0.07840000092983246
YFR037C,YMR075W,1,-2.3045325,0.235867440700531,0.24199999868869781,0.07840000092983246
YGL094C,YER168C,0,-2.3046684,0.23563778400421143,0.24199999868869781,0.07850000262260437
YLR430W,YIL115C,0,-2.3056931,0.23540855944156647,0.24199999868869781,0.07859999686479568
YMR192W,YGL086W,0,-2.3057823,0.23517978191375732,0.24199999868869781,0.0786999985575676
YJR060W,YFL049W,1,-2.3059573,0.23592233657836914,0.24300000071525574,0.0786999985575676
YOL072W,YBR086C,0,-2.306166,0.23569349944591522,0.24300000071525574,0.07880000025033951
YER190W,YBR055C,0,-2.306213,0.23546510934829712,0.24300000071525574,0.07890000194311142
YJR052W,YDL165W,0,-2.3064003,0.23523716628551483,0.24300000071525574,0.07900000363588333
YPR051W,YDL047W,0,-2.3065345,0.23500967025756836,0.24300000071525574,0.07909999787807465
YBR215W,YPR179C,1,-2.306717,0.2357487976551056,0.24400000274181366,0.07909999787807465
YDR292C,YML058W,0,-2.3069084,0.23552124202251434,0.24400000274181366,0.07919999957084656
YKR029C,YDR073W,1,-2.307014,0.23625843226909637,0.24500000476837158,0.07919999957084656
YKR037C,YAL055W,0,-2.3071232,0.23603083193302155,0.24500000476837158,0.07930000126361847
YCL011C,YOR110W,0,-2.3071637,0.23580366373062134,0.24500000476837158,0.07940000295639038
YPL083C,YBR119W,0,-2.3072276,0.23557692766189575,0.24500000476837158,0.0794999971985817
YBR195C,YPL055C,1,-2.3072596,0.23631124198436737,0.2460000067949295,0.0794999971985817
YMR302C,YDL209C,0,-2.3074398,0.236084446310997,0.2460000067949295,0.07959999889135361
YNR032C-A,YJL157C,0,-2.3076558,0.23585809767246246,0.2460000067949295,0.07970000058412552
YGL129C,YLR305C,0,-2.3081245,0.23563218116760254,0.2460000067949295,0.07980000227689743
YER173W,YOR117W,0,-2.3082952,0.23540669679641724,0.2460000067949295,0.07989999651908875
YDL043C,YHR129C,0,-2.3084106,0.23518164455890656,0.2460000067949295,0.07999999821186066
YMR168C,YJR053W,0,-2.3084943,0.2349570244550705,0.2460000067949295,0.08009999990463257
YDR470C,YAR014C,0,-2.308698,0.23473282158374786,0.2460000067949295,0.08020000159740448
YFR037C,YNL216W,1,-2.308972,0.23546233773231506,0.24699999392032623,0.08020000159740448
YOL158C,YLR071C,0,-2.3090115,0.23523809015750885,0.24699999392032623,0.08030000329017639
YKL057C,YFR036W,0,-2.3090901,0.23501427471637726,0.24699999392032623,0.0803999975323677
YHR058C,YGR029W,0,-2.3091352,0.2347908765077591,0.24699999392032623,0.08049999922513962
YKR034W,YBR118W,0,-2.30915,0.23456789553165436,0.24699999392032623,0.08060000091791153
YOR261C,YNL102W,0,-2.309607,0.23434534668922424,0.24699999392032623,0.08070000261068344
YKR085C,YGR120C,0,-2.3106127,0.23412322998046875,0.24699999392032623,0.08079999685287476
YLR385C,YOR244W,1,-2.311658,0.2348484843969345,0.24799999594688416,0.08079999685287476
YGR005C,YER093C,0,-2.3118398,0.23462630808353424,0.24799999594688416,0.08089999854564667
YDL178W,YOR116C,0,-2.3119237,0.2344045341014862,0.24799999594688416,0.08100000023841858
YJL030W,YDR217C,0,-2.3129733,0.2341831922531128,0.24799999594688416,0.08110000193119049
YOR058C,YML130C,0,-2.312994,0.2339622676372528,0.24799999594688416,0.0812000036239624
YGR238C,YPL053C,0,-2.313352,0.23374176025390625,0.24799999594688416,0.08129999786615372
YKL125W,YNL325C,0,-2.3138394,0.23352165520191193,0.24799999594688416,0.08139999955892563
YHL027W,YPR176C,0,-2.3141131,0.23330198228359222,0.24799999594688416,0.08150000125169754
YKL189W,YOL109W,0,-2.314301,0.23308271169662476,0.24799999594688416,0.08160000294446945
YKL143W,YKL204W,0,-2.3145368,0.23286384344100952,0.24799999594688416,0.08169999718666077
YJL187C,YBR086C,0,-2.3147597,0.2326454073190689,0.24799999594688416,0.08179999887943268
YDR080W,YOR110W,0,-2.3152227,0.23242737352848053,0.24799999594688416,0.08190000057220459
YDR194C,YKL188C,0,-2.3155296,0.23220974206924438,0.24799999594688416,0.0820000022649765
YDL005C,YOR054C,0,-2.3155622,0.23199251294136047,0.24799999594688416,0.08209999650716782
YMR093W,YDR054C,0,-2.315713,0.23177570104599,0.24799999594688416,0.08219999819993973
YDR512C,YIR011C,0,-2.3161156,0.23155929148197174,0.24799999594688416,0.08229999989271164
YOL149W,YFL038C,0,-2.3161669,0.23134328424930573,0.24799999594688416,0.08240000158548355
YLL006W,YKL092C,0,-2.3162038,0.23112767934799194,0.24799999594688416,0.08250000327825546
YOR115C,YKL049C,0,-2.3162696,0.2309124767780304,0.24799999594688416,0.08259999752044678
YOR359W,YLR451W,0,-2.316625,0.23069767653942108,0.24799999594688416,0.08269999921321869
YDR073W,YPL055C,1,-2.3167343,0.2314126342535019,0.24899999797344208,0.08269999921321869
YDR507C,YML115C,0,-2.3169055,0.2311977744102478,0.24899999797344208,0.0828000009059906
YML067C,YOR112W,0,-2.3172789,0.23098330199718475,0.24899999797344208,0.08290000259876251
YDL247W,YPL175W,0,-2.3173394,0.23076923191547394,0.24899999797344208,0.08299999684095383
YLR129W,YEL053C,0,-2.3177364,0.23055554926395416,0.24899999797344208,0.08309999853372574
YDR217C,YLR276C,0,-2.318668,0.23034226894378662,0.24899999797344208,0.08320000022649765
YOR359W,YDR198C,0,-2.3187537,0.2301293909549713,0.24899999797344208,0.08330000191926956
YGL017W,YLR378C,0,-2.319079,0.22991690039634705,0.24899999797344208,0.08340000361204147
YNL091W,YOR040W,0,-2.3193963,0.22970479726791382,0.24899999797344208,0.08349999785423279
YJR060W,YDR176W,1,-2.319435,0.2304147481918335,0.25,0.08349999785423279
YIR009W,YDL164C,0,-2.3196287,0.2302025854587555,0.25,0.0835999995470047
YML077W,YKL204W,0,-2.319879,0.22999079525470734,0.25,0.08370000123977661
YML011C,YDR311W,0,-2.3200445,0.2297794073820114,0.25,0.08380000293254852
YOL011W,YGL130W,0,-2.3201003,0.22956840693950653,0.25,0.08389999717473984
YPL213W,YNL314W,0,-2.3203552,0.2293577939271927,0.25,0.08399999886751175
YGR253C,YKL119C,0,-2.3204532,0.22914756834506989,0.25,0.08410000056028366
YOL149W,YNL133C,0,-2.320881,0.22893773019313812,0.25,0.08420000225305557
YOR261C,YLR013W,0,-2.321044,0.2287282645702362,0.25,0.08429999649524689
YGL153W,YDR501W,0,-2.3220315,0.22851920127868652,0.25,0.0843999981880188
YGR252W,YCR052W,1,-2.32217,0.22922374308109283,0.25099998712539673,0.0843999981880188
YBR173C,YDL201W,0,-2.322351,0.22901460528373718,0.25099998712539673,0.08449999988079071
YGL153W,YDR449C,0,-2.3224702,0.22880584001541138,0.25099998712539673,0.08460000157356262
YDL043C,YIL062C,0,-2.3225372,0.22859744727611542,0.25099998712539673,0.08470000326633453
YOR156C,YBR086C,0,-2.322844,0.2283894419670105,0.25099998712539673,0.08479999750852585
YDR272W,YGR274C,0,-2.3228762,0.22818182408809662,0.25099998712539673,0.08489999920129776
YDR060W,YGL222C,0,-2.3233252,0.2279745638370514,0.25099998712539673,0.08500000089406967
YLR071C,YKR026C,0,-2.3236785,0.2277676910161972,0.25099998712539673,0.08510000258684158
YNL106C,YMR299C,0,-2.3237362,0.22756119072437286,0.25099998712539673,0.0851999968290329
YGL251C,YJR156C,0,-2.3240082,0.22735507786273956,0.25099998712539673,0.08529999852180481
YIL021W,YER190W,0,-2.324457,0.22714932262897491,0.25099998712539673,0.08540000021457672
YGL254W,YGR134W,0,-2.3248353,0.2269439399242401,0.25099998712539673,0.08550000190734863
YLR182W,YOR231W,0,-2.3250859,0.22673892974853516,0.25099998712539673,0.08560000360012054
YCL024W,YKL145W,0,-2.325141,0.22653429210186005,0.25099998712539673,0.08569999784231186
YGR172C,YHR077C,0,-2.3253603,0.22633002698421478,0.25099998712539673,0.08579999953508377
YDR079W,YDL056W,0,-2.3255677,0.22612611949443817,0.25099998712539673,0.08590000122785568
YOL125W,YGR241C,0,-2.325726,0.2259225994348526,0.25099998712539673,0.0860000029206276
YNL325C,YNL292W,0,-2.3257391,0.2257194221019745,0.25099998712539673,0.08609999716281891
YLR383W,YNL066W,0,-2.3259552,0.22551661729812622,0.25099998712539673,0.08619999885559082
YOR112W,YGR112W,0,-2.3264349,0.2253141850233078,0.25099998712539673,0.08630000054836273
YLR385C,YLR357W,1,-2.3264413,0.22600896656513214,0.25200000405311584,0.08630000054836273
YDR463W,YDR219C,0,-2.3264887,0.22580644488334656,0.25200000405311584,0.08640000224113464
YPL115C,YKR087C,0,-2.326652,0.22560429573059082,0.25200000405311584,0.08649999648332596
YDL007W,YOR068C,0,-2.3271067,0.22540250420570374,0.25200000405311584,0.08659999817609787
YML057W,YGR075C,0,-2.3275933,0.2252010703086853,0.25200000405311584,0.08669999986886978
YOR208W,YDL164C,0,-2.3283322,0.22499999403953552,0.25200000405311584,0.0868000015616417
YLR224W,YDL056W,0,-2.3287075,0.2247992902994156,0.25200000405311584,0.0869000032544136
YBL090W,YOR145C,0,-2.328969,0.2245989292860031,0.25200000405311584,0.08699999749660492
YDR221W,YKR001C,0,-2.3291678,0.2243989259004593,0.25200000405311584,0.08709999918937683
YHR058C,YGR075C,0,-2.3293242,0.2241992950439453,0.25200000405311584,0.08720000088214874
YGR252W,YMR127C,1,-2.329395,0.2248888909816742,0.2529999911785126,0.08720000088214874
YDR483W,YOR047C,0,-2.3296494,0.22468917071819305,0.2529999911785126,0.08730000257492065
YGR134W,YLR074C,0,-2.3299017,0.22448979318141937,0.2529999911785126,0.08739999681711197
YLR409C,YLR148W,0,-2.330058,0.22429077327251434,0.2529999911785126,0.08749999850988388
YGR252W,YPR179C,1,-2.3302367,0.22497785091400146,0.2540000081062317,0.08749999850988388
YBR080C,YHR133C,0,-2.330652,0.22477875649929047,0.2540000081062317,0.08760000020265579
YIL021W,YER083C,0,-2.3307638,0.22458001971244812,0.2540000081062317,0.0877000018954277
YPL116W,YDR110W,1,-2.331777,0.2252650111913681,0.2549999952316284,0.0877000018954277
YJL039C,YNL233W,0,-2.3320472,0.2250661998987198,0.2549999952316284,0.08780000358819962
YHR111W,YDL159W,0,-2.3324463,0.22486773133277893,0.2549999952316284,0.08789999783039093
YLR102C,YDR494W,0,-2.3324776,0.22466960549354553,0.2549999952316284,0.08799999952316284
YGR252W,YPL047W,1,-2.3328967,0.22535210847854614,0.25600001215934753,0.08799999952316284
YLR330W,YNL314W,0,-2.3330376,0.22515390813350677,0.25600001215934753,0.08810000121593475
YOL111C,YCL052C,0,-2.333159,0.22495606541633606,0.25600001215934753,0.08820000290870667
YDR054C,YGL043W,0,-2.3341217,0.2247585654258728,0.25600001215934753,0.08829999715089798
YCL061C,YJR060W,1,-2.3345654,0.22543859481811523,0.25699999928474426,0.08829999715089798
YER104W,YPL232W,0,-2.3346338,0.225241020321846,0.25699999928474426,0.08839999884366989
YOL072W,YGL168W,0,-2.3346417,0.22504378855228424,0.25699999928474426,0.0885000005364418
YGL094C,YKR083C,0,-2.3349578,0.22484689950942993,0.25699999928474426,0.08860000222921371
YML011C,YMR213W,0,-2.3355415,0.22465035319328308,0.25699999928474426,0.08869999647140503
YDR323C,YER093C,0,-2.335731,0.2244541496038437,0.25699999928474426,0.08879999816417694
YLR115W,YCR035C,0,-2.336225,0.22425828874111176,0.25699999928474426,0.08889999985694885
YJR132W,YFR027W,0,-2.336794,0.22406277060508728,0.25699999928474426,0.08900000154972076
YKL013C,YDR501W,0,-2.3369682,0.22386759519577026,0.25699999928474426,0.08910000324249268
YOR279C,YMR273C,1,-2.3375216,0.22454307973384857,0.257999986410141,0.08910000324249268
YKL119C,YGR042W,0,-2.3376303,0.22434782981872559,0.257999986410141,0.08919999748468399
YJL005W,YKR099W,0,-2.3381789,0.22415290772914886,0.257999986410141,0.0892999991774559
YDL174C,YPL204W,0,-2.3383713,0.2239583283662796,0.257999986410141,0.08940000087022781
YCL061C,YDR176W,1,-2.338385,0.2246313989162445,0.2590000033378601,0.08940000087022781
YKL049C,YKL082C,0,-2.3384793,0.22443674504756927,0.2590000033378601,0.08950000256299973
YGL112C,YDR176W,1,-2.3388023,0.22510822117328644,0.25999999046325684,0.08950000256299973
YKL084W,YNL233W,0,-2.3395295,0.22491349279880524,0.25999999046325684,0.08959999680519104
YGL129C,YML058W,0,-2.339602,0.2247191071510315,0.25999999046325684,0.08969999849796295
YMR080C,YJL127C,1,-2.340239,0.22538860142230988,0.26100000739097595,0.08969999849796295
YDL005C,YHR178W,0,-2.3404644,0.22519412636756897,0.26100000739097595,0.08980000019073486
YOR363C,YKR083C,0,-2.3410225,0.22499999403953552,0.26100000739097595,0.08990000188350677
YKL075C,YPR101W,0,-2.3413692,0.22480620443820953,0.26100000739097595,0.09000000357627869
YLR363C,YDR138W,0,-2.341428,0.2246127426624298,0.26100000739097595,0.09009999781847
YKR029C,YBR195C,1,-2.3417225,0.22527945041656494,0.2619999945163727,0.09009999781847
YJL013C,YJL179W,0,-2.3418338,0.22508591413497925,0.2619999945163727,0.09019999951124191
YPL254W,YGL112C,1,-2.3420658,0.22575107216835022,0.2630000114440918,0.09019999951124191
YLR035C,YDR483W,0,-2.342142,0.22555746138095856,0.2630000114440918,0.09030000120401382
YJL187C,YDL047W,0,-2.3421643,0.22536417841911316,0.2630000114440918,0.09040000289678574
YML041C,YLR418C,1,-2.342199,0.22602739930152893,0.2639999985694885,0.09040000289678574
YER052C,YER147C,0,-2.3422182,0.22583404183387756,0.2639999985694885,0.09049999713897705
YKL075C,YML036W,0,-2.3423574,0.22564102709293365,0.2639999985694885,0.09059999883174896
YDR140W,YPL057C,0,-2.3427162,0.225448340177536,0.2639999985694885,0.09070000052452087
YLR385C,YNL216W,1,-2.3432016,0.22610922157764435,0.26499998569488525,0.09070000052452087
YOL003C,YDR016C,0,-2.3435242,0.22591646015644073,0.26499998569488525,0.09080000221729279
YLR096W,YNL333W,0,-2.3436186,0.2257240265607834,0.26499998569488525,0.0908999964594841
YMR168C,YNL038W,0,-2.3437297,0.2255319207906723,0.26499998569488525,0.09099999815225601
YOL149W,YDR311W,0,-2.3439007,0.22534014284610748,0.26499998569488525,0.09109999984502792
YGR251W,YGL187C,0,-2.343952,0.22514867782592773,0.26499998569488525,0.09120000153779984
YMR048W,YDR472W,0,-2.3441274,0.22495755553245544,0.26499998569488525,0.09130000323057175
YDR392W,YLR357W,1,-2.3443174,0.22561493515968323,0.26600000262260437,0.09130000323057175
YDR494W,YGL251C,0,-2.3443563,0.22542372345924377,0.26600000262260437,0.09139999747276306
YGR209C,YOR068C,0,-2.3452327,0.22523285448551178,0.26600000262260437,0.09149999916553497
YPR175W,YDL188C,0,-2.3455915,0.22504229843616486,0.26600000262260437,0.09160000085830688
YHR038W,YOL125W,0,-2.3456948,0.2248520702123642,0.26600000262260437,0.0917000025510788
YGR098C,YLL040C,0,-2.346218,0.2246621549129486,0.26600000262260437,0.09179999679327011
YML041C,YPR179C,1,-2.346275,0.22531644999980927,0.2669999897480011,0.09179999679327011
YNL048W,YGL211W,0,-2.3469605,0.2251264750957489,0.2669999897480011,0.09189999848604202
YMR050C,YKL120W,0,-2.3472376,0.2249368131160736,0.2669999897480011,0.09200000017881393
YPL115C,YOR253W,0,-2.3472395,0.22474747896194458,0.2669999897480011,0.09210000187158585
YBL097W,YOR341W,0,-2.3478627,0.22455845773220062,0.2669999897480011,0.09220000356435776
YFL049W,YBR195C,1,-2.3481169,0.22521008551120758,0.2680000066757202,0.09220000356435776
YKR083C,YEL020W-A,0,-2.3482933,0.22502098977565765,0.2680000066757202,0.09229999780654907
YPR125W,YIL135C,0,-2.3484488,0.224832221865654,0.2680000066757202,0.09239999949932098
YPR108W,YGR046W,0,-2.3487427,0.2246437519788742,0.2680000066757202,0.0925000011920929
YGR252W,YLR385C,1,-2.3491414,0.2252931296825409,0.26899999380111694,0.0925000011920929
YOR261C,YIR008C,0,-2.3496485,0.22510460019111633,0.26899999380111694,0.09260000288486481
YLR189C,YER093C,0,-2.3497934,0.22491638362407684,0.26899999380111694,0.09269999712705612
YOR151C,YGR257C,0,-2.349833,0.22472849488258362,0.26899999380111694,0.09279999881982803
YKR050W,YBR043C,0,-2.3498666,0.22454090416431427,0.26899999380111694,0.09290000051259995
YEL069C,YDR427W,0,-2.3499575,0.22435362637043,0.26899999380111694,0.09300000220537186
YLR226W,YNL297C,0,-2.3500385,0.2241666615009308,0.26899999380111694,0.09309999644756317
YOR067C,YCL038C,0,-2.350152,0.22398000955581665,0.26899999380111694,0.09319999814033508
YGL206C,YPL084W,0,-2.3507009,0.22379367053508759,0.26899999380111694,0.093299999833107
YGR195W,YKR083C,0,-2.3507535,0.2236076444387436,0.26899999380111694,0.0934000015258789
YLR210W,YDR427W,0,-2.3510785,0.22342193126678467,0.26899999380111694,0.09350000321865082
YOR244W,YNL216W,1,-2.3515625,0.22406639158725739,0.27000001072883606,0.09350000321865082
YBL085W,YNL066W,0,-2.3516195,0.2238806039094925,0.27000001072883606,0.09359999746084213
YOR126C,YML060W,0,-2.3520226,0.22369511425495148,0.27000001072883606,0.09369999915361404
YDR392W,YDR110W,1,-2.352574,0.22433774173259735,0.2709999978542328,0.09369999915361404
YPR175W,YKL092C,0,-2.3526375,0.22415219247341156,0.2709999978542328,0.09380000084638596
YDR194C,YLR148W,0,-2.3527386,0.22396694123744965,0.2709999978542328,0.09390000253915787
YPL036W,YCL038C,0,-2.3530931,0.2237820029258728,0.2709999978542328,0.09399999678134918
YLR418C,YPR179C,1,-2.3531559,0.22442243993282318,0.2720000147819519,0.09399999678134918
YHR079C,YKL140W,0,-2.3532972,0.22423742711544037,0.2720000147819519,0.0940999984741211
YNL119W,YPL002C,0,-2.3535037,0.22405271232128143,0.2720000147819519,0.094200000166893
YOR327C,YDR306C,0,-2.353657,0.22386831045150757,0.2720000147819519,0.09430000185966492
YMR227C,YOR110W,0,-2.3543205,0.22368420660495758,0.2720000147819519,0.09440000355243683
YJR141W,YBR118W,0,-2.354332,0.22350041568279266,0.2720000147819519,0.09449999779462814
YNL261W,YNL246W,1,-2.3554094,0.22413793206214905,0.27300000190734863,0.09449999779462814
YJR066W,YMR172W,0,-2.356142,0.22395406663417816,0.27300000190734863,0.09459999948740005
YKL084W,YDR221W,0,-2.356237,0.22377049922943115,0.27300000190734863,0.09470000118017197
YOR174W,YDL207W,0,-2.357165,0.22358722984790802,0.27300000190734863,0.09480000287294388
YOL003C,YDL159W,0,-2.357216,0.22340425848960876,0.27300000190734863,0.09489999711513519
YGL133W,YDR073W,1,-2.357303,0.2240392416715622,0.27399998903274536,0.09489999711513519
YHR166C,YOR110W,0,-2.3574,0.22385621070861816,0.27399998903274536,0.0949999988079071
YNL177C,YOR126C,0,-2.357829,0.22367346286773682,0.27399998903274536,0.09510000050067902
YDR484W,YNL325C,0,-2.3578415,0.22349102795124054,0.27399998903274536,0.09520000219345093
YOL109W,YLR396C,0,-2.3580315,0.22330887615680695,0.27399998903274536,0.09529999643564224
YHR108W,YLR361C,0,-2.3583715,0.22312703728675842,0.27399998903274536,0.09539999812841415
YGR120C,YLR148W,0,-2.3583817,0.22294548153877258,0.27399998903274536,0.09549999982118607
YFR037C,YDR176W,1,-2.3584502,0.22357723116874695,0.2750000059604645,0.09549999982118607
YNL246W,YMR247C,1,-2.3587618,0.22420796751976013,0.2759999930858612,0.09549999982118607
YER190W,YMR059W,0,-2.3593607,0.22402597963809967,0.2759999930858612,0.09560000151395798
YGR251W,YHR108W,0,-2.359406,0.2238442748785019,0.2759999930858612,0.09570000320672989
YER190W,YMR048W,0,-2.3596954,0.22366288304328918,0.2759999930858612,0.0957999974489212
YMR075W,YCR052W,1,-2.359718,0.22429150342941284,0.2770000100135803,0.0957999974489212
YLR453C,YCL052C,0,-2.3598268,0.22411003708839417,0.2770000100135803,0.09589999914169312
YLR385C,YMR247C,1,-2.360156,0.2247372716665268,0.27799999713897705,0.09589999914169312
YGR221C,YDL092W,0,-2.3605452,0.22455573081970215,0.27799999713897705,0.09600000083446503
YKL046C,YCL038C,0,-2.360826,0.22437450289726257,0.27799999713897705,0.09610000252723694
YER129W,YIR011C,0,-2.3608508,0.2241935431957245,0.27799999713897705,0.09619999676942825
YLR385C,YCR052W,1,-2.3609908,0.22481869161128998,0.27900001406669617,0.09619999676942825
YDR483W,YNL292W,0,-2.3611388,0.2246376872062683,0.27900001406669617,0.09629999846220016
YJR066W,YJR053W,0,-2.3615289,0.22445696592330933,0.27900001406669617,0.09640000015497208
YJL173C,YOR368W,0,-2.361887,0.22427652776241302,0.27900001406669617,0.09650000184774399
YPR031W,YOR244W,1,-2.362066,0.22489960491657257,0.2800000011920929,0.09650000184774399
YBL090W,YLR305C,0,-2.3621285,0.2247191071510315,0.2800000011920929,0.0966000035405159
YMR163C,YJL013C,0,-2.362527,0.2245388925075531,0.2800000011920929,0.09669999778270721
YLR163C,YDR507C,0,-2.3627982,0.22435897588729858,0.2800000011920929,0.09679999947547913
YKL143W,YDR138W,0,-2.3628807,0.22417934238910675,0.2800000011920929,0.09690000116825104
YKL188C,YDL065C,0,-2.363245,0.2240000069141388,0.2800000011920929,0.09700000286102295
YOL006C,YDR334W,1,-2.3634658,0.2246202975511551,0.2809999883174896,0.09700000286102295
YMR168C,YML104C,0,-2.3635955,0.22444088757038116,0.2809999883174896,0.09709999710321426
YDR194C,YNL093W,0,-2.3636184,0.22426177561283112,0.2809999883174896,0.09719999879598618
YLR035C,YER147C,0,-2.3639712,0.22408293187618256,0.2809999883174896,0.09730000048875809
YOR231W,YKL206C,0,-2.3640318,0.22390438616275787,0.2809999883174896,0.09740000218153
YHR038W,YDL043C,0,-2.3641515,0.22372610867023468,0.2809999883174896,0.09749999642372131
YDR334W,YNL246W,1,-2.3645165,0.2243436723947525,0.28200000524520874,0.09749999642372131
YMR227C,YER104W,0,-2.3645282,0.22416533529758453,0.28200000524520874,0.09759999811649323
YJR060W,YOR244W,1,-2.3646839,0.2247815728187561,0.28299999237060547,0.09759999811649323
YOR195W,YLR363C,0,-2.3652034,0.22460317611694336,0.28299999237060547,0.09769999980926514
YOR068C,YMR128W,0,-2.365418,0.2244250625371933,0.28299999237060547,0.09780000150203705
YBR153W,YMR025W,0,-2.3655024,0.22424723207950592,0.28299999237060547,0.09790000319480896
YGR044C,YAL055W,0,-2.3656235,0.22406966984272003,0.28299999237060547,0.09799999743700027
YLR182W,YJR112W,0,-2.365709,0.22389240562915802,0.28299999237060547,0.09809999912977219
YOR033C,YBL097W,0,-2.3661194,0.2237154096364975,0.28299999237060547,0.0982000008225441
YLR396C,YMR172W,0,-2.3661745,0.22353871166706085,0.28299999237060547,0.09830000251531601
YMR075W,YMR247C,1,-2.3662047,0.22415153682231903,0.2840000092983246,0.09830000251531601
YFL060C,YPR189W,0,-2.3668756,0.22397476434707642,0.2840000092983246,0.09839999675750732
YGR165W,YDL047W,0,-2.3670983,0.2237982600927353,0.2840000092983246,0.09849999845027924
YGR272C,YGR221C,0,-2.367128,0.22362205386161804,0.2840000092983246,0.09860000014305115
YMR129W,YDR113C,0,-2.3672125,0.2234461009502411,0.2840000092983246,0.09870000183582306
YML036W,YMR059W,0,-2.3682475,0.223270446062088,0.2840000092983246,0.09880000352859497
YGR231C,YJL140W,0,-2.3687944,0.22309504449367523,0.2840000092983246,0.09889999777078629
YJL176C,YNL216W,1,-2.369404,0.22370485961437225,0.2849999964237213,0.09889999777078629
YNL106C,YOL149W,0,-2.3700516,0.2235294133424759,0.2849999964237213,0.0989999994635582
YOL086C,YLR450W,0,-2.3702214,0.22335423529148102,0.2849999964237213,0.09910000115633011
YJL030W,YER147C,0,-2.3709288,0.22317932546138763,0.2849999964237213,0.09920000284910202
YMR100W,YOR054C,0,-2.3709698,0.22300469875335693,0.2849999964237213,0.09929999709129333
YOR316C,YFR036W,0,-2.3711166,0.22283034026622772,0.2849999964237213,0.09939999878406525
YOR058C,YPL176C,0,-2.3719501,0.22265625,0.2849999964237213,0.09950000047683716
YHR206W,YBR213W,0,-2.3719885,0.22248244285583496,0.2849999964237213,0.09960000216960907
YER147C,YCL011C,0,-2.37247,0.22230888903141022,0.2849999964237213,0.09969999641180038
YMR186W,YGR037C,0,-2.3726246,0.22213561832904816,0.2849999964237213,0.0997999981045723
YHR058C,YHR129C,0,-2.3726788,0.22196261584758759,0.2849999964237213,0.09989999979734421
YMR075W,YDR110W,1,-2.373291,0.2225680947303772,0.28600001335144043,0.09989999979734421
YGL241W,YMR097C,0,-2.37355,0.22239501774311066,0.28600001335144043,0.10000000149011612
YJL095W,YLR275W,0,-2.3739526,0.2222222238779068,0.28600001335144043,0.10010000318288803
YDR364C,YKR087C,0,-2.3746483,0.22204968333244324,0.28600001335144043,0.10019999742507935
YMR125W,YKL049C,0,-2.3747706,0.22187742590904236,0.28600001335144043,0.10029999911785126
YDR184C,YLR453C,0,-2.3747857,0.22170542180538177,0.28600001335144043,0.10040000081062317
YAL011W,YMR127C,1,-2.374786,0.22230829298496246,0.28700000047683716,0.10040000081062317
YKR050W,YJL012C,0,-2.375009,0.2221362292766571,0.28700000047683716,0.10050000250339508
YOL109W,YLR398C,0,-2.3753166,0.22196441888809204,0.28700000047683716,0.1005999967455864
YJR053W,YOR259C,0,-2.375379,0.22179289162158966,0.28700000047683716,0.1006999984383583
YLR418C,YDR176W,1,-2.375462,0.22239382565021515,0.2879999876022339,0.1006999984383583
YOR261C,YGL216W,0,-2.3756769,0.2222222238779068,0.2879999876022339,0.10080000013113022
YJL112W,YIR008C,0,-2.3757284,0.22205089032649994,0.2879999876022339,0.10090000182390213
YNL272C,YLR032W,0,-2.375916,0.22187981009483337,0.2879999876022339,0.10100000351667404
YGR278W,YIR011C,0,-2.3761714,0.2217090129852295,0.2879999876022339,0.10109999775886536
YPL116W,YLL004W,1,-2.3763065,0.2223076969385147,0.289000004529953,0.10109999775886536
YLR200W,YDL092W,0,-2.376347,0.22213681042194366,0.289000004529953,0.10119999945163727
YPL178W,YLR148W,0,-2.3766255,0.2219662070274353,0.289000004529953,0.10130000114440918
YLR449W,YIL126W,1,-2.3767872,0.22256331145763397,0.28999999165534973,0.10130000114440918
YML109W,YKR029C,1,-2.3771107,0.22315950691699982,0.29100000858306885,0.10130000114440918
YGR231C,YOL149W,0,-2.3774896,0.22298850119113922,0.29100000858306885,0.10140000283718109
YLR357W,YLL004W,1,-2.3778176,0.22358345985412598,0.2919999957084656,0.10140000283718109
YER014C-A,YIR008C,0,-2.3781295,0.2234123945236206,0.2919999957084656,0.1014999970793724
YFR036W,YLR409C,0,-2.3785305,0.22324159741401672,0.2919999957084656,0.10159999877214432
YIL007C,YDR246W,0,-2.3794355,0.22307105362415314,0.2919999957084656,0.10170000046491623
YKL119C,YPL083C,0,-2.3794892,0.22290076315402985,0.2919999957084656,0.10180000215768814
YKR083C,YGL022W,0,-2.3795805,0.22273074090480804,0.2919999957084656,0.10189999639987946
YBR156C,YAL029C,0,-2.3799648,0.22256097197532654,0.2919999957084656,0.10199999809265137
YOR288C,YDL015C,0,-2.3800735,0.22239147126674652,0.2919999957084656,0.10209999978542328
YIL126W,YDR176W,1,-2.3803585,0.222983255982399,0.2930000126361847,0.10209999978542328
YKR083C,YOR372C,0,-2.3806732,0.222813680768013,0.2930000126361847,0.10220000147819519
YLR102C,YLR071C,0,-2.380865,0.2226443737745285,0.2930000126361847,0.1023000031709671
YJL173C,YML077W,0,-2.3808777,0.2224753201007843,0.2930000126361847,0.10239999741315842
YOR327C,YFR001W,0,-2.3815708,0.2223065197467804,0.2930000126361847,0.10249999910593033
YML046W,YJL073W,0,-2.3816197,0.22213798761367798,0.2930000126361847,0.10260000079870224
YFR001W,YDR323C,0,-2.381636,0.22196969389915466,0.2930000126361847,0.10270000249147415
YIL115C,YLR115W,0,-2.381709,0.22180166840553284,0.2930000126361847,0.10279999673366547
YJL030W,YNL325C,0,-2.381722,0.2216338813304901,0.2930000126361847,0.10289999842643738
YPR175W,YDR140W,0,-2.382371,0.22146636247634888,0.2930000126361847,0.10300000011920929
YPL084W,YPL045W,0,-2.3823946,0.22129909694194794,0.2930000126361847,0.1031000018119812
YJL019W,YER122C,0,-2.3829558,0.2211320698261261,0.2930000126361847,0.10320000350475311
YGR038W,YOR112W,0,-2.3830357,0.22096531093120575,0.2930000126361847,0.10329999774694443
YOR305W,YGR171C,0,-2.3830388,0.2207987904548645,0.2930000126361847,0.10339999943971634
YLR210W,YGR120C,0,-2.3833442,0.22063252329826355,0.2930000126361847,0.10350000113248825
YKR026C,YMR048W,0,-2.383555,0.2204665094614029,0.2930000126361847,0.10360000282526016
YGL153W,YPL266W,0,-2.3835788,0.22030074894428253,0.2930000126361847,0.10369999706745148
YER173W,YER021W,0,-2.3840668,0.22013524174690247,0.2930000126361847,0.10379999876022339
YNL272C,YLR074C,0,-2.3844209,0.2199699729681015,0.2930000126361847,0.1039000004529953
YKL201C,YAL055W,0,-2.3850424,0.21980495750904083,0.2930000126361847,0.10400000214576721
YGL240W,YKL204W,0,-2.385368,0.21964018046855927,0.2930000126361847,0.10409999638795853
YOR040W,YJL005W,0,-2.3854415,0.219475656747818,0.2930000126361847,0.10419999808073044
YGL133W,YER030W,1,-2.385479,0.22005988657474518,0.2939999997615814,0.10419999808073044
YER171W,YLR115W,0,-2.3857217,0.21989528834819794,0.2939999997615814,0.10429999977350235
YAR003W,YMR075W,1,-2.386118,0.22047832608222961,0.29499998688697815,0.10429999977350235
YPR139C,YLR190W,0,-2.3864872,0.2203136682510376,0.29499998688697815,0.10440000146627426
YFL022C,YLR427W,0,-2.3865392,0.22014924883842468,0.29499998688697815,0.10450000315904617
YFL060C,YHR092C,0,-2.3867126,0.21998508274555206,0.29499998688697815,0.10459999740123749
YDR217C,YNL292W,0,-2.3867247,0.21982115507125854,0.29499998688697815,0.1046999990940094
YKR085C,YBR188C,0,-2.3872151,0.21965748071670532,0.29499998688697815,0.10480000078678131
YLR385C,YBR215W,1,-2.3872185,0.2202380895614624,0.29600000381469727,0.10480000078678131
YKR083C,YDR192C,0,-2.387271,0.2200743556022644,0.29600000381469727,0.10490000247955322
YML058W,YKR001C,0,-2.3874848,0.21991084516048431,0.29600000381469727,0.10499999672174454
YNL283C,YER166W,0,-2.3878918,0.21974758803844452,0.29600000381469727,0.10509999841451645
YBR173C,YNL001W,0,-2.387929,0.21958456933498383,0.29600000381469727,0.10520000010728836
YDR392W,YBR215W,1,-2.3882031,0.22016307711601257,0.296999990940094,0.10520000010728836
YCL052C,YLR115W,0,-2.388622,0.2199999988079071,0.296999990940094,0.10530000180006027
YLR383W,YGR046W,0,-2.3886528,0.21983715891838074,0.296999990940094,0.10540000349283218
YER122C,YKL068W,0,-2.3886905,0.21967455744743347,0.296999990940094,0.1054999977350235
YGR004W,YBR156C,0,-2.3887777,0.2195121943950653,0.296999990940094,0.10559999942779541
YAR003W,YFL049W,1,-2.3889818,0.2200886309146881,0.2980000078678131,0.10559999942779541
YNL325C,YML001W,0,-2.389229,0.21992619335651398,0.2980000078678131,0.10570000112056732
YHL027W,YJL173C,0,-2.3892357,0.21976400911808014,0.2980000078678131,0.10580000281333923
YDR113C,YDR184C,0,-2.3895864,0.2196020632982254,0.2980000078678131,0.10589999705553055
YKL075C,YNL048W,0,-2.3897762,0.21944035589694977,0.2980000078678131,0.10599999874830246
YER062C,YHL034C,0,-2.3900719,0.21927888691425323,0.2980000078678131,0.10610000044107437
YLR451W,YLR226W,0,-2.3904216,0.2191176414489746,0.2980000078678131,0.10620000213384628
YLR154C,YMR213W,0,-2.390777,0.21895664930343628,0.2980000078678131,0.1062999963760376
YLR071C,YOR150W,0,-2.3913014,0.21879589557647705,0.2980000078678131,0.10639999806880951
YLL006W,YBR035C,0,-2.3913846,0.21863536536693573,0.2980000078678131,0.10649999976158142
YLL001W,YLR136C,0,-2.3913965,0.2184750735759735,0.2980000078678131,0.10660000145435333
YCR047C,YLR096W,0,-2.3914046,0.2183150202035904,0.2980000078678131,0.10670000314712524
YDR264C,YMR200W,0,-2.3915024,0.21815519034862518,0.2980000078678131,0.10679999738931656
YER052C,YDR038C,0,-2.3915222,0.21799561381340027,0.2980000078678131,0.10689999908208847
YLL031C,YIL115C,0,-2.3915708,0.21783626079559326,0.2980000078678131,0.10700000077486038
YGL075C,YNL333W,0,-2.3920817,0.21767713129520416,0.2980000078678131,0.1071000024676323
YMR117C,YPL112C,0,-2.392548,0.21751825511455536,0.2980000078678131,0.10719999670982361
YLL031C,YPR073C,0,-2.392855,0.21735958755016327,0.2980000078678131,0.10729999840259552
YPL120W,YBR153W,0,-2.3933613,0.21720117330551147,0.2980000078678131,0.10740000009536743
YKL141W,YHR178W,0,-2.3936505,0.2170429676771164,0.2980000078678131,0.10750000178813934
YDR501W,YCR077C,0,-2.3936815,0.21688500046730042,0.2980000078678131,0.10760000348091125
YNR003C,YMR059W,0,-2.3936827,0.21672727167606354,0.2980000078678131,0.10769999772310257
YKL119C,YJR052W,0,-2.3943214,0.21656976640224457,0.2980000078678131,0.10779999941587448
YMR255W,YOR305W,0,-2.394856,0.2164124846458435,0.2980000078678131,0.10790000110864639
YKL046C,YLR226W,0,-2.3948689,0.21625544130802155,0.2980000078678131,0.1080000028014183
YJR035W,YLR071C,0,-2.3953104,0.2160986214876175,0.2980000078678131,0.10809999704360962
YDR334W,YPR193C,1,-2.3954103,0.21666666865348816,0.29899999499320984,0.10809999704360962
YKL113C,YLR362W,0,-2.395792,0.21650977432727814,0.29899999499320984,0.10819999873638153
YNL091W,YJR059W,0,-2.3961422,0.21635311841964722,0.29899999499320984,0.10830000042915344
YGL051W,YOR067C,0,-2.3966727,0.216196671128273,0.29899999499320984,0.10840000212192535
YPL037C,YDR384C,0,-2.3967009,0.2160404622554779,0.29899999499320984,0.10849999636411667
YJR055W,YOR067C,0,-2.3969011,0.2158844769001007,0.29899999499320984,0.10859999805688858
YML110C,YLR182W,0,-2.3969426,0.21572871506214142,0.29899999499320984,0.10869999974966049
YPL214C,YGL038C,0,-2.3971975,0.21557317674160004,0.29899999499320984,0.1088000014424324
YPL065W,YER168C,0,-2.3973897,0.21541786193847656,0.29899999499320984,0.10890000313520432
YMR080C,YPR179C,1,-2.397398,0.21598272025585175,0.30000001192092896,0.10890000313520432
YGR103W,YER129W,0,-2.3980064,0.2158273309469223,0.30000001192092896,0.10899999737739563
YDR494W,YMR100W,0,-2.3981242,0.21567218005657196,0.30000001192092896,0.10909999907016754
YGR004W,YLR246W,0,-2.398148,0.21551723778247833,0.30000001192092896,0.10920000076293945
YGR098C,YJR052W,0,-2.3983746,0.2153625339269638,0.30000001192092896,0.10930000245571136
YDR198C,YDR079W,0,-2.3985758,0.215208038687706,0.30000001192092896,0.10939999669790268
YER036C,YDL164C,0,-2.3986442,0.2150537669658661,0.30000001192092896,0.10949999839067459
YKL145W,YLR071C,0,-2.3987322,0.2148997187614441,0.30000001192092896,0.1096000000834465
YBR055C,YJL140W,0,-2.3987741,0.2147458791732788,0.30000001192092896,0.10970000177621841
YDR110W,YDR176W,1,-2.3988159,0.2153075784444809,0.3009999990463257,0.10970000177621841
YOL109W,YDR501W,0,-2.3990054,0.21515367925167084,0.3009999990463257,0.10980000346899033
YFL005W,YJR053W,0,-2.399159,0.2150000035762787,0.3009999990463257,0.10989999771118164
YDR011W,YNL051W,0,-2.3994176,0.21484653651714325,0.3009999990463257,0.10999999940395355
YGR278W,YBR086C,0,-2.3997653,0.21469329297542572,0.3009999990463257,0.11010000109672546
YNL082W,YMR200W,0,-2.4002779,0.2145402729511261,0.3009999990463257,0.11020000278949738
YBL046W,YNL038W,0,-2.4007242,0.2143874615430832,0.3009999990463257,0.11029999703168869
YDR140W,YDR221W,0,-2.400745,0.2142348736524582,0.3009999990463257,0.1103999987244606
YDL043C,YKL049C,0,-2.4009376,0.2140825092792511,0.3009999990463257,0.11050000041723251
YMR135C,YHR190W,0,-2.4009676,0.21393035352230072,0.3009999990463257,0.11060000211000443
YGR171C,YKR001C,0,-2.4015145,0.21377840638160706,0.3009999990463257,0.11069999635219574
YOR279C,YER030W,1,-2.4016433,0.21433641016483307,0.3019999861717224,0.11069999635219574
YNL218W,YNL272C,0,-2.4023376,0.21418440341949463,0.3019999861717224,0.11079999804496765
YKL145W,YDL108W,0,-2.4025433,0.2140326052904129,0.3019999861717224,0.11089999973773956
YLL035W,YLL016W,0,-2.4026284,0.2138810157775879,0.3019999861717224,0.11100000143051147
YJL030W,YFR036W,0,-2.4034495,0.2137296497821808,0.3019999861717224,0.11110000312328339
YKL075C,YJL039C,0,-2.4035385,0.2135785073041916,0.3019999861717224,0.1111999973654747
YKL046C,YKR083C,0,-2.403543,0.2134275585412979,0.3019999861717224,0.11129999905824661
YCL061C,YPR031W,1,-2.4036684,0.21398304402828217,0.30300000309944153,0.11129999905824661
YPR031W,YPL116W,1,-2.4039383,0.21453775465488434,0.30399999022483826,0.11129999905824661
YGR252W,YDR110W,1,-2.4040728,0.21509167551994324,0.3050000071525574,0.11129999905824661
YMR239C,YDR140W,0,-2.4044213,0.21494010090827942,0.3050000071525574,0.11140000075101852
YDR295C,YDR225W,1,-2.4044223,0.21549296379089355,0.3059999942779541,0.11140000075101852
YGL251C,YAL029C,0,-2.4050584,0.21534131467342377,0.3059999942779541,0.11150000244379044
YJL173C,YLR398C,0,-2.4055257,0.2151898741722107,0.3059999942779541,0.11159999668598175
YPL083C,YLR226W,0,-2.4059367,0.21503865718841553,0.3059999942779541,0.11169999837875366
YER171W,YGR089W,0,-2.4061584,0.21488763391971588,0.3059999942779541,0.11180000007152557
YDR299W,YNL139C,0,-2.4061923,0.21473684906959534,0.3059999942779541,0.11190000176429749
YER021W,YER100W,0,-2.406475,0.2145862579345703,0.3059999942779541,0.1120000034570694
YBL090W,YHR085W,0,-2.4071867,0.214435875415802,0.3059999942779541,0.11209999769926071
YGR231C,YBL074C,0,-2.4072423,0.2142857164144516,0.3059999942779541,0.11219999939203262
YPL179W,YDR311W,0,-2.4075513,0.2141357660293579,0.3059999942779541,0.11230000108480453
YNL049C,YLR426W,0,-2.4076378,0.21398600935935974,0.3059999942779541,0.11240000277757645
YOR388C,YNL244C,0,-2.4081063,0.21383647620677948,0.3059999942779541,0.11249999701976776
YHL027W,YOL111C,0,-2.4084344,0.21368715167045593,0.3059999942779541,0.11259999871253967
YIL125W,YGR109W-B,0,-2.4086185,0.2135380357503891,0.3059999942779541,0.11270000040531158
YPR139C,YLR246W,0,-2.4087648,0.21338912844657898,0.3059999942779541,0.1128000020980835
YPL232W,YBR216C,0,-2.408978,0.21324041485786438,0.3059999942779541,0.11289999634027481
YLR449W,YPL047W,1,-2.409038,0.21378830075263977,0.3070000112056732,0.11289999634027481
YLR210W,YJL041W,0,-2.4094815,0.2136395275592804,0.3070000112056732,0.11299999803304672
YMR050C,YGR245C,0,-2.4095483,0.21349096298217773,0.3070000112056732,0.11309999972581863
YNL139C,YDR449C,0,-2.4099298,0.2133425921201706,0.3070000112056732,0.11320000141859055
YLR418C,YDR303C,1,-2.4104028,0.21388888359069824,0.30799999833106995,0.11320000141859055
YGR252W,YLR449W,1,-2.4107854,0.214434415102005,0.3089999854564667,0.11320000141859055
YPL015C,YBR195C,1,-2.4110372,0.21497920155525208,0.3100000023841858,0.11320000141859055
YGR077C,YJL173C,0,-2.4111996,0.214830219745636,0.3100000023841858,0.11330000311136246
YCL061C,YDR392W,1,-2.4114811,0.2153739631175995,0.3109999895095825,0.11330000311136246
YDR011W,YNL139C,0,-2.4119024,0.21522490680217743,0.3109999895095825,0.11339999735355377
YBL052C,YDR176W,1,-2.4120567,0.21576763689517975,0.31200000643730164,0.11339999735355377
YJR143C,YJL041W,0,-2.41209,0.21561852097511292,0.31200000643730164,0.11349999904632568
YGL047W,YML076C,0,-2.4120927,0.2154696136713028,0.31200000643730164,0.1136000007390976
YKR039W,YDR470C,0,-2.4123502,0.2153209149837494,0.31200000643730164,0.1137000024318695
YPR051W,YPL045W,0,-2.412371,0.2151724100112915,0.31200000643730164,0.11379999667406082
YMR050C,YGR037C,0,-2.4124522,0.21502412855625153,0.31200000643730164,0.11389999836683273
YGR089W,YIR009W,0,-2.4124928,0.21487602591514587,0.31200000643730164,0.11400000005960464
YPL249C,YDR217C,0,-2.4125025,0.21472814679145813,0.31200000643730164,0.11410000175237656
YER017C,YDL005C,0,-2.412673,0.2145804613828659,0.31200000643730164,0.11420000344514847
YGR005C,YCR035C,0,-2.4130735,0.2144329845905304,0.31200000643730164,0.11429999768733978
YDR060W,YJL041W,0,-2.4132938,0.2142857164144516,0.31200000643730164,0.1143999993801117
YOR231W,YJR001W,0,-2.4133139,0.21413864195346832,0.31200000643730164,0.1145000010728836
YDR121W,YNL261W,1,-2.413454,0.21467764675617218,0.31299999356269836,0.1145000010728836
YMR075W,YBL052C,1,-2.4135277,0.21521590650081635,0.3140000104904175,0.1145000010728836
YGL051W,YLL031C,0,-2.4136028,0.2150684893131256,0.3140000104904175,0.11460000276565552
YDR465C,YBL046W,0,-2.4144943,0.2149212807416916,0.3140000104904175,0.11469999700784683
YPR125W,YDL207W,0,-2.414703,0.21477428078651428,0.3140000104904175,0.11479999870061874
YMR207C,YGR101W,0,-2.4147568,0.2146274745464325,0.3140000104904175,0.11490000039339066
YNL313C,YML104C,0,-2.414853,0.21448087692260742,0.3140000104904175,0.11500000208616257
YGR231C,YMR025W,0,-2.414936,0.21433447301387787,0.3140000104904175,0.11509999632835388
YHR111W,YDL164C,0,-2.4149604,0.21418826282024384,0.3140000104904175,0.1151999980211258
YGR253C,YOR195W,0,-2.4152436,0.21404226124286652,0.3140000104904175,0.1152999997138977
YDR334W,YFL049W,1,-2.4154215,0.21457765996456146,0.3149999976158142,0.1152999997138977
YGR038W,YFR009W,0,-2.4158638,0.21443158388137817,0.3149999976158142,0.11540000140666962
YOR388C,YGR245C,0,-2.4158914,0.2142857164144516,0.3149999976158142,0.11550000309944153
YJL095W,YPR051W,0,-2.415904,0.21414004266262054,0.3149999976158142,0.11559999734163284
YNL261W,YNL216W,1,-2.4159331,0.21467390656471252,0.3160000145435333,0.11559999734163284
YPL217C,YNL297C,0,-2.4161048,0.2145281732082367,0.3160000145435333,0.11569999903440475
YNL272C,YPR108W,0,-2.4161463,0.21438263356685638,0.3160000145435333,0.11580000072717667
YNR043W,YBR055C,0,-2.4169521,0.2142372876405716,0.3160000145435333,0.11590000241994858
YLL035W,YNR033W,0,-2.4169655,0.21409213542938232,0.3160000145435333,0.11599999666213989
YNL106C,YML077W,0,-2.4177117,0.21394719183444977,0.3160000145435333,0.1160999983549118
YMR080C,YMR127C,1,-2.4178667,0.21447902917861938,0.31700000166893005,0.1160999983549118
YGR142W,YJR141W,0,-2.4182448,0.21433401107788086,0.31700000166893005,0.11620000004768372
YPL002C,YOR372C,0,-2.4182773,0.21418918669223785,0.31700000166893005,0.11630000174045563
YLR148W,YNL297C,0,-2.4185228,0.21404457092285156,0.31700000166893005,0.11640000343322754
YLL006W,YGL153W,0,-2.4194813,0.2139001339673996,0.31700000166893005,0.11649999767541885
YBR070C,YMR025W,0,-2.419588,0.21375590562820435,0.31700000166893005,0.11659999936819077
YCL034W,YDR080W,0,-2.419631,0.21361185610294342,0.31700000166893005,0.11670000106096268
YMR045C,YEL020W-A,0,-2.4196439,0.2134680151939392,0.31700000166893005,0.11680000275373459
YNL216W,YHR056C,1,-2.4199083,0.21399730443954468,0.3179999887943268,0.11680000275373459
YGL051W,YLR088W,0,-2.4201007,0.2138533890247345,0.3179999887943268,0.1168999969959259
YNL218W,YDL056W,0,-2.4201744,0.21370968222618103,0.3179999887943268,0.11699999868869781
YLL031C,YDR038C,0,-2.4204311,0.2135661542415619,0.3179999887943268,0.11710000038146973
YBL088C,YGR075C,0,-2.4208798,0.21342281997203827,0.3179999887943268,0.11720000207424164
YGR252W,YML109W,1,-2.4212637,0.21395036578178406,0.3190000057220459,0.11720000207424164
YLR427W,YOR372C,0,-2.4214199,0.21380697190761566,0.3190000057220459,0.11729999631643295
YGR286C,YJL110C,0,-2.421645,0.2136637568473816,0.3190000057220459,0.11739999800920486
YKR025W,YKL049C,0,-2.4220333,0.21352075040340424,0.3190000057220459,0.11749999970197678
YMR117C,YOR081C,0,-2.4226832,0.2133779227733612,0.3190000057220459,0.11760000139474869
YPR107C,YML077W,0,-2.4227662,0.2132352888584137,0.3190000057220459,0.1177000030875206
YER173W,YKL213C,0,-2.4228873,0.2130928486585617,0.3190000057220459,0.11779999732971191
YLR246W,YJL071W,0,-2.423293,0.21295060217380524,0.3190000057220459,0.11789999902248383
YBR070C,YDR138W,0,-2.4238043,0.2128085345029831,0.3190000057220459,0.11800000071525574
YHL012W,YNR033W,0,-2.4238276,0.21266666054725647,0.3190000057220459,0.11810000240802765
YLR126C,YPR049C,0,-2.4243283,0.21252498030662537,0.3190000057220459,0.11819999665021896
YKR037C,YNL314W,0,-2.4243789,0.21238349378108978,0.3190000057220459,0.11829999834299088
YGL133W,YPL116W,1,-2.42448,0.21290752291679382,0.3199999928474426,0.11829999834299088
YMR080C,YDR176W,1,-2.4245205,0.21343085169792175,0.32100000977516174,0.11829999834299088
YKL189W,YMR213W,0,-2.424553,0.2132890373468399,0.32100000977516174,0.11840000003576279
YER100W,YCR020C-A,0,-2.4246192,0.21314741671085358,0.32100000977516174,0.1185000017285347
YLR430W,YBR086C,0,-2.4248452,0.21300597488880157,0.32100000977516174,0.11860000342130661
YDR463W,YML046W,0,-2.4249475,0.2128647267818451,0.32100000977516174,0.11869999766349792
YPL178W,YMR133W,0,-2.4250996,0.21272365748882294,0.32100000977516174,0.11879999935626984
YJR035W,YGR278W,0,-2.4270816,0.2125827819108963,0.32100000977516174,0.11890000104904175
YER125W,YER120W,1,-2.4271228,0.21310390532016754,0.32199999690055847,0.11890000104904175
YBR080C,YLR126C,0,-2.4274368,0.21296297013759613,0.32199999690055847,0.11900000274181366
YER190W,YPR041W,0,-2.4280612,0.21282221376895905,0.32199999690055847,0.11909999698400497
YDR212W,YOR068C,0,-2.428418,0.2126816362142563,0.32199999690055847,0.11919999867677689
YOR116C,YDR427W,0,-2.4288692,0.21254125237464905,0.32199999690055847,0.1193000003695488
YAR003W,YDR334W,1,-2.4291246,0.21306069195270538,0.3230000138282776,0.1193000003695488
YIL153W,YPR049C,0,-2.4291735,0.21292023360729218,0.3230000138282776,0.11940000206232071
YPR193C,YIL150C,1,-2.429384,0.2134387344121933,0.3240000009536743,0.11940000206232071
YPL217C,YPL045W,0,-2.4295797,0.21329821646213531,0.3240000009536743,0.11949999630451202
YDR212W,YGR171C,0,-2.4297109,0.21315789222717285,0.3240000009536743,0.11959999799728394
YDR099W,YFL055W,0,-2.4300413,0.21301774680614471,0.3240000009536743,0.11969999969005585
YLR035C,YLR045C,0,-2.430781,0.2128777951002121,0.3240000009536743,0.11980000138282776
YJR112W,YPR021C,0,-2.431036,0.2127380222082138,0.3240000009536743,0.11990000307559967
YPR021C,YGL113W,0,-2.4311628,0.21259842813014984,0.3240000009536743,0.11999999731779099
YPL083C,YNL080C,0,-2.4311948,0.2124590128660202,0.3240000009536743,0.1200999990105629
YLR385C,YJR060W,1,-2.431417,0.21297509968280792,0.32499998807907104,0.1200999990105629
YDR264C,YKL089W,0,-2.431523,0.2128356248140335,0.32499998807907104,0.12020000070333481
YBR084W,YBR043C,0,-2.4319227,0.21269632875919342,0.32499998807907104,0.12030000239610672
YPL249C,YPR125W,0,-2.4320593,0.21255722641944885,0.32499998807907104,0.12039999663829803
YLR418C,YBR195C,1,-2.432068,0.21307189762592316,0.32600000500679016,0.12039999663829803
YMR129W,YKL092C,0,-2.432117,0.21293272078037262,0.32600000500679016,0.12049999833106995
YDR011W,YFR050C,0,-2.4322019,0.2127937376499176,0.32600000500679016,0.12060000002384186
YLR039C,YDL108W,0,-2.4322445,0.21265491843223572,0.32600000500679016,0.12070000171661377
YML076C,YPL267W,0,-2.4322643,0.21251629292964935,0.32600000500679016,0.12080000340938568
YFR037C,YLR357W,1,-2.432355,0.21302931010723114,0.3269999921321869,0.12080000340938568
YDR080W,YCR026C,0,-2.4323668,0.212890625,0.3269999921321869,0.120899997651577
YDR334W,YDR392W,1,-2.432446,0.21340273320674896,0.328000009059906,0.120899997651577
YOR058C,YPR168W,0,-2.4325314,0.21326397359371185,0.328000009059906,0.12099999934434891
YLR357W,YJL127C,1,-2.432682,0.213775172829628,0.32899999618530273,0.12099999934434891
YKL084W,YER029C,0,-2.4331155,0.2136363685131073,0.32899999618530273,0.12110000103712082
YGR142W,YJL140W,0,-2.433291,0.21349772810935974,0.32899999618530273,0.12120000272989273
YIL126W,YER125W,1,-2.4341106,0.21400777995586395,0.33000001311302185,0.12120000272989273
YDL224C,YOR372C,0,-2.4341555,0.21386907994747162,0.33000001311302185,0.12129999697208405
YBL088C,YCL011C,0,-2.434169,0.2137305736541748,0.33000001311302185,0.12139999866485596
YDR071C,YDL153C,1,-2.4343555,0.2142394781112671,0.3310000002384186,0.12139999866485596
YLR426W,YLR276C,0,-2.4344804,0.2141009122133255,0.3310000002384186,0.12150000035762787
YCL011C,YKL092C,0,-2.4345963,0.21396251022815704,0.3310000002384186,0.12160000205039978
YDR392W,YPL116W,1,-2.4346604,0.2144702821969986,0.3319999873638153,0.12160000205039978
YER014C-A,YOR067C,0,-2.4348862,0.21433182060718536,0.3319999873638153,0.1216999962925911
YMR050C,YMR128W,0,-2.4350686,0.21419355273246765,0.3319999873638153,0.121799997985363
YLR354C,YEL013W,0,-2.4352858,0.21405544877052307,0.3319999873638153,0.12189999967813492
YIL062C,YPR088C,0,-2.4357836,0.21391752362251282,0.3319999873638153,0.12200000137090683
YJR141W,YLR126C,0,-2.4359314,0.2137797772884369,0.3319999873638153,0.12210000306367874
YER083C,YJL002C,0,-2.4359484,0.2136422097682953,0.3319999873638153,0.12219999730587006
YKR029C,YER030W,1,-2.4362001,0.2141479104757309,0.3330000042915344,0.12219999730587006
YMR080C,YDR303C,1,-2.4362454,0.21465295553207397,0.33399999141693115,0.12219999730587006
YKL046C,YOR174W,0,-2.4364123,0.2145150899887085,0.33399999141693115,0.12229999899864197
YCR092C,YHR098C,0,-2.4364493,0.21437740325927734,0.33399999141693115,0.12240000069141388
YPR024W,YKR083C,0,-2.4369626,0.21423989534378052,0.33399999141693115,0.12250000238418579
YGL213C,YPL045W,0,-2.4370813,0.21410256624221802,0.33399999141693115,0.1225999966263771
YOR327C,YJL013C,0,-2.4371042,0.21396540105342865,0.33399999141693115,0.12269999831914902
YBR043C,YFR009W,0,-2.4372826,0.2138284295797348,0.33399999141693115,0.12280000001192093
YLR427W,YPL266W,0,-2.437726,0.2136916220188141,0.33399999141693115,0.12290000170469284
YLR275W,YOR305W,0,-2.437963,0.2135549932718277,0.33399999141693115,0.12300000339746475
YJL222W,YGL153W,0,-2.438201,0.21341852843761444,0.33399999141693115,0.12309999763965607
YGL129C,YMR048W,0,-2.4383268,0.2132822424173355,0.33399999141693115,0.12319999933242798
YPR031W,YER030W,1,-2.438489,0.21378430724143982,0.33500000834465027,0.12319999933242798
YJL186W,YKR060W,0,-2.4387465,0.2136479616165161,0.33500000834465027,0.12330000102519989
YOR244W,YMR080C,1,-2.4388762,0.2141491323709488,0.335999995470047,0.12330000102519989
YJR066W,YOR126C,0,-2.4389238,0.2140127420425415,0.335999995470047,0.1234000027179718
YDL153C,YJL127C,1,-2.4390035,0.21451304852962494,0.3370000123977661,0.1234000027179718
YML011C,YPL083C,0,-2.4393756,0.21437658369541168,0.3370000123977661,0.12349999696016312
YOR201C,YFL058W,0,-2.4397912,0.21424031257629395,0.3370000123977661,0.12359999865293503
YOL072W,YDL015C,0,-2.4398694,0.21410419046878815,0.3370000123977661,0.12370000034570694
YPR056W,YMR025W,0,-2.4399486,0.21396824717521667,0.3370000123977661,0.12380000203847885
YLR340W,YLR224W,0,-2.4401944,0.21383248269557953,0.3370000123977661,0.12389999628067017
YGL153W,YDL007W,0,-2.4405525,0.2136968970298767,0.3370000123977661,0.12399999797344208
YMR051C,YGL191W,0,-2.4406934,0.21356147527694702,0.3370000123977661,0.12409999966621399
YIL143C,YJL002C,0,-2.4413605,0.21342621743679047,0.3370000123977661,0.1242000013589859
YNL169C,YLR313C,0,-2.4418302,0.21329113841056824,0.3370000123977661,0.12430000305175781
YIL049W,YOR122C,0,-2.4418383,0.21315622329711914,0.3370000123977661,0.12439999729394913
YOR116C,YDR192C,0,-2.4418912,0.21302148699760437,0.3370000123977661,0.12449999898672104
YMR004W,YNR007C,0,-2.4425352,0.21288692951202393,0.3370000123977661,0.12460000067949295
YOL100W,YLR115W,0,-2.4425468,0.21275252103805542,0.3370000123977661,0.12470000237226486
YGR253C,YMR051C,0,-2.442597,0.21261829137802124,0.3370000123977661,0.12479999661445618
YDR392W,YPR179C,1,-2.4426856,0.21311475336551666,0.33799999952316284,0.12479999661445618
YNL313C,YER147C,0,-2.4426904,0.2129804641008377,0.33799999952316284,0.12489999830722809
YCL061C,YNL216W,1,-2.4427845,0.21347607672214508,0.33899998664855957,0.12489999830722809
YKL089W,YER122C,0,-2.4428911,0.21334172785282135,0.33899998664855957,0.125
YAL011W,YPL055C,1,-2.442907,0.21383647620677948,0.3400000035762787,0.125
YDL224C,YBR043C,0,-2.4430475,0.21370206773281097,0.3400000035762787,0.1251000016927719
YER030W,YER120W,1,-2.443237,0.21419598162174225,0.3409999907016754,0.1251000016927719
YKL120W,YGR193C,0,-2.4434626,0.21406151354312897,0.3409999907016754,0.12520000338554382
YOR231W,YJL002C,0,-2.4435163,0.21392722427845,0.3409999907016754,0.12530000507831573
YPR143W,YGL130W,0,-2.4437122,0.2137930989265442,0.3409999907016754,0.12540000677108765
YDR004W,YKL140W,0,-2.4437156,0.2136591523885727,0.3409999907016754,0.12549999356269836
YPR143W,YGR274C,0,-2.443839,0.21352535486221313,0.3409999907016754,0.12559999525547028
YDR071C,YJL127C,1,-2.443932,0.21401752531528473,0.34200000762939453,0.12559999525547028
YJL186W,YKL206C,0,-2.4445338,0.2138836830854416,0.34200000762939453,0.1256999969482422
YFR037C,YNL135C,1,-2.4447935,0.21437500417232513,0.34299999475479126,0.1256999969482422
YGR098C,YDR054C,0,-2.4449244,0.21424110233783722,0.34299999475479126,0.1257999986410141
YKL075C,YDR306C,0,-2.4452977,0.21410736441612244,0.34299999475479126,0.125900000333786
YMR299C,YDR472W,0,-2.4453297,0.21397380530834198,0.34299999475479126,0.12600000202655792
YLR032W,YDL207W,0,-2.4456792,0.21384039521217346,0.34299999475479126,0.12610000371932983
YLL006W,YLR144C,0,-2.4456892,0.21370716392993927,0.34299999475479126,0.12620000541210175
YLR324W,YJL071W,0,-2.4457855,0.2135740965604782,0.34299999475479126,0.12630000710487366
YNL313C,YMR100W,0,-2.4461992,0.21344119310379028,0.34299999475479126,0.12639999389648438
YNL314W,YBR118W,0,-2.4462743,0.2133084535598755,0.34299999475479126,0.1264999955892563
YER118C,YBL074C,0,-2.446587,0.21317589282989502,0.34299999475479126,0.1265999972820282
YNL325C,YPL187W,0,-2.446671,0.2130434811115265,0.34299999475479126,0.1266999989748001
YJL110C,YER029C,0,-2.4469576,0.2129112333059311,0.34299999475479126,0.12680000066757202
YGR004W,YMR213W,0,-2.4470396,0.21277914941310883,0.34299999475479126,0.12690000236034393
YGR075C,YIR008C,0,-2.4472353,0.2126472443342209,0.34299999475479126,0.12700000405311584
YGL051W,YGL130W,0,-2.4473042,0.21251548826694489,0.34299999475479126,0.12710000574588776
YHR072W-A,YKL092C,0,-2.4473836,0.21238389611244202,0.34299999475479126,0.12720000743865967
YBL097W,YOR117W,0,-2.4474607,0.21225246787071228,0.34299999475479126,0.12729999423027039
YML041C,YLL004W,1,-2.4477816,0.21273964643478394,0.3440000116825104,0.12729999423027039
YML075C,YGR046W,0,-2.447877,0.21260815858840942,0.3440000116825104,0.1273999959230423
YHR079C,YHL007C,0,-2.4479446,0.21247683465480804,0.3440000116825104,0.1274999976158142
YLR246W,YML019W,0,-2.4481168,0.2123456746339798,0.3440000116825104,0.12759999930858612
YDL043C,YKR001C,0,-2.4482288,0.21221467852592468,0.3440000116825104,0.12770000100135803
YGR004W,YBR017C,0,-2.4482312,0.2120838463306427,0.3440000116825104,0.12780000269412994
YKL125W,YDR039C,0,-2.448451,0.21195317804813385,0.3440000116825104,0.12790000438690186
YER109C,YNL102W,0,-2.4484544,0.21182265877723694,0.3440000116825104,0.12800000607967377
YPR139C,YKL013C,0,-2.4489632,0.21169230341911316,0.3440000116825104,0.12809999287128448
YML067C,YDR219C,0,-2.4491453,0.2115621119737625,0.3440000116825104,0.1281999945640564
YKL113C,YDL165W,0,-2.4492326,0.211432084441185,0.3440000116825104,0.1282999962568283
YDR272W,YNL236W,0,-2.4496508,0.21130220592021942,0.3440000116825104,0.12839999794960022
YAL059W,YDR323C,0,-2.4497797,0.21117249131202698,0.3440000116825104,0.12849999964237213
YJL095W,YKR083C,0,-2.4499152,0.21104294061660767,0.3440000116825104,0.12860000133514404
YBL088C,YPR049C,0,-2.4500687,0.2109135538339615,0.3440000116825104,0.12870000302791595
YDR080W,YNR003C,0,-2.4503796,0.21078431606292725,0.3440000116825104,0.12880000472068787
YGR098C,YOR368W,0,-2.4506216,0.21065524220466614,0.3440000116825104,0.12890000641345978
YLL035W,YKL145W,0,-2.4508579,0.21052631735801697,0.3440000116825104,0.1289999932050705
YLL035W,YPL057C,0,-2.4513192,0.21039755642414093,0.3440000116825104,0.1290999948978424
YNL038W,YER083C,0,-2.4517484,0.21026894450187683,0.3440000116825104,0.12919999659061432
YEL053C,YDL201W,0,-2.451884,0.21014049649238586,0.3440000116825104,0.12929999828338623
YER147C,YDR339C,0,-2.451997,0.21001221239566803,0.3440000116825104,0.12939999997615814
YNR032C-A,YGR274C,0,-2.4529521,0.20988407731056213,0.3440000116825104,0.12950000166893005
YGR004W,YDR054C,0,-2.4531474,0.20975609123706818,0.3440000116825104,0.12960000336170197
YER025W,YPL276W,0,-2.453575,0.20962826907634735,0.3440000116825104,0.12970000505447388
YHR058C,YKL075C,0,-2.4536104,0.20950061082839966,0.3440000116825104,0.1298000067472458
YHR069C,YDR311W,0,-2.453658,0.2093731015920639,0.3440000116825104,0.1298999935388565
YGL112C,YPL055C,1,-2.453757,0.20985402166843414,0.3449999988079071,0.1298999935388565
YDR080W,YNL297C,0,-2.4537828,0.20972643792629242,0.3449999988079071,0.12999999523162842
YHR079C,YDR507C,0,-2.453818,0.20959903299808502,0.3449999988079071,0.13009999692440033
YOL076W,YLR130C,0,-2.4542394,0.20947176218032837,0.3449999988079071,0.13019999861717224
YDR517W,YLR113W,0,-2.4543965,0.20934465527534485,0.3449999988079071,0.13030000030994415
YMR058W,YNL292W,0,-2.4549108,0.20921771228313446,0.3449999988079071,0.13040000200271606
YDR252W,YJL013C,0,-2.455234,0.20909090340137482,0.3449999988079071,0.13050000369548798
YDR045C,YGL233W,0,-2.455248,0.2089642584323883,0.3449999988079071,0.1306000053882599
YPR107C,YGL130W,0,-2.4554086,0.20883777737617493,0.3449999988079071,0.1307000070810318
YNL218W,YNL082W,0,-2.455522,0.2087114304304123,0.3449999988079071,0.13079999387264252
YML058W,YNL102W,0,-2.4562752,0.2085852473974228,0.3449999988079071,0.13089999556541443
YML043C,YPL176C,0,-2.4565601,0.20845921337604523,0.3449999988079071,0.13099999725818634
YDR392W,YFR037C,1,-2.456914,0.20893719792366028,0.34599998593330383,0.13099999725818634
YDR121W,YMR247C,1,-2.4571114,0.20941460132598877,0.34700000286102295,0.13099999725818634
YDR071C,YER030W,1,-2.4572415,0.2098914384841919,0.3479999899864197,0.13099999725818634
YBR215W,YCR052W,1,-2.4576707,0.21036769449710846,0.3490000069141388,0.13099999725818634
YGR109W-B,YGR042W,0,-2.4576716,0.21024096012115479,0.3490000069141388,0.13109999895095825
YMR125W,YLR144C,0,-2.4576757,0.21011438965797424,0.3490000069141388,0.13120000064373016
YFL005W,YKR035W-A,0,-2.4576788,0.20998796820640564,0.3490000069141388,0.13130000233650208
YDR004W,YDL164C,0,-2.4580102,0.20986169576644897,0.3490000069141388,0.131400004029274
YER190W,YHR098C,0,-2.4581609,0.20973557233810425,0.3490000069141388,0.1315000057220459
YCR052W,YNL135C,1,-2.458179,0.21021020412445068,0.3499999940395355,0.1315000057220459
YOL076W,YBL030C,0,-2.4587932,0.21008403599262238,0.3499999940395355,0.1316000074148178
YJR044C,YFL055W,0,-2.4592438,0.2099580019712448,0.3499999940395355,0.13169999420642853
YAR003W,YDR303C,1,-2.459487,0.21043165028095245,0.35100001096725464,0.13169999420642853
YDR392W,YLR418C,1,-2.4596004,0.21090473234653473,0.35199999809265137,0.13169999420642853
YER027C,YPR186C,0,-2.4596283,0.21077844500541687,0.35199999809265137,0.13179999589920044
YMR165C,YER083C,0,-2.459763,0.21065230667591095,0.35199999809265137,0.13189999759197235
YDR484W,YHR129C,0,-2.4599516,0.21052631735801697,0.35199999809265137,0.13199999928474426
YNL051W,YKR001C,0,-2.4604146,0.21040047705173492,0.35199999809265137,0.13210000097751617
YDR272W,YOR240W,0,-2.4604516,0.21027478575706482,0.35199999809265137,0.13220000267028809
YML043C,YKR082W,0,-2.4606676,0.21014925837516785,0.35199999809265137,0.13230000436306
YKL068W,YDR092W,0,-2.4611907,0.21002386510372162,0.35199999809265137,0.1324000060558319
YFR004W,YMR227C,0,-2.4615107,0.20989863574504852,0.35199999809265137,0.13249999284744263
YDR054C,YKL014C,0,-2.4616642,0.20977354049682617,0.35199999809265137,0.13259999454021454
YOR253W,YDL108W,0,-2.461689,0.20964859426021576,0.35199999809265137,0.13269999623298645
YDR392W,YJR060W,1,-2.461693,0.21011905372142792,0.3529999852180481,0.13269999623298645
YDR501W,YDR323C,0,-2.4617095,0.20999404788017273,0.3529999852180481,0.13279999792575836
YGR098C,YDL092W,0,-2.4617262,0.20986920595169067,0.3529999852180481,0.13289999961853027
YLR383W,YPR186C,0,-2.461909,0.20974449813365936,0.3529999852180481,0.13300000131130219
YDR303C,YER030W,1,-2.4619474,0.2102137804031372,0.3540000021457672,0.13300000131130219
YKL206C,YEL053C,0,-2.4619954,0.21008902788162231,0.3540000021457672,0.1331000030040741
YPR024W,YDR217C,0,-2.4620614,0.20996440947055817,0.3540000021457672,0.133200004696846
YGR238C,YLR071C,0,-2.4622905,0.20983995497226715,0.3540000021457672,0.13330000638961792
YMR239C,YDR030C,0,-2.462791,0.20971563458442688,0.3540000021457672,0.13339999318122864
YNR016C,YGL253W,0,-2.4628277,0.20959147810935974,0.3540000021457672,0.13349999487400055
YDR080W,YKL113C,0,-2.4629424,0.20946745574474335,0.3540000021457672,0.13359999656677246
YOR040W,YNL133C,0,-2.4629745,0.2093435823917389,0.3540000021457672,0.13369999825954437
YGL254W,YNR013C,0,-2.462988,0.20921985805034637,0.3540000021457672,0.13379999995231628
YMR125W,YNL325C,0,-2.4631984,0.2090962827205658,0.3540000021457672,0.1339000016450882
YPL116W,YMR075W,1,-2.4632566,0.20956316590309143,0.35499998927116394,0.1339000016450882
YJR053W,YNL139C,0,-2.4636927,0.20943953096866608,0.35499998927116394,0.1340000033378601
YPR108W,YCL067C,0,-2.4637284,0.20931604504585266,0.35499998927116394,0.13410000503063202
YDR429C,YJL056C,0,-2.4638877,0.20919269323349,0.35499998927116394,0.13420000672340393
YHR079C,YAL020C,0,-2.4640408,0.20906949043273926,0.35499998927116394,0.13429999351501465
YKL084W,YNL247W,0,-2.4640722,0.20894643664360046,0.35499998927116394,0.13439999520778656
YDR292C,YPR186C,0,-2.464202,0.2088235318660736,0.35499998927116394,0.13449999690055847
YDL178W,YHR129C,0,-2.4642372,0.2087007611989975,0.35499998927116394,0.13459999859333038
YNL091W,YBR080C,0,-2.4642742,0.20857813954353333,0.35499998927116394,0.1347000002861023
YOR316C,YJL005W,0,-2.4647026,0.2084556668996811,0.35499998927116394,0.1348000019788742
YOL149W,YPL095C,0,-2.4649298,0.2083333283662796,0.35499998927116394,0.13490000367164612
YOL100W,YLR275W,0,-2.4649482,0.20821113884449005,0.35499998927116394,0.13500000536441803
YPL178W,YLR088W,0,-2.4654632,0.20808909833431244,0.35499998927116394,0.13510000705718994
YHR085W,YMR059W,0,-2.4654968,0.20796719193458557,0.35499998927116394,0.13519999384880066
YOL033W,YLR045C,0,-2.4655712,0.20784543454647064,0.35499998927116394,0.13529999554157257
YNL272C,YOR151C,0,-2.4656065,0.20772381126880646,0.35499998927116394,0.13539999723434448
YGR286C,YIR009W,0,-2.4662652,0.2076023370027542,0.35499998927116394,0.1354999989271164
YNL002C,YGL222C,0,-2.4663792,0.2074810117483139,0.35499998927116394,0.1356000006198883
YER056C,YLR426W,0,-2.4664903,0.20735980570316315,0.35499998927116394,0.13570000231266022
YER036C,YGL038C,0,-2.4665766,0.20723876357078552,0.35499998927116394,0.13580000400543213
YML043C,YDL164C,0,-2.466793,0.20711785554885864,0.35499998927116394,0.13590000569820404
YHR111W,YKL145W,0,-2.467091,0.2069970816373825,0.35499998927116394,0.13600000739097595
YML006C,YKL092C,0,-2.4673553,0.2068764567375183,0.35499998927116394,0.13609999418258667
YCR010C,YMR186W,0,-2.46738,0.20675596594810486,0.35499998927116394,0.13619999587535858
YJL176C,YGL133W,1,-2.4678025,0.20721769332885742,0.35600000619888306,0.13619999587535858
YOR231W,YJR059W,0,-2.4679346,0.2070971429347992,0.35600000619888306,0.1362999975681305
YER083C,YDL095W,0,-2.468155,0.2069767415523529,0.35600000619888306,0.1363999992609024
YOR359W,YJR013W,0,-2.4686787,0.20685647428035736,0.35600000619888306,0.13650000095367432
YOR261C,YLR119W,0,-2.4686916,0.20673635601997375,0.35600000619888306,0.13660000264644623
YJL179W,YGR042W,0,-2.468711,0.2066163718700409,0.35600000619888306,0.13670000433921814
YGR162W,YMR299C,0,-2.468811,0.20649652183055878,0.35600000619888306,0.13680000603199005
YPL116W,YKR029C,1,-2.4690082,0.20695652067661285,0.3569999933242798,0.13680000603199005
YBL052C,YER030W,1,-2.469219,0.20741599798202515,0.3580000102519989,0.13680000603199005
YCL067C,YGL233W,0,-2.4692917,0.20729589462280273,0.3580000102519989,0.13689999282360077
YPR168W,YAL023C,0,-2.4692936,0.20717592537403107,0.3580000102519989,0.13699999451637268
YNL272C,YMR165C,0,-2.4694629,0.20705610513687134,0.3580000102519989,0.1370999962091446
YGL222C,YOR110W,0,-2.4696863,0.20693641901016235,0.3580000102519989,0.1371999979019165
YJR112W,YLR088W,0,-2.4697394,0.2068168669939041,0.3580000102519989,0.13729999959468842
YDR292C,YML016C,0,-2.4700768,0.2066974639892578,0.3580000102519989,0.13740000128746033
YML057W,YKL206C,0,-2.4701583,0.20657819509506226,0.3580000102519989,0.13750000298023224
YGR195W,YIR011C,0,-2.4704623,0.20645906031131744,0.3580000102519989,0.13760000467300415
YGL038C,YDR219C,0,-2.471342,0.20634005963802338,0.3580000102519989,0.13770000636577606
YOL086C,YJR013W,0,-2.4717479,0.20622119307518005,0.3580000102519989,0.13779999315738678
YER027C,YLR451W,0,-2.4718313,0.20610247552394867,0.3580000102519989,0.1378999948501587
YDR045C,YLR115W,0,-2.472009,0.20598389208316803,0.3580000102519989,0.1379999965429306
YIL126W,YDL153C,1,-2.4720526,0.20644047856330872,0.35899999737739563,0.1379999965429306
YAL011W,YER120W,1,-2.4721165,0.2068965584039688,0.36000001430511475,0.1379999965429306
YDR088C,YOR305W,0,-2.4721837,0.20677770674228668,0.36000001430511475,0.13809999823570251
YLR163C,YAL029C,0,-2.4723167,0.20665901899337769,0.36000001430511475,0.13819999992847443
YCL034W,YDR192C,0,-2.4723835,0.20654045045375824,0.36000001430511475,0.13830000162124634
YPL047W,YPL116W,1,-2.4725146,0.2069954127073288,0.3610000014305115,0.13830000162124634
YKR035W-A,YMR133W,0,-2.4725604,0.20687678456306458,0.3610000014305115,0.13840000331401825
YFR001W,YLR045C,0,-2.472622,0.2067583054304123,0.3610000014305115,0.13850000500679016
YOL149W,YML001W,0,-2.4727356,0.20663996040821075,0.3610000014305115,0.13860000669956207
YBL071W-A,YKL125W,0,-2.473048,0.20652173459529877,0.3610000014305115,0.1386999934911728
YGL216W,YOR368W,0,-2.4730878,0.20640365779399872,0.3610000014305115,0.1387999951839447
YBL088C,YNR032C-A,0,-2.4738474,0.20628571510314941,0.3610000014305115,0.1388999968767166
YJL201W,YIR011C,0,-2.4739752,0.20616790652275085,0.3610000014305115,0.13899999856948853
YDL188C,YHR077C,0,-2.4739804,0.20605023205280304,0.3610000014305115,0.13910000026226044
YOR298W,YLR361C,0,-2.4742284,0.20593269169330597,0.3610000014305115,0.13920000195503235
YLL040C,YCL034W,0,-2.4743037,0.20581528544425964,0.3610000014305115,0.13930000364780426
YER109C,YER093C,0,-2.4746456,0.20569799840450287,0.3610000014305115,0.13940000534057617
YPL047W,YDR110W,1,-2.4748588,0.2061503380537033,0.3619999885559082,0.13940000534057617
YKL084W,YML104C,0,-2.4748745,0.20603300631046295,0.3619999885559082,0.13950000703334808
YJL114W,YKL113C,0,-2.4748745,0.20591580867767334,0.3619999885559082,0.1395999938249588
YER044C-A,YDR138W,0,-2.4748788,0.20579874515533447,0.3619999885559082,0.1396999955177307
YHL012W,YPR108W,0,-2.475153,0.20568181574344635,0.3619999885559082,0.13979999721050262
YDR054C,YGL130W,0,-2.4754841,0.20556502044200897,0.3619999885559082,0.13989999890327454
YML104C,YJL056C,0,-2.4755805,0.20544835925102234,0.3619999885559082,0.14000000059604645
YDL188C,YKL046C,0,-2.4759262,0.20533181726932526,0.3619999885559082,0.14010000228881836
YER173W,YNL256W,0,-2.475956,0.2052154242992401,0.3619999885559082,0.14020000398159027
YGR004W,YER104W,0,-2.4760623,0.20509915053844452,0.3619999885559082,0.14030000567436218
YOR156C,YMR023C,0,-2.4761138,0.20498301088809967,0.3619999885559082,0.1404000073671341
YML121W,YGR171C,0,-2.4762454,0.20486700534820557,0.3619999885559082,0.1404999941587448
YER056C,YDR323C,0,-2.4764466,0.2047511339187622,0.3619999885559082,0.14059999585151672
YLR305C,YOR187W,0,-2.4765596,0.2046353816986084,0.3619999885559082,0.14069999754428864
YDL043C,YNR003C,0,-2.4766903,0.20451977849006653,0.3619999885559082,0.14079999923706055
YBL088C,YGL251C,0,-2.476757,0.2044042944908142,0.3619999885559082,0.14090000092983246
YOL109W,YPR107C,0,-2.4768703,0.20428894460201263,0.3619999885559082,0.14100000262260437
YDR099W,YLR305C,0,-2.4770377,0.2041737139225006,0.3619999885559082,0.14110000431537628
YNL246W,YBR195C,1,-2.4771602,0.2046223282814026,0.3630000054836273,0.14110000431537628
YMR309C,YMR299C,0,-2.4774168,0.2045070379972458,0.3630000054836273,0.1412000060081482
YDR334W,YPL015C,1,-2.4774442,0.20495495200157166,0.36399999260902405,0.1412000060081482
YDR523C,YJL012C-A,0,-2.4775028,0.20483961701393127,0.36399999260902405,0.1412999927997589
YGR134W,YOL072W,0,-2.4775581,0.20472441613674164,0.36399999260902405,0.14139999449253082
YER104W,YGL113W,0,-2.4777584,0.20460933446884155,0.36399999260902405,0.14149999618530273
YNL169C,YJL019W,0,-2.4783578,0.2044943869113922,0.36399999260902405,0.14159999787807465
YLL031C,YFR009W,0,-2.4784935,0.20437955856323242,0.36399999260902405,0.14169999957084656
YMR168C,YPR125W,0,-2.4786727,0.20426486432552338,0.36399999260902405,0.14180000126361847
YLR427W,YBL097W,0,-2.4788635,0.20415030419826508,0.36399999260902405,0.14190000295639038
YJR141W,YER100W,0,-2.478888,0.20403587818145752,0.36399999260902405,0.1420000046491623
YDR054C,YMR299C,0,-2.4792597,0.20392157137393951,0.36399999260902405,0.1421000063419342
YFR036W,YKL148C,0,-2.4793253,0.20380738377571106,0.36399999260902405,0.14219999313354492
YDR483W,YIL140W,0,-2.4794126,0.20369334518909454,0.36399999260902405,0.14229999482631683
YHL012W,YKL068W,0,-2.47959,0.20357941091060638,0.36399999260902405,0.14239999651908875
YJL019W,YJL041W,0,-2.4797487,0.20346562564373016,0.36399999260902405,0.14249999821186066
YLR453C,YGR042W,0,-2.4798415,0.2033519595861435,0.36399999260902405,0.14259999990463257
YLR227W-B,YHR133C,0,-2.4803514,0.20323841273784637,0.36399999260902405,0.14270000159740448
YDR073W,YDR110W,1,-2.480627,0.2036830335855484,0.36500000953674316,0.14270000159740448
YCR092C,YGL022W,0,-2.4806294,0.2035694420337677,0.36500000953674316,0.1428000032901764
YPL057C,YMR025W,0,-2.480708,0.20345596969127655,0.36500000953674316,0.1429000049829483
YJL012C-A,YJL041W,0,-2.480753,0.20334261655807495,0.36500000953674316,0.14300000667572021
YOL003C,YOR368W,0,-2.4809284,0.2032293975353241,0.36500000953674316,0.14309999346733093
YDR184C,YJL056C,0,-2.481084,0.2031162977218628,0.36500000953674316,0.14319999516010284
YHL007C,YPR049C,0,-2.4811287,0.20300333201885223,0.36500000953674316,0.14329999685287476
YJL110C,YOL065C,0,-2.481378,0.20289050042629242,0.36500000953674316,0.14339999854564667
YFR037C,YER030W,1,-2.4814847,0.20333333313465118,0.3659999966621399,0.14339999854564667
YLR210W,YJL222W,0,-2.4815369,0.2032204270362854,0.3659999966621399,0.14350000023841858
YML036W,YJR141W,0,-2.4824002,0.20310765504837036,0.3659999966621399,0.1436000019311905
YMR075W,YDR225W,1,-2.4829414,0.20354963839054108,0.367000013589859,0.1436000019311905
YMR163C,YDR219C,0,-2.483211,0.20343680679798126,0.367000013589859,0.1437000036239624
YLR449W,YER030W,1,-2.4836144,0.20387811958789825,0.36800000071525574,0.1437000036239624
YLR074C,YKL149C,0,-2.4836168,0.20376522839069366,0.36800000071525574,0.14380000531673431
YIL140W,YDL092W,0,-2.4840446,0.20365245640277863,0.36800000071525574,0.14390000700950623
YNL133C,YDR427W,0,-2.4840658,0.20353981852531433,0.36800000071525574,0.14399999380111694
YNL051W,YPR049C,0,-2.4841974,0.20342731475830078,0.36800000071525574,0.14409999549388885
YJL071W,YHR176W,0,-2.4842255,0.2033149152994156,0.36800000071525574,0.14419999718666077
YGR134W,YIL143C,0,-2.4844065,0.20320264995098114,0.36800000071525574,0.14429999887943268
YGR038W,YIR011C,0,-2.484444,0.20309050381183624,0.36800000071525574,0.1444000005722046
YER036C,YKL046C,0,-2.4844885,0.2029784917831421,0.36800000071525574,0.1445000022649765
YLR224W,YGR172C,0,-2.4845145,0.2028665989637375,0.36800000071525574,0.1446000039577484
YDR303C,YLR357W,1,-2.4845319,0.20330578088760376,0.36899998784065247,0.1446000039577484
YLR385C,YAL011W,1,-2.4845757,0.20374448597431183,0.3700000047683716,0.1446000039577484
YLR385C,YPL015C,1,-2.4846594,0.2041827142238617,0.3709999918937683,0.1446000039577484
YOL033W,YPL053C,0,-2.4846826,0.20407040417194366,0.3709999918937683,0.14470000565052032
YMR030W,YLR275W,0,-2.4847126,0.20395821332931519,0.3709999918937683,0.14480000734329224
YDR016C,YMR213W,0,-2.4847758,0.20384615659713745,0.3709999918937683,0.14489999413490295
YNL071W,YCL029C,0,-2.4848008,0.20373421907424927,0.3709999918937683,0.14499999582767487
YDL043C,YGL211W,0,-2.484815,0.20362238585948944,0.3709999918937683,0.14509999752044678
YBR126C,YKL046C,0,-2.4850345,0.20351070165634155,0.3709999918937683,0.1451999992132187
YDL159W,YNL244C,0,-2.4855332,0.20339912176132202,0.3709999918937683,0.1453000009059906
YOR388C,YDR311W,0,-2.485557,0.20328767597675323,0.3709999918937683,0.1454000025987625
YLR227W-B,YER009W,0,-2.4857304,0.2031763345003128,0.3709999918937683,0.14550000429153442
YPR009W,YDR503C,0,-2.4860916,0.20306512713432312,0.3709999918937683,0.14560000598430634
YPR139C,YCR020C,0,-2.4863431,0.20295405387878418,0.3709999918937683,0.14569999277591705
YPL175W,YNL082W,0,-2.48638,0.2028430849313736,0.3709999918937683,0.14579999446868896
YNL177C,YPL175W,0,-2.486589,0.20273223519325256,0.3709999918937683,0.14589999616146088
YGR027W-A,YGL191W,0,-2.4867644,0.20262151956558228,0.3709999918937683,0.1459999978542328
YGR075C,YGL120C,0,-2.487433,0.20251092314720154,0.3709999918937683,0.1460999995470047
YML109W,YDR110W,1,-2.4875927,0.2029459923505783,0.3720000088214874,0.1460999995470047
YML094W,YBR243C,0,-2.4877074,0.2028353363275528,0.3720000088214874,0.1462000012397766
YGL129C,YDR069C,0,-2.4880571,0.20272479951381683,0.3720000088214874,0.14630000293254852
YER190W,YBR017C,0,-2.4884787,0.20261438190937042,0.3720000088214874,0.14640000462532043
YPL178W,YDR513W,0,-2.4886417,0.20250408351421356,0.3720000088214874,0.14650000631809235
YLR330W,YDR339C,0,-2.4887385,0.20239390432834625,0.3720000088214874,0.14659999310970306
YER083C,YMR213W,0,-2.4890711,0.2022838443517685,0.3720000088214874,0.14669999480247498
YCL061C,YNL261W,1,-2.4894938,0.2027173936367035,0.37299999594688416,0.14669999480247498
YDL007W,YJL002C,0,-2.489712,0.20260727405548096,0.37299999594688416,0.1467999964952469
YOL158C,YLR398C,0,-2.4902456,0.20249728858470917,0.37299999594688416,0.1468999981880188
YBR200W,YKL206C,0,-2.490285,0.20238740742206573,0.37299999594688416,0.1469999998807907
YFL049W,YGL112C,1,-2.4909327,0.20281995832920074,0.37400001287460327,0.1469999998807907
YDR261W-B,YML001W,0,-2.4912128,0.20271003246307373,0.37400001287460327,0.14710000157356262
YLR418C,YCR052W,1,-2.491671,0.2031419277191162,0.375,0.14710000157356262
YMR125W,YLR226W,0,-2.4918828,0.20303194224834442,0.375,0.14720000326633453
YGL241W,YBL090W,0,-2.4920785,0.20292207598686218,0.375,0.14730000495910645
YDR484W,YPL164C,0,-2.492275,0.2028123289346695,0.375,0.14740000665187836
YLR102C,YLR132C,0,-2.4925046,0.20270270109176636,0.375,0.14749999344348907
YNR013C,YOR240W,0,-2.4925413,0.20259319245815277,0.375,0.147599995136261
YGR004W,YLR190W,0,-2.492595,0.20248380303382874,0.375,0.1476999968290329
YER021W,YER083C,0,-2.4927955,0.20237453281879425,0.375,0.1477999985218048
YKL120W,YBL100W-A,0,-2.4934516,0.20226536691188812,0.375,0.14790000021457672
YJL186W,YLR227W-B,0,-2.4939432,0.20215633511543274,0.375,0.14800000190734863
YML048W,YML019W,0,-2.4939573,0.2020474076271057,0.375,0.14810000360012054
YGL241W,YAL059W,0,-2.4939632,0.20193861424922943,0.375,0.14820000529289246
YDR507C,YDL209C,0,-2.4947038,0.2018299251794815,0.375,0.14830000698566437
YPL276W,YOL097C,0,-2.4948032,0.20172135531902313,0.375,0.14839999377727509
YDR140W,YML104C,0,-2.4948046,0.2016129046678543,0.375,0.148499995470047
YLR071C,YNL292W,0,-2.494901,0.20150457322597504,0.375,0.1485999971628189
YJR053W,YKL149C,0,-2.4949417,0.20139634609222412,0.375,0.14869999885559082
YLR385C,YER030W,1,-2.495347,0.20182500779628754,0.37599998712539673,0.14869999885559082
YOL086C,YDL118W,0,-2.495676,0.20171673595905304,0.37599998712539673,0.14880000054836273
YGL130W,YKL204W,0,-2.4956987,0.2016085833311081,0.37599998712539673,0.14890000224113464
YHR066W,YDR054C,0,-2.495906,0.2015005350112915,0.37599998712539673,0.14900000393390656
YJR066W,YCR026C,0,-2.4961836,0.20139260590076447,0.37599998712539673,0.14910000562667847
YBL011W,YLR451W,0,-2.4962716,0.20128479599952698,0.37599998712539673,0.14920000731945038
YHR079C,YLR032W,0,-2.4963481,0.20117710530757904,0.37599998712539673,0.1492999941110611
YBL088C,YDR323C,0,-2.4964855,0.20106951892375946,0.37599998712539673,0.149399995803833
YNL218W,YBR288C,0,-2.4971066,0.20096205174922943,0.37599998712539673,0.14949999749660492
YJL173C,YDR323C,0,-2.497465,0.20085470378398895,0.37599998712539673,0.14959999918937683
YDR071C,YOR244W,1,-2.4981399,0.2012813687324524,0.37700000405311584,0.14959999918937683
YPR125W,YGR075C,0,-2.4981565,0.20117396116256714,0.37700000405311584,0.14970000088214874
YBR195C,YPR179C,1,-2.4985013,0.20160000026226044,0.3779999911785126,0.14970000088214874
YDR054C,YMR048W,0,-2.4989393,0.2014925330877304,0.3779999911785126,0.14980000257492065
YER044C-A,YJL041W,0,-2.49898,0.20138518512248993,0.3779999911785126,0.14990000426769257
YER147C,YNL177C,0,-2.4991727,0.201277956366539,0.3779999911785126,0.15000000596046448
YGR098C,YNL297C,0,-2.500113,0.20117083191871643,0.3779999911785126,0.1500999927520752
YGL129C,YMR255W,0,-2.500186,0.2010638266801834,0.3779999911785126,0.1501999944448471
YFL060C,YBL046W,0,-2.5006208,0.20095694065093994,0.3779999911785126,0.15029999613761902
YJL222W,YDL118W,0,-2.500726,0.20085015892982483,0.3779999911785126,0.15039999783039093
YPL041C,YCR031C,0,-2.500735,0.20074349641799927,0.3779999911785126,0.15049999952316284
YPR031W,YMR247C,1,-2.5009656,0.2011677324771881,0.3790000081062317,0.15049999952316284
YDR088C,YLR088W,0,-2.5011659,0.20106101036071777,0.3790000081062317,0.15060000121593475
YIL126W,YFL049W,1,-2.5011835,0.20148462057113647,0.3799999952316284,0.15060000121593475
YBR135W,YKR099W,0,-2.5012307,0.20137785375118256,0.3799999952316284,0.15070000290870667
YDR071C,YPR179C,1,-2.5012648,0.2018008530139923,0.38100001215934753,0.15070000290870667
YFR036W,YGR193C,0,-2.5013118,0.20169401168823242,0.38100001215934753,0.15080000460147858
YDL056W,YCL052C,0,-2.5013223,0.20158730447292328,0.38100001215934753,0.1509000062942505
YER061C,YER105C,0,-2.5013387,0.2014807015657425,0.38100001215934753,0.1509999930858612
YIL125W,YER154W,0,-2.5013442,0.20137420296669006,0.38100001215934753,0.15109999477863312
YOR359W,YLR071C,0,-2.5013475,0.20126782357692719,0.38100001215934753,0.15119999647140503
YHR164C,YBL030C,0,-2.5015705,0.20116156339645386,0.38100001215934753,0.15129999816417694
YJR066W,YJL012C,0,-2.5016375,0.2010554075241089,0.38100001215934753,0.15139999985694885
YGR286C,YMR081C,0,-2.5018356,0.20094937086105347,0.38100001215934753,0.15150000154972076
YOR067C,YGR171C,0,-2.5019248,0.2008434385061264,0.38100001215934753,0.15160000324249268
YER147C,YBR119W,0,-2.5020838,0.2007376253604889,0.38100001215934753,0.1517000049352646
YGL133W,YPR193C,1,-2.5020924,0.20115850865840912,0.38199999928474426,0.1517000049352646
YDR011W,YMR125W,0,-2.5022156,0.20105263590812683,0.38199999928474426,0.1518000066280365
YOL149W,YDR246W,0,-2.5022593,0.2009468674659729,0.38199999928474426,0.15189999341964722
YEL053C,YJR043C,0,-2.504005,0.20084121823310852,0.38199999928474426,0.15199999511241913
YHR066W,YDR484W,0,-2.504088,0.2007356733083725,0.38199999928474426,0.15209999680519104
YHR069C,YEL020W-A,0,-2.5042443,0.20063024759292603,0.38199999928474426,0.15219999849796295
YAR003W,YNL246W,1,-2.5049014,0.20104986429214478,0.382999986410141,0.15219999849796295
YBR200W,YML060W,0,-2.5050297,0.20094437897205353,0.382999986410141,0.15230000019073486
YER105C,YDL092W,0,-2.5052567,0.20083901286125183,0.382999986410141,0.15240000188350677
YPR009W,YBR118W,0,-2.5053265,0.2007337510585785,0.382999986410141,0.1525000035762787
YER104W,YDR427W,0,-2.5059545,0.2006286084651947,0.382999986410141,0.1526000052690506
YPR024W,YGR005C,0,-2.506144,0.20052355527877808,0.382999986410141,0.1527000069618225
YPR186C,YPL083C,0,-2.5062306,0.2004186362028122,0.382999986410141,0.15279999375343323
YGL233W,YNL314W,0,-2.5065823,0.20031380653381348,0.382999986410141,0.15289999544620514
YGL181W,YER100W,0,-2.5066926,0.2002090960741043,0.382999986410141,0.15299999713897705
YPR056W,YLR396C,0,-2.5067654,0.2001044899225235,0.382999986410141,0.15309999883174896
YHR164C,YDL043C,0,-2.5072837,0.20000000298023224,0.382999986410141,0.15320000052452087
YJL114W,YPL257W-A,0,-2.507308,0.19989562034606934,0.382999986410141,0.15330000221729279
YOL072W,YDR427W,0,-2.5078535,0.1997913420200348,0.382999986410141,0.1534000039100647
YHL027W,YLR088W,0,-2.507975,0.1996871680021286,0.382999986410141,0.1535000056028366
YJR060W,YNL135C,1,-2.50828,0.200104221701622,0.3840000033378601,0.1535000056028366
YJL186W,YMR213W,0,-2.5085328,0.20000000298023224,0.3840000033378601,0.15360000729560852
YER109C,YFR050C,0,-2.5087814,0.19989588856697083,0.3840000033378601,0.15369999408721924
YER061C,YBL082C,0,-2.5088263,0.19979187846183777,0.3840000033378601,0.15379999577999115
YER027C,YDR323C,0,-2.5089154,0.19968798756599426,0.3840000033378601,0.15389999747276306
YGL254W,YOR316C,0,-2.5089717,0.1995842009782791,0.3840000033378601,0.15399999916553497
YGR161C-C,YGR175C,0,-2.5091472,0.19948051869869232,0.3840000033378601,0.15410000085830688
YCL044C,YOR240W,0,-2.509235,0.1993769407272339,0.3840000033378601,0.1542000025510788
YGL158W,YOR033C,0,-2.5093465,0.199273481965065,0.3840000033378601,0.1543000042438507
YPR056W,YDR419W,0,-2.5094857,0.19917012751102448,0.3840000033378601,0.15440000593662262
YNL247W,YJL056C,0,-2.509507,0.1990668773651123,0.3840000033378601,0.15449999272823334
YOR388C,YDR092W,0,-2.509779,0.1989637315273285,0.3840000033378601,0.15459999442100525
YBR086C,YDR030C,0,-2.5099545,0.19886068999767303,0.3840000033378601,0.15469999611377716
YJR132W,YLR246W,0,-2.5103612,0.19875776767730713,0.3840000033378601,0.15479999780654907
YJL114W,YHL034C,0,-2.510416,0.1986549347639084,0.3840000033378601,0.15489999949932098
YPL116W,YBL052C,1,-2.5105395,0.1990692913532257,0.38499999046325684,0.15489999949932098
YPL214C,YDR311W,0,-2.5107985,0.19896641373634338,0.38499999046325684,0.1550000011920929
YKR099W,YGR109W-B,0,-2.5109863,0.19886364042758942,0.38499999046325684,0.1551000028848648
YIR023W,YGR101W,0,-2.5109997,0.1987609714269638,0.38499999046325684,0.15520000457763672
YOR388C,YPL164C,0,-2.5113406,0.19865840673446655,0.38499999046325684,0.15530000627040863
YML121W,YCL052C,0,-2.5113583,0.19855596125125885,0.38499999046325684,0.15539999306201935
YLR035C,YLR426W,0,-2.5115263,0.1984536051750183,0.38499999046325684,0.15549999475479126
YNL091W,YER027C,0,-2.5115519,0.19835136830806732,0.38499999046325684,0.15559999644756317
YHL012W,YCL011C,0,-2.511566,0.1982492208480835,0.38499999046325684,0.15569999814033508
YPR143W,YMR255W,0,-2.5115795,0.19814719259738922,0.38499999046325684,0.155799999833107
YNL051W,YPL053C,0,-2.5116453,0.1980452686548233,0.38499999046325684,0.1559000015258789
YGL133W,YMR075W,1,-2.5116916,0.19845758378505707,0.38600000739097595,0.1559000015258789
YNL233W,YPL232W,0,-2.5118036,0.19835560023784637,0.38600000739097595,0.15600000321865082
YJR066W,YGR109W-B,0,-2.5120287,0.19825372099876404,0.38600000739097595,0.15610000491142273
YCL024W,YPR041W,0,-2.512114,0.19815194606781006,0.38600000739097595,0.15620000660419464
YLR357W,YPR179C,1,-2.512157,0.1985633671283722,0.3869999945163727,0.15620000660419464
YLL035W,YGR072W,0,-2.5121899,0.19846153259277344,0.3869999945163727,0.15629999339580536
YNL091W,YGR231C,0,-2.5123198,0.19835981726646423,0.3869999945163727,0.15639999508857727
YPL112C,YOR110W,0,-2.5126204,0.1982581913471222,0.3869999945163727,0.15649999678134918
YIR008C,YDL015C,0,-2.5130486,0.1981566846370697,0.3869999945163727,0.1565999984741211
YLR227W-A,YBR216C,0,-2.513132,0.19805526733398438,0.3869999945163727,0.156700000166893
YIL126W,YNL216W,1,-2.5133057,0.1984654664993286,0.3880000114440918,0.156700000166893
YIL150C,YNL135C,1,-2.5135994,0.19887524843215942,0.3889999985694885,0.156700000166893
YJL201W,YPL266W,0,-2.5136857,0.19877363741397858,0.3889999985694885,0.15680000185966492
YGL241W,YNR057C,0,-2.514387,0.1986721158027649,0.3889999985694885,0.15690000355243683
YCR077C,YAR014C,0,-2.5143967,0.19857069849967957,0.3889999985694885,0.15700000524520874
YOR112W,YCL052C,0,-2.514501,0.1984693855047226,0.3889999985694885,0.15710000693798065
YJR053W,YLR361C,0,-2.5145655,0.19836817681789398,0.3889999985694885,0.15719999372959137
YMR045C,YKR099W,0,-2.5145698,0.19826707243919373,0.3889999985694885,0.15729999542236328
YMR273C,YIL150C,1,-2.51465,0.1986754983663559,0.38999998569488525,0.15729999542236328
YFR004W,YHR129C,0,-2.514732,0.19857433438301086,0.38999998569488525,0.1573999971151352
YCL067C,YDR412W,0,-2.5150914,0.19847328960895538,0.38999998569488525,0.1574999988079071
YDR484W,YNR013C,0,-2.5152504,0.19837233424186707,0.38999998569488525,0.15760000050067902
YMR186W,YJL179W,0,-2.5152805,0.1982714831829071,0.38999998569488525,0.15770000219345093
YDL051W,YMR299C,0,-2.5153263,0.1981707364320755,0.38999998569488525,0.15780000388622284
YDL113C,YBR043C,0,-2.5156462,0.19807007908821106,0.38999998569488525,0.15790000557899475
YAL020C,YOR208W,0,-2.5156558,0.19796954095363617,0.38999998569488525,0.15800000727176666
YNL119W,YPL257W-A,0,-2.515891,0.19786910712718964,0.38999998569488525,0.15809999406337738
YPR186C,YCR026C,0,-2.5159376,0.19776876270771027,0.38999998569488525,0.1581999957561493
YNR060W,YNL080C,0,-2.5161026,0.19766852259635925,0.38999998569488525,0.1582999974489212
YPR108W,YDR463W,0,-2.516291,0.1975683867931366,0.38999998569488525,0.15839999914169312
YER049W,YIL115C,0,-2.5163844,0.1974683552980423,0.38999998569488525,0.15850000083446503
YPL002C,YBR084W,0,-2.5165582,0.19736842811107635,0.38999998569488525,0.15860000252723694
YKL189W,YGL206C,0,-2.5166962,0.19726859033107758,0.38999998569488525,0.15870000422000885
YOR112W,YML075C,0,-2.516913,0.19716885685920715,0.38999998569488525,0.15880000591278076
YER166W,YNL256W,0,-2.5169759,0.1970692276954651,0.38999998569488525,0.15889999270439148
YLR324W,YHR038W,0,-2.5170121,0.19696970283985138,0.38999998569488525,0.1589999943971634
YGR077C,YDR494W,0,-2.5170674,0.19687026739120483,0.38999998569488525,0.1590999960899353
YJR132W,YDR054C,0,-2.5174246,0.19677093625068665,0.38999998569488525,0.15919999778270721
YNR043W,YPR189W,0,-2.5175884,0.19667170941829681,0.38999998569488525,0.15929999947547913
YKL130C,YMR172W,0,-2.5179045,0.19657258689403534,0.38999998569488525,0.15940000116825104
YGR077C,YJR077C,0,-2.5181408,0.19647355377674103,0.38999998569488525,0.15950000286102295
YJL173C,YML048W,0,-2.5181513,0.19637462496757507,0.38999998569488525,0.15960000455379486
YOR388C,YDR412W,0,-2.5183115,0.19627578556537628,0.38999998569488525,0.15970000624656677
YOL076W,YDL043C,0,-2.518724,0.19617706537246704,0.38999998569488525,0.1597999930381775
YDR183W,YGL086W,0,-2.519084,0.19607843458652496,0.38999998569488525,0.1598999947309494
YDR419W,YLR313C,0,-2.5191483,0.19597989320755005,0.38999998569488525,0.1599999964237213
YML046W,YBR213W,0,-2.519556,0.19588147103786469,0.38999998569488525,0.16009999811649323
YDL174C,YMR207C,0,-2.5197234,0.19578313827514648,0.38999998569488525,0.16019999980926514
YGL017W,YJR153W,0,-2.5200105,0.19568489491939545,0.38999998569488525,0.16030000150203705
YER173W,YGR257C,0,-2.5202503,0.19558675587177277,0.38999998569488525,0.16040000319480896
YOR244W,YDR110W,1,-2.5203025,0.19598998129367828,0.39100000262260437,0.16040000319480896
YLR226W,YNL080C,0,-2.5204992,0.19589178264141083,0.39100000262260437,0.16050000488758087
YER056C,YDR221W,0,-2.5208213,0.19579368829727173,0.39100000262260437,0.16060000658035278
YGR272C,YDL223C,0,-2.5208254,0.195695698261261,0.39100000262260437,0.1606999933719635
YNL091W,YLR074C,0,-2.5209675,0.1955977976322174,0.39100000262260437,0.1607999950647354
YLR362W,YDL065C,0,-2.5210276,0.19550000131130219,0.39100000262260437,0.16089999675750732
YGL017W,YER129W,0,-2.5213785,0.19540229439735413,0.39100000262260437,0.16099999845027924
YOL006C,YML109W,1,-2.5215073,0.1958041936159134,0.3919999897480011,0.16099999845027924
YLR354C,YFR050C,0,-2.5216026,0.19570644199848175,0.3919999897480011,0.16110000014305115
YLR453C,YDL065C,0,-2.5217085,0.19560877978801727,0.3919999897480011,0.16120000183582306
YLR385C,YPR193C,1,-2.5220082,0.19600997865200043,0.3930000066757202,0.16120000183582306
YML011C,YOR112W,0,-2.522325,0.19591225683689117,0.3930000066757202,0.16130000352859497
YOR047C,YOR368W,0,-2.5226052,0.19581465423107147,0.3930000066757202,0.16140000522136688
YKR099W,YLR227W-A,0,-2.522631,0.19571712613105774,0.3930000066757202,0.1615000069141388
YDR252W,YLR410W-A,0,-2.5227022,0.19561971724033356,0.3930000066757202,0.1615999937057495
YKR025W,YDR034C-D,0,-2.523202,0.19552238285541534,0.3930000066757202,0.16169999539852142
YDR507C,YCR020C-A,0,-2.523231,0.19542516767978668,0.3930000066757202,0.16179999709129333
YER143W,YGL043W,0,-2.5232484,0.195328027009964,0.3930000066757202,0.16189999878406525
YGL129C,YJL112W,0,-2.5232491,0.19523100554943085,0.3930000066757202,0.16200000047683716
YER190W,YNL256W,0,-2.5234294,0.19513405859470367,0.3930000066757202,0.16210000216960907
YGR027W-A,YLR362W,0,-2.523487,0.19503721594810486,0.3930000066757202,0.16220000386238098
YLR055C,YLR453C,0,-2.5236006,0.1949404776096344,0.3930000066757202,0.1623000055551529
YDL247W,YMR299C,0,-2.523642,0.1948438286781311,0.3930000066757202,0.1624000072479248
YBR243C,YKL068W,0,-2.5241652,0.19474726915359497,0.3930000066757202,0.16249999403953552
YHR085W,YEL069C,0,-2.524361,0.1946508139371872,0.3930000066757202,0.16259999573230743
YOR067C,YCR018C,0,-2.5244982,0.19455444812774658,0.3930000066757202,0.16269999742507935
YER017C,YGL240W,0,-2.5248184,0.19445818662643433,0.3930000066757202,0.16279999911785126
YDR170W-A,YKL119C,0,-2.5248613,0.19436201453208923,0.3930000066757202,0.16290000081062317
YML110C,YJL114W,0,-2.525115,0.1942659467458725,0.3930000066757202,0.16300000250339508
YJR053W,YMR030W,0,-2.525124,0.19416995346546173,0.3930000066757202,0.163100004196167
YGR253C,YDR183W,0,-2.525155,0.19407407939434052,0.3930000066757202,0.1632000058889389
YLL038C,YLR313C,0,-2.5256333,0.19397827982902527,0.3930000066757202,0.16329999268054962
YFR047C,YAR044W,0,-2.525925,0.19388258457183838,0.3930000066757202,0.16339999437332153
YHR058C,YDR365W-A,0,-2.5259845,0.19378697872161865,0.3930000066757202,0.16349999606609344
YGR098C,YKL057C,0,-2.5260034,0.19369147717952728,0.3930000066757202,0.16359999775886536
YLR039C,YLR453C,0,-2.526027,0.19359606504440308,0.3930000066757202,0.16369999945163727
YDR170W-A,YJR112W,0,-2.526493,0.19350074231624603,0.3930000066757202,0.16380000114440918
YGR005C,YHR077C,0,-2.5264933,0.19340550899505615,0.3930000066757202,0.1639000028371811
YJR055W,YPL115C,0,-2.526597,0.19331037998199463,0.3930000066757202,0.164000004529953
YPL057C,YLR275W,0,-2.5267076,0.19321534037590027,0.3930000066757202,0.16410000622272491
YMR267W,YLR227W-B,0,-2.5274608,0.19312039017677307,0.3930000066757202,0.16419999301433563
YJL222W,YCR020C-A,0,-2.5278773,0.19302554428577423,0.3930000066757202,0.16429999470710754
YMR129W,YBL074C,0,-2.5278885,0.19293078780174255,0.3930000066757202,0.16439999639987946
YMR050C,YLR451W,0,-2.528142,0.19283612072467804,0.3930000066757202,0.16449999809265137
YLR357W,YER120W,1,-2.5282311,0.1932319700717926,0.39399999380111694,0.16449999809265137
YOL003C,YPR009W,0,-2.5282445,0.1931372582912445,0.39399999380111694,0.16459999978542328
YLL036C,YLR427W,0,-2.5284336,0.19304262101650238,0.39399999380111694,0.1647000014781952
YLR096W,YJR059W,0,-2.5286288,0.1929480880498886,0.39399999380111694,0.1648000031709671
YER104W,YMR125W,0,-2.5287704,0.192853644490242,0.39399999380111694,0.164900004863739
YGL213C,YDR255C,0,-2.5287893,0.19275929033756256,0.39399999380111694,0.16500000655651093
YGR272C,YGL251C,0,-2.5289626,0.19266504049301147,0.39399999380111694,0.16509999334812164
YCL024W,YML048W,0,-2.5290346,0.19257086515426636,0.39399999380111694,0.16519999504089355
YFL018W-A,YDR156W,0,-2.529084,0.1924767941236496,0.39399999380111694,0.16529999673366547
YPR108W,YDR004W,0,-2.5291948,0.1923828125,0.39399999380111694,0.16539999842643738
YGL168W,YBL074C,0,-2.5293198,0.19228892028331757,0.39399999380111694,0.1655000001192093
YAL068C,YLR129W,0,-2.5293634,0.1921951174736023,0.39399999380111694,0.1656000018119812
YNR032C-A,YKL013C,0,-2.5294466,0.19210141897201538,0.39399999380111694,0.1657000035047531
YOR089C,YGR245C,0,-2.529529,0.19200779497623444,0.39399999380111694,0.16580000519752502
YDR292C,YLR154C,0,-2.5298028,0.19191427528858185,0.39399999380111694,0.16590000689029694
YIL150C,YPL055C,1,-2.5299077,0.19230769574642181,0.39500001072883606,0.16590000689029694
YKL125W,YAL055W,0,-2.5304048,0.19221411645412445,0.39500001072883606,0.16599999368190765
YBR035C,YBR080C,0,-2.530678,0.19212062656879425,0.39500001072883606,0.16609999537467957
YJL176C,YDR295C,1,-2.5308702,0.1925133615732193,0.3959999978542328,0.16609999537467957
YOR201C,YPL213W,0,-2.5311012,0.19241982698440552,0.3959999978542328,0.16619999706745148
YJL127C,YPL055C,1,-2.5312314,0.19281204044818878,0.3970000147819519,0.16619999706745148
YKL084W,YPR056W,0,-2.5312471,0.19271844625473022,0.3970000147819519,0.1662999987602234
YFL005W,YDL207W,0,-2.5313468,0.19262494146823883,0.3970000147819519,0.1664000004529953
YBR195C,YMR247C,1,-2.5315723,0.19301648437976837,0.39800000190734863,0.1664000004529953
YER190W,YPL115C,0,-2.5317864,0.1929229348897934,0.39800000190734863,0.1665000021457672
YBL082C,YOR058C,0,-2.5325568,0.1928294599056244,0.39800000190734863,0.16660000383853912
YCL034W,YLR045C,0,-2.532565,0.19273607432842255,0.39800000190734863,0.16670000553131104
YPL254W,YJL127C,1,-2.5326743,0.19312681257724762,0.39899998903274536,0.16670000553131104
YKL089W,YNL002C,0,-2.5327256,0.1930333822965622,0.39899998903274536,0.16680000722408295
YKL149C,YDR183W,0,-2.5328488,0.19294004142284393,0.39899998903274536,0.16689999401569366
YIL126W,YBR215W,1,-2.5328877,0.19333010911941528,0.4000000059604645,0.16689999401569366
YLR330W,YGL211W,0,-2.5328999,0.19323670864105225,0.4000000059604645,0.16699999570846558
YNL133C,YJL019W,0,-2.5329354,0.19314341247081757,0.4000000059604645,0.1670999974012375
YJL005W,YDR507C,0,-2.533105,0.19305019080638885,0.4000000059604645,0.1671999990940094
YBR035C,YDR016C,0,-2.5333,0.1929570734500885,0.4000000059604645,0.1673000007867813
YGL047W,YOR192C-A,0,-2.5333629,0.19286403059959412,0.4000000059604645,0.16740000247955322
YGR098C,YML074C,0,-2.5334437,0.1927710771560669,0.4000000059604645,0.16750000417232513
YNL261W,YPL015C,1,-2.5336747,0.19315992295742035,0.4009999930858612,0.16750000417232513
YCL024W,YKL046C,0,-2.53373,0.19306692481040955,0.4009999930858612,0.16760000586509705
YOR115C,YLR227W-A,0,-2.5337844,0.1929740160703659,0.4009999930858612,0.16769999265670776
YMR045C,YKR026C,0,-2.5338333,0.19288119673728943,0.4009999930858612,0.16779999434947968
YGR241C,YBR213W,0,-2.5340524,0.19278846681118011,0.4009999930858612,0.1678999960422516
YJL114W,YPR175W,0,-2.534266,0.19269582629203796,0.4009999930858612,0.1679999977350235
YOL033W,YLR115W,0,-2.534478,0.19260326027870178,0.4009999930858612,0.1680999994277954
YAL020C,YIL062C,0,-2.53455,0.19251079857349396,0.4009999930858612,0.16820000112056732
YLR450W,YDL113C,0,-2.5346417,0.1924184262752533,0.4009999930858612,0.16830000281333923
YKL120W,YCL029C,0,-2.5348153,0.1923261433839798,0.4009999930858612,0.16840000450611115
YDR170W-A,YML024W,0,-2.5349364,0.19223393499851227,0.4009999930858612,0.16850000619888306
YNL049C,YEL013W,0,-2.5351021,0.1921418309211731,0.4009999930858612,0.16859999299049377
YDR463W,YNL283C,0,-2.5352108,0.1920498013496399,0.4009999930858612,0.16869999468326569
YMR045C,YLR324W,0,-2.5353248,0.19195787608623505,0.4009999930858612,0.1687999963760376
YBR080C,YMR059W,0,-2.5353632,0.19186602532863617,0.4009999930858612,0.1688999980688095
YGR004W,YDR365W-A,0,-2.5354004,0.19177426397800446,0.4009999930858612,0.16899999976158142
YLR148W,YKR060W,0,-2.5355127,0.1916826069355011,0.4009999930858612,0.16910000145435333
YPL176C,YLR130C,0,-2.5355296,0.1915910243988037,0.4009999930858612,0.16920000314712524
YNL102W,YHR077C,0,-2.5357761,0.1914995163679123,0.4009999930858612,0.16930000483989716
YNL261W,YDR176W,1,-2.5357957,0.19188544154167175,0.4020000100135803,0.16930000483989716
YLR055C,YKR025W,0,-2.5360823,0.19179388880729675,0.4020000100135803,0.16940000653266907
YPL276W,YGR027W-A,0,-2.5362434,0.19170242547988892,0.4020000100135803,0.16949999332427979
YKL206C,YAR014C,0,-2.5367436,0.19161105155944824,0.4020000100135803,0.1695999950170517
YBR080C,YPR186C,0,-2.536798,0.19151976704597473,0.4020000100135803,0.1696999967098236
YOR244W,YLL004W,1,-2.5370502,0.19190476834774017,0.40299999713897705,0.1696999967098236
YHR166C,YPR021C,0,-2.5377734,0.1918134242296219,0.40299999713897705,0.16979999840259552
YMR045C,YJR141W,0,-2.538063,0.19172216951847076,0.40299999713897705,0.16990000009536743
YDL174C,YGL153W,0,-2.538165,0.1916310042142868,0.40299999713897705,0.17000000178813934
YPR168W,YOR341W,0,-2.5383923,0.19153992831707,0.40299999713897705,0.17010000348091125
YLR035C,YML112W,0,-2.5385509,0.19144892692565918,0.40299999713897705,0.17020000517368317
YGR165W,YDR034C-D,0,-2.5389836,0.1913580298423767,0.40299999713897705,0.17030000686645508
YAR003W,YOL006C,1,-2.5392928,0.19174180924892426,0.40400001406669617,0.17030000686645508
YBL088C,YML130C,0,-2.5393,0.191650852560997,0.40400001406669617,0.1703999936580658
YPL041C,YIR023W,0,-2.539516,0.19155998528003693,0.40400001406669617,0.1704999953508377
YGL241W,YML076C,0,-2.539569,0.1914691925048828,0.40400001406669617,0.17059999704360962
YLR275W,YCL029C,0,-2.539578,0.19137848913669586,0.40400001406669617,0.17069999873638153
YLL008W,YGL086W,0,-2.5397313,0.19128787517547607,0.40400001406669617,0.17080000042915344
YNR060W,YDL118W,0,-2.5400178,0.19119735062122345,0.40400001406669617,0.17090000212192535
YKL075C,YCL038C,0,-2.5400183,0.1911069005727768,0.40400001406669617,0.17100000381469727
YER104W,YJR001W,0,-2.5401666,0.1910165548324585,0.40400001406669617,0.17110000550746918
YNL015W,YPL276W,0,-2.540524,0.19092626869678497,0.40400001406669617,0.1712000072002411
YHR072W-A,YDR219C,0,-2.5405712,0.1908360868692398,0.40400001406669617,0.1712999939918518
YGR272C,YPR051W,0,-2.5408962,0.1907459795475006,0.40400001406669617,0.17139999568462372
YCR063W,YCR077C,0,-2.5411944,0.19065597653388977,0.40400001406669617,0.17149999737739563
YBL082C,YLR113W,0,-2.5414784,0.1905660331249237,0.40400001406669617,0.17159999907016754
YIR011C,YNL283C,0,-2.541644,0.190476194024086,0.40400001406669617,0.17170000076293945
YHR069C,YGR075C,0,-2.541785,0.19038642942905426,0.40400001406669617,0.17180000245571136
YML109W,YMR075W,1,-2.5419288,0.1907677799463272,0.4050000011920929,0.17180000245571136
YPL276W,YDR412W,0,-2.5420341,0.1906779706478119,0.4050000011920929,0.17190000414848328
YKR067W,YBR080C,0,-2.5422301,0.19058823585510254,0.4050000011920929,0.1720000058412552
YER125W,YGL112C,1,-2.542434,0.19096896052360535,0.4059999883174896,0.1720000058412552
YMR051C,YLR390W-A,0,-2.5425143,0.19087916612625122,0.4059999883174896,0.1720999926328659
YPR168W,YDR025W,0,-2.5425382,0.19078947603702545,0.4059999883174896,0.17219999432563782
YLR449W,YMR075W,1,-2.5425916,0.19116955995559692,0.40700000524520874,0.17219999432563782
YML109W,YLR385C,1,-2.5427823,0.19154930114746094,0.40799999237060547,0.17219999432563782
YDR295C,YAL011W,1,-2.542919,0.1919286698102951,0.4090000092983246,0.17219999432563782
YHR072W-A,YGR042W,0,-2.5430586,0.19183865189552307,0.4090000092983246,0.17229999601840973
YNL133C,YEL020W-A,0,-2.543127,0.191748708486557,0.4090000092983246,0.17239999771118164
YNL313C,YLR165C,0,-2.543251,0.1916588544845581,0.4090000092983246,0.17249999940395355
YMR045C,YGR072W,0,-2.543287,0.19156908988952637,0.4090000092983246,0.17260000109672546
YLR163C,YFL018W-A,0,-2.543304,0.1914793998003006,0.4090000092983246,0.17270000278949738
YLR362W,YGL168W,0,-2.543427,0.191389799118042,0.4090000092983246,0.1728000044822693
YMR168C,YJL019W,0,-2.543593,0.19130028784275055,0.4090000092983246,0.1729000061750412
YPL065W,YNL247W,0,-2.5436277,0.19121085107326508,0.4090000092983246,0.17299999296665192
YLR385C,YER120W,1,-2.5437617,0.19158878922462463,0.4099999964237213,0.17299999296665192
YOR115C,YLR398C,0,-2.5437884,0.19149929285049438,0.4099999964237213,0.17309999465942383
YPL028W,YOR240W,0,-2.5437934,0.1914099007844925,0.4099999964237213,0.17319999635219574
YJR060W,YIL150C,1,-2.5441086,0.1917872130870819,0.41100001335144043,0.17319999635219574
YML094W,YPL257W-A,0,-2.544253,0.19169776141643524,0.41100001335144043,0.17329999804496765
YNL218W,YKL149C,0,-2.5444782,0.19160838425159454,0.41100001335144043,0.17339999973773956
YJR035W,YOR231W,0,-2.544621,0.1915191113948822,0.41100001335144043,0.17350000143051147
YLR210W,YHR065C,0,-2.5448737,0.19142989814281464,0.41100001335144043,0.1736000031232834
YER027C,YLR227W-B,0,-2.5450964,0.19134078919887543,0.41100001335144043,0.1737000048160553
YGL017W,YJL073W,0,-2.5452614,0.191251739859581,0.41100001335144043,0.1738000065088272
YIL007C,YNL054W-B,0,-2.5458689,0.19116279482841492,0.41100001335144043,0.17389999330043793
YPR107C,YPL120W,0,-2.545985,0.1910739243030548,0.41100001335144043,0.17399999499320984
YDL056W,YDR217C,0,-2.5460713,0.19098512828350067,0.41100001335144043,0.17409999668598175
YML016C,YMR030W,0,-2.5461035,0.1908964216709137,0.41100001335144043,0.17419999837875366
YHL012W,YGL216W,0,-2.5461516,0.19080780446529388,0.41100001335144043,0.17430000007152557
YNL283C,YCL029C,0,-2.5462365,0.19071926176548004,0.41100001335144043,0.17440000176429749
YDR194C,YER171W,0,-2.5462594,0.19063079357147217,0.41100001335144043,0.1745000034570694
YHR072W-A,YBL100W-A,0,-2.546361,0.19054241478443146,0.41100001335144043,0.1746000051498413
YKL149C,YDR219C,0,-2.5465133,0.1904541254043579,0.41100001335144043,0.17470000684261322
YDR194C,YDL224C,0,-2.5466602,0.19036591053009033,0.41100001335144043,0.17479999363422394
YGL075C,YDL065C,0,-2.5467649,0.19027778506278992,0.41100001335144043,0.17489999532699585
YLL016W,YOR112W,0,-2.547218,0.19018973410129547,0.41100001335144043,0.17499999701976776
YNL051W,YDR412W,0,-2.5472648,0.190101757645607,0.41100001335144043,0.17509999871253967
YJL114W,YML077W,0,-2.5477152,0.19001387059688568,0.41100001335144043,0.17520000040531158
YGR077C,YPL083C,0,-2.548047,0.18992605805397034,0.41100001335144043,0.1753000020980835
YJL114W,YIL062C,0,-2.548314,0.18983833491802216,0.41100001335144043,0.1754000037908554
YBL082C,YOR174W,0,-2.5485666,0.18975068628787994,0.41100001335144043,0.17550000548362732
YDL047W,YGL028C,0,-2.5487938,0.1896631270647049,0.41100001335144043,0.17560000717639923
YDR194C,YPL176C,0,-2.5488462,0.18957564234733582,0.41100001335144043,0.17569999396800995
YDL043C,YDR183W,0,-2.5489814,0.1894882470369339,0.41100001335144043,0.17579999566078186
YGR089W,YJR147W,0,-2.5491147,0.18940092623233795,0.41100001335144043,0.17589999735355377
YKL188C,YNL156C,0,-2.54914,0.18931367993354797,0.41100001335144043,0.17599999904632568
YLR200W,YDL209C,0,-2.5492048,0.18922652304172516,0.41100001335144043,0.1761000007390976
YMR192W,YMR025W,0,-2.54928,0.1891394406557083,0.41100001335144043,0.1762000024318695
YPR093C,YPR073C,0,-2.5494108,0.18905243277549744,0.41100001335144043,0.17630000412464142
YHR214C-C,YKL049C,0,-2.5494523,0.18896551430225372,0.41100001335144043,0.17640000581741333
YLL035W,YJL056C,0,-2.5495512,0.18887867033481598,0.41100001335144043,0.17649999260902405
YAR003W,YDR392W,1,-2.549753,0.18925125896930695,0.41200000047683716,0.17649999260902405
YGR193C,YJR052W,0,-2.5497696,0.18916437029838562,0.41200000047683716,0.17659999430179596
YGR020C,YDR503C,0,-2.5498338,0.18907755613327026,0.41200000047683716,0.17669999599456787
YPL115C,YBR188C,0,-2.5500722,0.18899083137512207,0.41200000047683716,0.17679999768733978
YOR279C,YPL055C,1,-2.5501914,0.18936267495155334,0.4129999876022339,0.17679999768733978
YFR001W,YHR166C,0,-2.5503414,0.18927589058876038,0.4129999876022339,0.1768999993801117
YOR298W,YOL097C,0,-2.5504923,0.18918919563293457,0.4129999876022339,0.1770000010728836
YFL018W-A,YKL026C,0,-2.550531,0.18910256028175354,0.4129999876022339,0.17710000276565552
YLR163C,YOR231W,0,-2.5505388,0.18901601433753967,0.4129999876022339,0.17720000445842743
YDR512C,YPL045W,0,-2.5509787,0.18892955780029297,0.4129999876022339,0.17730000615119934
YLR045C,YJL012C-A,0,-2.5510461,0.18884316086769104,0.4129999876022339,0.17739999294281006
YPL257W-A,YER009W,0,-2.5511386,0.18875685334205627,0.4129999876022339,0.17749999463558197
YDR194C,YML075C,0,-2.5511975,0.18867062032222748,0.4129999876022339,0.17759999632835388
YGR195W,YLR410W-A,0,-2.551209,0.18858447670936584,0.4129999876022339,0.1776999980211258
YOL125W,YCR020C-A,0,-2.5513012,0.18849840760231018,0.4129999876022339,0.1777999997138977
YGL112C,YMR127C,1,-2.5514135,0.18886861205101013,0.414000004529953,0.1777999997138977
YDL224C,YLL036C,0,-2.5519018,0.1887824833393097,0.414000004529953,0.17790000140666962
YDR463W,YHL022C,0,-2.5519137,0.18869644403457642,0.414000004529953,0.17800000309944153
YKL206C,YPR189W,0,-2.551993,0.1886104792356491,0.414000004529953,0.17810000479221344
YDR183W,YBL100W-A,0,-2.5527134,0.18852458894252777,0.414000004529953,0.17820000648498535
YDL188C,YPL115C,0,-2.552869,0.1884387731552124,0.414000004529953,0.17829999327659607
YJR044C,YML076C,0,-2.5530634,0.1883530467748642,0.414000004529953,0.17839999496936798
YML124C,YPL050C,0,-2.5533762,0.18826739490032196,0.414000004529953,0.1784999966621399
YEL020W-A,YEL069C,0,-2.5534,0.1881818175315857,0.414000004529953,0.1785999983549118
YMR227C,YDL108W,0,-2.5534625,0.1880963146686554,0.414000004529953,0.17870000004768372
YKR025W,YER093C,0,-2.5535007,0.18801090121269226,0.414000004529953,0.17880000174045563
YHL020C,YDL207W,0,-2.5535007,0.1879255622625351,0.414000004529953,0.17890000343322754
YJL219W,YDL118W,0,-2.5537264,0.1878402978181839,0.414000004529953,0.17900000512599945
YOR058C,YML118W,0,-2.553899,0.18775510787963867,0.414000004529953,0.17910000681877136
YGR272C,YOR388C,0,-2.554009,0.18766999244689941,0.414000004529953,0.17919999361038208
YML060W,YMR133W,0,-2.5540323,0.18758495151996613,0.414000004529953,0.179299995303154
YER173W,YBR119W,0,-2.5541368,0.1875,0.414000004529953,0.1793999969959259
YLR246W,YAL055W,0,-2.5541463,0.18741512298583984,0.414000004529953,0.17949999868869781
YKL089W,YLR200W,0,-2.5542905,0.18733032047748566,0.414000004529953,0.17960000038146973
YGR252W,YER120W,1,-2.5543215,0.1876978725194931,0.41499999165534973,0.17960000038146973
YLR221C,YPL115C,0,-2.5545483,0.18761302530765533,0.41499999165534973,0.17970000207424164
YGR252W,YDL153C,1,-2.5546803,0.18798011541366577,0.41600000858306885,0.17970000207424164
YLR229C,YGR112W,0,-2.554686,0.18789520859718323,0.41600000858306885,0.17980000376701355
YNL106C,YGR245C,0,-2.554696,0.18781039118766785,0.41600000858306885,0.17990000545978546
YLL036C,YHL034C,0,-2.5548158,0.18772563338279724,0.41600000858306885,0.18000000715255737
YLL031C,YJL029C,0,-2.554871,0.1876409500837326,0.41600000858306885,0.1800999939441681
YAL011W,YER030W,1,-2.5548716,0.18800722062587738,0.4169999957084656,0.1800999939441681
YBL071W-A,YLR451W,0,-2.5550866,0.18792249262332916,0.4169999957084656,0.18019999563694
YPR056W,YLR227W-A,0,-2.5551436,0.18783783912658691,0.4169999957084656,0.18029999732971191
YKL084W,YDL007W,0,-2.5553446,0.18775326013565063,0.4169999957084656,0.18039999902248383
YGR272C,YDR069C,0,-2.555365,0.18766877055168152,0.4169999957084656,0.18050000071525574
YMR302C,YCL038C,0,-2.5553806,0.18758434057235718,0.4169999957084656,0.18060000240802765
YHR065C,YDR192C,0,-2.5555055,0.1875,0.4169999957084656,0.18070000410079956
YFR001W,YMR200W,0,-2.5556326,0.1874157339334488,0.4169999957084656,0.18080000579357147
YNL232W,YFR050C,0,-2.5556998,0.18733154237270355,0.4169999957084656,0.1808999925851822
YML058W,YDR507C,0,-2.5559163,0.18724742531776428,0.4169999957084656,0.1809999942779541
YDR170W-A,YER025W,0,-2.555987,0.1871633678674698,0.4169999957084656,0.181099995970726
YPL204W,YGR178C,0,-2.5560818,0.18707941472530365,0.4169999957084656,0.18119999766349792
YML057W,YOR372C,0,-2.5564146,0.1869955211877823,0.4169999957084656,0.18129999935626984
YER157W,YLR275W,0,-2.5564308,0.1869117021560669,0.4169999957084656,0.18140000104904175
YMR075W,YKR029C,1,-2.5564365,0.1872759908437729,0.4180000126361847,0.18140000104904175
YNL071W,YNL333W,0,-2.5564752,0.18719211220741272,0.4180000126361847,0.18150000274181366
YLR361C,YPR073C,0,-2.5566301,0.18710832297801971,0.4180000126361847,0.18160000443458557
YPR073C,YCR020C-A,0,-2.5567238,0.18702460825443268,0.4180000126361847,0.18170000612735748
YMR045C,YML124C,0,-2.5567431,0.1869409680366516,0.4180000126361847,0.1817999929189682
YML036W,YHL038C,0,-2.5569997,0.1868574023246765,0.4180000126361847,0.1818999946117401
YML011C,YDR465C,0,-2.5570393,0.18677391111850739,0.4180000126361847,0.18199999630451202
YMR273C,YHR056C,1,-2.5573323,0.18713711202144623,0.4189999997615814,0.18199999630451202
YDR334W,YPL116W,1,-2.5573897,0.1875,0.41999998688697815,0.18199999630451202
YNL066W,YDL118W,0,-2.5574398,0.18741632997989655,0.41999998688697815,0.18209999799728394
YKL143W,YDR004W,0,-2.5575204,0.18733273446559906,0.41999998688697815,0.18219999969005585
YBR017C,YOR068C,0,-2.5575733,0.18724921345710754,0.41999998688697815,0.18230000138282776
YIL021W,YGR142W,0,-2.5576696,0.1871657818555832,0.41999998688697815,0.18240000307559967
YNL049C,YJL019W,0,-2.557815,0.1870824098587036,0.41999998688697815,0.18250000476837158
YGL233W,YML060W,0,-2.5579543,0.18699911236763,0.41999998688697815,0.1826000064611435
YER190W,YBL004W,0,-2.5580368,0.18691588938236237,0.41999998688697815,0.1826999932527542
YKL200C,YNL001W,0,-2.5581186,0.1868327409029007,0.41999998688697815,0.18279999494552612
YIL019W,YEL069C,0,-2.5581422,0.186749666929245,0.41999998688697815,0.18289999663829803
YMR133W,YPL036W,0,-2.5581594,0.18666666746139526,0.41999998688697815,0.18299999833106995
YLL006W,YKL046C,0,-2.55821,0.1865837424993515,0.41999998688697815,0.18310000002384186
YOR043W,YLR361C,0,-2.5583577,0.1865008920431137,0.41999998688697815,0.18320000171661377
YML058W,YBR017C,0,-2.5586188,0.18641811609268188,0.41999998688697815,0.18330000340938568
YKR099W,YLR305C,0,-2.559143,0.18633539974689484,0.41999998688697815,0.1834000051021576
YGL254W,YLR226W,0,-2.5591483,0.18625277280807495,0.41999998688697815,0.1835000067949295
YOR261C,YBR216C,0,-2.5592225,0.18617020547389984,0.41999998688697815,0.18359999358654022
YGR027W-A,YLL027W,0,-2.559289,0.1860877275466919,0.41999998688697815,0.18369999527931213
YBR135W,YGL022W,0,-2.5592916,0.18600530922412872,0.41999998688697815,0.18379999697208405
YBR243C,YGL038C,0,-2.5593088,0.18592298030853271,0.41999998688697815,0.18389999866485596
YKL143W,YKL049C,0,-2.5595007,0.18584071099758148,0.41999998688697815,0.18400000035762787
YMR045C,YDL007W,0,-2.559888,0.18575851619243622,0.41999998688697815,0.18410000205039978
YJL176C,YCR052W,1,-2.5602515,0.186118483543396,0.42100000381469727,0.18410000205039978
YLR385C,YPL254W,1,-2.5603092,0.1864781230688095,0.421999990940094,0.18410000205039978
YPR031W,YGL112C,1,-2.560358,0.18683744966983795,0.4230000078678131,0.18410000205039978
YJL071W,YDL178W,0,-2.5604906,0.18675497174263,0.4230000078678131,0.1842000037431717
YOR126C,YBL097W,0,-2.5607204,0.18667255342006683,0.4230000078678131,0.1843000054359436
YOR047C,YGR109W-B,0,-2.5608344,0.18659020960330963,0.4230000078678131,0.18440000712871552
YIL126W,YJL080C,1,-2.5609207,0.18694885075092316,0.42399999499320984,0.18440000712871552
YLR385C,YDR110W,1,-2.5610478,0.1873071789741516,0.42500001192092896,0.18440000712871552
YKR085C,YKR087C,0,-2.5613713,0.18722467124462128,0.42500001192092896,0.18449999392032623
YDR483W,YDL060W,0,-2.5614882,0.18714222311973572,0.42500001192092896,0.18459999561309814
YBL064C,YER093C,0,-2.5614896,0.18705986440181732,0.42500001192092896,0.18469999730587006
YLL031C,YMR299C,0,-2.561516,0.1869775652885437,0.42500001192092896,0.18479999899864197
YLR227W-B,YJR013W,0,-2.5616777,0.18689534068107605,0.42500001192092896,0.18490000069141388
YDR264C,YLR119W,0,-2.561705,0.18681319057941437,0.42500001192092896,0.1850000023841858
YOL003C,YJR094C,0,-2.5618458,0.18673110008239746,0.42500001192092896,0.1851000040769577
YNL287W,YCR063W,0,-2.561846,0.18664909899234772,0.42500001192092896,0.18520000576972961
YPR125W,YHR129C,0,-2.561945,0.18656715750694275,0.42500001192092896,0.18529999256134033
YGR029W,YKL113C,0,-2.5626183,0.18648530542850494,0.42500001192092896,0.18539999425411224
YMR322C,YLR154C,0,-2.5627375,0.18640351295471191,0.42500001192092896,0.18549999594688416
YLR291C,YLR126C,0,-2.5637848,0.18632179498672485,0.42500001192092896,0.18559999763965607
YMR100W,YPL266W,0,-2.5638762,0.18624013662338257,0.42500001192092896,0.18569999933242798
YNL054W-B,YML007W,0,-2.5639262,0.18615856766700745,0.42500001192092896,0.1858000010251999
YER036C,YBR043C,0,-2.5640187,0.1860770583152771,0.42500001192092896,0.1859000027179718
YPL002C,YJR141W,0,-2.564528,0.18599562346935272,0.42500001192092896,0.1860000044107437
YBR200W,YOR372C,0,-2.5645316,0.18591426312923431,0.42500001192092896,0.18610000610351562
YBL011W,YLR115W,0,-2.5651448,0.18583296239376068,0.42500001192092896,0.18619999289512634
YER036C,YEL069C,0,-2.565292,0.1857517510652542,0.42500001192092896,0.18629999458789825
YIR011C,YDR217C,0,-2.5653758,0.18567059934139252,0.42500001192092896,0.18639999628067017
YMR129W,YLR330W,0,-2.5654387,0.1855895221233368,0.42500001192092896,0.18649999797344208
YMR168C,YDR120C,0,-2.5663068,0.18550850450992584,0.42500001192092896,0.186599999666214
YCR026C,YGR101W,0,-2.56639,0.18542757630348206,0.42500001192092896,0.1867000013589859
YGR238C,YDR164C,0,-2.5664854,0.18534670770168304,0.42500001192092896,0.1868000030517578
YKL206C,YLR096W,0,-2.566678,0.18526591360569,0.42500001192092896,0.18690000474452972
YNR043W,YLR398C,0,-2.5668616,0.18518517911434174,0.42500001192092896,0.18700000643730164
YGR289C,YOR192C-B,0,-2.5670176,0.18510453402996063,0.42500001192092896,0.18709999322891235
YBR298C,YER154W,0,-2.567091,0.1850239485502243,0.42500001192092896,0.18719999492168427
YNL261W,YPR179C,1,-2.5671456,0.18537859618663788,0.4259999990463257,0.18719999492168427
YJL176C,YAR003W,1,-2.5674098,0.18573293089866638,0.4269999861717224,0.18719999492168427
YJL030W,YHR214C-C,0,-2.5675094,0.18565216660499573,0.4269999861717224,0.18729999661445618
YML076C,YPR021C,0,-2.567563,0.18557149171829224,0.4269999861717224,0.1873999983072281
YMR030W,YJR043C,0,-2.5675673,0.18549087643623352,0.4269999861717224,0.1875
YNL261W,YDR110W,1,-2.5676374,0.1858445554971695,0.42800000309944153,0.1875
YKR025W,YPL084W,0,-2.5676982,0.1857638955116272,0.42800000309944153,0.1876000016927719
YNR043W,YLL036C,0,-2.5687265,0.18568329513072968,0.42800000309944153,0.18770000338554382
YDL174C,YOL111C,0,-2.5688586,0.18560276925563812,0.42800000309944153,0.18780000507831573
YJR060W,YLL004W,1,-2.5689104,0.18595579266548157,0.42899999022483826,0.18780000507831573
YJL030W,YPL045W,0,-2.5691783,0.18587522208690643,0.42899999022483826,0.18790000677108765
YGL191W,YOR192C-A,0,-2.5692658,0.18579471111297607,0.42899999022483826,0.18799999356269836
YJL039C,YGR089W,0,-2.5692754,0.18571428954601288,0.42899999022483826,0.18809999525547028
YNL038W,YPR125W,0,-2.569658,0.18563392758369446,0.42899999022483826,0.1881999969482422
YGR027W-A,YPL213W,0,-2.5698278,0.185553640127182,0.42899999022483826,0.1882999986410141
YHR056C,YER030W,1,-2.5701668,0.18590575456619263,0.4300000071525574,0.1882999986410141
YGL094C,YDL108W,0,-2.570209,0.1858254075050354,0.4300000071525574,0.188400000333786
YLL004W,YMR127C,1,-2.570281,0.1861771047115326,0.4309999942779541,0.188400000333786
YJL012C-A,YJR059W,0,-2.570662,0.18609671294689178,0.4309999942779541,0.18850000202655792
YMR192W,YEL069C,0,-2.5708108,0.18601639568805695,0.4309999942779541,0.18860000371932983
YDL007W,YHR085W,0,-2.570886,0.18593615293502808,0.4309999942779541,0.18870000541210175
YKL125W,YBL097W,0,-2.5708878,0.18585596978664398,0.4309999942779541,0.18880000710487366
YJL187C,YOR192C-B,0,-2.5711627,0.18577586114406586,0.4309999942779541,0.18889999389648438
YKL075C,YDL201W,0,-2.5713189,0.1856958270072937,0.4309999942779541,0.1889999955892563
YDL113C,YLR088W,0,-2.5714068,0.18561585247516632,0.4309999942779541,0.1890999972820282
YPL120W,YPL060C-A,0,-2.5715141,0.18553593754768372,0.4309999942779541,0.1891999989748001
YGR195W,YFR027W,0,-2.5718255,0.18545611202716827,0.4309999942779541,0.18930000066757202
YPL116W,YBR215W,1,-2.5719738,0.18580645322799683,0.4320000112056732,0.18930000066757202
YCL024W,YDL092W,0,-2.5721374,0.1857265681028366,0.4320000112056732,0.18940000236034393
YFR004W,YNL038W,0,-2.5721517,0.18564675748348236,0.4320000112056732,0.18950000405311584
YIL126W,YER030W,1,-2.5724595,0.18599656224250793,0.43299999833106995,0.18950000405311584
YGL046W,YLR189C,0,-2.5727358,0.1859167069196701,0.43299999833106995,0.18960000574588776
YDR252W,YGR046W,0,-2.573034,0.18583691120147705,0.43299999833106995,0.18970000743865967
YMR241W,YDL178W,0,-2.573092,0.18575718998908997,0.43299999833106995,0.18979999423027039
YGR161C-C,YML052W,0,-2.5731301,0.18567752838134766,0.43299999833106995,0.1898999959230423
YGL254W,YFR004W,0,-2.5736237,0.18559794127941132,0.43299999833106995,0.1899999976158142
YMR081C,YDR115W,0,-2.5736737,0.18551842868328094,0.43299999833106995,0.19009999930858612
YKR085C,YML115C,0,-2.5738192,0.18543897569179535,0.43299999833106995,0.19020000100135803
YOL003C,YBR119W,0,-2.573946,0.18535958230495453,0.43299999833106995,0.19030000269412994
YMR100W,YDR039C,0,-2.574106,0.18528027832508087,0.43299999833106995,0.19040000438690186
YFL035C-A,YPL267W,0,-2.5741513,0.185201033949852,0.43299999833106995,0.19050000607967377
YGR161C-C,YOR150W,0,-2.574184,0.18512184917926788,0.43299999833106995,0.19059999287128448
YBR043C,YNL080C,0,-2.5743937,0.18504273891448975,0.43299999833106995,0.1906999945640564
YHR214C-C,YPL083C,0,-2.5744762,0.18496368825435638,0.43299999833106995,0.1907999962568283
YIL049W,YGR161C-C,0,-2.5745587,0.184884712100029,0.43299999833106995,0.19089999794960022
YOR353C,YHR214C-C,0,-2.5749707,0.18480581045150757,0.43299999833106995,0.19099999964237213
YGR231C,YKL068W,0,-2.574976,0.18472696840763092,0.43299999833106995,0.19110000133514404
YNL261W,YBR215W,1,-2.5751746,0.18507462739944458,0.4339999854564667,0.19110000133514404
YOR151C,YER029C,0,-2.5753014,0.18499574065208435,0.4339999854564667,0.19120000302791595
YOL149W,YML074C,0,-2.5755782,0.1849169135093689,0.4339999854564667,0.19130000472068787
YDR255C,YGR027W-A,0,-2.5756302,0.1848381608724594,0.4339999854564667,0.19140000641345978
YPR125W,YMR025W,0,-2.5756502,0.1847594678401947,0.4339999854564667,0.1914999932050705
YCR047C,YML104C,0,-2.5757465,0.18468084931373596,0.4339999854564667,0.1915999948978424
YLR378C,YPL257W-A,0,-2.5757952,0.184602290391922,0.4339999854564667,0.19169999659061432
YLR427W,YDR072C,0,-2.576014,0.184523805975914,0.4339999854564667,0.19179999828338623
YPL257W-A,YGR101W,0,-2.5764546,0.18444539606571198,0.4339999854564667,0.19189999997615814
YOL158C,YGR101W,0,-2.5769258,0.18436703085899353,0.4339999854564667,0.19200000166893005
YDR016C,YDR365W-A,0,-2.5769491,0.18428874015808105,0.4339999854564667,0.19210000336170197
YML007W,YKR001C,0,-2.5771432,0.18421052396297455,0.4339999854564667,0.19220000505447388
YOR279C,YPL116W,1,-2.5772069,0.18455663323402405,0.4350000023841858,0.19220000505447388
YNL313C,YOR353C,0,-2.577536,0.18447837233543396,0.4350000023841858,0.1923000067472458
YER021W,YNL292W,0,-2.5775414,0.18440017104148865,0.4350000023841858,0.1923999935388565
YKL007W,YLR144C,0,-2.5775995,0.1843220293521881,0.4350000023841858,0.19249999523162842
YOR067C,YLR305C,0,-2.5776067,0.18424396216869354,0.4350000023841858,0.19259999692440033
YML124C,YLR410W-A,0,-2.5776086,0.18416595458984375,0.4350000023841858,0.19269999861717224
YJL114W,YER029C,0,-2.577642,0.18408802151679993,0.4350000023841858,0.19280000030994415
YML121W,YGR109W-B,0,-2.5779386,0.18401014804840088,0.4350000023841858,0.19290000200271606
YJL039C,YEL042W,0,-2.5780954,0.1839323490858078,0.4350000023841858,0.19300000369548798
YJL080C,YKR042W,1,-2.5781627,0.1842772662639618,0.4359999895095825,0.19300000369548798
YOR244W,YDL153C,1,-2.5782216,0.1846218854188919,0.43700000643730164,0.19300000369548798
YER061C,YDR198C,0,-2.578251,0.1845439225435257,0.43700000643730164,0.1931000053882599
YJR153W,YER027C,0,-2.5783725,0.18446601927280426,0.43700000643730164,0.1932000070810318
YFR037C,YHR056C,1,-2.578762,0.18481013178825378,0.43799999356269836,0.1932000070810318
YOR244W,YDR176W,1,-2.5789115,0.18515394628047943,0.4390000104904175,0.1932000070810318
YGL158W,YOR207C,0,-2.5789497,0.18507587909698486,0.4390000104904175,0.19329999387264252
YLR376C,YLR088W,0,-2.579073,0.18499788641929626,0.4390000104904175,0.19339999556541443
YLR330W,YGR109W-B,0,-2.579216,0.18491996824741364,0.4390000104904175,0.19349999725818634
YIL110W,YDR034C-D,0,-2.579381,0.18484210968017578,0.4390000104904175,0.19359999895095825
YJL173C,YNR043W,0,-2.579413,0.1847643107175827,0.4390000104904175,0.19370000064373016
YIL153W,YLR227W-A,0,-2.5795045,0.1846865862607956,0.4390000104904175,0.19380000233650208
YDR501W,YDL015C,0,-2.5796747,0.18460892140865326,0.4390000104904175,0.193900004029274
YMR227C,YMR058W,0,-2.5797133,0.1845313161611557,0.4390000104904175,0.1940000057220459
YPL214C,YER166W,0,-2.579722,0.1844537854194641,0.4390000104904175,0.1941000074148178
YOR237W,YKL120W,0,-2.5797632,0.1843763142824173,0.4390000104904175,0.19419999420642853
YJL176C,YMR273C,1,-2.5798874,0.18471872806549072,0.4399999976158142,0.19419999420642853
YKL200C,YAR044W,0,-2.5799308,0.18464121222496033,0.4399999976158142,0.19429999589920044
YHR058C,YHR098C,0,-2.5799422,0.1845637559890747,0.4399999976158142,0.19439999759197235
YGR020C,YPL084W,0,-2.5804615,0.18448637425899506,0.4399999976158142,0.19449999928474426
YIL021W,YGL213C,0,-2.5808055,0.18440905213356018,0.4399999976158142,0.19460000097751617
YKR029C,YPL055C,1,-2.5810826,0.1847507357597351,0.4410000145435333,0.19460000097751617
YGL133W,YFL049W,1,-2.581083,0.18509212136268616,0.44200000166893005,0.19460000097751617
YMR145C,YBR216C,0,-2.5810947,0.18501465022563934,0.44200000166893005,0.19470000267028809
YNL106C,YOR126C,0,-2.5811787,0.1849372386932373,0.44200000166893005,0.19480000436306
YGR027W-A,YKL148C,0,-2.581483,0.18485988676548004,0.44200000166893005,0.1949000060558319
YOL109W,YKR001C,0,-2.5816169,0.18478260934352875,0.44200000166893005,0.19499999284744263
YMR117C,YBL074C,0,-2.5816872,0.18470539152622223,0.44200000166893005,0.19509999454021454
YGR161C-C,YJL071W,0,-2.581689,0.18462823331356049,0.44200000166893005,0.19519999623298645
YHR094C,YDL007W,0,-2.5817704,0.1845511496067047,0.44200000166893005,0.19529999792575836
YIR028W,YGR044C,0,-2.581842,0.1844741255044937,0.44200000166893005,0.19539999961853027
YGR027W-A,YMR299C,0,-2.5818949,0.1843971610069275,0.44200000166893005,0.19550000131130219
YMR273C,YDR392W,1,-2.5819132,0.18473728001117706,0.4429999887943268,0.19550000131130219
YHR079C,YNL048W,0,-2.5819144,0.18466027081012726,0.4429999887943268,0.1956000030040741
YLR313C,YDR034C-D,0,-2.5819774,0.18458333611488342,0.4429999887943268,0.195700004696846
YMR273C,YJR060W,1,-2.5819921,0.1849229484796524,0.4440000057220459,0.195700004696846
YCL024W,YNL048W,0,-2.582191,0.184845969080925,0.4440000057220459,0.19580000638961792
YML067C,YPL092W,0,-2.5822716,0.18476903438568115,0.4440000057220459,0.19589999318122864
YML036W,YDL164C,0,-2.5825934,0.1846921741962433,0.4440000057220459,0.19599999487400055
YDR016C,YGR171C,0,-2.5826192,0.1846153885126114,0.4440000057220459,0.19609999656677246
YGR252W,YLR418C,1,-2.5826225,0.18495428562164307,0.4449999928474426,0.19609999656677246
YGR209C,YDR219C,0,-2.5826707,0.1848774403333664,0.4449999928474426,0.19619999825954437
YBL011W,YMR299C,0,-2.5827048,0.1848006695508957,0.4449999928474426,0.19629999995231628
YHR166C,YLR227W-B,0,-2.5827193,0.18472395837306976,0.4449999928474426,0.1964000016450882
YPR093C,YAL029C,0,-2.582785,0.1846473067998886,0.4449999928474426,0.1965000033378601
YGR120C,YDR513W,0,-2.5830946,0.18457071483135223,0.4449999928474426,0.19660000503063202
YHR164C,YDR034C-D,0,-2.5831728,0.18449419736862183,0.4449999928474426,0.19670000672340393
YKR085C,YGL043W,0,-2.5832722,0.1844177395105362,0.4449999928474426,0.19679999351501465
YOL077C,YGR274C,0,-2.5833519,0.18434134125709534,0.4449999928474426,0.19689999520778656
YDR099W,YOL065C,0,-2.5833654,0.18426501750946045,0.4449999928474426,0.19699999690055847
YBL088C,YOL076W,0,-2.5835793,0.18418873846530914,0.4449999928474426,0.19709999859333038
YPL196W,YOR305W,0,-2.583602,0.1841125339269638,0.4449999928474426,0.1972000002861023
YGR027W-A,YNL038W,0,-2.5838733,0.18403638899326324,0.4449999928474426,0.1973000019788742
YPR093C,YPR021C,0,-2.5839372,0.18396031856536865,0.4449999928474426,0.19740000367164612
YLR396C,YDL007W,0,-2.5839708,0.18388429284095764,0.4449999928474426,0.19750000536441803
YLL004W,YDR224C,1,-2.5841084,0.18422140181064606,0.44600000977516174,0.19750000536441803
YLL027W,YKL200C,0,-2.584153,0.18414533138275146,0.44600000977516174,0.19760000705718994
YOR033C,YMR227C,0,-2.5842557,0.18406933546066284,0.44600000977516174,0.19769999384880066
YNL272C,YPR073C,0,-2.5843894,0.183993399143219,0.44600000977516174,0.19779999554157257
YML130C,YLR398C,0,-2.5849488,0.18391752243041992,0.44600000977516174,0.19789999723434448
YDR225W,YNL135C,1,-2.5850086,0.18425391614437103,0.44699999690055847,0.19789999723434448
YDR261C-C,YNL048W,0,-2.5851922,0.18417799472808838,0.44699999690055847,0.1979999989271164
YJL095W,YDR034C-D,0,-2.5852334,0.1841021478176117,0.44699999690055847,0.1981000006198883
YKL046C,YBR153W,0,-2.585257,0.1840263456106186,0.44699999690055847,0.19820000231266022
YDL247W,YJL012C-A,0,-2.5852647,0.18395061790943146,0.44699999690055847,0.19830000400543213
YHR079C,YMR200W,0,-2.58532,0.1838749498128891,0.44699999690055847,0.19840000569820404
YOR151C,YDR364C,0,-2.585336,0.18379934132099152,0.44699999690055847,0.19850000739097595
YDR264C,YMR212C,0,-2.5854344,0.1837237924337387,0.44699999690055847,0.19859999418258667
YIL121W,YLR227W-B,0,-2.585441,0.18364831805229187,0.44699999690055847,0.19869999587535858
YMR025W,YGL086W,0,-2.5857778,0.1835728883743286,0.44699999690055847,0.1987999975681305
YJL176C,YNL261W,1,-2.5858974,0.18390804529190063,0.4480000138282776,0.1987999975681305
YOR043W,YOR372C,0,-2.585919,0.183832585811615,0.4480000138282776,0.1988999992609024
YER027C,YER002W,0,-2.5859394,0.18375717103481293,0.4480000138282776,0.19900000095367432
YIL140W,YPR110C,0,-2.5860157,0.18368183076381683,0.4480000138282776,0.19910000264644623
YOR192C-B,YDR192C,0,-2.5860672,0.18360655009746552,0.4480000138282776,0.19920000433921814
YLR119W,YEL069C,0,-2.5861268,0.18353134393692017,0.4480000138282776,0.19930000603199005
YGR072W,YBL100W-A,0,-2.5861626,0.1834561824798584,0.4480000138282776,0.19939999282360077
YHR214C-C,YBR119W,0,-2.5862756,0.1833810955286026,0.4480000138282776,0.19949999451637268
YDR419W,YEL020W-A,0,-2.5864248,0.18330605328083038,0.4480000138282776,0.1995999962091446
YER190W,YIR009W,0,-2.586655,0.18323108553886414,0.4480000138282776,0.1996999979019165
YGR044C,YEL020W-A,0,-2.5867176,0.18315617740154266,0.4480000138282776,0.19979999959468842
YPR143W,YLR148W,0,-2.587384,0.18308132886886597,0.4480000138282776,0.19990000128746033
YKL149C,YDR034C-D,0,-2.5875692,0.18300653994083405,0.4480000138282776,0.20000000298023224
YDR099W,YML060W,0,-2.5882912,0.1829318106174469,0.4480000138282776,0.20010000467300415
YER129W,YKL120W,0,-2.5885284,0.18285714089870453,0.4480000138282776,0.20020000636577606
YNR043W,YNL236W,0,-2.589133,0.18278253078460693,0.4480000138282776,0.20029999315738678
YDR339C,YNR057C,0,-2.5892982,0.1827079951763153,0.4480000138282776,0.2003999948501587
YNL169C,YDL224C,0,-2.589527,0.18263350427150726,0.4480000138282776,0.2004999965429306
YML046W,YCL029C,0,-2.5896025,0.1825590878725052,0.4480000138282776,0.20059999823570251
YPL249C,YNL054W-B,0,-2.5896554,0.1824847310781479,0.4480000138282776,0.20069999992847443
YGR252W,YKR029C,1,-2.589666,0.18281759321689606,0.4490000009536743,0.20069999992847443
YPL243W,YPL257W-A,0,-2.5896974,0.18274317681789398,0.4490000009536743,0.20080000162124634
YER147C,YGR161C-C,0,-2.5896974,0.18266883492469788,0.4490000009536743,0.20090000331401825
YDR436W,YDR079W,0,-2.5897179,0.18259455263614655,0.4490000009536743,0.20100000500679016
YPL060C-A,YEL024W,0,-2.5897808,0.18252032995224,0.4490000009536743,0.20110000669956207
YPL254W,YPL055C,1,-2.589789,0.18285249173641205,0.44999998807907104,0.20110000669956207
YMR045C,YHR166C,0,-2.5898814,0.1827782243490219,0.44999998807907104,0.2011999934911728
YDR072C,YKR087C,0,-2.5899267,0.18270401656627655,0.44999998807907104,0.2012999951839447
YLL001W,YBR200W,0,-2.5899453,0.18262986838817596,0.44999998807907104,0.2013999968767166
YFR037C,YDR110W,1,-2.5901155,0.18296146392822266,0.45100000500679016,0.2013999968767166
YJL019W,YDR470C,0,-2.5902987,0.1828872710466385,0.45100000500679016,0.20149999856948853
YIR011C,YLR361C,0,-2.5903275,0.1828131377696991,0.45100000500679016,0.20160000026226044
YHR178W,YLR096W,0,-2.5905147,0.18273906409740448,0.45100000500679016,0.20170000195503235
YGR020C,YOR192C-B,0,-2.5906153,0.18266505002975464,0.45100000500679016,0.20180000364780426
YJL041W,YLR088W,0,-2.5907104,0.18259109556674957,0.45100000500679016,0.20190000534057617
YKL189W,YOR028C,0,-2.5907497,0.18251720070838928,0.45100000500679016,0.20200000703334808
YDR054C,YDR138W,0,-2.5908527,0.18244336545467377,0.45100000500679016,0.2020999938249588
YDR198C,YGL168W,0,-2.5908718,0.18236958980560303,0.45100000500679016,0.2021999955177307
YAR003W,YIL126W,1,-2.590996,0.18270008265972137,0.4519999921321869,0.2021999955177307
YLR032W,YNR060W,0,-2.590996,0.18262626230716705,0.4519999921321869,0.20229999721050262
YMR045C,YHR214C-C,0,-2.591116,0.1825525015592575,0.4519999921321869,0.20239999890327454
YJL176C,YPL047W,1,-2.591188,0.18288251757621765,0.453000009059906,0.20239999890327454
YIL085C,YMR048W,0,-2.5912013,0.18280871212482452,0.453000009059906,0.20250000059604645
YML048W,YOR192C-B,0,-2.5914083,0.18273498117923737,0.453000009059906,0.20260000228881836
YMR292W,YIR023W,0,-2.5915313,0.1826612949371338,0.453000009059906,0.20270000398159027
YPR167C,YNL325C,0,-2.5916903,0.182587668299675,0.453000009059906,0.20280000567436218
YLR126C,YLR132C,0,-2.591796,0.18251410126686096,0.453000009059906,0.2029000073671341
YHL028W,YGR165W,0,-2.5917974,0.1824405938386917,0.453000009059906,0.2029999941587448
YFL005W,YLR246W,0,-2.5918944,0.18236714601516724,0.453000009059906,0.20309999585151672
YAL020C,YMR004W,0,-2.591895,0.18229375779628754,0.453000009059906,0.20319999754428864
YNL247W,YGR161C-C,0,-2.5919921,0.1822204291820526,0.453000009059906,0.20329999923706055
YJL012C-A,YHR085W,0,-2.59207,0.18214716017246246,0.453000009059906,0.20340000092983246
YLR363C,YDR507C,0,-2.5921547,0.1820739507675171,0.453000009059906,0.20350000262260437
YPR009W,YLR361C,0,-2.5923953,0.1820008009672165,0.453000009059906,0.20360000431537628
YLR426W,YJL012C-A,0,-2.5926151,0.18192771077156067,0.453000009059906,0.2037000060081482
YJL012C,YKL200C,0,-2.592783,0.18185468018054962,0.453000009059906,0.2037999927997589
YJL116C,YAR044W,0,-2.592896,0.18178169429302216,0.453000009059906,0.20389999449253082
YBR135W,YJR013W,0,-2.5933914,0.18170878291130066,0.453000009059906,0.20399999618530273
YOR150W,YPR088C,0,-2.5934825,0.18163593113422394,0.453000009059906,0.20409999787807465
YOR208W,YPL060C-A,0,-2.5937033,0.1815631240606308,0.453000009059906,0.20419999957084656
YGL017W,YPL060C-A,0,-2.5938702,0.18149039149284363,0.453000009059906,0.20430000126361847
YOR047C,YBR216C,0,-2.5940192,0.18141770362854004,0.453000009059906,0.20440000295639038
YPL267W,YMR133W,0,-2.594159,0.18134507536888123,0.453000009059906,0.2045000046491623
YER190W,YGR027W-A,0,-2.5944963,0.1812725067138672,0.453000009059906,0.2046000063419342
YLR035C,YBL085W,0,-2.5944972,0.18119999766349792,0.453000009059906,0.20469999313354492
YLL027W,YPL115C,0,-2.5946236,0.18112754821777344,0.453000009059906,0.20479999482631683
YJL222W,YOR028C,0,-2.5946565,0.18105515837669373,0.453000009059906,0.20489999651908875
YER014C-A,YGL075C,0,-2.5946894,0.1809828132390976,0.453000009059906,0.20499999821186066
YML109W,YDR392W,1,-2.5948172,0.18130990862846375,0.45399999618530273,0.20499999821186066
YDR364C,YBR188C,0,-2.5950108,0.18123751878738403,0.45399999618530273,0.20509999990463257
YIL085C,YAR035W,0,-2.5950298,0.1811652034521103,0.45399999618530273,0.20520000159740448
YJR053W,YBL056W,0,-2.5950704,0.18109293282032013,0.45399999618530273,0.2053000032901764
YDL113C,YNL054W-B,0,-2.595122,0.18102073669433594,0.45399999618530273,0.2054000049829483
YGL253W,YDR365W-A,0,-2.5951638,0.18094858527183533,0.45399999618530273,0.20550000667572021
YER147C,YGR027W-A,0,-2.5952053,0.1808764934539795,0.45399999618530273,0.20559999346733093
YJR132W,YFL060C,0,-2.5953948,0.18080446124076843,0.45399999618530273,0.20569999516010284
YHR214C-C,YBR043C,0,-2.5957897,0.18073248863220215,0.45399999618530273,0.20579999685287476
YPR009W,YOL111C,0,-2.5958045,0.18066056072711945,0.45399999618530273,0.20589999854564667
YPL217C,YGL153W,0,-2.5958152,0.1805887073278427,0.45399999618530273,0.20600000023841858
YBL071W-A,YBR288C,0,-2.595837,0.18051689863204956,0.45399999618530273,0.2061000019311905
YOR112W,YDL178W,0,-2.5958385,0.18044514954090118,0.45399999618530273,0.2062000036239624
YDR088C,YPL060C-A,0,-2.595873,0.18037346005439758,0.45399999618530273,0.20630000531673431
YDR099W,YLR224W,0,-2.5961847,0.18030183017253876,0.45399999618530273,0.20640000700950623
YHR007C,YER052C,0,-2.5962152,0.1802302449941635,0.45399999618530273,0.20649999380111694
YBR200W,YFL022C,0,-2.5962348,0.18015873432159424,0.45399999618530273,0.20659999549388885
YNL001W,YMR200W,0,-2.5963926,0.18008726835250854,0.45399999618530273,0.20669999718666077
YAL068C,YOR341W,0,-2.5964417,0.18001586198806763,0.45399999618530273,0.20679999887943268
YIR023W,YDR039C,0,-2.5965276,0.17994451522827148,0.45399999618530273,0.2069000005722046
YGL046W,YGL120C,0,-2.5965505,0.17987321317195892,0.45399999618530273,0.2070000022649765
YDR292C,YMR163C,0,-2.596609,0.17980198562145233,0.45399999618530273,0.2071000039577484
YER157W,YNL256W,0,-2.596651,0.17973080277442932,0.45399999618530273,0.20720000565052032
YKR050W,YDR092W,0,-2.596823,0.1796596795320511,0.45399999618530273,0.20730000734329224
YLR200W,YMR030W,0,-2.5970588,0.17958860099315643,0.45399999618530273,0.20739999413490295
YLR385C,YDR303C,1,-2.5972223,0.1799130141735077,0.45500001311302185,0.20739999413490295
YOR143C,YHL038C,0,-2.5973632,0.17984189093112946,0.45500001311302185,0.20749999582767487
YLR182W,YLR275W,0,-2.597435,0.1797708421945572,0.45500001311302185,0.20759999752044678
YOL076W,YDL201W,0,-2.597449,0.1796998381614685,0.45500001311302185,0.2076999992132187
YNL133C,YDR412W,0,-2.597558,0.1796288937330246,0.45500001311302185,0.2078000009059906
YML104C,YAL029C,0,-2.597701,0.17955800890922546,0.45500001311302185,0.2079000025987625
YLR466W,YCR020C,0,-2.5977206,0.1794871836900711,0.45500001311302185,0.20800000429153442
YGR253C,YGR245C,0,-2.5977545,0.17941640317440033,0.45500001311302185,0.20810000598430634
YLR376C,YIR011C,0,-2.597762,0.17934568226337433,0.45500001311302185,0.20819999277591705
YDR436W,YPL164C,0,-2.5981934,0.1792750209569931,0.45500001311302185,0.20829999446868896
YNL071W,YLR119W,0,-2.5983243,0.17920440435409546,0.45500001311302185,0.20839999616146088
YNL156C,YPR125W,0,-2.5983365,0.17913386225700378,0.45500001311302185,0.2084999978542328
YPR031W,YLR418C,1,-2.5984328,0.1794569045305252,0.4560000002384186,0.2084999978542328
YDR045C,YOR192C-B,0,-2.5985436,0.17938630282878876,0.4560000002384186,0.2085999995470047
YHL034C,YBR244W,0,-2.59862,0.17931577563285828,0.4560000002384186,0.2087000012397766
YJL114W,YFR009W,0,-2.5988626,0.17924527823925018,0.4560000002384186,0.20880000293254852
YBL046W,YPL094C,0,-2.59901,0.17917485535144806,0.4560000002384186,0.20890000462532043
YOR327C,YGL211W,0,-2.5990236,0.17910447716712952,0.4560000002384186,0.20900000631809235
YNL002C,YLR227W-B,0,-2.5991278,0.17903415858745575,0.4560000002384186,0.20909999310970306
YHR214C-C,YOR028C,0,-2.5992947,0.17896389961242676,0.4560000002384186,0.20919999480247498
YNL232W,YMR048W,0,-2.5993888,0.17889368534088135,0.4560000002384186,0.2092999964952469
YBL090W,YOR156C,0,-2.5994954,0.1788235306739807,0.4560000002384186,0.2093999981880188
YKL049C,YDR323C,0,-2.5996,0.17875343561172485,0.4560000002384186,0.2094999998807907
YMR125W,YCL011C,0,-2.5997543,0.17868338525295258,0.4560000002384186,0.20960000157356262
YIL140W,YJR077C,0,-2.599852,0.17861339449882507,0.4560000002384186,0.20970000326633453
YNL054W-B,YKR039W,0,-2.5999207,0.17854346334934235,0.4560000002384186,0.20980000495910645
YLR385C,YPL047W,1,-2.5999665,0.1788649708032608,0.4569999873638153,0.20980000495910645
YGL129C,YBR200W,0,-2.5999691,0.1787949949502945,0.4569999873638153,0.20990000665187836
YHR214C-C,YML118W,0,-2.6000042,0.17872506380081177,0.4569999873638153,0.20999999344348907
YGR238C,YNL297C,0,-2.6002526,0.17865519225597382,0.4569999873638153,0.210099995136261
YDL007W,YOR192C-A,0,-2.600338,0.17858538031578064,0.4569999873638153,0.2101999968290329
YKR035W-A,YBL097W,0,-2.600341,0.17851562798023224,0.4569999873638153,0.2102999985218048
YGR134W,YOR112W,0,-2.6004543,0.17844592034816742,0.4569999873638153,0.21040000021457672
YGR253C,YNL048W,0,-2.6005082,0.17837627232074738,0.4569999873638153,0.21050000190734863
YNR016C,YJR141W,0,-2.6006546,0.1783066689968109,0.4569999873638153,0.21060000360012054
YBL052C,YDR073W,1,-2.600659,0.178627148270607,0.4580000042915344,0.21060000360012054
YJL176C,YER030W,1,-2.6008446,0.17894737422466278,0.45899999141693115,0.21060000360012054
YNL247W,YNL283C,0,-2.6008933,0.17887763679027557,0.45899999141693115,0.21070000529289246
YGR288W,YDL005C,0,-2.6009579,0.17880794405937195,0.45899999141693115,0.21080000698566437
YER109C,YPL089C,0,-2.6010497,0.1787383109331131,0.45899999141693115,0.21089999377727509
YNL313C,YPR108W,0,-2.6010704,0.17866873741149902,0.45899999141693115,0.210999995470047
YGR175C,YDR034C-D,0,-2.6011307,0.17859922349452972,0.45899999141693115,0.2110999971628189
YMR322C,YML076C,0,-2.6011455,0.178529754281044,0.45899999141693115,0.21119999885559082
YER172C,YDR494W,0,-2.6011956,0.17846034467220306,0.45899999141693115,0.21130000054836273
YCL024W,YBL004W,0,-2.601224,0.1783909797668457,0.45899999141693115,0.21140000224113464
YPL266W,YDR219C,0,-2.601442,0.17832167446613312,0.45899999141693115,0.21150000393390656
YPL257W-A,YGR072W,0,-2.6014647,0.1782524287700653,0.45899999141693115,0.21160000562667847
YDR120C,YOR047C,0,-2.6015782,0.17818322777748108,0.45899999141693115,0.21170000731945038
YGL096W,YAR044W,0,-2.601667,0.17811408638954163,0.45899999141693115,0.2117999941110611
YPR093C,YOR192C-A,0,-2.6018403,0.17804498970508575,0.45899999141693115,0.211899995803833
YFL038C,YNL325C,0,-2.6021743,0.17797595262527466,0.45899999141693115,0.21199999749660492
YGL206C,YFL035C-A,0,-2.6022177,0.17790697515010834,0.45899999141693115,0.21209999918937683
YHL007C,YJL029C,0,-2.6022615,0.1778380423784256,0.45899999141693115,0.21220000088214874
YFR050C,YNL054W-B,0,-2.6022992,0.17776916921138763,0.45899999141693115,0.21230000257492065
YFR050C,YOR192C-A,0,-2.602466,0.17770035564899445,0.45899999141693115,0.21240000426769257
YGL022W,YLR410W-A,0,-2.602466,0.17763157188892365,0.45899999141693115,0.21250000596046448
YDR011W,YML058W,0,-2.602528,0.1775628626346588,0.45899999141693115,0.2125999927520752
YLR383W,YKL007W,0,-2.6025777,0.17749419808387756,0.45899999141693115,0.2126999944448471
YCL067C,YDR120C,0,-2.6026187,0.1774255931377411,0.45899999141693115,0.21279999613761902
YCR010C,YLR453C,0,-2.6027267,0.1773570328950882,0.45899999141693115,0.21289999783039093
YJR044C,YNL054W-B,0,-2.6027584,0.17728853225708008,0.45899999141693115,0.21299999952316284
YGR278W,YEL069C,0,-2.6030498,0.17722007632255554,0.45899999141693115,0.21310000121593475
YDR088C,YLR430W,0,-2.6030505,0.17715167999267578,0.45899999141693115,0.21320000290870667
YER044C-A,YBL100W-A,0,-2.603074,0.1770833283662796,0.45899999141693115,0.21330000460147858
YAR003W,YJR060W,1,-2.6031399,0.17740069329738617,0.46000000834465027,0.21330000460147858
YOR033C,YOR192C-A,0,-2.6035094,0.1773323118686676,0.46000000834465027,0.2134000062942505
YDR339C,YOL072W,0,-2.6035376,0.17726397514343262,0.46000000834465027,0.2134999930858612
YML085C,YFR009W,0,-2.6036294,0.1771956831216812,0.46000000834465027,0.21359999477863312
YNL247W,YNL325C,0,-2.6036558,0.17712745070457458,0.46000000834465027,0.21369999647140503
YIL085C,YDR039C,0,-2.6037073,0.17705927789211273,0.46000000834465027,0.21379999816417694
YER129W,YPL214C,0,-2.6042514,0.17699114978313446,0.46000000834465027,0.21389999985694885
YKR025W,YPL037C,0,-2.6043186,0.17692308127880096,0.46000000834465027,0.21400000154972076
YDR295C,YDR110W,1,-2.6044374,0.1772395223379135,0.460999995470047,0.21400000154972076
YDR252W,YPL257W-A,0,-2.6045527,0.17717140913009644,0.460999995470047,0.21410000324249268
YNL232W,YJR105W,0,-2.6045864,0.17710334062576294,0.460999995470047,0.2142000049352646
YKR029C,YBL052C,1,-2.6045957,0.17741934955120087,0.4620000123977661,0.2142000049352646
YER044C-A,YPL257W-A,0,-2.6047611,0.17735125124454498,0.4620000123977661,0.2143000066280365
YMR292W,YPL176C,0,-2.6047816,0.17728319764137268,0.4620000123977661,0.21439999341964722
YJR141W,YGL028C,0,-2.6049047,0.17721518874168396,0.4620000123977661,0.21449999511241913
YDR365W-A,YCL038C,0,-2.6051369,0.17714723944664001,0.4620000123977661,0.21459999680519104
YOR359W,YGR278W,0,-2.605231,0.17707933485507965,0.4620000123977661,0.21469999849796295
YPL060C-A,YBR156C,0,-2.6052618,0.17701148986816406,0.4620000123977661,0.21480000019073486
YHL022C,YMR172W,0,-2.605267,0.17694370448589325,0.4620000123977661,0.21490000188350677
YBL004W,YGR172C,0,-2.6053815,0.17687596380710602,0.4620000123977661,0.2150000035762787
YNL247W,YNL333W,0,-2.605412,0.17680826783180237,0.4620000123977661,0.2151000052690506
YGR253C,YNL291C,0,-2.6056392,0.1767406314611435,0.4620000123977661,0.2152000069618225
YDL060W,YEL053C,0,-2.6059325,0.1766730397939682,0.4620000123977661,0.21529999375343323
YLR165C,YOR259C,0,-2.606314,0.17660550773143768,0.4620000123977661,0.21539999544620514
YDR170W-A,YER049W,0,-2.6064954,0.17653802037239075,0.4620000123977661,0.21549999713897705
YFR004W,YKL200C,0,-2.606545,0.1764705926179886,0.4620000123977661,0.21559999883174896
YDR221W,YOR192C-A,0,-2.606639,0.17640320956707,0.4620000123977661,0.21570000052452087
YJL095W,YKL089W,0,-2.6068172,0.176335871219635,0.4620000123977661,0.21580000221729279
YDR113C,YPL065W,0,-2.6069226,0.1762685924768448,0.4620000123977661,0.2159000039100647
YNR016C,YLR126C,0,-2.607033,0.17620137333869934,0.4620000123977661,0.2160000056028366
YGR004W,YBL004W,0,-2.607064,0.17613419890403748,0.4620000123977661,0.21610000729560852
YGR020C,YCR026C,0,-2.6074152,0.1760670691728592,0.4620000123977661,0.21619999408721924
YNL246W,YDR303C,1,-2.6074805,0.1763809472322464,0.46299999952316284,0.21619999408721924
YDL043C,YKL200C,0,-2.6075034,0.17631378769874573,0.46299999952316284,0.21629999577999115
YPL214C,YLR383W,0,-2.607574,0.17624667286872864,0.46299999952316284,0.21639999747276306
YMR100W,YGR109W-A,0,-2.6076403,0.17617960274219513,0.46299999952316284,0.21649999916553497
YNL236W,YBR119W,0,-2.6078067,0.1761125922203064,0.46299999952316284,0.21660000085830688
YKL075C,YPR009W,0,-2.6078348,0.17604562640190125,0.46299999952316284,0.2167000025510788
YPR175W,YKR082W,0,-2.607993,0.17597872018814087,0.46299999952316284,0.2168000042438507
YOR040W,YCR092C,0,-2.608118,0.17591185867786407,0.46299999952316284,0.21690000593662262
YOR192C-B,YER094C,0,-2.608183,0.17584504187107086,0.46299999952316284,0.21699999272823334
YFL005W,YMR172W,0,-2.6082878,0.17577828466892242,0.46299999952316284,0.21709999442100525
YGR027W-A,YLR080W,0,-2.6084332,0.17571157217025757,0.46299999952316284,0.21719999611377716
YER049W,YDR219C,0,-2.6084812,0.1756449192762375,0.46299999952316284,0.21729999780654907
YML077W,YGR178C,0,-2.6086173,0.175578311085701,0.46299999952316284,0.21739999949932098
YOR279C,YBR195C,1,-2.6087983,0.17589083313941956,0.46399998664855957,0.21739999949932098
YLL036C,YPL060C-A,0,-2.6088505,0.17582418024539948,0.46399998664855957,0.2175000011920929
YLR229C,YPL115C,0,-2.6089373,0.17575757205486298,0.46399998664855957,0.2176000028848648
YDR261W-B,YLR409C,0,-2.6090593,0.17569102346897125,0.46399998664855957,0.21770000457763672
YDL047W,YML104C,0,-2.6091654,0.1756245195865631,0.46399998664855957,0.21780000627040863
YBL011W,YOL100W,0,-2.6095672,0.17555807530879974,0.46399998664855957,0.21789999306201935
YCL034W,YDR140W,0,-2.6099837,0.17549167573451996,0.46399998664855957,0.21799999475479126
YDR120C,YGR042W,0,-2.6100554,0.17542533576488495,0.46399998664855957,0.21809999644756317
YPL120W,YIR009W,0,-2.610073,0.17535902559757233,0.46399998664855957,0.21819999814033508
YLR074C,YMR200W,0,-2.6101012,0.17529278993606567,0.46399998664855957,0.218299999833107
YBL082C,YDR365W-A,0,-2.6101024,0.1752265840768814,0.46399998664855957,0.2184000015258789
YNL313C,YDR323C,0,-2.6102004,0.17516043782234192,0.46399998664855957,0.21850000321865082
YOR068C,YPL045W,0,-2.6102576,0.175094336271286,0.46399998664855957,0.21860000491142273
YLR182W,YGR077C,0,-2.610303,0.17502829432487488,0.46399998664855957,0.21870000660419464
YCR063W,YML115C,0,-2.610485,0.17496229708194733,0.46399998664855957,0.21879999339580536
YDR170W-A,YLR074C,0,-2.6108053,0.17489634454250336,0.46399998664855957,0.21889999508857727
YNL049C,YOR192C-A,0,-2.6108117,0.17483045160770416,0.46399998664855957,0.21899999678134918
YMR241W,YBL097W,0,-2.6109,0.17476458847522736,0.46399998664855957,0.2190999984741211
YGL254W,YER105C,0,-2.6109111,0.17469879984855652,0.46399998664855957,0.219200000166893
YDR071C,YNL216W,1,-2.611035,0.17500941455364227,0.4650000035762787,0.219200000166893
YGR238C,YGR161C-C,0,-2.6111038,0.17494356632232666,0.4650000035762787,0.21930000185966492
YHR108W,YLR410W-A,0,-2.611271,0.17487777769565582,0.4650000035762787,0.21940000355243683
YKR026C,YPL057C,0,-2.6113515,0.17481203377246857,0.4650000035762787,0.21950000524520874
YPR009W,YPL060C-A,0,-2.611354,0.1747463345527649,0.4650000035762787,0.21960000693798065
YLR246W,YKL092C,0,-2.6114182,0.174680694937706,0.4650000035762787,0.21969999372959137
YER025W,YDR261C-C,0,-2.6117716,0.17461510002613068,0.4650000035762787,0.21979999542236328
YLR144C,YGL168W,0,-2.611877,0.17454954981803894,0.4650000035762787,0.2198999971151352
YOR279C,YIL150C,1,-2.6122904,0.17485928535461426,0.4659999907016754,0.2198999971151352
YNL133C,YDR449C,0,-2.61237,0.17479370534420013,0.4659999907016754,0.2199999988079071
YNR043W,YOR240W,0,-2.6124315,0.1747281551361084,0.4659999907016754,0.22010000050067902
YML109W,YJL127C,1,-2.612791,0.17503748834133148,0.46700000762939453,0.22010000050067902
YER147C,YPL057C,0,-2.6127987,0.17497189342975616,0.46700000762939453,0.22020000219345093
YGR005C,YGR109W-B,0,-2.6128147,0.17490637302398682,0.46700000762939453,0.22030000388622284
YOR327C,YHR088W,0,-2.6128764,0.17484088242053986,0.46700000762939453,0.22040000557899475
YLR361C,YOR207C,0,-2.6129637,0.17477545142173767,0.46700000762939453,0.22050000727176666
YOR192C-A,YOR120W,0,-2.6130652,0.17471006512641907,0.46700000762939453,0.22059999406337738
YGL094C,YFL035C-A,0,-2.613205,0.17464472353458405,0.46700000762939453,0.2206999957561493
YDR261C-C,YMR267W,0,-2.6132321,0.1745794415473938,0.46700000762939453,0.2207999974489212
YJR060W,YAL011W,1,-2.6133342,0.17488789558410645,0.46799999475479126,0.2207999974489212
YNL169C,YGR195W,0,-2.6134067,0.17482256889343262,0.46799999475479126,0.22089999914169312
YOR381W,YKR083C,0,-2.613466,0.17475728690624237,0.46799999475479126,0.22100000083446503
YML057W,YLR410W-A,0,-2.6137328,0.1746920496225357,0.46799999475479126,0.22110000252723694
YER027C,YOR116C,0,-2.6137412,0.17462687194347382,0.46799999475479126,0.22120000422000885
YLR376C,YKL113C,0,-2.6140263,0.17456172406673431,0.46799999475479126,0.22130000591278076
YNL054W-B,YKL026C,0,-2.6141498,0.17449665069580078,0.46799999475479126,0.22139999270439148
YGL251C,YNL080C,0,-2.6142404,0.17443160712718964,0.46799999475479126,0.2214999943971634
YKL089W,YOR240W,0,-2.6144316,0.17436662316322327,0.46799999475479126,0.2215999960899353
YKL075C,YHR088W,0,-2.6145303,0.17430166900157928,0.46799999475479126,0.22169999778270721
YLR165C,YJL005W,0,-2.6145878,0.17423678934574127,0.46799999475479126,0.22179999947547913
YDR261W-B,YAL020C,0,-2.614609,0.17417193949222565,0.46799999475479126,0.22190000116825104
YDR261C-C,YGR038W,0,-2.614609,0.1741071492433548,0.46799999475479126,0.22200000286102295
YER014C-A,YMR213W,0,-2.6147847,0.17404238879680634,0.46799999475479126,0.22210000455379486
YBR288C,YGR120C,0,-2.6148882,0.17397768795490265,0.46799999475479126,0.22220000624656677
YDR261C-C,YEL024W,0,-2.614901,0.17391304671764374,0.46799999475479126,0.2222999930381775
YNL054W-B,YPL084W,0,-2.6149845,0.17384843528270721,0.46799999475479126,0.2223999947309494
YBR070C,YKL113C,0,-2.6152754,0.17378388345241547,0.46799999475479126,0.2224999964237213
YJR001W,YOR368W,0,-2.6158497,0.1737193763256073,0.46799999475479126,0.22259999811649323
YJL112W,YER166W,0,-2.61589,0.17365491390228271,0.46799999475479126,0.22269999980926514
YKL089W,YLR132C,0,-2.6159134,0.1735905110836029,0.46799999475479126,0.22280000150203705
YOR388C,YPR186C,0,-2.6163516,0.17352613806724548,0.46799999475479126,0.22290000319480896
YLL004W,YPR179C,1,-2.6164021,0.1738324612379074,0.4690000116825104,0.22290000319480896
YMR004W,YCL029C,0,-2.6164827,0.1737680584192276,0.4690000116825104,0.22300000488758087
YDR261C-C,YHL034C,0,-2.616612,0.17370370030403137,0.4690000116825104,0.22310000658035278
YDR272W,YDR115W,0,-2.616623,0.17363938689231873,0.4690000116825104,0.2231999933719635
YLR376C,YHR133C,0,-2.616715,0.17357513308525085,0.4690000116825104,0.2232999950647354
YER109C,YPL041C,0,-2.6168737,0.17351090908050537,0.4690000116825104,0.22339999675750732
YOR368W,YNL292W,0,-2.6169295,0.17344674468040466,0.4690000116825104,0.22349999845027924
YKR067W,YOR192C-B,0,-2.6176968,0.17338262498378754,0.4690000116825104,0.22360000014305115
YDR045C,YKL206C,0,-2.6177025,0.173318549990654,0.4690000116825104,0.22370000183582306
YNR060W,YCR035C,0,-2.617745,0.17325451970100403,0.4690000116825104,0.22380000352859497
YMR004W,YNL314W,0,-2.617866,0.17319054901599884,0.4690000116825104,0.22390000522136688
YER143W,YML112W,0,-2.6183796,0.17312660813331604,0.4690000116825104,0.2240000069141388
YLR182W,YML075C,0,-2.6184077,0.17306272685527802,0.4690000116825104,0.2240999937057495
YKL130C,YPR073C,0,-2.6185083,0.17299889028072357,0.4690000116825104,0.22419999539852142
YPR056W,YNL054W-B,0,-2.6188653,0.1729350984096527,0.4690000116825104,0.22429999709129333
YKL141W,YLR227W-B,0,-2.618949,0.17287136614322662,0.4690000116825104,0.22439999878406525
YMR075W,YDR224C,1,-2.6192193,0.1731761246919632,0.4699999988079071,0.22439999878406525
YGR161C-C,YGR042W,0,-2.619491,0.17311233282089233,0.4699999988079071,0.22450000047683716
YOR153W,YNL247W,0,-2.6198132,0.17304860055446625,0.4699999988079071,0.22460000216960907
YIL153W,YIR009W,0,-2.6198373,0.17298491299152374,0.4699999988079071,0.22470000386238098
YKL089W,YMR004W,0,-2.619955,0.17292127013206482,0.4699999988079071,0.2248000055551529
YDR311W,YDR365W-A,0,-2.6202004,0.17285767197608948,0.4699999988079071,0.2249000072479248
YDR170W-A,YLR275W,0,-2.6203067,0.17279411852359772,0.4699999988079071,0.22499999403953552
YGL213C,YDR261C-C,0,-2.620451,0.17273060977458954,0.4699999988079071,0.22509999573230743
YHR065C,YOR192C-B,0,-2.6205761,0.17266716063022614,0.4699999988079071,0.22519999742507935
YGR272C,YFL058W,0,-2.6207237,0.17260374128818512,0.4699999988079071,0.22529999911785126
YDL178W,YDR034C-D,0,-2.6208682,0.17254038155078888,0.4699999988079071,0.22540000081062317
YPL243W,YNR032C-A,0,-2.621055,0.17247706651687622,0.4699999988079071,0.22550000250339508
YLR032W,YPL053C,0,-2.6211033,0.17241379618644714,0.4699999988079071,0.225600004196167
YJR053W,YER029C,0,-2.621111,0.17235057055950165,0.4699999988079071,0.2257000058889389
YKL143W,YLR398C,0,-2.6212432,0.17228738963603973,0.4699999988079071,0.22579999268054962
YGL038C,YNL325C,0,-2.6213953,0.1722242534160614,0.4699999988079071,0.22589999437332153
YPR093C,YGL211W,0,-2.6214147,0.17216117680072784,0.4699999988079071,0.22599999606609344
YPL037C,YML075C,0,-2.6216493,0.17209812998771667,0.4699999988079071,0.22609999775886536
YER104W,YJR141W,0,-2.6216888,0.17203514277935028,0.4699999988079071,0.22619999945163727
YFR037C,YBR195C,1,-2.6217885,0.1723380833864212,0.47099998593330383,0.22619999945163727
YMR239C,YNL038W,0,-2.621871,0.17227505147457123,0.47099998593330383,0.22630000114440918
YGL251C,YOR192C-A,0,-2.6218905,0.17221206426620483,0.47099998593330383,0.2264000028371811
YHL012W,YGR109W-B,0,-2.6219115,0.17214912176132202,0.47099998593330383,0.226500004529953
YAL020C,YJR035W,0,-2.622023,0.1720862239599228,0.47099998593330383,0.22660000622272491
YPR031W,YPL254W,1,-2.622078,0.17238859832286835,0.47200000286102295,0.22660000622272491
YPL175W,YMR207C,0,-2.6221309,0.17232567071914673,0.47200000286102295,0.22669999301433563
YPL178W,YNL038W,0,-2.622137,0.1722627729177475,0.47200000286102295,0.22679999470710754
YLR330W,YGR161C-C,0,-2.622141,0.17219991981983185,0.47200000286102295,0.22689999639987946
YDR261W-B,YDL095W,0,-2.6222243,0.17213712632656097,0.47200000286102295,0.22699999809265137
YBL004W,YFR050C,0,-2.6226845,0.17207437753677368,0.47200000286102295,0.22709999978542328
YDL007W,YNL163C,0,-2.6227174,0.17201165854930878,0.47200000286102295,0.2272000014781952
YER026C,YPR056W,0,-2.6229007,0.17194899916648865,0.47200000286102295,0.2273000031709671
YMR051C,YOR174W,0,-2.622909,0.1718863844871521,0.47200000286102295,0.227400004863739
YGR161C-C,YEL020W-A,0,-2.6229548,0.17182381451129913,0.47200000286102295,0.22750000655651093
YNL247W,YDR192C,0,-2.6230502,0.17176127433776855,0.47200000286102295,0.22759999334812164
YGR175C,YPL060C-A,0,-2.6231842,0.17169879376888275,0.47200000286102295,0.22769999504089355
YLR148W,YDR449C,0,-2.6235986,0.17163635790348053,0.47200000286102295,0.22779999673366547
YER026C,YDR034C-D,0,-2.6236432,0.1715739667415619,0.47200000286102295,0.22789999842643738
YOR115C,YGR238C,0,-2.6240096,0.17151163518428802,0.47200000286102295,0.2280000001192093
YDR217C,YGR241C,0,-2.6240234,0.17144933342933655,0.47200000286102295,0.2281000018119812
YEL012W,YHL022C,0,-2.6240716,0.17138707637786865,0.47200000286102295,0.2282000035047531
YPR009W,YBR043C,0,-2.624171,0.17132486402988434,0.47200000286102295,0.22830000519752502
YMR127C,YPR179C,1,-2.6242182,0.1716255396604538,0.4729999899864197,0.22830000519752502
YOR126C,YAL029C,0,-2.624334,0.1715632975101471,0.4729999899864197,0.22840000689029694
YML085C,YLR129W,0,-2.6244144,0.17150108516216278,0.4729999899864197,0.22849999368190765
YCL067C,YJR013W,0,-2.624424,0.17143893241882324,0.4729999899864197,0.22859999537467957
YBR135W,YOR174W,0,-2.6244345,0.1713768094778061,0.4729999899864197,0.22869999706745148
YDR261C-C,YLR075W,0,-2.624457,0.17131474614143372,0.4729999899864197,0.2287999987602234
YGL206C,YDL209C,0,-2.6246414,0.17125271260738373,0.4729999899864197,0.2289000004529953
YNL292W,YLR410W-A,0,-2.6247072,0.17119073867797852,0.4729999899864197,0.2290000021457672
YHR058C,YDL178W,0,-2.6247947,0.1711287945508957,0.4729999899864197,0.22910000383853912
YFR036W,YLR126C,0,-2.6248198,0.17106691002845764,0.4729999899864197,0.22920000553131104
YLR227W-A,YDR138W,0,-2.624895,0.17100505530834198,0.4729999899864197,0.22930000722408295
YER056C,YDR261C-C,0,-2.6249783,0.1709432601928711,0.4729999899864197,0.22939999401569366
YOL109W,YOR089C,0,-2.6250584,0.1708815097808838,0.4729999899864197,0.22949999570846558
YKL119C,YMR059W,0,-2.6250844,0.17081978917121887,0.4729999899864197,0.2295999974012375
YNR032C-A,YFL018W-A,0,-2.625152,0.17075812816619873,0.4729999899864197,0.2296999990940094
YKR037C,YDR261C-C,0,-2.6252913,0.17069649696350098,0.4729999899864197,0.2298000007867813
YDR170W-A,YNL080C,0,-2.625401,0.170634925365448,0.4729999899864197,0.22990000247955322
YPR107C,YJR112W,0,-2.6258194,0.1705733835697174,0.4729999899864197,0.23000000417232513
YDR292C,YNL236W,0,-2.625846,0.1705119013786316,0.4729999899864197,0.23010000586509705
YER017C,YLR071C,0,-2.626142,0.17045044898986816,0.4729999899864197,0.23019999265670776
YDR261C-C,YDL108W,0,-2.6261885,0.1703890562057495,0.4729999899864197,0.23029999434947968
YMR004W,YER083C,0,-2.6262221,0.17032769322395325,0.4729999899864197,0.2303999960422516
YPL213W,YHL022C,0,-2.6265604,0.17026637494564056,0.4729999899864197,0.2304999977350235
YPR031W,YLR357W,1,-2.62667,0.1705649495124817,0.4740000069141388,0.2304999977350235
YDR292C,YIR023W,0,-2.6271791,0.17050360143184662,0.4740000069141388,0.2305999994277954
YDR261C-C,YHR072W-A,0,-2.6272526,0.17044228315353394,0.4740000069141388,0.23070000112056732
YGR038W,YBR055C,0,-2.6273904,0.17038102447986603,0.4740000069141388,0.23080000281333923
YBL056W,YLR047C,0,-2.6274762,0.1703197956085205,0.4740000069141388,0.23090000450611115
YKR082W,YJR013W,0,-2.6278303,0.17025862634181976,0.4740000069141388,0.23100000619888306
YMR172W,YDL065C,0,-2.6278648,0.1701974868774414,0.4740000069141388,0.23109999299049377
YDR261W-B,YMR025W,0,-2.6280246,0.17013639211654663,0.4740000069141388,0.23119999468326569
YLR385C,YDR392W,1,-2.6280518,0.1704341620206833,0.4749999940395355,0.23119999468326569
YLR227W-B,YPL089C,0,-2.628087,0.17037302255630493,0.4749999940395355,0.2312999963760376
YBR288C,YFL035C-A,0,-2.6283388,0.17031194269657135,0.4749999940395355,0.2313999980688095
YCL024W,YHR088W,0,-2.628509,0.17025089263916016,0.4749999940395355,0.23149999976158142
YML057W,YLR453C,0,-2.6286268,0.17018990218639374,0.4749999940395355,0.23160000145435333
YPL116W,YDR224C,1,-2.6286964,0.17048710584640503,0.47600001096725464,0.23160000145435333
YLR136C,YDR427W,0,-2.6287003,0.17042607069015503,0.47600001096725464,0.23170000314712524
YDR217C,YMR025W,0,-2.628962,0.17036506533622742,0.47600001096725464,0.23180000483989716
YNL236W,YGL075C,0,-2.6291046,0.17030411958694458,0.47600001096725464,0.23190000653266907
YMR200W,YCR035C,0,-2.629247,0.17024320363998413,0.47600001096725464,0.23199999332427979
YPR139C,YDR164C,0,-2.6293175,0.17018233239650726,0.47600001096725464,0.2320999950170517
YPR031W,YDR110W,1,-2.629467,0.1704789102077484,0.47699999809265137,0.2320999950170517
YOL086C,YOR067C,0,-2.6295183,0.17041800916194916,0.47699999809265137,0.2321999967098236
YEL012W,YLR154C,0,-2.629584,0.1703571379184723,0.47699999809265137,0.23229999840259552
YER036C,YIR009W,0,-2.6296468,0.1702963262796402,0.47699999809265137,0.23240000009536743
YPR168W,YLL031C,0,-2.629672,0.1702355444431305,0.47699999809265137,0.23250000178813934
YBR135W,YPL257W-A,0,-2.6296937,0.17017480731010437,0.47699999809265137,0.23260000348091125
YJR112W,YGL022W,0,-2.6298327,0.17011412978172302,0.47699999809265137,0.23270000517368317
YGR027W-A,YOL065C,0,-2.62984,0.17005348205566406,0.47699999809265137,0.23280000686645508
YDR365W-A,YAR014C,0,-2.6298606,0.16999287903308868,0.47699999809265137,0.2328999936580658
YPR108W,YLR227W-A,0,-2.6299024,0.1699323058128357,0.47699999809265137,0.2329999953508377
YFL035C-A,YML118W,0,-2.6300306,0.16987179219722748,0.47699999809265137,0.23309999704360962
YPR056W,YDR054C,0,-2.6301434,0.16981132328510284,0.47699999809265137,0.23319999873638153
YIL062C,YLR410W-A,0,-2.6306534,0.1697508841753006,0.47699999809265137,0.23330000042915344
YBR070C,YLR383W,0,-2.6307745,0.16969050467014313,0.47699999809265137,0.23340000212192535
YCL024W,YOR054C,0,-2.6308672,0.16963015496730804,0.47699999809265137,0.23350000381469727
YNL139C,YGL225W,0,-2.631058,0.16956984996795654,0.47699999809265137,0.23360000550746918
YML067C,YOR192C-A,0,-2.6312377,0.16950958967208862,0.47699999809265137,0.2337000072002411
YDR517W,YLR227W-B,0,-2.6313002,0.16944937407970428,0.47699999809265137,0.2337999939918518
YGR161C-C,YOR067C,0,-2.631321,0.16938920319080353,0.47699999809265137,0.23389999568462372
YKL141W,YKR035W-A,0,-2.6313295,0.16932907700538635,0.47699999809265137,0.23399999737739563
YML115C,YLR119W,0,-2.6313324,0.16926898062229156,0.47699999809265137,0.23409999907016754
YLR362W,YOR240W,0,-2.6313472,0.16920894384384155,0.47699999809265137,0.23420000076293945
YOR045W,YDR025W,0,-2.6314054,0.16914893686771393,0.47699999809265137,0.23430000245571136
YMR129W,YHR066W,0,-2.6314414,0.16908897459506989,0.47699999809265137,0.23440000414848328
YBL085W,YBR298C,0,-2.6314726,0.16902905702590942,0.47699999809265137,0.2345000058412552
YGL104C,YER083C,0,-2.631486,0.16896918416023254,0.47699999809265137,0.2345999926328659
YJL112W,YMR207C,0,-2.6315467,0.16890934109687805,0.47699999809265137,0.23469999432563782
YPL115C,YOR116C,0,-2.6315966,0.16884955763816833,0.47699999809265137,0.23479999601840973
YBL007C,YGL046W,0,-2.6316102,0.168789803981781,0.47699999809265137,0.23489999771118164
YPL112C,YKL092C,0,-2.631784,0.16873010993003845,0.47699999809265137,0.23499999940395355
YKL143W,YER122C,0,-2.6318924,0.1686704456806183,0.47699999809265137,0.23510000109672546
YBR195C,YAL011W,1,-2.631908,0.16896429657936096,0.4779999852180481,0.23510000109672546
YGR161C-C,YLR430W,0,-2.6319678,0.16890458762645721,0.4779999852180481,0.23520000278949738
YDL043C,YLR227W-B,0,-2.6320305,0.16884493827819824,0.4779999852180481,0.2353000044822693
YPL060C-A,YMR200W,0,-2.6322598,0.16878530383110046,0.4779999852180481,0.2354000061750412
YJL030W,YBR156C,0,-2.6323028,0.16872572898864746,0.4779999852180481,0.23549999296665192
YLR227W-B,YLR130C,0,-2.6323433,0.16866619884967804,0.4779999852180481,0.23559999465942383
YOR207C,YOR368W,0,-2.6323795,0.168606698513031,0.4779999852180481,0.23569999635219574
YLR361C,YCR026C,0,-2.632421,0.16854724287986755,0.4779999852180481,0.23579999804496765
YGL153W,YJL073W,0,-2.632471,0.16848783195018768,0.4779999852180481,0.23589999973773956
YNR043W,YMR172W,0,-2.6325126,0.1684284657239914,0.4779999852180481,0.23600000143051147
YOR156C,YBR017C,0,-2.632529,0.1683691442012787,0.4779999852180481,0.2361000031232834
YDR261W-B,YBL099W,0,-2.632552,0.16830985248088837,0.4779999852180481,0.2362000048160553
YGR178C,YHR129C,0,-2.6328897,0.16825062036514282,0.4779999852180481,0.2363000065088272
YER109C,YER104W,0,-2.632934,0.16819141805171967,0.4779999852180481,0.23639999330043793
YNR033W,YNL292W,0,-2.6329648,0.1681322604417801,0.4779999852180481,0.23649999499320984
YEL020W-A,YDR365W-A,0,-2.6329901,0.1680731326341629,0.4779999852180481,0.23659999668598175
YDR212W,YDR038C,0,-2.6330795,0.1680140644311905,0.4779999852180481,0.23669999837875366
YLL004W,YKR042W,1,-2.6333108,0.1683063954114914,0.4790000021457672,0.23669999837875366
YGR161C-C,YHR075C,0,-2.6334076,0.1682472825050354,0.4790000021457672,0.23680000007152557
YKL075C,YOR261C,0,-2.6334453,0.1681881994009018,0.4790000021457672,0.23690000176429749
YGR257C,YNL292W,0,-2.6344035,0.16812916100025177,0.4790000021457672,0.2370000034570694
YPL112C,YBR216C,0,-2.6344101,0.16807018220424652,0.4790000021457672,0.2371000051498413
YDR261C-C,YMR165C,0,-2.6345758,0.16801121830940247,0.4790000021457672,0.23720000684261322
YPL217C,YFR050C,0,-2.634593,0.16795231401920319,0.4790000021457672,0.23729999363422394
YOR143C,YLR227W-A,0,-2.6348054,0.1678934395313263,0.4790000021457672,0.23739999532699585
YNL216W,YER125W,1,-2.634824,0.1681850105524063,0.47999998927116394,0.23739999532699585
YGR092W,YLR226W,0,-2.6348274,0.16812609136104584,0.47999998927116394,0.23749999701976776
YOR153W,YHR214C-C,0,-2.6348681,0.16806723177433014,0.47999998927116394,0.23759999871253967
YLR165C,YGL206C,0,-2.635041,0.16800840198993683,0.47999998927116394,0.23770000040531158
YBR265W,YER029C,0,-2.6351414,0.1679496169090271,0.47999998927116394,0.2378000020980835
YJL112W,YML046W,0,-2.635177,0.16789087653160095,0.47999998927116394,0.2379000037908554
YMR239C,YGL168W,0,-2.6352613,0.1678321659564972,0.47999998927116394,0.23800000548362732
YLR449W,YDR334W,1,-2.6352656,0.1681230366230011,0.48100000619888306,0.23800000548362732
YOL109W,YFL035C-A,0,-2.6355195,0.16806429624557495,0.48100000619888306,0.23810000717639923
YJR055W,YLR313C,0,-2.6355567,0.1680055856704712,0.48100000619888306,0.23819999396800995
YKR037C,YKL140W,0,-2.6355858,0.1679469347000122,0.48100000619888306,0.23829999566078186
YGR172C,YOR341W,0,-2.6356983,0.1678883135318756,0.48100000619888306,0.23839999735355377
YLR246W,YMR048W,0,-2.6358418,0.1678297221660614,0.48100000619888306,0.23849999904632568
YLR291C,YJR094C,0,-2.635854,0.16777119040489197,0.48100000619888306,0.2386000007390976
YGR109W-A,YDR503C,0,-2.6358693,0.16771268844604492,0.48100000619888306,0.2387000024318695
YGL206C,YML077W,0,-2.6359258,0.16765423119068146,0.48100000619888306,0.23880000412464142
YKL188C,YPL204W,0,-2.6359992,0.16759581863880157,0.48100000619888306,0.23890000581741333
YGL046W,YLR451W,0,-2.6360676,0.16753745079040527,0.48100000619888306,0.23899999260902405
YBR117C,YCR077C,0,-2.6360898,0.16747911274433136,0.48100000619888306,0.23909999430179596
YOR054C,YDL056W,0,-2.6361518,0.16742081940174103,0.48100000619888306,0.23919999599456787
YLR210W,YGR161C-C,0,-2.6361823,0.16736255586147308,0.48100000619888306,0.23929999768733978
YDL130W,YCR010C,0,-2.6363413,0.16730435192584991,0.48100000619888306,0.2393999993801117
YMR129W,YDR395W,0,-2.6364455,0.16724617779254913,0.48100000619888306,0.2395000010728836
YHR178W,YJR001W,0,-2.6366591,0.16718804836273193,0.48100000619888306,0.23960000276565552
YIL049W,YNL236W,0,-2.6368732,0.16712994873523712,0.48100000619888306,0.23970000445842743
YHL027W,YDR365W-A,0,-2.6368918,0.1670718938112259,0.48100000619888306,0.23980000615119934
YHR056C,YDR110W,1,-2.6370916,0.16736111044883728,0.4819999933242798,0.23980000615119934
YKR034W,YLR132C,0,-2.6374588,0.16730302572250366,0.4819999933242798,0.23989999294281006
YPR168W,YBR043C,0,-2.637509,0.16724497079849243,0.4819999933242798,0.23999999463558197
YJL140W,YKR087C,0,-2.6377048,0.16718696057796478,0.4819999933242798,0.24009999632835388
YKL046C,YFL058W,0,-2.638097,0.16712898015975952,0.4819999933242798,0.2401999980211258
YMR145C,YPL257W-A,0,-2.6386652,0.16707105934619904,0.4819999933242798,0.2402999997138977
YPL002C,YLR126C,0,-2.6388478,0.16701316833496094,0.4819999933242798,0.24040000140666962
YDR334W,YCR052W,1,-2.638877,0.1673016995191574,0.4830000102519989,0.24040000140666962
YLR466W,YNL297C,0,-2.6390958,0.16724376380443573,0.4830000102519989,0.24050000309944153
YER021W,YGL022W,0,-2.6393695,0.16718587279319763,0.4830000102519989,0.24060000479221344
YOR363C,YDR079W,0,-2.6393704,0.16712802648544312,0.4830000102519989,0.24070000648498535
YPL179W,YML060W,0,-2.6393766,0.16707022488117218,0.4830000102519989,0.24079999327659607
YOR381W,YGL113W,0,-2.6395254,0.16701245307922363,0.4830000102519989,0.24089999496936798
YLR182W,YOR192C-A,0,-2.6397502,0.16695471107959747,0.4830000102519989,0.2409999966621399
YOR192C-B,YDR016C,0,-2.6398964,0.1668970286846161,0.4830000102519989,0.2410999983549118
YBL052C,YPL055C,1,-2.6399257,0.16718479990959167,0.48399999737739563,0.2410999983549118
YBL071W-A,YNR007C,0,-2.639956,0.1671270728111267,0.48399999737739563,0.24120000004768372
YLR182W,YLR200W,0,-2.640019,0.16706937551498413,0.48399999737739563,0.24130000174045563
YNL218W,YHR094C,0,-2.6402273,0.16701173782348633,0.48399999737739563,0.24140000343322754
YPR167C,YAR044W,0,-2.640386,0.16695411503314972,0.48399999737739563,0.24150000512599945
YGL094C,YHR098C,0,-2.640413,0.16689655184745789,0.48399999737739563,0.24160000681877136
YBR244W,YDR034C-D,0,-2.640522,0.16683901846408844,0.48399999737739563,0.24169999361038208
YFL060C,YNL106C,0,-2.6406908,0.16678152978420258,0.48399999737739563,0.241799995303154
YKR029C,YOR244W,1,-2.6408744,0.16706855595111847,0.48500001430511475,0.241799995303154
YKL092C,YGR046W,0,-2.6410089,0.16701102256774902,0.48500001430511475,0.2418999969959259
YIL049W,YDR004W,0,-2.6412086,0.16695353388786316,0.48500001430511475,0.24199999868869781
YGL254W,YPL060C-A,0,-2.6412106,0.16689607501029968,0.48500001430511475,0.24210000038146973
YDL201W,YDR138W,0,-2.6412163,0.1668386608362198,0.48500001430511475,0.24220000207424164
YBR173C,YGR241C,0,-2.6413906,0.16678129136562347,0.48500001430511475,0.24230000376701355
YER083C,YEL042W,0,-2.64142,0.16672396659851074,0.48500001430511475,0.24240000545978546
YNL091W,YCR026C,0,-2.6415148,0.1666666716337204,0.48500001430511475,0.24250000715255737
YML052W,YDR192C,0,-2.6415236,0.16660940647125244,0.48500001430511475,0.2425999939441681
YBL030C,YOR192C-A,0,-2.6416695,0.16655220091342926,0.48500001430511475,0.24269999563694
YGR238C,YPR010C,0,-2.641817,0.16649502515792847,0.48500001430511475,0.24279999732971191
YDR501W,YLR148W,0,-2.641944,0.16643787920475006,0.48500001430511475,0.24289999902248383
YDR392W,YPR193C,1,-2.642178,0.1667238473892212,0.4860000014305115,0.24289999902248383
YBR126C,YFL018W-A,0,-2.6424363,0.1666666716337204,0.4860000014305115,0.24300000071525574
YGR278W,YLR227W-A,0,-2.6425457,0.166609525680542,0.4860000014305115,0.24310000240802765
YLR390W-A,YOR192C-B,0,-2.6425457,0.16655243933200836,0.4860000014305115,0.24320000410079956
YNL291C,YER029C,0,-2.642552,0.16649536788463593,0.4860000014305115,0.24330000579357147
YGR027W-A,YGR193C,0,-2.642838,0.16643835604190826,0.4860000014305115,0.2433999925851822
YDR261C-C,YHR206W,0,-2.6428695,0.166381374001503,0.4860000014305115,0.2434999942779541
YOR145C,YEL020W-A,0,-2.6428866,0.1663244366645813,0.4860000014305115,0.243599995970726
YOR020C,YBL100W-A,0,-2.6429253,0.166267529129982,0.4860000014305115,0.24369999766349792
YMR051C,YNL292W,0,-2.6430397,0.16621066629886627,0.4860000014305115,0.24379999935626984
YPR056W,YMR125W,0,-2.6434488,0.16615384817123413,0.4860000014305115,0.24390000104904175
YKL026C,YAR044W,0,-2.6435628,0.16609705984592438,0.4860000014305115,0.24400000274181366
YMR080C,YPL055C,1,-2.6436448,0.16638195514678955,0.4869999885559082,0.24400000274181366
YBR055C,YCL029C,0,-2.6437602,0.1663251370191574,0.4869999885559082,0.24410000443458557
YML067C,YBR153W,0,-2.6437888,0.16626834869384766,0.4869999885559082,0.24420000612735748
YKL007W,YER029C,0,-2.6439493,0.16621160507202148,0.4869999885559082,0.2442999929189682
YPR193C,YDR176W,1,-2.6439981,0.16649608314037323,0.4880000054836273,0.2442999929189682
YMR145C,YDR261C-C,0,-2.6441317,0.16643929481506348,0.4880000054836273,0.2443999946117401
YKL145W,YDR060W,0,-2.644289,0.1663825362920761,0.4880000054836273,0.24449999630451202
YNL261W,YPL116W,1,-2.6442995,0.1666666716337204,0.48899999260902405,0.24449999630451202
YGR004W,YFR009W,0,-2.6444688,0.16660988330841064,0.48899999260902405,0.24459999799728394
YFL049W,YPR193C,1,-2.644475,0.16689373552799225,0.49000000953674316,0.24459999799728394
YPL243W,YLR224W,0,-2.644643,0.1668369024991989,0.49000000953674316,0.24469999969005585
YER143W,YLR376C,0,-2.644668,0.16678012907505035,0.49000000953674316,0.24480000138282776
YKL075C,YLR376C,0,-2.6448126,0.166723370552063,0.49000000953674316,0.24490000307559967
YNL106C,YER173W,0,-2.6449242,0.1666666716337204,0.49000000953674316,0.24500000476837158
YNL287W,YJR112W,0,-2.6450396,0.1666100025177002,0.49000000953674316,0.2451000064611435
YMR004W,YDL056W,0,-2.6455429,0.16655336320400238,0.49000000953674316,0.2451999932527542
YLR227W-A,YCR077C,0,-2.6457694,0.16649676859378815,0.49000000953674316,0.24529999494552612
YPR051W,YHR214C-C,0,-2.645832,0.1664402186870575,0.49000000953674316,0.24539999663829803
YDL056W,YGL022W,0,-2.645903,0.16638369858264923,0.49000000953674316,0.24549999833106995
YPR143W,YHL034C,0,-2.6459484,0.16632722318172455,0.49000000953674316,0.24560000002384186
YNL291C,YJL073W,0,-2.6459665,0.16627077758312225,0.49000000953674316,0.24570000171661377
YEL012W,YOR192C-B,0,-2.6460407,0.16621437668800354,0.49000000953674316,0.24580000340938568
YDR261C-C,YMR213W,0,-2.646072,0.1661580204963684,0.49000000953674316,0.2459000051021576
YGL046W,YNL139C,0,-2.6460853,0.16610169410705566,0.49000000953674316,0.2460000067949295
YML060W,YML001W,0,-2.6461134,0.1660454124212265,0.49000000953674316,0.24609999358654022
YPL060C-A,YDL065C,0,-2.6462493,0.16598916053771973,0.49000000953674316,0.24619999527931213
YPL065W,YOR143C,0,-2.646337,0.16593295335769653,0.49000000953674316,0.24629999697208405
YCR026C,YNR003C,0,-2.6465652,0.16587677597999573,0.49000000953674316,0.24639999866485596
YPL084W,YGR171C,0,-2.6465802,0.1658206433057785,0.49000000953674316,0.24650000035762787
YPR168W,YDR120C,0,-2.646623,0.16576454043388367,0.49000000953674316,0.24660000205039978
YJL095W,YBL056W,0,-2.6467087,0.1657084822654724,0.49000000953674316,0.2467000037431717
YDR261C-C,YBR153W,0,-2.646969,0.16565246880054474,0.49000000953674316,0.2468000054359436
YDR261C-C,YNL283C,0,-2.6471882,0.16559648513793945,0.49000000953674316,0.24690000712871552
YDR261W-B,YPR102C,0,-2.6473236,0.16554054617881775,0.49000000953674316,0.24699999392032623
YJR055W,YJL073W,0,-2.6473293,0.16548463702201843,0.49000000953674316,0.24709999561309814
YCL044C,YKL046C,0,-2.647491,0.1654287576675415,0.49000000953674316,0.24719999730587006
YLR427W,YGL051W,0,-2.6475377,0.16537293791770935,0.49000000953674316,0.24729999899864197
YHR094C,YIR023W,0,-2.647615,0.1653171330690384,0.49000000953674316,0.24740000069141388
YLR378C,YGR109W-A,0,-2.6477723,0.1652613878250122,0.49000000953674316,0.2475000023841858
YLR291C,YJL179W,0,-2.6479218,0.16520565748214722,0.49000000953674316,0.2476000040769577
YBR288C,YBR188C,0,-2.647986,0.165149986743927,0.49000000953674316,0.24770000576972961
YDR261C-C,YOR126C,0,-2.648221,0.16509434580802917,0.49000000953674316,0.24779999256134033
YPR107C,YDL043C,0,-2.6482399,0.16503873467445374,0.49000000953674316,0.24789999425411224
YDL130W,YGR037C,0,-2.648262,0.16498316824436188,0.49000000953674316,0.24799999594688416
YAL020C,YER040W,0,-2.6482718,0.1649276316165924,0.49000000953674316,0.24809999763965607
YGL096W,YGL028C,0,-2.6482923,0.16487213969230652,0.49000000953674316,0.24819999933242798
YOL076W,YOR192C-A,0,-2.6483042,0.16481667757034302,0.49000000953674316,0.2483000010251999
YLR354C,YBR265W,0,-2.648446,0.1647612601518631,0.49000000953674316,0.2484000027179718
YER171W,YJL012C-A,0,-2.6485958,0.16470588743686676,0.49000000953674316,0.2485000044107437
YLR190W,YHL020C,0,-2.6486323,0.1646505445241928,0.49000000953674316,0.24860000610351562
YLR144C,YLR305C,0,-2.6487021,0.16459523141384125,0.49000000953674316,0.24869999289512634
YGR027W-A,YMR048W,0,-2.648753,0.16453996300697327,0.49000000953674316,0.24879999458789825
YDR447C,YKR061W,0,-2.6489463,0.16448472440242767,0.49000000953674316,0.24889999628067017
YDR483W,YLR227W-B,0,-2.6489825,0.16442953050136566,0.49000000953674316,0.24899999797344208
YIL062C,YHL034C,0,-2.6492407,0.16437436640262604,0.49000000953674316,0.249099999666214
YHR166C,YGR161C-C,0,-2.6493998,0.16431924700737,0.49000000953674316,0.2492000013589859
YDL188C,YLR227W-A,0,-2.6494207,0.16426415741443634,0.49000000953674316,0.2493000030517578
YMR097C,YJR043C,0,-2.649437,0.16420911252498627,0.49000000953674316,0.24940000474452972
YKL145W,YBR118W,0,-2.6494381,0.16415409743785858,0.49000000953674316,0.24950000643730164
YDL056W,YML060W,0,-2.6496737,0.16409912705421448,0.49000000953674316,0.24959999322891235
YDL060W,YGR178C,0,-2.6496756,0.16404418647289276,0.49000000953674316,0.24969999492168427
YPR125W,YCL052C,0,-2.6497278,0.16398929059505463,0.49000000953674316,0.24979999661445618
YCR092C,YFR009W,0,-2.6497622,0.16393442451953888,0.49000000953674316,0.2498999983072281
YML077W,YCR035C,0,-2.6498375,0.1638796031475067,0.49000000953674316,0.25
YJL222W,YLR426W,0,-2.6499925,0.16382481157779694,0.49000000953674316,0.2500999867916107
YKL141W,YHR166C,0,-2.6500068,0.16377004981040955,0.49000000953674316,0.2502000033855438
YGR206W,YGR072W,0,-2.650115,0.16371533274650574,0.49000000953674316,0.25029999017715454
YDL024C,YBR055C,0,-2.6501637,0.1636606603860855,0.49000000953674316,0.25040000677108765
YIL115C,YHR077C,0,-2.6502068,0.16360600292682648,0.49000000953674316,0.25049999356269836
YNL247W,YEL053C,0,-2.6502929,0.16355140507221222,0.49000000953674316,0.25060001015663147
YGL225W,YDR034C-D,0,-2.650401,0.16349683701992035,0.49000000953674316,0.2506999969482422
YFL035C-A,YDR470C,0,-2.6506767,0.16344229876995087,0.49000000953674316,0.2508000135421753
YGL038C,YPL045W,0,-2.6507003,0.16338779032230377,0.49000000953674316,0.250900000333786
YER109C,YER040W,0,-2.65093,0.16333332657814026,0.49000000953674316,0.25099998712539673
YJR132W,YLL016W,0,-2.6509976,0.16327890753746033,0.49000000953674316,0.25110000371932983
YGR098C,YCR047C,0,-2.6510005,0.16322451829910278,0.49000000953674316,0.25119999051094055
YJL186W,YNL292W,0,-2.6511528,0.16317015886306763,0.49000000953674316,0.25130000710487366
YNL139C,YBR298C,0,-2.6512074,0.16311584413051605,0.49000000953674316,0.2513999938964844
YHR178W,YGR092W,0,-2.6512666,0.16306155920028687,0.49000000953674316,0.2515000104904175
YMR168C,YLR119W,0,-2.6513193,0.16300731897354126,0.49000000953674316,0.2515999972820282
YGR120C,YDR447C,0,-2.6514192,0.16295310854911804,0.49000000953674316,0.2517000138759613
YOR067C,YOR192C-B,0,-2.6515489,0.1628989428281784,0.49000000953674316,0.251800000667572
YDR088C,YLR132C,0,-2.6520424,0.16284479200839996,0.49000000953674316,0.25189998745918274
YOR388C,YIL019W,0,-2.6521766,0.1627907007932663,0.49000000953674316,0.25200000405311584
YKL046C,YML006C,0,-2.6522112,0.16273663938045502,0.49000000953674316,0.25209999084472656
YDL005C,YGR161C-C,0,-2.6523104,0.16268260776996613,0.49000000953674316,0.25220000743865967
YER027C,YMR059W,0,-2.6523786,0.16262860596179962,0.49000000953674316,0.2522999942302704
YHL038C,YPL176C,0,-2.6523895,0.1625746488571167,0.49000000953674316,0.2524000108242035
YLR451W,YGL222C,0,-2.6524668,0.16252073645591736,0.49000000953674316,0.2524999976158142
YHR214C-C,YGR109W-A,0,-2.6524982,0.1624668389558792,0.49000000953674316,0.2526000142097473
YLR032W,YDL015C,0,-2.6525056,0.16241298615932465,0.49000000953674316,0.25270000100135803
YLR357W,YER030W,1,-2.652556,0.16269052028656006,0.4909999966621399,0.25270000100135803
YLR227W-A,YOR110W,0,-2.6525712,0.1626366376876831,0.4909999966621399,0.25279998779296875
YKL075C,YDR219C,0,-2.6527414,0.16258278489112854,0.4909999966621399,0.25290000438690186
YKR083C,YLR426W,0,-2.6529365,0.16252896189689636,0.4909999966621399,0.2529999911785126
YNL163C,YOR028C,0,-2.6529808,0.16247518360614777,0.4909999966621399,0.2531000077724457
YOL109W,YGR046W,0,-2.6531389,0.16242143511772156,0.4909999966621399,0.2531999945640564
YDR025W,YDR365W-A,0,-2.6533012,0.16236773133277893,0.4909999966621399,0.2533000111579895
YMR145C,YKR099W,0,-2.653354,0.1623140424489975,0.4909999966621399,0.2533999979496002
YKL143W,YLR190W,0,-2.6533594,0.16226041316986084,0.4909999966621399,0.2535000145435333
YFL018W-A,YLR148W,0,-2.6534314,0.16220679879188538,0.4909999966621399,0.25360000133514404
YGR231C,YLR013W,0,-2.65344,0.1621532291173935,0.4909999966621399,0.25369998812675476
YJR094C,YBR298C,0,-2.6535861,0.1620997041463852,0.4909999966621399,0.25380000472068787
YPR056W,YGR109W-A,0,-2.6537862,0.16204620897769928,0.4909999966621399,0.2538999915122986
YGR274C,YOL072W,0,-2.6539202,0.16199274361133575,0.4909999966621399,0.2540000081062317
YDR465C,YFL058W,0,-2.6539245,0.16193930804729462,0.4909999966621399,0.2540999948978424
YJL095W,YBL097W,0,-2.6539402,0.16188591718673706,0.4909999966621399,0.2542000114917755
YNL177C,YPR186C,0,-2.6540518,0.16183257102966309,0.4909999966621399,0.25429999828338623
YDR121W,YJL127C,1,-2.6541605,0.16210873425006866,0.492000013589859,0.25429999828338623
YPL060C-A,YCR035C,0,-2.6542141,0.1620553433895111,0.492000013589859,0.25440001487731934
YOR359W,YDR261C-C,0,-2.6543968,0.16200198233127594,0.492000013589859,0.25450000166893005
YLR126C,YJR143C,0,-2.6544714,0.16194865107536316,0.492000013589859,0.25459998846054077
YDL065C,YDR192C,0,-2.6546483,0.16189536452293396,0.492000013589859,0.2547000050544739
YBR135W,YNR043W,0,-2.654702,0.16184210777282715,0.492000013589859,0.2547999918460846
YOL149W,YER093C,0,-2.6548233,0.16178888082504272,0.492000013589859,0.2549000084400177
YJR060W,YPR179C,1,-2.6549702,0.16206443309783936,0.49300000071525574,0.2549000084400177
YPL249C,YOR192C-B,0,-2.6549861,0.16201117634773254,0.49300000071525574,0.2549999952316284
YER109C,YGR120C,0,-2.6550035,0.16195794939994812,0.49300000071525574,0.2551000118255615
YNL177C,YLR363C,0,-2.6550312,0.16190476715564728,0.49300000071525574,0.25519999861717224
YFL049W,YDR225W,1,-2.655112,0.16217990219593048,0.49399998784065247,0.25519999861717224
YNL102W,YML104C,0,-2.655136,0.16212667524814606,0.49399998784065247,0.25529998540878296
YPL115C,YPL179W,0,-2.655324,0.16207349300384521,0.49399998784065247,0.25540000200271606
YLL008W,YPL257W-A,0,-2.6553617,0.16202034056186676,0.49399998784065247,0.2554999887943268
YML058W,YDR501W,0,-2.6553671,0.1619672179222107,0.49399998784065247,0.2556000053882599
YBR215W,YPL254W,1,-2.6555018,0.1622418910264969,0.4950000047683716,0.2556000053882599
YMR168C,YMR128W,0,-2.6555858,0.16218872368335724,0.4950000047683716,0.2556999921798706
YPR175W,YOR089C,0,-2.6558247,0.16213560104370117,0.4950000047683716,0.2558000087738037
YKL149C,YKR001C,0,-2.6558304,0.1620825082063675,0.4950000047683716,0.25589999556541443
YBL097W,YDR447C,0,-2.655846,0.1620294600725174,0.4950000047683716,0.25600001215934753
YOR192C-B,YBL099W,0,-2.6559668,0.16197644174098969,0.4950000047683716,0.25609999895095825
YAL023C,YGL120C,0,-2.656,0.16192345321178436,0.4950000047683716,0.25619998574256897
YDR099W,YKL007W,0,-2.6561365,0.16187050938606262,0.4950000047683716,0.2563000023365021
YBL082C,YMR165C,0,-2.6561966,0.16181758046150208,0.4950000047683716,0.2563999891281128
YDR054C,YLR227W-A,0,-2.6562014,0.1617647111415863,0.4950000047683716,0.2565000057220459
YOL033W,YJL013C,0,-2.6562324,0.16171185672283173,0.4950000047683716,0.2565999925136566
YMR100W,YKL149C,0,-2.6564841,0.16165904700756073,0.4950000047683716,0.2567000091075897
YDR261C-C,YMR125W,0,-2.6567283,0.16160626709461212,0.4950000047683716,0.25679999589920044
YER147C,YDR246W,0,-2.6567516,0.1615535318851471,0.4950000047683716,0.25690001249313354
YGL046W,YLL016W,0,-2.6567864,0.16150081157684326,0.4950000047683716,0.25699999928474426
YLR035C,YPL060C-A,0,-2.6568272,0.161448135972023,0.4950000047683716,0.257099986076355
YGL240W,YIL019W,0,-2.6568534,0.16139550507068634,0.4950000047683716,0.2572000026702881
YOR089C,YML019W,0,-2.6569786,0.16134288907051086,0.4950000047683716,0.2572999894618988
YNL177C,YJL041W,0,-2.6572795,0.16129031777381897,0.4950000047683716,0.2574000060558319
YGR109W-A,YPR021C,0,-2.6573284,0.16123779118061066,0.4950000047683716,0.2574999928474426
YER171W,YJR153W,0,-2.6576128,0.16118527948856354,0.4950000047683716,0.25760000944137573
YDR071C,YBR195C,1,-2.6576366,0.1614583283662796,0.4959999918937683,0.25760000944137573
YDR429C,YPR108W,0,-2.657823,0.1614057868719101,0.4959999918937683,0.25769999623298645
YLR385C,YGL112C,1,-2.6578317,0.16167859733104706,0.4970000088214874,0.25769999623298645
YAL038W,YFL035C-A,0,-2.6579337,0.16162601113319397,0.4970000088214874,0.25780001282691956
YOL006C,YPL015C,1,-2.6580324,0.16189856827259064,0.49799999594688416,0.25780001282691956
YDL207W,YKR001C,0,-2.6580772,0.16184595227241516,0.49799999594688416,0.2578999996185303
YDR342C,YOR240W,0,-2.6581097,0.16179336607456207,0.49799999594688416,0.257999986410141
YJL110C,YPL057C,0,-2.6581595,0.16174082458019257,0.49799999594688416,0.2581000030040741
YER105C,YOR112W,0,-2.6581693,0.16168831288814545,0.49799999594688416,0.2581999897956848
YMR200W,YEL053C,0,-2.6582875,0.16163583099842072,0.49799999594688416,0.2583000063896179
YKL145W,YPL276W,0,-2.6582985,0.16158339381217957,0.49799999594688416,0.25839999318122864
YER109C,YOR081C,0,-2.6584494,0.1615309715270996,0.49799999594688416,0.25850000977516174
YGL241W,YJL173C,0,-2.6586542,0.16147859394550323,0.49799999594688416,0.25859999656677246
YAR044W,YAL029C,0,-2.658896,0.16142626106739044,0.49799999594688416,0.25870001316070557
YCR020C,YPL060C-A,0,-2.6589608,0.16137394309043884,0.49799999594688416,0.2587999999523163
YGR080W,YBL064C,0,-2.658998,0.16132166981697083,0.49799999594688416,0.258899986743927
YML058W,YML007W,0,-2.6590877,0.1612694263458252,0.49799999594688416,0.2590000033378601
YHR065C,YBR216C,0,-2.6590948,0.16121722757816315,0.49799999594688416,0.2590999901294708
YDR516C,YDR034C-D,0,-2.659391,0.1611650437116623,0.49799999594688416,0.25920000672340393
YDR261C-C,YOR368W,0,-2.659545,0.16111290454864502,0.49799999594688416,0.25929999351501465
YGR162W,YPL083C,0,-2.6596317,0.16106079518795013,0.49799999594688416,0.25940001010894775
YLR102C,YLR226W,0,-2.6596384,0.16100873053073883,0.49799999594688416,0.25949999690055847
YGL075C,YGR171C,0,-2.6596463,0.16095669567584991,0.49799999594688416,0.2596000134944916
YGR161C-C,YDR138W,0,-2.659824,0.1609046906232834,0.49799999594688416,0.2597000002861023
YLR226W,YDL092W,0,-2.6599789,0.16085271537303925,0.49799999594688416,0.259799987077713
YJR055W,YEL012W,0,-2.6599896,0.1608007699251175,0.49799999594688416,0.2599000036716461
YER014C-A,YER049W,0,-2.6600628,0.16074886918067932,0.49799999594688416,0.25999999046325684
YMR303C,YNL054W-B,0,-2.660137,0.16069699823856354,0.49799999594688416,0.26010000705718994
YKR037C,YAR044W,0,-2.6601872,0.16064515709877014,0.49799999594688416,0.26019999384880066
YLL006W,YLR390W-A,0,-2.6603274,0.16059336066246033,0.49799999594688416,0.26030001044273376
YML077W,YJR043C,0,-2.6605873,0.1605415791273117,0.49799999594688416,0.2603999972343445
YDR295C,YER120W,1,-2.6607456,0.1608121246099472,0.49900001287460327,0.2603999972343445
YGL213C,YCR026C,0,-2.6608098,0.1607603132724762,0.49900001287460327,0.2605000138282776
YER027C,YJL073W,0,-2.6608224,0.16070853173732758,0.49900001287460327,0.2606000006198883
YLR376C,YMR025W,0,-2.6608362,0.16065679490566254,0.49900001287460327,0.260699987411499
YDR261W-B,YLR074C,0,-2.6609037,0.16060508787631989,0.49900001287460327,0.26080000400543213
YOL149W,YOR381W,0,-2.6610568,0.16055341064929962,0.49900001287460327,0.26089999079704285
YJR066W,YLR229C,0,-2.6613593,0.16050176322460175,0.49900001287460327,0.26100000739097595
YLR189C,YML104C,0,-2.6613963,0.16045016050338745,0.49900001287460327,0.26109999418258667
YNL106C,YLR196W,0,-2.6615582,0.16039858758449554,0.49900001287460327,0.2612000107765198
YDR054C,YNL325C,0,-2.661615,0.16034704446792603,0.49900001287460327,0.2612999975681305
YGR109W-A,YER002W,0,-2.661707,0.1602955311536789,0.49900001287460327,0.2614000141620636
YER129W,YNL051W,0,-2.661864,0.16024406254291534,0.49900001287460327,0.2615000009536743
YGR109W-A,YML006C,0,-2.6619287,0.16019262373447418,0.49900001287460327,0.26159998774528503
YLR144C,YJR059W,0,-2.6619413,0.1601411998271942,0.49900001287460327,0.26170000433921814
YDR261W-B,YMR023C,0,-2.6619885,0.16008983552455902,0.49900001287460327,0.26179999113082886
YAL059W,YFL018W-A,0,-2.6620526,0.16003848612308502,0.49900001287460327,0.26190000772476196
YNL073W,YPR189W,0,-2.6620586,0.1599871814250946,0.49900001287460327,0.2619999945163727
YDR392W,YER125W,1,-2.662182,0.16025641560554504,0.5,0.2619999945163727
YIL150C,YPR179C,1,-2.6624007,0.16052547097206116,0.5009999871253967,0.2619999945163727
YNL218W,YLR229C,0,-2.6625848,0.16047406196594238,0.5009999871253967,0.2621000111103058
YPL196W,YPL257W-A,0,-2.6628282,0.1604226678609848,0.5009999871253967,0.2621999979019165
YLR330W,YER118C,0,-2.662866,0.1603713184595108,0.5009999871253967,0.2623000144958496
YNL261W,YER030W,1,-2.6629148,0.16064000129699707,0.5019999742507935,0.2623000144958496
YDR429C,YDR261W-B,0,-2.6630645,0.1605886071920395,0.5019999742507935,0.2624000012874603
YMR302C,YCR092C,0,-2.663085,0.1605372577905655,0.5019999742507935,0.26249998807907104
YML074C,YDL095W,0,-2.663113,0.16048593819141388,0.5019999742507935,0.26260000467300415
YHR069C,YLR426W,0,-2.6634514,0.16043464839458466,0.5019999742507935,0.26269999146461487
YNL015W,YDR164C,0,-2.663465,0.16038338840007782,0.5019999742507935,0.262800008058548
YPL249C,YJL012C-A,0,-2.6636539,0.16033215820789337,0.5019999742507935,0.2628999948501587
YDL174C,YPL257W-A,0,-2.6638122,0.1602809727191925,0.5019999742507935,0.2630000114440918
YLR039C,YGR005C,0,-2.6638248,0.16022981703281403,0.5019999742507935,0.2630999982357025
YNL284C-A,YML104C,0,-2.6638896,0.16017869114875793,0.5019999742507935,0.2632000148296356
YBR243C,YNL284C-A,0,-2.6638896,0.16012759506702423,0.5019999742507935,0.26330000162124634
YGL216W,YDR014W-A,0,-2.6638896,0.16007652878761292,0.5019999742507935,0.26339998841285706
YPL204W,YNL284C-A,0,-2.6638896,0.16002550721168518,0.5019999742507935,0.26350000500679016
YHL009W-A,YBR034C,0,-2.6638896,0.15997450053691864,0.5019999742507935,0.2635999917984009
YOR316C,YDR014W-A,0,-2.6638896,0.15992353856563568,0.5019999742507935,0.263700008392334
YML045W-A,YOR122C,0,-2.6638896,0.1598726063966751,0.5019999742507935,0.2637999951839447
YHL009W-A,YBL074C,0,-2.6638896,0.15982171893119812,0.5019999742507935,0.2639000117778778
YDR261C-C,YDR384C,0,-2.6638896,0.15977084636688232,0.5019999742507935,0.2639999985694885
YML045W-A,YOR195W,0,-2.6638896,0.1597200185060501,0.5019999742507935,0.26409998536109924
YOL086C,YML045W-A,0,-2.6638896,0.1596692055463791,0.5019999742507935,0.26420000195503235
YLR092W,YNL284C-A,0,-2.6638896,0.15961843729019165,0.5019999742507935,0.26429998874664307
YDR210W-D,YMR093W,0,-2.6638896,0.1595676988363266,0.5019999742507935,0.26440000534057617
YML045W-A,YNL066W,0,-2.6638896,0.15951700508594513,0.5019999742507935,0.2644999921321869
YER029C,YDR034C-D,0,-2.6638896,0.15946632623672485,0.5019999742507935,0.26460000872612
YDR014W-A,YJR059W,0,-2.6638896,0.15941569209098816,0.5019999742507935,0.2646999955177307
YDL046W,YDR210W-D,0,-2.6638896,0.15936507284641266,0.5019999742507935,0.2648000121116638
YOL109W,YDR014W-A,0,-2.6638896,0.15931449830532074,0.5019999742507935,0.26489999890327454
YAL038W,YDR014W-A,0,-2.6638896,0.1592639535665512,0.5019999742507935,0.26499998569488525
YKL057C,YHL009W-A,0,-2.6638896,0.15921345353126526,0.5019999742507935,0.26510000228881836
YML045W-A,YPL120W,0,-2.6638896,0.1591629683971405,0.5019999742507935,0.2651999890804291
YCR026C,YPL257W-A,0,-2.6638896,0.15911251306533813,0.5019999742507935,0.2653000056743622
YDR210W-D,YOR120W,0,-2.6638896,0.15906210243701935,0.5019999742507935,0.2653999924659729
YHL009W-A,YLR430W,0,-2.6638896,0.15901172161102295,0.5019999742507935,0.265500009059906
YJL030W,YDR014W-A,0,-2.6638896,0.15896137058734894,0.5019999742507935,0.2655999958515167
YHL009W-A,YJR043C,0,-2.6638896,0.15891104936599731,0.5019999742507935,0.26570001244544983
YLR427W,YDR014W-A,0,-2.6638896,0.15886075794696808,0.5019999742507935,0.26579999923706055
YPL179W,YNL284C-A,0,-2.6638896,0.15881049633026123,0.5019999742507935,0.26589998602867126
YMR045C,YGR272C,0,-2.6638896,0.15876027941703796,0.5019999742507935,0.26600000262260437
YDR210W-D,YPR009W,0,-2.6638896,0.15871009230613708,0.5019999742507935,0.2660999894142151
YNL284C-A,YNL314W,0,-2.6638896,0.1586599200963974,0.5019999742507935,0.2662000060081482
YBR243C,YDR014W-A,0,-2.6638896,0.1586097925901413,0.5019999742507935,0.2662999927997589
YML045W-A,YLR144C,0,-2.6638896,0.15855969488620758,0.5019999742507935,0.266400009393692
YHR206W,YNL284C-A,0,-2.6638896,0.15850962698459625,0.5019999742507935,0.26649999618530273
YML045W-A,YBL015W,0,-2.6638896,0.1584595888853073,0.5019999742507935,0.26660001277923584
YML045W-A,YPL115C,0,-2.6638896,0.15840959548950195,0.5019999742507935,0.26669999957084656
YPL217C,YHL009W-A,0,-2.6638896,0.1583596169948578,0.5019999742507935,0.2667999863624573
YIR028W,YDR014W-A,0,-2.6638896,0.1583096832036972,0.5019999742507935,0.2669000029563904
YML045W-A,YOR207C,0,-2.6638896,0.158259779214859,0.5019999742507935,0.2669999897480011
YFL035C-A,YLR227W-A,0,-2.6638896,0.158209890127182,0.5019999742507935,0.2671000063419342
YML045W-A,YNL139C,0,-2.6638896,0.1581600457429886,0.5019999742507935,0.2671999931335449
YLR165C,YML045W-A,0,-2.6638896,0.15811023116111755,0.5019999742507935,0.267300009727478
YPL214C,YDR210W-D,0,-2.6638896,0.1580604463815689,0.5019999742507935,0.26739999651908875
YDR079W,YHL009W-A,0,-2.6638896,0.15801070630550385,0.5019999742507935,0.26750001311302185
YJR077C,YNL284C-A,0,-2.6638896,0.15796098113059998,0.5019999742507935,0.26759999990463257
YDR252W,YDR210W-D,0,-2.6638896,0.1579112857580185,0.5019999742507935,0.2676999866962433
YHR164C,YDR014W-A,0,-2.6638896,0.1578616350889206,0.5019999742507935,0.2678000032901764
YHL012W,YGR272C,0,-2.6638896,0.15781201422214508,0.5019999742507935,0.2678999900817871
YJL039C,YML045W-A,0,-2.6638896,0.15776240825653076,0.5019999742507935,0.2680000066757202
YER062C,YDR014W-A,0,-2.6638896,0.15771284699440002,0.5019999742507935,0.26809999346733093
YDR210W-D,YLR130C,0,-2.6638896,0.15766331553459167,0.5019999742507935,0.26820001006126404
YCL067C,YHL009W-A,0,-2.6638896,0.1576138138771057,0.5019999742507935,0.26829999685287476
YDR272W,YDR014W-A,0,-2.6638896,0.15756434202194214,0.5019999742507935,0.26840001344680786
YGL104C,YML045W-A,0,-2.6638896,0.15751489996910095,0.5019999742507935,0.2685000002384186
YML045W-A,YDR080W,0,-2.6638896,0.15746550261974335,0.5019999742507935,0.2685999870300293
YHL009W-A,YHL034C,0,-2.6638896,0.15741612017154694,0.5019999742507935,0.2687000036239624
YHL009W-A,YOR195W,0,-2.6638896,0.1573667675256729,0.5019999742507935,0.2687999904155731
YDR210W-D,YNR033W,0,-2.6638896,0.15731745958328247,0.5019999742507935,0.2689000070095062
YML045W-A,YJL110C,0,-2.6638896,0.15726816654205322,0.5019999742507935,0.26899999380111694
YGR134W,YML045W-A,0,-2.6638896,0.15721891820430756,0.5019999742507935,0.26910001039505005
YNL284C-A,YOR288C,0,-2.6638896,0.15716969966888428,0.5019999742507935,0.26919999718666077
YDR210W-D,YER025W,0,-2.6638896,0.1571204960346222,0.5019999742507935,0.26930001378059387
YDR210W-D,YHL024W,0,-2.6638896,0.1570713371038437,0.5019999742507935,0.2694000005722046
YDR384C,YDR034C-D,0,-2.6638896,0.15702220797538757,0.5019999742507935,0.2694999873638153
YOL033W,YML045W-A,0,-2.6638896,0.15697310864925385,0.5019999742507935,0.2696000039577484
YDR014W-A,YMR128W,0,-2.6638896,0.1569240391254425,0.5019999742507935,0.26969999074935913
YHL009W-A,YLR227W-B,0,-2.6638896,0.15687499940395355,0.5019999742507935,0.26980000734329224
YGR161C-C,YDL209C,0,-2.6638896,0.156825989484787,0.5019999742507935,0.26989999413490295
YNL284C-A,YEL053C,0,-2.6638896,0.1567770093679428,0.5019999742507935,0.27000001072883606
YDL224C,YNL284C-A,0,-2.6638896,0.15672807395458221,0.5019999742507935,0.2700999975204468
YML045W-A,YLR361C,0,-2.6638896,0.1566791534423828,0.5019999742507935,0.2702000141143799
YNR043W,YHL009W-A,0,-2.6638896,0.1566302627325058,0.5019999742507935,0.2703000009059906
YML121W,YDR014W-A,0,-2.6638896,0.15658141672611237,0.5019999742507935,0.2703999876976013
YML045W-A,YGR278W,0,-2.6638896,0.15653258562088013,0.5019999742507935,0.2705000042915344
YLR376C,YHL009W-A,0,-2.6638896,0.15648378431797028,0.5019999742507935,0.27059999108314514
YHL009W-A,YLL027W,0,-2.6638896,0.156435027718544,0.5019999742507935,0.27070000767707825
YLR340W,YML045W-A,0,-2.6638896,0.15638628602027893,0.5019999742507935,0.27079999446868896
YML045W-A,YOR368W,0,-2.6638896,0.15633758902549744,0.5019999742507935,0.27090001106262207
YDR210W-D,YNL292W,0,-2.6638896,0.15628892183303833,0.5019999742507935,0.2709999978542328
YJR153W,YHL009W-A,0,-2.6638896,0.15624026954174042,0.5019999742507935,0.2711000144481659
YML045W-A,YGR204W,0,-2.6638896,0.1561916619539261,0.5019999742507935,0.2712000012397766
YDR014W-A,YOR288C,0,-2.6638896,0.15614308416843414,0.5019999742507935,0.27129998803138733
YML024W,YNL284C-A,0,-2.6638896,0.1560945212841034,0.5019999742507935,0.27140000462532043
YNL284C-A,YBR119W,0,-2.6638896,0.15604600310325623,0.5019999742507935,0.27149999141693115
YLR390W-A,YDR014W-A,0,-2.6638896,0.15599751472473145,0.5019999742507935,0.27160000801086426
YDR014W-A,YNL073W,0,-2.6638896,0.15594905614852905,0.5019999742507935,0.271699994802475
YDR210W-D,YGR029W,0,-2.6638896,0.15590062737464905,0.5019999742507935,0.2718000113964081
YNL284C-A,YDR039C,0,-2.6638896,0.15585221350193024,0.5019999742507935,0.2718999981880188
YLR224W,YFL035C-A,0,-2.6638896,0.155803844332695,0.5019999742507935,0.2720000147819519
YML045W-A,YNR030W,0,-2.6638896,0.15575550496578217,0.5019999742507935,0.2721000015735626
YNL284C-A,YDL060W,0,-2.6638896,0.1557071954011917,0.5019999742507935,0.27219998836517334
YML045W-A,YPL036W,0,-2.6638896,0.15565891563892365,0.5019999742507935,0.27230000495910645
YLL035W,YDR210W-D,0,-2.6638896,0.15561066567897797,0.5019999742507935,0.27239999175071716
YIL052C,YHL009W-A,0,-2.6638896,0.15556244552135468,0.5019999742507935,0.27250000834465027
YDR210W-D,YOR195W,0,-2.6638896,0.15551425516605377,0.5019999742507935,0.272599995136261
YDR210W-D,YDR038C,0,-2.6638896,0.15546609461307526,0.5019999742507935,0.2727000117301941
YGR077C,YHL009W-A,0,-2.6638896,0.15541796386241913,0.5019999742507935,0.2727999985218048
YHL009W-A,YPR073C,0,-2.6638896,0.1553698480129242,0.5019999742507935,0.2728999853134155
YDR339C,YDR014W-A,0,-2.6638896,0.15532177686691284,0.5019999742507935,0.27300000190734863
YDR429C,YNL284C-A,0,-2.6638896,0.15527373552322388,0.5019999742507935,0.27309998869895935
YGL240W,YDR014W-A,0,-2.6638896,0.1552257239818573,0.5019999742507935,0.27320000529289246
YHL009W-A,YNL001W,0,-2.6638896,0.1551777422428131,0.5019999742507935,0.2732999920845032
YHL009W-A,YDR164C,0,-2.6638896,0.1551297903060913,0.5019999742507935,0.2734000086784363
YDR014W-A,YNL284C-A,0,-2.6638896,0.1550818681716919,0.5019999742507935,0.273499995470047
YDR210W-D,YPL213W,0,-2.6638896,0.15503397583961487,0.5019999742507935,0.2736000120639801
YHR069C,YDR014W-A,0,-2.6638896,0.15498611330986023,0.5019999742507935,0.2736999988555908
YOR045W,YNL284C-A,0,-2.6638896,0.15493826568126678,0.5019999742507935,0.27379998564720154
YDR210W-D,YLR163C,0,-2.6638896,0.15489046275615692,0.5019999742507935,0.27390000224113464
YDR014W-A,YBR117C,0,-2.6638896,0.15484268963336945,0.5019999742507935,0.27399998903274536
YNL284C-A,YDR365W-A,0,-2.6638896,0.15479494631290436,0.5019999742507935,0.27410000562667847
YNL284C-A,YGL222C,0,-2.6638896,0.15474723279476166,0.5019999742507935,0.2741999924182892
YOR153W,YNL284C-A,0,-2.6638896,0.15469953417778015,0.5019999742507935,0.2743000090122223
YNL272C,YHL009W-A,0,-2.6638896,0.15465188026428223,0.5019999742507935,0.274399995803833
YDR014W-A,YHL022C,0,-2.6638896,0.1546042561531067,0.5019999742507935,0.2745000123977661
YHL009W-A,YBL056W,0,-2.6638896,0.15455664694309235,0.5019999742507935,0.27459999918937683
YDR210W-D,YPL175W,0,-2.6638896,0.15450908243656158,0.5019999742507935,0.27469998598098755
YBL085W,YDR014W-A,0,-2.6638896,0.15446153283119202,0.5019999742507935,0.27480000257492065
YFL035C-A,YDL118W,0,-2.6638896,0.15441402792930603,0.5019999742507935,0.27489998936653137
YHL009W-A,YNL314W,0,-2.6638896,0.15436653792858124,0.5019999742507935,0.2750000059604645
YER166W,YDR365W-A,0,-2.6638896,0.15431909263134003,0.5019999742507935,0.2750999927520752
YOR058C,YNL284C-A,0,-2.6638896,0.15427166223526,0.5019999742507935,0.2752000093460083
YOR033C,YHL009W-A,0,-2.6638896,0.15422427654266357,0.5019999742507935,0.275299996137619
YOR231W,YNL284C-A,0,-2.6638896,0.15417690575122833,0.5019999742507935,0.2754000127315521
YDR210W-D,YER168C,0,-2.6638896,0.15412956476211548,0.5019999742507935,0.27549999952316284
YDR210W-D,YFR036W,0,-2.6638896,0.154082253575325,0.5019999742507935,0.27559998631477356
YDR261W-B,YER166W,0,-2.6638896,0.15403498709201813,0.5019999742507935,0.27570000290870667
YPL065W,YNL284C-A,0,-2.6638896,0.15398773550987244,0.5019999742507935,0.2757999897003174
YDR306C,YLR410W-A,0,-2.6638896,0.15394051373004913,0.5019999742507935,0.2759000062942505
YDR210W-D,YLR190W,0,-2.6638896,0.15389332175254822,0.5019999742507935,0.2759999930858612
YML045W-A,YJL005W,0,-2.6638896,0.1538461595773697,0.5019999742507935,0.2761000096797943
YML045W-A,YDR156W,0,-2.6638896,0.15379901230335236,0.5019999742507935,0.27619999647140503
YBL071W-A,YLR126C,0,-2.6638896,0.1537519097328186,0.5019999742507935,0.27630001306533813
YDR210W-D,YOL097C,0,-2.6638896,0.15370483696460724,0.5019999742507935,0.27639999985694885
YDR016C,YGR193C,0,-2.6639848,0.15365779399871826,0.5019999742507935,0.27649998664855957
YLR449W,YAL011W,1,-2.664013,0.15391676127910614,0.503000020980835,0.27649998664855957
YNL246W,YCR052W,1,-2.664021,0.15417559444904327,0.5040000081062317,0.27649998664855957
YNL325C,YOR110W,0,-2.6641397,0.15412844717502594,0.5040000081062317,0.2766000032424927
YKL007W,YMR025W,0,-2.6642509,0.1540813148021698,0.5040000081062317,0.2766999900341034
YNL073W,YLR227W-B,0,-2.6643615,0.15403422713279724,0.5040000081062317,0.2768000066280365
YGR109W-A,YEL053C,0,-2.6644998,0.15398716926574707,0.5040000081062317,0.2768999934196472
YPR189W,YGR042W,0,-2.6645236,0.1539401412010193,0.5040000081062317,0.2770000100135803
YGL133W,YMR247C,1,-2.664537,0.15419846773147583,0.5049999952316284,0.2770000100135803
YPR031W,YDR295C,1,-2.6645973,0.15445666015148163,0.5059999823570251,0.2770000100135803
YML121W,YOR151C,0,-2.6647897,0.1544095277786255,0.5059999823570251,0.27709999680519104
YKR037C,YOR201C,0,-2.6648097,0.15436241030693054,0.5059999823570251,0.27720001339912415
YOL011W,YAR044W,0,-2.66481,0.15431533753871918,0.5059999823570251,0.27730000019073486
YKL189W,YHR214C-C,0,-2.6649961,0.1542682945728302,0.5059999823570251,0.2773999869823456
YLR200W,YNL080C,0,-2.6650286,0.1542212814092636,0.5059999823570251,0.2775000035762787
YIL049W,YJL071W,0,-2.665155,0.15417428314685822,0.5059999823570251,0.2775999903678894
YDR054C,YLR080W,0,-2.6652236,0.1541273295879364,0.5059999823570251,0.2777000069618225
YGR272C,YPR056W,0,-2.6652517,0.15408039093017578,0.5059999823570251,0.2777999937534332
YBR298C,YPL045W,0,-2.6653185,0.15403348207473755,0.5059999823570251,0.27790001034736633
YOR231W,YAR044W,0,-2.6653652,0.1539866030216217,0.5059999823570251,0.27799999713897705
YLL006W,YDR261C-C,0,-2.6654534,0.15393976867198944,0.5059999823570251,0.27810001373291016
YBL004W,YJL012C-A,0,-2.6654873,0.15389294922351837,0.5059999823570251,0.2782000005245209
YMR322C,YJR043C,0,-2.6655076,0.1538461595773697,0.5059999823570251,0.2782999873161316
YML011C,YGL254W,0,-2.665547,0.1537993848323822,0.5059999823570251,0.2784000039100647
YER190W,YAR044W,0,-2.6658554,0.1537526547908783,0.5059999823570251,0.2784999907016754
YLR226W,YPR049C,0,-2.6658645,0.15370595455169678,0.5059999823570251,0.2786000072956085
YKL189W,YEL053C,0,-2.6661663,0.15365928411483765,0.5059999823570251,0.27869999408721924
YGR109W-A,YPL267W,0,-2.666215,0.1536126285791397,0.5059999823570251,0.27880001068115234
YGR272C,YPR108W,0,-2.666233,0.15356600284576416,0.5059999823570251,0.27889999747276306
YGR252W,YNL261W,1,-2.6663039,0.15382280945777893,0.5070000290870667,0.27889999747276306
YGR175C,YAR035W,0,-2.666436,0.153776153922081,0.5070000290870667,0.27900001406669617
YOR201C,YML007W,0,-2.666573,0.15372952818870544,0.5070000290870667,0.2791000008583069
YLL035W,YOR192C-B,0,-2.6666179,0.15368293225765228,0.5070000290870667,0.2791999876499176
YNL247W,YML016C,0,-2.6666205,0.1536363661289215,0.5070000290870667,0.2793000042438507
YGR206W,YBR153W,0,-2.6666958,0.15358981490135193,0.5070000290870667,0.2793999910354614
YBL088C,YGL181W,0,-2.66676,0.15354330837726593,0.5070000290870667,0.27950000762939453
YHL012W,YBL007C,0,-2.6667757,0.15349681675434113,0.5070000290870667,0.27959999442100525
YIL140W,YOR192C-A,0,-2.6667898,0.1534503698348999,0.5070000290870667,0.27970001101493835
YDR170W-A,YPR051W,0,-2.6668205,0.15340393781661987,0.5070000290870667,0.2797999978065491
YDR261W-B,YPR110C,0,-2.6669362,0.15335753560066223,0.5070000290870667,0.2799000144004822
YNL272C,YGR042W,0,-2.6670814,0.15331116318702698,0.5070000290870667,0.2800000011920929
YMR273C,YBR195C,1,-2.6672943,0.1535671055316925,0.5080000162124634,0.2800000011920929
YLR451W,YOR192C-B,0,-2.6675982,0.15352070331573486,0.5080000162124634,0.2800999879837036
YKL049C,YPL060C-A,0,-2.6676035,0.15347431600093842,0.5080000162124634,0.2802000045776367
YFL005W,YFL035C-A,0,-2.6677265,0.15342797338962555,0.5080000162124634,0.28029999136924744
YPL243W,YGR042W,0,-2.667756,0.15338164567947388,0.5080000162124634,0.28040000796318054
YLR136C,YOR192C-A,0,-2.6677992,0.1533353477716446,0.5080000162124634,0.28049999475479126
YJL201W,YDR503C,0,-2.667935,0.1532890796661377,0.5080000162124634,0.28060001134872437
YNL233W,YHR072W-A,0,-2.6679816,0.15324284136295319,0.5080000162124634,0.2806999981403351
YIL140W,YLR074C,0,-2.6680202,0.15319661796092987,0.5080000162124634,0.2808000147342682
YER002W,YFL035C-A,0,-2.668076,0.15315043926239014,0.5080000162124634,0.2809000015258789
YGL046W,YNR057C,0,-2.6683683,0.1531042754650116,0.5080000162124634,0.2809999883174896
YDR501W,YLR410W-A,0,-2.668399,0.15305815637111664,0.5080000162124634,0.28110000491142273
YLR466W,YFL058W,0,-2.6687045,0.15301205217838287,0.5080000162124634,0.28119999170303345
YLR396C,YNL236W,0,-2.6687822,0.1529659777879715,0.5080000162124634,0.28130000829696655
YLR396C,YGR161C-C,0,-2.6688137,0.1529199331998825,0.5080000162124634,0.28139999508857727
YGR245C,YDR039C,0,-2.6690354,0.1528739035129547,0.5080000162124634,0.2815000116825104
YJL013C,YLR305C,0,-2.669042,0.1528279185295105,0.5080000162124634,0.2815999984741211
YPL047W,YPL055C,1,-2.6692595,0.1530827134847641,0.5090000033378601,0.2815999984741211
YPL084W,YLR361C,0,-2.6693072,0.1530366837978363,0.5090000033378601,0.2816999852657318
YML043C,YLR410W-A,0,-2.6693354,0.1529906839132309,0.5090000033378601,0.2818000018596649
YLL001W,YOR192C-B,0,-2.6697161,0.15294471383094788,0.5090000033378601,0.28189998865127563
YIL126W,YBL052C,1,-2.6698549,0.15319916605949402,0.5099999904632568,0.28189998865127563
YGR252W,YMR247C,1,-2.6700447,0.15345345437526703,0.5109999775886536,0.28189998865127563
YLR390W-A,YKL200C,0,-2.6700609,0.15340737998485565,0.5109999775886536,0.28200000524520874
YGL133W,YNL216W,1,-2.670207,0.15366145968437195,0.5120000243186951,0.28200000524520874
YJL039C,YBR080C,0,-2.6705613,0.15361535549163818,0.5120000243186951,0.28209999203681946
YGR252W,YGL112C,1,-2.6706026,0.15386922657489777,0.5130000114440918,0.28209999203681946
YKL046C,YMR213W,0,-2.670621,0.1538230925798416,0.5130000114440918,0.28220000863075256
YJL201W,YLR410W-A,0,-2.6707907,0.15377697348594666,0.5130000114440918,0.2822999954223633
YGR027W-A,YPR189W,0,-2.6708322,0.15373089909553528,0.5130000114440918,0.2824000120162964
YLR383W,YML046W,0,-2.6708462,0.1536848396062851,0.5130000114440918,0.2824999988079071
YDR295C,YPR179C,1,-2.6708589,0.15393830835819244,0.5139999985694885,0.2824999988079071
YMR023C,YDR016C,0,-2.6710515,0.15389221906661987,0.5139999985694885,0.2825999855995178
YLL006W,YKL200C,0,-2.6711907,0.1538461595773697,0.5139999985694885,0.2827000021934509
YGL133W,YKR029C,1,-2.6714954,0.15409934520721436,0.5149999856948853,0.2827000021934509
YDR523C,YKR082W,0,-2.6716437,0.1540532410144806,0.5149999856948853,0.28279998898506165
YAL068C,YEL013W,0,-2.6716826,0.1540071815252304,0.5149999856948853,0.28290000557899475
YDR261C-C,YDR246W,0,-2.6716928,0.15396113693714142,0.5149999856948853,0.28299999237060547
YKL119C,YDR261C-C,0,-2.6717033,0.15391512215137482,0.5149999856948853,0.2831000089645386
YOR054C,YGR092W,0,-2.671755,0.1538691371679306,0.5149999856948853,0.2831999957561493
YGR231C,YDR138W,0,-2.6718554,0.15382318198680878,0.5149999856948853,0.2833000123500824
YMR179W,YOR116C,0,-2.6719282,0.15377724170684814,0.5149999856948853,0.2833999991416931
YJR021C,YDR472W,0,-2.671936,0.1537313461303711,0.5149999856948853,0.28349998593330383
YLR276C,YJL056C,0,-2.6720357,0.15368546545505524,0.5149999856948853,0.28360000252723694
YGR251W,YML118W,0,-2.6723962,0.15363961458206177,0.5149999856948853,0.28369998931884766
YPL196W,YGL051W,0,-2.6725836,0.15359379351139069,0.5149999856948853,0.28380000591278076
YLR398C,YER083C,0,-2.6726222,0.153548002243042,0.5149999856948853,0.2838999927043915
YNL156C,YOL125W,0,-2.6728365,0.15350224077701569,0.5149999856948853,0.2840000092983246
YDR261C-C,YKR061W,0,-2.673018,0.15345649421215057,0.5149999856948853,0.2840999960899353
YDR494W,YNL244C,0,-2.6730404,0.15341077744960785,0.5149999856948853,0.2842000126838684
YML024W,YGR171C,0,-2.6730437,0.1533651053905487,0.5149999856948853,0.2842999994754791
YKL068W,YER100W,0,-2.6731968,0.15331943333148956,0.5149999856948853,0.28439998626708984
YOR253W,YMR213W,0,-2.6734393,0.153273805975914,0.5149999856948853,0.28450000286102295
YNR058W,YOR126C,0,-2.6736524,0.15322820842266083,0.5149999856948853,0.28459998965263367
YDR170W-A,YMR179W,0,-2.6740904,0.15318262577056885,0.5149999856948853,0.2847000062465668
YDR011W,YML007W,0,-2.6741238,0.15313707292079926,0.5149999856948853,0.2847999930381775
YFL018W-A,YNL236W,0,-2.674192,0.15309156477451324,0.5149999856948853,0.2849000096321106
YDR170W-A,YBL046W,0,-2.6742759,0.15304605662822723,0.5149999856948853,0.2849999964237213
YGR165W,YDR306C,0,-2.6745892,0.1530005931854248,0.5149999856948853,0.2851000130176544
YMR097C,YJL201W,0,-2.6745925,0.15295515954494476,0.5149999856948853,0.28519999980926514
YGR272C,YJR044C,0,-2.6747072,0.15290974080562592,0.5149999856948853,0.28529998660087585
YML104C,YGR101W,0,-2.6748416,0.15286435186862946,0.5149999856948853,0.28540000319480896
YIR009W,YBR156C,0,-2.6748986,0.15281899273395538,0.5149999856948853,0.2854999899864197
YEL012W,YDR501W,0,-2.6749249,0.1527736634016037,0.5149999856948853,0.2856000065803528
YDR184C,YHL020C,0,-2.6750932,0.1527283489704132,0.5149999856948853,0.2856999933719635
YMR273C,YPR031W,1,-2.6752083,0.1529795378446579,0.515999972820282,0.2856999933719635
YIL150C,YAL011W,1,-2.6752622,0.15323059260845184,0.5170000195503235,0.2856999933719635
YMR309C,YLR427W,0,-2.6752977,0.1531851887702942,0.5170000195503235,0.2858000099658966
YJL114W,YER118C,0,-2.675352,0.15313981473445892,0.5170000195503235,0.2858999967575073
YLR196W,YDR138W,0,-2.675512,0.15309445559978485,0.5170000195503235,0.28600001335144043
YJR132W,YLR035C,0,-2.6756809,0.15304914116859436,0.5170000195503235,0.28610000014305115
YKL125W,YJL013C,0,-2.6757684,0.15300384163856506,0.5170000195503235,0.28619998693466187
YBL071W-A,YLR398C,0,-2.6758213,0.15295858681201935,0.5170000195503235,0.28630000352859497
YDR463W,YGL028C,0,-2.6758666,0.15291333198547363,0.5170000195503235,0.2863999903202057
YGR251W,YIL140W,0,-2.675909,0.1528681218624115,0.5170000195503235,0.2865000069141388
YLR092W,YLR363C,0,-2.6761084,0.15282294154167175,0.5170000195503235,0.2865999937057495
YNL177C,YLR115W,0,-2.6761422,0.1527777761220932,0.5170000195503235,0.2867000102996826
YLR385C,YLL004W,1,-2.6765525,0.15302807092666626,0.5180000066757202,0.2867000102996826
YKR037C,YDR030C,0,-2.676589,0.15298287570476532,0.5180000066757202,0.28679999709129333
YER052C,YGR027W-A,0,-2.6767108,0.15293771028518677,0.5180000066757202,0.28690001368522644
YGR272C,YER094C,0,-2.6768203,0.1528925597667694,0.5180000066757202,0.28700000047683716
YOL003C,YGL130W,0,-2.6769712,0.15284745395183563,0.5180000066757202,0.2870999872684479
YDR261C-C,YOR259C,0,-2.6771383,0.15280236303806305,0.5180000066757202,0.287200003862381
YDR494W,YGR027W-A,0,-2.6771593,0.15275730192661285,0.5180000066757202,0.2872999906539917
YDL007W,YJR001W,0,-2.6772099,0.15271227061748505,0.5180000066757202,0.2874000072479248
YMR075W,YIL150C,1,-2.677271,0.15296198427677155,0.5189999938011169,0.2874000072479248
YGR134W,YLR172C,0,-2.6778197,0.15291690826416016,0.5189999938011169,0.2874999940395355
YGL043W,YNL054W-B,0,-2.678046,0.15287187695503235,0.5189999938011169,0.28760001063346863
YHR072W-A,YKR087C,0,-2.6781356,0.15282686054706573,0.5189999938011169,0.28769999742507935
YDR494W,YHL038C,0,-2.6781945,0.15278185904026031,0.5189999938011169,0.28780001401901245
YGL051W,YLR227W-A,0,-2.6782546,0.15273690223693848,0.5189999938011169,0.28790000081062317
YKR085C,YDL159W,0,-2.67833,0.15269197523593903,0.5189999938011169,0.2879999876022339
YMR227C,YFL035C-A,0,-2.678412,0.15264706313610077,0.5189999938011169,0.288100004196167
YLL006W,YCR026C,0,-2.6786504,0.1526021808385849,0.5189999938011169,0.2881999909877777
YJL012C-A,YIR008C,0,-2.6787896,0.15255731344223022,0.5189999938011169,0.2883000075817108
YFL049W,YER030W,1,-2.6787987,0.1528063416481018,0.5199999809265137,0.2883000075817108
YIR011C,YBR118W,0,-2.6791148,0.15276145935058594,0.5199999809265137,0.28839999437332153
YIL135C,YGL168W,0,-2.6791475,0.15271659195423126,0.5199999809265137,0.28850001096725464
YMR186W,YER100W,0,-2.679369,0.15267175436019897,0.5199999809265137,0.28859999775886536
YER014C-A,YKL120W,0,-2.6793897,0.15262694656848907,0.5199999809265137,0.28870001435279846
YFL018W-A,YDL207W,0,-2.679427,0.15258215367794037,0.5199999809265137,0.2888000011444092
YLR080W,YOR192C-B,0,-2.6795483,0.15253740549087524,0.5199999809265137,0.2888999879360199
YOR126C,YBR086C,0,-2.679583,0.1524926722049713,0.5199999809265137,0.289000004529953
YER036C,YOR192C-B,0,-2.6798196,0.15244796872138977,0.5199999809265137,0.2890999913215637
YFL035C-A,YBR055C,0,-2.679891,0.15240328013896942,0.5199999809265137,0.2892000079154968
YLR466W,YAR044W,0,-2.6799104,0.15235862135887146,0.5199999809265137,0.28929999470710754
YGL046W,YPR167C,0,-2.6799724,0.15231400728225708,0.5199999809265137,0.28940001130104065
YDR484W,YOR192C-B,0,-2.68007,0.1522693932056427,0.5199999809265137,0.28949999809265137
YIL126W,YCR052W,1,-2.6801734,0.15251755714416504,0.5210000276565552,0.28949999809265137
YDR334W,YDR224C,1,-2.6802025,0.15276558697223663,0.5220000147819519,0.28949999809265137
YDR261C-C,YCR092C,0,-2.6802368,0.1527208834886551,0.5220000147819519,0.2896000146865845
YMR322C,YDR261W-B,0,-2.6805706,0.15267622470855713,0.5220000147819519,0.2897000014781952
YDR261C-C,YNL073W,0,-2.680581,0.15263158082962036,0.5220000147819519,0.2897999882698059
YPL115C,YEL013W,0,-2.680636,0.15258696675300598,0.5220000147819519,0.289900004863739
YJR021C,YDL092W,0,-2.6806846,0.1525423675775528,0.5220000147819519,0.28999999165534973
YOL100W,YLR088W,0,-2.6807837,0.1524978131055832,0.5220000147819519,0.29010000824928284
YAR003W,YER125W,1,-2.680901,0.152745321393013,0.5230000019073486,0.29010000824928284
YOR047C,YDR447C,0,-2.680944,0.152700737118721,0.5230000019073486,0.29019999504089355
YIL110W,YFL035C-A,0,-2.68111,0.15265615284442902,0.5230000019073486,0.29030001163482666
YBL090W,YKR099W,0,-2.6811934,0.1526116132736206,0.5230000019073486,0.2903999984264374
YPL204W,YNL163C,0,-2.6812787,0.1525670886039734,0.5230000019073486,0.2904999852180481
YFL058W,YKL206C,0,-2.6814299,0.15252260863780975,0.5230000019073486,0.2906000018119812
YOL086C,YDR072C,0,-2.6817734,0.15247812867164612,0.5230000019073486,0.2906999886035919
YPL120W,YOR192C-A,0,-2.6818225,0.15243369340896606,0.5230000019073486,0.290800005197525
YMR273C,YLL004W,1,-2.6818268,0.1526806503534317,0.5239999890327454,0.290800005197525
YHR066W,YDR261W-B,0,-2.681906,0.15263618528842926,0.5239999890327454,0.29089999198913574
YKL075C,YCR018C,0,-2.6819282,0.152591735124588,0.5239999890327454,0.29100000858306885
YLR376C,YDR164C,0,-2.681964,0.15254729986190796,0.5239999890327454,0.29109999537467957
YJL039C,YOR298W,0,-2.6820467,0.1525029093027115,0.5239999890327454,0.29120001196861267
YMR168C,YLR130C,0,-2.682146,0.1524585336446762,0.5239999890327454,0.2912999987602234
YDR170W-A,YIL049W,0,-2.6821878,0.15241418778896332,0.5239999890327454,0.2913999855518341
YML057W,YCR063W,0,-2.6823812,0.15236987173557281,0.5239999890327454,0.2915000021457672
YER168C,YHR129C,0,-2.682385,0.1523255854845047,0.5239999890327454,0.29159998893737793
YBR080C,YDR501W,0,-2.6824217,0.15228131413459778,0.5239999890327454,0.29170000553131104
YJL106W,YKR099W,0,-2.6826992,0.15223707258701324,0.5239999890327454,0.29179999232292175
YIL049W,YMR227C,0,-2.682764,0.1521928608417511,0.5239999890327454,0.29190000891685486
YCL044C,YBR153W,0,-2.6829362,0.15214866399765015,0.5239999890327454,0.2919999957084656
YKL049C,YLR361C,0,-2.6830678,0.15210449695587158,0.5239999890327454,0.2921000123023987
YOL003C,YLR224W,0,-2.6830988,0.1520603597164154,0.5239999890327454,0.2921999990940094
YPR108W,YGL206C,0,-2.683206,0.15201625227928162,0.5239999890327454,0.2922999858856201
YGL129C,YJL013C,0,-2.6832223,0.15197215974330902,0.5239999890327454,0.2924000024795532
YLR032W,YDL164C,0,-2.683265,0.1519280970096588,0.5239999890327454,0.29249998927116394
YLR126C,YDL108W,0,-2.6836908,0.151884064078331,0.5239999890327454,0.29260000586509705
YML036W,YML043C,0,-2.6838682,0.15184004604816437,0.5239999890327454,0.29269999265670776
YML109W,YNL135C,1,-2.683948,0.15208575129508972,0.5249999761581421,0.29269999265670776
YLR430W,YCR018C,0,-2.684111,0.1520417034626007,0.5249999761581421,0.29280000925064087
YNL261W,YPL055C,1,-2.6841273,0.15228720009326935,0.5260000228881836,0.29280000925064087
YNL038W,YHL020C,0,-2.684135,0.15224312245845795,0.5260000228881836,0.2928999960422516
YGR272C,YDR011W,0,-2.684196,0.15219907462596893,0.5260000228881836,0.2930000126361847
YML042W,YHL022C,0,-2.6843083,0.1521550416946411,0.5260000228881836,0.2930999994277954
YOR363C,YNL139C,0,-2.684317,0.15211105346679688,0.5260000228881836,0.29319998621940613
YJL187C,YGL216W,0,-2.6843276,0.15206706523895264,0.5260000228881836,0.29330000281333923
YMR309C,YOR067C,0,-2.6844075,0.15202312171459198,0.5260000228881836,0.29339998960494995
YOR231W,YGL168W,0,-2.684474,0.15197919309139252,0.5260000228881836,0.29350000619888306
YLR200W,YNL054W-B,0,-2.684545,0.15193529427051544,0.5260000228881836,0.2935999929904938
YMR302C,YML104C,0,-2.6845639,0.15189142525196075,0.5260000228881836,0.2937000095844269
YDR004W,YKL014C,0,-2.684641,0.15184757113456726,0.5260000228881836,0.2937999963760376
YMR168C,YLR229C,0,-2.6850224,0.15180374681949615,0.5260000228881836,0.2939000129699707
YPR107C,YKL007W,0,-2.6852944,0.15175995230674744,0.5260000228881836,0.2939999997615814
YOR341W,YMR059W,0,-2.6853883,0.1517161875963211,0.5260000228881836,0.29409998655319214
YMR227C,YCL029C,0,-2.6854072,0.15167243778705597,0.5260000228881836,0.29420000314712524
YMR207C,YDR034C-D,0,-2.6855466,0.15162871778011322,0.5260000228881836,0.29429998993873596
YJR060W,YDR073W,1,-2.6856515,0.15187320113182068,0.5270000100135803,0.29429998993873596
YOL076W,YLR113W,0,-2.685956,0.15182945132255554,0.5270000100135803,0.29440000653266907
YDR121W,YFR037C,1,-2.6859794,0.1520737260580063,0.527999997138977,0.29440000653266907
YBL011W,YDR365W-A,0,-2.686131,0.15202994644641876,0.527999997138977,0.2944999933242798
YDR492W,YDR365W-A,0,-2.6861935,0.15198618173599243,0.527999997138977,0.2946000099182129
YGR251W,YLR396C,0,-2.6862087,0.1519424468278885,0.527999997138977,0.2946999967098236
YDR261W-B,YCR047C,0,-2.6864228,0.15189872682094574,0.527999997138977,0.2948000133037567
YJR035W,YDR079W,0,-2.6864426,0.15185505151748657,0.527999997138977,0.29490000009536743
YOR192C-B,YBR055C,0,-2.6865482,0.1518113911151886,0.527999997138977,0.29499998688697815
YKL125W,YLL016W,0,-2.686638,0.15176774561405182,0.527999997138977,0.29510000348091125
YER122C,YOR240W,0,-2.6866565,0.15172414481639862,0.527999997138977,0.295199990272522
YDR110W,YCR052W,1,-2.686674,0.1519678235054016,0.5289999842643738,0.295199990272522
YGR098C,YDR212W,0,-2.686705,0.15192417800426483,0.5289999842643738,0.2953000068664551
YCL067C,YOR028C,0,-2.686977,0.15188056230545044,0.5289999842643738,0.2953999936580658
YOR363C,YPL120W,0,-2.6870275,0.15183697640895844,0.5289999842643738,0.2955000102519989
YNL106C,YDR219C,0,-2.6871448,0.15179340541362762,0.5289999842643738,0.2955999970436096
YKL049C,YAL055W,0,-2.6872165,0.151749849319458,0.5289999842643738,0.2957000136375427
YDR194C,YOR192C-A,0,-2.6872368,0.15170633792877197,0.5289999842643738,0.29580000042915344
YNL133C,YLR032W,0,-2.687356,0.15166284143924713,0.5289999842643738,0.29589998722076416
YLR330W,YOR145C,0,-2.6874719,0.15161937475204468,0.5289999842643738,0.29600000381469727
YOR388C,YDR054C,0,-2.6876373,0.1515759378671646,0.5289999842643738,0.296099990606308
YOL109W,YNR057C,0,-2.6876776,0.15153251588344574,0.5289999842643738,0.2962000072002411
YFL038C,YLR227W-B,0,-2.687821,0.15148912370204926,0.5289999842643738,0.2962999939918518
YHR092C,YFL035C-A,0,-2.6878219,0.15144574642181396,0.5289999842643738,0.2964000105857849
YKL145W,YGL211W,0,-2.6880012,0.15140239894390106,0.5289999842643738,0.29649999737739563
YML048W,YPL050C,0,-2.6880977,0.15135908126831055,0.5289999842643738,0.29660001397132874
YLR172C,YML115C,0,-2.6883605,0.15131579339504242,0.5289999842643738,0.29670000076293945
YMR145C,YLR227W-B,0,-2.688384,0.15127252042293549,0.5289999842643738,0.29679998755455017
YNL071W,YLR136C,0,-2.6886473,0.15122927725315094,0.5289999842643738,0.2969000041484833
YCL061C,YPL116W,1,-2.6886616,0.15147185325622559,0.5299999713897705,0.2969000041484833
YLR409C,YNL236W,0,-2.6886935,0.15142856538295746,0.5299999713897705,0.296999990940094
YPL015C,YAL011W,1,-2.688907,0.15167094767093658,0.531000018119812,0.296999990940094
YGL191W,YCL029C,0,-2.6890578,0.15162764489650726,0.531000018119812,0.2971000075340271
YKL082C,YDL159W,0,-2.6891012,0.15158435702323914,0.531000018119812,0.2971999943256378
YBR298C,YJL140W,0,-2.6892028,0.1515410989522934,0.531000018119812,0.2973000109195709
YDR494W,YGR289C,0,-2.6892247,0.15149785578250885,0.531000018119812,0.29739999771118164
YER049W,YLR148W,0,-2.6893215,0.1514546424150467,0.531000018119812,0.29750001430511475
YPL060C-A,YBR188C,0,-2.6894064,0.15141145884990692,0.531000018119812,0.29760000109672546
YHR069C,YER094C,0,-2.6894345,0.15136830508708954,0.531000018119812,0.2976999878883362
YGR080W,YDR034C-D,0,-2.6895318,0.15132516622543335,0.531000018119812,0.2978000044822693
YOR156C,YGL046W,0,-2.6895504,0.15128205716609955,0.531000018119812,0.29789999127388
YDR004W,YGR029W,0,-2.6897306,0.15123896300792694,0.531000018119812,0.2980000078678131
YOR244W,YPR179C,1,-2.6897526,0.15148064494132996,0.5320000052452087,0.2980000078678131
YER094C,YAR044W,0,-2.6898232,0.15143752098083496,0.5320000052452087,0.29809999465942383
YNL106C,YNL080C,0,-2.6898475,0.15139442682266235,0.5320000052452087,0.29820001125335693
YDR170W-A,YPR024W,0,-2.6899614,0.15135134756565094,0.5320000052452087,0.29829999804496765
YJR043C,YGR101W,0,-2.69028,0.15130829811096191,0.5320000052452087,0.29840001463890076
YLR466W,YLL027W,0,-2.6903024,0.15126527845859528,0.5320000052452087,0.2985000014305115
YER061C,YGL241W,0,-2.690526,0.15122228860855103,0.5320000052452087,0.2985999882221222
YOR058C,YLR362W,0,-2.6905682,0.15117931365966797,0.5320000052452087,0.2987000048160553
YGR103W,YOR259C,0,-2.6906471,0.1511363685131073,0.5320000052452087,0.298799991607666
YPL047W,YDR176W,1,-2.690658,0.15137745440006256,0.5329999923706055,0.298799991607666
YDR252W,YLR227W-A,0,-2.6907,0.1513344645500183,0.5329999923706055,0.2989000082015991
YJR112W,YIR023W,0,-2.6907496,0.15129151940345764,0.5329999923706055,0.29899999499320984
YHR066W,YIR009W,0,-2.6907568,0.15124857425689697,0.5329999923706055,0.29910001158714294
YLR398C,YDL207W,0,-2.6907659,0.15120567381381989,0.5329999923706055,0.29919999837875366
YNL272C,YLR390W-A,0,-2.6909804,0.151162788271904,0.5329999923706055,0.2992999851703644
YCL044C,YML058W,0,-2.6911678,0.15111993253231049,0.5329999923706055,0.2994000017642975
YIL007C,YLR115W,0,-2.6912189,0.15107709169387817,0.5329999923706055,0.2994999885559082
YGR162W,YLR361C,0,-2.6913407,0.15103428065776825,0.5329999923706055,0.2996000051498413
YJL114W,YHR085W,0,-2.691372,0.1509914994239807,0.5329999923706055,0.299699991941452
YKL119C,YDR463W,0,-2.691416,0.15094873309135437,0.5329999923706055,0.29980000853538513
YNR043W,YHL022C,0,-2.6914678,0.15090599656105042,0.5329999923706055,0.29989999532699585
YMR302C,YPR189W,0,-2.6914916,0.15086328983306885,0.5329999923706055,0.30000001192092896
YOR244W,YLR357W,1,-2.6915035,0.15110357105731964,0.5339999794960022,0.30000001192092896
YOR174W,YHR085W,0,-2.6916604,0.1510608196258545,0.5339999794960022,0.3000999987125397
YOL149W,YLR390W-A,0,-2.6916761,0.15101809799671173,0.5339999794960022,0.3001999855041504
YDR261W-B,YMR004W,0,-2.6918893,0.15097540616989136,0.5339999794960022,0.3003000020980835
YLR210W,YJR055W,0,-2.6918998,0.15093272924423218,0.5339999794960022,0.3003999888896942
YPR056W,YOL072W,0,-2.691918,0.15089008212089539,0.5339999794960022,0.3005000054836273
YJL030W,YPR009W,0,-2.691995,0.15084746479988098,0.5339999794960022,0.30059999227523804
YLR376C,YDR261C-C,0,-2.692223,0.15080486238002777,0.5339999794960022,0.30070000886917114
YOL100W,YBR035C,0,-2.6923442,0.15076227486133575,0.5339999794960022,0.30079999566078186
YDR121W,YBR195C,1,-2.6925938,0.1510019749403,0.5350000262260437,0.30079999566078186
YLR221C,YGR109W-B,0,-2.692703,0.15095937252044678,0.5350000262260437,0.30090001225471497
YBR156C,YGL222C,0,-2.6928368,0.15091678500175476,0.5350000262260437,0.3009999990463257
YGR165W,YBR086C,0,-2.6928802,0.15087422728538513,0.5350000262260437,0.3010999858379364
YNL218W,YBL100W-A,0,-2.6929202,0.1508316844701767,0.5350000262260437,0.3012000024318695
YDR261C-C,YPL019C,0,-2.6930366,0.15078917145729065,0.5350000262260437,0.3012999892234802
YDR303C,YPL055C,1,-2.693131,0.15102845430374146,0.5360000133514404,0.3012999892234802
YJL005W,YKL052C,0,-2.6932147,0.15098591148853302,0.5360000133514404,0.30140000581741333
YHR094C,YFL018W-A,0,-2.6932247,0.15094339847564697,0.5360000133514404,0.30149999260902405
YMR129W,YIL140W,0,-2.6933851,0.15090090036392212,0.5360000133514404,0.30160000920295715
YGR252W,YPL116W,1,-2.6935372,0.15113988518714905,0.5370000004768372,0.30160000920295715
YJR066W,YAR044W,0,-2.6935658,0.1510973572731018,0.5370000004768372,0.30169999599456787
YDR011W,YIL062C,0,-2.6935835,0.15105485916137695,0.5370000004768372,0.301800012588501
YOL006C,YMR247C,1,-2.6936023,0.1512935906648636,0.5379999876022339,0.301800012588501
YPR009W,YDR080W,0,-2.6936655,0.15125104784965515,0.5379999876022339,0.3018999993801117
YBR156C,YEL053C,0,-2.6937149,0.1512085497379303,0.5379999876022339,0.3019999861717224
YPL116W,YDL153C,1,-2.693769,0.15144704282283783,0.5389999747276306,0.3019999861717224
YBR200W,YCR026C,0,-2.6941538,0.1514045000076294,0.5389999747276306,0.3021000027656555
YNL119W,YML016C,0,-2.6943078,0.15136197209358215,0.5389999747276306,0.30219998955726624
YGL213C,YLR227W-A,0,-2.694393,0.1513194888830185,0.5389999747276306,0.30230000615119934
YOR054C,YFL035C-A,0,-2.6944346,0.15127702057361603,0.5389999747276306,0.30239999294281006
YKL145W,YGL183C,0,-2.6944985,0.15123456716537476,0.5389999747276306,0.30250000953674316
YIL021W,YGL046W,0,-2.694722,0.15119214355945587,0.5389999747276306,0.3025999963283539
YMR145C,YPL060C-A,0,-2.6947894,0.15114974975585938,0.5389999747276306,0.302700012922287
YLR045C,YOR089C,0,-2.694958,0.15110737085342407,0.5389999747276306,0.3027999997138977
YKL089W,YLR410W-A,0,-2.6950605,0.15106502175331116,0.5389999747276306,0.3028999865055084
YMR322C,YLR163C,0,-2.6950686,0.15102270245552063,0.5389999747276306,0.30300000309944153
YKL204W,YDL209C,0,-2.6951454,0.1509803980588913,0.5389999747276306,0.30309998989105225
YBR200W,YJR077C,0,-2.6951582,0.15093810856342316,0.5389999747276306,0.30320000648498535
YDR004W,YGR161C-C,0,-2.6951861,0.1508958637714386,0.5389999747276306,0.30329999327659607
YER147C,YKR026C,0,-2.6953158,0.15085361897945404,0.5389999747276306,0.3034000098705292
YDR261W-B,YDR449C,0,-2.6953528,0.15081141889095306,0.5389999747276306,0.3034999966621399
YGR109W-A,YAL023C,0,-2.6959996,0.15076923370361328,0.5389999747276306,0.303600013256073
YKL120W,YAR044W,0,-2.6960135,0.1507270634174347,0.5389999747276306,0.3037000000476837
YPL175W,YBL100W-A,0,-2.6960773,0.15068493783473969,0.5389999747276306,0.30379998683929443
YOR388C,YLR227W-B,0,-2.6964583,0.15064281225204468,0.5389999747276306,0.30390000343322754
YLR385C,YDR225W,1,-2.696509,0.1508801281452179,0.5400000214576721,0.30390000343322754
YGR175C,YCL029C,0,-2.6965733,0.1508379876613617,0.5400000214576721,0.30399999022483826
YDR060W,YPR101W,0,-2.696589,0.1507958620786667,0.5400000214576721,0.30410000681877136
YGL047W,YDL005C,0,-2.6968174,0.15075376629829407,0.5400000214576721,0.3041999936103821
YHL024W,YPL036W,0,-2.6970458,0.15071170032024384,0.5400000214576721,0.3043000102043152
YLR210W,YIL110W,0,-2.697101,0.1506696492433548,0.5400000214576721,0.3043999969959259
YHL012W,YPL060C-A,0,-2.6971679,0.15062761306762695,0.5400000214576721,0.304500013589859
YBR244W,YOR192C-A,0,-2.6972713,0.1505856066942215,0.5400000214576721,0.3046000003814697
YMR117C,YDR217C,0,-2.6972964,0.15054363012313843,0.5400000214576721,0.30469998717308044
YOR020C,YDR261C-C,0,-2.6974978,0.15050166845321655,0.5400000214576721,0.30480000376701355
YOR043W,YKR035W-A,0,-2.6977186,0.15045973658561707,0.5400000214576721,0.30489999055862427
YOR174W,YNL080C,0,-2.6977491,0.15041783452033997,0.5400000214576721,0.3050000071525574
YBR215W,YER120W,1,-2.6982722,0.15065442025661469,0.5410000085830688,0.3050000071525574
YJR055W,YFL018W-A,0,-2.6983764,0.150612473487854,0.5410000085830688,0.3050999939441681
YKR083C,YOL065C,0,-2.698444,0.1505705565214157,0.5410000085830688,0.3052000105381012
YKL046C,YOL072W,0,-2.698492,0.1505286544561386,0.5410000085830688,0.3052999973297119
YER129W,YOR054C,0,-2.6984987,0.1504867821931839,0.5410000085830688,0.305400013923645
YGR178C,YLR410W-A,0,-2.6988578,0.15044493973255157,0.5410000085830688,0.30550000071525574
YER094C,YCL029C,0,-2.6988697,0.15040311217308044,0.5410000085830688,0.30559998750686646
YLR227W-A,YBR118W,0,-2.69894,0.1503613144159317,0.5410000085830688,0.30570000410079956
YJL095W,YJL173C,0,-2.6991296,0.15031953155994415,0.5410000085830688,0.3057999908924103
YPR024W,YJL073W,0,-2.6991315,0.150277778506279,0.5410000085830688,0.3059000074863434
YKL084W,YLL036C,0,-2.6992722,0.15023604035377502,0.5410000085830688,0.3059999942779541
YDR294C,YLR227W-B,0,-2.6993728,0.15019433200359344,0.5410000085830688,0.3061000108718872
YNR033W,YLR305C,0,-2.6994135,0.15015265345573425,0.5410000085830688,0.3061999976634979
YGR134W,YKL120W,0,-2.69943,0.15011098980903625,0.5410000085830688,0.30630001425743103
YJR060W,YPL055C,1,-2.6996005,0.15034674108028412,0.5419999957084656,0.30630001425743103
YLR466W,YKL113C,0,-2.6997035,0.15030504763126373,0.5419999957084656,0.30640000104904175
YDR071C,YDR073W,1,-2.699739,0.15054062008857727,0.5429999828338623,0.30640000104904175
YHL027W,YPL187W,0,-2.6997414,0.1504988968372345,0.5429999828338623,0.30649998784065247
YNL106C,YDR043C,0,-2.6998,0.15045718848705292,0.5429999828338623,0.30660000443458557
YGR204W,YDL095W,0,-2.699894,0.15041550993919373,0.5429999828338623,0.3066999912261963
YNL261W,YFR037C,1,-2.7000194,0.1506507843732834,0.5440000295639038,0.3066999912261963
YGL206C,YNL054W-B,0,-2.7000318,0.1506090760231018,0.5440000295639038,0.3068000078201294
YOR126C,YGR037C,0,-2.7001362,0.15056739747524261,0.5440000295639038,0.3068999946117401
YOR359W,YGR109W-A,0,-2.7002585,0.15052573382854462,0.5440000295639038,0.3070000112056732
YJR153W,YHR038W,0,-2.7003462,0.150484099984169,0.5440000295639038,0.30709999799728394
YGR027W-A,YBR244W,0,-2.7004232,0.1504424810409546,0.5440000295639038,0.30720001459121704
YOR156C,YLR200W,0,-2.7004392,0.15040089190006256,0.5440000295639038,0.30730000138282776
YPL094C,YDL164C,0,-2.7005215,0.15035931766033173,0.5440000295639038,0.3073999881744385
YOR192C-B,YCR020C-A,0,-2.7005262,0.15031777322292328,0.5440000295639038,0.3075000047683716
YLL038C,YMR059W,0,-2.7005587,0.15027624368667603,0.5440000295639038,0.3075999915599823
YNL139C,YJL187C,0,-2.7006044,0.15023474395275116,0.5440000295639038,0.3077000081539154
YDR043C,YOR110W,0,-2.7007227,0.1501932591199875,0.5440000295639038,0.3077999949455261
YML067C,YMR212C,0,-2.7007499,0.1501518040895462,0.5440000295639038,0.30790001153945923
YAR003W,YPL254W,1,-2.7010782,0.15038631856441498,0.5450000166893005,0.30790001153945923
YLR324W,YAR044W,0,-2.701085,0.1503448337316513,0.5450000166893005,0.30799999833106995
YDR060W,YER100W,0,-2.7011328,0.15030336380004883,0.5450000166893005,0.30809998512268066
YPR125W,YML104C,0,-2.701747,0.15026192367076874,0.5450000166893005,0.30820000171661377
YLR013W,YGL130W,0,-2.7017522,0.15022051334381104,0.5450000166893005,0.3082999885082245
YJL176C,YIL150C,1,-2.7017803,0.15045467019081116,0.5460000038146973,0.3082999885082245
YER083C,YOR207C,0,-2.7018223,0.15041323006153107,0.5460000038146973,0.3084000051021576
YDL174C,YDL043C,0,-2.70197,0.15037180483341217,0.5460000038146973,0.3084999918937683
YDR261W-B,YLR130C,0,-2.7020302,0.15033039450645447,0.5460000038146973,0.3086000084877014
YPL084W,YPL036W,0,-2.7020712,0.15028901398181915,0.5460000038146973,0.30869999527931213
YBL052C,YJL127C,1,-2.702157,0.150522843003273,0.546999990940094,0.30869999527931213
YPR168W,YBR243C,0,-2.7022057,0.1504814326763153,0.546999990940094,0.30880001187324524
YDL164C,YLR096W,0,-2.7022078,0.1504400372505188,0.546999990940094,0.30889999866485596
YGL129C,YER145C,0,-2.7025812,0.15039868652820587,0.546999990940094,0.3089999854564667
YDR295C,YHR056C,1,-2.702684,0.15063221752643585,0.5479999780654907,0.3089999854564667
YOR047C,YNL297C,0,-2.7026849,0.15059082210063934,0.5479999780654907,0.3091000020503998
YDR419W,YFR027W,0,-2.7031298,0.15054945647716522,0.5479999780654907,0.3091999888420105
YDR365W-A,YDR164C,0,-2.7033694,0.1505081057548523,0.5479999780654907,0.3093000054359436
YFL035C-A,YOR116C,0,-2.7033768,0.15046676993370056,0.5479999780654907,0.3093999922275543
YDR198C,YHL022C,0,-2.7036767,0.1504254788160324,0.5479999780654907,0.3095000088214874
YPL249C,YMR030W,0,-2.7037675,0.15038418769836426,0.5479999780654907,0.30959999561309814
YKR026C,YBR043C,0,-2.7038722,0.1503429412841797,0.5479999780654907,0.30970001220703125
YPR108W,YDR507C,0,-2.7040112,0.15030169486999512,0.5479999780654907,0.30979999899864197
YMR023C,YML060W,0,-2.704284,0.15026049315929413,0.5479999780654907,0.3098999857902527
YKR026C,YAL029C,0,-2.704336,0.15021929144859314,0.5479999780654907,0.3100000023841858
YJL039C,YHR079C,0,-2.704425,0.15017813444137573,0.5479999780654907,0.3100999891757965
YDR072C,YKL130C,0,-2.7044957,0.15013699233531952,0.5479999780654907,0.3102000057697296
YHR069C,YEL024W,0,-2.7045486,0.1500958651304245,0.5479999780654907,0.31029999256134033
YKL057C,YML104C,0,-2.704566,0.15005476772785187,0.5479999780654907,0.31040000915527344
YGR206W,YDR261W-B,0,-2.7046466,0.15001368522644043,0.5479999780654907,0.31049999594688416
YMR050C,YGR278W,0,-2.7047212,0.14997263252735138,0.5479999780654907,0.31060001254081726
YNL054W-B,YIL019W,0,-2.704729,0.14993159472942352,0.5479999780654907,0.310699999332428
YOR261C,YJL002C,0,-2.7047615,0.14989058673381805,0.5479999780654907,0.3107999861240387
YIR009W,YOL072W,0,-2.704925,0.14984960854053497,0.5479999780654907,0.3109000027179718
YBR126C,YDR164C,0,-2.7049935,0.14980864524841309,0.5479999780654907,0.3109999895095825
YLL035W,YBL051C,0,-2.7052097,0.1497676968574524,0.5479999780654907,0.3111000061035156
YMR168C,YLR200W,0,-2.705327,0.1497267782688141,0.5479999780654907,0.31119999289512634
YHR066W,YLR055C,0,-2.7053654,0.14968587458133698,0.5479999780654907,0.31130000948905945
YIL121W,YPL232W,0,-2.7053728,0.14964500069618225,0.5479999780654907,0.31139999628067017
YDR170W-A,YKL007W,0,-2.705892,0.14960415661334991,0.5479999780654907,0.31150001287460327
YFR050C,YOR116C,0,-2.705928,0.14956331253051758,0.5479999780654907,0.311599999666214
YMR163C,YDR045C,0,-2.705933,0.14952251315116882,0.5479999780654907,0.3116999864578247
YGR075C,YDL165W,0,-2.705976,0.14948172867298126,0.5479999780654907,0.3118000030517578
YPL116W,YDR176W,1,-2.7060819,0.1497136652469635,0.5490000247955322,0.3118000030517578
YGR161C-C,YBR017C,0,-2.7060943,0.14967285096645355,0.5490000247955322,0.31189998984336853
YLR071C,YOL125W,0,-2.706329,0.1496320515871048,0.5490000247955322,0.31200000643730164
YKL057C,YPR125W,0,-2.7066405,0.14959128201007843,0.5490000247955322,0.31209999322891235
YKR050W,YDL201W,0,-2.7066522,0.14955052733421326,0.5490000247955322,0.31220000982284546
YCL061C,YMR075W,1,-2.706677,0.14978213608264923,0.550000011920929,0.31220000982284546
YKR050W,YDR463W,0,-2.7067287,0.14974135160446167,0.550000011920929,0.3122999966144562
YIL150C,YBR195C,1,-2.7069077,0.14997278153896332,0.5509999990463257,0.3122999966144562
YFR050C,YDR449C,0,-2.7069466,0.14993196725845337,0.5509999990463257,0.3124000132083893
YDL164C,YOR150W,0,-2.7070258,0.1498911827802658,0.5509999990463257,0.3125
YGR161C-C,YLR096W,0,-2.7071462,0.14985042810440063,0.5509999990463257,0.3125999867916107
YMR100W,YLR410W-A,0,-2.707189,0.14980967342853546,0.5509999990463257,0.3127000033855438
YMR186W,YOR192C-A,0,-2.7073178,0.14976896345615387,0.5509999990463257,0.31279999017715454
YOL072W,YPR176C,0,-2.7074342,0.14972825348377228,0.5509999990463257,0.31290000677108765
YPL115C,YDR427W,0,-2.7077417,0.14968758821487427,0.5509999990463257,0.31299999356269836
YIL049W,YKL200C,0,-2.7077608,0.14964693784713745,0.5509999990463257,0.31310001015663147
YDL174C,YGR161C-C,0,-2.7079618,0.14960630238056183,0.5509999990463257,0.3131999969482422
YLR045C,YAR044W,0,-2.707999,0.1495656967163086,0.5509999990463257,0.3133000135421753
YER017C,YKL068W,0,-2.708092,0.14952510595321655,0.5509999990463257,0.313400000333786
YPR175W,YDR427W,0,-2.7081513,0.1494845300912857,0.5509999990463257,0.31349998712539673
YNL261W,YDL153C,1,-2.708768,0.14971521496772766,0.5519999861717224,0.31349998712539673
YBR043C,YDR034C-D,0,-2.7091212,0.14967462420463562,0.5519999861717224,0.31360000371932983
YKL189W,YGR193C,0,-2.7092252,0.14963404834270477,0.5519999861717224,0.31369999051094055
YGR251W,YBL099W,0,-2.709485,0.1495935022830963,0.5519999861717224,0.31380000710487366
YJL176C,YLL004W,1,-2.7094865,0.1498238891363144,0.5529999732971191,0.31380000710487366
YKL200C,YJL029C,0,-2.7095563,0.14978331327438354,0.5529999732971191,0.3138999938964844
YGR109W-A,YPL045W,0,-2.7095933,0.1497427523136139,0.5529999732971191,0.3140000104904175
YIR028W,YOR363C,0,-2.7096958,0.14970222115516663,0.5529999732971191,0.3140999972820282
YMR093W,YGR278W,0,-2.7097015,0.14966170489788055,0.5529999732971191,0.3142000138759613
YKL130C,YGL113W,0,-2.7097294,0.14962121844291687,0.5529999732971191,0.314300000667572
YNL001W,YAL029C,0,-2.7097301,0.14958074688911438,0.5529999732971191,0.31439998745918274
YGR195W,YMR165C,0,-2.7097445,0.14954029023647308,0.5529999732971191,0.31450000405311584
YMR045C,YOR341W,0,-2.7103205,0.14949986338615417,0.5529999732971191,0.31459999084472656
YDR523C,YML104C,0,-2.7105083,0.14945946633815765,0.5529999732971191,0.31470000743865967
YDR463W,YDR447C,0,-2.7105122,0.14941906929016113,0.5529999732971191,0.3147999942302704
YGR251W,YGL043W,0,-2.7106705,0.1493787169456482,0.5529999732971191,0.3149000108242035
YOL149W,YNL177C,0,-2.7107263,0.14933837950229645,0.5529999732971191,0.3149999976158142
YIL126W,YER120W,1,-2.7109065,0.14956803619861603,0.5540000200271606,0.3149999976158142
YDR225W,YAL011W,1,-2.711193,0.14979757368564606,0.5550000071525574,0.3149999976158142
YOR259C,YKL092C,0,-2.7112145,0.14975714683532715,0.5550000071525574,0.3151000142097473
YDL224C,YML075C,0,-2.7115371,0.14971674978733063,0.5550000071525574,0.31520000100135803
YGR027W-A,YLR045C,0,-2.7115684,0.1496763825416565,0.5550000071525574,0.31529998779296875
YLR119W,YJL073W,0,-2.7117617,0.14963601529598236,0.5550000071525574,0.31540000438690186
YFL005W,YDR164C,0,-2.7117777,0.1495956927537918,0.5550000071525574,0.3154999911785126
YKR067W,YFL018W-A,0,-2.7120695,0.14955537021160126,0.5550000071525574,0.3156000077724457
YGR109W-A,YJR077C,0,-2.7120833,0.1495150923728943,0.5550000071525574,0.3156999945640564
YGL094C,YGL022W,0,-2.712085,0.14947481453418732,0.5550000071525574,0.3158000111579895
YLR376C,YLR427W,0,-2.7122016,0.14943456649780273,0.5550000071525574,0.3158999979496002
YKL089W,YDR449C,0,-2.7124693,0.14939434826374054,0.5550000071525574,0.3160000145435333
YNL232W,YFL038C,0,-2.7125444,0.14935414493083954,0.5550000071525574,0.31610000133514404
YER147C,YNR033W,0,-2.712748,0.14931395649909973,0.5550000071525574,0.31619998812675476
YBR288C,YGR161C-C,0,-2.712899,0.1492737978696823,0.5550000071525574,0.31630000472068787
YMR051C,YLR045C,0,-2.7129397,0.14923366904258728,0.5550000071525574,0.3163999915122986
YFL035C-A,YLR196W,0,-2.7129953,0.14919355511665344,0.5550000071525574,0.3165000081062317
YOR151C,YHR085W,0,-2.7130888,0.1491534560918808,0.5550000071525574,0.3165999948978424
YBL071W-A,YGR046W,0,-2.7134485,0.14911338686943054,0.5550000071525574,0.3167000114917755
YIL140W,YNL297C,0,-2.7135074,0.14907333254814148,0.5550000071525574,0.31679999828338623
YGL017W,YPR110C,0,-2.7136824,0.1490332931280136,0.5550000071525574,0.31690001487731934
YMR145C,YMR125W,0,-2.7138271,0.14899328351020813,0.5550000071525574,0.31700000166893005
YDR483W,YHR038W,0,-2.7138271,0.14895330369472504,0.5550000071525574,0.31709998846054077
YNL054W-B,YCR077C,0,-2.7139723,0.14891333878040314,0.5550000071525574,0.3172000050544739
YJR055W,YML046W,0,-2.7141342,0.14887338876724243,0.5550000071525574,0.3172999918460846
YDR392W,YNL246W,1,-2.714186,0.1491016298532486,0.5559999942779541,0.3172999918460846
YGR112W,YLR227W-B,0,-2.7141871,0.1490616649389267,0.5559999942779541,0.3174000084400177
YLR092W,YDL047W,0,-2.714251,0.149021714925766,0.5559999942779541,0.3174999952316284
YKL140W,YHL022C,0,-2.7142706,0.14898177981376648,0.5559999942779541,0.3176000118255615
YBL011W,YPR021C,0,-2.714465,0.14894187450408936,0.5559999942779541,0.31769999861717224
YKL057C,YMR299C,0,-2.7146409,0.14890198409557343,0.5559999942779541,0.31779998540878296
YBL082C,YAR044W,0,-2.7146916,0.1488621085882187,0.5559999942779541,0.31790000200271606
YJL201W,YMR058W,0,-2.7147899,0.14882226288318634,0.5559999942779541,0.3179999887943268
YJL173C,YDL118W,0,-2.7148595,0.14878244698047638,0.5559999942779541,0.3181000053882599
YBL082C,YLL038C,0,-2.7148623,0.1487426459789276,0.5559999942779541,0.3181999921798706
YNL038W,YPL060C-A,0,-2.7150457,0.14870285987854004,0.5559999942779541,0.3183000087738037
YGR161C-C,YPL060C-A,0,-2.7150457,0.14866310358047485,0.5559999942779541,0.31839999556541443
YLR396C,YKL007W,0,-2.7152154,0.14862336218357086,0.5559999942779541,0.31850001215934753
YNL102W,YPR167C,0,-2.715463,0.14858365058898926,0.5559999942779541,0.31859999895095825
YDR507C,YBL100W-A,0,-2.7154815,0.14854395389556885,0.5559999942779541,0.31869998574256897
YFL022C,YGR257C,0,-2.7156267,0.14850427210330963,0.5559999942779541,0.3188000023365021
YDR494W,YPR073C,0,-2.715641,0.1484646201133728,0.5559999942779541,0.3188999891281128
YBR216C,YCL052C,0,-2.7157507,0.14842498302459717,0.5559999942779541,0.3190000057220459
YHL020C,YGR172C,0,-2.7157636,0.14838537573814392,0.5559999942779541,0.3190999925136566
YGR161C,YLR410W-A,0,-2.7157755,0.14834578335285187,0.5559999942779541,0.3192000091075897
YLR378C,YLR032W,0,-2.7157946,0.1483062207698822,0.5559999942779541,0.31929999589920044
YNL102W,YJL073W,0,-2.7158294,0.14826667308807373,0.5559999942779541,0.31940001249313354
YKR029C,YER120W,1,-2.7158422,0.14849373698234558,0.5569999814033508,0.31940001249313354
YGR272C,YPL028W,0,-2.7159047,0.14845415949821472,0.5569999814033508,0.31949999928474426
YMR163C,YBL074C,0,-2.716032,0.14841459691524506,0.5569999814033508,0.319599986076355
YDL118W,YER093C,0,-2.7160368,0.14837506413459778,0.5569999814033508,0.3197000026702881
YFL018W-A,YCR077C,0,-2.7160885,0.1483355462551117,0.5569999814033508,0.3197999894618988
YGL046W,YBR043C,0,-2.7161345,0.148296058177948,0.5569999814033508,0.3199000060558319
YER171W,YGL206C,0,-2.7162662,0.1482565850019455,0.5569999814033508,0.3199999928474426
YLR427W,YOR187W,0,-2.7162795,0.14821714162826538,0.5569999814033508,0.32010000944137573
YDR494W,YLR229C,0,-2.7163455,0.14817771315574646,0.5569999814033508,0.32019999623298645
YOL033W,YPL112C,0,-2.7163572,0.14813829958438873,0.5569999814033508,0.32030001282691956
YIL085C,YOR192C-A,0,-2.7165484,0.1480989158153534,0.5569999814033508,0.3203999996185303
YGL094C,YPR186C,0,-2.7167344,0.14805954694747925,0.5569999814033508,0.320499986410141
YPL217C,YJL201W,0,-2.7167761,0.1480201929807663,0.5569999814033508,0.3206000030040741
YDR252W,YLR224W,0,-2.7168922,0.14798086881637573,0.5569999814033508,0.3206999897956848
YOL003C,YNL073W,0,-2.7170022,0.14794157445430756,0.5569999814033508,0.3208000063896179
YOR298W,YDR449C,0,-2.7171936,0.14790228009223938,0.5569999814033508,0.32089999318122864
YIL150C,YPL254W,1,-2.717266,0.148128479719162,0.5580000281333923,0.32089999318122864
YDL178W,YOR150W,0,-2.7172804,0.14808917045593262,0.5580000281333923,0.32100000977516174
YJR066W,YCL034W,0,-2.7178946,0.14804987609386444,0.5580000281333923,0.32109999656677246
YMR075W,YPR193C,1,-2.7179742,0.14827586710453033,0.5590000152587891,0.32109999656677246
YML011C,YDL065C,0,-2.718445,0.14823654294013977,0.5590000152587891,0.32120001316070557
YDR261C-C,YGL183C,0,-2.7185235,0.1481972485780716,0.5590000152587891,0.3212999999523163
YML085C,YLR045C,0,-2.7187767,0.1481579691171646,0.5590000152587891,0.321399986743927
YPL060C-A,YDL164C,0,-2.718781,0.14811870455741882,0.5590000152587891,0.3215000033378601
YGR162W,YOR126C,0,-2.7190418,0.14807946979999542,0.5590000152587891,0.3215999901294708
YER190W,YOR372C,0,-2.719116,0.14804024994373322,0.5590000152587891,0.32170000672340393
YLR376C,YDL005C,0,-2.7191453,0.1480010598897934,0.5590000152587891,0.32179999351501465
YGL017W,YKL120W,0,-2.7192407,0.14796188473701477,0.5590000152587891,0.32190001010894775
YMR117C,YOL011W,0,-2.7192798,0.14792272448539734,0.5590000152587891,0.32199999690055847
YGL251C,YDR034C-D,0,-2.7192965,0.1478835940361023,0.5590000152587891,0.3221000134944916
YMR247C,YGL112C,1,-2.7193873,0.14810895919799805,0.5600000023841858,0.3221000134944916
YLR102C,YDR365W-A,0,-2.719425,0.14806979894638062,0.5600000023841858,0.3222000002861023
YLL016W,YBR034C,0,-2.7194436,0.14803066849708557,0.5600000023841858,0.322299987077713
YGR272C,YGL206C,0,-2.7194524,0.14799153804779053,0.5600000023841858,0.3224000036716461
YGR161C,YLR126C,0,-2.7195597,0.14795243740081787,0.5600000023841858,0.32249999046325684
YDR364C,YDR472W,0,-2.7195907,0.1479133665561676,0.5600000023841858,0.32260000705718994
YOR045W,YJL179W,0,-2.7196586,0.14787431061267853,0.5600000023841858,0.32269999384880066
YFR050C,YLR410W-A,0,-2.7198114,0.14783526957035065,0.5600000023841858,0.32280001044273376
YER061C,YDL188C,0,-2.7200322,0.14779625833034515,0.5600000023841858,0.3228999972343445
YJR153W,YNL163C,0,-2.7203984,0.14775726199150085,0.5600000023841858,0.3230000138282776
YGR165W,YDL159W,0,-2.720468,0.14771828055381775,0.5600000023841858,0.3231000006198883
YKL075C,YEL053C,0,-2.7205532,0.14767932891845703,0.5600000023841858,0.323199987411499
YJR035W,YML046W,0,-2.7206316,0.1476403921842575,0.5600000023841858,0.32330000400543213
YBR086C,YDR039C,0,-2.7207613,0.14760147035121918,0.5600000023841858,0.32339999079704285
YER061C,YER171W,0,-2.7208667,0.14756257832050323,0.5600000023841858,0.32350000739097595
YCL024W,YJR035W,0,-2.7210536,0.14752371609210968,0.5600000023841858,0.32359999418258667
YOL158C,YDR306C,0,-2.7211108,0.14748485386371613,0.5600000023841858,0.3237000107765198
YOR381W,YLR071C,0,-2.7211647,0.14744602143764496,0.5600000023841858,0.3237999975681305
YOR045W,YDL164C,0,-2.7213144,0.14740721881389618,0.5600000023841858,0.3239000141620636
YML041C,YML109W,1,-2.7213871,0.14763158559799194,0.5609999895095825,0.3239000141620636
YJL201W,YHL020C,0,-2.7214098,0.14759273827075958,0.5609999895095825,0.3240000009536743
YLR378C,YNL054W-B,0,-2.7216082,0.1475539207458496,0.5609999895095825,0.32409998774528503
YLR071C,YGR161C-C,0,-2.7216082,0.14751511812210083,0.5609999895095825,0.32420000433921814
YHR075C,YDR034C-D,0,-2.7216082,0.14747634530067444,0.5609999895095825,0.32429999113082886
YFL049W,YPL055C,1,-2.7216172,0.14770039916038513,0.5619999766349792,0.32429999113082886
YGR020C,YLR013W,0,-2.7216368,0.14766158163547516,0.5619999766349792,0.32440000772476196
YKR050W,YDL165W,0,-2.7216449,0.14762279391288757,0.5619999766349792,0.3244999945163727
YLR182W,YPL267W,0,-2.7217026,0.14758403599262238,0.5619999766349792,0.3246000111103058
YNL071W,YCR010C,0,-2.721746,0.14754529297351837,0.5619999766349792,0.3246999979019165
YDR004W,YHR072W-A,0,-2.7217715,0.14750656485557556,0.5619999766349792,0.3248000144958496
YNL054W-B,YLL038C,0,-2.721842,0.14746785163879395,0.5619999766349792,0.3249000012874603
YGR238C,YLR410W-A,0,-2.721889,0.14742916822433472,0.5619999766349792,0.32499998807907104
YGR241C,YHL034C,0,-2.721978,0.14739049971103668,0.5619999766349792,0.32510000467300415
YOR156C,YIL135C,0,-2.722005,0.14735186100006104,0.5619999766349792,0.32519999146461487
YLR102C,YKL007W,0,-2.7221022,0.14731323719024658,0.5619999766349792,0.325300008058548
YPL213W,YGL168W,0,-2.722117,0.14727462828159332,0.5619999766349792,0.3253999948501587
YGR288W,YGL206C,0,-2.7221236,0.14723604917526245,0.5619999766349792,0.3255000114440918
YFL060C,YOR192C-B,0,-2.7222164,0.14719748497009277,0.5619999766349792,0.3255999982357025
YCL067C,YLR132C,0,-2.7223005,0.1471589356660843,0.5619999766349792,0.3257000148296356
YIR028W,YJL140W,0,-2.7224774,0.1471204161643982,0.5619999766349792,0.32580000162124634
YGR272C,YMR030W,0,-2.722515,0.1470819115638733,0.5619999766349792,0.32589998841285706
YBL082C,YLR313C,0,-2.7225342,0.14704343676567078,0.5619999766349792,0.32600000500679016
YMR117C,YNL091W,0,-2.7226253,0.14700497686862946,0.5619999766349792,0.3260999917984009
YGR288W,YER171W,0,-2.722739,0.14696653187274933,0.5619999766349792,0.326200008392334
YDR194C,YLL036C,0,-2.7228146,0.1469281017780304,0.5619999766349792,0.3262999951839447
YGR274C,YOR117W,0,-2.722857,0.14688970148563385,0.5619999766349792,0.3264000117778778
YGL168W,YBR213W,0,-2.7228818,0.1468513160943985,0.5619999766349792,0.3264999985694885
YDR512C,YDR140W,0,-2.722888,0.14681296050548553,0.5619999766349792,0.32659998536109924
YGL213C,YPL213W,0,-2.722966,0.14677461981773376,0.5619999766349792,0.32670000195503235
YKL188C,YJL005W,0,-2.723042,0.1467362940311432,0.5619999766349792,0.32679998874664307
YDR523C,YBL004W,0,-2.7230601,0.1466979831457138,0.5619999766349792,0.32690000534057617
YML041C,YDR073W,1,-2.7233822,0.14692066609859467,0.5630000233650208,0.32690000534057617
YNR060W,YLR126C,0,-2.7235904,0.1468823403120041,0.5630000233650208,0.3269999921321869
YPR056W,YOR174W,0,-2.7236362,0.1468440294265747,0.5630000233650208,0.32710000872612
YOR388C,YGR193C,0,-2.7238362,0.14680573344230652,0.5630000233650208,0.3271999955177307
YMR273C,YPL047W,1,-2.7239904,0.1470281481742859,0.5640000104904175,0.3271999955177307
YML057W,YBL088C,0,-2.7240953,0.1469898372888565,0.5640000104904175,0.3273000121116638
YMR292W,YLR126C,0,-2.7241359,0.14695154130458832,0.5640000104904175,0.32739999890327454
YDR088C,YOR363C,0,-2.7243073,0.14691326022148132,0.5640000104904175,0.32749998569488525
YNL291C,YJL071W,0,-2.7243223,0.14687499403953552,0.5640000104904175,0.32760000228881836
YOR288C,YAL055W,0,-2.7243674,0.1468367576599121,0.5640000104904175,0.3276999890804291
YIL140W,YKR083C,0,-2.7244544,0.1467985361814499,0.5640000104904175,0.3278000056743622
YHL028W,YMR267W,0,-2.7244873,0.14676034450531006,0.5640000104904175,0.3278999924659729
YHR038W,YLR227W-A,0,-2.7245016,0.14672216773033142,0.5640000104904175,0.328000009059906
YLL035W,YPL041C,0,-2.7245965,0.14668400585651398,0.5640000104904175,0.3280999958515167
YDR221W,YAR044W,0,-2.724608,0.14664585888385773,0.5640000104904175,0.32820001244544983
YDR484W,YDR412W,0,-2.7246103,0.14660774171352386,0.5640000104904175,0.32829999923706055
YOL006C,YLR385C,1,-2.7246501,0.1468295156955719,0.5649999976158142,0.32829999923706055
YMR093W,YGR171C,0,-2.7248516,0.14679136872291565,0.5649999976158142,0.32839998602867126
YLR427W,YML060W,0,-2.724895,0.1467532515525818,0.5649999976158142,0.32850000262260437
YGR020C,YMR048W,0,-2.725133,0.14671513438224792,0.5649999976158142,0.3285999894142151
YKL125W,YML104C,0,-2.725133,0.14667704701423645,0.5649999976158142,0.3287000060081482
YBL056W,YLR096W,0,-2.7253249,0.14663898944854736,0.5649999976158142,0.3287999927997589
YDL153C,YPL254W,1,-2.7253273,0.14686040580272675,0.5659999847412109,0.3287999927997589
YML110C,YIL049W,0,-2.725481,0.14682230353355408,0.5659999847412109,0.328900009393692
YKL188C,YPR024W,0,-2.7257113,0.1467842310667038,0.5659999847412109,0.32899999618530273
YDR334W,YIL150C,1,-2.725922,0.14700543880462646,0.5669999718666077,0.32899999618530273
YGR288W,YER083C,0,-2.7259796,0.1469673365354538,0.5669999718666077,0.32910001277923584
YGR109W-A,YPL060C-A,0,-2.7260218,0.14692924916744232,0.5669999718666077,0.32919999957084656
YER122C,YJL140W,0,-2.7260473,0.14689119160175323,0.5669999718666077,0.3292999863624573
YDL153C,YMR247C,1,-2.726078,0.1471121460199356,0.5680000185966492,0.3292999863624573
YJR147W,YMR213W,0,-2.7262533,0.14707405865192413,0.5680000185966492,0.3294000029563904
YML110C,YDR365W-A,0,-2.726389,0.14703598618507385,0.5680000185966492,0.3294999897480011
YGL046W,YMR093W,0,-2.7265382,0.14699792861938477,0.5680000185966492,0.3296000063419342
YDL113C,YNL073W,0,-2.7266917,0.14695990085601807,0.5680000185966492,0.3296999931335449
YNL048W,YDR164C,0,-2.7267985,0.14692188799381256,0.5680000185966492,0.329800009727478
YDR463W,YDR034C-D,0,-2.7268085,0.14688389003276825,0.5680000185966492,0.32989999651908875
YLR229C,YHR176W,0,-2.7268496,0.14684592187404633,0.5680000185966492,0.33000001311302185
YER154W,YOR192C-A,0,-2.726966,0.1468079537153244,0.5680000185966492,0.33009999990463257
YPL164C,YIL085C,0,-2.727425,0.14677003026008606,0.5680000185966492,0.3301999866962433
YDR164C,YIL101C,0,-2.7279572,0.14673210680484772,0.5680000185966492,0.3303000032901764
YCL061C,YDR295C,1,-2.727985,0.14695248007774353,0.5690000057220459,0.3303000032901764
YPL094C,YER094C,0,-2.7280936,0.146914541721344,0.5690000057220459,0.3303999900817871
YDR255C,YLR426W,0,-2.7282753,0.14687661826610565,0.5690000057220459,0.3305000066757202
YKR034W,YGL216W,0,-2.7283256,0.1468387097120285,0.5690000057220459,0.33059999346733093
YDR212W,YPL175W,0,-2.728334,0.14680083096027374,0.5690000057220459,0.33070001006126404
YLR385C,YFR037C,1,-2.728459,0.14702089130878448,0.5699999928474426,0.33070001006126404
YMR117C,YOR028C,0,-2.728583,0.14698298275470734,0.5699999928474426,0.33079999685287476
YER025W,YLR075W,0,-2.7285948,0.14694508910179138,0.5699999928474426,0.33090001344680786
YLR210W,YPL276W,0,-2.7287743,0.14690721035003662,0.5699999928474426,0.3310000002384186
YJL106W,YKR001C,0,-2.72893,0.14686936140060425,0.5699999928474426,0.3310999870300293
YPR139C,YNL247W,0,-2.729003,0.14683152735233307,0.5699999928474426,0.3312000036239624
YEL013W,YLR410W-A,0,-2.729063,0.14679372310638428,0.5699999928474426,0.3312999904155731
YML007W,YBR119W,0,-2.7291465,0.14675591886043549,0.5699999928474426,0.3314000070095062
YPL213W,YGL038C,0,-2.7292519,0.14671814441680908,0.5699999928474426,0.33149999380111694
YMR322C,YDR194C,0,-2.7292786,0.14668038487434387,0.5699999928474426,0.33160001039505005
YML121W,YLR324W,0,-2.7296805,0.14664265513420105,0.5699999928474426,0.33169999718666077
YMR117C,YMR212C,0,-2.7297678,0.14660494029521942,0.5699999928474426,0.33180001378059387
YML058W,YER118C,0,-2.729796,0.146567240357399,0.5699999928474426,0.3319000005722046
YNL054W-B,YOR305W,0,-2.7300067,0.14652957022190094,0.5699999928474426,0.3319999873638153
YER014C-A,YDR184C,0,-2.7300634,0.1464919000864029,0.5699999928474426,0.3321000039577484
YOR237W,YLR275W,0,-2.7301702,0.14645425975322723,0.5699999928474426,0.33219999074935913
YER173W,YGL046W,0,-2.7302265,0.14641664922237396,0.5699999928474426,0.33230000734329224
YGR161C-C,YPR101W,0,-2.7303736,0.1463790386915207,0.5699999928474426,0.33239999413490295
YFL035C-A,YHR133C,0,-2.730421,0.1463414579629898,0.5699999928474426,0.33250001072883606
YDR073W,YPR179C,1,-2.7304502,0.14656057953834534,0.5709999799728394,0.33250001072883606
YGR161C-C,YCR035C,0,-2.7305834,0.14652296900749207,0.5709999799728394,0.3325999975204468
YLR039C,YFL035C-A,0,-2.7306209,0.1464853733778,0.5709999799728394,0.3327000141143799
YDR261C-C,YPL232W,0,-2.730898,0.1464478075504303,0.5709999799728394,0.3328000009059906
YJL019W,YJR047C,0,-2.7309563,0.1464102566242218,0.5709999799728394,0.3328999876976013
YDL188C,YAL055W,0,-2.7309654,0.1463727205991745,0.5709999799728394,0.3330000042915344
YGR004W,YKR025W,0,-2.7310512,0.14633521437644958,0.5709999799728394,0.33309999108314514
YHR129C,YOR110W,0,-2.7312057,0.14629772305488586,0.5709999799728394,0.33320000767707825
YMR192W,YBL099W,0,-2.731526,0.14626024663448334,0.5709999799728394,0.33329999446868896
YER036C,YHR129C,0,-2.7317796,0.146222785115242,0.5709999799728394,0.33340001106262207
YKL141W,YCL024W,0,-2.7317886,0.14618535339832306,0.5709999799728394,0.3334999978542328
YDR384C,YKL200C,0,-2.7318976,0.1461479365825653,0.5709999799728394,0.3336000144481659
YKR025W,YKL130C,0,-2.7320013,0.14611054956912994,0.5709999799728394,0.3337000012397766
YPR102C,YGL046W,0,-2.7321632,0.14607316255569458,0.5709999799728394,0.33379998803138733
YGR134W,YHR098C,0,-2.7322564,0.1460358053445816,0.5709999799728394,0.33390000462532043
YGL046W,YOR368W,0,-2.732287,0.14599846303462982,0.5709999799728394,0.33399999141693115
YIR028W,YMR050C,0,-2.7324486,0.14596115052700043,0.5709999799728394,0.33410000801086426
YDL153C,YNL135C,1,-2.7324812,0.1461794078350067,0.5720000267028809,0.33410000801086426
YLR088W,YDL209C,0,-2.732531,0.14614205062389374,0.5720000267028809,0.334199994802475
YMR081C,YHR072W-A,0,-2.7328236,0.14610472321510315,0.5720000267028809,0.3343000113964081
YHL012W,YMR097C,0,-2.7329016,0.14606741070747375,0.5720000267028809,0.3343999981880188
YOL109W,YAL020C,0,-2.7329059,0.14603012800216675,0.5720000267028809,0.3345000147819519
YPL112C,YDL065C,0,-2.7329097,0.14599286019802094,0.5720000267028809,0.3346000015735626
YGR109W-B,YBR034C,0,-2.7330875,0.14595560729503632,0.5720000267028809,0.33469998836517334
YIL150C,YER120W,1,-2.7331138,0.14617346227169037,0.5730000138282776,0.33469998836517334
YPL084W,YDR092W,0,-2.7331157,0.14613619446754456,0.5730000138282776,0.33480000495910645
YML124C,YGR109W-B,0,-2.7331476,0.14609892666339874,0.5730000138282776,0.33489999175071716
YNL156C,YER104W,0,-2.733244,0.14606168866157532,0.5730000138282776,0.33500000834465027
YHR072W-A,YPR049C,0,-2.7334676,0.14602446556091309,0.5730000138282776,0.335099995136261
YBL007C,YGR005C,0,-2.733511,0.14598725736141205,0.5730000138282776,0.3352000117301941
YMR004W,YDR255C,0,-2.7339263,0.1459500789642334,0.5730000138282776,0.3352999985218048
YGL251C,YDR092W,0,-2.7342186,0.14591291546821594,0.5730000138282776,0.3353999853134155
YNL313C,YML057W,0,-2.7342687,0.14587576687335968,0.5730000138282776,0.33550000190734863
YPR009W,YAR035W,0,-2.7342925,0.1458386331796646,0.5730000138282776,0.33559998869895935
YLR071C,YGR172C,0,-2.7343721,0.14580152928829193,0.5730000138282776,0.33570000529289246
YPL094C,YMR207C,0,-2.7343931,0.14576444029808044,0.5730000138282776,0.3357999920845032
YHR058C,YOR067C,0,-2.7344534,0.14572736620903015,0.5730000138282776,0.3359000086784363
YDR364C,YGR109W-B,0,-2.7346532,0.14569030702114105,0.5730000138282776,0.335999995470047
YBL082C,YBL011W,0,-2.7347045,0.14565327763557434,0.5730000138282776,0.3361000120639801
YML110C,YJL186W,0,-2.73481,0.14561626315116882,0.5730000138282776,0.3361999988555908
YKL014C,YDR039C,0,-2.7350087,0.1455792635679245,0.5730000138282776,0.33629998564720154
YMR097C,YAL055W,0,-2.7350762,0.14554229378700256,0.5730000138282776,0.33640000224113464
YHL034C,YBR188C,0,-2.735189,0.14550533890724182,0.5730000138282776,0.33649998903274536
YHR065C,YFR050C,0,-2.735293,0.14546839892864227,0.5730000138282776,0.33660000562667847
YKL084W,YOL109W,0,-2.7353573,0.14543147385120392,0.5730000138282776,0.3366999924182892
YMR004W,YNL333W,0,-2.735362,0.14539456367492676,0.5730000138282776,0.3368000090122223
YOR208W,YDR115W,0,-2.7353728,0.14535768330097198,0.5730000138282776,0.336899995803833
YPL095C,YPR021C,0,-2.7355943,0.1453208178281784,0.5730000138282776,0.3370000123977661
YLR039C,YNL333W,0,-2.735659,0.14528398215770721,0.5730000138282776,0.33709999918937683
YDR113C,YDR092W,0,-2.7357745,0.14524714648723602,0.5730000138282776,0.33719998598098755
YLR224W,YHR133C,0,-2.7357767,0.14521034061908722,0.5730000138282776,0.33730000257492065
YIL126W,YMR080C,1,-2.7357934,0.1454268991947174,0.5740000009536743,0.33730000257492065
YKL200C,YAL055W,0,-2.735967,0.14539006352424622,0.5740000009536743,0.33739998936653137
YMR192W,YHR072W-A,0,-2.736035,0.1453532576560974,0.5740000009536743,0.3375000059604645
YDL224C,YNL038W,0,-2.7364373,0.1453164517879486,0.5740000009536743,0.3375999927520752
YML036W,YLR229C,0,-2.7364407,0.1452796757221222,0.5740000009536743,0.3377000093460083
YFL049W,YMR127C,1,-2.7365527,0.1454959511756897,0.574999988079071,0.3377000093460083
YLR221C,YPL045W,0,-2.7365947,0.1454591453075409,0.574999988079071,0.337799996137619
YPR010C,YOR045W,0,-2.7367327,0.14542235434055328,0.574999988079071,0.3379000127315521
YFL018W-A,YEL069C,0,-2.736756,0.14538559317588806,0.574999988079071,0.33799999952316284
YDR072C,YNL163C,0,-2.7370026,0.14534883201122284,0.574999988079071,0.33809998631477356
YHL007C,YLR226W,0,-2.737133,0.14531210064888,0.574999988079071,0.33820000290870667
YNL156C,YDR501W,0,-2.7374291,0.14527538418769836,0.574999988079071,0.3382999897003174
YPL047W,YER030W,1,-2.7374434,0.14549128711223602,0.5759999752044678,0.3382999897003174
YOL100W,YDL056W,0,-2.7374506,0.145454540848732,0.5759999752044678,0.3384000062942505
YPL249C,YNL236W,0,-2.737472,0.14541782438755035,0.5759999752044678,0.3384999930858612
YPL204W,YLR189C,0,-2.7376807,0.1453811228275299,0.5759999752044678,0.3386000096797943
YPR051W,YML019W,0,-2.73775,0.14534443616867065,0.5759999752044678,0.33869999647140503
YPR186C,YPR176C,0,-2.7378907,0.1453077644109726,0.5759999752044678,0.33880001306533813
YPL047W,YIL126W,1,-2.7381167,0.1455233246088028,0.5770000219345093,0.33880001306533813
YHL012W,YER154W,0,-2.7383633,0.14548663794994354,0.5770000219345093,0.33889999985694885
YNL139C,YPL176C,0,-2.7385817,0.14544996619224548,0.5770000219345093,0.33899998664855957
YLR221C,YKL057C,0,-2.738608,0.14541330933570862,0.5770000219345093,0.3391000032424927
YLR426W,YGR204W,0,-2.7386885,0.14537666738033295,0.5770000219345093,0.3391999900341034
YLL004W,YPL055C,1,-2.738802,0.14559194445610046,0.578000009059906,0.3391999900341034
YNL049C,YML058W,0,-2.738954,0.1455552726984024,0.578000009059906,0.3393000066280365
YJR112W,YLR148W,0,-2.7390776,0.14551863074302673,0.578000009059906,0.3393999934196472
YOR201C,YPL045W,0,-2.7392855,0.14548200368881226,0.578000009059906,0.3395000100135803
YDR261W-B,YBR080C,0,-2.739351,0.14544539153575897,0.578000009059906,0.33959999680519104
YKL130C,YDR030C,0,-2.7395406,0.14540880918502808,0.578000009059906,0.33970001339912415
YAL068C,YLR354C,0,-2.7399125,0.14537222683429718,0.578000009059906,0.33980000019073486
YOR116C,YAR044W,0,-2.7401462,0.14533567428588867,0.578000009059906,0.3398999869823456
YKL125W,YMR309C,0,-2.7403302,0.14529915153980255,0.578000009059906,0.3400000035762787
YML118W,YLR410W-A,0,-2.7403746,0.14526262879371643,0.578000009059906,0.3400999903678894
YGL043W,YGR027W-A,0,-2.7404952,0.1452261358499527,0.578000009059906,0.3402000069618225
YPL065W,YDL005C,0,-2.7405071,0.14518965780735016,0.578000009059906,0.3402999937534332
YNL272C,YAL023C,0,-2.7405849,0.1451531946659088,0.578000009059906,0.34040001034736633
YER172C,YKL140W,0,-2.7407565,0.14511674642562866,0.578000009059906,0.34049999713897705
YHR007C,YGR134W,0,-2.7409027,0.1450803279876709,0.578000009059906,0.34060001373291016
YLR039C,YLR410W-A,0,-2.740977,0.14504390954971313,0.578000009059906,0.3407000005245209
YNR058W,YPL204W,0,-2.7409844,0.14500752091407776,0.578000009059906,0.3407999873161316
YBL099W,YOR117W,0,-2.741358,0.14497116208076477,0.578000009059906,0.3409000039100647
YDR221W,YPR088C,0,-2.7413642,0.14493480324745178,0.578000009059906,0.3409999907016754
YKL125W,YJL056C,0,-2.7413921,0.14489847421646118,0.578000009059906,0.3411000072956085
YBR288C,YPL060C-A,0,-2.741459,0.14486216008663177,0.578000009059906,0.34119999408721924
YMR302C,YDR170W-A,0,-2.741677,0.14482586085796356,0.578000009059906,0.34130001068115234
YKR026C,YDR138W,0,-2.7418418,0.14478957653045654,0.578000009059906,0.34139999747276306
YDR292C,YIL140W,0,-2.7418962,0.1447533220052719,0.578000009059906,0.34150001406669617
YNR043W,YKL049C,0,-2.7419062,0.14471708238124847,0.578000009059906,0.3416000008583069
YKL141W,YLR013W,0,-2.7419386,0.14468085765838623,0.578000009059906,0.3416999876499176
YGL225W,YLR305C,0,-2.7420497,0.14464464783668518,0.578000009059906,0.3418000042438507
YNR007C,YLR410W-A,0,-2.7420611,0.14460845291614532,0.578000009059906,0.3418999910354614
YPL028W,YLR088W,0,-2.742304,0.14457228779792786,0.578000009059906,0.34200000762939453
YDR507C,YGR241C,0,-2.7423933,0.14453613758087158,0.578000009059906,0.34209999442100525
YFR001W,YNL325C,0,-2.742625,0.1445000022649765,0.578000009059906,0.34220001101493835
YDR261W-B,YGR161C-C,0,-2.742844,0.14446388185024261,0.578000009059906,0.3422999978065491
YDR507C,YKR082W,0,-2.7428603,0.14442779123783112,0.578000009059906,0.3424000144004822
YLR291C,YNL054W-B,0,-2.7429042,0.14439170062541962,0.578000009059906,0.3425000011920929
YLR071C,YDL108W,0,-2.7429261,0.1443556398153305,0.578000009059906,0.3425999879837036
YJR053W,YPL045W,0,-2.7430687,0.1443195939064026,0.578000009059906,0.3427000045776367
YIL153W,YER190W,0,-2.7431707,0.14428357779979706,0.578000009059906,0.34279999136924744
YFL060C,YBR035C,0,-2.743288,0.14424756169319153,0.578000009059906,0.34290000796318054
YDR212W,YOR195W,0,-2.7434611,0.1442115753889084,0.578000009059906,0.34299999475479126
YLR427W,YJL056C,0,-2.7435098,0.14417560398578644,0.578000009059906,0.34310001134872437
YGL251C,YPL179W,0,-2.7435904,0.14413964748382568,0.578000009059906,0.3431999981403351
YNL218W,YDR099W,0,-2.743684,0.14410372078418732,0.578000009059906,0.3433000147342682
YLL008W,YDL056W,0,-2.7437654,0.14406779408454895,0.578000009059906,0.3434000015258789
YER062C,YNL054W-B,0,-2.7441087,0.14403189718723297,0.578000009059906,0.3434999883174896
YKR082W,YML001W,0,-2.744301,0.14399601519107819,0.578000009059906,0.34360000491142273
YIR028W,YGL046W,0,-2.7443855,0.1439601480960846,0.578000009059906,0.34369999170303345
YPL083C,YPL036W,0,-2.7443957,0.1439242959022522,0.578000009059906,0.34380000829696655
YHL028W,YMR299C,0,-2.7448423,0.1438884735107422,0.578000009059906,0.34389999508857727
YGR251W,YDR264C,0,-2.7449126,0.14385266602039337,0.578000009059906,0.3440000116825104
YMR302C,YLR246W,0,-2.7449632,0.14381687343120575,0.578000009059906,0.3440999984741211
YKL188C,YOR054C,0,-2.7451165,0.14378109574317932,0.578000009059906,0.3441999852657318
YNL261W,YLL004W,1,-2.7451515,0.1439940333366394,0.5789999961853027,0.3441999852657318
YBL007C,YER145C,0,-2.7452781,0.1439582258462906,0.5789999961853027,0.3443000018596649
YGL253W,YIL135C,0,-2.74537,0.14392244815826416,0.5789999961853027,0.34439998865127563
YMR117C,YBR173C,0,-2.745417,0.14388668537139893,0.5789999961853027,0.34450000524520874
YGR209C,YKL140W,0,-2.74552,0.14385093748569489,0.5789999961853027,0.34459999203681946
YDR071C,YER120W,1,-2.7455306,0.14406359195709229,0.5799999833106995,0.34459999203681946
YDR088C,YDR323C,0,-2.74586,0.14402781426906586,0.5799999833106995,0.34470000863075256
YNL106C,YBL071W-A,0,-2.7461843,0.14399205148220062,0.5799999833106995,0.3447999954223633
YDR484W,YCL052C,0,-2.7461977,0.14395631849765778,0.5799999833106995,0.3449000120162964
YML048W,YHR178W,0,-2.746388,0.14392060041427612,0.5799999833106995,0.3449999988079071
YER173W,YLR410W-A,0,-2.7466984,0.14388489723205566,0.5799999833106995,0.3450999855995178
YJL176C,YML109W,1,-2.7467597,0.1440972238779068,0.5809999704360962,0.3450999855995178
YHR058C,YPL120W,0,-2.7468004,0.14406149089336395,0.5809999704360962,0.3452000021934509
YGR075C,YLR227W-A,0,-2.7469394,0.1440257877111435,0.5809999704360962,0.34529998898506165
YKR035W-A,YOR126C,0,-2.7470896,0.14399008452892303,0.5809999704360962,0.34540000557899475
YIL049W,YOR187W,0,-2.7472317,0.14395441114902496,0.5809999704360962,0.34549999237060547
YOR126C,YER168C,0,-2.7476645,0.14391875267028809,0.5809999704360962,0.3456000089645386
YGR103W,YLR451W,0,-2.7476983,0.1438831090927124,0.5809999704360962,0.3456999957561493
YNL036W,YDL207W,0,-2.74778,0.1438474804162979,0.5809999704360962,0.3458000123500824
YGR257C,YBR243C,0,-2.7477927,0.1438118815422058,0.5809999704360962,0.3458999991416931
YDL130W,YMR186W,0,-2.7478466,0.1437762975692749,0.5809999704360962,0.34599998593330383
YHR123W,YPL057C,0,-2.7478752,0.1437407284975052,0.5809999704360962,0.34610000252723694
YCL024W,YJR001W,0,-2.748112,0.14370517432689667,0.5809999704360962,0.34619998931884766
YNR032C-A,YNL119W,0,-2.748117,0.14366963505744934,0.5809999704360962,0.34630000591278076
YJL012C-A,YEL013W,0,-2.7482638,0.1436341106891632,0.5809999704360962,0.3463999927043915
YIL085C,YOR153W,0,-2.748418,0.14359861612319946,0.5809999704360962,0.3465000092983246
YPL204W,YMR200W,0,-2.748619,0.1435631364583969,0.5809999704360962,0.3465999960899353
YPL115C,YBR118W,0,-2.748995,0.14352767169475555,0.5809999704360962,0.3467000126838684
YMR100W,YAL059W,0,-2.7490423,0.1434922218322754,0.5809999704360962,0.3467999994754791
YGL251C,YDR183W,0,-2.749059,0.14345678687095642,0.5809999704360962,0.34689998626708984
YGL038C,YKR001C,0,-2.7492497,0.14342138171195984,0.5809999704360962,0.34700000286102295
YER014C-A,YOR143C,0,-2.7494104,0.14338597655296326,0.5809999704360962,0.34709998965263367
YMR227C,YPL232W,0,-2.7494984,0.14335060119628906,0.5809999704360962,0.3472000062465668
YLR398C,YGL168W,0,-2.74962,0.14331524074077606,0.5809999704360962,0.3472999930381775
YJL110C,YFL035C-A,0,-2.749649,0.14327989518642426,0.5809999704360962,0.3474000096321106
YNL261W,YDR303C,1,-2.7499352,0.14349111914634705,0.5820000171661377,0.3474000096321106
YJL039C,YLR410W-A,0,-2.750011,0.14345575869083405,0.5820000171661377,0.3474999964237213
YHR007C,YDR164C,0,-2.7500808,0.14342039823532104,0.5820000171661377,0.3476000130176544
YDR023W,YOR068C,0,-2.750813,0.14338506758213043,0.5820000171661377,0.34769999980926514
YDR043C,YDR034C-D,0,-2.7510347,0.143349751830101,0.5820000171661377,0.34779998660087585
YDL046W,YER166W,0,-2.7511296,0.1433144509792328,0.5820000171661377,0.34790000319480896
YGR231C,YNL325C,0,-2.751277,0.14327917993068695,0.5820000171661377,0.3479999899864197
YER172C,YPL002C,0,-2.7513256,0.1432439088821411,0.5820000171661377,0.3481000065803528
YNL051W,YOL125W,0,-2.7513685,0.14320866763591766,0.5820000171661377,0.3481999933719635
YFL005W,YLR163C,0,-2.7514455,0.1431734263896942,0.5820000171661377,0.3483000099658966
YKL200C,YLR096W,0,-2.7516835,0.14313821494579315,0.5820000171661377,0.3483999967575073
YGR206W,YDR507C,0,-2.7517517,0.14310301840305328,0.5820000171661377,0.34850001335144043
YHR079C,YOR372C,0,-2.7521324,0.1430678516626358,0.5820000171661377,0.34860000014305115
YKL149C,YGR046W,0,-2.7522051,0.14303268492221832,0.5820000171661377,0.34869998693466187
YHR178W,YGL028C,0,-2.7524242,0.14299754798412323,0.5820000171661377,0.34880000352859497
YNL291C,YMR213W,0,-2.752487,0.14296241104602814,0.5820000171661377,0.3488999903202057
YGR134W,YBL046W,0,-2.7525747,0.14292730391025543,0.5820000171661377,0.3490000069141388
YNL246W,YFR037C,1,-2.7529156,0.14313773810863495,0.5830000042915344,0.3490000069141388
YPL047W,YFL049W,1,-2.753028,0.1433480679988861,0.5839999914169312,0.3490000069141388
YLR453C,YOR253W,0,-2.7530313,0.14331288635730743,0.5839999914169312,0.3490999937057495
YDR292C,YEL020W-A,0,-2.7531335,0.14327771961688995,0.5839999914169312,0.3492000102996826
YML057W,YDL047W,0,-2.7532554,0.14324258267879486,0.5839999914169312,0.34929999709129333
YER147C,YKR060W,0,-2.7534082,0.14320746064186096,0.5839999914169312,0.34940001368522644
YML076C,YBR086C,0,-2.7535598,0.14317235350608826,0.5839999914169312,0.34950000047683716
YHR085W,YDL165W,0,-2.753593,0.14313726127147675,0.5839999914169312,0.3495999872684479
YOR201C,YBR213W,0,-2.7539222,0.14310218393802643,0.5839999914169312,0.349700003862381
YDR071C,YMR247C,1,-2.7539454,0.14331209659576416,0.5849999785423279,0.349700003862381
YER083C,YER100W,0,-2.7540293,0.14327700436115265,0.5849999785423279,0.3497999906539917
YLR227W-B,YDR138W,0,-2.754046,0.14324192702770233,0.5849999785423279,0.3499000072479248
YPR186C,YDR503C,0,-2.7541065,0.14320684969425201,0.5849999785423279,0.3499999940395355
YNR043W,YEL069C,0,-2.7541237,0.14317180216312408,0.5849999785423279,0.35010001063346863
YGL094C,YOL065C,0,-2.7541542,0.14313676953315735,0.5849999785423279,0.35019999742507935
YIL085C,YGL051W,0,-2.7544515,0.143101766705513,0.5849999785423279,0.35030001401901245
YJL056C,YOR240W,0,-2.754517,0.14306676387786865,0.5849999785423279,0.35040000081062317
YER104W,YGL075C,0,-2.7547069,0.1430317908525467,0.5849999785423279,0.3504999876022339
YGR161C-C,YOR174W,0,-2.7553108,0.14299681782722473,0.5849999785423279,0.350600004196167
YLR221C,YOL072W,0,-2.755365,0.14296187460422516,0.5849999785423279,0.3506999909877777
YKL140W,YOR207C,0,-2.7554026,0.14292694628238678,0.5849999785423279,0.3508000075817108
YDR470C,YDL108W,0,-2.755446,0.1428920328617096,0.5849999785423279,0.35089999437332153
YKL082C,YLR227W-A,0,-2.7554913,0.1428571492433548,0.5849999785423279,0.35100001096725464
YKL075C,YEL013W,0,-2.7557578,0.142822265625,0.5849999785423279,0.35109999775886536
YGL211W,YMR059W,0,-2.755822,0.1427874118089676,0.5849999785423279,0.35120001435279846
YIL150C,YJL127C,1,-2.7558565,0.14299657940864563,0.5860000252723694,0.35120001435279846
YOR388C,YPL217C,0,-2.755896,0.14296169579029083,0.5860000252723694,0.3513000011444092
YGL017W,YJL114W,0,-2.7560012,0.14292682707309723,0.5860000252723694,0.3513999879360199
YJL095W,YNL048W,0,-2.7561054,0.14289197325706482,0.5860000252723694,0.351500004529953
YMR273C,YER030W,1,-2.756452,0.14310093224048615,0.5870000123977661,0.351500004529953
YDR113C,YKR034W,0,-2.7564769,0.14306604862213135,0.5870000123977661,0.3515999913215637
YHR066W,YMR267W,0,-2.7564778,0.14303119480609894,0.5870000123977661,0.3517000079154968
YNL232W,YJL012C-A,0,-2.757114,0.14299634099006653,0.5870000123977661,0.35179999470710754
YER171W,YNL066W,0,-2.7571921,0.1429615169763565,0.5870000123977661,0.35190001130104065
YPL204W,YBR156C,0,-2.7574596,0.14292670786380768,0.5870000123977661,0.35199999809265137
YHR079C,YPL257W-A,0,-2.7575388,0.14289191365242004,0.5870000123977661,0.3521000146865845
YGR005C,YKL200C,0,-2.757618,0.1428571492433548,0.5870000123977661,0.3522000014781952
YOL077C,YFR050C,0,-2.7577448,0.14282238483428955,0.5870000123977661,0.3522999882698059
YPR143W,YIL140W,0,-2.757818,0.1427876502275467,0.5870000123977661,0.352400004863739
YGR252W,YHR056C,1,-2.75798,0.14299610257148743,0.5879999995231628,0.352400004863739
YKL206C,YNL080C,0,-2.7580519,0.14296133816242218,0.5879999995231628,0.35249999165534973
YDR507C,YLR148W,0,-2.7580833,0.14292658865451813,0.5879999995231628,0.35260000824928284
YGL133W,YIL126W,1,-2.7580872,0.14313487708568573,0.5889999866485596,0.35260000824928284
YHL012W,YKL213C,0,-2.7581377,0.1431000977754593,0.5889999866485596,0.35269999504089355
YGR165W,YER083C,0,-2.7581868,0.14306533336639404,0.5889999866485596,0.35280001163482666
YNL283C,YBR213W,0,-2.7583394,0.14303059875965118,0.5889999866485596,0.3528999984264374
YBL071W-A,YIR009W,0,-2.758346,0.14299587905406952,0.5889999866485596,0.3529999852180481
YHR056C,YLL004W,1,-2.758525,0.14320388436317444,0.5899999737739563,0.3529999852180481
YIL135C,YNR013C,0,-2.7587588,0.14316913485527039,0.5899999737739563,0.3531000018119812
YER125W,YDR303C,1,-2.7587972,0.14337700605392456,0.5910000205039978,0.3531000018119812
YDR045C,YDL165W,0,-2.7588027,0.14334222674369812,0.5910000205039978,0.3531999886035919
YMR058W,YLR410W-A,0,-2.758864,0.14330746233463287,0.5910000205039978,0.353300005197525
YGL133W,YDR334W,1,-2.758888,0.14351515471935272,0.5920000076293945,0.353300005197525
YER145C,YGL183C,0,-2.7590356,0.14348037540912628,0.5920000076293945,0.35339999198913574
YFR004W,YGL051W,0,-2.7592359,0.14344559609889984,0.5920000076293945,0.35350000858306885
YLR045C,YEL013W,0,-2.7597463,0.1434108465909958,0.5920000076293945,0.35359999537467957
YJR141W,YJL029C,0,-2.7600284,0.14337612688541412,0.5920000076293945,0.35370001196861267
YGR161C-C,YMR048W,0,-2.7600684,0.14334140717983246,0.5920000076293945,0.3537999987602234
YOR363C,YER109C,0,-2.7601316,0.143306702375412,0.5920000076293945,0.3538999855518341
YCR047C,YNL314W,0,-2.7601929,0.1432720273733139,0.5920000076293945,0.3540000021457672
YLR075W,YOR067C,0,-2.7604365,0.14323735237121582,0.5920000076293945,0.35409998893737793
YOR174W,YDR365W-A,0,-2.7606106,0.14320270717144012,0.5920000076293945,0.35420000553131104
YKR029C,YHR056C,1,-2.760666,0.14340992271900177,0.5929999947547913,0.35420000553131104
YJL002C,YOR150W,0,-2.760672,0.1433752477169037,0.5929999947547913,0.35429999232292175
YBR243C,YGL120C,0,-2.7606797,0.1433405876159668,0.5929999947547913,0.35440000891685486
YOR043W,YML076C,0,-2.7606862,0.1433059424161911,0.5929999947547913,0.3544999957084656
YDR494W,YOR116C,0,-2.7608144,0.1432713270187378,0.5929999947547913,0.3546000123023987
YLR330W,YGL113W,0,-2.7611039,0.14323671162128448,0.5929999947547913,0.3546999990940094
YOR261C,YOR174W,0,-2.7611413,0.14320212602615356,0.5929999947547913,0.3547999858856201
YPL213W,YML019W,0,-2.761293,0.14316755533218384,0.5929999947547913,0.3549000024795532
YGL254W,YDR427W,0,-2.761312,0.1431329995393753,0.5929999947547913,0.35499998927116394
YLR182W,YOL111C,0,-2.7613664,0.14309845864772797,0.5929999947547913,0.35510000586509705
YPR176C,YOR259C,0,-2.7616262,0.14306393265724182,0.5929999947547913,0.35519999265670776
YER056C,YML019W,0,-2.7617974,0.14302942156791687,0.5929999947547913,0.35530000925064087
YOR115C,YDL118W,0,-2.7618036,0.1429949402809143,0.5929999947547913,0.3553999960422516
YHL007C,YML075C,0,-2.7618194,0.14296045899391174,0.5929999947547913,0.3555000126361847
YML019W,YOL065C,0,-2.7620327,0.14292600750923157,0.5929999947547913,0.3555999994277954
YML011C,YML058W,0,-2.7621646,0.14289157092571259,0.5929999947547913,0.35569998621940613
YER040W,YCR077C,0,-2.7621713,0.1428571492433548,0.5929999947547913,0.35580000281333923
YLR150W,YCL029C,0,-2.762289,0.1428227424621582,0.5929999947547913,0.35589998960494995
YOR116C,YGL222C,0,-2.7626476,0.1427883505821228,0.5929999947547913,0.35600000619888306
YPL037C,YLR113W,0,-2.7629879,0.1427539736032486,0.5929999947547913,0.3560999929904938
YKL075C,YKR039W,0,-2.7631302,0.14271961152553558,0.5929999947547913,0.3562000095844269
YMR179W,YOR150W,0,-2.7633114,0.14268527925014496,0.5929999947547913,0.3562999963760376
YNL272C,YDR183W,0,-2.7638545,0.14265094697475433,0.5929999947547913,0.3564000129699707
YHR214C-C,YOR305W,0,-2.7638626,0.1426166445016861,0.5929999947547913,0.3564999997615814
YLR362W,YDR034C-D,0,-2.763983,0.14258235692977905,0.5929999947547913,0.35659998655319214
YFR047C,YAL068C,0,-2.7639956,0.1425480842590332,0.5929999947547913,0.35670000314712524
YLR396C,YNL054W-B,0,-2.7641034,0.14251381158828735,0.5929999947547913,0.35679998993873596
YNL246W,YPR031W,1,-2.7643526,0.14271984994411469,0.593999981880188,0.35679998993873596
YFR037C,YIL150C,1,-2.764429,0.14292576909065247,0.5950000286102295,0.35679998993873596
YDL188C,YDR246W,0,-2.7644591,0.14289145171642303,0.5950000286102295,0.35690000653266907
YPL060C-A,YGL222C,0,-2.764706,0.1428571492433548,0.5950000286102295,0.3569999933242798
YNL313C,YGR288W,0,-2.7647414,0.14282284677028656,0.5950000286102295,0.3571000099182129
YPR108W,YBR034C,0,-2.764857,0.1427885740995407,0.5950000286102295,0.3571999967098236
YOR156C,YDR092W,0,-2.7649548,0.14275431632995605,0.5950000286102295,0.3573000133037567
YNL232W,YBR043C,0,-2.7651012,0.1427200734615326,0.5950000286102295,0.35740000009536743
YGR278W,YGL028C,0,-2.7651372,0.14268584549427032,0.5950000286102295,0.35749998688697815
YIR011C,YDL118W,0,-2.7651627,0.14265164732933044,0.5950000286102295,0.35760000348091125
YHR072W-A,YCR026C,0,-2.7654066,0.14261744916439056,0.5950000286102295,0.357699990272522
YOR028C,YDR427W,0,-2.7655904,0.14258328080177307,0.5950000286102295,0.3578000068664551
YML036W,YJL002C,0,-2.7657056,0.14254911243915558,0.5950000286102295,0.3578999936580658
YGR209C,YML043C,0,-2.7659802,0.14251497387886047,0.5950000286102295,0.3580000102519989
YMR292W,YAL068C,0,-2.766007,0.14248085021972656,0.5950000286102295,0.3580999970436096
YDR045C,YGL222C,0,-2.7660408,0.14244672656059265,0.5950000286102295,0.3582000136375427
YDR194C,YNL218W,0,-2.766132,0.14241263270378113,0.5950000286102295,0.35830000042915344
YHL012W,YDR365W-A,0,-2.7661512,0.1423785537481308,0.5950000286102295,0.35839998722076416
YMR075W,YPL015C,1,-2.7661796,0.1425837278366089,0.5960000157356262,0.35839998722076416
YPL055C,YPR179C,1,-2.7666183,0.1427888125181198,0.597000002861023,0.35839998722076416
YOR261C,YFL038C,0,-2.7668624,0.1427546590566635,0.597000002861023,0.35850000381469727
YLR450W,YFR036W,0,-2.7669392,0.1427205353975296,0.597000002861023,0.358599990606308
YDR011W,YMR255W,0,-2.767293,0.14268642663955688,0.597000002861023,0.3587000072002411
YPL164C,YOR192C-B,0,-2.7673557,0.14265233278274536,0.597000002861023,0.3587999939918518
YDR392W,YMR080C,1,-2.7674098,0.1428571492433548,0.5979999899864197,0.3587999939918518
YDR264C,YHR085W,0,-2.7674313,0.1428230255842209,0.5979999899864197,0.3589000105857849
YCL067C,YGR046W,0,-2.7675033,0.14278891682624817,0.5979999899864197,0.35899999737739563
YLR449W,YJL127C,1,-2.76756,0.14299355447292328,0.5989999771118164,0.35899999737739563
YHR190W,YPR088C,0,-2.7675662,0.14295943081378937,0.5989999771118164,0.35910001397132874
YOL109W,YOR240W,0,-2.7677636,0.14292532205581665,0.5989999771118164,0.35920000076293945
YMR200W,YPL187W,0,-2.7682981,0.14289122819900513,0.5989999771118164,0.35929998755455017
YLR427W,YDR412W,0,-2.768505,0.1428571492433548,0.5989999771118164,0.3594000041484833
YGL216W,YMR058W,0,-2.768523,0.14282308518886566,0.5989999771118164,0.359499990940094
YDR099W,YKR099W,0,-2.7685337,0.14278903603553772,0.5989999771118164,0.3596000075340271
YER109C,YER044C-A,0,-2.7686925,0.14275500178337097,0.5989999771118164,0.3596999943256378
YKR025W,YHL022C,0,-2.7689147,0.1427209973335266,0.5989999771118164,0.3598000109195709
YDR170W-A,YDR311W,0,-2.7690005,0.14268699288368225,0.5989999771118164,0.35989999771118164
YAR003W,YJL127C,1,-2.7691317,0.14289116859436035,0.6000000238418579,0.35989999771118164
YOR153W,YGL222C,0,-2.7695136,0.1428571492433548,0.6000000238418579,0.36000001430511475
YPL179W,YPL257W-A,0,-2.7696443,0.14282314479351044,0.6000000238418579,0.36010000109672546
YPR056W,YCR026C,0,-2.7696667,0.14278915524482727,0.6000000238418579,0.3601999878883362
YER049W,YMR267W,0,-2.7698948,0.1427551805973053,0.6000000238418579,0.3603000044822693
YLR466W,YGR289C,0,-2.770146,0.14272122085094452,0.6000000238418579,0.36039999127388
YJL013C,YGL086W,0,-2.7701979,0.14268727600574493,0.6000000238418579,0.3605000078678131
YFL060C,YKL052C,0,-2.770228,0.14265334606170654,0.6000000238418579,0.36059999465942383
YLR427W,YMR093W,0,-2.7702374,0.14261944591999054,0.6000000238418579,0.36070001125335693
YDR384C,YLL038C,0,-2.7704628,0.14258554577827454,0.6000000238418579,0.36079999804496765
YFL060C,YOR259C,0,-2.7705564,0.14255167543888092,0.6000000238418579,0.36090001463890076
YPL217C,YOR192C-B,0,-2.770608,0.1425178200006485,0.6000000238418579,0.3610000014305115
YFL060C,YPR049C,0,-2.770696,0.14248396456241608,0.6000000238418579,0.3610999882221222
YGR274C,YLR144C,0,-2.770798,0.14245013892650604,0.6000000238418579,0.3612000048160553
YML074C,YIL007C,0,-2.7708497,0.1424163281917572,0.6000000238418579,0.361299991607666
YCL044C,YJL012C-A,0,-2.7708519,0.14238253235816956,0.6000000238418579,0.3614000082015991
YHL027W,YHR085W,0,-2.7708752,0.1423487514257431,0.6000000238418579,0.36149999499320984
YMR080C,YER125W,1,-2.7716038,0.1425521820783615,0.6010000109672546,0.36149999499320984
YBL088C,YMR135C,0,-2.7716923,0.14251837134361267,0.6010000109672546,0.36160001158714294
YMR050C,YDL007W,0,-2.7717881,0.14248459041118622,0.6010000109672546,0.36169999837875366
YKL120W,YDR039C,0,-2.772045,0.14245082437992096,0.6010000109672546,0.3617999851703644
YFR027W,YDR115W,0,-2.772074,0.1424170583486557,0.6010000109672546,0.3619000017642975
YML110C,YKL075C,0,-2.7721815,0.14238332211971283,0.6010000109672546,0.3619999885559082
YIL150C,YDR073W,1,-2.7721834,0.14258645474910736,0.6019999980926514,0.3619999885559082
YGR103W,YGL075C,0,-2.772306,0.1425526887178421,0.6019999980926514,0.3621000051498413
YLR354C,YDR221W,0,-2.772327,0.14251893758773804,0.6019999980926514,0.362199991941452
YOR058C,YDL015C,0,-2.7723274,0.14248520135879517,0.6019999980926514,0.36230000853538513
YNL139C,YBR117C,0,-2.772459,0.14245149493217468,0.6019999980926514,0.36239999532699585
YDR212W,YGR037C,0,-2.7725878,0.1424177885055542,0.6019999980926514,0.36250001192092896
YBL056W,YJL041W,0,-2.7726197,0.1423841118812561,0.6019999980926514,0.3625999987125397
YGL046W,YDR184C,0,-2.7726235,0.142350435256958,0.6019999980926514,0.3626999855041504
YPL002C,YGR109W-A,0,-2.7727761,0.1423167884349823,0.6019999980926514,0.3628000020980835
YDR261C-C,YLR426W,0,-2.7727761,0.1422831416130066,0.6019999980926514,0.3628999888896942
YGR195W,YKL200C,0,-2.7728019,0.14224952459335327,0.6019999980926514,0.3630000054836273
YOL149W,YMR058W,0,-2.7730594,0.14221592247486115,0.6019999980926514,0.36309999227523804
YOR143C,YBR055C,0,-2.7730594,0.1421823352575302,0.6019999980926514,0.36320000886917114
YLR102C,YBR200W,0,-2.7731733,0.14214876294136047,0.6019999980926514,0.36329999566078186
YML121W,YGR101W,0,-2.7732954,0.14211520552635193,0.6019999980926514,0.36340001225471497
YBL046W,YOR117W,0,-2.7734199,0.14208166301250458,0.6019999980926514,0.3634999990463257
YOR261C,YBL004W,0,-2.773563,0.14204813539981842,0.6019999980926514,0.3635999858379364
YGR027W-A,YML019W,0,-2.7737396,0.14201462268829346,0.6019999980926514,0.3637000024318695
YHL022C,YMR059W,0,-2.7738767,0.1419811248779297,0.6019999980926514,0.3637999892234802
YJR053W,YNL292W,0,-2.7739115,0.1419476568698883,0.6019999980926514,0.36390000581741333
YOR317W,YLR383W,0,-2.7741847,0.14191418886184692,0.6019999980926514,0.36399999260902405
YOL003C,YER014C-A,0,-2.774544,0.14188075065612793,0.6019999980926514,0.36410000920295715
YBR017C,YDR503C,0,-2.7745621,0.14184731245040894,0.6019999980926514,0.36419999599456787
YLL006W,YKL052C,0,-2.774571,0.14181390404701233,0.6019999980926514,0.364300012588501
YML077W,YDR503C,0,-2.7745786,0.14178049564361572,0.6019999980926514,0.3643999993801117
YER105C,YEL053C,0,-2.774837,0.1417471170425415,0.6019999980926514,0.3644999861717224
YMR045C,YML019W,0,-2.775044,0.14171375334262848,0.6019999980926514,0.3646000027656555
YHR111W,YDR272W,0,-2.7751498,0.14168038964271545,0.6019999980926514,0.36469998955726624
YPL214C,YER145C,0,-2.7752392,0.14164705574512482,0.6019999980926514,0.36480000615119934
YER052C,YGL046W,0,-2.7752457,0.14161373674869537,0.6019999980926514,0.36489999294281006
YMR322C,YJL179W,0,-2.7754602,0.14158043265342712,0.6019999980926514,0.36500000953674316
YBL085W,YNL051W,0,-2.7755384,0.14154714345932007,0.6019999980926514,0.3650999963283539
YLR074C,YER166W,0,-2.7756882,0.1415138691663742,0.6019999980926514,0.365200012922287
YBR080C,YOR192C-B,0,-2.7757874,0.14148060977458954,0.6019999980926514,0.3652999997138977
YLR426W,YDL065C,0,-2.7758608,0.14144736528396606,0.6019999980926514,0.3653999865055084
YGR251W,YMR292W,0,-2.776,0.14141413569450378,0.6019999980926514,0.36550000309944153
YML036W,YDR092W,0,-2.7760103,0.1413809359073639,0.6019999980926514,0.36559998989105225
YOL003C,YHR069C,0,-2.7762837,0.141347736120224,0.6019999980926514,0.36570000648498535
YCL067C,YGL038C,0,-2.77629,0.1413145512342453,0.6019999980926514,0.36579999327659607
YDR261W-B,YMR145C,0,-2.7763896,0.141281396150589,0.6019999980926514,0.3659000098705292
YHR065C,YLL027W,0,-2.7766905,0.14124824106693268,0.6019999980926514,0.3659999966621399
YML060W,YML052W,0,-2.7767673,0.14121510088443756,0.6019999980926514,0.366100013256073
YNR007C,YEL020W-A,0,-2.7770252,0.14118199050426483,0.6019999980926514,0.3662000000476837
YPL178W,YDL118W,0,-2.777205,0.1411488801240921,0.6019999980926514,0.36629998683929443
YGR165W,YER094C,0,-2.777276,0.14111579954624176,0.6019999980926514,0.36640000343322754
YPR167C,YDR221W,0,-2.7774827,0.1410827338695526,0.6019999980926514,0.36649999022483826
YOR043W,YOR240W,0,-2.7777343,0.14104966819286346,0.6019999980926514,0.36660000681877136
YPL243W,YHR038W,0,-2.7778258,0.1410166323184967,0.6019999980926514,0.3666999936103821
YLR035C,YFL035C-A,0,-2.7778656,0.14098361134529114,0.6019999980926514,0.3668000102043152
YGL112C,YLL004W,1,-2.7779636,0.1411847323179245,0.6029999852180481,0.3668000102043152
YCR005C,YDR115W,0,-2.7779922,0.14115168154239655,0.6029999852180481,0.3668999969959259
YNL048W,YPR125W,0,-2.7780924,0.14111864566802979,0.6029999852180481,0.367000013589859
YKR050W,YDR069C,0,-2.7785902,0.1410856395959854,0.6029999852180481,0.3671000003814697
YIL110W,YDR306C,0,-2.7786012,0.14105263352394104,0.6029999852180481,0.36719998717308044
YBR119W,YBR034C,0,-2.7786205,0.14101964235305786,0.6029999852180481,0.36730000376701355
YIR023W,YLR126C,0,-2.7787793,0.14098666608333588,0.6029999852180481,0.36739999055862427
YMR192W,YCR047C,0,-2.7788248,0.14095371961593628,0.6029999852180481,0.3675000071525574
YDR060W,YDR217C,0,-2.778967,0.14092077314853668,0.6029999852180481,0.3675999939441681
YJR112W,YFL055W,0,-2.779066,0.14088785648345947,0.6029999852180481,0.3677000105381012
YCL024W,YHR079C,0,-2.7793097,0.14085493981838226,0.6029999852180481,0.3677999973297119
YDR484W,YHR214C-C,0,-2.7794008,0.14082205295562744,0.6029999852180481,0.367900013923645
YML036W,YGR046W,0,-2.7794156,0.14078916609287262,0.6029999852180481,0.36800000071525574
YKR034W,YGL075C,0,-2.779504,0.14075630903244019,0.6029999852180481,0.36809998750686646
YHR214C-C,YPL057C,0,-2.7795212,0.14072345197200775,0.6029999852180481,0.36820000410079956
YPL047W,YMR127C,1,-2.7795877,0.14092393219470978,0.6039999723434448,0.36820000410079956
YAR003W,YER030W,1,-2.779595,0.14112432301044464,0.6050000190734863,0.36820000410079956
YER171W,YPR041W,0,-2.7796261,0.14109142124652863,0.6050000190734863,0.3682999908924103
YDL043C,YGR183C,0,-2.7796683,0.1410585194826126,0.6050000190734863,0.3684000074863434
YBR243C,YNL082W,0,-2.7797208,0.14102564752101898,0.6050000190734863,0.3684999942779541
YKL141W,YJR043C,0,-2.779994,0.14099277555942535,0.6050000190734863,0.3686000108718872
YER104W,YPL257W-A,0,-2.780003,0.14095991849899292,0.6050000190734863,0.3686999976634979
YOR381W,YFL035C-A,0,-2.7800522,0.14092709124088287,0.6050000190734863,0.36880001425743103
YGR165W,YGL113W,0,-2.7800827,0.14089426398277283,0.6050000190734863,0.36890000104904175
YOR316C,YER157W,0,-2.7803314,0.14086146652698517,0.6050000190734863,0.36899998784065247
YGL254W,YDL092W,0,-2.7805996,0.1408286839723587,0.6050000190734863,0.36910000443458557
YHL012W,YER190W,0,-2.7806568,0.14079590141773224,0.6050000190734863,0.3691999912261963
YER103W,YLR410W-A,0,-2.7810872,0.14076314866542816,0.6050000190734863,0.3693000078201294
YER172C,YGR193C,0,-2.7812057,0.14073039591312408,0.6050000190734863,0.3693999946117401
YJL187C,YCL052C,0,-2.7812457,0.1406976729631424,0.6050000190734863,0.3695000112056732
YER100W,YOR288C,0,-2.7812567,0.1406649649143219,0.6050000190734863,0.36959999799728394
YCR063W,YDL005C,0,-2.7813983,0.1406322568655014,0.6050000190734863,0.36970001459121704
YNL071W,YGL051W,0,-2.7814555,0.1405995786190033,0.6050000190734863,0.36980000138282776
YJL114W,YDR072C,0,-2.7816172,0.14056691527366638,0.6050000190734863,0.3698999881744385
YDL130W,YNL139C,0,-2.781864,0.14053426682949066,0.6050000190734863,0.3700000047683716
YMR117C,YNL066W,0,-2.782177,0.14050161838531494,0.6050000190734863,0.3700999915599823
YMR058W,YLR227W-B,0,-2.7822917,0.1404689997434616,0.6050000190734863,0.3702000081539154
YPL057C,YOR192C-A,0,-2.782653,0.14043639600276947,0.6050000190734863,0.3702999949455261
YCR047C,YPR186C,0,-2.7827034,0.14040380716323853,0.6050000190734863,0.37040001153945923
YKL084W,YDR198C,0,-2.7827756,0.14037123322486877,0.6050000190734863,0.37049999833106995
YGR020C,YOR122C,0,-2.7828572,0.14033867418766022,0.6050000190734863,0.37059998512268066
YJL222W,YER040W,0,-2.7830677,0.14030611515045166,0.6050000190734863,0.37070000171661377
YOR388C,YNL048W,0,-2.7831657,0.1402735859155655,0.6050000190734863,0.3707999885082245
YLR055C,YBR119W,0,-2.7831736,0.14024107158184052,0.6050000190734863,0.3709000051021576
YLR426W,YPL057C,0,-2.7832036,0.14020857214927673,0.6050000190734863,0.3709999918937683
YCL067C,YHL024W,0,-2.7833242,0.14017608761787415,0.6050000190734863,0.3711000084877014
YML085C,YPL232W,0,-2.78345,0.14014361798763275,0.6050000190734863,0.37119999527931213
YFR050C,YLR227W-B,0,-2.7834964,0.14011116325855255,0.6050000190734863,0.37130001187324524
YJR141W,YGR221C,0,-2.7838483,0.14007872343063354,0.6050000190734863,0.37139999866485596
YIL049W,YBR188C,0,-2.7840502,0.14004629850387573,0.6050000190734863,0.3714999854564667
YPR024W,YNL038W,0,-2.7841237,0.1400138884782791,0.6050000190734863,0.3716000020503998
YBL004W,YOR067C,0,-2.7841744,0.1399814933538437,0.6050000190734863,0.3716999888420105
YLR246W,YOR116C,0,-2.784175,0.13994911313056946,0.6050000190734863,0.3718000054359436
YIL126W,YJR060W,1,-2.784274,0.14014801383018494,0.6060000061988831,0.3718000054359436
YGR252W,YMR080C,1,-2.784276,0.14034682512283325,0.6069999933242798,0.3718000054359436
YMR050C,YGL253W,0,-2.7843044,0.14031438529491425,0.6069999933242798,0.3718999922275543
YOL125W,YHR098C,0,-2.7843778,0.14028194546699524,0.6069999933242798,0.3720000088214874
YKL089W,YIR009W,0,-2.7844687,0.14024953544139862,0.6069999933242798,0.37209999561309814
YPL050C,YLR119W,0,-2.784649,0.1402171403169632,0.6069999933242798,0.37220001220703125
YLR427W,YGR037C,0,-2.7846766,0.14018476009368896,0.6069999933242798,0.37229999899864197
YJR132W,YPL112C,0,-2.7848132,0.14015239477157593,0.6069999933242798,0.3723999857902527
YAR003W,YBR195C,1,-2.7848644,0.14035087823867798,0.6079999804496765,0.3723999857902527
YKL189W,YDR170W-A,0,-2.7851086,0.14031848311424255,0.6079999804496765,0.3725000023841858
YML036W,YDL209C,0,-2.785192,0.14028610289096832,0.6079999804496765,0.3725999891757965
YGR004W,YLR092W,0,-2.785231,0.14025375247001648,0.6079999804496765,0.3727000057697296
YDR080W,YKR039W,0,-2.7852688,0.14022140204906464,0.6079999804496765,0.37279999256134033
YDR429C,YDR364C,0,-2.7853808,0.140189066529274,0.6079999804496765,0.37290000915527344
YOR047C,YGL028C,0,-2.7857761,0.14015676081180573,0.6079999804496765,0.37299999594688416
YLR144C,YCL029C,0,-2.785971,0.14012445509433746,0.6079999804496765,0.37310001254081726
YDR427W,YKR087C,0,-2.78613,0.1400921642780304,0.6079999804496765,0.373199999332428
YBL071W-A,YMR172W,0,-2.786435,0.14005988836288452,0.6079999804496765,0.3732999861240387
YHR190W,YOR207C,0,-2.7864661,0.14002764225006104,0.6079999804496765,0.3734000027179718
YGR112W,YKL200C,0,-2.7869368,0.13999539613723755,0.6079999804496765,0.3734999895095825
YHL027W,YOR195W,0,-2.786998,0.13996316492557526,0.6079999804496765,0.3736000061035156
YGL168W,YBR118W,0,-2.7871165,0.13993094861507416,0.6079999804496765,0.37369999289512634
YOL003C,YGL129C,0,-2.7871556,0.13989876210689545,0.6079999804496765,0.37380000948905945
YKL013C,YDR513W,0,-2.7872796,0.13986657559871674,0.6079999804496765,0.37389999628067017
YBR135W,YAR015W,0,-2.7874475,0.13983440399169922,0.6079999804496765,0.37400001287460327
YGR238C,YOR207C,0,-2.7877378,0.1398022472858429,0.6079999804496765,0.374099999666214
YIL121W,YEL053C,0,-2.7878284,0.13977012038230896,0.6079999804496765,0.3741999864578247
YNL216W,YJL080C,1,-2.7880034,0.13996782898902893,0.609000027179718,0.3741999864578247
YPR168W,YKL125W,0,-2.788073,0.1399356573820114,0.609000027179718,0.3743000030517578
YDL164C,YLR132C,0,-2.7881453,0.13990351557731628,0.609000027179718,0.37439998984336853
YIL085C,YPL028W,0,-2.7883384,0.13987138867378235,0.609000027179718,0.37450000643730164
YER190W,YDR339C,0,-2.7883654,0.1398392617702484,0.609000027179718,0.37459999322891235
YPL095C,YLR045C,0,-2.7886076,0.13980716466903687,0.609000027179718,0.37470000982284546
YOR279C,YDR176W,1,-2.7887769,0.14000459015369415,0.6100000143051147,0.37470000982284546
YPL002C,YMR023C,0,-2.7889032,0.13997246325016022,0.6100000143051147,0.3747999966144562
YML067C,YNL102W,0,-2.788947,0.13994035124778748,0.6100000143051147,0.3749000132083893
YPL112C,YGR172C,0,-2.788951,0.13990825414657593,0.6100000143051147,0.375
YPR009W,YEL042W,0,-2.7891526,0.13987617194652557,0.6100000143051147,0.3750999867916107
YJL012C-A,YPR073C,0,-2.7892146,0.1398441046476364,0.6100000143051147,0.3752000033855438
YHL038C,YBL015W,0,-2.7892478,0.13981205224990845,0.6100000143051147,0.37529999017715454
YKL068W,YPL257W-A,0,-2.7892778,0.13978001475334167,0.6100000143051147,0.37540000677108765
YJL157C,YGR109W-B,0,-2.7893982,0.1397479921579361,0.6100000143051147,0.37549999356269836
YKL204W,YLR410W-A,0,-2.7893982,0.1397159844636917,0.6100000143051147,0.37560001015663147
YGR098C,YER105C,0,-2.789424,0.13968399167060852,0.6100000143051147,0.3756999969482422
YGR080W,YMR135C,0,-2.7898057,0.13965201377868652,0.6100000143051147,0.3758000135421753
YGR004W,YLR398C,0,-2.7898464,0.13962005078792572,0.6100000143051147,0.375900000333786
YGR253C,YDR513W,0,-2.7899709,0.1395881026983261,0.6100000143051147,0.37599998712539673
YKL052C,YPR176C,0,-2.7901292,0.1395561695098877,0.6100000143051147,0.37610000371932983
YDL224C,YLR126C,0,-2.7901535,0.13952425122261047,0.6100000143051147,0.37619999051094055
YHR066W,YHR214C-C,0,-2.7904825,0.13949233293533325,0.6100000143051147,0.37630000710487366
YGR272C,YFR050C,0,-2.7908921,0.13946044445037842,0.6100000143051147,0.3763999938964844
YPL115C,YDR365W-A,0,-2.7909641,0.13942857086658478,0.6100000143051147,0.3765000104904175
YLL008W,YDR364C,0,-2.7911198,0.13939671218395233,0.6100000143051147,0.3765999972820282
YLR032W,YPL028W,0,-2.791182,0.13936486840248108,0.6100000143051147,0.3767000138759613
YML074C,YAR015W,0,-2.7912717,0.13933302462100983,0.6100000143051147,0.376800000667572
YPR108W,YER040W,0,-2.7916422,0.13930121064186096,0.6100000143051147,0.37689998745918274
YLR088W,YNL297C,0,-2.7916927,0.1392694115638733,0.6100000143051147,0.37700000405311584
YDL007W,YLR113W,0,-2.7917237,0.13923761248588562,0.6100000143051147,0.37709999084472656
YNL091W,YLR045C,0,-2.7917976,0.13920584321022034,0.6100000143051147,0.37720000743865967
YDR264C,YDR306C,0,-2.7920127,0.13917408883571625,0.6100000143051147,0.3772999942302704
YLR227W-B,YOR341W,0,-2.7921686,0.13914233446121216,0.6100000143051147,0.3774000108242035
YNL106C,YLR224W,0,-2.792573,0.13911060988903046,0.6100000143051147,0.3774999976158142
YER014C-A,YDR115W,0,-2.7926443,0.13907888531684875,0.6100000143051147,0.3776000142097473
YGR120C,YAL059W,0,-2.792795,0.13904719054698944,0.6100000143051147,0.37770000100135803
YMR247C,YLL004W,1,-2.7928145,0.13924339413642883,0.6110000014305115,0.37770000100135803
YHR206W,YKL200C,0,-2.7928739,0.13921166956424713,0.6110000014305115,0.37779998779296875
YGL094C,YOR187W,0,-2.7936277,0.13917995989322662,0.6110000014305115,0.37790000438690186
YNR030W,YER027C,0,-2.793989,0.1391482651233673,0.6110000014305115,0.3779999911785126
YJL114W,YOR261C,0,-2.7940598,0.139116570353508,0.6110000014305115,0.3781000077724457
YDR261W-B,YLL036C,0,-2.794135,0.13908490538597107,0.6110000014305115,0.3781999945640564
YCL034W,YJL012C,0,-2.7941842,0.13905325531959534,0.6110000014305115,0.3783000111579895
YER014C-A,YBR055C,0,-2.7944665,0.1390216201543808,0.6110000014305115,0.3783999979496002
YGR038W,YDR323C,0,-2.7945487,0.13898998498916626,0.6110000014305115,0.3785000145435333
YGR077C,YNL314W,0,-2.7946925,0.1389583796262741,0.6110000014305115,0.37860000133514404
YML011C,YGL051W,0,-2.7948413,0.13892678916454315,0.6110000014305115,0.37869998812675476
YGR238C,YFR009W,0,-2.7949185,0.1388951987028122,0.6110000014305115,0.37880000472068787
YGR120C,YJL012C-A,0,-2.7950497,0.13886363804340363,0.6110000014305115,0.3788999915122986
YER190W,YER027C,0,-2.7952754,0.13883207738399506,0.6110000014305115,0.3790000081062317
YLR032W,YER021W,0,-2.7955403,0.13880054652690887,0.6110000014305115,0.3790999948978424
YLR361C,YHR129C,0,-2.79557,0.1387690156698227,0.6110000014305115,0.3792000114917755
YMR239C,YEL024W,0,-2.7956016,0.1387375146150589,0.6110000014305115,0.37929999828338623
YER190W,YDR039C,0,-2.7956688,0.1387060135602951,0.6110000014305115,0.37940001487731934
YPL047W,YJL080C,1,-2.7957182,0.1389015018939972,0.6119999885559082,0.37940001487731934
YPL276W,YLR410W-A,0,-2.7957504,0.1388699859380722,0.6119999885559082,0.37950000166893005
YPL175W,YOL111C,0,-2.7959054,0.13883846998214722,0.6119999885559082,0.37959998846054077
YPR093C,YOL065C,0,-2.7962265,0.13880698382854462,0.6119999885559082,0.3797000050544739
YGR109W-A,YDL118W,0,-2.7962475,0.1387755125761032,0.6119999885559082,0.3797999918460846
YGL241W,YDL051W,0,-2.7964835,0.138744056224823,0.6119999885559082,0.3799000084400177
YML109W,YCR052W,1,-2.7965026,0.1389392614364624,0.6129999756813049,0.3799000084400177
YDL007W,YEL069C,0,-2.796539,0.1389077752828598,0.6129999756813049,0.3799999952316284
YPR009W,YBR173C,0,-2.796595,0.1388763040304184,0.6129999756813049,0.3801000118255615
YHL028W,YNL314W,0,-2.7966542,0.13884484767913818,0.6129999756813049,0.38019999861717224
YDR523C,YHR072W-A,0,-2.7966547,0.13881340622901917,0.6129999756813049,0.38029998540878296
YFL005W,YBL051C,0,-2.796658,0.13878197968006134,0.6129999756813049,0.38040000200271606
YBL004W,YLL016W,0,-2.7967677,0.1387505680322647,0.6129999756813049,0.3804999887943268
YBL071W-A,YCR020C-A,0,-2.7967687,0.13871917128562927,0.6129999756813049,0.3806000053882599
YBR288C,YPL002C,0,-2.7967865,0.13868778944015503,0.6129999756813049,0.3806999921798706
YMR051C,YML024W,0,-2.7968402,0.1386564075946808,0.6129999756813049,0.3808000087738037
YJR153W,YMR200W,0,-2.79696,0.13862505555152893,0.6129999756813049,0.38089999556541443
YPL055C,YDR176W,1,-2.7970512,0.13881979882717133,0.6140000224113464,0.38089999556541443
YDR120C,YNL177C,0,-2.797168,0.13878843188285828,0.6140000224113464,0.38100001215934753
YDL043C,YGR172C,0,-2.7972894,0.13875706493854523,0.6140000224113464,0.38109999895095825
YDR043C,YER017C,0,-2.797328,0.13872571289539337,0.6140000224113464,0.38119998574256897
YML110C,YIR023W,0,-2.7973433,0.1386943757534027,0.6140000224113464,0.3813000023365021
YLR453C,YMR048W,0,-2.7973862,0.13866305351257324,0.6140000224113464,0.3813999891281128
YML121W,YNL133C,0,-2.797564,0.13863174617290497,0.6140000224113464,0.3815000057220459
YOR327C,YFL058W,0,-2.7976658,0.1386004537343979,0.6140000224113464,0.3815999925136566
YPL164C,YMR163C,0,-2.7978256,0.138569176197052,0.6140000224113464,0.3817000091075897
YOR368W,YOR192C-A,0,-2.7978623,0.1385379135608673,0.6140000224113464,0.38179999589920044
YGL133W,YDR071C,1,-2.798273,0.13873223960399628,0.6150000095367432,0.38179999589920044
YDR484W,YML052W,0,-2.798553,0.1387009471654892,0.6150000095367432,0.38190001249313354
YBR288C,YOR305W,0,-2.7986102,0.1386696696281433,0.6150000095367432,0.38199999928474426
YGR080W,YJL013C,0,-2.7986631,0.13863840699195862,0.6150000095367432,0.382099986076355
YOR305W,YOR240W,0,-2.7986665,0.1386071741580963,0.6150000095367432,0.3822000026702881
YGR020C,YMR255W,0,-2.798773,0.138575941324234,0.6150000095367432,0.3822999894618988
YML115C,YGL113W,0,-2.7988245,0.1385447233915329,0.6150000095367432,0.3824000060558319
YJR060W,YDR224C,1,-2.7989602,0.1387387365102768,0.6159999966621399,0.3824000060558319
YKL049C,YBR244W,0,-2.7991338,0.1387075036764145,0.6159999966621399,0.3824999928474426
YJR066W,YEL020W-A,0,-2.7995121,0.13867627084255219,0.6159999966621399,0.38260000944137573
YGL133W,YBR195C,1,-2.7995396,0.13887013494968414,0.6169999837875366,0.38260000944137573
YOR040W,YEL020W-A,0,-2.7996716,0.13883888721466064,0.6169999837875366,0.38269999623298645
YLR449W,YPR031W,1,-2.79986,0.13903261721134186,0.6179999709129333,0.38269999623298645
YER129W,YPL266W,0,-2.7998943,0.13900135457515717,0.6179999709129333,0.38280001282691956
YDR299W,YOR368W,0,-2.7998996,0.13897009193897247,0.6179999709129333,0.3828999996185303
YJL073W,YDR034C-D,0,-2.8002224,0.13893884420394897,0.6179999709129333,0.382999986410141
YLR190W,YOR240W,0,-2.8003755,0.13890762627124786,0.6179999709129333,0.3831000030040741
YGL213C,YHR108W,0,-2.800413,0.13887640833854675,0.6179999709129333,0.3831999897956848
YPL002C,YJR001W,0,-2.8005893,0.13884520530700684,0.6179999709129333,0.3833000063896179
YLR039C,YKR035W-A,0,-2.800641,0.1388140171766281,0.6179999709129333,0.38339999318122864
YER027C,YKR061W,0,-2.8006687,0.13878284394741058,0.6179999709129333,0.38350000977516174
YPL094C,YKL200C,0,-2.8006763,0.13875168561935425,0.6179999709129333,0.38359999656677246
YLR451W,YNL093W,0,-2.8007069,0.1387205421924591,0.6179999709129333,0.38370001316070557
YDR212W,YIL115C,0,-2.8008418,0.13868941366672516,0.6179999709129333,0.3837999999523163
YKR087C,YBR213W,0,-2.8009844,0.1386582851409912,0.6179999709129333,0.383899986743927
YNL244C,YGR171C,0,-2.8012357,0.13862718641757965,0.6179999709129333,0.3840000033378601
YJL013C,YLR227W-B,0,-2.8013408,0.13859610259532928,0.6179999709129333,0.3840999901294708
YDR184C,YGR027W-A,0,-2.8013408,0.13856501877307892,0.6179999709129333,0.38420000672340393
YOR201C,YEL069C,0,-2.8015797,0.13853396475315094,0.6179999709129333,0.38429999351501465
YDR508C,YNL048W,0,-2.8015916,0.13850291073322296,0.6179999709129333,0.38440001010894775
YGL022W,YCR018C,0,-2.8015933,0.13847188651561737,0.6179999709129333,0.38449999690055847
YEL053C,YAR044W,0,-2.8018808,0.13844086229801178,0.6179999709129333,0.3846000134944916
YGL046W,YGL211W,0,-2.8019495,0.13840985298156738,0.6179999709129333,0.3847000002861023
YPL254W,YLL004W,1,-2.801958,0.13860277831554413,0.6190000176429749,0.3847000002861023
YPR193C,YBR215W,1,-2.802075,0.1387956142425537,0.6200000047683716,0.3847000002861023
YKR037C,YML058W,0,-2.802429,0.13876454532146454,0.6200000047683716,0.384799987077713
YAL068C,YPR186C,0,-2.802792,0.13873349130153656,0.6200000047683716,0.3849000036716461
YMR273C,YDR110W,1,-2.803243,0.1389261782169342,0.6209999918937683,0.3849000036716461
YGL129C,YLR453C,0,-2.8034494,0.13889509439468384,0.6209999918937683,0.38499999046325684
YGR165W,YEL053C,0,-2.8035972,0.13886404037475586,0.6209999918937683,0.38510000705718994
YKR029C,YPR179C,1,-2.8037891,0.13905656337738037,0.621999979019165,0.38510000705718994
YOR317W,YMR048W,0,-2.803936,0.13902547955513,0.621999979019165,0.38519999384880066
YML112W,YOR298W,0,-2.8039982,0.13899441063404083,0.621999979019165,0.38530001044273376
YGR238C,YNL071W,0,-2.8041794,0.13896335661411285,0.621999979019165,0.3853999972343445
YJL095W,YCL011C,0,-2.804442,0.13893231749534607,0.621999979019165,0.3855000138282776
YJL114W,YIL019W,0,-2.8044443,0.13890129327774048,0.621999979019165,0.3856000006198883
YOL109W,YPL266W,0,-2.80454,0.13887028396129608,0.621999979019165,0.385699987411499
YML094W,YOR174W,0,-2.8047307,0.13883928954601288,0.621999979019165,0.38580000400543213
YLR126C,YDL201W,0,-2.8049257,0.13880829513072968,0.621999979019165,0.38589999079704285
YLR045C,YOR192C-B,0,-2.8049436,0.13877733051776886,0.621999979019165,0.38600000739097595
YMR168C,YOL111C,0,-2.804975,0.13874638080596924,0.621999979019165,0.38609999418258667
YJR112W,YCL029C,0,-2.8050013,0.13871543109416962,0.621999979019165,0.3862000107765198
YOR156C,YGR005C,0,-2.805068,0.13868451118469238,0.621999979019165,0.3862999975681305
YFR001W,YGL130W,0,-2.8055346,0.13865359127521515,0.621999979019165,0.3864000141620636
YOR231W,YPR093C,0,-2.8055384,0.1386226862668991,0.621999979019165,0.3865000009536743
YLR229C,YJR077C,0,-2.8056307,0.13859179615974426,0.621999979019165,0.38659998774528503
YKL204W,YDR092W,0,-2.8056486,0.1385609209537506,0.621999979019165,0.38670000433921814
YGR288W,YPR139C,0,-2.8057353,0.13853006064891815,0.621999979019165,0.38679999113082886
YNL038W,YBR153W,0,-2.805746,0.1384992152452469,0.621999979019165,0.38690000772476196
YGL133W,YLL004W,1,-2.8057835,0.1386910080909729,0.6230000257492065,0.38690000772476196
YNL247W,YLR132C,0,-2.8060389,0.13866013288497925,0.6230000257492065,0.3869999945163727
YGL233W,YML048W,0,-2.8061256,0.13862928748130798,0.6230000257492065,0.3871000111103058
YNL066W,YDL056W,0,-2.8066661,0.13859844207763672,0.6230000257492065,0.3871999979019165
YBL085W,YOR145C,0,-2.8066878,0.13856761157512665,0.6230000257492065,0.3873000144958496
YLL035W,YGR278W,0,-2.8068013,0.13853679597377777,0.6230000257492065,0.3874000012874603
YDR395W,YML077W,0,-2.8068671,0.1385059952735901,0.6230000257492065,0.38749998807907104
YOR040W,YOR261C,0,-2.806872,0.1384752094745636,0.6230000257492065,0.38760000467300415
YML036W,YDR164C,0,-2.8068998,0.1384444385766983,0.6230000257492065,0.38769999146461487
YGL047W,YPR125W,0,-2.807055,0.1384136825799942,0.6230000257492065,0.387800008058548
YBR086C,YGR046W,0,-2.8073053,0.1383829414844513,0.6230000257492065,0.3878999948501587
YOR043W,YJR077C,0,-2.807394,0.13835221529006958,0.6230000257492065,0.3880000114440918
YGR183C,YER168C,0,-2.8075123,0.13832148909568787,0.6230000257492065,0.3880999982357025
YHL027W,YMR212C,0,-2.8076282,0.13829079270362854,0.6230000257492065,0.3882000148296356
YDR060W,YDL065C,0,-2.80768,0.1382600963115692,0.6230000257492065,0.38830000162124634
YMR023C,YKR061W,0,-2.8077445,0.13822941482067108,0.6230000257492065,0.38839998841285706
YJL039C,YIR028W,0,-2.8082843,0.13819876313209534,0.6230000257492065,0.38850000500679016
YDR299W,YCL024W,0,-2.8084092,0.1381681114435196,0.6230000257492065,0.3885999917984009
YML076C,YLR148W,0,-2.8085644,0.13813747465610504,0.6230000257492065,0.388700008392334
YHR066W,YGR037C,0,-2.8086677,0.13810685276985168,0.6230000257492065,0.3887999951839447
YOL076W,YPL266W,0,-2.8090138,0.13807624578475952,0.6230000257492065,0.3889000117778778
YNL049C,YJR112W,0,-2.8092666,0.13804563879966736,0.6230000257492065,0.3889999985694885
YDR517W,YLR167W,0,-2.8092942,0.13801506161689758,0.6230000257492065,0.38909998536109924
YLR291C,YGR204W,0,-2.8093076,0.137984499335289,0.6230000257492065,0.38920000195503235
YLR221C,YPR073C,0,-2.8093717,0.13795393705368042,0.6230000257492065,0.38929998874664307
YMR267W,YGR109W-B,0,-2.8094158,0.13792340457439423,0.6230000257492065,0.38940000534057617
YOL003C,YMR213W,0,-2.8097444,0.13789287209510803,0.6230000257492065,0.3894999921321869
YGR004W,YOR201C,0,-2.8097959,0.13786235451698303,0.6230000257492065,0.38960000872612
YML121W,YDR472W,0,-2.809812,0.13783185184001923,0.6230000257492065,0.3896999955177307
YML016C,YIL143C,0,-2.8098285,0.1378013640642166,0.6230000257492065,0.3898000121116638
YLL035W,YHR206W,0,-2.8098605,0.1377708911895752,0.6230000257492065,0.38989999890327454
YLR305C,YOR240W,0,-2.8098712,0.13774043321609497,0.6230000257492065,0.38999998569488525
YBR195C,YMR127C,1,-2.8102598,0.13793103396892548,0.6240000128746033,0.38999998569488525
YDR217C,YPL257W-A,0,-2.8102853,0.13790054619312286,0.6240000128746033,0.39010000228881836
YNL291C,YGL253W,0,-2.8104389,0.13787008821964264,0.6240000128746033,0.3901999890804291
YFR036W,YMR058W,0,-2.8105173,0.13783963024616241,0.6240000128746033,0.3903000056743622
YJR153W,YJR147W,0,-2.8106003,0.13780918717384338,0.6240000128746033,0.3903999924659729
YGR004W,YDL209C,0,-2.8111248,0.13777875900268555,0.6240000128746033,0.390500009059906
YER190W,YLR313C,0,-2.8111815,0.1377483457326889,0.6240000128746033,0.3905999958515167
YLR378C,YDR016C,0,-2.8113413,0.13771794736385345,0.6240000128746033,0.39070001244544983
YPR010C,YGR037C,0,-2.8113441,0.137687548995018,0.6240000128746033,0.39079999923706055
YIL135C,YIR008C,0,-2.811499,0.13765718042850494,0.6240000128746033,0.39089998602867126
YIL140W,YER093C,0,-2.8117507,0.13762682676315308,0.6240000128746033,0.39100000262260437
YNL163C,YDL118W,0,-2.8122158,0.1375964730978012,0.6240000128746033,0.3910999894142151
YNL261W,YJR060W,1,-2.8122475,0.1377865970134735,0.625,0.3910999894142151
YNR043W,YMR059W,0,-2.812527,0.13775622844696045,0.625,0.3912000060081482
YDR494W,YGR042W,0,-2.8125436,0.13772587478160858,0.625,0.3912999927997589
YJL176C,YLR449W,1,-2.8126316,0.13791583478450775,0.6259999871253967,0.3912999927997589
YBR135W,YBR243C,0,-2.8126738,0.1378854662179947,0.6259999871253967,0.391400009393692
YMR050C,YOR112W,0,-2.8130107,0.13785509765148163,0.6259999871253967,0.39149999618530273
YPL041C,YDL118W,0,-2.8130279,0.13782474398612976,0.6259999871253967,0.39160001277923584
YKL089W,YLR227W-B,0,-2.8131425,0.1377944052219391,0.6259999871253967,0.39169999957084656
YKL007W,YKR001C,0,-2.813402,0.1377640813589096,0.6259999871253967,0.3917999863624573
YOR237W,YJL173C,0,-2.8134594,0.13773377239704132,0.6259999871253967,0.3919000029563904
YKR085C,YKR082W,0,-2.8135023,0.13770347833633423,0.6259999871253967,0.3919999897480011
YCR063W,YPL060C-A,0,-2.8137636,0.13767318427562714,0.6259999871253967,0.3921000063419342
YNL261W,YMR127C,1,-2.8138113,0.13786280155181885,0.6269999742507935,0.3921000063419342
YIL049W,YLR275W,0,-2.8138926,0.13783249258995056,0.6269999742507935,0.3921999931335449
YNL106C,YDR419W,0,-2.8140326,0.13780219852924347,0.6269999742507935,0.392300009727478
YML057W,YOR156C,0,-2.8140433,0.13777191936969757,0.6269999742507935,0.39239999651908875
YMR058W,YDL178W,0,-2.8140512,0.13774165511131287,0.6269999742507935,0.39250001311302185
YGL017W,YFL038C,0,-2.8143287,0.13771140575408936,0.6269999742507935,0.39259999990463257
YKL013C,YFL035C-A,0,-2.8144882,0.13768115639686584,0.6269999742507935,0.3926999866962433
YDR463W,YBL030C,0,-2.814783,0.13765093684196472,0.6269999742507935,0.3928000032901764
YJL110C,YPL179W,0,-2.8148682,0.1376207172870636,0.6269999742507935,0.3928999900817871
YML016C,YOR067C,0,-2.8152065,0.13759051263332367,0.6269999742507935,0.3930000066757202
YCR020C-A,YML019W,0,-2.8152874,0.13756033778190613,0.6269999742507935,0.39309999346733093
YHR072W-A,YEL042W,0,-2.8154917,0.1375301629304886,0.6269999742507935,0.39320001006126404
YFR027W,YOR240W,0,-2.8155937,0.13750000298023224,0.6269999742507935,0.39329999685287476
YNL291C,YJR137C,0,-2.8156052,0.13746985793113708,0.6269999742507935,0.39340001344680786
YLR035C,YER157W,0,-2.8157208,0.13743971288204193,0.6269999742507935,0.3935000002384186
YIL153W,YHL034C,0,-2.8158634,0.13740959763526917,0.6269999742507935,0.3935999870300293
YMR322C,YGR238C,0,-2.815978,0.1373794972896576,0.6269999742507935,0.3937000036239624
YIL121W,YGR171C,0,-2.81598,0.13734939694404602,0.6269999742507935,0.3937999904155731
YOR115C,YER109C,0,-2.8164158,0.13731931149959564,0.6269999742507935,0.3939000070095062
YMR273C,YLR418C,1,-2.8165033,0.13750821352005005,0.628000020980835,0.3939000070095062
YKL084W,YBL004W,0,-2.816515,0.13747811317443848,0.628000020980835,0.39399999380111694
YOR033C,YDL164C,0,-2.8165207,0.1374480128288269,0.628000020980835,0.39410001039505005
YER154W,YLR096W,0,-2.8167253,0.13741794228553772,0.628000020980835,0.39419999718666077
YLR449W,YDR303C,1,-2.817082,0.1376066505908966,0.6290000081062317,0.39419999718666077
YDR004W,YBR070C,0,-2.817082,0.13757655024528503,0.6290000081062317,0.39430001378059387
YOR353C,YFL035C-A,0,-2.8171535,0.13754646480083466,0.6290000081062317,0.3944000005722046
YDR483W,YMR239C,0,-2.8171537,0.13751639425754547,0.6290000081062317,0.3944999873638153
YJL114W,YEL020W-A,0,-2.817203,0.13748633861541748,0.6290000081062317,0.3946000039577484
YBL011W,YKR087C,0,-2.8172083,0.13745629787445068,0.6290000081062317,0.39469999074935913
YAL055W,YIL115C,0,-2.8174107,0.1374262571334839,0.6290000081062317,0.39480000734329224
YBL088C,YDR447C,0,-2.8175569,0.13739624619483948,0.6290000081062317,0.39489999413490295
YDR121W,YMR273C,1,-2.8176973,0.1375846266746521,0.6299999952316284,0.39489999413490295
YDR395W,YPR125W,0,-2.8179882,0.1375545859336853,0.6299999952316284,0.39500001072883606
YOL149W,YPR056W,0,-2.81819,0.1375245600938797,0.6299999952316284,0.3950999975204468
YPL041C,YER029C,0,-2.818212,0.1374945491552353,0.6299999952316284,0.3952000141143799
YCR018C,YLR132C,0,-2.818337,0.13746453821659088,0.6299999952316284,0.3953000009059906
YPR051W,YCL052C,0,-2.818344,0.13743455708026886,0.6299999952316284,0.3953999876976013
YDR011W,YKL046C,0,-2.8183908,0.13740457594394684,0.6299999952316284,0.3955000042915344
YER171W,YCR047C,0,-2.8185055,0.1373746246099472,0.6299999952316284,0.39559999108314514
YOR115C,YMR023C,0,-2.818612,0.13734467327594757,0.6299999952316284,0.39570000767707825
YNL313C,YOR081C,0,-2.8186193,0.13731473684310913,0.6299999952316284,0.39579999446868896
YGR209C,YML060W,0,-2.818634,0.13728481531143188,0.6299999952316284,0.39590001106262207
YGR098C,YGR171C,0,-2.8187537,0.13725490868091583,0.6299999952316284,0.3959999978542328
YOR040W,YHL024W,0,-2.8187737,0.13722500205039978,0.6299999952316284,0.3961000144481659
YBR243C,YMR172W,0,-2.8187938,0.13719512522220612,0.6299999952316284,0.3962000012397766
YLR035C,YJL012C,0,-2.8188636,0.13716524839401245,0.6299999952316284,0.39629998803138733
YLR102C,YNL218W,0,-2.8188953,0.13713540136814117,0.6299999952316284,0.39640000462532043
YGL051W,YLR226W,0,-2.8192482,0.1371055543422699,0.6299999952316284,0.39649999141693115
YBR017C,YLR451W,0,-2.8195312,0.13707572221755981,0.6299999952316284,0.39660000801086426
YJL013C,YOR201C,0,-2.8196764,0.13704590499401093,0.6299999952316284,0.396699994802475
YJL186W,YPL094C,0,-2.8197546,0.13701608777046204,0.6299999952316284,0.3968000113964081
YGR004W,YPR125W,0,-2.820186,0.13698630034923553,0.6299999952316284,0.3968999981880188
YGL153W,YER025W,0,-2.8203073,0.13695652782917023,0.6299999952316284,0.3970000147819519
YAL020C,YLR200W,0,-2.820371,0.13692675530910492,0.6299999952316284,0.3971000015735626
YMR186W,YJR153W,0,-2.8207917,0.1368969976902008,0.6299999952316284,0.39719998836517334
YLR013W,YIL062C,0,-2.8208733,0.13686725497245789,0.6299999952316284,0.39730000495910645
YJL176C,YPR031W,1,-2.8209789,0.13705474138259888,0.6309999823570251,0.39730000495910645
YOR253W,YFL038C,0,-2.8211021,0.13702496886253357,0.6309999823570251,0.39739999175071716
YGR038W,YDL092W,0,-2.8211036,0.13699522614479065,0.6309999823570251,0.39750000834465027
YBR288C,YML077W,0,-2.8213243,0.13696548342704773,0.6309999823570251,0.397599995136261
YJL056C,YGR046W,0,-2.8213253,0.1369357705116272,0.6309999823570251,0.3977000117301941
YMR322C,YPL213W,0,-2.821509,0.13690605759620667,0.6309999823570251,0.3977999985218048
YDR508C,YJL114W,0,-2.8216124,0.13687635958194733,0.6309999823570251,0.3978999853134155
YPL065W,YPL095C,0,-2.82168,0.13684667646884918,0.6309999823570251,0.39800000190734863
YJR112W,YHR098C,0,-2.8217158,0.13681699335575104,0.6309999823570251,0.39809998869895935
YJL186W,YMR048W,0,-2.8218117,0.13678734004497528,0.6309999823570251,0.39820000529289246
YBR017C,YGL120C,0,-2.821927,0.13675768673419952,0.6309999823570251,0.3982999920845032
YHL027W,YPR101W,0,-2.8221393,0.13672806322574615,0.6309999823570251,0.3984000086784363
YJL041W,YFL038C,0,-2.8225124,0.13669843971729279,0.6309999823570251,0.398499995470047
YPL120W,YLR045C,0,-2.822617,0.1366688311100006,0.6309999823570251,0.3986000120639801
YLL016W,YNL051W,0,-2.8226933,0.13663923740386963,0.6309999823570251,0.3986999988555908
YPL232W,YHL022C,0,-2.8227034,0.13660965859889984,0.6309999823570251,0.39879998564720154
YOL011W,YGL022W,0,-2.8227324,0.13658007979393005,0.6309999823570251,0.39890000224113464
YHR058C,YNL283C,0,-2.823122,0.13655053079128265,0.6309999823570251,0.39899998903274536
YPL243W,YKL140W,0,-2.8232965,0.13652098178863525,0.6309999823570251,0.39910000562667847
YLR190W,YLR126C,0,-2.8237786,0.13649146258831024,0.6309999823570251,0.3991999924182892
YKL075C,YGL051W,0,-2.8238168,0.13646194338798523,0.6309999823570251,0.3993000090122223
YPR168W,YGR109W-B,0,-2.8241842,0.1364324390888214,0.6309999823570251,0.399399995803833
YER109C,YKL120W,0,-2.8242729,0.1364029347896576,0.6309999823570251,0.3995000123977661
YJR141W,YOR120W,0,-2.8243618,0.13637346029281616,0.6309999823570251,0.39959999918937683
YBR035C,YDR311W,0,-2.8244195,0.13634398579597473,0.6309999823570251,0.39969998598098755
YOR279C,YLR357W,1,-2.824597,0.1365305632352829,0.6320000290870667,0.39969998598098755
YLR363C,YPR186C,0,-2.824646,0.13650107383728027,0.6320000290870667,0.39980000257492065
YLL040C,YDL118W,0,-2.8246756,0.13647159934043884,0.6320000290870667,0.39989998936653137
YCR020C,YDR323C,0,-2.824769,0.1364421397447586,0.6320000290870667,0.4000000059604645
YOR143C,YOR089C,0,-2.8248725,0.13641269505023956,0.6320000290870667,0.4000999927520752
YER122C,YHL007C,0,-2.8250227,0.13638325035572052,0.6320000290870667,0.4002000093460083
YHR111W,YKR034W,0,-2.8253706,0.13635383546352386,0.6320000290870667,0.400299996137619
YHR190W,YLL038C,0,-2.8254795,0.1363244205713272,0.6320000290870667,0.4004000127315521
YOR259C,YMR128W,0,-2.8256454,0.13629502058029175,0.6320000290870667,0.40049999952316284
YML076C,YPR049C,0,-2.8257108,0.13626563549041748,0.6320000290870667,0.40059998631477356
YML019W,YHR129C,0,-2.825715,0.1362362504005432,0.6320000290870667,0.40070000290870667
YLL001W,YER145C,0,-2.825819,0.13620689511299133,0.6320000290870667,0.4007999897003174
YMR227C,YMR051C,0,-2.825892,0.13617755472660065,0.6320000290870667,0.4009000062942505
YIL085C,YNL292W,0,-2.8259878,0.13614821434020996,0.6320000290870667,0.4009999930858612
YDL130W,YBL046W,0,-2.8262846,0.13611888885498047,0.6320000290870667,0.4011000096797943
YKL149C,YPR049C,0,-2.826457,0.13608957827091217,0.6320000290870667,0.40119999647140503
YOR174W,YML019W,0,-2.8265145,0.13606028258800507,0.6320000290870667,0.40130001306533813
YLR200W,YOR253W,0,-2.8265777,0.13603100180625916,0.6320000290870667,0.40139999985694885
YNR032C-A,YBR080C,0,-2.8268824,0.13600172102451324,0.6320000290870667,0.40149998664855957
YJL114W,YFR004W,0,-2.826946,0.13597245514392853,0.6320000290870667,0.4016000032424927
YNL291C,YDR449C,0,-2.827338,0.1359432190656662,0.6320000290870667,0.4016999900341034
YPR024W,YDL178W,0,-2.8273783,0.13591398298740387,0.6320000290870667,0.4018000066280365
YPL179W,YAR014C,0,-2.8274217,0.13588476181030273,0.6320000290870667,0.4018999934196472
YNL119W,YPR093C,0,-2.8274822,0.1358555406332016,0.6320000290870667,0.4020000100135803
YBL082C,YDR038C,0,-2.827829,0.13582634925842285,0.6320000290870667,0.40209999680519104
YOL111C,YLR305C,0,-2.8278327,0.1357971578836441,0.6320000290870667,0.40220001339912415
YLR210W,YCL067C,0,-2.8279328,0.13576799631118774,0.6320000290870667,0.40230000019073486
YGR109W-A,YCR092C,0,-2.8281453,0.13573883473873138,0.6320000290870667,0.4023999869823456
YAL020C,YLR396C,0,-2.828157,0.13570968806743622,0.6320000290870667,0.4025000035762787
YPR186C,YCL029C,0,-2.8282301,0.13568055629730225,0.6320000290870667,0.4025999903678894
YNL156C,YPL053C,0,-2.8282795,0.13565142452716827,0.6320000290870667,0.4027000069618225
YER061C,YLR045C,0,-2.828442,0.1356223225593567,0.6320000290870667,0.4027999937534332
YPL037C,YML115C,0,-2.8285007,0.1355932205915451,0.6320000290870667,0.40290001034736633
YBR265W,YCR020C-A,0,-2.828582,0.13556413352489471,0.6320000290870667,0.40299999713897705
YNL001W,YDL118W,0,-2.828582,0.13553506135940552,0.6320000290870667,0.40310001373291016
YPR041W,YIR023W,0,-2.8287575,0.13550600409507751,0.6320000290870667,0.4032000005245209
YLL016W,YGL075C,0,-2.829033,0.1354769617319107,0.6320000290870667,0.4032999873161316
YHR065C,YDR004W,0,-2.829258,0.1354479193687439,0.6320000290870667,0.4034000039100647
YMR133W,YKR060W,0,-2.8293571,0.13541889190673828,0.6320000290870667,0.4034999907016754
YMR051C,YPR167C,0,-2.829473,0.13538989424705505,0.6320000290870667,0.4036000072956085
YJL095W,YML104C,0,-2.829691,0.13536089658737183,0.6320000290870667,0.40369999408721924
YPR175W,YJL140W,0,-2.8297744,0.1353318989276886,0.6320000290870667,0.40380001068115234
YPR093C,YBR216C,0,-2.8297768,0.13530293107032776,0.6320000290870667,0.40389999747276306
YGR037C,YJL041W,0,-2.8298633,0.1352739781141281,0.6320000290870667,0.40400001406669617
YER122C,YDL060W,0,-2.8300443,0.13524502515792847,0.6320000290870667,0.4041000008583069
YBR035C,YJR021C,0,-2.830218,0.13521608710289001,0.6320000290870667,0.4041999876499176
YPR175W,YOR192C-B,0,-2.8302495,0.13518716394901276,0.6320000290870667,0.4043000042438507
YLR362W,YIL115C,0,-2.8303943,0.1351582556962967,0.6320000290870667,0.4043999910354614
YPL276W,YIL115C,0,-2.8304055,0.13512936234474182,0.6320000290870667,0.40450000762939453
YMR292W,YPL083C,0,-2.8304253,0.13510046899318695,0.6320000290870667,0.40459999442100525
YEL020W-A,YKR001C,0,-2.8304906,0.13507159054279327,0.6320000290870667,0.40470001101493835
YMR200W,YGR046W,0,-2.8305514,0.13504274189472198,0.6320000290870667,0.4047999978065491
YNL071W,YGL130W,0,-2.830688,0.1350138932466507,0.6320000290870667,0.4049000144004822
YDL174C,YGR020C,0,-2.830738,0.1349850445985794,0.6320000290870667,0.4050000011920929
YDL174C,YDR272W,0,-2.8307784,0.1349562257528305,0.6320000290870667,0.4050999879837036
YEL053C,YJL140W,0,-2.8308039,0.1349274069070816,0.6320000290870667,0.4052000045776367
YML094W,YDR507C,0,-2.8309236,0.1348986178636551,0.6320000290870667,0.40529999136924744
YEL020W-A,YDR030C,0,-2.830925,0.13486982882022858,0.6320000290870667,0.40540000796318054
YER157W,YDL178W,0,-2.8309965,0.13484105467796326,0.6320000290870667,0.40549999475479126
YML076C,YKL052C,0,-2.8311925,0.13481228053569794,0.6320000290870667,0.40560001134872437
YGR080W,YKR039W,0,-2.8313525,0.134783536195755,0.6320000290870667,0.4056999981403351
YPL041C,YDR342C,0,-2.8318987,0.13475479185581207,0.6320000290870667,0.4058000147342682
YDR436W,YDL015C,0,-2.8319998,0.13472607731819153,0.6320000290870667,0.4059000015258789
YER027C,YDR246W,0,-2.832045,0.13469736278057098,0.6320000290870667,0.4059999883174896
YOL076W,YPL002C,0,-2.832053,0.13466864824295044,0.6320000290870667,0.40610000491142273
YLR229C,YLR113W,0,-2.8324757,0.13463996350765228,0.6320000290870667,0.40619999170303345
YLR055C,YBR244W,0,-2.832629,0.13461129367351532,0.6320000290870667,0.40630000829696655
YPR108W,YOR231W,0,-2.8328094,0.13458262383937836,0.6320000290870667,0.40639999508857727
YAL068C,YIR023W,0,-2.8329003,0.1345539689064026,0.6320000290870667,0.4065000116825104
YGL158W,YLR088W,0,-2.8330364,0.134525328874588,0.6320000290870667,0.4065999984741211
YDR099W,YMR030W,0,-2.8330908,0.13449670374393463,0.6320000290870667,0.4066999852657318
YJR055W,YLR227W-A,0,-2.8330965,0.13446807861328125,0.6320000290870667,0.4068000018596649
YDL056W,YPL057C,0,-2.8331761,0.13443948328495026,0.6320000290870667,0.40689998865127563
YER104W,YAR044W,0,-2.833303,0.13441088795661926,0.6320000290870667,0.40700000524520874
YDR303C,YMR247C,1,-2.8333428,0.13459493219852448,0.6330000162124634,0.40700000524520874
YOL109W,YJL071W,0,-2.8333983,0.1345663219690323,0.6330000162124634,0.40709999203681946
YMR051C,YDR339C,0,-2.833469,0.1345377266407013,0.6330000162124634,0.40720000863075256
YNL139C,YCL038C,0,-2.8335109,0.1345091313123703,0.6330000162124634,0.4072999954223633
YML067C,YPR093C,0,-2.8336718,0.1344805657863617,0.6330000162124634,0.4074000120162964
YCL034W,YLR163C,0,-2.8338392,0.1344520002603531,0.6330000162124634,0.4074999988079071
YER190W,YKR026C,0,-2.8341413,0.13442344963550568,0.6330000162124634,0.4075999855995178
YGR251W,YBR117C,0,-2.8341584,0.13439489901065826,0.6330000162124634,0.4077000021934509
YKL084W,YLR426W,0,-2.8342543,0.13436637818813324,0.6330000162124634,0.40779998898506165
YOR316C,YJL012C-A,0,-2.8347569,0.13433785736560822,0.6330000162124634,0.40790000557899475
YBR135W,YPR049C,0,-2.8348203,0.13430935144424438,0.6330000162124634,0.40799999237060547
YPL196W,YDR115W,0,-2.8348956,0.13428086042404175,0.6330000162124634,0.4081000089645386
YGR272C,YHL020C,0,-2.8350813,0.1342523843050003,0.6330000162124634,0.4081999957561493
YML109W,YPL116W,1,-2.8352783,0.1344359666109085,0.6340000033378601,0.4081999957561493
YPL266W,YPL028W,0,-2.8353271,0.13440746068954468,0.6340000033378601,0.4083000123500824
YOL109W,YER105C,0,-2.8353665,0.13437896966934204,0.6340000033378601,0.4083999991416931
YBR069C,YPL045W,0,-2.8356364,0.1343504935503006,0.6340000033378601,0.40849998593330383
YLR313C,YER154W,0,-2.8357205,0.13432203233242035,0.6340000033378601,0.40860000252723694
YBL046W,YDL108W,0,-2.8358512,0.1342935860157013,0.6340000033378601,0.40869998931884766
YMR255W,YKL046C,0,-2.8360376,0.13426513969898224,0.6340000033378601,0.40880000591278076
YNR030W,YPL232W,0,-2.8360767,0.13423670828342438,0.6340000033378601,0.4088999927043915
YML042W,YOR240W,0,-2.836163,0.1342082917690277,0.6340000033378601,0.4090000092983246
YNL002C,YNL333W,0,-2.8361998,0.13417989015579224,0.6340000033378601,0.4090999960899353
YCR010C,YLR132C,0,-2.8366346,0.13415150344371796,0.6340000033378601,0.4092000126838684
YKL125W,YMR133W,0,-2.8368704,0.13412311673164368,0.6340000033378601,0.4092999994754791
YML036W,YPR110C,0,-2.8369694,0.13409475982189178,0.6340000033378601,0.40939998626708984
YGL206C,YBR153W,0,-2.8372152,0.1340664029121399,0.6340000033378601,0.40950000286102295
YOR067C,YOR288C,0,-2.8377378,0.1340380609035492,0.6340000033378601,0.40959998965263367
YPR107C,YGL240W,0,-2.837761,0.1340097188949585,0.6340000033378601,0.4097000062465668
YMR048W,YOR372C,0,-2.8380203,0.13398140668869019,0.6340000033378601,0.4097999930381775
YML043C,YFL058W,0,-2.8385973,0.13395309448242188,0.6340000033378601,0.4099000096321106
YER190W,YOR178C,0,-2.8386056,0.13392479717731476,0.6340000033378601,0.4099999964237213
YGR027W-A,YNL002C,0,-2.8387685,0.13389651477336884,0.6340000033378601,0.4101000130176544
YKR085C,YLR275W,0,-2.8388076,0.1338682472705841,0.6340000033378601,0.41019999980926514
YNL261W,YIL126W,1,-2.8388367,0.13405108451843262,0.6349999904632568,0.41019999980926514
YMR212C,YLR426W,0,-2.83891,0.1340227872133255,0.6349999904632568,0.41029998660087585
YGR162W,YPR189W,0,-2.8390882,0.13399451971054077,0.6349999904632568,0.41040000319480896
YNL216W,YNL135C,1,-2.8392358,0.13417720794677734,0.6359999775886536,0.41040000319480896
YJL222W,YMR133W,0,-2.8393078,0.13414891064167023,0.6359999775886536,0.4104999899864197
YOR244W,YPL254W,1,-2.8393478,0.13433150947093964,0.6370000243186951,0.4104999899864197
YGL129C,YLL027W,0,-2.8396316,0.13430318236351013,0.6370000243186951,0.4106000065803528
YNL106C,YLR119W,0,-2.8396327,0.13427487015724182,0.6370000243186951,0.4106999933719635
YOL125W,YJR021C,0,-2.8399105,0.1342465728521347,0.6370000243186951,0.4108000099658966
YML016C,YPL057C,0,-2.8399186,0.13421829044818878,0.6370000243186951,0.4108999967575073
YDL207W,YHR176W,0,-2.8401885,0.13419000804424286,0.6370000243186951,0.41100001335144043
YBL088C,YHL024W,0,-2.8403325,0.13416175544261932,0.6370000243186951,0.41110000014305115
YDR252W,YNR013C,0,-2.8403368,0.1341335028409958,0.6370000243186951,0.41119998693466187
YBR043C,YPL036W,0,-2.840613,0.13410526514053345,0.6370000243186951,0.41130000352859497
YGL158W,YDL043C,0,-2.84074,0.1340770423412323,0.6370000243186951,0.4113999903202057
YGR171C,YDL108W,0,-2.840806,0.13404881954193115,0.6370000243186951,0.4115000069141388
YGR092W,YLR130C,0,-2.8408494,0.1340206116437912,0.6370000243186951,0.4115999937057495
YMR129W,YLR154C,0,-2.8413162,0.13399243354797363,0.6370000243186951,0.4117000102996826
YLR398C,YMR172W,0,-2.8413992,0.13396425545215607,0.6370000243186951,0.41179999709129333
YLL027W,YAL059W,0,-2.8415294,0.1339360773563385,0.6370000243186951,0.41190001368522644
YDR483W,YJR112W,0,-2.8416073,0.13390792906284332,0.6370000243186951,0.41200000047683716
YOR388C,YHL022C,0,-2.841639,0.13387978076934814,0.6370000243186951,0.4120999872684479
YIR028W,YDR513W,0,-2.841654,0.13385164737701416,0.6370000243186951,0.412200003862381
YMR212C,YKL204W,0,-2.8417926,0.13382352888584137,0.6370000243186951,0.4122999906539917
YGR253C,YGL047W,0,-2.8419795,0.13379542529582977,0.6370000243186951,0.4124000072479248
YJR143C,YBR188C,0,-2.84207,0.13376732170581818,0.6370000243186951,0.4124999940395355
YMR145C,YMR212C,0,-2.8420715,0.13373923301696777,0.6370000243186951,0.41260001063346863
YLR449W,YML109W,1,-2.8421595,0.1339210718870163,0.6380000114440918,0.41260001063346863
YEL012W,YPR051W,0,-2.842286,0.1338929682970047,0.6380000114440918,0.41269999742507935
YMR051C,YGR274C,0,-2.8427248,0.1338648796081543,0.6380000114440918,0.41280001401901245
YDR121W,YAR003W,1,-2.8429437,0.13404656946659088,0.6389999985694885,0.41280001401901245
YLR396C,YJR059W,0,-2.8429873,0.1340184509754181,0.6389999985694885,0.41290000081062317
YPR143W,YCR020C,0,-2.8429956,0.1339903473854065,0.6389999985694885,0.4129999876022339
YDR225W,YMR247C,1,-2.8431988,0.13417190313339233,0.6399999856948853,0.4129999876022339
YMR212C,YDR419W,0,-2.8433528,0.13414378464221954,0.6399999856948853,0.413100004196167
YER118C,YNL073W,0,-2.8435307,0.13411568105220795,0.6399999856948853,0.4131999909877777
YPL243W,YLR013W,0,-2.843584,0.13408757746219635,0.6399999856948853,0.4133000075817108
YGL168W,YKR061W,0,-2.8437533,0.13405948877334595,0.6399999856948853,0.41339999437332153
YJL114W,YBL030C,0,-2.8439217,0.13403141498565674,0.6399999856948853,0.41350001096725464
YLL040C,YPR186C,0,-2.8439655,0.13400335609912872,0.6399999856948853,0.41359999775886536
YPL041C,YGL168W,0,-2.8439891,0.1339752972126007,0.6399999856948853,0.41370001435279846
YLR039C,YPL176C,0,-2.8442736,0.1339472532272339,0.6399999856948853,0.4138000011444092
YHR166C,YGL222C,0,-2.8444772,0.13391922414302826,0.6399999856948853,0.4138999879360199
YBR195C,YCR052W,1,-2.8445134,0.13410042226314545,0.640999972820282,0.4138999879360199
YNL169C,YHR164C,0,-2.8446875,0.13407236337661743,0.640999972820282,0.414000004529953
YHR069C,YLR451W,0,-2.8447623,0.1340443342924118,0.640999972820282,0.4140999913215637
YNR033W,YER029C,0,-2.8449166,0.13401630520820618,0.640999972820282,0.4142000079154968
YIL049W,YBL097W,0,-2.8450623,0.13398829102516174,0.640999972820282,0.41429999470710754
YLL036C,YIL125W,0,-2.845169,0.1339602917432785,0.640999972820282,0.41440001130104065
YDR071C,YDR224C,1,-2.845327,0.1341412514448166,0.6420000195503235,0.41440001130104065
YER129W,YLR362W,0,-2.8453612,0.13411322236061096,0.6420000195503235,0.41449999809265137
YBR243C,YLR119W,0,-2.8454156,0.13408520817756653,0.6420000195503235,0.4146000146865845
YML104C,YOR117W,0,-2.8456159,0.1340572088956833,0.6420000195503235,0.4147000014781952
YPR143W,YPL175W,0,-2.8458705,0.13402922451496124,0.6420000195503235,0.4147999882698059
YFL018W-A,YDL164C,0,-2.8459334,0.1340012550354004,0.6420000195503235,0.414900004863739
YDR465C,YNL325C,0,-2.8459473,0.13397328555583954,0.6420000195503235,0.41499999165534973
YDR419W,YHR108W,0,-2.8460379,0.13394533097743988,0.6420000195503235,0.41510000824928284
YEL069C,YAR014C,0,-2.8461814,0.13391739130020142,0.6420000195503235,0.41519999504089355
YAR003W,YKR042W,1,-2.8463967,0.13409802317619324,0.6430000066757202,0.41519999504089355
YMR093W,YDL178W,0,-2.846636,0.13407005369663239,0.6430000066757202,0.41530001163482666
YIL126W,YDR073W,1,-2.8469899,0.13425056636333466,0.6439999938011169,0.41530001163482666
YLR035C,YDR045C,0,-2.8472636,0.1342225968837738,0.6439999938011169,0.4153999984264374
YLR453C,YGL028C,0,-2.8473217,0.13419462740421295,0.6439999938011169,0.4154999852180481
YNL091W,YLR330W,0,-2.8473778,0.1341666728258133,0.6439999938011169,0.4156000018119812
YDR121W,YNL135C,1,-2.8474293,0.13434700667858124,0.6449999809265137,0.4156000018119812
YMR045C,YBR017C,0,-2.8474765,0.13431903719902039,0.6449999809265137,0.4156999886035919
YFL060C,YLR466W,0,-2.848187,0.13429106771945953,0.6449999809265137,0.415800005197525
YDR429C,YGR037C,0,-2.8482647,0.13426311314105988,0.6449999809265137,0.41589999198913574
YDR512C,YOL111C,0,-2.8483381,0.1342351734638214,0.6449999809265137,0.41600000858306885
YMR273C,YPL116W,1,-2.8483584,0.13441531360149384,0.6460000276565552,0.41600000858306885
YOR040W,YHR178W,0,-2.8485622,0.13438735902309418,0.6460000276565552,0.41609999537467957
YGR238C,YGL241W,0,-2.8485866,0.13435940444469452,0.6460000276565552,0.41620001196861267
YML121W,YLR390W-A,0,-2.8486466,0.13433146476745605,0.6460000276565552,0.4162999987602234
YIL126W,YPL055C,1,-2.8488708,0.13451144099235535,0.6470000147819519,0.4162999987602234
YMR145C,YGL075C,0,-2.8489363,0.1344834715127945,0.6470000147819519,0.4163999855518341
YMR117C,YPR176C,0,-2.8490772,0.13445553183555603,0.6470000147819519,0.4165000021457672
YLR055C,YMR093W,0,-2.8490953,0.13442759215831757,0.6470000147819519,0.41659998893737793
YGR171C,YPR101W,0,-2.8492827,0.1343996673822403,0.6470000147819519,0.41670000553131104
YLR096W,YOR110W,0,-2.8493352,0.13437175750732422,0.6470000147819519,0.41679999232292175
YLR055C,YMR165C,0,-2.8496528,0.13434384763240814,0.6470000147819519,0.41690000891685486
YGL130W,YDR039C,0,-2.8497005,0.13431596755981445,0.6470000147819519,0.4169999957084656
YGR272C,YOL072W,0,-2.849798,0.13428808748722076,0.6470000147819519,0.4171000123023987
YLR221C,YOR353C,0,-2.8500054,0.13426022231578827,0.6470000147819519,0.4171999990940094
YDR264C,YMR239C,0,-2.8501112,0.13423237204551697,0.6470000147819519,0.4172999858856201
YDL224C,YDL056W,0,-2.850148,0.13420452177524567,0.6470000147819519,0.4174000024795532
YMR051C,YOR341W,0,-2.8502307,0.13417668640613556,0.6470000147819519,0.41749998927116394
YDR004W,YLR130C,0,-2.8505163,0.13414886593818665,0.6470000147819519,0.41760000586509705
YPL243W,YKL075C,0,-2.8505492,0.13412106037139893,0.6470000147819519,0.41769999265670776
YER190W,YLR291C,0,-2.8505907,0.1340932697057724,0.6470000147819519,0.41780000925064087
YBR288C,YER168C,0,-2.8507552,0.13406547904014587,0.6470000147819519,0.4178999960422516
YPL178W,YMR213W,0,-2.8508987,0.13403770327568054,0.6470000147819519,0.4180000126361847
YNL261W,YDR224C,1,-2.8509831,0.1342170685529709,0.6480000019073486,0.4180000126361847
YJR137C,YBR243C,0,-2.851037,0.13418927788734436,0.6480000019073486,0.4180999994277954
YLR398C,YPL050C,0,-2.851098,0.13416148722171783,0.6480000019073486,0.41819998621940613
YNL232W,YGL075C,0,-2.8512096,0.1341337263584137,0.6480000019073486,0.41830000281333923
YGR038W,YMR207C,0,-2.8513367,0.13410596549510956,0.6480000019073486,0.41839998960494995
YPR139C,YOR208W,0,-2.851371,0.1340782195329666,0.6480000019073486,0.41850000619888306
YHR214C-C,YNL002C,0,-2.8514786,0.13405047357082367,0.6480000019073486,0.4185999929904938
YGL047W,YHR088W,0,-2.8514888,0.1340227574110031,0.6480000019073486,0.4187000095844269
YDR170W-A,YOR261C,0,-2.851544,0.13399504125118256,0.6480000019073486,0.4187999963760376
YNL082W,YPL267W,0,-2.8515983,0.1339673399925232,0.6480000019073486,0.4189000129699707
YGR241C,YJL029C,0,-2.8516426,0.13393963873386383,0.6480000019073486,0.4189999997615814
YIL085C,YPR125W,0,-2.8518534,0.13391196727752686,0.6480000019073486,0.41909998655319214
YPL112C,YBR070C,0,-2.851901,0.13388429582118988,0.6480000019073486,0.41920000314712524
YOR381W,YDR115W,0,-2.851902,0.1338566392660141,0.6480000019073486,0.41929998993873596
YML011C,YER171W,0,-2.8520904,0.1338289976119995,0.6480000019073486,0.41940000653266907
YGR112W,YJL029C,0,-2.8521028,0.13380135595798492,0.6480000019073486,0.4194999933242798
YOR279C,YER125W,1,-2.8521416,0.1339801847934723,0.6489999890327454,0.4194999933242798
YGR077C,YPR107C,0,-2.8522658,0.1339525282382965,0.6489999890327454,0.4196000099182129
YHL027W,YGR046W,0,-2.8526268,0.13392488658428192,0.6489999890327454,0.4196999967098236
YJR147W,YLR224W,0,-2.8526568,0.13389725983142853,0.6489999890327454,0.4198000133037567
YPL276W,YDL056W,0,-2.852786,0.13386963307857513,0.6489999890327454,0.41990000009536743
YDL046W,YNL177C,0,-2.8528252,0.13384203612804413,0.6489999890327454,0.41999998688697815
YDL130W,YLL027W,0,-2.8529558,0.13381443917751312,0.6489999890327454,0.42010000348091125
YOR173W,YFL035C-A,0,-2.853109,0.13378684222698212,0.6489999890327454,0.420199990272522
YMR299C,YPL089C,0,-2.853124,0.1337592750787735,0.6489999890327454,0.4203000068664551
YPR168W,YHL038C,0,-2.853317,0.13373170793056488,0.6489999890327454,0.4203999936580658
YML074C,YNL038W,0,-2.8536515,0.13370415568351746,0.6489999890327454,0.4205000102519989
YOR363C,YHR129C,0,-2.8538547,0.13367661833763123,0.6489999890327454,0.4205999970436096
YNR030W,YOR054C,0,-2.8538666,0.1336490958929062,0.6489999890327454,0.4207000136375427
YMR239C,YDR470C,0,-2.853962,0.13362157344818115,0.6489999890327454,0.42080000042915344
YJR044C,YML019W,0,-2.8540864,0.1335940659046173,0.6489999890327454,0.42089998722076416
YGR252W,YMR273C,1,-2.8543062,0.13377238810062408,0.6499999761581421,0.42089998722076416
YJR137C,YIL135C,0,-2.8545744,0.13374485075473785,0.6499999761581421,0.42100000381469727
YLR200W,YDR472W,0,-2.854733,0.133717343211174,0.6499999761581421,0.421099990606308
YGL133W,YPR179C,1,-2.854929,0.13389551639556885,0.6510000228881836,0.421099990606308
YNL246W,YDR295C,1,-2.854964,0.13407361507415771,0.6520000100135803,0.421099990606308
YEL042W,YLR088W,0,-2.855001,0.1340460479259491,0.6520000100135803,0.4212000072002411
YGR165W,YDR427W,0,-2.855187,0.13401849567890167,0.6520000100135803,0.4212999939918518
YHR038W,YMR133W,0,-2.8552222,0.13399095833301544,0.6520000100135803,0.4214000105857849
YKL143W,YLR229C,0,-2.8552496,0.1339634209871292,0.6520000100135803,0.42149999737739563
YDR170W-A,YPL213W,0,-2.8552942,0.13393591344356537,0.6520000100135803,0.42160001397132874
YKR067W,YLR119W,0,-2.8553014,0.13390840590000153,0.6520000100135803,0.42170000076293945
YMR309C,YMR165C,0,-2.855589,0.13388089835643768,0.6520000100135803,0.42179998755455017
YOR126C,YFL018W-A,0,-2.855702,0.13385342061519623,0.6520000100135803,0.4219000041484833
YNL102W,YLR362W,0,-2.8557758,0.13382594287395477,0.6520000100135803,0.421999990940094
YIL049W,YAL068C,0,-2.8560283,0.1337984800338745,0.6520000100135803,0.4221000075340271
YMR117C,YLR163C,0,-2.8562245,0.13377103209495544,0.6520000100135803,0.4221999943256378
YHR178W,YFL038C,0,-2.8565168,0.13374358415603638,0.6520000100135803,0.4223000109195709
YLL027W,YGL183C,0,-2.8568454,0.1337161660194397,0.6520000100135803,0.42239999771118164
YPL112C,YML016C,0,-2.8570752,0.13368874788284302,0.6520000100135803,0.42250001430511475
YLR132C,YBL074C,0,-2.8571057,0.13366132974624634,0.6520000100135803,0.42260000109672546
YGR075C,YML001W,0,-2.8574064,0.13363394141197205,0.6520000100135803,0.4226999878883362
YNL156C,YMR213W,0,-2.8577676,0.13360655307769775,0.6520000100135803,0.4228000044822693
YDR043C,YDR079W,0,-2.8579001,0.13357917964458466,0.6520000100135803,0.42289999127388
YOR201C,YPR101W,0,-2.8581424,0.13355182111263275,0.6520000100135803,0.4230000078678131
YKL075C,YIL085C,0,-2.8583019,0.13352447748184204,0.6520000100135803,0.42309999465942383
YPL214C,YDR507C,0,-2.8586497,0.13349713385105133,0.6520000100135803,0.42320001125335693
YKR085C,YJL041W,0,-2.8590412,0.13346980512142181,0.6520000100135803,0.42329999804496765
YHL012W,YGR080W,0,-2.8595,0.1334424912929535,0.6520000100135803,0.42340001463890076
YDR252W,YDR120C,0,-2.8595257,0.13341517746448517,0.6520000100135803,0.4235000014305115
YOL076W,YJL179W,0,-2.85982,0.13338789343833923,0.6520000100135803,0.4235999882221222
YML076C,YLL040C,0,-2.860323,0.1333606094121933,0.6520000100135803,0.4237000048160553
YDR221W,YML001W,0,-2.8603444,0.13333334028720856,0.6520000100135803,0.423799991607666
YLR035C,YIL085C,0,-2.8604755,0.13330607116222382,0.6520000100135803,0.4239000082015991
YLR451W,YER093C,0,-2.860505,0.13327881693840027,0.6520000100135803,0.42399999499320984
YGR253C,YOR150W,0,-2.8610914,0.13325157761573792,0.6520000100135803,0.42410001158714294
YEL013W,YIR008C,0,-2.861298,0.13322435319423676,0.6520000100135803,0.42419999837875366
YKL141W,YKL119C,0,-2.861299,0.1331971436738968,0.6520000100135803,0.4242999851703644
YBL051C,YNL001W,0,-2.8614147,0.13316993415355682,0.6520000100135803,0.4244000017642975
YDR113C,YBR216C,0,-2.861476,0.13314273953437805,0.6520000100135803,0.4244999885559082
YCR077C,YDR447C,0,-2.8614864,0.13311555981636047,0.6520000100135803,0.4246000051498413
YCR020C,YLR224W,0,-2.8615196,0.1330883800983429,0.6520000100135803,0.424699991941452
YMR227C,YLR092W,0,-2.8618155,0.1330612301826477,0.6520000100135803,0.42480000853538513
YGL104C,YDR264C,0,-2.8618538,0.13303408026695251,0.6520000100135803,0.42489999532699585
YNR060W,YDR034C-D,0,-2.8618944,0.13300693035125732,0.6520000100135803,0.42500001192092896
YOL033W,YBL051C,0,-2.861963,0.13297981023788452,0.6520000100135803,0.4250999987125397
YLR330W,YEL042W,0,-2.862301,0.13295269012451172,0.6520000100135803,0.4251999855041504
YMR048W,YHR129C,0,-2.8625093,0.1329255849123001,0.6520000100135803,0.4253000020980835
YPL065W,YJL041W,0,-2.8625174,0.1328984946012497,0.6520000100135803,0.4253999888896942
YGL183C,YCL029C,0,-2.8625228,0.13287140429019928,0.6520000100135803,0.4255000054836273
YNL048W,YAL029C,0,-2.8630047,0.13284432888031006,0.6520000100135803,0.42559999227523804
YKL075C,YJR105W,0,-2.8632145,0.13281726837158203,0.6520000100135803,0.42570000886917114
YPL116W,YIL150C,1,-2.863385,0.1329938918352127,0.652999997138977,0.42570000886917114
YML060W,YGL075C,0,-2.8634112,0.1329668164253235,0.652999997138977,0.42579999566078186
YKL046C,YIL135C,0,-2.863445,0.13293974101543427,0.652999997138977,0.42590001225471497
YPR167C,YBL099W,0,-2.8636336,0.13291268050670624,0.652999997138977,0.4259999990463257
YJL071W,YKL092C,0,-2.8637605,0.1328856348991394,0.652999997138977,0.4260999858379364
YIR028W,YML058W,0,-2.8638277,0.13285858929157257,0.652999997138977,0.4262000024318695
YPR031W,YLL004W,1,-2.8639133,0.13303498923778534,0.6539999842643738,0.4262000024318695
YOL072W,YOR207C,0,-2.8642764,0.1330079287290573,0.6539999842643738,0.4262999892234802
YMR045C,YBR043C,0,-2.8643723,0.13298088312149048,0.6539999842643738,0.42640000581741333
YNL135C,YER120W,1,-2.864629,0.1331571489572525,0.6549999713897705,0.42640000581741333
YEL013W,YAL029C,0,-2.8651824,0.13313008844852448,0.6549999713897705,0.42649999260902405
YDR054C,YLR409C,0,-2.8652213,0.13310302793979645,0.6549999713897705,0.42660000920295715
YKL130C,YBL074C,0,-2.8654294,0.13307598233222961,0.6549999713897705,0.42669999599456787
YIL121W,YML085C,0,-2.8655481,0.13304895162582397,0.6549999713897705,0.426800012588501
YJR132W,YBR118W,0,-2.8655558,0.13302193582057953,0.6549999713897705,0.4268999993801117
YJR094C,YDR470C,0,-2.865703,0.13299492001533508,0.6549999713897705,0.4269999861717224
YHR038W,YDR449C,0,-2.8657541,0.13296791911125183,0.6549999713897705,0.4271000027656555
YHR094C,YDR507C,0,-2.865836,0.13294093310832977,0.6549999713897705,0.42719998955726624
YOL125W,YNR003C,0,-2.8658776,0.1329139620065689,0.6549999713897705,0.42730000615119934
YBL088C,YGR027W-A,0,-2.866148,0.13288699090480804,0.6549999713897705,0.42739999294281006
YPL060C-A,YAR015W,0,-2.866148,0.13286003470420837,0.6549999713897705,0.42750000953674316
YNL247W,YLR074C,0,-2.866422,0.1328330934047699,0.6549999713897705,0.4275999963283539
YKL068W,YER093C,0,-2.8664804,0.13280616700649261,0.6549999713897705,0.427700012922287
YLR426W,YJL157C,0,-2.8665514,0.13277924060821533,0.6549999713897705,0.4277999997138977
YMR273C,YDL153C,1,-2.8665788,0.13295499980449677,0.656000018119812,0.4277999997138977
YJL222W,YPL267W,0,-2.866927,0.1329280585050583,0.656000018119812,0.4278999865055084
YLR426W,YGL253W,0,-2.8670006,0.132901132106781,0.656000018119812,0.42800000309944153
YFL038C,YDR034C-D,0,-2.8672113,0.13287422060966492,0.656000018119812,0.42809998989105225
YLR196W,YKR087C,0,-2.8672452,0.13284730911254883,0.656000018119812,0.42820000648498535
YDL118W,YGR042W,0,-2.8673139,0.13282041251659393,0.656000018119812,0.42829999327659607
YNL106C,YDL188C,0,-2.8674788,0.13279351592063904,0.656000018119812,0.4284000098705292
YFR001W,YMR048W,0,-2.8675156,0.13276664912700653,0.656000018119812,0.4284999966621399
YNL313C,YOL109W,0,-2.8677406,0.13273978233337402,0.656000018119812,0.428600013256073
YJL176C,YPR193C,1,-2.8677688,0.13291522860527039,0.6570000052452087,0.428600013256073
YKL046C,YMR267W,0,-2.8678095,0.13288834691047668,0.6570000052452087,0.4287000000476837
YOR058C,YFL022C,0,-2.8681996,0.13286148011684418,0.6570000052452087,0.42879998683929443
YHR214C-C,YDR412W,0,-2.8682747,0.13283461332321167,0.6570000052452087,0.42890000343322754
YGR238C,YPR108W,0,-2.868276,0.13280776143074036,0.6570000052452087,0.42899999022483826
YDR054C,YBR118W,0,-2.8683438,0.13278092443943024,0.6570000052452087,0.42910000681877136
YHR166C,YOR174W,0,-2.868375,0.13275408744812012,0.6570000052452087,0.4291999936103821
YOR353C,YBR118W,0,-2.8685036,0.1327272653579712,0.6570000052452087,0.4293000102043152
YPR024W,YOR081C,0,-2.8685203,0.13270045816898346,0.6570000052452087,0.4293999969959259
YGR288W,YOR195W,0,-2.8685734,0.13267366588115692,0.6570000052452087,0.429500013589859
YOR081C,YKL092C,0,-2.8685884,0.13264687359333038,0.6570000052452087,0.4296000003814697
YKL013C,YAR044W,0,-2.8686383,0.13262011110782623,0.6570000052452087,0.42969998717308044
YER173W,YLR226W,0,-2.8687236,0.1325933337211609,0.6570000052452087,0.42980000376701355
YGL094C,YER166W,0,-2.8691647,0.13256658613681793,0.6570000052452087,0.42989999055862427
YHR214C-C,YLR129W,0,-2.869338,0.13253983855247498,0.6570000052452087,0.4300000071525574
YGL158W,YBR080C,0,-2.8694067,0.1325131058692932,0.6570000052452087,0.4300999939441681
YKR029C,YKR042W,1,-2.8694196,0.13268804550170898,0.6579999923706055,0.4300999939441681
YJL201W,YDL051W,0,-2.8697546,0.13266128301620483,0.6579999923706055,0.4302000105381012
YKL189W,YGR092W,0,-2.8701444,0.13263455033302307,0.6579999923706055,0.4302999973297119
YGR278W,YPL089C,0,-2.870194,0.1326078176498413,0.6579999923706055,0.430400013923645
YDR080W,YPL267W,0,-2.870264,0.13258109986782074,0.6579999923706055,0.43050000071525574
YIL150C,YBL052C,1,-2.8703363,0.132755845785141,0.6589999794960022,0.43050000071525574
YPR193C,YDL153C,1,-2.8703723,0.13293051719665527,0.6600000262260437,0.43050000071525574
YMR247C,YJL127C,1,-2.8704786,0.1331051141023636,0.6610000133514404,0.43050000071525574
YLL036C,YHL020C,0,-2.8704937,0.13307832181453705,0.6610000133514404,0.43059998750686646
YPL249C,YOL158C,0,-2.8706949,0.1330515295267105,0.6610000133514404,0.43070000410079956
YMR302C,YDR365W-A,0,-2.8708,0.13302475214004517,0.6610000133514404,0.4307999908924103
YJL138C,YBR069C,0,-2.8708153,0.13299798965454102,0.6610000133514404,0.4309000074863434
YDL164C,YIL019W,0,-2.871314,0.13297122716903687,0.6610000133514404,0.4309999942779541
YLR246W,YLR032W,0,-2.8715043,0.1329444944858551,0.6610000133514404,0.4311000108718872
YKL120W,YKR001C,0,-2.8715076,0.13291776180267334,0.6610000133514404,0.4311999976634979
YKL046C,YAL068C,0,-2.8717244,0.13289102911949158,0.6610000133514404,0.43130001425743103
YNL291C,YGR193C,0,-2.8718853,0.1328643262386322,0.6610000133514404,0.43140000104904175
YDL224C,YDR470C,0,-2.87212,0.13283762335777283,0.6610000133514404,0.43149998784065247
YDR120C,YJL029C,0,-2.8722317,0.13281093537807465,0.6610000133514404,0.43160000443458557
YHR170W,YDL007W,0,-2.8722353,0.13278424739837646,0.6610000133514404,0.4316999912261963
YJL002C,YNR003C,0,-2.8723345,0.13275758922100067,0.6610000133514404,0.4318000078201294
YOL111C,YGR042W,0,-2.872416,0.13273093104362488,0.6610000133514404,0.4318999946117401
YNL287W,YPL094C,0,-2.8724587,0.13270427286624908,0.6610000133514404,0.4320000112056732
YIL085C,YGL216W,0,-2.8727627,0.13267764449119568,0.6610000133514404,0.43209999799728394
YHR108W,YNL038W,0,-2.872911,0.13265101611614227,0.6610000133514404,0.43220001459121704
YPL047W,YDR295C,1,-2.8729856,0.13282504677772522,0.6620000004768372,0.43220001459121704
YBR135W,YER009W,0,-2.8731003,0.13279838860034943,0.6620000004768372,0.43230000138282776
YHR178W,YPR125W,0,-2.873301,0.13277176022529602,0.6620000004768372,0.4323999881744385
YML104C,YGR172C,0,-2.873366,0.13274513185024261,0.6620000004768372,0.4325000047683716
YNL247W,YBL004W,0,-2.8736057,0.1327185183763504,0.6620000004768372,0.4325999915599823
YBR080C,YNL066W,0,-2.873681,0.13269191980361938,0.6620000004768372,0.4327000081539154
YOL158C,YMR172W,0,-2.873699,0.13266533613204956,0.6620000004768372,0.4327999949455261
YER122C,YDR447C,0,-2.8739686,0.13263875246047974,0.6620000004768372,0.43290001153945923
YBL011W,YBL015W,0,-2.8740602,0.1326121836900711,0.6620000004768372,0.43299999833106995
YHL012W,YDR364C,0,-2.8742013,0.13258561491966248,0.6620000004768372,0.43309998512268066
YDR392W,YMR247C,1,-2.87424,0.13275931775569916,0.6629999876022339,0.43309998512268066
YAL020C,YKL007W,0,-2.8745422,0.13273273408412933,0.6629999876022339,0.43320000171661377
YGR004W,YDL174C,0,-2.8747454,0.1327061653137207,0.6629999876022339,0.4332999885082245
YPR041W,YEL013W,0,-2.874846,0.13267961144447327,0.6629999876022339,0.4334000051021576
YNL313C,YDL209C,0,-2.874929,0.13265305757522583,0.6629999876022339,0.4334999918937683
YDL046W,YPL112C,0,-2.8749845,0.1326265186071396,0.6629999876022339,0.4336000084877014
YDR252W,YML001W,0,-2.8754,0.13259999454021454,0.6629999876022339,0.43369999527931213
YPR031W,YDR225W,1,-2.8754373,0.13277344405651093,0.6639999747276306,0.43369999527931213
YHL027W,YML060W,0,-2.8754892,0.13274690508842468,0.6639999747276306,0.43380001187324524
YOR388C,YJL041W,0,-2.8756404,0.13272036612033844,0.6639999747276306,0.43389999866485596
YDL046W,YOL076W,0,-2.8759806,0.1326938420534134,0.6639999747276306,0.4339999854564667
YML130C,YBR214W,0,-2.876059,0.13266733288764954,0.6639999747276306,0.4341000020503998
YGL225W,YIR009W,0,-2.8761156,0.13264082372188568,0.6639999747276306,0.4341999888420105
YGR251W,YGR161C,0,-2.8762846,0.1326143443584442,0.6639999747276306,0.4343000054359436
YPL047W,YDR392W,1,-2.8763022,0.1327875405550003,0.6650000214576721,0.4343000054359436
YDR364C,YGR042W,0,-2.876316,0.13276103138923645,0.6650000214576721,0.4343999922275543
YNL071W,YHR178W,0,-2.8765912,0.1327345371246338,0.6650000214576721,0.4345000088214874
YML041C,YHR056C,1,-2.8766563,0.13290759921073914,0.6660000085830688,0.4345000088214874
YPR056W,YPL002C,0,-2.8766608,0.13288109004497528,0.6660000085830688,0.43459999561309814
YPL266W,YDR030C,0,-2.8767638,0.13285458087921143,0.6660000085830688,0.43470001220703125
YBR070C,YLR324W,0,-2.876834,0.13282808661460876,0.6660000085830688,0.43479999899864197
YBR035C,YFL055W,0,-2.8769197,0.1328015923500061,0.6660000085830688,0.4348999857902527
YOR058C,YIR011C,0,-2.8769531,0.13277511298656464,0.6660000085830688,0.4350000023841858
YPR193C,YMR127C,1,-2.8770328,0.13294798135757446,0.6669999957084656,0.4350000023841858
YJR001W,YBR188C,0,-2.8772292,0.1329214870929718,0.6669999957084656,0.4350999891757965
YNL135C,YKR042W,1,-2.8773074,0.13309423625469208,0.6679999828338623,0.4350999891757965
YER002W,YBR086C,0,-2.877523,0.13306772708892822,0.6679999828338623,0.4352000057697296
YPR010C,YEL020W-A,0,-2.8778129,0.13304123282432556,0.6679999828338623,0.43529999256134033
YMR145C,YFR027W,0,-2.8779166,0.1330147385597229,0.6679999828338623,0.43540000915527344
YHR170W,YGR075C,0,-2.8779275,0.13298825919628143,0.6679999828338623,0.43549999594688416
YDR113C,YDR272W,0,-2.8781266,0.13296177983283997,0.6679999828338623,0.43560001254081726
YGL240W,YGL225W,0,-2.8785238,0.1329353302717209,0.6679999828338623,0.435699999332428
YGL240W,YJR043C,0,-2.878794,0.1329088807106018,0.6679999828338623,0.4357999861240387
YGR165W,YAL059W,0,-2.878927,0.13288243114948273,0.6679999828338623,0.4359000027179718
YJL095W,YAL020C,0,-2.87898,0.13285601139068604,0.6679999828338623,0.4359999895095825
YPR143W,YCR077C,0,-2.879043,0.13282959163188934,0.6679999828338623,0.4361000061035156
YJL157C,YHR129C,0,-2.8791032,0.13280318677425385,0.6679999828338623,0.43619999289512634
YGL047W,YDR272W,0,-2.8791568,0.13277678191661835,0.6679999828338623,0.43630000948905945
YJR141W,YEL053C,0,-2.8792033,0.13275039196014404,0.6679999828338623,0.43639999628067017
YOR327C,YOR363C,0,-2.879503,0.13272401690483093,0.6679999828338623,0.43650001287460327
YLR047C,YJR052W,0,-2.8795047,0.13269765675067902,0.6679999828338623,0.436599999666214
YLR362W,YER083C,0,-2.8795528,0.1326712965965271,0.6679999828338623,0.4366999864578247
YGL233W,YGR221C,0,-2.8800826,0.13264495134353638,0.6679999828338623,0.4368000030517578
YGR252W,YAR003W,1,-2.8801699,0.13281714916229248,0.6690000295639038,0.4368000030517578
YHR072W-A,YJL002C,0,-2.8801715,0.13279078900814056,0.6690000295639038,0.43689998984336853
YML110C,YPR073C,0,-2.88029,0.13276444375514984,0.6690000295639038,0.43700000643730164
YPL092W,YJR141W,0,-2.8804731,0.13273809850215912,0.6690000295639038,0.43709999322891235
YKR037C,YLR167W,0,-2.880518,0.1327117681503296,0.6690000295639038,0.43720000982284546
YJL039C,YCR063W,0,-2.8807955,0.13268543779850006,0.6690000295639038,0.4372999966144562
YNR058W,YMR192W,0,-2.880835,0.13265913724899292,0.6690000295639038,0.4374000132083893
YKL049C,YGL038C,0,-2.880842,0.13263283669948578,0.6690000295639038,0.4375
YJR156C,YKL200C,0,-2.8809147,0.13260653614997864,0.6690000295639038,0.4375999867916107
YJL222W,YCL034W,0,-2.881003,0.13258026540279388,0.6690000295639038,0.4377000033855438
YLR430W,YLR313C,0,-2.8810878,0.13255399465560913,0.6690000295639038,0.43779999017715454
YMR299C,YGR101W,0,-2.8811634,0.13252773880958557,0.6690000295639038,0.43790000677108765
YIR011C,YER002W,0,-2.881261,0.132501482963562,0.6690000295639038,0.43799999356269836
YDR113C,YOR116C,0,-2.881288,0.13247524201869965,0.6690000295639038,0.43810001015663147
YPL041C,YDR501W,0,-2.8814163,0.13244901597499847,0.6690000295639038,0.4381999969482422
YNL156C,YDR311W,0,-2.8815308,0.1324228048324585,0.6690000295639038,0.4383000135421753
YDR261W-B,YML043C,0,-2.881567,0.13239659368991852,0.6690000295639038,0.438400000333786
YLR449W,YDR071C,1,-2.881751,0.13256826996803284,0.6700000166893005,0.438400000333786
YNR032C-A,YJL012C,0,-2.8817844,0.13254204392433167,0.6700000166893005,0.43849998712539673
YJR053W,YGR221C,0,-2.8817902,0.1325158178806305,0.6700000166893005,0.43860000371932983
YFR037C,YPL015C,1,-2.8818173,0.13268736004829407,0.6710000038146973,0.43860000371932983
YGL251C,YHR129C,0,-2.8818743,0.1326611340045929,0.6710000038146973,0.43869999051094055
YPL217C,YDR045C,0,-2.8820138,0.13263490796089172,0.6710000038146973,0.43880000710487366
YJL114W,YDL174C,0,-2.882349,0.13260869681835175,0.6710000038146973,0.4388999938964844
YNL036W,YJR094C,0,-2.8823493,0.13258250057697296,0.6710000038146973,0.4390000104904175
YML048W,YDR470C,0,-2.882448,0.13255630433559418,0.6710000038146973,0.4390999972820282
YAL023C,YPR110C,0,-2.8824928,0.1325301229953766,0.6710000038146973,0.4392000138759613
YOR261C,YPL002C,0,-2.8826594,0.1325039565563202,0.6710000038146973,0.439300000667572
YGR272C,YOR068C,0,-2.8829012,0.1324777901172638,0.6710000038146973,0.43939998745918274
YIL140W,YKL092C,0,-2.8829045,0.1324516385793686,0.6710000038146973,0.43950000405311584
YLR102C,YGR042W,0,-2.8829355,0.13242550194263458,0.6710000038146973,0.43959999084472656
YOR231W,YOR116C,0,-2.8830552,0.13239936530590057,0.6710000038146973,0.43970000743865967
YGR020C,YML019W,0,-2.8830934,0.13237324357032776,0.6710000038146973,0.4397999942302704
YML007W,YPR101W,0,-2.8833857,0.13234713673591614,0.6710000038146973,0.4399000108242035
YER014C-A,YLR045C,0,-2.8837063,0.1323210448026657,0.6710000038146973,0.4399999976158142
YKL130C,YML006C,0,-2.8837144,0.13229495286941528,0.6710000038146973,0.4401000142097473
YMR004W,YNL325C,0,-2.884258,0.13226887583732605,0.6710000038146973,0.44020000100135803
YPL002C,YBL064C,0,-2.8842642,0.132242813706398,0.6710000038146973,0.44029998779296875
YNL082W,YJR013W,0,-2.8842816,0.13221675157546997,0.6710000038146973,0.44040000438690186
YMR273C,YPL015C,1,-2.8843474,0.13238771259784698,0.671999990940094,0.44040000438690186
YBL082C,YBR288C,0,-2.8843608,0.13236163556575775,0.671999990940094,0.4404999911785126
YDR306C,YDR039C,0,-2.8844385,0.13233555853366852,0.671999990940094,0.4406000077724457
YLR190W,YML001W,0,-2.8844695,0.13230951130390167,0.671999990940094,0.4406999945640564
YDR176W,YDR224C,1,-2.8846269,0.13248030841350555,0.6729999780654907,0.4406999945640564
YMR145C,YAL068C,0,-2.8849268,0.13245424628257751,0.6729999780654907,0.4408000111579895
YKL007W,YMR059W,0,-2.8850474,0.13242818415164948,0.6729999780654907,0.4408999979496002
YJL114W,YFR047C,0,-2.8851523,0.13240212202072144,0.6729999780654907,0.4410000145435333
YPL243W,YDR523C,0,-2.8853657,0.1323760747909546,0.6729999780654907,0.44110000133514404
YNL080C,YKL213C,0,-2.885372,0.13235004246234894,0.6729999780654907,0.44119998812675476
YLR361C,YHR133C,0,-2.8855581,0.13232402503490448,0.6729999780654907,0.44130000472068787
YPL057C,YPR189W,0,-2.8855805,0.13229800760746002,0.6729999780654907,0.4413999915122986
YDL007W,YGL183C,0,-2.8856354,0.13227201998233795,0.6729999780654907,0.4415000081062317
YGR037C,YPL053C,0,-2.8856473,0.1322460174560547,0.6729999780654907,0.4415999948978424
YLR035C,YLR313C,0,-2.8859303,0.1322200447320938,0.6729999780654907,0.4417000114917755
YDR295C,YKR042W,1,-2.8862433,0.13239049911499023,0.6740000247955322,0.4417000114917755
YCR092C,YLL038C,0,-2.8862739,0.13236449658870697,0.6740000247955322,0.44179999828338623
YGR101W,YPR101W,0,-2.8865242,0.1323385089635849,0.6740000247955322,0.44190001487731934
YJR137C,YGR257C,0,-2.8869672,0.13231252133846283,0.6740000247955322,0.44200000166893005
YGL094C,YPL053C,0,-2.8870227,0.13228654861450195,0.6740000247955322,0.44209998846054077
YBR200W,YNR007C,0,-2.8870568,0.13226059079170227,0.6740000247955322,0.4422000050544739
YPL065W,YLR324W,0,-2.8871574,0.13223464787006378,0.6740000247955322,0.4422999918460846
YGR029W,YBL100W-A,0,-2.8878393,0.1322087049484253,0.6740000247955322,0.4424000084400177
YGR165W,YDR503C,0,-2.8878784,0.132182776927948,0.6740000247955322,0.4424999952316284
YGR020C,YGL191W,0,-2.8879533,0.1321568638086319,0.6740000247955322,0.4426000118255615
YNL272C,YJR013W,0,-2.888011,0.1321309506893158,0.6740000247955322,0.44269999861717224
YOR237W,YDR463W,0,-2.8880358,0.1321050524711609,0.6740000247955322,0.44279998540878296
YDR184C,YML074C,0,-2.888081,0.13207916915416718,0.6740000247955322,0.44290000200271606
YKR083C,YLR224W,0,-2.888143,0.13205328583717346,0.6740000247955322,0.4429999887943268
YOR020C,YLR396C,0,-2.8882284,0.13202741742134094,0.6740000247955322,0.4431000053882599
YLL040C,YOR240W,0,-2.8883042,0.13200156390666962,0.6740000247955322,0.4431999921798706
YPR179C,YKR042W,1,-2.8883567,0.13217152655124664,0.675000011920929,0.4431999921798706
YDR080W,YBR216C,0,-2.8883572,0.13214565813541412,0.675000011920929,0.4433000087738037
YGL251C,YGL038C,0,-2.8883612,0.1321197897195816,0.675000011920929,0.44339999556541443
YLR132C,YMR025W,0,-2.8885732,0.13209393620491028,0.675000011920929,0.44350001215934753
YNL091W,YER040W,0,-2.8886242,0.13206808269023895,0.675000011920929,0.44359999895095825
YEL053C,YHR133C,0,-2.8886745,0.13204225897789001,0.675000011920929,0.44369998574256897
YGR288W,YDR463W,0,-2.8887448,0.13201643526554108,0.675000011920929,0.4438000023365021
YOL076W,YBR069C,0,-2.88878,0.13199061155319214,0.675000011920929,0.4438999891281128
YHL028W,YFR004W,0,-2.8889909,0.1319648027420044,0.675000011920929,0.4440000057220459
YAR003W,YMR080C,1,-2.888996,0.13213448226451874,0.6759999990463257,0.4440000057220459
YPR031W,YJL127C,1,-2.889153,0.1323040872812271,0.6769999861717224,0.4440000057220459
YLR383W,YLR144C,0,-2.8891988,0.1322782337665558,0.6769999861717224,0.4440999925136566
YOL109W,YBR244W,0,-2.8894174,0.13225239515304565,0.6769999861717224,0.4442000091075897
YER157W,YDR192C,0,-2.8894205,0.13222655653953552,0.6769999861717224,0.44429999589920044
YJL114W,YJL013C,0,-2.8894424,0.13220074772834778,0.6769999861717224,0.44440001249313354
YML041C,YBR215W,1,-2.8896024,0.13237017393112183,0.6779999732971191,0.44440001249313354
YBR288C,YPR088C,0,-2.8897831,0.1323443353176117,0.6779999732971191,0.44449999928474426
YFL058W,YPR021C,0,-2.8898613,0.13231849670410156,0.6779999732971191,0.444599986076355
YPR167C,YGR241C,0,-2.8898778,0.13229268789291382,0.6779999732971191,0.4447000026702881
YJL110C,YJL012C,0,-2.889945,0.13226687908172607,0.6779999732971191,0.4447999894618988
YLR396C,YIL007C,0,-2.8899558,0.13224107027053833,0.6779999732971191,0.4449000060558319
YDR463W,YBL100W-A,0,-2.8902667,0.13221529126167297,0.6779999732971191,0.4449999928474426
YKR034W,YGR029W,0,-2.8902965,0.13218951225280762,0.6779999732971191,0.44510000944137573
YPR186C,YBR156C,0,-2.8905697,0.13216374814510345,0.6779999732971191,0.44519999623298645
YNR033W,YMR179W,0,-2.890853,0.1321379840373993,0.6779999732971191,0.44530001282691956
YPL213W,YDR449C,0,-2.8913298,0.13211223483085632,0.6779999732971191,0.4453999996185303
YPL083C,YBR034C,0,-2.8922908,0.13208650052547455,0.6779999732971191,0.445499986410141
YGR004W,YGL094C,0,-2.892359,0.13206076622009277,0.6779999732971191,0.4456000030040741
YMR186W,YGR038W,0,-2.8924472,0.1320350468158722,0.6779999732971191,0.4456999897956848
YNL051W,YPL176C,0,-2.892713,0.1320093423128128,0.6779999732971191,0.4458000063896179
YGR231C,YDL247W,0,-2.892821,0.1319836527109146,0.6779999732971191,0.44589999318122864
YER002W,YER040W,0,-2.8929434,0.13195796310901642,0.6779999732971191,0.44600000977516174
YDR303C,YCR052W,1,-2.8930278,0.13212686777114868,0.6790000200271606,0.44600000977516174
YLR035C,YDR069C,0,-2.893118,0.1321011632680893,0.6790000200271606,0.44609999656677246
YMR292W,YDL118W,0,-2.893167,0.1320754736661911,0.6790000200271606,0.44620001316070557
YNL106C,YNL244C,0,-2.8931675,0.1320497840642929,0.6790000200271606,0.4462999999523163
YIL140W,YGR204W,0,-2.8931847,0.1320241093635559,0.6790000200271606,0.446399986743927
YDR011W,YBL088C,0,-2.8932471,0.1319984495639801,0.6790000200271606,0.4465000033378601
YAR044W,YJR043C,0,-2.8933332,0.1319727897644043,0.6790000200271606,0.4465999901294708
YDR080W,YBL015W,0,-2.8935518,0.13194714486598969,0.6790000200271606,0.44670000672340393
YDR484W,YJL005W,0,-2.893561,0.13192151486873627,0.6790000200271606,0.44679999351501465
YMR303C,YDR306C,0,-2.893563,0.13189588487148285,0.6790000200271606,0.44690001010894775
YOR231W,YKR082W,0,-2.8937225,0.13187026977539062,0.6790000200271606,0.44699999690055847
YBL004W,YJL073W,0,-2.893824,0.1318446546792984,0.6790000200271606,0.4471000134944916
YFL060C,YPL187W,0,-2.8940008,0.13181906938552856,0.6790000200271606,0.4472000002861023
YNL216W,YDR225W,1,-2.8940177,0.1319875717163086,0.6800000071525574,0.4472000002861023
YJR055W,YKL200C,0,-2.8942065,0.13196195662021637,0.6800000071525574,0.447299987077713
YGR272C,YEL053C,0,-2.8942132,0.13193635642528534,0.6800000071525574,0.4474000036716461
YJL186W,YNL244C,0,-2.8943505,0.1319107711315155,0.6800000071525574,0.44749999046325684
YAL023C,YJR141W,0,-2.894519,0.13188518583774567,0.6800000071525574,0.44760000705718994
YKL188C,YOL072W,0,-2.8949878,0.13185961544513702,0.6800000071525574,0.44769999384880066
YLL035W,YLR466W,0,-2.8951354,0.13183404505252838,0.6800000071525574,0.44780001044273376
YDR088C,YJR153W,0,-2.8951719,0.13180848956108093,0.6800000071525574,0.4478999972343445
YPL037C,YLR224W,0,-2.8954487,0.13178294897079468,0.6800000071525574,0.4480000138282776
YOR353C,YHR166C,0,-2.8954568,0.13175740838050842,0.6800000071525574,0.4481000006198883
YDR060W,YEL020W-A,0,-2.895543,0.13173188269138336,0.6800000071525574,0.448199987411499
YNL261W,YMR247C,1,-2.8956285,0.13190005719661713,0.6809999942779541,0.448199987411499
YML036W,YDL051W,0,-2.895815,0.13187451660633087,0.6809999942779541,0.44830000400543213
YJL019W,YFL058W,0,-2.896195,0.1318489909172058,0.6809999942779541,0.44839999079704285
YDR395W,YJL005W,0,-2.8962448,0.13182346522808075,0.6809999942779541,0.44850000739097595
YER036C,YLR313C,0,-2.896292,0.13179795444011688,0.6809999942779541,0.44859999418258667
YNL093W,YDR034C-D,0,-2.896321,0.13177244365215302,0.6809999942779541,0.4487000107765198
YKR085C,YGR193C,0,-2.8965025,0.13174694776535034,0.6809999942779541,0.4487999975681305
YGL043W,YAR044W,0,-2.896532,0.13172146677970886,0.6809999942779541,0.4489000141620636
YHR065C,YER157W,0,-2.896709,0.13169600069522858,0.6809999942779541,0.4490000009536743
YDR295C,YBR195C,1,-2.8968277,0.13186387717723846,0.6819999814033508,0.4490000009536743
YGL051W,YDL165W,0,-2.896885,0.13183839619159698,0.6819999814033508,0.44909998774528503
YKL026C,YLR119W,0,-2.8969827,0.1318129152059555,0.6819999814033508,0.44920000433921814
YGR257C,YKR001C,0,-2.8970735,0.13178743422031403,0.6819999814033508,0.44929999113082886
YGR165W,YPL213W,0,-2.8972619,0.13176198303699493,0.6819999814033508,0.44940000772476196
YDR323C,YLR148W,0,-2.8973327,0.13173653185367584,0.6819999814033508,0.4494999945163727
YMR163C,YER109C,0,-2.8976436,0.13171108067035675,0.6819999814033508,0.4496000111103058
YBL090W,YPR021C,0,-2.897655,0.13168565928936005,0.6819999814033508,0.4496999979019165
YDR088C,YBR117C,0,-2.8977547,0.13166023790836334,0.6819999814033508,0.4498000144958496
YPL243W,YJL095W,0,-2.8979063,0.13163481652736664,0.6819999814033508,0.4499000012874603
YHR079C,YGL240W,0,-2.8979282,0.13160941004753113,0.6819999814033508,0.44999998807907104
YOR151C,YOL125W,0,-2.8980713,0.1315840184688568,0.6819999814033508,0.45010000467300415
YBR080C,YPL213W,0,-2.8983464,0.1315586417913437,0.6819999814033508,0.45019999146461487
YDL174C,YDR501W,0,-2.898465,0.13153326511383057,0.6819999814033508,0.450300008058548
YJL019W,YOL097C,0,-2.898687,0.13150790333747864,0.6819999814033508,0.4503999948501587
YBR135W,YIL052C,0,-2.898739,0.1314825564622879,0.6819999814033508,0.4505000114440918
YBL085W,YPL089C,0,-2.8987632,0.13145720958709717,0.6819999814033508,0.4505999982357025
YPL092W,YLR047C,0,-2.8988135,0.13143187761306763,0.6819999814033508,0.4507000148296356
YJR132W,YLR378C,0,-2.898861,0.13140654563903809,0.6819999814033508,0.45080000162124634
YDR221W,YGR204W,0,-2.8990126,0.13138124346733093,0.6819999814033508,0.45089998841285706
YPR168W,YMR241W,0,-2.8991232,0.13135592639446259,0.6819999814033508,0.45100000500679016
YDR039C,YPR088C,0,-2.8991873,0.13133063912391663,0.6819999814033508,0.4510999917984009
YPL115C,YLR451W,0,-2.8991966,0.13130535185337067,0.6819999814033508,0.451200008392334
YIL085C,YOL125W,0,-2.8992162,0.1312800794839859,0.6819999814033508,0.4512999951839447
YDR264C,YIR028W,0,-2.8993015,0.13125480711460114,0.6819999814033508,0.4514000117778778
YOR237W,YGL181W,0,-2.8994374,0.13122954964637756,0.6819999814033508,0.4514999985694885
YGR252W,YER125W,1,-2.899442,0.13139669597148895,0.6830000281333923,0.4514999985694885
YOR126C,YGR274C,0,-2.8998406,0.1313714236021042,0.6830000281333923,0.45159998536109924
YDR494W,YJL019W,0,-2.900003,0.13134615123271942,0.6830000281333923,0.45170000195503235
YMR129W,YKL068W,0,-2.9000309,0.13132089376449585,0.6830000281333923,0.45179998874664307
YGR288W,YPL213W,0,-2.9000804,0.13129565119743347,0.6830000281333923,0.45190000534057617
YDR038C,YDR115W,0,-2.900204,0.1312704235315323,0.6830000281333923,0.4519999921321869
YPR125W,YGR193C,0,-2.9004405,0.1312451958656311,0.6830000281333923,0.45210000872612
YPL266W,YLR398C,0,-2.9008412,0.1312199831008911,0.6830000281333923,0.4521999955177307
YMR097C,YDL118W,0,-2.900853,0.13119477033615112,0.6830000281333923,0.4523000121116638
YNL177C,YKL213C,0,-2.900872,0.13116957247257233,0.6830000281333923,0.45239999890327454
YHR066W,YLR045C,0,-2.9008925,0.13114438951015472,0.6830000281333923,0.45249998569488525
YDL046W,YNL163C,0,-2.9009113,0.13111922144889832,0.6830000281333923,0.45260000228881836
YGR231C,YKR087C,0,-2.9010248,0.1310940533876419,0.6830000281333923,0.4526999890804291
YLR154C,YGR289C,0,-2.9011784,0.1310688853263855,0.6830000281333923,0.4528000056743622
YKR050W,YDR472W,0,-2.9013202,0.13104374706745148,0.6830000281333923,0.4528999924659729
YFR027W,YFL055W,0,-2.9014792,0.13101860880851746,0.6830000281333923,0.453000009059906
YOL011W,YPR108W,0,-2.901658,0.13099348545074463,0.6830000281333923,0.4530999958515167
YNL102W,YKR099W,0,-2.9017377,0.1309683620929718,0.6830000281333923,0.45320001244544983
YOR043W,YER109C,0,-2.901835,0.13094325363636017,0.6830000281333923,0.45329999923706055
YOL158C,YOR122C,0,-2.9019141,0.13091814517974854,0.6830000281333923,0.45339998602867126
YHR164C,YOR047C,0,-2.902325,0.1308930665254593,0.6830000281333923,0.45350000262260437
YNL313C,YNL093W,0,-2.9025135,0.13086798787117004,0.6830000281333923,0.4535999894142151
YBR080C,YOR054C,0,-2.9025736,0.1308429092168808,0.6830000281333923,0.4537000060081482
YMR168C,YOR231W,0,-2.9028742,0.13081784546375275,0.6830000281333923,0.4537999927997589
YIL121W,YFR036W,0,-2.9028919,0.1307927966117859,0.6830000281333923,0.453900009393692
YMR093W,YCL011C,0,-2.903234,0.13076776266098022,0.6830000281333923,0.45399999618530273
YBL082C,YKR082W,0,-2.903809,0.13074272871017456,0.6830000281333923,0.45410001277923584
YDL113C,YGL183C,0,-2.9038253,0.1307177096605301,0.6830000281333923,0.45419999957084656
YGL133W,YMR127C,1,-2.903948,0.13088403642177582,0.6840000152587891,0.45419999957084656
YDR429C,YIL140W,0,-2.903987,0.13085900247097015,0.6840000152587891,0.4542999863624573
YLR189C,YHR077C,0,-2.9040997,0.1308339685201645,0.6840000152587891,0.4544000029563904
YLL016W,YDR221W,0,-2.904204,0.13080894947052002,0.6840000152587891,0.4544999897480011
YBL052C,YDR303C,1,-2.9045534,0.130975142121315,0.6850000023841858,0.4544999897480011
YKR035W-A,YCL038C,0,-2.9046545,0.13095010817050934,0.6850000023841858,0.4546000063419342
YJR143C,YKR087C,0,-2.90471,0.13092507421970367,0.6850000023841858,0.4546999931335449
YML046W,YOR110W,0,-2.9048126,0.1309000551700592,0.6850000023841858,0.454800009727478
YER017C,YDR217C,0,-2.9048252,0.13087505102157593,0.6850000023841858,0.45489999651908875
YGR231C,YOR150W,0,-2.9050937,0.13085004687309265,0.6850000023841858,0.45500001311302185
YOR058C,YFL058W,0,-2.9052746,0.13082505762577057,0.6850000023841858,0.45509999990463257
YER014C-A,YKR087C,0,-2.905398,0.13080008327960968,0.6850000023841858,0.4551999866962433
YLR150W,YDR311W,0,-2.905836,0.1307751089334488,0.6850000023841858,0.4553000032901764
YPL254W,YMR247C,1,-2.9059398,0.1309410184621811,0.6859999895095825,0.4553000032901764
YPL047W,YDR225W,1,-2.9059591,0.13110686838626862,0.6869999766349792,0.4553000032901764
YAL023C,YOR207C,0,-2.9060707,0.13108184933662415,0.6869999766349792,0.4553999900817871
YDR011W,YHR190W,0,-2.906072,0.13105684518814087,0.6869999766349792,0.4555000066757202
YKL130C,YPL213W,0,-2.9062262,0.1310318559408188,0.6869999766349792,0.45559999346733093
YLR039C,YJL005W,0,-2.9062319,0.1310068666934967,0.6869999766349792,0.45570001006126404
YOR372C,YNR057C,0,-2.9062583,0.13098189234733582,0.6869999766349792,0.45579999685287476
YEL024W,YDR472W,0,-2.9063535,0.13095691800117493,0.6869999766349792,0.45590001344680786
YJL187C,YML007W,0,-2.9063807,0.13093195855617523,0.6869999766349792,0.4560000002384186
YNL139C,YGR037C,0,-2.9064481,0.13090701401233673,0.6869999766349792,0.4560999870300293
YJL039C,YGR183C,0,-2.9065151,0.13088206946849823,0.6869999766349792,0.4562000036239624
YKL084W,YOR240W,0,-2.9065504,0.13085713982582092,0.6869999766349792,0.4562999904155731
YPL276W,YOR178C,0,-2.9065788,0.1308322250843048,0.6869999766349792,0.4564000070095062
YKL014C,YPR088C,0,-2.9068515,0.1308073103427887,0.6869999766349792,0.45649999380111694
YAL038W,YPL036W,0,-2.906942,0.13078241050243378,0.6869999766349792,0.45660001039505005
YOL072W,YJL157C,0,-2.9069622,0.13075751066207886,0.6869999766349792,0.45669999718666077
YML112W,YJL012C-A,0,-2.9069698,0.13073264062404633,0.6869999766349792,0.45680001378059387
YMR239C,YDR192C,0,-2.9070683,0.1307077556848526,0.6869999766349792,0.4569000005722046
YJR153W,YGR112W,0,-2.907226,0.13068290054798126,0.6869999766349792,0.4569999873638153
YKL075C,YPL045W,0,-2.9072523,0.13065804541110992,0.6869999766349792,0.4571000039577484
YMR050C,YPR176C,0,-2.9072642,0.13063320517539978,0.6869999766349792,0.45719999074935913
YLR396C,YPR110C,0,-2.9072876,0.13060836493968964,0.6869999766349792,0.45730000734329224
YLR096W,YBR118W,0,-2.9073846,0.13058353960514069,0.6869999766349792,0.45739999413490295
YDR080W,YOL065C,0,-2.9074197,0.13055872917175293,0.6869999766349792,0.45750001072883606
YJL005W,YML085C,0,-2.9074883,0.13053391873836517,0.6869999766349792,0.4575999975204468
YMR023C,YJR121W,0,-2.9075468,0.1305091232061386,0.6869999766349792,0.4577000141143799
YAR015W,YJL073W,0,-2.907652,0.13048432767391205,0.6869999766349792,0.4578000009059906
YDR225W,YPR179C,1,-2.9079065,0.13064944744110107,0.6880000233650208,0.4578000009059906
YDR221W,YDL209C,0,-2.9080572,0.13062463700771332,0.6880000233650208,0.4578999876976013
YBL088C,YOR240W,0,-2.9080663,0.13059984147548676,0.6880000233650208,0.4580000042915344
YOR045W,YBR084W,0,-2.9080877,0.1305750608444214,0.6880000233650208,0.45809999108314514
YMR051C,YLR096W,0,-2.9081552,0.13055028021335602,0.6880000233650208,0.45820000767707825
YNL218W,YAL023C,0,-2.9081576,0.13052551448345184,0.6880000233650208,0.45829999446868896
YKL200C,YGL120C,0,-2.9082289,0.13050076365470886,0.6880000233650208,0.45840001106262207
YER190W,YJL005W,0,-2.9082806,0.13047601282596588,0.6880000233650208,0.4584999978542328
YML041C,YMR080C,1,-2.9083061,0.1306408792734146,0.6890000104904175,0.4584999978542328
YNL156C,YOR028C,0,-2.9087715,0.13061611354351044,0.6890000104904175,0.4586000144481659
YNR013C,YHR129C,0,-2.9087863,0.13059136271476746,0.6890000104904175,0.4587000012397766
YPL116W,YAL011W,1,-2.908803,0.13075610995292664,0.6899999976158142,0.4587000012397766
YFL058W,YLR132C,0,-2.9091072,0.13073134422302246,0.6899999976158142,0.45879998803138733
YKL068W,YBL097W,0,-2.9095063,0.1307065784931183,0.6899999976158142,0.45890000462532043
YDR295C,YPL015C,1,-2.909996,0.13087120652198792,0.6909999847412109,0.45890000462532043
YDR255C,YBR298C,0,-2.9099967,0.13084642589092255,0.6909999847412109,0.45899999141693115
YMR302C,YLR154C,0,-2.9100974,0.13082166016101837,0.6909999847412109,0.45910000801086426
YHL027W,YML048W,0,-2.9104242,0.1307968944311142,0.6909999847412109,0.459199994802475
YGL051W,YBR214W,0,-2.910483,0.13077214360237122,0.6909999847412109,0.4593000113964081
YOL033W,YLR275W,0,-2.9105203,0.13074739277362823,0.6909999847412109,0.4593999981880188
YPL276W,YMR023C,0,-2.9106352,0.13072265684604645,0.6909999847412109,0.4595000147819519
YDR011W,YML043C,0,-2.9109635,0.13069793581962585,0.6909999847412109,0.4596000015735626
YGR142W,YDL207W,0,-2.911037,0.13067322969436646,0.6909999847412109,0.45969998836517334
YLR453C,YBR118W,0,-2.9110804,0.13064850866794586,0.6909999847412109,0.45980000495910645
YJR112W,YNL066W,0,-2.9111705,0.13062381744384766,0.6909999847412109,0.45989999175071716
YLR227W-A,YOL097C,0,-2.9112082,0.13059912621974945,0.6909999847412109,0.46000000834465027
YER122C,YNR057C,0,-2.9113152,0.13057444989681244,0.6909999847412109,0.460099995136261
YGR238C,YJL071W,0,-2.9113796,0.13054978847503662,0.6909999847412109,0.4602000117301941
YGR193C,YCR018C,0,-2.911414,0.1305251270532608,0.6909999847412109,0.4602999985218048
YOL033W,YHR111W,0,-2.9114327,0.13050046563148499,0.6909999847412109,0.4603999853134155
YEL042W,YER168C,0,-2.9115803,0.13047583401203156,0.6909999847412109,0.46050000190734863
YLR102C,YKL200C,0,-2.9116259,0.13045120239257812,0.6909999847412109,0.46059998869895935
YMR135C,YGR257C,0,-2.911645,0.1304265707731247,0.6909999847412109,0.46070000529289246
YMR302C,YPL112C,0,-2.9116955,0.13040196895599365,0.6909999847412109,0.4607999920845032
YPL116W,YLR357W,1,-2.9117682,0.13056603074073792,0.6919999718666077,0.4607999920845032
YLR172C,YGR072W,0,-2.911806,0.13054141402244568,0.6919999718666077,0.4609000086784363
YMR025W,YGL028C,0,-2.9118314,0.13051678240299225,0.6919999718666077,0.460999995470047
YLL031C,YGL240W,0,-2.9118626,0.1304921805858612,0.6919999718666077,0.4611000120639801
YMR051C,YJR147W,0,-2.9121218,0.13046757876873016,0.6919999718666077,0.4611999988555908
YPR175W,YER036C,0,-2.9122758,0.13044297695159912,0.6919999718666077,0.46129998564720154
YNL216W,YMR127C,1,-2.9123187,0.13060685992240906,0.6930000185966492,0.46129998564720154
YMR322C,YKL188C,0,-2.9123402,0.13058224320411682,0.6930000185966492,0.46140000224113464
YER173W,YLR313C,0,-2.9124236,0.13055764138698578,0.6930000185966492,0.46149998903274536
YER027C,YPL267W,0,-2.9125383,0.13053305447101593,0.6930000185966492,0.46160000562667847
YMR051C,YHR123W,0,-2.912539,0.13050846755504608,0.6930000185966492,0.4616999924182892
YLR449W,YBL052C,1,-2.912614,0.13067218661308289,0.6940000057220459,0.4616999924182892
YER118C,YJR121W,0,-2.9126854,0.13064758479595184,0.6940000057220459,0.4618000090122223
YER036C,YMR133W,0,-2.9126916,0.130622997879982,0.6940000057220459,0.461899995803833
YOR372C,YNL001W,0,-2.9129844,0.13059842586517334,0.6940000057220459,0.4620000123977661
YMR255W,YJR147W,0,-2.9132028,0.13057385385036469,0.6940000057220459,0.46209999918937683
YLR221C,YDL095W,0,-2.9132063,0.13054928183555603,0.6940000057220459,0.46219998598098755
YNR030W,YJL157C,0,-2.9137397,0.13052472472190857,0.6940000057220459,0.46230000257492065
YDR436W,YOR153W,0,-2.9138207,0.1305001825094223,0.6940000057220459,0.46239998936653137
YGR038W,YDL165W,0,-2.913869,0.13047565519809723,0.6940000057220459,0.4625000059604645
YER056C,YJL071W,0,-2.9139104,0.13045112788677216,0.6940000057220459,0.4625999927520752
YGR209C,YGR288W,0,-2.9142656,0.13042661547660828,0.6940000057220459,0.4627000093460083
YKL084W,YDR069C,0,-2.9144287,0.1304021030664444,0.6940000057220459,0.462799996137619
YNR032C-A,YMR048W,0,-2.9145207,0.1303776055574417,0.6940000057220459,0.4629000127315521
YBR070C,YLR398C,0,-2.9145331,0.13035312294960022,0.6940000057220459,0.46299999952316284
YER094C,YOR372C,0,-2.9147108,0.13032864034175873,0.6940000057220459,0.46309998631477356
YJL179W,YPR088C,0,-2.914844,0.13030417263507843,0.6940000057220459,0.46320000290870667
YOL072W,YGL222C,0,-2.914863,0.13027970492839813,0.6940000057220459,0.4632999897003174
YMR097C,YLR430W,0,-2.9150772,0.13025525212287903,0.6940000057220459,0.4634000062942505
YML048W,YLR361C,0,-2.915269,0.13023081421852112,0.6940000057220459,0.4634999930858612
YER143W,YOL125W,0,-2.9153628,0.1302063763141632,0.6940000057220459,0.4636000096797943
YPR010C,YNR043W,0,-2.9156551,0.1301819533109665,0.6940000057220459,0.46369999647140503
YER118C,YJR047C,0,-2.9157088,0.13015754520893097,0.6940000057220459,0.46380001306533813
YOL011W,YJL073W,0,-2.9157832,0.13013313710689545,0.6940000057220459,0.46389999985694885
YBL015W,YKL200C,0,-2.9158373,0.13010872900485992,0.6940000057220459,0.46399998664855957
YMR145C,YNL036W,0,-2.9158702,0.1300843507051468,0.6940000057220459,0.4641000032424927
YML104C,YDL165W,0,-2.9160209,0.13005997240543365,0.6940000057220459,0.4641999900341034
YPL112C,YDR463W,0,-2.916164,0.13003559410572052,0.6940000057220459,0.4643000066280365
YNL139C,YJL029C,0,-2.9162717,0.13001124560832977,0.6940000057220459,0.4643999934196472
YMR212C,YDR030C,0,-2.9163446,0.12998688220977783,0.6940000057220459,0.4645000100135803
YBR086C,YOL097C,0,-2.9166126,0.12996254861354828,0.6940000057220459,0.46459999680519104
YIL126W,YDR224C,1,-2.916634,0.13012544810771942,0.6949999928474426,0.46459999680519104
YDR306C,YHL034C,0,-2.9168172,0.13010108470916748,0.6949999928474426,0.46470001339912415
YLR466W,YGR171C,0,-2.9168484,0.13007673621177673,0.6949999928474426,0.46480000019073486
YCL034W,YDR503C,0,-2.9168544,0.13005240261554718,0.6949999928474426,0.4648999869823456
YHL022C,YOR305W,0,-2.9169502,0.13002806901931763,0.6949999928474426,0.4650000035762787
YDR198C,YBR017C,0,-2.9171405,0.13000373542308807,0.6949999928474426,0.4650999903678894
YJL201W,YEL069C,0,-2.9173138,0.1299794316291809,0.6949999928474426,0.4652000069618225
YJL222W,YLR200W,0,-2.917345,0.12995512783527374,0.6949999928474426,0.4652999937534332
YKL068W,YHR092C,0,-2.917498,0.12993082404136658,0.6949999928474426,0.46540001034736633
YHR111W,YBR034C,0,-2.9178147,0.1299065351486206,0.6949999928474426,0.46549999713897705
YOL033W,YDL015C,0,-2.9179015,0.12988226115703583,0.6949999928474426,0.46560001373291016
YOL111C,YNL325C,0,-2.9180338,0.12985800206661224,0.6949999928474426,0.4657000005245209
YGR020C,YPL187W,0,-2.918244,0.12983374297618866,0.6949999928474426,0.4657999873161316
YHR206W,YKR082W,0,-2.9183433,0.12980948388576508,0.6949999928474426,0.4659000039100647
YPL179W,YKR099W,0,-2.91838,0.12978525459766388,0.6949999928474426,0.4659999907016754
YER083C,YPL267W,0,-2.9187307,0.1297610104084015,0.6949999928474426,0.4661000072956085
YDR494W,YEL020W-A,0,-2.91886,0.1297367960214615,0.6949999928474426,0.46619999408721924
YGL153W,YJL106W,0,-2.9191875,0.12971258163452148,0.6949999928474426,0.46630001068115234
YGR165W,YOL111C,0,-2.9191897,0.12968836724758148,0.6949999928474426,0.46639999747276306
YKL007W,YKL149C,0,-2.9193869,0.12966418266296387,0.6949999928474426,0.46650001406669617
YKL052C,YPR101W,0,-2.919715,0.12963999807834625,0.6949999928474426,0.4666000008583069
YMR163C,YPL267W,0,-2.9197898,0.12961581349372864,0.6949999928474426,0.4666999876499176
YLR035C,YDR072C,0,-2.9198098,0.12959164381027222,0.6949999928474426,0.4668000042438507
YNL246W,YPL116W,1,-2.9199927,0.12975391745567322,0.6959999799728394,0.4668000042438507
YOR178C,YLR115W,0,-2.920215,0.1297297328710556,0.6959999799728394,0.4668999910354614
YKR083C,YGL028C,0,-2.9204206,0.129705548286438,0.6959999799728394,0.46700000762939453
YDR395W,YPR186C,0,-2.920487,0.12968139350414276,0.6959999799728394,0.46709999442100525
YKR026C,YOR112W,0,-2.9205558,0.12965722382068634,0.6959999799728394,0.46720001101493835
YGL213C,YEL020W-A,0,-2.9209857,0.1296330839395523,0.6959999799728394,0.4672999978065491
YEL013W,YLR224W,0,-2.921106,0.12960894405841827,0.6959999799728394,0.4674000144004822
YLR032W,YKL200C,0,-2.9215024,0.12958480417728424,0.6959999799728394,0.4675000011920929
YGL129C,YKL204W,0,-2.9216914,0.1295606791973114,0.6959999799728394,0.4675999879837036
YGR257C,YLR088W,0,-2.921794,0.12953656911849976,0.6959999799728394,0.4677000045776367
YKR025W,YDR501W,0,-2.9219077,0.1295124739408493,0.6959999799728394,0.46779999136924744
YOR112W,YER168C,0,-2.9219375,0.12948837876319885,0.6959999799728394,0.46790000796318054
YJL080C,YIL150C,1,-2.92202,0.1296502947807312,0.6970000267028809,0.46790000796318054
YPR073C,YGR172C,0,-2.922104,0.12962618470191956,0.6970000267028809,0.46799999475479126
YOR143C,YMR100W,0,-2.9221306,0.1296020895242691,0.6970000267028809,0.46810001134872437
YKL145W,YLR246W,0,-2.9221606,0.12957799434661865,0.6970000267028809,0.4681999981403351
YGR089W,YER027C,0,-2.9221816,0.1295538991689682,0.6970000267028809,0.4683000147342682
YCR092C,YDR470C,0,-2.922274,0.12952983379364014,0.6970000267028809,0.4684000015258789
YGL046W,YPR041W,0,-2.9223995,0.12950575351715088,0.6970000267028809,0.4684999883174896
YNL091W,YDR198C,0,-2.9225104,0.129481703042984,0.6970000267028809,0.46860000491142273
YGL240W,YOR240W,0,-2.9225821,0.12945765256881714,0.6970000267028809,0.46869999170303345
YPR139C,YNR030W,0,-2.9226327,0.12943361699581146,0.6970000267028809,0.46880000829696655
YDR395W,YDR069C,0,-2.9226546,0.1294095814228058,0.6970000267028809,0.46889999508857727
YLL016W,YPL187W,0,-2.9229314,0.1293855607509613,0.6970000267028809,0.4690000116825104
YPR186C,YMR128W,0,-2.9231954,0.12936154007911682,0.6970000267028809,0.4690999984741211
YPR031W,YAL011W,1,-2.9236283,0.12952309846878052,0.6980000138282776,0.4690999984741211
YOR208W,YLR126C,0,-2.9236488,0.12949907779693604,0.6980000138282776,0.4691999852657318
YHR066W,YBR055C,0,-2.9237204,0.12947505712509155,0.6980000138282776,0.4693000018596649
YPL164C,YLR466W,0,-2.9237328,0.12945103645324707,0.6980000138282776,0.46939998865127563
YGR251W,YLR190W,0,-2.9238632,0.12942703068256378,0.6980000138282776,0.46950000524520874
YHR069C,YKL068W,0,-2.923965,0.1294030398130417,0.6980000138282776,0.46959999203681946
YPL267W,YJR013W,0,-2.9243472,0.1293790489435196,0.6980000138282776,0.46970000863075256
YGR286C,YKL140W,0,-2.9243772,0.1293550729751587,0.6980000138282776,0.4697999954223633
YHR072W-A,YGR109W-B,0,-2.9250717,0.12933111190795898,0.6980000138282776,0.4699000120162964
YDR194C,YLR398C,0,-2.9251661,0.12930715084075928,0.6980000138282776,0.4699999988079071
YBL011W,YHR088W,0,-2.9251761,0.12928320467472076,0.6980000138282776,0.4700999855995178
YKL068W,YDR472W,0,-2.925412,0.12925925850868225,0.6980000138282776,0.4702000021934509
YBR188C,YLR096W,0,-2.9254303,0.12923532724380493,0.6980000138282776,0.47029998898506165
YML067C,YNL236W,0,-2.9256122,0.1292113959789276,0.6980000138282776,0.47040000557899475
YJL179W,YBR118W,0,-2.9256296,0.12918749451637268,0.6980000138282776,0.47049999237060547
YER052C,YNL163C,0,-2.9261355,0.12916357815265656,0.6980000138282776,0.4706000089645386
YMR100W,YFR027W,0,-2.9261382,0.12913969159126282,0.6980000138282776,0.4706999957561493
YDR429C,YGR101W,0,-2.926176,0.12911579012870789,0.6980000138282776,0.4708000123500824
YBR247C,YKL052C,0,-2.92632,0.12909191846847534,0.6980000138282776,0.4708999991416931
YPR107C,YGL211W,0,-2.926582,0.1290680468082428,0.6980000138282776,0.47099998593330383
YDR264C,YLR092W,0,-2.9269066,0.12904419004917145,0.6980000138282776,0.47110000252723694
YGL158W,YLL035W,0,-2.9271245,0.1290203332901001,0.6980000138282776,0.47119998931884766
YIL049W,YIR028W,0,-2.9271798,0.12899649143218994,0.6980000138282776,0.47130000591278076
YHL012W,YMR133W,0,-2.9272814,0.12897264957427979,0.6980000138282776,0.4713999927043915
YJR044C,YLL036C,0,-2.9273598,0.12894882261753082,0.6980000138282776,0.4715000092983246
YNL246W,YMR080C,1,-2.9273992,0.1291097104549408,0.6990000009536743,0.4715000092983246
YHR190W,YOR112W,0,-2.9288058,0.12908586859703064,0.6990000009536743,0.4715999960899353
YMR080C,YGL112C,1,-2.9289527,0.12924668192863464,0.699999988079071,0.4715999960899353
YDR513W,YOR110W,0,-2.9290147,0.1292228102684021,0.699999988079071,0.4717000126838684
YLR150W,YOR122C,0,-2.929021,0.12919896841049194,0.699999988079071,0.4717999994754791
YAL020C,YGR171C,0,-2.9291787,0.1291751265525818,0.699999988079071,0.47189998626708984
YPR189W,YLR130C,0,-2.9294076,0.12915128469467163,0.699999988079071,0.47200000286102295
YMR322C,YMR192W,0,-2.9294379,0.12912747263908386,0.699999988079071,0.47209998965263367
YGL153W,YCR063W,0,-2.9295354,0.1291036456823349,0.699999988079071,0.4722000062465668
YDL164C,YHR133C,0,-2.9296296,0.12907984852790833,0.699999988079071,0.4722999930381775
YKL089W,YHR094C,0,-2.9296584,0.12905605137348175,0.699999988079071,0.4724000096321106
YNL283C,YJR059W,0,-2.9296823,0.12903225421905518,0.699999988079071,0.4724999964237213
YOL011W,YDR011W,0,-2.9297671,0.1290084719657898,0.699999988079071,0.4726000130176544
YDR494W,YJL029C,0,-2.9302566,0.1289847046136856,0.699999988079071,0.47269999980926514
YMR267W,YMR179W,0,-2.9302578,0.12896093726158142,0.699999988079071,0.47279998660087585
YER049W,YGR046W,0,-2.9304342,0.12893718481063843,0.699999988079071,0.47290000319480896
YGL046W,YDL201W,0,-2.9304361,0.12891344726085663,0.699999988079071,0.4729999899864197
YDR429C,YMR125W,0,-2.930541,0.12888970971107483,0.699999988079071,0.4731000065803528
YNL325C,YDR138W,0,-2.9311109,0.12886597216129303,0.699999988079071,0.4731999933719635
YER014C-A,YDR221W,0,-2.9311116,0.12884226441383362,0.699999988079071,0.4733000099658966
YPL015C,YLR357W,1,-2.9311352,0.12900257110595703,0.7009999752044678,0.4733000099658966
YCR018C,YDR365W-A,0,-2.931233,0.12897883355617523,0.7009999752044678,0.4733999967575073
YFL018W-A,YAR044W,0,-2.9313931,0.12895511090755463,0.7009999752044678,0.47350001335144043
YKL206C,YLR126C,0,-2.9314818,0.12893140316009521,0.7009999752044678,0.47360000014305115
YNL233W,YNL283C,0,-2.931632,0.1289076805114746,0.7009999752044678,0.47369998693466187
YDL153C,YHR056C,1,-2.931771,0.12906783819198608,0.7020000219345093,0.47369998693466187
YFL060C,YHR133C,0,-2.9317834,0.12904411554336548,0.7020000219345093,0.47380000352859497
YDR170W-A,YBR086C,0,-2.9317951,0.12902040779590607,0.7020000219345093,0.4738999903202057
YMR030W,YDR092W,0,-2.9320726,0.12899668514728546,0.7020000219345093,0.4740000069141388
YHR178W,YPL089C,0,-2.9321833,0.12897299230098724,0.7020000219345093,0.4740999937057495
YJL019W,YOL111C,0,-2.9322133,0.12894929945468903,0.7020000219345093,0.4742000102996826
YBR173C,YNL325C,0,-2.9326584,0.128925621509552,0.7020000219345093,0.47429999709129333
YLR426W,YOL125W,0,-2.9327257,0.12890194356441498,0.7020000219345093,0.47440001368522644
YDR392W,YDR176W,1,-2.9329338,0.12906186282634735,0.703000009059906,0.47440001368522644
YPL266W,YKR087C,0,-2.933192,0.12903818488121033,0.703000009059906,0.47450000047683716
YBR035C,YOR201C,0,-2.9334593,0.1290144920349121,0.703000009059906,0.4745999872684479
YKR085C,YIL115C,0,-2.9335399,0.12899082899093628,0.703000009059906,0.474700003862381
YOR145C,YDR138W,0,-2.933647,0.12896716594696045,0.703000009059906,0.4747999906539917
YOL076W,YPL179W,0,-2.9337962,0.12894350290298462,0.703000009059906,0.4749000072479248
YKL125W,YIR008C,0,-2.9338527,0.12891985476016998,0.703000009059906,0.4749999940395355
YPR024W,YLR313C,0,-2.9339905,0.12889622151851654,0.703000009059906,0.47510001063346863
YGL017W,YHR166C,0,-2.934001,0.1288725882768631,0.703000009059906,0.47519999742507935
YJL030W,YOR261C,0,-2.934066,0.12884896993637085,0.703000009059906,0.47530001401901245
YGL187C,YPL176C,0,-2.9341936,0.1288253664970398,0.703000009059906,0.47540000081062317
YHL007C,YER105C,0,-2.9343104,0.12880176305770874,0.703000009059906,0.4754999876022339
YHL038C,YJL029C,0,-2.9343224,0.12877815961837769,0.703000009059906,0.475600004196167
YOR353C,YFL018W-A,0,-2.9343305,0.12875458598136902,0.703000009059906,0.4756999909877777
YKL149C,YPL187W,0,-2.934473,0.12873099744319916,0.703000009059906,0.4758000075817108
YDR198C,YLR313C,0,-2.9345875,0.12870743870735168,0.703000009059906,0.47589999437332153
YBL030C,YER105C,0,-2.9347196,0.1286838799715042,0.703000009059906,0.47600001096725464
YMR192W,YFR050C,0,-2.9348326,0.12866032123565674,0.703000009059906,0.47609999775886536
YHR111W,YPL041C,0,-2.9349666,0.12863677740097046,0.703000009059906,0.47620001435279846
YML067C,YLR096W,0,-2.9352064,0.12861324846744537,0.703000009059906,0.4763000011444092
YDR512C,YER109C,0,-2.9353578,0.1285897195339203,0.703000009059906,0.4763999879360199
YLR210W,YLL016W,0,-2.9355116,0.1285662055015564,0.703000009059906,0.476500004529953
YLR154C,YOR305W,0,-2.935636,0.1285426914691925,0.703000009059906,0.4765999913215637
YHL022C,YBL064C,0,-2.9357624,0.1285191923379898,0.703000009059906,0.4767000079154968
YHL012W,YCR035C,0,-2.9358716,0.1284957081079483,0.703000009059906,0.47679999470710754
YPL094C,YNL082W,0,-2.9360785,0.1284722238779068,0.703000009059906,0.47690001130104065
YGL240W,YDR470C,0,-2.9361281,0.1284487545490265,0.703000009059906,0.47699999809265137
YJR055W,YJL056C,0,-2.9361305,0.12842528522014618,0.703000009059906,0.4771000146865845
YLR165C,YHL038C,0,-2.936392,0.12840183079242706,0.703000009059906,0.4772000014781952
YDR170W-A,YNR057C,0,-2.9365032,0.12837837636470795,0.703000009059906,0.4772999882698059
YLR224W,YML001W,0,-2.9366403,0.12835493683815002,0.703000009059906,0.477400004863739
YML043C,YGL051W,0,-2.9368129,0.1283315122127533,0.703000009059906,0.47749999165534973
YIR023W,YHR072W-A,0,-2.9368527,0.12830808758735657,0.703000009059906,0.47760000824928284
YLR449W,YIL150C,1,-2.9369454,0.1284671574831009,0.7039999961853027,0.47760000824928284
YER104W,YGR171C,0,-2.9370604,0.12844371795654297,0.7039999961853027,0.47769999504089355
YPR024W,YDR472W,0,-2.93708,0.12842027842998505,0.7039999961853027,0.47780001163482666
YJL114W,YGR162W,0,-2.9371421,0.1283968687057495,0.7039999961853027,0.4778999984264374
YCR047C,YGR075C,0,-2.9372826,0.12837344408035278,0.7039999961853027,0.4779999852180481
YJR044C,YGL043W,0,-2.9373045,0.12835004925727844,0.7039999961853027,0.4781000018119812
YNL054W-B,YML060W,0,-2.9373946,0.1283266544342041,0.7039999961853027,0.4781999886035919
YPL116W,YMR080C,1,-2.9374049,0.1284855157136917,0.7049999833106995,0.4781999886035919
YHL020C,YJL029C,0,-2.9375567,0.12846210598945618,0.7049999833106995,0.478300005197525
YJL112W,YPR167C,0,-2.937613,0.12843869626522064,0.7049999833106995,0.47839999198913574
YOR054C,YER029C,0,-2.937613,0.1284153014421463,0.7049999833106995,0.47850000858306885
YHL012W,YGL251C,0,-2.9376163,0.12839190661907196,0.7049999833106995,0.47859999537467957
YNL102W,YDR447C,0,-2.9385152,0.12836854159832,0.7049999833106995,0.47870001196861267
YPL178W,YML046W,0,-2.938562,0.12834516167640686,0.7049999833106995,0.4787999987602234
YDR054C,YPR088C,0,-2.9388766,0.1283218115568161,0.7049999833106995,0.4788999855518341
YNR058W,YOL109W,0,-2.9388807,0.12829844653606415,0.7049999833106995,0.4790000021457672
YGL241W,YMR145C,0,-2.9390287,0.12827511131763458,0.7049999833106995,0.47909998893737793
YLR163C,YNL001W,0,-2.939185,0.12825177609920502,0.7049999833106995,0.47920000553131104
YPL243W,YEL042W,0,-2.9392614,0.12822844088077545,0.7049999833106995,0.47929999232292175
YLL038C,YLR132C,0,-2.939286,0.12820513546466827,0.7049999833106995,0.47940000891685486
YKR029C,YPL015C,1,-2.9393177,0.12836363911628723,0.7059999704360962,0.47940000891685486
YLR092W,YBL100W-A,0,-2.9395237,0.12834030389785767,0.7059999704360962,0.4794999957084656
YKL130C,YDL060W,0,-2.939641,0.1283169686794281,0.7059999704360962,0.4796000123023987
YBL090W,YML075C,0,-2.9397235,0.12829366326332092,0.7059999704360962,0.4796999990940094
YKR034W,YCR035C,0,-2.9397697,0.12827034294605255,0.7059999704360962,0.4797999858856201
YMR097C,YLR276C,0,-2.939959,0.12824705243110657,0.7059999704360962,0.4799000024795532
YOR112W,YIR008C,0,-2.9400268,0.12822376191616058,0.7059999704360962,0.47999998927116394
YBR298C,YGL168W,0,-2.940178,0.1282004714012146,0.7059999704360962,0.48010000586509705
YHR111W,YML048W,0,-2.9403982,0.1281771957874298,0.7059999704360962,0.48019999265670776
YKR025W,YMR145C,0,-2.9405065,0.1281539350748062,0.7059999704360962,0.48030000925064087
YPR010C,YLL027W,0,-2.9405794,0.12813067436218262,0.7059999704360962,0.4803999960422516
YMR145C,YKL145W,0,-2.9407136,0.12810742855072021,0.7059999704360962,0.4805000126361847
YNR060W,YIR008C,0,-2.94089,0.1280841827392578,0.7059999704360962,0.4805999994277954
YEL013W,YPL050C,0,-2.940914,0.1280609518289566,0.7059999704360962,0.48069998621940613
YGL158W,YPR186C,0,-2.9409657,0.1280377209186554,0.7059999704360962,0.48080000281333923
YGR238C,YLR246W,0,-2.9410315,0.12801450490951538,0.7059999704360962,0.48089998960494995
YER062C,YGL094C,0,-2.9413188,0.12799130380153656,0.7059999704360962,0.48100000619888306
YER025W,YGL183C,0,-2.9413733,0.12796810269355774,0.7059999704360962,0.4810999929904938
YFR004W,YOL111C,0,-2.9413846,0.12794490158557892,0.7059999704360962,0.4812000095844269
YPL116W,YMR127C,1,-2.9414353,0.12810291349887848,0.7070000171661377,0.4812000095844269
YLR013W,YBR017C,0,-2.9416103,0.12807971239089966,0.7070000171661377,0.4812999963760376
YDR246W,YNL333W,0,-2.94166,0.12805651128292084,0.7070000171661377,0.4814000129699707
YPR168W,YLR430W,0,-2.9416971,0.1280333250761032,0.7070000171661377,0.4814999997615814
YDR045C,YLR071C,0,-2.9419122,0.12801013886928558,0.7070000171661377,0.48159998655319214
YMR050C,YKR082W,0,-2.9421897,0.12798696756362915,0.7070000171661377,0.48170000314712524
YGL158W,YML118W,0,-2.9422855,0.12796379625797272,0.7070000171661377,0.48179998993873596
YOL076W,YLR409C,0,-2.9423132,0.12794063985347748,0.7070000171661377,0.48190000653266907
YER157W,YER094C,0,-2.9424179,0.12791749835014343,0.7070000171661377,0.4819999933242798
YHR038W,YKL049C,0,-2.9424374,0.1278943568468094,0.7070000171661377,0.4821000099182129
YML124C,YNR003C,0,-2.942441,0.12787123024463654,0.7070000171661377,0.4821999967098236
YBR086C,YLR130C,0,-2.9425552,0.12784810364246368,0.7070000171661377,0.4823000133037567
YOL072W,YLR047C,0,-2.9426284,0.12782499194145203,0.7070000171661377,0.48240000009536743
YNL247W,YDR221W,0,-2.943149,0.12780188024044037,0.7070000171661377,0.48249998688697815
YDR011W,YGR120C,0,-2.9431717,0.1277787834405899,0.7070000171661377,0.48260000348091125
YPR056W,YNL236W,0,-2.9432273,0.12775568664073944,0.7070000171661377,0.482699990272522
YPR193C,YAL011W,1,-2.9432497,0.12791328132152557,0.7080000042915344,0.482699990272522
YHR088W,YML046W,0,-2.9434328,0.12789016962051392,0.7080000042915344,0.4828000068664551
YMR045C,YML115C,0,-2.9435768,0.12786707282066345,0.7080000042915344,0.4828999936580658
YDR121W,YGL112C,1,-2.9437222,0.12802456319332123,0.7089999914169312,0.4828999936580658
YHR190W,YNL314W,0,-2.943872,0.12800145149230957,0.7089999914169312,0.4830000102519989
YJL173C,YML124C,0,-2.9438727,0.1279783397912979,0.7089999914169312,0.4830999970436096
YJR147W,YGL038C,0,-2.9438982,0.12795524299144745,0.7089999914169312,0.4832000136375427
YOL077C,YLR224W,0,-2.9439178,0.12793216109275818,0.7089999914169312,0.48330000042915344
YPL094C,YER105C,0,-2.9441845,0.1279090791940689,0.7089999914169312,0.48339998722076416
YPL214C,YLR144C,0,-2.9442494,0.12788599729537964,0.7089999914169312,0.48350000381469727
YGL187C,YLR080W,0,-2.9443436,0.12786294519901276,0.7089999914169312,0.483599990606308
YHR143W,YHR072W-A,0,-2.9445755,0.12783987820148468,0.7089999914169312,0.4837000072002411
YOL076W,YKL089W,0,-2.9446816,0.127816841006279,0.7089999914169312,0.4837999939918518
YJL106W,YER145C,0,-2.944737,0.1277938038110733,0.7089999914169312,0.4839000105857849
YBL071W-A,YAL023C,0,-2.9447713,0.12777076661586761,0.7089999914169312,0.48399999737739563
YDR483W,YLR172C,0,-2.9448493,0.12774774432182312,0.7089999914169312,0.48410001397132874
YPR167C,YJL029C,0,-2.9451118,0.12772473692893982,0.7089999914169312,0.48420000076293945
YJR153W,YOR341W,0,-2.9451122,0.12770172953605652,0.7089999914169312,0.48429998755455017
YPL243W,YLR451W,0,-2.9451766,0.1276787370443344,0.7089999914169312,0.4844000041484833
YGL183C,YOR341W,0,-2.9451833,0.1276557445526123,0.7089999914169312,0.484499990940094
YCL061C,YJL080C,1,-2.9453387,0.12781278789043427,0.7099999785423279,0.484499990940094
YKL141W,YDL188C,0,-2.945437,0.12778978049755096,0.7099999785423279,0.4846000075340271
YKR026C,YCL011C,0,-2.9456453,0.12776678800582886,0.7099999785423279,0.4846999943256378
YLL001W,YOR089C,0,-2.9456763,0.12774379551410675,0.7099999785423279,0.4848000109195709
YLR449W,YMR273C,1,-2.9458017,0.12790070474147797,0.7110000252723694,0.4848000109195709
YAL068C,YMR179W,0,-2.9459314,0.12787769734859467,0.7110000252723694,0.48489999771118164
YCR047C,YKL092C,0,-2.946091,0.12785470485687256,0.7110000252723694,0.48500001430511475
YGL094C,YOL125W,0,-2.9461498,0.12783171236515045,0.7110000252723694,0.48510000109672546
YBR119W,YMR059W,0,-2.9463258,0.12780873477458954,0.7110000252723694,0.4851999878883362
YER171W,YML130C,0,-2.9463263,0.12778577208518982,0.7110000252723694,0.4853000044822693
YHR166C,YGL211W,0,-2.946633,0.1277628093957901,0.7110000252723694,0.48539999127388
YKL113C,YDR115W,0,-2.9469619,0.12773984670639038,0.7110000252723694,0.4855000078678131
YHR069C,YGR020C,0,-2.9469981,0.12771689891815186,0.7110000252723694,0.48559999465942383
YOR244W,YBR215W,1,-2.9469981,0.12787356972694397,0.7120000123977661,0.48559999465942383
YDL174C,YML058W,0,-2.9471202,0.12785060703754425,0.7120000123977661,0.48570001125335693
YHR075C,YDR183W,0,-2.9472728,0.12782764434814453,0.7120000123977661,0.48579999804496765
YFL005W,YGR005C,0,-2.9476614,0.127804696559906,0.7120000123977661,0.48590001463890076
YMR239C,YGL183C,0,-2.9477425,0.12778176367282867,0.7120000123977661,0.4860000014305115
YOR195W,YOR348C,0,-2.9478145,0.12775883078575134,0.7120000123977661,0.4860999882221222
YDL165W,YBL074C,0,-2.9479046,0.1277359127998352,0.7120000123977661,0.4862000048160553
YPL175W,YJR013W,0,-2.9479308,0.12771300971508026,0.7120000123977661,0.486299991607666
YGL187C,YDR221W,0,-2.9481738,0.12769010663032532,0.7120000123977661,0.4864000082015991
YOL158C,YHR178W,0,-2.9481792,0.12766720354557037,0.7120000123977661,0.48649999499320984
YNL163C,YOR187W,0,-2.9482071,0.12764431536197662,0.7120000123977661,0.48660001158714294
YHR065C,YPR056W,0,-2.9482539,0.12762144207954407,0.7120000123977661,0.48669999837875366
YNL048W,YLR113W,0,-2.9486237,0.1275985687971115,0.7120000123977661,0.4867999851703644
YNR016C,YLR096W,0,-2.9486291,0.12757571041584015,0.7120000123977661,0.4869000017642975
YDR156W,YKL200C,0,-2.9488235,0.1275528520345688,0.7120000123977661,0.4869999885559082
YCR020C,YKR083C,0,-2.9488616,0.12753000855445862,0.7120000123977661,0.4871000051498413
YKR039W,YEL020W-A,0,-2.9488935,0.12750716507434845,0.7120000123977661,0.487199991941452
YBR173C,YDR039C,0,-2.9490848,0.12748433649539948,0.7120000123977661,0.48730000853538513
YDR392W,YDR073W,1,-2.9491665,0.1276405304670334,0.7129999995231628,0.48730000853538513
YCR020C,YLR275W,0,-2.9494557,0.12761768698692322,0.7129999995231628,0.48739999532699585
YDL174C,YMR030W,0,-2.94951,0.12759484350681305,0.7129999995231628,0.48750001192092896
YLR210W,YOR045W,0,-2.949531,0.12757201492786407,0.7129999995231628,0.4875999987125397
YJL186W,YKL213C,0,-2.9495528,0.1275492012500763,0.7129999995231628,0.4876999855041504
YDR429C,YBR288C,0,-2.9496574,0.1275263875722885,0.7129999995231628,0.4878000020980835
YDR054C,YDR503C,0,-2.9497595,0.12750357389450073,0.7129999995231628,0.4878999888896942
YJR053W,YDR272W,0,-2.94978,0.12748077511787415,0.7129999995231628,0.4880000054836273
YGL213C,YPR049C,0,-2.9498034,0.12745799124240875,0.7129999995231628,0.48809999227523804
YGL251C,YBR117C,0,-2.9498174,0.12743520736694336,0.7129999995231628,0.48820000886917114
YEL020W-A,YGR193C,0,-2.9500408,0.12741243839263916,0.7129999995231628,0.48829999566078186
YNL232W,YLR150W,0,-2.9502249,0.12738966941833496,0.7129999995231628,0.48840001225471497
YPR108W,YNL236W,0,-2.9502864,0.12736691534519196,0.7129999995231628,0.4884999990463257
YGR288W,YOR117W,0,-2.950364,0.12734416127204895,0.7129999995231628,0.4885999858379364
YDR071C,YHR056C,1,-2.9505026,0.1274999976158142,0.7139999866485596,0.4885999858379364
YGL104C,YLR466W,0,-2.9505777,0.1274772435426712,0.7139999866485596,0.4887000024318695
YER173W,YOR045W,0,-2.950653,0.127454474568367,0.7139999866485596,0.4887999892234802
YCR010C,YKL082C,0,-2.9506588,0.1274317353963852,0.7139999866485596,0.48890000581741333
YER049W,YML124C,0,-2.9506733,0.12740899622440338,0.7139999866485596,0.48899999260902405
YDR071C,YJL080C,1,-2.950745,0.1275646686553955,0.7149999737739563,0.48899999260902405
YNL106C,YHR098C,0,-2.950861,0.1275419145822525,0.7149999737739563,0.48910000920295715
YBR243C,YGR112W,0,-2.9508705,0.1275191754102707,0.7149999737739563,0.48919999599456787
YOR259C,YLR305C,0,-2.9515111,0.12749643623828888,0.7149999737739563,0.489300012588501
YMR145C,YGL183C,0,-2.9516268,0.12747369706630707,0.7149999737739563,0.4893999993801117
YPL164C,YPL257W-A,0,-2.9516773,0.12745098769664764,0.7149999737739563,0.4894999861717224
YBL056W,YMR213W,0,-2.9517865,0.12742826342582703,0.7149999737739563,0.4896000027656555
YOR381W,YBR118W,0,-2.9520888,0.1274055540561676,0.7149999737739563,0.48969998955726624
YMR255W,YCR077C,0,-2.95228,0.12738285958766937,0.7149999737739563,0.48980000615119934
YLR154C,YBR084W,0,-2.952308,0.12736016511917114,0.7149999737739563,0.48989999294281006
YDR272W,YKR060W,0,-2.952909,0.1273374855518341,0.7149999737739563,0.49000000953674316
YLR071C,YHR108W,0,-2.9531212,0.12731482088565826,0.7149999737739563,0.4900999963283539
YML067C,YML094W,0,-2.9531758,0.12729215621948242,0.7149999737739563,0.490200012922287
YGL129C,YER036C,0,-2.953448,0.12726949155330658,0.7149999737739563,0.4902999997138977
YBL056W,YJR121W,0,-2.9535809,0.12724684178829193,0.7149999737739563,0.4903999865055084
YIL110W,YHR072W-A,0,-2.9535947,0.12722419202327728,0.7149999737739563,0.49050000309944153
YHL012W,YGL153W,0,-2.9538324,0.12720157206058502,0.7149999737739563,0.49059998989105225
YGL187C,YNL177C,0,-2.953866,0.12717893719673157,0.7149999737739563,0.49070000648498535
YER049W,YGL043W,0,-2.9540262,0.1271563172340393,0.7149999737739563,0.49079999327659607
YIL153W,YIR011C,0,-2.954245,0.12713371217250824,0.7149999737739563,0.4909000098705292
YPR051W,YGR193C,0,-2.9546247,0.12711110711097717,0.7149999737739563,0.4909999966621399
YGL130W,YDR364C,0,-2.9548159,0.1270885169506073,0.7149999737739563,0.491100013256073
YGR004W,YPR041W,0,-2.9551578,0.12706592679023743,0.7149999737739563,0.4912000000476837
YDR170W-A,YML052W,0,-2.9552212,0.12704335153102875,0.7149999737739563,0.49129998683929443
YGL038C,YGL113W,0,-2.9552388,0.12702079117298126,0.7149999737739563,0.49140000343322754
YDR465C,YDR115W,0,-2.9552648,0.12699823081493378,0.7149999737739563,0.49149999022483826
YLR039C,YBL082C,0,-2.9553037,0.1269756704568863,0.7149999737739563,0.49160000681877136
YOL006C,YPL055C,1,-2.9553967,0.1271306872367859,0.7160000205039978,0.49160000681877136
YKR026C,YGL075C,0,-2.9560504,0.1271081119775772,0.7160000205039978,0.4916999936103821
YBL071W-A,YDR054C,0,-2.9562669,0.12708555161952972,0.7160000205039978,0.4918000102043152
YBL051C,YHL007C,0,-2.956505,0.12706300616264343,0.7160000205039978,0.4918999969959259
YDL247W,YJL029C,0,-2.9566603,0.12704046070575714,0.7160000205039978,0.492000013589859
YDR194C,YLR426W,0,-2.9566762,0.12701791524887085,0.7160000205039978,0.4921000003814697
YML110C,YMR192W,0,-2.956991,0.12699538469314575,0.7160000205039978,0.49219998717308044
YER049W,YOL149W,0,-2.9572773,0.12697286903858185,0.7160000205039978,0.49230000376701355
YKR050W,YDL007W,0,-2.9574742,0.12695035338401794,0.7160000205039978,0.49239999055862427
YDR384C,YLL016W,0,-2.957486,0.12692785263061523,0.7160000205039978,0.4925000071525574
YCR020C-A,YKR060W,0,-2.9575214,0.12690535187721252,0.7160000205039978,0.4925999939441681
YOR043W,YHR088W,0,-2.957776,0.126882866024971,0.7160000205039978,0.4927000105381012
YDR292C,YJL140W,0,-2.9579782,0.1268603801727295,0.7160000205039978,0.4927999973297119
YER122C,YCR031C,0,-2.9581668,0.12683790922164917,0.7160000205039978,0.492900013923645
YKL075C,YDL095W,0,-2.9583178,0.12681543827056885,0.7160000205039978,0.49300000071525574
YJR137C,YER017C,0,-2.9584162,0.12679298222064972,0.7160000205039978,0.49309998750686646
YJL095W,YGL191W,0,-2.958444,0.12677054107189178,0.7160000205039978,0.49320000410079956
YAL059W,YMR059W,0,-2.9585526,0.12674809992313385,0.7160000205039978,0.4932999908924103
YFL058W,YGR037C,0,-2.9589005,0.12672565877437592,0.7160000205039978,0.4934000074863434
YDR054C,YER009W,0,-2.9594054,0.12670323252677917,0.7160000205039978,0.4934999942779541
YMR045C,YFR009W,0,-2.959426,0.12668082118034363,0.7160000205039978,0.4936000108718872
YOL086C,YLR313C,0,-2.9594364,0.12665840983390808,0.7160000205039978,0.4936999976634979
YMR045C,YHL020C,0,-2.9595318,0.12663601338863373,0.7160000205039978,0.49380001425743103
YGR120C,YPR167C,0,-2.959711,0.12661361694335938,0.7160000205039978,0.49390000104904175
YDR339C,YML006C,0,-2.9597368,0.12659123539924622,0.7160000205039978,0.49399998784065247
YML041C,YDR295C,1,-2.9598913,0.12674562633037567,0.7170000076293945,0.49399998784065247
YLL016W,YDR023W,0,-2.959949,0.12672322988510132,0.7170000076293945,0.49410000443458557
YHR007C,YJR147W,0,-2.9600859,0.12670083343982697,0.7170000076293945,0.4941999912261963
YNR060W,YHL020C,0,-2.960139,0.1266784518957138,0.7170000076293945,0.4943000078201294
YFL005W,YPL036W,0,-2.960207,0.12665607035160065,0.7170000076293945,0.4943999946117401
YLR074C,YLR226W,0,-2.9605775,0.12663370370864868,0.7170000076293945,0.4945000112056732
YJL173C,YGL222C,0,-2.960589,0.12661133706569672,0.7170000076293945,0.49459999799728394
YLR330W,YLR092W,0,-2.9606123,0.12658898532390594,0.7170000076293945,0.49470001459121704
YOL100W,YLR113W,0,-2.9606204,0.12656663358211517,0.7170000076293945,0.49480000138282776
YMR048W,YGL183C,0,-2.9607933,0.1265442967414856,0.7170000076293945,0.4948999881744385
YBR298C,YNR013C,0,-2.9607997,0.1265219748020172,0.7170000076293945,0.4950000047683716
YNL169C,YPL266W,0,-2.9608219,0.12649965286254883,0.7170000076293945,0.4950999915599823
YFR009W,YMR059W,0,-2.960832,0.12647733092308044,0.7170000076293945,0.4952000081539154
YPR041W,YBR118W,0,-2.9609566,0.12645502388477325,0.7170000076293945,0.4952999949455261
YKL052C,YNL001W,0,-2.9614177,0.12643273174762726,0.7170000076293945,0.49540001153945923
YHR170W,YLR361C,0,-2.9618285,0.12641043961048126,0.7170000076293945,0.49549999833106995
YOL003C,YOR112W,0,-2.9619546,0.12638814747333527,0.7170000076293945,0.49559998512268066
YGL133W,YHR056C,1,-2.9620514,0.1265421211719513,0.7179999947547913,0.49559998512268066
YPL204W,YML019W,0,-2.9623463,0.1265198290348053,0.7179999947547913,0.49570000171661377
YGL094C,YAR015W,0,-2.962469,0.1264975368976593,0.7179999947547913,0.4957999885082245
YKL204W,YHR072W-A,0,-2.9624915,0.1264752447605133,0.7179999947547913,0.4959000051021576
YDR121W,YHR056C,1,-2.962527,0.12662909924983978,0.718999981880188,0.4959000051021576
YMR004W,YJL073W,0,-2.9626656,0.1266067922115326,0.718999981880188,0.4959999918937683
YFL038C,YMR128W,0,-2.9627059,0.1265845000743866,0.718999981880188,0.4961000084877014
YML094W,YBR156C,0,-2.962788,0.1265622228384018,0.718999981880188,0.49619999527931213
YKL140W,YJR021C,0,-2.9631422,0.126539945602417,0.718999981880188,0.49630001187324524
YNR043W,YPR088C,0,-2.9632244,0.12651768326759338,0.718999981880188,0.49639999866485596
YGL213C,YDL165W,0,-2.9634728,0.12649542093276978,0.718999981880188,0.4964999854564667
YOL149W,YDR412W,0,-2.9635115,0.12647317349910736,0.718999981880188,0.4966000020503998
YGR042W,YDL095W,0,-2.963529,0.12645092606544495,0.718999981880188,0.4966999888420105
YLR013W,YLR096W,0,-2.9636333,0.12642869353294373,0.718999981880188,0.4968000054359436
YLR229C,YIR023W,0,-2.963662,0.1264064759016037,0.718999981880188,0.4968999922275543
YDR299W,YMR186W,0,-2.9637666,0.12638424336910248,0.718999981880188,0.4970000088214874
YML042W,YAL055W,0,-2.9639142,0.12636204063892365,0.718999981880188,0.49709999561309814
YKL084W,YPR175W,0,-2.9639149,0.1263398379087448,0.718999981880188,0.49720001220703125
YGL183C,YGR193C,0,-2.9640098,0.12631763517856598,0.718999981880188,0.49729999899864197
YMR192W,YJR047C,0,-2.9640424,0.12629544734954834,0.718999981880188,0.4973999857902527
YJL179W,YDR030C,0,-2.9642844,0.1262732744216919,0.718999981880188,0.4975000023841858
YMR145C,YKL204W,0,-2.9645076,0.12625110149383545,0.718999981880188,0.4975999891757965
YGR077C,YFR027W,0,-2.9645772,0.126228928565979,0.718999981880188,0.4977000057697296
YOL149W,YER027C,0,-2.9647758,0.12620677053928375,0.718999981880188,0.49779999256134033
YBL085W,YPL084W,0,-2.9648623,0.1261846274137497,0.718999981880188,0.49790000915527344
YNL313C,YPL065W,0,-2.9648895,0.12616248428821564,0.718999981880188,0.49799999594688416
YGR206W,YDR449C,0,-2.965003,0.12614035606384277,0.718999981880188,0.49810001254081726
YPL092W,YKL200C,0,-2.9650424,0.1261182278394699,0.718999981880188,0.498199999332428
YML110C,YOR195W,0,-2.9651728,0.12609609961509705,0.718999981880188,0.4982999861240387
YJL005W,YOR112W,0,-2.9652553,0.12607400119304657,0.718999981880188,0.4984000027179718
YJL176C,YJL080C,1,-2.9652557,0.1262272149324417,0.7200000286102295,0.4984000027179718
YLR418C,YER120W,1,-2.9652777,0.12638036906719208,0.7210000157356262,0.4984000027179718
YLR102C,YDL056W,0,-2.9653122,0.12635822594165802,0.7210000157356262,0.4984999895095825
YLR330W,YFR036W,0,-2.9653337,0.12633608281612396,0.7210000157356262,0.4986000061035156
YDR523C,YDL108W,0,-2.9653368,0.1263139396905899,0.7210000157356262,0.49869999289512634
YGR238C,YKR082W,0,-2.9657912,0.12629182636737823,0.7210000157356262,0.49880000948905945
YGR098C,YNR033W,0,-2.9658947,0.12626969814300537,0.7210000157356262,0.49889999628067017
YGR288W,YER154W,0,-2.9659238,0.1262475997209549,0.7210000157356262,0.49900001287460327
YGR206W,YGR037C,0,-2.9662108,0.12622548639774323,0.7210000157356262,0.499099999666214
YMR299C,YPR101W,0,-2.9663448,0.12620340287685394,0.7210000157356262,0.4991999864578247
YJL138C,YLR092W,0,-2.9664924,0.12618130445480347,0.7210000157356262,0.4993000030517578
YOR115C,YNL291C,0,-2.96658,0.12615923583507538,0.7210000157356262,0.49939998984336853
YMR080C,YLL004W,1,-2.9666953,0.12631210684776306,0.722000002861023,0.49939998984336853
YFL022C,YLR398C,0,-2.9666972,0.12629000842571259,0.722000002861023,0.49950000643730164
YDR429C,YDR080W,0,-2.9667177,0.1262679249048233,0.722000002861023,0.49959999322891235
YPL164C,YHR077C,0,-2.9667256,0.12624584138393402,0.722000002861023,0.49970000982284546
YPL041C,YHR170W,0,-2.9668758,0.12622377276420593,0.722000002861023,0.4997999966144562
YKL046C,YMR093W,0,-2.9669657,0.12620171904563904,0.722000002861023,0.4999000132083893
YDL188C,YJR153W,0,-2.9673676,0.12617965042591095,0.722000002861023,0.5
YDR212W,YHR072W-A,0,-2.9676602,0.12615761160850525,0.722000002861023,0.5001000165939331
YKL130C,YMR207C,0,-2.9677193,0.12613557279109955,0.722000002861023,0.5001999735832214
YJR066W,YBL074C,0,-2.9677906,0.12611353397369385,0.722000002861023,0.5002999901771545
YGL046W,YPR009W,0,-2.9679737,0.12609151005744934,0.722000002861023,0.5004000067710876
YGL017W,YMR227C,0,-2.968144,0.12606950104236603,0.722000002861023,0.5005000233650208
YDR252W,YMR125W,0,-2.9683008,0.12604749202728271,0.722000002861023,0.5005999803543091
YGL153W,YKL201C,0,-2.9683175,0.1260254830121994,0.722000002861023,0.5006999969482422
YML057W,YPL120W,0,-2.968355,0.12600348889827728,0.722000002861023,0.5008000135421753
YDR255C,YGL113W,0,-2.968557,0.12598150968551636,0.722000002861023,0.5008999705314636
YLL008W,YLR144C,0,-2.9685946,0.12595953047275543,0.722000002861023,0.5009999871253967
YER143W,YJL106W,0,-2.9686227,0.1259375512599945,0.722000002861023,0.5011000037193298
YOR305W,YLR096W,0,-2.9686542,0.12591558694839478,0.722000002861023,0.5012000203132629
YIL110W,YIL121W,0,-2.9687228,0.12589363753795624,0.722000002861023,0.5012999773025513
YOL006C,YLR449W,1,-2.968772,0.12604603171348572,0.7229999899864197,0.5012999773025513
YGL043W,YDR272W,0,-2.9691625,0.1260240525007248,0.7229999899864197,0.5013999938964844
YJL080C,YBR215W,1,-2.9691997,0.1261763721704483,0.7239999771118164,0.5013999938964844
YKL189W,YBL007C,0,-2.9693193,0.12615437805652618,0.7239999771118164,0.5015000104904175
YLR039C,YLR165C,0,-2.9694848,0.12613239884376526,0.7239999771118164,0.5016000270843506
YDL024C,YGR112W,0,-2.9697993,0.12611043453216553,0.7239999771118164,0.5016999840736389
YER083C,YAR035W,0,-2.9698436,0.1260884702205658,0.7239999771118164,0.501800000667572
YNL071W,YJR055W,0,-2.9701614,0.12606652081012726,0.7239999771118164,0.5019000172615051
YML112W,YFL055W,0,-2.9702678,0.12604457139968872,0.7239999771118164,0.5019999742507935
YDR523C,YDR183W,0,-2.970684,0.12602262198925018,0.7239999771118164,0.5020999908447266
YGR142W,YEL020W-A,0,-2.9707367,0.12600070238113403,0.7239999771118164,0.5022000074386597
YJL030W,YBR213W,0,-2.9711828,0.1259787678718567,0.7239999771118164,0.5023000240325928
YOR033C,YJL071W,0,-2.9713345,0.12595684826374054,0.7239999771118164,0.5023999810218811
YER017C,YCL038C,0,-2.9716282,0.12593494355678558,0.7239999771118164,0.5024999976158142
YDR334W,YKR042W,1,-2.9717193,0.12608695030212402,0.7250000238418579,0.5024999976158142
YCR063W,YER094C,0,-2.971919,0.12606503069400787,0.7250000238418579,0.5026000142097473
YML085C,YGR101W,0,-2.9719205,0.12604311108589172,0.7250000238418579,0.5026999711990356
YMR212C,YKL200C,0,-2.9719255,0.12602120637893677,0.7250000238418579,0.5027999877929688
YML109W,YDR071C,1,-2.9721308,0.12617309391498566,0.7260000109672546,0.5027999877929688
YGR103W,YPL175W,0,-2.9721544,0.1261511743068695,0.7260000109672546,0.5029000043869019
YER014C-A,YML007W,0,-2.9725158,0.12612925469875336,0.7260000109672546,0.503000020980835
YJR112W,YJR105W,0,-2.9725482,0.1261073499917984,0.7260000109672546,0.5030999779701233
YDR120C,YOR143C,0,-2.97259,0.12608544528484344,0.7260000109672546,0.5031999945640564
YNL106C,YDR038C,0,-2.9726453,0.12606355547904968,0.7260000109672546,0.5033000111579895
YNL139C,YPL053C,0,-2.9727054,0.12604166567325592,0.7260000109672546,0.5034000277519226
YLR466W,YKL049C,0,-2.9728808,0.12601979076862335,0.7260000109672546,0.5034999847412109
YGL206C,YML052W,0,-2.97325,0.12599791586399078,0.7260000109672546,0.503600001335144
YHR065C,YPR107C,0,-2.9733136,0.1259760558605194,0.7260000109672546,0.5037000179290771
YLL006W,YER062C,0,-2.9734676,0.12595419585704803,0.7260000109672546,0.5037999749183655
YJR055W,YBL004W,0,-2.9735057,0.12593235075473785,0.7260000109672546,0.5038999915122986
YOL111C,YLR047C,0,-2.9736297,0.12591050565242767,0.7260000109672546,0.5040000081062317
YJL012C-A,YMR048W,0,-2.9737282,0.1258886754512787,0.7260000109672546,0.5041000247001648
YDR429C,YML043C,0,-2.9743395,0.1258668452501297,0.7260000109672546,0.5041999816894531
YFL060C,YMR097C,0,-2.974482,0.1258450299501419,0.7260000109672546,0.5042999982833862
YLR418C,YIL150C,1,-2.9745078,0.12599653005599976,0.7269999980926514,0.5042999982833862
YML130C,YGL168W,0,-2.9745126,0.12597469985485077,0.7269999980926514,0.5044000148773193
YML124C,YHR176W,0,-2.9745436,0.12595286965370178,0.7269999980926514,0.5044999718666077
YGL206C,YKL213C,0,-2.9747705,0.125931054353714,0.7269999980926514,0.5045999884605408
YGR272C,YLL036C,0,-2.9749467,0.1259092539548874,0.7269999980926514,0.5047000050544739
YLR453C,YLR167W,0,-2.9750748,0.1258874386548996,0.7269999980926514,0.504800021648407
YLL008W,YNR060W,0,-2.9750884,0.1258656531572342,0.7269999980926514,0.5048999786376953
YMR273C,YIL126W,1,-2.9755664,0.12601695954799652,0.7279999852180481,0.5048999786376953
YDR508C,YPR189W,0,-2.9756045,0.12599515914916992,0.7279999852180481,0.5049999952316284
YJR060W,YDR225W,1,-2.975736,0.12614639103412628,0.7289999723434448,0.5049999952316284
YOR045W,YBR034C,0,-2.976119,0.1261245608329773,0.7289999723434448,0.5051000118255615
YLL027W,YNL236W,0,-2.9761524,0.1261027455329895,0.7289999723434448,0.5052000284194946
YPR193C,YKR042W,1,-2.9761717,0.1262538880109787,0.7300000190734863,0.5052000284194946
YFR037C,YJL080C,1,-2.9762607,0.12640498578548431,0.7310000061988831,0.5052000284194946
YMR165C,YLR144C,0,-2.9762702,0.12638312578201294,0.7310000061988831,0.505299985408783
YLR136C,YFL055W,0,-2.976704,0.12636128067970276,0.7310000061988831,0.5054000020027161
YML041C,YDR224C,1,-2.9768796,0.12651227414608002,0.7319999933242798,0.5054000020027161
YCL044C,YLR013W,0,-2.9771147,0.12649041414260864,0.7319999933242798,0.5055000185966492
YKL014C,YGR046W,0,-2.9772363,0.12646855413913727,0.7319999933242798,0.5055999755859375
YDR221W,YOR208W,0,-2.9772587,0.1264467090368271,0.7319999933242798,0.5056999921798706
YDR079W,YPL266W,0,-2.9773726,0.1264248639345169,0.7319999933242798,0.5058000087738037
YNL313C,YDR099W,0,-2.9775898,0.12640303373336792,0.7319999933242798,0.5059000253677368
YNR058W,YDL174C,0,-2.9777057,0.12638121843338013,0.7319999933242798,0.5059999823570251
YJL176C,YPL015C,1,-2.9777665,0.12653201818466187,0.7329999804496765,0.5059999823570251
YIR009W,YMR025W,0,-2.9779017,0.12651018798351288,0.7329999804496765,0.5060999989509583
YJR055W,YER122C,0,-2.9780278,0.1264883577823639,0.7329999804496765,0.5062000155448914
YDR194C,YML130C,0,-2.9780526,0.1264665275812149,0.7329999804496765,0.5062999725341797
YDR071C,YPR193C,1,-2.9785213,0.1266172230243683,0.734000027179718,0.5062999725341797
YER105C,YPL057C,0,-2.9785295,0.1265953779220581,0.734000027179718,0.5063999891281128
YPL002C,YDR219C,0,-2.9785542,0.12657354772090912,0.734000027179718,0.5065000057220459
YOR040W,YBR119W,0,-2.9785657,0.12655171751976013,0.734000027179718,0.506600022315979
YCR063W,YER122C,0,-2.978694,0.12652990221977234,0.734000027179718,0.5066999793052673
YML043C,YLL016W,0,-2.978722,0.12650810182094574,0.734000027179718,0.5067999958992004
YDR429C,YDL165W,0,-2.978732,0.12648630142211914,0.734000027179718,0.5069000124931335
YNL071W,YHR072W-A,0,-2.978843,0.12646450102329254,0.734000027179718,0.5070000290870667
YCL011C,YDL207W,0,-2.9789138,0.12644271552562714,0.734000027179718,0.507099986076355
YGR193C,YJL140W,0,-2.9789958,0.12642094492912292,0.734000027179718,0.5072000026702881
YGR142W,YDR183W,0,-2.9791164,0.1263991743326187,0.734000027179718,0.5073000192642212
YER122C,YDL015C,0,-2.9792595,0.1263774037361145,0.734000027179718,0.5073999762535095
YMR192W,YAR035W,0,-2.9792738,0.12635564804077148,0.734000027179718,0.5074999928474426
YDL043C,YEL024W,0,-2.9792795,0.12633390724658966,0.734000027179718,0.5076000094413757
YKR037C,YER166W,0,-2.979635,0.12631216645240784,0.734000027179718,0.5077000260353088
YDR264C,YGL094C,0,-2.979825,0.1262904405593872,0.734000027179718,0.5077999830245972
YCL061C,YMR247C,1,-2.979885,0.12644073367118835,0.7350000143051147,0.5077999830245972
YOR151C,YBR119W,0,-2.9800415,0.12641899287700653,0.7350000143051147,0.5078999996185303
YKR085C,YIL085C,0,-2.980112,0.1263972520828247,0.7350000143051147,0.5080000162124634
YMR227C,YMR172W,0,-2.9802847,0.12637551128864288,0.7350000143051147,0.5080999732017517
YGR274C,YJL056C,0,-2.9802854,0.12635378539562225,0.7350000143051147,0.5081999897956848
YBL085W,YDL164C,0,-2.9803696,0.12633207440376282,0.7350000143051147,0.5083000063896179
YCL024W,YDL201W,0,-2.9804173,0.12631036341190338,0.7350000143051147,0.508400022983551
YGL251C,YDR054C,0,-2.9804888,0.12628865242004395,0.7350000143051147,0.5084999799728394
YNR016C,YMR133W,0,-2.9805012,0.1262669712305069,0.7350000143051147,0.5085999965667725
YPL178W,YHR206W,0,-2.9805126,0.12624527513980865,0.7350000143051147,0.5087000131607056
YER109C,YFR036W,0,-2.9808388,0.1262235939502716,0.7350000143051147,0.5088000297546387
YHL038C,YGR183C,0,-2.9808595,0.12620192766189575,0.7350000143051147,0.508899986743927
YFL005W,YOR288C,0,-2.9809685,0.1261802613735199,0.7350000143051147,0.5090000033378601
YLL001W,YMR165C,0,-2.9810662,0.12615859508514404,0.7350000143051147,0.5091000199317932
YBR247C,YMR267W,0,-2.9811897,0.12613694369792938,0.7350000143051147,0.5091999769210815
YMR145C,YML036W,0,-2.981198,0.12611530721187592,0.7350000143051147,0.5092999935150146
YLR229C,YJL012C,0,-2.9812272,0.12609367072582245,0.7350000143051147,0.5094000101089478
YBR035C,YNL102W,0,-2.9813087,0.12607203423976898,0.7350000143051147,0.5095000267028809
YPL120W,YNL283C,0,-2.9813542,0.1260504275560379,0.7350000143051147,0.5095999836921692
YJL013C,YPL083C,0,-2.9815662,0.12602880597114563,0.7350000143051147,0.5097000002861023
YLL006W,YPR101W,0,-2.9818344,0.12600719928741455,0.7350000143051147,0.5098000168800354
YHL007C,YDR470C,0,-2.9820259,0.12598560750484467,0.7350000143051147,0.5098999738693237
YJL114W,YJR059W,0,-2.9820695,0.12596401572227478,0.7350000143051147,0.5099999904632568
YCR063W,YER105C,0,-2.9820852,0.1259424239397049,0.7350000143051147,0.5101000070571899
YCR026C,YKL120W,0,-2.9820871,0.1259208470582962,0.7350000143051147,0.510200023651123
YAL020C,YML042W,0,-2.982146,0.1258992850780487,0.7350000143051147,0.5102999806404114
YOR089C,YDR427W,0,-2.9823186,0.1258777230978012,0.7350000143051147,0.5103999972343445
YKL125W,YLR291C,0,-2.9823225,0.1258561611175537,0.7350000143051147,0.5105000138282776
YFR037C,YDR073W,1,-2.9823976,0.12600581347942352,0.7360000014305115,0.5105000138282776
YKR026C,YDR016C,0,-2.982521,0.12598425149917603,0.7360000014305115,0.5105999708175659
YGR257C,YER157W,0,-2.9825575,0.12596268951892853,0.7360000014305115,0.510699987411499
YOR298W,YDL164C,0,-2.982609,0.12594114243984222,0.7360000014305115,0.5108000040054321
YNL246W,YGL112C,1,-2.9827917,0.12609067559242249,0.7369999885559082,0.5108000040054321
YKL188C,YOR116C,0,-2.9830432,0.126069113612175,0.7369999885559082,0.5109000205993652
YGR077C,YMR050C,0,-2.9831395,0.1260475516319275,0.7369999885559082,0.5109999775886536
YGR075C,YGR245C,0,-2.9833353,0.12602598965168,0.7369999885559082,0.5110999941825867
YLR182W,YJR053W,0,-2.9833684,0.1260044425725937,0.7369999885559082,0.5112000107765198
YLR210W,YOR143C,0,-2.983508,0.12598291039466858,0.7369999885559082,0.5113000273704529
YAR003W,YMR273C,1,-2.983666,0.1261322796344757,0.7379999756813049,0.5113000273704529
YDR183W,YHR176W,0,-2.983977,0.1261107325553894,0.7379999756813049,0.5113999843597412
YOR288C,YJL029C,0,-2.9840422,0.1260891854763031,0.7379999756813049,0.5115000009536743
YMR117C,YNR007C,0,-2.9841213,0.126067653298378,0.7379999756813049,0.5116000175476074
YGL104C,YGR193C,0,-2.9841247,0.12604612112045288,0.7379999756813049,0.5116999745368958
YDR038C,YER105C,0,-2.9847326,0.12602458894252777,0.7379999756813049,0.5117999911308289
YLR426W,YMR058W,0,-2.9847398,0.12600307166576385,0.7379999756813049,0.511900007724762
YKR034W,YPL041C,0,-2.9850297,0.12598156929016113,0.7379999756813049,0.5120000243186951
YLR430W,YKL140W,0,-2.9852915,0.1259600669145584,0.7379999756813049,0.5120999813079834
YHL022C,YGR075C,0,-2.9854727,0.1259385645389557,0.7379999756813049,0.5121999979019165
YCR052W,YMR127C,1,-2.9854984,0.12608769536018372,0.7390000224113464,0.5121999979019165
YBL090W,YEL053C,0,-2.9855213,0.126066192984581,0.7390000224113464,0.5123000144958496
YJL127C,YCR052W,1,-2.985575,0.12621524930000305,0.7400000095367432,0.5123000144958496
YKR083C,YJR105W,0,-2.9855945,0.12619371712207794,0.7400000095367432,0.5123999714851379
YGR038W,YGR245C,0,-2.9857192,0.12617221474647522,0.7400000095367432,0.512499988079071
YLL031C,YNL002C,0,-2.985897,0.1261506974697113,0.7400000095367432,0.5126000046730042
YDR212W,YDR192C,0,-2.9865158,0.12612919509410858,0.7400000095367432,0.5127000212669373
YLR450W,YIL121W,0,-2.98652,0.12610770761966705,0.7400000095367432,0.5127999782562256
YGR044C,YGL168W,0,-2.9865632,0.12608622014522552,0.7400000095367432,0.5128999948501587
YOR231W,YIL019W,0,-2.9866,0.126064732670784,0.7400000095367432,0.5130000114440918
YLR190W,YPL019C,0,-2.9866388,0.12604326009750366,0.7400000095367432,0.5131000280380249
YBL088C,YDR523C,0,-2.9866457,0.12602180242538452,0.7400000095367432,0.5131999850273132
YNL287W,YKL007W,0,-2.9868562,0.12600034475326538,0.7400000095367432,0.5133000016212463
YDR523C,YDR184C,0,-2.9871945,0.12597888708114624,0.7400000095367432,0.5134000182151794
YML043C,YOR150W,0,-2.9872901,0.1259574443101883,0.7400000095367432,0.5134999752044678
YPR108W,YLR229C,0,-2.9873257,0.12593601644039154,0.7400000095367432,0.5135999917984009
YJR143C,YGR221C,0,-2.9874349,0.1259145885705948,0.7400000095367432,0.513700008392334
YOL033W,YPL214C,0,-2.9876866,0.12589316070079803,0.7400000095367432,0.5138000249862671
YBR288C,YPR167C,0,-2.9878495,0.12587174773216248,0.7400000095367432,0.5138999819755554
YKL143W,YHR164C,0,-2.988081,0.12585033476352692,0.7400000095367432,0.5139999985694885
YBL097W,YDR023W,0,-2.9881268,0.12582893669605255,0.7400000095367432,0.5141000151634216
YDR517W,YCR092C,0,-2.9884882,0.12580755352973938,0.7400000095367432,0.51419997215271
YBR035C,YLR453C,0,-2.9886394,0.1257861703634262,0.7400000095367432,0.5142999887466431
YIL110W,YLR013W,0,-2.9887009,0.12576478719711304,0.7400000095367432,0.5144000053405762
YMR125W,YDR092W,0,-2.9887786,0.12574341893196106,0.7400000095367432,0.5145000219345093
YNL049C,YCR063W,0,-2.9891,0.12572205066680908,0.7400000095367432,0.5145999789237976
YBL097W,YIL135C,0,-2.9891815,0.1257006973028183,0.7400000095367432,0.5146999955177307
YJR153W,YNL102W,0,-2.9892435,0.12567934393882751,0.7400000095367432,0.5148000121116638
YAL023C,YJL041W,0,-2.9893992,0.12565800547599792,0.7400000095367432,0.5149000287055969
YMR117C,YNL244C,0,-2.9896536,0.12563666701316833,0.7400000095367432,0.5149999856948853
YNR033W,YDL164C,0,-2.9898968,0.12561534345149994,0.7400000095367432,0.5151000022888184
YIL115C,YHL034C,0,-2.989934,0.12559401988983154,0.7400000095367432,0.5152000188827515
YBL007C,YKL013C,0,-2.9901764,0.12557271122932434,0.7400000095367432,0.5152999758720398
YPL179W,YKL200C,0,-2.9905305,0.12555140256881714,0.7400000095367432,0.5153999924659729
YDR071C,YNL135C,1,-2.9905794,0.1256997436285019,0.7409999966621399,0.5153999924659729
YJL039C,YMR048W,0,-2.9906378,0.1256784200668335,0.7409999966621399,0.515500009059906
YOL158C,YIL062C,0,-2.990736,0.1256571114063263,0.7409999966621399,0.5156000256538391
YDL047W,YDL092W,0,-2.9908104,0.1256358027458191,0.7409999966621399,0.5156999826431274
YGR278W,YOR288C,0,-2.9912188,0.12561450898647308,0.7409999966621399,0.5157999992370605
YNL135C,YDR224C,1,-2.9912949,0.1257627159357071,0.7419999837875366,0.5157999992370605
YKL084W,YHR178W,0,-2.9913507,0.1257413923740387,0.7419999837875366,0.5159000158309937
YHR092C,YDR507C,0,-2.9914439,0.1257200986146927,0.7419999837875366,0.515999972820282
YLR092W,YKR039W,0,-2.9915195,0.12569878995418549,0.7419999837875366,0.5160999894142151
YPL164C,YML046W,0,-2.991605,0.12567751109600067,0.7419999837875366,0.5162000060081482
YER014C-A,YPL232W,0,-2.9919002,0.12565621733665466,0.7419999837875366,0.5163000226020813
YML124C,YER104W,0,-2.9920723,0.12563495337963104,0.7419999837875366,0.5163999795913696
YER104W,YBR265W,0,-2.9921165,0.12561367452144623,0.7419999837875366,0.5164999961853027
YOR178C,YER093C,0,-2.9921813,0.1255924105644226,0.7419999837875366,0.5166000127792358
YBR244W,YGL168W,0,-2.992217,0.12557116150856018,0.7419999837875366,0.516700029373169
YOR112W,YPR049C,0,-2.9922333,0.12554991245269775,0.7419999837875366,0.5167999863624573
YMR186W,YLR378C,0,-2.9922342,0.12552867829799652,0.7419999837875366,0.5169000029563904
YLL035W,YLR013W,0,-2.9923086,0.1255074441432953,0.7419999837875366,0.5170000195503235
YLL006W,YJR143C,0,-2.9923952,0.12548620998859406,0.7419999837875366,0.5170999765396118
YDR508C,YNL106C,0,-2.9924223,0.1254650056362152,0.7419999837875366,0.5171999931335449
YJL095W,YLR013W,0,-2.9925444,0.12544378638267517,0.7419999837875366,0.517300009727478
YPL164C,YNL002C,0,-2.9925475,0.12542258203029633,0.7419999837875366,0.5174000263214111
YPL120W,YLR226W,0,-2.9928489,0.12540139257907867,0.7419999837875366,0.5174999833106995
YJL127C,YDR224C,1,-2.9928784,0.12554916739463806,0.7429999709129333,0.5174999833106995
YDL188C,YPR176C,0,-2.9928858,0.12552796304225922,0.7429999709129333,0.5175999999046326
YGR288W,YCL011C,0,-2.9928994,0.12550675868988037,0.7429999709129333,0.5177000164985657
YJL114W,YOL065C,0,-2.9930706,0.12548555433750153,0.7429999709129333,0.517799973487854
YLR453C,YIL101C,0,-2.9932861,0.12546436488628387,0.7429999709129333,0.5178999900817871
YER029C,YCR077C,0,-2.9933686,0.12544319033622742,0.7429999709129333,0.5180000066757202
YLR409C,YMR200W,0,-2.993464,0.12542201578617096,0.7429999709129333,0.5181000232696533
YKL119C,YJL002C,0,-2.9934924,0.1254008412361145,0.7429999709129333,0.5181999802589417
YLR430W,YGL191W,0,-2.9935384,0.12537968158721924,0.7429999709129333,0.5182999968528748
YOR201C,YKL013C,0,-2.9935684,0.12535852193832397,0.7429999709129333,0.5184000134468079
YGL112C,YDR224C,1,-2.9936237,0.12550607323646545,0.7440000176429749,0.5184000134468079
YDR004W,YFL058W,0,-2.993761,0.125484898686409,0.7440000176429749,0.5184999704360962
YDL247W,YLR132C,0,-2.9938474,0.12546373903751373,0.7440000176429749,0.5185999870300293
YMR004W,YMR093W,0,-2.9941306,0.12544259428977966,0.7440000176429749,0.5187000036239624
YGR251W,YDL247W,0,-2.9942756,0.1254214495420456,0.7440000176429749,0.5188000202178955
YPR021C,YML104C,0,-2.9944396,0.12540030479431152,0.7440000176429749,0.5188999772071838
YLR385C,YBL052C,1,-2.9944935,0.12554769217967987,0.7450000047683716,0.5188999772071838
YOR145C,YDL108W,0,-2.9945157,0.1255265325307846,0.7450000047683716,0.5189999938011169
YOR058C,YER044C-A,0,-2.9945934,0.12550538778305054,0.7450000047683716,0.51910001039505
YMR322C,YLR226W,0,-2.994716,0.12548425793647766,0.7450000047683716,0.5192000269889832
YNR043W,YGR042W,0,-2.995154,0.1254631131887436,0.7450000047683716,0.5192999839782715
YNR033W,YER157W,0,-2.995317,0.1254419982433319,0.7450000047683716,0.5194000005722046
YPL276W,YHL020C,0,-2.9955847,0.12542086839675903,0.7450000047683716,0.5195000171661377
YGL047W,YKL140W,0,-2.995872,0.12539976835250854,0.7450000047683716,0.519599974155426
YPR009W,YDR339C,0,-2.9961119,0.12537865340709686,0.7450000047683716,0.5196999907493591
YML041C,YLR357W,1,-2.996175,0.1255258321762085,0.7459999918937683,0.5196999907493591
YOR279C,YJL080C,1,-2.9964457,0.12567295134067535,0.746999979019165,0.5196999907493591
YDR494W,YHR072W-A,0,-2.9964752,0.12565180659294128,0.746999979019165,0.5198000073432922
YKL213C,YPR088C,0,-2.9965448,0.1256306767463684,0.746999979019165,0.5199000239372253
YOR372C,YKL200C,0,-2.9967556,0.12560954689979553,0.746999979019165,0.5199999809265137
YHR058C,YGR231C,0,-2.9970498,0.12558843195438385,0.746999979019165,0.5200999975204468
YDR198C,YER009W,0,-2.9972887,0.12556731700897217,0.746999979019165,0.5202000141143799
YDR512C,YNL106C,0,-2.9979472,0.12554621696472168,0.746999979019165,0.5202999711036682
YMR097C,YPL084W,0,-2.9979744,0.1255251169204712,0.746999979019165,0.5203999876976013
YOR298W,YNL048W,0,-2.9983563,0.1255040317773819,0.746999979019165,0.5205000042915344
YMR255W,YBL051C,0,-2.998394,0.1254829466342926,0.746999979019165,0.5206000208854675
YPL057C,YDL209C,0,-2.9984052,0.1254618763923645,0.746999979019165,0.5206999778747559
YOR112W,YFL055W,0,-2.9985003,0.1254408061504364,0.746999979019165,0.520799994468689
YGL022W,YJR043C,0,-2.9985805,0.1254197508096695,0.746999979019165,0.5209000110626221
YDL247W,YJL173C,0,-2.9986634,0.1253986954689026,0.746999979019165,0.5210000276565552
YMR163C,YLR148W,0,-2.9987073,0.12537764012813568,0.746999979019165,0.5210999846458435
YMR127C,YKR042W,1,-2.9989507,0.12552441656589508,0.7480000257492065,0.5210999846458435
YGR077C,YGR274C,0,-2.9991136,0.12550336122512817,0.7480000257492065,0.5212000012397766
YML067C,YBL071W-A,0,-2.9992275,0.12548230588436127,0.7480000257492065,0.5213000178337097
YOL003C,YLR396C,0,-2.9992495,0.12546125054359436,0.7480000257492065,0.521399974822998
YPR143W,YPR021C,0,-2.9992862,0.12544021010398865,0.7480000257492065,0.5214999914169312
YOR067C,YDR501W,0,-2.9995494,0.12541918456554413,0.7480000257492065,0.5216000080108643
YJL071W,YJL073W,0,-2.9995878,0.1253981590270996,0.7480000257492065,0.5217000246047974
YHR065C,YHR206W,0,-2.9996858,0.1253771334886551,0.7480000257492065,0.5217999815940857
YKR085C,YKL145W,0,-2.9999084,0.12535612285137177,0.7480000257492065,0.5218999981880188
YPR073C,YJL056C,0,-2.9999402,0.12533512711524963,0.7480000257492065,0.5220000147819519
YPL112C,YJL071W,0,-2.9999828,0.1253141164779663,0.7480000257492065,0.5220999717712402
YLR039C,YLR119W,0,-3.000067,0.12529313564300537,0.7480000257492065,0.5221999883651733
YDR494W,YNR033W,0,-3.0005207,0.12527215480804443,0.7480000257492065,0.5223000049591064
YFL005W,YJR132W,0,-3.000812,0.1252511739730835,0.7480000257492065,0.5224000215530396
YJR053W,YEL020W-A,0,-3.000883,0.12523020803928375,0.7480000257492065,0.5224999785423279
YKL075C,YJL179W,0,-3.0009506,0.125209242105484,0.7480000257492065,0.522599995136261
YPL164C,YNL297C,0,-3.001039,0.12518829107284546,0.7480000257492065,0.5227000117301941
YJR055W,YLR324W,0,-3.0011754,0.1251673400402069,0.7480000257492065,0.5228000283241272
YOL158C,YKR060W,0,-3.0012124,0.12514638900756836,0.7480000257492065,0.5228999853134155
YOL033W,YIR028W,0,-3.0012488,0.125125452876091,0.7480000257492065,0.5230000019073486
YFR037C,YER120W,1,-3.0014262,0.1252717822790146,0.7490000128746033,0.5230000019073486
YMR165C,YHL034C,0,-3.001774,0.12525083124637604,0.7490000128746033,0.5231000185012817
YPL266W,YGL183C,0,-3.001813,0.12522989511489868,0.7490000128746033,0.5231999754905701
YPL115C,YPL232W,0,-3.0018482,0.12520895898342133,0.7490000128746033,0.5232999920845032
YOR040W,YPL057C,0,-3.0020149,0.12518803775310516,0.7490000128746033,0.5234000086784363
YGR288W,YOR058C,0,-3.0021057,0.125167116522789,0.7490000128746033,0.5235000252723694
YCL052C,YFL038C,0,-3.0021617,0.12514619529247284,0.7490000128746033,0.5235999822616577
YFR037C,YMR247C,1,-3.002173,0.1252923458814621,0.75,0.5235999822616577
YLL004W,YER030W,1,-3.0022678,0.12543845176696777,0.7509999871253967,0.5235999822616577
YNR060W,YEL053C,0,-3.002456,0.12541750073432922,0.7509999871253967,0.5236999988555908
YIL085C,YOL149W,0,-3.0025382,0.12539656460285187,0.7509999871253967,0.5238000154495239
YHR069C,YER168C,0,-3.0029025,0.1253756284713745,0.7509999871253967,0.5238999724388123
YER147C,YGL120C,0,-3.0029702,0.12535469233989716,0.7509999871253967,0.5239999890327454
YLR418C,YLL004W,1,-3.0032663,0.1255006641149521,0.7519999742507935,0.5239999890327454
YBR135W,YFR001W,0,-3.0033004,0.12547972798347473,0.7519999742507935,0.5241000056266785
YHR007C,YHL022C,0,-3.0033479,0.12545879185199738,0.7519999742507935,0.5242000222206116
YGL187C,YIL140W,0,-3.003695,0.1254378706216812,0.7519999742507935,0.5242999792098999
YKL130C,YML085C,0,-3.0038178,0.12541694939136505,0.7519999742507935,0.524399995803833
YGR077C,YLR451W,0,-3.0038462,0.1253960281610489,0.7519999742507935,0.5245000123977661
YDR483W,YPR010C,0,-3.0038543,0.12537512183189392,0.7519999742507935,0.5246000289916992
YMR322C,YKL046C,0,-3.003917,0.12535423040390015,0.7519999742507935,0.5246999859809875
YJR044C,YDR198C,0,-3.0039332,0.12533333897590637,0.7519999742507935,0.5248000025749207
YML110C,YDR138W,0,-3.0041053,0.1253124475479126,0.7519999742507935,0.5249000191688538
YLL036C,YLR075W,0,-3.0041184,0.12529157102108002,0.7519999742507935,0.5249999761581421
YDR392W,YDR225W,1,-3.0042632,0.12543727457523346,0.753000020980835,0.5249999761581421
YGL251C,YCR018C,0,-3.004314,0.12541638314723969,0.753000020980835,0.5250999927520752
YHL007C,YNL051W,0,-3.0043995,0.1253955066204071,0.753000020980835,0.5252000093460083
YFL022C,YBL030C,0,-3.0044363,0.12537463009357452,0.753000020980835,0.5253000259399414
YIL140W,YCR035C,0,-3.0045362,0.12535375356674194,0.753000020980835,0.5253999829292297
YGR165W,YBL100W-A,0,-3.0046127,0.12533289194107056,0.753000020980835,0.5254999995231628
YER049W,YLR330W,0,-3.0046334,0.12531203031539917,0.753000020980835,0.525600016117096
YNR032C-A,YDR079W,0,-3.00474,0.12529118359088898,0.753000020980835,0.5256999731063843
YCR063W,YPL045W,0,-3.0051908,0.12527033686637878,0.753000020980835,0.5257999897003174
YGR161C,YML075C,0,-3.0054486,0.12524950504302979,0.753000020980835,0.5259000062942505
YBL011W,YPL057C,0,-3.005661,0.1252286732196808,0.753000020980835,0.5260000228881836
YLR172C,YBR017C,0,-3.005723,0.1252078413963318,0.753000020980835,0.5260999798774719
YDR292C,YML001W,0,-3.0059218,0.12518703937530518,0.753000020980835,0.526199996471405
YJL219W,YNL163C,0,-3.0059977,0.12516622245311737,0.753000020980835,0.5263000130653381
YLL006W,YIL140W,0,-3.006314,0.12514542043209076,0.753000020980835,0.5264000296592712
YJL179W,YML104C,0,-3.0063548,0.12512463331222534,0.753000020980835,0.5264999866485596
YER026C,YOR116C,0,-3.00638,0.12510383129119873,0.753000020980835,0.5266000032424927
YFL005W,YKL125W,0,-3.0064044,0.1250830590724945,0.753000020980835,0.5267000198364258
YGR005C,YIL062C,0,-3.0065117,0.12506228685379028,0.753000020980835,0.5267999768257141
YJR132W,YOR067C,0,-3.0066485,0.12504151463508606,0.753000020980835,0.5268999934196472
YHR058C,YLR088W,0,-3.0067964,0.12502075731754303,0.753000020980835,0.5270000100135803
YDR395W,YBL088C,0,-3.007093,0.125,0.753000020980835,0.5271000266075134
YDR272W,YKL200C,0,-3.0071144,0.12497925013303757,0.753000020980835,0.5271999835968018
YCL067C,YDR470C,0,-3.0071397,0.12495851516723633,0.753000020980835,0.5273000001907349
YHL022C,YML104C,0,-3.0072162,0.12493778020143509,0.753000020980835,0.527400016784668
YPL041C,YPL002C,0,-3.0072393,0.12491705268621445,0.753000020980835,0.5274999737739563
YNL071W,YNL163C,0,-3.0075965,0.1248963326215744,0.753000020980835,0.5275999903678894
YKL084W,YBR080C,0,-3.0079007,0.12487562000751495,0.753000020980835,0.5277000069618225
YOL109W,YER083C,0,-3.008049,0.1248549148440361,0.753000020980835,0.5278000235557556
YDR436W,YJR112W,0,-3.0084834,0.12483421713113785,0.753000020980835,0.527899980545044
YLL016W,YIR008C,0,-3.008574,0.12481352686882019,0.753000020980835,0.527999997138977
YJR132W,YGR193C,0,-3.0086665,0.12479284405708313,0.753000020980835,0.5281000137329102
YAR014C,YML001W,0,-3.00876,0.12477216124534607,0.753000020980835,0.5281999707221985
YPL083C,YGR037C,0,-3.008797,0.1247514933347702,0.753000020980835,0.5282999873161316
YDR492W,YER040W,0,-3.0089,0.12473082542419434,0.753000020980835,0.5284000039100647
YJL186W,YER040W,0,-3.0089307,0.12471017241477966,0.753000020980835,0.5285000205039978
YHL027W,YDR463W,0,-3.0090723,0.12468951940536499,0.753000020980835,0.5285999774932861
YLR210W,YJR112W,0,-3.0097635,0.12466887384653091,0.753000020980835,0.5286999940872192
YHR069C,YKL188C,0,-3.0097642,0.12464823573827744,0.753000020980835,0.5288000106811523
YPL094C,YBR265W,0,-3.009953,0.12462760508060455,0.753000020980835,0.5289000272750854
YKR037C,YHR176W,0,-3.0100403,0.12460698187351227,0.753000020980835,0.5289999842643738
YPL175W,YLR276C,0,-3.0101347,0.12458636611700058,0.753000020980835,0.5291000008583069
YNL106C,YAL023C,0,-3.0103178,0.12456575781106949,0.753000020980835,0.52920001745224
YJL114W,YER104W,0,-3.010381,0.124545156955719,0.753000020980835,0.5292999744415283
YOL011W,YPL164C,0,-3.010421,0.1245245561003685,0.753000020980835,0.5293999910354614
YDL015C,YBL064C,0,-3.0108612,0.1245039701461792,0.753000020980835,0.5295000076293945
YHL027W,YDL015C,0,-3.010986,0.1244833841919899,0.753000020980835,0.5296000242233276
YER145C,YPL267W,0,-3.011002,0.12446281313896179,0.753000020980835,0.529699981212616
YJL106W,YNL233W,0,-3.0112247,0.12444224208593369,0.753000020980835,0.5297999978065491
YMR168C,YGR101W,0,-3.0112412,0.12442167848348618,0.753000020980835,0.5299000144004822
YPL249C,YDL092W,0,-3.0112844,0.12440112233161926,0.753000020980835,0.5299999713897705
YBR243C,YKL013C,0,-3.0115304,0.12438057363033295,0.753000020980835,0.5300999879837036
YPR010C,YLR430W,0,-3.011536,0.12436003237962723,0.753000020980835,0.5302000045776367
YJR121W,YPL053C,0,-3.0115538,0.1243394985795021,0.753000020980835,0.5303000211715698
YHR133C,YDL015C,0,-3.0116832,0.12431897222995758,0.753000020980835,0.5303999781608582
YMR302C,YGL206C,0,-3.0117612,0.12429844588041306,0.753000020980835,0.5304999947547913
YKR025W,YLR354C,0,-3.0117707,0.12427793443202972,0.753000020980835,0.5306000113487244
YDR140W,YOR288C,0,-3.0123339,0.12425742298364639,0.753000020980835,0.5307000279426575
YDR484W,YJL201W,0,-3.012394,0.12423692643642426,0.753000020980835,0.5307999849319458
YER061C,YIL115C,0,-3.0124974,0.12421642988920212,0.753000020980835,0.5309000015258789
YKR039W,YPL036W,0,-3.0128546,0.12419594079256058,0.753000020980835,0.531000018119812
YLR396C,YMR133W,0,-3.0129094,0.12417545914649963,0.753000020980835,0.5310999751091003
YOR259C,YFR009W,0,-3.0129714,0.12415498495101929,0.753000020980835,0.5311999917030334
YFL060C,YDL113C,0,-3.0130026,0.12413451820611954,0.753000020980835,0.5313000082969666
YER049W,YLR190W,0,-3.0133214,0.12411405891180038,0.753000020980835,0.5314000248908997
YLL006W,YER026C,0,-3.0133286,0.12409360706806183,0.753000020980835,0.531499981880188
YJL127C,YKR042W,1,-3.0133548,0.12423793226480484,0.7540000081062317,0.531499981880188
YHR164C,YGL168W,0,-3.0136502,0.12421746551990509,0.7540000081062317,0.5315999984741211
YNL313C,YLR088W,0,-3.0136876,0.12419699877500534,0.7540000081062317,0.5317000150680542
YBL011W,YNR043W,0,-3.0136952,0.12417654693126678,0.7540000081062317,0.5317999720573425
YOR115C,YCR047C,0,-3.013861,0.12415610253810883,0.7540000081062317,0.5318999886512756
YJL173C,YPR088C,0,-3.0141892,0.12413565814495087,0.7540000081062317,0.5320000052452087
YLL027W,YLR426W,0,-3.0142493,0.1241152286529541,0.7540000081062317,0.5321000218391418
YDL247W,YBL090W,0,-3.0142665,0.12409479916095734,0.7540000081062317,0.5321999788284302
YOR353C,YMR241W,0,-3.0143406,0.12407437711954117,0.7540000081062317,0.5322999954223633
YNL169C,YOR150W,0,-3.0149717,0.1240539625287056,0.7540000081062317,0.5324000120162964
YNR030W,YIR011C,0,-3.0150142,0.12403355538845062,0.7540000081062317,0.5325000286102295
YDR252W,YOR372C,0,-3.0150208,0.12401315569877625,0.7540000081062317,0.5325999855995178
YPR143W,YER105C,0,-3.015092,0.12399276345968246,0.7540000081062317,0.5327000021934509
YPL015C,YPR179C,1,-3.0152907,0.1241367980837822,0.7549999952316284,0.5327000021934509
YER030W,YDR224C,1,-3.0158098,0.12428078055381775,0.7559999823570251,0.5327000021934509
YBL011W,YPL179W,0,-3.0158548,0.12426035851240158,0.7559999823570251,0.532800018787384
YKL049C,YBR055C,0,-3.0160537,0.12423993647098541,0.7559999823570251,0.5328999757766724
YAR003W,YLR418C,1,-3.016206,0.1243838295340538,0.7570000290870667,0.5328999757766724
YLR210W,YMR267W,0,-3.016635,0.12436340004205704,0.7570000290870667,0.5329999923706055
YJL030W,YDR039C,0,-3.0167582,0.12434297055006027,0.7570000290870667,0.5331000089645386
YBR247C,YOR028C,0,-3.0167775,0.1243225485086441,0.7570000290870667,0.5332000255584717
YPL214C,YFL038C,0,-3.0170033,0.12430213391780853,0.7570000290870667,0.53329998254776
YOR381W,YER100W,0,-3.0172424,0.12428172677755356,0.7570000290870667,0.5333999991416931
YBR135W,YLR115W,0,-3.0175233,0.12426132708787918,0.7570000290870667,0.5335000157356262
YOL077C,YDR115W,0,-3.0175357,0.1242409348487854,0.7570000290870667,0.5335999727249146
YDR120C,YML104C,0,-3.0175486,0.12422054260969162,0.7570000290870667,0.5336999893188477
YGR288W,YBR070C,0,-3.0175962,0.12420016527175903,0.7570000290870667,0.5338000059127808
YMR129W,YMR267W,0,-3.0179553,0.12417978793382645,0.7570000290870667,0.5339000225067139
YML019W,YOR116C,0,-3.017969,0.12415942549705505,0.7570000290870667,0.5339999794960022
YOR033C,YPR167C,0,-3.0181572,0.12413906306028366,0.7570000290870667,0.5340999960899353
YPL065W,YGR004W,0,-3.0182447,0.12411870807409286,0.7570000290870667,0.5342000126838684
YLR385C,YNL261W,1,-3.0182595,0.12426229566335678,0.7580000162124634,0.5342000126838684
YOR068C,YJR052W,0,-3.0183382,0.12424192577600479,0.7580000162124634,0.5343000292778015
YAR015W,YPL019C,0,-3.0184114,0.1242215633392334,0.7580000162124634,0.5343999862670898
YHL028W,YDR323C,0,-3.0186148,0.1242012158036232,0.7580000162124634,0.534500002861023
YOR359W,YOR043W,0,-3.0188441,0.124180868268013,0.7580000162124634,0.534600019454956
YGR165W,YBL030C,0,-3.0188625,0.1241605207324028,0.7580000162124634,0.5346999764442444
YCL011C,YER040W,0,-3.018868,0.1241401880979538,0.7580000162124634,0.5347999930381775
YBR043C,YDL095W,0,-3.0189347,0.12411986291408539,0.7580000162124634,0.5349000096321106
YBL090W,YKR026C,0,-3.0189598,0.12409954518079758,0.7580000162124634,0.5350000262260437
YMR273C,YMR127C,1,-3.0189657,0.12424291670322418,0.7590000033378601,0.5350000262260437
YDR492W,YEL069C,0,-3.0189989,0.12422258406877518,0.7590000033378601,0.535099983215332
YPR167C,YAL055W,0,-3.0190487,0.12420225888490677,0.7590000033378601,0.5351999998092651
YNL066W,YER100W,0,-3.0192132,0.12418193370103836,0.7590000033378601,0.5353000164031982
YML130C,YPR189W,0,-3.0193815,0.12416162341833115,0.7590000033378601,0.5353999733924866
YDL113C,YBR288C,0,-3.019411,0.12414131313562393,0.7590000033378601,0.5354999899864197
YKL119C,YHR143W,0,-3.0195673,0.12412101030349731,0.7590000033378601,0.5356000065803528
YDR071C,YLL004W,1,-3.019971,0.12426422536373138,0.7599999904632568,0.5356000065803528
YER105C,YER009W,0,-3.0201924,0.12424390763044357,0.7599999904632568,0.5357000231742859
YDR395W,YDL165W,0,-3.0202107,0.12422360479831696,0.7599999904632568,0.5357999801635742
YFL058W,YDR507C,0,-3.0209718,0.12420330196619034,0.7599999904632568,0.5358999967575073
YFR037C,YDR224C,1,-3.0210152,0.12434640526771545,0.7609999775886536,0.5358999967575073
YDR069C,YKR087C,0,-3.0211177,0.12432608753442764,0.7609999775886536,0.5360000133514404
YGR120C,YPL187W,0,-3.0213814,0.12430578470230103,0.7609999775886536,0.5360999703407288
YAL023C,YDR323C,0,-3.021505,0.12428548187017441,0.7609999775886536,0.5361999869346619
YIL125W,YPL028W,0,-3.0215607,0.12426518648862839,0.7609999775886536,0.536300003528595
YCR020C,YMR125W,0,-3.021612,0.12424489855766296,0.7609999775886536,0.5364000201225281
YLR200W,YNR060W,0,-3.0217614,0.12422461807727814,0.7609999775886536,0.5364999771118164
YMR322C,YKL145W,0,-3.0217915,0.12420434504747391,0.7609999775886536,0.5365999937057495
YDL007W,YHR176W,0,-3.021842,0.12418407201766968,0.7609999775886536,0.5367000102996826
YMR163C,YHL020C,0,-3.022191,0.12416381388902664,0.7609999775886536,0.5368000268936157
YJR060W,YKR042W,1,-3.0222602,0.12430668622255325,0.7620000243186951,0.5368000268936157
YDR449C,YCL029C,0,-3.0223713,0.12428641319274902,0.7620000243186951,0.536899983882904
YJL201W,YCR020C-A,0,-3.022472,0.12426614761352539,0.7620000243186951,0.5370000004768372
YGR231C,YOR253W,0,-3.0225587,0.12424588203430176,0.7620000243186951,0.5371000170707703
YOR143C,YPL213W,0,-3.0226207,0.12422563135623932,0.7620000243186951,0.5371999740600586
YDR484W,YMR212C,0,-3.0226612,0.12420538067817688,0.7620000243186951,0.5372999906539917
YIL085C,YLR047C,0,-3.0226645,0.12418513745069504,0.7620000243186951,0.5374000072479248
YLR039C,YOR126C,0,-3.0226812,0.12416490167379379,0.7620000243186951,0.5375000238418579
YMR292W,YNL233W,0,-3.0227773,0.12414467334747314,0.7620000243186951,0.5375999808311462
YER026C,YOR067C,0,-3.023079,0.1241244524717331,0.7620000243186951,0.5376999974250793
YHL007C,YOR151C,0,-3.0232687,0.12410423159599304,0.7620000243186951,0.5378000140190125
YLR150W,YBR244W,0,-3.0234003,0.12408402562141418,0.7620000243186951,0.5378999710083008
YIL143C,YBR216C,0,-3.0234313,0.12406381964683533,0.7620000243186951,0.5379999876022339
YPR193C,YPL015C,1,-3.0237274,0.12420641630887985,0.7630000114440918,0.5379999876022339
YHL007C,YER029C,0,-3.0238638,0.1241861954331398,0.7630000114440918,0.538100004196167
YHL012W,YLR013W,0,-3.0240827,0.12416598945856094,0.7630000114440918,0.5382000207901001
YBL090W,YML007W,0,-3.0242257,0.12414578348398209,0.7630000114440918,0.5382999777793884
YLR150W,YIL085C,0,-3.0242376,0.12412559241056442,0.7630000114440918,0.5383999943733215
YGL254W,YCL052C,0,-3.0242732,0.12410540133714676,0.7630000114440918,0.5385000109672546
YFR050C,YLR075W,0,-3.0244136,0.12408521771430969,0.7630000114440918,0.5386000275611877
YOR143C,YCR026C,0,-3.0244982,0.12406504154205322,0.7630000114440918,0.5386999845504761
YJR053W,YGR178C,0,-3.0245075,0.12404487282037735,0.7630000114440918,0.5388000011444092
YLR200W,YOL065C,0,-3.0246663,0.12402470409870148,0.7630000114440918,0.5389000177383423
YDR043C,YBL004W,0,-3.024724,0.1240045502781868,0.7630000114440918,0.5389999747276306
YBL051C,YER104W,0,-3.0247498,0.12398440390825272,0.7630000114440918,0.5390999913215637
YJR035W,YKR061W,0,-3.0248373,0.12396425753831863,0.7630000114440918,0.5392000079154968
YCR063W,YJL012C,0,-3.0248926,0.12394411861896515,0.7630000114440918,0.5393000245094299
YBR247C,YHR098C,0,-3.0249147,0.12392398715019226,0.7630000114440918,0.5393999814987183
YLR092W,YBR118W,0,-3.02525,0.12390386313199997,0.7630000114440918,0.5394999980926514
YOL033W,YDL209C,0,-3.0255833,0.12388374656438828,0.7630000114440918,0.5396000146865845
YHR143W,YKL052C,0,-3.0256324,0.12386363744735718,0.7630000114440918,0.5396999716758728
YDR523C,YGL183C,0,-3.0256763,0.12384352833032608,0.7630000114440918,0.5397999882698059
YGR231C,YGR221C,0,-3.026175,0.12382343411445618,0.7630000114440918,0.539900004863739
YER056C,YOR187W,0,-3.0262506,0.12380333989858627,0.7630000114440918,0.5400000214576721
YMR322C,YDL165W,0,-3.026311,0.12378326058387756,0.7630000114440918,0.5400999784469604
YLL035W,YKL089W,0,-3.0263648,0.12376318126916885,0.7630000114440918,0.5401999950408936
YPL120W,YPL019C,0,-3.0265377,0.12374310940504074,0.7630000114440918,0.5403000116348267
YJR053W,YOR081C,0,-3.0266232,0.12372304499149323,0.7630000114440918,0.5404000282287598
YBR035C,YDL056W,0,-3.026991,0.12370298057794571,0.7630000114440918,0.5404999852180481
YML042W,YPL002C,0,-3.0270448,0.12368293106555939,0.7630000114440918,0.5406000018119812
YIL085C,YNL066W,0,-3.0270472,0.12366288155317307,0.7630000114440918,0.5407000184059143
YMR192W,YJL140W,0,-3.0271978,0.12364284694194794,0.7630000114440918,0.5407999753952026
YPR031W,YJR060W,1,-3.0272157,0.12378483265638351,0.7639999985694885,0.5407999753952026
YBR188C,YDL209C,0,-3.0273447,0.12376478314399719,0.7639999985694885,0.5408999919891357
YER173W,YGR204W,0,-3.0276484,0.12374473363161087,0.7639999985694885,0.5410000085830688
YFL049W,YIL150C,1,-3.0279813,0.12388663738965988,0.7649999856948853,0.5410000085830688
YBL082C,YDR183W,0,-3.0280488,0.12386658042669296,0.7649999856948853,0.541100025177002
YGR289C,YHR098C,0,-3.0281477,0.12384653091430664,0.7649999856948853,0.5411999821662903
YLR039C,YBR216C,0,-3.0283704,0.12382648140192032,0.7649999856948853,0.5412999987602234
YPR108W,YOR145C,0,-3.0285811,0.1238064393401146,0.7649999856948853,0.5414000153541565
YKL206C,YJR021C,0,-3.028801,0.12378640472888947,0.7649999856948853,0.5414999723434448
YKR067W,YKL145W,0,-3.0289626,0.12376637756824493,0.7649999856948853,0.5415999889373779
YMR239C,YPL232W,0,-3.0289736,0.123746357858181,0.7649999856948853,0.541700005531311
YER122C,YEL013W,0,-3.0291486,0.12372634559869766,0.7649999856948853,0.5418000221252441
YML016C,YLR224W,0,-3.0293655,0.12370634078979492,0.7649999856948853,0.5418999791145325
YKL113C,YCR035C,0,-3.0294414,0.12368633598089218,0.7649999856948853,0.5419999957084656
YML075C,YNL297C,0,-3.0294633,0.12366634607315063,0.7649999856948853,0.5421000123023987
YMR050C,YPL036W,0,-3.0297413,0.12364635616540909,0.7649999856948853,0.5422000288963318
YIR008C,YBR034C,0,-3.0297465,0.12362637370824814,0.7649999856948853,0.5422999858856201
YJL029C,YOR187W,0,-3.0299592,0.12360639870166779,0.7649999856948853,0.5424000024795532
YDR194C,YER122C,0,-3.0299757,0.12358643114566803,0.7649999856948853,0.5425000190734863
YOR020C,YER017C,0,-3.0301583,0.12356647104024887,0.7649999856948853,0.5425999760627747
YCL044C,YDL118W,0,-3.0302017,0.12354651093482971,0.7649999856948853,0.5426999926567078
YFR047C,YER009W,0,-3.0302098,0.12352656573057175,0.7649999856948853,0.5428000092506409
YJL019W,YDL108W,0,-3.0305529,0.12350662052631378,0.7649999856948853,0.542900025844574
YER027C,YPR093C,0,-3.0308824,0.12348668277263641,0.7649999856948853,0.5429999828338623
YDR212W,YDR364C,0,-3.030929,0.12346675246953964,0.7649999856948853,0.5430999994277954
YPR102C,YOR047C,0,-3.0310345,0.12344682961702347,0.7649999856948853,0.5432000160217285
YLL001W,YGR257C,0,-3.031104,0.12342691421508789,0.7649999856948853,0.5432999730110168
YKR034W,YDR054C,0,-3.031114,0.12340699881315231,0.7649999856948853,0.54339998960495
YPR108W,YHL020C,0,-3.0312753,0.12338709831237793,0.7649999856948853,0.5435000061988831
YMR186W,YJL110C,0,-3.031647,0.12336719781160355,0.7649999856948853,0.5436000227928162
YDR395W,YJL179W,0,-3.0318556,0.12334730476140976,0.7649999856948853,0.5436999797821045
YER061C,YDL108W,0,-3.032151,0.12332741916179657,0.7649999856948853,0.5437999963760376
YBR017C,YJR121W,0,-3.0323608,0.12330754101276398,0.7649999856948853,0.5439000129699707
YHR190W,YGL038C,0,-3.0324228,0.12328767031431198,0.7649999856948853,0.5440000295639038
YOR081C,YMR213W,0,-3.0325942,0.12326780706644058,0.7649999856948853,0.5440999865531921
YDR121W,YMR080C,1,-3.0327628,0.12340905517339706,0.765999972820282,0.5440999865531921
YER122C,YEL042W,0,-3.0328052,0.12338917702436447,0.765999972820282,0.5442000031471252
YDR080W,YLR080W,0,-3.032835,0.12336930632591248,0.765999972820282,0.5443000197410583
YMR045C,YNR057C,0,-3.0330598,0.12334943562746048,0.765999972820282,0.5443999767303467
YHR164C,YBR043C,0,-3.0331135,0.12332957983016968,0.765999972820282,0.5444999933242798
YNL071W,YCR005C,0,-3.03346,0.12330972403287888,0.765999972820282,0.5446000099182129
YGR165W,YER145C,0,-3.033486,0.12328987568616867,0.765999972820282,0.544700026512146
YGR020C,YNL244C,0,-3.033581,0.12327003479003906,0.765999972820282,0.5447999835014343
YLR229C,YGL028C,0,-3.0336592,0.12325020134449005,0.765999972820282,0.5449000000953674
YLR200W,YMR025W,0,-3.033889,0.12323037534952164,0.765999972820282,0.5450000166893005
YNL071W,YLR130C,0,-3.0341406,0.12321054935455322,0.765999972820282,0.5450999736785889
YGL251C,YMR093W,0,-3.0341647,0.123190738260746,0.765999972820282,0.545199990272522
YNL051W,YEL053C,0,-3.0345588,0.12317092716693878,0.765999972820282,0.5453000068664551
YJR055W,YLR165C,0,-3.0346613,0.12315112352371216,0.765999972820282,0.5454000234603882
YML121W,YGL028C,0,-3.0351868,0.12313132733106613,0.765999972820282,0.5454999804496765
YPL116W,YHR056C,1,-3.0353608,0.12327226251363754,0.7670000195503235,0.5454999804496765
YLR210W,YDR099W,0,-3.035724,0.12325245141983032,0.7670000195503235,0.5455999970436096
YFL060C,YER157W,0,-3.0358121,0.1232326477766037,0.7670000195503235,0.5457000136375427
YGR172C,YLR196W,0,-3.0362747,0.12321285158395767,0.7670000195503235,0.545799970626831
YHR143W,YKL113C,0,-3.0365913,0.12319306284189224,0.7670000195503235,0.5458999872207642
YER143W,YLR363C,0,-3.0367305,0.12317327409982681,0.7670000195503235,0.5460000038146973
YPL276W,YNL093W,0,-3.0368552,0.12315350025892258,0.7670000195503235,0.5461000204086304
YPL243W,YDL174C,0,-3.03719,0.12313372641801834,0.7670000195503235,0.5461999773979187
YDR323C,YLR047C,0,-3.0371926,0.1231139674782753,0.7670000195503235,0.5462999939918518
YKL188C,YKR085C,0,-3.0374167,0.12309420853853226,0.7670000195503235,0.5464000105857849
YML041C,YFR037C,1,-3.0376759,0.12323492020368576,0.7680000066757202,0.5464000105857849
YML041C,YPL015C,1,-3.0377383,0.12337557971477509,0.7689999938011169,0.5464000105857849
YIL110W,YHR178W,0,-3.0378568,0.12335579097270966,0.7689999938011169,0.546500027179718
YPR056W,YDR023W,0,-3.0384154,0.12333600968122482,0.7689999938011169,0.5465999841690063
YEL013W,YDR023W,0,-3.038551,0.12331622838973999,0.7689999938011169,0.5467000007629395
YGL017W,YLR163C,0,-3.0386052,0.12329645454883575,0.7689999938011169,0.5468000173568726
YLR039C,YDR198C,0,-3.0387633,0.12327668815851212,0.7689999938011169,0.5468999743461609
YDR483W,YGL225W,0,-3.038768,0.12325692921876907,0.7689999938011169,0.546999990940094
YIL126W,YJL127C,1,-3.0388875,0.12339743226766586,0.7699999809265137,0.546999990940094
YHL012W,YOR143C,0,-3.039001,0.12337766587734222,0.7699999809265137,0.5471000075340271
YLR449W,YNL246W,1,-3.0395293,0.12351810187101364,0.7710000276565552,0.5471000075340271
YBR017C,YLR129W,0,-3.0396376,0.12349832057952881,0.7710000276565552,0.5472000241279602
YER100W,YPL089C,0,-3.0396626,0.12347853928804398,0.7710000276565552,0.5472999811172485
YDL209C,YLR130C,0,-3.039719,0.12345876544713974,0.7710000276565552,0.5473999977111816
YOR381W,YJR052W,0,-3.039895,0.1234389990568161,0.7710000276565552,0.5475000143051147
YDR156W,YKR087C,0,-3.0402098,0.12341924011707306,0.7710000276565552,0.5475999712944031
YLR466W,YER105C,0,-3.0404043,0.12339948862791061,0.7710000276565552,0.5476999878883362
YDR088C,YBR243C,0,-3.0404792,0.12337973713874817,0.7710000276565552,0.5478000044822693
YPR010C,YOR368W,0,-3.0405147,0.12336000055074692,0.7710000276565552,0.5479000210762024
YPL249C,YLR275W,0,-3.0406013,0.12334026396274567,0.7710000276565552,0.5479999780654907
YNL287W,YHR123W,0,-3.040631,0.12332053482532501,0.7710000276565552,0.5480999946594238
YOR020C,YGL153W,0,-3.0407443,0.12330081313848495,0.7710000276565552,0.5482000112533569
YIR011C,YPL028W,0,-3.0408247,0.1232810989022255,0.7710000276565552,0.54830002784729
YKR050W,YMR207C,0,-3.0408392,0.12326139211654663,0.7710000276565552,0.5483999848365784
YFL005W,YFR050C,0,-3.040856,0.12324168533086777,0.7710000276565552,0.5485000014305115
YPL243W,YJL041W,0,-3.040965,0.1232219934463501,0.7710000276565552,0.5486000180244446
YKL119C,YGR112W,0,-3.0412624,0.12320230156183243,0.7710000276565552,0.5486999750137329
YBL090W,YIL007C,0,-3.0417209,0.12318261712789536,0.7710000276565552,0.548799991607666
YLR330W,YHL007C,0,-3.0418115,0.12316294014453888,0.7710000276565552,0.5489000082015991
YLR013W,YML058W,0,-3.041926,0.123143270611763,0.7710000276565552,0.5490000247955322
YDR080W,YDL159W,0,-3.0420885,0.12312360107898712,0.7710000276565552,0.5490999817848206
YGL158W,YOR112W,0,-3.042583,0.12310394644737244,0.7710000276565552,0.5491999983787537
YLR229C,YPR051W,0,-3.0428634,0.12308429181575775,0.7710000276565552,0.5493000149726868
YLR035C,YBR298C,0,-3.0428872,0.12306464463472366,0.7710000276565552,0.5493999719619751
YGR221C,YJL073W,0,-3.0430152,0.12304500490427017,0.7710000276565552,0.5494999885559082
YGL104C,YLR426W,0,-3.0430202,0.12302537262439728,0.7710000276565552,0.5496000051498413
YML011C,YPR167C,0,-3.0433173,0.12300574034452438,0.7710000276565552,0.5497000217437744
YGR286C,YDR463W,0,-3.043354,0.12298612296581268,0.7710000276565552,0.5497999787330627
YGL096W,YLR148W,0,-3.043737,0.12296650558710098,0.7710000276565552,0.5498999953269958
YGR252W,YDR334W,1,-3.0437376,0.12310636043548584,0.7720000147819519,0.5498999953269958
YFL060C,YHR164C,0,-3.0437794,0.12308673560619354,0.7720000147819519,0.550000011920929
YPR139C,YLL016W,0,-3.0439596,0.12306711077690125,0.7720000147819519,0.5501000285148621
YGR103W,YLR163C,0,-3.0442834,0.12304750084877014,0.7720000147819519,0.5501999855041504
YNL106C,YDL015C,0,-3.0443234,0.12302789092063904,0.7720000147819519,0.5503000020980835
YPR168W,YKL213C,0,-3.0449936,0.12300828844308853,0.7720000147819519,0.5504000186920166
YNL177C,YLR324W,0,-3.0450282,0.12298868596553802,0.7720000147819519,0.5504999756813049
YML041C,YJR060W,1,-3.0454276,0.12312838435173035,0.7730000019073486,0.5504999756813049
YLL008W,YLL031C,0,-3.0457196,0.12310877442359924,0.7730000019073486,0.550599992275238
YDL007W,YML118W,0,-3.04597,0.12308917194604874,0.7730000019073486,0.5507000088691711
YER052C,YBR118W,0,-3.046073,0.12306957691907883,0.7730000019073486,0.5508000254631042
YNL002C,YGR072W,0,-3.046115,0.12304998189210892,0.7730000019073486,0.5508999824523926
YOR231W,YHR075C,0,-3.0464292,0.1230304017663002,0.7730000019073486,0.5509999990463257
YOR327C,YBL030C,0,-3.046723,0.12301082164049149,0.7730000019073486,0.5511000156402588
YBL085W,YJL071W,0,-3.0469687,0.12299124896526337,0.7730000019073486,0.5511999726295471
YJL013C,YBR080C,0,-3.047181,0.12297168374061584,0.7730000019073486,0.5512999892234802
YMR117C,YKL200C,0,-3.0473154,0.12295212596654892,0.7730000019073486,0.5514000058174133
YHR111W,YFR050C,0,-3.0475101,0.122932568192482,0.7730000019073486,0.5515000224113464
YCR092C,YKR061W,0,-3.0476334,0.12291302531957626,0.7730000019073486,0.5515999794006348
YLR055C,YBR173C,0,-3.047719,0.12289348244667053,0.7730000019073486,0.5516999959945679
YKL125W,YJL201W,0,-3.0479782,0.1228739470243454,0.7730000019073486,0.551800012588501
YMR302C,YJR055W,0,-3.047988,0.12285441905260086,0.7730000019073486,0.5519000291824341
YBL007C,YMR081C,0,-3.048123,0.12283489853143692,0.7730000019073486,0.5519999861717224
YOR327C,YDR115W,0,-3.048131,0.12281537801027298,0.7730000019073486,0.5521000027656555
YDR465C,YNL133C,0,-3.0482063,0.12279587239027023,0.7730000019073486,0.5522000193595886
YDR436W,YLR165C,0,-3.0485497,0.12277636677026749,0.7730000019073486,0.552299976348877
YML057W,YDR507C,0,-3.0485978,0.12275686860084534,0.7730000019073486,0.5523999929428101
YML094W,YHR129C,0,-3.0488696,0.12273737788200378,0.7730000019073486,0.5525000095367432
YDR465C,YDR039C,0,-3.0490232,0.12271789461374283,0.7730000019073486,0.5526000261306763
YPR031W,YDR071C,1,-3.0491173,0.12285714596509933,0.7739999890327454,0.5526000261306763
YDR212W,YKL130C,0,-3.0491908,0.12283764779567719,0.7739999890327454,0.5526999831199646
YPL196W,YOR020C,0,-3.0493472,0.12281814962625504,0.7739999890327454,0.5527999997138977
YDL046W,YHL022C,0,-3.0494242,0.12279866635799408,0.7739999890327454,0.5529000163078308
YGL240W,YAL059W,0,-3.0494397,0.12277919054031372,0.7739999890327454,0.5529999732971191
YOR126C,YPL176C,0,-3.0495262,0.12275971472263336,0.7739999890327454,0.5530999898910522
YML075C,YAR014C,0,-3.0495887,0.1227402463555336,0.7739999890327454,0.5532000064849854
YPL204W,YER105C,0,-3.0496335,0.12272078543901443,0.7739999890327454,0.5533000230789185
YHR178W,YBR080C,0,-3.049639,0.12270133197307587,0.7739999890327454,0.5533999800682068
YJL114W,YLL038C,0,-3.0497427,0.1226818859577179,0.7739999890327454,0.5534999966621399
YEL012W,YNL102W,0,-3.0497699,0.12266243994235992,0.7739999890327454,0.553600013256073
YFR050C,YMR172W,0,-3.0500948,0.12264300137758255,0.7739999890327454,0.5536999702453613
YOR156C,YPL276W,0,-3.0501559,0.12262357771396637,0.7739999890327454,0.5537999868392944
YML067C,YBR070C,0,-3.0503125,0.12260414659976959,0.7739999890327454,0.5539000034332275
YDR494W,YLR398C,0,-3.050331,0.12258473038673401,0.7739999890327454,0.5540000200271606
YNL246W,YDR110W,1,-3.0504415,0.12272367626428604,0.7749999761581421,0.5540000200271606
YOR207C,YBR055C,0,-3.050963,0.12270424515008926,0.7749999761581421,0.554099977016449
YGL133W,YAL011W,1,-3.051131,0.12284312397241592,0.7760000228881836,0.554099977016449
YNR030W,YDR472W,0,-3.0516453,0.12282367795705795,0.7760000228881836,0.5541999936103821
YBR135W,YDL092W,0,-3.051764,0.12280423939228058,0.7760000228881836,0.5543000102043152
YLR200W,YNR057C,0,-3.0518188,0.1227848082780838,0.7760000228881836,0.5544000267982483
YEL042W,YBR298C,0,-3.0518925,0.12276538461446762,0.7760000228881836,0.5544999837875366
YDL178W,YFR009W,0,-3.0521178,0.12274596840143204,0.7760000228881836,0.5546000003814697
YJR035W,YLR080W,0,-3.052297,0.12272655218839645,0.7760000228881836,0.5547000169754028
YNR058W,YML016C,0,-3.0524998,0.12270715087652206,0.7760000228881836,0.5547999739646912
YPR024W,YDL108W,0,-3.0525656,0.12268774956464767,0.7760000228881836,0.5548999905586243
YML036W,YOR067C,0,-3.0525877,0.12266835570335388,0.7760000228881836,0.5550000071525574
YGR020C,YCR018C,0,-3.0526059,0.12264896184206009,0.7760000228881836,0.5551000237464905
YMR200W,YCL052C,0,-3.0533917,0.12262958288192749,0.7760000228881836,0.5551999807357788
YBL046W,YLR132C,0,-3.053436,0.12261020392179489,0.7760000228881836,0.5552999973297119
YDR292C,YMR023C,0,-3.0537648,0.12259083986282349,0.7760000228881836,0.555400013923645
YGR195W,YER154W,0,-3.0540607,0.12257147580385208,0.7760000228881836,0.5554999709129333
YOR279C,YDR224C,1,-3.0542166,0.12271004170179367,0.7770000100135803,0.5554999709129333
YMR075W,YKR042W,1,-3.0542848,0.12284857034683228,0.777999997138977,0.5554999709129333
YDL118W,YGR171C,0,-3.054434,0.12282917648553848,0.777999997138977,0.5555999875068665
YCL034W,YOR150W,0,-3.0545335,0.12280979007482529,0.777999997138977,0.5557000041007996
YJL173C,YLR092W,0,-3.0545597,0.12279040366411209,0.777999997138977,0.5558000206947327
YDR004W,YGR109W-B,0,-3.0548441,0.12277102470397949,0.777999997138977,0.555899977684021
YLR075W,YDL051W,0,-3.0549512,0.12275165319442749,0.777999997138977,0.5559999942779541
YJL039C,YDR449C,0,-3.0549672,0.12273228913545609,0.777999997138977,0.5561000108718872
YPL164C,YPR167C,0,-3.0550792,0.12271293252706528,0.777999997138977,0.5562000274658203
YDR465C,YBR156C,0,-3.0551276,0.12269358336925507,0.777999997138977,0.5562999844551086
YJL012C,YLR305C,0,-3.0555158,0.12267423421144485,0.777999997138977,0.5564000010490417
YHR164C,YNR007C,0,-3.0556765,0.12265489250421524,0.777999997138977,0.5565000176429749
YML112W,YER166W,0,-3.0557141,0.12263555824756622,0.777999997138977,0.5565999746322632
YJR156C,YLR130C,0,-3.05583,0.1226162314414978,0.777999997138977,0.5566999912261963
YJL013C,YBR243C,0,-3.055871,0.12259691208600998,0.777999997138977,0.5568000078201294
YGL233W,YLR013W,0,-3.0560362,0.12257759273052216,0.777999997138977,0.5569000244140625
YGR288W,YOR126C,0,-3.0561807,0.12255828827619553,0.777999997138977,0.5569999814033508
YAR044W,YLR196W,0,-3.0567608,0.1225389838218689,0.777999997138977,0.5570999979972839
YOR208W,YJR143C,0,-3.056962,0.12251968681812286,0.777999997138977,0.557200014591217
YBL071W-A,YLR136C,0,-3.0569751,0.12250039726495743,0.777999997138977,0.5572999715805054
YDR025W,YNL314W,0,-3.0571365,0.12248110771179199,0.777999997138977,0.5573999881744385
YLR189C,YDR272W,0,-3.0574377,0.12246182560920715,0.777999997138977,0.5575000047683716
YDR465C,YKR087C,0,-3.0575056,0.12244255840778351,0.777999997138977,0.5576000213623047
YDR140W,YKL026C,0,-3.057691,0.12242329120635986,0.777999997138977,0.557699978351593
YOL109W,YJR153W,0,-3.0576997,0.12240402400493622,0.777999997138977,0.5577999949455261
YAR003W,YPL055C,1,-3.0577395,0.12254208326339722,0.7789999842643738,0.5577999949455261
YLR045C,YER002W,0,-3.0578113,0.12252280861139297,0.7789999842643738,0.5579000115394592
YOL158C,YOR207C,0,-3.058105,0.12250354140996933,0.7789999842643738,0.5580000281333923
YML074C,YER029C,0,-3.058341,0.12248427420854568,0.7789999842643738,0.5580999851226807
YJL222W,YNR043W,0,-3.0586958,0.12246502190828323,0.7789999842643738,0.5582000017166138
YAL011W,YHR056C,1,-3.0590167,0.12260295450687408,0.7799999713897705,0.5582000017166138
YCL044C,YOR201C,0,-3.0596888,0.12258368730545044,0.7799999713897705,0.5583000183105469
YDR512C,YPL276W,0,-3.0598245,0.12256442755460739,0.7799999713897705,0.5583999752998352
YMR117C,YDR069C,0,-3.0599718,0.12254516780376434,0.7799999713897705,0.5584999918937683
YML124C,YLR324W,0,-3.0600672,0.12252591550350189,0.7799999713897705,0.5586000084877014
YOR033C,YJR153W,0,-3.0600824,0.12250667810440063,0.7799999713897705,0.5587000250816345
YPL249C,YBL090W,0,-3.060249,0.12248744070529938,0.7799999713897705,0.5587999820709229
YPL037C,YBR265W,0,-3.060365,0.12246820330619812,0.7799999713897705,0.558899998664856
YML121W,YEL024W,0,-3.06043,0.12244898080825806,0.7799999713897705,0.5590000152587891
YML130C,YML046W,0,-3.060493,0.122429758310318,0.7799999713897705,0.5590999722480774
YOR201C,YML016C,0,-3.0608287,0.12241054326295853,0.7799999713897705,0.5591999888420105
YBL088C,YER026C,0,-3.061007,0.12239133566617966,0.7799999713897705,0.5593000054359436
YMR097C,YEL020W-A,0,-3.0610662,0.12237213551998138,0.7799999713897705,0.5594000220298767
YOR279C,YFR037C,1,-3.0611157,0.12250980734825134,0.781000018119812,0.5594000220298767
YLR102C,YGL075C,0,-3.0614357,0.12249059230089188,0.781000018119812,0.559499979019165
YKR067W,YER147C,0,-3.0616002,0.122471384704113,0.781000018119812,0.5595999956130981
YER109C,YER145C,0,-3.061699,0.12245217710733414,0.781000018119812,0.5597000122070312
YNL247W,YPL187W,0,-3.0617416,0.12243298441171646,0.781000018119812,0.5598000288009644
YCR063W,YJR001W,0,-3.061765,0.12241379171609879,0.781000018119812,0.5598999857902527
YPL019C,YNL292W,0,-3.0618386,0.1223946064710617,0.781000018119812,0.5600000023841858
YPL041C,YGL113W,0,-3.0620403,0.12237542867660522,0.781000018119812,0.5601000189781189
YJR055W,YJR143C,0,-3.0622098,0.12235625833272934,0.781000018119812,0.5601999759674072
YLR378C,YDR183W,0,-3.0623336,0.12233709543943405,0.781000018119812,0.5602999925613403
YJL201W,YGR044C,0,-3.0624533,0.12231793254613876,0.781000018119812,0.5604000091552734
YOR020C,YML036W,0,-3.0627503,0.12229877710342407,0.781000018119812,0.5605000257492065
YDR113C,YDR264C,0,-3.0629482,0.12227962911128998,0.781000018119812,0.5605999827384949
YPR009W,YNL080C,0,-3.063013,0.12226048856973648,0.781000018119812,0.560699999332428
YML121W,YGL211W,0,-3.0631287,0.12224135547876358,0.781000018119812,0.5608000159263611
YDR323C,YDR246W,0,-3.0631683,0.12222222238779068,0.781000018119812,0.5608999729156494
YJL179W,YML075C,0,-3.063236,0.12220309674739838,0.781000018119812,0.5609999895095825
YER027C,YBR117C,0,-3.0634122,0.12218397855758667,0.781000018119812,0.5611000061035156
YCR020C,YOR174W,0,-3.063439,0.12216486781835556,0.781000018119812,0.5612000226974487
YLR362W,YJR021C,0,-3.063734,0.12214576452970505,0.781000018119812,0.5612999796867371
YCR020C,YHL024W,0,-3.0638669,0.12212666124105453,0.781000018119812,0.5613999962806702
YMR200W,YBR055C,0,-3.0639591,0.12210756540298462,0.781000018119812,0.5615000128746033
YLR357W,YDR224C,1,-3.064073,0.12224480509757996,0.7820000052452087,0.5615000128746033
YIL085C,YNL244C,0,-3.0641718,0.12222569435834885,0.7820000052452087,0.5616000294685364
YMR081C,YCL038C,0,-3.0643606,0.12220659106969833,0.7820000052452087,0.5616999864578247
YDL130W,YLR427W,0,-3.0644836,0.12218750268220901,0.7820000052452087,0.5618000030517578
YMR097C,YPL176C,0,-3.0644965,0.1221684142947197,0.7820000052452087,0.5619000196456909
YDR429C,YLR451W,0,-3.0645738,0.12214932590723038,0.7820000052452087,0.5619999766349792
YLR172C,YGR178C,0,-3.0646524,0.12213025242090225,0.7820000052452087,0.5620999932289124
YJL039C,YAL038W,0,-3.0648813,0.12211117893457413,0.7820000052452087,0.5622000098228455
YNL247W,YBR069C,0,-3.065204,0.1220921128988266,0.7820000052452087,0.5623000264167786
YLR246W,YER029C,0,-3.0652785,0.12207305431365967,0.7820000052452087,0.5623999834060669
YBL011W,YMR023C,0,-3.065308,0.12205400317907333,0.7820000052452087,0.5625
YLR210W,YML048W,0,-3.065359,0.1220349594950676,0.7820000052452087,0.5626000165939331
YBR153W,YJR021C,0,-3.0655215,0.12201591581106186,0.7820000052452087,0.5626999735832214
YOR043W,YHL024W,0,-3.065524,0.12199687957763672,0.7820000052452087,0.5627999901771545
YJR132W,YKL120W,0,-3.0659919,0.12197785079479218,0.7820000052452087,0.5629000067710876
YLR229C,YDR080W,0,-3.0661922,0.12195882946252823,0.7820000052452087,0.5630000233650208
YKL145W,YKL149C,0,-3.0662572,0.12193980813026428,0.7820000052452087,0.5630999803543091
YGR288W,YGL153W,0,-3.0663066,0.12192080169916153,0.7820000052452087,0.5631999969482422
YLR102C,YDL188C,0,-3.0663338,0.12190179526805878,0.7820000052452087,0.5633000135421753
YHL028W,YGR038W,0,-3.0665188,0.12188279628753662,0.7820000052452087,0.5633999705314636
YGL038C,YMR179W,0,-3.0665684,0.12186379730701447,0.7820000052452087,0.5634999871253967
YCL061C,YDR224C,1,-3.0669365,0.12200061976909637,0.7829999923706055,0.5634999871253967
YLR200W,YJR052W,0,-3.067033,0.12198162078857422,0.7829999923706055,0.5636000037193298
YOR316C,YOR150W,0,-3.0672483,0.12196261435747147,0.7829999923706055,0.5637000203132629
YCR020C,YLR361C,0,-3.0674138,0.12194362282752991,0.7829999923706055,0.5637999773025513
YDL113C,YOR381W,0,-3.0678353,0.12192463129758835,0.7829999923706055,0.5638999938964844
YDR113C,YOR288C,0,-3.0679264,0.12190565466880798,0.7829999923706055,0.5640000104904175
YHR072W-A,YDR503C,0,-3.0683556,0.12188667804002762,0.7829999923706055,0.5641000270843506
YMR145C,YMR239C,0,-3.06838,0.12186770141124725,0.7829999923706055,0.5641999840736389
YNL038W,YFR009W,0,-3.0684588,0.12184873968362808,0.7829999923706055,0.564300000667572
YDR508C,YOR020C,0,-3.0684981,0.12182977795600891,0.7829999923706055,0.5644000172615051
YPL249C,YBL046W,0,-3.0685275,0.12181083112955093,0.7829999923706055,0.5644999742507935
YGR206W,YLR013W,0,-3.0685844,0.12179187685251236,0.7829999923706055,0.5645999908447266
YIR009W,YJR013W,0,-3.0686355,0.12177293747663498,0.7829999923706055,0.5647000074386597
YER147C,YER021W,0,-3.0686746,0.1217540055513382,0.7829999923706055,0.5648000240325928
YER094C,YOR240W,0,-3.0690188,0.12173507362604141,0.7829999923706055,0.5648999810218811
YGL233W,YEL013W,0,-3.069271,0.12171614915132523,0.7829999923706055,0.5649999976158142
YOR033C,YIR008C,0,-3.069452,0.12169723212718964,0.7829999923706055,0.5651000142097473
YML085C,YDL207W,0,-3.069467,0.12167832255363464,0.7829999923706055,0.5651999711990356
YGL241W,YOR187W,0,-3.0695562,0.12165941298007965,0.7829999923706055,0.5652999877929688
YDR429C,YNL082W,0,-3.0695996,0.12164051830768585,0.7829999923706055,0.5654000043869019
YJR066W,YDR016C,0,-3.0696795,0.12162162363529205,0.7829999923706055,0.565500020980835
YIL140W,YMR241W,0,-3.0697122,0.12160273641347885,0.7829999923706055,0.5655999779701233
YDR099W,YOR126C,0,-3.0699515,0.12158384919166565,0.7829999923706055,0.5656999945640564
YOR174W,YDL047W,0,-3.0700636,0.12156497687101364,0.7829999923706055,0.5658000111579895
YGL094C,YJR043C,0,-3.0702934,0.12154610455036163,0.7829999923706055,0.5659000277519226
YKL140W,YLR275W,0,-3.070422,0.12152723968029022,0.7829999923706055,0.5659999847412109
YGR252W,YPL254W,1,-3.070671,0.12166356295347214,0.7839999794960022,0.5659999847412109
YNL071W,YPL089C,0,-3.0707855,0.12164468318223953,0.7839999794960022,0.566100001335144
YDR523C,YDR447C,0,-3.0710912,0.12162581086158752,0.7839999794960022,0.5662000179290771
YGR044C,YGL222C,0,-3.0714993,0.12160694599151611,0.7839999794960022,0.5662999749183655
YEL012W,YLR144C,0,-3.0716023,0.1215880885720253,0.7839999794960022,0.5663999915122986
YBL007C,YOR381W,0,-3.071634,0.12156923860311508,0.7839999794960022,0.5665000081062317
YGR142W,YDR427W,0,-3.071794,0.12155038863420486,0.7839999794960022,0.5666000247001648
YGL233W,YOR117W,0,-3.071903,0.12153154611587524,0.7839999794960022,0.5666999816894531
YOR089C,YGR171C,0,-3.0719445,0.12151271104812622,0.7839999794960022,0.5667999982833862
YJR112W,YER093C,0,-3.072132,0.1214938759803772,0.7839999794960022,0.5669000148773193
YDR299W,YJL095W,0,-3.0723643,0.12147505581378937,0.7839999794960022,0.5669999718666077
YLR102C,YKR060W,0,-3.072438,0.12145623564720154,0.7839999794960022,0.5670999884605408
YGL133W,YJL127C,1,-3.0724678,0.12159232050180435,0.7850000262260437,0.5670999884605408
YHR065C,YKL130C,0,-3.0724883,0.12157348543405533,0.7850000262260437,0.5672000050544739
YKR085C,YLR088W,0,-3.0726986,0.1215546578168869,0.7850000262260437,0.567300021648407
YMR050C,YCR005C,0,-3.0728087,0.12153584510087967,0.7850000262260437,0.5673999786376953
YIL153W,YPL204W,0,-3.0728638,0.12151702493429184,0.7850000262260437,0.5674999952316284
YPR108W,YLL016W,0,-3.07294,0.1214982196688652,0.7850000262260437,0.5676000118255615
YLL040C,YLR126C,0,-3.0729518,0.12147942185401917,0.7850000262260437,0.5677000284194946
YJL013C,YPL179W,0,-3.0733693,0.12146062403917313,0.7850000262260437,0.567799985408783
YPL041C,YML046W,0,-3.0736122,0.12144183367490768,0.7850000262260437,0.5679000020027161
YGL187C,YLR148W,0,-3.0736694,0.12142305076122284,0.7850000262260437,0.5680000185966492
YGR272C,YIL019W,0,-3.0736728,0.121404267847538,0.7850000262260437,0.5680999755859375
YDR419W,YML016C,0,-3.0737157,0.12138549238443375,0.7850000262260437,0.5681999921798706
YNL163C,YER118C,0,-3.0740242,0.12136673182249069,0.7850000262260437,0.5683000087738037
YOR153W,YOR178C,0,-3.0740685,0.12134796380996704,0.7850000262260437,0.5684000253677368
YHL027W,YER052C,0,-3.0742207,0.12132921069860458,0.7850000262260437,0.5684999823570251
YBR288C,YJR077C,0,-3.0742488,0.12131046503782272,0.7850000262260437,0.5685999989509583
YKL141W,YJL114W,0,-3.0744028,0.12129171937704086,0.7850000262260437,0.5687000155448914
YER105C,YPR101W,0,-3.0745683,0.1212729811668396,0.7850000262260437,0.5687999725341797
YPR175W,YPR107C,0,-3.0745924,0.12125425040721893,0.7850000262260437,0.5688999891281128
YKL140W,YIR008C,0,-3.0745935,0.12123551964759827,0.7850000262260437,0.5690000057220459
YLR330W,YOR231W,0,-3.0746498,0.1212168037891388,0.7850000262260437,0.569100022315979
YML074C,YBR055C,0,-3.074752,0.12119808793067932,0.7850000262260437,0.5691999793052673
YML085C,YJR001W,0,-3.0747757,0.12117937952280045,0.7850000262260437,0.5692999958992004
YOR040W,YPL276W,0,-3.0751743,0.12116067111492157,0.7850000262260437,0.5694000124931335
YKL143W,YCL011C,0,-3.0755792,0.12114197760820389,0.7850000262260437,0.5695000290870667
YIR028W,YLL036C,0,-3.0756345,0.1211232841014862,0.7850000262260437,0.569599986076355
YNL038W,YKR061W,0,-3.0756662,0.12110459804534912,0.7850000262260437,0.5697000026702881
YML011C,YPL084W,0,-3.0756886,0.12108591943979263,0.7850000262260437,0.5698000192642212
YPL047W,YHR056C,1,-3.0757499,0.12122146785259247,0.7860000133514404,0.5698000192642212
YGR077C,YHL007C,0,-3.0758324,0.12120277434587479,0.7860000133514404,0.5698999762535095
YPR107C,YLL016W,0,-3.0758445,0.1211840882897377,0.7860000133514404,0.5699999928474426
YLR426W,YNL283C,0,-3.0758748,0.12116540968418121,0.7860000133514404,0.5701000094413757
YBL099W,YLR313C,0,-3.0760698,0.12114673107862473,0.7860000133514404,0.5702000260353088
YGR195W,YDR184C,0,-3.0761151,0.12112805992364883,0.7860000133514404,0.5702999830245972
YKL057C,YOL065C,0,-3.0763755,0.12110939621925354,0.7860000133514404,0.5703999996185303
YGL158W,YJR001W,0,-3.07649,0.12109073996543884,0.7860000133514404,0.5705000162124634
YFL005W,YKL120W,0,-3.0766206,0.12107209116220474,0.7860000133514404,0.5705999732017517
YER125W,YCR052W,1,-3.076788,0.12120745331048965,0.7870000004768372,0.5705999732017517
YJL019W,YCR005C,0,-3.076799,0.12118878960609436,0.7870000004768372,0.5706999897956848
YGL038C,YDR447C,0,-3.076985,0.12117013335227966,0.7870000004768372,0.5708000063896179
YDR295C,YMR247C,1,-3.0769913,0.1213054209947586,0.7879999876022339,0.5708000063896179
YJL095W,YOR288C,0,-3.0770493,0.12128674983978271,0.7879999876022339,0.570900022983551
YBL090W,YPL057C,0,-3.077342,0.12126808613538742,0.7879999876022339,0.5709999799728394
YLR210W,YGR162W,0,-3.0777488,0.12124942243099213,0.7879999876022339,0.5710999965667725
YJR077C,YOR117W,0,-3.0777597,0.12123076617717743,0.7879999876022339,0.5712000131607056
YKR026C,YHL022C,0,-3.0777884,0.12121212482452393,0.7879999876022339,0.5713000297546387
YJR055W,YJL219W,0,-3.0777974,0.12119347602128983,0.7879999876022339,0.571399986743927
YLL031C,YHL024W,0,-3.0779653,0.12117484211921692,0.7879999876022339,0.5715000033378601
YKR050W,YDR016C,0,-3.0780306,0.12115620821714401,0.7879999876022339,0.5716000199317932
YLL027W,YHL022C,0,-3.0781083,0.1211375892162323,0.7879999876022339,0.5716999769210815
YLR354C,YLR080W,0,-3.0781105,0.12111897021532059,0.7879999876022339,0.5717999935150146
YLR361C,YGL028C,0,-3.078135,0.12110035121440887,0.7879999876022339,0.5719000101089478
YBL082C,YBL099W,0,-3.0788422,0.12108174711465836,0.7879999876022339,0.5720000267028809
YPL112C,YLR136C,0,-3.0789797,0.12106314301490784,0.7879999876022339,0.5720999836921692
YGL233W,YJR121W,0,-3.0790596,0.12104454636573792,0.7879999876022339,0.5722000002861023
YMR048W,YGR245C,0,-3.0791094,0.12102595716714859,0.7879999876022339,0.5723000168800354
YHR190W,YBR069C,0,-3.0791452,0.12100736796855927,0.7879999876022339,0.5723999738693237
YGR080W,YIL125W,0,-3.0793238,0.12098879367113113,0.7879999876022339,0.5724999904632568
YGR175C,YOR081C,0,-3.0795674,0.120970219373703,0.7879999876022339,0.5726000070571899
YNL314W,YBR213W,0,-3.0796015,0.12095165252685547,0.7879999876022339,0.572700023651123
YLR246W,YDL047W,0,-3.0796838,0.12093308568000793,0.7879999876022339,0.5727999806404114
YJR055W,YGL043W,0,-3.0797021,0.1209145337343216,0.7879999876022339,0.5728999972343445
YPR056W,YJR137C,0,-3.0799024,0.12089598178863525,0.7879999876022339,0.5730000138282776
YMR125W,YKL113C,0,-3.0799901,0.12087743729352951,0.7879999876022339,0.5730999708175659
YCL011C,YLR047C,0,-3.08014,0.12085889279842377,0.7879999876022339,0.573199987411499
YGL206C,YCR020C-A,0,-3.0804338,0.12084036320447922,0.7879999876022339,0.5733000040054321
YDL164C,YBR265W,0,-3.080649,0.12082183361053467,0.7879999876022339,0.5734000205993652
YLR035C,YCL067C,0,-3.0807166,0.12080331146717072,0.7879999876022339,0.5734999775886536
YGR272C,YML085C,0,-3.0807679,0.12078479677438736,0.7879999876022339,0.5735999941825867
YOR040W,YDR072C,0,-3.0809593,0.120766282081604,0.7879999876022339,0.5737000107765198
YGL191W,YDR221W,0,-3.0810719,0.12074777483940125,0.7879999876022339,0.5738000273704529
YEL012W,YLR430W,0,-3.08116,0.12072927504777908,0.7879999876022339,0.5738999843597412
YNL246W,YJL080C,1,-3.0813823,0.12086397409439087,0.7889999747276306,0.5738999843597412
YLL031C,YER145C,0,-3.081461,0.12084545940160751,0.7889999747276306,0.5740000009536743
YDR484W,YDL224C,0,-3.081501,0.12082695215940475,0.7889999747276306,0.5741000175476074
YGR288W,YMR255W,0,-3.0815678,0.12080845236778259,0.7889999747276306,0.5741999745368958
YNL048W,YFR036W,0,-3.0815816,0.12078996002674103,0.7889999747276306,0.5742999911308289
YJR044C,YDR463W,0,-3.0816073,0.12077146768569946,0.7889999747276306,0.574400007724762
YCL044C,YGL120C,0,-3.081804,0.1207529827952385,0.7889999747276306,0.5745000243186951
YLR165C,YPR093C,0,-3.081819,0.12073450535535812,0.7889999747276306,0.5745999813079834
YDR465C,YNR057C,0,-3.0818262,0.12071603536605835,0.7889999747276306,0.5746999979019165
YPL047W,YNL135C,1,-3.081956,0.12085054069757462,0.7900000214576721,0.5746999979019165
YER044C-A,YMR207C,0,-3.0822136,0.12083205580711365,0.7900000214576721,0.5748000144958496
YGR195W,YGL168W,0,-3.0822482,0.12081357836723328,0.7900000214576721,0.5748999714851379
YOR261C,YBR119W,0,-3.0822835,0.1207951083779335,0.7900000214576721,0.574999988079071
YEL042W,YOR150W,0,-3.0823784,0.12077663838863373,0.7900000214576721,0.5751000046730042
YDR364C,YPR125W,0,-3.0824738,0.12075817584991455,0.7900000214576721,0.5752000212669373
YML112W,YLR196W,0,-3.0827389,0.12073972076177597,0.7900000214576721,0.5752999782562256
YGL153W,YPL037C,0,-3.0828838,0.12072127312421799,0.7900000214576721,0.5753999948501587
YDR465C,YLR313C,0,-3.0831351,0.12070282548666,0.7900000214576721,0.5755000114440918
YJL157C,YDR217C,0,-3.0832653,0.12068438529968262,0.7900000214576721,0.5756000280380249
YJL012C,YPL267W,0,-3.0837963,0.12066595256328583,0.7900000214576721,0.5756999850273132
YPR024W,YNR043W,0,-3.0840373,0.12064752727746964,0.7900000214576721,0.5758000016212463
YOR288C,YKR082W,0,-3.0841324,0.12062910199165344,0.7900000214576721,0.5759000182151794
YJL005W,YCR018C,0,-3.0842772,0.12061068415641785,0.7900000214576721,0.5759999752044678
YER049W,YBR119W,0,-3.0843458,0.12059227377176285,0.7900000214576721,0.5760999917984009
YLR385C,YDR224C,1,-3.0845857,0.12072649598121643,0.7910000085830688,0.5760999917984009
YNL287W,YGR257C,0,-3.084612,0.12070807069540024,0.7910000085830688,0.576200008392334
YDR292C,YHR065C,0,-3.0848737,0.12068965286016464,0.7910000085830688,0.5763000249862671
YKL046C,YPL041C,0,-3.0849073,0.12067124247550964,0.7910000085830688,0.5763999819755554
YDR507C,YOR208W,0,-3.0849242,0.12065283954143524,0.7910000085830688,0.5764999985694885
YOR081C,YGR072W,0,-3.085208,0.12063443660736084,0.7910000085830688,0.5766000151634216
YPL037C,YGL240W,0,-3.0852635,0.12061604112386703,0.7910000085830688,0.57669997215271
YPR175W,YNL001W,0,-3.0852695,0.12059765309095383,0.7910000085830688,0.5767999887466431
YGR142W,YML016C,0,-3.0854888,0.12057926505804062,0.7910000085830688,0.5769000053405762
YCR020C,YNL163C,0,-3.0856318,0.1205608919262886,0.7910000085830688,0.5770000219345093
YMR145C,YAR035W,0,-3.0859904,0.12054251879453659,0.7910000085830688,0.5770999789237976
YJL157C,YLR126C,0,-3.0860004,0.12052415311336517,0.7910000085830688,0.5771999955177307
YLR165C,YNL080C,0,-3.0860677,0.12050578743219376,0.7910000085830688,0.5773000121116638
YFR004W,YDR054C,0,-3.0863,0.12048743665218353,0.7910000085830688,0.5774000287055969
YIL052C,YHR129C,0,-3.0863352,0.12046908587217331,0.7910000085830688,0.5774999856948853
YGR080W,YML001W,0,-3.0863657,0.12045073509216309,0.7910000085830688,0.5776000022888184
YDR483W,YDR219C,0,-3.086538,0.12043239921331406,0.7910000085830688,0.5777000188827515
YLR361C,YPL019C,0,-3.0866377,0.12041406333446503,0.7910000085830688,0.5777999758720398
YPR179C,YNL135C,1,-3.0866852,0.12054794281721115,0.7919999957084656,0.5777999758720398
YDR483W,YDL024C,0,-3.0867264,0.12052959948778152,0.7919999957084656,0.5778999924659729
YFL022C,YKL052C,0,-3.086754,0.1205112636089325,0.7919999957084656,0.578000009059906
YMR192W,YGL028C,0,-3.0868948,0.12049292773008347,0.7919999957084656,0.5781000256538391
YPR167C,YGL120C,0,-3.0869515,0.12047459930181503,0.7919999957084656,0.5781999826431274
YDR299W,YLL031C,0,-3.0869849,0.1204562708735466,0.7919999957084656,0.5782999992370605
YNL156C,YMR050C,0,-3.0870938,0.12043795734643936,0.7919999957084656,0.5784000158309937
YDR072C,YBL030C,0,-3.0872164,0.12041964381933212,0.7919999957084656,0.578499972820282
YOR363C,YNL038W,0,-3.0872934,0.12040133774280548,0.7919999957084656,0.5785999894142151
YPR175W,YLR129W,0,-3.0874965,0.12038303911685944,0.7919999957084656,0.5787000060081482
YBR080C,YJR077C,0,-3.087532,0.12036474049091339,0.7919999957084656,0.5788000226020813
YMR192W,YFL022C,0,-3.0876005,0.12034644931554794,0.7919999957084656,0.5788999795913696
YDL174C,YLR154C,0,-3.0877619,0.12032816559076309,0.7919999957084656,0.5789999961853027
YDR299W,YGL022W,0,-3.0882182,0.12030988931655884,0.7919999957084656,0.5791000127792358
YLR451W,YDR025W,0,-3.0884643,0.12029161304235458,0.7919999957084656,0.579200029373169
YGL017W,YDR484W,0,-3.088489,0.12027335166931152,0.7919999957084656,0.5792999863624573
YGR193C,YKL014C,0,-3.0887995,0.12025508284568787,0.7919999957084656,0.5794000029563904
YJL106W,YDR039C,0,-3.0889404,0.1202368289232254,0.7919999957084656,0.5795000195503235
YGR257C,YOR253W,0,-3.0889668,0.12021858245134354,0.7919999957084656,0.5795999765396118
YLR074C,YJL012C,0,-3.0891533,0.12020033597946167,0.7919999957084656,0.5796999931335449
YLR229C,YGR183C,0,-3.0892487,0.1201820969581604,0.7919999957084656,0.579800009727478
YKL206C,YBL074C,0,-3.0893326,0.12016385793685913,0.7919999957084656,0.5799000263214111
YHR066W,YGL183C,0,-3.0893805,0.12014563381671906,0.7919999957084656,0.5799999833106995
YGR238C,YML085C,0,-3.0895169,0.12012740969657898,0.7919999957084656,0.5800999999046326
YFL058W,YFL055W,0,-3.0896902,0.1201091930270195,0.7919999957084656,0.5802000164985657
YKL125W,YNR013C,0,-3.0897,0.12009097635746002,0.7919999957084656,0.580299973487854
YKL201C,YGL028C,0,-3.0897317,0.12007277458906174,0.7919999957084656,0.5803999900817871
YDR255C,YAR014C,0,-3.0897741,0.12005457282066345,0.7919999957084656,0.5805000066757202
YAL068C,YER002W,0,-3.0898695,0.12003637105226517,0.7919999957084656,0.5806000232696533
YPL214C,YNR030W,0,-3.0903702,0.12001818418502808,0.7919999957084656,0.5806999802589417
YOR043W,YLR330W,0,-3.0903864,0.11999999731779099,0.7919999957084656,0.5807999968528748
YLR189C,YGR046W,0,-3.0904021,0.11998181790113449,0.7919999957084656,0.5809000134468079
YFL058W,YMR025W,0,-3.0904436,0.1199636459350586,0.7919999957084656,0.5809999704360962
YLR045C,YEL024W,0,-3.0904913,0.1199454814195633,0.7919999957084656,0.5810999870300293
YOL006C,YIL126W,1,-3.0907888,0.12007874250411987,0.7929999828338623,0.5810999870300293
YMR080C,YER120W,1,-3.0909438,0.12021195888519287,0.7940000295639038,0.5810999870300293
YBL097W,YLR276C,0,-3.0909877,0.12019376456737518,0.7940000295639038,0.5812000036239624
YDR334W,YHR056C,1,-3.091124,0.120326928794384,0.7950000166893005,0.5812000036239624
YDL046W,YOR156C,0,-3.091144,0.12030871957540512,0.7950000166893005,0.5813000202178955
YOR145C,YJL005W,0,-3.0912118,0.12029051035642624,0.7950000166893005,0.5813999772071838
YGL187C,YFR036W,0,-3.0912209,0.12027231603860855,0.7950000166893005,0.5814999938011169
YDR292C,YMR135C,0,-3.0912328,0.12025412172079086,0.7950000166893005,0.58160001039505
YOL109W,YOR363C,0,-3.0912776,0.12023593485355377,0.7950000166893005,0.5817000269889832
YHR206W,YPL050C,0,-3.0913653,0.12021775543689728,0.7950000166893005,0.5817999839782715
YER014C-A,YLR092W,0,-3.0916946,0.12019957602024078,0.7950000166893005,0.5819000005722046
YBR126C,YNR013C,0,-3.0920596,0.12018140405416489,0.7950000166893005,0.5820000171661377
YML058W,YNL283C,0,-3.0923104,0.12016323953866959,0.7950000166893005,0.582099974155426
YAL020C,YJR053W,0,-3.0924325,0.12014508247375488,0.7950000166893005,0.5821999907493591
YFL058W,YOR259C,0,-3.0925658,0.12012692540884018,0.7950000166893005,0.5823000073432922
YNR003C,YPR049C,0,-3.0927901,0.12010877579450607,0.7950000166893005,0.5824000239372253
YFL060C,YOR178C,0,-3.0928698,0.12009063363075256,0.7950000166893005,0.5824999809265137
YLR039C,YOL158C,0,-3.0928783,0.12007249891757965,0.7950000166893005,0.5825999975204468
YCL044C,YNL048W,0,-3.092999,0.12005436420440674,0.7950000166893005,0.5827000141143799
YLR102C,YOR195W,0,-3.0931797,0.12003623694181442,0.7950000166893005,0.5827999711036682
YER044C-A,YFR009W,0,-3.0931864,0.1200181171298027,0.7950000166893005,0.5828999876976013
YDL224C,YHR072W-A,0,-3.0934792,0.11999999731779099,0.7950000166893005,0.5830000042915344
YER002W,YOR068C,0,-3.0935056,0.11998189240694046,0.7950000166893005,0.5831000208854675
YER166W,YOR240W,0,-3.093677,0.11996378749608994,0.7950000166893005,0.5831999778747559
YJR112W,YDR492W,0,-3.0938063,0.11994568258523941,0.7950000166893005,0.583299994468689
YFL018W-A,YMR179W,0,-3.093885,0.11992759257555008,0.7950000166893005,0.5834000110626221
YFR047C,YAR015W,0,-3.0941074,0.11990950256586075,0.7950000166893005,0.5835000276565552
YPL178W,YLR150W,0,-3.0942154,0.11989142000675201,0.7950000166893005,0.5835999846458435
YPL047W,YDR073W,1,-3.0943453,0.12002412229776382,0.7960000038146973,0.5835999846458435
YNR030W,YDR060W,0,-3.0944757,0.1200060322880745,0.7960000038146973,0.5837000012397766
YFR001W,YJR013W,0,-3.0945442,0.11998794227838516,0.7960000038146973,0.5838000178337097
YKL113C,YER044C-A,0,-3.0946183,0.11996985971927643,0.7960000038146973,0.583899974822998
YGR044C,YOR156C,0,-3.094654,0.1199517771601677,0.7960000038146973,0.5839999914169312
YJL013C,YBL064C,0,-3.0947528,0.11993370205163956,0.7960000038146973,0.5841000080108643
YDR092W,YML046W,0,-3.0949225,0.11991563439369202,0.7960000038146973,0.5842000246047974
YDR501W,YNL080C,0,-3.0950563,0.11989757418632507,0.7960000038146973,0.5842999815940857
YDR303C,YBR195C,1,-3.0951767,0.12003012001514435,0.796999990940094,0.5842999815940857
YJL071W,YDL118W,0,-3.0956378,0.12001204490661621,0.796999990940094,0.5843999981880188
YHR058C,YML016C,0,-3.0957963,0.11999397724866867,0.796999990940094,0.5845000147819519
YLR378C,YGR042W,0,-3.0959535,0.11997591704130173,0.796999990940094,0.5845999717712402
YNL169C,YLR378C,0,-3.0960252,0.11995785683393478,0.796999990940094,0.5846999883651733
YER129W,YPR108W,0,-3.0962198,0.11993980407714844,0.796999990940094,0.5848000049591064
YDL207W,YBL074C,0,-3.0964766,0.11992175877094269,0.796999990940094,0.5849000215530396
YDR392W,YPL015C,1,-3.0965018,0.12005416303873062,0.7979999780654907,0.5849000215530396
YJR153W,YLR144C,0,-3.0966597,0.12003610283136368,0.7979999780654907,0.5849999785423279
YLR136C,YKL200C,0,-3.0969925,0.12001805007457733,0.7979999780654907,0.585099995136261
YCL011C,YIR008C,0,-3.0970554,0.11999999731779099,0.7979999780654907,0.5852000117301941
YJR141W,YJR077C,0,-3.0972736,0.11998195946216583,0.7979999780654907,0.5853000283241272
YOR288C,YOR187W,0,-3.0973227,0.11996392160654068,0.7979999780654907,0.5853999853134155
YLR013W,YLR144C,0,-3.0986578,0.11994589120149612,0.7979999780654907,0.5855000019073486
YMR050C,YDL065C,0,-3.098887,0.11992786079645157,0.7979999780654907,0.5856000185012817
YPL094C,YER168C,0,-3.0997043,0.1199098452925682,0.7979999780654907,0.5856999754905701
YMR241W,YEL053C,0,-3.0997417,0.11989182978868484,0.7979999780654907,0.5857999920845032
YBR035C,YER009W,0,-3.099813,0.11987381428480148,0.7979999780654907,0.5859000086784363
YLL040C,YLR305C,0,-3.0998907,0.11985581368207932,0.7979999780654907,0.5860000252723694
YDR295C,YIL150C,1,-3.1002097,0.11998798698186874,0.7990000247955322,0.5860000252723694
YML043C,YMR059W,0,-3.100283,0.11996997147798538,0.7990000247955322,0.5860999822616577
YMR299C,YOL097C,0,-3.1003196,0.11995195597410202,0.7990000247955322,0.5861999988555908
YPR193C,YER125W,1,-3.1003308,0.12008406221866608,0.800000011920929,0.5861999988555908
YDR472W,YNL256W,0,-3.1003585,0.12006603926420212,0.800000011920929,0.5863000154495239
YJL005W,YJL157C,0,-3.100429,0.12004801630973816,0.800000011920929,0.5863999724388123
YNL247W,YMR213W,0,-3.1005282,0.1200300082564354,0.800000011920929,0.5864999890327454
YPL115C,YBR156C,0,-3.100551,0.12001200020313263,0.800000011920929,0.5866000056266785
YGL222C,YOR240W,0,-3.1006424,0.11999399960041046,0.800000011920929,0.5867000222206116
YML130C,YDR183W,0,-3.100817,0.11997600644826889,0.800000011920929,0.5867999792098999
YBR173C,YGR257C,0,-3.1008532,0.11995801329612732,0.800000011920929,0.586899995803833
YDL108W,YBL074C,0,-3.1009154,0.11994002759456635,0.800000011920929,0.5870000123977661
YOR317W,YJR001W,0,-3.1010442,0.11992204934358597,0.800000011920929,0.5871000289916992
YOL011W,YGR278W,0,-3.101104,0.11990407854318619,0.800000011920929,0.5871999859809875
YNL287W,YOR045W,0,-3.1011424,0.11988610774278641,0.800000011920929,0.5873000025749207
YDR252W,YGL181W,0,-3.1012208,0.11986814439296722,0.800000011920929,0.5874000191688538
YDL224C,YKL140W,0,-3.1013205,0.11985018849372864,0.800000011920929,0.5874999761581421
YBR135W,YDR183W,0,-3.1013365,0.11983223259449005,0.800000011920929,0.5875999927520752
YCR063W,YBR117C,0,-3.1013494,0.11981428414583206,0.800000011920929,0.5877000093460083
YGL158W,YLR246W,0,-3.101551,0.11979634314775467,0.800000011920929,0.5878000259399414
YMR292W,YDL095W,0,-3.1017087,0.11977840960025787,0.800000011920929,0.5878999829292297
YGL130W,YGL096W,0,-3.101918,0.11976047605276108,0.800000011920929,0.5879999995231628
YBL030C,YAR035W,0,-3.1020432,0.11974254995584488,0.800000011920929,0.588100016117096
YKR035W-A,YJL116C,0,-3.1020765,0.11972463130950928,0.800000011920929,0.5881999731063843
YLR189C,YML085C,0,-3.1021495,0.11970672011375427,0.800000011920929,0.5882999897003174
YOL097C,YLR132C,0,-3.1030178,0.11968880891799927,0.800000011920929,0.5884000062942505
YJR060W,YPL015C,1,-3.1031818,0.1198204904794693,0.8009999990463257,0.5884000062942505
YML094W,YJL187C,0,-3.1033251,0.1198025718331337,0.8009999990463257,0.5885000228881836
YPL213W,YGR072W,0,-3.103424,0.1197846531867981,0.8009999990463257,0.5885999798774719
YNL038W,YDL047W,0,-3.1037748,0.11976674944162369,0.8009999990463257,0.588699996471405
YLR378C,YGR257C,0,-3.1040006,0.11974883824586868,0.8009999990463257,0.5888000130653381
YKR025W,YGL051W,0,-3.1041794,0.11973094195127487,0.8009999990463257,0.5889000296592712
YDL188C,YML118W,0,-3.1041956,0.11971304565668106,0.8009999990463257,0.5889999866485596
YLR150W,YDL095W,0,-3.1042762,0.11969515681266785,0.8009999990463257,0.5891000032424927
YGR112W,YDR039C,0,-3.1044383,0.11967727541923523,0.8009999990463257,0.5892000198364258
YHL034C,YDL092W,0,-3.1044896,0.11965939402580261,0.8009999990463257,0.5892999768257141
YJR137C,YOR054C,0,-3.1045477,0.11964152008295059,0.8009999990463257,0.5893999934196472
YBR035C,YJL002C,0,-3.1045625,0.11962365359067917,0.8009999990463257,0.5895000100135803
YNR058W,YOL100W,0,-3.1046085,0.11960579454898834,0.8009999990463257,0.5896000266075134
YGL094C,YDR164C,0,-3.104855,0.11958793550729752,0.8009999990463257,0.5896999835968018
YLR363C,YNR057C,0,-3.10526,0.11957008391618729,0.8009999990463257,0.5898000001907349
YPL115C,YDR030C,0,-3.10537,0.11955223977565765,0.8009999990463257,0.589900016784668
YBL011W,YGR046W,0,-3.1054187,0.11953439563512802,0.8009999990463257,0.5899999737739563
YNR058W,YKL200C,0,-3.1056347,0.11951655894517899,0.8009999990463257,0.5900999903678894
YDR484W,YDL118W,0,-3.1057239,0.11949872970581055,0.8009999990463257,0.5902000069618225
YOR359W,YNL093W,0,-3.1057558,0.1194809079170227,0.8009999990463257,0.5903000235557556
YPL249C,YLL035W,0,-3.1057649,0.11946308612823486,0.8009999990463257,0.590399980545044
YLR246W,YIR009W,0,-3.1062343,0.11944527179002762,0.8009999990463257,0.590499997138977
YKL188C,YPL175W,0,-3.1062522,0.11942746490240097,0.8009999990463257,0.5906000137329102
YBR017C,YPL084W,0,-3.1063988,0.11940965801477432,0.8009999990463257,0.5906999707221985
YJL222W,YLL040C,0,-3.1065006,0.11939185857772827,0.8009999990463257,0.5907999873161316
YDR038C,YGL075C,0,-3.1067095,0.11937406659126282,0.8009999990463257,0.5909000039100647
YBL090W,YKL130C,0,-3.1067247,0.11935628205537796,0.8009999990463257,0.5910000205039978
YNL080C,YLR129W,0,-3.1069407,0.1193384975194931,0.8009999990463257,0.5910999774932861
YDR303C,YNL135C,1,-3.1069508,0.11946968734264374,0.8019999861717224,0.5910999774932861
YPL254W,YNL135C,1,-3.107081,0.11960083246231079,0.8029999732971191,0.5910999774932861
YIL126W,YDR071C,1,-3.1072497,0.11973194032907486,0.8040000200271606,0.5910999774932861
YLR055C,YLR032W,0,-3.107277,0.11971411854028702,0.8040000200271606,0.5911999940872192
YNR016C,YJR043C,0,-3.1074338,0.11969628930091858,0.8040000200271606,0.5913000106811523
YHR066W,YJL219W,0,-3.1075542,0.11967847496271133,0.8040000200271606,0.5914000272750854
YMR212C,YLR154C,0,-3.1076064,0.11966066062450409,0.8040000200271606,0.5914999842643738
YOR363C,YDL043C,0,-3.107728,0.11964285373687744,0.8040000200271606,0.5916000008583069
YPR193C,YBL052C,1,-3.1080751,0.11977384239435196,0.8050000071525574,0.5916000008583069
YNL216W,YPL015C,1,-3.1083245,0.11990479379892349,0.8059999942779541,0.5916000008583069
YBL051C,YER190W,0,-3.1085777,0.11988695710897446,0.8059999942779541,0.59170001745224
YMR045C,YLR088W,0,-3.1085804,0.11986912786960602,0.8059999942779541,0.5917999744415283
YAL020C,YHR092C,0,-3.1088805,0.11985129863023758,0.8059999942779541,0.5918999910354614
YPL015C,YER125W,1,-3.109039,0.11998216062784195,0.8069999814033508,0.5918999910354614
YLL008W,YER154W,0,-3.1092768,0.11996432393789291,0.8069999814033508,0.5920000076293945
YDL224C,YIL019W,0,-3.109451,0.11994649469852448,0.8069999814033508,0.5921000242233276
YOR067C,YDL065C,0,-3.1095004,0.11992866545915604,0.8069999814033508,0.592199981212616
YHL028W,YLR305C,0,-3.1095817,0.1199108436703682,0.8069999814033508,0.5922999978065491
YDR483W,YJR035W,0,-3.1095939,0.11989302933216095,0.8069999814033508,0.5924000144004822
YBR156C,YNL325C,0,-3.1096108,0.1198752224445343,0.8069999814033508,0.5924999713897705
YLR466W,YNL139C,0,-3.109713,0.11985741555690765,0.8069999814033508,0.5925999879837036
YPR010C,YPR189W,0,-3.1097434,0.1198396161198616,0.8069999814033508,0.5927000045776367
YHR164C,YDL178W,0,-3.1107264,0.11982182413339615,0.8069999814033508,0.5928000211715698
YDR088C,YML024W,0,-3.110775,0.11980403959751129,0.8069999814033508,0.5928999781608582
YLR210W,YLL040C,0,-3.1109567,0.11978625506162643,0.8069999814033508,0.5929999947547913
YCR063W,YDL065C,0,-3.1110532,0.11976847797632217,0.8069999814033508,0.5931000113487244
YOL076W,YDL095W,0,-3.1112816,0.11975070834159851,0.8069999814033508,0.5932000279426575
YDL174C,YDR306C,0,-3.1113496,0.11973293870687485,0.8069999814033508,0.5932999849319458
YOR327C,YBL046W,0,-3.1115918,0.11971517652273178,0.8069999814033508,0.5934000015258789
YGR044C,YFL038C,0,-3.1117663,0.11969742178916931,0.8069999814033508,0.593500018119812
YJL030W,YGL047W,0,-3.111843,0.11967966705560684,0.8069999814033508,0.5935999751091003
YGL094C,YPR088C,0,-3.111878,0.11966191977262497,0.8069999814033508,0.5936999917030334
YLR074C,YNL080C,0,-3.1121323,0.1196441799402237,0.8069999814033508,0.5938000082969666
YML130C,YGR042W,0,-3.1121836,0.11962644755840302,0.8069999814033508,0.5939000248908997
YMR192W,YML094W,0,-3.1122239,0.11960871517658234,0.8069999814033508,0.593999981880188
YLR136C,YGL075C,0,-3.1122549,0.11959099024534225,0.8069999814033508,0.5940999984741211
YBR243C,YER100W,0,-3.112295,0.11957327276468277,0.8069999814033508,0.5942000150680542
YLR221C,YHR072W-A,0,-3.1123958,0.11955555528402328,0.8069999814033508,0.5942999720573425
YML036W,YJL140W,0,-3.1124568,0.1195378452539444,0.8069999814033508,0.5943999886512756
YGR020C,YKL204W,0,-3.1125286,0.1195201426744461,0.8069999814033508,0.5945000052452087
YPL178W,YLR361C,0,-3.1125708,0.11950244009494781,0.8069999814033508,0.5946000218391418
YIL052C,YPR186C,0,-3.1126928,0.11948475241661072,0.8069999814033508,0.5946999788284302
YDR194C,YLR150W,0,-3.1132636,0.11946706473827362,0.8069999814033508,0.5947999954223633
YOL006C,YER125W,1,-3.1138957,0.11959739774465561,0.8080000281333923,0.5947999954223633
YOL109W,YLR172C,0,-3.1139061,0.11957969516515732,0.8080000281333923,0.5949000120162964
YLR165C,YOR298W,0,-3.1140122,0.11956200003623962,0.8080000281333923,0.5950000286102295
YDR025W,YAL029C,0,-3.1140633,0.11954431235790253,0.8080000281333923,0.5950999855995178
YPR125W,YKR087C,0,-3.1140933,0.11952662467956543,0.8080000281333923,0.5952000021934509
YOR126C,YPL036W,0,-3.1141768,0.11950895190238953,0.8080000281333923,0.595300018787384
YFL005W,YGR162W,0,-3.1142192,0.11949127167463303,0.8080000281333923,0.5953999757766724
YOR208W,YLR148W,0,-3.11424,0.11947360634803772,0.8080000281333923,0.5954999923706055
YPR167C,YJL187C,0,-3.1143017,0.11945594102144241,0.8080000281333923,0.5956000089645386
YHR072W-A,YPR125W,0,-3.1146119,0.1194382831454277,0.8080000281333923,0.5957000255584717
YER118C,YML001W,0,-3.1150067,0.11942063271999359,0.8080000281333923,0.59579998254776
YGR103W,YGL240W,0,-3.1154113,0.11940298229455948,0.8080000281333923,0.5958999991416931
YHR170W,YMR133W,0,-3.1154714,0.11938533931970596,0.8080000281333923,0.5960000157356262
YNR043W,YFL038C,0,-3.116014,0.11936770379543304,0.8080000281333923,0.5960999727249146
YHL012W,YLL016W,0,-3.11622,0.11935007572174072,0.8080000281333923,0.5961999893188477
YFR036W,YLR074C,0,-3.1163993,0.1193324476480484,0.8080000281333923,0.5963000059127808
YFR050C,YLR032W,0,-3.1165068,0.11931482702493668,0.8080000281333923,0.5964000225067139
YDR419W,YJL157C,0,-3.1165614,0.11929720640182495,0.8080000281333923,0.5964999794960022
YGL253W,YDR507C,0,-3.1165657,0.11927960067987442,0.8080000281333923,0.5965999960899353
YKL188C,YIL019W,0,-3.11658,0.11926199495792389,0.8080000281333923,0.5967000126838684
YJL071W,YLR276C,0,-3.1167278,0.11924438923597336,0.8080000281333923,0.5968000292778015
YLL008W,YOR150W,0,-3.1167474,0.11922679841518402,0.8080000281333923,0.5968999862670898
YCL034W,YML060W,0,-3.1167612,0.11920920759439468,0.8080000281333923,0.597000002861023
YPL249C,YDL118W,0,-3.116774,0.11919162422418594,0.8080000281333923,0.597100019454956
YFR027W,YPL019C,0,-3.1169114,0.1191740408539772,0.8080000281333923,0.5971999764442444
YPR093C,YJL179W,0,-3.1170473,0.11915646493434906,0.8080000281333923,0.5972999930381775
YBL090W,YLR092W,0,-3.1170888,0.11913889646530151,0.8080000281333923,0.5974000096321106
YKR025W,YGR112W,0,-3.1173668,0.11912133544683456,0.8080000281333923,0.5975000262260437
YDR463W,YHR133C,0,-3.1174507,0.11910377442836761,0.8080000281333923,0.597599983215332
YJR121W,YOR117W,0,-3.1175213,0.11908622086048126,0.8080000281333923,0.5976999998092651
YJL222W,YDL092W,0,-3.1175308,0.11906866729259491,0.8080000281333923,0.5978000164031982
YOR043W,YEL013W,0,-3.1179018,0.11905112862586975,0.8080000281333923,0.5978999733924866
YNL051W,YEL042W,0,-3.1180549,0.11903358995914459,0.8080000281333923,0.5979999899864197
YHR007C,YNL106C,0,-3.1180675,0.11901605874300003,0.8080000281333923,0.5981000065803528
YDR323C,YJL002C,0,-3.118618,0.11899852752685547,0.8080000281333923,0.5982000231742859
YGL158W,YAR035W,0,-3.1187434,0.1189810037612915,0.8080000281333923,0.5982999801635742
YGR274C,YMR030W,0,-3.1188474,0.11896348744630814,0.8080000281333923,0.5983999967575073
YOR207C,YCR035C,0,-3.1190963,0.11894597113132477,0.8080000281333923,0.5985000133514404
YER061C,YJL140W,0,-3.1192498,0.1189284697175026,0.8080000281333923,0.5985999703407288
YGL094C,YNR003C,0,-3.1192508,0.11891096085309982,0.8080000281333923,0.5986999869346619
YMR302C,YNR013C,0,-3.1192641,0.11889346688985825,0.8080000281333923,0.598800003528595
YIL019W,YGR072W,0,-3.1192904,0.11887597292661667,0.8080000281333923,0.5989000201225281
YER026C,YHR166C,0,-3.1194882,0.11885848641395569,0.8080000281333923,0.5989999771118164
YIL110W,YDR292C,0,-3.11954,0.1188410073518753,0.8080000281333923,0.5990999937057495
YDL047W,YCL038C,0,-3.1198695,0.11882352828979492,0.8080000281333923,0.5992000102996826
YER129W,YDR016C,0,-3.1199281,0.11880605667829514,0.8080000281333923,0.5993000268936157
YDR512C,YMR097C,0,-3.1200073,0.11878859251737595,0.8080000281333923,0.599399983882904
YER143W,YBR200W,0,-3.1200333,0.11877112835645676,0.8080000281333923,0.5995000004768372
YOR359W,YGR257C,0,-3.1201305,0.11875367164611816,0.8080000281333923,0.5996000170707703
YMR100W,YDR447C,0,-3.1203127,0.11873622238636017,0.8080000281333923,0.5996999740600586
YGR038W,YLL038C,0,-3.120586,0.11871878057718277,0.8080000281333923,0.5997999906539917
YER157W,YOR240W,0,-3.1209297,0.11870133876800537,0.8080000281333923,0.5999000072479248
YGR161C,YBL011W,0,-3.1210253,0.11868390440940857,0.8080000281333923,0.6000000238418579
YGL133W,YER125W,1,-3.1210363,0.11881333589553833,0.8090000152587891,0.6000000238418579
YKR050W,YER173W,0,-3.121064,0.11879588663578033,0.8090000152587891,0.6000999808311462
YJR044C,YER118C,0,-3.121076,0.11877844482660294,0.8090000152587891,0.6001999974250793
YPR175W,YML074C,0,-3.121564,0.11876101046800613,0.8090000152587891,0.6003000140190125
YHR108W,YKL052C,0,-3.12183,0.11874357610940933,0.8090000152587891,0.6003999710083008
YLR390W-A,YML075C,0,-3.1218998,0.11872614920139313,0.8090000152587891,0.6004999876022339
YJR132W,YMR051C,0,-3.122107,0.11870872974395752,0.8090000152587891,0.600600004196167
YML121W,YJL106W,0,-3.1223068,0.11869131773710251,0.8090000152587891,0.6007000207901001
YIL140W,YER100W,0,-3.12261,0.1186739057302475,0.8090000152587891,0.6007999777793884
YPL095C,YJR121W,0,-3.1226358,0.11865650117397308,0.8090000152587891,0.6008999943733215
YOR045W,YKR060W,0,-3.122768,0.11863909661769867,0.8090000152587891,0.6010000109672546
YMR097C,YOR122C,0,-3.1229177,0.11862169951200485,0.8090000152587891,0.6011000275611877
YGL251C,YOL097C,0,-3.12292,0.11860430985689163,0.8090000152587891,0.6011999845504761
YNL163C,YCL011C,0,-3.122937,0.11858692765235901,0.8090000152587891,0.6013000011444092
YKL057C,YNL333W,0,-3.1231568,0.11856954544782639,0.8090000152587891,0.6014000177383423
YJR044C,YOR341W,0,-3.123301,0.11855217069387436,0.8090000152587891,0.6014999747276306
YBL030C,YIL143C,0,-3.1233208,0.11853479593992233,0.8090000152587891,0.6015999913215637
YML067C,YFL060C,0,-3.1234264,0.1185174360871315,0.8090000152587891,0.6017000079154968
YKL141W,YDR025W,0,-3.1236925,0.11850007623434067,0.8090000152587891,0.6018000245094299
YMR129W,YLR324W,0,-3.1237435,0.11848271638154984,0.8090000152587891,0.6018999814987183
YMR179W,YPL053C,0,-3.1237843,0.1184653714299202,0.8090000152587891,0.6019999980926514
YOR316C,YKL026C,0,-3.1237974,0.11844802647829056,0.8090000152587891,0.6021000146865845
YNL232W,YMR145C,0,-3.1239636,0.11843068152666092,0.8090000152587891,0.6021999716758728
YER052C,YPL036W,0,-3.1240697,0.11841335147619247,0.8090000152587891,0.6022999882698059
YHR094C,YDR183W,0,-3.1243262,0.11839602142572403,0.8090000152587891,0.602400004863739
YGR004W,YGR245C,0,-3.1243534,0.11837869137525558,0.8090000152587891,0.6025000214576721
YMR163C,YDR470C,0,-3.124481,0.11836137622594833,0.8090000152587891,0.6025999784469604
YOL077C,YDL178W,0,-3.1245518,0.11834406107664108,0.8090000152587891,0.6026999950408936
YOL109W,YHR079C,0,-3.124638,0.11832675337791443,0.8090000152587891,0.6028000116348267
YER173W,YPL266W,0,-3.1248975,0.11830944567918777,0.8090000152587891,0.6029000282287598
YDR120C,YLR045C,0,-3.1252873,0.11829214543104172,0.8090000152587891,0.6029999852180481
YLL001W,YML094W,0,-3.1253774,0.11827485263347626,0.8090000152587891,0.6031000018119812
YFR004W,YKL068W,0,-3.1254473,0.1182575672864914,0.8090000152587891,0.6032000184059143
YKL145W,YNL333W,0,-3.125725,0.11824028193950653,0.8090000152587891,0.6032999753952026
YHR038W,YNL236W,0,-3.1257315,0.11822300404310226,0.8090000152587891,0.6033999919891357
YNL071W,YMR135C,0,-3.1258373,0.118205726146698,0.8090000152587891,0.6035000085830688
YDR342C,YNL247W,0,-3.1258564,0.11818845570087433,0.8090000152587891,0.603600025177002
YBL030C,YML052W,0,-3.1262846,0.11817119270563126,0.8090000152587891,0.6036999821662903
YJR077C,YKL014C,0,-3.1263938,0.11815393716096878,0.8090000152587891,0.6037999987602234
YML041C,YPR193C,1,-3.1264215,0.11828271299600601,0.8100000023841858,0.6037999987602234
YPL084W,YBR213W,0,-3.1267266,0.11826544255018234,0.8100000023841858,0.6039000153541565
YDR113C,YOR381W,0,-3.1269054,0.11824817210435867,0.8100000023841858,0.6039999723434448
YGR120C,YDR501W,0,-3.1269407,0.1182309165596962,0.8100000023841858,0.6040999889373779
YKL013C,YIL143C,0,-3.127262,0.11821366101503372,0.8100000023841858,0.604200005531311
YER052C,YKR035W-A,0,-3.1273131,0.11819641292095184,0.8100000023841858,0.6043000221252441
YKL145W,YER118C,0,-3.1274202,0.11817916482686996,0.8100000023841858,0.6043999791145325
YKL013C,YGL038C,0,-3.1274722,0.11816192418336868,0.8100000023841858,0.6044999957084656
YPR143W,YOR047C,0,-3.1277227,0.118144690990448,0.8100000023841858,0.6046000123023987
YLR113W,YNL244C,0,-3.1280742,0.11812745779752731,0.8100000023841858,0.6047000288963318
YER172C,YKL113C,0,-3.1280885,0.11811023950576782,0.8100000023841858,0.6047999858856201
YLR427W,YKL013C,0,-3.1284366,0.11809301376342773,0.8100000023841858,0.6049000024795532
YER104W,YJR147W,0,-3.1284795,0.11807580292224884,0.8100000023841858,0.6050000190734863
YMR023C,YNR060W,0,-3.1285667,0.11805859208106995,0.8100000023841858,0.6050999760627747
YKL130C,YIL135C,0,-3.1287808,0.11804138869047165,0.8100000023841858,0.6051999926567078
YNL139C,YDR503C,0,-3.1287918,0.11802418529987335,0.8100000023841858,0.6053000092506409
YDR011W,YDR339C,0,-3.1287928,0.11800698935985565,0.8100000023841858,0.605400025844574
YMR045C,YJR077C,0,-3.1288621,0.11798980087041855,0.8100000023841858,0.6054999828338623
YDL224C,YDL005C,0,-3.1288886,0.11797261983156204,0.8100000023841858,0.6055999994277954
YMR186W,YPL204W,0,-3.129402,0.11795543879270554,0.8100000023841858,0.6057000160217285
YOR359W,YMR212C,0,-3.1294396,0.11793826520442963,0.8100000023841858,0.6057999730110168
YLR426W,YLR088W,0,-3.129506,0.11792109161615372,0.8100000023841858,0.60589998960495
YBR084W,YPR088C,0,-3.1295516,0.117903932929039,0.8100000023841858,0.6060000061988831
YIL019W,YHR129C,0,-3.1295917,0.11788676679134369,0.8100000023841858,0.6061000227928162
YGR209C,YJR035W,0,-3.1296515,0.11786961555480957,0.8100000023841858,0.6061999797821045
YNL246W,YLL004W,1,-3.1298096,0.11799796670675278,0.8109999895095825,0.6061999797821045
YGR286C,YDL043C,0,-3.129812,0.11798080056905746,0.8109999895095825,0.6062999963760376
YNL256W,YAL029C,0,-3.1298294,0.11796363443136215,0.8109999895095825,0.6064000129699707
YDR221W,YNL325C,0,-3.1298838,0.11794648319482803,0.8109999895095825,0.6065000295639038
YFL038C,YGR204W,0,-3.1302576,0.11792933195829391,0.8109999895095825,0.6065999865531921
YIL153W,YHR206W,0,-3.1303225,0.1179121807217598,0.8109999895095825,0.6067000031471252
YAL020C,YLR305C,0,-3.1303542,0.11789504438638687,0.8109999895095825,0.6068000197410583
YLR167W,YGR109W-B,0,-3.1303875,0.11787790805101395,0.8109999895095825,0.6068999767303467
YHR065C,YER145C,0,-3.1304317,0.11786077916622162,0.8109999895095825,0.6069999933242798
YPL178W,YKL206C,0,-3.130514,0.11784365028142929,0.8109999895095825,0.6071000099182129
YMR239C,YER190W,0,-3.1306849,0.11782652884721756,0.8109999895095825,0.607200026512146
YPR051W,YJL071W,0,-3.1307228,0.11780941486358643,0.8109999895095825,0.6072999835014343
YNR033W,YNR060W,0,-3.1310928,0.11779230087995529,0.8109999895095825,0.6074000000953674
YDR299W,YHR190W,0,-3.1311638,0.11777519434690475,0.8109999895095825,0.6075000166893005
YLR330W,YHR166C,0,-3.131311,0.11775809526443481,0.8109999895095825,0.6075999736785889
YMR267W,YJL157C,0,-3.1313295,0.11774099618196487,0.8109999895095825,0.607699990272522
YDR099W,YCL052C,0,-3.131456,0.11772390455007553,0.8109999895095825,0.6078000068664551
YHR166C,YHR072W-A,0,-3.131503,0.11770682036876678,0.8109999895095825,0.6079000234603882
YPR021C,YKL206C,0,-3.1315084,0.11768974363803864,0.8109999895095825,0.6079999804496765
YLR449W,YDR392W,1,-3.1315644,0.11781775951385498,0.8119999766349792,0.6079999804496765
YJL080C,YER120W,1,-3.1318126,0.11794574558734894,0.8130000233650208,0.6079999804496765
YGL181W,YKL049C,0,-3.1318488,0.1179286316037178,0.8130000233650208,0.6080999970436096
YHR058C,YAR014C,0,-3.1320333,0.11791153252124786,0.8130000233650208,0.6082000136375427
YDL188C,YMR299C,0,-3.1322894,0.11789443343877792,0.8130000233650208,0.608299970626831
YGR089W,YOR348C,0,-3.132413,0.11787733435630798,0.8130000233650208,0.6083999872207642
YNR032C-A,YIL007C,0,-3.132419,0.11786025017499924,0.8130000233650208,0.6085000038146973
YMR129W,YCL052C,0,-3.1324782,0.11784316599369049,0.8130000233650208,0.6086000204086304
YPL116W,YER125W,1,-3.132781,0.1179710179567337,0.8140000104904175,0.6086000204086304
YGR288W,YBR216C,0,-3.1330495,0.11795391887426376,0.8140000104904175,0.6086999773979187
YER049W,YPL179W,0,-3.1331432,0.11793682724237442,0.8140000104904175,0.6087999939918518
YPR186C,YGR172C,0,-3.1331816,0.11791974306106567,0.8140000104904175,0.6089000105857849
YER122C,YNR060W,0,-3.1332111,0.11790266633033752,0.8140000104904175,0.609000027179718
YLR409C,YDL056W,0,-3.133226,0.11788558959960938,0.8140000104904175,0.6090999841690063
YER104W,YDR038C,0,-3.1333032,0.11786852031946182,0.8140000104904175,0.6092000007629395
YML011C,YKL213C,0,-3.1334767,0.11785145848989487,0.8140000104904175,0.6093000173568726
YDR395W,YDR221W,0,-3.133515,0.11783439666032791,0.8140000104904175,0.6093999743461609
YHR111W,YGL233W,0,-3.1335332,0.11781734228134155,0.8140000104904175,0.609499990940094
YPL050C,YPL089C,0,-3.13379,0.1178002879023552,0.8140000104904175,0.6096000075340271
YLR221C,YLR136C,0,-3.1340122,0.11778324097394943,0.8140000104904175,0.6097000241279602
YPL094C,YDR221W,0,-3.1342475,0.11776620149612427,0.8140000104904175,0.6097999811172485
YGR209C,YBR244W,0,-3.1345992,0.1177491694688797,0.8140000104904175,0.6098999977111816
YGR092W,YAR035W,0,-3.135485,0.11773213744163513,0.8140000104904175,0.6100000143051147
YOR237W,YGL051W,0,-3.1355839,0.11771511286497116,0.8140000104904175,0.6100999712944031
YMR309C,YGR072W,0,-3.135737,0.11769808828830719,0.8140000104904175,0.6101999878883362
YDR045C,YKL125W,0,-3.1358407,0.11768107861280441,0.8140000104904175,0.6103000044822693
YMR097C,YGL094C,0,-3.1360917,0.11766406148672104,0.8140000104904175,0.6104000210762024
YLR376C,YHR079C,0,-3.1361606,0.11764705926179886,0.8140000104904175,0.6104999780654907
YPR021C,YDR246W,0,-3.1362624,0.11763005703687668,0.8140000104904175,0.6105999946594238
YBL007C,YLL027W,0,-3.1363153,0.1176130622625351,0.8140000104904175,0.6107000112533569
YGR101W,YPR049C,0,-3.1364133,0.11759606748819351,0.8140000104904175,0.61080002784729
YMR309C,YOR305W,0,-3.136434,0.11757908761501312,0.8140000104904175,0.6108999848365784
YER109C,YBR213W,0,-3.1364436,0.11756210029125214,0.8140000104904175,0.6110000014305115
YLL035W,YLR229C,0,-3.1365721,0.11754512786865234,0.8140000104904175,0.6111000180244446
YLR200W,YDR447C,0,-3.1366928,0.11752815544605255,0.8140000104904175,0.6111999750137329
YPL037C,YOR372C,0,-3.1371956,0.11751119047403336,0.8140000104904175,0.611299991607666
YDR060W,YDR072C,0,-3.1372385,0.11749422550201416,0.8140000104904175,0.6114000082015991
YLR210W,YML130C,0,-3.1378307,0.11747726798057556,0.8140000104904175,0.6115000247955322
YNL139C,YDL024C,0,-3.1378498,0.11746031790971756,0.8140000104904175,0.6115999817848206
YML094W,YLR136C,0,-3.1378837,0.11744336783885956,0.8140000104904175,0.6116999983787537
YPL178W,YHR065C,0,-3.1379304,0.11742642521858215,0.8140000104904175,0.6118000149726868
YGR206W,YDR113C,0,-3.1379948,0.11740949004888535,0.8140000104904175,0.6118999719619751
YKL204W,YLR144C,0,-3.1380396,0.11739255487918854,0.8140000104904175,0.6119999885559082
YGR098C,YPL276W,0,-3.138169,0.11737562716007233,0.8140000104904175,0.6121000051498413
YHL028W,YDR045C,0,-3.1384785,0.11735870689153671,0.8140000104904175,0.6122000217437744
YJR141W,YOR117W,0,-3.1385348,0.1173417940735817,0.8140000104904175,0.6122999787330627
YOL100W,YAR035W,0,-3.1389675,0.11732487380504608,0.8140000104904175,0.6123999953269958
YOR043W,YGR020C,0,-3.1390069,0.11730796843767166,0.8140000104904175,0.612500011920929
YLR039C,YDR072C,0,-3.1390364,0.11729106307029724,0.8140000104904175,0.6126000285148621
YPL028W,YLR275W,0,-3.139203,0.11727416515350342,0.8140000104904175,0.6126999855041504
YDR299W,YER166W,0,-3.139335,0.11725727468729019,0.8140000104904175,0.6128000020980835
YNL049C,YOR045W,0,-3.139359,0.11724038422107697,0.8140000104904175,0.6129000186920166
YIL085C,YJL106W,0,-3.1394014,0.11722350120544434,0.8140000104904175,0.6129999756813049
YHR164C,YLR113W,0,-3.1394863,0.1172066256403923,0.8140000104904175,0.613099992275238
YGL051W,YNR007C,0,-3.1395736,0.11718975007534027,0.8140000104904175,0.6132000088691711
YOR126C,YLL038C,0,-3.1396015,0.11717288196086884,0.8140000104904175,0.6133000254631042
YLR045C,YDR016C,0,-3.139606,0.1171560138463974,0.8140000104904175,0.6133999824523926
YGR101W,YKR087C,0,-3.1398215,0.11713915318250656,0.8140000104904175,0.6134999990463257
YHR178W,YER044C-A,0,-3.1399357,0.11712229996919632,0.8140000104904175,0.6136000156402588
YGR134W,YJL110C,0,-3.1400833,0.11710545420646667,0.8140000104904175,0.6136999726295471
YDL046W,YER122C,0,-3.1405218,0.11708860844373703,0.8140000104904175,0.6137999892234802
YPL065W,YFR009W,0,-3.1406894,0.11707177013158798,0.8140000104904175,0.6139000058174133
YLR354C,YNR013C,0,-3.140727,0.11705493181943893,0.8140000104904175,0.6140000224113464
YMR048W,YGL022W,0,-3.1407428,0.11703810095787048,0.8140000104904175,0.6140999794006348
YMR030W,YJR013W,0,-3.1408212,0.11702127754688263,0.8140000104904175,0.6141999959945679
YIL021W,YPL178W,0,-3.1409,0.11700445413589478,0.8140000104904175,0.614300012588501
YDL005C,YGL096W,0,-3.140915,0.11698763817548752,0.8140000104904175,0.6144000291824341
YGL158W,YDL209C,0,-3.1419904,0.11697082966566086,0.8140000104904175,0.6144999861717224
YLR035C,YOR143C,0,-3.1421099,0.1169540211558342,0.8140000104904175,0.6146000027656555
YNL091W,YER129W,0,-3.1427996,0.11693722009658813,0.8140000104904175,0.6147000193595886
YER172C,YLR074C,0,-3.1428218,0.11692042648792267,0.8140000104904175,0.614799976348877
YPR024W,YML058W,0,-3.142831,0.1169036328792572,0.8140000104904175,0.6148999929428101
YCR020C,YPL002C,0,-3.1429074,0.11688684672117233,0.8140000104904175,0.6150000095367432
YPL243W,YLR398C,0,-3.1429534,0.11687006801366806,0.8140000104904175,0.6151000261306763
YDL174C,YNL291C,0,-3.1429994,0.11685328930616379,0.8140000104904175,0.6151999831199646
YIL150C,YHR056C,1,-3.1431203,0.11698004603385925,0.8149999976158142,0.6151999831199646
YOR151C,YPL057C,0,-3.143231,0.11696325987577438,0.8149999976158142,0.6152999997138977
YML077W,YKL082C,0,-3.1436427,0.11694647371768951,0.8149999976158142,0.6154000163078308
YBL007C,YBR117C,0,-3.1436777,0.11692969501018524,0.8149999976158142,0.6154999732971191
YKL075C,YLR390W-A,0,-3.1437273,0.11691292375326157,0.8149999976158142,0.6155999898910522
YEL012W,YCL052C,0,-3.1438546,0.11689615249633789,0.8149999976158142,0.6157000064849854
YJL002C,YNL325C,0,-3.1439614,0.11687938868999481,0.8149999976158142,0.6158000230789185
YGR112W,YMR059W,0,-3.1440694,0.11686263233423233,0.8149999976158142,0.6158999800682068
YMR097C,YDL108W,0,-3.1441536,0.11684587597846985,0.8149999976158142,0.6159999966621399
YBL097W,YDR513W,0,-3.1444294,0.11682912707328796,0.8149999976158142,0.616100013256073
YHR143W,YOR045W,0,-3.1446538,0.11681238561868668,0.8149999976158142,0.6161999702453613
YLR430W,YLR088W,0,-3.1447225,0.11679564416408539,0.8149999976158142,0.6162999868392944
YJR105W,YOR259C,0,-3.1449282,0.1167789101600647,0.8149999976158142,0.6164000034332275
YMR093W,YDR183W,0,-3.1450765,0.116762176156044,0.8149999976158142,0.6165000200271606
YDR483W,YKR061W,0,-3.145111,0.11674544960260391,0.8149999976158142,0.616599977016449
YLR466W,YGR175C,0,-3.1451182,0.11672873049974442,0.8149999976158142,0.6166999936103821
YER044C-A,YLR276C,0,-3.1451578,0.11671201139688492,0.8149999976158142,0.6168000102043152
YLR163C,YDR449C,0,-3.145277,0.11669530719518661,0.8149999976158142,0.6169000267982483
YPL112C,YLR154C,0,-3.1453216,0.11667859554290771,0.8149999976158142,0.6169999837875366
YGR288W,YML006C,0,-3.1456378,0.11666189879179001,0.8149999976158142,0.6171000003814697
YGL051W,YFR036W,0,-3.145667,0.1166451945900917,0.8149999976158142,0.6172000169754028
YBR126C,YDR192C,0,-3.145907,0.1166285052895546,0.8149999976158142,0.6172999739646912
YIL140W,YAR035W,0,-3.1465163,0.11661181598901749,0.8149999976158142,0.6173999905586243
YBR043C,YGR221C,0,-3.1467147,0.11659513413906097,0.8149999976158142,0.6175000071525574
YML019W,YDR427W,0,-3.14704,0.11657845973968506,0.8149999976158142,0.6176000237464905
YLR354C,YKL092C,0,-3.1471763,0.11656178534030914,0.8149999976158142,0.6176999807357788
YLL036C,YLL027W,0,-3.1477373,0.11654511839151382,0.8149999976158142,0.6177999973297119
YDR004W,YBR298C,0,-3.1477861,0.1165284514427185,0.8149999976158142,0.617900013923645
YLR376C,YML112W,0,-3.1482167,0.11651179194450378,0.8149999976158142,0.6179999709129333
YLR376C,YPR049C,0,-3.1484737,0.11649513989686966,0.8149999976158142,0.6180999875068665
YDR023W,YPR101W,0,-3.1485963,0.11647848784923553,0.8149999976158142,0.6182000041007996
YOR126C,YLR390W-A,0,-3.1486344,0.116461843252182,0.8149999976158142,0.6183000206947327
YNL102W,YDR449C,0,-3.1488295,0.11644520610570908,0.8149999976158142,0.618399977684021
YNL283C,YPR176C,0,-3.1488633,0.11642856895923615,0.8149999976158142,0.6184999942779541
YBR200W,YJL157C,0,-3.1489134,0.11641193926334381,0.8149999976158142,0.6186000108718872
YDR140W,YDL015C,0,-3.149219,0.11639531701803207,0.8149999976158142,0.6187000274658203
YDR184C,YLR246W,0,-3.1492336,0.11637869477272034,0.8149999976158142,0.6187999844551086
YIL143C,YDL108W,0,-3.149651,0.1163620799779892,0.8149999976158142,0.6189000010490417
YIL062C,YEL053C,0,-3.1497257,0.11634546518325806,0.8149999976158142,0.6190000176429749
YPL243W,YLR430W,0,-3.1498384,0.11632885783910751,0.8149999976158142,0.6190999746322632
YPR093C,YGR241C,0,-3.150618,0.11631225794553757,0.8149999976158142,0.6191999912261963
YPL028W,YDR311W,0,-3.1511598,0.11629566550254822,0.8149999976158142,0.6193000078201294
YOL100W,YER154W,0,-3.1514447,0.11627907305955887,0.8149999976158142,0.6194000244140625
YPL095C,YDR470C,0,-3.151672,0.11626248061656952,0.8149999976158142,0.6194999814033508
YNL236W,YHL034C,0,-3.1517386,0.11624589562416077,0.8149999976158142,0.6195999979972839
YLR396C,YER093C,0,-3.1518626,0.11622931808233261,0.8149999976158142,0.619700014591217
YFL005W,YMR145C,0,-3.1518927,0.11621274799108505,0.8149999976158142,0.6197999715805054
YKR050W,YER190W,0,-3.1519313,0.1161961778998375,0.8149999976158142,0.6198999881744385
YJR035W,YLL027W,0,-3.1519475,0.11617961525917053,0.8149999976158142,0.6200000047683716
YIR028W,YJR121W,0,-3.1520572,0.11616305261850357,0.8149999976158142,0.6201000213623047
YLR409C,YLR092W,0,-3.1521811,0.1161465048789978,0.8149999976158142,0.620199978351593
YER056C,YMR133W,0,-3.1521907,0.11612994968891144,0.8149999976158142,0.6202999949455261
YKR050W,YNL287W,0,-3.1523194,0.11611340939998627,0.8149999976158142,0.6204000115394592
YPL028W,YJL029C,0,-3.1525066,0.1160968691110611,0.8149999976158142,0.6205000281333923
YNR030W,YKL213C,0,-3.1529424,0.11608032882213593,0.8149999976158142,0.6205999851226807
YLR362W,YKR087C,0,-3.1531022,0.11606379598379135,0.8149999976158142,0.6207000017166138
YIL121W,YNL247W,0,-3.1533692,0.11604727059602737,0.8149999976158142,0.6208000183105469
YGR037C,YJR105W,0,-3.1533692,0.116030752658844,0.8149999976158142,0.6208999752998352
YNL272C,YPL028W,0,-3.153386,0.11601423472166061,0.8149999976158142,0.6209999918937683
YKR082W,YPL267W,0,-3.1535568,0.11599772423505783,0.8149999976158142,0.6211000084877014
YGL251C,YCR020C-A,0,-3.1535656,0.11598121374845505,0.8149999976158142,0.6212000250816345
YPR009W,YIR011C,0,-3.153769,0.11596471071243286,0.8149999976158142,0.6212999820709229
YLL006W,YGR038W,0,-3.1543798,0.11594821512699127,0.8149999976158142,0.621399998664856
YBR117C,YBR213W,0,-3.1546178,0.11593171954154968,0.8149999976158142,0.6215000152587891
YNL119W,YOR288C,0,-3.1553402,0.11591523140668869,0.8149999976158142,0.6215999722480774
YKR029C,YER125W,1,-3.1555495,0.11604095250368118,0.8159999847412109,0.6215999722480774
YHR072W-A,YIL062C,0,-3.1556106,0.1160244569182396,0.8159999847412109,0.6216999888420105
YOL011W,YOR089C,0,-3.1558032,0.116007961332798,0.8159999847412109,0.6218000054359436
YJR153W,YJR059W,0,-3.155909,0.11599147319793701,0.8159999847412109,0.6219000220298767
YMR302C,YDR246W,0,-3.1559439,0.11597498506307602,0.8159999847412109,0.621999979019165
YMR239C,YGR101W,0,-3.1560555,0.11595850437879562,0.8159999847412109,0.6220999956130981
YER044C-A,YNL244C,0,-3.1561003,0.11594203114509583,0.8159999847412109,0.6222000122070312
YOL158C,YKL188C,0,-3.156138,0.11592555791139603,0.8159999847412109,0.6223000288009644
YHR056C,YNL135C,1,-3.1562014,0.11605113744735718,0.8169999718666077,0.6223000288009644
YOL125W,YLR144C,0,-3.156497,0.11603465676307678,0.8169999718666077,0.6223999857902527
YLR200W,YML046W,0,-3.157259,0.11601817607879639,0.8169999718666077,0.6225000023841858
YCR092C,YLR132C,0,-3.157608,0.11600170284509659,0.8169999718666077,0.6226000189781189
YDR508C,YLR130C,0,-3.157648,0.11598523706197739,0.8169999718666077,0.6226999759674072
YGR142W,YDR138W,0,-3.1576946,0.11596877127885818,0.8169999718666077,0.6227999925613403
YLL035W,YER171W,0,-3.1578493,0.11595231294631958,0.8169999718666077,0.6229000091552734
YDR294C,YMR255W,0,-3.1589692,0.11593586206436157,0.8169999718666077,0.6230000257492065
YOR156C,YMR058W,0,-3.1592717,0.11591941118240356,0.8169999718666077,0.6230999827384949
YBR215W,YNL135C,1,-3.1594563,0.11604482680559158,0.8180000185966492,0.6230999827384949
YOL003C,YOR117W,0,-3.159603,0.11602836847305298,0.8180000185966492,0.623199999332428
YHL028W,YML112W,0,-3.1597433,0.11601191014051437,0.8180000185966492,0.6233000159263611
YNL314W,YKR060W,0,-3.1598957,0.11599545925855637,0.8180000185966492,0.6233999729156494
YJR066W,YGR221C,0,-3.160333,0.11597901582717896,0.8180000185966492,0.6234999895095825
YLR074C,YJL071W,0,-3.1603467,0.11596257239580154,0.8180000185966492,0.6236000061035156
YJL201W,YPR102C,0,-3.1604636,0.11594613641500473,0.8180000185966492,0.6237000226974487
YBR243C,YPL092W,0,-3.1604838,0.11592970788478851,0.8180000185966492,0.6237999796867371
YGR004W,YMR239C,0,-3.1607058,0.1159132793545723,0.8180000185966492,0.6238999962806702
YPL094C,YLR313C,0,-3.1608374,0.11589685827493668,0.8180000185966492,0.6240000128746033
YGL216W,YEL042W,0,-3.1609704,0.11588043719530106,0.8180000185966492,0.6241000294685364
YGR161C,YPL083C,0,-3.1610208,0.11586402356624603,0.8180000185966492,0.6241999864578247
YIL140W,YPR125W,0,-3.1610925,0.11584760993719101,0.8180000185966492,0.6243000030517578
YDR512C,YDR115W,0,-3.161205,0.11583121120929718,0.8180000185966492,0.6244000196456909
YDL024C,YPR125W,0,-3.1613998,0.11581481248140335,0.8180000185966492,0.6244999766349792
YPL028W,YDL209C,0,-3.1617346,0.11579841375350952,0.8180000185966492,0.6245999932289124
YOR112W,YLR196W,0,-3.1618361,0.11578202247619629,0.8180000185966492,0.6247000098228455
YLR055C,YLR013W,0,-3.1618662,0.11576563864946365,0.8180000185966492,0.6248000264167786
YOL003C,YHR170W,0,-3.1620865,0.11574925482273102,0.8180000185966492,0.6248999834060669
YPL084W,YER094C,0,-3.1621962,0.11573287844657898,0.8180000185966492,0.625
YNL218W,YER118C,0,-3.1626248,0.11571650952100754,0.8180000185966492,0.6251000165939331
YJL201W,YPR167C,0,-3.1627784,0.1157001405954361,0.8180000185966492,0.6251999735832214
YBL085W,YLR189C,0,-3.163248,0.11568377912044525,0.8180000185966492,0.6252999901771545
YOR237W,YIL101C,0,-3.1635633,0.1156674176454544,0.8180000185966492,0.6254000067710876
YDL247W,YBL011W,0,-3.1638112,0.11565107107162476,0.8180000185966492,0.6255000233650208
YDR221W,YHR098C,0,-3.1642373,0.11563471704721451,0.8180000185966492,0.6255999803543091
YNR033W,YLR132C,0,-3.1643078,0.11561837792396545,0.8180000185966492,0.6256999969482422
YML110C,YMR025W,0,-3.1643176,0.1156020313501358,0.8180000185966492,0.6258000135421753
YMR165C,YJL013C,0,-3.1646118,0.11558569967746735,0.8180000185966492,0.6258999705314636
YLL031C,YFL038C,0,-3.164623,0.11556936800479889,0.8180000185966492,0.6259999871253967
YGL225W,YBR118W,0,-3.1647952,0.11555304378271103,0.8180000185966492,0.6261000037193298
YDR334W,YNL135C,1,-3.1649976,0.11567796766757965,0.8190000057220459,0.6261000037193298
YOR174W,YCL029C,0,-3.165255,0.1156616285443306,0.8190000057220459,0.6262000203132629
YNR030W,YMR299C,0,-3.1656783,0.11564529687166214,0.8190000057220459,0.6262999773025513
YGR193C,YGR101W,0,-3.165772,0.11562897264957428,0.8190000057220459,0.6263999938964844
YAL059W,YML001W,0,-3.1658187,0.11561264842748642,0.8190000057220459,0.6265000104904175
YNR030W,YBR213W,0,-3.166182,0.11559633165597916,0.8190000057220459,0.6266000270843506
YFL058W,YEL042W,0,-3.1663904,0.1155800148844719,0.8190000057220459,0.6266999840736389
YHR007C,YMR212C,0,-3.1664069,0.11556370556354523,0.8190000057220459,0.626800000667572
YML057W,YLR466W,0,-3.1664593,0.11554740369319916,0.8190000057220459,0.6269000172615051
YER172C,YDR221W,0,-3.1666832,0.11553110182285309,0.8190000057220459,0.6269999742507935
YJR153W,YCR020C,0,-3.166788,0.11551480740308762,0.8190000057220459,0.6270999908447266
YJL179W,YGR183C,0,-3.166813,0.11549852043390274,0.8190000057220459,0.6272000074386597
YCR018C,YNL093W,0,-3.1670275,0.11548223346471786,0.8190000057220459,0.6273000240325928
YGL191W,YNL256W,0,-3.167287,0.11546595394611359,0.8190000057220459,0.6273999810218811
YER109C,YHR092C,0,-3.1674652,0.11544967442750931,0.8190000057220459,0.6274999976158142
YKL143W,YDR156W,0,-3.1674793,0.11543340235948563,0.8190000057220459,0.6276000142097473
YGR165W,YDL015C,0,-3.1675124,0.11541713774204254,0.8190000057220459,0.6276999711990356
YDL188C,YBR247C,0,-3.1676898,0.11540087312459946,0.8190000057220459,0.6277999877929688
YOL003C,YGL206C,0,-3.1677012,0.11538461595773697,0.8190000057220459,0.6279000043869019
YNL106C,YJR153W,0,-3.168111,0.11536835879087448,0.8190000057220459,0.628000020980835
YJR132W,YJR044C,0,-3.1681879,0.11535210907459259,0.8190000057220459,0.6280999779701233
YML104C,YOR150W,0,-3.1684926,0.1153358668088913,0.8190000057220459,0.6281999945640564
YHR007C,YJR156C,0,-3.1686072,0.1153196319937706,0.8190000057220459,0.6283000111579895
YLR013W,YFR027W,0,-3.1686115,0.1153033897280693,0.8190000057220459,0.6284000277519226
YMR292W,YOL158C,0,-3.1688342,0.1152871623635292,0.8190000057220459,0.6284999847412109
YMR186W,YNL236W,0,-3.1691954,0.1152709349989891,0.8190000057220459,0.628600001335144
YPR175W,YCR063W,0,-3.1692877,0.1152547150850296,0.8190000057220459,0.6287000179290771
YPL053C,YPR101W,0,-3.1696348,0.1152384951710701,0.8190000057220459,0.6287999749183655
YLL008W,YBR156C,0,-3.1701126,0.11522228270769119,0.8190000057220459,0.6288999915122986
YFL005W,YIL052C,0,-3.1702588,0.11520607769489288,0.8190000057220459,0.6290000081062317
YMR172W,YDR449C,0,-3.1704245,0.11518987268209457,0.8190000057220459,0.6291000247001648
YMR239C,YML075C,0,-3.1708717,0.11517367511987686,0.8190000057220459,0.6291999816894531
YHR111W,YLR013W,0,-3.1709347,0.11515747755765915,0.8190000057220459,0.6292999982833862
YNL313C,YNL001W,0,-3.171164,0.11514128744602203,0.8190000057220459,0.6294000148773193
YDL113C,YER147C,0,-3.1713324,0.11512510478496552,0.8190000057220459,0.6294999718666077
YDL247W,YMR212C,0,-3.171606,0.115108922123909,0.8190000057220459,0.6295999884605408
YML036W,YEL020W-A,0,-3.1716967,0.11509274691343307,0.8190000057220459,0.6297000050544739
YKL189W,YLR055C,0,-3.1719985,0.11507657915353775,0.8190000057220459,0.629800021648407
YDR299W,YNL283C,0,-3.1720066,0.11506041139364243,0.8190000057220459,0.6298999786376953
YGR020C,YIL140W,0,-3.1720498,0.1150442510843277,0.8190000057220459,0.6299999952316284
YBR188C,YCL038C,0,-3.1721168,0.11502809077501297,0.8190000057220459,0.6301000118255615
YKR029C,YNL135C,1,-3.1722436,0.11515236645936966,0.8199999928474426,0.6301000118255615
YBL099W,YOR116C,0,-3.1723866,0.11513619869947433,0.8199999928474426,0.6302000284194946
YBL100W-A,YNL314W,0,-3.1724958,0.11512003093957901,0.8199999928474426,0.630299985408783
YHR190W,YKR060W,0,-3.1726313,0.11510387063026428,0.8199999928474426,0.6304000020027161
YDR072C,YNL333W,0,-3.172787,0.11508771777153015,0.8199999928474426,0.6305000185966492
YBL071W-A,YMR303C,0,-3.1729026,0.11507157236337662,0.8199999928474426,0.6305999755859375
YJR077C,YEL053C,0,-3.1729481,0.11505541950464249,0.8199999928474426,0.6306999921798706
YKL141W,YER044C-A,0,-3.1730485,0.11503928154706955,0.8199999928474426,0.6308000087738037
YLR324W,YER044C-A,0,-3.173202,0.11502314358949661,0.8199999928474426,0.6309000253677368
YMR058W,YDR449C,0,-3.1732485,0.11500701308250427,0.8199999928474426,0.6309999823570251
YPL120W,YLR430W,0,-3.1741846,0.11499088257551193,0.8199999928474426,0.6310999989509583
YNL139C,YLR362W,0,-3.1743248,0.11497475951910019,0.8199999928474426,0.6312000155448914
YGL096W,YDR164C,0,-3.1744785,0.11495864391326904,0.8199999928474426,0.6312999725341797
YCR010C,YIL007C,0,-3.1745799,0.1149425283074379,0.8199999928474426,0.6313999891281128
YOR201C,YLR129W,0,-3.174608,0.11492642015218735,0.8199999928474426,0.6315000057220459
YML104C,YGL168W,0,-3.1747255,0.1149103119969368,0.8199999928474426,0.631600022315979
YKR085C,YNR057C,0,-3.1748857,0.11489421129226685,0.8199999928474426,0.6316999793052673
YGR092W,YJR059W,0,-3.1750767,0.11487811803817749,0.8199999928474426,0.6317999958992004
YNL233W,YER002W,0,-3.1752207,0.11486202478408813,0.8199999928474426,0.6319000124931335
YLR119W,YML019W,0,-3.1753871,0.11484593898057938,0.8199999928474426,0.6320000290870667
YDR507C,YDR023W,0,-3.1754982,0.11482985317707062,0.8199999928474426,0.632099986076355
YGR272C,YOR081C,0,-3.1756535,0.11481377482414246,0.8199999928474426,0.6322000026702881
YGR195W,YMR267W,0,-3.1757307,0.11479770392179489,0.8199999928474426,0.6323000192642212
YLR080W,YER105C,0,-3.17582,0.11478163301944733,0.8199999928474426,0.6323999762535095
YMR255W,YPL179W,0,-3.1760802,0.11476556956768036,0.8199999928474426,0.6324999928474426
YDR025W,YKR087C,0,-3.176687,0.11474951356649399,0.8199999928474426,0.6326000094413757
YHR166C,YGL043W,0,-3.1768694,0.11473345756530762,0.8199999928474426,0.6327000260353088
YOR237W,YGL028C,0,-3.17689,0.11471740156412125,0.8199999928474426,0.6327999830245972
YLR144C,YGR245C,0,-3.177125,0.11470136046409607,0.8199999928474426,0.6328999996185303
YGR272C,YMR093W,0,-3.1773155,0.1146853119134903,0.8199999928474426,0.6330000162124634
YGR077C,YNR043W,0,-3.1776447,0.11466927826404572,0.8199999928474426,0.6330999732017517
YLR039C,YJR137C,0,-3.1776824,0.11465324461460114,0.8199999928474426,0.6331999897956848
YML110C,YLR136C,0,-3.1778455,0.11463721841573715,0.8199999928474426,0.6333000063896179
YJL071W,YCR020C-A,0,-3.1778693,0.11462119221687317,0.8199999928474426,0.633400022983551
YGR098C,YPL002C,0,-3.1780457,0.11460517346858978,0.8199999928474426,0.6334999799728394
YPL015C,YIL150C,1,-3.1783724,0.1147288978099823,0.8209999799728394,0.6334999799728394
YPR193C,YDR225W,1,-3.1784642,0.11485259234905243,0.8220000267028809,0.6334999799728394
YER129W,YMR135C,0,-3.1784654,0.11483654379844666,0.8220000267028809,0.6335999965667725
YJL071W,YOR150W,0,-3.1784868,0.11482050269842148,0.8220000267028809,0.6337000131607056
YJR147W,YKL113C,0,-3.1787326,0.1148044690489769,0.8220000267028809,0.6338000297546387
YGR020C,YJL071W,0,-3.1790943,0.11478843539953232,0.8220000267028809,0.633899986743927
YFR001W,YKR034W,0,-3.1791112,0.11477240920066833,0.8220000267028809,0.6340000033378601
YGR089W,YGR112W,0,-3.1793015,0.11475639045238495,0.8220000267028809,0.6341000199317932
YDL056W,YHR098C,0,-3.1799312,0.11474037170410156,0.8220000267028809,0.6341999769210815
YDR306C,YGR172C,0,-3.1800923,0.11472435295581818,0.8220000267028809,0.6342999935150146
YDL247W,YDR138W,0,-3.1801455,0.11470834165811539,0.8220000267028809,0.6344000101089478
YPL112C,YAR015W,0,-3.1805077,0.1146923378109932,0.8220000267028809,0.6345000267028809
YLR071C,YJR105W,0,-3.1806755,0.1146763414144516,0.8220000267028809,0.6345999836921692
YOL033W,YKL130C,0,-3.180707,0.11466034501791,0.8220000267028809,0.6347000002861023
YLR390W-A,YLR119W,0,-3.1810017,0.11464434862136841,0.8220000267028809,0.6348000168800354
YJR153W,YER157W,0,-3.181346,0.114628367125988,0.8220000267028809,0.6348999738693237
YDR523C,YML006C,0,-3.18184,0.11461237818002701,0.8220000267028809,0.6349999904632568
YDL024C,YHL038C,0,-3.1819196,0.1145964041352272,0.8220000267028809,0.6351000070571899
YPL041C,YOR207C,0,-3.1820326,0.1145804300904274,0.8220000267028809,0.635200023651123
YLR330W,YER044C-A,0,-3.1821012,0.11456446349620819,0.8220000267028809,0.6352999806404114
YDL047W,YNL002C,0,-3.1821704,0.11454849690198898,0.8220000267028809,0.6353999972343445
YGR238C,YLR378C,0,-3.1822224,0.11453253775835037,0.8220000267028809,0.6355000138282776
YBL056W,YKL149C,0,-3.1823175,0.11451657861471176,0.8220000267028809,0.6355999708175659
YDR512C,YLR096W,0,-3.1823678,0.11450062692165375,0.8220000267028809,0.635699987411499
YDR011W,YLR390W-A,0,-3.1827986,0.11448468267917633,0.8220000267028809,0.6358000040054321
YDR436W,YJR055W,0,-3.1828995,0.11446873843669891,0.8220000267028809,0.6359000205993652
YOR316C,YER173W,0,-3.1829166,0.1144528016448021,0.8220000267028809,0.6359999775886536
YMR255W,YMR133W,0,-3.1829743,0.11443686485290527,0.8220000267028809,0.6360999941825867
YLR398C,YML007W,0,-3.1831553,0.11442093551158905,0.8220000267028809,0.6362000107765198
YMR165C,YER021W,0,-3.1833813,0.11440501362085342,0.8220000267028809,0.6363000273704529
YGR038W,YOR047C,0,-3.1835704,0.1143890917301178,0.8220000267028809,0.6363999843597412
YDR025W,YLR275W,0,-3.1835957,0.11437317728996277,0.8220000267028809,0.6365000009536743
YPR168W,YER104W,0,-3.1841471,0.11435726284980774,0.8220000267028809,0.6366000175476074
YNL139C,YCR031C,0,-3.1843767,0.1143413558602333,0.8220000267028809,0.6366999745368958
YPL065W,YOR187W,0,-3.1848059,0.11432544887065887,0.8220000267028809,0.6367999911308289
YKL188C,YIL115C,0,-3.1850536,0.11430955678224564,0.8220000267028809,0.636900007724762
YGL187C,YGR072W,0,-3.1859844,0.1142936572432518,0.8220000267028809,0.6370000243186951
YCR063W,YGL096W,0,-3.1860404,0.11427777260541916,0.8220000267028809,0.6370999813079834
YNL133C,YKR026C,0,-3.1861658,0.11426188796758652,0.8220000267028809,0.6371999979019165
YJL222W,YBL056W,0,-3.1862783,0.11424600332975388,0.8220000267028809,0.6373000144958496
YGR257C,YCR035C,0,-3.186356,0.11423012614250183,0.8220000267028809,0.6373999714851379
YLR376C,YAR014C,0,-3.1867173,0.11421425640583038,0.8220000267028809,0.637499988079071
YFL005W,YDR016C,0,-3.1869426,0.11419838666915894,0.8220000267028809,0.6376000046730042
YOL100W,YBL046W,0,-3.187038,0.11418252438306808,0.8220000267028809,0.6377000212669373
YLR383W,YML075C,0,-3.1871793,0.11416666954755783,0.8220000267028809,0.6377999782562256
YNL272C,YLR075W,0,-3.187188,0.11415081471204758,0.8220000267028809,0.6378999948501587
YOR231W,YIL135C,0,-3.1874318,0.11413495987653732,0.8220000267028809,0.6380000114440918
YNL049C,YBR080C,0,-3.1875265,0.11411911994218826,0.8220000267028809,0.6381000280380249
YMR129W,YOL111C,0,-3.187613,0.1141032725572586,0.8220000267028809,0.6381999850273132
YJR137C,YDL005C,0,-3.1876595,0.11408744007349014,0.8220000267028809,0.6383000016212463
YPR139C,YHR190W,0,-3.187746,0.11407160758972168,0.8220000267028809,0.6384000182151794
YOL006C,YDR225W,1,-3.187776,0.11419453471899033,0.8230000138282776,0.6384000182151794
YOR317W,YNR007C,0,-3.1877913,0.11417868733406067,0.8230000138282776,0.6384999752044678
YFR001W,YLR378C,0,-3.1878395,0.1141628548502922,0.8230000138282776,0.6385999917984009
YKL143W,YCR020C-A,0,-3.1884418,0.11414701491594315,0.8230000138282776,0.638700008392334
YDR252W,YLR451W,0,-3.1885276,0.11413118988275528,0.8230000138282776,0.6388000249862671
YGL017W,YKL145W,0,-3.1886888,0.11411536484956741,0.8230000138282776,0.6388999819755554
YGL120C,YIR008C,0,-3.188923,0.11409953981637955,0.8230000138282776,0.6389999985694885
YDR295C,YCR052W,1,-3.1895952,0.11422234773635864,0.8240000009536743,0.6389999985694885
YPL037C,YBR244W,0,-3.1898847,0.11420651525259018,0.8240000009536743,0.6391000151634216
YOL158C,YML016C,0,-3.1898904,0.11419069021940231,0.8240000009536743,0.63919997215271
YDL224C,YER029C,0,-3.1899135,0.11417486518621445,0.8240000009536743,0.6392999887466431
YOR178C,YGR178C,0,-3.1901183,0.11415904760360718,0.8240000009536743,0.6394000053405762
YBR135W,YOR259C,0,-3.1902227,0.11414323002099991,0.8240000009536743,0.6395000219345093
YDL005C,YKL213C,0,-3.1904645,0.11412742733955383,0.8240000009536743,0.6395999789237976
YBR243C,YJR052W,0,-3.1904955,0.11411161720752716,0.8240000009536743,0.6396999955177307
YIL140W,YJR137C,0,-3.1907654,0.11409582197666168,0.8240000009536743,0.6398000121116638
YHR143W,YNL291C,0,-3.1907916,0.1140800192952156,0.8240000009536743,0.6399000287055969
YGR103W,YLL031C,0,-3.1909063,0.11406423151493073,0.8240000009536743,0.6399999856948853
YAL020C,YLR430W,0,-3.1909335,0.11404844373464584,0.8240000009536743,0.6401000022888184
YIR028W,YER100W,0,-3.1909828,0.11403266340494156,0.8240000009536743,0.6402000188827515
YGR038W,YPL036W,0,-3.191033,0.11401688307523727,0.8240000009536743,0.6402999758720398
YPL266W,YGL216W,0,-3.191619,0.11400111019611359,0.8240000009536743,0.6403999924659729
YDL153C,YMR127C,1,-3.191638,0.11412367224693298,0.824999988079071,0.6403999924659729
YFR001W,YDR115W,0,-3.1917386,0.1141078844666481,0.824999988079071,0.640500009059906
YLR363C,YJR021C,0,-3.1920059,0.11409210413694382,0.824999988079071,0.6406000256538391
YLL035W,YLR154C,0,-3.1920342,0.11407632380723953,0.824999988079071,0.6406999826431274
YJL219W,YLR275W,0,-3.1920671,0.11406055837869644,0.824999988079071,0.6407999992370605
YKL026C,YGL183C,0,-3.1924229,0.11404478549957275,0.824999988079071,0.6409000158309937
YBR043C,YNR060W,0,-3.1929607,0.11402902752161026,0.824999988079071,0.640999972820282
YDR073W,YER120W,1,-3.1930017,0.11415146291255951,0.8259999752044678,0.640999972820282
YPR056W,YHR190W,0,-3.1930246,0.11413569003343582,0.8259999752044678,0.6410999894142151
YNL232W,YJR094C,0,-3.1930504,0.11411992460489273,0.8259999752044678,0.6412000060081482
YOR054C,YLR190W,0,-3.1931748,0.11410415917634964,0.8259999752044678,0.6413000226020813
YFR036W,YGL120C,0,-3.193871,0.11408840119838715,0.8259999752044678,0.6413999795913696
YNL313C,YLR113W,0,-3.193964,0.11407264322042465,0.8259999752044678,0.6414999961853027
YBL082C,YIL110W,0,-3.1941462,0.11405689269304276,0.8259999752044678,0.6416000127792358
YJR035W,YDR449C,0,-3.194448,0.11404114216566086,0.8259999752044678,0.641700029373169
YHR164C,YCR026C,0,-3.194467,0.11402539908885956,0.8259999752044678,0.6417999863624573
YHR058C,YIR028W,0,-3.1946285,0.11400966346263885,0.8259999752044678,0.6419000029563904
YGR103W,YOR298W,0,-3.1947203,0.11399392783641815,0.8259999752044678,0.6420000195503235
YER172C,YOR145C,0,-3.194997,0.11397819966077805,0.8259999752044678,0.6420999765396118
YCR035C,YMR059W,0,-3.1950898,0.11396247148513794,0.8259999752044678,0.6421999931335449
YPL204W,YDL118W,0,-3.195091,0.11394675076007843,0.8259999752044678,0.642300009727478
YHL028W,YDR192C,0,-3.19526,0.11393103748559952,0.8259999752044678,0.6424000263214111
YCR063W,YML058W,0,-3.195383,0.1139153242111206,0.8259999752044678,0.6424999833106995
YML057W,YOR288C,0,-3.1954496,0.1138996109366417,0.8259999752044678,0.6425999999046326
YER104W,YPR041W,0,-3.1959953,0.11388391256332397,0.8259999752044678,0.6427000164985657
YHR065C,YDL165W,0,-3.1962173,0.11386821419000626,0.8259999752044678,0.642799973487854
YLR113W,YHR098C,0,-3.1965437,0.11385251581668854,0.8259999752044678,0.6428999900817871
YDR339C,YER145C,0,-3.1965451,0.11383682489395142,0.8259999752044678,0.6430000066757202
YNL261W,YHR056C,1,-3.196723,0.113958939909935,0.8270000219345093,0.6430000066757202
YKL143W,YDL247W,0,-3.1968546,0.11394323408603668,0.8270000219345093,0.6431000232696533
YHR079C,YJR077C,0,-3.1970856,0.11392753571271896,0.8270000219345093,0.6431999802589417
YDR011W,YJL140W,0,-3.1974568,0.11391184478998184,0.8270000219345093,0.6432999968528748
YDR494W,YGL168W,0,-3.1977293,0.11389615386724472,0.8270000219345093,0.6434000134468079
YGL094C,YMR241W,0,-3.197895,0.1138804703950882,0.8270000219345093,0.6434999704360962
YLR189C,YKL113C,0,-3.198184,0.11386479437351227,0.8270000219345093,0.6435999870300293
YER083C,YOR253W,0,-3.198453,0.11384911835193634,0.8270000219345093,0.6437000036239624
YOR353C,YJR105W,0,-3.198694,0.11383344978094101,0.8270000219345093,0.6438000202178955
YJL106W,YDL065C,0,-3.1986966,0.11381778120994568,0.8270000219345093,0.6438999772071838
YIL140W,YBR084W,0,-3.1988692,0.11380212008953094,0.8270000219345093,0.6439999938011169
YML121W,YMR163C,0,-3.198969,0.11378645896911621,0.8270000219345093,0.64410001039505
YLR071C,YER002W,0,-3.1990118,0.11377080529928207,0.8270000219345093,0.6442000269889832
YAR035W,YDR069C,0,-3.1991887,0.11375515908002853,0.8270000219345093,0.6442999839782715
YDR120C,YIR008C,0,-3.1992512,0.113739512860775,0.8270000219345093,0.6444000005722046
YDR113C,YBR117C,0,-3.1992803,0.11372387409210205,0.8270000219345093,0.6445000171661377
YAR003W,YCR052W,1,-3.199285,0.11384572833776474,0.828000009059906,0.6445000171661377
YHR088W,YOR089C,0,-3.2000272,0.1138300821185112,0.828000009059906,0.644599974155426
YMR145C,YCR018C,0,-3.2000356,0.11381443589925766,0.828000009059906,0.6446999907493591
YPL094C,YEL020W-A,0,-3.2001443,0.11379878968000412,0.828000009059906,0.6448000073432922
YDR194C,YNL256W,0,-3.200451,0.11378315091133118,0.828000009059906,0.6449000239372253
YPR193C,YOR244W,1,-3.2005231,0.1139049157500267,0.8289999961853027,0.6449000239372253
YJR121W,YIL062C,0,-3.2007565,0.11388926953077316,0.8289999961853027,0.6449999809265137
YGL233W,YOR054C,0,-3.2009802,0.11387362331151962,0.8289999961853027,0.6450999975204468
YDR492W,YNL080C,0,-3.201024,0.11385798454284668,0.8289999961853027,0.6452000141143799
YGR172C,YDR164C,0,-3.2011874,0.11384235322475433,0.8289999961853027,0.6452999711036682
YOR153W,YDL108W,0,-3.2014198,0.11382672190666199,0.8289999961853027,0.6453999876976013
YLR450W,YLR378C,0,-3.201459,0.11381109058856964,0.8289999961853027,0.6455000042915344
YLR226W,YGR172C,0,-3.2015355,0.11379546672105789,0.8289999961853027,0.6456000208854675
YIR028W,YGL113W,0,-3.201963,0.11377985030412674,0.8289999961853027,0.6456999778747559
YPL243W,YML058W,0,-3.2020164,0.11376424133777618,0.8289999961853027,0.645799994468689
YDR080W,YLR362W,0,-3.2020483,0.11374862492084503,0.8289999961853027,0.6459000110626221
YER026C,YJL012C,0,-3.2021265,0.11373302340507507,0.8289999961853027,0.6460000276565552
YGL253W,YHR098C,0,-3.2021713,0.11371742188930511,0.8289999961853027,0.6460999846458435
YHR143W,YLR113W,0,-3.2022753,0.11370182782411575,0.8289999961853027,0.6462000012397766
YDR463W,YOR231W,0,-3.2022853,0.11368623375892639,0.8289999961853027,0.6463000178337097
YGR077C,YER036C,0,-3.202572,0.11367063969373703,0.8289999961853027,0.646399974822998
YJL110C,YGR037C,0,-3.2026796,0.11365506052970886,0.8289999961853027,0.6464999914169312
YLR229C,YGL130W,0,-3.2026815,0.1136394813656807,0.8289999961853027,0.6466000080108643
YDR412W,YOR305W,0,-3.2028613,0.11362390220165253,0.8289999961853027,0.6467000246047974
YKR037C,YDL024C,0,-3.2029471,0.11360833048820496,0.8289999961853027,0.6467999815940857
YDR512C,YKL188C,0,-3.2031221,0.11359276622533798,0.8289999961853027,0.6468999981880188
YHR206W,YGL183C,0,-3.2036285,0.11357720196247101,0.8289999961853027,0.6470000147819519
YBL090W,YDL118W,0,-3.2036335,0.11356164515018463,0.8289999961853027,0.6470999717712402
YBL030C,YJL112W,0,-3.2036443,0.11354608833789825,0.8289999961853027,0.6471999883651733
YOR153W,YJL187C,0,-3.2038617,0.11353053897619247,0.8289999961853027,0.6473000049591064
YNL119W,YBL074C,0,-3.2040565,0.11351499706506729,0.8289999961853027,0.6474000215530396
YDR025W,YMR207C,0,-3.2040944,0.11349945515394211,0.8289999961853027,0.6474999785423279
YGR209C,YBR084W,0,-3.2042387,0.11348391324281693,0.8289999961853027,0.647599995136261
YJR077C,YOR207C,0,-3.2045565,0.11346837878227234,0.8289999961853027,0.6477000117301941
YKR037C,YML130C,0,-3.204739,0.11345285177230835,0.8289999961853027,0.6478000283241272
YBL015W,YLR126C,0,-3.2047772,0.11343733221292496,0.8289999961853027,0.6478999853134155
YER062C,YDR080W,0,-3.2047796,0.11342180520296097,0.8289999961853027,0.6480000019073486
YLR427W,YOR117W,0,-3.204822,0.11340629309415817,0.8289999961853027,0.6481000185012817
YML011C,YKL084W,0,-3.2048492,0.11339078098535538,0.8289999961853027,0.6481999754905701
YNL156C,YLR013W,0,-3.2049642,0.11337527632713318,0.8289999961853027,0.6482999920845032
YGL158W,YPR051W,0,-3.2051961,0.11335977166891098,0.8289999961853027,0.6484000086784363
YKL141W,YOR067C,0,-3.2053576,0.11334427446126938,0.8289999961853027,0.6485000252723694
YGR142W,YGR278W,0,-3.2054343,0.11332877725362778,0.8289999961853027,0.6485999822616577
YGR103W,YDR194C,0,-3.2056966,0.11331328749656677,0.8289999961853027,0.6486999988555908
YAL020C,YHR129C,0,-3.2056983,0.11329779773950577,0.8289999961853027,0.6488000154495239
YHR058C,YDR039C,0,-3.2057421,0.11328231543302536,0.8289999961853027,0.6488999724388123
YNL015W,YLR383W,0,-3.2058167,0.11326684057712555,0.8289999961853027,0.6489999890327454
YER157W,YGR175C,0,-3.2058268,0.11325136572122574,0.8289999961853027,0.6491000056266785
YGL158W,YPR139C,0,-3.2058697,0.11323589831590652,0.8289999961853027,0.6492000222206116
YDR292C,YIL019W,0,-3.2063322,0.11322043091058731,0.8289999961853027,0.6492999792098999
YNL218W,YOR067C,0,-3.2065241,0.1132049709558487,0.8289999961853027,0.649399995803833
YAL068C,YOL125W,0,-3.2066226,0.11318951100111008,0.8289999961853027,0.6495000123977661
YBR117C,YNL333W,0,-3.206686,0.11317405849695206,0.8289999961853027,0.6496000289916992
YJL186W,YGL038C,0,-3.2069235,0.11315861344337463,0.8289999961853027,0.6496999859809875
YJL030W,YGR231C,0,-3.2071114,0.11314316838979721,0.8289999961853027,0.6498000025749207
YNL218W,YHR092C,0,-3.2072196,0.11312773078680038,0.8289999961853027,0.6499000191688538
YDR419W,YNL333W,0,-3.2076597,0.11311229318380356,0.8289999961853027,0.6499999761581421
YBL090W,YML019W,0,-3.2077599,0.11309686303138733,0.8289999961853027,0.6500999927520752
YNR016C,YCR092C,0,-3.207792,0.1130814328789711,0.8289999961853027,0.6502000093460083
YIL125W,YMR207C,0,-3.207853,0.11306601017713547,0.8289999961853027,0.6503000259399414
YOR353C,YLR167W,0,-3.2080493,0.11305059492588043,0.8289999961853027,0.6503999829292297
YOR279C,YLR449W,1,-3.2081742,0.1131715327501297,0.8299999833106995,0.6503999829292297
YAR003W,YHR056C,1,-3.2082272,0.11329243332147598,0.8309999704360962,0.6503999829292297
YFL005W,YNR058W,0,-3.2082949,0.11327698826789856,0.8309999704360962,0.6504999995231628
YKL125W,YER157W,0,-3.2082958,0.11326155066490173,0.8309999704360962,0.650600016117096
YNL247W,YBR035C,0,-3.208486,0.11324611306190491,0.8309999704360962,0.6506999731063843
YPL120W,YKL148C,0,-3.208798,0.11323068290948868,0.8309999704360962,0.6507999897003174
YDR110W,YMR127C,1,-3.2088723,0.1133515015244484,0.8320000171661377,0.6507999897003174
YJL176C,YDR225W,1,-3.2088761,0.11347227543592453,0.8330000042915344,0.6507999897003174
YPR024W,YMR025W,0,-3.2088947,0.11345682293176651,0.8330000042915344,0.6509000062942505
YDL247W,YDL159W,0,-3.2089515,0.11344137042760849,0.8330000042915344,0.6510000228881836
YHR058C,YJL005W,0,-3.2089734,0.11342592537403107,0.8330000042915344,0.6510999798774719
YKL143W,YGR231C,0,-3.209084,0.11341048032045364,0.8330000042915344,0.651199996471405
YGL233W,YBR069C,0,-3.2091985,0.11339504271745682,0.8330000042915344,0.6513000130653381
YHL012W,YGR165W,0,-3.2092981,0.11337961256504059,0.8330000042915344,0.6514000296592712
YGL254W,YLR324W,0,-3.2096612,0.11336418241262436,0.8330000042915344,0.6514999866485596
YOL077C,YML104C,0,-3.2097673,0.11334875226020813,0.8330000042915344,0.6516000032424927
YER122C,YOL111C,0,-3.2097807,0.1133333370089531,0.8330000042915344,0.6517000198364258
YML085C,YFL058W,0,-3.2097888,0.11331791430711746,0.8330000042915344,0.6517999768257141
YJL219W,YAL055W,0,-3.2105474,0.11330249905586243,0.8330000042915344,0.6518999934196472
YPR176C,YGL086W,0,-3.210818,0.11328709125518799,0.8330000042915344,0.6520000100135803
YGR103W,YLR013W,0,-3.2109058,0.11327169090509415,0.8330000042915344,0.6521000266075134
YJL187C,YLR129W,0,-3.211204,0.1132562905550003,0.8330000042915344,0.6521999835968018
YLR383W,YKL213C,0,-3.2112637,0.11324089020490646,0.8330000042915344,0.6523000001907349
YOR028C,YOR081C,0,-3.211346,0.11322549730539322,0.8330000042915344,0.652400016784668
YBL090W,YLR132C,0,-3.2114367,0.11321011185646057,0.8330000042915344,0.6524999737739563
YKL213C,YMR059W,0,-3.2116354,0.11319472640752792,0.8330000042915344,0.6525999903678894
YGL047W,YDR079W,0,-3.2118716,0.11317934840917587,0.8330000042915344,0.6527000069618225
YPL084W,YBR117C,0,-3.2119317,0.11316397041082382,0.8330000042915344,0.6528000235557556
YJL080C,YDR224C,1,-3.211959,0.11328443139791489,0.8339999914169312,0.6528000235557556
YDR294C,YMR227C,0,-3.2120438,0.11326904594898224,0.8339999914169312,0.652899980545044
YPR143W,YGR286C,0,-3.2120976,0.11325366795063019,0.8339999914169312,0.652999997138977
YJL106W,YFL055W,0,-3.2120981,0.11323828995227814,0.8339999914169312,0.6531000137329102
YML043C,YLR226W,0,-3.212108,0.11322291940450668,0.8339999914169312,0.6531999707221985
YLR390W-A,YKL206C,0,-3.2122588,0.11320754885673523,0.8339999914169312,0.6532999873161316
YPL276W,YLR080W,0,-3.2123582,0.11319218575954437,0.8339999914169312,0.6534000039100647
YJR153W,YPL041C,0,-3.2123816,0.11317682266235352,0.8339999914169312,0.6535000205039978
YDR080W,YGR175C,0,-3.2124577,0.11316146701574326,0.8339999914169312,0.6535999774932861
YJR053W,YDL209C,0,-3.2124796,0.113146111369133,0.8339999914169312,0.6536999940872192
YOL077C,YDR092W,0,-3.212679,0.11313076317310333,0.8339999914169312,0.6538000106811523
YOR143C,YML001W,0,-3.212867,0.11311542242765427,0.8339999914169312,0.6539000272750854
YGR209C,YJR105W,0,-3.2133453,0.1131000816822052,0.8339999914169312,0.6539999842643738
YER143W,YGR193C,0,-3.213508,0.11308474838733673,0.8339999914169312,0.6541000008583069
YPL254W,YHR056C,1,-3.2136564,0.11320498585700989,0.8349999785423279,0.6541000008583069
YOL076W,YKL082C,0,-3.2136827,0.11318964511156082,0.8349999785423279,0.65420001745224
YJR147W,YEL069C,0,-3.2141256,0.11317430436611176,0.8349999785423279,0.6542999744415283
YCL067C,YER103W,0,-3.214172,0.11315896362066269,0.8349999785423279,0.6543999910354614
YPL276W,YLR092W,0,-3.2141807,0.11314363032579422,0.8349999785423279,0.6545000076293945
YLL008W,YKL145W,0,-3.214413,0.11312830448150635,0.8349999785423279,0.6546000242233276
YNL232W,YGR245C,0,-3.2145996,0.11311297863721848,0.8349999785423279,0.654699981212616
YHR088W,YMR025W,0,-3.2147088,0.1130976602435112,0.8349999785423279,0.6547999978065491
YLR221C,YCR026C,0,-3.2149553,0.11308234184980392,0.8349999785423279,0.6549000144004822
YBL071W-A,YFR050C,0,-3.2149582,0.11306703090667725,0.8349999785423279,0.6549999713897705
YNL048W,YJL005W,0,-3.2153678,0.11305171996355057,0.8349999785423279,0.6550999879837036
YKL130C,YOR341W,0,-3.2153935,0.11303641647100449,0.8349999785423279,0.6552000045776367
YJL071W,YEL042W,0,-3.2154398,0.1130211129784584,0.8349999785423279,0.6553000211715698
YLR376C,YDL047W,0,-3.2155027,0.11300581693649292,0.8349999785423279,0.6553999781608582
YKL188C,YDR038C,0,-3.2156856,0.11299052834510803,0.8349999785423279,0.6554999947547913
YOL011W,YOR112W,0,-3.2157357,0.11297523975372314,0.8349999785423279,0.6556000113487244
YOR372C,YBR188C,0,-3.21574,0.11295995861291885,0.8349999785423279,0.6557000279426575
YHR108W,YDL007W,0,-3.2158203,0.11294467747211456,0.8349999785423279,0.6557999849319458
YDR449C,YML001W,0,-3.216032,0.11292940378189087,0.8349999785423279,0.6559000015258789
YLR092W,YLR115W,0,-3.2165234,0.11291413009166718,0.8349999785423279,0.656000018119812
YGR253C,YPR110C,0,-3.216743,0.11289886385202408,0.8349999785423279,0.6560999751091003
YNL313C,YOR178C,0,-3.2170334,0.11288360506296158,0.8349999785423279,0.6561999917030334
YDR192C,YOR341W,0,-3.2171283,0.11286834627389908,0.8349999785423279,0.6563000082969666
YPR193C,YNL216W,1,-3.2173572,0.11298824101686478,0.8360000252723694,0.6563000082969666
YPL120W,YNL256W,0,-3.2173693,0.11297297477722168,0.8360000252723694,0.6564000248908997
YEL024W,YJR013W,0,-3.2177808,0.11295770853757858,0.8360000252723694,0.656499981880188
YOL100W,YJL073W,0,-3.2177935,0.11294244974851608,0.8360000252723694,0.6565999984741211
YOR231W,YML104C,0,-3.217795,0.11292719095945358,0.8360000252723694,0.6567000150680542
YNR043W,YAL059W,0,-3.217964,0.11291193962097168,0.8360000252723694,0.6567999720573425
YGR080W,YOL100W,0,-3.2179694,0.11289668828248978,0.8360000252723694,0.6568999886512756
YBL071W-A,YNL297C,0,-3.217979,0.11288144439458847,0.8360000252723694,0.6570000052452087
YER172C,YGR089W,0,-3.2180128,0.11286620795726776,0.8360000252723694,0.6571000218391418
YML042W,YOR187W,0,-3.2180734,0.11285097151994705,0.8360000252723694,0.6571999788284302
YML074C,YHR176W,0,-3.2181149,0.11283574253320694,0.8360000252723694,0.6572999954223633
YLR047C,YLR132C,0,-3.2181687,0.11282051354646683,0.8360000252723694,0.6574000120162964
YGR077C,YDR043C,0,-3.2186308,0.11280529201030731,0.8360000252723694,0.6575000286102295
YOR143C,YGR037C,0,-3.2188046,0.1127900704741478,0.8360000252723694,0.6575999855995178
YJR121W,YOR150W,0,-3.21908,0.11277485638856888,0.8360000252723694,0.6577000021934509
YPL249C,YIL062C,0,-3.2191603,0.11275964230298996,0.8360000252723694,0.657800018787384
YML110C,YMR239C,0,-3.2192295,0.11274443566799164,0.8360000252723694,0.6578999757766724
YGR089W,YLR113W,0,-3.2192845,0.11272923648357391,0.8360000252723694,0.6579999923706055
YOL158C,YPR186C,0,-3.2193136,0.11271403729915619,0.8360000252723694,0.6581000089645386
YDL224C,YFL055W,0,-3.2198539,0.11269883811473846,0.8360000252723694,0.6582000255584717
YDR072C,YLR363C,0,-3.2198822,0.11268364638090134,0.8360000252723694,0.65829998254776
YDR517W,YJL002C,0,-3.2198908,0.1126684620976448,0.8360000252723694,0.6583999991416931
YBL082C,YMR163C,0,-3.2199275,0.11265327781438828,0.8360000252723694,0.6585000157356262
YOL011W,YGR112W,0,-3.220022,0.11263810098171234,0.8360000252723694,0.6585999727249146
YKL141W,YJR021C,0,-3.2200541,0.112622931599617,0.8360000252723694,0.6586999893188477
YBL011W,YOR033C,0,-3.2208025,0.11260776221752167,0.8360000252723694,0.6588000059127808
YDR523C,YLR130C,0,-3.22097,0.11259259283542633,0.8360000252723694,0.6589000225067139
YDL247W,YDR023W,0,-3.2209873,0.11257743090391159,0.8360000252723694,0.6589999794960022
YPR175W,YLR092W,0,-3.2210488,0.11256227642297745,0.8360000252723694,0.6590999960899353
YKR037C,YDR039C,0,-3.2210665,0.1125471219420433,0.8360000252723694,0.6592000126838684
YOR359W,YAL038W,0,-3.221205,0.11253196746110916,0.8360000252723694,0.6593000292778015
YJR153W,YJL110C,0,-3.221294,0.11251682043075562,0.8360000252723694,0.6593999862670898
YIR028W,YJR143C,0,-3.2215574,0.11250168085098267,0.8360000252723694,0.659500002861023
YMR093W,YHL020C,0,-3.2217348,0.11248654127120972,0.8360000252723694,0.659600019454956
YHR038W,YJR105W,0,-3.222036,0.11247140914201736,0.8360000252723694,0.6596999764442444
YNL169C,YDR039C,0,-3.2220879,0.11245628446340561,0.8360000252723694,0.6597999930381775
YHL034C,YHR077C,0,-3.2223992,0.11244115978479385,0.8360000252723694,0.6599000096321106
YDR512C,YGL254W,0,-3.2225223,0.1124260351061821,0.8360000252723694,0.6600000262260437
YML016C,YPL019C,0,-3.2227006,0.11241091787815094,0.8360000252723694,0.660099983215332
YPR024W,YML057W,0,-3.2227025,0.11239580810070038,0.8360000252723694,0.6601999998092651
YMR100W,YBR034C,0,-3.222913,0.11238069832324982,0.8360000252723694,0.6603000164031982
YER147C,YKL014C,0,-3.2230802,0.11236558854579926,0.8360000252723694,0.6603999733924866
YOR298W,YDR192C,0,-3.2231207,0.11235049366950989,0.8360000252723694,0.6604999899864197
YMR292W,YDR115W,0,-3.2236345,0.11233539134263992,0.8360000252723694,0.6606000065803528
YLR324W,YJR059W,0,-3.2240663,0.11232030391693115,0.8360000252723694,0.6607000231742859
YGL251C,YML001W,0,-3.224537,0.11230520904064178,0.8360000252723694,0.6607999801635742
YGR020C,YNL163C,0,-3.2254422,0.11229012906551361,0.8360000252723694,0.6608999967575073
YPL175W,YHR133C,0,-3.2255526,0.11227504909038544,0.8360000252723694,0.6610000133514404
YBR070C,YHL007C,0,-3.226303,0.11225996911525726,0.8360000252723694,0.6610999703407288
YJR153W,YAL059W,0,-3.2263417,0.11224489659070969,0.8360000252723694,0.6611999869346619
YBL052C,YHR056C,1,-3.2264318,0.11236407607793808,0.8370000123977661,0.6611999869346619
YMR255W,YLR354C,0,-3.226637,0.1123489961028099,0.8370000123977661,0.661300003528595
YGL051W,YKL052C,0,-3.2267125,0.11233391612768173,0.8370000123977661,0.6614000201225281
YMR133W,YHR129C,0,-3.226836,0.11231884360313416,0.8370000123977661,0.6614999771118164
YKR050W,YMR239C,0,-3.2271628,0.11230377107858658,0.8370000123977661,0.6615999937057495
YNL049C,YCR010C,0,-3.2271743,0.1122887060046196,0.8370000123977661,0.6617000102996826
YFR027W,YGR241C,0,-3.2272482,0.11227364093065262,0.8370000123977661,0.6618000268936157
YLL008W,YER044C-A,0,-3.22729,0.11225858330726624,0.8370000123977661,0.661899983882904
YGR020C,YGL211W,0,-3.2274375,0.11224353313446045,0.8370000123977661,0.6620000004768372
YER172C,YDL207W,0,-3.227488,0.11222848296165466,0.8370000123977661,0.6621000170707703
YER147C,YJR053W,0,-3.2276578,0.11221343278884888,0.8370000123977661,0.6621999740600586
YMR322C,YHR088W,0,-3.2277255,0.11219839006662369,0.8370000123977661,0.6622999906539917
YCR047C,YGR241C,0,-3.2277815,0.1121833547949791,0.8370000123977661,0.6624000072479248
YER171W,YHL024W,0,-3.2280092,0.1121683195233345,0.8370000123977661,0.6625000238418579
YOR231W,YFL058W,0,-3.2280343,0.11215329170227051,0.8370000123977661,0.6625999808311462
YCR010C,YEL053C,0,-3.2280436,0.11213826388120651,0.8370000123977661,0.6626999974250793
YOL033W,YBR080C,0,-3.2283728,0.11212324351072311,0.8370000123977661,0.6628000140190125
YNL051W,YKR099W,0,-3.2284355,0.11210822314023972,0.8370000123977661,0.6628999710083008
YLR144C,YOR207C,0,-3.2285252,0.11209321022033691,0.8370000123977661,0.6629999876022339
YCL067C,YGL022W,0,-3.2287443,0.11207819730043411,0.8370000123977661,0.663100004196167
YHR143W,YHR094C,0,-3.2291675,0.11206319183111191,0.8370000123977661,0.6632000207901001
YOL149W,YOR187W,0,-3.2292376,0.1120481938123703,0.8370000123977661,0.6632999777793884
YER027C,YJR143C,0,-3.2295256,0.11203319579362869,0.8370000123977661,0.6633999943733215
YER061C,YML104C,0,-3.2296154,0.11201819777488708,0.8370000123977661,0.6635000109672546
YFR001W,YJL029C,0,-3.2297442,0.11200321465730667,0.8370000123977661,0.6636000275611877
YML077W,YFL058W,0,-3.2297463,0.11198822408914566,0.8370000123977661,0.6636999845504761
YLR119W,YBR265W,0,-3.2297535,0.11197324097156525,0.8370000123977661,0.6638000011444092
YCL067C,YOR081C,0,-3.2299445,0.11195826530456543,0.8370000123977661,0.6639000177383423
YNL283C,YAR035W,0,-3.2300334,0.11194328963756561,0.8370000123977661,0.6639999747276306
YJL106W,YNR016C,0,-3.2302418,0.11192832142114639,0.8370000123977661,0.6640999913215637
YJR137C,YGL225W,0,-3.2302532,0.11191336065530777,0.8370000123977661,0.6642000079154968
YFR027W,YNR007C,0,-3.2304854,0.11189839243888855,0.8370000123977661,0.6643000245094299
YMR292W,YGR278W,0,-3.230531,0.11188343912363052,0.8370000123977661,0.6643999814987183
YKL141W,YPL065W,0,-3.2305875,0.1118684858083725,0.8370000123977661,0.6644999980926514
YGR103W,YOR151C,0,-3.2309265,0.11185353249311447,0.8370000123977661,0.6646000146865845
YML110C,YHR178W,0,-3.2310467,0.11183858662843704,0.8370000123977661,0.6646999716758728
YMR168C,YPR093C,0,-3.2312016,0.11182364821434021,0.8370000123977661,0.6647999882698059
YHR079C,YLR354C,0,-3.231285,0.11180870980024338,0.8370000123977661,0.664900004863739
YPL204W,YGR038W,0,-3.231343,0.11179377883672714,0.8370000123977661,0.6650000214576721
YOR237W,YOR207C,0,-3.2316537,0.11177884787321091,0.8370000123977661,0.6650999784469604
YPL243W,YNL297C,0,-3.2320127,0.11176391690969467,0.8370000123977661,0.6651999950408936
YIL052C,YKR083C,0,-3.2322583,0.11174900084733963,0.8370000123977661,0.6653000116348267
YER118C,YGR172C,0,-3.232338,0.11173407733440399,0.8370000123977661,0.6654000282287598
YOR261C,YBR080C,0,-3.2324264,0.11171916872262955,0.8370000123977661,0.6654999852180481
YMR192W,YLR466W,0,-3.2325654,0.1117042601108551,0.8370000123977661,0.6656000018119812
YNL287W,YBR084W,0,-3.2328653,0.11168935149908066,0.8370000123977661,0.6657000184059143
YML011C,YOR298W,0,-3.2328777,0.11167445033788681,0.8370000123977661,0.6657999753952026
YDR045C,YHR092C,0,-3.2330055,0.11165954917669296,0.8370000123977661,0.6658999919891357
YNR030W,YHR038W,0,-3.233069,0.11164465546607971,0.8370000123977661,0.6660000085830688
YPL249C,YPL213W,0,-3.2331753,0.11162976920604706,0.8370000123977661,0.666100025177002
YNR058W,YLR115W,0,-3.233315,0.1116148829460144,0.8370000123977661,0.6661999821662903
YDR194C,YHR190W,0,-3.2333994,0.11159999668598175,0.8370000123977661,0.6662999987602234
YLR376C,YKR034W,0,-3.2334912,0.11158512532711029,0.8370000123977661,0.6664000153541565
YDR492W,YDL095W,0,-3.2334914,0.11157024651765823,0.8370000123977661,0.6664999723434448
YOR261C,YLR092W,0,-3.2335577,0.11155537515878677,0.8370000123977661,0.6665999889373779
YDR512C,YDR217C,0,-3.233645,0.11154051125049591,0.8370000123977661,0.666700005531311
YML042W,YLL031C,0,-3.2336652,0.11152564734220505,0.8370000123977661,0.6668000221252441
YML118W,YNL325C,0,-3.2336655,0.11151079088449478,0.8370000123977661,0.6668999791145325
YJR060W,YPR193C,1,-3.2337172,0.11162914335727692,0.8379999995231628,0.6668999791145325
YDR483W,YKR039W,0,-3.2337344,0.11161427944898605,0.8379999995231628,0.6669999957084656
YPR193C,YMR247C,1,-3.2337682,0.1117325872182846,0.8389999866485596,0.6669999957084656
YDL015C,YML001W,0,-3.2342062,0.11171770840883255,0.8389999866485596,0.6671000123023987
YER122C,YBR173C,0,-3.2346792,0.11170283704996109,0.8389999866485596,0.6672000288963318
YMR292W,YKL206C,0,-3.2347856,0.11168796569108963,0.8389999866485596,0.6672999858856201
YFL060C,YDL051W,0,-3.2347865,0.11167310178279877,0.8389999866485596,0.6674000024795532
YHL028W,YFL055W,0,-3.234851,0.1116582378745079,0.8389999866485596,0.6675000190734863
YOR195W,YJR147W,0,-3.2351465,0.11164338141679764,0.8389999866485596,0.6675999760627747
YNL283C,YKL213C,0,-3.23515,0.11162852495908737,0.8389999866485596,0.6676999926567078
YJR094C,YIR023W,0,-3.2354596,0.1116136759519577,0.8389999866485596,0.6678000092506409
YHR143W,YKR039W,0,-3.235605,0.11159882694482803,0.8389999866485596,0.667900025844574
YLR210W,YDR252W,0,-3.2357926,0.11158398538827896,0.8389999866485596,0.6679999828338623
YJR035W,YOR054C,0,-3.2358613,0.11156915128231049,0.8389999866485596,0.6680999994277954
YFR036W,YJL012C,0,-3.2361157,0.11155431717634201,0.8389999866485596,0.6682000160217285
YDR295C,YGL112C,1,-3.2362595,0.11167243123054504,0.8399999737739563,0.6682000160217285
YLR221C,YNR057C,0,-3.2367458,0.11165758222341537,0.8399999737739563,0.6682999730110168
YNL236W,YBL015W,0,-3.2369509,0.1116427406668663,0.8399999737739563,0.66839998960495
YMR129W,YLR362W,0,-3.2372863,0.11162790656089783,0.8399999737739563,0.6685000061988831
YGL225W,YDL165W,0,-3.237365,0.11161307245492935,0.8399999737739563,0.6686000227928162
YGR038W,YLR129W,0,-3.2377691,0.11159824579954147,0.8399999737739563,0.6686999797821045
YOR043W,YDR069C,0,-3.2377954,0.1115834191441536,0.8399999737739563,0.6687999963760376
YDR011W,YNR057C,0,-3.2383428,0.11156859993934631,0.8399999737739563,0.6689000129699707
YGL051W,YBR119W,0,-3.2383611,0.11155378818511963,0.8399999737739563,0.6690000295639038
YGR288W,YBR213W,0,-3.2386675,0.11153896898031235,0.8399999737739563,0.6690999865531921
YNL051W,YMR025W,0,-3.2387323,0.11152416467666626,0.8399999737739563,0.6692000031471252
YNL236W,YHR098C,0,-3.2388835,0.11150936037302017,0.8399999737739563,0.6693000197410583
YLR167W,YBR216C,0,-3.2390022,0.11149455606937408,0.8399999737739563,0.6693999767303467
YLR154C,YKL206C,0,-3.2394876,0.1114797592163086,0.8399999737739563,0.6694999933242798
YLR229C,YLR013W,0,-3.2395625,0.1114649698138237,0.8399999737739563,0.6696000099182129
YOR298W,YDR156W,0,-3.2395642,0.1114501804113388,0.8399999737739563,0.669700026512146
YHR094C,YPL050C,0,-3.2397537,0.11143539100885391,0.8399999737739563,0.6697999835014343
YBR135W,YDR115W,0,-3.2399929,0.11142061650753021,0.8399999737739563,0.6699000000953674
YOL158C,YBL100W-A,0,-3.2400467,0.11140583455562592,0.8399999737739563,0.6700000166893005
YLL027W,YML104C,0,-3.2400603,0.11139106005430222,0.8399999737739563,0.6700999736785889
YDL046W,YDL047W,0,-3.2401595,0.11137629300355911,0.8399999737739563,0.670199990272522
YJL222W,YML043C,0,-3.2402036,0.11136152595281601,0.8399999737739563,0.6703000068664551
YKL140W,YER168C,0,-3.2403364,0.1113467663526535,0.8399999737739563,0.6704000234603882
YDR294C,YAL029C,0,-3.24044,0.111332006752491,0.8399999737739563,0.6704999804496765
YMR050C,YLR132C,0,-3.240634,0.11131725460290909,0.8399999737739563,0.6705999970436096
YNL233W,YER166W,0,-3.2409596,0.11130250245332718,0.8399999737739563,0.6707000136375427
YML067C,YPL050C,0,-3.241077,0.11128775775432587,0.8399999737739563,0.670799970626831
YPL243W,YDR292C,0,-3.2410793,0.11127301305532455,0.8399999737739563,0.6708999872207642
YGR288W,YNR043W,0,-3.241201,0.11125827580690384,0.8399999737739563,0.6710000038146973
YJL071W,YBR244W,0,-3.241217,0.11124354600906372,0.8399999737739563,0.6711000204086304
YLR313C,YDL065C,0,-3.241246,0.1112288162112236,0.8399999737739563,0.6711999773979187
YHR056C,YPL055C,1,-3.2414253,0.11134648323059082,0.8410000205039978,0.6711999773979187
YMR267W,YJR141W,0,-3.2414885,0.1113317459821701,0.8410000205039978,0.6712999939918518
YPR102C,YDR039C,0,-3.2415318,0.11131700873374939,0.8410000205039978,0.6714000105857849
YBR126C,YOR122C,0,-3.2415552,0.11130227893590927,0.8410000205039978,0.671500027179718
YOL158C,YBL085W,0,-3.241703,0.11128754913806915,0.8410000205039978,0.6715999841690063
YGL051W,YDR419W,0,-3.241862,0.11127282679080963,0.8410000205039978,0.6717000007629395
YDR255C,YCR031C,0,-3.241961,0.11125810444355011,0.8410000205039978,0.6718000173568726
YOR363C,YNR003C,0,-3.2420425,0.11124338954687119,0.8410000205039978,0.6718999743461609
YLR466W,YER100W,0,-3.2423592,0.11122867465019226,0.8410000205039978,0.671999990940094
YMR025W,YLR130C,0,-3.2424712,0.11121396720409393,0.8410000205039978,0.6721000075340271
YDR295C,YJL080C,1,-3.242561,0.11133148521184921,0.8420000076293945,0.6721000075340271
YGL225W,YDR364C,0,-3.2426264,0.11131676286458969,0.8420000076293945,0.6722000241279602
YHR166C,YHR098C,0,-3.242726,0.11130204796791077,0.8420000076293945,0.6722999811172485
YHL007C,YGR193C,0,-3.2429821,0.11128734052181244,0.8420000076293945,0.6723999977111816
YMR241W,YEL069C,0,-3.2429943,0.11127263307571411,0.8420000076293945,0.6725000143051147
YLL040C,YDR427W,0,-3.2430444,0.11125792562961578,0.8420000076293945,0.6725999712944031
YML110C,YOR047C,0,-3.2433686,0.11124322563409805,0.8420000076293945,0.6726999878883362
YOL003C,YIR009W,0,-3.2433786,0.11122853308916092,0.8420000076293945,0.6728000044822693
YML110C,YGL028C,0,-3.243496,0.11121384054422379,0.8420000076293945,0.6729000210762024
YCL044C,YBL030C,0,-3.2436118,0.11119915544986725,0.8420000076293945,0.6729999780654907
YPR108W,YJL106W,0,-3.2436147,0.11118447035551071,0.8420000076293945,0.6730999946594238
YPR139C,YPL179W,0,-3.2443342,0.11116979271173477,0.8420000076293945,0.6732000112533569
YAL038W,YJL012C,0,-3.2444232,0.11115511506795883,0.8420000076293945,0.67330002784729
YOR040W,YJR021C,0,-3.244649,0.11114044487476349,0.8420000076293945,0.6733999848365784
YOL149W,YKR061W,0,-3.244841,0.11112577468156815,0.8420000076293945,0.6735000014305115
YML124C,YAR035W,0,-3.2448983,0.1111111119389534,0.8420000076293945,0.6736000180244446
YOR201C,YLR291C,0,-3.2450104,0.11109644919633865,0.8420000076293945,0.6736999750137329
YLR449W,YFR037C,1,-3.2452207,0.11121372133493423,0.8429999947547913,0.6736999750137329
YGR183C,YML075C,0,-3.2452888,0.11119905114173889,0.8429999947547913,0.673799991607666
YGR175C,YOR372C,0,-3.2454026,0.11118438094854355,0.8429999947547913,0.6739000082015991
YOR316C,YJL002C,0,-3.245685,0.1111697182059288,0.8429999947547913,0.6740000247955322
YML041C,YAR003W,1,-3.2461774,0.11128692328929901,0.843999981880188,0.6740000247955322
YDR212W,YDL164C,0,-3.2462666,0.11127224564552307,0.843999981880188,0.6740999817848206
YPR110C,YDL165W,0,-3.246527,0.11125758290290833,0.843999981880188,0.6741999983787537
YPR143W,YNL093W,0,-3.2469285,0.11124291270971298,0.843999981880188,0.6743000149726868
YIR028W,YOR195W,0,-3.2471805,0.11122825741767883,0.843999981880188,0.6743999719619751
YDR198C,YER168C,0,-3.2475114,0.11121360212564468,0.843999981880188,0.6744999885559082
YDR045C,YLR130C,0,-3.247725,0.11119894683361053,0.843999981880188,0.6746000051498413
YIL125W,YJL012C,0,-3.247727,0.11118429899215698,0.843999981880188,0.6747000217437744
YLR221C,YKR034W,0,-3.247878,0.11116965115070343,0.843999981880188,0.6747999787330627
YPR051W,YCL011C,0,-3.2480903,0.11115501075983047,0.843999981880188,0.6748999953269958
YLR385C,YKR042W,1,-3.248179,0.11127205938100815,0.8450000286102295,0.6748999953269958
YDL130W,YAR035W,0,-3.2486124,0.111257404088974,0.8450000286102295,0.675000011920929
YNL247W,YDR069C,0,-3.2486541,0.11124275624752045,0.8450000286102295,0.6751000285148621
YGL240W,YBR080C,0,-3.2487457,0.11122811585664749,0.8450000286102295,0.6751999855041504
YBL051C,YGR044C,0,-3.2487798,0.11121347546577454,0.8450000286102295,0.6753000020980835
YDR449C,YER093C,0,-3.2491832,0.11119884252548218,0.8450000286102295,0.6754000186920166
YMR192W,YDL165W,0,-3.2492912,0.11118420958518982,0.8450000286102295,0.6754999756813049
YJR044C,YOR288C,0,-3.2493832,0.11116958409547806,0.8450000286102295,0.675599992275238
YGR289C,YBR017C,0,-3.2494943,0.1111549586057663,0.8450000286102295,0.6757000088691711
YER026C,YDR212W,0,-3.2495012,0.11114034056663513,0.8450000286102295,0.6758000254631042
YJL138C,YGR289C,0,-3.2495747,0.11112572252750397,0.8450000286102295,0.6758999824523926
YLR167W,YDR183W,0,-3.2514963,0.1111111119389534,0.8450000286102295,0.6759999990463257
YER190W,YER103W,0,-3.2515411,0.11109650135040283,0.8450000286102295,0.6761000156402588
YLL004W,YCR052W,1,-3.2515826,0.11121335625648499,0.8460000157356262,0.6761000156402588
YFR001W,YGR172C,0,-3.2515879,0.11119873821735382,0.8460000157356262,0.6761999726295471
YDR523C,YNL325C,0,-3.2518005,0.11118412762880325,0.8460000157356262,0.6762999892234802
YIL052C,YDR192C,0,-3.2519062,0.11116951704025269,0.8460000157356262,0.6764000058174133
YLR291C,YJR021C,0,-3.252286,0.11115490645170212,0.8460000157356262,0.6765000224113464
YDR392W,YJL080C,1,-3.252367,0.1112716794013977,0.847000002861023,0.6765000224113464
YOR112W,YOR341W,0,-3.2523963,0.11125706136226654,0.847000002861023,0.6765999794006348
YCR092C,YLR080W,0,-3.2524781,0.11124245077371597,0.847000002861023,0.6766999959945679
YPL176C,YBL100W-A,0,-3.2527075,0.1112278401851654,0.847000002861023,0.676800012588501
YNL272C,YDR043C,0,-3.2528374,0.11121323704719543,0.847000002861023,0.6769000291824341
YPL120W,YDR513W,0,-3.252851,0.11119863390922546,0.847000002861023,0.6769999861717224
YGL251C,YDL118W,0,-3.2532434,0.11118403822183609,0.847000002861023,0.6771000027656555
YNL048W,YCR018C,0,-3.2534075,0.11116944253444672,0.847000002861023,0.6772000193595886
YKL143W,YNR013C,0,-3.2534084,0.11115485429763794,0.847000002861023,0.677299976348877
YDR264C,YGR178C,0,-3.2534232,0.11114027351140976,0.847000002861023,0.6773999929428101
YNL169C,YOR381W,0,-3.2535493,0.11112568527460098,0.847000002861023,0.6775000095367432
YJL013C,YKR026C,0,-3.2538126,0.1111111119389534,0.847000002861023,0.6776000261306763
YGR020C,YPR010C,0,-3.2538927,0.11109653860330582,0.847000002861023,0.6776999831199646
YLR362W,YPL176C,0,-3.2540731,0.11108196526765823,0.847000002861023,0.6777999997138977
YHR069C,YOR045W,0,-3.254713,0.11106739938259125,0.847000002861023,0.6779000163078308
YHL027W,YGR037C,0,-3.2547977,0.11105284094810486,0.847000002861023,0.6779999732971191
YDR092W,YBR069C,0,-3.2551446,0.11103828251361847,0.847000002861023,0.6780999898910522
YLL001W,YBR118W,0,-3.2555127,0.11102372407913208,0.847000002861023,0.6782000064849854
YBR243C,YCR035C,0,-3.2555313,0.11100917309522629,0.847000002861023,0.6783000230789185
YLR075W,YJL071W,0,-3.255578,0.11099462956190109,0.847000002861023,0.6783999800682068
YLR102C,YLR130C,0,-3.2558832,0.1109800860285759,0.847000002861023,0.6784999966621399
YOL111C,YKL068W,0,-3.2562263,0.1109655424952507,0.847000002861023,0.678600013256073
YBL082C,YPL179W,0,-3.2563455,0.1109510064125061,0.847000002861023,0.6786999702453613
YFR027W,YLR189C,0,-3.2564979,0.1109364777803421,0.847000002861023,0.6787999868392944
YDR255C,YFR027W,0,-3.2567048,0.1109219491481781,0.847000002861023,0.6789000034332275
YPL179W,YDR030C,0,-3.2570121,0.1109074279665947,0.847000002861023,0.6790000200271606
YJR053W,YBL100W-A,0,-3.2572224,0.11089290678501129,0.847000002861023,0.679099977016449
YJR121W,YNL073W,0,-3.2572265,0.11087838560342789,0.847000002861023,0.6791999936103821
YKR085C,YDR099W,0,-3.2572544,0.11086387187242508,0.847000002861023,0.6793000102043152
YDR080W,YBR188C,0,-3.2572558,0.11084936559200287,0.847000002861023,0.6794000267982483
YBR017C,YML019W,0,-3.2572985,0.11083485931158066,0.847000002861023,0.6794999837875366
YMR247C,YKR042W,1,-3.2578726,0.11095120012760162,0.8479999899864197,0.6794999837875366
YLL006W,YMR128W,0,-3.2583323,0.11093667894601822,0.8479999899864197,0.6796000003814697
YAR015W,YER009W,0,-3.258439,0.11092217266559601,0.8479999899864197,0.6797000169754028
YGR038W,YPR101W,0,-3.258538,0.1109076663851738,0.8479999899864197,0.6797999739646912
YIL110W,YMR145C,0,-3.2585428,0.11089316010475159,0.8479999899864197,0.6798999905586243
YML109W,YCL061C,1,-3.2585945,0.11100941151380539,0.8489999771118164,0.6798999905586243
YMR302C,YER129W,0,-3.2586179,0.11099489778280258,0.8489999771118164,0.6800000071525574
YDR221W,YGR241C,0,-3.258903,0.11098039150238037,0.8489999771118164,0.6801000237464905
YPR168W,YPL002C,0,-3.2589808,0.11096588522195816,0.8489999771118164,0.6801999807357788
YOR020C,YKL148C,0,-3.2591352,0.11095138639211655,0.8489999771118164,0.6802999973297119
YDR120C,YKL201C,0,-3.259273,0.11093688756227493,0.8489999771118164,0.680400013923645
YJR044C,YLR409C,0,-3.2593422,0.11092239618301392,0.8489999771118164,0.6804999709129333
YDR517W,YML048W,0,-3.2595932,0.1109079048037529,0.8489999771118164,0.6805999875068665
YDR113C,YOR178C,0,-3.2596836,0.11089341342449188,0.8489999771118164,0.6807000041007996
YHL024W,YDR472W,0,-3.2597013,0.11087893694639206,0.8489999771118164,0.6808000206947327
YKR085C,YDR038C,0,-3.260162,0.11086445301771164,0.8489999771118164,0.680899977684021
YOR033C,YLR092W,0,-3.2602258,0.11084998399019241,0.8489999771118164,0.6809999942779541
YPL179W,YFR009W,0,-3.2603536,0.11083550751209259,0.8489999771118164,0.6811000108718872
YOR028C,YDR115W,0,-3.2604454,0.11082103848457336,0.8489999771118164,0.6812000274658203
YHR166C,YMR165C,0,-3.260591,0.11080657690763474,0.8489999771118164,0.6812999844551086
YNL261W,YCR052W,1,-3.2605915,0.11092261224985123,0.8500000238418579,0.6812999844551086
YNR058W,YPR093C,0,-3.261042,0.110908143222332,0.8500000238418579,0.6814000010490417
YKL143W,YJL173C,0,-3.2612443,0.11089367419481277,0.8500000238418579,0.6815000176429749
YDR071C,YMR080C,1,-3.261326,0.11100964993238449,0.8510000109672546,0.6815000176429749
YDR025W,YDR503C,0,-3.2613974,0.11099517345428467,0.8510000109672546,0.6815999746322632
YDR039C,YPR049C,0,-3.261503,0.11098069697618484,0.8510000109672546,0.6816999912261963
YKL119C,YNR013C,0,-3.261644,0.11096622794866562,0.8510000109672546,0.6818000078201294
YGL158W,YDR025W,0,-3.2619534,0.11095175892114639,0.8510000109672546,0.6819000244140625
YDR045C,YGR112W,0,-3.262172,0.11093729734420776,0.8510000109672546,0.6819999814033508
YNR030W,YKL068W,0,-3.2624733,0.11092283576726913,0.8510000109672546,0.6820999979972839
YGR165W,YGR183C,0,-3.2625957,0.1109083816409111,0.8510000109672546,0.682200014591217
YPR193C,YKR029C,1,-3.262629,0.11102423816919327,0.8519999980926514,0.682200014591217
YPL179W,YAL055W,0,-3.2636096,0.11100976914167404,0.8519999980926514,0.6822999715805054
YCR063W,YNR060W,0,-3.26367,0.11099530756473541,0.8519999980926514,0.6823999881744385
YDL092W,YKL213C,0,-3.263841,0.11098085343837738,0.8519999980926514,0.6825000047683716
YKR050W,YKR039W,0,-3.2638884,0.11096639931201935,0.8519999980926514,0.6826000213623047
YGR221C,YBR118W,0,-3.2642426,0.11095194518566132,0.8519999980926514,0.682699978351593
YER044C-A,YBR055C,0,-3.2642922,0.11093749850988388,0.8519999980926514,0.6827999949455261
YOR327C,YPL084W,0,-3.2643356,0.11092305928468704,0.8519999980926514,0.6829000115394592
YDR225W,YPL254W,1,-3.2644093,0.11103878915309906,0.8529999852180481,0.6829000115394592
YMR135C,YMR267W,0,-3.2645338,0.11102434247732162,0.8529999852180481,0.6830000281333923
YPR139C,YHL034C,0,-3.2646248,0.11100988835096359,0.8529999852180481,0.6830999851226807
YHR206W,YPL053C,0,-3.2648697,0.11099544912576675,0.8529999852180481,0.6832000017166138
YMR030W,YBR117C,0,-3.2649684,0.11098100244998932,0.8529999852180481,0.6833000183105469
YCR035C,YGR046W,0,-3.2649763,0.11096656322479248,0.8529999852180481,0.6833999752998352
YML130C,YNL051W,0,-3.2650495,0.11095213145017624,0.8529999852180481,0.6834999918937683
YBR035C,YMR172W,0,-3.2654405,0.11093769967556,0.8529999852180481,0.6836000084877014
YPL267W,YDL092W,0,-3.2655907,0.11092327535152435,0.8529999852180481,0.6837000250816345
YHR075C,YDR030C,0,-3.266335,0.11090885102748871,0.8529999852180481,0.6837999820709229
YOR020C,YLR276C,0,-3.266581,0.11089443415403366,0.8529999852180481,0.683899998664856
YGR037C,YML046W,0,-3.2667804,0.11088001728057861,0.8529999852180481,0.6840000152587891
YDR156W,YJL002C,0,-3.2667851,0.11086560785770416,0.8529999852180481,0.6840999722480774
YER168C,YOR187W,0,-3.267011,0.11085119843482971,0.8529999852180481,0.6841999888420105
YGL206C,YLR092W,0,-3.2670302,0.11083679646253586,0.8529999852180481,0.6843000054359436
YGR288W,YGL086W,0,-3.2674572,0.1108224019408226,0.8529999852180481,0.6844000220298767
YNL291C,YML052W,0,-3.2678664,0.11080799996852875,0.8529999852180481,0.684499979019165
YBL030C,YLR115W,0,-3.2682586,0.11079361289739609,0.8529999852180481,0.6845999956130981
YPL028W,YMR299C,0,-3.2689338,0.11077921837568283,0.8529999852180481,0.6847000122070312
YJR053W,YMR051C,0,-3.2691307,0.11076483875513077,0.8529999852180481,0.6848000288009644
YHL034C,YCL052C,0,-3.2692223,0.11075045168399811,0.8529999852180481,0.6848999857902527
YLR130C,YPR088C,0,-3.26928,0.11073607951402664,0.8529999852180481,0.6850000023841858
YDR523C,YER036C,0,-3.2693782,0.11072169989347458,0.8529999852180481,0.6851000189781189
YDR054C,YML048W,0,-3.2698653,0.11070733517408371,0.8529999852180481,0.6851999759674072
YGL094C,YJR001W,0,-3.269981,0.11069296300411224,0.8529999852180481,0.6852999925613403
YDR045C,YOR187W,0,-3.2701564,0.11067860573530197,0.8529999852180481,0.6854000091552734
YCL034W,YLR096W,0,-3.270498,0.1106642484664917,0.8529999852180481,0.6855000257492065
YHR166C,YKR039W,0,-3.270526,0.11064989119768143,0.8529999852180481,0.6855999827384949
YPL089C,YGR101W,0,-3.2706459,0.11063554137945175,0.8529999852180481,0.685699999332428
YJL187C,YOR372C,0,-3.2708647,0.11062119156122208,0.8529999852180481,0.6858000159263611
YLR032W,YJL056C,0,-3.2709904,0.110606849193573,0.8529999852180481,0.6858999729156494
YNL247W,YMR093W,0,-3.2711344,0.11059250682592392,0.8529999852180481,0.6859999895095825
YLR200W,YOR081C,0,-3.271244,0.11057817190885544,0.8529999852180481,0.6861000061035156
YJL019W,YLR167W,0,-3.2712889,0.11056383699178696,0.8529999852180481,0.6862000226974487
YLR376C,YLR246W,0,-3.271305,0.11054950952529907,0.8529999852180481,0.6862999796867371
YLR396C,YGL191W,0,-3.2713099,0.11053518205881119,0.8529999852180481,0.6863999962806702
YGL251C,YMR059W,0,-3.271522,0.1105208620429039,0.8529999852180481,0.6865000128746033
YDR463W,YJR105W,0,-3.271708,0.11050654202699661,0.8529999852180481,0.6866000294685364
YGR134W,YMR128W,0,-3.2717314,0.11049222946166992,0.8529999852180481,0.6866999864578247
YJL157C,YHL022C,0,-3.271871,0.11047791689634323,0.8529999852180481,0.6868000030517578
YER171W,YDR120C,0,-3.2719383,0.11046361178159714,0.8529999852180481,0.6869000196456909
YDR419W,YPR088C,0,-3.2719731,0.11044930666685104,0.8529999852180481,0.6869999766349792
YIL007C,YDL209C,0,-3.2723355,0.11043500900268555,0.8529999852180481,0.6870999932289124
YFR050C,YDR470C,0,-3.2723382,0.11042071133852005,0.8529999852180481,0.6872000098228455
YPL266W,YDR039C,0,-3.2724385,0.11040642112493515,0.8529999852180481,0.6873000264167786
YBL011W,YML006C,0,-3.2724576,0.11039213091135025,0.8529999852180481,0.6873999834060669
YKR085C,YGR221C,0,-3.2727733,0.11037784814834595,0.8529999852180481,0.6875
YOR067C,YMR058W,0,-3.273162,0.11036356538534164,0.8529999852180481,0.6876000165939331
YOL011W,YGR162W,0,-3.2733088,0.11034929007291794,0.8529999852180481,0.6876999735832214
YBR173C,YJL012C,0,-3.2734907,0.11033501476049423,0.8529999852180481,0.6877999901771545
YHR007C,YDR255C,0,-3.2736647,0.11032074689865112,0.8529999852180481,0.6879000067710876
YGR195W,YDR272W,0,-3.2739153,0.11030647903680801,0.8529999852180481,0.6880000233650208
YNL051W,YOR208W,0,-3.2739725,0.1102922186255455,0.8529999852180481,0.6880999803543091
YLR449W,YDR295C,1,-3.2740078,0.11040724068880081,0.8539999723434448,0.6880999803543091
YFR050C,YPR021C,0,-3.2742481,0.1103929653763771,0.8539999723434448,0.6881999969482422
YPL115C,YOR174W,0,-3.2744398,0.110378697514534,0.8539999723434448,0.6883000135421753
YBL004W,YCR035C,0,-3.274616,0.11036443710327148,0.8539999723434448,0.6883999705314636
YGL213C,YBR298C,0,-3.2747598,0.11035017669200897,0.8539999723434448,0.6884999871253967
YKL119C,YJL116C,0,-3.2748418,0.11033591628074646,0.8539999723434448,0.6886000037193298
YNL261W,YBR195C,1,-3.2755742,0.1104508489370346,0.8550000190734863,0.6886000037193298
YNR032C-A,YFL055W,0,-3.2756758,0.1104365810751915,0.8550000190734863,0.6887000203132629
YPR107C,YNL051W,0,-3.2757392,0.11042231321334839,0.8550000190734863,0.6887999773025513
YOR043W,YNL256W,0,-3.2758822,0.11040806025266647,0.8550000190734863,0.6888999938964844
YER166W,YEL020W-A,0,-3.2759404,0.11039379984140396,0.8550000190734863,0.6890000104904175
YIL007C,YMR299C,0,-3.2760358,0.11037955433130264,0.8550000190734863,0.6891000270843506
YOL149W,YGR044C,0,-3.2761877,0.11036530137062073,0.8550000190734863,0.6891999840736389
YDR503C,YDR030C,0,-3.27651,0.11035105586051941,0.8550000190734863,0.689300000667572
YHR111W,YNL002C,0,-3.2766948,0.11033681780099869,0.8550000190734863,0.6894000172615051
YNL015W,YLR071C,0,-3.277226,0.11032257974147797,0.8550000190734863,0.6894999742507935
YKR037C,YBL099W,0,-3.2773385,0.11030834913253784,0.8550000190734863,0.6895999908447266
YDR060W,YML077W,0,-3.2777903,0.11029411852359772,0.8550000190734863,0.6897000074386597
YBR247C,YBR288C,0,-3.2782578,0.11027989536523819,0.8550000190734863,0.6898000240325928
YPL094C,YDR492W,0,-3.2784064,0.11026567220687866,0.8550000190734863,0.6898999810218811
YDR004W,YGL038C,0,-3.278455,0.11025144904851913,0.8550000190734863,0.6899999976158142
YFL060C,YDR483W,0,-3.2788267,0.1102372333407402,0.8550000190734863,0.6901000142097473
YGR080W,YPR176C,0,-3.278914,0.11022302508354187,0.8550000190734863,0.6901999711990356
YDR436W,YGR112W,0,-3.2791514,0.11020881682634354,0.8550000190734863,0.6902999877929688
YBR069C,YEL069C,0,-3.2792177,0.1101946160197258,0.8550000190734863,0.6904000043869019
YCR047C,YLR229C,0,-3.27922,0.11018041521310806,0.8550000190734863,0.690500020980835
YPL083C,YBL015W,0,-3.2797427,0.11016621440649033,0.8550000190734863,0.6905999779701233
YJL201W,YJR077C,0,-3.279767,0.11015202105045319,0.8550000190734863,0.6906999945640564
YOR279C,YPL015C,1,-3.2799053,0.11026664823293686,0.8560000061988831,0.6906999945640564
YHR111W,YOR047C,0,-3.2800803,0.11025244742631912,0.8560000061988831,0.6908000111579895
YLR449W,YCR052W,1,-3.2801468,0.11036702990531921,0.8569999933242798,0.6908000111579895
YOL003C,YBR118W,0,-3.2802775,0.11035282164812088,0.8569999933242798,0.6909000277519226
YCR052W,YPR179C,1,-3.2802968,0.11046735942363739,0.8579999804496765,0.6909000277519226
YPL065W,YIL125W,0,-3.280444,0.11045314371585846,0.8579999804496765,0.6909999847412109
YMR322C,YDR465C,0,-3.2806916,0.11043892055749893,0.8579999804496765,0.691100001335144
YDR004W,YDR025W,0,-3.2808175,0.1104247123003006,0.8579999804496765,0.6912000179290771
YHR058C,YAL068C,0,-3.280932,0.11041050404310226,0.8579999804496765,0.6912999749183655
YLR354C,YDR140W,0,-3.2812338,0.11039629578590393,0.8579999804496765,0.6913999915122986
YML043C,YPR009W,0,-3.281265,0.1103820949792862,0.8579999804496765,0.6915000081062317
YMR081C,YLR148W,0,-3.2818208,0.11036789417266846,0.8579999804496765,0.6916000247001648
YBL011W,YCR026C,0,-3.2820163,0.11035370081663132,0.8579999804496765,0.6916999816894531
YJL201W,YOR089C,0,-3.2832527,0.11033950746059418,0.8579999804496765,0.6917999982833862
YLR450W,YKL125W,0,-3.2839446,0.11032532155513763,0.8579999804496765,0.6919000148773193
YKL084W,YLR362W,0,-3.284194,0.11031113564968109,0.8579999804496765,0.6919999718666077
YGR165W,YLR189C,0,-3.2842064,0.11029694974422455,0.8579999804496765,0.6920999884605408
YDR429C,YNR033W,0,-3.2845757,0.1102827787399292,0.8579999804496765,0.6922000050544739
YJL013C,YKL201C,0,-3.2856863,0.11026860028505325,0.8579999804496765,0.692300021648407
YLR378C,YBR188C,0,-3.285768,0.1102544367313385,0.8579999804496765,0.6923999786376953
YDR080W,YDL024C,0,-3.2857938,0.11024026572704315,0.8579999804496765,0.6924999952316284
YBL090W,YGR221C,0,-3.2858517,0.1102261021733284,0.8579999804496765,0.6926000118255615
YPL095C,YDR069C,0,-3.2859094,0.11021194607019424,0.8579999804496765,0.6927000284194946
YDL113C,YPL187W,0,-3.2859194,0.11019778996706009,0.8579999804496765,0.692799985408783
YMR239C,YOR047C,0,-3.2866683,0.11018364131450653,0.8579999804496765,0.6929000020027161
YAL068C,YLR190W,0,-3.2867637,0.11016949266195297,0.8579999804496765,0.6930000185966492
YHL024W,YDL092W,0,-3.2867677,0.11015534400939941,0.8579999804496765,0.6930999755859375
YNL233W,YLR200W,0,-3.286872,0.11014121025800705,0.8579999804496765,0.6931999921798706
YML046W,YKR060W,0,-3.287325,0.11012706905603409,0.8579999804496765,0.6933000087738037
YLR163C,YNL002C,0,-3.2873983,0.11011293530464172,0.8579999804496765,0.6934000253677368
YOL077C,YBR153W,0,-3.2876306,0.11009880900382996,0.8579999804496765,0.6934999823570251
YGR020C,YPL095C,0,-3.2877073,0.11008468270301819,0.8579999804496765,0.6935999989509583
YML094W,YJR094C,0,-3.288176,0.11007055640220642,0.8579999804496765,0.6937000155448914
YGR286C,YNL169C,0,-3.2882903,0.11005643755197525,0.8579999804496765,0.6937999725341797
YML121W,YDR045C,0,-3.2883925,0.11004232615232468,0.8579999804496765,0.6938999891281128
YNR030W,YLR196W,0,-3.2884169,0.1100282147526741,0.8579999804496765,0.6940000057220459
YDL130W,YBR298C,0,-3.2884588,0.11001410335302353,0.8579999804496765,0.694100022315979
YOR043W,YKL201C,0,-3.2887306,0.10999999940395355,0.8579999804496765,0.6941999793052673
YLL035W,YIR028W,0,-3.2893295,0.10998590290546417,0.8579999804496765,0.6942999958992004
YML019W,YGR101W,0,-3.289616,0.1099717989563942,0.8579999804496765,0.6944000124931335
YDR306C,YLR047C,0,-3.2897043,0.10995770990848541,0.8579999804496765,0.6945000290870667
YJL179W,YOR341W,0,-3.2902076,0.10994362086057663,0.8579999804496765,0.694599986076355
YOL158C,YOL076W,0,-3.290598,0.10992953181266785,0.8579999804496765,0.6947000026702881
YPR189W,YER154W,0,-3.2906075,0.10991545021533966,0.8579999804496765,0.6948000192642212
YJL219W,YGL022W,0,-3.2911305,0.10990136861801147,0.8579999804496765,0.6948999762535095
YKL084W,YCR047C,0,-3.2912734,0.10988729447126389,0.8579999804496765,0.6949999928474426
YIR023W,YMR128W,0,-3.291367,0.1098732203245163,0.8579999804496765,0.6951000094413757
YHR143W,YIR028W,0,-3.2914677,0.1098591536283493,0.8579999804496765,0.6952000260353088
YKR050W,YJL219W,0,-3.291673,0.10984508693218231,0.8579999804496765,0.6952999830245972
YDR080W,YKL052C,0,-3.2917242,0.10983102768659592,0.8579999804496765,0.6953999996185303
YLL006W,YGR241C,0,-3.2920082,0.10981696844100952,0.8579999804496765,0.6955000162124634
YBR200W,YCL038C,0,-3.2923932,0.10980291664600372,0.8579999804496765,0.6955999732017517
YNL246W,YLR357W,1,-3.2927122,0.10991682857275009,0.859000027179718,0.6955999732017517
YPL213W,YJR105W,0,-3.29279,0.1099027618765831,0.859000027179718,0.6956999897956848
YNL246W,YDR073W,1,-3.2928045,0.11001662909984589,0.8600000143051147,0.6956999897956848
YER147C,YLR466W,0,-3.2929838,0.1100025549530983,0.8600000143051147,0.6958000063896179
YBL011W,YLR453C,0,-3.2933264,0.1099884882569313,0.8600000143051147,0.695900022983551
YLR088W,YIL101C,0,-3.2938237,0.10997442156076431,0.8600000143051147,0.6959999799728394
YHR066W,YER040W,0,-3.294231,0.10996036231517792,0.8600000143051147,0.6960999965667725
YFR004W,YNL048W,0,-3.294423,0.10994630306959152,0.8600000143051147,0.6962000131607056
YKR085C,YAR015W,0,-3.294479,0.10993225127458572,0.8600000143051147,0.6963000297546387
YGR020C,YJR147W,0,-3.2944903,0.10991819947957993,0.8600000143051147,0.696399986743927
YMR129W,YLL006W,0,-3.2950602,0.10990415513515472,0.8600000143051147,0.6965000033378601
YDR395W,YGR092W,0,-3.2951589,0.10989011079072952,0.8600000143051147,0.6966000199317932
YKL204W,YAR015W,0,-3.2953181,0.10987606644630432,0.8600000143051147,0.6966999769210815
YOL006C,YER120W,1,-3.2954996,0.10998977720737457,0.8610000014305115,0.6966999769210815
YOR115C,YLR229C,0,-3.295585,0.10997573286294937,0.8610000014305115,0.6967999935150146
YJL219W,YKL130C,0,-3.295921,0.10996168851852417,0.8610000014305115,0.6969000101089478
YBR080C,YER166W,0,-3.2960825,0.10994764417409897,0.8610000014305115,0.6970000267028809
YPL214C,YPL065W,0,-3.2962475,0.10993360728025436,0.8610000014305115,0.6970999836921692
YMR292W,YBL011W,0,-3.2964058,0.10991957038640976,0.8610000014305115,0.6972000002861023
YGL222C,YDR069C,0,-3.2964368,0.10990554094314575,0.8610000014305115,0.6973000168800354
YLR246W,YNL292W,0,-3.2965226,0.10989151149988174,0.8610000014305115,0.6973999738693237
YBR156C,YOL065C,0,-3.296573,0.10987748950719833,0.8610000014305115,0.6974999904632568
YPL116W,YJL080C,1,-3.296628,0.10999106615781784,0.8619999885559082,0.6974999904632568
YOR381W,YIL143C,0,-3.2966692,0.10997703671455383,0.8619999885559082,0.6976000070571899
YAL038W,YMR200W,0,-3.2969792,0.10996300727128983,0.8619999885559082,0.697700023651123
YHR108W,YKL082C,0,-3.2973194,0.10994897782802582,0.8619999885559082,0.6977999806404114
YLR136C,YLR430W,0,-3.2974167,0.10993495583534241,0.8619999885559082,0.6978999972343445
YGL187C,YDL209C,0,-3.2974172,0.1099209412932396,0.8619999885559082,0.6980000138282776
YGR038W,YDR016C,0,-3.2974467,0.10990692675113678,0.8619999885559082,0.6980999708175659
YNL102W,YML048W,0,-3.2975235,0.10989291220903397,0.8619999885559082,0.698199987411499
YLL006W,YLL027W,0,-3.2975645,0.10987890511751175,0.8619999885559082,0.6983000040054321
YHR038W,YGL211W,0,-3.2976437,0.10986489802598953,0.8619999885559082,0.6984000205993652
YDR225W,YDR110W,1,-3.297712,0.1099783331155777,0.8629999756813049,0.6984000205993652
YJR053W,YPL267W,0,-3.297865,0.10996431857347488,0.8629999756813049,0.6984999775886536
YGL051W,YGR183C,0,-3.2982717,0.10995031148195267,0.8629999756813049,0.6985999941825867
YGL254W,YHR092C,0,-3.2986784,0.10993630439043045,0.8629999756813049,0.6987000107765198
YER147C,YPL037C,0,-3.2987025,0.10992230474948883,0.8629999756813049,0.6988000273704529
YNR032C-A,YDR255C,0,-3.2991037,0.10990830510854721,0.8629999756813049,0.6988999843597412
YPL204W,YDR427W,0,-3.299282,0.10989430546760559,0.8629999756813049,0.6990000009536743
YNL232W,YDL113C,0,-3.2993226,0.10988031327724457,0.8629999756813049,0.6991000175476074
YIL153W,YCL011C,0,-3.2994037,0.10986632853746414,0.8629999756813049,0.6991999745368958
YGR004W,YJR001W,0,-3.2995348,0.10985234379768372,0.8629999756813049,0.6992999911308289
YKL084W,YKL206C,0,-3.299562,0.10983835905790329,0.8629999756813049,0.699400007724762
YGR241C,YGR042W,0,-3.299577,0.10982438176870346,0.8629999756813049,0.6995000243186951
YLR172C,YOR150W,0,-3.2998154,0.10981041193008423,0.8629999756813049,0.6995999813079834
YIL110W,YNL314W,0,-3.3002193,0.1097964346408844,0.8629999756813049,0.6996999979019165
YLR385C,YPL116W,1,-3.300433,0.10990968346595764,0.8640000224113464,0.6996999979019165
YCR020C,YGL043W,0,-3.3005135,0.10989569872617722,0.8640000224113464,0.6998000144958496
YML016C,YDR472W,0,-3.3006556,0.10988172143697739,0.8640000224113464,0.6998999714851379
YIL052C,YLR096W,0,-3.3006592,0.10986775159835815,0.8640000224113464,0.699999988079071
YGR206W,YLR154C,0,-3.3008237,0.10985378175973892,0.8640000224113464,0.7001000046730042
YML124C,YML019W,0,-3.301864,0.10983981937170029,0.8640000224113464,0.7002000212669373
YMR045C,YHR143W,0,-3.3019972,0.10982585698366165,0.8640000224113464,0.7002999782562256
YIL153W,YFL055W,0,-3.302342,0.10981189459562302,0.8640000224113464,0.7003999948501587
YFR036W,YBR265W,0,-3.3024554,0.10979793965816498,0.8640000224113464,0.7005000114440918
YDR306C,YDL118W,0,-3.302483,0.10978399217128754,0.8640000224113464,0.7006000280380249
YGR286C,YJR052W,0,-3.3024907,0.1097700446844101,0.8640000224113464,0.7006999850273132
YCR010C,YPL266W,0,-3.3025393,0.10975609719753265,0.8640000224113464,0.7008000016212463
YGR175C,YDR164C,0,-3.302556,0.10974215716123581,0.8640000224113464,0.7009000182151794
YBR288C,YNR013C,0,-3.3027287,0.10972821712493896,0.8640000224113464,0.7009999752044678
YDR412W,YHR098C,0,-3.3027725,0.10971428453922272,0.8640000224113464,0.7010999917984009
YGL130W,YKL068W,0,-3.3031285,0.10970035195350647,0.8640000224113464,0.701200008392334
YPL095C,YGR101W,0,-3.3035011,0.10968642681837082,0.8640000224113464,0.7013000249862671
YNR032C-A,YPL028W,0,-3.303515,0.10967250913381577,0.8640000224113464,0.7013999819755554
YBL090W,YNL333W,0,-3.303618,0.10965858399868011,0.8640000224113464,0.7014999985694885
YPL094C,YKR026C,0,-3.3044205,0.10964467376470566,0.8640000224113464,0.7016000151634216
YGL104C,YMR048W,0,-3.3049574,0.1096307560801506,0.8640000224113464,0.70169997215271
YPR051W,YER009W,0,-3.3050492,0.10961684584617615,0.8640000224113464,0.7017999887466431
YNL233W,YHR085W,0,-3.3057332,0.10960294306278229,0.8640000224113464,0.7019000053405762
YNL051W,YKL148C,0,-3.3057613,0.10958904027938843,0.8640000224113464,0.7020000219345093
YJR044C,YER025W,0,-3.3058338,0.10957514494657516,0.8640000224113464,0.7020999789237976
YER056C,YIR008C,0,-3.3058956,0.1095612496137619,0.8640000224113464,0.7021999955177307
YNL106C,YML001W,0,-3.3059144,0.10954735428094864,0.8640000224113464,0.7023000121116638
YNL049C,YOL077C,0,-3.3060002,0.10953346639871597,0.8640000224113464,0.7024000287055969
YKL082C,YDR030C,0,-3.3060765,0.1095195859670639,0.8640000224113464,0.7024999856948853
YMR048W,YGR178C,0,-3.3063517,0.10950570553541183,0.8640000224113464,0.7026000022888184
YFR027W,YPL028W,0,-3.3063624,0.10949182510375977,0.8640000224113464,0.7027000188827515
YKL013C,YGL113W,0,-3.3063836,0.1094779521226883,0.8640000224113464,0.7027999758720398
YNL036W,YGL222C,0,-3.3065617,0.10946407914161682,0.8640000224113464,0.7028999924659729
YHL027W,YDR069C,0,-3.3066845,0.10945021361112595,0.8640000224113464,0.703000009059906
YPL249C,YGR195W,0,-3.306918,0.10943635553121567,0.8640000224113464,0.7031000256538391
YOR237W,YOR372C,0,-3.3069446,0.10942249000072479,0.8640000224113464,0.7031999826431274
YER129W,YLR167W,0,-3.306972,0.10940863937139511,0.8640000224113464,0.7032999992370605
YNL102W,YKR039W,0,-3.3073578,0.10939478129148483,0.8640000224113464,0.7034000158309937
YBL007C,YNL244C,0,-3.3073692,0.10938093066215515,0.8640000224113464,0.703499972820282
YDR045C,YER118C,0,-3.3073897,0.10936708748340607,0.8640000224113464,0.7035999894142151
YOR353C,YDR272W,0,-3.3078494,0.10935324430465698,0.8640000224113464,0.7037000060081482
YML052W,YAL029C,0,-3.3078692,0.1093394085764885,0.8640000224113464,0.7038000226020813
YPL243W,YDR272W,0,-3.3079462,0.10932557284832001,0.8640000224113464,0.7038999795913696
YER125W,YJL127C,1,-3.3081274,0.10943825542926788,0.8650000095367432,0.7038999795913696
YGL225W,YEL024W,0,-3.3081782,0.1094244122505188,0.8650000095367432,0.7039999961853027
YDR295C,YLR418C,1,-3.3082244,0.10953705757856369,0.8659999966621399,0.7039999961853027
YNL261W,YKR042W,1,-3.3085685,0.10964968055486679,0.8669999837875366,0.7039999961853027
YFL060C,YPR108W,0,-3.3088422,0.10963581502437592,0.8669999837875366,0.7041000127792358
YGL158W,YKR061W,0,-3.3088453,0.10962194949388504,0.8669999837875366,0.704200029373169
YKL141W,YLL001W,0,-3.3089519,0.10960809141397476,0.8669999837875366,0.7042999863624573
YJL176C,YER125W,1,-3.3091333,0.1097206398844719,0.8679999709129333,0.7042999863624573
YKL125W,YGL028C,0,-3.30926,0.10970677435398102,0.8679999709129333,0.7044000029563904
YNL091W,YNR016C,0,-3.309326,0.10969290882349014,0.8679999709129333,0.7045000195503235
YFR037C,YMR127C,1,-3.309404,0.1098054051399231,0.8690000176429749,0.7045000195503235
YDL247W,YDL024C,0,-3.309483,0.10979153215885162,0.8690000176429749,0.7045999765396118
YNL261W,YMR080C,1,-3.3097484,0.10990399122238159,0.8700000047683716,0.7045999765396118
YOR081C,YHR176W,0,-3.3097782,0.10989011079072952,0.8700000047683716,0.7046999931335449
YJL012C,YMR299C,0,-3.3098311,0.10987623035907745,0.8700000047683716,0.704800009727478
YJR137C,YLR291C,0,-3.3099189,0.10986235737800598,0.8700000047683716,0.7049000263214111
YJL039C,YBR244W,0,-3.3101056,0.10984848439693451,0.8700000047683716,0.7049999833106995
YBL051C,YML006C,0,-3.3108144,0.10983461886644363,0.8700000047683716,0.7050999999046326
YDR092W,YOL097C,0,-3.311115,0.10982075333595276,0.8700000047683716,0.7052000164985657
YHL012W,YJR153W,0,-3.3111863,0.10980688780546188,0.8700000047683716,0.705299973487854
YML112W,YPR010C,0,-3.3113265,0.1097930371761322,0.8700000047683716,0.7053999900817871
YNR058W,YML057W,0,-3.311364,0.10977917909622192,0.8700000047683716,0.7055000066757202
YOL109W,YHR190W,0,-3.3114302,0.10976532846689224,0.8700000047683716,0.7056000232696533
YFL005W,YDR184C,0,-3.3116226,0.10975148528814316,0.8700000047683716,0.7056999802589417
YJL019W,YLL016W,0,-3.3117328,0.10973764210939407,0.8700000047683716,0.7057999968528748
YDR043C,YNL333W,0,-3.3120184,0.10972379893064499,0.8700000047683716,0.7059000134468079
YDR512C,YOR153W,0,-3.3120387,0.1097099632024765,0.8700000047683716,0.7059999704360962
YKL145W,YNL038W,0,-3.3124022,0.10969612747430801,0.8700000047683716,0.7060999870300293
YER125W,YMR127C,1,-3.312417,0.10980837047100067,0.8709999918937683,0.7060999870300293
YPR093C,YJL073W,0,-3.3128495,0.10979452729225159,0.8709999918937683,0.7062000036239624
YFL058W,YML001W,0,-3.3129015,0.1097806915640831,0.8709999918937683,0.7063000202178955
YER125W,YBR195C,1,-3.3131075,0.10989288240671158,0.871999979019165,0.7063000202178955
YHR178W,YML118W,0,-3.3135262,0.1098790317773819,0.871999979019165,0.7063999772071838
YER094C,YEL024W,0,-3.3136673,0.10986518859863281,0.871999979019165,0.7064999938011169
YLR075W,YML001W,0,-3.313685,0.10985134541988373,0.871999979019165,0.70660001039505
YKL113C,YPL179W,0,-3.3137112,0.10983750969171524,0.871999979019165,0.7067000269889832
YBL097W,YDR183W,0,-3.3139217,0.10982367396354675,0.871999979019165,0.7067999839782715
YGL181W,YDR463W,0,-3.3146524,0.10980984568595886,0.871999979019165,0.7069000005722046
YML041C,YIL126W,1,-3.3147113,0.10992193222045898,0.8730000257492065,0.7069000005722046
YGL191W,YPR088C,0,-3.3147333,0.1099080964922905,0.8730000257492065,0.7070000171661377
YNR016C,YLR363C,0,-3.314774,0.10989426076412201,0.8730000257492065,0.707099974155426
YNR030W,YJR047C,0,-3.3149247,0.10988042503595352,0.8730000257492065,0.7071999907493591
YFL058W,YIL135C,0,-3.3149965,0.10986659675836563,0.8730000257492065,0.7073000073432922
YDL005C,YHR092C,0,-3.31501,0.10985277593135834,0.8730000257492065,0.7074000239372253
YGL187C,YKR087C,0,-3.3151522,0.10983895510435104,0.8730000257492065,0.7074999809265137
YCR010C,YOR208W,0,-3.3151689,0.10982513427734375,0.8730000257492065,0.7075999975204468
YER172C,YMR051C,0,-3.3155272,0.10981132090091705,0.8730000257492065,0.7077000141143799
YGR257C,YER093C,0,-3.31561,0.10979750752449036,0.8730000257492065,0.7077999711036682
YNR033W,YLR154C,0,-3.3156152,0.10978370159864426,0.8730000257492065,0.7078999876976013
YLR376C,YNL287W,0,-3.315637,0.10976989567279816,0.8730000257492065,0.7080000042915344
YPL112C,YBR247C,0,-3.315688,0.10975609719753265,0.8730000257492065,0.7081000208854675
YCR005C,YPL176C,0,-3.3166943,0.10974229872226715,0.8730000257492065,0.7081999778747559
YER168C,YNL333W,0,-3.3168802,0.10972850769758224,0.8730000257492065,0.708299994468689
YOR045W,YHL007C,0,-3.3169506,0.10971471667289734,0.8730000257492065,0.7084000110626221
YKR050W,YLR196W,0,-3.3172445,0.10970093309879303,0.8730000257492065,0.7085000276565552
YKL057C,YGR171C,0,-3.3173487,0.10968714952468872,0.8730000257492065,0.7085999846458435
YOR359W,YOR143C,0,-3.317646,0.10967336595058441,0.8730000257492065,0.7087000012397766
YMR093W,YML052W,0,-3.3178568,0.1096595898270607,0.8730000257492065,0.7088000178337097
YJR044C,YJR141W,0,-3.318112,0.10964582115411758,0.8730000257492065,0.708899974822998
YPL243W,YNL156C,0,-3.3182528,0.10963204503059387,0.8730000257492065,0.7089999914169312
YMR081C,YOR288C,0,-3.3184557,0.10961828380823135,0.8730000257492065,0.7091000080108643
YDL024C,YDL065C,0,-3.3185349,0.10960452258586884,0.8730000257492065,0.7092000246047974
YNL049C,YBR119W,0,-3.3186421,0.10959076136350632,0.8730000257492065,0.7092999815940857
YBL052C,YNL135C,1,-3.319078,0.10970252007246017,0.8740000128746033,0.7092999815940857
YOR120W,YHR077C,0,-3.319569,0.10968875139951706,0.8740000128746033,0.7093999981880188
YJL013C,YGR172C,0,-3.3200686,0.10967499017715454,0.8740000128746033,0.7095000147819519
YJL012C,YLR196W,0,-3.32009,0.10966122895479202,0.8740000128746033,0.7095999717712402
YDR099W,YDL005C,0,-3.320294,0.1096474751830101,0.8740000128746033,0.7096999883651733
YIL049W,YLR390W-A,0,-3.3202977,0.10963372141122818,0.8740000128746033,0.7098000049591064
YFR036W,YHL020C,0,-3.3203342,0.10961996763944626,0.8740000128746033,0.7099000215530396
YAL059W,YJR094C,0,-3.320655,0.10960622131824493,0.8740000128746033,0.7099999785423279
YGL104C,YPL120W,0,-3.3213434,0.10959247499704361,0.8740000128746033,0.710099995136261
YLR039C,YDL051W,0,-3.3213487,0.10957873612642288,0.8740000128746033,0.7102000117301941
YOR067C,YJL012C,0,-3.3214254,0.10956499725580215,0.8740000128746033,0.7103000283241272
YHR007C,YMR125W,0,-3.3214407,0.10955126583576202,0.8740000128746033,0.7103999853134155
YHR206W,YLR189C,0,-3.3217678,0.1095375344157219,0.8740000128746033,0.7105000019073486
YEL013W,YDL060W,0,-3.321939,0.10952381044626236,0.8740000128746033,0.7106000185012817
YOR327C,YPL028W,0,-3.321943,0.10951008647680283,0.8740000128746033,0.7106999754905701
YJR001W,YDL178W,0,-3.322599,0.10949636995792389,0.8740000128746033,0.7107999920845032
YHR098C,YDR449C,0,-3.32345,0.10948265343904495,0.8740000128746033,0.7109000086784363
YOL149W,YIL135C,0,-3.3237982,0.10946893692016602,0.8740000128746033,0.7110000252723694
YLL001W,YFR009W,0,-3.3240206,0.10945522785186768,0.8740000128746033,0.7110999822616577
YGR204W,YMR213W,0,-3.324223,0.10944152623414993,0.8740000128746033,0.7111999988555908
YER125W,YMR247C,1,-3.324381,0.1095530241727829,0.875,0.7111999988555908
YNL119W,YDL209C,0,-3.3251028,0.10953930765390396,0.875,0.7113000154495239
YNR043W,YPR093C,0,-3.3251586,0.10952559858560562,0.875,0.7113999724388123
YDL224C,YEL069C,0,-3.3255672,0.10951188951730728,0.875,0.7114999890327454
YPL057C,YGR101W,0,-3.3260217,0.10949818789958954,0.875,0.7116000056266785
YDR465C,YML001W,0,-3.326396,0.1094844862818718,0.875,0.7117000222206116
YJL222W,YBR035C,0,-3.3264642,0.10947078466415405,0.875,0.7117999792098999
YHR065C,YPR051W,0,-3.3266118,0.1094570904970169,0.875,0.711899995803833
YPL089C,YDR192C,0,-3.3267627,0.10944340378046036,0.875,0.7120000123977661
YOR115C,YHR176W,0,-3.3269544,0.10942971706390381,0.875,0.7121000289916992
YLR165C,YMR186W,0,-3.327452,0.10941603034734726,0.875,0.7121999859809875
YJR137C,YPR041W,0,-3.3276014,0.10940235108137131,0.875,0.7123000025749207
YBR126C,YJL013C,0,-3.327672,0.10938867181539536,0.875,0.7124000191688538
YDR419W,YGR289C,0,-3.3277063,0.109375,0.875,0.7124999761581421
YGR195W,YHL034C,0,-3.3277476,0.10936132818460464,0.875,0.7125999927520752
YGR183C,YGR042W,0,-3.3281312,0.10934766381978989,0.875,0.7127000093460083
YKL113C,YGR175C,0,-3.3285382,0.10933399945497513,0.875,0.7128000259399414
YKL188C,YKR034W,0,-3.3286185,0.10932034254074097,0.875,0.7128999829292297
YOL158C,YKL052C,0,-3.3287978,0.1093066856265068,0.875,0.7129999995231628
YNL177C,YPL036W,0,-3.3289433,0.10929302871227264,0.875,0.713100016117096
YMR050C,YGR183C,0,-3.3289475,0.10927937924861908,0.875,0.7131999731063843
YOR388C,YGL022W,0,-3.329041,0.10926573723554611,0.875,0.7132999897003174
YER172C,YKL148C,0,-3.3293004,0.10925208777189255,0.875,0.7134000062942505
YMR322C,YOL076W,0,-3.3294182,0.10923845320940018,0.875,0.7135000228881836
YKL075C,YNL051W,0,-3.3297434,0.1092248186469078,0.875,0.7135999798774719
YOR115C,YNR013C,0,-3.3303118,0.10921118408441544,0.875,0.713699996471405
YIL121W,YHR038W,0,-3.3303814,0.10919755697250366,0.875,0.7138000130653381
YLR453C,YGR172C,0,-3.3303943,0.10918392986059189,0.875,0.7139000296592712
YPL015C,YER030W,1,-3.330575,0.1092950701713562,0.8759999871253967,0.7139000296592712
YLR378C,YKL206C,0,-3.3310075,0.10928143560886383,0.8759999871253967,0.7139999866485596
YAR003W,YPR031W,1,-3.3312955,0.10939253866672516,0.8769999742507935,0.7139999866485596
YGL017W,YOR288C,0,-3.3314328,0.10937889665365219,0.8769999742507935,0.7141000032424927
YBR070C,YPL204W,0,-3.3325343,0.10936525464057922,0.8769999742507935,0.7142000198364258
YOL003C,YGR092W,0,-3.3326497,0.10935162007808685,0.8769999742507935,0.7142999768257141
YMR093W,YKL204W,0,-3.3326561,0.10933798551559448,0.8769999742507935,0.7143999934196472
YGR288W,YML036W,0,-3.3327827,0.10932435840368271,0.8769999742507935,0.7145000100135803
YNL261W,YJL080C,1,-3.333054,0.10943537205457687,0.878000020980835,0.7145000100135803
YER166W,YOR208W,0,-3.333242,0.1094217374920845,0.878000020980835,0.7146000266075134
YML001W,YOR117W,0,-3.333346,0.10940810292959213,0.878000020980835,0.7146999835968018
YPL164C,YER168C,0,-3.3339784,0.10939446836709976,0.878000020980835,0.7148000001907349
YOL125W,YDL209C,0,-3.3341203,0.10938084125518799,0.878000020980835,0.714900016784668
YDL051W,YMR059W,0,-3.3341205,0.10936721414327621,0.878000020980835,0.7149999737739563
YDR472W,YDR039C,0,-3.3343468,0.10935359448194504,0.878000020980835,0.7150999903678894
YJL039C,YFL055W,0,-3.334923,0.10933997482061386,0.878000020980835,0.7152000069618225
YKL119C,YIL143C,0,-3.3349257,0.10932636260986328,0.878000020980835,0.7153000235557556
YGR231C,YFR047C,0,-3.335333,0.1093127503991127,0.878000020980835,0.715399980545044
YGR209C,YMR050C,0,-3.3356986,0.10929913818836212,0.878000020980835,0.715499997138977
YKL049C,YOR178C,0,-3.335849,0.10928553342819214,0.878000020980835,0.7156000137329102
YNL106C,YNL156C,0,-3.3359437,0.10927193611860275,0.878000020980835,0.7156999707221985
YHR079C,YPL037C,0,-3.3359709,0.10925833880901337,0.878000020980835,0.7157999873161316
YJL186W,YDR060W,0,-3.3360198,0.10924474149942398,0.878000020980835,0.7159000039100647
YOR388C,YOR089C,0,-3.3363643,0.10923115164041519,0.878000020980835,0.7160000205039978
YKR067W,YCL034W,0,-3.336846,0.1092175617814064,0.878000020980835,0.7160999774932861
YML085C,YJL140W,0,-3.337325,0.10920397937297821,0.878000020980835,0.7161999940872192
YPR010C,YGR241C,0,-3.337564,0.10919039696455002,0.878000020980835,0.7163000106811523
YLL027W,YBR188C,0,-3.337616,0.10917682200670242,0.878000020980835,0.7164000272750854
YGL047W,YML043C,0,-3.3377295,0.10916324704885483,0.878000020980835,0.7164999842643738
YLR430W,YDR221W,0,-3.3383226,0.10914967954158783,0.878000020980835,0.7166000008583069
YOR298W,YML042W,0,-3.3385177,0.10913611203432083,0.878000020980835,0.71670001745224
YMR030W,YNR057C,0,-3.3385587,0.10912254452705383,0.878000020980835,0.7167999744415283
YPL015C,YMR080C,1,-3.3386474,0.10923325270414352,0.8790000081062317,0.7167999744415283
YER145C,YBR298C,0,-3.3386698,0.10921968519687653,0.8790000081062317,0.7168999910354614
YHR088W,YDL095W,0,-3.3386908,0.10920611023902893,0.8790000081062317,0.7170000076293945
YBL097W,YDL165W,0,-3.3388119,0.10919255018234253,0.8790000081062317,0.7171000242233276
YER157W,YPR125W,0,-3.3390393,0.10917898267507553,0.8790000081062317,0.717199981212616
YMR080C,YPL254W,1,-3.3393536,0.10928961634635925,0.8799999952316284,0.717199981212616
YER171W,YOR143C,0,-3.3393953,0.10927604883909225,0.8799999952316284,0.7172999978065491
YOR298W,YPL092W,0,-3.33957,0.10926248133182526,0.8799999952316284,0.7174000144004822
YOR143C,YOR047C,0,-3.3399193,0.10924891382455826,0.8799999952316284,0.7174999713897705
YPL276W,YCL038C,0,-3.3399363,0.10923535376787186,0.8799999952316284,0.7175999879837036
YJL127C,YNL135C,1,-3.3401902,0.10934591293334961,0.8809999823570251,0.7175999879837036
YNR030W,YDR447C,0,-3.3403704,0.10933233797550201,0.8809999823570251,0.7177000045776367
YLR102C,YDL209C,0,-3.340469,0.10931877046823502,0.8809999823570251,0.7178000211715698
YBL051C,YGR120C,0,-3.3405924,0.10930521041154861,0.8809999823570251,0.7178999781608582
YCR020C,YER083C,0,-3.3406696,0.10929165035486221,0.8809999823570251,0.7179999947547913
YLR113W,YER168C,0,-3.3409412,0.10927809774875641,0.8809999823570251,0.7181000113487244
YPR186C,YDL095W,0,-3.3409503,0.1092645451426506,0.8809999823570251,0.7182000279426575
YOR156C,YGL253W,0,-3.341076,0.1092509925365448,0.8809999823570251,0.7182999849319458
YNL038W,YGR175C,0,-3.341294,0.10923744738101959,0.8809999823570251,0.7184000015258789
YPL249C,YOR153W,0,-3.341351,0.10922390222549438,0.8809999823570251,0.718500018119812
YMR302C,YAL029C,0,-3.34148,0.10921036452054977,0.8809999823570251,0.7185999751091003
YPL243W,YOR112W,0,-3.3415177,0.10919682681560516,0.8809999823570251,0.7186999917030334
YMR075W,YER120W,1,-3.3415391,0.10930722206830978,0.8820000290870667,0.7186999917030334
YER125W,YER030W,1,-3.3417602,0.10941759496927261,0.8830000162124634,0.7186999917030334
YOR067C,YOR341W,0,-3.342283,0.10940404236316681,0.8830000162124634,0.7188000082969666
YML110C,YDR039C,0,-3.3426282,0.10939048230648041,0.8830000162124634,0.7189000248908997
YDR306C,YPR049C,0,-3.3431203,0.1093769371509552,0.8830000162124634,0.718999981880188
YDR099W,YNR013C,0,-3.3434536,0.10936339199542999,0.8830000162124634,0.7190999984741211
YKL143W,YPL037C,0,-3.3435314,0.10934984683990479,0.8830000162124634,0.7192000150680542
YGL043W,YGR183C,0,-3.343955,0.10933630168437958,0.8830000162124634,0.7192999720573425
YDR395W,YJR143C,0,-3.3446136,0.10932277143001556,0.8830000162124634,0.7193999886512756
YDR392W,YKR042W,1,-3.3446493,0.10943302512168884,0.8840000033378601,0.7193999886512756
YER052C,YMR239C,0,-3.3447168,0.10941947996616364,0.8840000033378601,0.7195000052452087
YIL153W,YFR036W,0,-3.344736,0.10940594226121902,0.8840000033378601,0.7196000218391418
YAL038W,YBR243C,0,-3.3447912,0.10939240455627441,0.8840000033378601,0.7196999788284302
YKR085C,YKL204W,0,-3.3449984,0.1093788668513298,0.8840000033378601,0.7197999954223633
YJL019W,YLR144C,0,-3.3453696,0.10936533659696579,0.8840000033378601,0.7199000120162964
YML058W,YKL007W,0,-3.3456092,0.10935180634260178,0.8840000033378601,0.7200000286102295
YMR081C,YKR083C,0,-3.3457117,0.10933828353881836,0.8840000033378601,0.7200999855995178
YLR383W,YKL052C,0,-3.3457527,0.10932476073503494,0.8840000033378601,0.7202000021934509
YPL214C,YOR117W,0,-3.3457606,0.10931123793125153,0.8840000033378601,0.720300018787384
YLR324W,YIL140W,0,-3.3458986,0.1092977225780487,0.8840000033378601,0.7203999757766724
YGR252W,YNL135C,1,-3.34595,0.10940783470869064,0.8849999904632568,0.7203999757766724
YJR132W,YPR021C,0,-3.3461912,0.10939431190490723,0.8849999904632568,0.7204999923706055
YMR163C,YLR119W,0,-3.3462849,0.1093807965517044,0.8849999904632568,0.7206000089645386
YPR193C,YDR110W,1,-3.346307,0.10949085652828217,0.8859999775886536,0.7206000089645386
YLL004W,YER120W,1,-3.3463576,0.10960088670253754,0.8870000243186951,0.7206000089645386
YBR035C,YPR167C,0,-3.3466005,0.10958734899759293,0.8870000243186951,0.7207000255584717
YBR135W,YLL038C,0,-3.3466625,0.10957381129264832,0.8870000243186951,0.72079998254776
YPL084W,YBR069C,0,-3.3467553,0.1095602735877037,0.8870000243186951,0.7208999991416931
YDR395W,YLR045C,0,-3.3481617,0.10954674333333969,0.8870000243186951,0.7210000157356262
YLL001W,YLR291C,0,-3.348177,0.10953322052955627,0.8870000243186951,0.7210999727249146
YKL140W,YNR013C,0,-3.3482375,0.10951969027519226,0.8870000243186951,0.7211999893188477
YER025W,YKL204W,0,-3.3482888,0.10950617492198944,0.8870000243186951,0.7213000059127808
YGL038C,YLR276C,0,-3.3484771,0.10949265211820602,0.8870000243186951,0.7214000225067139
YFL005W,YOR261C,0,-3.348493,0.1094791442155838,0.8870000243186951,0.7214999794960022
YJL127C,YPR179C,1,-3.3486311,0.10958904027938843,0.8880000114440918,0.7214999794960022
YPR143W,YER109C,0,-3.348639,0.10957551747560501,0.8880000114440918,0.7215999960899353
YIL140W,YHR133C,0,-3.3487654,0.10956200212240219,0.8880000114440918,0.7217000126838684
YMR163C,YCR063W,0,-3.3491178,0.10954847931861877,0.8880000114440918,0.7218000292778015
YDR513W,YOR117W,0,-3.349167,0.10953497141599655,0.8880000114440918,0.7218999862670898
YPR175W,YJR035W,0,-3.3493123,0.10952146351337433,0.8880000114440918,0.722000002861023
YOR153W,YPR073C,0,-3.34933,0.1095079556107521,0.8880000114440918,0.722100019454956
YJL219W,YKL120W,0,-3.3494906,0.10949444770812988,0.8880000114440918,0.7221999764442444
YLR466W,YLR096W,0,-3.3495862,0.10948095470666885,0.8880000114440918,0.7222999930381775
YGL158W,YDR054C,0,-3.3497307,0.10946745425462723,0.8880000114440918,0.7224000096321106
YER061C,YDR138W,0,-3.3498034,0.1094539612531662,0.8880000114440918,0.7225000262260437
YKL189W,YGR288W,0,-3.350045,0.10944047570228577,0.8880000114440918,0.722599983215332
YOL100W,YDR072C,0,-3.3501432,0.10942699015140533,0.8880000114440918,0.7226999998092651
YML112W,YGR162W,0,-3.3503346,0.1094135046005249,0.8880000114440918,0.7228000164031982
YGR286C,YEL042W,0,-3.3503933,0.10940002650022507,0.8880000114440918,0.7228999733924866
YNL066W,YDR140W,0,-3.3505006,0.10938654839992523,0.8880000114440918,0.7229999899864197
YMR302C,YHR108W,0,-3.3506694,0.109373077750206,0.8880000114440918,0.7231000065803528
YIL007C,YML060W,0,-3.3507037,0.10935960710048676,0.8880000114440918,0.7232000231742859
YMR239C,YBL030C,0,-3.351202,0.10934613645076752,0.8880000114440918,0.7232999801635742
YJL176C,YKR042W,1,-3.3512578,0.10945580154657364,0.8889999985694885,0.7232999801635742
YER025W,YDR339C,0,-3.3514905,0.1094423234462738,0.8889999985694885,0.7233999967575073
YCL034W,YNL333W,0,-3.352016,0.10942885279655457,0.8889999985694885,0.7235000133514404
YMR186W,YPL053C,0,-3.3523114,0.10941538214683533,0.8889999985694885,0.7235999703407288
YKR029C,YDR225W,1,-3.352488,0.10952498018741608,0.8899999856948853,0.7235999703407288
YDL223C,YBR055C,0,-3.3525314,0.10951150208711624,0.8899999856948853,0.7236999869346619
YJL106W,YER036C,0,-3.3526034,0.109498031437397,0.8899999856948853,0.723800003528595
YLR430W,YDR427W,0,-3.3526173,0.10948456078767776,0.8899999856948853,0.7239000201225281
YGL187C,YNL080C,0,-3.3526804,0.10947109758853912,0.8899999856948853,0.7239999771118164
YDR419W,YJL012C,0,-3.352769,0.10945763438940048,0.8899999856948853,0.7240999937057495
YLR013W,YKR087C,0,-3.3527954,0.10944417119026184,0.8899999856948853,0.7242000102996826
YKL113C,YDR447C,0,-3.3528557,0.1094307154417038,0.8899999856948853,0.7243000268936157
YDR463W,YGR178C,0,-3.352932,0.10941725969314575,0.8899999856948853,0.724399983882904
YLR047C,YBR188C,0,-3.3529751,0.1094038113951683,0.8899999856948853,0.7245000004768372
YGR089W,YDR192C,0,-3.3531091,0.10939036309719086,0.8899999856948853,0.7246000170707703
YOR068C,YMR136W,0,-3.3531456,0.109376922249794,0.8899999856948853,0.7246999740600586
YOL033W,YOR028C,0,-3.353571,0.10936348140239716,0.8899999856948853,0.7247999906539917
YLR165C,YGL251C,0,-3.3536794,0.1093500405550003,0.8899999856948853,0.7249000072479248
YGR286C,YGR020C,0,-3.353701,0.10933660715818405,0.8899999856948853,0.7250000238418579
YDR436W,YML077W,0,-3.3539076,0.1093231812119484,0.8899999856948853,0.7250999808311462
YGL051W,YPL050C,0,-3.353914,0.10930975526571274,0.8899999856948853,0.7251999974250793
YDR225W,YJL127C,1,-3.353944,0.10941912978887558,0.890999972820282,0.7251999974250793
YMR267W,YML118W,0,-3.354185,0.10940569639205933,0.890999972820282,0.7253000140190125
YOR020C,YNL247W,0,-3.3543348,0.10939226299524307,0.890999972820282,0.7253999710083008
YJL080C,YPL015C,1,-3.3545954,0.10950159281492233,0.8920000195503235,0.7253999710083008
YHL024W,YGL096W,0,-3.3549013,0.10948815196752548,0.8920000195503235,0.7254999876022339
YOR317W,YGL028C,0,-3.35493,0.10947471857070923,0.8920000195503235,0.725600004196167
YOR237W,YBR265W,0,-3.3553228,0.10946128517389297,0.8920000195503235,0.7257000207901001
YML077W,YER009W,0,-3.3553414,0.10944785177707672,0.8920000195503235,0.7257999777793884
YPR193C,YMR080C,1,-3.3553705,0.10955710709095001,0.8930000066757202,0.7257999777793884
YDL024C,YCL029C,0,-3.3557053,0.10954367369413376,0.8930000066757202,0.7258999943733215
YNR030W,YAL059W,0,-3.3557773,0.10953023284673691,0.8930000066757202,0.7260000109672546
YLR113W,YER009W,0,-3.3562746,0.10951679944992065,0.8930000066757202,0.7261000275611877
YLR113W,YOR187W,0,-3.3568506,0.109503373503685,0.8930000066757202,0.7261999845504761
YLR013W,YOL097C,0,-3.3571248,0.10948994755744934,0.8930000066757202,0.7263000011444092
YEL020W-A,YDL047W,0,-3.357279,0.10947652161121368,0.8930000066757202,0.7264000177383423
YOL003C,YDR492W,0,-3.3574553,0.10946310311555862,0.8930000066757202,0.7264999747276306
YKL049C,YER118C,0,-3.3579917,0.10944968461990356,0.8930000066757202,0.7265999913215637
YGL096W,YMR030W,0,-3.3581562,0.1094362735748291,0.8930000066757202,0.7267000079154968
YGL130W,YBR214W,0,-3.3582373,0.10942286252975464,0.8930000066757202,0.7268000245094299
YGR241C,YLR132C,0,-3.3582735,0.10940945893526077,0.8930000066757202,0.7268999814987183
YGR288W,YDL207W,0,-3.3586187,0.1093960553407669,0.8930000066757202,0.7269999980926514
YLR150W,YNL048W,0,-3.3589592,0.10938265919685364,0.8930000066757202,0.7271000146865845
YHR190W,YKL113C,0,-3.3590035,0.10936925560235977,0.8930000066757202,0.7271999716758728
YBR298C,YMR133W,0,-3.3590183,0.1093558669090271,0.8930000066757202,0.7272999882698059
YNL216W,YIL150C,1,-3.3590252,0.10946492105722427,0.8939999938011169,0.7272999882698059
YKL057C,YLL031C,0,-3.3592498,0.10945151746273041,0.8939999938011169,0.727400004863739
YGL187C,YNL325C,0,-3.3594327,0.10943812131881714,0.8939999938011169,0.7275000214576721
YFL055W,YGR245C,0,-3.3601463,0.10942472517490387,0.8939999938011169,0.7275999784469604
YOR143C,YDL015C,0,-3.3602653,0.1094113364815712,0.8939999938011169,0.7276999950408936
YML024W,YDL209C,0,-3.3608122,0.10939794778823853,0.8939999938011169,0.7278000116348267
YDR099W,YBL030C,0,-3.3610387,0.10938455909490585,0.8939999938011169,0.7279000282287598
YKL189W,YJL138C,0,-3.361051,0.10937117785215378,0.8939999938011169,0.7279999852180481
YMR273C,YDR071C,1,-3.361519,0.109480120241642,0.8949999809265137,0.7279999852180481
YPL217C,YOR156C,0,-3.361568,0.10946673154830933,0.8949999809265137,0.7281000018119812
YNL261W,YER125W,1,-3.3619993,0.10957563668489456,0.8960000276565552,0.7281000018119812
YNL261W,YDR225W,1,-3.3620553,0.109684519469738,0.8970000147819519,0.7281000018119812
YKL189W,YKR087C,0,-3.3621354,0.10967110842466354,0.8970000147819519,0.7282000184059143
YHR058C,YIL052C,0,-3.362228,0.10965770483016968,0.8970000147819519,0.7282999753952026
YER154W,YJR013W,0,-3.3624403,0.10964430123567581,0.8970000147819519,0.7283999919891357
YER026C,YPL083C,0,-3.3625002,0.10963089764118195,0.8970000147819519,0.7285000085830688
YER154W,YLR148W,0,-3.3626552,0.10961750149726868,0.8970000147819519,0.728600025177002
YPL112C,YLR396C,0,-3.363344,0.10960410535335541,0.8970000147819519,0.7286999821662903
YJR156C,YHR190W,0,-3.363384,0.10959071666002274,0.8970000147819519,0.7287999987602234
YMR135C,YML077W,0,-3.363483,0.10957732796669006,0.8970000147819519,0.7289000153541565
YKR039W,YBL015W,0,-3.3639996,0.10956393927335739,0.8970000147819519,0.7289999723434448
YHR007C,YEL020W-A,0,-3.36407,0.10955056548118591,0.8970000147819519,0.7290999889373779
YPL095C,YGR038W,0,-3.3641248,0.10953718423843384,0.8970000147819519,0.729200005531311
YCR020C,YLR246W,0,-3.3645463,0.10952381044626236,0.8970000147819519,0.7293000221252441
YLR450W,YBL004W,0,-3.3649971,0.10951043665409088,0.8970000147819519,0.7293999791145325
YEL013W,YNL333W,0,-3.365944,0.1094970703125,0.8970000147819519,0.7294999957084656
YHR058C,YML024W,0,-3.366037,0.10948370397090912,0.8970000147819519,0.7296000123023987
YOR089C,YBR156C,0,-3.3663716,0.10947034507989883,0.8970000147819519,0.7297000288963318
YLR385C,YDL153C,1,-3.3664145,0.10957901179790497,0.8980000019073486,0.7297000288963318
YNL218W,YPR009W,0,-3.3665335,0.10956564545631409,0.8980000019073486,0.7297999858856201
YLR039C,YGR178C,0,-3.3666573,0.10955227166414261,0.8980000019073486,0.7299000024795532
YML057W,YGR005C,0,-3.3668196,0.10953891277313232,0.8980000019073486,0.7300000190734863
YPL249C,YAR035W,0,-3.36684,0.10952555388212204,0.8980000019073486,0.7300999760627747
YLR324W,YMR207C,0,-3.3669634,0.10951219499111176,0.8980000019073486,0.7301999926567078
YNL071W,YLR354C,0,-3.367086,0.10949884355068207,0.8980000019073486,0.7303000092506409
YPR021C,YCR031C,0,-3.367281,0.10948549211025238,0.8980000019073486,0.730400025844574
YLR055C,YMR058W,0,-3.3678622,0.10947214066982269,0.8980000019073486,0.7304999828338623
YGR165W,YDR447C,0,-3.3679073,0.1094588041305542,0.8980000019073486,0.7305999994277954
YFR001W,YGR046W,0,-3.3682547,0.10944546014070511,0.8980000019073486,0.7307000160217285
YOL158C,YJL138C,0,-3.3682823,0.10943212360143661,0.8980000019073486,0.7307999730110168
YHR190W,YOR028C,0,-3.368301,0.10941878706216812,0.8980000019073486,0.73089998960495
YML076C,YDR449C,0,-3.3684916,0.10940545797348022,0.8980000019073486,0.7310000061988831
YCR047C,YDR072C,0,-3.3687127,0.10939212888479233,0.8980000019073486,0.7311000227928162
YDR011W,YIR009W,0,-3.3687685,0.10937880724668503,0.8980000019073486,0.7311999797821045
YOR288C,YIR008C,0,-3.368885,0.10936548560857773,0.8980000019073486,0.7312999963760376
YNL246W,YDR225W,1,-3.368949,0.10947394371032715,0.8989999890327454,0.7312999963760376
YNL218W,YOR020C,0,-3.369216,0.10946061462163925,0.8989999890327454,0.7314000129699707
YOR237W,YFR004W,0,-3.3694794,0.10944728553295135,0.8989999890327454,0.7315000295639038
YGL158W,YPR101W,0,-3.3695924,0.10943396389484406,0.8989999890327454,0.7315999865531921
YCR010C,YPL115C,0,-3.3696954,0.10942064225673676,0.8989999890327454,0.7317000031471252
YDR252W,YAL059W,0,-3.3697357,0.10940732806921005,0.8989999890327454,0.7318000197410583
YCR052W,YDR224C,1,-3.37017,0.10951569676399231,0.8999999761581421,0.7318000197410583
YER094C,YER154W,0,-3.3704367,0.10950237512588501,0.8999999761581421,0.7318999767303467
YGL187C,YBR243C,0,-3.3705292,0.10948905348777771,0.8999999761581421,0.7319999933242798
YJL157C,YOR081C,0,-3.3706255,0.10947573184967041,0.8999999761581421,0.7321000099182129
YGL206C,YOR120W,0,-3.3706572,0.10946241766214371,0.8999999761581421,0.732200026512146
YOR327C,YOR047C,0,-3.3708222,0.109449103474617,0.8999999761581421,0.7322999835014343
YMR212C,YDR069C,0,-3.3709345,0.1094357967376709,0.8999999761581421,0.7324000000953674
YPL089C,YDL015C,0,-3.3709896,0.10942249000072479,0.8999999761581421,0.7325000166893005
YPR107C,YLR291C,0,-3.3710313,0.10940919071435928,0.8999999761581421,0.7325999736785889
YKL049C,YLR196W,0,-3.3710883,0.10939589142799377,0.8999999761581421,0.732699990272522
YDL051W,YCR020C-A,0,-3.3711457,0.10938259959220886,0.8999999761581421,0.7328000068664551
YOR173W,YOR298W,0,-3.3712342,0.10936930030584335,0.8999999761581421,0.7329000234603882
YNR033W,YMR136W,0,-3.371374,0.10935601592063904,0.8999999761581421,0.7329999804496765
YNR016C,YCR018C,0,-3.3715441,0.10934273153543472,0.8999999761581421,0.7330999970436096
YNL247W,YLR354C,0,-3.3715572,0.10932944715023041,0.8999999761581421,0.7332000136375427
YGR241C,YPR101W,0,-3.3715668,0.10931617021560669,0.8999999761581421,0.733299970626831
YGR077C,YOR120W,0,-3.371571,0.10930289328098297,0.8999999761581421,0.7333999872207642
YIR028W,YJR137C,0,-3.3717213,0.10928961634635925,0.8999999761581421,0.7335000038146973
YJL095W,YOR145C,0,-3.3719015,0.10927634686231613,0.8999999761581421,0.7336000204086304
YDR517W,YBL051C,0,-3.3719192,0.10926308482885361,0.8999999761581421,0.7336999773979187
YKR082W,YNR003C,0,-3.3721504,0.10924981534481049,0.8999999761581421,0.7337999939918518
YDR198C,YLR378C,0,-3.3721833,0.10923656076192856,0.8999999761581421,0.7339000105857849
YFR047C,YNR016C,0,-3.3725953,0.10922329872846603,0.8999999761581421,0.734000027179718
YLR045C,YGR245C,0,-3.3733096,0.1092100441455841,0.8999999761581421,0.7340999841690063
YOR316C,YFL022C,0,-3.3733213,0.10919679701328278,0.8999999761581421,0.7342000007629395
YER190W,YNR060W,0,-3.3734233,0.10918354988098145,0.8999999761581421,0.7343000173568726
YBR135W,YDL051W,0,-3.3734355,0.10917030274868011,0.8999999761581421,0.7343999743461609
YGL017W,YKR039W,0,-3.3735533,0.10915706306695938,0.8999999761581421,0.734499990940094
YPL084W,YER044C-A,0,-3.3737898,0.10914383083581924,0.8999999761581421,0.7346000075340271
YBL082C,YPR021C,0,-3.3738127,0.10913059115409851,0.8999999761581421,0.7347000241279602
YLR449W,YLR385C,1,-3.374055,0.10923860222101212,0.9010000228881836,0.7347000241279602
YOR020C,YML043C,0,-3.374362,0.10922536253929138,0.9010000228881836,0.7347999811172485
YOL003C,YLR466W,0,-3.3744855,0.10921212285757065,0.9010000228881836,0.7348999977111816
YIL140W,YGR092W,0,-3.3745813,0.10919888317584991,0.9010000228881836,0.7350000143051147
YML057W,YMR145C,0,-3.3745942,0.10918565094470978,0.9010000228881836,0.7350999712944031
YER049W,YNR033W,0,-3.3746858,0.10917241871356964,0.9010000228881836,0.7351999878883362
YOR045W,YER040W,0,-3.3749232,0.1091591939330101,0.9010000228881836,0.7353000044822693
YLR080W,YGR092W,0,-3.3749843,0.10914596915245056,0.9010000228881836,0.7354000210762024
YNL001W,YHL034C,0,-3.375318,0.10913275182247162,0.9010000228881836,0.7354999780654907
YMR186W,YPR093C,0,-3.3753428,0.10911953449249268,0.9010000228881836,0.7355999946594238
YML036W,YML130C,0,-3.3755615,0.10910632461309433,0.9010000228881836,0.7357000112533569
YCL044C,YFL055W,0,-3.3757396,0.10909310728311539,0.9010000228881836,0.73580002784729
YKR067W,YLR200W,0,-3.3759267,0.10907990485429764,0.9010000228881836,0.7358999848365784
YER171W,YML077W,0,-3.375964,0.10906670242547989,0.9010000228881836,0.7360000014305115
YOL003C,YJL106W,0,-3.37604,0.10905349999666214,0.9010000228881836,0.7361000180244446
YGL191W,YER044C-A,0,-3.3760662,0.10904029756784439,0.9010000228881836,0.7361999750137329
YOR316C,YJL187C,0,-3.3763885,0.10902710258960724,0.9010000228881836,0.736299991607666
YOR122C,YOR207C,0,-3.3766656,0.10901391506195068,0.9010000228881836,0.7364000082015991
YKL145W,YPL084W,0,-3.3766677,0.10900072753429413,0.9010000228881836,0.7365000247955322
YGR206W,YFL055W,0,-3.3766735,0.10898754000663757,0.9010000228881836,0.7365999817848206
YLR450W,YKL148C,0,-3.376834,0.10897435992956161,0.9010000228881836,0.7366999983787537
YER143W,YDR246W,0,-3.3769562,0.10896117985248566,0.9010000228881836,0.7368000149726868
YMR168C,YCL044C,0,-3.377205,0.1089480072259903,0.9010000228881836,0.7368999719619751
YMR302C,YDR364C,0,-3.3774104,0.10893483459949493,0.9010000228881836,0.7369999885559082
YOR028C,YDR023W,0,-3.377651,0.10892166197299957,0.9010000228881836,0.7371000051498413
YPL249C,YOR381W,0,-3.377667,0.10890849679708481,0.9010000228881836,0.7372000217437744
YDR120C,YGL183C,0,-3.3784504,0.10889533162117004,0.9010000228881836,0.7372999787330627
YNL091W,YDR299W,0,-3.3785255,0.10888217389583588,0.9010000228881836,0.7373999953269958
YER125W,YDR073W,1,-3.3786237,0.10898984968662262,0.9020000100135803,0.7373999953269958
YOR153W,YPR102C,0,-3.3786623,0.10897668451070786,0.9020000100135803,0.737500011920929
YJL222W,YER145C,0,-3.3787103,0.10896351933479309,0.9020000100135803,0.7376000285148621
YOR045W,YER027C,0,-3.3789005,0.10895035415887833,0.9020000100135803,0.7376999855041504
YGR278W,YDL118W,0,-3.3790169,0.10893719643354416,0.9020000100135803,0.7378000020980835
YPL037C,YER029C,0,-3.3791537,0.10892404615879059,0.9020000100135803,0.7379000186920166
YGR286C,YOR151C,0,-3.3792038,0.10891088843345642,0.9020000100135803,0.7379999756813049
YJL019W,YNR007C,0,-3.3800642,0.10889774560928345,0.9020000100135803,0.738099992275238
YNL071W,YKL130C,0,-3.3802905,0.10888459533452988,0.9020000100135803,0.7382000088691711
YML121W,YML042W,0,-3.3806558,0.1088714525103569,0.9020000100135803,0.7383000254631042
YEL013W,YGL120C,0,-3.380793,0.10885831713676453,0.9020000100135803,0.7383999824523926
YLL035W,YJR053W,0,-3.3809457,0.10884518176317215,0.9020000100135803,0.7384999990463257
YHR170W,YBR043C,0,-3.3809984,0.10883204638957977,0.9020000100135803,0.7386000156402588
YDR501W,YBR069C,0,-3.381326,0.108818918466568,0.9020000100135803,0.7386999726295471
YLR154C,YDL060W,0,-3.381741,0.10880579054355621,0.9020000100135803,0.7387999892234802
YAR035W,YML046W,0,-3.3819165,0.10879267007112503,0.9020000100135803,0.7389000058174133
YGR077C,YNL133C,0,-3.3820157,0.10877954959869385,0.9020000100135803,0.7390000224113464
YCR010C,YHR164C,0,-3.3821623,0.10876642912626266,0.9020000100135803,0.7390999794006348
YGR251W,YKR099W,0,-3.3822079,0.10875331610441208,0.9020000100135803,0.7391999959945679
YCR031C,YDR219C,0,-3.3824487,0.10874020308256149,0.9020000100135803,0.739300012588501
YMR303C,YGL120C,0,-3.382481,0.1087270975112915,0.9020000100135803,0.7394000291824341
YGL213C,YLR075W,0,-3.3824914,0.10871399194002151,0.9020000100135803,0.7394999861717224
YGL158W,YOR363C,0,-3.3827114,0.10870089381933212,0.9020000100135803,0.7396000027656555
YOR388C,YLR130C,0,-3.382903,0.10868779569864273,0.9020000100135803,0.7397000193595886
YER061C,YCR018C,0,-3.3829918,0.10867469757795334,0.9020000100135803,0.739799976348877
YFL005W,YPL002C,0,-3.3831055,0.10866160690784454,0.9020000100135803,0.7398999929428101
YGR238C,YDL164C,0,-3.3831587,0.10864851623773575,0.9020000100135803,0.7400000095367432
YNL232W,YNL333W,0,-3.3834198,0.10863543301820755,0.9020000100135803,0.7401000261306763
YLL006W,YBR265W,0,-3.3834934,0.10862234979867935,0.9020000100135803,0.7401999831199646
YDR465C,YJR053W,0,-3.383552,0.10860927402973175,0.9020000100135803,0.7402999997138977
YOR020C,YLR305C,0,-3.3839943,0.10859619826078415,0.9020000100135803,0.7404000163078308
YKL201C,YPL176C,0,-3.384314,0.10858312249183655,0.9020000100135803,0.7404999732971191
YHR069C,YDR060W,0,-3.384458,0.10857005417346954,0.9020000100135803,0.7405999898910522
YER014C-A,YOR117W,0,-3.3848658,0.10855698585510254,0.9020000100135803,0.7407000064849854
YOR115C,YJR094C,0,-3.385341,0.10854392498731613,0.9020000100135803,0.7408000230789185
YPR010C,YOL072W,0,-3.3855608,0.10853086411952972,0.9020000100135803,0.7408999800682068
YMR135C,YGL153W,0,-3.385923,0.10851780325174332,0.9020000100135803,0.7409999966621399
YLL035W,YGR161C,0,-3.386015,0.1085047498345375,0.9020000100135803,0.741100013256073
YKL130C,YPR093C,0,-3.3860192,0.10849170386791229,0.9020000100135803,0.7411999702453613
YPL041C,YER044C-A,0,-3.386101,0.10847865045070648,0.9020000100135803,0.7412999868392944
YJR044C,YBL085W,0,-3.3861725,0.10846561193466187,0.9020000100135803,0.7414000034332275
YDR212W,YPR101W,0,-3.3861766,0.10845256596803665,0.9020000100135803,0.7415000200271606
YHR007C,YLR196W,0,-3.386352,0.10843952745199203,0.9020000100135803,0.741599977016449
YOR153W,YNL002C,0,-3.3865168,0.10842649638652802,0.9020000100135803,0.7416999936103821
YGR238C,YOR372C,0,-3.3865294,0.1084134578704834,0.9020000100135803,0.7418000102043152
YGR044C,YLR305C,0,-3.3871984,0.10840043425559998,0.9020000100135803,0.7419000267982483
YER166W,YNL325C,0,-3.3876996,0.10838740319013596,0.9020000100135803,0.7419999837875366
YHR038W,YHR190W,0,-3.387834,0.10837438702583313,0.9020000100135803,0.7421000003814697
YLL027W,YDR016C,0,-3.3879752,0.10836136341094971,0.9020000100135803,0.7422000169754028
YGR206W,YJL073W,0,-3.3889697,0.10834834724664688,0.9020000100135803,0.7422999739646912
YIR023W,YPL019C,0,-3.3894753,0.10833533853292465,0.9020000100135803,0.7423999905586243
YNR007C,YGL096W,0,-3.3896503,0.10832232236862183,0.9020000100135803,0.7425000071525574
YOR363C,YJL056C,0,-3.389658,0.1083093211054802,0.9020000100135803,0.7426000237464905
YCR026C,YLR130C,0,-3.3901846,0.10829631239175797,0.9020000100135803,0.7426999807357788
YLR396C,YBL015W,0,-3.3902464,0.10828331112861633,0.9020000100135803,0.7427999973297119
YKL007W,YDR192C,0,-3.390285,0.1082703173160553,0.9020000100135803,0.742900013923645
YLR126C,YJR105W,0,-3.3904767,0.10825732350349426,0.9020000100135803,0.7429999709129333
YER129W,YOR288C,0,-3.3906748,0.10824432969093323,0.9020000100135803,0.7430999875068665
YDL113C,YPR102C,0,-3.3907523,0.10823134332895279,0.9020000100135803,0.7432000041007996
YMR212C,YNL283C,0,-3.3910985,0.10821835696697235,0.9020000100135803,0.7433000206947327
YPL213W,YGL028C,0,-3.3911352,0.10820537060499191,0.9020000100135803,0.743399977684021
YML041C,YJL080C,1,-3.3914795,0.10831234604120255,0.902999997138977,0.743399977684021
YCR047C,YMR059W,0,-3.3915048,0.10829935222864151,0.902999997138977,0.7434999942779541
YMR255W,YDL095W,0,-3.3915153,0.10828636586666107,0.902999997138977,0.7436000108718872
YGL120C,YPR049C,0,-3.391714,0.10827337950468063,0.902999997138977,0.7437000274658203
YLR451W,YDR156W,0,-3.3917918,0.10826040059328079,0.902999997138977,0.7437999844551086
YGR257C,YML046W,0,-3.3918009,0.10824742168188095,0.902999997138977,0.7439000010490417
YBR035C,YOR126C,0,-3.3920984,0.1082344502210617,0.902999997138977,0.7440000176429749
YER062C,YGR193C,0,-3.3922048,0.10822147876024246,0.902999997138977,0.7440999746322632
YPL015C,YNL135C,1,-3.3925414,0.10832834243774414,0.9039999842643738,0.7440999746322632
YMR302C,YLR113W,0,-3.3927546,0.1083153635263443,0.9039999842643738,0.7441999912261963
YIL021W,YHR108W,0,-3.3928928,0.10830238461494446,0.9039999842643738,0.7443000078201294
YGL158W,YLR165C,0,-3.3929865,0.10828941315412521,0.9039999842643738,0.7444000244140625
YNR007C,YLR096W,0,-3.3930485,0.10827644169330597,0.9039999842643738,0.7444999814033508
YBR135W,YOR122C,0,-3.3933063,0.10826347023248672,0.9039999842643738,0.7445999979972839
YNL156C,YBL011W,0,-3.3934195,0.10825050622224808,0.9039999842643738,0.744700014591217
YDR043C,YDR503C,0,-3.3935833,0.10823754966259003,0.9039999842643738,0.7447999715805054
YGR209C,YJL039C,0,-3.393722,0.10822459310293198,0.9039999842643738,0.7448999881744385
YGR209C,YLR182W,0,-3.394129,0.10821163654327393,0.9039999842643738,0.7450000047683716
YGL233W,YOR081C,0,-3.3942876,0.10819867998361588,0.9039999842643738,0.7451000213623047
YBL046W,YDR038C,0,-3.3944316,0.10818573832511902,0.9039999842643738,0.745199978351593
YDL224C,YIL153W,0,-3.39473,0.10817278921604156,0.9039999842643738,0.7452999949455261
YBL090W,YOR187W,0,-3.3948588,0.10815984755754471,0.9039999842643738,0.7454000115394592
YIL126W,YPR193C,1,-3.395176,0.10826653987169266,0.9049999713897705,0.7454000115394592
YFL060C,YGR037C,0,-3.3952253,0.1082535907626152,0.9049999713897705,0.7455000281333923
YNR033W,YEL013W,0,-3.395257,0.10824064165353775,0.9049999713897705,0.7455999851226807
YHR056C,YKR042W,1,-3.3954287,0.10834728181362152,0.906000018119812,0.7455999851226807
YDR069C,YBR119W,0,-3.3954704,0.10833433270454407,0.906000018119812,0.7457000017166138
YDR113C,YER009W,0,-3.3954742,0.10832137614488602,0.906000018119812,0.7458000183105469
YGL241W,YLR075W,0,-3.3957243,0.10830842703580856,0.906000018119812,0.7458999752998352
YKL141W,YMR192W,0,-3.3957987,0.1082954853773117,0.906000018119812,0.7459999918937683
YER026C,YCR077C,0,-3.3958576,0.10828253626823425,0.906000018119812,0.7461000084877014
YFL005W,YOR122C,0,-3.3962405,0.108269602060318,0.906000018119812,0.7462000250816345
YBL085W,YMR207C,0,-3.3964262,0.10825666040182114,0.906000018119812,0.7462999820709229
YLR449W,YPR193C,1,-3.3979933,0.10836320370435715,0.9070000052452087,0.7462999820709229
YNR033W,YDL178W,0,-3.398591,0.1083502545952797,0.9070000052452087,0.746399998664856
YBL007C,YKL052C,0,-3.398676,0.10833731293678284,0.9070000052452087,0.7465000152587891
YLR136C,YDR138W,0,-3.3987074,0.10832437872886658,0.9070000052452087,0.7465999722480774
YGR112W,YCR035C,0,-3.399958,0.10831143707036972,0.9070000052452087,0.7466999888420105
YER171W,YJR156C,0,-3.4000196,0.10829851031303406,0.9070000052452087,0.7468000054359436
YER002W,YER083C,0,-3.4000301,0.1082855761051178,0.9070000052452087,0.7469000220298767
YHR108W,YDL092W,0,-3.400127,0.10827264934778214,0.9070000052452087,0.746999979019165
YJR153W,YLL027W,0,-3.400326,0.10825973004102707,0.9070000052452087,0.7470999956130981
YCR020C,YPR051W,0,-3.4007666,0.108246810734272,0.9070000052452087,0.7472000122070312
YKR099W,YDR447C,0,-3.400824,0.10823389142751694,0.9070000052452087,0.7473000288009644
YGR288W,YDR255C,0,-3.4011736,0.10822097957134247,0.9070000052452087,0.7473999857902527
YKL189W,YGL104C,0,-3.4013376,0.108208067715168,0.9070000052452087,0.7475000023841858
YGR251W,YDR449C,0,-3.4016104,0.10819515585899353,0.9070000052452087,0.7476000189781189
YBL082C,YOL109W,0,-3.401773,0.10818225145339966,0.9070000052452087,0.7476999759674072
YHR143W,YCL038C,0,-3.4018536,0.10816934704780579,0.9070000052452087,0.7477999925613403
YLR092W,YHL038C,0,-3.401866,0.10815645009279251,0.9070000052452087,0.7479000091552734
YKR099W,YPL176C,0,-3.4019387,0.10814355313777924,0.9070000052452087,0.7480000257492065
YDL113C,YML019W,0,-3.40194,0.10813066363334656,0.9070000052452087,0.7480999827384949
YPR108W,YGR101W,0,-3.4019914,0.10811777412891388,0.9070000052452087,0.748199999332428
YNL038W,YBR117C,0,-3.4021637,0.1081048846244812,0.9070000052452087,0.7483000159263611
YKR026C,YHR176W,0,-3.4021971,0.10809200257062912,0.9070000052452087,0.7483999729156494
YKR050W,YGR204W,0,-3.4029427,0.10807912051677704,0.9070000052452087,0.7484999895095825
YFR036W,YDR272W,0,-3.4030228,0.10806624591350555,0.9070000052452087,0.7486000061035156
YIL121W,YDR470C,0,-3.4030821,0.10805337131023407,0.9070000052452087,0.7487000226974487
YJL138C,YKR061W,0,-3.403162,0.10804049670696259,0.9070000052452087,0.7487999796867371
YDR080W,YML118W,0,-3.403435,0.1080276295542717,0.9070000052452087,0.7488999962806702
YIL143C,YGR037C,0,-3.4036405,0.10801476985216141,0.9070000052452087,0.7490000128746033
YIL110W,YPR107C,0,-3.4038682,0.10800190269947052,0.9070000052452087,0.7491000294685364
YDR508C,YLR383W,0,-3.4047055,0.10798904299736023,0.9070000052452087,0.7491999864578247
YHR123W,YBR017C,0,-3.4053006,0.10797619074583054,0.9070000052452087,0.7493000030517578
YLR163C,YDR030C,0,-3.4056401,0.10796333849430084,0.9070000052452087,0.7494000196456909
YLR102C,YNL292W,0,-3.4060428,0.10795048624277115,0.9070000052452087,0.7494999766349792
YOR112W,YER093C,0,-3.406715,0.10793764144182205,0.9070000052452087,0.7495999932289124
YDR294C,YPR021C,0,-3.4070158,0.10792479664087296,0.9070000052452087,0.7497000098228455
YFL058W,YCR077C,0,-3.4073,0.10791195929050446,0.9070000052452087,0.7498000264167786
YER036C,YCR020C,0,-3.4076111,0.10789912194013596,0.9070000052452087,0.7498999834060669
YER027C,YNL256W,0,-3.4080043,0.10788628458976746,0.9070000052452087,0.75
YER056C,YOR153W,0,-3.4080372,0.10787345468997955,0.9070000052452087,0.7501000165939331
YCR018C,YJL056C,0,-3.408689,0.10786062479019165,0.9070000052452087,0.7501999735832214
YNL233W,YOR187W,0,-3.4087324,0.10784780234098434,0.9070000052452087,0.7502999901771545
YGL187C,YLR291C,0,-3.4088755,0.10783497989177704,0.9070000052452087,0.7504000067710876
YJL222W,YIL153W,0,-3.4091306,0.10782215744256973,0.9070000052452087,0.7505000233650208
YKL143W,YML074C,0,-3.4092255,0.10780934244394302,0.9070000052452087,0.7505999803543091
YAL059W,YPR176C,0,-3.4093132,0.10779652744531631,0.9070000052452087,0.7506999969482422
YLR246W,YDR516C,0,-3.4094195,0.1077837198972702,0.9070000052452087,0.7508000135421753
YJL080C,YDL153C,1,-3.4097118,0.10788973420858383,0.9079999923706055,0.7508000135421753
YLL035W,YJL157C,0,-3.4099417,0.10787691920995712,0.9079999923706055,0.7508999705314636
YGL038C,YAR015W,0,-3.4100595,0.10786410421133041,0.9079999923706055,0.7509999871253967
YLR210W,YBR117C,0,-3.4101138,0.1078512892127037,0.9079999923706055,0.7511000037193298
YLR450W,YHR178W,0,-3.4102378,0.10783848166465759,0.9079999923706055,0.7512000203132629
YEL012W,YML124C,0,-3.4104872,0.10782567411661148,0.9079999923706055,0.7512999773025513
YMR239C,YPL175W,0,-3.4109092,0.10781287401914597,0.9079999923706055,0.7513999938964844
YKL119C,YEL024W,0,-3.410923,0.10780007392168045,0.9079999923706055,0.7515000104904175
YLR013W,YML118W,0,-3.4115064,0.10778727382421494,0.9079999923706055,0.7516000270843506
YER109C,YPR049C,0,-3.4118633,0.10777448117733002,0.9079999923706055,0.7516999840736389
YPL164C,YJL073W,0,-3.4128528,0.1077616885304451,0.9079999923706055,0.751800000667572
YBL015W,YLR313C,0,-3.412927,0.10774890333414078,0.9079999923706055,0.7519000172615051
YDR079W,YPL041C,0,-3.4129543,0.10773611813783646,0.9079999923706055,0.7519999742507935
YPR009W,YKL204W,0,-3.4129705,0.10772333294153214,0.9079999923706055,0.7520999908447266
YOL011W,YFR036W,0,-3.4130487,0.10771055519580841,0.9079999923706055,0.7522000074386597
YHR066W,YKL113C,0,-3.413113,0.10769778490066528,0.9079999923706055,0.7523000240325928
YLR102C,YOL100W,0,-3.4132314,0.10768500715494156,0.9079999923706055,0.7523999810218811
YOR316C,YDL056W,0,-3.4133606,0.10767223685979843,0.9079999923706055,0.7524999976158142
YJL219W,YML052W,0,-3.4135532,0.1076594740152359,0.9079999923706055,0.7526000142097473
YDR194C,YML052W,0,-3.4137192,0.10764671117067337,0.9079999923706055,0.7526999711990356
YNL313C,YKL204W,0,-3.414147,0.10763394832611084,0.9079999923706055,0.7527999877929688
YML007W,YER154W,0,-3.4141698,0.1076211929321289,0.9079999923706055,0.7529000043869019
YOR054C,YML019W,0,-3.4142013,0.10760843753814697,0.9079999923706055,0.753000020980835
YDR184C,YOR047C,0,-3.4142342,0.10759568959474564,0.9079999923706055,0.7530999779701233
YHR007C,YNR016C,0,-3.414287,0.1075829416513443,0.9079999923706055,0.7531999945640564
YPL249C,YFR036W,0,-3.4144068,0.10757019370794296,0.9079999923706055,0.7533000111579895
YPL175W,YIL019W,0,-3.4145336,0.10755745321512222,0.9079999923706055,0.7534000277519226
YJR053W,YDL178W,0,-3.414809,0.10754471272230148,0.9079999923706055,0.7534999847412109
YML085C,YMR059W,0,-3.414917,0.10753197222948074,0.9079999923706055,0.753600001335144
YMR168C,YGR204W,0,-3.415101,0.1075192391872406,0.9079999923706055,0.7537000179290771
YPL217C,YPL120W,0,-3.4155197,0.10750651359558105,0.9079999923706055,0.7537999749183655
YJR156C,YMR030W,0,-3.41582,0.10749378800392151,0.9079999923706055,0.7538999915122986
YPL094C,YOR208W,0,-3.4162803,0.10748106241226196,0.9079999923706055,0.7540000081062317
YDR465C,YLR163C,0,-3.416336,0.10746833682060242,0.9079999923706055,0.7541000247001648
YER143W,YJR121W,0,-3.4164503,0.10745561867952347,0.9079999923706055,0.7541999816894531
YJL080C,YPR179C,1,-3.4165115,0.10756123811006546,0.9089999794960022,0.7541999816894531
YOR359W,YIR011C,0,-3.4166923,0.10754851251840591,0.9089999794960022,0.7542999982833862
YAR015W,YOR253W,0,-3.4172869,0.10753578692674637,0.9089999794960022,0.7544000148773193
YDR429C,YNL292W,0,-3.4173176,0.10752306878566742,0.9089999794960022,0.7544999718666077
YNL036W,YMR213W,0,-3.4173462,0.10751035064458847,0.9089999794960022,0.7545999884605408
YLR163C,YDR025W,0,-3.4176583,0.10749763250350952,0.9089999794960022,0.7547000050544739
YNR032C-A,YHR075C,0,-3.4180913,0.10748492181301117,0.9089999794960022,0.754800021648407
YKL057C,YOR054C,0,-3.4183183,0.10747221857309341,0.9089999794960022,0.7548999786376953
YGR103W,YOR122C,0,-3.4184391,0.10745950788259506,0.9089999794960022,0.7549999952316284
YJL106W,YNL244C,0,-3.4185257,0.1074468120932579,0.9089999794960022,0.7551000118255615
YHR038W,YOR067C,0,-3.4185276,0.10743410885334015,0.9089999794960022,0.7552000284194946
YBL011W,YHR038W,0,-3.4188175,0.10742141306400299,0.9089999794960022,0.755299985408783
YJR047C,YHR085W,0,-3.4191358,0.10740871727466583,0.9089999794960022,0.7554000020027161
YJL179W,YJR143C,0,-3.4191558,0.10739602893590927,0.9089999794960022,0.7555000185966492
YDR255C,YLR144C,0,-3.4193769,0.10738334059715271,0.9089999794960022,0.7555999755859375
YDR339C,YDR164C,0,-3.4194705,0.10737065970897675,0.9089999794960022,0.7556999921798706
YDL056W,YBL064C,0,-3.4198432,0.10735797882080078,0.9089999794960022,0.7558000087738037
YLR390W-A,YGR204W,0,-3.4199848,0.10734529793262482,0.9089999794960022,0.7559000253677368
YDR221W,YJL157C,0,-3.42058,0.10733262449502945,0.9089999794960022,0.7559999823570251
YGR288W,YOR110W,0,-3.4206467,0.10731995105743408,0.9089999794960022,0.7560999989509583
YHL028W,YER009W,0,-3.4208302,0.10730728507041931,0.9089999794960022,0.7562000155448914
YLR039C,YNL218W,0,-3.421021,0.10729461908340454,0.9089999794960022,0.7562999725341797
YML067C,YPR009W,0,-3.421151,0.10728195309638977,0.9089999794960022,0.7563999891281128
YLR136C,YGR162W,0,-3.4213853,0.1072692945599556,0.9089999794960022,0.7565000057220459
YDL174C,YCR018C,0,-3.4214482,0.10725663602352142,0.9089999794960022,0.756600022315979
YOR298W,YPL179W,0,-3.4221034,0.10724398493766785,0.9089999794960022,0.7566999793052673
YKR067W,YLR354C,0,-3.4222562,0.10723133385181427,0.9089999794960022,0.7567999958992004
YMR322C,YGL104C,0,-3.42234,0.1072186827659607,0.9089999794960022,0.7569000124931335
YPR193C,YHR056C,1,-3.4224787,0.10732397437095642,0.9100000262260437,0.7569000124931335
YJR053W,YAL023C,0,-3.422569,0.10731132328510284,0.9100000262260437,0.7570000290870667
YPR168W,YPL176C,0,-3.4226475,0.10729866474866867,0.9100000262260437,0.757099986076355
YPR031W,YFR037C,1,-3.4229803,0.10740391165018082,0.9110000133514404,0.757099986076355
YOL149W,YEL013W,0,-3.4230993,0.10739125311374664,0.9110000133514404,0.7572000026702881
YER094C,YKR061W,0,-3.423133,0.10737859457731247,0.9110000133514404,0.7573000192642212
YGL043W,YOR288C,0,-3.4232173,0.10736594349145889,0.9110000133514404,0.7573999762535095
YML130C,YGL225W,0,-3.4234762,0.10735328495502472,0.9110000133514404,0.7574999928474426
YJR156C,YLR430W,0,-3.4236856,0.10734064131975174,0.9110000133514404,0.7576000094413757
YNL049C,YOR187W,0,-3.423912,0.10732799023389816,0.9110000133514404,0.7577000260353088
YKL189W,YKL201C,0,-3.424078,0.10731534659862518,0.9110000133514404,0.7577999830245972
YDL188C,YJL219W,0,-3.4241734,0.1073027104139328,0.9110000133514404,0.7578999996185303
YMR309C,YMR025W,0,-3.4243338,0.10729007422924042,0.9110000133514404,0.7580000162124634
YLL035W,YOR178C,0,-3.42444,0.10727743804454803,0.9110000133514404,0.7580999732017517
YMR163C,YOL076W,0,-3.4246085,0.10726480931043625,0.9110000133514404,0.7581999897956848
YGR288W,YIL153W,0,-3.4246929,0.10725218057632446,0.9110000133514404,0.7583000063896179
YJR047C,YDL108W,0,-3.4250264,0.10723955184221268,0.9110000133514404,0.758400022983551
YER104W,YDR060W,0,-3.4251823,0.10722693055868149,0.9110000133514404,0.7584999799728394
YFR047C,YKL013C,0,-3.4258735,0.1072143092751503,0.9110000133514404,0.7585999965667725
YBL052C,YDR224C,1,-3.426278,0.10731936991214752,0.9120000004768372,0.7585999965667725
YOR298W,YJR153W,0,-3.4263198,0.10730674117803574,0.9120000004768372,0.7587000131607056
YDR295C,YER125W,1,-3.4263368,0.10741176456212997,0.9129999876022339,0.7587000131607056
YLR418C,YPL015C,1,-3.4264364,0.10751676559448242,0.9139999747276306,0.7587000131607056
YDL188C,YDR264C,0,-3.4264798,0.10750411450862885,0.9139999747276306,0.7588000297546387
YNL066W,YLR096W,0,-3.4266753,0.10749147087335587,0.9139999747276306,0.758899986743927
YLR466W,YGR142W,0,-3.4267025,0.10747883468866348,0.9139999747276306,0.7590000033378601
YGL104C,YLR246W,0,-3.4270387,0.1074661985039711,0.9139999747276306,0.7591000199317932
YGR103W,YLR396C,0,-3.4271631,0.10745356231927872,0.9139999747276306,0.7591999769210815
YJL219W,YHR038W,0,-3.4276257,0.10744093358516693,0.9139999747276306,0.7592999935150146
YDR212W,YGL251C,0,-3.4277596,0.10742830485105515,0.9139999747276306,0.7594000101089478
YKL057C,YNL287W,0,-3.4278016,0.10741567611694336,0.9139999747276306,0.7595000267028809
YER036C,YJR143C,0,-3.4279804,0.10740305483341217,0.9139999747276306,0.7595999836921692
YOR279C,YDR225W,1,-3.428124,0.10750792920589447,0.9150000214576721,0.7595999836921692
YDR060W,YOR110W,0,-3.4283295,0.10749530047178268,0.9150000214576721,0.7597000002861023
YDR079W,YPR088C,0,-3.4284582,0.1074826717376709,0.9150000214576721,0.7598000168800354
YNL218W,YNR030W,0,-3.4288137,0.10747005045413971,0.9150000214576721,0.7598999738693237
YLR324W,YGR044C,0,-3.428955,0.10745742917060852,0.9150000214576721,0.7599999904632568
YPL037C,YBR156C,0,-3.4293256,0.10744480788707733,0.9150000214576721,0.7601000070571899
YFR047C,YMR227C,0,-3.42942,0.10743219405412674,0.9150000214576721,0.760200023651123
YML118W,YMR200W,0,-3.429664,0.10741958022117615,0.9150000214576721,0.7602999806404114
YLR466W,YIL019W,0,-3.4298053,0.10740697383880615,0.9150000214576721,0.7603999972343445
YMR227C,YER036C,0,-3.430183,0.10739436745643616,0.9150000214576721,0.7605000138282776
YGR206W,YNL036W,0,-3.430457,0.10738176107406616,0.9150000214576721,0.7605999708175659
YDR225W,YER030W,1,-3.4304628,0.10748650878667831,0.9160000085830688,0.7605999708175659
YDL223C,YGL113W,0,-3.4306812,0.10747389495372772,0.9160000085830688,0.760699987411499
YJR153W,YMR004W,0,-3.4309287,0.10746128857135773,0.9160000085830688,0.7608000040054321
YNL232W,YOL097C,0,-3.4310234,0.10744868218898773,0.9160000085830688,0.7609000205993652
YGR231C,YKL204W,0,-3.431178,0.10743607580661774,0.9160000085830688,0.7609999775886536
YDR198C,YAR035W,0,-3.4313552,0.10742347687482834,0.9160000085830688,0.7610999941825867
YIL121W,YPR168W,0,-3.4314299,0.10741088539361954,0.9160000085830688,0.7612000107765198
YER044C-A,YDR092W,0,-3.4314582,0.10739828646183014,0.9160000085830688,0.7613000273704529
YMR303C,YGL222C,0,-3.4318619,0.10738569498062134,0.9160000085830688,0.7613999843597412
YJR143C,YBR119W,0,-3.432197,0.10737311094999313,0.9160000085830688,0.7615000009536743
YFR001W,YOR067C,0,-3.4322631,0.10736052691936493,0.9160000085830688,0.7616000175476074
YER147C,YDL165W,0,-3.4328706,0.10734794288873672,0.9160000085830688,0.7616999745368958
YDR306C,YKL201C,0,-3.4333525,0.10733536630868912,0.9160000085830688,0.7617999911308289
YMR302C,YLR354C,0,-3.4337533,0.10732278972864151,0.9160000085830688,0.761900007724762
YDR252W,YPR168W,0,-3.4337893,0.1073102131485939,0.9160000085830688,0.7620000243186951
YJL080C,YLL004W,1,-3.4338489,0.10741478204727173,0.9169999957084656,0.7620000243186951
YDR092W,YJR143C,0,-3.4341793,0.10740220546722412,0.9169999957084656,0.7620999813079834
YGR206W,YLR196W,0,-3.434433,0.10738962143659592,0.9169999957084656,0.7621999979019165
YNL232W,YDR384C,0,-3.434466,0.1073770523071289,0.9169999957084656,0.7623000144958496
YDR494W,YNR016C,0,-3.4345043,0.1073644757270813,0.9169999957084656,0.7623999714851379
YML124C,YDR516C,0,-3.4350338,0.10735190659761429,0.9169999957084656,0.762499988079071
YBR247C,YAR015W,0,-3.4353333,0.10733934491872787,0.9169999957084656,0.7626000046730042
YCR020C,YKL026C,0,-3.4354057,0.10732677578926086,0.9169999957084656,0.7627000212669373
YDR113C,YLR172C,0,-3.4355693,0.10731422156095505,0.9169999957084656,0.7627999782562256
YHL028W,YOL100W,0,-3.435676,0.10730165988206863,0.9169999957084656,0.7628999948501587
YDL130W,YLR453C,0,-3.435896,0.10728910565376282,0.9169999957084656,0.7630000114440918
YML060W,YJR043C,0,-3.4360611,0.1072765588760376,0.9169999957084656,0.7631000280380249
YML016C,YBR055C,0,-3.436172,0.10726400464773178,0.9169999957084656,0.7631999850273132
YGR238C,YCL038C,0,-3.4363735,0.10725146532058716,0.9169999957084656,0.7633000016212463
YPL178W,YLL001W,0,-3.4363906,0.10723891854286194,0.9169999957084656,0.7634000182151794
YJR044C,YLR080W,0,-3.4366097,0.10722637921571732,0.9169999957084656,0.7634999752044678
YLR246W,YGR178C,0,-3.4367747,0.10721383988857269,0.9169999957084656,0.7635999917984009
YML024W,YER154W,0,-3.4369795,0.10720130801200867,0.9169999957084656,0.763700008392334
YDR339C,YNL333W,0,-3.43704,0.10718877613544464,0.9169999957084656,0.7638000249862671
YGR288W,YJR121W,0,-3.4370763,0.10717625170946121,0.9169999957084656,0.7638999819755554
YPR093C,YIL062C,0,-3.437118,0.10716372728347778,0.9169999957084656,0.7639999985694885
YPR024W,YDL024C,0,-3.4372873,0.10715120285749435,0.9169999957084656,0.7641000151634216
YDL046W,YIL121W,0,-3.4374368,0.10713868588209152,0.9169999957084656,0.76419997215271
YGR257C,YDL201W,0,-3.437492,0.10712616890668869,0.9169999957084656,0.7642999887466431
YPL002C,YER154W,0,-3.4375405,0.10711365193128586,0.9169999957084656,0.7644000053405762
YKL141W,YKL057C,0,-3.4377482,0.10710114240646362,0.9169999957084656,0.7645000219345093
YOR208W,YDL047W,0,-3.4378579,0.10708864033222198,0.9169999957084656,0.7645999789237976
YNL049C,YJL110C,0,-3.4379354,0.10707613080739975,0.9169999957084656,0.7646999955177307
YPL092W,YJR043C,0,-3.438785,0.10706362873315811,0.9169999957084656,0.7648000121116638
YLR224W,YDR115W,0,-3.4388037,0.10705113410949707,0.9169999957084656,0.7649000287055969
YGL158W,YJR156C,0,-3.439257,0.10703863948583603,0.9169999957084656,0.7649999856948853
YKR025W,YIL052C,0,-3.4393377,0.10702614486217499,0.9169999957084656,0.7651000022888184
YDR294C,YDL095W,0,-3.4393728,0.10701365023851395,0.9169999957084656,0.7652000188827515
YML110C,YGR092W,0,-3.439415,0.1070011705160141,0.9169999957084656,0.7652999758720398
YDL223C,YGL075C,0,-3.43969,0.10698868334293365,0.9169999957084656,0.7653999924659729
YIR011C,YFR009W,0,-3.439693,0.10697620362043381,0.9169999957084656,0.765500009059906
YDR255C,YPL050C,0,-3.439703,0.10696372389793396,0.9169999957084656,0.7656000256538391
YOL097C,YML001W,0,-3.4397705,0.10695125162601471,0.9169999957084656,0.7656999826431274
YGL181W,YCR020C-A,0,-3.4406242,0.10693877190351486,0.9169999957084656,0.7657999992370605
YML024W,YKL052C,0,-3.441031,0.10692630708217621,0.9169999957084656,0.7659000158309937
YHR092C,YOR208W,0,-3.4416194,0.10691384226083755,0.9169999957084656,0.765999972820282
YOL111C,YPL092W,0,-3.4416237,0.1069013774394989,0.9169999957084656,0.7660999894142151
YER017C,YFL058W,0,-3.4416847,0.10688891261816025,0.9169999957084656,0.7662000060081482
YGR037C,YGR046W,0,-3.441723,0.10687645524740219,0.9169999957084656,0.7663000226020813
YBL007C,YCR018C,0,-3.4417644,0.10686400532722473,0.9169999957084656,0.7663999795913696
YER100W,YPL019C,0,-3.4419026,0.10685154795646667,0.9169999957084656,0.7664999961853027
YHR066W,YBL071W-A,0,-3.4419336,0.10683909803628922,0.9169999957084656,0.7666000127792358
YFR050C,YGL038C,0,-3.442038,0.10682665556669235,0.9169999957084656,0.766700029373169
YML110C,YGL047W,0,-3.4422402,0.10681421309709549,0.9169999957084656,0.7667999863624573
YCL067C,YKR034W,0,-3.442303,0.10680177062749863,0.9169999957084656,0.7669000029563904
YKR061W,YML001W,0,-3.44237,0.10678933560848236,0.9169999957084656,0.7670000195503235
YEL012W,YGR080W,0,-3.442384,0.1067769005894661,0.9169999957084656,0.7670999765396118
YGR288W,YGR162W,0,-3.44247,0.10676446557044983,0.9169999957084656,0.7671999931335449
YPR021C,YAR014C,0,-3.4432163,0.10675203800201416,0.9169999957084656,0.767300009727478
YOR261C,YJR059W,0,-3.4434404,0.10673961043357849,0.9169999957084656,0.7674000263214111
YDL188C,YGL181W,0,-3.4434702,0.10672719031572342,0.9169999957084656,0.7674999833106995
YBR265W,YDR115W,0,-3.4436364,0.10671477019786835,0.9169999957084656,0.7675999999046326
YDR023W,YMR213W,0,-3.4436421,0.10670235008001328,0.9169999957084656,0.7677000164985657
YER025W,YMR212C,0,-3.4438012,0.1066899374127388,0.9169999957084656,0.767799973487854
YLR165C,YFL022C,0,-3.4438999,0.10667752474546432,0.9169999957084656,0.7678999900817871
YPL214C,YLR330W,0,-3.4439626,0.10666511207818985,0.9169999957084656,0.7680000066757202
YBR153W,YNL244C,0,-3.4439754,0.10665270686149597,0.9169999957084656,0.7681000232696533
YCR092C,YDR447C,0,-3.4440217,0.10664030909538269,0.9169999957084656,0.7681999802589417
YLR130C,YPR049C,0,-3.4441137,0.10662790387868881,0.9169999957084656,0.7682999968528748
YCR092C,YER103W,0,-3.44423,0.10661550611257553,0.9169999957084656,0.7684000134468079
YNL156C,YGR171C,0,-3.4442413,0.10660311579704285,0.9169999957084656,0.7684999704360962
YLR246W,YGR175C,0,-3.4443736,0.10659072548151016,0.9169999957084656,0.7685999870300293
YNL038W,YMR128W,0,-3.4446583,0.10657833516597748,0.9169999957084656,0.7687000036239624
YAL023C,YLR167W,0,-3.4447908,0.10656595230102539,0.9169999957084656,0.7688000202178955
YLR409C,YDR016C,0,-3.4449131,0.1065535694360733,0.9169999957084656,0.7688999772071838
YFR036W,YHR085W,0,-3.4451194,0.10654118657112122,0.9169999957084656,0.7689999938011169
YBR265W,YDR030C,0,-3.4451656,0.10652881115674973,0.9169999957084656,0.76910001039505
YOL100W,YNL333W,0,-3.4455023,0.10651643574237823,0.9169999957084656,0.7692000269889832
YER026C,YGL211W,0,-3.4456694,0.10650406777858734,0.9169999957084656,0.7692999839782715
YDR011W,YHL022C,0,-3.4457622,0.10649169981479645,0.9169999957084656,0.7694000005722046
YOR237W,YNL133C,0,-3.4458184,0.10647933185100555,0.9169999957084656,0.7695000171661377
YOR195W,YHR108W,0,-3.4458447,0.10646697133779526,0.9169999957084656,0.769599974155426
YLR047C,YCR031C,0,-3.4458995,0.10645461082458496,0.9169999957084656,0.7696999907493591
YGL158W,YBR247C,0,-3.4459772,0.10644225031137466,0.9169999957084656,0.7698000073432922
YOL033W,YPR176C,0,-3.4460406,0.10642989724874496,0.9169999957084656,0.7699000239372253
YER056C,YPR049C,0,-3.4460626,0.10641754418611526,0.9169999957084656,0.7699999809265137
YDL113C,YER002W,0,-3.446094,0.10640519857406616,0.9169999957084656,0.7700999975204468
YKL206C,YER093C,0,-3.446352,0.10639285296201706,0.9169999957084656,0.7702000141143799
YPR010C,YDR494W,0,-3.4469008,0.10638050734996796,0.9169999957084656,0.7702999711036682
YJL157C,YGL028C,0,-3.4473221,0.10636816918849945,0.9169999957084656,0.7703999876976013
YJL201W,YDR492W,0,-3.4473295,0.10635583102703094,0.9169999957084656,0.7705000042915344
YHR143W,YKL068W,0,-3.44776,0.10634350031614304,0.9169999957084656,0.7706000208854675
YER094C,YOR253W,0,-3.4477758,0.10633116960525513,0.9169999957084656,0.7706999778747559
YHR170W,YGR193C,0,-3.4481745,0.10631883889436722,0.9169999957084656,0.770799994468689
YMR303C,YFL058W,0,-3.4483032,0.1063065156340599,0.9169999957084656,0.7709000110626221
YCL038C,YBR213W,0,-3.4486232,0.1062941923737526,0.9169999957084656,0.7710000276565552
YGR193C,YBR118W,0,-3.4487095,0.10628187656402588,0.9169999957084656,0.7710999846458435
YPR010C,YJR147W,0,-3.4492764,0.10626955330371857,0.9169999957084656,0.7712000012397766
YOR020C,YBL015W,0,-3.4493017,0.10625724494457245,0.9169999957084656,0.7713000178337097
YMR186W,YLR291C,0,-3.450013,0.10624492913484573,0.9169999957084656,0.771399974822998
YMR273C,YER125W,1,-3.450075,0.10634846985340118,0.9179999828338623,0.771399974822998
YCL034W,YDR427W,0,-3.4501824,0.10633615404367447,0.9179999828338623,0.7714999914169312
YDR294C,YNR003C,0,-3.4503741,0.10632383823394775,0.9179999828338623,0.7716000080108643
YIL153W,YPL175W,0,-3.4506466,0.10631152242422104,0.9179999828338623,0.7717000246047974
YHR094C,YOR156C,0,-3.4507217,0.10629921406507492,0.9179999828338623,0.7717999815940857
YHL028W,YPL089C,0,-3.4511933,0.1062869057059288,0.9179999828338623,0.7718999981880188
YLR378C,YDL005C,0,-3.4513295,0.10627459734678268,0.9179999828338623,0.7720000147819519
YLL027W,YLR113W,0,-3.4514208,0.10626229643821716,0.9179999828338623,0.7720999717712402
YDR508C,YER093C,0,-3.4516451,0.10625000298023224,0.9179999828338623,0.7721999883651733
YNL051W,YBR117C,0,-3.4518385,0.10623770207166672,0.9179999828338623,0.7723000049591064
YDR045C,YDL092W,0,-3.4518678,0.1062254086136818,0.9179999828338623,0.7724000215530396
YGL181W,YLR390W-A,0,-3.4519815,0.10621312260627747,0.9179999828338623,0.7724999785423279
YJR137C,YNL073W,0,-3.4523067,0.10620083659887314,0.9179999828338623,0.772599995136261
YHR092C,YKL120W,0,-3.4525704,0.10618855059146881,0.9179999828338623,0.7727000117301941
YDR470C,YDR069C,0,-3.4527225,0.10617626458406448,0.9179999828338623,0.7728000283241272
YGR161C,YJL116C,0,-3.452784,0.10616398602724075,0.9179999828338623,0.7728999853134155
YML046W,YNL292W,0,-3.4528306,0.10615171492099762,0.9179999828338623,0.7730000019073486
YOR288C,YEL069C,0,-3.4530907,0.10613943636417389,0.9179999828338623,0.7731000185012817
YGL187C,YER025W,0,-3.4531977,0.10612716525793076,0.9179999828338623,0.7731999754905701
YLR055C,YML001W,0,-3.4537554,0.10611490160226822,0.9179999828338623,0.7732999920845032
YPR107C,YBL099W,0,-3.4540248,0.10610263794660568,0.9179999828338623,0.7734000086784363
YPR139C,YIL052C,0,-3.4540405,0.10609037429094315,0.9179999828338623,0.7735000252723694
YCL044C,YOR126C,0,-3.4543586,0.10607811063528061,0.9179999828338623,0.7735999822616577
YOR288C,YIL115C,0,-3.4544356,0.10606585443019867,0.9179999828338623,0.7736999988555908
YOL011W,YCL034W,0,-3.454448,0.10605360567569733,0.9179999828338623,0.7738000154495239
YPR009W,YOR208W,0,-3.4547582,0.10604135692119598,0.9179999828338623,0.7738999724388123
YJR137C,YER168C,0,-3.4548337,0.10602910816669464,0.9179999828338623,0.7739999890327454
YMR239C,YGL038C,0,-3.454846,0.1060168594121933,0.9179999828338623,0.7741000056266785
YDR508C,YAR015W,0,-3.4556484,0.10600461810827255,0.9179999828338623,0.7742000222206116
YIL125W,YBR035C,0,-3.4556713,0.1059923768043518,0.9179999828338623,0.7742999792098999
YMR302C,YFR001W,0,-3.4557633,0.10598014295101166,0.9179999828338623,0.774399995803833
YFR004W,YMR172W,0,-3.4559097,0.10596790909767151,0.9179999828338623,0.7745000123977661
YGL047W,YGL181W,0,-3.4567738,0.10595567524433136,0.9179999828338623,0.7746000289916992
YGL213C,YPL057C,0,-3.4570627,0.10594344884157181,0.9179999828338623,0.7746999859809875
YOR116C,YOL065C,0,-3.4571517,0.10593122243881226,0.9179999828338623,0.7748000025749207
YBR086C,YCR031C,0,-3.4577823,0.1059190034866333,0.9179999828338623,0.7749000191688538
YOR261C,YML058W,0,-3.4579732,0.10590678453445435,0.9179999828338623,0.7749999761581421
YDR323C,YIL062C,0,-3.4579992,0.10589456558227539,0.9179999828338623,0.7750999927520752
YPL095C,YEL013W,0,-3.4582515,0.10588235408067703,0.9179999828338623,0.7752000093460083
YER026C,YER083C,0,-3.4582858,0.10587014257907867,0.9179999828338623,0.7753000259399414
YPR093C,YKR082W,0,-3.4583478,0.10585793107748032,0.9179999828338623,0.7753999829292297
YER061C,YAL020C,0,-3.458815,0.10584572702646255,0.9179999828338623,0.7754999995231628
YIL052C,YOR028C,0,-3.4592423,0.1058335229754448,0.9179999828338623,0.775600016117096
YNL066W,YAL029C,0,-3.4596548,0.10582132637500763,0.9179999828338623,0.7756999731063843
YDR011W,YER190W,0,-3.4598656,0.10580912977457047,0.9179999828338623,0.7757999897003174
YMR129W,YGL120C,0,-3.4598699,0.1057969331741333,0.9179999828338623,0.7759000062942505
YOR317W,YBR188C,0,-3.4599886,0.10578474402427673,0.9179999828338623,0.7760000228881836
YNL156C,YDL007W,0,-3.4602284,0.10577255487442017,0.9179999828338623,0.7760999798774719
YKR025W,YML042W,0,-3.4602468,0.1057603657245636,0.9179999828338623,0.776199996471405
YBL030C,YOR089C,0,-3.4603524,0.10574818402528763,0.9179999828338623,0.7763000130653381
YDR255C,YCL038C,0,-3.4607058,0.10573600232601166,0.9179999828338623,0.7764000296592712
YLR055C,YPL095C,0,-3.460956,0.10572382807731628,0.9179999828338623,0.7764999866485596
YOR143C,YMR200W,0,-3.4609683,0.10571165382862091,0.9179999828338623,0.7766000032424927
YER125W,YPL254W,1,-3.4610696,0.1058146208524704,0.9190000295639038,0.7766000032424927
YNR043W,YLR466W,0,-3.4611077,0.10580243915319443,0.9190000295639038,0.7767000198364258
YGL153W,YNL287W,0,-3.4611676,0.10579026490449905,0.9190000295639038,0.7767999768257141
YDR299W,YPL164C,0,-3.4617338,0.10577808320522308,0.9190000295639038,0.7768999934196472
YOR231W,YER145C,0,-3.4619217,0.10576590895652771,0.9190000295639038,0.7770000100135803
YGR162W,YER168C,0,-3.4619322,0.10575374215841293,0.9190000295639038,0.7771000266075134
YKL125W,YBR153W,0,-3.4620006,0.10574157536029816,0.9190000295639038,0.7771999835968018
YML109W,YNL261W,1,-3.462934,0.10584445297718048,0.9200000166893005,0.7771999835968018
YBR070C,YLR430W,0,-3.462936,0.10583227872848511,0.9200000166893005,0.7773000001907349
YOL109W,YDL047W,0,-3.4630072,0.10582010447978973,0.9200000166893005,0.777400016784668
YGL038C,YML075C,0,-3.4630585,0.10580793768167496,0.9200000166893005,0.7774999737739563
YDR342C,YGL206C,0,-3.4631834,0.10579577088356018,0.9200000166893005,0.7775999903678894
YDR194C,YCR020C,0,-3.4636016,0.1057836040854454,0.9200000166893005,0.7777000069618225
YDL046W,YOL109W,0,-3.464222,0.10577144473791122,0.9200000166893005,0.7778000235557556
YAR003W,YNL261W,1,-3.4644434,0.10587424039840698,0.9210000038146973,0.7778000235557556
YJL110C,YDR503C,0,-3.4645066,0.10586206614971161,0.9210000038146973,0.777899980545044
YLR398C,YDR030C,0,-3.4650028,0.10584989935159683,0.9210000038146973,0.777999997138977
YDR038C,YHL022C,0,-3.4650097,0.10583774000406265,0.9210000038146973,0.7781000137329102
YDL223C,YGL096W,0,-3.4652557,0.10582558065652847,0.9210000038146973,0.7781999707221985
YOL109W,YLL001W,0,-3.4654663,0.1058134213089943,0.9210000038146973,0.7782999873161316
YDR225W,YIL150C,1,-3.46569,0.10591614246368408,0.921999990940094,0.7782999873161316
YOR237W,YGR178C,0,-3.466014,0.1059039756655693,0.921999990940094,0.7784000039100647
YGR221C,YGR171C,0,-3.4663482,0.10589180886745453,0.921999990940094,0.7785000205039978
YOL011W,YDR299W,0,-3.4664283,0.10587964951992035,0.921999990940094,0.7785999774932861
YNR007C,YKL201C,0,-3.4664621,0.10586749017238617,0.921999990940094,0.7786999940872192
YFL005W,YHR007C,0,-3.4665093,0.10585533827543259,0.921999990940094,0.7788000106811523
YGL051W,YNR057C,0,-3.466937,0.105843186378479,0.921999990940094,0.7789000272750854
YPL196W,YER062C,0,-3.467157,0.10583103448152542,0.921999990940094,0.7789999842643738
YML110C,YOR259C,0,-3.4677744,0.10581889003515244,0.921999990940094,0.7791000008583069
YML067C,YPL094C,0,-3.467876,0.10580674558877945,0.921999990940094,0.77920001745224
YLR449W,YNL216W,1,-3.4679823,0.10590935498476028,0.9229999780654907,0.77920001745224
YMR322C,YFR001W,0,-3.4685316,0.1058972030878067,0.9229999780654907,0.7792999744415283
YGR288W,YCR047C,0,-3.4692445,0.10588505119085312,0.9229999780654907,0.7793999910354614
YLR361C,YBR117C,0,-3.469321,0.10587290674448013,0.9229999780654907,0.7795000076293945
YIL126W,YPL015C,1,-3.469391,0.10597545653581619,0.9240000247955322,0.7795000076293945
YER049W,YOR298W,0,-3.4696295,0.10596330463886261,0.9240000247955322,0.7796000242233276
YDL224C,YDR272W,0,-3.4699712,0.10595115274190903,0.9240000247955322,0.779699981212616
YHR079C,YIL007C,0,-3.4700055,0.10593900829553604,0.9240000247955322,0.7797999978065491
YNL001W,YOR081C,0,-3.4701443,0.10592685639858246,0.9240000247955322,0.7799000144004822
YLR390W-A,YOR089C,0,-3.470388,0.10591471940279007,0.9240000247955322,0.7799999713897705
YHR123W,YKR060W,0,-3.4705243,0.10590258240699768,0.9240000247955322,0.7800999879837036
YGR089W,YDR306C,0,-3.4708467,0.10589044541120529,0.9240000247955322,0.7802000045776367
YJR153W,YLR409C,0,-3.4709544,0.1058783084154129,0.9240000247955322,0.7803000211715698
YML130C,YLR226W,0,-3.4709792,0.10586617887020111,0.9240000247955322,0.7803999781608582
YKR039W,YLR362W,0,-3.4710882,0.10585404932498932,0.9240000247955322,0.7804999947547913
YDR023W,YHR133C,0,-3.4714367,0.10584192723035812,0.9240000247955322,0.7806000113487244
YMR239C,YJL002C,0,-3.47151,0.10582980513572693,0.9240000247955322,0.7807000279426575
YOR156C,YDL024C,0,-3.471614,0.10581768304109573,0.9240000247955322,0.7807999849319458
YHR069C,YDR384C,0,-3.4721909,0.10580556839704514,0.9240000247955322,0.7809000015258789
YDR252W,YGR162W,0,-3.4723644,0.10579345375299454,0.9240000247955322,0.781000018119812
YPL094C,YER100W,0,-3.4726028,0.10578133910894394,0.9240000247955322,0.7810999751091003
YLL008W,YOR153W,0,-3.4734254,0.10576923191547394,0.9240000247955322,0.7811999917030334
YER171W,YKL148C,0,-3.4735763,0.10575712472200394,0.9240000247955322,0.7813000082969666
YLR409C,YDL165W,0,-3.4736562,0.10574502497911453,0.9240000247955322,0.7814000248908997
YOR317W,YDR099W,0,-3.4737897,0.10573291778564453,0.9240000247955322,0.781499981880188
YLR354C,YGR245C,0,-3.4738965,0.10572082549333572,0.9240000247955322,0.7815999984741211
YCL044C,YKR087C,0,-3.4743075,0.10570872575044632,0.9240000247955322,0.7817000150680542
YIR011C,YNL002C,0,-3.4743187,0.10569663345813751,0.9240000247955322,0.7817999720573425
YGR005C,YDL095W,0,-3.4744835,0.1056845486164093,0.9240000247955322,0.7818999886512756
YEL012W,YLR363C,0,-3.4745367,0.10567246377468109,0.9240000247955322,0.7820000052452087
YAR015W,YLR132C,0,-3.475304,0.10566037893295288,0.9240000247955322,0.7821000218391418
YLR466W,YDR449C,0,-3.475305,0.10564829409122467,0.9240000247955322,0.7821999788284302
YKL201C,YBR117C,0,-3.4753335,0.10563621670007706,0.9240000247955322,0.7822999954223633
YBL051C,YDR513W,0,-3.4754767,0.10562413930892944,0.9240000247955322,0.7824000120162964
YBL082C,YCR020C,0,-3.475779,0.10561206936836243,0.9240000247955322,0.7825000286102295
YKR083C,YAR035W,0,-3.475821,0.10559999942779541,0.9240000247955322,0.7825999855995178
YOR279C,YER120W,1,-3.4759407,0.10570220649242401,0.925000011920929,0.7825999855995178
YDR392W,YNL135C,1,-3.476262,0.10580439120531082,0.9259999990463257,0.7825999855995178
YPL178W,YPL057C,0,-3.4763253,0.10579229891300201,0.9259999990463257,0.7827000021934509
YDR252W,YBL030C,0,-3.4767814,0.1057802140712738,0.9259999990463257,0.782800018787384
YKR039W,YKL082C,0,-3.4768436,0.1057681292295456,0.9259999990463257,0.7828999757766724
YPL164C,YML075C,0,-3.4768455,0.10575605183839798,0.9259999990463257,0.7829999923706055
YNL066W,YOR110W,0,-3.4772754,0.10574397444725037,0.9259999990463257,0.7831000089645386
YPR168W,YJL071W,0,-3.4778585,0.10573190450668335,0.9259999990463257,0.7832000255584717
YNL036W,YGR005C,0,-3.478125,0.10571983456611633,0.9259999990463257,0.78329998254776
YBL056W,YLR451W,0,-3.4789753,0.10570776462554932,0.9259999990463257,0.7833999991416931
YGR165W,YHR176W,0,-3.4791741,0.1056956946849823,0.9259999990463257,0.7835000157356262
YNL048W,YNR007C,0,-3.4792192,0.10568363219499588,0.9259999990463257,0.7835999727249146
YNR030W,YIL143C,0,-3.4794273,0.10567157715559006,0.9259999990463257,0.7836999893188477
YIL110W,YJR055W,0,-3.4794478,0.10565951466560364,0.9259999990463257,0.7838000059127808
YHR066W,YLR032W,0,-3.479484,0.10564745962619781,0.9259999990463257,0.7839000225067139
YIR023W,YDR492W,0,-3.4795208,0.10563541203737259,0.9259999990463257,0.7839999794960022
YDR255C,YBR265W,0,-3.4803934,0.10562335699796677,0.9259999990463257,0.7840999960899353
YNR043W,YML043C,0,-3.4806066,0.10561131685972214,0.9259999990463257,0.7842000126838684
YKL141W,YCR010C,0,-3.4813395,0.10559926927089691,0.9259999990463257,0.7843000292778015
YLR075W,YMR213W,0,-3.4816387,0.10558722913265228,0.9259999990463257,0.7843999862670898
YGL225W,YFR036W,0,-3.481944,0.10557518899440765,0.9259999990463257,0.784500002861023
YER171W,YOL111C,0,-3.4822376,0.10556315630674362,0.9259999990463257,0.784600019454956
YGR077C,YDR092W,0,-3.483152,0.10555112361907959,0.9259999990463257,0.7846999764442444
YMR273C,YKR042W,1,-3.4837945,0.1056530624628067,0.9269999861717224,0.7846999764442444
YOR173W,YJL187C,0,-3.4841232,0.10564102232456207,0.9269999861717224,0.7847999930381775
YMR302C,YPL041C,0,-3.4841757,0.10562898963689804,0.9269999861717224,0.7849000096321106
YJR047C,YLR113W,0,-3.4841933,0.10561695694923401,0.9269999861717224,0.7850000262260437
YCR020C,YGL191W,0,-3.484419,0.10560492426156998,0.9269999861717224,0.785099983215332
YKL148C,YPL036W,0,-3.4845977,0.10559289157390594,0.9269999861717224,0.7851999998092651
YBR265W,YOR110W,0,-3.4851131,0.10558086633682251,0.9269999861717224,0.7853000164031982
YKL014C,YBR034C,0,-3.4854047,0.10556884109973907,0.9269999861717224,0.7853999733924866
YHR065C,YMR186W,0,-3.4854937,0.10555682331323624,0.9269999861717224,0.7854999899864197
YJL116C,YOR372C,0,-3.4855704,0.1055448055267334,0.9269999861717224,0.7856000065803528
YOL100W,YKL201C,0,-3.4856377,0.10553278774023056,0.9269999861717224,0.7857000231742859
YKR067W,YER094C,0,-3.485671,0.10552077740430832,0.9269999861717224,0.7857999801635742
YLR165C,YJR105W,0,-3.4857523,0.10550876706838608,0.9269999861717224,0.7858999967575073
YOL011W,YJR044C,0,-3.4865801,0.10549675673246384,0.9269999861717224,0.7860000133514404
YKL007W,YER118C,0,-3.486596,0.10548475384712219,0.9269999861717224,0.7860999703407288
YGR209C,YFL022C,0,-3.4868999,0.10547275096178055,0.9269999861717224,0.7861999869346619
YER061C,YGR101W,0,-3.4872005,0.1054607480764389,0.9269999861717224,0.786300003528595
YCR092C,YPL036W,0,-3.4875934,0.10544875264167786,0.9269999861717224,0.7864000201225281
YER017C,YLR390W-A,0,-3.4877698,0.10543675720691681,0.9269999861717224,0.7864999771118164
YNL247W,YDR023W,0,-3.4882333,0.10542476922273636,0.9269999861717224,0.7865999937057495
YJL116C,YGL216W,0,-3.4884858,0.10541278123855591,0.9269999861717224,0.7867000102996826
YFR004W,YFR009W,0,-3.4885159,0.10540079325437546,0.9269999861717224,0.7868000268936157
YPL095C,YHL024W,0,-3.4885995,0.1053888127207756,0.9269999861717224,0.786899983882904
YOL076W,YLR167W,0,-3.4886785,0.10537683218717575,0.9269999861717224,0.7870000004768372
YDL051W,YKR099W,0,-3.48879,0.1053648591041565,0.9269999861717224,0.7871000170707703
YER129W,YKL007W,0,-3.4887927,0.10535287857055664,0.9269999861717224,0.7871999740600586
YMR200W,YCL038C,0,-3.4892259,0.10534090548753738,0.9269999861717224,0.7872999906539917
YML085C,YOR253W,0,-3.4896784,0.10532893985509872,0.9269999861717224,0.7874000072479248
YGL129C,YJL005W,0,-3.4897313,0.10531697422266006,0.9269999861717224,0.7875000238418579
YOL158C,YHR065C,0,-3.48983,0.1053050085902214,0.9269999861717224,0.7875999808311462
YML057W,YOL109W,0,-3.4902256,0.10529305040836334,0.9269999861717224,0.7876999974250793
YGR080W,YMR125W,0,-3.4907856,0.10528109222650528,0.9269999861717224,0.7878000140190125
YNL106C,YNL015W,0,-3.4908233,0.10526913404464722,0.9269999861717224,0.7878999710083008
YOR043W,YML094W,0,-3.490859,0.10525718331336975,0.9269999861717224,0.7879999876022339
YIL062C,YBL064C,0,-3.4910886,0.10524523258209229,0.9269999861717224,0.788100004196167
YPR107C,YOR112W,0,-3.491115,0.10523328185081482,0.9269999861717224,0.7882000207901001
YLL035W,YHL007C,0,-3.4913669,0.10522133857011795,0.9269999861717224,0.7882999777793884
YLR340W,YDL043C,0,-3.4915013,0.10520939528942108,0.9269999861717224,0.7883999943733215
YPR107C,YGR221C,0,-3.491541,0.10519745945930481,0.9269999861717224,0.7885000109672546
YDR483W,YOR058C,0,-3.491677,0.10518552362918854,0.9269999861717224,0.7886000275611877
YKL125W,YBR265W,0,-3.491784,0.10517358779907227,0.9269999861717224,0.7886999845504761
YLL001W,YCL011C,0,-3.492599,0.10516165941953659,0.9269999861717224,0.7888000011444092
YDR264C,YGR172C,0,-3.4928906,0.10514973104000092,0.9269999861717224,0.7889000177383423
YLR113W,YDR323C,0,-3.4933386,0.10513780266046524,0.9269999861717224,0.7889999747276306
YGR175C,YGR112W,0,-3.493497,0.10512588173151016,0.9269999861717224,0.7890999913215637
YGR206W,YPR176C,0,-3.493761,0.10511396080255508,0.9269999861717224,0.7892000079154968
YBR126C,YER093C,0,-3.4938974,0.1051020398736,0.9269999861717224,0.7893000245094299
YBL004W,YBL015W,0,-3.4939516,0.10509012639522552,0.9269999861717224,0.7893999814987183
YJL030W,YPL057C,0,-3.4941354,0.10507821291685104,0.9269999861717224,0.7894999980926514
YER025W,YKR001C,0,-3.4942994,0.10506630688905716,0.9269999861717224,0.7896000146865845
YAR015W,YJR021C,0,-3.4943657,0.10505439341068268,0.9269999861717224,0.7896999716758728
YKR067W,YER027C,0,-3.49478,0.10504249483346939,0.9269999861717224,0.7897999882698059
YJR044C,YML042W,0,-3.494823,0.1050305888056755,0.9269999861717224,0.789900004863739
YLR450W,YBR156C,0,-3.4948869,0.10501869022846222,0.9269999861717224,0.7900000214576721
YOR363C,YBR084W,0,-3.494944,0.10500679910182953,0.9269999861717224,0.7900999784469604
YNL119W,YPL019C,0,-3.4949663,0.10499490052461624,0.9269999861717224,0.7901999950408936
YFL005W,YGR238C,0,-3.4952393,0.10498300939798355,0.9269999861717224,0.7903000116348267
YGR175C,YDL207W,0,-3.4952638,0.10497112572193146,0.9269999861717224,0.7904000282287598
YLR150W,YKL130C,0,-3.4952984,0.10495924204587936,0.9269999861717224,0.7904999852180481
YER026C,YGR193C,0,-3.4954572,0.10494735836982727,0.9269999861717224,0.7906000018119812
YLR150W,YDL015C,0,-3.4956892,0.10493547469377518,0.9269999861717224,0.7907000184059143
YLR426W,YGR037C,0,-3.4958057,0.10492359846830368,0.9269999861717224,0.7907999753952026
YJR147W,YJR094C,0,-3.496326,0.10491172224283218,0.9269999861717224,0.7908999919891357
YGR112W,YPL036W,0,-3.4965706,0.10489985346794128,0.9269999861717224,0.7910000085830688
YOL149W,YKL148C,0,-3.4965987,0.10488798469305038,0.9269999861717224,0.791100025177002
YJR094C,YER009W,0,-3.4967027,0.10487611591815948,0.9269999861717224,0.7911999821662903
YOL100W,YBR069C,0,-3.4968202,0.10486425459384918,0.9269999861717224,0.7912999987602234
YDR045C,YGL028C,0,-3.497046,0.10485239326953888,0.9269999861717224,0.7914000153541565
YMR302C,YGL191W,0,-3.4976735,0.10484053194522858,0.9269999861717224,0.7914999723434448
YER049W,YAR015W,0,-3.4976828,0.10482867807149887,0.9269999861717224,0.7915999889373779
YHR056C,YPR179C,1,-3.4978275,0.10492989420890808,0.9279999732971191,0.7915999889373779
YGR193C,YNL297C,0,-3.4978602,0.10491803288459778,0.9279999732971191,0.791700005531311
YKL143W,YPL028W,0,-3.498087,0.10490617156028748,0.9279999732971191,0.7918000221252441
YJL080C,YPL254W,1,-3.4982014,0.1050073504447937,0.9290000200271606,0.7918000221252441
YMR239C,YPL204W,0,-3.498335,0.1049954816699028,0.9290000200271606,0.7918999791145325
YMR241W,YFR036W,0,-3.4985733,0.1049836128950119,0.9290000200271606,0.7919999957084656
YDR465C,YGL191W,0,-3.498627,0.1049717515707016,0.9290000200271606,0.7921000123023987
YOR058C,YPL179W,0,-3.4986293,0.1049598902463913,0.9290000200271606,0.7922000288963318
YML074C,YOR288C,0,-3.4989061,0.10494803637266159,0.9290000200271606,0.7922999858856201
YER125W,YPR179C,1,-3.4990077,0.10504913330078125,0.9300000071525574,0.7922999858856201
YDR045C,YOL100W,0,-3.4990444,0.10503727197647095,0.9300000071525574,0.7924000024795532
YGR092W,YPL053C,0,-3.4994526,0.10502541065216064,0.9300000071525574,0.7925000190734863
YJR066W,YBL100W-A,0,-3.499476,0.10501354932785034,0.9300000071525574,0.7925999760627747
YDR023W,YDR164C,0,-3.499501,0.10500169545412064,0.9300000071525574,0.7926999926567078
YOR237W,YER026C,0,-3.4996564,0.10498984158039093,0.9300000071525574,0.7928000092506409
YNL015W,YLR119W,0,-3.5003653,0.10497798770666122,0.9300000071525574,0.792900025844574
YDL113C,YDR023W,0,-3.5004497,0.10496614128351212,0.9300000071525574,0.7929999828338623
YOR261C,YJL012C,0,-3.5005789,0.104954294860363,0.9300000071525574,0.7930999994277954
YMR117C,YHR170W,0,-3.5005827,0.1049424484372139,0.9300000071525574,0.7932000160217285
YPL249C,YLR451W,0,-3.500938,0.10493060946464539,0.9300000071525574,0.7932999730110168
YLL008W,YDL092W,0,-3.501017,0.10491877049207687,0.9300000071525574,0.79339998960495
YER145C,YIL062C,0,-3.501281,0.10490693897008896,0.9300000071525574,0.7935000061988831
YFL055W,YAL029C,0,-3.5014791,0.10489510744810104,0.9300000071525574,0.7936000227928162
YPL092W,YLR167W,0,-3.5018506,0.10488327592611313,0.9300000071525574,0.7936999797821045
YGL191W,YNL325C,0,-3.5022802,0.10487144440412521,0.9300000071525574,0.7937999963760376
YIL143C,YIL135C,0,-3.5023265,0.1048596203327179,0.9300000071525574,0.7939000129699707
YLR418C,YKR042W,1,-3.5028372,0.10496053844690323,0.9309999942779541,0.7939000129699707
YJL005W,YOR341W,0,-3.502876,0.10494870692491531,0.9309999942779541,0.7940000295639038
YGL168W,YML052W,0,-3.5028987,0.104936882853508,0.9309999942779541,0.7940999865531921
YKL141W,YOR110W,0,-3.5037003,0.10492505133152008,0.9309999942779541,0.7942000031471252
YLR340W,YFR036W,0,-3.5045815,0.10491322726011276,0.9309999942779541,0.7943000197410583
YNL244C,YPL089C,0,-3.5053313,0.10490141063928604,0.9309999942779541,0.7943999767303467
YPR193C,YGL112C,1,-3.5054116,0.1050022542476654,0.9319999814033508,0.7943999767303467
YHR111W,YGR178C,0,-3.5054672,0.10499042272567749,0.9319999814033508,0.7944999933242798
YGL047W,YOR151C,0,-3.5054965,0.10497859865427017,0.9319999814033508,0.7946000099182129
YDR099W,YOR231W,0,-3.505587,0.10496677458286285,0.9319999814033508,0.794700026512146
YDL174C,YML130C,0,-3.505898,0.10495495796203613,0.9319999814033508,0.7947999835014343
YPL214C,YER062C,0,-3.5060742,0.10494313389062881,0.9319999814033508,0.7949000000953674
YOL003C,YER052C,0,-3.506103,0.10493132472038269,0.9319999814033508,0.7950000166893005
YBL052C,YER120W,1,-3.5062747,0.10503208637237549,0.9330000281333923,0.7950000166893005
YAL059W,YDL165W,0,-3.5066638,0.10502026230096817,0.9330000281333923,0.7950999736785889
YLR154C,YBR298C,0,-3.506822,0.10500843822956085,0.9330000281333923,0.795199990272522
YAL059W,YLR451W,0,-3.5070064,0.10499662160873413,0.9330000281333923,0.7953000068664551
YDR225W,YKR042W,1,-3.5070348,0.10509733110666275,0.9340000152587891,0.7953000068664551
YOR237W,YKL188C,0,-3.5073102,0.10508550703525543,0.9340000152587891,0.7954000234603882
YLR340W,YPR009W,0,-3.5073752,0.10507368296384811,0.9340000152587891,0.7954999804496765
YDR512C,YPR041W,0,-3.5075493,0.10506186634302139,0.9340000152587891,0.7955999970436096
YOL158C,YDR255C,0,-3.507772,0.10505004972219467,0.9340000152587891,0.7957000136375427
YGR238C,YKL213C,0,-3.5079296,0.10503823310136795,0.9340000152587891,0.795799970626831
YMR129W,YOL077C,0,-3.5079784,0.10502642393112183,0.9340000152587891,0.7958999872207642
YMR129W,YPL036W,0,-3.5080929,0.1050146147608757,0.9340000152587891,0.7960000038146973
YBL088C,YDL095W,0,-3.5081367,0.10500281304121017,0.9340000152587891,0.7961000204086304
YNL049C,YFL058W,0,-3.5092368,0.10499100387096405,0.9340000152587891,0.7961999773979187
YDR436W,YDL108W,0,-3.5096588,0.10497920960187912,0.9340000152587891,0.7962999939918518
YDR483W,YNL314W,0,-3.5104637,0.10496740788221359,0.9340000152587891,0.7964000105857849
YPL120W,YDR060W,0,-3.5105064,0.10495561361312866,0.9340000152587891,0.796500027179718
YLR409C,YPR021C,0,-3.511026,0.10494381934404373,0.9340000152587891,0.7965999841690063
YER027C,YER094C,0,-3.5112495,0.1049320325255394,0.9340000152587891,0.7967000007629395
YKL125W,YOR110W,0,-3.5117085,0.10492024570703506,0.9340000152587891,0.7968000173568726
YDL130W,YBL051C,0,-3.5118337,0.10490845888853073,0.9340000152587891,0.7968999743461609
YIL007C,YFL058W,0,-3.512361,0.1048966720700264,0.9340000152587891,0.796999990940094
YLR221C,YIR008C,0,-3.5128586,0.10488489270210266,0.9340000152587891,0.7971000075340271
YGR112W,YKR060W,0,-3.5129442,0.10487312078475952,0.9340000152587891,0.7972000241279602
YOR122C,YMR172W,0,-3.51298,0.10486134141683578,0.9340000152587891,0.7972999811172485
YOR043W,YHR111W,0,-3.5132751,0.10484957695007324,0.9340000152587891,0.7973999977111816
YPR108W,YGL038C,0,-3.513424,0.1048378050327301,0.9340000152587891,0.7975000143051147
YNL244C,YOL097C,0,-3.513721,0.10482604056596756,0.9340000152587891,0.7975999712944031
YKR067W,YGR175C,0,-3.5137339,0.10481427609920502,0.9340000152587891,0.7976999878883362
YEL024W,YOR341W,0,-3.5137923,0.10480251163244247,0.9340000152587891,0.7978000044822693
YIL150C,YDR224C,1,-3.5138063,0.1049029529094696,0.9350000023841858,0.7978000044822693
YGL129C,YMR136W,0,-3.513886,0.10489118099212646,0.9350000023841858,0.7979000210762024
YNL156C,YJR043C,0,-3.514399,0.10487941652536392,0.9350000023841858,0.7979999780654907
YJL013C,YDL060W,0,-3.5145557,0.10486765205860138,0.9350000023841858,0.7980999946594238
YDL223C,YJL140W,0,-3.5146704,0.10485589504241943,0.9350000023841858,0.7982000112533569
YDR483W,YHR176W,0,-3.51507,0.10484413802623749,0.9350000023841858,0.79830002784729
YLR182W,YLR390W-A,0,-3.5150824,0.10483238101005554,0.9350000023841858,0.7983999848365784
YOL006C,YKR042W,1,-3.515614,0.10493273288011551,0.9359999895095825,0.7983999848365784
YMR030W,YGL183C,0,-3.5157485,0.10492097586393356,0.9359999895095825,0.7985000014305115
YLR330W,YKR039W,0,-3.51575,0.10490921139717102,0.9359999895095825,0.7986000180244446
YPL178W,YJL005W,0,-3.5159068,0.10489745438098907,0.9359999895095825,0.7986999750137329
YGR195W,YHR123W,0,-3.5160475,0.10488570481538773,0.9359999895095825,0.798799991607666
YJL005W,YML052W,0,-3.5166273,0.10487394779920578,0.9359999895095825,0.7989000082015991
YCR010C,YJR156C,0,-3.5167615,0.10486219823360443,0.9359999895095825,0.7990000247955322
YLR113W,YKL206C,0,-3.5169418,0.10485045611858368,0.9359999895095825,0.7990999817848206
YDR120C,YOR207C,0,-3.5171275,0.10483870655298233,0.9359999895095825,0.7991999983787537
YDL130W,YOR388C,0,-3.5174932,0.10482697188854218,0.9359999895095825,0.7993000149726868
YNR016C,YLR305C,0,-3.5176017,0.10481522977352142,0.9359999895095825,0.7993999719619751
YOR089C,YOR341W,0,-3.518083,0.10480349510908127,0.9359999895095825,0.7994999885559082
YMR273C,YMR080C,1,-3.5182626,0.10490372031927109,0.9369999766349792,0.7994999885559082
YNL036W,YBR117C,0,-3.5186992,0.10489197075366974,0.9369999766349792,0.7996000051498413
YLR340W,YJR105W,0,-3.5188465,0.10488023608922958,0.9369999766349792,0.7997000217437744
YGL158W,YER061C,0,-3.518865,0.10486849397420883,0.9369999766349792,0.7997999787330627
YGL253W,YNL256W,0,-3.519422,0.10485675930976868,0.9369999766349792,0.7998999953269958
YBR086C,YHR176W,0,-3.5195901,0.10484502464532852,0.9369999766349792,0.800000011920929
YGL191W,YGL216W,0,-3.5195928,0.10483329743146896,0.9369999766349792,0.8001000285148621
YFL060C,YDR221W,0,-3.5197043,0.1048215702176094,0.9369999766349792,0.8001999855041504
YNL232W,YNR030W,0,-3.5197186,0.10480984300374985,0.9369999766349792,0.8003000020980835
YOR317W,YPL187W,0,-3.5202947,0.10479812324047089,0.9369999766349792,0.8004000186920166
YGL017W,YML118W,0,-3.5203104,0.10478640347719193,0.9369999766349792,0.8004999756813049
YOR317W,YML094W,0,-3.5203576,0.10477468371391296,0.9369999766349792,0.800599992275238
YKR085C,YLR113W,0,-3.5203698,0.1047629714012146,0.9369999766349792,0.8007000088691711
YOR115C,YLR276C,0,-3.520502,0.10475125908851624,0.9369999766349792,0.8008000254631042
YDR225W,YPL055C,1,-3.520634,0.10485132783651352,0.9380000233650208,0.8008000254631042
YPL243W,YNL073W,0,-3.520837,0.10483960807323456,0.9380000233650208,0.8008999824523926
YLR150W,YML130C,0,-3.521717,0.1048278957605362,0.9380000233650208,0.8009999990463257
YBL056W,YCR018C,0,-3.521886,0.10481618344783783,0.9380000233650208,0.8011000156402588
YFR036W,YNL002C,0,-3.5221286,0.10480447113513947,0.9380000233650208,0.8011999726295471
YGL017W,YKL049C,0,-3.522365,0.1047927588224411,0.9380000233650208,0.8012999892234802
YBR247C,YLR047C,0,-3.5225356,0.10478105396032333,0.9380000233650208,0.8014000058174133
YMR322C,YER029C,0,-3.5226433,0.10476934909820557,0.9380000233650208,0.8015000224113464
YFL060C,YGR183C,0,-3.522871,0.1047576516866684,0.9380000233650208,0.8015999794006348
YMR081C,YNL325C,0,-3.522933,0.10474595427513123,0.9380000233650208,0.8016999959945679
YGR257C,YGR112W,0,-3.5229778,0.10473425686359406,0.9380000233650208,0.801800012588501
YLR246W,YMR241W,0,-3.523031,0.10472256690263748,0.9380000233650208,0.8019000291824341
YML074C,YNL093W,0,-3.5233583,0.10471086949110031,0.9380000233650208,0.8019999861717224
YDR113C,YGR162W,0,-3.5237093,0.10469918698072433,0.9380000233650208,0.8021000027656555
YLR172C,YDR016C,0,-3.5240827,0.10468749701976776,0.9380000233650208,0.8022000193595886
YER026C,YGR204W,0,-3.5240984,0.10467581450939178,0.9380000233650208,0.802299976348877
YOR244W,YDR225W,1,-3.5243306,0.10477571934461594,0.9390000104904175,0.802299976348877
YOR237W,YNL291C,0,-3.5246098,0.10476402938365936,0.9390000104904175,0.8023999929428101
YKR034W,YKR061W,0,-3.5247865,0.10475233942270279,0.9390000104904175,0.8025000095367432
YDR292C,YJR047C,0,-3.5251956,0.10474065691232681,0.9390000104904175,0.8026000261306763
YPL083C,YDR115W,0,-3.5253396,0.10472897440195084,0.9390000104904175,0.8026999831199646
YDR436W,YJR066W,0,-3.525732,0.10471729934215546,0.9390000104904175,0.8027999997138977
YGR044C,YLR092W,0,-3.5259395,0.10470561683177948,0.9390000104904175,0.8029000163078308
YCL024W,YBR214W,0,-3.5259504,0.1046939492225647,0.9390000104904175,0.8029999732971191
YBR188C,YJR059W,0,-3.5267684,0.10468227416276932,0.9390000104904175,0.8030999898910522
YER109C,YMR207C,0,-3.5267868,0.10467060655355453,0.9390000104904175,0.8032000064849854
YGR178C,YBR119W,0,-3.5269377,0.10465893894433975,0.9390000104904175,0.8033000230789185
YCL034W,YHL024W,0,-3.5271165,0.10464727878570557,0.9390000104904175,0.8033999800682068
YER062C,YAL023C,0,-3.527639,0.10463561117649078,0.9390000104904175,0.8034999966621399
YBL030C,YLR200W,0,-3.5276747,0.1046239584684372,0.9390000104904175,0.803600013256073
YER120W,YDR224C,1,-3.5277944,0.10472370684146881,0.9399999976158142,0.803600013256073
YLR154C,YEL013W,0,-3.5278096,0.10471203923225403,0.9399999976158142,0.8036999702453613
YDR342C,YDR080W,0,-3.5278535,0.10470037907361984,0.9399999976158142,0.8037999868392944
YDL247W,YLR200W,0,-3.527966,0.10468871891498566,0.9399999976158142,0.8039000034332275
YFR047C,YOR047C,0,-3.5282116,0.10467705875635147,0.9399999976158142,0.8040000200271606
YMR163C,YGR178C,0,-3.5283892,0.10466540604829788,0.9399999976158142,0.804099977016449
YMR273C,YJL080C,1,-3.5289574,0.10476508736610413,0.9409999847412109,0.804099977016449
YDR484W,YML085C,0,-3.5294087,0.10475341975688934,0.9409999847412109,0.8041999936103821
YGR251W,YFR047C,0,-3.5298116,0.10474175959825516,0.9409999847412109,0.8043000102043152
YER143W,YER040W,0,-3.5299523,0.10473010689020157,0.9409999847412109,0.8044000267982483
YDR492W,YHL020C,0,-3.5303373,0.10471845418214798,0.9409999847412109,0.8044999837875366
YGR080W,YIL115C,0,-3.530757,0.10470680147409439,0.9409999847412109,0.8046000003814697
YBR265W,YDL065C,0,-3.5310817,0.1046951487660408,0.9409999847412109,0.8047000169754028
YAR035W,YGR172C,0,-3.5312133,0.10468350350856781,0.9409999847412109,0.8047999739646912
YNL102W,YOL111C,0,-3.531416,0.10467185825109482,0.9409999847412109,0.8048999905586243
YML110C,YOR115C,0,-3.531436,0.10466021299362183,0.9409999847412109,0.8050000071525574
YOL011W,YMR133W,0,-3.5315943,0.10464857518672943,0.9409999847412109,0.8051000237464905
YMR135C,YLR088W,0,-3.5323443,0.10463693737983704,0.9409999847412109,0.8051999807357788
YDL188C,YKL213C,0,-3.532395,0.10462530702352524,0.9409999847412109,0.8052999973297119
YER017C,YDL060W,0,-3.532431,0.10461367666721344,0.9409999847412109,0.805400013923645
YPL196W,YOR316C,0,-3.5324779,0.10460204631090164,0.9409999847412109,0.8054999709129333
YMR004W,YPL176C,0,-3.5327573,0.10459041595458984,0.9409999847412109,0.8055999875068665
YPR021C,YJR059W,0,-3.532762,0.10457879304885864,0.9409999847412109,0.8057000041007996
YDR470C,YOR120W,0,-3.5328588,0.10456717759370804,0.9409999847412109,0.8058000206947327
YBR070C,YJL157C,0,-3.5330927,0.10455555468797684,0.9409999847412109,0.805899977684021
YJR156C,YOR067C,0,-3.533188,0.10454393923282623,0.9409999847412109,0.8059999942779541
YDR342C,YGL038C,0,-3.5333548,0.10453232377767563,0.9409999847412109,0.8061000108718872
YCL044C,YKL089W,0,-3.533483,0.10452071577310562,0.9409999847412109,0.8062000274658203
YPL112C,YGL120C,0,-3.5336628,0.10450910776853561,0.9409999847412109,0.8062999844551086
YLR047C,YDR246W,0,-3.5337558,0.1044974997639656,0.9409999847412109,0.8064000010490417
YFR047C,YKL113C,0,-3.5338407,0.1044858992099762,0.9409999847412109,0.8065000176429749
YJL201W,YNL093W,0,-3.533961,0.10447429865598679,0.9409999847412109,0.8065999746322632
YAL038W,YER040W,0,-3.5340052,0.10446269810199738,0.9409999847412109,0.8066999912261963
YPL095C,YNL236W,0,-3.5349076,0.10445110499858856,0.9409999847412109,0.8068000078201294
YGR286C,YER052C,0,-3.5352583,0.10443951189517975,0.9409999847412109,0.8069000244140625
YHR190W,YDR492W,0,-3.5357008,0.10442791879177094,0.9409999847412109,0.8069999814033508
YML067C,YER145C,0,-3.5357227,0.10441633313894272,0.9409999847412109,0.8070999979972839
YMR117C,YKR061W,0,-3.5358102,0.1044047474861145,0.9409999847412109,0.807200014591217
YPL175W,YPL028W,0,-3.5358124,0.10439316928386688,0.9409999847412109,0.8072999715805054
YBR126C,YLR378C,0,-3.5366278,0.10438158363103867,0.9409999847412109,0.8073999881744385
YLR165C,YOR028C,0,-3.5371742,0.10437000542879105,0.9409999847412109,0.8075000047683716
YDL223C,YAL068C,0,-3.5373282,0.10435843467712402,0.9409999847412109,0.8076000213623047
YHR170W,YKL130C,0,-3.5377846,0.104346863925457,0.9409999847412109,0.807699978351593
YOR081C,YJL073W,0,-3.538064,0.10433529317378998,0.9409999847412109,0.8077999949455261
YNL066W,YPR186C,0,-3.538076,0.10432372242212296,0.9409999847412109,0.8079000115394592
YIL125W,YBR173C,0,-3.5381923,0.10431215912103653,0.9409999847412109,0.8080000281333923
YHR170W,YHL022C,0,-3.5388355,0.1043005958199501,0.9409999847412109,0.8080999851226807
YOR040W,YJR035W,0,-3.5389934,0.10428903996944427,0.9409999847412109,0.8082000017166138
YPR108W,YJR059W,0,-3.5391686,0.10427748411893845,0.9409999847412109,0.8083000183105469
YMR075W,YHR056C,1,-3.539318,0.10437673330307007,0.9419999718666077,0.8083000183105469
YNL287W,YJL071W,0,-3.5395675,0.10436517000198364,0.9419999718666077,0.8083999752998352
YHR038W,YML075C,0,-3.5395758,0.10435360670089722,0.9419999718666077,0.8084999918937683
YFL058W,YPL053C,0,-3.5402942,0.10434204339981079,0.9419999718666077,0.8086000084877014
YGR142W,YBR188C,0,-3.540358,0.10433048754930496,0.9419999718666077,0.8087000250816345
YNL091W,YDL024C,0,-3.5407417,0.10431893914937973,0.9419999718666077,0.8087999820709229
YCR047C,YNL333W,0,-3.540884,0.1043073832988739,0.9419999718666077,0.808899998664856
YIL052C,YLR378C,0,-3.5411377,0.10429583489894867,0.9419999718666077,0.8090000152587891
YLR013W,YDR183W,0,-3.5411701,0.10428429394960403,0.9419999718666077,0.8090999722480774
YBR195C,YNL135C,1,-3.5412602,0.1043834388256073,0.9430000185966492,0.8090999722480774
YAR035W,YDR470C,0,-3.5413952,0.10437189042568207,0.9430000185966492,0.8091999888420105
YOR237W,YBR034C,0,-3.5415132,0.10436033457517624,0.9430000185966492,0.8093000054359436
YER100W,YMR136W,0,-3.5416515,0.10434878617525101,0.9430000185966492,0.8094000220298767
YDR334W,YDR225W,1,-3.541841,0.10444788634777069,0.9440000057220459,0.8094000220298767
YDR080W,YBR069C,0,-3.541866,0.10443633049726486,0.9440000057220459,0.809499979019165
YLR172C,YML094W,0,-3.5418847,0.10442478209733963,0.9440000057220459,0.8095999956130981
YGL017W,YMR303C,0,-3.5419445,0.1044132262468338,0.9440000057220459,0.8097000122070312
YDR427W,YIL101C,0,-3.5421119,0.10440167784690857,0.9440000057220459,0.8098000288009644
YER021W,YHR098C,0,-3.5433252,0.10439013689756393,0.9440000057220459,0.8098999857902527
YKL204W,YBR086C,0,-3.5434403,0.1043785959482193,0.9440000057220459,0.8100000023841858
YKL143W,YGL213C,0,-3.5437496,0.10436705499887466,0.9440000057220459,0.8101000189781189
YJL116C,YPR125W,0,-3.543761,0.10435551404953003,0.9440000057220459,0.8101999759674072
YOL086C,YBL007C,0,-3.5438037,0.10434398055076599,0.9440000057220459,0.8102999925613403
YML094W,YOR253W,0,-3.5448587,0.10433244705200195,0.9440000057220459,0.8104000091552734
YMR050C,YBL099W,0,-3.5450695,0.10432092100381851,0.9440000057220459,0.8105000257492065
YPL179W,YNR003C,0,-3.5454786,0.10430939495563507,0.9440000057220459,0.8105999827384949
YOR348C,YMR025W,0,-3.54639,0.10429786890745163,0.9440000057220459,0.810699999332428
YIL021W,YDR517W,0,-3.5463915,0.10428634285926819,0.9440000057220459,0.8108000159263611
YBL011W,YOR081C,0,-3.546588,0.10427482426166534,0.9440000057220459,0.8108999729156494
YCL011C,YOR341W,0,-3.5466857,0.1042633056640625,0.9440000057220459,0.8109999895095825
YBL030C,YGR193C,0,-3.5466948,0.10425179451704025,0.9440000057220459,0.8111000061035156
YOR237W,YML046W,0,-3.5473914,0.104240283370018,0.9440000057220459,0.8112000226974487
YGR286C,YNL119W,0,-3.547428,0.10422877222299576,0.9440000057220459,0.8112999796867371
YHL028W,YGR221C,0,-3.5474486,0.10421726852655411,0.9440000057220459,0.8113999962806702
YPL164C,YNR007C,0,-3.5476127,0.10420576483011246,0.9440000057220459,0.8115000128746033
YLR092W,YNR003C,0,-3.548395,0.1041942611336708,0.9440000057220459,0.8116000294685364
YFR001W,YER145C,0,-3.5484223,0.10418276488780975,0.9440000057220459,0.8116999864578247
YGR195W,YOR043W,0,-3.54847,0.1041712611913681,0.9440000057220459,0.8118000030517578
YDL188C,YCR005C,0,-3.5484917,0.10415977239608765,0.9440000057220459,0.8119000196456909
YPL178W,YBL056W,0,-3.5485346,0.10414827615022659,0.9440000057220459,0.8119999766349792
YDR292C,YER062C,0,-3.5485795,0.10413678735494614,0.9440000057220459,0.8120999932289124
YIL140W,YHR176W,0,-3.5486684,0.10412530601024628,0.9440000057220459,0.8122000098228455
YKL014C,YER009W,0,-3.549254,0.10411381721496582,0.9440000057220459,0.8123000264167786
YLR165C,YER029C,0,-3.5494256,0.10410233587026596,0.9440000057220459,0.8123999834060669
YDR342C,YML006C,0,-3.5497944,0.1040908619761467,0.9440000057220459,0.8125
YPL095C,YLR305C,0,-3.549864,0.10407938063144684,0.9440000057220459,0.8126000165939331
YDR384C,YGR112W,0,-3.5503154,0.10406790673732758,0.9440000057220459,0.8126999735832214
YDR492W,YDR156W,0,-3.5508113,0.10405644029378891,0.9440000057220459,0.8127999901771545
YDR342C,YKR039W,0,-3.551498,0.10404496639966965,0.9440000057220459,0.8129000067710876
YPL065W,YPR010C,0,-3.5518875,0.10403349995613098,0.9440000057220459,0.8130000233650208
YLR221C,YOR201C,0,-3.5521727,0.10402204096317291,0.9440000057220459,0.8130999803543091
YNL119W,YPR041W,0,-3.5522583,0.10401057451963425,0.9440000057220459,0.8131999969482422
YOR327C,YPR176C,0,-3.5531702,0.10399911552667618,0.9440000057220459,0.8133000135421753
YFL060C,YHR108W,0,-3.5531979,0.1039876639842987,0.9440000057220459,0.8133999705314636
YGR253C,YNR030W,0,-3.55345,0.10397621244192123,0.9440000057220459,0.8134999871253967
YHL007C,YBR080C,0,-3.5538359,0.10396476089954376,0.9440000057220459,0.8136000037193298
YGL158W,YGR221C,0,-3.5542457,0.10395330935716629,0.9440000057220459,0.8137000203132629
YNL218W,YBR298C,0,-3.5543354,0.10394186526536942,0.9440000057220459,0.8137999773025513
YFR004W,YDR513W,0,-3.554793,0.10393042117357254,0.9440000057220459,0.8138999938964844
YGR165W,YKL013C,0,-3.555019,0.10391897708177567,0.9440000057220459,0.8140000104904175
YMR135C,YGR101W,0,-3.5553515,0.10390754044055939,0.9440000057220459,0.8141000270843506
YBR195C,YKR042W,1,-3.5565288,0.10400616377592087,0.9449999928474426,0.8141000270843506
YDL130W,YEL020W-A,0,-3.5566099,0.10399471968412399,0.9449999928474426,0.8141999840736389
YLR196W,YNL333W,0,-3.5567255,0.10398327559232712,0.9449999928474426,0.814300000667572
YPL002C,YOR253W,0,-3.5571246,0.10397183150053024,0.9449999928474426,0.8144000172615051
YPR102C,YLR275W,0,-3.5572367,0.10396039485931396,0.9449999928474426,0.8144999742507935
YPL178W,YMR303C,0,-3.557702,0.10394895821809769,0.9449999928474426,0.8145999908447266
YBL099W,YDR513W,0,-3.557876,0.103937529027462,0.9449999928474426,0.8147000074386597
YPL094C,YNL002C,0,-3.5579138,0.10392609983682632,0.9449999928474426,0.8148000240325928
YER143W,YPR108W,0,-3.558137,0.10391467064619064,0.9449999928474426,0.8148999810218811
YNR033W,YPL266W,0,-3.5587354,0.10390324145555496,0.9449999928474426,0.8149999976158142
YBL099W,YAR035W,0,-3.5590463,0.10389181971549988,0.9449999928474426,0.8151000142097473
YHR178W,YJR143C,0,-3.5591335,0.1038803979754448,0.9449999928474426,0.8151999711990356
YOL086C,YHR092C,0,-3.5591974,0.1038689836859703,0.9449999928474426,0.8152999877929688
YBR247C,YBL015W,0,-3.5594273,0.10385756939649582,0.9449999928474426,0.8154000043869019
YNL091W,YGL191W,0,-3.5597343,0.10384615510702133,0.9449999928474426,0.815500020980835
YNL091W,YKL007W,0,-3.559837,0.10383474081754684,0.9449999928474426,0.8155999779701233
YDL043C,YLR080W,0,-3.5603757,0.10382333397865295,0.9449999928474426,0.8156999945640564
YER021W,YLR129W,0,-3.5604506,0.10381192713975906,0.9449999928474426,0.8158000111579895
YOR316C,YLR229C,0,-3.5606892,0.10380052775144577,0.9449999928474426,0.8159000277519226
YMR117C,YFL055W,0,-3.5607853,0.10378912836313248,0.9449999928474426,0.8159999847412109
YJR094C,YGR183C,0,-3.560788,0.10377772897481918,0.9449999928474426,0.816100001335144
YER026C,YOR033C,0,-3.560885,0.10376633703708649,0.9449999928474426,0.8162000179290771
YDR252W,YLL027W,0,-3.560956,0.1037549376487732,0.9449999928474426,0.8162999749183655
YOL086C,YDR198C,0,-3.561009,0.1037435531616211,0.9449999928474426,0.8163999915122986
YNL244C,YBR034C,0,-3.561102,0.1037321612238884,0.9449999928474426,0.8165000081062317
YLL008W,YBR265W,0,-3.5614338,0.1037207767367363,0.9449999928474426,0.8166000247001648
YCL024W,YNR016C,0,-3.5618227,0.1037093922495842,0.9449999928474426,0.8166999816894531
YNL163C,YDL024C,0,-3.5624976,0.1036980152130127,0.9449999928474426,0.8167999982833862
YDR225W,YCR052W,1,-3.5637383,0.10379635542631149,0.9459999799728394,0.8167999982833862
YGR072W,YOR187W,0,-3.5638158,0.1037849709391594,0.9459999799728394,0.8169000148773193
YLR032W,YBR084W,0,-3.564897,0.1037735864520073,0.9459999799728394,0.8169999718666077
YMR302C,YGL254W,0,-3.5650904,0.1037622019648552,0.9459999799728394,0.8170999884605408
YGR103W,YCR026C,0,-3.5651808,0.10375082492828369,0.9459999799728394,0.8172000050544739
YLL027W,YER093C,0,-3.5653505,0.10373944789171219,0.9459999799728394,0.817300021648407
YER061C,YPR021C,0,-3.5658069,0.10372807085514069,0.9459999799728394,0.8173999786376953
YMR080C,YKR042W,1,-3.5660734,0.10382633656263351,0.9470000267028809,0.8173999786376953
YPL213W,YGR112W,0,-3.5661333,0.10381495207548141,0.9470000267028809,0.8174999952316284
YLR172C,YER040W,0,-3.566308,0.10380357503890991,0.9470000267028809,0.8176000118255615
YIL126W,YNL135C,1,-3.5668416,0.10390179604291916,0.9480000138282776,0.8176000118255615
YDR299W,YAL023C,0,-3.567101,0.10389041155576706,0.9480000138282776,0.8177000284194946
YLL036C,YNL292W,0,-3.5672197,0.10387902706861496,0.9480000138282776,0.817799985408783
YFL022C,YKR082W,0,-3.5676367,0.10386764258146286,0.9480000138282776,0.8179000020027161
YIL126W,YDR225W,1,-3.568192,0.10396581888198853,0.9490000009536743,0.8179000020027161
YFL005W,YJR077C,0,-3.5682771,0.10395443439483643,0.9490000009536743,0.8180000185966492
YDR043C,YDR138W,0,-3.5685508,0.10394304245710373,0.9490000009536743,0.8180999755859375
YKL120W,YGR172C,0,-3.5686367,0.10393165796995163,0.9490000009536743,0.8181999921798706
YOR178C,YIR008C,0,-3.568964,0.10392028093338013,0.9490000009536743,0.8183000087738037
YNL287W,YHR176W,0,-3.569346,0.10390890389680862,0.9490000009536743,0.8184000253677368
YIL052C,YBR288C,0,-3.5697837,0.10389752686023712,0.9490000009536743,0.8184999823570251
YER049W,YGR204W,0,-3.5701694,0.10388614982366562,0.9490000009536743,0.8185999989509583
YER125W,YDR176W,1,-3.5707684,0.10398423671722412,0.949999988079071,0.8185999989509583
YKL204W,YBL015W,0,-3.570911,0.10397285968065262,0.949999988079071,0.8187000155448914
YJL116C,YAR035W,0,-3.5709639,0.10396148264408112,0.949999988079071,0.8187999725341797
YJR035W,YJL012C,0,-3.5710793,0.10395010560750961,0.949999988079071,0.8188999891281128
YOR143C,YDR449C,0,-3.5716329,0.10393872857093811,0.949999988079071,0.8190000057220459
YHR092C,YLR190W,0,-3.5718403,0.1039273589849472,0.949999988079071,0.819100022315979
YIL125W,YNR003C,0,-3.5718808,0.1039159893989563,0.949999988079071,0.8191999793052673
YHR065C,YLR047C,0,-3.5720448,0.10390462726354599,0.949999988079071,0.8192999958992004
YPL065W,YDR039C,0,-3.5721822,0.10389326512813568,0.949999988079071,0.8194000124931335
YML041C,YPL055C,1,-3.5721908,0.10399125516414642,0.9509999752044678,0.8194000124931335
YDR508C,YKL125W,0,-3.572352,0.10397988557815552,0.9509999752044678,0.8195000290870667
YKR037C,YER061C,0,-3.5724964,0.10396851599216461,0.9509999752044678,0.819599986076355
YGR253C,YML075C,0,-3.5725055,0.1039571464061737,0.9509999752044678,0.8197000026702881
YDR023W,YDL178W,0,-3.57254,0.1039457842707634,0.9509999752044678,0.8198000192642212
YJR094C,YCR020C-A,0,-3.572623,0.10393442958593369,0.9509999752044678,0.8198999762535095
YDR342C,YML058W,0,-3.57274,0.10392306745052338,0.9509999752044678,0.8199999928474426
YGL047W,YGR092W,0,-3.5728006,0.10391171276569366,0.9509999752044678,0.8201000094413757
YER056C,YBR156C,0,-3.5731785,0.10390035808086395,0.9509999752044678,0.8202000260353088
YLR200W,YDR038C,0,-3.573426,0.10388901084661484,0.9509999752044678,0.8202999830245972
YGL120C,YER093C,0,-3.5739005,0.10387766361236572,0.9509999752044678,0.8203999996185303
YLR418C,YDR225W,1,-3.5745032,0.10397553443908691,0.9520000219345093,0.8203999996185303
YNR043W,YML058W,0,-3.5745397,0.1039641797542572,0.9520000219345093,0.8205000162124634
YIR028W,YHR133C,0,-3.5745573,0.10395282506942749,0.9520000219345093,0.8205999732017517
YGR209C,YHR007C,0,-3.574574,0.10394147783517838,0.9520000219345093,0.8206999897956848
YAR003W,YDR224C,1,-3.5747342,0.10403930395841599,0.953000009059906,0.8206999897956848
YGR288W,YDL043C,0,-3.5749865,0.10402794182300568,0.953000009059906,0.8208000063896179
YHR111W,YJL116C,0,-3.5753188,0.10401658713817596,0.953000009059906,0.820900022983551
YDR113C,YBR035C,0,-3.575438,0.10400523990392685,0.953000009059906,0.8209999799728394
YKL026C,YGL086W,0,-3.5755997,0.10399389266967773,0.953000009059906,0.8210999965667725
YDR517W,YOR298W,0,-3.575662,0.10398254543542862,0.953000009059906,0.8212000131607056
YIL052C,YGL168W,0,-3.5756965,0.1039711982011795,0.953000009059906,0.8213000297546387
YGR142W,YKL026C,0,-3.5759473,0.10395985841751099,0.953000009059906,0.821399986743927
YOR040W,YOR298W,0,-3.575952,0.10394851863384247,0.953000009059906,0.8215000033378601
YGR162W,YDL209C,0,-3.576099,0.10393717885017395,0.953000009059906,0.8216000199317932
YHR007C,YPR010C,0,-3.5761626,0.10392584651708603,0.953000009059906,0.8216999769210815
YJL186W,YJL187C,0,-3.5764298,0.10391451418399811,0.953000009059906,0.8217999935150146
YDR088C,YGR204W,0,-3.5769002,0.10390318185091019,0.953000009059906,0.8219000101089478
YOR173W,YER044C-A,0,-3.577283,0.10389185696840286,0.953000009059906,0.8220000267028809
YDR198C,YAL038W,0,-3.5774162,0.10388053208589554,0.953000009059906,0.8220999836921692
YFR050C,YOR081C,0,-3.5778093,0.10386920720338821,0.953000009059906,0.8222000002861023
YNL066W,YML052W,0,-3.577849,0.10385788977146149,0.953000009059906,0.8223000168800354
YDR299W,YPL037C,0,-3.5784826,0.10384657233953476,0.953000009059906,0.8223999738693237
YPL196W,YCL067C,0,-3.578708,0.10383525490760803,0.953000009059906,0.8224999904632568
YCL044C,YDR092W,0,-3.578755,0.1038239449262619,0.953000009059906,0.8226000070571899
YGL022W,YPL089C,0,-3.5788436,0.10381263494491577,0.953000009059906,0.822700023651123
YMR145C,YAR014C,0,-3.5788555,0.10380133241415024,0.953000009059906,0.8227999806404114
YCL067C,YDR030C,0,-3.5789516,0.10379002243280411,0.953000009059906,0.8228999972343445
YMR117C,YDR011W,0,-3.5792809,0.10377871990203857,0.953000009059906,0.8230000138282776
YLR291C,YGL191W,0,-3.5793214,0.10376742482185364,0.953000009059906,0.8230999708175659
YOL077C,YCL011C,0,-3.579349,0.1037561222910881,0.953000009059906,0.823199987411499
YNR016C,YHL020C,0,-3.5804844,0.10374482721090317,0.953000009059906,0.8233000040054321
YPL213W,YPL187W,0,-3.580577,0.10373353958129883,0.953000009059906,0.8234000205993652
YBL082C,YLR119W,0,-3.5814333,0.10372224450111389,0.953000009059906,0.8234999775886536
YGR195W,YNL156C,0,-3.5815926,0.10371095687150955,0.953000009059906,0.8235999941825867
YGL225W,YGL216W,0,-3.5816548,0.10369967669248581,0.953000009059906,0.8237000107765198
YFL005W,YBR298C,0,-3.5819383,0.10368838906288147,0.953000009059906,0.8238000273704529
YDR023W,YNL314W,0,-3.5823963,0.10367710888385773,0.953000009059906,0.8238999843597412
YGR252W,YDR224C,1,-3.5825005,0.10377461463212967,0.9539999961853027,0.8238999843597412
YNL177C,YOR045W,0,-3.5825572,0.10376332700252533,0.9539999961853027,0.8240000009536743
YKL141W,YDL113C,0,-3.5826073,0.10375203937292099,0.9539999961853027,0.8241000175476074
YGR231C,YOL077C,0,-3.5826693,0.10374075919389725,0.9539999961853027,0.8241999745368958
YOR153W,YMR309C,0,-3.5827498,0.1037294790148735,0.9539999961853027,0.8242999911308289
YML085C,YBL099W,0,-3.5828638,0.10371819883584976,0.9539999961853027,0.824400007724762
YGL120C,YCR035C,0,-3.5830388,0.10370692610740662,0.9539999961853027,0.8245000243186951
YDR252W,YML006C,0,-3.5833087,0.10369565337896347,0.9539999961853027,0.8245999813079834
YBL030C,YEL024W,0,-3.5833917,0.10368438065052032,0.9539999961853027,0.8246999979019165
YOR388C,YOR045W,0,-3.5835705,0.10367311537265778,0.9539999961853027,0.8248000144958496
YLR291C,YER145C,0,-3.5840166,0.10366185009479523,0.9539999961853027,0.8248999714851379
YMR273C,YNL135C,1,-3.5841904,0.10375923663377762,0.9549999833106995,0.8248999714851379
YBR126C,YPL084W,0,-3.58435,0.10374796390533447,0.9549999833106995,0.824999988079071
YGL183C,YLR047C,0,-3.5846837,0.10373669117689133,0.9549999833106995,0.8251000046730042
YOR126C,YGR092W,0,-3.5847025,0.10372542589902878,0.9549999833106995,0.8252000212669373
YFL055W,YBL074C,0,-3.584837,0.10371416062116623,0.9549999833106995,0.8252999782562256
YJL110C,YNL093W,0,-3.5857763,0.10370290279388428,0.9549999833106995,0.8253999948501587
YCR077C,YDR069C,0,-3.5859666,0.10369163751602173,0.9549999833106995,0.8255000114440918
YJL106W,YLR136C,0,-3.5860662,0.10368037968873978,0.9549999833106995,0.8256000280380249
YIR028W,YDR516C,0,-3.586163,0.10366912931203842,0.9549999833106995,0.8256999850273132
YPR108W,YDR523C,0,-3.5861688,0.10365787148475647,0.9549999833106995,0.8258000016212463
YBL085W,YNL073W,0,-3.5863442,0.10364662110805511,0.9549999833106995,0.8259000182151794
YLR450W,YDR252W,0,-3.5869012,0.10363537818193436,0.9549999833106995,0.8259999752044678
YLR144C,YLR129W,0,-3.5871356,0.1036241352558136,0.9549999833106995,0.8260999917984009
YMR168C,YDR523C,0,-3.587333,0.10361289232969284,0.9549999833106995,0.826200008392334
YHR065C,YDR447C,0,-3.5874538,0.10360164940357208,0.9549999833106995,0.8263000249862671
YLR466W,YDR221W,0,-3.5879703,0.10359041392803192,0.9549999833106995,0.8263999819755554
YGL096W,YMR172W,0,-3.5880423,0.10357917845249176,0.9549999833106995,0.8264999985694885
YNL071W,YDR412W,0,-3.5882354,0.1035679429769516,0.9549999833106995,0.8266000151634216
YJR055W,YJR156C,0,-3.588248,0.10355671495199203,0.9549999833106995,0.82669997215271
YNL082W,YHR176W,0,-3.5890682,0.10354548692703247,0.9549999833106995,0.8267999887466431
YOR381W,YGR257C,0,-3.5890746,0.1035342589020729,0.9549999833106995,0.8269000053405762
YPR125W,YNL001W,0,-3.5894012,0.10352303832769394,0.9549999833106995,0.8270000219345093
YHR079C,YKL026C,0,-3.589706,0.10351181775331497,0.9549999833106995,0.8270999789237976
YGL187C,YDR483W,0,-3.589779,0.103500597178936,0.9549999833106995,0.8271999955177307
YBL090W,YNL287W,0,-3.5899253,0.10348937660455704,0.9549999833106995,0.8273000121116638
YPR024W,YPL120W,0,-3.5902023,0.10347816348075867,0.9549999833106995,0.8274000287055969
YKR083C,YER103W,0,-3.5905104,0.1034669578075409,0.9549999833106995,0.8274999856948853
YER145C,YOR116C,0,-3.5905375,0.10345574468374252,0.9549999833106995,0.8276000022888184
YDR523C,YHL020C,0,-3.5907037,0.10344453901052475,0.9549999833106995,0.8277000188827515
YOR244W,YER120W,1,-3.5907967,0.10354164242744446,0.9559999704360962,0.8277000188827515
YNL133C,YBR117C,0,-3.5908837,0.10353042930364609,0.9559999704360962,0.8277999758720398
YMR135C,YKL082C,0,-3.5910106,0.10351922363042831,0.9559999704360962,0.8278999924659729
YNL066W,YJL071W,0,-3.59153,0.10350801050662994,0.9559999704360962,0.828000009059906
YPL084W,YBL100W-A,0,-3.5917459,0.10349680483341217,0.9559999704360962,0.8281000256538391
YHL028W,YHR206W,0,-3.5918186,0.103485606610775,0.9559999704360962,0.8281999826431274
YDR264C,YER027C,0,-3.592867,0.10347440093755722,0.9559999704360962,0.8282999992370605
YER143W,YLR430W,0,-3.5932698,0.10346320271492004,0.9559999704360962,0.8284000158309937
YER036C,YLR390W-A,0,-3.5933053,0.10345200449228287,0.9559999704360962,0.828499972820282
YDL224C,YFR050C,0,-3.5933518,0.10344081372022629,0.9559999704360962,0.8285999894142151
YNL283C,YBR119W,0,-3.5938082,0.10342962294816971,0.9559999704360962,0.8287000060081482
YMR303C,YGR183C,0,-3.5944278,0.10341843217611313,0.9559999704360962,0.8288000226020813
YNL071W,YKR026C,0,-3.5946863,0.10340724885463715,0.9559999704360962,0.8288999795913696
YIL062C,YGR172C,0,-3.5948353,0.10339606553316116,0.9559999704360962,0.8289999961853027
YLR396C,YNR013C,0,-3.5949504,0.10338488221168518,0.9559999704360962,0.8291000127792358
YMR081C,YER118C,0,-3.595313,0.1033736988902092,0.9559999704360962,0.829200029373169
YKL204W,YFL055W,0,-3.5955396,0.10336252301931381,0.9559999704360962,0.8292999863624573
YHR075C,YJL073W,0,-3.595809,0.10335135459899902,0.9559999704360962,0.8294000029563904
YMR292W,YNL015W,0,-3.595975,0.10334017872810364,0.9559999704360962,0.8295000195503235
YIL140W,YKR039W,0,-3.5960207,0.10332901030778885,0.9559999704360962,0.8295999765396118
YJL222W,YOR253W,0,-3.596352,0.10331784188747406,0.9559999704360962,0.8296999931335449
YDL046W,YOR187W,0,-3.596642,0.10330668091773987,0.9559999704360962,0.829800009727478
YFL055W,YPL019C,0,-3.5967782,0.10329551249742508,0.9559999704360962,0.8299000263214111
YPR189W,YBL064C,0,-3.596789,0.10328435897827148,0.9559999704360962,0.8299999833106995
YIL062C,YML046W,0,-3.5968673,0.10327319800853729,0.9559999704360962,0.8300999999046326
YMR302C,YLR189C,0,-3.5973456,0.1032620444893837,0.9559999704360962,0.8302000164985657
YAL023C,YBR084W,0,-3.5974388,0.1032508909702301,0.9559999704360962,0.830299973487854
YIL049W,YOR081C,0,-3.597591,0.10323973745107651,0.9559999704360962,0.8303999900817871
YGL181W,YML016C,0,-3.5976038,0.10322859138250351,0.9559999704360962,0.8305000066757202
YOR327C,YDR483W,0,-3.5976617,0.10321744531393051,0.9559999704360962,0.8306000232696533
YHR007C,YMR239C,0,-3.5977478,0.10320630669593811,0.9559999704360962,0.8306999802589417
YJL116C,YNR013C,0,-3.5982413,0.10319516062736511,0.9559999704360962,0.8307999968528748
YOR043W,YGR257C,0,-3.5982933,0.10318402945995331,0.9559999704360962,0.8309000134468079
YJL222W,YDL201W,0,-3.5988555,0.10317289084196091,0.9559999704360962,0.8309999704360962
YDR011W,YKR039W,0,-3.5992184,0.1031617596745491,0.9559999704360962,0.8310999870300293
YGR142W,YNL244C,0,-3.5993207,0.1031506285071373,0.9559999704360962,0.8312000036239624
YKL125W,YLR172C,0,-3.5995855,0.1031394973397255,0.9559999704360962,0.8313000202178955
YFL022C,YOR201C,0,-3.5997086,0.10312837362289429,0.9559999704360962,0.8313999772071838
YOR208W,YDL209C,0,-3.6003017,0.10311724990606308,0.9559999704360962,0.8314999938011169
YGL022W,YDR447C,0,-3.6006012,0.10310612618923187,0.9559999704360962,0.83160001039505
YLR032W,YBR243C,0,-3.600998,0.10309500992298126,0.9559999704360962,0.8317000269889832
YPL196W,YNL139C,0,-3.6011937,0.10308389365673065,0.9559999704360962,0.8317999839782715
YDR045C,YDR164C,0,-3.601367,0.10307277739048004,0.9559999704360962,0.8319000005722046
YMR241W,YJL187C,0,-3.60174,0.10306166112422943,0.9559999704360962,0.8320000171661377
YLR080W,YER094C,0,-3.6018558,0.10305055230855942,0.9559999704360962,0.832099974155426
YML011C,YKL201C,0,-3.602511,0.10303945094347,0.9559999704360962,0.8321999907493591
YJR137C,YPL204W,0,-3.6028748,0.10302834212779999,0.9559999704360962,0.8323000073432922
YOL003C,YBR069C,0,-3.6032577,0.10301724076271057,0.9559999704360962,0.8324000239372253
YBL099W,YCR020C-A,0,-3.6033726,0.10300613939762115,0.9559999704360962,0.8324999809265137
YMR212C,YOR081C,0,-3.6047916,0.10299504548311234,0.9559999704360962,0.8325999975204468
YDR508C,YGR278W,0,-3.6050766,0.10298395156860352,0.9559999704360962,0.8327000141143799
YLR136C,YHR176W,0,-3.605363,0.1029728576540947,0.9559999704360962,0.8327999711036682
YBR117C,YKL206C,0,-3.6055474,0.10296176373958588,0.9559999704360962,0.8328999876976013
YLR450W,YKL092C,0,-3.6057186,0.10295067727565765,0.9559999704360962,0.8330000042915344
YJR132W,YHL028W,0,-3.6057844,0.10293959081172943,0.9559999704360962,0.8331000208854675
YHL027W,YOR145C,0,-3.6058624,0.1029285117983818,0.9559999704360962,0.8331999778747559
YOR359W,YDR069C,0,-3.6061792,0.10291743278503418,0.9559999704360962,0.833299994468689
YDL056W,YBL099W,0,-3.6063855,0.10290635377168655,0.9559999704360962,0.8334000110626221
YAL059W,YPL057C,0,-3.606443,0.10289527475833893,0.9559999704360962,0.8335000276565552
YBR126C,YDR246W,0,-3.6065772,0.1028842031955719,0.9559999704360962,0.8335999846458435
YPL214C,YBR017C,0,-3.6069324,0.10287313163280487,0.9559999704360962,0.8337000012397766
YCR005C,YHL020C,0,-3.6069613,0.10286206007003784,0.9559999704360962,0.8338000178337097
YOL011W,YPL266W,0,-3.6070457,0.10285099595785141,0.9559999704360962,0.833899974822998
YNL177C,YJR112W,0,-3.60717,0.10283993184566498,0.9559999704360962,0.8339999914169312
YNL015W,YOR151C,0,-3.6074195,0.10282886773347855,0.9559999704360962,0.8341000080108643
YMR093W,YIL062C,0,-3.607594,0.10281781107187271,0.9559999704360962,0.8342000246047974
YIL019W,YNL244C,0,-3.6077137,0.10280675441026688,0.9559999704360962,0.8342999815940857
YHL034C,YKR087C,0,-3.6078343,0.10279569774866104,0.9559999704360962,0.8343999981880188
YLR226W,YGL120C,0,-3.6078463,0.1027846485376358,0.9559999704360962,0.8345000147819519
YLR074C,YIR011C,0,-3.6078467,0.10277359932661057,0.9559999704360962,0.8345999717712402
YOR353C,YBR126C,0,-3.6079795,0.10276255011558533,0.9559999704360962,0.8346999883651733
YOR043W,YHR079C,0,-3.608075,0.10275150835514069,0.9559999704360962,0.8348000049591064
YDR429C,YNR030W,0,-3.608842,0.10274045914411545,0.9559999704360962,0.8349000215530396
YNR033W,YPL019C,0,-3.6089044,0.1027294248342514,0.9559999704360962,0.8349999785423279
YER056C,YNL314W,0,-3.6092436,0.10271838307380676,0.9559999704360962,0.835099995136261
YLR039C,YPL036W,0,-3.6093225,0.10270734876394272,0.9559999704360962,0.8352000117301941
YLR453C,YML075C,0,-3.6093454,0.10269631445407867,0.9559999704360962,0.8353000283241272
YDL247W,YJL138C,0,-3.6094966,0.10268528759479523,0.9559999704360962,0.8353999853134155
YER154W,YKL213C,0,-3.6105857,0.10267425328493118,0.9559999704360962,0.8355000019073486
YKL125W,YJR137C,0,-3.6107798,0.10266323387622833,0.9559999704360962,0.8356000185012817
YLR340W,YDR342C,0,-3.6112132,0.10265220701694489,0.9559999704360962,0.8356999754905701
YJL116C,YOR259C,0,-3.6119204,0.10264118760824203,0.9559999704360962,0.8357999920845032
YNR058W,YNL291C,0,-3.6122713,0.10263016819953918,0.9559999704360962,0.8359000086784363
YLR291C,YIL019W,0,-3.6124647,0.10261914879083633,0.9559999704360962,0.8360000252723694
YDR508C,YKL213C,0,-3.6125395,0.10260813683271408,0.9559999704360962,0.8360999822616577
YCR020C,YJR143C,0,-3.6132455,0.10259712487459183,0.9559999704360962,0.8361999988555908
YHR069C,YNL001W,0,-3.6133523,0.10258611291646957,0.9559999704360962,0.8363000154495239
YPR107C,YLR032W,0,-3.6135695,0.10257510840892792,0.9559999704360962,0.8363999724388123
YDR252W,YKL068W,0,-3.6135945,0.10256410390138626,0.9559999704360962,0.8364999890327454
YOL086C,YLL038C,0,-3.6138818,0.1025530993938446,0.9559999704360962,0.8366000056266785
YGR257C,YDR115W,0,-3.6141505,0.10254210233688354,0.9559999704360962,0.8367000222206116
YPL095C,YBL015W,0,-3.614644,0.10253110527992249,0.9559999704360962,0.8367999792098999
YHR094C,YNL093W,0,-3.614692,0.10252010822296143,0.9559999704360962,0.836899995803833
YJR077C,YPL036W,0,-3.6147494,0.10250911116600037,0.9559999704360962,0.8370000123977661
YGR161C,YGR241C,0,-3.6149282,0.1024981215596199,0.9559999704360962,0.8371000289916992
YCR063W,YNR013C,0,-3.6156025,0.10248713195323944,0.9559999704360962,0.8371999859809875
YBR119W,YER103W,0,-3.6157894,0.10247614979743958,0.9559999704360962,0.8373000025749207
YLR013W,YDR039C,0,-3.6159801,0.10246516764163971,0.9559999704360962,0.8374000191688538
YCL034W,YJR013W,0,-3.616026,0.10245418548583984,0.9559999704360962,0.8374999761581421
YAL038W,YLR305C,0,-3.616272,0.10244320333003998,0.9559999704360962,0.8375999927520752
YOR020C,YDR483W,0,-3.6165771,0.10243222862482071,0.9559999704360962,0.8377000093460083
YDR252W,YDR043C,0,-3.616588,0.10242125391960144,0.9559999704360962,0.8378000259399414
YBL046W,YLR144C,0,-3.6174488,0.10241028666496277,0.9559999704360962,0.8378999829292297
YDR494W,YER027C,0,-3.6174836,0.1023993119597435,0.9559999704360962,0.8379999995231628
YLR129W,YOR110W,0,-3.6178632,0.10238834470510483,0.9559999704360962,0.838100016117096
YDR436W,YKL049C,0,-3.6178665,0.10237738490104675,0.9559999704360962,0.8381999731063843
YOL086C,YLR305C,0,-3.617906,0.10236641764640808,0.9559999704360962,0.8382999897003174
YLR324W,YHR075C,0,-3.618021,0.10235545784235,0.9559999704360962,0.8384000062942505
YML007W,YFR009W,0,-3.618116,0.10234450548887253,0.9559999704360962,0.8385000228881836
YHR164C,YPL050C,0,-3.6181588,0.10233354568481445,0.9559999704360962,0.8385999798774719
YIL121W,YOR253W,0,-3.6182477,0.10232259333133698,0.9559999704360962,0.838699996471405
YOR353C,YIL140W,0,-3.618374,0.1023116409778595,0.9559999704360962,0.8388000130653381
YOR353C,YLR390W-A,0,-3.618442,0.10230069607496262,0.9559999704360962,0.8389000296592712
YGL187C,YNL236W,0,-3.6187992,0.10228975117206573,0.9559999704360962,0.8389999866485596
YBL051C,YGL191W,0,-3.6190605,0.10227880626916885,0.9559999704360962,0.8391000032424927
YOL086C,YBR043C,0,-3.619851,0.10226786136627197,0.9559999704360962,0.8392000198364258
YNR058W,YLR291C,0,-3.6199908,0.10225692391395569,0.9559999704360962,0.8392999768257141
YDR246W,YLR276C,0,-3.6200683,0.1022459864616394,0.9559999704360962,0.8393999934196472
YPR175W,YLR362W,0,-3.6204262,0.10223505645990372,0.9559999704360962,0.8395000100135803
YER143W,YPL164C,0,-3.6205099,0.10222412645816803,0.9559999704360962,0.8396000266075134
YOL033W,YDR436W,0,-3.6206563,0.10221319645643234,0.9559999704360962,0.8396999835968018
YKL143W,YGL038C,0,-3.6210546,0.10220226645469666,0.9559999704360962,0.8398000001907349
YOR120W,YGL086W,0,-3.6210732,0.10219134390354156,0.9559999704360962,0.839900016784668
YGR161C,YKL013C,0,-3.6214337,0.10218042135238647,0.9559999704360962,0.8399999737739563
YBR017C,YIL062C,0,-3.621902,0.10216949880123138,0.9559999704360962,0.8400999903678894
YIR011C,YLR196W,0,-3.6219387,0.10215858370065689,0.9559999704360962,0.8402000069618225
YML110C,YKL014C,0,-3.622137,0.1021476686000824,0.9559999704360962,0.8403000235557556
YGL233W,YIL101C,0,-3.622868,0.1021367534995079,0.9559999704360962,0.840399980545044
YER122C,YEL024W,0,-3.622954,0.10212583839893341,0.9559999704360962,0.840499997138977
YHL020C,YPL036W,0,-3.623579,0.10211493074893951,0.9559999704360962,0.8406000137329102
YLR047C,YMR213W,0,-3.6239583,0.10210402309894562,0.9559999704360962,0.8406999707221985
YLR449W,YMR247C,1,-3.6243582,0.10219991207122803,0.9570000171661377,0.8406999707221985
YLR047C,YEL053C,0,-3.6251087,0.10218900442123413,0.9570000171661377,0.8407999873161316
YJL187C,YOL097C,0,-3.6252778,0.10217808932065964,0.9570000171661377,0.8409000039100647
YIL125W,YOL125W,0,-3.6256814,0.10216718167066574,0.9570000171661377,0.8410000205039978
YER040W,YLR196W,0,-3.6258297,0.10215627402067184,0.9570000171661377,0.8410999774932861
YOL086C,YGR092W,0,-3.626121,0.10214537382125854,0.9570000171661377,0.8411999940872192
YBL051C,YMR048W,0,-3.626657,0.10213447362184525,0.9570000171661377,0.8413000106811523
YDR043C,YLL038C,0,-3.62666,0.10212357342243195,0.9570000171661377,0.8414000272750854
YEL013W,YER044C-A,0,-3.6267724,0.10211267322301865,0.9570000171661377,0.8414999842643738
YPL175W,YMR058W,0,-3.626816,0.10210178047418594,0.9570000171661377,0.8416000008583069
YMR093W,YPR186C,0,-3.626944,0.10209088772535324,0.9570000171661377,0.84170001745224
YKL089W,YLR390W-A,0,-3.6269448,0.10208000242710114,0.9570000171661377,0.8417999744415283
YLR167W,YLR132C,0,-3.6272593,0.10206910967826843,0.9570000171661377,0.8418999910354614
YLR136C,YBR034C,0,-3.6273758,0.10205822438001633,0.9570000171661377,0.8420000076293945
YGL253W,YJL157C,0,-3.6274996,0.10204734653234482,0.9570000171661377,0.8421000242233276
YMR081C,YJL157C,0,-3.6281097,0.10203646123409271,0.9570000171661377,0.842199981212616
YOR068C,YEL069C,0,-3.6284595,0.1020255833864212,0.9570000171661377,0.8422999978065491
YHR079C,YBR035C,0,-3.62849,0.10201471298933029,0.9570000171661377,0.8424000144004822
YGR005C,YBL074C,0,-3.628572,0.10200383514165878,0.9570000171661377,0.8424999713897705
YBR298C,YDL209C,0,-3.6294732,0.10199296474456787,0.9570000171661377,0.8425999879837036
YGR044C,YER027C,0,-3.6297436,0.10198209434747696,0.9570000171661377,0.8427000045776367
YER017C,YGL222C,0,-3.6298614,0.10197123140096664,0.9570000171661377,0.8428000211715698
YJR132W,YDR113C,0,-3.6302311,0.10196036845445633,0.9570000171661377,0.8428999781608582
YMR322C,YGR020C,0,-3.6303818,0.10194950550794601,0.9570000171661377,0.8429999947547913
YJL039C,YOR145C,0,-3.6304474,0.1019386425614357,0.9570000171661377,0.8431000113487244
YJL173C,YBL015W,0,-3.6307755,0.10192778706550598,0.9570000171661377,0.8432000279426575
YGR161C,YJL005W,0,-3.631287,0.10191693156957626,0.9570000171661377,0.8432999849319458
YJR156C,YLR363C,0,-3.6318102,0.10190608352422714,0.9570000171661377,0.8434000015258789
YML041C,YER125W,1,-3.6318908,0.10200170427560806,0.9580000042915344,0.8434000015258789
YGL253W,YIL062C,0,-3.6335044,0.10199084132909775,0.9580000042915344,0.843500018119812
YJL112W,YKL148C,0,-3.633525,0.10197998583316803,0.9580000042915344,0.8435999751091003
YOR372C,YGR204W,0,-3.6335468,0.10196913033723831,0.9580000042915344,0.8436999917030334
YNL071W,YHR065C,0,-3.6336937,0.10195828229188919,0.9580000042915344,0.8438000082969666
YPR024W,YJL140W,0,-3.6339571,0.10194742679595947,0.9580000042915344,0.8439000248908997
YPL179W,YIL115C,0,-3.6357079,0.10193657875061035,0.9580000042915344,0.843999981880188
YML118W,YPR088C,0,-3.6358383,0.10192573815584183,0.9580000042915344,0.8440999984741211
YNL333W,YPR088C,0,-3.6358602,0.1019148901104927,0.9580000042915344,0.8442000150680542
YLR340W,YGR005C,0,-3.636814,0.10190404951572418,0.9580000042915344,0.8442999720573425
YDR092W,YLR129W,0,-3.6373365,0.10189321637153625,0.9580000042915344,0.8443999886512756
YPR031W,YER120W,1,-3.6375372,0.10198872536420822,0.9589999914169312,0.8443999886512756
YJL030W,YBL015W,0,-3.6375513,0.1019778847694397,0.9589999914169312,0.8445000052452087
YLR165C,YHR129C,0,-3.6381044,0.10196703672409058,0.9589999914169312,0.8446000218391418
YHL028W,YLL008W,0,-3.6391149,0.10195619612932205,0.9589999914169312,0.8446999788284302
YDR138W,YIL101C,0,-3.6394467,0.10194536298513412,0.9589999914169312,0.8447999954223633
YAL023C,YML104C,0,-3.6399817,0.1019345223903656,0.9589999914169312,0.8449000120162964
YML057W,YHL024W,0,-3.6401796,0.10192368924617767,0.9589999914169312,0.8450000286102295
YCL034W,YOR187W,0,-3.6401963,0.10191285610198975,0.9589999914169312,0.8450999855995178
YPR108W,YHR092C,0,-3.6402664,0.10190203040838242,0.9589999914169312,0.8452000021934509
YJL186W,YMR135C,0,-3.6404872,0.10189120471477509,0.9589999914169312,0.845300018787384
YHL028W,YKR026C,0,-3.6406305,0.10188037902116776,0.9589999914169312,0.8453999757766724
YIL125W,YMR125W,0,-3.6410584,0.10186955332756042,0.9589999914169312,0.8454999923706055
YCR010C,YOR178C,0,-3.6410851,0.10185873508453369,0.9589999914169312,0.8456000089645386
YDR025W,YER157W,0,-3.6412125,0.10184791684150696,0.9589999914169312,0.8457000255584717
YLR210W,YOR288C,0,-3.6416109,0.10183710604906082,0.9589999914169312,0.84579998254776
YJR044C,YBR298C,0,-3.6418157,0.10182628780603409,0.9589999914169312,0.8458999991416931
YOL086C,YMR145C,0,-3.6419547,0.10181547701358795,0.9589999914169312,0.8460000157356262
YKL141W,YPL204W,0,-3.6421304,0.10180467367172241,0.9589999914169312,0.8460999727249146
YKR083C,YCL038C,0,-3.6425083,0.10179386287927628,0.9589999914169312,0.8461999893188477
YNR058W,YBL099W,0,-3.6430423,0.10178305953741074,0.9589999914169312,0.8463000059127808
YML042W,YGR092W,0,-3.6435115,0.1017722561955452,0.9589999914169312,0.8464000225067139
YFR050C,YMR023C,0,-3.643548,0.10176146030426025,0.9589999914169312,0.8464999794960022
YER143W,YMR192W,0,-3.6437194,0.10175066441297531,0.9589999914169312,0.8465999960899353
YOR143C,YGR183C,0,-3.644001,0.10173986852169037,0.9589999914169312,0.8467000126838684
YMR058W,YNL297C,0,-3.644331,0.10172907263040543,0.9589999914169312,0.8468000292778015
YPL164C,YCR026C,0,-3.6448994,0.10171828418970108,0.9589999914169312,0.8468999862670898
YER052C,YDR339C,0,-3.6455455,0.10170749574899673,0.9589999914169312,0.847000002861023
YBR126C,YLR466W,0,-3.645833,0.10169671475887299,0.9589999914169312,0.847100019454956
YBR298C,YCR035C,0,-3.6463354,0.10168592631816864,0.9589999914169312,0.8471999764442444
YPR102C,YJR147W,0,-3.646697,0.10167514532804489,0.9589999914169312,0.8472999930381775
YJL116C,YGR278W,0,-3.6472058,0.10166437178850174,0.9589999914169312,0.8474000096321106
YPR024W,YNR003C,0,-3.6473436,0.10165359079837799,0.9589999914169312,0.8475000262260437
YNR058W,YNR007C,0,-3.6475022,0.10164281725883484,0.9589999914169312,0.847599983215332
YPL164C,YHR170W,0,-3.6476278,0.10163205116987228,0.9589999914169312,0.8476999998092651
YGR289C,YIL143C,0,-3.6476998,0.10162127763032913,0.9589999914169312,0.8478000164031982
YDR079W,YPL115C,0,-3.6477327,0.10161051154136658,0.9589999914169312,0.8478999733924866
YOL065C,YBR034C,0,-3.6481323,0.10159974545240402,0.9589999914169312,0.8479999899864197
YDR436W,YBL046W,0,-3.6482916,0.10158897936344147,0.9589999914169312,0.8481000065803528
YDR364C,YBL015W,0,-3.6482995,0.10157822072505951,0.9589999914169312,0.8482000231742859
YML067C,YAL059W,0,-3.6490693,0.10156746208667755,0.9589999914169312,0.8482999801635742
YIL135C,YKL014C,0,-3.6490848,0.10155671089887619,0.9589999914169312,0.8483999967575073
YDL113C,YLR074C,0,-3.6491997,0.10154595226049423,0.9589999914169312,0.8485000133514404
YLR102C,YMR212C,0,-3.6492777,0.10153520107269287,0.9589999914169312,0.8485999703407288
YML110C,YDR449C,0,-3.6498752,0.1015244573354721,0.9589999914169312,0.8486999869346619
YFR050C,YKL148C,0,-3.6501088,0.10151370614767075,0.9589999914169312,0.848800003528595
YIL125W,YJR052W,0,-3.6501307,0.10150296241044998,0.9589999914169312,0.8489000201225281
YLR378C,YPL045W,0,-3.650269,0.10149221867322922,0.9589999914169312,0.8489999771118164
YPL243W,YDR079W,0,-3.6503239,0.10148148238658905,0.9589999914169312,0.8490999937057495
YLR398C,YJR077C,0,-3.650382,0.10147074609994888,0.9589999914169312,0.8492000102996826
YCL038C,YGL086W,0,-3.6508217,0.10146000981330872,0.9589999914169312,0.8493000268936157
YPL037C,YDR516C,0,-3.6509254,0.10144927352666855,0.9589999914169312,0.849399983882904
YLR074C,YGL038C,0,-3.651304,0.10143854469060898,0.9589999914169312,0.8495000004768372
YJL095W,YOR120W,0,-3.6514747,0.10142781585454941,0.9589999914169312,0.8496000170707703
YGR289C,YPR110C,0,-3.6527038,0.10141708701848984,0.9589999914169312,0.8496999740600586
YKR025W,YLR172C,0,-3.65292,0.10140636563301086,0.9589999914169312,0.8497999906539917
YJL056C,YPR049C,0,-3.6532323,0.10139564424753189,0.9589999914169312,0.8499000072479248
YFL022C,YGR142W,0,-3.6533165,0.10138492286205292,0.9589999914169312,0.8500000238418579
YIL121W,YNL073W,0,-3.653392,0.10137420892715454,0.9589999914169312,0.8500999808311462
YLR363C,YPL028W,0,-3.653823,0.10136349499225616,0.9589999914169312,0.8501999974250793
YLR189C,YCR018C,0,-3.6543639,0.10135278105735779,0.9589999914169312,0.8503000140190125
YPL196W,YEL012W,0,-3.6544886,0.10134206712245941,0.9589999914169312,0.8503999710083008
YLR291C,YGL211W,0,-3.6548367,0.10133136063814163,0.9589999914169312,0.8504999876022339
YDR016C,YMR136W,0,-3.6551862,0.10132065415382385,0.9589999914169312,0.850600004196167
YER026C,YNL139C,0,-3.6560256,0.10130995512008667,0.9589999914169312,0.8507000207901001
YPL217C,YDR023W,0,-3.6568284,0.10129924863576889,0.9589999914169312,0.8507999777793884
YPL037C,YFR009W,0,-3.656889,0.10128854960203171,0.9589999914169312,0.8508999943733215
YJL080C,YDR225W,1,-3.6572196,0.10138346254825592,0.9599999785423279,0.8508999943733215
YBR080C,YNR003C,0,-3.6572378,0.10137275606393814,0.9599999785423279,0.8510000109672546
YBL090W,YHR143W,0,-3.6574523,0.10136204957962036,0.9599999785423279,0.8511000275611877
YIL021W,YDR045C,0,-3.6577792,0.10135135054588318,0.9599999785423279,0.8511999845504761
YDL223C,YHR077C,0,-3.6578941,0.101340651512146,0.9599999785423279,0.8513000011444092
YLR396C,YDL051W,0,-3.6579127,0.10132995247840881,0.9599999785423279,0.8514000177383423
YDR030C,YDR447C,0,-3.6588795,0.10131926089525223,0.9599999785423279,0.8514999747276306
YOL011W,YKL082C,0,-3.6588955,0.10130856931209564,0.9599999785423279,0.8515999913215637
YEL020W-A,YPL019C,0,-3.659721,0.10129787772893906,0.9599999785423279,0.8517000079154968
YDR121W,YLR449W,1,-3.6605103,0.1013927012681961,0.9610000252723694,0.8517000079154968
YDR224C,YKR042W,1,-3.6606348,0.10148749500513077,0.9620000123977661,0.8517000079154968
YKL188C,YER040W,0,-3.6608186,0.10147679597139359,0.9620000123977661,0.8518000245094299
YAR003W,YDR071C,1,-3.6609383,0.10157156735658646,0.9629999995231628,0.8518000245094299
YDL046W,YIL007C,0,-3.661046,0.10156085342168808,0.9629999995231628,0.8518999814987183
YBL082C,YOL077C,0,-3.6610885,0.1015501394867897,0.9629999995231628,0.8519999980926514
YER061C,YOR261C,0,-3.6613224,0.10153943300247192,0.9629999995231628,0.8521000146865845
YJL039C,YDL174C,0,-3.661745,0.10152872651815414,0.9629999995231628,0.8521999716758728
YFL049W,YJL080C,1,-3.6637685,0.10162344574928284,0.9639999866485596,0.8521999716758728
YIL021W,YPL094C,0,-3.6643145,0.10161273181438446,0.9639999866485596,0.8522999882698059
YOR317W,YOR174W,0,-3.665049,0.10160202533006668,0.9639999866485596,0.852400004863739
YIL049W,YJR035W,0,-3.6665797,0.1015913188457489,0.9639999866485596,0.8525000214576721
YGL017W,YGL096W,0,-3.6665902,0.10158061236143112,0.9639999866485596,0.8525999784469604
YGR209C,YNL333W,0,-3.6671674,0.10156990587711334,0.9639999866485596,0.8526999950408936
YJL116C,YHL022C,0,-3.667523,0.10155920684337616,0.9639999866485596,0.8528000116348267
YMR239C,YDL209C,0,-3.6677444,0.10154850780963898,0.9639999866485596,0.8529000282287598
YMR093W,YJR047C,0,-3.6681454,0.10153781622648239,0.9639999866485596,0.8529999852180481
YPL055C,YDR224C,1,-3.6682425,0.10163243860006332,0.9649999737739563,0.8529999852180481
YJR112W,YNL002C,0,-3.6685858,0.10162173211574554,0.9649999737739563,0.8531000018119812
YBR070C,YNL292W,0,-3.6687732,0.10161103308200836,0.9649999737739563,0.8532000184059143
YLL008W,YOR054C,0,-3.6687999,0.10160033404827118,0.9649999737739563,0.8532999753952026
YDL188C,YMR128W,0,-3.6688094,0.1015896424651146,0.9649999737739563,0.8533999919891357
YJR047C,YGR221C,0,-3.6689396,0.10157895088195801,0.9649999737739563,0.8535000085830688
YDR113C,YMR165C,0,-3.6693244,0.10156825929880142,0.9649999737739563,0.853600025177002
YDR342C,YCR077C,0,-3.6696076,0.10155756771564484,0.9649999737739563,0.8536999821662903
YOR117W,YLR130C,0,-3.670057,0.10154688358306885,0.9649999737739563,0.8537999987602234
YNL291C,YNL233W,0,-3.6703334,0.10153619199991226,0.9649999737739563,0.8539000153541565
YCR010C,YPL050C,0,-3.6703508,0.10152551531791687,0.9649999737739563,0.8539999723434448
YML110C,YBR156C,0,-3.671174,0.10151483118534088,0.9649999737739563,0.8540999889373779
YGL216W,YIL135C,0,-3.6717834,0.10150415450334549,0.9649999737739563,0.854200005531311
YDR429C,YEL042W,0,-3.6718938,0.1014934778213501,0.9649999737739563,0.8543000221252441
YLL038C,YLR276C,0,-3.6723282,0.1014828085899353,0.9649999737739563,0.8543999791145325
YMR322C,YPL083C,0,-3.6724265,0.10147213190793991,0.9649999737739563,0.8544999957084656
YLR167W,YOR150W,0,-3.67254,0.10146146267652512,0.9649999737739563,0.8546000123023987
YOR195W,YBR156C,0,-3.6730025,0.10145080089569092,0.9649999737739563,0.8547000288963318
YNR057C,YOR117W,0,-3.673005,0.10144013166427612,0.9649999737739563,0.8547999858856201
YMR100W,YLR092W,0,-3.6730075,0.10142946988344193,0.9649999737739563,0.8549000024795532
YPR107C,YML042W,0,-3.6740217,0.10141881555318832,0.9649999737739563,0.8550000190734863
YKL188C,YER157W,0,-3.6747365,0.10140815377235413,0.9649999737739563,0.8550999760627747
YHR164C,YGL120C,0,-3.6751337,0.10139749944210052,0.9649999737739563,0.8551999926567078
YDL188C,YPR010C,0,-3.6755068,0.10138684511184692,0.9649999737739563,0.8553000092506409
YLR354C,YGL168W,0,-3.6755948,0.10137619823217392,0.9649999737739563,0.855400025844574
YNL073W,YHR075C,0,-3.6764612,0.10136554390192032,0.9649999737739563,0.8554999828338623
YGL047W,YBL007C,0,-3.6765633,0.10135489702224731,0.9649999737739563,0.8555999994277954
YMR145C,YNL333W,0,-3.6766,0.10134425759315491,0.9649999737739563,0.8557000160217285
YGR020C,YPL089C,0,-3.6768756,0.1013336107134819,0.9649999737739563,0.8557999730110168
YPR143W,YDR384C,0,-3.6769261,0.1013229712843895,0.9649999737739563,0.85589998960495
YGL181W,YPL266W,0,-3.676942,0.10131233930587769,0.9649999737739563,0.8560000061988831
YLR340W,YLR045C,0,-3.6775644,0.10130169987678528,0.9649999737739563,0.8561000227928162
YGL120C,YDR115W,0,-3.677893,0.10129106789827347,0.9649999737739563,0.8561999797821045
YOR040W,YNL001W,0,-3.677976,0.10128043591976166,0.9649999737739563,0.8562999963760376
YLR449W,YMR127C,1,-3.6779792,0.10137475281953812,0.9660000205039978,0.8562999963760376
YOR259C,YOR117W,0,-3.6787934,0.10136411339044571,0.9660000205039978,0.8564000129699707
YGL096W,YOL065C,0,-3.678888,0.1013534814119339,0.9660000205039978,0.8565000295639038
YML042W,YGL206C,0,-3.679521,0.10134284198284149,0.9660000205039978,0.8565999865531921
YGR004W,YNR007C,0,-3.6796796,0.10133221745491028,0.9660000205039978,0.8567000031471252
YPR010C,YPL019C,0,-3.6798577,0.10132158547639847,0.9660000205039978,0.8568000197410583
YBL099W,YPR110C,0,-3.6798859,0.10131096094846725,0.9660000205039978,0.8568999767303467
YER026C,YGL183C,0,-3.680285,0.10130033642053604,0.9660000205039978,0.8569999933242798
YPR107C,YLR430W,0,-3.6813524,0.10128971189260483,0.9660000205039978,0.8571000099182129
YGR142W,YDL015C,0,-3.681563,0.10127909481525421,0.9660000205039978,0.857200026512146
YLR450W,YHR164C,0,-3.6816201,0.1012684777379036,0.9660000205039978,0.8572999835014343
YPR108W,YPR010C,0,-3.6826959,0.10125786066055298,0.9660000205039978,0.8574000000953674
YFL022C,YLR246W,0,-3.6837711,0.10124725103378296,0.9660000205039978,0.8575000166893005
YDL247W,YPL213W,0,-3.6841855,0.10123664140701294,0.9660000205039978,0.8575999736785889
YEL012W,YFL038C,0,-3.6849031,0.10122603178024292,0.9660000205039978,0.857699990272522
YFL022C,YMR030W,0,-3.685022,0.1012154221534729,0.9660000205039978,0.8578000068664551
YGR162W,YBL099W,0,-3.6852493,0.10120481997728348,0.9660000205039978,0.8579000234603882
YOL125W,YOR116C,0,-3.6853812,0.10119421780109406,0.9660000205039978,0.8579999804496765
YHL024W,YER029C,0,-3.6858425,0.10118361562490463,0.9660000205039978,0.8580999970436096
YPL164C,YJR021C,0,-3.6859632,0.1011730208992958,0.9660000205039978,0.8582000136375427
YPL164C,YIL115C,0,-3.686044,0.10116242617368698,0.9660000205039978,0.858299970626831
YGL187C,YHR123W,0,-3.6862488,0.10115183144807816,0.9660000205039978,0.8583999872207642
YJL138C,YDR054C,0,-3.6867335,0.10114124417304993,0.9660000205039978,0.8585000038146973
YDR523C,YKL148C,0,-3.6868718,0.1011306568980217,0.9660000205039978,0.8586000204086304
YOR363C,YER147C,0,-3.687007,0.10112006962299347,0.9660000205039978,0.8586999773979187
YML112W,YJR013W,0,-3.687202,0.10110948234796524,0.9660000205039978,0.8587999939918518
YFL005W,YFR001W,0,-3.6875522,0.10109890252351761,0.9660000205039978,0.8589000105857849
YOL033W,YER056C,0,-3.687975,0.10108832269906998,0.9660000205039978,0.859000027179718
YOR173W,YOL072W,0,-3.6882286,0.10107774287462234,0.9660000205039978,0.8590999841690063
YLR047C,YDL092W,0,-3.6883273,0.10106717050075531,0.9660000205039978,0.8592000007629395
YOR043W,YGR241C,0,-3.6886864,0.10105659812688828,0.9660000205039978,0.8593000173568726
YPR107C,YOR341W,0,-3.6892457,0.10104602575302124,0.9660000205039978,0.8593999743461609
YGR161C,YHR111W,0,-3.6892529,0.1010354533791542,0.9660000205039978,0.859499990940094
YFL005W,YLR167W,0,-3.689711,0.10102488845586777,0.9660000205039978,0.8596000075340271
YMR292W,YHR085W,0,-3.6903257,0.10101432353258133,0.9660000205039978,0.8597000241279602
YNL291C,YNL156C,0,-3.6909173,0.10100376605987549,0.9660000205039978,0.8597999811172485
YNL071W,YDR004W,0,-3.6909223,0.10099320113658905,0.9660000205039978,0.8598999977111816
YGR288W,YKL113C,0,-3.6911638,0.10098264366388321,0.9660000205039978,0.8600000143051147
YPL094C,YOR067C,0,-3.6911645,0.10097209364175797,0.9660000205039978,0.8600999712944031
YCR063W,YJR105W,0,-3.6921706,0.10096153616905212,0.9660000205039978,0.8601999878883362
YLR229C,YOL111C,0,-3.6922908,0.10095098614692688,0.9660000205039978,0.8603000044822693
YDR339C,YAR015W,0,-3.6935954,0.10094043612480164,0.9660000205039978,0.8604000210762024
YLR196W,YNL093W,0,-3.694016,0.10092989355325699,0.9660000205039978,0.8604999780654907
YPL196W,YKR050W,0,-3.6954346,0.10091935098171234,0.9660000205039978,0.8605999946594238
YNR058W,YHR176W,0,-3.6959808,0.1009088084101677,0.9660000205039978,0.8607000112533569
YHR123W,YGL120C,0,-3.696359,0.10089826583862305,0.9660000205039978,0.86080002784729
YMR322C,YLR096W,0,-3.696581,0.100887730717659,0.9660000205039978,0.8608999848365784
YLR074C,YOR047C,0,-3.6975133,0.10087719559669495,0.9660000205039978,0.8610000014305115
YJL080C,YBR195C,1,-3.698028,0.10097107291221619,0.9670000076293945,0.8610000014305115
YML094W,YPL175W,0,-3.6982808,0.10096053779125214,0.9670000076293945,0.8611000180244446
YHR098C,YGL028C,0,-3.698503,0.10094999521970749,0.9670000076293945,0.8611999750137329
YER147C,YIL143C,0,-3.6987906,0.10093946009874344,0.9670000076293945,0.861299991607666
YHL028W,YBL099W,0,-3.6993613,0.10092892497777939,0.9670000076293945,0.8614000082015991
YOR143C,YPL019C,0,-3.6997428,0.10091838985681534,0.9670000076293945,0.8615000247955322
YDR072C,YNL314W,0,-3.7001166,0.10090785473585129,0.9670000076293945,0.8615999817848206
YOR143C,YLL038C,0,-3.700363,0.10089732706546783,0.9670000076293945,0.8616999983787537
YNL015W,YDR092W,0,-3.7005172,0.10088679939508438,0.9670000076293945,0.8618000149726868
YDR121W,YDR225W,1,-3.7009027,0.10098059475421906,0.9679999947547913,0.8618000149726868
YOR173W,YBR043C,0,-3.7011151,0.1009700670838356,0.9679999947547913,0.8618999719619751
YBR135W,YGR231C,0,-3.70117,0.10095953196287155,0.9679999947547913,0.8619999885559082
YOL149W,YOR145C,0,-3.7013927,0.1009490042924881,0.9679999947547913,0.8621000051498413
YDL024C,YJL157C,0,-3.70169,0.10093847662210464,0.9679999947547913,0.8622000217437744
YJL080C,YCR052W,1,-3.7023425,0.10103221982717514,0.968999981880188,0.8622000217437744
YLR409C,YPL050C,0,-3.7026463,0.10102168470621109,0.968999981880188,0.8622999787330627
YLR210W,YIL085C,0,-3.7026463,0.10101115703582764,0.968999981880188,0.8623999953269958
YDR517W,YOR363C,0,-3.7029576,0.10100062191486359,0.968999981880188,0.862500011920929
YNL036W,YGR092W,0,-3.7030787,0.10099010169506073,0.968999981880188,0.8626000285148621
YDR492W,YGR204W,0,-3.7031746,0.10097957402467728,0.968999981880188,0.8626999855041504
YMR241W,YJR059W,0,-3.703402,0.10096905380487442,0.968999981880188,0.8628000020980835
YDR079W,YNR016C,0,-3.703764,0.10095853358507156,0.968999981880188,0.8629000186920166
YDL051W,YPR125W,0,-3.704053,0.10094801336526871,0.968999981880188,0.8629999756813049
YER052C,YKL014C,0,-3.7041018,0.10093750059604645,0.968999981880188,0.863099992275238
YDR043C,YLL036C,0,-3.7041707,0.10092698782682419,0.968999981880188,0.8632000088691711
YDR121W,YDR224C,1,-3.7044148,0.10102061927318573,0.9700000286102295,0.8632000088691711
YML110C,YAL023C,0,-3.7050738,0.10101009905338287,0.9700000286102295,0.8633000254631042
YOL149W,YPL092W,0,-3.7059412,0.10099958628416061,0.9700000286102295,0.8633999824523926
YMR241W,YLL038C,0,-3.706186,0.10098906606435776,0.9700000286102295,0.8634999990463257
YOR040W,YCR047C,0,-3.7063303,0.1009785532951355,0.9700000286102295,0.8636000156402588
YDR099W,YJR143C,0,-3.706334,0.10096804052591324,0.9700000286102295,0.8636999726295471
YGL017W,YGR142W,0,-3.7066019,0.10095753520727158,0.9700000286102295,0.8637999892234802
YIL121W,YDR484W,0,-3.7072082,0.10094702988862991,0.9700000286102295,0.8639000058174133
YER061C,YGL104C,0,-3.707255,0.10093652456998825,0.9700000286102295,0.8640000224113464
YKL188C,YML130C,0,-3.7072637,0.10092601925134659,0.9700000286102295,0.8640999794006348
YOR120W,YOR150W,0,-3.7074568,0.10091552138328552,0.9700000286102295,0.8641999959945679
YER143W,YGL233W,0,-3.7075424,0.10090502351522446,0.9700000286102295,0.864300012588501
YEL012W,YML118W,0,-3.7076,0.10089452564716339,0.9700000286102295,0.8644000291824341
YCR010C,YGR162W,0,-3.707806,0.10088403522968292,0.9700000286102295,0.8644999861717224
YDR342C,YGL022W,0,-3.7082357,0.10087354481220245,0.9700000286102295,0.8646000027656555
YBL071W-A,YBL064C,0,-3.7084274,0.10086305439472198,0.9700000286102295,0.8647000193595886
YPL164C,YLR080W,0,-3.7088666,0.10085257142782211,0.9700000286102295,0.864799976348877
YMR127C,YDR224C,1,-3.7099333,0.10094604641199112,0.9710000157356262,0.864799976348877
YHR079C,YHL024W,0,-3.7111483,0.10093554854393005,0.9710000157356262,0.8648999929428101
YJL219W,YML115C,0,-3.7112968,0.10092505812644958,0.9710000157356262,0.8650000095367432
YHR007C,YLR032W,0,-3.7117372,0.10091456770896912,0.9710000157356262,0.8651000261306763
YNL071W,YNL066W,0,-3.7118287,0.10090408474206924,0.9710000157356262,0.8651999831199646
YLR427W,YOR348C,0,-3.7121851,0.10089360177516937,0.9710000157356262,0.8652999997138977
YDR470C,YHR176W,0,-3.712792,0.1008831188082695,0.9710000157356262,0.8654000163078308
YKL189W,YAL038W,0,-3.7128024,0.10087263584136963,0.9710000157356262,0.8654999732971191
YDL223C,YGR241C,0,-3.7129471,0.10086216032505035,0.9710000157356262,0.8655999898910522
YGR004W,YCR020C,0,-3.7132723,0.10085168480873108,0.9710000157356262,0.8657000064849854
YGR209C,YER036C,0,-3.713319,0.1008412092924118,0.9710000157356262,0.8658000230789185
YNL287W,YBL099W,0,-3.713893,0.10083073377609253,0.9710000157356262,0.8658999800682068
YER052C,YHR176W,0,-3.714643,0.10082026571035385,0.9710000157356262,0.8659999966621399
YLR324W,YKL068W,0,-3.714668,0.10080979764461517,0.9710000157356262,0.866100013256073
YCL067C,YAL068C,0,-3.714703,0.10079933702945709,0.9710000157356262,0.8661999702453613
YBR135W,YDR299W,0,-3.7160313,0.10078887641429901,0.9710000157356262,0.8662999868392944
YPR108W,YAL023C,0,-3.7165246,0.10077840834856033,0.9710000157356262,0.8664000034332275
YKL189W,YLL036C,0,-3.716686,0.10076795518398285,0.9710000157356262,0.8665000200271606
YBR017C,YML001W,0,-3.716932,0.10075749456882477,0.9710000157356262,0.866599977016449
YLR136C,YDR472W,0,-3.71707,0.10074704140424728,0.9710000157356262,0.8666999936103821
YLR291C,YGR038W,0,-3.7171283,0.1007365882396698,0.9710000157356262,0.8668000102043152
YEL020W-A,YLR130C,0,-3.7172117,0.10072614252567291,0.9710000157356262,0.8669000267982483
YKL188C,YKL120W,0,-3.717512,0.10071569681167603,0.9710000157356262,0.8669999837875366
YOR043W,YGL191W,0,-3.717789,0.10070525109767914,0.9710000157356262,0.8671000003814697
YGR044C,YDR463W,0,-3.7179925,0.10069480538368225,0.9710000157356262,0.8672000169754028
YLR150W,YKL119C,0,-3.7181888,0.10068435966968536,0.9710000157356262,0.8672999739646912
YNL156C,YPL094C,0,-3.718533,0.10067392140626907,0.9710000157356262,0.8673999905586243
YGL096W,YML075C,0,-3.7185726,0.10066349059343338,0.9710000157356262,0.8675000071525574
YML042W,YDL108W,0,-3.718791,0.10065305233001709,0.9710000157356262,0.8676000237464905
YIL021W,YLR172C,0,-3.7190597,0.1006426215171814,0.9710000157356262,0.8676999807357788
YKR067W,YGL129C,0,-3.7200093,0.1006321907043457,0.9710000157356262,0.8677999973297119
YHL028W,YER036C,0,-3.7205265,0.10062175989151001,0.9710000157356262,0.867900013923645
YKL143W,YDL188C,0,-3.7205544,0.10061133652925491,0.9710000157356262,0.8679999709129333
YFL060C,YJR137C,0,-3.720869,0.10060091316699982,0.9710000157356262,0.8680999875068665
YJR112W,YMR179W,0,-3.7209215,0.10059048980474472,0.9710000157356262,0.8682000041007996
YGR103W,YOR043W,0,-3.7212005,0.10058007389307022,0.9710000157356262,0.8683000206947327
YLR163C,YPL094C,0,-3.7222753,0.10056965053081512,0.9710000157356262,0.868399977684021
YLR449W,YDR224C,1,-3.7227645,0.10066279768943787,0.972000002861023,0.868399977684021
YOR253W,YOR116C,0,-3.72298,0.10065237432718277,0.972000002861023,0.8684999942779541
YGL153W,YPL179W,0,-3.7230978,0.10064195841550827,0.972000002861023,0.8686000108718872
YPL084W,YCL052C,0,-3.723142,0.10063153505325317,0.972000002861023,0.8687000274658203
YJR066W,YHL020C,0,-3.7233896,0.10062111914157867,0.972000002861023,0.8687999844551086
YHL028W,YNL333W,0,-3.7233982,0.10061070322990417,0.972000002861023,0.8689000010490417
YGL181W,YKR039W,0,-3.7240891,0.10060028731822968,0.972000002861023,0.8690000176429749
YJL106W,YNL314W,0,-3.72413,0.10058987885713577,0.972000002861023,0.8690999746322632
YDL007W,YGR178C,0,-3.7245889,0.10057947039604187,0.972000002861023,0.8691999912261963
YCL044C,YLR453C,0,-3.7248175,0.10056906193494797,0.972000002861023,0.8693000078201294
YMR133W,YGR204W,0,-3.725794,0.10055866092443466,0.972000002861023,0.8694000244140625
YGR077C,YGL096W,0,-3.7263923,0.10054825991392136,0.972000002861023,0.8694999814033508
YAR015W,YNL292W,0,-3.7285814,0.10053785890340805,0.972000002861023,0.8695999979972839
YDR025W,YOR372C,0,-3.7291842,0.10052745789289474,0.972000002861023,0.869700014591217
YDL024C,YHL020C,0,-3.7295225,0.10051706433296204,0.972000002861023,0.8697999715805054
YNR033W,YOR187W,0,-3.72961,0.10050667077302933,0.972000002861023,0.8698999881744385
YCL034W,YCR018C,0,-3.730151,0.10049627721309662,0.972000002861023,0.8700000047683716
YHR123W,YNR057C,0,-3.730231,0.1004858911037445,0.972000002861023,0.8701000213623047
YDR038C,YIL143C,0,-3.7305472,0.1004755049943924,0.972000002861023,0.870199978351593
YER143W,YOR116C,0,-3.73075,0.10046511888504028,0.972000002861023,0.8702999949455261
YER104W,YER103W,0,-3.7309499,0.10045473277568817,0.972000002861023,0.8704000115394592
YBR265W,YKL014C,0,-3.7313893,0.10044435411691666,0.972000002861023,0.8705000281333923
YLR172C,YML046W,0,-3.7313905,0.10043397545814514,0.972000002861023,0.8705999851226807
YML067C,YLL038C,0,-3.7315683,0.10042359679937363,0.972000002861023,0.8707000017166138
YCR005C,YGL038C,0,-3.7329092,0.10041322559118271,0.972000002861023,0.8708000183105469
YOL109W,YOR348C,0,-3.7329407,0.10040285438299179,0.972000002861023,0.8708999752998352
YKL145W,YDR492W,0,-3.7333608,0.10039248317480087,0.972000002861023,0.8709999918937683
YLR221C,YLR466W,0,-3.734183,0.10038211196660995,0.972000002861023,0.8711000084877014
YIL125W,YNL038W,0,-3.7344646,0.10037174820899963,0.972000002861023,0.8712000250816345
YGR103W,YPL037C,0,-3.7344894,0.10036138445138931,0.972000002861023,0.8712999820709229
YBL099W,YOL097C,0,-3.7346385,0.10035102069377899,0.972000002861023,0.871399998664856
YDL046W,YDR449C,0,-3.7351172,0.10034066438674927,0.972000002861023,0.8715000152587891
YNL156C,YJR021C,0,-3.7352352,0.10033030807971954,0.972000002861023,0.8715999722480774
YDR342C,YLR092W,0,-3.7354112,0.10031995177268982,0.972000002861023,0.8716999888420105
YGL187C,YDR054C,0,-3.7354808,0.1003095954656601,0.972000002861023,0.8718000054359436
YBL030C,YHL024W,0,-3.7355247,0.10029924660921097,0.972000002861023,0.8719000220298767
YHR065C,YKR050W,0,-3.73601,0.10028889775276184,0.972000002861023,0.871999979019165
YHL028W,YML115C,0,-3.7363045,0.10027854889631271,0.972000002861023,0.8720999956130981
YPL217C,YIL125W,0,-3.7364905,0.10026820749044418,0.972000002861023,0.8722000122070312
YLR172C,YPL019C,0,-3.7365856,0.10025786608457565,0.972000002861023,0.8723000288009644
YBR070C,YGR257C,0,-3.736969,0.10024752467870712,0.972000002861023,0.8723999857902527
YKR026C,YDL092W,0,-3.737023,0.10023718327283859,0.972000002861023,0.8725000023841858
YDL174C,YKL201C,0,-3.7373533,0.10022684931755066,0.972000002861023,0.8726000189781189
YOR174W,YHR176W,0,-3.737475,0.10021651536226273,0.972000002861023,0.8726999759674072
YML057W,YER009W,0,-3.7378225,0.10020618885755539,0.972000002861023,0.8727999925613403
YDR294C,YOR381W,0,-3.7380352,0.10019585490226746,0.972000002861023,0.8729000091552734
YCR005C,YML006C,0,-3.7383816,0.10018552839756012,0.972000002861023,0.8730000257492065
YKL145W,YOR341W,0,-3.7386718,0.10017520189285278,0.972000002861023,0.8730999827384949
YGR162W,YLR362W,0,-3.7394414,0.10016488283872604,0.972000002861023,0.873199999332428
YNR058W,YGR172C,0,-3.7394862,0.10015455633401871,0.972000002861023,0.8733000159263611
YHR206W,YNL333W,0,-3.7396274,0.10014423727989197,0.972000002861023,0.8733999729156494
YLR430W,YHR123W,0,-3.7402272,0.10013392567634583,0.972000002861023,0.8734999895095825
YJL116C,YDL005C,0,-3.7408814,0.10012360662221909,0.972000002861023,0.8736000061035156
YDR120C,YPL057C,0,-3.7409048,0.10011329501867294,0.972000002861023,0.8737000226974487
YLR136C,YOR081C,0,-3.7412295,0.1001029834151268,0.972000002861023,0.8737999796867371
YGR175C,YJL029C,0,-3.7412598,0.10009267926216125,0.972000002861023,0.8738999962806702
YGL133W,YKR042W,1,-3.741294,0.1001853346824646,0.9729999899864197,0.8738999962806702
YJL222W,YKL141W,0,-3.7416506,0.10017502307891846,0.9729999899864197,0.8740000128746033
YER118C,YJR052W,0,-3.7418268,0.10016471147537231,0.9729999899864197,0.8741000294685364
YOL097C,YDL092W,0,-3.7423642,0.10015439987182617,0.9729999899864197,0.8741999864578247
YDR043C,YNL073W,0,-3.7433043,0.10014409571886063,0.9729999899864197,0.8743000030517578
YJL201W,YKR039W,0,-3.743653,0.10013378411531448,0.9729999899864197,0.8744000196456909
YGL181W,YAR015W,0,-3.7440243,0.10012347996234894,0.9729999899864197,0.8744999766349792
YEL013W,YNR007C,0,-3.7440257,0.10011318325996399,0.9729999899864197,0.8745999932289124
YAL038W,YKR035W-A,0,-3.7449307,0.10010287910699844,0.9729999899864197,0.8747000098228455
YGR286C,YKR085C,0,-3.7456722,0.1000925824046135,0.9729999899864197,0.8748000264167786
YGR209C,YMR135C,0,-3.745874,0.10008228570222855,0.9729999899864197,0.8748999834060669
YOR388C,YGR204W,0,-3.7462387,0.1000719964504242,0.9729999899864197,0.875
YGL213C,YHR133C,0,-3.7467666,0.10006169974803925,0.9729999899864197,0.8751000165939331
YOL086C,YCL011C,0,-3.7479982,0.1000514104962349,0.9729999899864197,0.8751999735832214
YMR303C,YJL041W,0,-3.748176,0.10004112869501114,0.9729999899864197,0.8752999901771545
YPR175W,YPL095C,0,-3.7482898,0.10003083944320679,0.9729999899864197,0.8754000067710876
YLR466W,YNL256W,0,-3.7486463,0.10002055764198303,0.9729999899864197,0.8755000233650208
YLR409C,YDL092W,0,-3.7489548,0.10001027584075928,0.9729999899864197,0.8755999803543091
YJL106W,YNL015W,0,-3.7494502,0.10000000149011612,0.9729999899864197,0.8756999969482422
YOR020C,YLR130C,0,-3.749506,0.09998972713947296,0.9729999899864197,0.8758000135421753
YAL068C,YNL036W,0,-3.750051,0.0999794527888298,0.9729999899864197,0.8758999705314636
YML041C,YPL047W,1,-3.7501335,0.10007192194461823,0.9739999771118164,0.8758999705314636
YEL012W,YOR120W,0,-3.7504663,0.10006164014339447,0.9739999771118164,0.8759999871253967
YKL007W,YPR125W,0,-3.7509644,0.10005135834217072,0.9739999771118164,0.8761000037193298
YDR264C,YLL027W,0,-3.7511616,0.10004108399152756,0.9739999771118164,0.8762000203132629
YHR069C,YPR021C,0,-3.7512197,0.1000308096408844,0.9739999771118164,0.8762999773025513
YGL047W,YMR163C,0,-3.7514358,0.10002053529024124,0.9739999771118164,0.8763999938964844
YFR047C,YFL058W,0,-3.7519224,0.10001026839017868,0.9739999771118164,0.8765000104904175
YJL173C,YBR118W,0,-3.7528005,0.10000000149011612,0.9739999771118164,0.8766000270843506
YOL033W,YJL157C,0,-3.7532024,0.09998973459005356,0.9739999771118164,0.8766999840736389
YDR513W,YDL201W,0,-3.7533472,0.099979467689991,0.9739999771118164,0.876800000667572
YGR103W,YGL051W,0,-3.753389,0.09996920824050903,0.9739999771118164,0.8769000172615051
YDL153C,YDR225W,1,-3.7535298,0.1000615730881691,0.9750000238418579,0.8769000172615051
YNR043W,YER009W,0,-3.7538147,0.10005130618810654,0.9750000238418579,0.8769999742507935
YNL048W,YJR105W,0,-3.7540743,0.10004103928804398,0.9750000238418579,0.8770999908447266
YFL055W,YOR150W,0,-3.754077,0.10003077983856201,0.9750000238418579,0.8772000074386597
YJL116C,YBL099W,0,-3.7541013,0.10002052038908005,0.9750000238418579,0.8773000240325928
YDR071C,YKR042W,1,-3.754499,0.10011283308267593,0.9760000109672546,0.8773000240325928
YGR253C,YLR126C,0,-3.7547145,0.10010256618261337,0.9760000109672546,0.8773999810218811
YLR039C,YPL037C,0,-3.754839,0.10009229928255081,0.9760000109672546,0.8774999976158142
YDR512C,YDR395W,0,-3.7549837,0.10008203238248825,0.9760000109672546,0.8776000142097473
YOR261C,YNR043W,0,-3.7550054,0.10007177293300629,0.9760000109672546,0.8776999711990356
YDR508C,YDR465C,0,-3.7550611,0.10006151348352432,0.9760000109672546,0.8777999877929688
YBL007C,YNR007C,0,-3.7552018,0.10005125403404236,0.9760000109672546,0.8779000043869019
YNL001W,YDR449C,0,-3.755481,0.10004100203514099,0.9760000109672546,0.878000020980835
YLR136C,YNL283C,0,-3.7562528,0.10003075003623962,0.9760000109672546,0.8780999779701233
YPR143W,YLR150W,0,-3.7564018,0.10002049803733826,0.9760000109672546,0.8781999945640564
YMR023C,YJL012C,0,-3.757275,0.10001024603843689,0.9760000109672546,0.8783000111579895
YKR082W,YER009W,0,-3.7573137,0.10000000149011612,0.9760000109672546,0.8784000277519226
YOR173W,YJL095W,0,-3.7584803,0.09998975694179535,0.9760000109672546,0.8784999847412109
YNL049C,YGL187C,0,-3.7590802,0.09997951239347458,0.9760000109672546,0.878600001335144
YDR225W,YLR357W,1,-3.7591915,0.10007169842720032,0.9769999980926514,0.878600001335144
YIL052C,YHR164C,0,-3.760046,0.10006145387887955,0.9769999980926514,0.8787000179290771
YDR517W,YMR030W,0,-3.7602706,0.10005120187997818,0.9769999980926514,0.8787999749183655
YDR043C,YGL096W,0,-3.7603233,0.10004095733165741,0.9769999980926514,0.8788999915122986
YDR395W,YCR035C,0,-3.7605295,0.10003071278333664,0.9769999980926514,0.8790000081062317
YHL028W,YPR010C,0,-3.760604,0.10002047568559647,0.9769999980926514,0.8791000247001648
YDL174C,YGL096W,0,-3.7606907,0.10001023858785629,0.9769999980926514,0.8791999816894531
YPR125W,YPR110C,0,-3.7609162,0.10000000149011612,0.9769999980926514,0.8792999982833862
YJR156C,YGL113W,0,-3.7609558,0.09998976439237595,0.9769999980926514,0.8794000148773193
YNL015W,YOR372C,0,-3.7610736,0.09997953474521637,0.9769999980926514,0.8794999718666077
YER056C,YPR107C,0,-3.7619538,0.0999693050980568,0.9769999980926514,0.8795999884605408
YPR024W,YER027C,0,-3.7621017,0.09995907545089722,0.9769999980926514,0.8797000050544739
YNL036W,YIL007C,0,-3.7621026,0.09994884580373764,0.9769999980926514,0.879800021648407
YPL092W,YPL213W,0,-3.7621627,0.09993862360715866,0.9769999980926514,0.8798999786376953
YBR126C,YGL183C,0,-3.762292,0.09992840141057968,0.9769999980926514,0.8799999952316284
YJR059W,YDL201W,0,-3.762404,0.0999181866645813,0.9769999980926514,0.8801000118255615
YOR253W,YPL187W,0,-3.763134,0.09990796446800232,0.9769999980926514,0.8802000284194946
YPL115C,YLR080W,0,-3.763735,0.09989774972200394,0.9769999980926514,0.880299985408783
YGL104C,YPL187W,0,-3.7638192,0.09988753497600555,0.9769999980926514,0.8804000020027161
YBL011W,YHL020C,0,-3.7642217,0.09987732768058777,0.9769999980926514,0.8805000185966492
YNL163C,YMR025W,0,-3.764544,0.09986711293458939,0.9769999980926514,0.8805999755859375
YLR150W,YKL082C,0,-3.7652402,0.0998569056391716,0.9769999980926514,0.8806999921798706
YAL038W,YOR143C,0,-3.7662735,0.09984670579433441,0.9769999980926514,0.8808000087738037
YOR327C,YGR044C,0,-3.766616,0.09983649849891663,0.9769999980926514,0.8809000253677368
YMR309C,YMR030W,0,-3.76669,0.09982629865407944,0.9769999980926514,0.8809999823570251
YDR023W,YJR143C,0,-3.7672534,0.09981609880924225,0.9769999980926514,0.8810999989509583
YLR398C,YOR178C,0,-3.7674239,0.09980590641498566,0.9769999980926514,0.8812000155448914
YLR409C,YLR362W,0,-3.767943,0.09979570657014847,0.9769999980926514,0.8812999725341797
YLR330W,YDR092W,0,-3.7679906,0.09978551417589188,0.9769999980926514,0.8813999891281128
YOR231W,YNR007C,0,-3.7686427,0.09977532923221588,0.9769999980926514,0.8815000057220459
YDR060W,YDR492W,0,-3.7692711,0.09976513683795929,0.9769999980926514,0.881600022315979
YGR288W,YKL026C,0,-3.7692842,0.0997549518942833,0.9769999980926514,0.8816999793052673
YDL224C,YML118W,0,-3.7702496,0.0997447669506073,0.9769999980926514,0.8817999958992004
YML067C,YPL095C,0,-3.770905,0.0997345820069313,0.9769999980926514,0.8819000124931335
YHR170W,YPL267W,0,-3.7711663,0.09972440451383591,0.9769999980926514,0.8820000290870667
YKL057C,YLR466W,0,-3.771224,0.09971422702074051,0.9769999980926514,0.882099986076355
YLR150W,YOL100W,0,-3.7714746,0.09970404952764511,0.9769999980926514,0.8822000026702881
YDL046W,YCR020C,0,-3.7723086,0.09969387948513031,0.9769999980926514,0.8823000192642212
YGR209C,YLR398C,0,-3.7726376,0.09968370944261551,0.9769999980926514,0.8823999762535095
YOR156C,YLR189C,0,-3.7729602,0.09967353940010071,0.9769999980926514,0.8824999928474426
YHR065C,YLR130C,0,-3.7731442,0.09966336935758591,0.9769999980926514,0.8826000094413757
YGR286C,YOR316C,0,-3.77353,0.0996531993150711,0.9769999980926514,0.8827000260353088
YOR208W,YOR122C,0,-3.773779,0.0996430367231369,0.9769999980926514,0.8827999830245972
YJR047C,YER021W,0,-3.7747216,0.0996328741312027,0.9769999980926514,0.8828999996185303
YGR142W,YIL101C,0,-3.775003,0.09962271898984909,0.9769999980926514,0.8830000162124634
YLR154C,YLL038C,0,-3.7752428,0.09961256384849548,0.9769999980926514,0.8830999732017517
YNL002C,YML006C,0,-3.7759292,0.09960240870714188,0.9769999980926514,0.8831999897956848
YNL002C,YDR447C,0,-3.775934,0.09959225356578827,0.9769999980926514,0.8833000063896179
YPL037C,YMR093W,0,-3.7763157,0.09958209842443466,0.9769999980926514,0.883400022983551
YER052C,YBR173C,0,-3.776331,0.09957195073366165,0.9769999980926514,0.8834999799728394
YPL204W,YFR050C,0,-3.776506,0.09956180304288864,0.9769999980926514,0.8835999965667725
YJR132W,YER009W,0,-3.7769587,0.09955166280269623,0.9769999980926514,0.8837000131607056
YNL156C,YDR079W,0,-3.7772417,0.09954151511192322,0.9769999980926514,0.8838000297546387
YJR077C,YOR047C,0,-3.7773294,0.0995313748717308,0.9769999980926514,0.883899986743927
YPL213W,YNL073W,0,-3.7773986,0.09952124208211899,0.9769999980926514,0.8840000033378601
YBL099W,YPR101W,0,-3.7777228,0.09951110184192657,0.9769999980926514,0.8841000199317932
YDR508C,YGL225W,0,-3.7780678,0.09950096905231476,0.9769999980926514,0.8841999769210815
YER143W,YHR164C,0,-3.7792673,0.09949083626270294,0.9769999980926514,0.8842999935150146
YLR165C,YGR142W,0,-3.7793307,0.09948070347309113,0.9769999980926514,0.8844000101089478
YOR279C,YNL135C,1,-3.7798815,0.09957239031791687,0.9779999852180481,0.8844000101089478
YGR044C,YNL073W,0,-3.7802527,0.09956225007772446,0.9779999852180481,0.8845000267028809
YPR010C,YOL111C,0,-3.7803273,0.09955211728811264,0.9779999852180481,0.8845999836921692
YBR126C,YNL048W,0,-3.7810435,0.09954198449850082,0.9779999852180481,0.8847000002861023
YER157W,YML118W,0,-3.781065,0.09953185170888901,0.9779999852180481,0.8848000168800354
YML130C,YLL027W,0,-3.7815108,0.09952172636985779,0.9779999852180481,0.8848999738693237
YGL158W,YDR470C,0,-3.7816043,0.09951160103082657,0.9779999852180481,0.8849999904632568
YEL012W,YHR190W,0,-3.7825007,0.09950147569179535,0.9779999852180481,0.8851000070571899
YOR020C,YBR017C,0,-3.78333,0.09949135035276413,0.9779999852180481,0.885200023651123
YKL084W,YBR126C,0,-3.7838647,0.09948123246431351,0.9779999852180481,0.8852999806404114
YPL036W,YOR341W,0,-3.7842894,0.09947111457586288,0.9779999852180481,0.8853999972343445
YHR066W,YNL156C,0,-3.7843492,0.09946099668741226,0.9779999852180481,0.8855000138282776
YLR165C,YJL219W,0,-3.7845068,0.09945088624954224,0.9779999852180481,0.8855999708175659
YOR058C,YHR094C,0,-3.7845542,0.09944077581167221,0.9779999852180481,0.885699987411499
YDL159W,YPL187W,0,-3.7846086,0.09943066537380219,0.9779999852180481,0.8858000040054321
YJL116C,YJL140W,0,-3.7849712,0.09942055493593216,0.9779999852180481,0.8859000205993652
YLR055C,YDL024C,0,-3.7853703,0.09941045194864273,0.9779999852180481,0.8859999775886536
YML074C,YLR409C,0,-3.7856462,0.0994003489613533,0.9779999852180481,0.8860999941825867
YGR289C,YDR016C,0,-3.787384,0.09939024597406387,0.9779999852180481,0.8862000107765198
YML067C,YIL101C,0,-3.7874405,0.09938014298677444,0.9779999852180481,0.8863000273704529
YFR047C,YMR165C,0,-3.7878218,0.09937004745006561,0.9779999852180481,0.8863999843597412
YKL141W,YLR167W,0,-3.7879093,0.09935995191335678,0.9779999852180481,0.8865000009536743
YBR135W,YMR299C,0,-3.7887077,0.09934985637664795,0.9779999852180481,0.8866000175476074
YHR164C,YKL201C,0,-3.788776,0.09933976829051971,0.9779999852180481,0.8866999745368958
YOL086C,YML036W,0,-3.7888308,0.09932968020439148,0.9779999852180481,0.8867999911308289
YMR081C,YML019W,0,-3.788865,0.09931959211826324,0.9779999852180481,0.886900007724762
YBR247C,YGL038C,0,-3.7893002,0.09930950403213501,0.9779999852180481,0.8870000243186951
YJL219W,YJR121W,0,-3.7895634,0.09929942339658737,0.9779999852180481,0.8870999813079834
YNR058W,YBR214W,0,-3.7902434,0.09928934276103973,0.9779999852180481,0.8871999979019165
YMR322C,YER021W,0,-3.7919028,0.0992792621254921,0.9779999852180481,0.8873000144958496
YLR449W,YLL004W,1,-3.7919183,0.09937068819999695,0.9789999723434448,0.8873000144958496
YOR020C,YMR207C,0,-3.792945,0.09936060011386871,0.9789999723434448,0.8873999714851379
YER036C,YDR023W,0,-3.7933502,0.09935051947832108,0.9789999723434448,0.887499988079071
YLR378C,YJL013C,0,-3.7941828,0.09934043884277344,0.9789999723434448,0.8876000046730042
YLR167W,YKL148C,0,-3.7941904,0.0993303582072258,0.9789999723434448,0.8877000212669373
YNL082W,YMR136W,0,-3.7948759,0.09932027757167816,0.9789999723434448,0.8877999782562256
YDR395W,YJL219W,0,-3.7949905,0.09931020438671112,0.9789999723434448,0.8878999948501587
YOR327C,YBR035C,0,-3.795649,0.09930013120174408,0.9789999723434448,0.8880000114440918
YCL044C,YKL052C,0,-3.795703,0.09929005801677704,0.9789999723434448,0.8881000280380249
YGR183C,YDL065C,0,-3.79666,0.0992799922823906,0.9789999723434448,0.8881999850273132
YLR167W,YGR172C,0,-3.7969332,0.09926992654800415,0.9789999723434448,0.8883000016212463
YGL187C,YOR081C,0,-3.7969427,0.0992598608136177,0.9789999723434448,0.8884000182151794
YKL141W,YOR089C,0,-3.7971826,0.09924979507923126,0.9789999723434448,0.8884999752044678
YJL219W,YDL060W,0,-3.798409,0.09923973679542542,0.9789999723434448,0.8885999917984009
YHR065C,YDR184C,0,-3.7984834,0.09922967851161957,0.9789999723434448,0.888700008392334
YML130C,YNR033W,0,-3.7988734,0.09921962022781372,0.9789999723434448,0.8888000249862671
YJL138C,YNL314W,0,-3.7990773,0.09920956939458847,0.9789999723434448,0.8888999819755554
YDR492W,YML007W,0,-3.7991662,0.09919951111078262,0.9789999723434448,0.8889999985694885
YDR088C,YAL038W,0,-3.799679,0.09918946027755737,0.9789999723434448,0.8891000151634216
YCL034W,YLR074C,0,-3.7997432,0.09917941689491272,0.9789999723434448,0.88919997215271
YDR447C,YGL028C,0,-3.7997446,0.09916936606168747,0.9789999723434448,0.8892999887466431
YFR001W,YEL042W,0,-3.8008485,0.09915932267904282,0.9789999723434448,0.8894000053405762
YCR005C,YOR341W,0,-3.801012,0.09914927929639816,0.9789999723434448,0.8895000219345093
YDR342C,YHL007C,0,-3.801283,0.0991392433643341,0.9789999723434448,0.8895999789237976
YBR126C,YDL178W,0,-3.8030117,0.09912919998168945,0.9789999723434448,0.8896999955177307
YHR007C,YGL028C,0,-3.803228,0.0991191640496254,0.9789999723434448,0.8898000121116638
YHL024W,YDL108W,0,-3.8034146,0.09910912811756134,0.9789999723434448,0.8899000287055969
YBR156C,YBR244W,0,-3.803784,0.09909909963607788,0.9789999723434448,0.8899999856948853
YOL003C,YLR340W,0,-3.8038783,0.09908907115459442,0.9789999723434448,0.8901000022888184
YPL095C,YOR187W,0,-3.8046029,0.09907904267311096,0.9789999723434448,0.8902000188827515
YER026C,YML046W,0,-3.804615,0.0990690141916275,0.9789999723434448,0.8902999758720398
YER143W,YOR040W,0,-3.8046236,0.09905899316072464,0.9789999723434448,0.8903999924659729
YCL044C,YLR396C,0,-3.8048468,0.09904896467924118,0.9789999723434448,0.890500009059906
YHR094C,YJR052W,0,-3.8050978,0.09903895109891891,0.9789999723434448,0.8906000256538391
YLR396C,YPL028W,0,-3.8051472,0.09902893006801605,0.9789999723434448,0.8906999826431274
YDR294C,YLL031C,0,-3.8053138,0.09901891648769379,0.9789999723434448,0.8907999992370605
YOR244W,YKR042W,1,-3.805586,0.09911002963781357,0.9800000190734863,0.8907999992370605
YOR237W,YBL007C,0,-3.805632,0.0991000086069107,0.9800000190734863,0.8909000158309937
YGL253W,YGR112W,0,-3.8066478,0.09908998757600784,0.9800000190734863,0.890999972820282
YDR294C,YNL071W,0,-3.806903,0.09907997399568558,0.9800000190734863,0.8910999894142151
YDR483W,YHL024W,0,-3.8073156,0.09906995296478271,0.9800000190734863,0.8912000060081482
YOR288C,YPR101W,0,-3.807672,0.09905993938446045,0.9800000190734863,0.8913000226020813
YLR291C,YLR074C,0,-3.807673,0.09904992580413818,0.9800000190734863,0.8913999795913696
YNL233W,YNL001W,0,-3.809074,0.09903991967439651,0.9800000190734863,0.8914999961853027
YJL222W,YML085C,0,-3.8091512,0.09902991354465485,0.9800000190734863,0.8916000127792358
YOR028C,YGL211W,0,-3.8102396,0.09901990741491318,0.9800000190734863,0.891700029373169
YMR292W,YKL113C,0,-3.8103456,0.09900990128517151,0.9800000190734863,0.8917999863624573
YFR047C,YJR105W,0,-3.8109593,0.09899990260601044,0.9800000190734863,0.8919000029563904
YKL189W,YPR175W,0,-3.8110814,0.09898989647626877,0.9800000190734863,0.8920000195503235
YDL046W,YMR100W,0,-3.811132,0.0989798977971077,0.9800000190734863,0.8920999765396118
YOL100W,YHR094C,0,-3.8138123,0.09896990656852722,0.9800000190734863,0.8921999931335449
YBR214W,YGR112W,0,-3.8138843,0.09895990788936615,0.9800000190734863,0.892300009727478
YIL049W,YPL036W,0,-3.8143394,0.09894991666078568,0.9800000190734863,0.8924000263214111
YGR209C,YGL225W,0,-3.8152752,0.0989399328827858,0.9800000190734863,0.8924999833106995
YER026C,YDR255C,0,-3.8156424,0.09892994165420532,0.9800000190734863,0.8925999999046326
YDL247W,YHR206W,0,-3.8161292,0.09891995787620544,0.9800000190734863,0.8927000164985657
YGR029W,YMR303C,0,-3.8161898,0.09890997409820557,0.9800000190734863,0.892799973487854
YLL036C,YDR449C,0,-3.8164616,0.09889999032020569,0.9800000190734863,0.8928999900817871
YOR244W,YNL135C,1,-3.8165717,0.09899091720581055,0.9810000061988831,0.8928999900817871
YER062C,YJR043C,0,-3.8171287,0.09898093342781067,0.9810000061988831,0.8930000066757202
YNR007C,YPR088C,0,-3.817234,0.0989709421992302,0.9810000061988831,0.8931000232696533
YDR436W,YLR047C,0,-3.817923,0.09896095842123032,0.9810000061988831,0.8931999802589417
YPR009W,YAL059W,0,-3.8184538,0.09895098209381104,0.9810000061988831,0.8932999968528748
YGR044C,YOR054C,0,-3.8184898,0.09894099831581116,0.9810000061988831,0.8934000134468079
YJR035W,YML052W,0,-3.8189194,0.09893102198839188,0.9810000061988831,0.8934999704360962
YBR117C,YJR013W,0,-3.8190794,0.0989210456609726,0.9810000061988831,0.8935999870300293
YER104W,YDR447C,0,-3.8191795,0.09891106933355331,0.9810000061988831,0.8937000036239624
YOR047C,YKL148C,0,-3.8193257,0.09890110045671463,0.9810000061988831,0.8938000202178955
YJR066W,YOR348C,0,-3.8195271,0.09889113157987595,0.9810000061988831,0.8938999772071838
YHR069C,YCR063W,0,-3.8195329,0.09888116270303726,0.9810000061988831,0.8939999938011169
YKL201C,YHR133C,0,-3.820068,0.09887119382619858,0.9810000061988831,0.89410001039505
YGL254W,YMR267W,0,-3.8204882,0.09886123239994049,0.9810000061988831,0.8942000269889832
YNL071W,YIL052C,0,-3.8210034,0.0988512709736824,0.9810000061988831,0.8942999839782715
YOL065C,YER103W,0,-3.8210773,0.09884130954742432,0.9810000061988831,0.8944000005722046
YMR302C,YNR003C,0,-3.8212667,0.09883135557174683,0.9810000061988831,0.8945000171661377
YOL086C,YER143W,0,-3.8215065,0.09882139414548874,0.9810000061988831,0.894599974155426
YNL071W,YPR101W,0,-3.821662,0.09881144016981125,0.9810000061988831,0.8946999907493591
YAL020C,YLR276C,0,-3.821832,0.09880149364471436,0.9810000061988831,0.8948000073432922
YFR047C,YGR245C,0,-3.8227932,0.09879153966903687,0.9810000061988831,0.8949000239372253
YNL036W,YIL101C,0,-3.8230715,0.09878159314393997,0.9810000061988831,0.8949999809265137
YJL222W,YBR247C,0,-3.8232656,0.09877164661884308,0.9810000061988831,0.8950999975204468
YKL201C,YNR057C,0,-3.824231,0.09876170009374619,0.9810000061988831,0.8952000141143799
YMR125W,YIL007C,0,-3.8248675,0.09875176101922989,0.9810000061988831,0.8952999711036682
YER061C,YGL191W,0,-3.824902,0.09874182194471359,0.9810000061988831,0.8953999876976013
YPL036W,YCL029C,0,-3.8255534,0.0987318828701973,0.9810000061988831,0.8955000042915344
YDR184C,YOL065C,0,-3.825643,0.0987219512462616,0.9810000061988831,0.8956000208854675
YBL011W,YLR080W,0,-3.8257453,0.0987120121717453,0.9810000061988831,0.8956999778747559
YER143W,YOL076W,0,-3.825776,0.0987020805478096,0.9810000061988831,0.895799994468689
YLR221C,YLL036C,0,-3.8258142,0.0986921563744545,0.9810000061988831,0.8959000110626221
YNL287W,YBR188C,0,-3.8258913,0.0986822247505188,0.9810000061988831,0.8960000276565552
YOL100W,YPL028W,0,-3.82625,0.0986723005771637,0.9810000061988831,0.8960999846458435
YJR147W,YML007W,0,-3.826777,0.0986623764038086,0.9810000061988831,0.8962000012397766
YDR060W,YKL013C,0,-3.8278232,0.09865245223045349,0.9810000061988831,0.8963000178337097
YPR073C,YNR013C,0,-3.8279796,0.09864253550767899,0.9810000061988831,0.896399974822998
YDR395W,YNL333W,0,-3.8289278,0.09863261878490448,0.9810000061988831,0.8964999914169312
YJL222W,YDL051W,0,-3.8292766,0.09862270206212997,0.9810000061988831,0.8966000080108643
YHR066W,YGL211W,0,-3.829633,0.09861278533935547,0.9810000061988831,0.8967000246047974
YKL141W,YCL034W,0,-3.829936,0.09860287606716156,0.9810000061988831,0.8967999815940857
YER145C,YKR039W,0,-3.830429,0.09859296679496765,0.9810000061988831,0.8968999981880188
YHR143W,YMR125W,0,-3.8304296,0.09858305752277374,0.9810000061988831,0.8970000147819519
YOL100W,YML024W,0,-3.8306503,0.09857314825057983,0.9810000061988831,0.8970999717712402
YBR070C,YDR449C,0,-3.831258,0.09856324642896652,0.9810000061988831,0.8971999883651733
YBL007C,YHL024W,0,-3.8313653,0.09855334460735321,0.9810000061988831,0.8973000049591064
YJR094C,YDR449C,0,-3.8318815,0.0985434427857399,0.9810000061988831,0.8974000215530396
YER062C,YLR362W,0,-3.8319268,0.09853354841470718,0.9810000061988831,0.8974999785423279
YBL082C,YBL015W,0,-3.832416,0.09852365404367447,0.9810000061988831,0.897599995136261
YJL138C,YCR035C,0,-3.8325515,0.09851375967264175,0.9810000061988831,0.8977000117301941
YNL015W,YIL101C,0,-3.8337119,0.09850386530160904,0.9810000061988831,0.8978000283241272
YPL164C,YCL034W,0,-3.833827,0.09849397838115692,0.9810000061988831,0.8978999853134155
YOR020C,YHR088W,0,-3.833988,0.0984840914607048,0.9810000061988831,0.8980000019073486
YAL023C,YPR049C,0,-3.8343272,0.09847420454025269,0.9810000061988831,0.8981000185012817
YBR135W,YCR020C-A,0,-3.8347826,0.09846431761980057,0.9810000061988831,0.8981999754905701
YOR363C,YJR137C,0,-3.834868,0.09845443814992905,0.9810000061988831,0.8982999920845032
YOR279C,YKR042W,1,-3.8352332,0.09854491055011749,0.9819999933242798,0.8982999920845032
YNL066W,YJR121W,0,-3.835459,0.09853501617908478,0.9819999933242798,0.8984000086784363
YNL133C,YMR241W,0,-3.836041,0.09852512925863266,0.9819999933242798,0.8985000252723694
YMR081C,YFR050C,0,-3.8362522,0.09851524978876114,0.9819999933242798,0.8985999822616577
YGR195W,YAL038W,0,-3.8362663,0.09850537031888962,0.9819999933242798,0.8986999988555908
YDL247W,YKL046C,0,-3.8363986,0.0984954833984375,0.9819999933242798,0.8988000154495239
YJL110C,YOR288C,0,-3.836414,0.09848561137914658,0.9819999933242798,0.8988999724388123
YKL007W,YJR013W,0,-3.8364978,0.09847573190927505,0.9819999933242798,0.8989999890327454
YGR037C,YPL176C,0,-3.837352,0.09846585988998413,0.9819999933242798,0.8991000056266785
YNL287W,YCR020C,0,-3.8375087,0.0984559878706932,0.9819999933242798,0.8992000222206116
YPL015C,YER120W,1,-3.8377926,0.09854636341333389,0.9829999804496765,0.8992000222206116
YGL133W,YER120W,1,-3.8380342,0.09863673150539398,0.984000027179718,0.8992000222206116
YER052C,YOR327C,0,-3.8382185,0.09862684458494186,0.984000027179718,0.8992999792098999
YJL219W,YJR156C,0,-3.8383636,0.09861695766448975,0.984000027179718,0.899399995803833
YDR255C,YCL052C,0,-3.8384051,0.09860707819461823,0.984000027179718,0.8995000123977661
YML043C,YDL207W,0,-3.8385658,0.09859719127416611,0.984000027179718,0.8996000289916992
YKL141W,YDR138W,0,-3.8386402,0.09858731925487518,0.984000027179718,0.8996999859809875
YBL030C,YDR513W,0,-3.8387048,0.09857743978500366,0.984000027179718,0.8998000025749207
YGL187C,YDR115W,0,-3.8391309,0.09856756776571274,0.984000027179718,0.8999000191688538
YLR453C,YGL253W,0,-3.839232,0.09855769574642181,0.984000027179718,0.8999999761581421
YOR316C,YNL066W,0,-3.840583,0.09854782372713089,0.984000027179718,0.9000999927520752
YMR093W,YKR099W,0,-3.8409147,0.09853795170783997,0.984000027179718,0.9002000093460083
YMR048W,YOR348C,0,-3.8409638,0.09852808713912964,0.984000027179718,0.9003000259399414
YGL133W,YDR225W,1,-3.841407,0.09861834347248077,0.9850000143051147,0.9003000259399414
YER056C,YPR024W,0,-3.8419406,0.09860847145318985,0.9850000143051147,0.9003999829292297
YDL113C,YJL106W,0,-3.8420048,0.09859859943389893,0.9850000143051147,0.9004999995231628
YGL187C,YML052W,0,-3.8430548,0.098588727414608,0.9850000143051147,0.900600016117096
YPL095C,YHR190W,0,-3.8443797,0.09857886284589767,0.9850000143051147,0.9006999731063843
YKL204W,YOR120W,0,-3.8444927,0.09856899827718735,0.9850000143051147,0.9007999897003174
YKR037C,YDR492W,0,-3.844645,0.09855913370847702,0.9850000143051147,0.9009000062942505
YCL034W,YNR060W,0,-3.8447027,0.09854927659034729,0.9850000143051147,0.9010000228881836
YGL158W,YJL110C,0,-3.8452034,0.09853941947221756,0.9850000143051147,0.9010999798774719
YKL052C,YMR128W,0,-3.8465552,0.09852956235408783,0.9850000143051147,0.901199996471405
YDR513W,YPL019C,0,-3.846982,0.0985197052359581,0.9850000143051147,0.9013000130653381
YDL223C,YGL168W,0,-3.8471959,0.09850984811782837,0.9850000143051147,0.9014000296592712
YER044C-A,YDL159W,0,-3.8476737,0.09849999845027924,0.9850000143051147,0.9014999866485596
YOR040W,YCR077C,0,-3.848371,0.0984901487827301,0.9850000143051147,0.9016000032424927
YLR200W,YGL191W,0,-3.8489494,0.09848030656576157,0.9850000143051147,0.9017000198364258
YDR025W,YDR069C,0,-3.8497684,0.09847045689821243,0.9850000143051147,0.9017999768257141
YJL112W,YLR167W,0,-3.849865,0.0984606146812439,0.9850000143051147,0.9018999934196472
YMR303C,YJR059W,0,-3.8501787,0.09845077246427536,0.9850000143051147,0.9020000100135803
YOL086C,YDR099W,0,-3.8501945,0.09844093769788742,0.9850000143051147,0.9021000266075134
YMR135C,YDR323C,0,-3.85041,0.09843109548091888,0.9850000143051147,0.9021999835968018
YPL243W,YIL052C,0,-3.8511791,0.09842126071453094,0.9850000143051147,0.9023000001907349
YIL021W,YFL055W,0,-3.8515348,0.0984114333987236,0.9850000143051147,0.902400016784668
YIL049W,YDR342C,0,-3.8516111,0.09840159863233566,0.9850000143051147,0.9024999737739563
YIL052C,YPR010C,0,-3.8516822,0.09839177131652832,0.9850000143051147,0.9025999903678894
YPL028W,YIL101C,0,-3.8516924,0.09838194400072098,0.9850000143051147,0.9027000069618225
YFR027W,YMR136W,0,-3.8520613,0.09837211668491364,0.9850000143051147,0.9028000235557556
YOR033C,YER062C,0,-3.8523545,0.09836228936910629,0.9850000143051147,0.902899980545044
YGR289C,YLL038C,0,-3.852378,0.09835246950387955,0.9850000143051147,0.902999997138977
YHR143W,YDR447C,0,-3.8523858,0.0983426496386528,0.9850000143051147,0.9031000137329102
YDR079W,YPL232W,0,-3.8524961,0.09833283722400665,0.9850000143051147,0.9031999707221985
YHR143W,YPL092W,0,-3.8528924,0.09832301735877991,0.9850000143051147,0.9032999873161316
YPL196W,YDR192C,0,-3.8529844,0.09831320494413376,0.9850000143051147,0.9034000039100647
YER122C,YIL101C,0,-3.853391,0.09830339252948761,0.9850000143051147,0.9035000205039978
YLR144C,YNL002C,0,-3.8535855,0.09829358011484146,0.9850000143051147,0.9035999774932861
YLL008W,YAR015W,0,-3.8539648,0.09828377515077591,0.9850000143051147,0.9036999940872192
YIL153W,YGR193C,0,-3.8542986,0.09827397018671036,0.9850000143051147,0.9038000106811523
YER122C,YLR047C,0,-3.854971,0.0982641652226448,0.9850000143051147,0.9039000272750854
YML112W,YOR122C,0,-3.8551984,0.09825436770915985,0.9850000143051147,0.9039999842643738
YER002W,YLL038C,0,-3.855622,0.0982445627450943,0.9850000143051147,0.9041000008583069
YMR303C,YPL036W,0,-3.8557944,0.09823476523160934,0.9850000143051147,0.90420001745224
YGL233W,YHR176W,0,-3.856432,0.09822496771812439,0.9850000143051147,0.9042999744415283
YNL169C,YJR047C,0,-3.8568099,0.09821517765522003,0.9850000143051147,0.9043999910354614
YDR272W,YDL060W,0,-3.8570201,0.09820538014173508,0.9850000143051147,0.9045000076293945
YOR145C,YOR047C,0,-3.8579917,0.09819559007883072,0.9850000143051147,0.9046000242233276
YFR004W,YPR102C,0,-3.8581777,0.09818580746650696,0.9850000143051147,0.904699981212616
YMR135C,YBR188C,0,-3.8586102,0.0981760174036026,0.9850000143051147,0.9047999978065491
YGR175C,YNL333W,0,-3.859435,0.09816623479127884,0.9850000143051147,0.9049000144004822
YER025W,YOR208W,0,-3.8604321,0.09815645217895508,0.9850000143051147,0.9049999713897705
YMR081C,YNL233W,0,-3.8607306,0.09814666956663132,0.9850000143051147,0.9050999879837036
YHR088W,YOR122C,0,-3.8609545,0.09813689440488815,0.9850000143051147,0.9052000045776367
YLR390W-A,YDR030C,0,-3.8628428,0.09812711924314499,0.9850000143051147,0.9053000211715698
YKL141W,YPR009W,0,-3.8630736,0.09811734408140182,0.9850000143051147,0.9053999781608582
YKL049C,YPL089C,0,-3.8632772,0.09810756891965866,0.9850000143051147,0.9054999947547913
YGL253W,YLR148W,0,-3.8634539,0.0980978012084961,0.9850000143051147,0.9056000113487244
YOR317W,YER062C,0,-3.8636081,0.09808803349733353,0.9850000143051147,0.9057000279426575
YER056C,YOR207C,0,-3.8641777,0.09807826578617096,0.9850000143051147,0.9057999849319458
YOR363C,YJL019W,0,-3.8642802,0.09806849807500839,0.9850000143051147,0.9059000015258789
YDL247W,YCR005C,0,-3.8654711,0.09805873781442642,0.9850000143051147,0.906000018119812
YLR075W,YER093C,0,-3.8659654,0.09804897755384445,0.9850000143051147,0.9060999751091003
YER143W,YPL028W,0,-3.8661509,0.09803921729326248,0.9850000143051147,0.9061999917030334
YER056C,YGR238C,0,-3.866179,0.09802945703268051,0.9850000143051147,0.9063000082969666
YOR153W,YOR110W,0,-3.8667374,0.09801970422267914,0.9850000143051147,0.9064000248908997
YKL204W,YGR193C,0,-3.867105,0.09800995141267776,0.9850000143051147,0.906499981880188
YKL026C,YNR003C,0,-3.8676581,0.09800019860267639,0.9850000143051147,0.9065999984741211
YJR044C,YJL219W,0,-3.868227,0.09799045324325562,0.9850000143051147,0.9067000150680542
YDL223C,YDL092W,0,-3.8698843,0.09798070043325424,0.9850000143051147,0.9067999720573425
YKL052C,YDR503C,0,-3.8701246,0.09797095507383347,0.9850000143051147,0.9068999886512756
YGL096W,YNL073W,0,-3.8704762,0.09796120971441269,0.9850000143051147,0.9070000052452087
YNL169C,YDR492W,0,-3.8705845,0.09795147180557251,0.9850000143051147,0.9071000218391418
YOR368W,YML075C,0,-3.870885,0.09794173389673233,0.9850000143051147,0.9071999788284302
YNL091W,YML052W,0,-3.8713434,0.09793199598789215,0.9850000143051147,0.9072999954223633
YLR324W,YLR167W,0,-3.8720584,0.09792225807905197,0.9850000143051147,0.9074000120162964
YMR292W,YNL292W,0,-3.8720915,0.09791252762079239,0.9850000143051147,0.9075000286102295
YDR484W,YGL253W,0,-3.8726983,0.09790278971195221,0.9850000143051147,0.9075999855995178
YER061C,YIL007C,0,-3.8737197,0.09789306670427322,0.9850000143051147,0.9077000021934509
YDL223C,YER145C,0,-3.8738842,0.09788333624601364,0.9850000143051147,0.907800018787384
YHR007C,YOR261C,0,-3.874428,0.09787360578775406,0.9850000143051147,0.9078999757766724
YPL037C,YJR059W,0,-3.8747787,0.09786388278007507,0.9850000143051147,0.9079999923706055
YGL253W,YKR082W,0,-3.8759594,0.09785415977239609,0.9850000143051147,0.9081000089645386
YHR143W,YLR074C,0,-3.8760302,0.0978444442152977,0.9850000143051147,0.9082000255584717
YGL225W,YNL051W,0,-3.8764954,0.09783472120761871,0.9850000143051147,0.90829998254776
YDR043C,YGR037C,0,-3.8765843,0.09782500565052032,0.9850000143051147,0.9083999991416931
YEL042W,YPL036W,0,-3.8771205,0.09781529009342194,0.9850000143051147,0.9085000157356262
YAL059W,YLR047C,0,-3.8779206,0.09780558198690414,0.9850000143051147,0.9085999727249146
YMR212C,YGR044C,0,-3.8780477,0.09779586642980576,0.9850000143051147,0.9086999893188477
YML058W,YMR058W,0,-3.8781626,0.09778615832328796,0.9850000143051147,0.9088000059127808
YOR122C,YOR341W,0,-3.8793957,0.09777645766735077,0.9850000143051147,0.9089000225067139
YCR018C,YIL101C,0,-3.8798175,0.09776674956083298,0.9850000143051147,0.9089999794960022
YMR186W,YLR398C,0,-3.8800683,0.09775704890489578,0.9850000143051147,0.9090999960899353
YPL196W,YGR101W,0,-3.8802786,0.09774734824895859,0.9850000143051147,0.9092000126838684
YNL169C,YKL007W,0,-3.8805387,0.09773764759302139,0.9850000143051147,0.9093000292778015
YGR288W,YMR093W,0,-3.8806434,0.0977279469370842,0.9850000143051147,0.9093999862670898
YOR045W,YPR167C,0,-3.8807924,0.0977182537317276,0.9850000143051147,0.909500002861023
YER143W,YMR309C,0,-3.8807955,0.097708560526371,0.9850000143051147,0.909600019454956
YOL109W,YGL191W,0,-3.8814278,0.0976988673210144,0.9850000143051147,0.9096999764442444
YML130C,YKL026C,0,-3.8817925,0.0976891815662384,0.9850000143051147,0.9097999930381775
YDR099W,YHL034C,0,-3.8821578,0.0976794958114624,0.9850000143051147,0.9099000096321106
YGR161C,YDR080W,0,-3.8822222,0.0976698100566864,0.9850000143051147,0.9100000262260437
YLR466W,YJL002C,0,-3.8823593,0.0976601243019104,0.9850000143051147,0.910099983215332
YLR150W,YJR059W,0,-3.8824177,0.0976504385471344,0.9850000143051147,0.9101999998092651
YJR137C,YLR189C,0,-3.8825126,0.097640760242939,0.9850000143051147,0.9103000164031982
YCR020C,YGL038C,0,-3.882545,0.09763108193874359,0.9850000143051147,0.9103999733924866
YCL052C,YMR136W,0,-3.8829916,0.09762140363454819,0.9850000143051147,0.9104999899864197
YLR071C,YBR214W,0,-3.8832426,0.09761173278093338,0.9850000143051147,0.9106000065803528
YOR253W,YER009W,0,-3.8832521,0.09760206192731857,0.9850000143051147,0.9107000231742859
YOR327C,YMR135C,0,-3.8847861,0.09759239107370377,0.9850000143051147,0.9107999801635742
YML074C,YPL002C,0,-3.885149,0.09758272022008896,0.9850000143051147,0.9108999967575073
YER036C,YKL014C,0,-3.8858397,0.09757305681705475,0.9850000143051147,0.9110000133514404
YBR069C,YBR244W,0,-3.886675,0.09756339341402054,0.9850000143051147,0.9110999703407288
YML024W,YER029C,0,-3.8869267,0.09755373001098633,0.9850000143051147,0.9111999869346619
YBR043C,YBL015W,0,-3.8877695,0.09754406660795212,0.9850000143051147,0.911300003528595
YDR246W,YMR136W,0,-3.8877714,0.0975344106554985,0.9850000143051147,0.9114000201225281
YDR198C,YIL052C,0,-3.8879778,0.09752475470304489,0.9850000143051147,0.9114999771118164
YHR123W,YMR136W,0,-3.8880525,0.09751509875059128,0.9850000143051147,0.9115999937057495
YHR075C,YER040W,0,-3.8883681,0.09750544279813766,0.9850000143051147,0.9117000102996826
YER061C,YFR047C,0,-3.8884034,0.09749579429626465,0.9850000143051147,0.9118000268936157
YDR194C,YDL223C,0,-3.8885102,0.09748614579439163,0.9850000143051147,0.911899983882904
YMR135C,YNL015W,0,-3.8889232,0.09747649729251862,0.9850000143051147,0.9120000004768372
YMR135C,YNL066W,0,-3.889407,0.0974668487906456,0.9850000143051147,0.9121000170707703
YGR183C,YMR128W,0,-3.8899157,0.09745720773935318,0.9850000143051147,0.9121999740600586
YPL214C,YEL042W,0,-3.890067,0.09744756668806076,0.9850000143051147,0.9122999906539917
YDR043C,YOR120W,0,-3.8902283,0.09743792563676834,0.9850000143051147,0.9124000072479248
YKR067W,YHR108W,0,-3.8906147,0.09742829203605652,0.9850000143051147,0.9125000238418579
YDR384C,YER029C,0,-3.8907237,0.0974186509847641,0.9850000143051147,0.9125999808311462
YNL139C,YBL064C,0,-3.8914661,0.09740901738405228,0.9850000143051147,0.9126999974250793
YNL036W,YKL213C,0,-3.8916907,0.09739938378334045,0.9850000143051147,0.9128000140190125
YOR153W,YGR178C,0,-3.8918138,0.09738975763320923,0.9850000143051147,0.9128999710083008
YNL001W,YCR031C,0,-3.892632,0.097380131483078,0.9850000143051147,0.9129999876022339
YLR354C,YGR221C,0,-3.8932052,0.09737050533294678,0.9850000143051147,0.913100004196167
YOR178C,YHR176W,0,-3.893264,0.09736087918281555,0.9850000143051147,0.9132000207901001
YGR004W,YOR040W,0,-3.894196,0.09735125303268433,0.9850000143051147,0.9132999777793884
YLR200W,YKL082C,0,-3.8942418,0.0973416343331337,0.9850000143051147,0.9133999943733215
YLR324W,YBR117C,0,-3.895487,0.09733201563358307,0.9850000143051147,0.9135000109672546
YCR005C,YDL108W,0,-3.8958974,0.09732239693403244,0.9850000143051147,0.9136000275611877
YMR093W,YER145C,0,-3.8968105,0.09731278568506241,0.9850000143051147,0.9136999845504761
YDR038C,YBR214W,0,-3.8975494,0.09730317443609238,0.9850000143051147,0.9138000011444092
YDR342C,YGL028C,0,-3.8977478,0.09729356318712234,0.9850000143051147,0.9139000177383423
YNR058W,YKR085C,0,-3.898113,0.09728395193815231,0.9850000143051147,0.9139999747276306
YJR137C,YJL187C,0,-3.8982015,0.09727434068918228,0.9850000143051147,0.9140999913215637
YPL196W,YDR198C,0,-3.8982258,0.09726473689079285,0.9850000143051147,0.9142000079154968
YJL138C,YCL038C,0,-3.8982434,0.09725513309240341,0.9850000143051147,0.9143000245094299
YPR102C,YLR390W-A,0,-3.898346,0.09724552929401398,0.9850000143051147,0.9143999814987183
YMR239C,YDL024C,0,-3.89845,0.09723593294620514,0.9850000143051147,0.9144999980926514
YMR136W,YJL073W,0,-3.898999,0.0972263365983963,0.9850000143051147,0.9146000146865845
YLR324W,YDL209C,0,-3.8991585,0.09721674025058746,0.9850000143051147,0.9146999716758728
YDL046W,YDR060W,0,-3.8999045,0.09720714390277863,0.9850000143051147,0.9147999882698059
YHR038W,YDR516C,0,-3.900503,0.09719755500555038,0.9850000143051147,0.914900004863739
YGR209C,YGR037C,0,-3.9007578,0.09718796610832214,0.9850000143051147,0.9150000214576721
YOR145C,YJR105W,0,-3.9008226,0.0971783772110939,0.9850000143051147,0.9150999784469604
YDR492W,YFR009W,0,-3.9015632,0.09716878831386566,0.9850000143051147,0.9151999950408936
YAL038W,YBR119W,0,-3.9021616,0.09715919941663742,0.9850000143051147,0.9153000116348267
YHR066W,YPL214C,0,-3.9029982,0.09714961796998978,0.9850000143051147,0.9154000282287598
YNL169C,YDR516C,0,-3.9030497,0.09714003652334213,0.9850000143051147,0.9154999852180481
YPL217C,YDL051W,0,-3.9031432,0.09713046252727509,0.9850000143051147,0.9156000018119812
YHR143W,YOR040W,0,-3.903468,0.09712088108062744,0.9850000143051147,0.9157000184059143
YHR190W,YPR021C,0,-3.9035618,0.0971113070845604,0.9850000143051147,0.9157999753952026
YJL138C,YPR167C,0,-3.9038563,0.09710173308849335,0.9850000143051147,0.9158999919891357
YKR034W,YFL058W,0,-3.9038815,0.0970921665430069,0.9850000143051147,0.9160000085830688
YNL051W,YFL058W,0,-3.9051704,0.09708259254693985,0.9850000143051147,0.916100025177002
YPR102C,YPL089C,0,-3.905604,0.0970730260014534,0.9850000143051147,0.9161999821662903
YKL149C,YBL064C,0,-3.9057832,0.09706345945596695,0.9850000143051147,0.9162999987602234
YLR229C,YJR105W,0,-3.905871,0.0970539003610611,0.9850000143051147,0.9164000153541565
YHR170W,YJR047C,0,-3.9062066,0.09704433381557465,0.9850000143051147,0.9164999723434448
YDR156W,YOR081C,0,-3.906533,0.09703477472066879,0.9850000143051147,0.9165999889373779
YER062C,YNL093W,0,-3.9066129,0.09702521562576294,0.9850000143051147,0.916700005531311
YGR171C,YLR132C,0,-3.9067173,0.09701566398143768,0.9850000143051147,0.9168000221252441
YGR080W,YKL125W,0,-3.9076984,0.09700610488653183,0.9850000143051147,0.9168999791145325
YOR040W,YPL050C,0,-3.90812,0.09699655324220657,0.9850000143051147,0.9169999957084656
YDR156W,YOL065C,0,-3.908144,0.09698700159788132,0.9850000143051147,0.9171000123023987
YOR261C,YKL148C,0,-3.90908,0.09697745740413666,0.9850000143051147,0.9172000288963318
YIL052C,YNL325C,0,-3.909614,0.0969679057598114,0.9850000143051147,0.9172999858856201
YNR058W,YDL060W,0,-3.910343,0.09695836156606674,0.9850000143051147,0.9174000024795532
YOR317W,YLL001W,0,-3.9105234,0.09694881737232208,0.9850000143051147,0.9175000190734863
YER143W,YIL153W,0,-3.9107368,0.09693928062915802,0.9850000143051147,0.9175999760627747
YKL026C,YER154W,0,-3.9115849,0.09692973643541336,0.9850000143051147,0.9176999926567078
YOR047C,YNL244C,0,-3.9122686,0.0969201996922493,0.9850000143051147,0.9178000092506409
YMR303C,YDL164C,0,-3.91255,0.09691066294908524,0.9850000143051147,0.917900025844574
YPL217C,YKL007W,0,-3.912552,0.09690113365650177,0.9850000143051147,0.9179999828338623
YLR449W,YKR042W,1,-3.9133983,0.09698996692895889,0.9860000014305115,0.9179999828338623
YKL204W,YDR030C,0,-3.9135103,0.09698043018579483,0.9860000014305115,0.9180999994277954
YJL073W,YDL165W,0,-3.9137144,0.09697088599205017,0.9860000014305115,0.9182000160217285
YDR072C,YOR348C,0,-3.9146912,0.0969613566994667,0.9860000014305115,0.9182999730110168
YNL036W,YOR207C,0,-3.9147964,0.09695181995630264,0.9860000014305115,0.91839998960495
YPL094C,YHR190W,0,-3.9154606,0.09694228321313858,0.9860000014305115,0.9185000061988831
YPL050C,YBR265W,0,-3.9163089,0.09693275392055511,0.9860000014305115,0.9186000227928162
YNL051W,YML118W,0,-3.9163632,0.09692322462797165,0.9860000014305115,0.9186999797821045
YLL008W,YIL007C,0,-3.9163878,0.09691370278596878,0.9860000014305115,0.9187999963760376
YDR516C,YJL073W,0,-3.9173558,0.09690417349338531,0.9860000014305115,0.9189000129699707
YCR005C,YGR092W,0,-3.9175408,0.09689465165138245,0.9860000014305115,0.9190000295639038
YOR173W,YMR200W,0,-3.9175525,0.09688512980937958,0.9860000014305115,0.9190999865531921
YER026C,YJR156C,0,-3.9177208,0.0968756154179573,0.9860000014305115,0.9192000031471252
YMR135C,YJL106W,0,-3.9183402,0.09686609357595444,0.9860000014305115,0.9193000197410583
YML042W,YGL211W,0,-3.918777,0.09685657918453217,0.9860000014305115,0.9193999767303467
YLR466W,YGL130W,0,-3.9189973,0.0968470647931099,0.9860000014305115,0.9194999933242798
YJL013C,YNR013C,0,-3.919403,0.09683755785226822,0.9860000014305115,0.9196000099182129
YDL130W,YMR129W,0,-3.9194584,0.09682804346084595,0.9860000014305115,0.919700026512146
YML011C,YDR384C,0,-3.9200625,0.09681853652000427,0.9860000014305115,0.9197999835014343
YJL005W,YER029C,0,-3.9217143,0.0968090295791626,0.9860000014305115,0.9199000000953674
YJR156C,YBR084W,0,-3.9225285,0.09679953008890152,0.9860000014305115,0.9200000166893005
YPL196W,YDR523C,0,-3.9229417,0.09679002314805984,0.9860000014305115,0.9200999736785889
YDR512C,YAL029C,0,-3.9233236,0.09678052365779877,0.9860000014305115,0.920199990272522
YFR050C,YLR130C,0,-3.9240751,0.09677102416753769,0.9860000014305115,0.9203000068664551
YDR292C,YHR170W,0,-3.9246392,0.09676153212785721,0.9860000014305115,0.9204000234603882
YDR465C,YLL008W,0,-3.9247203,0.09675203263759613,0.9860000014305115,0.9204999804496765
YGL213C,YGL225W,0,-3.9247274,0.09674254059791565,0.9860000014305115,0.9205999970436096
YDR184C,YGR183C,0,-3.9252992,0.09673304855823517,0.9860000014305115,0.9207000136375427
YLR013W,YHR088W,0,-3.9253433,0.09672356396913528,0.9860000014305115,0.920799970626831
YLR113W,YML046W,0,-3.9256725,0.0967140719294548,0.9860000014305115,0.9208999872207642
YGR195W,YML060W,0,-3.9264421,0.09670458734035492,0.9860000014305115,0.9210000038146973
YOL111C,YNR003C,0,-3.9267113,0.09669510275125504,0.9860000014305115,0.9211000204086304
YGL191W,YPL267W,0,-3.9275012,0.09668562561273575,0.9860000014305115,0.9211999773979187
YFR047C,YDR472W,0,-3.927874,0.09667614102363586,0.9860000014305115,0.9212999939918518
YPL050C,YLR196W,0,-3.928412,0.09666666388511658,0.9860000014305115,0.9214000105857849
YOL111C,YOR122C,0,-3.9289808,0.09665718674659729,0.9860000014305115,0.921500027179718
YER026C,YKL148C,0,-3.9306583,0.0966477170586586,0.9860000014305115,0.9215999841690063
YJR001W,YPR110C,0,-3.9307532,0.09663824737071991,0.9860000014305115,0.9217000007629395
YDR523C,YGR183C,0,-3.9324198,0.09662877023220062,0.9860000014305115,0.9218000173568726
YIL052C,YDL015C,0,-3.932609,0.09661930054426193,0.9860000014305115,0.9218999743461609
YDL201W,YKR061W,0,-3.9326901,0.09660983830690384,0.9860000014305115,0.921999990940094
YJL138C,YDL007W,0,-3.9328384,0.09660036861896515,0.9860000014305115,0.9221000075340271
YNL071W,YNR033W,0,-3.9336703,0.09659090638160706,0.9860000014305115,0.9222000241279602
YOR045W,YPL213W,0,-3.934235,0.09658144414424896,0.9860000014305115,0.9222999811172485
YHL024W,YOR117W,0,-3.93459,0.09657198935747147,0.9860000014305115,0.9223999977111816
YFR047C,YOR116C,0,-3.9355803,0.09656252712011337,0.9860000014305115,0.9225000143051147
YLL001W,YPR021C,0,-3.9356031,0.09655307233333588,0.9860000014305115,0.9225999712944031
YHR007C,YJL106W,0,-3.9356952,0.09654361754655838,0.9860000014305115,0.9226999878883362
YGL225W,YJL005W,0,-3.935742,0.09653417021036148,0.9860000014305115,0.9228000044822693
YLR092W,YDR272W,0,-3.9369662,0.09652471542358398,0.9860000014305115,0.9229000210762024
YGR257C,YPL179W,0,-3.9371116,0.09651526808738708,0.9860000014305115,0.9229999780654907
YLL035W,YKR060W,0,-3.9378185,0.09650582075119019,0.9860000014305115,0.9230999946594238
YNL091W,YDR516C,0,-3.93791,0.09649638086557388,0.9860000014305115,0.9232000112533569
YKR026C,YLR074C,0,-3.9383483,0.09648693352937698,0.9860000014305115,0.92330002784729
YPR010C,YLR074C,0,-3.9386153,0.09647749364376068,0.9860000014305115,0.9233999848365784
YNL051W,YNL093W,0,-3.9389439,0.09646805375814438,0.9860000014305115,0.9235000014305115
YMR097C,YHR206W,0,-3.939176,0.09645862132310867,0.9860000014305115,0.9236000180244446
YLR409C,YHR133C,0,-3.9395318,0.09644918143749237,0.9860000014305115,0.9236999750137329
YDL130W,YFL060C,0,-3.93955,0.09643974900245667,0.9860000014305115,0.923799991607666
YMR136W,YDL201W,0,-3.9396515,0.09643031656742096,0.9860000014305115,0.9239000082015991
YPL217C,YML024W,0,-3.939879,0.09642089158296585,0.9860000014305115,0.9240000247955322
YIL135C,YDL060W,0,-3.940171,0.09641145914793015,0.9860000014305115,0.9240999817848206
YGL251C,YPL094C,0,-3.942226,0.09640203416347504,0.9860000014305115,0.9241999983787537
YGL225W,YJL179W,0,-3.9426727,0.09639260917901993,0.9860000014305115,0.9243000149726868
YJL222W,YMR145C,0,-3.9451234,0.09638318419456482,0.9860000014305115,0.9243999719619751
YPR024W,YBR265W,0,-3.9453702,0.09637376666069031,0.9860000014305115,0.9244999885559082
YJR147W,YLR196W,0,-3.9462175,0.0963643491268158,0.9860000014305115,0.9246000051498413
YOR112W,YBR214W,0,-3.9466941,0.09635493159294128,0.9860000014305115,0.9247000217437744
YKL113C,YOR348C,0,-3.947318,0.09634551405906677,0.9860000014305115,0.9247999787330627
YNL169C,YOR120W,0,-3.9475515,0.09633610397577286,0.9860000014305115,0.9248999953269958
YML109W,YER125W,1,-3.947854,0.09642438590526581,0.9869999885559082,0.9248999953269958
YBR247C,YOR153W,0,-3.9482155,0.0964149683713913,0.9869999885559082,0.925000011920929
YER118C,YBR117C,0,-3.9488306,0.09640555083751678,0.9869999885559082,0.9251000285148621
YER049W,YJR143C,0,-3.9494867,0.09639613330364227,0.9869999885559082,0.9251999855041504
YCL044C,YOL077C,0,-3.9496756,0.09638671576976776,0.9869999885559082,0.9253000020980835
YEL042W,YKL213C,0,-3.950106,0.09637730568647385,0.9869999885559082,0.9254000186920166
YGR037C,YLR226W,0,-3.9508133,0.09636789560317993,0.9869999885559082,0.9254999756813049
YJL116C,YBR298C,0,-3.9508653,0.09635848551988602,0.9869999885559082,0.925599992275238
YEL012W,YER009W,0,-3.9522653,0.0963490828871727,0.9869999885559082,0.9257000088691711
YNL163C,YCR005C,0,-3.9526079,0.09633968025445938,0.9869999885559082,0.9258000254631042
YOL077C,YGR175C,0,-3.9533997,0.09633027762174606,0.9869999885559082,0.9258999824523926
YBR214W,YDL165W,0,-3.9568195,0.09632087498903275,0.9869999885559082,0.9259999990463257
YOR040W,YOR067C,0,-3.9569087,0.09631147235631943,0.9869999885559082,0.9261000156402588
YMR302C,YMR136W,0,-3.9569194,0.0963020771741867,0.9869999885559082,0.9261999726295471
YMR292W,YKR061W,0,-3.9572625,0.09629268199205399,0.9869999885559082,0.9262999892234802
YLR102C,YDL015C,0,-3.9574428,0.09628328680992126,0.9869999885559082,0.9264000058174133
YIL125W,YDR272W,0,-3.957826,0.09627389907836914,0.9869999885559082,0.9265000224113464
YKL188C,YKL026C,0,-3.9581077,0.09626451134681702,0.9869999885559082,0.9265999794006348
YGL211W,YOL065C,0,-3.958521,0.09625512361526489,0.9869999885559082,0.9266999959945679
YLR340W,YMR241W,0,-3.9593115,0.09624573588371277,0.9869999885559082,0.926800012588501
YBR135W,YDL247W,0,-3.9601724,0.09623634815216064,0.9869999885559082,0.9269000291824341
YDR252W,YPL057C,0,-3.9602141,0.09622696787118912,0.9869999885559082,0.9269999861717224
YFR004W,YHL007C,0,-3.9604893,0.09621758759021759,0.9869999885559082,0.9271000027656555
YHR007C,YIL125W,0,-3.9623785,0.09620820730924606,0.9869999885559082,0.9272000193595886
YJL116C,YBL064C,0,-3.9634585,0.09619882702827454,0.9869999885559082,0.927299976348877
YLR390W-A,YBR055C,0,-3.9641361,0.0961894541978836,0.9869999885559082,0.9273999929428101
YGR183C,YMR136W,0,-3.9646854,0.09618008136749268,0.9869999885559082,0.9275000095367432
YLL001W,YJR147W,0,-3.9647706,0.09617070853710175,0.9869999885559082,0.9276000261306763
YGL075C,YER103W,0,-3.965026,0.09616134315729141,0.9869999885559082,0.9276999831199646
YLR163C,YLR430W,0,-3.9657192,0.09615197032690048,0.9869999885559082,0.9277999997138977
YNL163C,YLR080W,0,-3.9658966,0.09614260494709015,0.9869999885559082,0.9279000163078308
YPL094C,YBL015W,0,-3.9667687,0.09613323956727982,0.9869999885559082,0.9279999732971191
YDR516C,YDL164C,0,-3.9667864,0.09612388163805008,0.9869999885559082,0.9280999898910522
YLR119W,YAR015W,0,-3.966859,0.09611451625823975,0.9869999885559082,0.9282000064849854
YFL022C,YGL191W,0,-3.9676228,0.09610515832901001,0.9869999885559082,0.9283000230789185
YDR023W,YJL157C,0,-3.9681654,0.09609580039978027,0.9869999885559082,0.9283999800682068
YHR065C,YNL073W,0,-3.969138,0.09608644992113113,0.9869999885559082,0.9284999966621399
YGR161C,YHR170W,0,-3.9691613,0.0960770919919014,0.9869999885559082,0.928600013256073
YDR384C,YMR025W,0,-3.9698853,0.09606774151325226,0.9869999885559082,0.9286999702453613
YKL049C,YDR492W,0,-3.9701815,0.09605839103460312,0.9869999885559082,0.9287999868392944
YER143W,YAL029C,0,-3.971225,0.09604904800653458,0.9869999885559082,0.9289000034332275
YFL060C,YMR145C,0,-3.9713075,0.09603969752788544,0.9869999885559082,0.9290000200271606
YOR317W,YPR093C,0,-3.9713168,0.0960303544998169,0.9869999885559082,0.929099977016449
YBL082C,YHR143W,0,-3.9714484,0.09602101147174835,0.9869999885559082,0.9291999936103821
YDR272W,YHR085W,0,-3.9717743,0.0960116758942604,0.9869999885559082,0.9293000102043152
YDR016C,YBL064C,0,-3.9719334,0.09600233286619186,0.9869999885559082,0.9294000267982483
YOR150W,YOR187W,0,-3.9721355,0.09599299728870392,0.9869999885559082,0.9294999837875366
YPL019C,YDL165W,0,-3.9721699,0.09598366171121597,0.9869999885559082,0.9296000003814697
YDR264C,YMR136W,0,-3.9722517,0.09597432613372803,0.9869999885559082,0.9297000169754028
YEL024W,YCR077C,0,-3.973135,0.09596499800682068,0.9869999885559082,0.9297999739646912
YCL044C,YNR003C,0,-3.973236,0.09595566987991333,0.9869999885559082,0.9298999905586243
YOR173W,YML085C,0,-3.9738026,0.09594634175300598,0.9869999885559082,0.9300000071525574
YAL038W,YMR097C,0,-3.9753304,0.09593701362609863,0.9869999885559082,0.9301000237464905
YLR450W,YNL002C,0,-3.976387,0.09592769294977188,0.9869999885559082,0.9301999807357788
YNR013C,YCR031C,0,-3.9788263,0.09591836482286453,0.9869999885559082,0.9302999973297119
YOR201C,YLR075W,0,-3.9808726,0.09590904414653778,0.9869999885559082,0.930400013923645
YLR210W,YKR061W,0,-3.9813042,0.09589973092079163,0.9869999885559082,0.9304999709129333
YMR302C,YDR517W,0,-3.9826488,0.09589041024446487,0.9869999885559082,0.9305999875068665
YDR512C,YKR067W,0,-3.982925,0.09588109701871872,0.9869999885559082,0.9307000041007996
YLR150W,YJR035W,0,-3.9845085,0.09587178379297256,0.9869999885559082,0.9308000206947327
YOR237W,YDR120C,0,-3.9846416,0.09586247056722641,0.9869999885559082,0.930899977684021
YPR143W,YIL125W,0,-3.9857411,0.09585316479206085,0.9869999885559082,0.9309999942779541
YLR167W,YOR288C,0,-3.9858854,0.0958438515663147,0.9869999885559082,0.9311000108718872
YLR119W,YKL148C,0,-3.9881217,0.09583454579114914,0.9869999885559082,0.9312000274658203
YBR084W,YDR025W,0,-3.9908998,0.09582524001598358,0.9869999885559082,0.9312999844551086
YER025W,YOR145C,0,-3.9912395,0.09581594169139862,0.9869999885559082,0.9314000010490417
YKL143W,YOR153W,0,-3.9915152,0.09580663591623306,0.9869999885559082,0.9315000176429749
YHR111W,YDR156W,0,-3.9915533,0.0957973375916481,0.9869999885559082,0.9315999746322632
YCL044C,YNL073W,0,-3.9915771,0.09578804671764374,0.9869999885559082,0.9316999912261963
YPR168W,YMR100W,0,-3.9918807,0.09577874839305878,0.9869999885559082,0.9318000078201294
YML043C,YDR449C,0,-3.9919736,0.09576945751905441,0.9869999885559082,0.9319000244140625
YDL224C,YNL133C,0,-3.992003,0.09576016664505005,0.9869999885559082,0.9319999814033508
YHR066W,YBL004W,0,-3.9921885,0.09575087577104568,0.9869999885559082,0.9320999979972839
YDR023W,YML046W,0,-3.9924846,0.09574158489704132,0.9869999885559082,0.932200014591217
YGR004W,YKL013C,0,-3.9942317,0.09573230147361755,0.9869999885559082,0.9322999715805054
YLR324W,YHR206W,0,-3.9967713,0.09572301059961319,0.9869999885559082,0.9323999881744385
YLR080W,YGR171C,0,-3.9971423,0.09571373462677002,0.9869999885559082,0.9325000047683716
YLR390W-A,YNL001W,0,-3.9976861,0.09570445120334625,0.9869999885559082,0.9326000213623047
YFR027W,YER103W,0,-3.9978366,0.09569517523050308,0.9869999885559082,0.932699978351593
YGL104C,YKL120W,0,-3.9981427,0.09568589180707932,0.9869999885559082,0.9327999949455261
YLR172C,YPL266W,0,-3.9981685,0.09567661583423615,0.9869999885559082,0.9329000115394592
YBR247C,YCL034W,0,-3.999475,0.09566734731197357,0.9869999885559082,0.9330000281333923
YNL156C,YEL042W,0,-4.000434,0.0956580713391304,0.9869999885559082,0.9330999851226807
YLL038C,YNL244C,0,-4.000674,0.09564880281686783,0.9869999885559082,0.9332000017166138
YMR097C,YDR342C,0,-4.0008717,0.09563953429460526,0.9869999885559082,0.9333000183105469
YLR354C,YIL007C,0,-4.002214,0.09563026577234268,0.9869999885559082,0.9333999752998352
YOR045W,YML007W,0,-4.0022407,0.0956210047006607,0.9869999885559082,0.9334999918937683
YER056C,YDL223C,0,-4.002696,0.09561174362897873,0.9869999885559082,0.9336000084877014
YML036W,YGR289C,0,-4.003019,0.09560248255729675,0.9869999885559082,0.9337000250816345
YJL222W,YEL042W,0,-4.003083,0.09559322148561478,0.9869999885559082,0.9337999820709229
YMR136W,YDR427W,0,-4.0052156,0.0955839604139328,0.9869999885559082,0.933899998664856
YLR102C,YNR057C,0,-4.0060363,0.09557470679283142,0.9869999885559082,0.9340000152587891
YDL113C,YLR409C,0,-4.0071006,0.09556545317173004,0.9869999885559082,0.9340999722480774
YOR020C,YHR143W,0,-4.008035,0.09555619955062866,0.9869999885559082,0.9341999888420105
YOR120W,YDL207W,0,-4.00866,0.09554695338010788,0.9869999885559082,0.9343000054359436
YLR450W,YDR156W,0,-4.0087137,0.0955376997590065,0.9869999885559082,0.9344000220298767
YGR044C,YCR031C,0,-4.0114326,0.09552845358848572,0.9869999885559082,0.934499979019165
YOR317W,YDR523C,0,-4.015013,0.09551920741796494,0.9869999885559082,0.9345999956130981
YNL119W,YKR026C,0,-4.0156875,0.09550996869802475,0.9869999885559082,0.9347000122070312
YPL204W,YKR061W,0,-4.0161533,0.09550072252750397,0.9869999885559082,0.9348000288009644
YAR003W,YNL135C,1,-4.016164,0.09558823704719543,0.9879999756813049,0.9348000288009644
YFR004W,YBL007C,0,-4.016194,0.09557899087667465,0.9879999756813049,0.9348999857902527
YHR094C,YDR255C,0,-4.016343,0.09556974470615387,0.9879999756813049,0.9350000023841858
YCR005C,YGR162W,0,-4.017848,0.09556049853563309,0.9879999756813049,0.9351000189781189
YOR317W,YAL038W,0,-4.018352,0.0955512598156929,0.9879999756813049,0.9351999759674072
YPR010C,YNL119W,0,-4.0191474,0.09554201364517212,0.9879999756813049,0.9352999925613403
YJR047C,YMR207C,0,-4.020482,0.09553278237581253,0.9879999756813049,0.9354000091552734
YDR069C,YBL064C,0,-4.0206223,0.09552354365587234,0.9879999756813049,0.9355000257492065
YPL092W,YMR128W,0,-4.021038,0.09551430493593216,0.9879999756813049,0.9355999827384949
YDL223C,YNL119W,0,-4.021381,0.09550507366657257,0.9879999756813049,0.935699999332428
YGR089W,YKL026C,0,-4.02182,0.09549584239721298,0.9879999756813049,0.9358000159263611
YIL007C,YDL024C,0,-4.0227513,0.0954866111278534,0.9879999756813049,0.9358999729156494
YJL005W,YAR015W,0,-4.022789,0.0954773873090744,0.9879999756813049,0.9359999895095825
YPL196W,YMR030W,0,-4.023504,0.09546816349029541,0.9879999756813049,0.9361000061035156
YNL163C,YJR047C,0,-4.0237856,0.09545893967151642,0.9879999756813049,0.9362000226974487
YDL015C,YDL207W,0,-4.024308,0.09544971585273743,0.9879999756813049,0.9362999796867371
YDR523C,YBR243C,0,-4.024793,0.09544049203395844,0.9879999756813049,0.9363999962806702
YBR265W,YKL213C,0,-4.025057,0.09543127566576004,0.9879999756813049,0.9365000128746033
YBR035C,YHR206W,0,-4.025847,0.09542205929756165,0.9879999756813049,0.9366000294685364
YOR020C,YDR030C,0,-4.0261126,0.09541284292936325,0.9879999756813049,0.9366999864578247
YML057W,YGR175C,0,-4.0262785,0.09540363401174545,0.9879999756813049,0.9368000030517578
YDL005C,YLR047C,0,-4.026904,0.09539441764354706,0.9879999756813049,0.9369000196456909
YIL052C,YAL020C,0,-4.027171,0.09538520872592926,0.9879999756813049,0.9369999766349792
YDR517W,YDR120C,0,-4.028823,0.09537599980831146,0.9879999756813049,0.9370999932289124
YDR513W,YGL113W,0,-4.0291085,0.09536679834127426,0.9879999756813049,0.9372000098228455
YKR085C,YOL097C,0,-4.029313,0.09535758942365646,0.9879999756813049,0.9373000264167786
YMR136W,YOR150W,0,-4.029603,0.09534838795661926,0.9879999756813049,0.9373999834060669
YMR129W,YHL028W,0,-4.0307527,0.09533918648958206,0.9879999756813049,0.9375
YGR080W,YGR245C,0,-4.0308366,0.09532998502254486,0.9879999756813049,0.9376000165939331
YBR135W,YCL038C,0,-4.03237,0.09532079100608826,0.9879999756813049,0.9376999735832214
YGL104C,YKL026C,0,-4.033529,0.09531159698963165,0.9879999756813049,0.9377999901771545
YDR113C,YDL051W,0,-4.0339756,0.09530240297317505,0.9879999756813049,0.9379000067710876
YHR143W,YML016C,0,-4.0357504,0.09529320895671844,0.9879999756813049,0.9380000233650208
YOR173W,YOR067C,0,-4.036372,0.09528402239084244,0.9879999756813049,0.9380999803543091
YJR035W,YPR167C,0,-4.038498,0.09527482837438583,0.9879999756813049,0.9381999969482422
YDR299W,YEL042W,0,-4.038524,0.09526564180850983,0.9879999756813049,0.9383000135421753
YGR253C,YPL028W,0,-4.038591,0.09525646269321442,0.9879999756813049,0.9383999705314636
YGL096W,YDR470C,0,-4.039401,0.09524727612733841,0.9879999756813049,0.9384999871253967
YKL026C,YOR089C,0,-4.0399976,0.095238097012043,0.9879999756813049,0.9386000037193298
YDR512C,YLR129W,0,-4.0407896,0.09522891789674759,0.9879999756813049,0.9387000203132629
YDR342C,YJR112W,0,-4.0410237,0.09521973878145218,0.9879999756813049,0.9387999773025513
YHR007C,YDR427W,0,-4.041309,0.09521055966615677,0.9879999756813049,0.9388999938964844
YOR045W,YPL002C,0,-4.0418825,0.09520138800144196,0.9879999756813049,0.9390000104904175
YPR168W,YLR324W,0,-4.04249,0.09519221633672714,0.9879999756813049,0.9391000270843506
YHR190W,YLR129W,0,-4.0432177,0.09518304467201233,0.9879999756813049,0.9391999840736389
YNL015W,YMR213W,0,-4.044176,0.09517387300729752,0.9879999756813049,0.939300000667572
YOR317W,YKL148C,0,-4.0449543,0.0951647087931633,0.9879999756813049,0.9394000172615051
YPR102C,YER083C,0,-4.0449786,0.09515554457902908,0.9879999756813049,0.9394999742507935
YHR190W,YLR119W,0,-4.0450687,0.09514638036489487,0.9879999756813049,0.9395999908447266
YER049W,YDR120C,0,-4.0469155,0.09513721615076065,0.9879999756813049,0.9397000074386597
YDR508C,YCL011C,0,-4.046965,0.09512805938720703,0.9879999756813049,0.9398000240325928
YML048W,YKL213C,0,-4.047084,0.09511889517307281,0.9879999756813049,0.9398999810218811
YLR340W,YKL140W,0,-4.0477242,0.0951097384095192,0.9879999756813049,0.9399999976158142
YLR092W,YIL101C,0,-4.0483437,0.09510058909654617,0.9879999756813049,0.9401000142097473
YDR156W,YKL213C,0,-4.0503654,0.09509143233299255,0.9879999756813049,0.9401999711990356
YGR231C,YCR047C,0,-4.0511203,0.09508228302001953,0.9879999756813049,0.9402999877929688
YGR209C,YDL024C,0,-4.052395,0.09507313370704651,0.9879999756813049,0.9404000043869019
YGR286C,YLR378C,0,-4.052501,0.09506398439407349,0.9879999756813049,0.940500020980835
YLR340W,YOR259C,0,-4.052542,0.09505484253168106,0.9879999756813049,0.9405999779701233
YJR066W,YMR136W,0,-4.052841,0.09504569321870804,0.9879999756813049,0.9406999945640564
YOR045W,YDR516C,0,-4.0537543,0.09503655135631561,0.9879999756813049,0.9408000111579895
YML057W,YCR005C,0,-4.0537825,0.09502740949392319,0.9879999756813049,0.9409000277519226
YDR412W,YLR130C,0,-4.0538473,0.09501827508211136,0.9879999756813049,0.9409999847412109
YMR322C,YPR108W,0,-4.0549703,0.09500913321971893,0.9879999756813049,0.941100001335144
YML130C,YPL057C,0,-4.0556226,0.0949999988079071,0.9879999756813049,0.9412000179290771
YLR221C,YNL066W,0,-4.057529,0.09499086439609528,0.9879999756813049,0.9412999749183655
YOL086C,YBR173C,0,-4.0577435,0.09498173743486404,0.9879999756813049,0.9413999915122986
YMR303C,YDR069C,0,-4.0585356,0.09497260302305222,0.9879999756813049,0.9415000081062317
YOR317W,YDR120C,0,-4.059851,0.09496347606182098,0.9879999756813049,0.9416000247001648
YHR094C,YDR079W,0,-4.0611176,0.09495434910058975,0.9879999756813049,0.9416999816894531
YMR125W,YHR075C,0,-4.0617814,0.09494522213935852,0.9879999756813049,0.9417999982833862
YIL007C,YOR120W,0,-4.063997,0.09493610262870789,0.9879999756813049,0.9419000148773193
YML094W,YLR075W,0,-4.0656056,0.09492697566747665,0.9879999756813049,0.9419999718666077
YNL244C,YLR047C,0,-4.065915,0.09491785615682602,0.9879999756813049,0.9420999884605408
YDR465C,YNL163C,0,-4.0669894,0.09490874409675598,0.9879999756813049,0.9422000050544739
YDR198C,YLR136C,0,-4.0684786,0.09489962458610535,0.9879999756813049,0.942300021648407
YBL099W,YPL057C,0,-4.0685678,0.09489051252603531,0.9879999756813049,0.9423999786376953
YMR239C,YKL213C,0,-4.068707,0.09488140046596527,0.9879999756813049,0.9424999952316284
YDR299W,YLR378C,0,-4.0718765,0.09487228840589523,0.9879999756813049,0.9426000118255615
YOR231W,YLR167W,0,-4.073752,0.0948631763458252,0.9879999756813049,0.9427000284194946
YLR450W,YKL014C,0,-4.0746512,0.09485407173633575,0.9879999756813049,0.942799985408783
YMR100W,YER103W,0,-4.07475,0.09484496712684631,0.9879999756813049,0.9429000020027161
YLR200W,YJL179W,0,-4.075075,0.09483586251735687,0.9879999756813049,0.9430000185966492
YKR039W,YDR492W,0,-4.0758433,0.09482675790786743,0.9879999756813049,0.9430999755859375
YDL130W,YOL011W,0,-4.076006,0.09481766074895859,0.9879999756813049,0.9431999921798706
YDR412W,YNL292W,0,-4.076057,0.09480855613946915,0.9879999756813049,0.9433000087738037
YGR161C,YHR143W,0,-4.077161,0.0947994589805603,0.9879999756813049,0.9434000253677368
YGL051W,YJR105W,0,-4.0787153,0.09479036927223206,0.9879999756813049,0.9434999823570251
YOR122C,YLR115W,0,-4.078876,0.09478127211332321,0.9879999756813049,0.9435999989509583
YPR107C,YJR013W,0,-4.079454,0.09477218240499496,0.9879999756813049,0.9437000155448914
YOR317W,YBR043C,0,-4.0803185,0.09476309269666672,0.9879999756813049,0.9437999725341797
YNL218W,YOR173W,0,-4.0812297,0.09475400298833847,0.9879999756813049,0.9438999891281128
YGR020C,YIL052C,0,-4.081873,0.09474492073059082,0.9879999756813049,0.9440000057220459
YIL110W,YGL096W,0,-4.082083,0.09473583102226257,0.9879999756813049,0.944100022315979
YML094W,YPL036W,0,-4.083125,0.09472674876451492,0.9879999756813049,0.9441999793052673
YER118C,YDL051W,0,-4.083973,0.09471766650676727,0.9879999756813049,0.9442999958992004
YML042W,YOR089C,0,-4.0840573,0.09470859169960022,0.9879999756813049,0.9444000124931335
YER056C,YPR093C,0,-4.0846653,0.09469950944185257,0.9879999756813049,0.9445000290870667
YKR067W,YOR089C,0,-4.084956,0.09469043463468552,0.9879999756813049,0.944599986076355
YPL120W,YGR221C,0,-4.084972,0.09468135982751846,0.9879999756813049,0.9447000026702881
YOR317W,YOR020C,0,-4.086137,0.09467228502035141,0.9879999756813049,0.9448000192642212
YLR378C,YBR084W,0,-4.0871367,0.09466321766376495,0.9879999756813049,0.9448999762535095
YDR501W,YJR021C,0,-4.087845,0.0946541503071785,0.9879999756813049,0.9449999928474426
YLL001W,YDL095W,0,-4.088106,0.09464508295059204,0.9879999756813049,0.9451000094413757
YGR092W,YKR061W,0,-4.0885925,0.09463601559400558,0.9879999756813049,0.9452000260353088
YOL111C,YNL002C,0,-4.092086,0.09462694823741913,0.9879999756813049,0.9452999830245972
YDR225W,YMR127C,1,-4.094644,0.09471365809440613,0.9890000224113464,0.9452999830245972
YGL104C,YOR195W,0,-4.094899,0.09470458328723907,0.9890000224113464,0.9453999996185303
YDR512C,YDR184C,0,-4.095061,0.09469551593065262,0.9890000224113464,0.9455000162124634
YMR030W,YOR116C,0,-4.0953355,0.09468645602464676,0.9890000224113464,0.9455999732017517
YKL120W,YHR075C,0,-4.0957427,0.0946773886680603,0.9890000224113464,0.9456999897956848
YPL095C,YAL023C,0,-4.097145,0.09466832876205444,0.9890000224113464,0.9458000063896179
YHR108W,YPR073C,0,-4.097594,0.09465926140546799,0.9890000224113464,0.945900022983551
YOR327C,YDR038C,0,-4.0980916,0.09465020895004272,0.9890000224113464,0.9459999799728394
YNL119W,YOR348C,0,-4.1004725,0.09464114904403687,0.9890000224113464,0.9460999965667725
YJL116C,YEL053C,0,-4.101351,0.094632089138031,0.9890000224113464,0.9462000131607056
YDL164C,YDR492W,0,-4.102032,0.09462303668260574,0.9890000224113464,0.9463000297546387
YNL119W,YJR147W,0,-4.102055,0.09461398422718048,0.9890000224113464,0.946399986743927
YMR093W,YNR016C,0,-4.10338,0.09460493922233582,0.9890000224113464,0.9465000033378601
YLR340W,YCR026C,0,-4.1037855,0.09459588676691055,0.9890000224113464,0.9466000199317932
YGL181W,YLR154C,0,-4.1043367,0.09458684176206589,0.9890000224113464,0.9466999769210815
YNL102W,YOR120W,0,-4.105279,0.09457779675722122,0.9890000224113464,0.9467999935150146
YPR102C,YDL165W,0,-4.105375,0.09456875175237656,0.9890000224113464,0.9469000101089478
YML042W,YDR339C,0,-4.105771,0.09455970674753189,0.9890000224113464,0.9470000267028809
YOR115C,YLR324W,0,-4.1074524,0.09455066919326782,0.9890000224113464,0.9470999836921692
YHR092C,YLR167W,0,-4.1081986,0.09454163163900375,0.9890000224113464,0.9472000002861023
YNL051W,YPL028W,0,-4.108566,0.09453259408473969,0.9890000224113464,0.9473000168800354
YPL120W,YDR342C,0,-4.108886,0.09452355653047562,0.9890000224113464,0.9473999738693237
YJL106W,YBR214W,0,-4.109179,0.09451452642679214,0.9890000224113464,0.9474999904632568
YAL023C,YJR143C,0,-4.1105833,0.09450549632310867,0.9890000224113464,0.9476000070571899
YGR020C,YJR137C,0,-4.1108375,0.0944964662194252,0.9890000224113464,0.947700023651123
YPL065W,YDR492W,0,-4.111688,0.09448743611574173,0.9890000224113464,0.9477999806404114
YKR067W,YOR298W,0,-4.112447,0.09447841346263885,0.9890000224113464,0.9478999972343445
YPL164C,YML024W,0,-4.11273,0.09446938335895538,0.9890000224113464,0.9480000138282776
YMR309C,YHR075C,0,-4.1128597,0.09446036070585251,0.9890000224113464,0.9480999708175659
YNL102W,YER009W,0,-4.113399,0.09445134550333023,0.9890000224113464,0.948199987411499
YER052C,YOL100W,0,-4.1135707,0.09444232285022736,0.9890000224113464,0.9483000040054321
YLR340W,YOR208W,0,-4.114778,0.09443330764770508,0.9890000224113464,0.9484000205993652
YJR021C,YDL060W,0,-4.1150618,0.0944242849946022,0.9890000224113464,0.9484999775886536
YGL225W,YPL089C,0,-4.1155524,0.09441527724266052,0.9890000224113464,0.9485999941825867
YKL113C,YBR214W,0,-4.1192136,0.09440626204013824,0.9890000224113464,0.9487000107765198
YDR043C,YBL030C,0,-4.1196456,0.09439725428819656,0.9890000224113464,0.9488000273704529
YOR327C,YER103W,0,-4.1202235,0.09438823908567429,0.9890000224113464,0.9488999843597412
YHR066W,YOR208W,0,-4.1203866,0.0943792313337326,0.9890000224113464,0.9490000009536743
YAL038W,YOR150W,0,-4.120915,0.09437023103237152,0.9890000224113464,0.9491000175476074
YML085C,YPR021C,0,-4.121573,0.09436122328042984,0.9890000224113464,0.9491999745368958
YER143W,YCR020C-A,0,-4.1220474,0.09435222297906876,0.9890000224113464,0.9492999911308289
YGL130W,YGR175C,0,-4.122099,0.09434322267770767,0.9890000224113464,0.949400007724762
YGR245C,YHR133C,0,-4.123038,0.09433422237634659,0.9890000224113464,0.9495000243186951
YKL141W,YLR396C,0,-4.1234145,0.0943252295255661,0.9890000224113464,0.9495999813079834
YDR060W,YEL024W,0,-4.12371,0.09431622922420502,0.9890000224113464,0.9496999979019165
YPL092W,YLR276C,0,-4.1254883,0.09430723637342453,0.9890000224113464,0.9498000144958496
YHR007C,YMR179W,0,-4.1261883,0.09429824352264404,0.9890000224113464,0.9498999714851379
YIR009W,YOR348C,0,-4.1266804,0.09428925812244415,0.9890000224113464,0.949999988079071
YGR044C,YPR125W,0,-4.1290708,0.09428026527166367,0.9890000224113464,0.9501000046730042
YLR167W,YER029C,0,-4.1300483,0.09427127987146378,0.9890000224113464,0.9502000212669373
YNL283C,YGR221C,0,-4.130817,0.09426229447126389,0.9890000224113464,0.9502999782562256
YJR044C,YNL015W,0,-4.1314797,0.094253309071064,0.9890000224113464,0.9503999948501587
YOR298W,YHR178W,0,-4.1348796,0.0942443311214447,0.9890000224113464,0.9505000114440918
YLR102C,YNL169C,0,-4.135658,0.09423535317182541,0.9890000224113464,0.9506000280380249
YGR195W,YBL015W,0,-4.135686,0.09422637522220612,0.9890000224113464,0.9506999850273132
YLR055C,YMR136W,0,-4.135798,0.09421739727258682,0.9890000224113464,0.9508000016212463
YBL004W,YBL064C,0,-4.1362743,0.09420841932296753,0.9890000224113464,0.9509000182151794
YDR436W,YJR143C,0,-4.136951,0.09419944882392883,0.9890000224113464,0.9509999752044678
YPR139C,YBR126C,0,-4.1374965,0.09419047832489014,0.9890000224113464,0.9510999917984009
YGL213C,YBR214W,0,-4.1382937,0.09418150782585144,0.9890000224113464,0.951200008392334
YOR316C,YEL042W,0,-4.138518,0.09417253732681274,0.9890000224113464,0.9513000249862671
YHR094C,YDL024C,0,-4.1391616,0.09416357427835464,0.9890000224113464,0.9513999819755554
YDR492W,YOR089C,0,-4.1393313,0.09415461122989655,0.9890000224113464,0.9514999985694885
YCR031C,YKR060W,0,-4.1394544,0.09414564818143845,0.9890000224113464,0.9516000151634216
YBR126C,YML077W,0,-4.141313,0.09413668513298035,0.9890000224113464,0.95169997215271
YLR080W,YLR362W,0,-4.1419244,0.09412772208452225,0.9890000224113464,0.9517999887466431
YPR193C,YCR052W,1,-4.1419907,0.09421393275260925,0.9900000095367432,0.9517999887466431
YGR044C,YOR187W,0,-4.1423173,0.09420496970415115,0.9900000095367432,0.9519000053405762
YNL066W,YPL094C,0,-4.1449466,0.09419600665569305,0.9900000095367432,0.9520000219345093
YER052C,YOR040W,0,-4.145265,0.09418704360723495,0.9900000095367432,0.9520999789237976
YNL015W,YER029C,0,-4.145981,0.09417808055877686,0.9900000095367432,0.9521999955177307
YML118W,YGR172C,0,-4.147956,0.09416912496089935,0.9900000095367432,0.9523000121116638
YPR024W,YGR020C,0,-4.1484437,0.09416016936302185,0.9900000095367432,0.9524000287055969
YDR517W,YKL082C,0,-4.1496286,0.09415121376514435,0.9900000095367432,0.9524999856948853
YLR276C,YFR009W,0,-4.1500125,0.09414225816726685,0.9900000095367432,0.9526000022888184
YDR512C,YLR450W,0,-4.1506104,0.09413331001996994,0.9900000095367432,0.9527000188827515
YKL084W,YHL024W,0,-4.1530833,0.09412436187267303,0.9900000095367432,0.9527999758720398
YNR033W,YGR172C,0,-4.153142,0.09411541372537613,0.9900000095367432,0.9528999924659729
YBR135W,YPL164C,0,-4.1535993,0.09410646557807922,0.9900000095367432,0.953000009059906
YDL113C,YJL138C,0,-4.1537695,0.09409751743078232,0.9900000095367432,0.9531000256538391
YOL158C,YOL109W,0,-4.154495,0.09408857673406601,0.9900000095367432,0.9531999826431274
YOR173W,YFR004W,0,-4.155078,0.0940796360373497,0.9900000095367432,0.9532999992370605
YHR088W,YJR105W,0,-4.156757,0.09407069534063339,0.9900000095367432,0.9534000158309937
YNL048W,YKL026C,0,-4.156883,0.09406175464391708,0.9900000095367432,0.953499972820282
YJR143C,YER093C,0,-4.157752,0.09405282139778137,0.9900000095367432,0.9535999894142151
YDR043C,YDL095W,0,-4.157949,0.09404388815164566,0.9900000095367432,0.9537000060081482
YKL145W,YGL225W,0,-4.1589317,0.09403495490550995,0.9900000095367432,0.9538000226020813
YDL108W,YIL101C,0,-4.1592245,0.09402602165937424,0.9900000095367432,0.9538999795913696
YPR031W,YNL135C,1,-4.1597404,0.09411206096410751,0.9909999966621399,0.9538999795913696
YER103W,YGL028C,0,-4.161918,0.0941031277179718,0.9909999966621399,0.9539999961853027
YPL196W,YER122C,0,-4.1624727,0.0940941870212555,0.9909999966621399,0.9541000127792358
YER030W,YKR042W,1,-4.163344,0.09418019652366638,0.9919999837875366,0.9541000127792358
YNL261W,YNL135C,1,-4.1635427,0.09426618367433548,0.9929999709129333,0.9541000127792358
YKL007W,YOR207C,0,-4.164027,0.09425723552703857,0.9929999709129333,0.954200029373169
YDR272W,YMR128W,0,-4.164241,0.09424829483032227,0.9929999709129333,0.9542999863624573
YDR294C,YLR080W,0,-4.164751,0.09423934668302536,0.9929999709129333,0.9544000029563904
YLR055C,YDL223C,0,-4.1649094,0.09423040598630905,0.9929999709129333,0.9545000195503235
YNL049C,YJR156C,0,-4.165132,0.09422146528959274,0.9929999709129333,0.9545999765396118
YMR004W,YER118C,0,-4.1714306,0.09421252459287643,0.9929999709129333,0.9546999931335449
YPL120W,YGR044C,0,-4.1720314,0.09420358389616013,0.9929999709129333,0.954800009727478
YBR017C,YLR167W,0,-4.1732607,0.09419465065002441,0.9929999709129333,0.9549000263214111
YGL253W,YDL159W,0,-4.174565,0.0941857174038887,0.9929999709129333,0.9549999833106995
YBL088C,YCR005C,0,-4.1759334,0.09417678415775299,0.9929999709129333,0.9550999999046326
YOR298W,YHL020C,0,-4.17656,0.09416785091161728,0.9929999709129333,0.9552000164985657
YNR016C,YBL064C,0,-4.1781516,0.09415892511606216,0.9929999709129333,0.955299973487854
YGR253C,YEL024W,0,-4.178245,0.09414999186992645,0.9929999709129333,0.9553999900817871
YNR033W,YLR130C,0,-4.179491,0.09414106607437134,0.9929999709129333,0.9555000066757202
YDR436W,YLR291C,0,-4.1798677,0.09413214772939682,0.9929999709129333,0.9556000232696533
YOR208W,YCR031C,0,-4.18036,0.0941232219338417,0.9929999709129333,0.9556999802589417
YNL169C,YBL064C,0,-4.181092,0.09411430358886719,0.9929999709129333,0.9557999968528748
YER036C,YNR003C,0,-4.182109,0.09410538524389267,0.9929999709129333,0.9559000134468079
YMR135C,YFL038C,0,-4.1839848,0.09409646689891815,0.9929999709129333,0.9559999704360962
YNL169C,YOR028C,0,-4.1852555,0.09408754855394363,0.9929999709129333,0.9560999870300293
YCR020C,YLR047C,0,-4.185345,0.09407863765954971,0.9929999709129333,0.9562000036239624
YMR322C,YPR041W,0,-4.1857615,0.09406972676515579,0.9929999709129333,0.9563000202178955
YML076C,YLR378C,0,-4.1858683,0.09406081587076187,0.9929999709129333,0.9563999772071838
YCL052C,YDR449C,0,-4.1866474,0.09405190497636795,0.9929999709129333,0.9564999938011169
YGR161C,YGL233W,0,-4.187547,0.09404299408197403,0.9929999709129333,0.95660001039505
YMR050C,YBL100W-A,0,-4.1881766,0.0940340906381607,0.9929999709129333,0.9567000269889832
YGR080W,YLR167W,0,-4.18934,0.09402518719434738,0.9929999709129333,0.9567999839782715
YGL017W,YPL196W,0,-4.1894526,0.09401628375053406,0.9929999709129333,0.9569000005722046
YPL249C,YER036C,0,-4.190047,0.09400738775730133,0.9929999709129333,0.9570000171661377
YHR007C,YCR020C,0,-4.1904154,0.093998484313488,0.9929999709129333,0.957099974155426
YOR327C,YDR492W,0,-4.190673,0.09398958832025528,0.9929999709129333,0.9571999907493591
YGL120C,YNL314W,0,-4.190885,0.09398069232702255,0.9929999709129333,0.9573000073432922
YFR001W,YPL092W,0,-4.1912937,0.09397179633378983,0.9929999709129333,0.9574000239372253
YGL253W,YIR011C,0,-4.191333,0.0939629077911377,0.9929999709129333,0.9574999809265137
YOR327C,YGR204W,0,-4.1925507,0.09395401924848557,0.9929999709129333,0.9575999975204468
YNL066W,YIL007C,0,-4.194105,0.09394513070583344,0.9929999709129333,0.9577000141143799
YLR113W,YCR018C,0,-4.194631,0.0939362421631813,0.9929999709129333,0.9577999711036682
YBL015W,YOR117W,0,-4.1947727,0.09392735362052917,0.9929999709129333,0.9578999876976013
YKR067W,YHL007C,0,-4.195591,0.09391847252845764,0.9929999709129333,0.9580000042915344
YJR059W,YNR003C,0,-4.196454,0.09390959143638611,0.9929999709129333,0.9581000208854675
YFR001W,YKL148C,0,-4.197978,0.09390071034431458,0.9929999709129333,0.9581999778747559
YGL181W,YBL064C,0,-4.198176,0.09389182925224304,0.9929999709129333,0.958299994468689
YDR512C,YOR178C,0,-4.1996975,0.0938829556107521,0.9929999709129333,0.9584000110626221
YOL086C,YDR088C,0,-4.1998396,0.09387408196926117,0.9929999709129333,0.9585000276565552
YGL158W,YDR011W,0,-4.201454,0.09386520832777023,0.9929999709129333,0.9585999846458435
YLR102C,YMR309C,0,-4.2026143,0.0938563346862793,0.9929999709129333,0.9587000012397766
YKL141W,YMR136W,0,-4.2047358,0.09384746104478836,0.9929999709129333,0.9588000178337097
YGL253W,YNR057C,0,-4.205538,0.09383859485387802,0.9929999709129333,0.958899974822998
YIL125W,YOL097C,0,-4.2076035,0.09382972866296768,0.9929999709129333,0.9589999914169312
YGR161C,YDR342C,0,-4.210378,0.09382086247205734,0.9929999709129333,0.9591000080108643
YDL223C,YMR207C,0,-4.211292,0.093811996281147,0.9929999709129333,0.9592000246047974
YOR040W,YDR038C,0,-4.211335,0.09380313754081726,0.9929999709129333,0.9592999815940857
YDR060W,YDR069C,0,-4.211838,0.09379427880048752,0.9929999709129333,0.9593999981880188
YDL130W,YDL046W,0,-4.2128916,0.09378542006015778,0.9929999709129333,0.9595000147819519
YMR212C,YOL111C,0,-4.213002,0.09377656131982803,0.9929999709129333,0.9595999717712402
YLR032W,YGL253W,0,-4.2131224,0.09376770257949829,0.9929999709129333,0.9596999883651733
YDR054C,YGL225W,0,-4.2132506,0.09375885128974915,0.9929999709129333,0.9598000049591064
YHR088W,YOR116C,0,-4.213815,0.09375,0.9929999709129333,0.9599000215530396
YLR150W,YCR031C,0,-4.21386,0.09374114871025085,0.9929999709129333,0.9599999785423279
YKL049C,YDR516C,0,-4.214185,0.0937323048710823,0.9929999709129333,0.960099995136261
YLR449W,YDR225W,1,-4.2147303,0.09381783753633499,0.9940000176429749,0.960099995136261
YHR066W,YOL077C,0,-4.2160864,0.09380898624658585,0.9940000176429749,0.9602000117301941
YGL120C,YKL213C,0,-4.2180843,0.0938001349568367,0.9940000176429749,0.9603000283241272
YOR388C,YCL044C,0,-4.220893,0.09379128366708755,0.9940000176429749,0.9603999853134155
YER062C,YBL046W,0,-4.2218137,0.09378243237733841,0.9940000176429749,0.9605000019073486
YPR168W,YOR348C,0,-4.22243,0.09377358853816986,0.9940000176429749,0.9606000185012817
YDR299W,YGR162W,0,-4.2224393,0.09376473724842072,0.9940000176429749,0.9606999754905701
YMR125W,YIL101C,0,-4.223479,0.09375589340925217,0.9940000176429749,0.9607999920845032
YML085C,YPR101W,0,-4.224859,0.09374704957008362,0.9940000176429749,0.9609000086784363
YDL223C,YBR086C,0,-4.2266293,0.09373821318149567,0.9940000176429749,0.9610000252723694
YLR221C,YML042W,0,-4.2266645,0.09372936934232712,0.9940000176429749,0.9610999822616577
YPL037C,YOR341W,0,-4.227503,0.09372053295373917,0.9940000176429749,0.9611999988555908
YIR028W,YDL051W,0,-4.2275434,0.09371169656515121,0.9940000176429749,0.9613000154495239
YMR100W,YMR303C,0,-4.2279043,0.09370286762714386,0.9940000176429749,0.9613999724388123
YER190W,YCR005C,0,-4.228036,0.09369403123855591,0.9940000176429749,0.9614999890327454
YHR066W,YLR450W,0,-4.229265,0.09368520230054855,0.9940000176429749,0.9616000056266785
YJR156C,YDR025W,0,-4.229695,0.0936763733625412,0.9940000176429749,0.9617000222206116
YNR058W,YGR204W,0,-4.230027,0.09366754442453384,0.9940000176429749,0.9617999792098999
YBR126C,YGL043W,0,-4.2307763,0.09365872293710709,0.9940000176429749,0.961899995803833
YPR143W,YPL196W,0,-4.232609,0.09364989399909973,0.9940000176429749,0.9620000123977661
YOR173W,YDR113C,0,-4.2340684,0.09364107251167297,0.9940000176429749,0.9621000289916992
YMR117C,YHR094C,0,-4.2379746,0.09363225102424622,0.9940000176429749,0.9621999859809875
YBR173C,YBR214W,0,-4.238063,0.09362343698740005,0.9940000176429749,0.9623000025749207
YHR088W,YOR208W,0,-4.2395616,0.0936146154999733,0.9940000176429749,0.9624000191688538
YLR398C,YGL191W,0,-4.2400947,0.09360580146312714,0.9940000176429749,0.9624999761581421
YDL046W,YMR081C,0,-4.2403383,0.09359698742628098,0.9940000176429749,0.9625999927520752
YDR465C,YML094W,0,-4.2410703,0.09358817338943481,0.9940000176429749,0.9627000093460083
YLL001W,YGR204W,0,-4.241321,0.09357936680316925,0.9940000176429749,0.9628000259399414
YER036C,YPR110C,0,-4.242176,0.09357055276632309,0.9940000176429749,0.9628999829292297
YGL225W,YPL050C,0,-4.2431226,0.09356174618005753,0.9940000176429749,0.9629999995231628
YGR286C,YGL094C,0,-4.2432323,0.09355293959379196,0.9940000176429749,0.963100016117096
YOR201C,YML024W,0,-4.2435107,0.093544140458107,0.9940000176429749,0.9631999731063843
YDL130W,YLR167W,0,-4.2441764,0.09353533387184143,0.9940000176429749,0.9632999897003174
YOR348C,YBR055C,0,-4.244575,0.09352653473615646,0.9940000176429749,0.9634000062942505
YMR303C,YGL130W,0,-4.2461257,0.0935177356004715,0.9940000176429749,0.9635000228881836
YNL244C,YDL060W,0,-4.2463765,0.09350893646478653,0.9940000176429749,0.9635999798774719
YCR005C,YER145C,0,-4.2466736,0.09350014477968216,0.9940000176429749,0.963699996471405
YOR145C,YLR113W,0,-4.247769,0.09349134564399719,0.9940000176429749,0.9638000130653381
YGL225W,YIL101C,0,-4.249518,0.09348255395889282,0.9940000176429749,0.9639000296592712
YOR173W,YBR213W,0,-4.2574134,0.09347376227378845,0.9940000176429749,0.9639999866485596
YGR080W,YDR184C,0,-4.2575374,0.09346497058868408,0.9940000176429749,0.9641000032424927
YOR020C,YIL121W,0,-4.257775,0.09345618635416031,0.9940000176429749,0.9642000198364258
YOR115C,YBL064C,0,-4.2582064,0.09344740211963654,0.9940000176429749,0.9642999768257141
YHR066W,YBR084W,0,-4.2598557,0.09343861788511276,0.9940000176429749,0.9643999934196472
YDR465C,YLL036C,0,-4.2604995,0.09342983365058899,0.9940000176429749,0.9645000100135803
YOR120W,YAL029C,0,-4.261732,0.09342104941606522,0.9940000176429749,0.9646000266075134
YER143W,YNL048W,0,-4.262162,0.09341227263212204,0.9940000176429749,0.9646999835968018
YOR067C,YOR348C,0,-4.265232,0.09340349584817886,0.9940000176429749,0.9648000001907349
YIL007C,YOR207C,0,-4.2655387,0.09339471906423569,0.9940000176429749,0.964900016784668
YPL164C,YGL253W,0,-4.2660713,0.09338594228029251,0.9940000176429749,0.9649999737739563
YPL204W,YKL026C,0,-4.2680397,0.09337717294692993,0.9940000176429749,0.9650999903678894
YKL204W,YPL179W,0,-4.2686276,0.09336840361356735,0.9940000176429749,0.9652000069618225
YPL266W,YLR074C,0,-4.269109,0.09335963428020477,0.9940000176429749,0.9653000235557556
YLR074C,YKL213C,0,-4.2696533,0.0933508649468422,0.9940000176429749,0.965399980545044
YER052C,YGR044C,0,-4.2697124,0.09334209561347961,0.9940000176429749,0.965499997138977
YGL191W,YFR009W,0,-4.2697353,0.09333333373069763,0.9940000176429749,0.9656000137329102
YOR388C,YGL253W,0,-4.274433,0.09332457184791565,0.9940000176429749,0.9656999707221985
YDL153C,YDR110W,1,-4.2763953,0.09340968728065491,0.9950000047683716,0.9656999707221985
YPL092W,YNL051W,0,-4.2770147,0.09340091794729233,0.9950000047683716,0.9657999873161316
YNL133C,YML048W,0,-4.277201,0.09339215606451035,0.9950000047683716,0.9659000039100647
YLR092W,YDR516C,0,-4.27839,0.09338338673114777,0.9950000047683716,0.9660000205039978
YDR517W,YBR119W,0,-4.278492,0.09337462484836578,0.9950000047683716,0.9660999774932861
YJL116C,YPL267W,0,-4.283749,0.0933658629655838,0.9950000047683716,0.9661999940872192
YDR523C,YGR037C,0,-4.287029,0.09335710108280182,0.9950000047683716,0.9663000106811523
YMR239C,YDR513W,0,-4.287031,0.09334834665060043,0.9950000047683716,0.9664000272750854
YDR043C,YOR153W,0,-4.288495,0.09333958476781845,0.9950000047683716,0.9664999842643738
YHR065C,YLL008W,0,-4.2886143,0.09333083033561707,0.9950000047683716,0.9666000008583069
YDR294C,YNL093W,0,-4.2888002,0.09332207590341568,0.9950000047683716,0.96670001745224
YGL133W,YJL080C,1,-4.290652,0.09340710937976837,0.9959999918937683,0.96670001745224
YMR030W,YDR156W,0,-4.290678,0.09339834749698639,0.9959999918937683,0.9667999744415283
YBR153W,YOR120W,0,-4.2938743,0.093389593064785,0.9959999918937683,0.9668999910354614
YJR137C,YDR412W,0,-4.2947803,0.09338083863258362,0.9959999918937683,0.9670000076293945
YGR253C,YJL138C,0,-4.29575,0.09337208420038223,0.9959999918937683,0.9671000242233276
YLR409C,YDR272W,0,-4.2960157,0.09336332976818085,0.9959999918937683,0.967199981212616
YGR103W,YBL004W,0,-4.2977715,0.09335457533597946,0.9959999918937683,0.9672999978065491
YDR508C,YMR303C,0,-4.3013453,0.09334582835435867,0.9959999918937683,0.9674000144004822
YBR214W,YHR077C,0,-4.3021092,0.09333708137273788,0.9959999918937683,0.9674999713897705
YHR143W,YBL015W,0,-4.30212,0.0933283343911171,0.9959999918937683,0.9675999879837036
YOL086C,YGL153W,0,-4.3023195,0.0933195948600769,0.9959999918937683,0.9677000045776367
YER049W,YDL024C,0,-4.303062,0.09331084787845612,0.9959999918937683,0.9678000211715698
YDR120C,YOR116C,0,-4.3052382,0.09330210834741592,0.9959999918937683,0.9678999781608582
YBL085W,YJL116C,0,-4.305511,0.09329336881637573,0.9959999918937683,0.9679999947547913
YDR436W,YPR041W,0,-4.3055873,0.09328462928533554,0.9959999918937683,0.9681000113487244
YKL141W,YOR043W,0,-4.3069863,0.09327589720487595,0.9959999918937683,0.9682000279426575
YOR359W,YOR145C,0,-4.307264,0.09326715767383575,0.9959999918937683,0.9682999849319458
YPR175W,YMR136W,0,-4.3083353,0.09325842559337616,0.9959999918937683,0.9684000015258789
YOR353C,YBR214W,0,-4.3085313,0.09324969351291656,0.9959999918937683,0.968500018119812
YPR167C,YCL038C,0,-4.313022,0.09324096888303757,0.9959999918937683,0.9685999751091003
YIL052C,YLR276C,0,-4.313414,0.09323223680257797,0.9959999918937683,0.9686999917030334
YGL191W,YBR069C,0,-4.3138614,0.09322351217269897,0.9959999918937683,0.9688000082969666
YOR120W,YPR088C,0,-4.313978,0.09321478754281998,0.9959999918937683,0.9689000248908997
YMR030W,YGR204W,0,-4.314618,0.09320606291294098,0.9959999918937683,0.968999981880188
YML060W,YEL042W,0,-4.3153005,0.09319734573364258,0.9959999918937683,0.9690999984741211
YKL188C,YML124C,0,-4.320441,0.09318862110376358,0.9959999918937683,0.9692000150680542
YGR289C,YKL013C,0,-4.320845,0.09317990392446518,0.9959999918937683,0.9692999720573425
YBR126C,YFR050C,0,-4.3212175,0.09317118674516678,0.9959999918937683,0.9693999886512756
YJL222W,YNL071W,0,-4.3221965,0.09316246956586838,0.9959999918937683,0.9695000052452087
YER002W,YCR031C,0,-4.323133,0.09315375983715057,0.9959999918937683,0.9696000218391418
YGR286C,YLR136C,0,-4.325393,0.09314505010843277,0.9959999918937683,0.9696999788284302
YOR298W,YOR120W,0,-4.325547,0.09313634037971497,0.9959999918937683,0.9697999954223633
YKL026C,YOR207C,0,-4.3266044,0.09312763065099716,0.9959999918937683,0.9699000120162964
YNL169C,YBR117C,0,-4.3266826,0.09311892092227936,0.9959999918937683,0.9700000286102295
YGR206W,YJR137C,0,-4.32706,0.09311021864414215,0.9959999918937683,0.9700999855995178
YBL046W,YMR303C,0,-4.32839,0.09310151636600494,0.9959999918937683,0.9702000021934509
YNL066W,YKL120W,0,-4.3319144,0.09309281408786774,0.9959999918937683,0.970300018787384
YGR020C,YBL030C,0,-4.3339744,0.09308411180973053,0.9959999918937683,0.9703999757766724
YLR196W,YKL213C,0,-4.334354,0.09307541698217392,0.9959999918937683,0.9704999923706055
YDR294C,YNL080C,0,-4.335593,0.09306671470403671,0.9959999918937683,0.9706000089645386
YHR066W,YDL015C,0,-4.3357234,0.0930580198764801,0.9959999918937683,0.9707000255584717
YLR383W,YMR303C,0,-4.344287,0.09304932504892349,0.9959999918937683,0.97079998254776
YIL125W,YER145C,0,-4.3450885,0.09304063767194748,0.9959999918937683,0.9708999991416931
YOR054C,YBR069C,0,-4.3464518,0.09303194284439087,0.9959999918937683,0.9710000157356262
YOL033W,YDR025W,0,-4.3464646,0.09302325546741486,0.9959999918937683,0.9710999727249146
YOR244W,YJL080C,1,-4.350229,0.09310795366764069,0.996999979019165,0.9710999727249146
YLR172C,YGR245C,0,-4.3513646,0.09309925884008408,0.996999979019165,0.9711999893188477
YDR470C,YER103W,0,-4.3525825,0.09309057146310806,0.996999979019165,0.9713000059127808
YLR080W,YOR208W,0,-4.352782,0.09308187663555145,0.996999979019165,0.9714000225067139
YER129W,YDR513W,0,-4.35695,0.09307318925857544,0.996999979019165,0.9714999794960022
YNL015W,YPL050C,0,-4.3577166,0.09306450188159943,0.996999979019165,0.9715999960899353
YGL047W,YAL038W,0,-4.357775,0.09305581450462341,0.996999979019165,0.9717000126838684
YER056C,YGL191W,0,-4.357944,0.0930471271276474,0.996999979019165,0.9718000292778015
YLR324W,YOR047C,0,-4.361098,0.09303844720125198,0.996999979019165,0.9718999862670898
YNL015W,YIL115C,0,-4.365498,0.09302976727485657,0.996999979019165,0.972000002861023
YDR342C,YLL027W,0,-4.366518,0.09302108734846115,0.996999979019165,0.972100019454956
YGR286C,YNL283C,0,-4.368081,0.09301240742206573,0.996999979019165,0.9721999764442444
YKR026C,YLR080W,0,-4.3681626,0.09300373494625092,0.996999979019165,0.9722999930381775
YNL119W,YGR162W,0,-4.3687987,0.0929950550198555,0.996999979019165,0.9724000096321106
YER143W,YIL052C,0,-4.3711395,0.09298638254404068,0.996999979019165,0.9725000262260437
YPL214C,YCR047C,0,-4.371683,0.09297771006822586,0.996999979019165,0.972599983215332
YIR009W,YJR077C,0,-4.3724103,0.09296904504299164,0.996999979019165,0.9726999998092651
YFR004W,YAL023C,0,-4.3742995,0.09296037256717682,0.996999979019165,0.9728000164031982
YGR289C,YIL135C,0,-4.375674,0.0929517075419426,0.996999979019165,0.9728999733924866
YPL217C,YPR010C,0,-4.3771043,0.09294304251670837,0.996999979019165,0.9729999899864197
YDR072C,YNL036W,0,-4.3800874,0.09293437749147415,0.996999979019165,0.9731000065803528
YLR291C,YBL064C,0,-4.3824673,0.09292571246623993,0.996999979019165,0.9732000231742859
YML104C,YER103W,0,-4.383292,0.0929170548915863,0.996999979019165,0.9732999801635742
YER002W,YOR341W,0,-4.383451,0.09290839731693268,0.996999979019165,0.9733999967575073
YGR161C,YJR077C,0,-4.386115,0.09289973974227905,0.996999979019165,0.9735000133514404
YML121W,YDL051W,0,-4.387697,0.09289108216762543,0.996999979019165,0.9735999703407288
YDR342C,YLR362W,0,-4.3884025,0.0928824320435524,0.996999979019165,0.9736999869346619
YLR129W,YBR034C,0,-4.388881,0.09287377446889877,0.996999979019165,0.973800003528595
YKR025W,YBR247C,0,-4.3910584,0.09286512434482574,0.996999979019165,0.9739000201225281
YOL011W,YPL065W,0,-4.3918757,0.09285647422075272,0.996999979019165,0.9739999771118164
YBR126C,YBL046W,0,-4.393869,0.09284783154726028,0.996999979019165,0.9740999937057495
YPR024W,YER103W,0,-4.394245,0.09283918142318726,0.996999979019165,0.9742000102996826
YKR067W,YFR009W,0,-4.394256,0.09283053874969482,0.996999979019165,0.9743000268936157
YML094W,YPR102C,0,-4.39436,0.09282189607620239,0.996999979019165,0.974399983882904
YBL015W,YNL256W,0,-4.396563,0.09281325340270996,0.996999979019165,0.9745000004768372
YHL027W,YBL064C,0,-4.3975296,0.09280461817979813,0.996999979019165,0.9746000170707703
YOL086C,YBR200W,0,-4.4000907,0.0927959755063057,0.996999979019165,0.9746999740600586
YMR273C,YDR225W,1,-4.4000926,0.09288041293621063,0.9980000257492065,0.9746999740600586
YKR067W,YEL042W,0,-4.4001813,0.0928717628121376,0.9980000257492065,0.9747999906539917
YER052C,YMR023C,0,-4.400905,0.09286312758922577,0.9980000257492065,0.9749000072479248
YPR102C,YJL179W,0,-4.401446,0.09285448491573334,0.9980000257492065,0.9750000238418579
YMR186W,YBL015W,0,-4.407717,0.0928458496928215,0.9980000257492065,0.9750999808311462
YNR043W,YNL015W,0,-4.40827,0.09283720701932907,0.9980000257492065,0.9751999974250793
YOR173W,YHR164C,0,-4.4083858,0.09282857179641724,0.9980000257492065,0.9753000140190125
YOL086C,YDR030C,0,-4.4106383,0.092819944024086,0.9980000257492065,0.9753999710083008
YMR239C,YKL014C,0,-4.411698,0.09281130880117416,0.9980000257492065,0.9754999876022339
YDR436W,YFR001W,0,-4.414928,0.09280268102884293,0.9980000257492065,0.975600004196167
YDR043C,YDR384C,0,-4.4154625,0.09279404580593109,0.9980000257492065,0.9757000207901001
YDR299W,YAL059W,0,-4.416733,0.09278542548418045,0.9980000257492065,0.9757999777793884
YGR195W,YBL064C,0,-4.419085,0.09277679771184921,0.9980000257492065,0.9758999943733215
YKL026C,YBR069C,0,-4.419724,0.09276816993951797,0.9980000257492065,0.9760000109672546
YJL222W,YAL023C,0,-4.4201083,0.09275954961776733,0.9980000257492065,0.9761000275611877
YPL196W,YHR098C,0,-4.4254985,0.0927509292960167,0.9980000257492065,0.9761999845504761
YAL038W,YMR125W,0,-4.4259567,0.09274230897426605,0.9980000257492065,0.9763000011444092
YMR135C,YBR034C,0,-4.426213,0.09273369610309601,0.9980000257492065,0.9764000177383423
YDR436W,YHR085W,0,-4.427716,0.09272507578134537,0.9980000257492065,0.9764999747276306
YKL140W,YDR156W,0,-4.428516,0.09271646291017532,0.9980000257492065,0.9765999913215637
YGL253W,YML118W,0,-4.431128,0.09270785003900528,0.9980000257492065,0.9767000079154968
YPL249C,YLR196W,0,-4.435496,0.09269923716783524,0.9980000257492065,0.9768000245094299
YBR247C,YHL024W,0,-4.4375834,0.09269063174724579,0.9980000257492065,0.9768999814987183
YOL077C,YDR060W,0,-4.4379826,0.09268201887607574,0.9980000257492065,0.9769999980926514
YHR094C,YBR084W,0,-4.4412856,0.0926734134554863,0.9980000257492065,0.9771000146865845
YDL223C,YHR143W,0,-4.442528,0.09266480803489685,0.9980000257492065,0.9771999716758728
YPL196W,YGR241C,0,-4.443395,0.092656210064888,0.9980000257492065,0.9772999882698059
YOR317W,YOR341W,0,-4.4457855,0.09264760464429855,0.9980000257492065,0.977400004863739
YPR107C,YGR204W,0,-4.4470086,0.0926390066742897,0.9980000257492065,0.9775000214576721
YDR516C,YDR069C,0,-4.448069,0.09263040870428085,0.9980000257492065,0.9775999784469604
YHR085W,YDR513W,0,-4.450027,0.092621810734272,0.9980000257492065,0.9776999950408936
YDR011W,YDL024C,0,-4.450401,0.09261321276426315,0.9980000257492065,0.9778000116348267
YER143W,YER025W,0,-4.4505057,0.0926046222448349,0.9980000257492065,0.9779000282287598
YMR322C,YPL019C,0,-4.4505644,0.09259603172540665,0.9980000257492065,0.9779999852180481
YHR092C,YMR136W,0,-4.453768,0.0925874412059784,0.9980000257492065,0.9781000018119812
YDR342C,YLR383W,0,-4.4588885,0.09257885068655014,0.9980000257492065,0.9782000184059143
YGL181W,YAL059W,0,-4.4606943,0.09257026016712189,0.9980000257492065,0.9782999753952026
YLR080W,YLR196W,0,-4.4609246,0.09256167709827423,0.9980000257492065,0.9783999919891357
YLL038C,YBL064C,0,-4.461768,0.09255309402942657,0.9980000257492065,0.9785000085830688
YBL030C,YDL024C,0,-4.4626393,0.09254451096057892,0.9980000257492065,0.978600025177002
YLR340W,YNL119W,0,-4.4653053,0.09253592789173126,0.9980000257492065,0.9786999821662903
YOR040W,YFR009W,0,-4.4694495,0.0925273522734642,0.9980000257492065,0.9787999987602234
YER056C,YLR167W,0,-4.470773,0.09251876920461655,0.9980000257492065,0.9789000153541565
YER173W,YKL026C,0,-4.47401,0.09251019358634949,0.9980000257492065,0.9789999723434448
YOL086C,YCL034W,0,-4.4751782,0.09250162541866302,0.9980000257492065,0.9790999889373779
YPR010C,YGL096W,0,-4.4751945,0.09249304980039597,0.9980000257492065,0.979200005531311
YOL100W,YJR047C,0,-4.4840236,0.0924844741821289,0.9980000257492065,0.9793000221252441
YLR449W,YDL153C,1,-4.485283,0.09256856888532639,0.9990000128746033,0.9793000221252441
YNL002C,YNR003C,0,-4.486546,0.09255999326705933,0.9990000128746033,0.9793999791145325
YML094W,YDR492W,0,-4.4896045,0.09255141764879227,0.9990000128746033,0.9794999957084656
YCL052C,YPR110C,0,-4.490192,0.09254284203052521,0.9990000128746033,0.9796000123023987
YHR065C,YDL015C,0,-4.4904737,0.09253427386283875,0.9990000128746033,0.9797000288963318
YGL187C,YJL219W,0,-4.496407,0.09252569824457169,0.9990000128746033,0.9797999858856201
YHR065C,YJL116C,0,-4.498036,0.09251713007688522,0.9990000128746033,0.9799000024795532
YOR208W,YKL148C,0,-4.499412,0.09250856190919876,0.9990000128746033,0.9800000190734863
YGR162W,YOR122C,0,-4.4994135,0.0925000011920929,0.9990000128746033,0.9800999760627747
YGR209C,YDL046W,0,-4.4995584,0.09249143302440643,0.9990000128746033,0.9801999926567078
YJL116C,YBR244W,0,-4.505505,0.09248287230730057,0.9990000128746033,0.9803000092506409
YBR214W,YKR099W,0,-4.5087256,0.0924743115901947,0.9990000128746033,0.980400025844574
YPL015C,YDR224C,1,-4.509258,0.09255830943584442,1.0,0.980400025844574
YNL156C,YBR069C,0,-4.5093436,0.09254974871873856,1.0,0.9804999828338623
YBR265W,YDR513W,0,-4.5098386,0.0925411805510521,1.0,0.9805999994277954
YMR309C,YKR026C,0,-4.512235,0.09253261983394623,1.0,0.9807000160217285
YPL196W,YKR067W,0,-4.5167766,0.09252405911684036,1.0,0.9807999730110168
YGR142W,YDR513W,0,-4.5179443,0.0925154983997345,1.0,0.98089998960495
YBR135W,YLR080W,0,-4.5181704,0.09250693768262863,1.0,0.9810000061988831
YGL253W,YDR427W,0,-4.518213,0.09249838441610336,1.0,0.9811000227928162
YOR115C,YGL225W,0,-4.5192966,0.0924898236989975,1.0,0.9811999797821045
YML042W,YPL092W,0,-4.5223684,0.09248127043247223,1.0,0.9812999963760376
YMR292W,YLR167W,0,-4.52273,0.09247271716594696,1.0,0.9814000129699707
YBR126C,YOR253W,0,-4.522961,0.09246417135000229,1.0,0.9815000295639038
YPR024W,YML024W,0,-4.5242863,0.09245561808347702,1.0,0.9815999865531921
YNL244C,YIL101C,0,-4.524362,0.09244707226753235,1.0,0.9817000031471252
YOR043W,YER062C,0,-4.5266404,0.09243852645158768,1.0,0.9818000197410583
YDR384C,YDR069C,0,-4.528046,0.092429980635643,1.0,0.9818999767303467
YOR348C,YNR003C,0,-4.5287967,0.09242144227027893,1.0,0.9819999933242798
YER052C,YDL056W,0,-4.531989,0.09241290390491486,1.0,0.9821000099182129
YDL130W,YIL007C,0,-4.5320582,0.09240435808897018,1.0,0.982200026512146
YML094W,YDR449C,0,-4.5416503,0.0923958271741867,1.0,0.9822999835014343
YJR047C,YER093C,0,-4.5418057,0.09238728880882263,1.0,0.9824000000953674
YBR298C,YPL019C,0,-4.544125,0.09237875044345856,1.0,0.9825000166893005
YPL094C,YMR136W,0,-4.5468407,0.09237021952867508,1.0,0.9825999736785889
YOR348C,YOR259C,0,-4.5511127,0.0923616886138916,1.0,0.982699990272522
YDL223C,YGL043W,0,-4.5543823,0.09235315769910812,1.0,0.9828000068664551
YMR135C,YJL138C,0,-4.5566573,0.09234462678432465,1.0,0.9829000234603882
YKL141W,YBL015W,0,-4.558537,0.09233610332012177,1.0,0.9829999804496765
YCR005C,YOR028C,0,-4.568643,0.09232757985591888,1.0,0.9830999970436096
YDL065C,YMR136W,0,-4.569004,0.092319056391716,1.0,0.9832000136375427
YDR412W,YKL120W,0,-4.5692196,0.09231053292751312,1.0,0.983299970626831
YOL086C,YGL187C,0,-4.5731463,0.09230200946331024,1.0,0.9833999872207642
YLL040C,YPR102C,0,-4.573371,0.09229349344968796,1.0,0.9835000038146973
YHR066W,YER002W,0,-4.57426,0.09228497743606567,1.0,0.9836000204086304
YDL046W,YGR161C,0,-4.576196,0.09227646142244339,1.0,0.9836999773979187
YDR004W,YDR516C,0,-4.5769444,0.0922679454088211,1.0,0.9837999939918518
YBR126C,YDR492W,0,-4.58957,0.09225943684577942,1.0,0.9839000105857849
YBR135W,YHL024W,0,-4.5903635,0.09225092083215714,1.0,0.984000027179718
YDR045C,YDR516C,0,-4.5904765,0.09224241226911545,1.0,0.9840999841690063
YLR167W,YBL015W,0,-4.5908875,0.09223390370607376,1.0,0.9842000007629395
YPL095C,YGL120C,0,-4.592359,0.09222540259361267,1.0,0.9843000173568726
YKR085C,YHR094C,0,-4.592814,0.09221689403057098,1.0,0.9843999743461609
YOL125W,YBR214W,0,-4.592855,0.0922083929181099,1.0,0.984499990940094
YLR362W,YEL042W,0,-4.593245,0.0921998918056488,1.0,0.9846000075340271
YER025W,YPR110C,0,-4.593806,0.09219139069318771,1.0,0.9847000241279602
YGR286C,YJR001W,0,-4.5953064,0.09218288958072662,1.0,0.9847999811172485
YBR126C,YLR167W,0,-4.595863,0.09217439591884613,1.0,0.9848999977111816
YOL111C,YBR034C,0,-4.601996,0.09216590225696564,1.0,0.9850000143051147
YOL086C,YGR046W,0,-4.6037974,0.09215740114450455,1.0,0.9850999712944031
YGR080W,YNL066W,0,-4.6107116,0.09214891493320465,1.0,0.9851999878883362
YLR196W,YNL292W,0,-4.6218495,0.09214042127132416,1.0,0.9853000044822693
YGL181W,YDL051W,0,-4.622725,0.09213193506002426,1.0,0.9854000210762024
YOR143C,YAL059W,0,-4.6228285,0.09212344884872437,1.0,0.9854999780654907
YLR221C,YFR001W,0,-4.6277704,0.09211496263742447,1.0,0.9855999946594238
YOL109W,YFR047C,0,-4.6302094,0.09210647642612457,1.0,0.9857000112533569
YHR111W,YJR047C,0,-4.6305747,0.09209799021482468,1.0,0.98580002784729
YLL008W,YMR239C,0,-4.6308703,0.09208951145410538,1.0,0.9858999848365784
YCR005C,YGR245C,0,-4.634233,0.09208103269338608,1.0,0.9860000014305115
YEL024W,YDR069C,0,-4.6347737,0.09207255393266678,1.0,0.9861000180244446
YHR143W,YLR080W,0,-4.6403584,0.09206407517194748,1.0,0.9861999750137329
YGL211W,YER103W,0,-4.642986,0.09205560386180878,1.0,0.986299991607666
YHR066W,YAL059W,0,-4.644281,0.09204712510108948,1.0,0.9864000082015991
YLR196W,YCL038C,0,-4.6457825,0.09203865379095078,1.0,0.9865000247955322
YLR080W,YDL060W,0,-4.6589255,0.09203018248081207,1.0,0.9865999817848206
YGR245C,YDR449C,0,-4.6610384,0.09202171862125397,1.0,0.9866999983787537
YOR173W,YML075C,0,-4.661273,0.09201324731111526,1.0,0.9868000149726868
YLR276C,YNL292W,0,-4.664163,0.09200478345155716,1.0,0.9868999719619751
YNR058W,YLR092W,0,-4.670831,0.09199631959199905,1.0,0.9869999885559082
YMR255W,YGL253W,0,-4.670999,0.09198785573244095,1.0,0.9871000051498413
YPL249C,YIL052C,0,-4.673357,0.09197939932346344,1.0,0.9872000217437744
YLR074C,YKL026C,0,-4.673898,0.09197093546390533,1.0,0.9872999787330627
YMR227C,YBR214W,0,-4.677728,0.09196247905492783,1.0,0.9873999953269958
YLR102C,YJL012C,0,-4.6851764,0.09195402264595032,1.0,0.987500011920929
YJR047C,YMR025W,0,-4.6884513,0.09194556623697281,1.0,0.9876000285148621
YPL120W,YGR204W,0,-4.6899824,0.0919371172785759,1.0,0.9876999855041504
YIL007C,YGL253W,0,-4.6916213,0.09192866086959839,1.0,0.9878000020980835
YJL219W,YML024W,0,-4.691796,0.09192021191120148,1.0,0.9879000186920166
YML060W,YMR128W,0,-4.6961613,0.09191176295280457,1.0,0.9879999756813049
YJR047C,YML075C,0,-4.698539,0.09190331399440765,1.0,0.988099992275238
YDL223C,YHR206W,0,-4.700464,0.09189487248659134,1.0,0.9882000088691711
YMR322C,YPL037C,0,-4.708506,0.09188643097877502,1.0,0.9883000254631042
YEL012W,YGR175C,0,-4.7116833,0.09187798947095871,1.0,0.9883999824523926
YDL223C,YNL048W,0,-4.716412,0.0918695479631424,1.0,0.9884999990463257
YPL050C,YIL101C,0,-4.719896,0.09186110645532608,1.0,0.9886000156402588
YPR102C,YER104W,0,-4.722359,0.09185266494750977,1.0,0.9886999726295471
YIL007C,YGR204W,0,-4.7231307,0.09184423089027405,1.0,0.9887999892234802
YOR116C,YLR196W,0,-4.730352,0.09183579683303833,1.0,0.9889000058174133
YPR108W,YBR214W,0,-4.7311926,0.09182736277580261,1.0,0.9890000224113464
YHR206W,YOR120W,0,-4.7378345,0.09181893616914749,1.0,0.9890999794006348
YER122C,YER103W,0,-4.740207,0.09181050211191177,1.0,0.9891999959945679
YML121W,YER103W,0,-4.740973,0.09180207550525665,1.0,0.989300012588501
YPL095C,YLR172C,0,-4.742306,0.09179364889860153,1.0,0.9894000291824341
YPL036W,YHR129C,0,-4.747056,0.09178522229194641,1.0,0.9894999861717224
YER143W,YJL157C,0,-4.750985,0.09177679568529129,1.0,0.9896000027656555
YOR327C,YDR384C,0,-4.7626157,0.09176837652921677,1.0,0.9897000193595886
YPL178W,YDL223C,0,-4.765578,0.09175995737314224,1.0,0.989799976348877
YDR299W,YGL225W,0,-4.7726445,0.09175153821706772,1.0,0.9898999929428101
YBL007C,YDR492W,0,-4.775864,0.0917431190609932,1.0,0.9900000095367432
YGR162W,YNL002C,0,-4.7810173,0.09173469990491867,1.0,0.9901000261306763
YAL059W,YOL097C,0,-4.78739,0.09172628819942474,1.0,0.9901999831199646
YDR120C,YHR085W,0,-4.795527,0.09171787649393082,1.0,0.9902999997138977
YDR465C,YKL014C,0,-4.7979856,0.09170946478843689,1.0,0.9904000163078308
YOR317W,YLR167W,0,-4.8013253,0.09170105308294296,1.0,0.9904999732971191
YER056C,YAL059W,0,-4.807984,0.09169264882802963,1.0,0.9905999898910522
YFR001W,YBL064C,0,-4.808768,0.0916842371225357,1.0,0.9907000064849854
YNL036W,YDR023W,0,-4.813849,0.09167583286762238,1.0,0.9908000230789185
YPL196W,YIL019W,0,-4.816833,0.09166742861270905,1.0,0.9908999800682068
YJL219W,YER062C,0,-4.817184,0.09165903180837631,1.0,0.9909999966621399
YMR093W,YPL092W,0,-4.8213706,0.09165062755346298,1.0,0.991100013256073
YGR161C,YPL217C,0,-4.8306727,0.09164223074913025,1.0,0.9911999702453613
YNL156C,YCR031C,0,-4.8328524,0.09163383394479752,1.0,0.9912999868392944
YDL051W,YLR129W,0,-4.83548,0.09162543714046478,1.0,0.9914000034332275
YGL104C,YER002W,0,-4.8393726,0.09161704033613205,1.0,0.9915000200271606
YER172C,YBR214W,0,-4.8414464,0.09160865098237991,1.0,0.991599977016449
YKL082C,YHR085W,0,-4.8461,0.09160025417804718,1.0,0.9916999936103821
YDR436W,YBR084W,0,-4.8537903,0.09159186482429504,1.0,0.9918000102043152
YLR172C,YKL026C,0,-4.858338,0.09158347547054291,1.0,0.9919000267982483
YIL115C,YER103W,0,-4.861708,0.09157509356737137,1.0,0.9919999837875366
YDR436W,YPL266W,0,-4.8657804,0.09156670421361923,1.0,0.9921000003814697
YMR322C,YAL023C,0,-4.869638,0.09155832231044769,1.0,0.9922000169754028
YNR007C,YBR265W,0,-4.870333,0.09154994040727615,1.0,0.9922999739646912
YOR173W,YGR038W,0,-4.871573,0.09154155850410461,1.0,0.9923999905586243
YGR044C,YHR206W,0,-4.878673,0.09153318405151367,1.0,0.9925000071525574
YPR143W,YIL101C,0,-4.880103,0.09152480214834213,1.0,0.9926000237464905
YDR516C,YPL213W,0,-4.883229,0.09151642769575119,1.0,0.9926999807357788
YOR317W,YPR125W,0,-4.8832636,0.09150805324316025,1.0,0.9927999973297119
YIL052C,YNL066W,0,-4.884067,0.0914996787905693,1.0,0.992900013923645
YDR060W,YPL092W,0,-4.8852906,0.09149131178855896,1.0,0.9929999709129333
YGR289C,YMR136W,0,-4.888375,0.09148293733596802,1.0,0.9930999875068665
YKR067W,YBR156C,0,-4.8941646,0.09147457033395767,1.0,0.9932000041007996
YBR126C,YDR513W,0,-4.9028144,0.09146620333194733,1.0,0.9933000206947327
YDR043C,YEL024W,0,-4.9029865,0.09145783632993698,1.0,0.993399977684021
YOR173W,YGR072W,0,-4.9046793,0.09144947677850723,1.0,0.9934999942779541
YKL026C,YOR116C,0,-4.9065175,0.09144110977649689,1.0,0.9936000108718872
YPR143W,YER056C,0,-4.914396,0.09143275022506714,1.0,0.9937000274658203
YOR120W,YER009W,0,-4.9144588,0.09142439067363739,1.0,0.9937999844551086
YKL026C,YGR172C,0,-4.9174953,0.09141603112220764,1.0,0.9939000010490417
YAL038W,YGR274C,0,-4.9294014,0.09140767902135849,1.0,0.9940000176429749
YHR066W,YLR074C,0,-4.9311604,0.09139932692050934,1.0,0.9940999746322632
YER056C,YDR513W,0,-4.9525294,0.09139096736907959,1.0,0.9941999912261963
YHL027W,YNR060W,0,-4.9533286,0.09138262271881104,1.0,0.9943000078201294
YDR508C,YIL007C,0,-4.954217,0.09137427061796188,1.0,0.9944000244140625
YOR151C,YBR214W,0,-4.9558806,0.09136591851711273,1.0,0.9944999814033508
YKR039W,YBR069C,0,-4.964809,0.09135757386684418,1.0,0.9945999979972839
YBL046W,YDR342C,0,-4.9691358,0.09134922921657562,1.0,0.994700014591217
YKR067W,YIL052C,0,-4.9693804,0.09134088456630707,1.0,0.9947999715805054
YMR212C,YOR348C,0,-4.983293,0.09133253991603851,1.0,0.9948999881744385
YEL012W,YMR309C,0,-4.9880433,0.09132420271635056,1.0,0.9950000047683716
YBR214W,YML060W,0,-4.993283,0.091315858066082,1.0,0.9951000213623047
YOR173W,YKR060W,0,-5.0008755,0.09130752086639404,1.0,0.995199978351593
YHR065C,YGR161C,0,-5.00987,0.09129919111728668,1.0,0.9952999949455261
YMR302C,YCR031C,0,-5.010935,0.09129085391759872,1.0,0.9954000115394592
YOR040W,YAL023C,0,-5.015673,0.09128251671791077,1.0,0.9955000281333923
YCR010C,YCR005C,0,-5.0418406,0.0912741869688034,1.0,0.9955999851226807
YPR102C,YBL064C,0,-5.0489397,0.09126585721969604,1.0,0.9957000017166138
YKL143W,YBR126C,0,-5.0632243,0.09125752747058868,1.0,0.9958000183105469
YJL138C,YHR075C,0,-5.0750012,0.09124920517206192,1.0,0.9958999752998352
YDR120C,YNL015W,0,-5.087443,0.09124087542295456,1.0,0.9959999918937683
YGL104C,YBR247C,0,-5.0886655,0.0912325531244278,1.0,0.9961000084877014
YOL077C,YPL266W,0,-5.0934625,0.09122423082590103,1.0,0.9962000250816345
YPL266W,YMR241W,0,-5.093563,0.09121590852737427,1.0,0.9962999820709229
YMR004W,YDR384C,0,-5.094682,0.0912075862288475,1.0,0.996399998664856
YHR065C,YKL026C,0,-5.1022053,0.09119927138090134,1.0,0.9965000152587891
YPL196W,YOR359W,0,-5.106045,0.09119095653295517,1.0,0.9965999722480774
YGR161C,YPL019C,0,-5.1175117,0.091182641685009,1.0,0.9966999888420105
YFR047C,YLL027W,0,-5.1305375,0.09117432683706284,1.0,0.9968000054359436
YAL059W,YNL002C,0,-5.1515293,0.09116601198911667,1.0,0.9969000220298767
YCL044C,YDR342C,0,-5.1551747,0.0911577045917511,1.0,0.996999979019165
YMR239C,YML060W,0,-5.157498,0.09114939719438553,1.0,0.9970999956130981
YGR044C,YNL256W,0,-5.1853795,0.09114108979701996,1.0,0.9972000122070312
YBR247C,YLR129W,0,-5.209906,0.09113278239965439,1.0,0.9973000288009644
YNL066W,YKL026C,0,-5.2240796,0.09112447500228882,1.0,0.9973999857902527
YAL023C,YCL052C,0,-5.232228,0.09111617505550385,1.0,0.9975000023841858
YGR161C,YMR145C,0,-5.2448616,0.09110787510871887,1.0,0.9976000189781189
YAL023C,YNR007C,0,-5.259435,0.0910995751619339,1.0,0.9976999759674072
YBR214W,YEL024W,0,-5.2673025,0.09109127521514893,1.0,0.9977999925613403
YER025W,YBR214W,0,-5.2867546,0.09108297526836395,1.0,0.9979000091552734
YIL125W,YBL015W,0,-5.296841,0.09107468277215958,1.0,0.9980000257492065
YBR126C,YPL050C,0,-5.341639,0.0910663902759552,1.0,0.9980999827384949
YHR007C,YMR023C,0,-5.343273,0.09105809777975082,1.0,0.998199999332428
YGR195W,YBR214W,0,-5.3525453,0.09104980528354645,1.0,0.9983000159263611
YLL035W,YMR093W,0,-5.3565907,0.09104151278734207,1.0,0.9983999729156494
YJL138C,YBL064C,0,-5.3909087,0.09103322774171829,1.0,0.9984999895095825
YDR516C,YNL292W,0,-5.400193,0.09102494269609451,1.0,0.9986000061035156
YPL196W,YER025W,0,-5.459165,0.09101665765047073,1.0,0.9987000226974487
YBR126C,YBL064C,0,-5.470968,0.09100837260484695,1.0,0.9987999796867371
YLR102C,YHR007C,0,-5.519772,0.09100008755922318,1.0,0.9988999962806702
YOR145C,YER103W,0,-5.541807,0.09099180996417999,1.0,0.9990000128746033
YJR047C,YOR120W,0,-5.5853953,0.09098353236913681,1.0,0.9991000294685364
YPL196W,YNL256W,0,-5.7209773,0.09097525477409363,1.0,0.9991999864578247
YBR214W,YBL064C,0,-5.7311654,0.09096697717905045,1.0,0.9993000030517578
YDR429C,YOR348C,0,-5.740009,0.09095870703458786,1.0,0.9994000196456909
YOR173W,YDR449C,0,-5.7447352,0.09095042943954468,1.0,0.9994999766349792
YGL253W,YER103W,0,-5.748856,0.09094215929508209,1.0,0.9995999932289124
YBR214W,YKL082C,0,-5.854755,0.0909338891506195,1.0,0.9997000098228455
YFR001W,YBR214W,0,-5.9634767,0.09092562645673752,1.0,0.9998000264167786
YDL223C,YHR133C,0,-6.0965414,0.09091735631227493,1.0,0.9998999834060669
YDL051W,YPR110C,0,-6.1735544,0.09090909361839294,1.0,1.0
