Gene A,Gene B,Label,Score,Precision,Recall,False Positive Rate
YHR107C,YLR314C,1,-3.6880054,1.0,0.0043290043249726295,0.0
YHR050W,YMR088C,0,-3.8826144,0.5,0.0043290043249726295,0.00043290044413879514
YJL085W,YLL021W,1,-4.0189595,0.6666666865348816,0.008658008649945259,0.00043290044413879514
YHR107C,YER149C,1,-4.033515,0.75,0.012987012974917889,0.00043290044413879514
YJL085W,YIL095W,1,-4.0366044,0.800000011920929,0.017316017299890518,0.00043290044413879514
YPL051W,YPL132W,0,-4.0505114,0.6666666865348816,0.017316017299890518,0.0008658008882775903
YER016W,YGR140W,0,-4.0532784,0.5714285969734192,0.017316017299890518,0.0012987012742087245
YLR114C,YGR113W,0,-4.061382,0.5,0.017316017299890518,0.0017316017765551805
YBL023C,YBR198C,0,-4.065605,0.4444444477558136,0.017316017299890518,0.0021645021624863148
YGL119W,YGR078C,0,-4.0710974,0.4000000059604645,0.017316017299890518,0.002597402548417449
YMR240C,YGR104C,0,-4.0735397,0.3636363744735718,0.017316017299890518,0.0030303029343485832
YEL029C,YDR245W,1,-4.0974517,0.4166666567325592,0.021645022556185722,0.0030303029343485832
YOR284W,YMR218C,0,-4.115357,0.38461539149284363,0.021645022556185722,0.003463203553110361
YOL115W,YML021C,0,-4.1319833,0.3571428656578064,0.021645022556185722,0.0038961039390414953
YGR113W,YNL231C,0,-4.1353946,0.3333333432674408,0.021645022556185722,0.0043290043249726295
YLR131C,YOR373W,0,-4.1396894,0.3125,0.021645022556185722,0.004761904943734407
YLR314C,YIL095W,1,-4.1719165,0.3529411852359772,0.025974025949835777,0.004761904943734407
YJL085W,YOR326W,1,-4.1787915,0.3888888955116272,0.03030303120613098,0.004761904943734407
YHR107C,YJL085W,1,-4.1803055,0.42105263471603394,0.034632034599781036,0.004761904943734407
YOR094W,YGR104C,0,-4.2117043,0.4000000059604645,0.034632034599781036,0.005194805096834898
YJL085W,YER149C,1,-4.2118735,0.4285714328289032,0.03896103799343109,0.005194805096834898
YJL178C,YPR133C,0,-4.2152953,0.40909090638160706,0.03896103799343109,0.005627705715596676
YDR108W,YGL210W,0,-4.216941,0.3913043439388275,0.03896103799343109,0.0060606058686971664
YPL049C,YLR442C,0,-4.220443,0.375,0.03896103799343109,0.006493506487458944
YLR131C,YLL003W,0,-4.220709,0.36000001430511475,0.03896103799343109,0.006926407106220722
YOL042W,YJL210W,0,-4.227018,0.3461538553237915,0.03896103799343109,0.007359307259321213
YBL057C,YGL207W,0,-4.2402687,0.3333333432674408,0.03896103799343109,0.007792207878082991
YOL021C,YJL061W,0,-4.243556,0.3214285671710968,0.03896103799343109,0.008225108496844769
YGR135W,YMR067C,0,-4.248295,0.3103448152542114,0.03896103799343109,0.008658008649945259
YDR473C,YBL103C,0,-4.25591,0.30000001192092896,0.03896103799343109,0.00909090880304575
YNL094W,YBR133C,0,-4.258795,0.29032257199287415,0.03896103799343109,0.009523809887468815
YHR107C,YIL095W,1,-4.2636423,0.3125,0.043290045112371445,0.009523809887468815
YER149C,YLL021W,1,-4.2661448,0.3333333432674408,0.0476190485060215,0.009523809887468815
YLR233C,YIL026C,0,-4.2694273,0.3235294222831726,0.0476190485060215,0.009956710040569305
YEL018W,YLR403W,0,-4.2733297,0.3142857253551483,0.0476190485060215,0.010389610193669796
YOL139C,YGL115W,0,-4.2733555,0.3055555522441864,0.0476190485060215,0.010822511278092861
YBR245C,YDR407C,0,-4.274663,0.29729729890823364,0.0476190485060215,0.011255411431193352
YDR434W,YDR238C,0,-4.277502,0.28947368264198303,0.0476190485060215,0.011688311584293842
YPL051W,YGR179C,0,-4.2872243,0.28205129504203796,0.0476190485060215,0.012121211737394333
YGR113W,YNL079C,0,-4.2878666,0.2750000059604645,0.0476190485060215,0.012554112821817398
YNL094W,YOR308C,0,-4.294729,0.26829269528388977,0.0476190485060215,0.012987012974917889
YKL108W,YPR133C,0,-4.296105,0.261904776096344,0.0476190485060215,0.01341991312801838
YGL144C,YDR160W,0,-4.2968955,0.25581395626068115,0.0476190485060215,0.013852814212441444
YMR167W,YMR067C,0,-4.296964,0.25,0.0476190485060215,0.014285714365541935
YDR141C,YOR371C,0,-4.2972345,0.24444444477558136,0.0476190485060215,0.014718614518642426
YHR107C,YGR152C,1,-4.2973056,0.260869562625885,0.051948051899671555,0.014718614518642426
YCR014C,YDL244W,0,-4.30441,0.25531914830207825,0.051948051899671555,0.01515151560306549
YNL225C,YOR354C,0,-4.305861,0.25,0.051948051899671555,0.015584415756165981
YPL132W,YER019C-A,0,-4.306623,0.2448979616165161,0.051948051899671555,0.016017315909266472
YNL225C,YMR188C,0,-4.3080873,0.23999999463558197,0.051948051899671555,0.016450216993689537
YIL065C,YMR067C,0,-4.311757,0.23529411852359772,0.051948051899671555,0.016883116215467453
YLR314C,YJL085W,1,-4.313875,0.25,0.05627705529332161,0.016883116215467453
YOL051W,YJL074C,0,-4.3140006,0.24528302252292633,0.05627705529332161,0.017316017299890518
YBR205W,YCR027C,0,-4.3164024,0.24074074625968933,0.05627705529332161,0.017748918384313583
YAL017W,YPL167C,0,-4.318767,0.23636363446712494,0.05627705529332161,0.0181818176060915
YLR214W,YGR082W,0,-4.3197556,0.2321428507566452,0.05627705529332161,0.018614718690514565
YEL022W,YBR015C,0,-4.322579,0.22807016968727112,0.05627705529332161,0.01904761977493763
YNL271C,YIR006C,1,-4.324102,0.24137930572032928,0.06060606241226196,0.01904761977493763
YLR403W,YML088W,0,-4.3281536,0.23728813230991364,0.06060606241226196,0.019480518996715546
YDR141C,YPL016W,0,-4.32872,0.23333333432674408,0.06060606241226196,0.01991342008113861
YGR188C,YPR135W,0,-4.330122,0.2295081913471222,0.06060606241226196,0.020346321165561676
YIL026C,YLR181C,0,-4.3309617,0.22580644488334656,0.06060606241226196,0.020779220387339592
YOR094W,YLR369W,0,-4.334944,0.2222222238779068,0.06060606241226196,0.021212121471762657
YEL029C,YGL054C,1,-4.335633,0.234375,0.06493506580591202,0.021212121471762657
YGR179C,YGR270W,0,-4.337689,0.23076923191547394,0.06493506580591202,0.021645022556185722
YMR240C,YBR102C,0,-4.341563,0.22727273404598236,0.06493506580591202,0.02207792177796364
YLR368W,YOL138C,0,-4.3418865,0.2238806039094925,0.06493506580591202,0.022510822862386703
YNL271C,YJL085W,1,-4.352461,0.23529411852359772,0.06926406919956207,0.022510822862386703
YGL054C,YLL021W,1,-4.3571353,0.24637681245803833,0.07359307259321213,0.022510822862386703
YPL139C,YML021C,0,-4.359164,0.24285714328289032,0.07359307259321213,0.02294372208416462
YNR053C,YJL168C,0,-4.3592796,0.23943662643432617,0.07359307259321213,0.023376623168587685
YGR135W,YDR407C,0,-4.362485,0.2361111044883728,0.07359307259321213,0.02380952425301075
YDR166C,YLR312C-B,1,-4.3657103,0.24657534062862396,0.07792207598686218,0.02380952425301075
YER149C,YGR152C,1,-4.367486,0.2567567527294159,0.08225107938051224,0.02380952425301075
YNL029C,YNL079C,0,-4.3695455,0.25333333015441895,0.08225107938051224,0.024242423474788666
YPR111W,YDL028C,0,-4.369571,0.25,0.08225107938051224,0.02467532455921173
YIL149C,YLR442C,0,-4.370615,0.2467532455921173,0.08225107938051224,0.025108225643634796
YLL021W,YLR312C-B,1,-4.3708835,0.25641027092933655,0.08658009022474289,0.025108225643634796
YIL031W,YGR270W,0,-4.375169,0.2531645596027374,0.08658009022474289,0.025541124865412712
YOL051W,YGL207W,0,-4.3752546,0.25,0.08658009022474289,0.025974025949835777
YGL054C,YDR245W,1,-4.375416,0.25925925374031067,0.09090909361839294,0.025974025949835777
YOR074C,YCR086W,0,-4.377082,0.25609755516052246,0.09090909361839294,0.026406927034258842
YFR046C,YOR216C,0,-4.3773737,0.2530120611190796,0.09090909361839294,0.02683982625603676
YKL138C-A,YMR035W,0,-4.3820753,0.25,0.09090909361839294,0.027272727340459824
YBL079W,YGR179C,0,-4.3822823,0.24705882370471954,0.09090909361839294,0.02770562842488289
YGR140W,YKL186C,0,-4.3856606,0.24418604373931885,0.09090909361839294,0.028138527646660805
YDR153C,YNR017W,0,-4.3881173,0.24137930572032928,0.09090909361839294,0.02857142873108387
YIL004C,YPL016W,0,-4.389122,0.23863635957241058,0.09090909361839294,0.029004329815506935
YDR118W,YDL074C,0,-4.3916297,0.23595505952835083,0.09090909361839294,0.02943722903728485
YLR223C,YLR254C,0,-4.394733,0.23333333432674408,0.09090909361839294,0.029870130121707916
YAR019C,YDR166C,1,-4.3979206,0.24175824224948883,0.095238097012043,0.029870130121707916
YEL029C,YGR152C,1,-4.39841,0.25,0.09956710040569305,0.029870130121707916
YOR011W,YBR250W,0,-4.3996773,0.24731183052062988,0.09956710040569305,0.03030303120613098
YEL029C,YLR353W,1,-4.3999424,0.25531914830207825,0.10389610379934311,0.03030303120613098
YHR107C,YDR245W,1,-4.4108152,0.2631579041481018,0.10822510719299316,0.03030303120613098
YGR188C,YLR117C,0,-4.411314,0.2604166567325592,0.10822510719299316,0.030735930427908897
YOR109W,YKL108W,0,-4.411315,0.25773194432258606,0.10822510719299316,0.031168831512331963
YDL028C,YBL020W,0,-4.411682,0.2551020383834839,0.10822510719299316,0.03160173073410988
YOR025W,YLR410W,0,-4.412347,0.2525252401828766,0.10822510719299316,0.032034631818532944
YNR027W,YJL085W,1,-4.4126415,0.25999999046325684,0.11255411058664322,0.032034631818532944
YLR429W,YPL032C,0,-4.412805,0.2574257552623749,0.11255411058664322,0.03246753290295601
YGR267C,YNL123W,0,-4.412904,0.2549019753932953,0.11255411058664322,0.032900433987379074
YLR429W,YDR434W,0,-4.413253,0.25242719054222107,0.11255411058664322,0.03333333507180214
YJR089W,YDR279W,0,-4.4141607,0.25,0.11255411058664322,0.033766232430934906
YER151C,YIL031W,0,-4.4151425,0.24761904776096344,0.11255411058664322,0.03419913351535797
YLR145W,YKR101W,0,-4.416664,0.24528302252292633,0.11255411058664322,0.034632034599781036
YMR264W,YDL120W,0,-4.4186993,0.2429906576871872,0.11255411058664322,0.0350649356842041
YGL063W,YBR030W,0,-4.418704,0.24074074625968933,0.11255411058664322,0.03549783676862717
YNR053C,YDR450W,0,-4.4188375,0.23853211104869843,0.11255411058664322,0.035930734127759933
YDR518W,YKL126W,0,-4.41905,0.23636363446712494,0.11255411058664322,0.036363635212183
YDL149W,YNL042W,0,-4.419075,0.23423422873020172,0.11255411058664322,0.036796536296606064
YJL081C,YER151C,0,-4.4197,0.2321428507566452,0.11255411058664322,0.03722943738102913
YNL025C,YDR330W,0,-4.419712,0.2300885021686554,0.11255411058664322,0.037662338465452194
YNR017W,YBR198C,0,-4.4216256,0.22807016968727112,0.11255411058664322,0.03809523954987526
YGL090W,YML021C,0,-4.4224057,0.22608695924282074,0.11255411058664322,0.038528136909008026
YDR141C,YGL227W,0,-4.422793,0.22413793206214905,0.11255411058664322,0.03896103799343109
YLR353W,YLR312C-B,1,-4.423287,0.23076923191547394,0.11688311398029327,0.03896103799343109
YGR085C,YOR216C,0,-4.4233656,0.2288135588169098,0.11688311398029327,0.039393939077854156
YDL033C,YEL031W,0,-4.425474,0.22689075767993927,0.11688311398029327,0.03982684016227722
YPR006C,YKR031C,0,-4.4255404,0.22499999403953552,0.11688311398029327,0.04025974124670029
YDR017C,YJL074C,0,-4.426967,0.22314049303531647,0.11688311398029327,0.04069264233112335
YNL271C,YLL021W,1,-4.4270716,0.2295081913471222,0.12121212482452393,0.04069264233112335
YJL081C,YGR179C,0,-4.431992,0.22764228284358978,0.12121212482452393,0.04112553969025612
YOR025W,YDR346C,0,-4.4326863,0.22580644488334656,0.12121212482452393,0.041558440774679184
YIL114C,YBL020W,0,-4.433153,0.2240000069141388,0.12121212482452393,0.04199134185910225
YNR059W,YPR178W,0,-4.4350805,0.2222222238779068,0.12121212482452393,0.042424242943525314
YLR314C,YIR006C,1,-4.435842,0.22834645211696625,0.12554112076759338,0.042424242943525314
YEL063C,YBR293W,0,-4.437107,0.2265625,0.12554112076759338,0.04285714402794838
YKR031C,YNR048W,0,-4.44113,0.22480620443820953,0.12554112076759338,0.043290045112371445
YGR216C,YGR055W,0,-4.44144,0.2230769246816635,0.12554112076759338,0.04372294247150421
YHR011W,YHR091C,0,-4.4432163,0.221374049782753,0.12554112076759338,0.04415584355592728
YJL058C,YMR161W,0,-4.4460053,0.21969696879386902,0.12554112076759338,0.04458874464035034
YER155C,YNL182C,0,-4.4464703,0.21804511547088623,0.12554112076759338,0.04502164572477341
YDR302W,YJL062W,0,-4.4502254,0.21641790866851807,0.12554112076759338,0.04545454680919647
YNR035C,YDL149W,0,-4.450634,0.21481481194496155,0.12554112076759338,0.04588744416832924
YDR118W,YGR267C,0,-4.4507995,0.2132352888584137,0.12554112076759338,0.046320345252752304
YKR036C,YPR178W,0,-4.4511547,0.21167883276939392,0.12554112076759338,0.04675324633717537
YLR314C,YGL054C,1,-4.4515705,0.21739129722118378,0.12987013161182404,0.04675324633717537
YNL172W,YJL081C,0,-4.4517455,0.2158273309469223,0.12987013161182404,0.047186147421598434
YOR326W,YIR006C,1,-4.4539714,0.22142857313156128,0.1341991275548935,0.047186147421598434
YIL004C,YGL169W,0,-4.454345,0.21985815465450287,0.1341991275548935,0.0476190485060215
YDR394W,YMR067C,0,-4.454548,0.21830986440181732,0.1341991275548935,0.048051949590444565
YOR250C,YDR473C,0,-4.4565887,0.21678321063518524,0.1341991275548935,0.04848484694957733
YER133W,YMR065W,0,-4.456658,0.2152777761220932,0.1341991275548935,0.0489177480340004
YNL172W,YML010W,0,-4.456938,0.2137930989265442,0.1341991275548935,0.04935064911842346
YJL085W,YDR245W,1,-4.459004,0.21917808055877686,0.13852813839912415,0.04935064911842346
YBR060C,YDR407C,0,-4.4595375,0.21768707036972046,0.13852813839912415,0.04978355020284653
YNL271C,YIL095W,1,-4.461158,0.22297297418117523,0.1428571492433548,0.04978355020284653
YOL095C,YLL003W,0,-4.4616256,0.2214765101671219,0.1428571492433548,0.05021645128726959
YMR277W,YKL110C,0,-4.4631295,0.2199999988079071,0.1428571492433548,0.05064935237169266
YLR052W,YLR095C,0,-4.4642253,0.21854305267333984,0.1428571492433548,0.051082249730825424
YJL024C,YJR069C,0,-4.4644938,0.21710526943206787,0.1428571492433548,0.05151515081524849
YDR420W,YIR006C,1,-4.4648066,0.2222222238779068,0.14718614518642426,0.05151515081524849
YOR326W,YLL021W,1,-4.465712,0.22727273404598236,0.1515151560306549,0.05151515081524849
YER038C,YNL279W,0,-4.466524,0.22580644488334656,0.1515151560306549,0.051948051899671555
YJR002W,YML010W,0,-4.4678392,0.22435897588729858,0.1515151560306549,0.05238095298409462
YGL054C,YDR129C,1,-4.4682217,0.2292993664741516,0.15584415197372437,0.05238095298409462
YNR027W,YLR312C-B,1,-4.4690857,0.23417721688747406,0.16017316281795502,0.05238095298409462
YEL029C,YLL021W,1,-4.4702635,0.23899370431900024,0.16450215876102448,0.05238095298409462
YKL192C,YNL121C,0,-4.47109,0.23749999701976776,0.16450215876102448,0.052813854068517685
YDL078C,YHR086W,0,-4.472333,0.23602484166622162,0.16450215876102448,0.05324675142765045
YEL029C,YJL085W,1,-4.472389,0.24074074625968933,0.16883116960525513,0.05324675142765045
YLR207W,YDR320C,0,-4.473781,0.23926380276679993,0.16883116960525513,0.05367965251207352
YGL119W,YDL190C,0,-4.4743657,0.23780487477779388,0.16883116960525513,0.05411255359649658
YGR167W,YBR060C,0,-4.4744687,0.23636363446712494,0.16883116960525513,0.05454545468091965
YLR314C,YLL021W,1,-4.4749355,0.2409638613462448,0.17316018044948578,0.05454545468091965
YLR114C,YPL244C,0,-4.475502,0.23952095210552216,0.17316018044948578,0.05497835576534271
YDR211W,YDL044C,0,-4.475973,0.2380952388048172,0.17316018044948578,0.05541125684976578
YEL029C,YER149C,1,-4.4767838,0.24260355532169342,0.17748917639255524,0.05541125684976578
YNL326C,YGL100W,0,-4.478188,0.24117647111415863,0.17748917639255524,0.055844154208898544
YDL044C,YDR312W,0,-4.4795175,0.23976607620716095,0.17748917639255524,0.05627705529332161
YOL042W,YKR062W,0,-4.4796014,0.2383720874786377,0.17748917639255524,0.056709956377744675
YPR054W,YJL093C,0,-4.479602,0.23699422180652618,0.17748917639255524,0.05714285746216774
YMR161W,YIL075C,0,-4.4801674,0.23563218116760254,0.17748917639255524,0.057575758546590805
YGL097W,YDL038C,0,-4.480933,0.23428571224212646,0.17748917639255524,0.05800865963101387
YGR028W,YGR122W,0,-4.48209,0.23295454680919647,0.17748917639255524,0.05844155699014664
YDL101C,YDR488C,0,-4.4824963,0.23163841664791107,0.17748917639255524,0.0588744580745697
YIL132C,YDL101C,0,-4.482518,0.23033708333969116,0.17748917639255524,0.05930735915899277
YMR277W,YGL207W,0,-4.4832745,0.22905027866363525,0.17748917639255524,0.05974026024341583
YOL095C,YNL206C,0,-4.485429,0.22777777910232544,0.17748917639255524,0.0601731613278389
YGR119C,YJL117W,0,-4.4860897,0.22651933133602142,0.17748917639255524,0.06060606241226196
YCL066W,YER038C,0,-4.486145,0.2252747267484665,0.17748917639255524,0.06103895977139473
YAL021C,YAL053W,0,-4.48681,0.22404371201992035,0.17748917639255524,0.061471860855817795
YGR119C,YJL168C,0,-4.487197,0.22282609343528748,0.17748917639255524,0.06190476194024086
YAL021C,YNL206C,0,-4.487652,0.22162161767482758,0.17748917639255524,0.062337663024663925
YNL172W,YBR136W,0,-4.491177,0.22043010592460632,0.17748917639255524,0.06277056038379669
YDL161W,YNL182C,0,-4.491459,0.2192513346672058,0.17748917639255524,0.06320346146821976
YER174C,YLR052W,0,-4.4915237,0.21808511018753052,0.17748917639255524,0.06363636255264282
YOR335C,YKL135C,0,-4.4915323,0.21693122386932373,0.17748917639255524,0.06406926363706589
YHR152W,YDR464W,0,-4.4922366,0.21578946709632874,0.17748917639255524,0.06450216472148895
YGR145W,YPL020C,0,-4.4924335,0.2146596908569336,0.17748917639255524,0.06493506580591202
YEL022W,YDR489W,0,-4.4948754,0.2135416716337204,0.17748917639255524,0.06536796689033508
YLR295C,YBR091C,0,-4.498761,0.21243523061275482,0.17748917639255524,0.06580086797475815
YDL148C,YDL038C,0,-4.4988317,0.21134020388126373,0.17748917639255524,0.06623376905918121
YNL145W,YOR076C,0,-4.4993286,0.2102564126253128,0.17748917639255524,0.06666667014360428
YCL012W,YLL021W,1,-4.4997063,0.2142857164144516,0.1818181872367859,0.06666667014360428
YPL161C,YOR076C,0,-4.5002155,0.2131979763507843,0.1818181872367859,0.06709956377744675
YER107C,YGR156W,0,-4.5004845,0.21212121844291687,0.1818181872367859,0.06753246486186981
YLR233C,YOL095C,0,-4.500638,0.21105527877807617,0.1818181872367859,0.06796536594629288
YPR135W,YEL019C,0,-4.5013924,0.20999999344348907,0.1818181872367859,0.06839826703071594
YJL094C,YIL075C,0,-4.501442,0.20895522832870483,0.1818181872367859,0.06883116811513901
YDR211W,YOR224C,0,-4.502113,0.20792078971862793,0.1818181872367859,0.06926406919956207
YIL065C,YOR157C,0,-4.5023665,0.2068965584039688,0.1818181872367859,0.06969697028398514
YBR036C,YML051W,0,-4.502844,0.20588235557079315,0.1818181872367859,0.0701298713684082
YPR171W,YNL293W,0,-4.504196,0.2048780471086502,0.1818181872367859,0.07056277245283127
YNL103W,YOR157C,0,-4.5043993,0.20388349890708923,0.1818181872367859,0.07099567353725433
YHR043C,YCL035C,0,-4.5055366,0.2028985470533371,0.1818181872367859,0.0714285746216774
YPR005C,YBR250W,0,-4.506217,0.20192307233810425,0.1818181872367859,0.07186146825551987
YGL111W,YBL057C,0,-4.5065274,0.20095694065093994,0.1818181872367859,0.07229436933994293
YMR211W,YLR369W,0,-4.5072346,0.20000000298023224,0.1818181872367859,0.072727270424366
YHR081W,YNL251C,0,-4.5078945,0.1990521401166916,0.1818181872367859,0.07316017150878906
YNR056C,YBL079W,0,-4.5079117,0.19811320304870605,0.1818181872367859,0.07359307259321213
YLL043W,YNR039C,0,-4.5081897,0.19718310236930847,0.1818181872367859,0.07402597367763519
YNL271C,YLR312C-B,1,-4.508963,0.20093457400798798,0.18614718317985535,0.07402597367763519
YEL029C,YHR107C,1,-4.5091753,0.20465116202831268,0.190476194024086,0.07402597367763519
YJL143W,YGL210W,0,-4.5094295,0.20370370149612427,0.190476194024086,0.07445887476205826
YKL185W,YMR236W,0,-4.5094533,0.20276497304439545,0.190476194024086,0.07489177584648132
YNL251C,YPL159C,0,-4.5099053,0.20183485746383667,0.190476194024086,0.07532467693090439
YLR353W,YHR107C,1,-4.5127707,0.2054794579744339,0.19480518996715546,0.07532467693090439
YDR103W,YIL031W,0,-4.51407,0.20454545319080353,0.19480518996715546,0.07575757801532745
YNL271C,YAR019C,1,-4.516189,0.20814479887485504,0.1991342008113861,0.07575757801532745
YBL023C,YLR014C,0,-4.517731,0.20720720291137695,0.1991342008113861,0.07619047909975052
YDR118W,YHR118C,0,-4.518091,0.2062780261039734,0.1991342008113861,0.07662338018417358
YOR076C,YBL034C,0,-4.5185924,0.2053571492433548,0.1991342008113861,0.07705627381801605
YJR089W,YJR144W,0,-4.519407,0.20444443821907043,0.1991342008113861,0.07748917490243912
YIR006C,YDR129C,1,-4.5231676,0.20796459913253784,0.20346319675445557,0.07748917490243912
YEL029C,YNR027W,1,-4.523978,0.21145375072956085,0.20779220759868622,0.07748917490243912
YMR042W,YBR102C,0,-4.524431,0.21052631735801697,0.20779220759868622,0.07792207598686218
YBR250W,YGR104C,0,-4.524558,0.20960699021816254,0.20779220759868622,0.07835497707128525
YMR198W,YHR152W,0,-4.524969,0.208695650100708,0.20779220759868622,0.07878787815570831
YBL018C,YBR165W,0,-4.5256205,0.20779220759868622,0.20779220759868622,0.07922077924013138
YMR198W,YIL035C,0,-4.5265903,0.2068965584039688,0.20779220759868622,0.07965368032455444
YGR006W,YDL033C,0,-4.5272207,0.20600858330726624,0.20779220759868622,0.08008658140897751
YKL138C-A,YJL143W,0,-4.5273857,0.20512820780277252,0.20779220759868622,0.08051948249340057
YDL074C,YBR061C,0,-4.527869,0.20425531268119812,0.20779220759868622,0.08095238357782364
YJL170C,YNL279W,0,-4.5283604,0.20338982343673706,0.20779220759868622,0.0813852846622467
YIL048W,YHR050W,0,-4.529111,0.20253165066242218,0.20779220759868622,0.08181817829608917
YCL012W,YLR353W,1,-4.5306454,0.20588235557079315,0.21212121844291687,0.08181817829608917
YNL275W,YDR407C,0,-4.530876,0.20502091944217682,0.21212121844291687,0.08225107938051224
YGR006W,YDR320C,0,-4.531592,0.20416666567325592,0.21212121844291687,0.0826839804649353
YIL079C,YCR086W,0,-4.5321264,0.2033195048570633,0.21212121844291687,0.08311688154935837
YPL097W,YKR031C,0,-4.53273,0.20247933268547058,0.21212121844291687,0.08354978263378143
YPL155C,YBL020W,0,-4.5329843,0.201646089553833,0.21212121844291687,0.0839826837182045
YOL094C,YHR152W,0,-4.533163,0.20081967115402222,0.21212121844291687,0.08441558480262756
YIL038C,YKR022C,0,-4.5346828,0.20000000298023224,0.21212121844291687,0.08484848588705063
YOR011W,YNL145W,0,-4.5353665,0.1991869956254959,0.21212121844291687,0.0852813869714737
YMR198W,YGR013W,0,-4.535651,0.19838055968284607,0.21212121844291687,0.08571428805589676
YGR135W,YDL038C,0,-4.536375,0.19758065044879913,0.21212121844291687,0.08614718914031982
YGR007W,YDR057W,0,-4.5367517,0.19678714871406555,0.21212121844291687,0.08658009022474289
YNL206C,YGL207W,0,-4.5370693,0.19599999487400055,0.21212121844291687,0.08701298385858536
YDR108W,YOR069W,0,-4.537386,0.19521912932395935,0.21212121844291687,0.08744588494300842
YBR109C,YMR065W,0,-4.537794,0.1944444477558136,0.21212121844291687,0.08787878602743149
YIR006C,YLR312C-B,1,-4.5382104,0.197628453373909,0.21645021438598633,0.08787878602743149
YGR095C,YML064C,0,-4.539406,0.19685038924217224,0.21645021438598633,0.08831168711185455
YDR420W,YLL021W,1,-4.539626,0.20000000298023224,0.22077922523021698,0.08831168711185455
YBR090C-A,YJL036W,0,-4.539877,0.19921875,0.22077922523021698,0.08874458819627762
YJL036W,YKR031C,0,-4.540476,0.19844357669353485,0.22077922523021698,0.08917748928070068
YLR314C,YDR245W,1,-4.5412483,0.20155039429664612,0.22510822117328644,0.08917748928070068
YNL271C,YDR420W,1,-4.5437274,0.2046332061290741,0.2294372320175171,0.08917748928070068
YBR205W,YGL207W,0,-4.543765,0.20384615659713745,0.2294372320175171,0.08961039036512375
YIL095W,YLL021W,1,-4.5448184,0.2068965584039688,0.23376622796058655,0.08961039036512375
YPR131C,YJL074C,0,-4.548413,0.20610687136650085,0.23376622796058655,0.09004329144954681
YNL042W,YKL041W,0,-4.551223,0.20532318949699402,0.23376622796058655,0.09047619253396988
YHR072W,YLR095C,0,-4.5513616,0.20454545319080353,0.23376622796058655,0.09090909361839294
YOL005C,YKR101W,0,-4.551532,0.2037735879421234,0.23376622796058655,0.09134199470281601
YLR314C,YOR326W,1,-4.552208,0.20676691830158234,0.2380952388048172,0.09134199470281601
YNR027W,YER149C,1,-4.552574,0.20973782241344452,0.24242424964904785,0.09134199470281601
YOR326W,YLR312C-B,1,-4.553045,0.21268656849861145,0.2467532455921173,0.09134199470281601
YDR446W,YMR161W,0,-4.5530705,0.2118959128856659,0.2467532455921173,0.09177488833665848
YLR238W,YDR473C,0,-4.5535574,0.21111111342906952,0.2467532455921173,0.09220778942108154
YNL275W,YNL103W,0,-4.5548916,0.21033211052417755,0.2467532455921173,0.09264069050550461
YGR152C,YLR312C-B,1,-4.555851,0.2132352888584137,0.25108224153518677,0.09264069050550461
YLR295C,YKR031C,0,-4.555937,0.21245421469211578,0.25108224153518677,0.09307359158992767
YPR171W,YKL110C,0,-4.556835,0.21167883276939392,0.25108224153518677,0.09350649267435074
YEL029C,YOR326W,1,-4.5577035,0.21454545855522156,0.2554112672805786,0.09350649267435074
YBR020W,YNL197C,0,-4.5600805,0.2137681096792221,0.2554112672805786,0.0939393937587738
YDL102W,YLL002W,0,-4.5607114,0.21299639344215393,0.2554112672805786,0.09437229484319687
YER149C,YDR166C,1,-4.561754,0.2158273309469223,0.25974026322364807,0.09437229484319687
YPL096W,YOR266W,0,-4.562462,0.2150537669658661,0.25974026322364807,0.09480519592761993
YLR429W,YKR072C,0,-4.5645614,0.2142857164144516,0.25974026322364807,0.095238097012043
YNL271C,YLR314C,1,-4.566988,0.21708184480667114,0.26406925916671753,0.095238097012043
YMR287C,YER151C,0,-4.5674686,0.21631205081939697,0.26406925916671753,0.09567099809646606
YDR385W,YDR457W,0,-4.5674872,0.21554769575595856,0.26406925916671753,0.09610389918088913
YHR067W,YNL214W,0,-4.568417,0.21478873491287231,0.26406925916671753,0.0965367928147316
YBR102C,YML021C,0,-4.5687776,0.21403509378433228,0.26406925916671753,0.09696969389915466
YFR048W,YGL070C,0,-4.569782,0.21328671276569366,0.26406925916671753,0.09740259498357773
YCL012W,YGR152C,1,-4.5702157,0.2160278707742691,0.268398255109787,0.09740259498357773
YKR036C,YGL163C,0,-4.5710797,0.2152777761220932,0.268398255109787,0.0978354960680008
YLR117C,YOL138C,0,-4.5721855,0.21453286707401276,0.268398255109787,0.09826839715242386
YIL095W,YDR166C,1,-4.572298,0.21724137663841248,0.27272728085517883,0.09826839715242386
YKR019C,YMR137C,0,-4.5724115,0.2164948433637619,0.27272728085517883,0.09870129823684692
YPR019W,YCL051W,0,-4.5745306,0.21575342118740082,0.27272728085517883,0.09913419932126999
YNL271C,YDR166C,1,-4.574732,0.2184300273656845,0.2770562767982483,0.09913419932126999
YNL271C,YCL012W,1,-4.574851,0.2210884392261505,0.28138527274131775,0.09913419932126999
YCL051W,YMR067C,0,-4.5748773,0.22033898532390594,0.28138527274131775,0.09956710040569305
YEL032W,YER111C,0,-4.5770826,0.21959459781646729,0.28138527274131775,0.10000000149011612
YLR117C,YGR007W,0,-4.5778623,0.21885521709918976,0.28138527274131775,0.10043290257453918
YNL145W,YPR100W,0,-4.579333,0.21812079846858978,0.28138527274131775,0.10086580365896225
YBR040W,YPR131C,0,-4.580195,0.21739129722118378,0.28138527274131775,0.10129870474338531
YBR136W,YDR464W,0,-4.5803957,0.21666666865348816,0.28138527274131775,0.10173159837722778
YPR034W,YLR181C,0,-4.580545,0.21594683825969696,0.28138527274131775,0.10216449946165085
YHR107C,YOR326W,1,-4.5821342,0.21854305267333984,0.2857142984867096,0.10216449946165085
YNR027W,YLL021W,1,-4.5829115,0.2211221158504486,0.29004329442977905,0.10216449946165085
YLR223C,YOL115W,0,-4.584158,0.22039473056793213,0.29004329442977905,0.10259740054607391
YEL063C,YMR218C,0,-4.584242,0.21967212855815887,0.29004329442977905,0.10303030163049698
YOL139C,YHR120W,0,-4.5843515,0.21895425021648407,0.29004329442977905,0.10346320271492004
YPR124W,YNR017W,0,-4.5846043,0.21824103593826294,0.29004329442977905,0.10389610379934311
YDL148C,YIL114C,0,-4.5848103,0.2175324708223343,0.29004329442977905,0.10432900488376617
YPR100W,YER161C,0,-4.585225,0.21682848036289215,0.29004329442977905,0.10476190596818924
YDR420W,YOR326W,1,-4.585398,0.21935483813285828,0.2943722903728485,0.10476190596818924
YBR272C,YOR162C,0,-4.585609,0.21864952147006989,0.2943722903728485,0.1051948070526123
YBR030W,YOL138C,0,-4.5862536,0.21794871985912323,0.2943722903728485,0.10562770813703537
YNL271C,YHR107C,1,-4.586456,0.22044728696346283,0.29870128631591797,0.10562770813703537
YEL018W,YOR001W,0,-4.587617,0.2197452187538147,0.29870128631591797,0.10606060922145844
YLR052W,YGR156W,0,-4.5877056,0.21904762089252472,0.29870128631591797,0.1064935028553009
YGR264C,YHR120W,0,-4.5886846,0.21835443377494812,0.29870128631591797,0.10692640393972397
YGR078C,YNL197C,0,-4.589076,0.21766561269760132,0.29870128631591797,0.10735930502414703
YMR199W,YDR052C,0,-4.5897255,0.21698112785816193,0.29870128631591797,0.1077922061085701
YIR006C,YIL095W,1,-4.5902286,0.21943573653697968,0.3030303120613098,0.1077922061085701
YEL063C,YMR015C,0,-4.590431,0.21875,0.3030303120613098,0.10822510719299316
YDR420W,YIL095W,1,-4.590583,0.22118380665779114,0.3073593080043793,0.10822510719299316
YLR353W,YDR245W,1,-4.591174,0.22360248863697052,0.31168830394744873,0.10822510719299316
YPL167C,YHR090C,0,-4.591215,0.22291021049022675,0.31168830394744873,0.10865800827741623
YCL012W,YLR312C-B,1,-4.5915523,0.2253086417913437,0.3160173296928406,0.10865800827741623
YPR128C,YFR021W,0,-4.5918417,0.22461538016796112,0.3160173296928406,0.1090909093618393
YMR277W,YGL244W,0,-4.5918827,0.22392638027668,0.3160173296928406,0.10952381044626236
YLR368W,YBR100W,0,-4.592681,0.22324159741401672,0.3160173296928406,0.10995671153068542
YBR109C,YGL252C,0,-4.593072,0.22256097197532654,0.3160173296928406,0.11038961261510849
YOL080C,YNL206C,0,-4.594315,0.22188450396060944,0.3160173296928406,0.11082251369953156
YNR027W,YGL054C,1,-4.59479,0.2242424190044403,0.32034632563591003,0.11082251369953156
YMR065W,YBL075C,0,-4.595923,0.22356495261192322,0.32034632563591003,0.11125541478395462
YDR103W,YDR400W,0,-4.5964947,0.22289156913757324,0.32034632563591003,0.11168830841779709
YOL021C,YAL035W,0,-4.597111,0.2222222238779068,0.32034632563591003,0.11212120950222015
YHR191C,YDL190C,0,-4.5973306,0.2215568870306015,0.32034632563591003,0.11255411058664322
YKL179C,YDR160W,0,-4.59773,0.22089552879333496,0.32034632563591003,0.11298701167106628
YER127W,YDL044C,0,-4.5978737,0.2202380895614624,0.32034632563591003,0.11341991275548935
YLR220W,YOR351C,0,-4.597918,0.21958456933498383,0.32034632563591003,0.11385281383991241
YDR052C,YDL084W,0,-4.597934,0.21893490850925446,0.32034632563591003,0.11428571492433548
YCL051W,YPL020C,0,-4.599078,0.2182890921831131,0.32034632563591003,0.11471861600875854
YJL085W,YGR152C,1,-4.5996513,0.22058823704719543,0.3246753215789795,0.11471861600875854
YER112W,YKL041W,0,-4.600311,0.21994134783744812,0.3246753215789795,0.11515151709318161
YFR046C,YCL051W,0,-4.6017103,0.21929824352264404,0.3246753215789795,0.11558441817760468
YIL048W,YDR150W,0,-4.6022353,0.21865889430046082,0.3246753215789795,0.11601731926202774
YEL029C,YLR314C,1,-4.602846,0.22093023359775543,0.32900431752204895,0.11601731926202774
YGR264C,YNL197C,0,-4.6029387,0.22028985619544983,0.32900431752204895,0.11645021289587021
YCL012W,YDR245W,1,-4.603382,0.2225433588027954,0.3333333432674408,0.11645021289587021
YDR245W,YLR312C-B,1,-4.604893,0.22478386759757996,0.33766233921051025,0.11645021289587021
YOR326W,YIL095W,1,-4.6051555,0.22701148688793182,0.3419913351535797,0.11645021289587021
YJR089W,YBR030W,0,-4.606533,0.22636103630065918,0.3419913351535797,0.11688311398029327
YPR131C,YPL212C,0,-4.608337,0.2257142812013626,0.3419913351535797,0.11731601506471634
YJL085W,YDR166C,1,-4.610901,0.22792023420333862,0.34632036089897156,0.11731601506471634
YLR314C,YDR166C,1,-4.61128,0.23011364042758942,0.350649356842041,0.11731601506471634
YLR095C,YNL098C,0,-4.6116,0.22946175932884216,0.350649356842041,0.1177489161491394
YOR074C,YAL035W,0,-4.6117535,0.2288135588169098,0.350649356842041,0.11818181723356247
YGL163C,YMR060C,0,-4.612562,0.2281690090894699,0.350649356842041,0.11861471831798553
YOR147W,YMR088C,0,-4.612687,0.22752809524536133,0.350649356842041,0.1190476194024086
YMR065W,YDR488C,0,-4.613708,0.22689075767993927,0.350649356842041,0.11948052048683167
YKL006C-A,YLR043C,0,-4.61458,0.22625698149204254,0.350649356842041,0.11991342157125473
YIR006C,YLL021W,1,-4.614607,0.22841225564479828,0.3549783527851105,0.11991342157125473
YNR027W,YHR107C,1,-4.615865,0.23055554926395416,0.35930734872817993,0.11991342157125473
YOR326W,YER149C,1,-4.6179967,0.23268698155879974,0.3636363744735718,0.11991342157125473
YEL056W,YLR386W,0,-4.618347,0.23204420506954193,0.3636363744735718,0.1203463226556778
YPL046C,YJL196C,0,-4.6190033,0.23140496015548706,0.3636363744735718,0.12077922374010086
YDR017C,YML105C,0,-4.6190825,0.23076923191547394,0.3636363744735718,0.12121212482452393
YBR133C,YDL078C,0,-4.6202683,0.23013699054718018,0.3636363744735718,0.1216450184583664
YFR048W,YMR235C,0,-4.620395,0.2295081913471222,0.3636363744735718,0.12207791954278946
YDR093W,YKR072C,0,-4.6210537,0.2288828343153,0.3636363744735718,0.12251082062721252
YKL176C,YKL186C,0,-4.621328,0.22826087474822998,0.3636363744735718,0.12294372171163559
YMR161W,YPL206C,0,-4.6223173,0.22764228284358978,0.3636363744735718,0.12337662279605865
YDR238C,YKL203C,0,-4.622387,0.227027028799057,0.3636363744735718,0.12380952388048172
YPL159C,YLR410W,0,-4.622548,0.22641509771347046,0.3636363744735718,0.12424242496490479
YGR267C,YDR017C,0,-4.6226854,0.22580644488334656,0.3636363744735718,0.12467532604932785
YBR090C-A,YDL020C,0,-4.623149,0.2252010703086853,0.3636363744735718,0.12510822713375092
YBL020W,YGL252C,0,-4.623684,0.2245989292860031,0.3636363744735718,0.12554112076759338
YPL031C,YBL025W,0,-4.6241865,0.2240000069141388,0.3636363744735718,0.12597402930259705
YGR006W,YLR371W,0,-4.624311,0.22340425848960876,0.3636363744735718,0.12640692293643951
YHL002W,YDR160W,0,-4.6243825,0.22281166911125183,0.3636363744735718,0.12683983147144318
YNL275W,YLR442C,0,-4.6254816,0.2222222238779068,0.3636363744735718,0.12727272510528564
YLL003W,YGL227W,0,-4.6257963,0.2216358780860901,0.3636363744735718,0.1277056336402893
YPL032C,YML045W,0,-4.625924,0.2210526317358017,0.3636363744735718,0.12813852727413177
YKL192C,YLR069C,0,-4.6261797,0.22047244012355804,0.3636363744735718,0.12857143580913544
YOR147W,YCR066W,0,-4.626219,0.21989528834819794,0.3636363744735718,0.1290043294429779
YNL278W,YGL252C,0,-4.626997,0.219321146607399,0.3636363744735718,0.12943722307682037
YGL163C,YER161C,0,-4.6283216,0.21875,0.3636363744735718,0.12987013161182404
YCR082W,YDR150W,0,-4.628803,0.2181818187236786,0.3636363744735718,0.1303030252456665
YNR027W,YDR245W,1,-4.6298075,0.22020725905895233,0.36796537041664124,0.1303030252456665
YER149C,YLR312C-B,1,-4.629882,0.2222222238779068,0.3722943663597107,0.1303030252456665
YPL137C,YNL231C,0,-4.629917,0.22164948284626007,0.3722943663597107,0.13073593378067017
YKL073W,YPR131C,0,-4.6309047,0.22107969224452972,0.3722943663597107,0.13116882741451263
YHR030C,YMR236W,0,-4.6311665,0.22051282227039337,0.3722943663597107,0.1316017359495163
YGR119C,YOL124C,0,-4.631426,0.21994884312152863,0.3722943663597107,0.13203462958335876
YGL144C,YOR069W,0,-4.6327,0.21938775479793549,0.3722943663597107,0.13246753811836243
YGL054C,YDR420W,1,-4.6331315,0.221374049782753,0.37662336230278015,0.13246753811836243
YOR198C,YDR416W,0,-4.6340175,0.22081218659877777,0.37662336230278015,0.1329004317522049
YOR198C,YLR347C,0,-4.6340213,0.22025316953659058,0.37662336230278015,0.13333334028720856
YAL030W,YMR053C,0,-4.6340523,0.21969696879386902,0.37662336230278015,0.13376623392105103
YBL006C,YMR218C,0,-4.6346197,0.2191435694694519,0.37662336230278015,0.1341991275548935
YPL244C,YIL026C,0,-4.6348724,0.21859297156333923,0.37662336230278015,0.13463203608989716
YBR257W,YBR175W,0,-4.6350737,0.21804511547088623,0.37662336230278015,0.13506492972373962
YGL054C,YGR152C,1,-4.635382,0.2199999988079071,0.380952388048172,0.13506492972373962
YGL119W,YDR268W,0,-4.6365967,0.21945136785507202,0.380952388048172,0.1354978382587433
YBR217W,YFR024C-A,0,-4.637244,0.2189054787158966,0.380952388048172,0.13593073189258575
YDR108W,YKR020W,0,-4.638402,0.21836228668689728,0.380952388048172,0.13636364042758942
YDR421W,YHR106W,0,-4.638509,0.21782177686691284,0.380952388048172,0.13679653406143188
YDR017C,YOR266W,0,-4.6386786,0.2172839492559433,0.380952388048172,0.13722944259643555
YKR101W,YPL087W,0,-4.639292,0.21674877405166626,0.380952388048172,0.13766233623027802
YHR107C,YDR420W,1,-4.639428,0.2186732143163681,0.38528138399124146,0.13766233623027802
YJL170C,YML004C,0,-4.6401687,0.2181372493505478,0.38528138399124146,0.13809524476528168
YEL029C,YIL095W,1,-4.640522,0.2200489044189453,0.3896103799343109,0.13809524476528168
YFL039C,YLR314C,1,-4.6408453,0.2219512164592743,0.39393940567970276,0.13809524476528168
YJL058C,YNL258C,0,-4.640868,0.22141119837760925,0.39393940567970276,0.13852813839912415
YOR308C,YGR099W,0,-4.641342,0.22087378799915314,0.39393940567970276,0.1389610320329666
YNL219C,YPL283C,0,-4.6418257,0.22033898532390594,0.39393940567970276,0.13939394056797028
YMR167W,YOR119C,0,-4.6425614,0.2198067605495453,0.39393940567970276,0.13982683420181274
YCR086W,YJR127C,0,-4.6435304,0.21927711367607117,0.39393940567970276,0.1402597427368164
YGR199W,YBL057C,0,-4.6444387,0.21875,0.39393940567970276,0.14069263637065887
YDL076C,YER180C-A,0,-4.6446524,0.2182254195213318,0.39393940567970276,0.14112554490566254
YPL022W,YOR069W,0,-4.6448936,0.21770334243774414,0.39393940567970276,0.141558438539505
YBR205W,YJR029W,0,-4.645341,0.21718376874923706,0.39393940567970276,0.14199134707450867
YDR123C,YJL062W,0,-4.645788,0.21666666865348816,0.39393940567970276,0.14242424070835114
YDR421W,YGL210W,0,-4.6458917,0.21615201234817505,0.39393940567970276,0.1428571492433548
YLL034C,YLR403W,0,-4.6478295,0.21563981473445892,0.39393940567970276,0.14329004287719727
YBR093C,YPL042C,0,-4.6479106,0.215130016207695,0.39393940567970276,0.14372293651103973
YOR188W,YKL019W,0,-4.6486373,0.2146226465702057,0.39393940567970276,0.1441558450460434
YNL059C,YDR356W,0,-4.6490107,0.2141176462173462,0.39393940567970276,0.14458873867988586
YIL114C,YKL058W,0,-4.6515913,0.2136150300502777,0.39393940567970276,0.14502164721488953
YLR114C,YMR285C,0,-4.6518393,0.21311475336551666,0.39393940567970276,0.145454540848732
YIL026C,YHR050W,0,-4.6523585,0.21261681616306305,0.39393940567970276,0.14588744938373566
YHR043C,YDR529C,0,-4.654352,0.21212121844291687,0.39393940567970276,0.14632034301757812
YAL021C,YBL079W,0,-4.654553,0.21162790060043335,0.39393940567970276,0.1467532515525818
YKL135C,YNL279W,0,-4.654837,0.21113689243793488,0.39393940567970276,0.14718614518642426
YLR353W,YJL085W,1,-4.654879,0.21296297013759613,0.3982684016227722,0.14718614518642426
YDR464W,YJL054W,0,-4.656767,0.2124711275100708,0.3982684016227722,0.14761905372142792
YNL031C,YLR442C,0,-4.6575513,0.21198156476020813,0.3982684016227722,0.14805194735527039
YGR147C,YJR063W,0,-4.6587605,0.21149425208568573,0.3982684016227722,0.14848485589027405
YNL142W,YER053C,0,-4.6595736,0.2110091745853424,0.3982684016227722,0.14891774952411652
YPR135W,YPL275W,0,-4.659604,0.21052631735801697,0.3982684016227722,0.14935064315795898
YBR061C,YIL082W-A,0,-4.660006,0.21004566550254822,0.3982684016227722,0.14978355169296265
YCL010C,YPR140W,0,-4.6604643,0.20956720411777496,0.3982684016227722,0.15021644532680511
YEL029C,YCL012W,1,-4.661914,0.21136364340782166,0.4025973975658417,0.15021644532680511
YMR276W,YDR400W,0,-4.662387,0.21088434755802155,0.4025973975658417,0.15064935386180878
YJR155W,YJL093C,0,-4.662753,0.21040724217891693,0.4025973975658417,0.15108224749565125
YHR043C,YDL077C,0,-4.6633162,0.20993228256702423,0.4025973975658417,0.1515151560306549
YMR137C,YPR190C,0,-4.663619,0.20945945382118225,0.4025973975658417,0.15194804966449738
YOL139C,YER108C,0,-4.664098,0.20898877084255219,0.4025973975658417,0.15238095819950104
YEL029C,YDR420W,1,-4.6641064,0.21076233685016632,0.40692639350891113,0.15238095819950104
YCR075C,YIL076W,0,-4.6645217,0.2102908343076706,0.40692639350891113,0.1528138518333435
YCL012W,YDR129C,1,-4.6652308,0.2120535671710968,0.411255419254303,0.1528138518333435
YLR368W,YOR162C,0,-4.6655693,0.211581289768219,0.411255419254303,0.15324676036834717
YER108C,YOR025W,0,-4.6663275,0.21111111342906952,0.411255419254303,0.15367965400218964
YNR035C,YDR434W,0,-4.6667438,0.210643008351326,0.411255419254303,0.1541125476360321
YLR353W,YLR314C,1,-4.667095,0.21238937973976135,0.41558441519737244,0.1541125476360321
YGL119W,YDR385W,0,-4.6682596,0.21192052960395813,0.41558441519737244,0.15454545617103577
YPL161C,YJL047C,0,-4.6683216,0.21145375072956085,0.41558441519737244,0.15497834980487823
YBR142W,YDR145W,0,-4.668952,0.21098901331424713,0.41558441519737244,0.1554112583398819
YDR461W,YOR127W,0,-4.670432,0.21052631735801697,0.41558441519737244,0.15584415197372437
YBL034C,YHR214C-B,0,-4.6710505,0.21006564795970917,0.41558441519737244,0.15627706050872803
YPL049C,YBL008W,0,-4.671382,0.20960699021816254,0.41558441519737244,0.1567099541425705
YKL138C-A,YER180C-A,0,-4.672238,0.20915032923221588,0.41558441519737244,0.15714286267757416
YDL231C,YCL017C,0,-4.673145,0.208695650100708,0.41558441519737244,0.15757575631141663
YGR145W,YGL144C,0,-4.6731844,0.20824295282363892,0.41558441519737244,0.1580086648464203
YDR022C,YER013W,0,-4.673402,0.20779220759868622,0.41558441519737244,0.15844155848026276
YOL060C,YNL085W,0,-4.6734486,0.20734341442584991,0.41558441519737244,0.15887445211410522
YDL044C,YGR280C,0,-4.6737285,0.2068965584039688,0.41558441519737244,0.1593073606491089
YKR019C,YFR033C,0,-4.6744137,0.20645160973072052,0.41558441519737244,0.15974025428295135
YIL065C,YJL061W,0,-4.6750364,0.20600858330726624,0.41558441519737244,0.16017316281795502
YHR191C,YNL079C,0,-4.6754847,0.20556744933128357,0.41558441519737244,0.16060605645179749
YCL012W,YDR420W,1,-4.6757665,0.2072649598121643,0.4199134111404419,0.16060605645179749
YDR036C,YMR087W,0,-4.676711,0.20682302117347717,0.4199134111404419,0.16103896498680115
YNR044W,YFR046C,0,-4.678103,0.20638297498226166,0.4199134111404419,0.16147185862064362
YOR371C,YGL210W,0,-4.678381,0.20594479143619537,0.4199134111404419,0.16190476715564728
YHL048W,YOR373W,0,-4.6790876,0.20550847053527832,0.4199134111404419,0.16233766078948975
YBR060C,YGR135W,0,-4.680176,0.2050739973783493,0.4199134111404419,0.1627705693244934
YHR114W,YMR234W,0,-4.6802387,0.20464135706424713,0.4199134111404419,0.16320346295833588
YPR187W,YDR167W,0,-4.6803255,0.20421051979064941,0.4199134111404419,0.16363635659217834
YGR188C,YEL032W,0,-4.680641,0.20378151535987854,0.4199134111404419,0.164069265127182
YBR015C,YOR229W,0,-4.6806808,0.20335429906845093,0.4199134111404419,0.16450215876102448
YMR285C,YDR175C,0,-4.6814165,0.20292887091636658,0.4199134111404419,0.16493506729602814
YER013W,YGR122W,0,-4.6816173,0.2025052160024643,0.4199134111404419,0.1653679609298706
YDR022C,YER151C,0,-4.6827235,0.20208333432674408,0.4199134111404419,0.16580086946487427
YCL012W,YER149C,1,-4.6833153,0.20374220609664917,0.42424243688583374,0.16580086946487427
YMR188C,YGL070C,0,-4.683618,0.2033195048570633,0.42424243688583374,0.16623376309871674
YMR161W,YBL023C,0,-4.6836953,0.2028985470533371,0.42424243688583374,0.1666666716337204
YFR033C,YPR140W,0,-4.6838684,0.20247933268547058,0.42424243688583374,0.16709956526756287
YLR442C,YDL038C,0,-4.684408,0.20206186175346375,0.42424243688583374,0.16753247380256653
YCL012W,YAR019C,1,-4.6850767,0.20370370149612427,0.4285714328289032,0.16753247380256653
YDR461W,YGL070C,0,-4.6858983,0.20328542590141296,0.4285714328289032,0.167965367436409
YDR245W,YDR166C,1,-4.686257,0.2049180269241333,0.43290042877197266,0.167965367436409
YLR186W,YPR131C,0,-4.686917,0.20449897646903992,0.43290042877197266,0.16839826107025146
YBR133C,YDL044C,0,-4.687177,0.20408163964748383,0.43290042877197266,0.16883116960525513
YGL119W,YBR290W,0,-4.6873465,0.20366598665714264,0.43290042877197266,0.1692640632390976
YBR085W,YCL031C,0,-4.6874175,0.20325203239917755,0.43290042877197266,0.16969697177410126
YGR188C,YPL022W,0,-4.687813,0.20283976197242737,0.43290042877197266,0.17012986540794373
YBR100W,YNL294C,0,-4.687843,0.2024291455745697,0.43290042877197266,0.1705627739429474
YDR129C,YDR166C,1,-4.688004,0.20404040813446045,0.4372294247150421,0.1705627739429474
YDR238C,YOR073W,0,-4.688775,0.2036290317773819,0.4372294247150421,0.17099566757678986
YDR296W,YGR085C,0,-4.6888456,0.20321930944919586,0.4372294247150421,0.17142857611179352
YGL025C,YJR029W,0,-4.688967,0.20281124114990234,0.4372294247150421,0.171861469745636
YJR089W,YPR190C,0,-4.689801,0.20240481197834015,0.4372294247150421,0.17229437828063965
YOR157C,YLR176C,0,-4.6900196,0.20200000703334808,0.4372294247150421,0.17272727191448212
YKR036C,YER112W,0,-4.690064,0.20159681141376495,0.4372294247150421,0.17316018044948578
YPL117C,YEL032W,0,-4.691073,0.20119522511959076,0.4372294247150421,0.17359307408332825
YNL206C,YJL036W,0,-4.6911163,0.2007952332496643,0.4372294247150421,0.17402596771717072
YGL054C,YOR326W,1,-4.6917963,0.2023809552192688,0.44155845046043396,0.17402596771717072
YJR155W,YLR254C,0,-4.6918697,0.20198020339012146,0.44155845046043396,0.17445887625217438
YOL021C,YGR122W,0,-4.6919284,0.20158103108406067,0.44155845046043396,0.17489176988601685
YPL022W,YPR161C,0,-4.6924863,0.20118343830108643,0.44155845046043396,0.1753246784210205
YNL250W,YOL102C,0,-4.693281,0.20078739523887634,0.44155845046043396,0.17575757205486298
YJL061W,YOL028C,0,-4.6935782,0.2003929316997528,0.44155845046043396,0.17619048058986664
YPL275W,YAR042W,0,-4.6947813,0.20000000298023224,0.44155845046043396,0.1766233742237091
YNL098C,YCR027C,0,-4.695369,0.19960860908031464,0.44155845046043396,0.17705628275871277
YDR434W,YNL029C,0,-4.695496,0.19921875,0.44155845046043396,0.17748917639255524
YFR021W,YDR268W,0,-4.6956997,0.19883041083812714,0.44155845046043396,0.1779220849275589
YNR027W,YIR006C,1,-4.695768,0.200389102101326,0.4458874464035034,0.1779220849275589
YMR042W,YDR302W,0,-4.696039,0.20000000298023224,0.4458874464035034,0.17835497856140137
YGR188C,YDR473C,0,-4.6961565,0.19961240887641907,0.4458874464035034,0.17878787219524384
YLR386W,YEL002C,0,-4.696459,0.19922630488872528,0.4458874464035034,0.1792207807302475
YGR267C,YFL033C,0,-4.6984706,0.19884170591831207,0.4458874464035034,0.17965367436408997
YGR119C,YBR030W,0,-4.6987495,0.19845856726169586,0.4458874464035034,0.18008658289909363
YBR274W,YPL206C,0,-4.6994314,0.19807691872119904,0.4458874464035034,0.1805194765329361
YHR118C,YFR033C,0,-4.699702,0.1976967304944992,0.4458874464035034,0.18095238506793976
YBR133C,YJR119C,0,-4.7007627,0.19731800258159637,0.4458874464035034,0.18138527870178223
YBL069W,YLR014C,0,-4.7019005,0.19694072008132935,0.4458874464035034,0.1818181872367859
YDR420W,YLR312C-B,1,-4.7021666,0.19847328960895538,0.4502164423465729,0.1818181872367859
YDR245W,YER149C,1,-4.703272,0.20000000298023224,0.4545454680919647,0.1818181872367859
YML095C,YDL077C,0,-4.703335,0.19961977005004883,0.4545454680919647,0.18225108087062836
YBL035C,YDR082W,0,-4.7034774,0.19924098253250122,0.4545454680919647,0.18268398940563202
YER180C-A,YPL144W,0,-4.703768,0.19886364042758942,0.4545454680919647,0.1831168830394745
YEL026W,YDR324C,0,-4.704305,0.19848771393299103,0.4545454680919647,0.18354977667331696
YOL095C,YDR098C-B,0,-4.7049084,0.19811320304870605,0.4545454680919647,0.18398268520832062
YOR094W,YER111C,0,-4.7061615,0.1977401077747345,0.4545454680919647,0.18441557884216309
YIL095W,YDR129C,1,-4.706626,0.19924812018871307,0.4588744640350342,0.18441557884216309
YPL155C,YOR119C,0,-4.707176,0.19887429475784302,0.4588744640350342,0.18484848737716675
YPL221W,YBL103C,0,-4.7093296,0.19850187003612518,0.4588744640350342,0.18528138101100922
YPL032C,YDR324C,0,-4.709737,0.19813084602355957,0.4588744640350342,0.18571428954601288
YGL207W,YMR236W,0,-4.7098274,0.1977611929178238,0.4588744640350342,0.18614718317985535
YGR156W,YIL075C,0,-4.710272,0.19739292562007904,0.4588744640350342,0.186580091714859
YDR123C,YBR100W,0,-4.710412,0.19702602922916412,0.4588744640350342,0.18701298534870148
YDR188W,YDR437W,0,-4.7111707,0.19666048884391785,0.4588744640350342,0.18744589388370514
YLR353W,YGL054C,1,-4.7118464,0.19814814627170563,0.46320345997810364,0.18744589388370514
YOR335C,YPL032C,0,-4.711933,0.19778189063072205,0.46320345997810364,0.1878787875175476
YLR399C,YKL138C-A,0,-4.712296,0.1974169760942459,0.46320345997810364,0.18831168115139008
YOR025W,YGL070C,0,-4.7130375,0.19705340266227722,0.46320345997810364,0.18874458968639374
YIL051C,YGL100W,0,-4.714574,0.19669117033481598,0.46320345997810364,0.1891774833202362
YOR030W,YBL034C,0,-4.7149563,0.19633027911186218,0.46320345997810364,0.18961039185523987
YHR114W,YMR161W,0,-4.7151213,0.19597069919109344,0.46320345997810364,0.19004328548908234
YDR420W,YDR245W,1,-4.7155275,0.19744057953357697,0.4675324559211731,0.19004328548908234
YNR027W,YCL012W,1,-4.7159452,0.1989051103591919,0.47186148166656494,0.19004328548908234
YCR088W,YGR199W,0,-4.7162333,0.19854280352592468,0.47186148166656494,0.190476194024086
YLR403W,YOR295W,0,-4.7163405,0.19818182289600372,0.47186148166656494,0.19090908765792847
YMR083W,YDL038C,0,-4.7170353,0.19782213866710663,0.47186148166656494,0.19134199619293213
YMR161W,YKL041W,0,-4.717271,0.1974637657403946,0.47186148166656494,0.1917748898267746
YLR314C,YGR152C,1,-4.7175264,0.1989150047302246,0.4761904776096344,0.1917748898267746
YMR211W,YBR095C,0,-4.718586,0.19855596125125885,0.4761904776096344,0.19220779836177826
YJL117W,YMR235C,0,-4.718715,0.19819819927215576,0.4761904776096344,0.19264069199562073
YNL278W,YPR054W,0,-4.720926,0.19784173369407654,0.4761904776096344,0.1930735856294632
YML034W,YPL042C,0,-4.721283,0.1974865347146988,0.4761904776096344,0.19350649416446686
YDL231C,YPR111W,0,-4.721341,0.19713261723518372,0.4761904776096344,0.19393938779830933
YDR446W,YPR074C,0,-4.7215295,0.19677996635437012,0.4761904776096344,0.194372296333313
YDR103W,YMR313C,0,-4.721731,0.1964285671710968,0.4761904776096344,0.19480518996715546
YGR036C,YLR016C,0,-4.7227974,0.19607843458652496,0.4761904776096344,0.19523809850215912
YDR188W,YJL192C,0,-4.7228317,0.19572953879833221,0.4761904776096344,0.1956709921360016
YKL176C,YBL057C,0,-4.7228403,0.19538187980651855,0.4761904776096344,0.19610390067100525
YDL120W,YHR214C-B,0,-4.7238765,0.19503545761108398,0.4761904776096344,0.19653679430484772
YIL051C,YGR133W,0,-4.724447,0.1946902722120285,0.4761904776096344,0.19696970283985138
YPL132W,YOR351C,0,-4.7246766,0.19434629380702972,0.4761904776096344,0.19740259647369385
YNR044W,YDL044C,0,-4.724821,0.19400352239608765,0.4761904776096344,0.1978355050086975
YMR305C,YKL108W,0,-4.7260866,0.19366197288036346,0.4761904776096344,0.19826839864253998
YEL029C,YLR312C-B,1,-4.726508,0.19507908821105957,0.48051947355270386,0.19826839864253998
YDL004W,YKL019W,0,-4.7267675,0.19473683834075928,0.48051947355270386,0.19870129227638245
YGL163C,YOR001W,0,-4.7268806,0.19439579546451569,0.48051947355270386,0.1991342008113861
YLR368W,YCL033C,0,-4.727057,0.1940559446811676,0.48051947355270386,0.19956709444522858
YNL041C,YDL038C,0,-4.7277,0.19371727108955383,0.48051947355270386,0.20000000298023224
YCR033W,YBR097W,0,-4.728274,0.19337978959083557,0.48051947355270386,0.2004328966140747
YNL251C,YPL152W,0,-4.7287974,0.19304348528385162,0.48051947355270386,0.20086580514907837
YBL018C,YIL167W,0,-4.7298155,0.1927083283662796,0.48051947355270386,0.20129869878292084
YPL152W,YLR452C,0,-4.7304573,0.1923743486404419,0.48051947355270386,0.2017316073179245
YMR173W,YML051W,0,-4.7305055,0.1920415163040161,0.48051947355270386,0.20216450095176697
YMR188C,YNL121C,0,-4.730524,0.19170984625816345,0.48051947355270386,0.20259740948677063
YDR123C,YBR015C,0,-4.7318454,0.19137930870056152,0.48051947355270386,0.2030303031206131
YLR131C,YHR050W,0,-4.732085,0.19104991853237152,0.48051947355270386,0.20346319675445557
YCL012W,YGL054C,1,-4.733359,0.19243986904621124,0.4848484992980957,0.20346319675445557
YER161C,YBL034C,0,-4.733653,0.19210977852344513,0.4848484992980957,0.20389610528945923
YHR154W,YKR062W,0,-4.7339263,0.19178082048892975,0.4848484992980957,0.2043289989233017
YLL022C,YBR133C,0,-4.734118,0.1914529949426651,0.4848484992980957,0.20476190745830536
YNL042W,YJL054W,0,-4.734393,0.19112628698349,0.4848484992980957,0.20519480109214783
YFL059W,YIL138C,0,-4.7348623,0.19080068171024323,0.4848484992980957,0.2056277096271515
YFR021W,YPR006C,0,-4.735076,0.190476194024086,0.4848484992980957,0.20606060326099396
YMR161W,YMR182C,0,-4.736395,0.19015279412269592,0.4848484992980957,0.20649351179599762
YHR107C,YLR312C-B,1,-4.7370405,0.1915254294872284,0.48917749524116516,0.20649351179599762
YBR202W,YDR150W,0,-4.7370596,0.1912013590335846,0.48917749524116516,0.2069264054298401
YIR019C,YCR012W,0,-4.7374897,0.19087837636470795,0.48917749524116516,0.20735931396484375
YLR016C,YMR182C,0,-4.73802,0.19055649638175964,0.48917749524116516,0.20779220759868622
YPL228W,YJR063W,0,-4.738037,0.1902356892824173,0.48917749524116516,0.2082251012325287
YLR353W,YLL021W,1,-4.738346,0.1915966421365738,0.4935064911842346,0.2082251012325287
YPL049C,YKL186C,0,-4.739083,0.19127516448497772,0.4935064911842346,0.20865800976753235
YOR198C,YNL279W,0,-4.7391424,0.1909547746181488,0.4935064911842346,0.20909090340137482
YJL196C,YDL185W,0,-4.739876,0.19063545763492584,0.4935064911842346,0.20952381193637848
YPR135W,YMR101C,0,-4.739962,0.19031719863414764,0.4935064911842346,0.20995670557022095
YLR353W,YOR326W,1,-4.7405663,0.19166666269302368,0.4978354871273041,0.20995670557022095
YJL018W,YHL025W,0,-4.741043,0.19134774804115295,0.4978354871273041,0.2103896141052246
YMR068W,YGR188C,0,-4.7411647,0.19102990627288818,0.4978354871273041,0.21082250773906708
YML051W,YDL194W,0,-4.7413664,0.19071310758590698,0.4978354871273041,0.21125541627407074
YMR204C,YIL042C,0,-4.741449,0.19039735198020935,0.4978354871273041,0.2116883099079132
YPL128C,YCL069W,0,-4.7414865,0.1900826394557953,0.4978354871273041,0.21212121844291687
YDR216W,YMR046C,0,-4.7417827,0.1897689700126648,0.4978354871273041,0.21255411207675934
YER013W,YHR214C-B,0,-4.7420053,0.18945634365081787,0.4978354871273041,0.2129870057106018
YGL063W,YPR140W,0,-4.7424793,0.18914473056793213,0.4978354871273041,0.21341991424560547
YDR118W,YDL085W,0,-4.7431164,0.18883416056632996,0.4978354871273041,0.21385280787944794
YCL031C,YDR082W,0,-4.743137,0.18852458894252777,0.4978354871273041,0.2142857164144516
YNL031C,YDR279W,0,-4.7431946,0.18821604549884796,0.4978354871273041,0.21471861004829407
YOR313C,YJL156C,0,-4.743457,0.18790850043296814,0.4978354871273041,0.21515151858329773
YCL001W,YBR095C,0,-4.743639,0.1876019537448883,0.4978354871273041,0.2155844122171402
YOR265W,YBR175W,0,-4.7438254,0.18729642033576965,0.4978354871273041,0.21601732075214386
YPL049C,YMR235C,0,-4.7438793,0.1869918704032898,0.4978354871273041,0.21645021438598633
YDR300C,YNL197C,0,-4.7444515,0.18668831884860992,0.4978354871273041,0.21688312292099
YLR401C,YNL231C,0,-4.7457066,0.18638573586940765,0.4978354871273041,0.21731601655483246
YBR109C,YBR090C-A,0,-4.7459984,0.18608413636684418,0.4978354871273041,0.21774892508983612
YIL079C,YDL102W,0,-4.746303,0.1857835203409195,0.4978354871273041,0.2181818187236786
YBR257W,YBL057C,0,-4.7471523,0.1854838728904724,0.4978354871273041,0.21861471235752106
YBL025W,YDR057W,0,-4.7475863,0.18518517911434174,0.4978354871273041,0.21904762089252472
YDL074C,YGR281W,0,-4.748706,0.18488745391368866,0.4978354871273041,0.2194805145263672
YEL015W,YNL113W,0,-4.7495327,0.18459069728851318,0.4978354871273041,0.21991342306137085
YMR237W,YER051W,0,-4.749878,0.18429486453533173,0.4978354871273041,0.22034631669521332
YDR210C-D,YPR137C-B,0,-4.7499447,0.18400000035762787,0.4978354871273041,0.22077922523021698
YNL271C,YER149C,1,-4.7500954,0.18530350923538208,0.5021644830703735,0.22077922523021698
YGR167W,YPL244C,0,-4.7501106,0.1850079745054245,0.5021644830703735,0.22121211886405945
YJL014W,YLR368W,0,-4.7511253,0.18471337854862213,0.5021644830703735,0.2216450273990631
YFL033C,YOL138C,0,-4.751165,0.18441970646381378,0.5021644830703735,0.22207792103290558
YHR118C,YLR386W,0,-4.751527,0.18412698805332184,0.5021644830703735,0.22251082956790924
YIL026C,YML045W,0,-4.751776,0.18383517861366272,0.5021644830703735,0.2229437232017517
YHR011W,YNL231C,0,-4.7519693,0.1835443079471588,0.5021644830703735,0.22337661683559418
YGR036C,YMR293C,0,-4.752136,0.18325434625148773,0.5021644830703735,0.22380952537059784
YML078W,YCL001W,0,-4.752241,0.18296529352664948,0.5021644830703735,0.2242424190044403
YER045C,YDL190C,0,-4.7534585,0.18267716467380524,0.5021644830703735,0.22467532753944397
YJL062W,YOL005C,0,-4.7535524,0.18238992989063263,0.5021644830703735,0.22510822117328644
YDL161W,YNR008W,0,-4.7536163,0.18210360407829285,0.5021644830703735,0.2255411297082901
YER180C-A,YNR048W,0,-4.756407,0.1818181872367859,0.5021644830703735,0.22597402334213257
YBL034C,YPL237W,0,-4.756481,0.18153364956378937,0.5021644830703735,0.22640693187713623
YOR373W,YGL210W,0,-4.756826,0.18125000596046448,0.5021644830703735,0.2268398255109787
YBL023C,YBL005W-A,0,-4.7571745,0.18096724152565002,0.5021644830703735,0.22727273404598236
YER119C,YOL138C,0,-4.7571874,0.180685356259346,0.5021644830703735,0.22770562767982483
YBR060C,YDR443C,0,-4.757531,0.18040435016155243,0.5021644830703735,0.2281385213136673
YDR201W,YGR122W,0,-4.7584677,0.1801242232322693,0.5021644830703735,0.22857142984867096
YDL120W,YML040W,0,-4.758727,0.1798449605703354,0.5021644830703735,0.22900432348251343
YDR363W,YOR049C,0,-4.758987,0.17956656217575073,0.5021644830703735,0.2294372320175171
YGL166W,YBR102C,0,-4.7605147,0.17928902804851532,0.5021644830703735,0.22987012565135956
YDR153C,YPL157W,0,-4.76102,0.17901234328746796,0.5021644830703735,0.23030303418636322
YPL228W,YER038C,0,-4.7610636,0.17873652279376984,0.5021644830703735,0.2307359278202057
YPL159C,YPL022W,0,-4.7615094,0.17846153676509857,0.5021644830703735,0.23116883635520935
YJR002W,YIL082W-A,0,-4.763544,0.17818740010261536,0.5021644830703735,0.23160172998905182
YCL012W,YIR006C,1,-4.7637596,0.17944785952568054,0.5064935088157654,0.23160172998905182
YMR015C,YOL095C,0,-4.763797,0.1791730523109436,0.5064935088157654,0.23203463852405548
YIL079C,YMR235C,0,-4.7641587,0.17889907956123352,0.5064935088157654,0.23246753215789795
YAR007C,YPR140W,0,-4.764406,0.1786259561777115,0.5064935088157654,0.23290042579174042
YGL111W,YPL128C,0,-4.7644515,0.17835365235805511,0.5064935088157654,0.23333333432674408
YJL134W,YCR073C,0,-4.764556,0.1780821979045868,0.5064935088157654,0.23376622796058655
YBR079C,YGL244W,0,-4.7646594,0.17781154811382294,0.5064935088157654,0.2341991364955902
YER116C,YER151C,0,-4.7650986,0.17754173278808594,0.5064935088157654,0.23463203012943268
YMR264W,YML064C,0,-4.7651324,0.1772727221250534,0.5064935088157654,0.23506493866443634
YJR119C,YDL134C,0,-4.7655015,0.17700454592704773,0.5064935088157654,0.2354978322982788
YCL012W,YDR166C,1,-4.7656193,0.17824773490428925,0.5108225345611572,0.2354978322982788
YGR108W,YHL048W,0,-4.7656527,0.17797888815402985,0.5108225345611572,0.23593074083328247
YOR074C,YML045W,0,-4.7660537,0.17771084606647491,0.5108225345611572,0.23636363446712494
YGR036C,YEL019C,0,-4.766334,0.17744360864162445,0.5108225345611572,0.2367965430021286
YGR179C,YGR085C,0,-4.766905,0.17717717587947845,0.5108225345611572,0.23722943663597107
YFL033C,YGR143W,0,-4.767051,0.17691154778003693,0.5108225345611572,0.23766233026981354
YPR178W,YOR356W,0,-4.7674856,0.17664670944213867,0.5108225345611572,0.2380952388048172
YBR090C-A,YGR006W,0,-4.7676196,0.1763826608657837,0.5108225345611572,0.23852813243865967
YGR267C,YHR086W,0,-4.7695923,0.17611940205097198,0.5108225345611572,0.23896104097366333
YPR068C,YFL033C,0,-4.770037,0.17585693299770355,0.5108225345611572,0.2393939346075058
YEL061C,YGL210W,0,-4.770601,0.1755952388048172,0.5108225345611572,0.23982684314250946
YDR062W,YML040W,0,-4.7738233,0.17533431947231293,0.5108225345611572,0.24025973677635193
YNL271C,YNR027W,1,-4.7744174,0.17655786871910095,0.5151515007019043,0.24025973677635193
YOR265W,YOL010W,0,-4.7749643,0.17629629373550415,0.5151515007019043,0.2406926453113556
YLR399C,YOR371C,0,-4.7751193,0.17603550851345062,0.5151515007019043,0.24112553894519806
YDL161W,YBR090C-A,0,-4.77557,0.17577548325061798,0.5151515007019043,0.24155844748020172
YLR369W,YOR297C,0,-4.7756147,0.17551621794700623,0.5151515007019043,0.2419913411140442
YKL170W,YPR133C,0,-4.775835,0.17525772750377655,0.5151515007019043,0.24242424964904785
YJL085W,YLR312C-B,1,-4.776038,0.1764705926179886,0.5194805264472961,0.24242424964904785
YNL231C,YCR066W,0,-4.776154,0.17621144652366638,0.5194805264472961,0.24285714328289032
YMR065W,YGR078C,0,-4.7769165,0.17595307528972626,0.5194805264472961,0.2432900369167328
YAL021C,YCL020W,0,-4.777021,0.17569546401500702,0.5194805264472961,0.24372294545173645
YNR044W,YDR190C,0,-4.7774577,0.17543859779834747,0.5194805264472961,0.24415583908557892
YDL134C,YJL047C,0,-4.7777214,0.17518247663974762,0.5194805264472961,0.24458874762058258
YDR158W,YNL006W,0,-4.777774,0.17492711544036865,0.5194805264472961,0.24502164125442505
YDL231C,YAL033W,0,-4.779173,0.17467248439788818,0.5194805264472961,0.2454545497894287
YBL024W,YNL121C,0,-4.779589,0.1744185984134674,0.5194805264472961,0.24588744342327118
YOL044W,YJL089W,0,-4.780053,0.17416545748710632,0.5194805264472961,0.24632035195827484
YMR220W,YNR011C,0,-4.7800684,0.17391304671764374,0.5194805264472961,0.2467532455921173
YGL245W,YJL063C,0,-4.7801046,0.17366136610507965,0.5194805264472961,0.24718615412712097
YOR032C,YJL100W,0,-4.78034,0.17341040074825287,0.5194805264472961,0.24761904776096344
YCR093W,YPR119W,0,-4.7811847,0.17316018044948578,0.5194805264472961,0.2480519413948059
YLR238W,YNR064C,0,-4.7812395,0.1729106605052948,0.5194805264472961,0.24848484992980957
YKL179C,YIR019C,0,-4.781315,0.17266187071800232,0.5194805264472961,0.24891774356365204
YLR114C,YOR294W,0,-4.7813387,0.17241379618644714,0.5194805264472961,0.2493506520986557
YDR243C,YDR201W,0,-4.782638,0.17216642200946808,0.5194805264472961,0.24978354573249817
YGR055W,YER041W,0,-4.7828865,0.1719197779893875,0.5194805264472961,0.25021645426750183
YJR078W,YJR026W,0,-4.783749,0.17167381942272186,0.5194805264472961,0.2506493628025055
YDR245W,YGR152C,1,-4.7838235,0.1728571355342865,0.523809552192688,0.2506493628025055
YFR024C-A,YHR014W,0,-4.784031,0.1726105511188507,0.523809552192688,0.25108224153518677
YDR062W,YCR073C,0,-4.7842846,0.17236466705799103,0.523809552192688,0.25151515007019043
YOL112W,YDR487C,0,-4.7844925,0.17211948335170746,0.523809552192688,0.2519480586051941
YPL275W,YML128C,0,-4.7862496,0.171875,0.523809552192688,0.25238096714019775
YBR205W,YKL126W,0,-4.7866793,0.17163120210170746,0.523809552192688,0.25281384587287903
YGR036C,YOR270C,0,-4.786682,0.17138810455799103,0.523809552192688,0.2532467544078827
YNL278W,YHR050W,0,-4.7867136,0.17114569246768951,0.523809552192688,0.25367966294288635
YLR220W,YLR410W,0,-4.7869425,0.17090395092964172,0.523809552192688,0.2541125416755676
YDR108W,YGL090W,0,-4.787114,0.17066290974617004,0.523809552192688,0.2545454502105713
YGR133W,YLR141W,0,-4.787159,0.1704225391149521,0.523809552192688,0.25497835874557495
YDL137W,YGL136C,0,-4.788017,0.17018283903598785,0.523809552192688,0.2554112672805786
YFL033C,YDL244W,0,-4.788044,0.16994382441043854,0.523809552192688,0.2558441460132599
YLR347C,YOL115W,0,-4.7880993,0.16970546543598175,0.523809552192688,0.25627705454826355
YPR119W,YNR048W,0,-4.7889686,0.16946779191493988,0.523809552192688,0.2567099630832672
YIL095W,YLR312C-B,1,-4.788984,0.1706293672323227,0.5281385183334351,0.2567099630832672
YHR107C,YDR166C,1,-4.789065,0.17178770899772644,0.5324675440788269,0.2567099630832672
YER107C,YOR014W,0,-4.7893486,0.17154811322689056,0.5324675440788269,0.2571428716182709
YNL271C,YEL029C,1,-4.789406,0.17270195484161377,0.536796510219574,0.2571428716182709
YHR015W,YML040W,0,-4.7896814,0.17246174812316895,0.536796510219574,0.25757575035095215
YGR133W,YFL002W-A,0,-4.789875,0.17222222685813904,0.536796510219574,0.2580086588859558
YGL054C,YJL085W,1,-4.7899055,0.17337031662464142,0.5411255359649658,0.2580086588859558
YJL003W,YHR011W,0,-4.790469,0.17313019931316376,0.5411255359649658,0.2584415674209595
YEL061C,YGL039W,0,-4.7908545,0.17289073765277863,0.5411255359649658,0.25887444615364075
YBR290W,YCL069W,0,-4.7917895,0.17265193164348602,0.5411255359649658,0.2593073546886444
YNL318C,YMR236W,0,-4.7918844,0.17241379618644714,0.5411255359649658,0.25974026322364807
YDR101C,YMR277W,0,-4.792032,0.1721763014793396,0.5411255359649658,0.26017317175865173
YLR318W,YPR078C,0,-4.792534,0.17193947732448578,0.5411255359649658,0.260606050491333
YPL221W,YML040W,0,-4.792985,0.1717032939195633,0.5411255359649658,0.26103895902633667
YLR233C,YIL082W-A,0,-4.7929935,0.17146776616573334,0.5411255359649658,0.26147186756134033
YER155C,YPL221W,0,-4.7940474,0.17123287916183472,0.5411255359649658,0.261904776096344
YPR124W,YDR296W,0,-4.7948165,0.17099863290786743,0.5411255359649658,0.26233765482902527
YBR110W,YJL018W,0,-4.795571,0.17076502740383148,0.5411255359649658,0.26277056336402893
YIL065C,YAL053W,0,-4.79566,0.17053206264972687,0.5411255359649658,0.2632034718990326
YDR389W,YHR152W,0,-4.795764,0.1702997237443924,0.5411255359649658,0.26363635063171387
YCR098C,YPR068C,0,-4.7958293,0.17006802558898926,0.5411255359649658,0.26406925916671753
YDR211W,YCL051W,0,-4.7964807,0.16983695328235626,0.5411255359649658,0.2645021677017212
YAR042W,YPL144W,0,-4.7966175,0.1696065068244934,0.5411255359649658,0.26493507623672485
YDR296W,YML028W,0,-4.7967386,0.1693767011165619,0.5411255359649658,0.26536795496940613
YML064C,YHR048W,0,-4.7970495,0.16914749145507812,0.5411255359649658,0.2658008635044098
YKL176C,YOR373W,0,-4.7972546,0.1689189225435257,0.5411255359649658,0.26623377203941345
YKL138C-A,YPL193W,0,-4.7976007,0.16869096457958221,0.5411255359649658,0.2666666805744171
YOR297C,YOR295W,0,-4.7982664,0.16846361756324768,0.5411255359649658,0.2670995593070984
YFR008W,YBR250W,0,-4.7987475,0.1682368814945221,0.5411255359649658,0.26753246784210205
YDL231C,YOR250C,0,-4.799147,0.16801075637340546,0.5411255359649658,0.2679653763771057
YHR055C,YDR358W,0,-4.799179,0.16778524219989777,0.5411255359649658,0.268398255109787
YLR314C,YLR312C-B,1,-4.7993784,0.16890080273151398,0.5454545617103577,0.268398255109787
YFL002W-A,YNL046W,0,-4.7996025,0.16867469251155853,0.5454545617103577,0.26883116364479065
YKL185W,YDR172W,0,-4.800162,0.16844919323921204,0.5454545617103577,0.2692640721797943
YGL063W,YHR214C-B,0,-4.800272,0.1682243049144745,0.5454545617103577,0.269696980714798
YOL095C,YGR078C,0,-4.8005657,0.1679999977350235,0.5454545617103577,0.27012985944747925
YGL090W,YHR050W,0,-4.801228,0.16777630150318146,0.5454545617103577,0.2705627679824829
YBR102C,YLL022C,0,-4.8020225,0.16755318641662598,0.5454545617103577,0.2709956765174866
YEL015W,YMR164C,0,-4.802497,0.16733068227767944,0.5454545617103577,0.27142858505249023
YOR023C,YOL044W,0,-4.8026776,0.16710875928401947,0.5454545617103577,0.2718614637851715
YJL018W,YBR091C,0,-4.8029613,0.16688741743564606,0.5454545617103577,0.27229437232017517
YOR025W,YDL033C,0,-4.803504,0.1666666716337204,0.5454545617103577,0.27272728085517883
YDR108W,YPL237W,0,-4.8037105,0.1664464920759201,0.5454545617103577,0.2731601595878601
YDR188W,YHR055C,0,-4.804009,0.16622690856456757,0.5454545617103577,0.27359306812286377
YPL049C,YBR136W,0,-4.8042774,0.1660079061985016,0.5454545617103577,0.27402597665786743
YPL228W,YHR197W,0,-4.804863,0.16578947007656097,0.5454545617103577,0.2744588851928711
YLR353W,YER149C,1,-4.8049364,0.16688567399978638,0.5497835278511047,0.2744588851928711
YCL035C,YER180C-A,0,-4.805073,0.1666666716337204,0.5497835278511047,0.27489176392555237
YHR191C,YPL117C,0,-4.805173,0.16644823551177979,0.5497835278511047,0.27532467246055603
YPL127C,YMR043W,0,-4.8052034,0.16623036563396454,0.5497835278511047,0.2757575809955597
YLL009C,YJL210W,0,-4.805311,0.16601307690143585,0.5497835278511047,0.27619048953056335
YJL170C,YFR021W,0,-4.8065047,0.16579633951187134,0.5497835278511047,0.27662336826324463
YER119C,YPL127C,0,-4.807132,0.16558018326759338,0.5497835278511047,0.2770562767982483
YER149C,YIL095W,1,-4.807315,0.1666666716337204,0.5541125535964966,0.2770562767982483
YBL019W,YBL063W,0,-4.8073864,0.16644993424415588,0.5541125535964966,0.27748918533325195
YNL029C,YMR087W,0,-4.8074346,0.16623376309871674,0.5541125535964966,0.2779220640659332
YJR069C,YJR144W,0,-4.8079457,0.16601815819740295,0.5541125535964966,0.2783549726009369
YLR318W,YPR054W,0,-4.808229,0.16580310463905334,0.5541125535964966,0.27878788113594055
YEL022W,YJL192C,0,-4.8082485,0.1655886173248291,0.5541125535964966,0.2792207896709442
YPL132W,YMR046C,0,-4.8089585,0.16537468135356903,0.5541125535964966,0.2796536684036255
YDR300C,YOR270C,0,-4.8097,0.16516129672527313,0.5541125535964966,0.28008657693862915
YGR267C,YNL138W,0,-4.8098583,0.1649484485387802,0.5541125535964966,0.2805194854736328
YBL063W,YMR235C,0,-4.810475,0.16473616659641266,0.5541125535964966,0.2809523940086365
YHR120W,YPR133C,0,-4.810759,0.16452442109584808,0.5541125535964966,0.28138527274131775
YGL249W,YJR029W,0,-4.8109117,0.16431322693824768,0.5541125535964966,0.2818181812763214
YOR046C,YJL117W,0,-4.8109274,0.16410256922245026,0.5541125535964966,0.2822510898113251
YCR093W,YCR065W,0,-4.811108,0.1638924479484558,0.5541125535964966,0.28268396854400635
YER174C,YLR403W,0,-4.8113236,0.16368286311626434,0.5541125535964966,0.28311687707901
YPR178W,YDR422C,0,-4.8113613,0.16347381472587585,0.5541125535964966,0.28354978561401367
YCL012W,YIL095W,1,-4.81168,0.16454081237316132,0.5584415793418884,0.28354978561401367
YBR257W,YLR386W,0,-4.8132133,0.16433121263980865,0.5584415793418884,0.28398269414901733
YKL203C,YCL069W,0,-4.814091,0.16412213444709778,0.5584415793418884,0.2844155728816986
YNR027W,YLR353W,1,-4.8141294,0.16518424451351166,0.5627705454826355,0.2844155728816986
YDR529C,YDL130W-A,0,-4.814311,0.1649746149778366,0.5627705454826355,0.28484848141670227
YOR232W,YKL020C,0,-4.814472,0.16476552188396454,0.5627705454826355,0.28528138995170593
YHR081W,YKL074C,0,-4.8150215,0.16455696523189545,0.5627705454826355,0.2857142984867096
YIL004C,YHR043C,0,-4.8156605,0.16434893012046814,0.5627705454826355,0.28614717721939087
YGR006W,YMR234W,0,-4.815996,0.16414141654968262,0.5627705454826355,0.28658008575439453
YIL038C,YDR489W,0,-4.8161335,0.16393442451953888,0.5627705454826355,0.2870129942893982
YJR002W,YBL005W-A,0,-4.8164997,0.16372795403003693,0.5627705454826355,0.28744587302207947
YKL032C,YPR190C,0,-4.817234,0.16352201998233795,0.5627705454826355,0.28787878155708313
YLR438C-A,YPR054W,0,-4.81751,0.16331657767295837,0.5627705454826355,0.2883116900920868
YLR131C,YER155C,0,-4.8181515,0.16311167180538177,0.5627705454826355,0.28874459862709045
YLR022C,YJR029W,0,-4.8183784,0.16290727257728577,0.5627705454826355,0.28917747735977173
YPR100W,YKL038W,0,-4.8187923,0.16270337998867035,0.5627705454826355,0.2896103858947754
YGR152C,YLL021W,1,-4.8191833,0.16374999284744263,0.5670995712280273,0.2896103858947754
YFL039C,YEL029C,1,-4.8191895,0.16479401290416718,0.5714285969734192,0.2896103858947754
YEL019C,YOR373W,0,-4.819229,0.16458852589130402,0.5714285969734192,0.29004329442977905
YMR264W,YNL293W,0,-4.819302,0.16438356041908264,0.5714285969734192,0.2904762029647827
YOL005C,YDR464W,0,-4.819383,0.16417910158634186,0.5714285969734192,0.290909081697464
YMR015C,YLR369W,0,-4.819851,0.16397514939308167,0.5714285969734192,0.29134199023246765
YNR027W,YOR326W,1,-4.8202963,0.1650124043226242,0.5757575631141663,0.29134199023246765
YLR231C,YDR356W,0,-4.8203697,0.16480793058872223,0.5757575631141663,0.2917748987674713
YIL038C,YOR294W,0,-4.820696,0.16460396349430084,0.5757575631141663,0.2922077775001526
YJL089W,YML045W,0,-4.8214273,0.16440048813819885,0.5757575631141663,0.29264068603515625
YCR082W,YGL039W,0,-4.8218994,0.16419753432273865,0.5757575631141663,0.2930735945701599
YBL079W,YHR214C-B,0,-4.8220334,0.16399507224559784,0.5757575631141663,0.2935065031051636
YLR399C,YDL074C,0,-4.8226357,0.16379310190677643,0.5757575631141663,0.29393938183784485
YOR294W,YGR104C,0,-4.8238034,0.1635916382074356,0.5757575631141663,0.2943722903728485
YOR198C,YCL031C,0,-4.824918,0.16339066624641418,0.5757575631141663,0.2948051989078522
YLR314C,YDR420W,1,-4.825013,0.16441717743873596,0.5800865888595581,0.2948051989078522
YOR326W,YDR166C,1,-4.8262973,0.16544117033481598,0.5844155550003052,0.2948051989078522
YPL127C,YKR014C,0,-4.826322,0.16523867845535278,0.5844155550003052,0.29523810744285583
YBR202W,YLR254C,0,-4.8268127,0.16503667831420898,0.5844155550003052,0.2956709861755371
YJL001W,YCR028C-A,0,-4.827275,0.16483516991138458,0.5844155550003052,0.29610389471054077
YDR382W,YPL237W,0,-4.8284955,0.16463415324687958,0.5844155550003052,0.29653680324554443
YDL130W-A,YGR122W,0,-4.8297777,0.16443361341953278,0.5844155550003052,0.2969697117805481
YGL115W,YDL077C,0,-4.8301187,0.16423358023166656,0.5844155550003052,0.29740259051322937
YKL108W,YOL138C,0,-4.830659,0.16403402388095856,0.5844155550003052,0.29783549904823303
YDR377W,YOL112W,0,-4.830676,0.16383494436740875,0.5844155550003052,0.2982684075832367
YEL019C,YOR049C,0,-4.830679,0.16363635659217834,0.5844155550003052,0.29870128631591797
YNL064C,YFL002W-A,0,-4.831676,0.16343826055526733,0.5844155550003052,0.29913419485092163
YDL148C,YCL069W,0,-4.8317556,0.16324062645435333,0.5844155550003052,0.2995671033859253
YOR157C,YIL076W,0,-4.8318915,0.16304348409175873,0.5844155550003052,0.30000001192092896
YFL039C,YIR006C,1,-4.8325787,0.1640530824661255,0.588744580745697,0.30000001192092896
YJR069C,YDL213C,0,-4.832817,0.1638554185628891,0.588744580745697,0.30043289065361023
YBR091C,YMR046C,0,-4.832888,0.1636582463979721,0.588744580745697,0.3008657991886139
YAL021C,YKL001C,0,-4.8329897,0.16346153616905212,0.588744580745697,0.30129870772361755
YOR074C,YCL069W,0,-4.833157,0.16326530277729034,0.588744580745697,0.3017316162586212
YMR220W,YJR007W,0,-4.8334146,0.16306954622268677,0.588744580745697,0.3021644949913025
YOR326W,YGR152C,1,-4.8340154,0.16407185792922974,0.5930736064910889,0.3021644949913025
YBR090C-A,YLR181C,0,-4.8344965,0.16387559473514557,0.5930736064910889,0.30259740352630615
YDR420W,YDR129C,1,-4.8350654,0.16487455368041992,0.5974025726318359,0.30259740352630615
YDR238C,YIL138C,0,-4.8352785,0.16467779874801636,0.5974025726318359,0.3030303120613098
YCR028C-A,YJL156C,0,-4.8353252,0.164481520652771,0.5974025726318359,0.3034631907939911
YBR133C,YHR197W,0,-4.8364863,0.16428571939468384,0.5974025726318359,0.30389609932899475
YHR015W,YKR089C,0,-4.8369484,0.1640903651714325,0.5974025726318359,0.3043290078639984
YJL146W,YEL002C,0,-4.8371305,0.16389548778533936,0.5974025726318359,0.3047619163990021
YOR335C,YLR403W,0,-4.837226,0.16370107233524323,0.5974025726318359,0.30519479513168335
YDL137W,YGL012W,0,-4.83782,0.1635071039199829,0.5974025726318359,0.305627703666687
YPL051W,YLR228C,0,-4.838122,0.1633136123418808,0.5974025726318359,0.3060606122016907
YGL119W,YER019C-A,0,-4.838211,0.1631205677986145,0.5974025726318359,0.30649352073669434
YKL203C,YHR214C-B,0,-4.8382926,0.16292798519134521,0.5974025726318359,0.3069263994693756
YLR100W,YDR057W,0,-4.839544,0.16273584961891174,0.5974025726318359,0.3073593080043793
YJL196C,YAR042W,0,-4.8395443,0.16254417598247528,0.5974025726318359,0.30779221653938293
YJL085W,YDR129C,1,-4.839747,0.1635294109582901,0.6017315983772278,0.30779221653938293
YPR171W,YDL040C,0,-4.8401885,0.16333724558353424,0.6017315983772278,0.3082250952720642
YJL047C,YPR054W,0,-4.840457,0.1631455421447754,0.6017315983772278,0.30865800380706787
YNL214W,YDR103W,0,-4.8408837,0.16295428574085236,0.6017315983772278,0.30909091234207153
YPR068C,YEL065W,0,-4.8410053,0.16276346147060394,0.6017315983772278,0.3095238208770752
YPR131C,YKR046C,0,-4.841063,0.16257309913635254,0.6017315983772278,0.30995669960975647
YMR182C,YNL064C,0,-4.841195,0.16238318383693695,0.6017315983772278,0.31038960814476013
YIL132C,YDL212W,0,-4.841406,0.16219370067119598,0.6017315983772278,0.3108225166797638
YOL042W,YGR199W,0,-4.841727,0.16200466454029083,0.6017315983772278,0.31125542521476746
YHL048W,YLR100W,0,-4.841737,0.1618160605430603,0.6017315983772278,0.31168830394744873
YBR091C,YMR190C,0,-4.8425903,0.1616279035806656,0.6017315983772278,0.3121212124824524
YBR020W,YPR078C,0,-4.8444734,0.1614401787519455,0.6017315983772278,0.31255412101745605
YNL258C,YKR014C,0,-4.8461943,0.16125290095806122,0.6017315983772278,0.31298699975013733
YLR207W,YGL210W,0,-4.846683,0.16106605529785156,0.6017315983772278,0.313419908285141
YOL139C,YLR442C,0,-4.8473067,0.16087962687015533,0.6017315983772278,0.31385281682014465
YJR127C,YBR165W,0,-4.847352,0.16069364547729492,0.6017315983772278,0.3142857253551483
YNL326C,YOL124C,0,-4.8483157,0.16050808131694794,0.6017315983772278,0.3147186040878296
YNL326C,YKR014C,0,-4.8486576,0.16032294929027557,0.6017315983772278,0.31515151262283325
YGR078C,YGR013W,0,-4.848971,0.16013824939727783,0.6017315983772278,0.3155844211578369
YNL326C,YOL010W,0,-4.8501673,0.15995396673679352,0.6017315983772278,0.3160173296928406
YBR245C,YPR190C,0,-4.850175,0.15977011620998383,0.6017315983772278,0.31645020842552185
YOR046C,YLR401C,0,-4.8507094,0.15958668291568756,0.6017315983772278,0.3168831169605255
YMR164C,YIL048W,0,-4.8507442,0.15940366685390472,0.6017315983772278,0.3173160254955292
YOR373W,YGR119C,0,-4.8508763,0.1592210829257965,0.6017315983772278,0.31774890422821045
YJL020C,YBL006C,0,-4.851265,0.15903890132904053,0.6017315983772278,0.3181818127632141
YOL139C,YBL005W-A,0,-4.8522115,0.15885713696479797,0.6017315983772278,0.3186147212982178
YDR448W,YEL057C,0,-4.852248,0.15867580473423004,0.6017315983772278,0.31904762983322144
YNL059C,YOR265W,0,-4.8524265,0.15849487483501434,0.6017315983772278,0.3194805085659027
YLR214W,YDR369C,0,-4.8530397,0.15831434726715088,0.6017315983772278,0.31991341710090637
YGL054C,YER149C,1,-4.8530602,0.15927189588546753,0.6060606241226196,0.31991341710090637
YBL019W,YNL059C,0,-4.853134,0.15909090638160706,0.6060606241226196,0.32034632563591003
YMR211W,YKL041W,0,-4.8532743,0.15891033411026,0.6060606241226196,0.3207792341709137
YPL051W,YOR032C,0,-4.854913,0.1587301641702652,0.6060606241226196,0.32121211290359497
YER127W,YMR188C,0,-4.8552756,0.15855039656162262,0.6060606241226196,0.32164502143859863
YLR429W,YLR328W,0,-4.855584,0.15837104618549347,0.6060606241226196,0.3220779299736023
YJL081C,YDL134C,0,-4.8557262,0.15819208323955536,0.6060606241226196,0.32251080870628357
YBR121C,YNL046W,0,-4.8558307,0.15801353752613068,0.6060606241226196,0.32294371724128723
YGR167W,YCL051W,0,-4.8563986,0.15783539414405823,0.6060606241226196,0.3233766257762909
YHR091C,YIL167W,0,-4.8565226,0.157657653093338,0.6060606241226196,0.32380953431129456
YBR250W,YDR416W,0,-4.8568573,0.15748031437397003,0.6060606241226196,0.32424241304397583
YDR488C,YLR016C,0,-4.8584633,0.15730337798595428,0.6060606241226196,0.3246753215789795
YDR279W,YDR312W,0,-4.85882,0.15712682902812958,0.6060606241226196,0.32510823011398315
YER016W,YGR104C,0,-4.858836,0.1569506675004959,0.6060606241226196,0.3255411386489868
YMR319C,YGL097W,0,-4.8600426,0.15677492320537567,0.6060606241226196,0.3259740173816681
YIL076W,YEL065W,0,-4.8600626,0.15659955143928528,0.6060606241226196,0.32640692591667175
YNL231C,YPR158C-C,0,-4.8602324,0.15642458200454712,0.6060606241226196,0.3268398344516754
YHR011W,YNL031C,0,-4.8603144,0.15625,0.6060606241226196,0.3272727131843567
YFL039C,YLR312C-B,1,-4.8603706,0.15719063580036163,0.6103895902633667,0.3272727131843567
YBR015C,YOR356W,0,-4.8605595,0.1570155918598175,0.6103895902633667,0.32770562171936035
YPR124W,YMR112C,0,-4.8613644,0.15684093534946442,0.6103895902633667,0.328138530254364
YDR101C,YDL212W,0,-4.8624372,0.15666666626930237,0.6103895902633667,0.3285714387893677
YJR144W,YOL067C,0,-4.8627234,0.15649278461933136,0.6103895902633667,0.32900431752204895
YOR157C,YOR142W-A,0,-4.8628464,0.1563192903995514,0.6103895902633667,0.3294372260570526
YDR052C,YHR030C,0,-4.863072,0.15614618360996246,0.6103895902633667,0.3298701345920563
YDR036C,YNR059W,0,-4.8631887,0.15597344934940338,0.6103895902633667,0.33030304312705994
YGL144C,YDR356W,0,-4.8635464,0.15580110251903534,0.6103895902633667,0.3307359218597412
YER174C,YNR064C,0,-4.8635817,0.15562914311885834,0.6103895902633667,0.3311688303947449
YDL161W,YOR361C,0,-4.8636694,0.15545755624771118,0.6103895902633667,0.33160173892974854
YDL185W,YOR229W,0,-4.8639374,0.15528634190559387,0.6103895902633667,0.3320346176624298
YGR167W,YJR026W,0,-4.864072,0.1551155149936676,0.6103895902633667,0.33246752619743347
YDL134C,YLL041C,0,-4.864442,0.15494506061077118,0.6103895902633667,0.33290043473243713
YGR246C,YMR198W,0,-4.865885,0.1547749787569046,0.6103895902633667,0.3333333432674408
YHR152W,YDR210C-D,0,-4.8664775,0.15460526943206787,0.6103895902633667,0.33376622200012207
YNL145W,YGL163C,0,-4.866711,0.154435932636261,0.6103895902633667,0.33419913053512573
YJL058C,YJL001W,0,-4.8671083,0.15426695346832275,0.6103895902633667,0.3346320390701294
YLR223C,YGR081C,0,-4.8671155,0.15409836173057556,0.6103895902633667,0.33506494760513306
YBL005W,YNL250W,0,-4.8675823,0.15393012762069702,0.6103895902633667,0.33549782633781433
YDR420W,YDR166C,1,-4.867841,0.15485277771949768,0.6147186160087585,0.33549782633781433
YFR046C,YPL157W,0,-4.8679523,0.15468409657478333,0.6147186160087585,0.335930734872818
YLR314C,YER149C,1,-4.8682323,0.15560391545295715,0.6190476417541504,0.335930734872818
YKR019C,YMR234W,0,-4.8688316,0.15543478727340698,0.6190476417541504,0.33636364340782166
YAL021C,YER112W,0,-4.8691382,0.15526601672172546,0.6190476417541504,0.33679652214050293
YER107C,YDL212W,0,-4.869729,0.1550976186990738,0.6190476417541504,0.3372294306755066
YGR267C,YCR033W,0,-4.86983,0.15492957830429077,0.6190476417541504,0.33766233921051025
YDL078C,YML040W,0,-4.869894,0.1547619104385376,0.6190476417541504,0.3380952477455139
YGR081C,YMR236W,0,-4.8708405,0.15459460020065308,0.6190476417541504,0.3385281264781952
YHR107C,YGL054C,1,-4.870903,0.15550756454467773,0.6233766078948975,0.3385281264781952
YDL161W,YBL006C,0,-4.8713284,0.1553398072719574,0.6233766078948975,0.33896103501319885
YJL058C,YBR109C,0,-4.8714714,0.1551724076271057,0.6233766078948975,0.3393939435482025
YDR473C,YAR010C,0,-4.872176,0.15500538051128387,0.6233766078948975,0.3398268520832062
YJL074C,YKR031C,0,-4.8722897,0.1548387110233307,0.6233766078948975,0.34025973081588745
YGR081C,YGR122W,0,-4.8729153,0.15467239916324615,0.6233766078948975,0.3406926393508911
YBR090C-A,YHR048W,0,-4.873103,0.15450644493103027,0.6233766078948975,0.3411255478858948
YDL101C,YBL025W,0,-4.8732433,0.15434083342552185,0.6233766078948975,0.34155845642089844
YJR155W,YDR098C-B,0,-4.873418,0.15417559444904327,0.6233766078948975,0.3419913351535797
YJL178C,YDR062W,0,-4.87477,0.15401069819927216,0.6233766078948975,0.3424242436885834
YMR068W,YEL057C,0,-4.8750606,0.1538461595773697,0.6233766078948975,0.34285715222358704
YLR401C,YBR090C-A,0,-4.8751335,0.15368196368217468,0.6233766078948975,0.3432900309562683
YKL117W,YJR126C,0,-4.8753633,0.15351812541484833,0.6233766078948975,0.343722939491272
YGR113W,YIL042C,0,-4.875498,0.15335462987422943,0.6233766078948975,0.34415584802627563
YMR167W,YNL251C,0,-4.8757386,0.1531914919614792,0.6233766078948975,0.3445887565612793
YEL029C,YIR006C,1,-4.8758693,0.15409138798713684,0.6277056336402893,0.3445887565612793
YGR152C,YDR166C,1,-4.876417,0.15498939156532288,0.6320346593856812,0.3445887565612793
YJR078W,YPL087W,0,-4.8766427,0.15482503175735474,0.6320346593856812,0.34502163529396057
YER119C,YHR011W,0,-4.87687,0.15466101467609406,0.6320346593856812,0.34545454382896423
YCL039W,YEL056W,0,-4.877573,0.15449735522270203,0.6320346593856812,0.3458874523639679
YNR027W,YDR420W,1,-4.87852,0.155391126871109,0.6363636255264282,0.3458874523639679
YKL074C,YJR120W,0,-4.878785,0.15522703528404236,0.6363636255264282,0.34632036089897156
YGR199W,YLR181C,0,-4.879002,0.15506328642368317,0.6363636255264282,0.34675323963165283
YOR046C,YNL258C,0,-4.8791,0.15489989519119263,0.6363636255264282,0.3471861481666565
YCL012W,YLR314C,1,-4.8791695,0.15578947961330414,0.6406926512718201,0.3471861481666565
YNR011C,YDL120W,0,-4.879272,0.15562565624713898,0.6406926512718201,0.34761905670166016
YLL022C,YBL103C,0,-4.8794165,0.15546219050884247,0.6406926512718201,0.34805193543434143
YNR027W,YLR314C,1,-4.8800316,0.15634837746620178,0.6450216174125671,0.34805193543434143
YPL093W,YJR026W,0,-4.8804317,0.15618447959423065,0.6450216174125671,0.3484848439693451
YIL051C,YPR078C,0,-4.8804607,0.15602093935012817,0.6450216174125671,0.34891775250434875
YPR111W,YML021C,0,-4.8811927,0.15585774183273315,0.6450216174125671,0.3493506610393524
YFL039C,YCL012W,1,-4.881215,0.15673981606960297,0.649350643157959,0.3493506610393524
YER016W,YMR313C,0,-4.88172,0.15657620131969452,0.649350643157959,0.3497835397720337
YBR212W,YJR049C,0,-4.8817897,0.15641292929649353,0.649350643157959,0.35021644830703735
YGR095C,YDR443C,0,-4.8821754,0.15625,0.649350643157959,0.350649356842041
YPR128C,YPR006C,0,-4.8821907,0.15608741343021393,0.649350643157959,0.3510822653770447
YOR094W,YDR057W,0,-4.882209,0.15592515468597412,0.649350643157959,0.35151514410972595
YOR313C,YOR069W,0,-4.8824444,0.15576323866844177,0.649350643157959,0.3519480526447296
YGR281W,YGL249W,0,-4.8828626,0.15560166537761688,0.649350643157959,0.3523809611797333
YJR019C,YKL203C,0,-4.8831778,0.15544041991233826,0.649350643157959,0.35281383991241455
YJL001W,YKL015W,0,-4.8834167,0.1552795022726059,0.649350643157959,0.3532467484474182
YGR013W,YPL032C,0,-4.8834763,0.155118927359581,0.649350643157959,0.3536796569824219
YJL156C,YMR236W,0,-4.8838015,0.15495868027210236,0.649350643157959,0.35411256551742554
YHL048W,YLR233C,0,-4.883911,0.15479876101016998,0.649350643157959,0.3545454442501068
YGL136C,YER053C,0,-4.884152,0.15463916957378387,0.649350643157959,0.3549783527851105
YMR060C,YLR410W,0,-4.884392,0.15447992086410522,0.649350643157959,0.35541126132011414
YOR023C,YGR281W,0,-4.884409,0.15432098507881165,0.649350643157959,0.3558441698551178
YER112W,YOR274W,0,-4.8849792,0.15416237711906433,0.649350643157959,0.3562770485877991
YDR421W,YNL294C,0,-4.885378,0.15400411188602448,0.649350643157959,0.35670995712280273
YNL182C,YDR450W,0,-4.885627,0.1538461595773697,0.649350643157959,0.3571428656578064
YGL019W,YGR244C,0,-4.8858123,0.15368852019309998,0.649350643157959,0.35757574439048767
YER051W,YKL020C,0,-4.8862457,0.15353122353553772,0.649350643157959,0.35800865292549133
YIL097W,YOL138C,0,-4.886261,0.15337423980236053,0.649350643157959,0.358441561460495
YDR385W,YBL025W,0,-4.8865027,0.15321756899356842,0.649350643157959,0.35887446999549866
YIR017C,YPL152W,0,-4.887504,0.15306122601032257,0.649350643157959,0.35930734872817993
YIL042C,YKL108W,0,-4.8878508,0.1529051959514618,0.649350643157959,0.3597402572631836
YBR293W,YPL283C,0,-4.8879404,0.15274949371814728,0.649350643157959,0.36017316579818726
YJL024C,YJL062W,0,-4.8885274,0.15259410440921783,0.649350643157959,0.3606060743331909
YDR093W,YPL212C,0,-4.888604,0.15243902802467346,0.649350643157959,0.3610389530658722
YNL286W,YDL085W,0,-4.8888807,0.15228426456451416,0.649350643157959,0.36147186160087585
YJL058C,YKR072C,0,-4.8891435,0.15212981402873993,0.649350643157959,0.3619047701358795
YJR042W,YMR235C,0,-4.890274,0.15197569131851196,0.649350643157959,0.3623376488685608
YPL022W,YKL117W,0,-4.890311,0.15182186663150787,0.649350643157959,0.36277055740356445
YOR074C,YPL275W,0,-4.890577,0.15166835486888885,0.649350643157959,0.3632034659385681
YDR108W,YJR002W,0,-4.890925,0.1515151560306549,0.649350643157959,0.3636363744735718
YDR473C,YBR175W,0,-4.8912573,0.15136225521564484,0.649350643157959,0.36406925320625305
YOR127W,YNL294C,0,-4.8914566,0.15120968222618103,0.649350643157959,0.3645021617412567
YER013W,YBR061C,0,-4.8920145,0.1510574072599411,0.649350643157959,0.3649350702762604
YOR315W,YDR356W,0,-4.8920827,0.15090543031692505,0.649350643157959,0.36536797881126404
YMR060C,YDL038C,0,-4.8922086,0.15075376629829407,0.649350643157959,0.3658008575439453
YBR202W,YHR157W,0,-4.892232,0.15060241520404816,0.649350643157959,0.366233766078949
YGL166W,YIL098C,0,-4.892591,0.15045134723186493,0.649350643157959,0.36666667461395264
YLR009W,YDL081C,0,-4.892898,0.15030060708522797,0.649350643157959,0.3670995533466339
YGR121C,YGL136C,0,-4.893695,0.1501501500606537,0.649350643157959,0.3675324618816376
YIL026C,YOR157C,0,-4.8938894,0.15000000596046448,0.649350643157959,0.36796537041664124
YLR009W,YJL190C,0,-4.89471,0.14985014498233795,0.649350643157959,0.3683982789516449
YKR048C,YBL005W,0,-4.8948383,0.1497005969285965,0.649350643157959,0.36883115768432617
YIL097W,YJL042W,0,-4.895364,0.14955134689807892,0.649350643157959,0.36926406621932983
YHR107C,YIR006C,1,-4.8964834,0.1503984034061432,0.6536796689033508,0.36926406621932983
YOR216C,YMR156C,0,-4.8965635,0.15024875104427338,0.6536796689033508,0.3696969747543335
YLR117C,YPL007C,0,-4.89658,0.15009939670562744,0.6536796689033508,0.37012988328933716
YDR435C,YDR243C,0,-4.896715,0.14995034039020538,0.6536796689033508,0.37056276202201843
YLR265C,YMR236W,0,-4.8971376,0.1498015820980072,0.6536796689033508,0.3709956705570221
YBR100W,YHR152W,0,-4.8979397,0.1496531218290329,0.6536796689033508,0.37142857909202576
YGL054C,YIR006C,1,-4.898145,0.15049505233764648,0.6580086350440979,0.37142857909202576
YLR220W,YJR049C,0,-4.8985567,0.15034618973731995,0.6580086350440979,0.37186145782470703
YGR113W,YBR090C-A,0,-4.899682,0.15019762516021729,0.6580086350440979,0.3722943663597107
YDR216W,YBR110W,0,-4.8999124,0.1500493586063385,0.6580086350440979,0.37272727489471436
YDR245W,YOR326W,1,-4.900565,0.15088757872581482,0.6623376607894897,0.37272727489471436
YJL014W,YAR010C,0,-4.90075,0.1507389098405838,0.6623376607894897,0.373160183429718
YLR145W,YJR063W,0,-4.901144,0.15059055387973785,0.6623376607894897,0.3735930621623993
YER119C,YOR270C,0,-4.901809,0.1504424810409546,0.6623376607894897,0.37402597069740295
YOR266W,YJR120W,0,-4.9022026,0.150294691324234,0.6623376607894897,0.3744588792324066
YLR131C,YER041W,0,-4.9024553,0.1501471996307373,0.6623376607894897,0.3748917877674103
YMR211W,YAR010C,0,-4.9029617,0.15000000596046448,0.6623376607894897,0.37532466650009155
YJL018W,YGR199W,0,-4.903738,0.14985308051109314,0.6623376607894897,0.3757575750350952
YER126C,YML040W,0,-4.9038577,0.14970645308494568,0.6623376607894897,0.3761904835700989
YBR142W,YKL170W,0,-4.904047,0.1495601236820221,0.6623376607894897,0.37662336230278015
YNL271C,YGR152C,1,-4.904244,0.150390625,0.6666666865348816,0.37662336230278015
YAR019C,YIL095W,1,-4.9043837,0.15121951699256897,0.6709956526756287,0.37662336230278015
YAR019C,YER149C,1,-4.904787,0.1520467847585678,0.6753246784210205,0.37662336230278015
YLR256W,YPL155C,0,-4.905278,0.15189872682094574,0.6753246784210205,0.3770562708377838
YOR085W,YOR127W,0,-4.9054637,0.15175096690654755,0.6753246784210205,0.3774891793727875
YHR067W,YAL017W,0,-4.9057617,0.15160350501537323,0.6753246784210205,0.37792208790779114
YFR046C,YCR073C,0,-4.9058647,0.1514563113451004,0.6753246784210205,0.3783549666404724
YHR114W,YKR101W,0,-4.9064217,0.15130941569805145,0.6753246784210205,0.3787878751754761
YFR046C,YOR185C,0,-4.906425,0.151162788271904,0.6753246784210205,0.37922078371047974
YOR294W,YGR082W,0,-4.9065857,0.1510164588689804,0.6753246784210205,0.3796536922454834
YNL029C,YDR312W,0,-4.9068003,0.1508704125881195,0.6753246784210205,0.3800865709781647
YLR002C,YNR048W,0,-4.9069753,0.1507246345281601,0.6753246784210205,0.38051947951316833
YNR027W,YGR152C,1,-4.907889,0.15154440701007843,0.6796537041664124,0.38051947951316833
YNL006W,YOR354C,0,-4.9080176,0.15139827132225037,0.6796537041664124,0.380952388048172
YOR256C,YPL206C,0,-4.908096,0.1512524038553238,0.6796537041664124,0.38138526678085327
YDL231C,YFL002W-A,0,-4.9085455,0.1511068344116211,0.6796537041664124,0.38181817531585693
YOR313C,YJR049C,0,-4.909561,0.15096153318881989,0.6796537041664124,0.3822510838508606
YGR244C,YOR356W,0,-4.909908,0.15081652998924255,0.6796537041664124,0.38268399238586426
YGR159C,YDR150W,0,-4.9100394,0.15067178010940552,0.6796537041664124,0.38311687111854553
YOL112W,YBR079C,0,-4.9107337,0.15052732825279236,0.6796537041664124,0.3835497796535492
YBL025W,YMR293C,0,-4.910747,0.1503831446170807,0.6796537041664124,0.38398268818855286
YOR127W,YMR046C,0,-4.9112983,0.1502392292022705,0.6796537041664124,0.3844155967235565
YJR002W,YLR212C,0,-4.911723,0.150095596909523,0.6796537041664124,0.3848484754562378
YJL061W,YOL005C,0,-4.911779,0.1499522477388382,0.6796537041664124,0.38528138399124146
YHL048W,YGL100W,0,-4.913213,0.14980916678905487,0.6796537041664124,0.3857142925262451
YBR136W,YOR274W,0,-4.9135733,0.14966635406017303,0.6796537041664124,0.3861471712589264
YNL251C,YJL156C,0,-4.913985,0.1495238095521927,0.6796537041664124,0.38658007979393005
YDR022C,YCL001W,0,-4.91455,0.14938154816627502,0.6796537041664124,0.3870129883289337
YER119C,YJR127C,0,-4.9147167,0.14923954010009766,0.6796537041664124,0.3874458968639374
YNL214W,YBR293W,0,-4.9149103,0.14909781515598297,0.6796537041664124,0.38787877559661865
YLL043W,YJL143W,0,-4.915764,0.14895635843276978,0.6796537041664124,0.3883116841316223
YIR006C,YDR166C,1,-4.915895,0.14976303279399872,0.6839826703071594,0.3883116841316223
YNL286W,YNL326C,0,-4.9164085,0.14962121844291687,0.6839826703071594,0.388744592666626
YOL067C,YMR313C,0,-4.9168053,0.14947965741157532,0.6839826703071594,0.38917750120162964
YLR328W,YBR165W,0,-4.9168744,0.14933837950229645,0.6839826703071594,0.3896103799343109
YFL039C,YGL054C,1,-4.9170074,0.150141641497612,0.6883116960525513,0.3896103799343109
YAR042W,YPR158W-B,0,-4.917229,0.15000000596046448,0.6883116960525513,0.3900432884693146
YMR204C,YPL020C,0,-4.917241,0.14985862374305725,0.6883116960525513,0.39047619700431824
YPR034W,YBL005W,0,-4.917544,0.1497175097465515,0.6883116960525513,0.3909091055393219
YDR082W,YDR057W,0,-4.918002,0.14957666397094727,0.6883116960525513,0.3913419842720032
YMR235C,YPL283C,0,-4.9186687,0.1494360864162445,0.6883116960525513,0.39177489280700684
YIL051C,YDR418W,0,-4.9191732,0.14929577708244324,0.6883116960525513,0.3922078013420105
YPL154C,YKR089C,0,-4.919174,0.14915572106838226,0.6883116960525513,0.3926406800746918
YJL058C,YDL074C,0,-4.9196186,0.14901593327522278,0.6883116960525513,0.39307358860969543
YKL038W,YDR316W-A,0,-4.919644,0.1488763988018036,0.6883116960525513,0.3935064971446991
YBL019W,YGR267C,0,-4.9196963,0.1487371325492859,0.6883116960525513,0.39393940567970276
YLR401C,YGL150C,0,-4.919839,0.14859813451766968,0.6883116960525513,0.39437228441238403
YNL275W,YHR005C-A,0,-4.92009,0.14845938980579376,0.6883116960525513,0.3948051929473877
YOR109W,YER051W,0,-4.9203825,0.14832089841365814,0.6883116960525513,0.39523810148239136
YHL019C,YLR052W,0,-4.9205112,0.14818266034126282,0.6883116960525513,0.395671010017395
YLR095C,YIL167W,0,-4.9210157,0.14804469048976898,0.6883116960525513,0.3961038887500763
YMR235C,YMR046C,0,-4.9225416,0.14790697395801544,0.6883116960525513,0.39653679728507996
YDR022C,YKL176C,0,-4.9228845,0.1477695107460022,0.6883116960525513,0.3969697058200836
YNR008W,YMR305C,0,-4.922962,0.14763231575489044,0.6883116960525513,0.3974025845527649
YER065C,YMR087W,0,-4.9231834,0.1474953591823578,0.6883116960525513,0.39783549308776855
YOR027W,YML040W,0,-4.923522,0.14735867083072662,0.6883116960525513,0.3982684016227722
YPL096W,YKL203C,0,-4.923725,0.14722222089767456,0.6883116960525513,0.3987013101577759
YAL017W,YFL002W-B,0,-4.924069,0.1470860242843628,0.6883116960525513,0.39913418889045715
YGL090W,YFR033C,0,-4.92412,0.14695009589195251,0.6883116960525513,0.3995670974254608
YKL192C,YMR053C,0,-4.9250145,0.14681440591812134,0.6883116960525513,0.4000000059604645
YER095W,YIL017C,0,-4.925063,0.14667896926403046,0.6883116960525513,0.40043291449546814
YIL065C,YDR103W,0,-4.9262714,0.14654378592967987,0.6883116960525513,0.4008657932281494
YJR089W,YGL070C,0,-4.9271116,0.1464088410139084,0.6883116960525513,0.4012987017631531
YNL103W,YFL002W-B,0,-4.927649,0.1462741494178772,0.6883116960525513,0.40173161029815674
YPL031C,YEL057C,0,-4.928563,0.1461397111415863,0.6883116960525513,0.402164489030838
YCL035C,YOR356W,0,-4.9288588,0.1460055112838745,0.6883116960525513,0.4025973975658417
YFL056C,YOR035C,0,-4.929339,0.14587156474590302,0.6883116960525513,0.40303030610084534
YOR168W,YDR261W-A,0,-4.9298215,0.14573785662651062,0.6883116960525513,0.403463214635849
YCR075C,YAR031W,0,-4.9311295,0.14560440182685852,0.6883116960525513,0.4038960933685303
YPL046C,YOR168W,0,-4.9314632,0.14547118544578552,0.6883116960525513,0.40432900190353394
YFL056C,YPL275W,0,-4.931532,0.14533820748329163,0.6883116960525513,0.4047619104385376
YPL283C,YOR003W,0,-4.932211,0.14520548284053802,0.6883116960525513,0.40519481897354126
YER051W,YHR005C-A,0,-4.9323997,0.14507299661636353,0.6883116960525513,0.40562769770622253
YIL013C,YML088W,0,-4.932609,0.14494074881076813,0.6883116960525513,0.4060606062412262
YDL099W,YBR020W,0,-4.9337497,0.14480873942375183,0.6883116960525513,0.40649351477622986
YMR237W,YLR328W,0,-4.934032,0.14467698335647583,0.6883116960525513,0.40692639350891113
YPL221W,YNL318C,0,-4.9340935,0.14454545080661774,0.6883116960525513,0.4073593020439148
YPR034W,YCR075C,0,-4.9342723,0.14441417157649994,0.6883116960525513,0.40779221057891846
YJL146W,YMR137C,0,-4.9346113,0.14428311586380005,0.6883116960525513,0.4082251191139221
YDL190C,YDR369C,0,-4.93482,0.14415231347084045,0.6883116960525513,0.4086579978466034
YGL244W,YAR010C,0,-4.935194,0.14402173459529877,0.6883116960525513,0.40909090638160706
YGL136C,YEL057C,0,-4.9353313,0.14389140903949738,0.6883116960525513,0.4095238149166107
YDR448W,YML088W,0,-4.9355617,0.1437613070011139,0.6883116960525513,0.4099567234516144
YGL207W,YDL084W,0,-4.9359345,0.1436314433813095,0.6883116960525513,0.41038960218429565
YCL066W,YDR172W,0,-4.936206,0.14350180327892303,0.6883116960525513,0.4108225107192993
YLR100W,YMR046C,0,-4.9365234,0.14337240159511566,0.6883116960525513,0.411255419254303
YML116W,YBR212W,0,-4.9369,0.1432432383298874,0.6883116960525513,0.41168829798698425
YBR133C,YCR027C,0,-4.936923,0.14311431348323822,0.6883116960525513,0.4121212065219879
YGR216C,YLR301W,0,-4.9377317,0.14298561215400696,0.6883116960525513,0.4125541150569916
YDR216W,YDR243C,0,-4.937941,0.1428571492433548,0.6883116960525513,0.41298702359199524
YJR025C,YGR036C,0,-4.938381,0.14272890985012054,0.6883116960525513,0.4134199023246765
YOR061W,YIL065C,0,-4.9389167,0.1426008939743042,0.6883116960525513,0.4138528108596802
YBR274W,YOR142W-A,0,-4.939584,0.14247311651706696,0.6883116960525513,0.41428571939468384
YPL244C,YEL019C,0,-4.9406796,0.14234556257724762,0.6883116960525513,0.4147186279296875
YER151C,YNL046W,0,-4.94073,0.14221824705600739,0.6883116960525513,0.4151515066623688
YMR068W,YDR022C,0,-4.9407578,0.14209115505218506,0.6883116960525513,0.41558441519737244
YEL026W,YFL002W-B,0,-4.9407806,0.14196428656578064,0.6883116960525513,0.4160173237323761
YMR240C,YER133W,0,-4.941058,0.14183764159679413,0.6883116960525513,0.4164502024650574
YNL172W,YFL037W,0,-4.941295,0.14171123504638672,0.6883116960525513,0.41688311100006104
YGR002C,YMR243C,0,-4.941347,0.14158503711223602,0.6883116960525513,0.4173160195350647
YGL054C,YIL095W,1,-4.94152,0.1423487514257431,0.6926407217979431,0.4173160195350647
YBL075C,YOR142W-A,0,-4.941784,0.14222222566604614,0.6926407217979431,0.41774892807006836
YDL081C,YDR098C-B,0,-4.9419193,0.1420959085226059,0.6926407217979431,0.41818180680274963
YFL039C,YIL095W,1,-4.9422016,0.1428571492433548,0.6969696879386902,0.41818180680274963
YJL190C,YMR046C,0,-4.9422183,0.1427304893732071,0.6969696879386902,0.4186147153377533
YBR109C,YGR007W,0,-4.942294,0.1426040679216385,0.6969696879386902,0.41904762387275696
YLR429W,YJL074C,0,-4.942412,0.1424778699874878,0.6969696879386902,0.4194805324077606
YLR401C,YHR152W,0,-4.9424543,0.142351895570755,0.6969696879386902,0.4199134111404419
YOR056C,YGR013W,0,-4.9432697,0.14222614467144012,0.6969696879386902,0.42034631967544556
YGR267C,YML034W,0,-4.9432783,0.14210061728954315,0.6969696879386902,0.4207792282104492
YMR182C,YGR081C,0,-4.9439526,0.1419753134250641,0.6969696879386902,0.4212121069431305
YEL015W,YML051W,0,-4.9441967,0.14185021817684174,0.6969696879386902,0.42164501547813416
YCL012W,YOR326W,1,-4.94438,0.14260563254356384,0.701298713684082,0.42164501547813416
YLR353W,YIL095W,1,-4.9455442,0.1433597207069397,0.7056276798248291,0.42164501547813416
YLR238W,YNL025C,0,-4.946218,0.1432337462902069,0.7056276798248291,0.4220779240131378
YPL152W,YPL218W,0,-4.9462233,0.14310799539089203,0.7056276798248291,0.4225108325481415
YGL252C,YHR090C,0,-4.946233,0.14298245310783386,0.7056276798248291,0.42294371128082275
YNR027W,YDR166C,1,-4.9463515,0.14373356103897095,0.709956705570221,0.42294371128082275
YNR027W,YIL095W,1,-4.9468536,0.14448335766792297,0.7142857313156128,0.42294371128082275
YOR315W,YML040W,0,-4.9470696,0.14435695111751556,0.7142857313156128,0.4233766198158264
YDR448W,YOR074C,0,-4.9472055,0.14423076808452606,0.7142857313156128,0.4238095283508301
YFR021W,YLR231C,0,-4.9476957,0.14410480856895447,0.7142857313156128,0.42424243688583374
YNL223W,YGR143W,0,-4.947811,0.1439790576696396,0.7142857313156128,0.424675315618515
YDL030W,YJL045W,0,-4.9479795,0.14385353028774261,0.7142857313156128,0.4251082241535187
YMR199W,YDL077C,0,-4.9480944,0.14372822642326355,0.7142857313156128,0.42554113268852234
YOR294W,YML045W,0,-4.948255,0.1436031311750412,0.7142857313156128,0.4259740114212036
YLR254C,YDR356W,0,-4.948376,0.14347825944423676,0.7142857313156128,0.4264069199562073
YHR005C-A,YHL006C,0,-4.948473,0.14335361123085022,0.7142857313156128,0.42683982849121094
YGR246C,YDR446W,0,-4.948811,0.1432291716337204,0.7142857313156128,0.4272727370262146
YLR371W,YKL058W,0,-4.949011,0.1431049406528473,0.7142857313156128,0.4277056157588959
YLR295C,YPL154C,0,-4.949183,0.1429809331893921,0.7142857313156128,0.42813852429389954
YLR100W,YCR012W,0,-4.9503145,0.1428571492433548,0.7142857313156128,0.4285714328289032
YMR237W,YDR077W,0,-4.950315,0.14273355901241302,0.7142857313156128,0.42900434136390686
YLR207W,YPR006C,0,-4.950769,0.14261019229888916,0.7142857313156128,0.42943722009658813
YDR245W,YIL095W,1,-4.9510074,0.14335060119628906,0.7186146974563599,0.42943722009658813
YHR055C,YLR014C,0,-4.9515085,0.14322692155838013,0.7186146974563599,0.4298701286315918
YPL051W,YML064C,0,-4.9528227,0.1431034505367279,0.7186146974563599,0.43030303716659546
YDR017C,YDR259C,0,-4.953958,0.1429801881313324,0.7186146974563599,0.43073591589927673
YKR009C,YOR308C,0,-4.954089,0.1428571492433548,0.7186146974563599,0.4311688244342804
YOR011W,YGR122W,0,-4.9541235,0.14273430407047272,0.7186146974563599,0.43160173296928406
YJL115W,YNL121C,0,-4.954767,0.14261168241500854,0.7186146974563599,0.4320346415042877
YAL030W,YOR256C,0,-4.956,0.1424892693758011,0.7186146974563599,0.432467520236969
YOR198C,YDR316W-A,0,-4.9570036,0.14236706495285034,0.7186146974563599,0.43290042877197266
YOR061W,YNL113W,0,-4.9570303,0.1422450691461563,0.7186146974563599,0.4333333373069763
YNL250W,YER116C,0,-4.9575186,0.142123281955719,0.7186146974563599,0.43376624584198
YNL103W,YHR197W,0,-4.957916,0.14200171828269958,0.7186146974563599,0.43419912457466125
YBR079C,YOL067C,0,-4.958194,0.1418803483247757,0.7186146974563599,0.4346320331096649
YNR019W,YOL115W,0,-4.958334,0.14175918698310852,0.7186146974563599,0.4350649416446686
YOL151W,YDR435C,0,-4.9584737,0.14163821935653687,0.7186146974563599,0.43549785017967224
YOR354C,YLR403W,0,-4.9586406,0.14151747524738312,0.7186146974563599,0.4359307289123535
YLR353W,YDR166C,1,-4.95882,0.1422487199306488,0.7229437232017517,0.4359307289123535
YHR107C,YLL021W,1,-4.9593353,0.1429787278175354,0.7272727489471436,0.4359307289123535
YJL020C,YER133W,0,-4.9595065,0.1428571492433548,0.7272727489471436,0.4363636374473572
YPL117C,YGR078C,0,-4.9595065,0.14273576438426971,0.7272727489471436,0.43679654598236084
YGR216C,YGR128C,0,-4.959632,0.14261460304260254,0.7272727489471436,0.4372294247150421
YGR147C,YPL128C,0,-4.96048,0.14249363541603088,0.7272727489471436,0.4376623332500458
YML095C,YGL097W,0,-4.960731,0.14237287640571594,0.7272727489471436,0.43809524178504944
YNL041C,YEL019C,0,-4.961826,0.14225232601165771,0.7272727489471436,0.4385281503200531
YAR019C,YDR420W,1,-4.9627323,0.1429779976606369,0.7316017150878906,0.4385281503200531
YKL176C,YCR073C,0,-4.963215,0.1428571492433548,0.7316017150878906,0.4389610290527344
YBR121C,YBR193C,0,-4.9633584,0.14273647964000702,0.7316017150878906,0.43939393758773804
YIL114C,YGR013W,0,-4.9634743,0.14261603355407715,0.7316017150878906,0.4398268461227417
YPR140W,YPL257W-B,0,-4.963623,0.1424957811832428,0.7316017150878906,0.44025975465774536
YPL001W,YMR035W,0,-4.9638705,0.14237573742866516,0.7316017150878906,0.44069263339042664
YNL182C,YDL077C,0,-4.964665,0.14225588738918304,0.7316017150878906,0.4411255419254303
YOR133W,YPR158W-B,0,-4.964667,0.14213624596595764,0.7316017150878906,0.44155845046043396
YNR056C,YOL021C,0,-4.96489,0.14201681315898895,0.7316017150878906,0.44199132919311523
YOL102C,YBR030W,0,-4.9657555,0.1418975591659546,0.7316017150878906,0.4424242377281189
YGL054C,YLR312C-B,1,-4.9657598,0.14261744916439056,0.7359307408332825,0.4424242377281189
YOR073W,YDL038C,0,-4.9668694,0.14249789714813232,0.7359307408332825,0.44285714626312256
YBR091C,YDR400W,0,-4.967396,0.1423785537481308,0.7359307408332825,0.4432900547981262
YGR113W,YDR353W,0,-4.967975,0.142259418964386,0.7359307408332825,0.4437229335308075
YCR014C,YPR190C,0,-4.9680142,0.1421404629945755,0.7359307408332825,0.44415584206581116
YHR015W,YLR328W,0,-4.968089,0.14202171564102173,0.7359307408332825,0.4445887506008148
YOR266W,YPL167C,0,-4.968167,0.14190317690372467,0.7359307408332825,0.4450216591358185
YIL065C,YPL244C,0,-4.9682207,0.14178481698036194,0.7359307408332825,0.44545453786849976
YCL012W,YJL085W,1,-4.9686456,0.14249999821186066,0.7402597665786743,0.44545453786849976
YDR284C,YHL006C,0,-4.9690323,0.14238135516643524,0.7402597665786743,0.4458874464035034
YKL019W,YGL144C,0,-4.969294,0.14226289093494415,0.7402597665786743,0.4463203549385071
YMR287C,YLR228C,0,-4.970186,0.14214463531970978,0.7402597665786743,0.44675323367118835
YGR166W,YHL011C,0,-4.97051,0.14202657341957092,0.7402597665786743,0.447186142206192
YNL145W,YMR314W,0,-4.9706683,0.14190872013568878,0.7402597665786743,0.4476190507411957
YKR031C,YGL039W,0,-4.971623,0.14179104566574097,0.7402597665786743,0.44805195927619934
YJL085W,YIR006C,1,-4.9718976,0.1425020694732666,0.7445887327194214,0.44805195927619934
YGR091W,YOR027W,0,-4.972299,0.1423841118812561,0.7445887327194214,0.4484848380088806
YEL063C,YCR027C,0,-4.972414,0.14226633310317993,0.7445887327194214,0.4489177465438843
YDR302W,YBR142W,0,-4.972554,0.14214876294136047,0.7445887327194214,0.44935065507888794
YER054C,YIL026C,0,-4.972802,0.14203137159347534,0.7445887327194214,0.4497835636138916
YMR053C,YKR089C,0,-4.973072,0.14191418886184692,0.7445887327194214,0.4502164423465729
YNL271C,YOR326W,1,-4.973703,0.14262160658836365,0.7489177584648132,0.4502164423465729
YBR088C,YNL046W,0,-4.9737043,0.14250412583351135,0.7489177584648132,0.45064935088157654
YOR085W,YML088W,0,-4.9739003,0.14238682389259338,0.7489177584648132,0.4510822594165802
YCR075C,YKL126W,0,-4.974083,0.14226973056793213,0.7489177584648132,0.4515151381492615
YNL225C,YGL063W,0,-4.97418,0.1421528309583664,0.7489177584648132,0.45194804668426514
YOR014W,YDR261W-A,0,-4.974755,0.14203612506389618,0.7489177584648132,0.4523809552192688
YLL043W,YNL182C,0,-4.974792,0.14191961288452148,0.7489177584648132,0.45281386375427246
YDL149W,YPR005C,0,-4.9756517,0.14180327951908112,0.7489177584648132,0.45324674248695374
YDR082W,YJR007W,0,-4.975811,0.14168713986873627,0.7489177584648132,0.4536796510219574
YLR254C,YNL121C,0,-4.9762783,0.14157119393348694,0.7489177584648132,0.45411255955696106
YJL020C,YHR043C,0,-4.9763737,0.14145544171333313,0.7489177584648132,0.4545454680919647
YAL035W,YMR190C,0,-4.977108,0.14133986830711365,0.7489177584648132,0.454978346824646
YJR119C,YOL060C,0,-4.977161,0.14122448861598969,0.7489177584648132,0.45541125535964966
YBR085W,YKL126W,0,-4.977212,0.14110930263996124,0.7489177584648132,0.4558441638946533
YPL244C,YNL025C,0,-4.977622,0.14099429547786713,0.7489177584648132,0.4562770426273346
YMR234W,YBL005W-A,0,-4.97785,0.14087948203086853,0.7489177584648132,0.45670995116233826
YNL117W,YOR354C,0,-4.977914,0.14076484739780426,0.7489177584648132,0.4571428596973419
YLL009C,YMR035W,0,-4.9781,0.1406504064798355,0.7489177584648132,0.4575757682323456
YOR371C,YMR053C,0,-4.9790196,0.1405361443758011,0.7489177584648132,0.45800864696502686
YDR268W,YDL244W,0,-4.9796724,0.14042207598686218,0.7489177584648132,0.4584415555000305
YDR091C,YGR027W-B,0,-4.979836,0.1403081864118576,0.7489177584648132,0.4588744640350342
YDL076C,YPL139C,0,-4.979966,0.14019449055194855,0.7489177584648132,0.45930737257003784
YLR405W,YKL058W,0,-4.9805202,0.14008097350597382,0.7489177584648132,0.4597402513027191
YGL200C,YGR166W,0,-4.980603,0.1399676352739334,0.7489177584648132,0.4601731598377228
YGL200C,YOL103W-B,0,-4.9811134,0.13985449075698853,0.7489177584648132,0.46060606837272644
YOR003W,YNR064C,0,-4.9816785,0.13974152505397797,0.7489177584648132,0.4610389471054077
YLL002W,YPL157W,0,-4.9819565,0.13962873816490173,0.7489177584648132,0.4614718556404114
YPR100W,YOR308C,0,-4.982155,0.13951613008975983,0.7489177584648132,0.46190476417541504
YGL012W,YDR450W,0,-4.9823446,0.13940370082855225,0.7489177584648132,0.4623376727104187
YCL012W,YHR107C,1,-4.9825773,0.14009661972522736,0.7532467246055603,0.4623376727104187
YPL022W,YMR060C,0,-4.983658,0.1399839073419571,0.7532467246055603,0.4627705514431
YBR036C,YDL085W,0,-4.985505,0.13987138867378235,0.7532467246055603,0.46320345997810364
YIL040W,YLR318W,0,-4.9865,0.13975903391838074,0.7532467246055603,0.4636363685131073
YJL036W,YPL257W-B,0,-4.986632,0.13964687287807465,0.7532467246055603,0.46406927704811096
YDL028C,YBR250W,0,-4.9866333,0.13953489065170288,0.7532467246055603,0.46450215578079224
YDL044C,YPL031C,0,-4.986802,0.13942307233810425,0.7532467246055603,0.4649350643157959
YDR172W,YPR074C,0,-4.9879975,0.13931144773960114,0.7532467246055603,0.46536797285079956
YLR109W,YNL138W,0,-4.988062,0.13920000195503235,0.7532467246055603,0.46580085158348083
YEL032W,YNR053C,0,-4.988118,0.1390887349843979,0.7532467246055603,0.4662337601184845
YDR245W,YIR006C,1,-4.9881635,0.13977636396884918,0.7575757503509521,0.4662337601184845
YDL161W,YKL152C,0,-4.9881744,0.13966479897499084,0.7575757503509521,0.46666666865348816
YNL275W,YBL014C,0,-4.988312,0.13955342769622803,0.7575757503509521,0.4670995771884918
YML081C-A,YDR093W,0,-4.988987,0.13944223523139954,0.7575757503509521,0.4675324559211731
YOR023C,YDR211W,0,-4.9899397,0.13933120667934418,0.7575757503509521,0.46796536445617676
YEL018W,YBR165W,0,-4.9901075,0.13922037184238434,0.7575757503509521,0.4683982729911804
YBR060C,YDL194W,0,-4.9903326,0.13910970091819763,0.7575757503509521,0.4688311815261841
YER112W,YKR089C,0,-4.99091,0.13899920880794525,0.7575757503509521,0.46926406025886536
YHL025W,YKL041W,0,-4.9909887,0.1388888955116272,0.7575757503509521,0.469696968793869
YDR254W,YJR126C,0,-4.991146,0.13877874612808228,0.7575757503509521,0.4701298773288727
YGL244W,YDR098C-B,0,-4.991414,0.13866877555847168,0.7575757503509521,0.47056275606155396
YNL293W,YOR035C,0,-4.991429,0.1385589838027954,0.7575757503509521,0.4709956645965576
YJL058C,YPL167C,0,-4.9920177,0.13844937086105347,0.7575757503509521,0.4714285731315613
YIL138C,YDR330W,0,-4.992348,0.13833992183208466,0.7575757503509521,0.47186148166656494
YLR371W,YHL025W,0,-4.992387,0.13823065161705017,0.7575757503509521,0.4722943603992462
YPR161C,YPL128C,0,-4.9926133,0.13812154531478882,0.7575757503509521,0.4727272689342499
YHR081W,YNL145W,0,-4.9933925,0.1380126178264618,0.7575757503509521,0.47316017746925354
YLR411W,YMR234W,0,-4.9939103,0.1379038542509079,0.7575757503509521,0.4735930860042572
YGL150C,YGR156W,0,-4.994148,0.13779526948928833,0.7575757503509521,0.4740259647369385
YMR188C,YDR210C-D,0,-4.9942703,0.1376868635416031,0.7575757503509521,0.47445887327194214
YGL119W,YPR137C-B,0,-4.994347,0.13757862150669098,0.7575757503509521,0.4748917818069458
YOR085W,YJR120W,0,-4.9949408,0.137470543384552,0.7575757503509521,0.4753246605396271
YJL178C,YPR054W,0,-4.9953036,0.13736264407634735,0.7575757503509521,0.47575756907463074
YJL134W,YMR087W,0,-4.9953933,0.13725490868091583,0.7575757503509521,0.4761904776096344
YMR243C,YCL020W,0,-4.9955263,0.13714733719825745,0.7575757503509521,0.47662338614463806
YFR033C,YPL257W-B,0,-4.995736,0.1370399445295334,0.7575757503509521,0.47705626487731934
YDL102W,YPR137C-B,0,-4.996196,0.13693270087242126,0.7575757503509521,0.477489173412323
YNL250W,YMR229C,0,-4.997285,0.13682565093040466,0.7575757503509521,0.47792208194732666
YNL085W,YHR050W,0,-4.9985557,0.13671875,0.7575757503509521,0.4783549904823303
YPR068C,YJR158W,0,-4.9987426,0.13661202788352966,0.7575757503509521,0.4787878692150116
YHL025W,YPL257W-B,0,-4.9988985,0.13650545477867126,0.7575757503509521,0.47922077775001526
YHR043C,YOR188W,0,-4.9989815,0.1363990604877472,0.7575757503509521,0.4796536862850189
YPL237W,YDL077C,0,-4.9996276,0.13629283010959625,0.7575757503509521,0.4800865948200226
YKL032C,YMR229C,0,-5.000158,0.13618676364421844,0.7575757503509521,0.48051947355270386
YOL095C,YPL020C,0,-5.0004926,0.13608087599277496,0.7575757503509521,0.4809523820877075
YHR081W,YLR254C,0,-5.0005074,0.13597513735294342,0.7575757503509521,0.4813852906227112
YGL200C,YNR011C,0,-5.000527,0.135869562625885,0.7575757503509521,0.48181816935539246
YDR285W,YGL255W,0,-5.0010047,0.13576415181159973,0.7575757503509521,0.4822510778903961
YDL093W,YKL126W,0,-5.0019684,0.13565891981124878,0.7575757503509521,0.4826839864253998
YCR082W,YFR033C,0,-5.001973,0.13555383682250977,0.7575757503509521,0.48311689496040344
YDR129C,YLR312C-B,1,-5.0022583,0.13622291386127472,0.761904776096344,0.48311689496040344
YER095W,YJL045W,0,-5.0035,0.13611756265163422,0.761904776096344,0.4835497736930847
YNL172W,YOL139C,0,-5.005666,0.13601236045360565,0.761904776096344,0.4839826822280884
YAR007C,YDR457W,0,-5.0072184,0.1359073370695114,0.761904776096344,0.48441559076309204
YGL054C,YDR166C,1,-5.008047,0.13657407462596893,0.7662337422370911,0.48441559076309204
YDR254W,YPL221W,0,-5.008086,0.136468768119812,0.7662337422370911,0.4848484992980957
YOR023C,YDR461W,0,-5.0086555,0.13636364042758942,0.7662337422370911,0.485281378030777
YPL240C,YKR048C,0,-5.0091,0.13625866174697876,0.7662337422370911,0.48571428656578064
YOL165C,YIL167W,0,-5.0091095,0.13615384697914124,0.7662337422370911,0.4861471951007843
YDR093W,YGL200C,0,-5.0091286,0.13604919612407684,0.7662337422370911,0.4865800738334656
YER133W,YPR137C-B,0,-5.009777,0.1359446942806244,0.7662337422370911,0.48701298236846924
YKL192C,YER107C,0,-5.010091,0.13584037125110626,0.7662337422370911,0.4874458909034729
YDR148C,YGR122W,0,-5.010782,0.13573619723320007,0.7662337422370911,0.48787879943847656
YDR420W,YGR152C,1,-5.011609,0.13639846444129944,0.7705627679824829,0.48787879943847656
YNL258C,YBR142W,0,-5.0124207,0.13629402220249176,0.7705627679824829,0.48831167817115784
YAL030W,YPL087W,0,-5.0126987,0.13618974387645721,0.7705627679824829,0.4887445867061615
YOL010W,YOR076C,0,-5.0132093,0.1360856294631958,0.7705627679824829,0.48917749524116516
YJL210W,YPR137C-A,0,-5.0136456,0.13598166406154633,0.7705627679824829,0.4896104037761688
YLR401C,YDL120W,0,-5.01395,0.13587786257266998,0.7705627679824829,0.4900432825088501
YER016W,YCL001W,0,-5.0146513,0.13577422499656677,0.7705627679824829,0.49047619104385376
YPL237W,YBR175W,0,-5.014667,0.1356707364320755,0.7705627679824829,0.4909090995788574
YAL040C,YPL257W-B,0,-5.0147967,0.13556739687919617,0.7705627679824829,0.4913419783115387
YDL149W,YGL252C,0,-5.0157886,0.13546423614025116,0.7705627679824829,0.49177488684654236
YLR214W,YMR161W,0,-5.0162716,0.1353612095117569,0.7705627679824829,0.492207795381546
YMR015C,YOL060C,0,-5.016941,0.13525836169719696,0.7705627679824829,0.4926407039165497
YLR265C,YGL014W,0,-5.017051,0.13515566289424896,0.7705627679824829,0.49307358264923096
YOR250C,YPL144W,0,-5.017088,0.1350531131029129,0.7705627679824829,0.4935064911842346
YBR085W,YDR017C,0,-5.017275,0.13495072722434998,0.7705627679824829,0.4939393997192383
YEL034W,YPR137C-A,0,-5.017628,0.134848490357399,0.7705627679824829,0.49437230825424194
YIL048W,YPR137C-A,0,-5.0177336,0.13474640250205994,0.7705627679824829,0.4948051869869232
YIL065C,YER137C-A,0,-5.0181675,0.13464447855949402,0.7705627679824829,0.4952380955219269
YER095W,YER116C,0,-5.0184913,0.13454270362854004,0.7705627679824829,0.49567100405693054
YNL098C,YDL064W,0,-5.0189867,0.1344410926103592,0.7705627679824829,0.4961038827896118
YMR112C,YPL152W,0,-5.019,0.1343396157026291,0.7705627679824829,0.4965367913246155
YIL098C,YOR297C,0,-5.0190783,0.1342383176088333,0.7705627679824829,0.49696969985961914
YKR019C,YMR053C,0,-5.0191326,0.13413715362548828,0.7705627679824829,0.4974026083946228
YDR211W,YHR152W,0,-5.01966,0.1340361386537552,0.7705627679824829,0.4978354871273041
YBL079W,YKL058W,0,-5.0199194,0.13393528759479523,0.7705627679824829,0.49826839566230774
YAR031W,YIL138C,0,-5.020102,0.1338345855474472,0.7705627679824829,0.4987013041973114
YPR033C,YCR066W,0,-5.0204873,0.13373403251171112,0.7705627679824829,0.49913421273231506
YGL166W,YOR025W,0,-5.0211177,0.13363362848758698,0.7705627679824829,0.49956709146499634
YGL136C,YMR156C,0,-5.021249,0.13353338837623596,0.7705627679824829,0.5
YIL079C,YMR260C,0,-5.0214314,0.1334332823753357,0.7705627679824829,0.5004329085350037
YEL019C,YDR172W,0,-5.022071,0.13333334028720856,0.7705627679824829,0.5008658170700073
YBL008W,YJL191W,0,-5.022628,0.13323353230953217,0.7705627679824829,0.501298725605011
YEL034W,YJR120W,0,-5.022676,0.1331338882446289,0.7705627679824829,0.5017315745353699
YEL015W,YHR021C,0,-5.0232267,0.1330343782901764,0.7705627679824829,0.5021644830703735
YLR141W,YBR294W,0,-5.0233507,0.132935032248497,0.7705627679824829,0.5025973916053772
YER119C,YDL115C,0,-5.024523,0.13283582031726837,0.7705627679824829,0.5030303001403809
YAL033W,YLR369W,0,-5.0245504,0.13273675739765167,0.7705627679824829,0.5034632086753845
YDL111C,YDR400W,0,-5.0253067,0.1326378583908081,0.7705627679824829,0.5038961172103882
YNL231C,YKR089C,0,-5.0254927,0.13253909349441528,0.7705627679824829,0.5043290257453918
YMR164C,YDL148C,0,-5.025589,0.1324404776096344,0.7705627679824829,0.5047619342803955
YDR302W,YGL136C,0,-5.025863,0.13234201073646545,0.7705627679824829,0.5051947832107544
YKL170W,YKL020C,0,-5.026222,0.13224367797374725,0.7705627679824829,0.5056276917457581
YAL040C,YLR386W,0,-5.0263786,0.13214550912380219,0.7705627679824829,0.5060606002807617
YDL101C,YKL020C,0,-5.026831,0.13204747438430786,0.7705627679824829,0.5064935088157654
YJL085W,YDR420W,1,-5.027332,0.13269087672233582,0.7748917937278748,0.5064935088157654
YKL190W,YBR093C,0,-5.0278406,0.1325925886631012,0.7748917937278748,0.506926417350769
YFL059W,YOR069W,0,-5.0278487,0.13249444961547852,0.7748917937278748,0.5073593258857727
YIL149C,YGR128C,0,-5.02907,0.13239644467830658,0.7748917937278748,0.5077922344207764
YAR007C,YFL033C,0,-5.029289,0.13229858875274658,0.7748917937278748,0.5082250833511353
YIL065C,YHR030C,0,-5.0293636,0.13220088183879852,0.7748917937278748,0.5086579918861389
YPL244C,YGR013W,0,-5.0297117,0.1321033239364624,0.7748917937278748,0.5090909004211426
YGR179C,YHR074W,0,-5.0304885,0.13200590014457703,0.7748917937278748,0.5095238089561462
YBL057C,YPR158W-B,0,-5.030536,0.1319086253643036,0.7748917937278748,0.5099567174911499
YCR093W,YHR152W,0,-5.03065,0.1318114846944809,0.7748917937278748,0.5103896260261536
YLR254C,YPR158W-B,0,-5.031452,0.13171449303627014,0.7748917937278748,0.5108225345611572
YGR147C,YLR234W,0,-5.0317783,0.13161765038967133,0.7748917937278748,0.5112553834915161
YMR164C,YDR247W,0,-5.032147,0.13152094185352325,0.7748917937278748,0.5116882920265198
YDR518W,YHR014W,0,-5.033032,0.13142438232898712,0.7748917937278748,0.5121212005615234
YFR021W,YFL033C,0,-5.0330896,0.13132795691490173,0.7748917937278748,0.5125541090965271
YOR109W,YPR074C,0,-5.033245,0.1312316656112671,0.7748917937278748,0.5129870176315308
YNL326C,YDL134C,0,-5.0343723,0.13113553822040558,0.7748917937278748,0.5134199261665344
YPL097W,YPL257W-B,0,-5.0345936,0.13103953003883362,0.7748917937278748,0.5138528347015381
YDR259C,YER137C-A,0,-5.0347404,0.1309436708688736,0.7748917937278748,0.5142857432365417
YLR155C,YMR264W,0,-5.034815,0.13084794580936432,0.7748917937278748,0.5147185921669006
YOR056C,YPL212C,0,-5.0348225,0.13075236976146698,0.7748917937278748,0.5151515007019043
YDR434W,YOR185C,0,-5.0349913,0.13065692782402039,0.7748917937278748,0.515584409236908
YLR220W,YGR027W-B,0,-5.035902,0.13056163489818573,0.7748917937278748,0.5160173177719116
YOR284W,YMR101C,0,-5.036025,0.13046647608280182,0.7748917937278748,0.5164502263069153
YGL012W,YPR161C,0,-5.036025,0.13037145137786865,0.7748917937278748,0.516883134841919
YGL100W,YPL257W-B,0,-5.036975,0.13027656078338623,0.7748917937278748,0.5173160433769226
YPR017C,YDL212W,0,-5.037032,0.13018181920051575,0.7748917937278748,0.5177488923072815
YDR268W,YPR133C,0,-5.0371537,0.130087211728096,0.7748917937278748,0.5181818008422852
YMR319C,YBR015C,0,-5.0385914,0.12999273836612701,0.7748917937278748,0.5186147093772888
YDR166C,YLL021W,1,-5.0388837,0.13062408566474915,0.7792207598686218,0.5186147093772888
YAR019C,YJL085W,1,-5.040287,0.13125453889369965,0.7835497856140137,0.5186147093772888
YMR240C,YLR288C,0,-5.040351,0.13115942478179932,0.7835497856140137,0.5190476179122925
YDR098C-B,YML040W,0,-5.041624,0.13106444478034973,0.7835497856140137,0.5194805264472961
YER013W,YGL063W,0,-5.041678,0.13096961379051208,0.7835497856140137,0.5199134349822998
YCR086W,YIL048W,0,-5.0422373,0.13087491691112518,0.7835497856140137,0.5203463435173035
YFR048W,YHR152W,0,-5.0423865,0.13078035414218903,0.7835497856140137,0.5207791924476624
YPL193W,YDR316W-A,0,-5.0424595,0.1306859254837036,0.7835497856140137,0.521212100982666
YKL190W,YJL093C,0,-5.042574,0.13059163093566895,0.7835497856140137,0.5216450095176697
YJL094C,YPR158W-B,0,-5.0426993,0.13049747049808502,0.7835497856140137,0.5220779180526733
YDR254W,YEL015W,0,-5.042846,0.13040345907211304,0.7835497856140137,0.522510826587677
YDR245W,YLL021W,1,-5.0429916,0.13102951645851135,0.7878788113594055,0.522510826587677
YNL225C,YOR142W-A,0,-5.043026,0.13093525171279907,0.7878788113594055,0.5229437351226807
YPR100W,YBL035C,0,-5.0431952,0.13084112107753754,0.7878788113594055,0.5233766436576843
YDR296W,YGR281W,0,-5.043479,0.13074712455272675,0.7878788113594055,0.523809552192688
YBR060C,YGR085C,0,-5.0435114,0.1306532621383667,0.7878788113594055,0.5242424011230469
YLL043W,YCL069W,0,-5.0438366,0.1305595338344574,0.7878788113594055,0.5246753096580505
YCR093W,YOR284W,0,-5.0440207,0.13046595454216003,0.7878788113594055,0.5251082181930542
YBR040W,YAL033W,0,-5.0441027,0.13037249445915222,0.7878788113594055,0.5255411267280579
YCR086W,YDR389W,0,-5.044325,0.13027916848659515,0.7878788113594055,0.5259740352630615
YDR285W,YPR137C-A,0,-5.0443516,0.13018597662448883,0.7878788113594055,0.5264069437980652
YLR052W,YPR137C-B,0,-5.0444255,0.13009291887283325,0.7878788113594055,0.5268398523330688
YJL061W,YPL257W-B,0,-5.0445137,0.12999999523162842,0.7878788113594055,0.5272727012634277
YGR179C,YDR098C-B,0,-5.0445747,0.12990720570087433,0.7878788113594055,0.5277056097984314
YJL143W,YFL002W-B,0,-5.0447226,0.12981455028057098,0.7878788113594055,0.5281385183334351
YNL271C,YGL054C,1,-5.0448523,0.1304347813129425,0.7922077775001526,0.5281385183334351
YMR313C,YNR039C,0,-5.0451703,0.13034188747406006,0.7922077775001526,0.5285714268684387
YNL219C,YOR069W,0,-5.045684,0.13024911284446716,0.7922077775001526,0.5290043354034424
YMR319C,YDR210C-D,0,-5.045882,0.130156472325325,0.7922077775001526,0.529437243938446
YEL015W,YDR261W-A,0,-5.046207,0.1300639659166336,0.7922077775001526,0.5298701524734497
YJL054W,YER137C-A,0,-5.046428,0.12997159361839294,0.7922077775001526,0.5303030014038086
YAR019C,YLR312C-B,1,-5.0468073,0.1305890679359436,0.7965368032455444,0.5303030014038086
YLR231C,YPR078C,0,-5.046924,0.13049645721912384,0.7965368032455444,0.5307359099388123
YDR098C-B,YNL046W,0,-5.0473075,0.13040396571159363,0.7965368032455444,0.5311688184738159
YJL018W,YGR122W,0,-5.0474677,0.13031160831451416,0.7965368032455444,0.5316017270088196
YNL286W,YOR343C-A,0,-5.0474677,0.13021938502788544,0.7965368032455444,0.5320346355438232
YGL070C,YBL101W-B,0,-5.0474677,0.13012729585170746,0.7965368032455444,0.5324675440788269
YER051W,YLR157C-A,0,-5.0474677,0.13003534078598022,0.7965368032455444,0.5329004526138306
YML064C,YLR157C-A,0,-5.0474677,0.12994350492954254,0.7965368032455444,0.5333333611488342
YGL150C,YOR343C-A,0,-5.0474677,0.1298518031835556,0.7965368032455444,0.5337662100791931
YKL138C-A,YPL257W-B,0,-5.0474677,0.12976022064685822,0.7965368032455444,0.5341991186141968
YLR220W,YPR036W-A,0,-5.0474677,0.12966878712177277,0.7965368032455444,0.5346320271492004
YHR043C,YBL101W-B,0,-5.0474677,0.12957745790481567,0.7965368032455444,0.5350649356842041
YBL023C,YLR157C-A,0,-5.0474677,0.12948627769947052,0.7965368032455444,0.5354978442192078
YBR095C,YPR036W-A,0,-5.0474677,0.12939521670341492,0.7965368032455444,0.5359307527542114
YNL229C,YLR157C-A,0,-5.0474677,0.12930428981781006,0.7965368032455444,0.5363636612892151
YBL101W-B,YBR030W,0,-5.0474677,0.12921348214149475,0.7965368032455444,0.536796510219574
YMR161W,YLR157C-A,0,-5.0474677,0.1291228085756302,0.7965368032455444,0.5372294187545776
YJL063C,YPR036W-A,0,-5.0474677,0.12903225421905518,0.7965368032455444,0.5376623272895813
YPL161C,YOR343C-A,0,-5.0474677,0.1289418339729309,0.7965368032455444,0.538095235824585
YHR152W,YPR036W-A,0,-5.0474677,0.12885154783725739,0.7965368032455444,0.5385281443595886
YNL318C,YPR036W-A,0,-5.0474677,0.12876136600971222,0.7965368032455444,0.5389610528945923
YNL326C,YBL101W-B,0,-5.0474677,0.128671333193779,0.7965368032455444,0.539393961429596
YCR082W,YOR343C-A,0,-5.0474677,0.12858140468597412,0.7965368032455444,0.5398268103599548
YIL051C,YPR036W-A,0,-5.0474677,0.1284916251897812,0.7965368032455444,0.5402597188949585
YAL035W,YPR036W-A,0,-5.0474677,0.1284019500017166,0.7965368032455444,0.5406926274299622
YJL047C,YDR210C-D,0,-5.0474677,0.12831240892410278,0.7965368032455444,0.5411255359649658
YPR034W,YPR036W-A,0,-5.0474677,0.1282230019569397,0.7965368032455444,0.5415584444999695
YNL318C,YPR158C-C,0,-5.0474677,0.12813369929790497,0.7965368032455444,0.5419913530349731
YIL098C,YOR343C-A,0,-5.0474677,0.12804453074932098,0.7965368032455444,0.5424242615699768
YOR361C,YBL101W-B,0,-5.0474677,0.12795549631118774,0.7965368032455444,0.5428571701049805
YPR068C,YDR210C-D,0,-5.047843,0.12786658108234406,0.7965368032455444,0.5432900190353394
YMR264W,YOL103W-B,0,-5.047926,0.12777778506278992,0.7965368032455444,0.543722927570343
YDL030W,YNL294C,0,-5.047981,0.12768910825252533,0.7965368032455444,0.5441558361053467
YMR313C,YPR137C-B,0,-5.048093,0.1276005506515503,0.7965368032455444,0.5445887446403503
YIL004C,YDR261W-A,0,-5.048099,0.127512127161026,0.7965368032455444,0.545021653175354
YDR488C,YER137C-A,0,-5.0481644,0.12742382287979126,0.7965368032455444,0.5454545617103577
YPL075W,YNR011C,0,-5.048449,0.12733563780784607,0.7965368032455444,0.5458874702453613
YOR185C,YDR210C-D,0,-5.04845,0.12724758684635162,0.7965368032455444,0.5463203191757202
YDR123C,YDR382W,0,-5.048663,0.12715964019298553,0.7965368032455444,0.5467532277107239
YJL093C,YGR027W-B,0,-5.0487533,0.1270718276500702,0.7965368032455444,0.5471861362457275
YJL081C,YDR098C-B,0,-5.048895,0.1269841343164444,0.7965368032455444,0.5476190447807312
YLR114C,YOR295W,0,-5.0490103,0.12689654529094696,0.7965368032455444,0.5480519533157349
YOL005C,YPR158W-B,0,-5.0490694,0.12680909037590027,0.7965368032455444,0.5484848618507385
YDR153C,YPR137C-A,0,-5.049331,0.12672176957130432,0.7965368032455444,0.5489177703857422
YKL032C,YPR158W-B,0,-5.0493326,0.12663455307483673,0.7965368032455444,0.5493506789207458
YJL190C,YHR196W,0,-5.049412,0.1265474557876587,0.7965368032455444,0.5497835278511047
YLR052W,YOL080C,0,-5.05009,0.1264604777097702,0.7965368032455444,0.5502164363861084
YOR298C-A,YHR086W,0,-5.050362,0.12637363374233246,0.7965368032455444,0.5506493449211121
YOR371C,YDL030W,0,-5.0505223,0.12628689408302307,0.7965368032455444,0.5510822534561157
YLR370C,YKR046C,0,-5.050565,0.12620027363300323,0.7965368032455444,0.5515151619911194
YPL007C,YEL057C,0,-5.050618,0.12611377239227295,0.7965368032455444,0.551948070526123
YNL085W,YNR064C,0,-5.0507,0.12602739036083221,0.7965368032455444,0.5523809790611267
YBR109C,YBR250W,0,-5.0515203,0.12594114243984222,0.7965368032455444,0.5528138279914856
YNL278W,YHR118C,0,-5.0518556,0.1258549988269806,0.7965368032455444,0.5532467365264893
YBR290W,YLR438C-A,0,-5.0526247,0.1257689744234085,0.7965368032455444,0.5536796450614929
YMR035W,YGR270W,0,-5.0529146,0.12568305432796478,0.7965368032455444,0.5541125535964966
YPR128C,YCL051W,0,-5.053323,0.1255972683429718,0.7965368032455444,0.5545454621315002
YOR326W,YDR129C,1,-5.0543,0.12619371712207794,0.8008658289909363,0.5545454621315002
YEL029C,YDR166C,1,-5.055625,0.12678936123847961,0.8051947951316833,0.5545454621315002
YMR015C,YKR031C,0,-5.056687,0.12670299410820007,0.8051947951316833,0.5549783706665039
YAL021C,YJL196C,0,-5.056811,0.12661674618721008,0.8051947951316833,0.5554112792015076
YCR024C-A,YLR176C,0,-5.0575953,0.12653061747550964,0.8051947951316833,0.5558441281318665
YMR220W,YLR234W,0,-5.0576777,0.12644459307193756,0.8051947951316833,0.5562770366668701
YML128C,YHR074W,0,-5.05809,0.12635870277881622,0.8051947951316833,0.5567099452018738
YGR264C,YDR356W,0,-5.058463,0.12627291679382324,0.8051947951316833,0.5571428537368774
YNL142W,YCR012W,0,-5.058486,0.1261872500181198,0.8051947951316833,0.5575757622718811
YPL167C,YCL010C,0,-5.058508,0.12610168755054474,0.8051947951316833,0.5580086708068848
YLR228C,YGL249W,0,-5.0587044,0.1260162591934204,0.8051947951316833,0.5584415793418884
YNL231C,YNR064C,0,-5.059248,0.12593093514442444,0.8051947951316833,0.5588744878768921
YDL137W,YOR011W,0,-5.0597105,0.12584573030471802,0.8051947951316833,0.559307336807251
YBR154C,YEL065W,0,-5.059798,0.12576064467430115,0.8051947951316833,0.5597402453422546
YBR136W,YIL076W,0,-5.0603,0.12567567825317383,0.8051947951316833,0.5601731538772583
YGR267C,YDR443C,0,-5.061557,0.12559081614017487,0.8051947951316833,0.560606062412262
YGR216C,YNL182C,0,-5.0623326,0.12550607323646545,0.8051947951316833,0.5610389709472656
YNL279W,YJL156C,0,-5.0636616,0.1254214495420456,0.8051947951316833,0.5614718794822693
YDR188W,YDL134C,0,-5.0641255,0.1253369301557541,0.8051947951316833,0.561904788017273
YDL078C,YNL294C,0,-5.064489,0.12525252997875214,0.8051947951316833,0.5623376369476318
YLR002C,YGR081C,0,-5.0659842,0.12516823410987854,0.8051947951316833,0.5627705454826355
YDR101C,YOL094C,0,-5.067461,0.1250840574502945,0.8051947951316833,0.5632034540176392
YDL213C,YMR293C,0,-5.0676455,0.125,0.8051947951316833,0.5636363625526428
YPL049C,YGL144C,0,-5.067808,0.12491605430841446,0.8051947951316833,0.5640692710876465
YBR294W,YGR281W,0,-5.068224,0.12483221292495728,0.8051947951316833,0.5645021796226501
YBR109C,YLR401C,0,-5.068742,0.12474849075078964,0.8051947951316833,0.5649350881576538
YAR019C,YIR006C,1,-5.070594,0.12533512711524963,0.8095238208770752,0.5649350881576538
YOR354C,YBR250W,0,-5.0712795,0.1252511739730835,0.8095238208770752,0.5653679370880127
YDR017C,YKR014C,0,-5.071551,0.1251673400402069,0.8095238208770752,0.5658008456230164
YFL039C,YAR019C,1,-5.0735245,0.1257525086402893,0.8138527870178223,0.5658008456230164
YLR131C,YNR017W,0,-5.074957,0.1256684511899948,0.8138527870178223,0.56623375415802
YHR072W,YKL176C,0,-5.0753536,0.12558449804782867,0.8138527870178223,0.5666666626930237
YCR024C-A,YOR162C,0,-5.075732,0.1255006641149521,0.8138527870178223,0.5670995712280273
YPL155C,YGL039W,0,-5.075807,0.12541694939136505,0.8138527870178223,0.567532479763031
YLR043C,YDL120W,0,-5.076619,0.12533333897590637,0.8138527870178223,0.5679653882980347
YEL065W,YJR026W,0,-5.076662,0.12524983286857605,0.8138527870178223,0.5683982968330383
YDR437W,YBL020W,0,-5.076761,0.12516644597053528,0.8138527870178223,0.5688311457633972
YPL231W,YLR095C,0,-5.0767927,0.12508316338062286,0.8138527870178223,0.5692640542984009
YKL051W,YOR003W,0,-5.077093,0.125,0.8138527870178223,0.5696969628334045
YLR214W,YOR281C,0,-5.0772095,0.1249169409275055,0.8138527870178223,0.5701298713684082
YCR073C,YDR259C,0,-5.0781207,0.12483400106430054,0.8138527870178223,0.5705627799034119
YBL005W,YDR201W,0,-5.078201,0.12475115805864334,0.8138527870178223,0.5709956884384155
YCR012W,YMR236W,0,-5.0789976,0.1246684342622757,0.8138527870178223,0.5714285969734192
YGR028W,YOR162C,0,-5.079028,0.12458581477403641,0.8138527870178223,0.5718614459037781
YIR019C,YJL093C,0,-5.079422,0.12450331449508667,0.8138527870178223,0.5722943544387817
YHR067W,YDL064W,0,-5.0797,0.12442091107368469,0.8138527870178223,0.5727272629737854
YPR119W,YMR087W,0,-5.0802865,0.12433862686157227,0.8138527870178223,0.5731601715087891
YNR056C,YKR036C,0,-5.0820904,0.1242564469575882,0.8138527870178223,0.5735930800437927
YPL161C,YJR025C,0,-5.0823584,0.12417437136173248,0.8138527870178223,0.5740259885787964
YBR020W,YER112W,0,-5.0827227,0.12409240752458572,0.8138527870178223,0.5744588971138
YMR285C,YNL250W,0,-5.0828075,0.12401055544614792,0.8138527870178223,0.5748917460441589
YBL024W,YDR201W,0,-5.082965,0.12392880767583847,0.8138527870178223,0.5753246545791626
YOR198C,YGR140W,0,-5.0829873,0.12384716421365738,0.8138527870178223,0.5757575631141663
YPL244C,YCL069W,0,-5.0834246,0.12376563251018524,0.8138527870178223,0.5761904716491699
YHR091C,YGL207W,0,-5.084007,0.12368421256542206,0.8138527870178223,0.5766233801841736
YHL006C,YIL017C,0,-5.084531,0.12360288947820663,0.8138527870178223,0.5770562887191772
YDL115C,YLR328W,0,-5.0854115,0.12352168560028076,0.8138527870178223,0.5774891972541809
YLR056W,YEL002C,0,-5.085453,0.12344057857990265,0.8138527870178223,0.5779221057891846
YGR085C,YDR285W,0,-5.0855455,0.12335958331823349,0.8138527870178223,0.5783549547195435
YPL031C,YGR270W,0,-5.086609,0.12327868491411209,0.8138527870178223,0.5787878632545471
YLR295C,YDL111C,0,-5.0871224,0.12319790571928024,0.8138527870178223,0.5792207717895508
YPR171W,YBL006C,0,-5.087569,0.12311722338199615,0.8138527870178223,0.5796536803245544
YNL278W,YBR245C,0,-5.0880766,0.12303665280342102,0.8138527870178223,0.5800865888595581
YLR117C,YDL190C,0,-5.0882597,0.12295617908239365,0.8138527870178223,0.5805194973945618
YGL111W,YPL032C,0,-5.0885215,0.12287581712007523,0.8138527870178223,0.5809524059295654
YOR298C-A,YDL134C,0,-5.088958,0.12279555946588516,0.8138527870178223,0.5813852548599243
YLR233C,YPL031C,0,-5.089077,0.12271540611982346,0.8138527870178223,0.581818163394928
YNL326C,YOR265W,0,-5.0891304,0.1226353570818901,0.8138527870178223,0.5822510719299316
YOR198C,YDR356W,0,-5.089413,0.12255541235208511,0.8138527870178223,0.5826839804649353
YBR136W,YCL017C,0,-5.089783,0.12247557193040848,0.8138527870178223,0.583116888999939
YJL058C,YBR205W,0,-5.091191,0.1223958358168602,0.8138527870178223,0.5835497975349426
YOL095C,YNR046W,0,-5.091474,0.12231620401144028,0.8138527870178223,0.5839827060699463
YOR076C,YLR410W,0,-5.091514,0.12223666906356812,0.8138527870178223,0.5844155550003052
YGR246C,YPL087W,0,-5.0918093,0.12215724587440491,0.8138527870178223,0.5848484635353088
YBR245C,YGR270W,0,-5.093602,0.12207791954278946,0.8138527870178223,0.5852813720703125
YDR141C,YER054C,0,-5.0937586,0.12199870496988297,0.8138527870178223,0.5857142806053162
YNL117W,YGR002C,0,-5.0943146,0.12191958725452423,0.8138527870178223,0.5861471891403198
YKL152C,YIR019C,0,-5.094427,0.12184057384729385,0.8138527870178223,0.5865800976753235
YNL271C,YDR245W,1,-5.0945244,0.12240932881832123,0.8181818127632141,0.5865800976753235
YKR019C,YIL082W-A,0,-5.0947356,0.12233009934425354,0.8181818127632141,0.5870130062103271
YIL013C,YNR048W,0,-5.0949383,0.12225096672773361,0.8181818127632141,0.5874459147453308
YIL079C,YFL037W,0,-5.0950804,0.12217194586992264,0.8181818127632141,0.5878787636756897
YHR048W,YJR029W,0,-5.095169,0.12209302186965942,0.8181818127632141,0.5883116722106934
YER112W,YAR007C,0,-5.09564,0.12201420217752457,0.8181818127632141,0.588744580745697
YJL146W,YKR014C,0,-5.0961943,0.12193548679351807,0.8181818127632141,0.5891774892807007
YHL002W,YEL031W,0,-5.0962386,0.12185686826705933,0.8181818127632141,0.5896103978157043
YBR036C,YCL039W,0,-5.0966244,0.12177835404872894,0.8181818127632141,0.590043306350708
YHR055C,YJL045W,0,-5.096883,0.12169993668794632,0.8181818127632141,0.5904762148857117
YLR353W,YGR152C,1,-5.0983963,0.12226512283086777,0.822510838508606,0.5904762148857117
YGL166W,YBR245C,0,-5.098668,0.12218649685382843,0.822510838508606,0.5909090638160706
YMR015C,YNL250W,0,-5.100211,0.12210796773433685,0.822510838508606,0.5913419723510742
YNL142W,YKR031C,0,-5.100243,0.12202954292297363,0.822510838508606,0.5917748808860779
YAR019C,YDR129C,1,-5.1002464,0.12259306758642197,0.826839804649353,0.5917748808860779
YMR240C,YHR011W,0,-5.1003456,0.12251443415880203,0.826839804649353,0.5922077894210815
YOR315W,YOL138C,0,-5.101259,0.12243589758872986,0.826839804649353,0.5926406979560852
YFL039C,YDR129C,1,-5.101423,0.12299808114767075,0.8311688303947449,0.5926406979560852
YKL185W,YDR382W,0,-5.1015406,0.12291933596134186,0.8311688303947449,0.5930736064910889
YLR134W,YDR312W,0,-5.1027336,0.12284068763256073,0.8311688303947449,0.5935065150260925
YAL021C,YGL039W,0,-5.1029983,0.12276215106248856,0.8311688303947449,0.5939394235610962
YKR048C,YDR091C,0,-5.103101,0.12268370389938354,0.8311688303947449,0.5943722724914551
YCR093W,YIL017C,0,-5.1032705,0.12260536104440689,0.8311688303947449,0.5948051810264587
YLR095C,YKL015W,0,-5.103466,0.1225271224975586,0.8311688303947449,0.5952380895614624
YOR133W,YDR324C,0,-5.1035514,0.12244898080825806,0.8311688303947449,0.5956709980964661
YCR028C-A,YOL028C,0,-5.10405,0.12237093597650528,0.8311688303947449,0.5961039066314697
YLR429W,YPL240C,0,-5.104068,0.12229299545288086,0.8311688303947449,0.5965368151664734
YDR148C,YER019C-A,0,-5.104725,0.1222151517868042,0.8311688303947449,0.596969723701477
YLR368W,YBL005W-A,0,-5.105167,0.1221374049782753,0.8311688303947449,0.5974025726318359
YOR371C,YGR280C,0,-5.1052036,0.12205975502729416,0.8311688303947449,0.5978354811668396
YFL039C,YJL085W,1,-5.105684,0.12261753529310226,0.8354978561401367,0.5978354811668396
YBL006C,YOL010W,0,-5.10585,0.12253968417644501,0.8354978561401367,0.5982683897018433
YOR335C,YER019C-A,0,-5.1068406,0.12246192991733551,0.8354978561401367,0.5987012982368469
YPR135W,YAL013W,0,-5.1073213,0.12238427251577377,0.8354978561401367,0.5991342067718506
YGR167W,YLR014C,0,-5.108651,0.1223067194223404,0.8354978561401367,0.5995671153068542
YBL035C,YGL097W,0,-5.1087446,0.12222925573587418,0.8354978561401367,0.6000000238418579
YBL063W,YGR121C,0,-5.109529,0.12215189635753632,0.8354978561401367,0.6004328727722168
YPL274W,YHR048W,0,-5.110059,0.12207463383674622,0.8354978561401367,0.6008657813072205
YJR126C,YGR270W,0,-5.110552,0.12199746817350388,0.8354978561401367,0.6012986898422241
YNL042W,YIL097W,0,-5.111058,0.12192040681838989,0.8354978561401367,0.6017315983772278
YOR315W,YPR161C,0,-5.1114454,0.12184343487024307,0.8354978561401367,0.6021645069122314
YNL318C,YCR073C,0,-5.111785,0.12176655977964401,0.8354978561401367,0.6025974154472351
YGR091W,YHR152W,0,-5.1118975,0.12168978899717331,0.8354978561401367,0.6030303239822388
YOR298C-A,YLR234W,0,-5.1121883,0.12161310762166977,0.8354978561401367,0.6034632325172424
YOR003W,YGR270W,0,-5.112567,0.12153652310371399,0.8354978561401367,0.6038960814476013
YLR314C,YDR129C,1,-5.114182,0.12208936363458633,0.8398268222808838,0.6038960814476013
YPL154C,YOR356W,0,-5.11432,0.12201257795095444,0.8398268222808838,0.604328989982605
YHR114W,YPL244C,0,-5.1143684,0.1219358891248703,0.8398268222808838,0.6047618985176086
YAL051W,YBL035C,0,-5.115096,0.12185929715633392,0.8398268222808838,0.6051948070526123
YCR093W,YKR046C,0,-5.1157055,0.1217828020453453,0.8398268222808838,0.605627715587616
YLR438C-A,YJL143W,0,-5.1163626,0.12170639634132385,0.8398268222808838,0.6060606241226196
YJL170C,YOR035C,0,-5.1164856,0.12163009494543076,0.8398268222808838,0.6064935326576233
YOR281C,YGL249W,0,-5.116526,0.12155388295650482,0.8398268222808838,0.6069263815879822
YDR300C,YBL025W,0,-5.116931,0.12147776782512665,0.8398268222808838,0.6073592901229858
YNL214W,YPR054W,0,-5.1171846,0.12140174955129623,0.8398268222808838,0.6077921986579895
YDR300C,YPR190C,0,-5.11779,0.12132582813501358,0.8398268222808838,0.6082251071929932
YLR411W,YIL013C,0,-5.1185308,0.12125000357627869,0.8398268222808838,0.6086580157279968
YDR141C,YDR487C,0,-5.1199474,0.12117426842451096,0.8398268222808838,0.6090909242630005
YOR250C,YLR318W,0,-5.1208806,0.12109863013029099,0.8398268222808838,0.6095238327980042
YOR085W,YOR266W,0,-5.120936,0.12102308124303818,0.8398268222808838,0.609956681728363
YMR015C,YPL097W,0,-5.1212454,0.12094762921333313,0.8398268222808838,0.6103895902633667
YPL127C,YDR330W,0,-5.121667,0.12087227404117584,0.8398268222808838,0.6108224987983704
YOL139C,YMR220W,0,-5.1217294,0.12079700827598572,0.8398268222808838,0.611255407333374
YHR021C,YDR416W,0,-5.121937,0.12072183936834335,0.8398268222808838,0.6116883158683777
YAL017W,YOR256C,0,-5.122268,0.12064676731824875,0.8398268222808838,0.6121212244033813
YGR267C,YMR188C,0,-5.1229796,0.12057178467512131,0.8398268222808838,0.612554132938385
YLR109W,YBR217W,0,-5.1235948,0.12049689143896103,0.8398268222808838,0.6129870414733887
YLR228C,YPL231W,0,-5.124216,0.12042209506034851,0.8398268222808838,0.6134198904037476
YIL013C,YPL042C,0,-5.1243978,0.12034739553928375,0.8398268222808838,0.6138527989387512
YPL212C,YDR259C,0,-5.1246023,0.12027278542518616,0.8398268222808838,0.6142857074737549
YLR117C,YBR015C,0,-5.12461,0.12019826471805573,0.8398268222808838,0.6147186160087585
YCL035C,YDR103W,0,-5.1249895,0.12012384086847305,0.8398268222808838,0.6151515245437622
YHL019C,YCR073C,0,-5.1256447,0.12004950642585754,0.8398268222808838,0.6155844330787659
YKR056W,YBR082C,0,-5.1266108,0.1199752613902092,0.8398268222808838,0.6160173416137695
YOR094W,YGL255W,0,-5.12705,0.11990111321210861,0.8398268222808838,0.6164501905441284
YBR121C,YER127W,0,-5.1273947,0.11982705444097519,0.8398268222808838,0.6168830990791321
YDR093W,YOR232W,0,-5.127857,0.11975308507680893,0.8398268222808838,0.6173160076141357
YPL097W,YNL231C,0,-5.128397,0.11967921257019043,0.8398268222808838,0.6177489161491394
YDL044C,YIL018W,0,-5.1284533,0.1196054220199585,0.8398268222808838,0.6181818246841431
YNR053C,YJL054W,0,-5.129158,0.11953172832727432,0.8398268222808838,0.6186147332191467
YBR133C,YJL191W,0,-5.12961,0.11945813149213791,0.8398268222808838,0.6190476417541504
YOR198C,YGR188C,0,-5.1300287,0.11938461661338806,0.8398268222808838,0.6194804906845093
YMR035W,YGR094W,0,-5.1301217,0.11931119114160538,0.8398268222808838,0.6199133992195129
YNL059C,YML095C,0,-5.130575,0.11923786252737045,0.8398268222808838,0.6203463077545166
YHR011W,YOL067C,0,-5.1307354,0.1191646158695221,0.8398268222808838,0.6207792162895203
YGL014W,YKL006C-A,0,-5.1310406,0.1190914660692215,0.8398268222808838,0.6212121248245239
YIL132C,YGR094W,0,-5.1316156,0.11901840567588806,0.8398268222808838,0.6216450333595276
YDR448W,YMR190C,0,-5.132159,0.11894543468952179,0.8398268222808838,0.6220779418945312
YOR073W,YPR078C,0,-5.132347,0.11887254565954208,0.8398268222808838,0.6225108504295349
YMR319C,YEL022W,0,-5.132558,0.11879975348711014,0.8398268222808838,0.6229436993598938
YNL041C,YDR091C,0,-5.1329308,0.11872705072164536,0.8398268222808838,0.6233766078948975
YOR011W,YJL190C,0,-5.1330066,0.11865443736314774,0.8398268222808838,0.6238095164299011
YBR093C,YDR238C,0,-5.1330414,0.11858190596103668,0.8398268222808838,0.6242424249649048
YBR040W,YPL076W,0,-5.1333594,0.11850947141647339,0.8398268222808838,0.6246753334999084
YOR014W,YKL051W,0,-5.1337833,0.11843711882829666,0.8398268222808838,0.6251082420349121
YNR008W,YNR011C,0,-5.134258,0.1183648556470871,0.8398268222808838,0.6255411505699158
YLR016C,YBL005W-A,0,-5.134717,0.1182926818728447,0.8398268222808838,0.6259739995002747
YIL040W,YKR019C,0,-5.135105,0.11822059750556946,0.8398268222808838,0.6264069080352783
YMR314W,YBL014C,0,-5.1357727,0.11814860254526138,0.8398268222808838,0.626839816570282
YML078W,YBL023C,0,-5.135986,0.11807668954133987,0.8398268222808838,0.6272727251052856
YIL167W,YPL087W,0,-5.136838,0.11800486594438553,0.8398268222808838,0.6277056336402893
YGL014W,YDR057W,0,-5.1368494,0.11793313175439835,0.8398268222808838,0.628138542175293
YPL161C,YLR186W,0,-5.1371403,0.11786147952079773,0.8398268222808838,0.6285714507102966
YBR020W,YDL044C,0,-5.1376677,0.11778992414474487,0.8398268222808838,0.6290042996406555
YAL013W,YDR446W,0,-5.1384687,0.11771844327449799,0.8398268222808838,0.6294372081756592
YPR171W,YPL221W,0,-5.139415,0.11764705926179886,0.8398268222808838,0.6298701167106628
YOR295W,YNL064C,0,-5.1394925,0.1175757572054863,0.8398268222808838,0.6303030252456665
YIL079C,YIL040W,0,-5.142394,0.1175045445561409,0.8398268222808838,0.6307359337806702
YLR186W,YMR164C,0,-5.1434927,0.11743341386318207,0.8398268222808838,0.6311688423156738
YDR175C,YML045W,0,-5.143569,0.1173623725771904,0.8398268222808838,0.6316017508506775
YEL029C,YAR019C,1,-5.1437244,0.11789601296186447,0.8441558480262756,0.6316017508506775
YGR145W,YNL031C,0,-5.143786,0.11782477051019669,0.8441558480262756,0.6320346593856812
YGL119W,YDL004W,0,-5.1440125,0.11775362491607666,0.8441558480262756,0.63246750831604
YOL067C,YMR293C,0,-5.1446924,0.1176825612783432,0.8441558480262756,0.6329004168510437
YLL024C,YJL054W,0,-5.14552,0.11761157959699631,0.8441558480262756,0.6333333253860474
YPL137C,YOR313C,0,-5.1456194,0.11754068732261658,0.8441558480262756,0.633766233921051
YMR314W,YGL249W,0,-5.1467705,0.11746987700462341,0.8441558480262756,0.6341991424560547
YAL030W,YGL207W,0,-5.1475263,0.11739915609359741,0.8441558480262756,0.6346320509910583
YKL179C,YBR133C,0,-5.1480675,0.11732851713895798,0.8441558480262756,0.635064959526062
YNL223W,YNL006W,0,-5.148198,0.1172579675912857,0.8441558480262756,0.6354978084564209
YHR086W,YBL035C,0,-5.148302,0.1171875,0.8441558480262756,0.6359307169914246
YNL231C,YMR218C,0,-5.148594,0.11711711436510086,0.8441558480262756,0.6363636255264282
YLR114C,YOL005C,0,-5.1490793,0.11704681813716888,0.8441558480262756,0.6367965340614319
YDR443C,YDR346C,0,-5.150176,0.11697660386562347,0.8441558480262756,0.6372294425964355
YER155C,YBR294W,0,-5.150533,0.11690647155046463,0.8441558480262756,0.6376623511314392
YOR109W,YFL037W,0,-5.150964,0.11683642864227295,0.8441558480262756,0.6380952596664429
YDR258C,YDL085W,0,-5.1514535,0.11676646769046783,0.8441558480262756,0.6385281682014465
YMR065W,YMR313C,0,-5.1516895,0.11669658869504929,0.8441558480262756,0.6389610171318054
YGL150C,YHR021C,0,-5.151699,0.1166267916560173,0.8441558480262756,0.6393939256668091
YDL040C,YNL064C,0,-5.1519814,0.11655708402395248,0.8441558480262756,0.6398268342018127
YPR017C,YMR243C,0,-5.155795,0.11648745834827423,0.8441558480262756,0.6402597427368164
YDR448W,YGR216C,0,-5.156226,0.11641790717840195,0.8441558480262756,0.6406926512718201
YLR295C,YDR259C,0,-5.1573353,0.11634844541549683,0.8441558480262756,0.6411255598068237
YNL031C,YER126C,0,-5.1575894,0.11627907305955887,0.8441558480262756,0.6415584683418274
YNL172W,YDR148C,0,-5.1578665,0.11620977520942688,0.8441558480262756,0.6419913172721863
YDR254W,YBR095C,0,-5.158534,0.11614055931568146,0.8441558480262756,0.6424242258071899
YOL021C,YHL006C,0,-5.158743,0.1160714253783226,0.8441558480262756,0.6428571343421936
YLR100W,YPL193W,0,-5.1590757,0.11600238084793091,0.8441558480262756,0.6432900428771973
YKL032C,YCR066W,0,-5.159633,0.11593341082334518,0.8441558480262756,0.6437229514122009
YHR196W,YPR078C,0,-5.159767,0.11586453020572662,0.8441558480262756,0.6441558599472046
YNL278W,YLR117C,0,-5.1598377,0.11579572409391403,0.8441558480262756,0.6445887684822083
YOR297C,YMR067C,0,-5.159999,0.115726999938488,0.8441558480262756,0.6450216174125671
YLR353W,YAR019C,1,-5.1607013,0.11625148355960846,0.8484848737716675,0.6450216174125671
YPL020C,YPL206C,0,-5.1611786,0.11618257313966751,0.8484848737716675,0.6454545259475708
YNL103W,YKL051W,0,-5.1612754,0.11611374467611313,0.8484848737716675,0.6458874344825745
YDR108W,YMR290C,0,-5.16131,0.11604499816894531,0.8484848737716675,0.6463203430175781
YDR108W,YNR046W,0,-5.1614294,0.11597633361816406,0.8484848737716675,0.6467532515525818
YCR098C,YPL031C,0,-5.1614776,0.11590774357318878,0.8484848737716675,0.6471861600875854
YBR121C,YPR007C,0,-5.1616144,0.11583924293518066,0.8484848737716675,0.6476190686225891
YFL039C,YDR420W,1,-5.161964,0.11636149138212204,0.8528138399124146,0.6476190686225891
YNL094W,YDL099W,0,-5.1623983,0.1162927970290184,0.8528138399124146,0.6480519771575928
YHR068W,YLR254C,0,-5.162408,0.11622419208288193,0.8528138399124146,0.6484848260879517
YDL044C,YNL197C,0,-5.163973,0.11615566164255142,0.8528138399124146,0.6489177346229553
YCR082W,YJL063C,0,-5.164585,0.11608721315860748,0.8528138399124146,0.649350643157959
YLR353W,YDR420W,1,-5.1648917,0.11660777032375336,0.8571428656578064,0.649350643157959
YLL043W,YDR400W,0,-5.165248,0.11653914302587509,0.8571428656578064,0.6497835516929626
YER112W,YFL037W,0,-5.165968,0.1164705902338028,0.8571428656578064,0.6502164602279663
YDR148C,YGL249W,0,-5.1664042,0.11640211939811707,0.8571428656578064,0.65064936876297
YMR173W,YDR353W,0,-5.1671686,0.1163337230682373,0.8571428656578064,0.6510822772979736
YGR213C,YDR082W,0,-5.1673336,0.11626541614532471,0.8571428656578064,0.6515151262283325
YLR212C,YPR078C,0,-5.1677575,0.11619718372821808,0.8571428656578064,0.6519480347633362
YNR044W,YGR213C,0,-5.167973,0.11612903326749802,0.8571428656578064,0.6523809432983398
YPL231W,YHR005C-A,0,-5.1679974,0.11606096476316452,0.8571428656578064,0.6528138518333435
YJR025C,YDL134C,0,-5.168562,0.115992970764637,0.8571428656578064,0.6532467603683472
YKL185W,YDR160W,0,-5.170068,0.11592505872249603,0.8571428656578064,0.6536796689033508
YBR245C,YGL014W,0,-5.1701193,0.11585722863674164,0.8571428656578064,0.6541125774383545
YIL095W,YGR152C,1,-5.1701546,0.11637426912784576,0.8614718317985535,0.6541125774383545
YGR121C,YPL096W,0,-5.1710386,0.11630625277757645,0.8614718317985535,0.6545454263687134
YBR040W,YER013W,0,-5.1741457,0.1162383183836937,0.8614718317985535,0.654978334903717
YPL086C,YLR212C,0,-5.1742115,0.11617045849561691,0.8614718317985535,0.6554112434387207
YER112W,YOR127W,0,-5.174614,0.1161026805639267,0.8614718317985535,0.6558441519737244
YGL012W,YPR054W,0,-5.175283,0.11603498458862305,0.8614718317985535,0.656277060508728
YOL080C,YDR091C,0,-5.175783,0.11596736311912537,0.8614718317985535,0.6567099690437317
YOR361C,YLR234W,0,-5.176295,0.11589982360601425,0.8614718317985535,0.6571428775787354
YMR287C,YLR238W,0,-5.176601,0.1158323660492897,0.8614718317985535,0.657575786113739
YCR028C-A,YPL123C,0,-5.1772976,0.11576498299837112,0.8614718317985535,0.6580086350440979
YMR314W,YGL144C,0,-5.177794,0.11569767445325851,0.8614718317985535,0.6584415435791016
YGL019W,YGL227W,0,-5.178033,0.11563044786453247,0.8614718317985535,0.6588744521141052
YKR022C,YMR046C,0,-5.1784925,0.1155632957816124,0.8614718317985535,0.6593073606491089
YGR216C,YHL011C,0,-5.178982,0.11549622565507889,0.8614718317985535,0.6597402691841125
YLR141W,YMR218C,0,-5.1790133,0.11542923748493195,0.8614718317985535,0.6601731777191162
YLR353W,YIR006C,1,-5.179366,0.11594203114509583,0.8658008575439453,0.6601731777191162
YPL049C,YFL033C,0,-5.1794667,0.11587485671043396,0.8658008575439453,0.6606060862541199
YCR098C,YML128C,0,-5.1796603,0.11580775678157806,0.8658008575439453,0.6610389351844788
YPR033C,YPL144W,0,-5.1801443,0.11574073880910873,0.8658008575439453,0.6614718437194824
YMR043W,YNR034W,0,-5.1806445,0.11567380279302597,0.8658008575439453,0.6619047522544861
YPL152W,YER116C,0,-5.180711,0.11560693383216858,0.8658008575439453,0.6623376607894897
YDR422C,YNL138W,0,-5.180926,0.11554014682769775,0.8658008575439453,0.6627705693244934
YMR235C,YLL003W,0,-5.180964,0.1154734417796135,0.8658008575439453,0.6632034778594971
YJL146W,YNL231C,0,-5.1815715,0.1154068112373352,0.8658008575439453,0.6636363863945007
YJL001W,YBL055C,0,-5.1823034,0.11534025520086288,0.8658008575439453,0.6640692353248596
YIL004C,YNL006W,0,-5.1823297,0.11527377367019653,0.8658008575439453,0.6645021438598633
YKL152C,YJR002W,0,-5.1828704,0.11520737409591675,0.8658008575439453,0.6649350523948669
YFR021W,YGR055W,0,-5.1832085,0.11514104902744293,0.8658008575439453,0.6653679609298706
YOL005C,YKL020C,0,-5.183614,0.11507479846477509,0.8658008575439453,0.6658008694648743
YPL093W,YAR042W,0,-5.1836176,0.11500862240791321,0.8658008575439453,0.6662337779998779
YLL034C,YBR030W,0,-5.1843424,0.1149425283074379,0.8658008575439453,0.6666666865348816
YHR043C,YKL099C,0,-5.1846595,0.11487650871276855,0.8658008575439453,0.6670995950698853
YOR274W,YGR082W,0,-5.185199,0.11481056362390518,0.8658008575439453,0.6675324440002441
YMR065W,YNL064C,0,-5.185236,0.11474469304084778,0.8658008575439453,0.6679653525352478
YEL022W,YGL136C,0,-5.186114,0.11467889696359634,0.8658008575439453,0.6683982610702515
YDR382W,YLR022C,0,-5.1861973,0.11461318284273148,0.8658008575439453,0.6688311696052551
YOL095C,YCL010C,0,-5.1863356,0.11454753577709198,0.8658008575439453,0.6692640781402588
YML004C,YPR006C,0,-5.186692,0.11448197066783905,0.8658008575439453,0.6696969866752625
YDL064W,YDR057W,0,-5.186825,0.11441647261381149,0.8658008575439453,0.6701298952102661
YFR021W,YNR056C,0,-5.1868606,0.1143510565161705,0.8658008575439453,0.670562744140625
YDR461W,YDL081C,0,-5.1868763,0.11428571492433548,0.8658008575439453,0.6709956526756287
YKL074C,YGR280C,0,-5.1869597,0.11422044783830643,0.8658008575439453,0.6714285612106323
YMR240C,YGL115W,0,-5.187068,0.11415524780750275,0.8658008575439453,0.671861469745636
YPR124W,YJL168C,0,-5.187537,0.11409012973308563,0.8658008575439453,0.6722943782806396
YLR002C,YFL037W,0,-5.187781,0.11402508616447449,0.8658008575439453,0.6727272868156433
YMR229C,YNR046W,0,-5.18925,0.11396011710166931,0.8658008575439453,0.673160195350647
YCR024C-A,YOR356W,0,-5.189767,0.11389521509408951,0.8658008575439453,0.6735930442810059
YPL097W,YOR014W,0,-5.1898794,0.11383039504289627,0.8658008575439453,0.6740259528160095
YIL013C,YPL032C,0,-5.1905537,0.1137656420469284,0.8658008575439453,0.6744588613510132
YDR145W,YIL017C,0,-5.1906347,0.11370096355676651,0.8658008575439453,0.6748917698860168
YCR082W,YPR187W,0,-5.190797,0.11363636702299118,0.8658008575439453,0.6753246784210205
YIL013C,YDL033C,0,-5.192029,0.11357183754444122,0.8658008575439453,0.6757575869560242
YNL275W,YPR100W,0,-5.1926584,0.11350737512111664,0.8658008575439453,0.6761904954910278
YDL099W,YJL196C,0,-5.1926694,0.11344299465417862,0.8658008575439453,0.6766234040260315
YLR141W,YBL034C,0,-5.1926794,0.11337868124246597,0.8658008575439453,0.6770562529563904
YLR069C,YPL128C,0,-5.1932116,0.11331444978713989,0.8658008575439453,0.677489161491394
YKL001C,YOR127W,0,-5.1933017,0.11325028538703918,0.8658008575439453,0.6779220700263977
YNR056C,YER095W,0,-5.193758,0.11318618804216385,0.8658008575439453,0.6783549785614014
YEL031W,YDL084W,0,-5.1939497,0.11312217265367508,0.8658008575439453,0.678787887096405
YER045C,YNR017W,0,-5.195019,0.11305822432041168,0.8658008575439453,0.6792207956314087
YOR127W,YBR061C,0,-5.1962204,0.11299435049295425,0.8658008575439453,0.6796537041664124
YLL022C,YKL073W,0,-5.1964965,0.1129305511713028,0.8658008575439453,0.6800865530967712
YHR091C,YGR013W,0,-5.1978188,0.11286681890487671,0.8658008575439453,0.6805194616317749
YMR204C,YBR193C,0,-5.198529,0.11280316114425659,0.8658008575439453,0.6809523701667786
YDR446W,YLR369W,0,-5.198661,0.11273957043886185,0.8658008575439453,0.6813852787017822
YCR024C-A,YKL015W,0,-5.199596,0.11267605423927307,0.8658008575439453,0.6818181872367859
YGR216C,YAL017W,0,-5.200152,0.11261261254549026,0.8658008575439453,0.6822510957717896
YGR267C,YOR056C,0,-5.2007756,0.11254923790693283,0.8658008575439453,0.6826840043067932
YMR204C,YMR314W,0,-5.2014785,0.11248593777418137,0.8658008575439453,0.6831169128417969
YKL032C,YOR069W,0,-5.2034607,0.11242271214723587,0.8658008575439453,0.6835497617721558
YOR265W,YPR054W,0,-5.2036123,0.11235955357551575,0.8658008575439453,0.6839826703071594
YLR069C,YJL011C,0,-5.203744,0.112296462059021,0.8658008575439453,0.6844155788421631
YDL004W,YDR153C,0,-5.204277,0.11223344504833221,0.8658008575439453,0.6848484873771667
YOL095C,YLR043C,0,-5.204995,0.1121705025434494,0.8658008575439453,0.6852813959121704
YAR019C,YLR314C,1,-5.2051125,0.11266816407442093,0.8701298832893372,0.6852813959121704
YOR157C,YOR014W,0,-5.2051864,0.11260504275560379,0.8701298832893372,0.6857143044471741
YLR228C,YIL051C,0,-5.2054424,0.11254199594259262,0.8701298832893372,0.6861472129821777
YGL014W,YHR014W,0,-5.20561,0.11247901618480682,0.8701298832893372,0.6865800619125366
YHR055C,YMR035W,0,-5.206269,0.112416110932827,0.8701298832893372,0.6870129704475403
YIL004C,YLR254C,0,-5.207015,0.11235327273607254,0.8701298832893372,0.687445878982544
YGR244C,YOR351C,0,-5.207073,0.11229050159454346,0.8701298832893372,0.6878787875175476
YFL039C,YNR027W,1,-5.2072597,0.11278615146875381,0.8744588494300842,0.6878787875175476
YFL039C,YLL021W,1,-5.207263,0.11328125,0.8787878751754761,0.6878787875175476
YNL219C,YOR027W,0,-5.2086525,0.11321806907653809,0.8787878751754761,0.6883116960525513
YNL006W,YBR193C,0,-5.20891,0.11315496265888214,0.8787878751754761,0.6887446045875549
YOR188W,YDR279W,0,-5.2095385,0.11309192329645157,0.8787878751754761,0.6891775131225586
YBR102C,YCL017C,0,-5.209613,0.11302895098924637,0.8787878751754761,0.6896103620529175
YCR034W,YIL026C,0,-5.209736,0.11296605318784714,0.8787878751754761,0.6900432705879211
YLR288C,YDL208W,0,-5.210428,0.11290322244167328,0.8787878751754761,0.6904761791229248
YKR009C,YLR254C,0,-5.211703,0.11284046620130539,0.8787878751754761,0.6909090876579285
YJL156C,YHR196W,0,-5.2122917,0.11277777701616287,0.8787878751754761,0.6913419961929321
YJL115W,YJR158W,0,-5.213092,0.11271515488624573,0.8787878751754761,0.6917749047279358
YEL009C,YPL206C,0,-5.21344,0.11265260726213455,0.8787878751754761,0.6922078132629395
YNL223W,YJL143W,0,-5.2146325,0.11259012669324875,0.8787878751754761,0.6926407217979431
YGR145W,YDR457W,0,-5.215449,0.11252771317958832,0.8787878751754761,0.693073570728302
YDL101C,YKL110C,0,-5.2157316,0.11246537417173386,0.8787878751754761,0.6935064792633057
YNL085W,YOL044W,0,-5.216894,0.11240310221910477,0.8787878751754761,0.6939393877983093
YLR002C,YOR373W,0,-5.2172995,0.11234089732170105,0.8787878751754761,0.694372296333313
YOL051W,YOL102C,0,-5.2181487,0.1122787594795227,0.8787878751754761,0.6948052048683167
YOR232W,YLR134W,0,-5.2184134,0.11221669614315033,0.8787878751754761,0.6952381134033203
YPL159C,YDR400W,0,-5.219123,0.11215469241142273,0.8787878751754761,0.695671021938324
YDL111C,YDL190C,0,-5.2197,0.1120927631855011,0.8787878751754761,0.6961038708686829
YDL099W,YML028W,0,-5.2204914,0.11203090846538544,0.8787878751754761,0.6965367794036865
YDR284C,YMR204C,0,-5.2213683,0.11196911334991455,0.8787878751754761,0.6969696879386902
YMR235C,YPR187W,0,-5.221957,0.11190738528966904,0.8787878751754761,0.6974025964736938
YDR091C,YMR087W,0,-5.2228947,0.11184573173522949,0.8787878751754761,0.6978355050086975
YLR254C,YPL154C,0,-5.223177,0.11178413778543472,0.8787878751754761,0.6982684135437012
YMR035W,YER161C,0,-5.223343,0.11172261834144592,0.8787878751754761,0.6987013220787048
YBL019W,YDR479C,0,-5.2238865,0.1116611659526825,0.8787878751754761,0.6991341710090637
YJL196C,YGR055W,0,-5.2253547,0.11159978061914444,0.8787878751754761,0.6995670795440674
YHR114W,YNL142W,0,-5.2257757,0.11153846234083176,0.8787878751754761,0.699999988079071
YHR043C,YPL031C,0,-5.225958,0.11147721111774445,0.8787878751754761,0.7004328966140747
YDR022C,YKR009C,0,-5.22833,0.11141602694988251,0.8787878751754761,0.7008658051490784
YLR233C,YGR159C,0,-5.229605,0.11135490983724594,0.8787878751754761,0.701298713684082
YGL021W,YOR265W,0,-5.230027,0.11129385977983475,0.8787878751754761,0.7017316222190857
YJL003W,YIL132C,0,-5.230856,0.11123287677764893,0.8787878751754761,0.7021645307540894
YCR024C-A,YPR178W,0,-5.230874,0.11117196083068848,0.8787878751754761,0.7025973796844482
YER053C,YGL100W,0,-5.2323694,0.1111111119389534,0.8787878751754761,0.7030302882194519
YDR358W,YNL121C,0,-5.233707,0.1110503301024437,0.8787878751754761,0.7034631967544556
YDL161W,YAL035W,0,-5.2338476,0.11098961532115936,0.8787878751754761,0.7038961052894592
YCL017C,YDL190C,0,-5.2363973,0.1109289601445198,0.8787878751754761,0.7043290138244629
YOR335C,YDR091C,0,-5.236808,0.11086837947368622,0.8787878751754761,0.7047619223594666
YBR020W,YNL031C,0,-5.237215,0.1108078584074974,0.8787878751754761,0.7051948308944702
YKL135C,YDR358W,0,-5.238264,0.11074741184711456,0.8787878751754761,0.7056276798248291
YJL014W,YER095W,0,-5.2383256,0.1106870248913765,0.8787878751754761,0.7060605883598328
YFL039C,YLR353W,1,-5.2384534,0.1111716628074646,0.8831169009208679,0.7060605883598328
YPR131C,YDR529C,0,-5.240286,0.1111111119389534,0.8831169009208679,0.7064934968948364
YIL042C,YPL139C,0,-5.241024,0.11105062812566757,0.8831169009208679,0.7069264054298401
YDR284C,YCL066W,0,-5.2414947,0.11099020391702652,0.8831169009208679,0.7073593139648438
YKL152C,YLR403W,0,-5.242139,0.11092985421419144,0.8831169009208679,0.7077922224998474
YOL005C,YHL025W,0,-5.2426605,0.11086956411600113,0.8831169009208679,0.7082251310348511
YGL200C,YDR167W,0,-5.242993,0.1108093410730362,0.8831169009208679,0.70865797996521
YEL029C,YDR129C,1,-5.243363,0.11129207164049149,0.887445867061615,0.70865797996521
YCR033W,YOR132W,0,-5.244204,0.11123168468475342,0.887445867061615,0.7090908885002136
YPL212C,YKL081W,0,-5.2447453,0.11117136478424072,0.887445867061615,0.7095237970352173
YOL151W,YBL103C,0,-5.2466764,0.1111111119389534,0.887445867061615,0.709956705570221
YGR143W,YNR034W,0,-5.2472067,0.11105091869831085,0.887445867061615,0.7103896141052246
YJL115W,YHR091C,0,-5.2472296,0.11099079251289368,0.887445867061615,0.7108225226402283
YCR075C,YKL035W,0,-5.249269,0.11093073338270187,0.887445867061615,0.7112554311752319
YGR246C,YBR293W,0,-5.2493353,0.11087074130773544,0.887445867061615,0.7116883397102356
YDL213C,YGR002C,0,-5.249476,0.11081080883741379,0.887445867061615,0.7121211886405945
YIL013C,YIL138C,0,-5.2497654,0.1107509434223175,0.887445867061615,0.7125540971755981
YMR043W,YJL089W,0,-5.2512455,0.1106911450624466,0.887445867061615,0.7129870057106018
YLR134W,YKL058W,0,-5.251274,0.11063140630722046,0.887445867061615,0.7134199142456055
YNL006W,YOR298C-A,0,-5.2527194,0.1105717346072197,0.887445867061615,0.7138528227806091
YDR172W,YDR057W,0,-5.2529106,0.1105121299624443,0.887445867061615,0.7142857313156128
YPL231W,YMR088C,0,-5.253784,0.11045258492231369,0.887445867061615,0.7147186398506165
YFR033C,YBL055C,0,-5.25387,0.11039310693740845,0.887445867061615,0.7151514887809753
YFL039C,YOR326W,1,-5.2538853,0.11087190359830856,0.8917748928070068,0.7151514887809753
YKL185W,YMR053C,0,-5.25648,0.11081226170063019,0.8917748928070068,0.715584397315979
YMR137C,YJR019C,0,-5.258414,0.11075268685817719,0.8917748928070068,0.7160173058509827
YBL008W,YHL002W,0,-5.2585316,0.11069317907094955,0.8917748928070068,0.7164502143859863
YNL059C,YNL123W,0,-5.259079,0.1106337308883667,0.8917748928070068,0.71688312292099
YKL110C,YLR022C,0,-5.2592382,0.11057434231042862,0.8917748928070068,0.7173160314559937
YKL135C,YDL130W-A,0,-5.2594104,0.11051502078771591,0.8917748928070068,0.7177489399909973
YIL040W,YMR293C,0,-5.260998,0.11045576632022858,0.8917748928070068,0.7181817889213562
YPR135W,YOR032C,0,-5.261532,0.11039657145738602,0.8917748928070068,0.7186146974563599
YJL058C,YPR133C,0,-5.2620873,0.11033743619918823,0.8917748928070068,0.7190476059913635
YPR068C,YHR030C,0,-5.262722,0.11027837544679642,0.8917748928070068,0.7194805145263672
YLR155C,YJL062W,0,-5.2642593,0.11021936684846878,0.8917748928070068,0.7199134230613708
YOR281C,YPR078C,0,-5.2643123,0.11016042530536652,0.8917748928070068,0.7203463315963745
YHR068W,YHR118C,0,-5.266966,0.11010155081748962,0.8917748928070068,0.7207792401313782
YMR199W,YBL006C,0,-5.267143,0.11004273593425751,0.8917748928070068,0.7212121486663818
YJL054W,YIL017C,0,-5.2711873,0.10998398065567017,0.8917748928070068,0.7216449975967407
YGL150C,YLR438C-A,0,-5.271796,0.1099252924323082,0.8917748928070068,0.7220779061317444
YDR300C,YNR034W,0,-5.2730207,0.109866663813591,0.8917748928070068,0.722510814666748
YKL073W,YOR356W,0,-5.27392,0.10980810225009918,0.8917748928070068,0.7229437232017517
YPR100W,YLR301W,0,-5.2747293,0.10974960029125214,0.8917748928070068,0.7233766317367554
YHR055C,YOL115W,0,-5.274943,0.10969115793704987,0.8917748928070068,0.723809540271759
YEL034W,YGL150C,0,-5.2749777,0.10963278263807297,0.8917748928070068,0.7242424488067627
YCL035C,YOR027W,0,-5.275054,0.10957446694374084,0.8917748928070068,0.7246752977371216
YPL076W,YGL070C,0,-5.275069,0.1095162183046341,0.8917748928070068,0.7251082062721252
YGR085C,YCR073C,0,-5.275096,0.10945802181959152,0.8917748928070068,0.7255411148071289
YCL051W,YNL117W,0,-5.275707,0.10939989238977432,0.8917748928070068,0.7259740233421326
YPR178W,YCL010C,0,-5.276162,0.1093418225646019,0.8917748928070068,0.7264069318771362
YIR006C,YGR152C,1,-5.2763615,0.10981432348489761,0.8961039185523987,0.7264069318771362
YAL040C,YBR061C,0,-5.2777,0.10975609719753265,0.8961039185523987,0.7268398404121399
YOL115W,YPL218W,0,-5.279052,0.10969793051481247,0.8961039185523987,0.7272727489471436
YNL271C,YLR353W,1,-5.2790575,0.11016949266195297,0.9004328846931458,0.7272727489471436
YDR385W,YGR028W,0,-5.2802944,0.11011116951704025,0.9004328846931458,0.7277056574821472
YLL024C,YKL099C,0,-5.280342,0.1100529134273529,0.9004328846931458,0.7281385064125061
YDR150W,YJL061W,0,-5.2806773,0.10999470949172974,0.9004328846931458,0.7285714149475098
YPR007C,YDL212W,0,-5.2820573,0.10993657261133194,0.9004328846931458,0.7290043234825134
YCR093W,YKL019W,0,-5.2821198,0.10987850278615952,0.9004328846931458,0.7294372320175171
YJR127C,YOR295W,0,-5.2823,0.10982048511505127,0.9004328846931458,0.7298701405525208
YNL031C,YBL103C,0,-5.2841616,0.1097625344991684,0.9004328846931458,0.7303030490875244
YKR019C,YBR061C,0,-5.2842865,0.1097046434879303,0.9004328846931458,0.7307359576225281
YJL062W,YHL011C,0,-5.2844825,0.10964681208133698,0.9004328846931458,0.731168806552887
YJL146W,YOR256C,0,-5.284581,0.10958904027938843,0.9004328846931458,0.7316017150878906
YJL003W,YLR442C,0,-5.2859325,0.10953133553266525,0.9004328846931458,0.7320346236228943
YKL058W,YGR128C,0,-5.2861586,0.10947368294000626,0.9004328846931458,0.732467532157898
YLR238W,YPL240C,0,-5.2903514,0.10941609740257263,0.9004328846931458,0.7329004406929016
YNL229C,YMR088C,0,-5.2909126,0.10935857146978378,0.9004328846931458,0.7333333492279053
YJL089W,YDR369C,0,-5.292057,0.10930110514163971,0.9004328846931458,0.7337662577629089
YML091C,YHR152W,0,-5.2920732,0.10924369841814041,0.9004328846931458,0.7341991066932678
YMR316W,YOR224C,0,-5.292279,0.10918635129928589,0.9004328846931458,0.7346320152282715
YCR012W,YGL207W,0,-5.292596,0.10912906378507614,0.9004328846931458,0.7350649237632751
YCR098C,YFL033C,0,-5.293036,0.10907184332609177,0.9004328846931458,0.7354978322982788
YGL136C,YKL186C,0,-5.293441,0.10901467502117157,0.9004328846931458,0.7359307408332825
YFL039C,YNL271C,1,-5.2935176,0.10948140174150467,0.9047619104385376,0.7359307408332825
YMR240C,YJL093C,0,-5.2947793,0.10942408442497253,0.9047619104385376,0.7363636493682861
YNR044W,YPL087W,0,-5.295002,0.10936682671308517,0.9047619104385376,0.7367965579032898
YBR121C,YOR076C,0,-5.2960906,0.109309621155262,0.9047619104385376,0.7372294664382935
YER054C,YDR457W,0,-5.2962303,0.10925248265266418,0.9047619104385376,0.7376623153686523
YHL002W,YOR232W,0,-5.2969084,0.10919540375471115,0.9047619104385376,0.738095223903656
YNL275W,YOR132W,0,-5.2975626,0.1091383844614029,0.9047619104385376,0.7385281324386597
YLR186W,YDR268W,0,-5.2999196,0.10908141732215881,0.9047619104385376,0.7389610409736633
YBR272C,YNL229C,0,-5.3017063,0.1090245172381401,0.9047619104385376,0.739393949508667
YDL137W,YDR418W,0,-5.302087,0.10896767675876617,0.9047619104385376,0.7398268580436707
YOR147W,YNR011C,0,-5.302931,0.10891088843345642,0.9047619104385376,0.7402597665786743
YBR102C,YER095W,0,-5.3036766,0.10885416716337204,0.9047619104385376,0.7406926155090332
YLR002C,YCR033W,0,-5.3040857,0.10879749804735184,0.9047619104385376,0.7411255240440369
YPR171W,YAR031W,0,-5.304347,0.108740895986557,0.9047619104385376,0.7415584325790405
YNR044W,YJL062W,0,-5.3052626,0.10868434607982635,0.9047619104385376,0.7419913411140442
YER065C,YOR076C,0,-5.3055987,0.10862785577774048,0.9047619104385376,0.7424242496490479
YKL054C,YJR050W,0,-5.3061047,0.10857142508029938,0.9047619104385376,0.7428571581840515
YGL169W,YOR256C,0,-5.3066025,0.10851505398750305,0.9047619104385376,0.7432900667190552
YOL071W,YNL231C,0,-5.307193,0.1084587424993515,0.9047619104385376,0.7437229156494141
YNL113W,YOR356W,0,-5.307202,0.10840249061584473,0.9047619104385376,0.7441558241844177
YDL039C,YDR279W,0,-5.308276,0.10834629088640213,0.9047619104385376,0.7445887327194214
YLL043W,YDR346C,0,-5.3083353,0.1082901582121849,0.9047619104385376,0.745021641254425
YMR199W,YOR297C,0,-5.308602,0.10823407769203186,0.9047619104385376,0.7454545497894287
YGR108W,YDR320C,0,-5.3087044,0.10817805677652359,0.9047619104385376,0.7458874583244324
YGR244C,YBL034C,0,-5.3089037,0.1081220880150795,0.9047619104385376,0.746320366859436
YEL034W,YPL093W,0,-5.310051,0.10806618630886078,0.9047619104385376,0.7467532753944397
YPL032C,YGL249W,0,-5.310966,0.10801033675670624,0.9047619104385376,0.7471861243247986
YNL293W,YGR213C,0,-5.31361,0.10795454680919647,0.9047619104385376,0.7476190328598022
YPL097W,YHR014W,0,-5.3155885,0.10789880901575089,0.9047619104385376,0.7480519413948059
YDR461W,YPR161C,0,-5.3157864,0.10784313827753067,0.9047619104385376,0.7484848499298096
YLR186W,YOR294W,0,-5.316145,0.10778751969337463,0.9047619104385376,0.7489177584648132
YDR188W,YGL163C,0,-5.317308,0.10773196071386337,0.9047619104385376,0.7493506669998169
YMR220W,YHL025W,0,-5.3173656,0.10767645388841629,0.9047619104385376,0.7497835755348206
YDL081C,YML088W,0,-5.3174,0.10762100666761398,0.9047619104385376,0.7502164244651794
YER119C,YOL095C,0,-5.318527,0.10756561905145645,0.9047619104385376,0.7506493330001831
YKL192C,YDR518W,0,-5.3190837,0.1075102910399437,0.9047619104385376,0.7510822415351868
YKL190W,YLR328W,0,-5.31913,0.10745501518249512,0.9047619104385376,0.7515151500701904
YDR302W,YDR150W,0,-5.319904,0.10739979147911072,0.9047619104385376,0.7519480586051941
YLL009C,YMR112C,0,-5.3205433,0.10734463483095169,0.9047619104385376,0.7523809671401978
YHR157W,YML088W,0,-5.3212385,0.10728953033685684,0.9047619104385376,0.7528138756752014
YDL084W,YDR167W,0,-5.3214025,0.10723447799682617,0.9047619104385376,0.7532467246055603
YDR129C,YLL021W,1,-5.321693,0.10769230872392654,0.9090909361839294,0.7532467246055603
YGR188C,YCR075C,0,-5.321723,0.10763710737228394,0.9090909361839294,0.753679633140564
YMR305C,YLR043C,0,-5.32286,0.1075819656252861,0.9090909361839294,0.7541125416755676
YGL021W,YOR224C,0,-5.323291,0.10752688348293304,0.9090909361839294,0.7545454502105713
YML116W,YMR067C,0,-5.3233953,0.10747185349464417,0.9090909361839294,0.754978358745575
YER155C,YGL136C,0,-5.323804,0.10741688311100006,0.9090909361839294,0.7554112672805786
YNL145W,YDL020C,0,-5.325659,0.10736196488142014,0.9090909361839294,0.7558441758155823
YDR377W,YCR034W,0,-5.32618,0.10730710625648499,0.9090909361839294,0.7562770843505859
YDR022C,YGR199W,0,-5.326377,0.10725229978561401,0.9090909361839294,0.7567099332809448
YGR108W,YAL033W,0,-5.326896,0.10719755291938782,0.9090909361839294,0.7571428418159485
YMR042W,YER112W,0,-5.3277407,0.1071428582072258,0.9090909361839294,0.7575757503509521
YHR043C,YER161C,0,-5.3277564,0.10708822309970856,0.9090909361839294,0.7580086588859558
YDL148C,YCR033W,0,-5.3278227,0.1070336401462555,0.9090909361839294,0.7584415674209595
YPL117C,YCL033C,0,-5.328527,0.1069791167974472,0.9090909361839294,0.7588744759559631
YPL046C,YPL031C,0,-5.331421,0.1069246456027031,0.9090909361839294,0.7593073844909668
YLR318W,YIL018W,0,-5.3314276,0.10687022656202316,0.9090909361839294,0.7597402334213257
YER065C,YMR043W,0,-5.3317637,0.106815867125988,0.9090909361839294,0.7601731419563293
YHR043C,YGR008C,0,-5.3319397,0.10676156729459763,0.9090909361839294,0.760606050491333
YHR011W,YPL046C,0,-5.3323226,0.10670731961727142,0.9090909361839294,0.7610389590263367
YMR182C,YJL192C,0,-5.332823,0.1066531240940094,0.9090909361839294,0.7614718675613403
YOR198C,YDL231C,0,-5.3340425,0.10659898817539215,0.9090909361839294,0.761904776096344
YJL190C,YKR056W,0,-5.335059,0.10654490441083908,0.9090909361839294,0.7623376846313477
YOR188W,YGR213C,0,-5.33616,0.10649087280035019,0.9090909361839294,0.7627705335617065
YGR214W,YER161C,0,-5.336482,0.10643690079450607,0.9090909361839294,0.7632034420967102
YDR529C,YOR014W,0,-5.337021,0.10638298094272614,0.9090909361839294,0.7636363506317139
YJR158W,YLR052W,0,-5.337446,0.10632911324501038,0.9090909361839294,0.7640692591667175
YPR068C,YMR229C,0,-5.337865,0.10627530515193939,0.9090909361839294,0.7645021677017212
YDR077W,YDR407C,0,-5.3379507,0.10622154921293259,0.9090909361839294,0.7649350762367249
YJL134W,YHR091C,0,-5.3381042,0.10616784542798996,0.9090909361839294,0.7653679847717285
YDL093W,YGR104C,0,-5.338295,0.10611420124769211,0.9090909361839294,0.7658008933067322
YMR313C,YDR259C,0,-5.3384204,0.10606060922145844,0.9090909361839294,0.7662337422370911
YBR274W,YOR297C,0,-5.3386517,0.10600706934928894,0.9090909361839294,0.7666666507720947
YML051W,YEL002C,0,-5.3386545,0.10595358163118362,0.9090909361839294,0.7670995593070984
YBL025W,YPR140W,0,-5.338894,0.10590015351772308,0.9090909361839294,0.767532467842102
YAR019C,YGL054C,1,-5.339035,0.10635080933570862,0.9134199023246765,0.767532467842102
YJL210W,YDR247W,0,-5.3392253,0.10629723221063614,0.9134199023246765,0.7679653763771057
YMR220W,YDL115C,0,-5.340246,0.10624370723962784,0.9134199023246765,0.7683982849121094
YMR083W,YBR036C,0,-5.340913,0.10619023442268372,0.9134199023246765,0.768831193447113
YFR051C,YGR279C,0,-5.3410425,0.10613682121038437,0.9134199023246765,0.7692640423774719
YAR019C,YOR326W,1,-5.3425703,0.10658622533082962,0.9177489280700684,0.7692640423774719
YML051W,YJL168C,0,-5.3427763,0.10653266310691833,0.9177489280700684,0.7696969509124756
YJL115W,YBL079W,0,-5.343464,0.10647915303707123,0.9177489280700684,0.7701298594474792
YHL002W,YPL123C,0,-5.3437023,0.1064257025718689,0.9177489280700684,0.7705627679824829
YHR114W,YDR158W,0,-5.3447175,0.10637230426073074,0.9177489280700684,0.7709956765174866
YPL155C,YKL035W,0,-5.3456364,0.10631895810365677,0.9177489280700684,0.7714285850524902
YGR156W,YPL131W,0,-5.3459253,0.10626566410064697,0.9177489280700684,0.7718614935874939
YLR134W,YPL031C,0,-5.3464966,0.10621242225170135,0.9177489280700684,0.7722943425178528
YBR085W,YMR043W,0,-5.3493752,0.10615924000740051,0.9177489280700684,0.7727272510528564
YJR155W,YDR446W,0,-5.349927,0.10610610246658325,0.9177489280700684,0.7731601595878601
YER054C,YGR091W,0,-5.350131,0.10605302453041077,0.9177489280700684,0.7735930681228638
YOR076C,YKL126W,0,-5.351182,0.10599999874830246,0.9177489280700684,0.7740259766578674
YDR150W,YIL013C,0,-5.351558,0.10594702512025833,0.9177489280700684,0.7744588851928711
YDL078C,YER161C,0,-5.3517113,0.10589410364627838,0.9177489280700684,0.7748917937278748
YHL019C,YDL099W,0,-5.352251,0.1058412417769432,0.9177489280700684,0.7753247022628784
YGL012W,YDL064W,0,-5.3525515,0.10578842461109161,0.9177489280700684,0.7757575511932373
YER045C,YMR065W,0,-5.352783,0.1057356595993042,0.9177489280700684,0.776190459728241
YNR035C,YJL014W,0,-5.3544283,0.10568295419216156,0.9177489280700684,0.7766233682632446
YOR046C,YDR036C,0,-5.3550606,0.1056302934885025,0.9177489280700684,0.7770562767982483
YMR276W,YKL152C,0,-5.3554497,0.10557769238948822,0.9177489280700684,0.777489185333252
YHR050W,YKR056W,0,-5.355926,0.10552513599395752,0.9177489280700684,0.7779220938682556
YER045C,YLR347C,0,-5.3566523,0.1054726392030716,0.9177489280700684,0.7783550024032593
YPL031C,YPL193W,0,-5.3570004,0.10542018711566925,0.9177489280700684,0.7787878513336182
YDR296W,YBR257W,0,-5.3573337,0.10536779463291168,0.9177489280700684,0.7792207598686218
YNL223W,YPL049C,0,-5.3576117,0.1053154468536377,0.9177489280700684,0.7796536684036255
YJR078W,YLR214W,0,-5.358097,0.10526315867900848,0.9177489280700684,0.7800865769386292
YMR211W,YCL039W,0,-5.358422,0.10521091520786285,0.9177489280700684,0.7805194854736328
YHL019C,YNL279W,0,-5.358671,0.105158731341362,0.9177489280700684,0.7809523940086365
YPR019W,YOR046C,0,-5.359914,0.10510659217834473,0.9177489280700684,0.7813853025436401
YOL067C,YDR312W,0,-5.3610334,0.10505451261997223,0.9177489280700684,0.7818182110786438
YDR247W,YDR369C,0,-5.361784,0.10500247776508331,0.9177489280700684,0.7822510600090027
YJL042W,YOR266W,0,-5.3618793,0.10495049506425858,0.9177489280700684,0.7826839685440063
YCR014C,YDR091C,0,-5.36386,0.10489856451749802,0.9177489280700684,0.78311687707901
YIL018W,YKL203C,0,-5.365599,0.10484668612480164,0.9177489280700684,0.7835497856140137
YJL094C,YBR165W,0,-5.3656445,0.10479485988616943,0.9177489280700684,0.7839826941490173
YDR420W,YER149C,1,-5.366182,0.10523715615272522,0.9220778942108154,0.7839826941490173
YKL135C,YHR197W,0,-5.366496,0.10518518835306168,0.9220778942108154,0.784415602684021
YOR250C,YNR017W,0,-5.3689075,0.10513326525688171,0.9220778942108154,0.7848485112190247
YGL166W,YIL149C,0,-5.3690057,0.10508140176534653,0.9220778942108154,0.7852813601493835
YML028W,YOR295W,0,-5.3703785,0.10502958297729492,0.9220778942108154,0.7857142686843872
YDR437W,YDR353W,0,-5.370389,0.10497782379388809,0.9220778942108154,0.7861471772193909
YOL021C,YKL001C,0,-5.370952,0.10492610931396484,0.9220778942108154,0.7865800857543945
YNL271C,YDR129C,1,-5.371091,0.10536681115627289,0.9264069199562073,0.7865800857543945
YDL099W,YDL093W,0,-5.371703,0.1053149625658989,0.9264069199562073,0.7870129942893982
YPR034W,YDL020C,0,-5.3722434,0.10526315867900848,0.9264069199562073,0.7874459028244019
YDR118W,YOR185C,0,-5.3741474,0.10521140694618225,0.9264069199562073,0.7878788113594055
YNR044W,YJR063W,0,-5.3742657,0.1051597073674202,0.9264069199562073,0.7883116602897644
YDR190C,YMR243C,0,-5.3764315,0.10510805249214172,0.9264069199562073,0.7887445688247681
YNL225C,YDR247W,0,-5.376855,0.10505645722150803,0.9264069199562073,0.7891774773597717
YBR202W,YGR007W,0,-5.377141,0.10500490665435791,0.9264069199562073,0.7896103858947754
YOR023C,YJL089W,0,-5.377305,0.10495340824127197,0.9264069199562073,0.790043294429779
YLR353W,YDR129C,1,-5.377393,0.10539215803146362,0.9307359457015991,0.790043294429779
YGR140W,YOR032C,0,-5.377884,0.10534051805734634,0.9307359457015991,0.7904762029647827
YDR268W,YJL089W,0,-5.3781834,0.10528893023729324,0.9307359457015991,0.7909091114997864
YDR148C,YBR205W,0,-5.3782787,0.10523739457130432,0.9307359457015991,0.79134202003479
YMR316W,YPL218W,0,-5.378295,0.10518591105937958,0.9307359457015991,0.7917748689651489
YDR363W,YGR082W,0,-5.3791695,0.10513447225093842,0.9307359457015991,0.7922077775001526
YPR017C,YJR019C,0,-5.3794584,0.10508308559656143,0.9307359457015991,0.7926406860351562
YNL278W,YOR003W,0,-5.3804626,0.10503175109624863,0.9307359457015991,0.7930735945701599
YEL050C,YPL152W,0,-5.3804884,0.10498046875,0.9307359457015991,0.7935065031051636
YOR030W,YOR025W,0,-5.3805604,0.10492923110723495,0.9307359457015991,0.7939394116401672
YDR448W,YNR034W,0,-5.380821,0.10487804561853409,0.9307359457015991,0.7943723201751709
YNL042W,YMR264W,0,-5.3817334,0.1048269122838974,0.9307359457015991,0.7948051691055298
YNL103W,YDR077W,0,-5.382832,0.10477583110332489,0.9307359457015991,0.7952380776405334
YPL228W,YLL009C,0,-5.383567,0.10472479462623596,0.9307359457015991,0.7956709861755371
YIL076W,YDL064W,0,-5.383787,0.10467381030321121,0.9307359457015991,0.7961038947105408
YLR368W,YMR305C,0,-5.3839293,0.10462287068367004,0.9307359457015991,0.7965368032455444
YAR019C,YDR245W,1,-5.385231,0.10505836457014084,0.9350649118423462,0.7965368032455444
YJR002W,YGL115W,0,-5.3855205,0.10500729084014893,0.9350649118423462,0.7969697117805481
YER116C,YDR259C,0,-5.385935,0.10495626926422119,0.9350649118423462,0.7974026203155518
YFL039C,YHR107C,1,-5.3861475,0.10539096593856812,0.939393937587738,0.7974026203155518
YOR027W,YDR416W,0,-5.3869457,0.10533980280160904,0.939393937587738,0.7978354692459106
YDR062W,YNR034W,0,-5.3895693,0.10528869181871414,0.939393937587738,0.7982683777809143
YDR434W,YHL025W,0,-5.389701,0.10523763298988342,0.939393937587738,0.798701286315918
YML078W,YLR234W,0,-5.3903713,0.10518661886453629,0.939393937587738,0.7991341948509216
YNR017W,YOR351C,0,-5.3903866,0.10513565689325333,0.939393937587738,0.7995671033859253
YER127W,YNR017W,0,-5.3904037,0.10508474707603455,0.939393937587738,0.800000011920929
YDR172W,YER041W,0,-5.3915033,0.10503388196229935,0.939393937587738,0.8004329204559326
YOR281C,YHR050W,0,-5.3919935,0.10498306900262833,0.939393937587738,0.8008658289909363
YNR019W,YAL053W,0,-5.392023,0.10493230074644089,0.939393937587738,0.8012986779212952
YGL245W,YHR014W,0,-5.3923054,0.10488158464431763,0.939393937587738,0.8017315864562988
YER045C,YNL278W,0,-5.392769,0.10483092069625854,0.939393937587738,0.8021644949913025
YJR042W,YGR213C,0,-5.392939,0.10478030145168304,0.939393937587738,0.8025974035263062
YPL137C,YOL010W,0,-5.3930445,0.10472972691059113,0.939393937587738,0.8030303120613098
YCR034W,YGR216C,0,-5.3932314,0.10467921197414398,0.939393937587738,0.8034632205963135
YLR411W,YNL206C,0,-5.393735,0.10462873429059982,0.939393937587738,0.8038961291313171
YNL294C,YLR212C,0,-5.394372,0.10457831621170044,0.939393937587738,0.804328978061676
YJR155W,YGL119W,0,-5.3944125,0.10452793538570404,0.939393937587738,0.8047618865966797
YIL038C,YER053C,0,-5.394656,0.10447761416435242,0.939393937587738,0.8051947951316833
YGR159C,YBL035C,0,-5.394858,0.10442733764648438,0.939393937587738,0.805627703666687
YDR238C,YMR053C,0,-5.395218,0.10437710583209991,0.939393937587738,0.8060606122016907
YLR214W,YBL018C,0,-5.396114,0.10432692617177963,0.939393937587738,0.8064935207366943
YLR233C,YDR394W,0,-5.3969865,0.10427679121494293,0.939393937587738,0.806926429271698
YLL009C,YGL227W,0,-5.3972445,0.10422670841217041,0.939393937587738,0.8073592782020569
YEL009C,YNL214W,0,-5.397711,0.10417667031288147,0.939393937587738,0.8077921867370605
YPR124W,YGR006W,0,-5.397982,0.10412667691707611,0.939393937587738,0.8082250952720642
YPR005C,YGL150C,0,-5.399469,0.10407673567533493,0.939393937587738,0.8086580038070679
YLL022C,YJL191W,0,-5.40106,0.10402684658765793,0.939393937587738,0.8090909123420715
YMR316W,YNL229C,0,-5.401144,0.10397700220346451,0.939393937587738,0.8095238208770752
YEL026W,YBR082C,0,-5.403343,0.10392720252275467,0.939393937587738,0.8099567294120789
YNL103W,YLR009W,0,-5.403842,0.10387745499610901,0.939393937587738,0.8103896379470825
YHL048W,YKL006C-A,0,-5.404071,0.10382775217294693,0.939393937587738,0.8108224868774414
YJL146W,YDL212W,0,-5.4043665,0.10377809405326843,0.939393937587738,0.8112553954124451
YGR113W,YER065C,0,-5.4054174,0.10372848808765411,0.939393937587738,0.8116883039474487
YER126C,YJL011C,0,-5.406128,0.10367892682552338,0.939393937587738,0.8121212124824524
YCR098C,YGR055W,0,-5.4066772,0.10362941771745682,0.939393937587738,0.812554121017456
YKL038W,YPL193W,0,-5.407934,0.10357995331287384,0.939393937587738,0.8129870295524597
YNL251C,YJL117W,0,-5.4083886,0.10353053361177444,0.939393937587738,0.8134199380874634
YEL009C,YAR007C,0,-5.4102583,0.10348116606473923,0.939393937587738,0.8138527870178223
YJL196C,YPL218W,0,-5.410679,0.10343184322118759,0.939393937587738,0.8142856955528259
YNR027W,YDR129C,1,-5.412791,0.10385897755622864,0.9437229633331299,0.8142856955528259
YLL009C,YER051W,0,-5.4138746,0.10380952060222626,0.9437229633331299,0.8147186040878296
YOL042W,YHL011C,0,-5.416772,0.10376011580228806,0.9437229633331299,0.8151515126228333
YOR133W,YLR052W,0,-5.4168854,0.10371074825525284,0.9437229633331299,0.8155844211578369
YIL033C,YOL115W,0,-5.4170475,0.1036614328622818,0.9437229633331299,0.8160173296928406
YBL006C,YOR035C,0,-5.417089,0.10361216962337494,0.9437229633331299,0.8164502382278442
YLR109W,YLR234W,0,-5.418209,0.10356294363737106,0.9437229633331299,0.8168830871582031
YLR295C,YDR418W,0,-5.419125,0.10351376980543137,0.9437229633331299,0.8173159956932068
YGL245W,YOR298C-A,0,-5.419154,0.10346464067697525,0.9437229633331299,0.8177489042282104
YEL063C,YDR268W,0,-5.4200377,0.10341555625200272,0.9437229633331299,0.8181818127632141
YNR059W,YAL033W,0,-5.420104,0.10336652398109436,0.9437229633331299,0.8186147212982178
YJR002W,YOR373W,0,-5.420764,0.10331753641366959,0.9437229633331299,0.8190476298332214
YNL293W,YLL041C,0,-5.4216022,0.1032685935497284,0.9437229633331299,0.8194805383682251
YDR487C,YPR161C,0,-5.4237127,0.10321969538927078,0.9437229633331299,0.8199134469032288
YEL056W,YLR022C,0,-5.425276,0.10317084938287735,0.9437229633331299,0.8203462958335876
YDL102W,YBR205W,0,-5.428112,0.1031220406293869,0.9437229633331299,0.8207792043685913
YMR088C,YEL002C,0,-5.433093,0.10307328402996063,0.9437229633331299,0.821212112903595
YDR093W,YER112W,0,-5.4333305,0.10302457213401794,0.9437229633331299,0.8216450214385986
YBR079C,YMR087W,0,-5.4348745,0.10297591239213943,0.9437229633331299,0.8220779299736023
YPL221W,YKL032C,0,-5.4349976,0.10292728990316391,0.9437229633331299,0.822510838508606
YDL149W,YDL040C,0,-5.435449,0.10287871956825256,0.9437229633331299,0.8229437470436096
YDL078C,YKL186C,0,-5.4377537,0.1028301864862442,0.9437229633331299,0.8233765959739685
YDR141C,YGR081C,0,-5.4380045,0.10278170555830002,0.9437229633331299,0.8238095045089722
YBL005W,YPL128C,0,-5.439562,0.10273326933383942,0.9437229633331299,0.8242424130439758
YPL170W,YAL013W,0,-5.440016,0.1026848778128624,0.9437229633331299,0.8246753215789795
YDR216W,YBR079C,0,-5.4405622,0.10263653844594955,0.9437229633331299,0.8251082301139832
YOR298C-A,YDL093W,0,-5.4410987,0.1025882363319397,0.9437229633331299,0.8255411386489868
YBL024W,YPR007C,0,-5.4419436,0.10253997892141342,0.9437229633331299,0.8259740471839905
YJL170C,YCL010C,0,-5.442237,0.10249177366495132,0.9437229633331299,0.8264069557189941
YGR121C,YBL035C,0,-5.4435797,0.10244360566139221,0.9437229633331299,0.826839804649353
YEL056W,YJL045W,0,-5.4445786,0.10239548981189728,0.9437229633331299,0.8272727131843567
YDR118W,YHR021C,0,-5.445052,0.10234741866588593,0.9437229633331299,0.8277056217193604
YNL113W,YDL077C,0,-5.4467134,0.10229939222335815,0.9437229633331299,0.828138530254364
YPR068C,YJL191W,0,-5.4473853,0.10225141048431396,0.9437229633331299,0.8285714387893677
YNL278W,YDL081C,0,-5.4479856,0.10220346599817276,0.9437229633331299,0.8290043473243713
YAL053W,YOR168W,0,-5.4481792,0.10215557366609573,0.9437229633331299,0.829437255859375
YDR190C,YDL190C,0,-5.449353,0.10210772603750229,0.9437229633331299,0.8298701047897339
YKL185W,YEL022W,0,-5.450261,0.10205992311239243,0.9437229633331299,0.8303030133247375
YPL152W,YKL203C,0,-5.451337,0.10201216489076614,0.9437229633331299,0.8307359218597412
YJL115W,YCR027C,0,-5.4513445,0.10196445137262344,0.9437229633331299,0.8311688303947449
YGR108W,YJL192C,0,-5.452717,0.10191678255796432,0.9437229633331299,0.8316017389297485
YPL049C,YHR015W,0,-5.452799,0.10186915844678879,0.9437229633331299,0.8320346474647522
YBR217W,YJR078W,0,-5.4532337,0.10182157903909683,0.9437229633331299,0.8324675559997559
YDL004W,YMR211W,0,-5.45428,0.10177404433488846,0.9437229633331299,0.8329004049301147
YAR019C,YGR152C,1,-5.454916,0.102193184196949,0.948051929473877,0.8329004049301147
YIR006C,YER149C,1,-5.455495,0.10261193662881851,0.9523809552192688,0.8329004049301147
YOR185C,YKL038W,0,-5.4566913,0.10256410390138626,0.9523809552192688,0.8333333134651184
YPL154C,YPL042C,0,-5.4568005,0.102516308426857,0.9523809552192688,0.8337662220001221
YPL212C,YGR128C,0,-5.457237,0.10246855765581131,0.9523809552192688,0.8341991305351257
YER174C,YLR014C,0,-5.4581347,0.1024208590388298,0.9523809552192688,0.8346320390701294
YIL132C,YPL097W,0,-5.458663,0.10237319767475128,0.9523809552192688,0.8350649476051331
YBR079C,YGL252C,0,-5.459448,0.10232558101415634,0.9523809552192688,0.8354978561401367
YBL019W,YBR142W,0,-5.4596233,0.10227800905704498,0.9523809552192688,0.8359307646751404
YBR290W,YGL012W,0,-5.45975,0.1022304818034172,0.9523809552192688,0.8363636136054993
YJL089W,YPR140W,0,-5.4622335,0.10218299925327301,0.9523809552192688,0.8367965221405029
YLR438C-A,YPL123C,0,-5.4622965,0.1021355614066124,0.9523809552192688,0.8372294306755066
YOR294W,YOR270C,0,-5.462743,0.10208816826343536,0.9523809552192688,0.8376623392105103
YNL275W,YIL138C,0,-5.464349,0.10204081982374191,0.9523809552192688,0.8380952477455139
YOR074C,YOR049C,0,-5.467193,0.10199350863695145,0.9523809552192688,0.8385281562805176
YNL223W,YFL037W,0,-5.4680524,0.10194624960422516,0.9523809552192688,0.8389610648155212
YJL117W,YDL076C,0,-5.468368,0.10189902782440186,0.9523809552192688,0.8393939137458801
YBR272C,YCR012W,0,-5.4686427,0.10185185074806213,0.9523809552192688,0.8398268222808838
YPL159C,YKL203C,0,-5.4698405,0.101804718375206,0.9523809552192688,0.8402597308158875
YKL032C,YMR260C,0,-5.4709325,0.10175763070583344,0.9523809552192688,0.8406926393508911
YHR086W,YER019C-A,0,-5.471236,0.10171058773994446,0.9523809552192688,0.8411255478858948
YGL021W,YGL200C,0,-5.472541,0.10166358947753906,0.9523809552192688,0.8415584564208984
YOR168W,YAR007C,0,-5.47376,0.10161662846803665,0.9523809552192688,0.8419913649559021
YOR284W,YLL034C,0,-5.473978,0.10156971216201782,0.9523809552192688,0.842424213886261
YIL132C,YNL250W,0,-5.475849,0.10152284055948257,0.9523809552192688,0.8428571224212646
YFL039C,YGR152C,1,-5.47585,0.10193727165460587,0.9567099809646606,0.8428571224212646
YDR216W,YGR095C,0,-5.4785056,0.10189027339220047,0.9567099809646606,0.8432900309562683
YAR019C,YLL021W,1,-5.4788756,0.10230414569377899,0.9610389471054077,0.8432900309562683
YBR040W,YHR091C,0,-5.4796276,0.10225702077150345,0.9610389471054077,0.843722939491272
YDR108W,YGL249W,0,-5.4817395,0.10220994800329208,0.9610389471054077,0.8441558480262756
YHR086W,YBL018C,0,-5.4824734,0.1021629050374031,0.9610389471054077,0.8445887565612793
YJL074C,YHR196W,0,-5.48389,0.10211591422557831,0.9610389471054077,0.845021665096283
YMR199W,YKR028W,0,-5.484531,0.10206896811723709,0.9610389471054077,0.8454545736312866
YJL089W,YDR320C,0,-5.485217,0.10202205926179886,0.9610389471054077,0.8458874225616455
YJL014W,YPL274W,0,-5.487759,0.10197519510984421,0.9610389471054077,0.8463203310966492
YLR145W,YGR197C,0,-5.4883647,0.10192837566137314,0.9610389471054077,0.8467532396316528
YLR155C,YLL002W,0,-5.49047,0.10188159346580505,0.9610389471054077,0.8471861481666565
YKR009C,YBR245C,0,-5.490715,0.10183486342430115,0.9610389471054077,0.8476190567016602
YOR168W,YDR018C,0,-5.4913206,0.10178817063570023,0.9610389471054077,0.8480519652366638
YGR121C,YHR074W,0,-5.4916086,0.10174152255058289,0.9610389471054077,0.8484848737716675
YFR024C-A,YMR137C,0,-5.49239,0.10169491171836853,0.9610389471054077,0.8489177227020264
YIL048W,YKL081W,0,-5.497019,0.10164835304021835,0.9610389471054077,0.84935063123703
YBL075C,YKL041W,0,-5.4972897,0.10160183161497116,0.9610389471054077,0.8497835397720337
YOR335C,YGR246C,0,-5.498881,0.10155535489320755,0.9610389471054077,0.8502164483070374
YER126C,YER095W,0,-5.4993095,0.10150891542434692,0.9610389471054077,0.850649356842041
YOR094W,YCL039W,0,-5.4998775,0.10146252065896988,0.9610389471054077,0.8510822653770447
YKL152C,YML064C,0,-5.500021,0.10141617059707642,0.9610389471054077,0.8515151739120483
YOL071W,YDR108W,0,-5.5001926,0.10136986523866653,0.9610389471054077,0.8519480228424072
YPR019W,YPL131W,0,-5.5003514,0.10132359713315964,0.9610389471054077,0.8523809313774109
YMR101C,YOR297C,0,-5.500407,0.10127737373113632,0.9610389471054077,0.8528138399124146
YMR316W,YOR354C,0,-5.5028763,0.10123118758201599,0.9610389471054077,0.8532467484474182
YOL151W,YDR369C,0,-5.506104,0.10118505358695984,0.9610389471054077,0.8536796569824219
YDR377W,YDR479C,0,-5.5063934,0.10113894939422607,0.9610389471054077,0.8541125655174255
YJL014W,YPL206C,0,-5.507374,0.10109289735555649,0.9610389471054077,0.8545454740524292
YIL033C,YNL206C,0,-5.507592,0.10104688256978989,0.9610389471054077,0.8549783825874329
YJL014W,YHR043C,0,-5.508191,0.10100091248750687,0.9610389471054077,0.8554112315177917
YBR079C,YKR089C,0,-5.5099,0.10095497965812683,0.9610389471054077,0.8558441400527954
YOR185C,YML010W,0,-5.51111,0.10090909153223038,0.9610389471054077,0.8562770485877991
YPR119W,YDR437W,0,-5.511388,0.10086324065923691,0.9610389471054077,0.8567099571228027
YPR006C,YLR223C,0,-5.5131454,0.10081744194030762,0.9610389471054077,0.8571428656578064
YOR351C,YOR281C,0,-5.514041,0.10077167302370071,0.9610389471054077,0.8575757741928101
YJL170C,YPL244C,0,-5.514422,0.10072595626115799,0.9610389471054077,0.8580086827278137
YOR056C,YKR056W,0,-5.5151453,0.10068026930093765,0.9610389471054077,0.8584415316581726
YJL168C,YGL227W,0,-5.5154285,0.1006346344947815,0.9610389471054077,0.8588744401931763
YML116W,YMR164C,0,-5.515485,0.10058903694152832,0.9610389471054077,0.8593073487281799
YOL071W,YCL031C,0,-5.5165367,0.10054347664117813,0.9610389471054077,0.8597402572631836
YHR107C,YAR019C,1,-5.5169997,0.10095065832138062,0.9653679728507996,0.8597402572631836
YML116W,YML034W,0,-5.517052,0.10090497881174088,0.9653679728507996,0.8601731657981873
YDR450W,YHR048W,0,-5.5171366,0.10085933655500412,0.9653679728507996,0.8606060743331909
YDR529C,YDL185W,0,-5.518352,0.10081374645233154,0.9653679728507996,0.8610389828681946
YDR377W,YLR052W,0,-5.5192385,0.10076818615198135,0.9653679728507996,0.8614718317985535
YEL034W,YIL031W,0,-5.5194807,0.10072267055511475,0.9653679728507996,0.8619047403335571
YML081C-A,YLR014C,0,-5.5196056,0.10067719966173172,0.9653679728507996,0.8623376488685608
YLL009C,YGR279C,0,-5.5205073,0.10063176602125168,0.9653679728507996,0.8627705574035645
YJL146W,YOL124C,0,-5.5206833,0.10058637708425522,0.9653679728507996,0.8632034659385681
YOR127W,YMR260C,0,-5.522502,0.10054102540016174,0.9653679728507996,0.8636363744735718
YDR243C,YOR132W,0,-5.5226097,0.10049571841955185,0.9653679728507996,0.8640692830085754
YLR043C,YKR020W,0,-5.5236936,0.10045044869184494,0.9653679728507996,0.8645021915435791
YOR147W,YDL093W,0,-5.526107,0.10040522366762161,0.9653679728507996,0.864935040473938
YER095W,YJR063W,0,-5.526886,0.10036003589630127,0.9653679728507996,0.8653679490089417
YEL015W,YPL221W,0,-5.5269103,0.10031489282846451,0.9653679728507996,0.8658008575439453
YER045C,YKL051W,0,-5.526943,0.10026978701353073,0.9653679728507996,0.866233766078949
YIL079C,YFR033C,0,-5.526965,0.10022471845149994,0.9653679728507996,0.8666666746139526
YPR111W,YPL237W,0,-5.53073,0.10017969459295273,0.9653679728507996,0.8670995831489563
YOR281C,YGR199W,0,-5.531872,0.1001347079873085,0.9653679728507996,0.86753249168396
YFL056C,YER053C,0,-5.5332375,0.10008976608514786,0.9653679728507996,0.8679653406143188
YLR069C,YLR254C,0,-5.53395,0.1000448614358902,0.9653679728507996,0.8683982491493225
YJL196C,YPL093W,0,-5.5353827,0.10000000149011612,0.9653679728507996,0.8688311576843262
YPL086C,YMR314W,0,-5.5357122,0.09995517879724503,0.9653679728507996,0.8692640662193298
YIL065C,YOR361C,0,-5.5361476,0.09991039335727692,0.9653679728507996,0.8696969747543335
YPL117C,YMR143W,0,-5.5367146,0.09986565262079239,0.9653679728507996,0.8701298832893372
YEL018W,YOR185C,0,-5.5372567,0.09982094913721085,0.9653679728507996,0.8705627918243408
YBR193C,YHR157W,0,-5.5396643,0.09977628290653229,0.9653679728507996,0.8709957003593445
YDR529C,YMR088C,0,-5.540117,0.09973166137933731,0.9653679728507996,0.8714285492897034
YGR246C,YML078W,0,-5.5407505,0.09968708455562592,0.9653679728507996,0.871861457824707
YPR124W,YLL002W,0,-5.541061,0.09964253753423691,0.9653679728507996,0.8722943663597107
YHR043C,YDL185W,0,-5.541087,0.09959803521633148,0.9653679728507996,0.8727272748947144
YDL040C,YLR181C,0,-5.542577,0.09955357015132904,0.9653679728507996,0.873160183429718
YER045C,YHR197W,0,-5.54272,0.09950914978981018,0.9653679728507996,0.8735930919647217
YNL113W,YLR022C,0,-5.5429177,0.0994647666811943,0.9653679728507996,0.8740260004997253
YNR027W,YAR019C,1,-5.5434313,0.09986624866724014,0.9696969985961914,0.8740260004997253
YDL085W,YDR400W,0,-5.5435333,0.09982174634933472,0.9696969985961914,0.8744588494300842
YMR035W,YGL244W,0,-5.5444746,0.09977728128433228,0.9696969985961914,0.8748917579650879
YMR112C,YHR086W,0,-5.5468397,0.09973286092281342,0.9696969985961914,0.8753246665000916
YPL131W,YGR013W,0,-5.5469046,0.09968847036361694,0.9696969985961914,0.8757575750350952
YGR055W,YBR097W,0,-5.547107,0.09964412450790405,0.9696969985961914,0.8761904835700989
YOR132W,YMR243C,0,-5.547584,0.09959982335567474,0.9696969985961914,0.8766233921051025
YPR017C,YDR389W,0,-5.54892,0.09955555200576782,0.9696969985961914,0.8770563006401062
YDR036C,YNR053C,0,-5.549,0.09951132535934448,0.9696969985961914,0.8774891495704651
YGR152C,YDR129C,1,-5.55062,0.09991119056940079,0.9740259647369385,0.8774891495704651
YHR107C,YDR129C,1,-5.551805,0.10031069815158844,0.9783549904823303,0.8774891495704651
YPR007C,YPR161C,0,-5.5529547,0.10026619583368301,0.9783549904823303,0.8779220581054688
YIL079C,YJR126C,0,-5.5545406,0.10022173076868057,0.9783549904823303,0.8783549666404724
YDL004W,YDR446W,0,-5.55557,0.10017730295658112,0.9783549904823303,0.8787878751754761
YMR276W,YHR074W,0,-5.5558777,0.10013291984796524,0.9783549904823303,0.8792207837104797
YDR216W,YGR113W,0,-5.556054,0.10008857399225235,0.9783549904823303,0.8796536922454834
YNL138W,YMR260C,0,-5.5561457,0.10004426538944244,0.9783549904823303,0.8800866007804871
YFL039C,YDR245W,1,-5.5577064,0.10044247657060623,0.9826839566230774,0.8800866007804871
YJR078W,YIL065C,0,-5.559709,0.10039805620908737,0.9826839566230774,0.8805195093154907
YOR046C,YCL017C,0,-5.561948,0.1003536656498909,0.9826839566230774,0.8809523582458496
YGR145W,YER133W,0,-5.5623093,0.1003093272447586,0.9826839566230774,0.8813852667808533
YLR370C,YJR007W,0,-5.5630016,0.1002650186419487,0.9826839566230774,0.8818181753158569
YKL108W,YPR074C,0,-5.5633492,0.10022074729204178,0.9826839566230774,0.8822510838508606
YKL179C,YDR418W,0,-5.5653653,0.10017652064561844,0.9826839566230774,0.8826839923858643
YLR009W,YLL002W,0,-5.569155,0.10013233125209808,0.9826839566230774,0.8831169009208679
YEL018W,YJL093C,0,-5.5713277,0.10008818656206131,0.9826839566230774,0.8835498094558716
YCR075C,YDL064W,0,-5.5715475,0.10004407167434692,0.9826839566230774,0.8839826583862305
YIL097W,YEL050C,0,-5.575141,0.10000000149011612,0.9826839566230774,0.8844155669212341
YDL137W,YPR033C,0,-5.576074,0.0999559685587883,0.9826839566230774,0.8848484754562378
YLL009C,YEL032W,0,-5.576985,0.09991197288036346,0.9826839566230774,0.8852813839912415
YPL123C,YER019C-A,0,-5.577672,0.09986801445484161,0.9826839566230774,0.8857142925262451
YLR411W,YLR256W,0,-5.5797176,0.09982410073280334,0.9826839566230774,0.8861472010612488
YDR245W,YDR129C,1,-5.580019,0.10021977871656418,0.9870129823684692,0.8861472010612488
YOR281C,YPR054W,0,-5.582128,0.10017574578523636,0.9870129823684692,0.8865801095962524
YDL074C,YDR358W,0,-5.5834246,0.10013175010681152,0.9870129823684692,0.8870129585266113
YPR190C,YBR097W,0,-5.5861115,0.10008779913187027,0.9870129823684692,0.887445867061615
YMR035W,YNL248C,0,-5.5861135,0.1000438779592514,0.9870129823684692,0.8878787755966187
YLR295C,YAR007C,0,-5.586268,0.10000000149011612,0.9870129823684692,0.8883116841316223
YJR119C,YKL073W,0,-5.5869875,0.09995616227388382,0.9870129823684692,0.888744592666626
YLR370C,YMR198W,0,-5.5875173,0.0999123603105545,0.9870129823684692,0.8891775012016296
YMR173W,YDR108W,0,-5.5876203,0.09986859560012817,0.9870129823684692,0.8896104097366333
YBR091C,YBR296C,0,-5.5882616,0.09982486814260483,0.9870129823684692,0.890043318271637
YLL009C,YNR059W,0,-5.592069,0.09978117793798447,0.9870129823684692,0.8904761672019958
YOR335C,YOL124C,0,-5.5931273,0.09973753243684769,0.9870129823684692,0.8909090757369995
YDR377W,YMR285C,0,-5.5934205,0.09969392418861389,0.9870129823684692,0.8913419842720032
YGR085C,YJL045W,0,-5.594062,0.09965035319328308,0.9870129823684692,0.8917748928070068
YPL221W,YHR015W,0,-5.596612,0.09960681200027466,0.9870129823684692,0.8922078013420105
YPL097W,YOR229W,0,-5.5974,0.09956331551074982,0.9870129823684692,0.8926407098770142
YOR001W,YNL025C,0,-5.5997934,0.09951986372470856,0.9870129823684692,0.8930736184120178
YPR128C,YHR157W,0,-5.60073,0.09947644174098969,0.9870129823684692,0.8935064673423767
YGR055W,YDL033C,0,-5.601827,0.0994330570101738,0.9870129823684692,0.8939393758773804
YJL089W,YKR062W,0,-5.6024547,0.0993897095322609,0.9870129823684692,0.894372284412384
YNL041C,YDR017C,0,-5.604062,0.09934640675783157,0.9870129823684692,0.8948051929473877
YOL165C,YJL117W,0,-5.6045294,0.09930313378572464,0.9870129823684692,0.8952381014823914
YER174C,YGL111W,0,-5.606087,0.09925990551710129,0.9870129823684692,0.895671010017395
YDL040C,YDL185W,0,-5.6067605,0.09921670705080032,0.9870129823684692,0.8961039185523987
YPL231W,YDL115C,0,-5.6086645,0.09917355328798294,0.9870129823684692,0.8965367674827576
YNL172W,YLR009W,0,-5.609815,0.09913043677806854,0.9870129823684692,0.8969696760177612
YDR435C,YPL193W,0,-5.610184,0.09908735007047653,0.9870129823684692,0.8974025845527649
YPR030W,YLR403W,0,-5.6110983,0.0990443080663681,0.9870129823684692,0.8978354930877686
YHR068W,YPL127C,0,-5.611166,0.09900130331516266,0.9870129823684692,0.8982684016227722
YML128C,YOR313C,0,-5.6124773,0.0989583358168602,0.9870129823684692,0.8987013101577759
YGR246C,YOR185C,0,-5.613775,0.09891539812088013,0.9870129823684692,0.8991342186927795
YLR405W,YOR162C,0,-5.6140776,0.09887250512838364,0.9870129823684692,0.8995671272277832
YLR429W,YGR244C,0,-5.6145267,0.09882964938879013,0.9870129823684692,0.8999999761581421
YDR258C,YLR410W,0,-5.6178555,0.09878683090209961,0.9870129823684692,0.9004328846931458
YKL170W,YIR019C,0,-5.6179132,0.09874404221773148,0.9870129823684692,0.9008657932281494
YBR175W,YDR330W,0,-5.6189775,0.09870129823684692,0.9870129823684692,0.9012987017631531
YGR119C,YKL038W,0,-5.6190615,0.09865859150886536,0.9870129823684692,0.9017316102981567
YPL049C,YNR034W,0,-5.622137,0.09861591458320618,0.9870129823684692,0.9021645188331604
YBR036C,YBL057C,0,-5.623128,0.09857328236103058,0.9870129823684692,0.9025974273681641
YLR145W,YGR143W,0,-5.626252,0.09853067994117737,0.9870129823684692,0.903030276298523
YPL221W,YKL074C,0,-5.626254,0.09848812222480774,0.9870129823684692,0.9034631848335266
YGR214W,YEL031W,0,-5.626627,0.0984455943107605,0.9870129823684692,0.9038960933685303
YNL223W,YDL120W,0,-5.6273546,0.09840311110019684,0.9870129823684692,0.9043290019035339
YDL148C,YOL080C,0,-5.6278095,0.09836065769195557,0.9870129823684692,0.9047619104385376
YDR518W,YMR188C,0,-5.62832,0.09831824153661728,0.9870129823684692,0.9051948189735413
YLR141W,YMR229C,0,-5.629047,0.09827586263418198,0.9870129823684692,0.9056277275085449
YGR214W,YDR389W,0,-5.631998,0.09823352098464966,0.9870129823684692,0.9060605764389038
YNR034W,YBR061C,0,-5.6332045,0.09819121658802032,0.9870129823684692,0.9064934849739075
YMR319C,YHR090C,0,-5.6338506,0.09814894199371338,0.9870129823684692,0.9069263935089111
YPL123C,YDL076C,0,-5.635358,0.09810671210289001,0.9870129823684692,0.9073593020439148
YMR188C,YDL185W,0,-5.6355906,0.09806451946496964,0.9870129823684692,0.9077922105789185
YDR382W,YGL255W,0,-5.638611,0.09802235662937164,0.9870129823684692,0.9082251191139221
YNL117W,YDR407C,0,-5.63966,0.09798023104667664,0.9870129823684692,0.9086580276489258
YOR074C,YPL154C,0,-5.642744,0.09793814271688461,0.9870129823684692,0.9090909361839294
YCR034W,YMR305C,0,-5.643282,0.09789609163999557,0.9870129823684692,0.9095237851142883
YER119C,YML095C,0,-5.645709,0.09785407781600952,0.9870129823684692,0.909956693649292
YMR173W,YPR006C,0,-5.6461763,0.09781210124492645,0.9870129823684692,0.9103896021842957
YDR123C,YFL059W,0,-5.646348,0.09777015447616577,0.9870129823684692,0.9108225107192993
YCR014C,YJL191W,0,-5.6463895,0.09772824496030807,0.9870129823684692,0.911255419254303
YDR421W,YPL244C,0,-5.6472387,0.09768637269735336,0.9870129823684692,0.9116883277893066
YEL063C,YJR158W,0,-5.6480837,0.09764453768730164,0.9870129823684692,0.9121212363243103
YDL004W,YOL115W,0,-5.6481533,0.0976027399301529,0.9870129823684692,0.9125540852546692
YDR377W,YOR284W,0,-5.6491714,0.09756097197532654,0.9870129823684692,0.9129869937896729
YPR111W,YGR264C,0,-5.649457,0.09751924872398376,0.9870129823684692,0.9134199023246765
YHR154W,YOR035C,0,-5.650438,0.09747755527496338,0.9870129823684692,0.9138528108596802
YBL023C,YDR247W,0,-5.6528664,0.09743589907884598,0.9870129823684692,0.9142857193946838
YJR025C,YLR410W,0,-5.658576,0.09739427268505096,0.9870129823684692,0.9147186279296875
YER119C,YJL001W,0,-5.6585817,0.09735269099473953,0.9870129823684692,0.9151515364646912
YPL075W,YDR082W,0,-5.658614,0.09731113910675049,0.9870129823684692,0.9155844449996948
YJR069C,YIL048W,0,-5.6586404,0.09726962447166443,0.9870129823684692,0.9160172939300537
YIL033C,YNL231C,0,-5.6625376,0.09722814708948135,0.9870129823684692,0.9164502024650574
YNL117W,YNR059W,0,-5.66273,0.09718669950962067,0.9870129823684692,0.916883111000061
YGR244C,YHR120W,0,-5.6628437,0.09714528918266296,0.9870129823684692,0.9173160195350647
YJL117W,YMR101C,0,-5.6631055,0.09710391610860825,0.9870129823684692,0.9177489280700684
YLR056W,YPL007C,0,-5.663606,0.09706258028745651,0.9870129823684692,0.918181836605072
YOR032C,YDL077C,0,-5.6637444,0.09702127426862717,0.9870129823684692,0.9186147451400757
YER065C,YGL169W,0,-5.66798,0.0969800055027008,0.9870129823684692,0.9190475940704346
YNL006W,YJR002W,0,-5.6679907,0.09693877398967743,0.9870129823684692,0.9194805026054382
YPL240C,YHR074W,0,-5.668312,0.09689757972955704,0.9870129823684692,0.9199134111404419
YKL152C,YPL270W,0,-5.668587,0.09685641527175903,0.9870129823684692,0.9203463196754456
YMR173W,YDR153C,0,-5.669017,0.09681528806686401,0.9870129823684692,0.9207792282104492
YOL060C,YHR014W,0,-5.6692348,0.09677419066429138,0.9870129823684692,0.9212121367454529
YFL056C,YLR411W,0,-5.669838,0.09673313796520233,0.9870129823684692,0.9216450452804565
YMR043W,YJL011C,0,-5.6711426,0.09669211506843567,0.9870129823684692,0.9220778942108154
YBR290W,YGR055W,0,-5.6714287,0.0966511219739914,0.9870129823684692,0.9225108027458191
YML078W,YDL161W,0,-5.672657,0.0966101661324501,0.9870129823684692,0.9229437112808228
YDR300C,YOR049C,0,-5.67505,0.0965692475438118,0.9870129823684692,0.9233766198158264
YHR043C,YDR324C,0,-5.6757584,0.09652836620807648,0.9870129823684692,0.9238095283508301
YOR085W,YML091C,0,-5.677829,0.09648751467466354,0.9870129823684692,0.9242424368858337
YMR035W,YER127W,0,-5.679251,0.0964467003941536,0.9870129823684692,0.9246753454208374
YPL132W,YDR077W,0,-5.6845183,0.09640592336654663,0.9870129823684692,0.9251082539558411
YJR050W,YOR315W,0,-5.685098,0.09636517614126205,0.9870129823684692,0.9255411028862
YMR043W,YLR069C,0,-5.6876016,0.09632445871829987,0.9870129823684692,0.9259740114212036
YGL090W,YJL210W,0,-5.688424,0.09628378599882126,0.9870129823684692,0.9264069199562073
YKL035W,YOR069W,0,-5.689252,0.09624314308166504,0.9870129823684692,0.9268398284912109
YAL017W,YNL064C,0,-5.689987,0.09620252996683121,0.9870129823684692,0.9272727370262146
YKL182W,YEL002C,0,-5.690215,0.09616195410490036,0.9870129823684692,0.9277056455612183
YGR156W,YJL089W,0,-5.691554,0.0961214154958725,0.9870129823684692,0.9281385540962219
YNR035C,YEL009C,0,-5.6918297,0.09608090668916702,0.9870129823684692,0.9285714030265808
YDR216W,YBR072W,0,-5.6932354,0.09604043513536453,0.9870129823684692,0.9290043115615845
YBR102C,YMR143W,0,-5.69328,0.09600000083446503,0.9870129823684692,0.9294372200965881
YNL042W,YOL139C,0,-5.698155,0.09595959633588791,0.9870129823684692,0.9298701286315918
YMR316W,YPL075W,0,-5.6984863,0.09591922909021378,0.9870129823684692,0.9303030371665955
YKL182W,YPR178W,0,-5.6996217,0.09587889164686203,0.9870129823684692,0.9307359457015991
YGR108W,YOR294W,0,-5.6997957,0.09583858400583267,0.9870129823684692,0.9311688542366028
YMR083W,YIL031W,0,-5.7008243,0.0957983210682869,0.9870129823684692,0.9316017031669617
YCL017C,YJR063W,0,-5.70242,0.09575808793306351,0.9870129823684692,0.9320346117019653
YJL003W,YNR011C,0,-5.7072806,0.0957178846001625,0.9870129823684692,0.932467520236969
YKL054C,YOR049C,0,-5.71797,0.09567771852016449,0.9870129823684692,0.9329004287719727
YLR109W,YMR229C,0,-5.719059,0.09563758224248886,0.9870129823684692,0.9333333373069763
YML116W,YDR529C,0,-5.7267632,0.09559748321771622,0.9870129823684692,0.93376624584198
YMR199W,YDR400W,0,-5.7278175,0.09555742144584656,0.9870129823684692,0.9341991543769836
YMR319C,YNL250W,0,-5.727895,0.09551738947629929,0.9870129823684692,0.9346320629119873
YER149C,YDR129C,1,-5.7304344,0.0958961471915245,0.9913420081138611,0.9346320629119873
YIL079C,YMR068W,0,-5.733391,0.09585600346326828,0.9913420081138611,0.9350649118423462
YML105C,YHR106W,0,-5.738134,0.09581589698791504,0.9913420081138611,0.9354978203773499
YOR133W,YGL252C,0,-5.7455144,0.09577582776546478,0.9913420081138611,0.9359307289123535
YOR011W,YML128C,0,-5.7478023,0.09573578834533691,0.9913420081138611,0.9363636374473572
YJL003W,YEL015W,0,-5.750447,0.09569577872753143,0.9913420081138611,0.9367965459823608
YJL191W,YOR076C,0,-5.750819,0.09565580636262894,0.9913420081138611,0.9372294545173645
YPR171W,YPL123C,0,-5.7527723,0.09561586380004883,0.9913420081138611,0.9376623630523682
YFL039C,YDR166C,1,-5.7532396,0.09599332511425018,0.9956709742546082,0.9376623630523682
YHL002W,YNL123W,0,-5.753657,0.09595327824354172,0.9956709742546082,0.938095211982727
YIL079C,YHR011W,0,-5.7540145,0.09591326117515564,0.9956709742546082,0.9385281205177307
YDR421W,YPR187W,0,-5.755637,0.09587328135967255,0.9956709742546082,0.9389610290527344
YDR377W,YOR025W,0,-5.7562714,0.09583333134651184,0.9956709742546082,0.939393937587738
YLR370C,YBL035C,0,-5.756422,0.09579341858625412,0.9956709742546082,0.9398268461227417
YEL018W,YPR074C,0,-5.757852,0.09575353562831879,0.9956709742546082,0.9402597546577454
YMR319C,YGL252C,0,-5.761304,0.09571368992328644,0.9956709742546082,0.940692663192749
YPR030W,YGR007W,0,-5.762541,0.09567387402057648,0.9956709742546082,0.9411255121231079
YDR123C,YPR178W,0,-5.764926,0.0956340953707695,0.9956709742546082,0.9415584206581116
YLR155C,YBR093C,0,-5.76549,0.09559434652328491,0.9956709742546082,0.9419913291931152
YNR072W,YLL024C,0,-5.766384,0.09555463492870331,0.9956709742546082,0.9424242377281189
YMR068W,YER107C,0,-5.7690935,0.09551495313644409,0.9956709742546082,0.9428571462631226
YMR237W,YGL255W,0,-5.770925,0.09547530114650726,0.9956709742546082,0.9432900547981262
YOL115W,YGR143W,0,-5.7807064,0.09543568640947342,0.9956709742546082,0.9437229633331299
YDR377W,YLR401C,0,-5.7807074,0.09539610147476196,0.9956709742546082,0.9441558718681335
YDR421W,YPR074C,0,-5.781208,0.09535655379295349,0.9956709742546082,0.9445887207984924
YLR155C,YJL011C,0,-5.7818217,0.09531703591346741,0.9956709742546082,0.9450216293334961
YDL137W,YLR254C,0,-5.7818522,0.09527754783630371,0.9956709742546082,0.9454545378684998
YML028W,YIL031W,0,-5.7826347,0.095238097012043,0.9956709742546082,0.9458874464035034
YPL076W,YGR244C,0,-5.783883,0.09519867599010468,0.9956709742546082,0.9463203549385071
YOL071W,YNL029C,0,-5.789362,0.09515928477048874,0.9956709742546082,0.9467532634735107
YDL231C,YOL151W,0,-5.79309,0.09511993080377579,0.9956709742546082,0.9471861720085144
YNL042W,YPR006C,0,-5.7987633,0.09508061408996582,0.9956709742546082,0.9476190209388733
YBR085W,YFR033C,0,-5.7988997,0.09504131972789764,0.9956709742546082,0.948051929473877
YOR335C,YJR158W,0,-5.80163,0.09500206261873245,0.9956709742546082,0.9484848380088806
YNL059C,YDR077W,0,-5.802038,0.09496284276247025,0.9956709742546082,0.9489177465438843
YOL071W,YLR347C,0,-5.803734,0.09492364525794983,0.9956709742546082,0.9493506550788879
YJL089W,YMR088C,0,-5.8059,0.0948844850063324,0.9956709742546082,0.9497835636138916
YAL040C,YDL115C,0,-5.814719,0.09484536200761795,0.9956709742546082,0.9502164721488953
YGR145W,YFR008W,0,-5.8164167,0.09480626881122589,0.9956709742546082,0.9506493210792542
YPL240C,YGR078C,0,-5.8186426,0.09476720541715622,0.9956709742546082,0.9510822296142578
YFL056C,YLR401C,0,-5.822219,0.09472817182540894,0.9956709742546082,0.9515151381492615
YKL081W,YOR256C,0,-5.824202,0.09468917548656464,0.9956709742546082,0.9519480466842651
YER054C,YML010W,0,-5.8329577,0.09465020895004272,0.9956709742546082,0.9523809552192688
YJR078W,YOR074C,0,-5.8391123,0.0946112722158432,0.9956709742546082,0.9528138637542725
YDR284C,YNR017W,0,-5.841843,0.09457236528396606,0.9956709742546082,0.9532467722892761
YHR081W,YNL025C,0,-5.84264,0.09453349560499191,0.9956709742546082,0.9536796808242798
YOL135C,YBL005W,0,-5.845134,0.09449465572834015,0.9956709742546082,0.9541125297546387
YPL170W,YGR281W,0,-5.8505545,0.09445585310459137,0.9956709742546082,0.9545454382896423
YIL079C,YCL039W,0,-5.853338,0.09441708028316498,0.9956709742546082,0.954978346824646
YIL040W,YGL255W,0,-5.85369,0.09437833726406097,0.9956709742546082,0.9554112553596497
YHR068W,YDL244W,0,-5.8555126,0.09433962404727936,0.9956709742546082,0.9558441638946533
YKR009C,YJL191W,0,-5.864856,0.09430094063282013,0.9956709742546082,0.956277072429657
YLR002C,YNL138W,0,-5.8659525,0.09426229447126389,0.9956709742546082,0.9567099809646606
YPR030W,YOR085W,0,-5.8698325,0.09422367811203003,0.9956709742546082,0.9571428298950195
YJR078W,YKL035W,0,-5.871112,0.09418509155511856,0.9956709742546082,0.9575757384300232
YOL151W,YOR232W,0,-5.8713036,0.09414654225111008,0.9956709742546082,0.9580086469650269
YIL114C,YML091C,0,-5.873408,0.09410802274942398,0.9956709742546082,0.9584415555000305
YCR088W,YDR153C,0,-5.8737187,0.09406953305006027,0.9956709742546082,0.9588744640350342
YOL139C,YJL001W,0,-5.8753033,0.09403107315301895,0.9956709742546082,0.9593073725700378
YDL076C,YKL081W,0,-5.8822165,0.09399264305830002,0.9956709742546082,0.9597402811050415
YMR015C,YEL002C,0,-5.8826423,0.09395425021648407,0.9956709742546082,0.9601731896400452
YFL039C,YER149C,1,-5.8868737,0.09432421624660492,1.0,0.9601731896400452
YPL240C,YDR077W,0,-5.8877416,0.09428571164608002,1.0,0.960606038570404
YGR147C,YHR157W,0,-5.8914633,0.0942472442984581,1.0,0.9610389471054077
YDL101C,YBR296C,0,-5.900213,0.09420880675315857,1.0,0.9614718556404114
YOR023C,YGR078C,0,-5.904768,0.09417040646076202,1.0,0.961904764175415
YMR290C,YGR121C,0,-5.905379,0.09413202852010727,1.0,0.9623376727104187
YBR202W,YOR003W,0,-5.909399,0.0940936878323555,1.0,0.9627705812454224
YOL010W,YOL080C,0,-5.9100175,0.09405537694692612,1.0,0.963203489780426
YJL196C,YBR102C,0,-5.9104385,0.09401709586381912,1.0,0.9636363387107849
YLR117C,YLL009C,0,-5.912345,0.09397884458303452,1.0,0.9640692472457886
YPR005C,YKL099C,0,-5.9176807,0.0939406231045723,1.0,0.9645021557807922
YIL079C,YGL169W,0,-5.9204884,0.09390243887901306,1.0,0.9649350643157959
YGR159C,YOR027W,0,-5.924197,0.09386428445577621,1.0,0.9653679728507996
YDR518W,YLR069C,0,-5.924759,0.09382615983486176,1.0,0.9658008813858032
YMR173W,YLR016C,0,-5.9264226,0.09378806501626968,1.0,0.9662337899208069
YMR015C,YOR027W,0,-5.9324794,0.09375,1.0,0.9666666388511658
YHR043C,YPL086C,0,-5.941086,0.0937119647860527,1.0,0.9670995473861694
YMR237W,YOL124C,0,-5.942711,0.09367396682500839,1.0,0.9675324559211731
YDR216W,YDL101C,0,-5.9448686,0.09363599866628647,1.0,0.9679653644561768
YHR197W,YKR089C,0,-5.9553447,0.09359805285930634,1.0,0.9683982729911804
YGR280C,YKL051W,0,-5.957003,0.09356014430522919,1.0,0.9688311815261841
YOR371C,YDL084W,0,-5.9576316,0.09352226555347443,1.0,0.9692640900611877
YOR133W,YGR135W,0,-5.958144,0.09348441660404205,1.0,0.9696969985961914
YPL221W,YNL206C,0,-5.9625974,0.09344660490751266,1.0,0.9701298475265503
YER038C,YOL010W,0,-5.9657154,0.09340881556272507,1.0,0.970562756061554
YAL033W,YDR382W,0,-5.9670815,0.09337105602025986,1.0,0.9709956645965576
YDR022C,YDR450W,0,-5.974827,0.09333333373069763,1.0,0.9714285731315613
YJL134W,YBL075C,0,-5.9749784,0.0932956412434578,1.0,0.9718614816665649
YOR354C,YJL036W,0,-5.9843025,0.09325797110795975,1.0,0.9722943902015686
YML081C-A,YBL075C,0,-6.0042286,0.09322033822536469,1.0,0.9727272987365723
YLR022C,YPR140W,0,-6.018517,0.09318273514509201,1.0,0.9731601476669312
YGR244C,YDR489W,0,-6.0210285,0.09314516186714172,1.0,0.9735930562019348
YDR377W,YGR145W,0,-6.0297456,0.09310761839151382,1.0,0.9740259647369385
YJR025C,YOR119C,0,-6.031496,0.09307010471820831,1.0,0.9744588732719421
YLR155C,YBR257W,0,-6.0357513,0.09303262084722519,1.0,0.9748917818069458
YDL004W,YDR312W,0,-6.041006,0.09299516677856445,1.0,0.9753246903419495
YHR196W,YMR088C,0,-6.0417256,0.0929577499628067,1.0,0.9757575988769531
YDL208W,YJL001W,0,-6.046733,0.09292035549879074,1.0,0.976190447807312
YLR371W,YMR229C,0,-6.046736,0.09288299083709717,1.0,0.9766233563423157
YLR009W,YIL076W,0,-6.0538855,0.09284565597772598,1.0,0.9770562648773193
YOL151W,YPL244C,0,-6.069839,0.09280835837125778,1.0,0.977489173412323
YJL020C,YDR416W,0,-6.070226,0.09277108311653137,1.0,0.9779220819473267
YBR205W,YDR247W,0,-6.070566,0.09273384511470795,1.0,0.9783549904823303
YHR043C,YPL131W,0,-6.0706034,0.09269662946462631,1.0,0.978787899017334
YDL074C,YGR008C,0,-6.0754414,0.09265944361686707,1.0,0.9792208075523376
YAL040C,YDR418W,0,-6.0835266,0.0926222950220108,1.0,0.9796536564826965
YBR072W,YMR035W,0,-6.09798,0.09258516877889633,1.0,0.9800865650177002
YOR274W,YML128C,0,-6.106454,0.09254807978868484,1.0,0.9805194735527039
YLR186W,YPL221W,0,-6.1140475,0.09251101315021515,1.0,0.9809523820877075
YER045C,YBL075C,0,-6.1171527,0.09247397631406784,1.0,0.9813852906227112
YPL127C,YOR361C,0,-6.135502,0.09243697673082352,1.0,0.9818181991577148
YOR361C,YLL041C,0,-6.1395407,0.09239999949932098,1.0,0.9822511076927185
YJR078W,YPR119W,0,-6.15746,0.09236305207014084,1.0,0.9826839566230774
YDR153C,YKL035W,0,-6.1782312,0.09232614189386368,1.0,0.983116865158081
YDL020C,YDR450W,0,-6.1817894,0.09228925406932831,1.0,0.9835497736930847
YHR068W,YMR015C,0,-6.1984763,0.09225239604711533,1.0,0.9839826822280884
YJR002W,YJL001W,0,-6.2088137,0.09221556782722473,1.0,0.984415590763092
YNL293W,YDR190C,0,-6.2283664,0.09217876940965652,1.0,0.9848484992980957
YJL100W,YJL190C,0,-6.2382994,0.0921420007944107,1.0,0.9852814078330994
YBR272C,YNR053C,0,-6.26424,0.09210526198148727,1.0,0.9857142567634583
YFR024C-A,YNL113W,0,-6.2653337,0.09206855297088623,1.0,0.9861471652984619
YBL075C,YNL197C,0,-6.2923393,0.09203187376260757,1.0,0.9865800738334656
YLR155C,YNL248C,0,-6.298058,0.0919952243566513,1.0,0.9870129823684692
YGR147C,YDR077W,0,-6.3023005,0.09195859730243683,1.0,0.9874458909034729
YJR078W,YOR294W,0,-6.3118258,0.09192200750112534,1.0,0.9878787994384766
YHL019C,YHR197W,0,-6.3167014,0.09188544005155563,1.0,0.9883117079734802
YDL040C,YJR019C,0,-6.3412466,0.09184890985488892,1.0,0.9887446165084839
YKR046C,YHR152W,0,-6.3623605,0.09181240200996399,1.0,0.9891774654388428
YML116W,YKR009C,0,-6.3635297,0.09177592396736145,1.0,0.9896103739738464
YLL009C,YHR048W,0,-6.3801107,0.0917394757270813,1.0,0.9900432825088501
YNL006W,YGR159C,0,-6.390259,0.09170305728912354,1.0,0.9904761910438538
YJR025C,YMR229C,0,-6.4007196,0.09166666865348816,1.0,0.9909090995788574
YGR008C,YDL064W,0,-6.4698772,0.09163030236959457,1.0,0.9913420081138611
YDR101C,YDR148C,0,-6.4797735,0.09159397333860397,1.0,0.9917749166488647
YDR418W,YOR003W,0,-6.484261,0.09155766665935516,1.0,0.9922077655792236
YDL078C,YOL124C,0,-6.538976,0.09152139723300934,1.0,0.9926406741142273
YCR034W,YNL117W,0,-6.5512834,0.0914851501584053,1.0,0.993073582649231
YOL139C,YER054C,0,-6.586495,0.09144893288612366,1.0,0.9935064911842346
YKL001C,YGR213C,0,-6.5977335,0.0914127454161644,1.0,0.9939393997192383
YJR155W,YDL084W,0,-6.602952,0.09137658029794693,1.0,0.9943723082542419
YDR258C,YPR187W,0,-6.615847,0.09134045243263245,1.0,0.9948052167892456
YGL200C,YDL020C,0,-6.6343856,0.09130434691905975,1.0,0.9952380657196045
YDR101C,YDL130W-A,0,-6.652769,0.09126827120780945,1.0,0.9956709742546082
YDL149W,YER126C,0,-6.767851,0.09123222529888153,1.0,0.9961038827896118
YER065C,YBL075C,0,-6.824635,0.091196209192276,1.0,0.9965367913246155
YIL042C,YGL097W,0,-6.8367295,0.09116022288799286,1.0,0.9969696998596191
YPL123C,YJL191W,0,-6.8959284,0.09112425893545151,1.0,0.9974026083946228
YOL071W,YNR046W,0,-7.0120425,0.09108832478523254,1.0,0.9978355169296265
YPL086C,YJL036W,0,-7.02541,0.09105242043733597,1.0,0.9982684254646301
YOL071W,YOL080C,0,-7.1328483,0.09101654589176178,1.0,0.998701274394989
YAL035W,YBR072W,0,-7.2737823,0.09098070114850998,1.0,0.9991341829299927
YER053C,YNL248C,0,-7.278025,0.09094487875699997,1.0,0.9995670914649963
YIL079C,YML128C,0,-7.5514827,0.09090909361839294,1.0,1.0
