Gene A,Gene B,Label,Score,Precision,Recall,False Positive Rate
YPL228W,YIL002C,1,-4.545437,1.0,0.0010000000474974513,0.0
YER119C,YDL046W,0,-4.6409445,0.5,0.0010000000474974513,9.999999747378752e-05
YDL230W,YDR287W,1,-4.686683,0.6666666865348816,0.0020000000949949026,9.999999747378752e-05
YML016C,YDL006W,1,-4.6918983,0.75,0.003000000026077032,9.999999747378752e-05
YKL112W,YGR065C,0,-4.733064,0.6000000238418579,0.003000000026077032,0.00019999999494757503
YML016C,YDR436W,1,-4.752978,0.6666666865348816,0.004000000189989805,0.00019999999494757503
YDL006W,YDR287W,1,-4.7867656,0.7142857313156128,0.004999999888241291,0.00019999999494757503
YDL067C,YDR343C,0,-4.8241925,0.625,0.004999999888241291,0.0003000000142492354
YPL249C,YDR439W,0,-4.861881,0.5555555820465088,0.004999999888241291,0.00039999998989515007
YDL149W,YJL174W,0,-4.868668,0.5,0.004999999888241291,0.0005000000237487257
YMR165C,YIL113W,1,-4.903271,0.5454545617103577,0.006000000052154064,0.0005000000237487257
YDR284C,YIL002C,1,-4.9049783,0.5833333134651184,0.007000000216066837,0.0005000000237487257
YIL040W,YEL024W,0,-4.9109216,0.5384615659713745,0.007000000216066837,0.0006000000284984708
YDR436W,YKR028W,1,-4.911759,0.5714285969734192,0.00800000037997961,0.0006000000284984708
YBR276C,YDR436W,1,-4.942769,0.6000000238418579,0.008999999612569809,0.0006000000284984708
YNL136W,YGR052W,0,-4.953842,0.5625,0.008999999612569809,0.000699999975040555
YBR036C,YBR161W,0,-4.959369,0.529411792755127,0.008999999612569809,0.0007999999797903001
YMR169C,YOR384W,0,-4.9602594,0.5,0.008999999612569809,0.0008999999845400453
YMR026C,YNL167C,0,-4.962872,0.4736842215061188,0.008999999612569809,0.0010000000474974513
YLR377C,YIL113W,1,-4.970491,0.5,0.009999999776482582,0.0010000000474974513
YJR082C,YOL071W,0,-4.988463,0.4761904776096344,0.009999999776482582,0.0010999999940395355
YBL078C,YBR272C,0,-4.9899364,0.4545454680919647,0.009999999776482582,0.0012000000569969416
YBR217W,YKL213C,0,-4.9963813,0.43478259444236755,0.009999999776482582,0.0013000000035390258
YIL002C,YKR028W,1,-5.002458,0.4583333432674408,0.010999999940395355,0.0013000000035390258
YNL286W,YOR171C,0,-5.0157304,0.4399999976158142,0.010999999940395355,0.00139999995008111
YPL179W,YDL230W,1,-5.032785,0.4615384638309479,0.012000000104308128,0.00139999995008111
YFR025C,YDL006W,1,-5.0367274,0.48148149251937866,0.013000000268220901,0.00139999995008111
YMR037C,YCR073W-A,0,-5.0388064,0.4642857015132904,0.013000000268220901,0.001500000013038516
YHR096C,YPL017C,0,-5.0446653,0.4482758641242981,0.013000000268220901,0.0015999999595806003
YMR180C,YGL224C,1,-5.048274,0.46666666865348816,0.014000000432133675,0.0015999999595806003
YGL178W,YDR459C,0,-5.059047,0.4516128897666931,0.014000000432133675,0.0017000000225380063
YKL022C,YLR425W,0,-5.0634623,0.4375,0.014000000432133675,0.0017999999690800905
YBR278W,YHL036W,0,-5.066261,0.42424243688583374,0.014000000432133675,0.0019000000320374966
YNL223W,YBR295W,0,-5.0703087,0.4117647111415863,0.014000000432133675,0.0020000000949949026
YGL252C,YDR082W,0,-5.091402,0.4000000059604645,0.014000000432133675,0.002099999925121665
YHR171W,YMR052W,0,-5.0945163,0.3888888955116272,0.014000000432133675,0.002199999988079071
YMR056C,YGR248W,0,-5.10072,0.37837839126586914,0.014000000432133675,0.002300000051036477
YNL003C,YPL188W,0,-5.105721,0.3684210479259491,0.014000000432133675,0.002400000113993883
YIL002C,YBR276C,1,-5.108455,0.38461539149284363,0.014999999664723873,0.002400000113993883
YNL294C,YGL004C,0,-5.1085258,0.375,0.014999999664723873,0.0024999999441206455
YDR313C,YOL117W,0,-5.1098056,0.3658536672592163,0.014999999664723873,0.0026000000070780516
YDR335W,YNL063W,0,-5.112811,0.3571428656578064,0.014999999664723873,0.0027000000700354576
YIL036W,YGL095C,0,-5.1162148,0.3488371968269348,0.014999999664723873,0.00279999990016222
YER167W,YAR019C,0,-5.11795,0.34090909361839294,0.014999999664723873,0.002899999963119626
YMR071C,YLR126C,0,-5.118393,0.3333333432674408,0.014999999664723873,0.003000000026077032
YFR019W,YBR107C,0,-5.1211777,0.32608696818351746,0.014999999664723873,0.003100000089034438
YPL002C,YDR007W,0,-5.1223693,0.3191489279270172,0.014999999664723873,0.0031999999191612005
YNL128W,YDR287W,1,-5.1224356,0.3333333432674408,0.01600000075995922,0.0031999999191612005
YPL036W,YER103W,0,-5.1243186,0.3265306055545807,0.01600000075995922,0.0032999999821186066
YOR211C,YNL097C,0,-5.124409,0.3199999928474426,0.01600000075995922,0.0034000000450760126
YNL333W,YIL162W,0,-5.128613,0.3137255012989044,0.01600000075995922,0.0035000001080334187
YPL248C,YBR213W,0,-5.1310086,0.3076923191547394,0.01600000075995922,0.003599999938160181
YGR134W,YBR170C,0,-5.1357055,0.30188679695129395,0.01600000075995922,0.003700000001117587
YMR165C,YKR028W,1,-5.1366005,0.31481480598449707,0.017000000923871994,0.003700000001117587
YKL011C,YPL096W,0,-5.1368356,0.30909091234207153,0.017000000923871994,0.003800000064074993
YDR097C,YIL129C,0,-5.1516285,0.3035714328289032,0.017000000923871994,0.0038999998942017555
YGR052W,YDR437W,0,-5.154474,0.2982456088066101,0.017000000923871994,0.004000000189989805
YKL116C,YMR067C,0,-5.1557555,0.2931034564971924,0.017000000923871994,0.004100000020116568
YOL071W,YBR193C,0,-5.157054,0.2881355881690979,0.017000000923871994,0.00419999985024333
YAL021C,YGL161C,0,-5.157592,0.28333333134651184,0.017000000923871994,0.00430000014603138
YDR256C,YIR037W,0,-5.158618,0.2786885201931,0.017000000923871994,0.004399999976158142
YDR082W,YIL144W,0,-5.158891,0.27419355511665344,0.017000000923871994,0.0044999998062849045
YKL190W,YMR261C,1,-5.164645,0.2857142984867096,0.017999999225139618,0.0044999998062849045
YJL099W,YLR010C,0,-5.1650276,0.28125,0.017999999225139618,0.004600000102072954
YOR030W,YCR021C,0,-5.1657987,0.2769230902194977,0.017999999225139618,0.004699999932199717
YIL002C,YNR032W,1,-5.1681886,0.28787878155708313,0.01899999938905239,0.004699999932199717
YDL149W,YDR350C,0,-5.171249,0.28358209133148193,0.01899999938905239,0.004800000227987766
YOR128C,YCR077C,0,-5.1732216,0.27941176295280457,0.01899999938905239,0.004900000058114529
YER019W,YLR467W,0,-5.173899,0.2753623127937317,0.01899999938905239,0.004999999888241291
YBR288C,YMR237W,0,-5.1740375,0.27142858505249023,0.01899999938905239,0.005100000184029341
YJR158W,YOR147W,0,-5.174439,0.26760563254356384,0.01899999938905239,0.005200000014156103
YMR180C,YDL006W,1,-5.17474,0.2777777910232544,0.019999999552965164,0.005200000014156103
YLR330W,YOL133W,0,-5.1761723,0.27397260069847107,0.019999999552965164,0.0052999998442828655
YNL094W,YHR171W,0,-5.177506,0.2702702581882477,0.019999999552965164,0.005400000140070915
YOR090C,YDR287W,1,-5.177768,0.2800000011920929,0.020999999716877937,0.005400000140070915
YGL175C,YLR362W,0,-5.1793118,0.2763157784938812,0.020999999716877937,0.005499999970197678
YMR200W,YKL171W,0,-5.1817837,0.27272728085517883,0.020999999716877937,0.00559999980032444
YDR461W,YML115C,0,-5.182655,0.26923078298568726,0.020999999716877937,0.00570000009611249
YKL040C,YCR061W,0,-5.183907,0.26582279801368713,0.020999999716877937,0.005799999926239252
YIL002C,YPR073C,1,-5.18417,0.2750000059604645,0.02199999988079071,0.005799999926239252
YMR180C,YML016C,1,-5.188259,0.2839506268501282,0.023000000044703484,0.005799999926239252
YMR180C,YDR503C,1,-5.188714,0.2926829159259796,0.024000000208616257,0.005799999926239252
YHR161C,YNL176C,0,-5.1891665,0.28915661573410034,0.024000000208616257,0.005900000222027302
YPL249C,YKR046C,0,-5.1894755,0.2857142984867096,0.024000000208616257,0.006000000052154064
YMR012W,YML061C,0,-5.1923513,0.2823529541492462,0.024000000208616257,0.006099999882280827
YGL047W,YLR127C,0,-5.1934857,0.27906978130340576,0.024000000208616257,0.006200000178068876
YDR350C,YDR171W,0,-5.193747,0.27586206793785095,0.024000000208616257,0.006300000008195639
YLR342W,YLL066C,0,-5.1947393,0.27272728085517883,0.024000000208616257,0.006399999838322401
YBR295W,YGL037C,0,-5.1952586,0.26966291666030884,0.024000000208616257,0.006500000134110451
YKL032C,YLR425W,0,-5.1984935,0.2666666805744171,0.024000000208616257,0.006599999964237213
YML041C,YKL161C,0,-5.1989117,0.2637362778186798,0.024000000208616257,0.0066999997943639755
YJR091C,YLR275W,0,-5.20052,0.260869562625885,0.024000000208616257,0.006800000090152025
YGR092W,YOL154W,0,-5.2022705,0.25806450843811035,0.024000000208616257,0.006899999920278788
YDR273W,YOL104C,0,-5.203104,0.25531914830207825,0.024000000208616257,0.007000000216066837
YNL118C,YFL013C,0,-5.204456,0.2526315748691559,0.024000000208616257,0.0071000000461936
YPL179W,YGL229C,1,-5.21337,0.2604166567325592,0.02500000037252903,0.0071000000461936
YFR025C,YGR161C,1,-5.2152753,0.2680412232875824,0.026000000536441803,0.0071000000461936
YBR093C,YHR076W,1,-5.219424,0.27551019191741943,0.027000000700354576,0.0071000000461936
YAL030W,YIL073C,0,-5.220719,0.27272728085517883,0.027000000700354576,0.007199999876320362
YIL095W,YJR052W,0,-5.2230363,0.27000001072883606,0.027000000700354576,0.007300000172108412
YLL010C,YDR287W,1,-5.225389,0.2772277295589447,0.02800000086426735,0.007300000172108412
YGR224W,YOR297C,0,-5.2262425,0.27450981736183167,0.02800000086426735,0.007400000002235174
YDR378C,YDR400W,0,-5.22696,0.27184465527534485,0.02800000086426735,0.007499999832361937
YER045C,YJL042W,0,-5.22708,0.26923078298568726,0.02800000086426735,0.007600000128149986
YOL009C,YLL040C,0,-5.227405,0.2666666805744171,0.02800000086426735,0.007699999958276749
YML012W,YBL020W,0,-5.2312274,0.2641509473323822,0.02800000086426735,0.007799999788403511
YCL051W,YOR221C,0,-5.2351327,0.2616822421550751,0.02800000086426735,0.007899999618530273
YGL051W,YGR070W,0,-5.2365575,0.25925925374031067,0.02800000086426735,0.00800000037997961
YGR029W,YLR107W,0,-5.243485,0.2568807303905487,0.02800000086426735,0.008100000210106373
YCL044C,YGR270W,0,-5.2438235,0.2545454502105713,0.02800000086426735,0.008200000040233135
YPR093C,YDL113C,0,-5.245422,0.2522522509098053,0.02800000086426735,0.008299999870359898
YNL325C,YMR165C,1,-5.245972,0.2589285671710968,0.028999999165534973,0.008299999870359898
YLR038C,YOL142W,0,-5.246265,0.2566371560096741,0.028999999165534973,0.00839999970048666
YER089C,YDR287W,1,-5.247113,0.2631579041481018,0.029999999329447746,0.00839999970048666
YLR174W,YIL030C,0,-5.2472453,0.260869562625885,0.029999999329447746,0.008500000461935997
YDR358W,YHL009C,0,-5.2478485,0.2586206793785095,0.029999999329447746,0.00860000029206276
YCL016C,YDR244W,0,-5.25124,0.25641027092933655,0.029999999329447746,0.008700000122189522
YNL325C,YOR090C,1,-5.2541347,0.26271185278892517,0.03099999949336052,0.008700000122189522
YMR092C,YMR125W,0,-5.256559,0.26050421595573425,0.03099999949336052,0.008799999952316284
YPL007C,YGL186C,0,-5.257507,0.25833332538604736,0.03099999949336052,0.008899999782443047
YLR023C,YKL148C,0,-5.257852,0.25619834661483765,0.03099999949336052,0.008999999612569809
YDR273W,YCR026C,0,-5.259904,0.2540983557701111,0.03099999949336052,0.009100000374019146
YPL089C,YOR329C,0,-5.2615333,0.2520325183868408,0.03099999949336052,0.009200000204145908
YIL145C,YDR459C,0,-5.261592,0.25,0.03099999949336052,0.00930000003427267
YGL119W,YDL142C,0,-5.2616467,0.24799999594688416,0.03099999949336052,0.009399999864399433
YOR109W,YKR028W,1,-5.262201,0.2539682686328888,0.03200000151991844,0.009399999864399433
YMR009W,YKL010C,0,-5.2658887,0.25196850299835205,0.03200000151991844,0.009499999694526196
YIR009W,YIL073C,0,-5.26599,0.25,0.03200000151991844,0.009600000455975533
YJR060W,YPL156C,0,-5.271502,0.24806201457977295,0.03200000151991844,0.009700000286102295
YNR032W,YDR436W,1,-5.2753406,0.2538461685180664,0.032999999821186066,0.009700000286102295
YIL002C,YOL064C,1,-5.2755036,0.25954198837280273,0.03400000184774399,0.009700000286102295
YHR209W,YLR095C,0,-5.2767043,0.25757575035095215,0.03400000184774399,0.009800000116229057
YDL024C,YIL113W,1,-5.2776723,0.2631579041481018,0.03500000014901161,0.009800000116229057
YIL066C,YJL164C,0,-5.281249,0.26119402050971985,0.03500000014901161,0.00989999994635582
YDL198C,YOL027C,0,-5.282228,0.25925925374031067,0.03500000014901161,0.009999999776482582
YCL027W,YGR163W,0,-5.2851663,0.25735294818878174,0.03500000014901161,0.010099999606609344
YLR166C,YGL243W,0,-5.2853417,0.2554744482040405,0.03500000014901161,0.010200000368058681
YNL325C,YMR261C,1,-5.2858152,0.260869562625885,0.035999998450279236,0.010200000368058681
YPL017C,YGL179C,0,-5.285855,0.2589927911758423,0.035999998450279236,0.010300000198185444
YDR436W,YGL224C,1,-5.289726,0.26428571343421936,0.03700000047683716,0.010300000198185444
YJR134C,YEL041W,0,-5.2908854,0.26241135597229004,0.03700000047683716,0.010400000028312206
YNL118C,YBR043C,0,-5.2922044,0.26056337356567383,0.03700000047683716,0.010499999858438969
YBR272C,YFR050C,0,-5.292958,0.25874125957489014,0.03700000047683716,0.010599999688565731
YGR105W,YLR467W,0,-5.2945714,0.2569444477558136,0.03700000047683716,0.010700000450015068
YLL015W,YPL110C,0,-5.2951274,0.25517240166664124,0.03700000047683716,0.01080000028014183
YPL179W,YML016C,1,-5.295507,0.2602739632129669,0.03799999877810478,0.01080000028014183
YOL115W,YNL243W,0,-5.296221,0.25850340723991394,0.03799999877810478,0.010900000110268593
YJR135C,YDR202C,0,-5.2979007,0.2567567527294159,0.03799999877810478,0.010999999940395355
YIR013C,YPL088W,0,-5.299298,0.25503355264663696,0.03799999877810478,0.011099999770522118
YDR411C,YOL117W,0,-5.3007474,0.25333333015441895,0.03799999877810478,0.01119999960064888
YGL047W,YIL076W,0,-5.302365,0.251655638217926,0.03799999877810478,0.011300000362098217
YGL208W,YMR273C,0,-5.3026605,0.25,0.03799999877810478,0.01140000019222498
YMR180C,YHR043C,1,-5.304284,0.2549019753932953,0.039000000804662704,0.01140000019222498
YNL317W,YDR080W,0,-5.306089,0.2532467544078827,0.039000000804662704,0.011500000022351742
YGL065C,YOL117W,0,-5.3062186,0.25161290168762207,0.039000000804662704,0.011599999852478504
YPL228W,YML016C,1,-5.306769,0.25641027092933655,0.03999999910593033,0.011599999852478504
YOL096C,YNL283C,0,-5.3081074,0.25477707386016846,0.03999999910593033,0.011699999682605267
YJL062W,YMR026C,0,-5.309031,0.2531645596027374,0.03999999910593033,0.011800000444054604
YFR028C,YIL002C,1,-5.309399,0.2578616440296173,0.04100000113248825,0.011800000444054604
YPR168W,YGL179C,0,-5.311252,0.2562499940395355,0.04100000113248825,0.011900000274181366
YER035W,YBR095C,0,-5.3126597,0.25465837121009827,0.04100000113248825,0.012000000104308128
YDR173C,YGR218W,0,-5.313357,0.2530864179134369,0.04100000113248825,0.01209999993443489
YDR503C,YDL006W,1,-5.313785,0.25766870379447937,0.041999999433755875,0.01209999993443489
YLR019W,YIL113W,1,-5.315643,0.2621951103210449,0.0430000014603138,0.01209999993443489
YMR180C,YOR014W,1,-5.316178,0.2666666805744171,0.04399999976158142,0.01209999993443489
YJL071W,YGL233W,0,-5.3170094,0.2650602459907532,0.04399999976158142,0.012199999764561653
YPR162C,YKL038W,0,-5.3176093,0.2634730637073517,0.04399999976158142,0.012299999594688416
YNL008C,YOL088C,0,-5.31978,0.261904776096344,0.04399999976158142,0.012400000356137753
YLR330W,YOR275C,0,-5.3268895,0.26035502552986145,0.04399999976158142,0.012500000186264515
YBR107C,YDR378C,0,-5.3274264,0.25882354378700256,0.04399999976158142,0.012600000016391277
YPR131C,YPL065W,0,-5.3290677,0.2573099434375763,0.04399999976158142,0.01269999984651804
YMR135C,YPL059W,0,-5.330417,0.25581395626068115,0.04399999976158142,0.012799999676644802
YBL045C,YOL122C,0,-5.3321466,0.2543352544307709,0.04399999976158142,0.012900000438094139
YNL172W,YDR358W,0,-5.33238,0.25287356972694397,0.04399999976158142,0.013000000268220901
YOR125C,YJL062W,0,-5.3329024,0.2514285743236542,0.04399999976158142,0.013100000098347664
YNR033W,YHR186C,0,-5.3338504,0.25,0.04399999976158142,0.013199999928474426
YMR238W,YOL018C,0,-5.3340564,0.24858756363391876,0.04399999976158142,0.013299999758601189
YJL020C,YDR261C,0,-5.3372808,0.24719101190567017,0.04399999976158142,0.013399999588727951
YML112W,YJR035W,0,-5.337405,0.24581006169319153,0.04399999976158142,0.013500000350177288
YHR171W,YLR107W,0,-5.3383536,0.24444444477558136,0.04399999976158142,0.01360000018030405
YIL117C,YLR033W,0,-5.339113,0.24309392273426056,0.04399999976158142,0.013700000010430813
YDR273W,YKL048C,0,-5.3407626,0.24175824224948883,0.04399999976158142,0.013799999840557575
YDR074W,YDR287W,1,-5.341218,0.24590164422988892,0.04500000178813934,0.013799999840557575
YFR025C,YPL179W,1,-5.342441,0.25,0.04600000008940697,0.013799999840557575
YFR034C,YGR194C,0,-5.344612,0.24864864349365234,0.04600000008940697,0.013899999670684338
YCR042C,YDL077C,0,-5.344627,0.24731183052062988,0.04600000008940697,0.014000000432133675
YOL052C-A,YFL013C,0,-5.3452277,0.24598930776119232,0.04600000008940697,0.014100000262260437
YDR236C,YBL060W,0,-5.345567,0.24468085169792175,0.04600000008940697,0.0142000000923872
YER062C,YGL224C,1,-5.3468275,0.24867725372314453,0.04699999839067459,0.0142000000923872
YDL113C,YBR201W,0,-5.3469195,0.24736842513084412,0.04699999839067459,0.014299999922513962
YLR330W,YPL096W,0,-5.347212,0.24607330560684204,0.04699999839067459,0.014399999752640724
YAL041W,YDR069C,0,-5.3472886,0.2447916716337204,0.04699999839067459,0.014499999582767487
YIL115C,YAR007C,0,-5.3476925,0.24352331459522247,0.04699999839067459,0.014600000344216824
YDL106C,YOL091W,0,-5.3477488,0.24226804077625275,0.04699999839067459,0.014700000174343586
YOR368W,YDR457W,0,-5.348402,0.2410256415605545,0.04699999839067459,0.014800000004470348
YHR074W,YGR281W,0,-5.348522,0.23979592323303223,0.04699999839067459,0.01489999983459711
YKL108W,YJR117W,0,-5.348779,0.2385786771774292,0.04699999839067459,0.014999999664723873
YMR070W,YBR218C,0,-5.3498015,0.2373737394809723,0.04699999839067459,0.01510000042617321
YGL004C,YDL204W,0,-5.3525,0.23618090152740479,0.04699999839067459,0.015200000256299973
YLL042C,YOR349W,0,-5.3534408,0.23499999940395355,0.04699999839067459,0.015300000086426735
YLR035C,YEL013W,0,-5.3549576,0.23383083939552307,0.04699999839067459,0.015399999916553497
YIR025W,YLR151C,0,-5.3554697,0.2326732724905014,0.04699999839067459,0.01549999974668026
YDR436W,YLL010C,1,-5.356448,0.23645320534706116,0.04800000041723251,0.01549999974668026
YIL136W,YBR054W,0,-5.357136,0.23529411852359772,0.04800000041723251,0.015599999576807022
YLR266C,YPL283C,0,-5.3585677,0.2341463416814804,0.04800000041723251,0.015699999406933784
YHR133C,YBL088C,0,-5.3586984,0.2330097109079361,0.04800000041723251,0.015799999237060547
YHR043C,YDL230W,1,-5.360089,0.23671497404575348,0.04899999871850014,0.015799999237060547
YMR043W,YDL076C,0,-5.3602457,0.23557692766189575,0.04899999871850014,0.01590000092983246
YKL150W,YDR205W,0,-5.360866,0.23444975912570953,0.04899999871850014,0.01600000075995922
YMR052W,YPL031C,0,-5.361758,0.23333333432674408,0.04899999871850014,0.016100000590085983
YNR034W,YDR059C,0,-5.3623786,0.23222748935222626,0.04899999871850014,0.016200000420212746
YEL036C,YLL055W,0,-5.363102,0.23113207519054413,0.04899999871850014,0.016300000250339508
YLR047C,YHR001W,0,-5.364104,0.23004694283008575,0.04899999871850014,0.01640000008046627
YDL134C,YMR261C,1,-5.36478,0.23364485800266266,0.05000000074505806,0.01640000008046627
YHR028C,YKL034W,0,-5.3685145,0.23255814611911774,0.05000000074505806,0.016499999910593033
YFR025C,YOR090C,1,-5.3687468,0.2361111044883728,0.050999999046325684,0.016499999910593033
YPL075W,YIL051C,0,-5.3689995,0.23502303659915924,0.050999999046325684,0.016599999740719795
YDR503C,YNL128W,1,-5.369018,0.23853211104869843,0.052000001072883606,0.016599999740719795
YOL089C,YJR006W,0,-5.369044,0.23744292557239532,0.052000001072883606,0.016699999570846558
YDL236W,YDR436W,1,-5.370462,0.24090908467769623,0.05299999937415123,0.016699999570846558
YHR191C,YBR186W,0,-5.370896,0.2398190051317215,0.05299999937415123,0.01679999940097332
YMR110C,YGR263C,0,-5.3712807,0.2387387454509735,0.05299999937415123,0.016899999231100082
YLR288C,YER041W,0,-5.37231,0.23766815662384033,0.05299999937415123,0.017000000923871994
YIL002C,YOR109W,1,-5.3724017,0.2410714328289032,0.05400000140070915,0.017000000923871994
YJL098W,YNL032W,1,-5.373669,0.24444444477558136,0.054999999701976776,0.017000000923871994
YIL010W,YDR196C,0,-5.37448,0.24336282908916473,0.054999999701976776,0.017100000753998756
YMR036C,YDR074W,1,-5.374664,0.24669604003429413,0.0560000017285347,0.017100000753998756
YNL309W,YDL058W,0,-5.375007,0.24561403691768646,0.0560000017285347,0.01720000058412552
YFL024C,YGR129W,0,-5.3771973,0.2445414811372757,0.0560000017285347,0.01730000041425228
YNL101W,YER051W,0,-5.3790627,0.24347825348377228,0.0560000017285347,0.017400000244379044
YOR393W,YPL020C,0,-5.380209,0.24242424964904785,0.0560000017285347,0.017500000074505806
YNL068C,YLR262C,0,-5.3807673,0.24137930572032928,0.0560000017285347,0.01759999990463257
YOR090C,YNL128W,1,-5.38098,0.2446351945400238,0.05700000002980232,0.01759999990463257
YAR031W,YMR104C,0,-5.3852935,0.24358974397182465,0.05700000002980232,0.01769999973475933
YNR023W,YOL091W,0,-5.386846,0.24255318939685822,0.05700000002980232,0.017799999564886093
YOL151W,YPR018W,0,-5.3868527,0.24152542650699615,0.05700000002980232,0.017899999395012856
YDR277C,YGR248W,0,-5.38869,0.2405063360929489,0.05700000002980232,0.017999999225139618
YIL002C,YDL006W,1,-5.3894906,0.24369747936725616,0.057999998331069946,0.017999999225139618
YBR237W,YOR057W,0,-5.389911,0.24267782270908356,0.057999998331069946,0.01810000091791153
YAL020C,YBR160W,0,-5.3900394,0.24166665971279144,0.057999998331069946,0.018200000748038292
YML086C,YKL010C,0,-5.3902373,0.24066390097141266,0.057999998331069946,0.018300000578165054
YDL230W,YMR156C,1,-5.390611,0.24380165338516235,0.05900000035762787,0.018300000578165054
YIL002C,YGR161C,1,-5.3908663,0.2469135820865631,0.05999999865889549,0.018300000578165054
YDL149W,YDR108W,0,-5.3913617,0.24590164422988892,0.05999999865889549,0.018400000408291817
YDL216C,YLR298C,0,-5.3915973,0.2448979616165161,0.05999999865889549,0.01850000023841858
YIL002C,YGL229C,1,-5.39217,0.24796748161315918,0.061000000685453415,0.01850000023841858
YMR165C,YGL229C,1,-5.392263,0.2510121464729309,0.06199999898672104,0.01850000023841858
YDL134C,YDL006W,1,-5.393086,0.2540322542190552,0.06300000101327896,0.01850000023841858
YER006W,YDR359C,0,-5.3930993,0.2530120611190796,0.06300000101327896,0.01860000006854534
YMR303C,YGL200C,0,-5.3934073,0.25200000405311584,0.06300000101327896,0.018699999898672104
YBR080C,YNL243W,0,-5.3967485,0.25099602341651917,0.06300000101327896,0.018799999728798866
YLL042C,YKL084W,0,-5.3984694,0.25,0.06300000101327896,0.01889999955892563
YDL046W,YHR075C,0,-5.398808,0.24901185929775238,0.06300000101327896,0.01899999938905239
YBR040W,YCR040W,0,-5.39916,0.24803149700164795,0.06300000101327896,0.019099999219179153
YDR160W,YDR080W,0,-5.4000072,0.24705882370471954,0.06300000101327896,0.019200000911951065
YDL216C,YPL180W,0,-5.4008474,0.24609375,0.06300000101327896,0.019300000742077827
YNL020C,YNL239W,0,-5.401466,0.24513618648052216,0.06300000101327896,0.01940000057220459
YHR046C,YDR074W,1,-5.4015813,0.24806201457977295,0.06400000303983688,0.01940000057220459
YDR284C,YMR261C,1,-5.401895,0.2509652376174927,0.06499999761581421,0.01940000057220459
YJL204C,YER100W,0,-5.402023,0.25,0.06499999761581421,0.019500000402331352
YOR023C,YDR141C,0,-5.4020333,0.24904213845729828,0.06499999761581421,0.019600000232458115
YER114C,YIL038C,0,-5.4021583,0.24809160828590393,0.06499999761581421,0.019700000062584877
YOR028C,YDR304C,0,-5.402734,0.2471482902765274,0.06499999761581421,0.01979999989271164
YIR008C,YML049C,0,-5.40304,0.24621212482452393,0.06499999761581421,0.019899999722838402
YDR003W,YMR304W,0,-5.4031696,0.24528302252292633,0.06499999761581421,0.019999999552965164
YPL060W,YDR369C,0,-5.4033155,0.24436090886592865,0.06499999761581421,0.020099999383091927
YCR047C,YGL020C,0,-5.4035287,0.24344569444656372,0.06499999761581421,0.02019999921321869
YEL064C,YFR019W,0,-5.404638,0.24253731966018677,0.06499999761581421,0.0203000009059906
YER157W,YJL204C,0,-5.4062114,0.24163569509983063,0.06499999761581421,0.020400000736117363
YMR179W,YOR242C,0,-5.407804,0.24074074625968933,0.06499999761581421,0.020500000566244125
YPL060W,YOR275C,0,-5.407845,0.2398523986339569,0.06499999761581421,0.020600000396370888
YOR303W,YNL152W,0,-5.4086814,0.2389705926179886,0.06499999761581421,0.02070000022649765
YNL106C,YPL179W,1,-5.409304,0.24175824224948883,0.06599999964237213,0.02070000022649765
YDL132W,YDL005C,0,-5.409426,0.24087591469287872,0.06599999964237213,0.020800000056624413
YNL063W,YDR392W,0,-5.4098353,0.23999999463558197,0.06599999964237213,0.020899999886751175
YJR036C,YBL025W,0,-5.4106,0.239130437374115,0.06599999964237213,0.020999999716877937
YIL040W,YBR036C,0,-5.4108634,0.23826715350151062,0.06599999964237213,0.0210999995470047
YKR061W,YPL007C,0,-5.4109955,0.2374100685119629,0.06599999964237213,0.021199999377131462
YLR427W,YOR368W,0,-5.4113646,0.23655913770198822,0.06599999964237213,0.021299999207258224
YDL113C,YIL072W,0,-5.4129596,0.23571428656578064,0.06599999964237213,0.021400000900030136
YKL074C,YDR057W,0,-5.413031,0.23487544059753418,0.06599999964237213,0.0215000007301569
YHR101C,YGR052W,0,-5.413178,0.23404255509376526,0.06599999964237213,0.02160000056028366
YJL111W,YGL133W,0,-5.4146066,0.2332155406475067,0.06599999964237213,0.021700000390410423
YKR038C,YMR004W,0,-5.4147506,0.23239436745643616,0.06599999964237213,0.021800000220537186
YLR138W,YKL188C,0,-5.414862,0.23157894611358643,0.06599999964237213,0.021900000050663948
YIL002C,YOR090C,1,-5.416012,0.23426572978496552,0.06700000166893005,0.021900000050663948
YDR436W,YOR090C,1,-5.417128,0.23693379759788513,0.06800000369548798,0.021900000050663948
YNL325C,YDL230W,1,-5.4172497,0.2395833283662796,0.0689999982714653,0.021900000050663948
YKR068C,YNL258C,0,-5.4195323,0.23875433206558228,0.0689999982714653,0.02199999988079071
YLR219W,YCL010C,0,-5.419588,0.237931028008461,0.0689999982714653,0.022099999710917473
YFR025C,YLL010C,1,-5.419654,0.24054983258247375,0.07000000029802322,0.022099999710917473
YDR204W,YGL203C,0,-5.4198303,0.2397260218858719,0.07000000029802322,0.022199999541044235
YER183C,YOR008C,0,-5.4198747,0.2389078438282013,0.07000000029802322,0.022299999371170998
YER054C,YHR096C,0,-5.420112,0.2380952388048172,0.07000000029802322,0.02239999920129776
YIL145C,YKL188C,0,-5.420241,0.23728813230991364,0.07000000029802322,0.02250000089406967
YKL149C,YLR151C,0,-5.4205146,0.23648647964000702,0.07000000029802322,0.022600000724196434
YNL097C,YMR314W,0,-5.4213347,0.23569023609161377,0.07000000029802322,0.022700000554323196
YFR025C,YPR073C,1,-5.422251,0.23825503885746002,0.07100000232458115,0.022700000554323196
YPR171W,YBR026C,0,-5.422299,0.23745819926261902,0.07100000232458115,0.02280000038444996
YNL106C,YBR022W,1,-5.423077,0.23999999463558197,0.07199999690055847,0.02280000038444996
YOR078W,YPR063C,0,-5.4232545,0.23920266330242157,0.07199999690055847,0.02290000021457672
YLR102C,YDR105C,0,-5.4239335,0.2384105920791626,0.07199999690055847,0.023000000044703484
YAL021C,YDR033W,0,-5.4242754,0.23762376606464386,0.07199999690055847,0.023099999874830246
YDR264C,YCR073W-A,0,-5.424658,0.2368421107530594,0.07199999690055847,0.02319999970495701
YNR032W,YDL006W,1,-5.4249277,0.2393442690372467,0.0729999989271164,0.02319999970495701
YFR047C,YDL093W,0,-5.425462,0.23856209218502045,0.0729999989271164,0.02329999953508377
YGL222C,YHL024W,0,-5.4258842,0.23778501152992249,0.0729999989271164,0.023399999365210533
YKL062W,YDR076W,0,-5.4269295,0.23701298236846924,0.0729999989271164,0.023499999195337296
YOR321W,YLR466W,0,-5.4273415,0.23624595999717712,0.0729999989271164,0.023600000888109207
YNL025C,YOR338W,0,-5.427471,0.23548386991024017,0.0729999989271164,0.02370000071823597
YDR284C,YKR028W,1,-5.4277377,0.23794212937355042,0.07400000095367432,0.02370000071823597
YDL230W,YNL032W,1,-5.4277596,0.24038460850715637,0.07500000298023224,0.02370000071823597
YJL174W,YDL106C,0,-5.4278836,0.23961661756038666,0.07500000298023224,0.023800000548362732
YFR025C,YBR093C,1,-5.4281545,0.24203822016716003,0.07599999755620956,0.023800000548362732
YER133W,YBR093C,1,-5.428491,0.24444444477558136,0.07699999958276749,0.023800000548362732
YBR107C,YNL083W,0,-5.4286184,0.24367088079452515,0.07699999958276749,0.023900000378489494
YBR129C,YBL034C,0,-5.4300876,0.24290220439434052,0.07699999958276749,0.024000000208616257
YJL094C,YEL047C,0,-5.4301877,0.24213837087154388,0.07699999958276749,0.02410000003874302
YBR073W,YBL058W,0,-5.430282,0.24137930572032928,0.07699999958276749,0.02419999986886978
YDR174W,YDR349C,0,-5.4304047,0.24062499403953552,0.07699999958276749,0.024299999698996544
YPR073C,YPL179W,1,-5.43278,0.2429906576871872,0.07800000160932541,0.024299999698996544
YNR032W,YGR161C,1,-5.4336915,0.24534161388874054,0.07900000363588333,0.024299999698996544
YPR151C,YLR004C,0,-5.433699,0.24458204209804535,0.07900000363588333,0.024399999529123306
YLR310C,YPL194W,0,-5.4339867,0.24382716417312622,0.07900000363588333,0.02449999935925007
YBR234C,YJL020C,0,-5.437115,0.24307692050933838,0.07900000363588333,0.02459999918937683
YJR013W,YDL247W,0,-5.4406905,0.24233128130435944,0.07900000363588333,0.024700000882148743
YNL325C,YNR032W,1,-5.4412775,0.24464832246303558,0.07999999821186066,0.024700000882148743
YDR479C,YDR246W,0,-5.4423285,0.24390244483947754,0.07999999821186066,0.024800000712275505
YBR115C,YIL144W,0,-5.442549,0.24316109716892242,0.07999999821186066,0.024900000542402267
YIL002C,YML016C,1,-5.4429154,0.2454545497894287,0.08100000023841858,0.024900000542402267
YMR165C,YGL224C,1,-5.444701,0.24773414433002472,0.0820000022649765,0.024900000542402267
YNL258C,YGR010W,0,-5.4458756,0.2469879537820816,0.0820000022649765,0.02500000037252903
YOL158C,YGR047C,0,-5.4460607,0.24624624848365784,0.0820000022649765,0.025100000202655792
YHR166C,YDR392W,0,-5.4462605,0.24550898373126984,0.0820000022649765,0.025200000032782555
YKL032C,YOL061W,0,-5.4462676,0.24477611482143402,0.0820000022649765,0.025299999862909317
YDR284C,YML016C,1,-5.4475827,0.247023805975914,0.08299999684095383,0.025299999862909317
YFL033C,YPL235W,0,-5.4479156,0.24629080295562744,0.08299999684095383,0.02539999969303608
YNR007C,YDR409W,0,-5.4480853,0.2455621361732483,0.08299999684095383,0.025499999523162842
YJL134W,YML016C,1,-5.448166,0.24778760969638824,0.08399999886751175,0.025499999523162842
YIL002C,YLL010C,1,-5.4487286,0.25,0.08500000089406967,0.025499999523162842
YDR503C,YMR261C,1,-5.451035,0.2521994113922119,0.0860000029206276,0.025499999523162842
YBL018C,YHR039C-A,0,-5.451083,0.2514619827270508,0.0860000029206276,0.025599999353289604
YLR347C,YNL323W,0,-5.4519053,0.25072887539863586,0.0860000029206276,0.025699999183416367
YDR503C,YGL224C,1,-5.4521785,0.2529069781303406,0.08699999749660492,0.025699999183416367
YNL325C,YDR287W,1,-5.452237,0.2550724744796753,0.08799999952316284,0.025699999183416367
YIL129C,YGL198W,0,-5.452298,0.2543352544307709,0.08799999952316284,0.025800000876188278
YDR179C,YMR136W,0,-5.4536366,0.2536022961139679,0.08799999952316284,0.02590000070631504
YDR389W,YOR285W,0,-5.4541287,0.25287356972694397,0.08799999952316284,0.026000000536441803
YKL085W,YHL024W,0,-5.4544625,0.25214898586273193,0.08799999952316284,0.026100000366568565
YGR161C,YIL113W,1,-5.455711,0.2542857229709625,0.08900000154972076,0.026100000366568565
YJL031C,YPL074W,0,-5.4585004,0.25356125831604004,0.08900000154972076,0.026200000196695328
YNL280C,YDR343C,0,-5.4590917,0.25284090638160706,0.08900000154972076,0.02630000002682209
YER086W,YER050C,0,-5.4594407,0.2521246373653412,0.08900000154972076,0.026399999856948853
YJL170C,YGR040W,0,-5.459772,0.25141242146492004,0.08900000154972076,0.026499999687075615
YNL103W,YLR107W,0,-5.460482,0.25070422887802124,0.08900000154972076,0.026599999517202377
YER133W,YFR025C,1,-5.461362,0.25280898809432983,0.09000000357627869,0.026599999517202377
YDR480W,YNL093W,0,-5.461451,0.2521008551120758,0.09000000357627869,0.02669999934732914
YOR257W,YCR061W,0,-5.4617567,0.25139665603637695,0.09000000357627869,0.026799999177455902
YGL144C,YFR037C,0,-5.4621778,0.2506963908672333,0.09000000357627869,0.026900000870227814
YOR329C,YKR029C,0,-5.4623294,0.25,0.09000000357627869,0.027000000700354576
YOR007C,YKL173W,0,-5.4625635,0.24930748343467712,0.09000000357627869,0.02710000053048134
YIL002C,YMR036C,1,-5.463433,0.2513812184333801,0.09099999815225601,0.02710000053048134
YML004C,YOR126C,0,-5.463572,0.25068870186805725,0.09099999815225601,0.0272000003606081
YLR015W,YBR097W,0,-5.463798,0.25,0.09099999815225601,0.027300000190734863
YDL236W,YMR261C,1,-5.467109,0.25205478072166443,0.09200000017881393,0.027300000190734863
YGR292W,YHL025W,0,-5.467364,0.25136610865592957,0.09200000017881393,0.027400000020861626
YDL123W,YDR105C,0,-5.467941,0.25068119168281555,0.09200000017881393,0.027499999850988388
YOR211C,YNL332W,0,-5.4680347,0.25,0.09200000017881393,0.02759999968111515
YIL038C,YLR107W,0,-5.46875,0.24932248890399933,0.09200000017881393,0.027699999511241913
YHR051W,YAL030W,0,-5.4691396,0.24864864349365234,0.09200000017881393,0.027799999341368675
YOL063C,YOL017W,0,-5.4710054,0.24797843396663666,0.09200000017881393,0.027899999171495438
YOR117W,YGR270W,0,-5.4711623,0.24731183052062988,0.09200000017881393,0.02800000086426735
YPL017C,YNL251C,0,-5.4711924,0.24664878845214844,0.09200000017881393,0.02810000069439411
YOR028C,YMR204C,0,-5.4724283,0.24598930776119232,0.09200000017881393,0.028200000524520874
YKR052C,YPR156C,0,-5.472553,0.24533332884311676,0.09200000017881393,0.028300000354647636
YDL046W,YPL246C,0,-5.4726596,0.24468085169792175,0.09200000017881393,0.0284000001847744
YOR128C,YHR025W,0,-5.474322,0.24403183162212372,0.09200000017881393,0.02850000001490116
YPL164C,YNR031C,0,-5.4745164,0.24338623881340027,0.09200000017881393,0.028599999845027924
YGL119W,YOR147W,0,-5.4745264,0.2427440583705902,0.09200000017881393,0.028699999675154686
YHR043C,YML016C,1,-5.4759116,0.24473683536052704,0.09300000220537186,0.028699999675154686
YER142C,YGL227W,0,-5.4760294,0.24409449100494385,0.09300000220537186,0.02879999950528145
YOL084W,YPR154W,0,-5.4762177,0.24345549941062927,0.09300000220537186,0.02889999933540821
YNL094W,YDR213W,0,-5.4762607,0.24281984567642212,0.09300000220537186,0.028999999165534973
YIL002C,YDR287W,1,-5.4786143,0.2447916716337204,0.09399999678134918,0.028999999165534973
YHR133C,YPL128C,0,-5.478797,0.24415583908557892,0.09399999678134918,0.029100000858306885
YDL059C,YIL076W,0,-5.479836,0.24352331459522247,0.09399999678134918,0.029200000688433647
YMR041C,YFL034C-B,0,-5.4799438,0.24289405345916748,0.09399999678134918,0.02930000051856041
YDR148C,YCR026C,0,-5.4800305,0.24226804077625275,0.09399999678134918,0.029400000348687172
YOR026W,YDR078C,0,-5.481588,0.24164524674415588,0.09399999678134918,0.029500000178813934
YGL141W,YNL267W,0,-5.482487,0.2410256415605545,0.09399999678134918,0.029600000008940697
YHR094C,YBR054W,0,-5.482678,0.24040921032428741,0.09399999678134918,0.02969999983906746
YHR043C,YDL134C,1,-5.483353,0.24234694242477417,0.0949999988079071,0.02969999983906746
YIL049W,YLR214W,0,-5.483602,0.24173027276992798,0.0949999988079071,0.02979999966919422
YAL026C,YDR236C,0,-5.483786,0.2411167472600937,0.0949999988079071,0.029899999499320984
YJL047C,YHR006W,0,-5.484945,0.2405063360929489,0.0949999988079071,0.029999999329447746
YFR025C,YER075C,1,-5.4850407,0.24242424964904785,0.09600000083446503,0.029999999329447746
YER173W,YNL025C,0,-5.4850764,0.24181360006332397,0.09600000083446503,0.03009999915957451
YDR164C,YDR134C,0,-5.4859586,0.24120603501796722,0.09600000083446503,0.03020000085234642
YDR386W,YDR028C,0,-5.48648,0.24060150980949402,0.09600000083446503,0.030300000682473183
YOR393W,YKR067W,0,-5.4867206,0.23999999463558197,0.09600000083446503,0.030400000512599945
YGR174C,YNR031C,0,-5.487377,0.23940148949623108,0.09600000083446503,0.030500000342726707
YNL309W,YOR060C,0,-5.4878926,0.23880596458911896,0.09600000083446503,0.03060000017285347
YIL107C,YOL004W,0,-5.4888897,0.2382134050130844,0.09600000083446503,0.030700000002980232
YNL261W,YGL100W,0,-5.4898887,0.23762376606464386,0.09600000083446503,0.030799999833106995
YDR130C,YML076C,0,-5.490423,0.2370370328426361,0.09600000083446503,0.030899999663233757
YAL055W,YDL217C,0,-5.491436,0.23645320534706116,0.09600000083446503,0.03099999949336052
YLR004C,YEL013W,0,-5.4915304,0.23587223887443542,0.09600000083446503,0.031099999323487282
YKR080W,YER003C,0,-5.493605,0.23529411852359772,0.09600000083446503,0.031199999153614044
YGR217W,YLR096W,0,-5.4940147,0.23471882939338684,0.09600000083446503,0.031300000846385956
YKL093W,YPR151C,0,-5.4941564,0.2341463416814804,0.09600000083446503,0.03139999881386757
YDR284C,YDL230W,1,-5.4948115,0.23600973188877106,0.09700000286102295,0.03139999881386757
YDR141C,YLR011W,0,-5.4950643,0.23543688654899597,0.09700000286102295,0.03150000050663948
YNL191W,YLL043W,0,-5.49605,0.23486682772636414,0.09700000286102295,0.031599998474121094
YOR034C,YGL075C,0,-5.4961047,0.23429951071739197,0.09700000286102295,0.031700000166893005
YKL190W,YKR053C,1,-5.4966583,0.23614457249641418,0.09799999743700027,0.031700000166893005
YOL064C,YDR436W,1,-5.496799,0.23798076808452606,0.0989999994635582,0.031700000166893005
YDR456W,YMR047C,0,-5.4971952,0.2374100685119629,0.0989999994635582,0.03180000185966492
YMR180C,YBR276C,1,-5.4982944,0.23923444747924805,0.10000000149011612,0.03180000185966492
YNL239W,YOL038W,0,-5.498427,0.2386634796857834,0.10000000149011612,0.03189999982714653
YNL063W,YDR362C,0,-5.4986258,0.2380952388048172,0.10000000149011612,0.03200000151991844
YHR169W,YEL003W,0,-5.4992547,0.2375296950340271,0.10000000149011612,0.032099999487400055
YBR253W,YER144C,0,-5.4998116,0.2369668185710907,0.10000000149011612,0.03220000118017197
YDL116W,YJL154C,0,-5.5001082,0.2364066243171692,0.10000000149011612,0.03229999914765358
YER176W,YNL253W,0,-5.5005674,0.2358490526676178,0.10000000149011612,0.03240000084042549
YPR165W,YIL066C,0,-5.5009384,0.23529411852359772,0.10000000149011612,0.032499998807907104
YEL036C,YCL044C,0,-5.5021644,0.23474177718162537,0.10000000149011612,0.032600000500679016
YIR038C,YIL017C,0,-5.5021944,0.23419204354286194,0.10000000149011612,0.03269999846816063
YHR146W,YFL024C,0,-5.5022783,0.23364485800266266,0.10000000149011612,0.03280000016093254
YKL112W,YNR027W,0,-5.5023637,0.23310023546218872,0.10000000149011612,0.03290000185370445
YNL103W,YBR213W,0,-5.5028863,0.23255814611911774,0.10000000149011612,0.032999999821186066
YBR281C,YCR024C,0,-5.5031233,0.23201856017112732,0.10000000149011612,0.03310000151395798
YMR156C,YDR287W,1,-5.503467,0.23379629850387573,0.10100000351667404,0.03310000151395798
YNR022C,YOR344C,0,-5.503547,0.23325635492801666,0.10100000351667404,0.03319999948143959
YPR179C,YIR002C,0,-5.5039043,0.23271889984607697,0.10100000351667404,0.0333000011742115
YOL117W,YPL180W,0,-5.5039105,0.23218390345573425,0.10100000351667404,0.033399999141693115
YDL087C,YBR297W,0,-5.5044847,0.23165138065814972,0.10100000351667404,0.03350000083446503
YNL325C,YGL224C,1,-5.504797,0.23340961337089539,0.10199999809265137,0.03350000083446503
YFR025C,YNL106C,1,-5.5054145,0.23515981435775757,0.10300000011920929,0.03350000083446503
YJR144W,YCR067C,0,-5.5054746,0.23462414741516113,0.10300000011920929,0.03359999880194664
YPL015C,YCR061W,0,-5.506129,0.2340909093618393,0.10300000011920929,0.03370000049471855
YDR343C,YFL059W,0,-5.506251,0.23356008529663086,0.10300000011920929,0.033799998462200165
YDR254W,YGR274C,0,-5.507174,0.23303167521953583,0.10300000011920929,0.033900000154972076
YER151C,YDR207C,0,-5.507294,0.2325056493282318,0.10300000011920929,0.03400000184774399
YGR057C,YMR004W,0,-5.5077806,0.23198197782039642,0.10300000011920929,0.0340999998152256
YFL047W,YBR069C,0,-5.5089192,0.23146067559719086,0.10300000011920929,0.03420000150799751
YJL103C,YGR129W,0,-5.5093203,0.23094169795513153,0.10300000011920929,0.034299999475479126
YPL228W,YNL325C,1,-5.509895,0.23266218602657318,0.10400000214576721,0.034299999475479126
YPR168W,YDR030C,0,-5.5105166,0.2321428507566452,0.10400000214576721,0.03440000116825104
YDR261C,YIL168W,0,-5.5111456,0.23162584006786346,0.10400000214576721,0.03449999913573265
YKR061W,YHR015W,0,-5.5115056,0.23111110925674438,0.10400000214576721,0.03460000082850456
YCR067C,YMR016C,0,-5.5122256,0.23059867322444916,0.10400000214576721,0.034699998795986176
YDR141C,YGL153W,0,-5.5122347,0.2300885021686554,0.10400000214576721,0.03480000048875809
YKL165C,YKL140W,0,-5.5123296,0.2295805811882019,0.10400000214576721,0.0348999984562397
YDR253C,YNL126W,0,-5.5136356,0.2290748953819275,0.10400000214576721,0.03500000014901161
YKL127W,YKL020C,0,-5.513664,0.22857142984867096,0.10400000214576721,0.035100001841783524
YOR335C,YKL032C,0,-5.5148835,0.22807016968727112,0.10400000214576721,0.03519999980926514
YER094C,YGR056W,0,-5.5151496,0.22757111489772797,0.10400000214576721,0.03530000150203705
YKL022C,YGL203C,0,-5.5154805,0.22707423567771912,0.10400000214576721,0.03539999946951866
YMR180C,YMR156C,1,-5.5155807,0.22875817120075226,0.10499999672174454,0.03539999946951866
YOR288C,YGL066W,0,-5.515931,0.22826087474822998,0.10499999672174454,0.03550000116229057
YNL032W,YMR261C,1,-5.516013,0.2299349308013916,0.10599999874830246,0.03550000116229057
YLR047C,YDR192C,0,-5.5164323,0.2294372320175171,0.10599999874830246,0.035599999129772186
YPR049C,YDR392W,0,-5.5169926,0.2289416790008545,0.10599999874830246,0.0357000008225441
YNL259C,YNL175C,0,-5.5173106,0.2284482717514038,0.10599999874830246,0.03579999879002571
YCR063W,YLR385C,0,-5.5198,0.22795699536800385,0.10599999874830246,0.03590000048279762
YLL022C,YLL013C,0,-5.519896,0.22746780514717102,0.10599999874830246,0.035999998450279236
YLR300W,YPR131C,0,-5.52025,0.22698073089122772,0.10599999874830246,0.03610000014305115
YFL009W,YBR114W,0,-5.520421,0.22649572789669037,0.10599999874830246,0.03620000183582306
YOR272W,YPL009C,0,-5.5205994,0.22601279616355896,0.10599999874830246,0.03629999980330467
YMR120C,YEL047C,0,-5.5207953,0.2255319207906723,0.10599999874830246,0.036400001496076584
YNL130C,YKL017C,0,-5.521482,0.225053071975708,0.10599999874830246,0.0364999994635582
YNL041C,YGR163W,0,-5.522392,0.22457626461982727,0.10599999874830246,0.03660000115633011
YIL137C,YJL164C,0,-5.5224776,0.2241014838218689,0.10599999874830246,0.03669999912381172
YLL051C,YPR167C,0,-5.5236363,0.2236286848783493,0.10599999874830246,0.03680000081658363
YDL024C,YNR032W,1,-5.5237327,0.22526316344738007,0.10700000077486038,0.03680000081658363
YDR173C,YLL060C,0,-5.52515,0.22478991746902466,0.10700000077486038,0.03689999878406525
YNL020C,YMR097C,0,-5.525594,0.22431865334510803,0.10700000077486038,0.03700000047683716
YKL112W,YBR041W,0,-5.5273223,0.2238493710756302,0.10700000077486038,0.03709999844431877
YEL062W,YOR363C,0,-5.5282173,0.22338204085826874,0.10700000077486038,0.03720000013709068
YHR150W,YNL098C,0,-5.529182,0.22291666269302368,0.10700000077486038,0.037300001829862595
YMR237W,YGR080W,0,-5.5295844,0.22245322167873383,0.10700000077486038,0.03739999979734421
YEL017C-A,YDR050C,0,-5.530813,0.22199170291423798,0.10700000077486038,0.03750000149011612
YLR431C,YJR156C,0,-5.5313725,0.22153209149837494,0.10700000077486038,0.03759999945759773
YDR251W,YLL036C,0,-5.532632,0.22107438743114471,0.10700000077486038,0.037700001150369644
YOL076W,YMR226C,0,-5.532761,0.22061856091022491,0.10700000077486038,0.03779999911785126
YDR503C,YNR032W,1,-5.5329013,0.2222222238779068,0.1080000028014183,0.03779999911785126
YBR022W,YML016C,1,-5.5335956,0.223819300532341,0.10899999737739563,0.03779999911785126
YDL024C,YOR014W,1,-5.5350876,0.2254098355770111,0.10999999940395355,0.03779999911785126
YKL220C,YER099C,0,-5.5352197,0.22494886815547943,0.10999999940395355,0.03790000081062317
YDR214W,YCR044C,0,-5.535369,0.22448979318141937,0.10999999940395355,0.03799999877810478
YFR036W,YDL217C,0,-5.535429,0.22403258085250854,0.10999999940395355,0.038100000470876694
YGR156W,YGL095C,0,-5.535804,0.22357723116874695,0.10999999940395355,0.03819999843835831
YOR109W,YDL006W,1,-5.536384,0.2251521348953247,0.11100000143051147,0.03819999843835831
YDL142C,YMR077C,0,-5.536732,0.2246963530778885,0.11100000143051147,0.03830000013113022
YLR286C,YMR205C,0,-5.536961,0.2242424190044403,0.11100000143051147,0.03840000182390213
YOR363C,YDR088C,0,-5.5380177,0.22379031777381897,0.11100000143051147,0.03849999979138374
YHR074W,YDR196C,0,-5.538356,0.22334003448486328,0.11100000143051147,0.038600001484155655
YPL179W,YER089C,1,-5.53886,0.22489960491657257,0.1120000034570694,0.038600001484155655
YDR251W,YML041C,0,-5.539881,0.22444890439510345,0.1120000034570694,0.03869999945163727
YIL049W,YDR171W,0,-5.5419946,0.2240000069141388,0.1120000034570694,0.03880000114440918
YKL145W,YLL055W,0,-5.545091,0.2235528975725174,0.1120000034570694,0.03889999911189079
YHR073W,YER100W,0,-5.5457,0.22310757637023926,0.1120000034570694,0.039000000804662704
YDR001C,YLR447C,0,-5.5458674,0.222664013504982,0.1120000034570694,0.03909999877214432
YER083C,YBL008W,0,-5.5459237,0.2222222238779068,0.1120000034570694,0.03920000046491623
YMR081C,YJL123C,0,-5.5461516,0.22178217768669128,0.1120000034570694,0.03929999843239784
YOR020C,YKR013W,0,-5.5461946,0.22134387493133545,0.1120000034570694,0.039400000125169754
YDL230W,YKR053C,1,-5.546578,0.22287967801094055,0.11299999803304672,0.039400000125169754
YLR019W,YCR079W,1,-5.5466905,0.22440944612026215,0.11400000005960464,0.039400000125169754
YLR377C,YGL224C,1,-5.546772,0.22593320906162262,0.11500000208616257,0.039400000125169754
YCR082W,YER167W,0,-5.5467734,0.22549019753932953,0.11500000208616257,0.039500001817941666
YGR223C,YLR427W,0,-5.5474353,0.22504892945289612,0.11500000208616257,0.03959999978542328
YBR145W,YGR202C,0,-5.547926,0.224609375,0.11500000208616257,0.03970000147819519
YMR180C,YNR032W,1,-5.548043,0.22612085938453674,0.11599999666213989,0.03970000147819519
YHR046C,YFR040W,1,-5.5480485,0.22762645781040192,0.11699999868869781,0.03970000147819519
YNL136W,YIL129C,0,-5.5485663,0.22718445956707,0.11699999868869781,0.039799999445676804
YDL134C,YBR276C,1,-5.5486326,0.22868217527866364,0.11800000071525574,0.039799999445676804
YNL042W,YIL075C,0,-5.5489793,0.22823984920978546,0.11800000071525574,0.039900001138448715
YJL145W,YDR080W,0,-5.5493145,0.2277992218732834,0.11800000071525574,0.03999999910593033
YOL111C,YDR477W,0,-5.54951,0.2273603081703186,0.11800000071525574,0.04010000079870224
YLR201C,YHR084W,0,-5.551592,0.22692307829856873,0.11800000071525574,0.04019999876618385
YPL200W,YOL135C,0,-5.5516667,0.22648751735687256,0.11800000071525574,0.040300000458955765
YPL249C,YNL231C,0,-5.551727,0.2260536402463913,0.11800000071525574,0.04039999842643738
YLR166C,YDR330W,0,-5.551831,0.22562141716480255,0.11800000071525574,0.04050000011920929
YOR380W,YHR135C,0,-5.552502,0.22519083321094513,0.11800000071525574,0.0406000018119812
YJL192C,YBR271W,0,-5.552778,0.22476190328598022,0.11800000071525574,0.040699999779462814
YML070W,YDR013W,0,-5.5538282,0.22433459758758545,0.11800000071525574,0.040800001472234726
YDR503C,YMR156C,1,-5.554054,0.22580644488334656,0.11900000274181366,0.040800001472234726
YFL024C,YLR427W,0,-5.5543027,0.22537878155708313,0.11900000274181366,0.04089999943971634
YER027C,YIL014W,0,-5.5544915,0.22495274245738983,0.11900000274181366,0.04100000113248825
YMR136W,YNL012W,0,-5.554794,0.22452829778194427,0.11900000274181366,0.041099999099969864
YCL016C,YEL030W,0,-5.555203,0.22410546243190765,0.11900000274181366,0.041200000792741776
YJL134W,YOL064C,1,-5.5561414,0.2255639135837555,0.11999999731779099,0.041200000792741776
YPL007C,YIL064W,0,-5.556729,0.22514070570468903,0.11999999731779099,0.04129999876022339
YJL134W,YDL230W,1,-5.557342,0.22659176588058472,0.12099999934434891,0.04129999876022339
YBR201W,YGR047C,0,-5.5577226,0.22616823017597198,0.12099999934434891,0.0414000004529953
YOR026W,YNL243W,0,-5.557816,0.2257462739944458,0.12099999934434891,0.04149999842047691
YAR071W,YBR022W,1,-5.5584226,0.2271880805492401,0.12200000137090683,0.04149999842047691
YPL040C,YIL143C,0,-5.559338,0.22676579654216766,0.12200000137090683,0.041600000113248825
YEL069C,YGR257C,0,-5.5597777,0.22634507715702057,0.12200000137090683,0.04170000180602074
YMR165C,YNL128W,1,-5.5600786,0.22777777910232544,0.12300000339746475,0.04170000180602074
YCR093W,YBR142W,0,-5.560168,0.22735674679279327,0.12300000339746475,0.04179999977350235
YLR127C,YNR047W,0,-5.560578,0.22693726420402527,0.12300000339746475,0.04190000146627426
YHR043C,YPL179W,1,-5.5607634,0.22836095094680786,0.12399999797344208,0.04190000146627426
YOL064C,YML016C,1,-5.560872,0.2297794073820114,0.125,0.04190000146627426
YLR114C,YMR004W,0,-5.5609593,0.2293577939271927,0.125,0.041999999433755875
YDL193W,YFL017W-A,0,-5.561033,0.22893773019313812,0.125,0.042100001126527786
YLR097C,YDL224C,0,-5.5621886,0.22851920127868652,0.125,0.0421999990940094
YNL085W,YDR410C,0,-5.562409,0.2281021922826767,0.125,0.04230000078678131
YIL154C,YDR368W,0,-5.562614,0.22768670320510864,0.125,0.042399998754262924
YGL087C,YJL045W,0,-5.562802,0.22727273404598236,0.125,0.042500000447034836
YDL123W,YJL154C,0,-5.562911,0.22686025500297546,0.125,0.04259999841451645
YHR138C,YNL190W,0,-5.5630136,0.22644928097724915,0.125,0.04270000010728836
YER030W,YGL213C,0,-5.5632005,0.22603978216648102,0.125,0.04280000180006027
YJR159W,YLR119W,0,-5.563577,0.22563177347183228,0.125,0.042899999767541885
YGR052W,YKL025C,0,-5.5640364,0.22522522509098053,0.125,0.0430000014603138
YLR019W,YGR161C,1,-5.5649714,0.2266187071800232,0.12600000202655792,0.0430000014603138
YEL036C,YDL019C,0,-5.5654073,0.22621184587478638,0.12600000202655792,0.04309999942779541
YDR503C,YMR036C,1,-5.5656734,0.22759856283664703,0.12700000405311584,0.04309999942779541
YLR259C,YBR289W,0,-5.5657673,0.22719141840934753,0.12700000405311584,0.04320000112056732
YBR278W,YBR284W,0,-5.56599,0.22678571939468384,0.12700000405311584,0.043299999088048935
YDR236C,YGR065C,0,-5.566497,0.22638146579265594,0.12700000405311584,0.04340000078082085
YKL139W,YLR265C,0,-5.56674,0.22597864270210266,0.12700000405311584,0.04349999874830246
YJR033C,YER161C,0,-5.566869,0.22557726502418518,0.12700000405311584,0.04360000044107437
YDL149W,YOR330C,0,-5.5671363,0.22517730295658112,0.12700000405311584,0.043699998408555984
YGL229C,YMR156C,1,-5.567534,0.2265486717224121,0.12800000607967377,0.043699998408555984
YBR276C,YDL230W,1,-5.567535,0.2279151976108551,0.1289999932050705,0.043699998408555984
YBR023C,YGL141W,0,-5.567661,0.22751322388648987,0.1289999932050705,0.043800000101327896
YDR151C,YIL009C-A,0,-5.56825,0.22711268067359924,0.1289999932050705,0.04390000179409981
YGL127C,YCL069W,0,-5.568567,0.22671353816986084,0.1289999932050705,0.04399999976158142
YKL054C,YGL227W,0,-5.5688396,0.22631579637527466,0.1289999932050705,0.04410000145435333
YHR076W,YOR014W,1,-5.568856,0.22767075896263123,0.12999999523162842,0.04410000145435333
YNL020C,YPL125W,0,-5.568968,0.22727273404598236,0.12999999523162842,0.044199999421834946
YBR272C,YGR277C,0,-5.569473,0.22687609493732452,0.12999999523162842,0.04430000111460686
YBR272C,YLL026W,0,-5.569911,0.22648084163665771,0.12999999523162842,0.04439999908208847
YLR051C,YOR123C,0,-5.5704236,0.22608695924282074,0.12999999523162842,0.04450000077486038
YEL016C,YBL088C,0,-5.572247,0.2256944477558136,0.12999999523162842,0.044599998742341995
YCR079W,YMR261C,1,-5.572884,0.22703640162944794,0.13099999725818634,0.044599998742341995
YJL096W,YIR012W,0,-5.572929,0.22664359211921692,0.13099999725818634,0.04470000043511391
YJR075W,YJL059W,0,-5.573568,0.22625215351581573,0.13099999725818634,0.04479999840259552
YJR109C,YER109C,0,-5.5742717,0.2258620709180832,0.13099999725818634,0.04490000009536743
YAL062W,YCL019W,0,-5.574343,0.2254733145236969,0.13099999725818634,0.04500000178813934
YGL162W,YDR541C,0,-5.574759,0.22508591413497925,0.13099999725818634,0.045099999755620956
YNL272C,YLR362W,0,-5.574831,0.22469982504844666,0.13099999725818634,0.04520000144839287
YPR030W,YLR327C,0,-5.5763803,0.22431506216526031,0.13099999725818634,0.04529999941587448
YJR160C,YLR376C,0,-5.576583,0.22393162548542023,0.13099999725818634,0.04540000110864639
YHR091C,YER149C,0,-5.576687,0.223549485206604,0.13099999725818634,0.045499999076128006
YML077W,YPL016W,0,-5.5774317,0.22316865622997284,0.13099999725818634,0.04560000076889992
YGL233W,YOR219C,0,-5.578208,0.22278910875320435,0.13099999725818634,0.04569999873638153
YGL224C,YNL128W,1,-5.5785375,0.22410866618156433,0.13199999928474426,0.04569999873638153
YDR443C,YPL214C,0,-5.578648,0.22372882068157196,0.13199999928474426,0.04580000042915344
YDR423C,YMR095C,0,-5.5789714,0.22335025668144226,0.13199999928474426,0.045899998396635056
YER176W,YDR461W,0,-5.5792413,0.22297297418117523,0.13199999928474426,0.04600000008940697
YJL134W,YBR276C,1,-5.579329,0.22428330779075623,0.13300000131130219,0.04600000008940697
YDR436W,YOR014W,1,-5.579348,0.22558923065662384,0.1340000033378601,0.04600000008940697
YDR153C,YML005W,0,-5.5794177,0.22521008551120758,0.1340000033378601,0.04610000178217888
YJL134W,YJL098W,1,-5.5797415,0.22651006281375885,0.13500000536441803,0.04610000178217888
YJL099W,YLR138W,0,-5.5800347,0.2261306494474411,0.13500000536441803,0.04619999974966049
YBR065C,YMR097C,0,-5.581287,0.22575250267982483,0.13500000536441803,0.046300001442432404
YLR019W,YGL229C,1,-5.581428,0.22704507410526276,0.13600000739097595,0.046300001442432404
YHR043C,YMR261C,1,-5.5814967,0.22833333909511566,0.13699999451637268,0.046300001442432404
YFL031W,YDL235C,0,-5.5823116,0.22795340418815613,0.13699999451637268,0.04639999940991402
YHR057C,YKL213C,0,-5.582853,0.22757475078105927,0.13699999451637268,0.04650000110268593
YMR238W,YDR434W,0,-5.583357,0.22719734907150269,0.13699999451637268,0.04659999907016754
YNL286W,YBR097W,0,-5.5833955,0.2268211990594864,0.13699999451637268,0.04670000076293945
YNL267W,YGL113W,0,-5.583464,0.22644628584384918,0.13699999451637268,0.046799998730421066
YAL041W,YDR039C,0,-5.584067,0.22607260942459106,0.13699999451637268,0.04690000042319298
YFR025C,YHR215W,1,-5.5847945,0.22734761238098145,0.1379999965429306,0.04690000042319298
YDL024C,YOR090C,1,-5.584805,0.22861842811107635,0.13899999856948853,0.04690000042319298
YPR005C,YAL068C,0,-5.5850363,0.22824302315711975,0.13899999856948853,0.04699999839067459
YIR005W,YGR270W,0,-5.5852222,0.22786885499954224,0.13899999856948853,0.0471000000834465
YER014W,YKL203C,0,-5.585249,0.22749590873718262,0.13899999856948853,0.047200001776218414
YOL089C,YIL056W,0,-5.5858874,0.2271241843700409,0.13899999856948853,0.04729999974370003
YOR231W,YER173W,0,-5.5860467,0.22675366699695587,0.13899999856948853,0.04740000143647194
YHR004C,YPR072W,0,-5.586469,0.22638437151908875,0.13899999856948853,0.04749999940395355
YMR092C,YGR156W,0,-5.5869465,0.22601625323295593,0.13899999856948853,0.047600001096725464
YPR049C,YJL094C,0,-5.58701,0.22564935684204102,0.13899999856948853,0.04769999906420708
YLL010C,YGR161C,1,-5.587338,0.22690437734127045,0.14000000059604645,0.04769999906420708
YER061C,YLR038C,0,-5.587974,0.22653721272945404,0.14000000059604645,0.04780000075697899
YNL077W,YOR256C,0,-5.587979,0.22617124021053314,0.14000000059604645,0.0478999987244606
YGR217W,YGL073W,0,-5.588207,0.22580644488334656,0.14000000059604645,0.04800000041723251
YML078W,YBL018C,0,-5.5885262,0.2254428267478943,0.14000000059604645,0.04809999838471413
YNL103W,YGR086C,0,-5.588555,0.22508038580417633,0.14000000059604645,0.04820000007748604
YMR180C,YDR287W,1,-5.58907,0.22632423043251038,0.14100000262260437,0.04820000007748604
YPR186C,YJL045W,0,-5.5897756,0.22596153616905212,0.14100000262260437,0.04830000177025795
YOL026C,YBL018C,0,-5.590284,0.225600004196167,0.14100000262260437,0.04839999973773956
YMR165C,YOR014W,1,-5.590488,0.22683705389499664,0.1420000046491623,0.04839999973773956
YMR165C,YGR161C,1,-5.590691,0.22807016968727112,0.14300000667572021,0.04839999973773956
YGL211W,YDL122W,0,-5.5912433,0.22770701348781586,0.14300000667572021,0.048500001430511475
YGL244W,YER029C,0,-5.5917044,0.22734498977661133,0.14300000667572021,0.04859999939799309
YDL006W,YMR261C,1,-5.591885,0.22857142984867096,0.14399999380111694,0.04859999939799309
YPL181W,YPL089C,0,-5.592998,0.22820919752120972,0.14399999380111694,0.048700001090765
YPL179W,YNL128W,1,-5.593114,0.22943037748336792,0.14499999582767487,0.048700001090765
YAL043C,YLL040C,0,-5.5935316,0.22906793653964996,0.14499999582767487,0.04879999905824661
YHL009C,YDR026C,0,-5.5936065,0.22870662808418274,0.14499999582767487,0.048900000751018524
YIL048W,YOR328W,0,-5.5937514,0.22834645211696625,0.14499999582767487,0.04899999871850014
YOL062C,YLR386W,0,-5.5944915,0.22798742353916168,0.14499999582767487,0.04910000041127205
YDL031W,YGL232W,0,-5.5947366,0.22762951254844666,0.14499999582767487,0.04919999837875366
YPR002W,YDR186C,0,-5.59498,0.22727273404598236,0.14499999582767487,0.049300000071525574
YKL157W,YOL045W,0,-5.59499,0.2269170582294464,0.14499999582767487,0.049400001764297485
YPR108W,YJL004C,0,-5.595017,0.2265625,0.14499999582767487,0.0494999997317791
YPL274W,YDL072C,0,-5.595074,0.22620904445648193,0.14499999582767487,0.04960000142455101
YHR051W,YOR355W,0,-5.595144,0.2258566915988922,0.14499999582767487,0.04969999939203262
YBR045C,YNR059W,0,-5.5953283,0.22550544142723083,0.14499999582767487,0.049800001084804535
YGL142C,YIL145C,0,-5.5954056,0.2251552790403366,0.14499999582767487,0.04989999905228615
YDR284C,YOR090C,1,-5.595574,0.2263565957546234,0.1459999978542328,0.04989999905228615
YJL134W,YDR287W,1,-5.596104,0.22755417227745056,0.1469999998807907,0.04989999905228615
YJL102W,YDL116W,0,-5.5975566,0.22720247507095337,0.1469999998807907,0.05000000074505806
YDL132W,YOR261C,0,-5.597701,0.22685185074806213,0.1469999998807907,0.05009999871253967
YOL040C,YPR063C,0,-5.5983553,0.22650231420993805,0.1469999998807907,0.050200000405311584
YBR101C,YBR182C,0,-5.5986543,0.22615385055541992,0.1469999998807907,0.0502999983727932
YJL134W,YDR436W,1,-5.5989356,0.22734254598617554,0.14800000190734863,0.0502999983727932
YGL247W,YDL030W,0,-5.5995126,0.2269938588142395,0.14800000190734863,0.05040000006556511
YKL195W,YOR194C,0,-5.599821,0.22664624452590942,0.14800000190734863,0.05050000175833702
YDR343C,YBR106W,0,-5.6000957,0.2262996882200241,0.14800000190734863,0.050599999725818634
YJR036C,YLL048C,0,-5.6001735,0.22595420479774475,0.14800000190734863,0.050700001418590546
YHR028C,YCR042C,0,-5.600678,0.22560974955558777,0.14800000190734863,0.05079999938607216
YAL028W,YHR150W,0,-5.6009145,0.22526636719703674,0.14800000190734863,0.05090000107884407
YEL036C,YBL007C,0,-5.601098,0.2249240130186081,0.14800000190734863,0.050999999046325684
YAL043C,YLR105C,0,-5.6013894,0.224582701921463,0.14800000190734863,0.051100000739097595
YGR278W,YOR211C,0,-5.601431,0.2242424190044403,0.14800000190734863,0.05119999870657921
YLL003W,YDL190C,0,-5.602604,0.22390317916870117,0.14800000190734863,0.05130000039935112
YPL179W,YNL217W,1,-5.6035056,0.22507552802562714,0.14900000393390656,0.05130000039935112
YNR035C,YNL063W,0,-5.6037846,0.2247360497713089,0.14900000393390656,0.05139999836683273
YLR033W,YLR398C,0,-5.604384,0.22439758479595184,0.14900000393390656,0.051500000059604645
YGR284C,YJL030W,0,-5.604584,0.22406014800071716,0.14900000393390656,0.051600001752376556
YOL009C,YGL211W,0,-5.6046615,0.22372372448444366,0.14900000393390656,0.05169999971985817
YKL052C,YKL020C,0,-5.6048007,0.22338829934597015,0.14900000393390656,0.05180000141263008
YLR034C,YHR006W,0,-5.604874,0.22305388748645782,0.14900000393390656,0.051899999380111694
YOL043C,YGR202C,0,-5.6050086,0.22272047400474548,0.14900000393390656,0.052000001072883606
YNL259C,YGR080W,0,-5.6056247,0.22238805890083313,0.14900000393390656,0.05209999904036522
YDR392W,YJL154C,0,-5.605742,0.22205662727355957,0.14900000393390656,0.05220000073313713
YMR109W,YAL043C,0,-5.6057563,0.221726194024086,0.14900000393390656,0.052299998700618744
YDR005C,YHR073W,0,-5.6065474,0.22139672935009003,0.14900000393390656,0.052400000393390656
YNL039W,YPL188W,0,-5.606774,0.22106824815273285,0.14900000393390656,0.05249999836087227
YDL134C,YKR028W,1,-5.606998,0.2222222238779068,0.15000000596046448,0.05249999836087227
YPL228W,YMR180C,1,-5.607424,0.22337278723716736,0.1509999930858612,0.05249999836087227
YHR101C,YJL127C,0,-5.607448,0.223042830824852,0.1509999930858612,0.05260000005364418
YPR185W,YJR095W,0,-5.6075253,0.22271385788917542,0.1509999930858612,0.05270000174641609
YGL038C,YHR050W,0,-5.6075416,0.22238586843013763,0.1509999930858612,0.052799999713897705
YLR429W,YNL097C,0,-5.6076818,0.22205881774425507,0.1509999930858612,0.05290000140666962
YEL016C,YOR054C,0,-5.61082,0.2217327505350113,0.1509999930858612,0.05299999937415123
YDL029W,YCL034W,0,-5.6113715,0.22140762209892273,0.1509999930858612,0.05310000106692314
YML101C,YKL116C,0,-5.6113725,0.22108346223831177,0.1509999930858612,0.053199999034404755
YML016C,YMR261C,1,-5.6116767,0.2222222238779068,0.15199999511241913,0.053199999034404755
YML099C,YJL030W,0,-5.61205,0.22189781069755554,0.15199999511241913,0.053300000727176666
YDR425W,YDR246W,0,-5.6124663,0.2215743511915207,0.15199999511241913,0.05339999869465828
YNL098C,YLR010C,0,-5.612627,0.22125181555747986,0.15199999511241913,0.05350000038743019
YNR049C,YGL094C,0,-5.6126623,0.22093023359775543,0.15199999511241913,0.053599998354911804
YER062C,YMR165C,1,-5.612725,0.22206096351146698,0.15299999713897705,0.053599998354911804
YGL066W,YDR065W,0,-5.613296,0.22173912823200226,0.15299999713897705,0.053700000047683716
YPR124W,YGR209C,0,-5.6133885,0.22141823172569275,0.15299999713897705,0.05380000174045563
YOL108C,YPL088W,0,-5.613514,0.22109825909137726,0.15299999713897705,0.05389999970793724
YBR044C,YJR028W,0,-5.6139703,0.22077922523021698,0.15299999713897705,0.05400000140070915
YDL134C,YNL217W,1,-5.614034,0.2219020128250122,0.15399999916553497,0.05400000140070915
YKL135C,YLR410W,0,-5.614184,0.22158274054527283,0.15399999916553497,0.054099999368190765
YBR212W,YBR253W,0,-5.614418,0.22126436233520508,0.15399999916553497,0.05420000106096268
YOL064C,YBR276C,1,-5.6149707,0.22238163650035858,0.1550000011920929,0.05420000106096268
YGL133W,YCL061C,0,-5.6150846,0.22206303477287292,0.1550000011920929,0.05429999902844429
YER142C,YMR297W,0,-5.615234,0.2217453569173813,0.1550000011920929,0.0544000007212162
YJL170C,YDR186C,0,-5.6156335,0.22142857313156128,0.1550000011920929,0.054499998688697815
YOR092W,YBR287W,0,-5.615802,0.2211126983165741,0.1550000011920929,0.05460000038146973
YJL024C,YOR290C,0,-5.615814,0.22079771757125854,0.1550000011920929,0.05469999834895134
YER052C,YML114C,0,-5.6165166,0.22048364579677582,0.1550000011920929,0.05480000004172325
YIL124W,YPR075C,0,-5.6167674,0.22017045319080353,0.1550000011920929,0.05490000173449516
YJL099W,YLL026W,0,-5.61696,0.21985815465450287,0.1550000011920929,0.054999999701976776
YOL064C,YNL217W,1,-5.61726,0.22096318006515503,0.15600000321865082,0.054999999701976776
YNL148C,YKL173W,0,-5.6174874,0.22065064311027527,0.15600000321865082,0.05510000139474869
YOR090C,YGL224C,1,-5.6175485,0.221751406788826,0.15700000524520874,0.05510000139474869
YNR034W,YML085C,0,-5.6177683,0.22143864631652832,0.15700000524520874,0.0551999993622303
YOR288C,YGR009C,0,-5.617974,0.2211267650127411,0.15700000524520874,0.05530000105500221
YBR070C,YMR297W,0,-5.6183734,0.2208157479763031,0.15700000524520874,0.055399999022483826
YLR377C,YDR074W,1,-5.618892,0.22191011905670166,0.15800000727176666,0.055399999022483826
YCR093W,YMR061W,0,-5.619248,0.22159887850284576,0.15800000727176666,0.05550000071525574
YER133W,YIL002C,1,-5.6192775,0.22268907725811005,0.1589999943971634,0.05550000071525574
YNL097C,YKR014C,0,-5.619301,0.22237762808799744,0.1589999943971634,0.05559999868273735
YHR124W,YER078C,0,-5.6198096,0.22206704318523407,0.1589999943971634,0.05570000037550926
YNL106C,YMR165C,1,-5.6198153,0.2231520265340805,0.1599999964237213,0.05570000037550926
YLR187W,YJR156C,0,-5.620333,0.22284123301506042,0.1599999964237213,0.055799998342990875
YOR149C,YOR132W,0,-5.620927,0.2225312888622284,0.1599999964237213,0.05590000003576279
YNL197C,YLL048C,0,-5.6212,0.2222222238779068,0.1599999964237213,0.0560000017285347
YKL193C,YGR138C,0,-5.6213536,0.22191400825977325,0.1599999964237213,0.05609999969601631
YMR136W,YLR224W,0,-5.6213613,0.22160664200782776,0.1599999964237213,0.05620000138878822
YLR347C,YKL057C,0,-5.6217694,0.2213001400232315,0.1599999964237213,0.056299999356269836
YPL164C,YDL059C,0,-5.6218305,0.2209944725036621,0.1599999964237213,0.05640000104904175
YDR284C,YDL006W,1,-5.6219316,0.22206896543502808,0.16099999845027924,0.05640000104904175
YGL224C,YDR074W,1,-5.62223,0.22314049303531647,0.16200000047683716,0.05640000104904175
YML099C,YJL059W,0,-5.6223555,0.2228335589170456,0.16200000047683716,0.05649999901652336
YFL014W,YJR036C,0,-5.622933,0.22252747416496277,0.16200000047683716,0.05660000070929527
YER062C,YDL236W,1,-5.6232305,0.22359396517276764,0.16300000250339508,0.05660000070929527
YCR011C,YGL083W,0,-5.623397,0.2232876718044281,0.16300000250339508,0.056699998676776886
YHR160C,YOR083W,0,-5.6234956,0.22298221290111542,0.16300000250339508,0.0568000003695488
YIL145C,YOR081C,0,-5.623859,0.2226775884628296,0.16300000250339508,0.05689999833703041
YDL024C,YLL010C,1,-5.624058,0.22373805940151215,0.164000004529953,0.05689999833703041
YPR201W,YER147C,0,-5.6244364,0.2234332412481308,0.164000004529953,0.05700000002980232
YDL146W,YGL039W,0,-5.6246104,0.2231292575597763,0.164000004529953,0.057100001722574234
YDR277C,YDR058C,0,-5.624779,0.22282609343528748,0.164000004529953,0.05719999969005585
YDL024C,YIL002C,1,-5.6248956,0.2238806039094925,0.16500000655651093,0.05719999969005585
YNL075W,YOR213C,0,-5.62493,0.22357723116874695,0.16500000655651093,0.05730000138282776
YLR203C,YKL040C,0,-5.6251163,0.22327469289302826,0.16500000655651093,0.05739999935030937
YDR256C,YDR498C,0,-5.625438,0.22297297418117523,0.16500000655651093,0.057500001043081284
YCR048W,YOR125C,0,-5.6261096,0.22267206013202667,0.16500000655651093,0.0575999990105629
YDR463W,YEL041W,0,-5.626518,0.22237196564674377,0.16500000655651093,0.05770000070333481
YOR380W,YGL100W,0,-5.62664,0.22207267582416534,0.16500000655651093,0.05779999867081642
YLR324W,YGR080W,0,-5.6267343,0.22177419066429138,0.16500000655651093,0.05790000036358833
YDL136W,YPR133C,0,-5.62721,0.2214765101671219,0.16500000655651093,0.057999998331069946
YLL010C,YMR156C,1,-5.6273093,0.222520112991333,0.16599999368190765,0.057999998331069946
YOR370C,YGR202C,0,-5.6281166,0.2222222238779068,0.16599999368190765,0.05810000002384186
YKL129C,YLR266C,0,-5.628311,0.22192513942718506,0.16599999368190765,0.05820000171661377
YLR226W,YFR045W,0,-5.628497,0.2216288447380066,0.16599999368190765,0.05829999968409538
YJR035W,YGR012W,0,-5.6292048,0.2213333398103714,0.16599999368190765,0.058400001376867294
YBL076C,YDL190C,0,-5.629661,0.2210386097431183,0.16599999368190765,0.05849999934434891
YBR170C,YJL117W,0,-5.6309323,0.22074468433856964,0.16599999368190765,0.05860000103712082
YML054C,YCL039W,0,-5.6309733,0.22045153379440308,0.16599999368190765,0.05869999900460243
YIL145C,YCL045C,0,-5.6313567,0.2201591581106186,0.16599999368190765,0.058800000697374344
YLR298C,YML039W,0,-5.6315894,0.219867542386055,0.16599999368190765,0.05889999866485596
YOR090C,YDL230W,1,-5.632068,0.22089947760105133,0.16699999570846558,0.05889999866485596
YNL231C,YDR027C,0,-5.6321306,0.2206076681613922,0.16699999570846558,0.05900000035762787
YIL020C,YER161C,0,-5.632184,0.22031661868095398,0.16699999570846558,0.05909999832510948
YGR006W,YBR061C,0,-5.6328993,0.22002634406089783,0.16699999570846558,0.05920000001788139
YMR184W,YJR161C,0,-5.633029,0.21973684430122375,0.16699999570846558,0.059300001710653305
YLR080W,YEL012W,0,-5.6332016,0.21944808959960938,0.16699999570846558,0.05939999967813492
YNL014W,YDL044C,0,-5.6340246,0.21916010975837708,0.16699999570846558,0.05950000137090683
YER143W,YBL008W,0,-5.6347146,0.21887287497520447,0.16699999570846558,0.05959999933838844
YMR304W,YNL176C,0,-5.6350965,0.21858638525009155,0.16699999570846558,0.059700001031160355
YMR041C,YHR123W,0,-5.635336,0.21830065548419952,0.16699999570846558,0.05979999899864197
YPL254W,YBL022C,0,-5.635691,0.2180156707763672,0.16699999570846558,0.05990000069141388
YNR034W,YML039W,0,-5.6364837,0.21773141622543335,0.16699999570846558,0.05999999865889549
YER129W,YER103W,0,-5.6370673,0.2174479216337204,0.16699999570846558,0.060100000351667404
YML016C,YDR074W,1,-5.6372514,0.21846553683280945,0.1679999977350235,0.060100000351667404
YDR236C,YBR215W,0,-5.637509,0.2181818187236786,0.1679999977350235,0.06019999831914902
YAL021C,YLR342W,0,-5.6377826,0.21789883077144623,0.1679999977350235,0.06030000001192093
YER133W,YOR014W,1,-5.6379685,0.21891191601753235,0.16899999976158142,0.06030000001192093
YNL250W,YLR145W,0,-5.638121,0.21862871944904327,0.16899999976158142,0.06040000170469284
YDL006W,YIL113W,1,-5.6388144,0.21963824331760406,0.17000000178813934,0.06040000170469284
YBR019C,YKL174C,0,-5.63931,0.21935483813285828,0.17000000178813934,0.060499999672174454
YFL009W,YJL056C,0,-5.639362,0.219072163105011,0.17000000178813934,0.060600001364946365
YOR269W,YBR258C,0,-5.6394954,0.2187902182340622,0.17000000178813934,0.06069999933242798
YJL020C,YJL196C,0,-5.639609,0.2185090035200119,0.17000000178813934,0.06080000102519989
YIL002C,YLR019W,1,-5.6397796,0.2195121943950653,0.17100000381469727,0.06080000102519989
YDL232W,YBR114W,0,-5.640102,0.2192307710647583,0.17100000381469727,0.0608999989926815
YPL001W,YNL297C,0,-5.6407866,0.2189500629901886,0.17100000381469727,0.061000000685453415
YFR025C,YAR071W,1,-5.6415076,0.21994884312152863,0.1720000058412552,0.061000000685453415
YAR071W,YDR287W,1,-5.6417365,0.2209450900554657,0.17299999296665192,0.061000000685453415
YGL051W,YNL046W,0,-5.6419754,0.22066326439380646,0.17299999296665192,0.06109999865293503
YOR109W,YML016C,1,-5.642005,0.22165605425834656,0.17399999499320984,0.06109999865293503
YPR193C,YGR251W,0,-5.6423874,0.221374049782753,0.17399999499320984,0.06120000034570694
YMR170C,YGR003W,0,-5.6429963,0.22109276056289673,0.17399999499320984,0.06129999831318855
YMR092C,YDL004W,0,-5.643112,0.22081218659877777,0.17399999499320984,0.061400000005960464
YNL106C,YNL128W,1,-5.6437316,0.22179974615573883,0.17499999701976776,0.061400000005960464
YNL325C,YLR019W,1,-5.643817,0.22278481721878052,0.17599999904632568,0.061400000005960464
YNL032W,YNL217W,1,-5.643949,0.22376738488674164,0.1770000010728836,0.061400000005960464
YMR092C,YPR075C,0,-5.6439915,0.2234848439693451,0.1770000010728836,0.061500001698732376
YPL036W,YJR045C,0,-5.644128,0.22320303320884705,0.1770000010728836,0.06159999966621399
YPL049C,YDL013W,0,-5.6444163,0.22292190790176392,0.1770000010728836,0.0617000013589859
YER157W,YOR120W,0,-5.644588,0.22264151275157928,0.1770000010728836,0.061799999326467514
YNL001W,YPL129W,0,-5.6450624,0.22236180305480957,0.1770000010728836,0.061900001019239426
YPL190C,YGL153W,0,-5.645167,0.22208280861377716,0.1770000010728836,0.06199999898672104
YER028C,YKL174C,0,-5.645242,0.22180451452732086,0.1770000010728836,0.06210000067949295
YDL134C,YOR090C,1,-5.6456866,0.22277846932411194,0.17800000309944153,0.06210000067949295
YMR165C,YLR019W,1,-5.646515,0.22374999523162842,0.17900000512599945,0.06210000067949295
YNR058W,YFR045W,0,-5.646668,0.22347065806388855,0.17900000512599945,0.062199998646974564
YGL094C,YHR111W,0,-5.6474433,0.2231920212507248,0.17900000512599945,0.062300000339746475
YNR019W,YBL017C,0,-5.647597,0.22291406989097595,0.17900000512599945,0.06239999830722809
YER007W,YPL225W,0,-5.6479683,0.22263681888580322,0.17900000512599945,0.0625
YPR165W,YOR290C,0,-5.6482334,0.2223602533340454,0.17900000512599945,0.06260000169277191
YGR097W,YPL170W,0,-5.648787,0.22208437323570251,0.17900000512599945,0.06270000338554382
YNL323W,YIL129C,0,-5.649499,0.22180916368961334,0.17900000512599945,0.06279999762773514
YKL051W,YNR039C,0,-5.6498675,0.22153465449810028,0.17900000512599945,0.06289999932050705
YMR192W,YKL038W,0,-5.6499996,0.22126081585884094,0.17900000512599945,0.06300000101327896
YAL056W,YDR352W,0,-5.650638,0.22098764777183533,0.17900000512599945,0.06310000270605087
YDR389W,YGL093W,0,-5.651056,0.22071516513824463,0.17900000512599945,0.06319999694824219
YFL041W,YJL210W,0,-5.651148,0.22044335305690765,0.17900000512599945,0.0632999986410141
YMR286W,YMR037C,0,-5.651685,0.2201721966266632,0.17900000512599945,0.06340000033378601
YNL218W,YNR049C,0,-5.6520114,0.21990172564983368,0.17900000512599945,0.06350000202655792
YNL210W,YMR086W,0,-5.6528068,0.21963189542293549,0.17900000512599945,0.06360000371932983
YOR160W,YHR031C,0,-5.653047,0.2193627506494522,0.17900000512599945,0.06369999796152115
YIR010W,YGL133W,0,-5.653053,0.21909424662590027,0.17900000512599945,0.06379999965429306
YLR056W,YBR015C,0,-5.653112,0.21882641315460205,0.17900000512599945,0.06390000134706497
YAL056W,YBR095C,0,-5.653295,0.21855922043323517,0.17900000512599945,0.06400000303983688
YJR036C,YDR078C,0,-5.653495,0.21829268336296082,0.17900000512599945,0.0640999972820282
YPL228W,YNL106C,1,-5.653646,0.2192448228597641,0.18000000715255737,0.0640999972820282
YOL017W,YCL061C,0,-5.654023,0.21897810697555542,0.18000000715255737,0.06419999897480011
YDL160C,YCR033W,0,-5.6546063,0.21871203184127808,0.18000000715255737,0.06430000066757202
YGL213C,YER093C,0,-5.6553316,0.21844659745693207,0.18000000715255737,0.06440000236034393
YJL207C,YFL047W,0,-5.6558685,0.2181818187236786,0.18000000715255737,0.06449999660253525
YLR019W,YMR261C,1,-5.655873,0.2191283255815506,0.1809999942779541,0.06449999660253525
YML069W,YGL144C,0,-5.65589,0.2188633680343628,0.1809999942779541,0.06459999829530716
YGR077C,YOR064C,0,-5.657188,0.21859903633594513,0.1809999942779541,0.06469999998807907
YNL312W,YDR409W,0,-5.6575994,0.2183353453874588,0.1809999942779541,0.06480000168085098
YML112W,YDR498C,0,-5.657706,0.2180722951889038,0.1809999942779541,0.0649000033736229
YLR320W,YMR080C,0,-5.6577597,0.21780987083911896,0.1809999942779541,0.06499999761581421
YLR238W,YJL191W,0,-5.657853,0.21754807233810425,0.1809999942779541,0.06509999930858612
YML016C,YHR076W,1,-5.658134,0.21848739683628082,0.18199999630451202,0.06509999930858612
YFR036W,YML112W,0,-5.65817,0.2182254195213318,0.18199999630451202,0.06520000100135803
YNR011C,YDR058C,0,-5.658382,0.2179640680551529,0.18199999630451202,0.06530000269412994
YLR019W,YJL098W,1,-5.658773,0.21889951825141907,0.18299999833106995,0.06530000269412994
YGR218W,YOR334W,0,-5.6592145,0.21863798797130585,0.18299999833106995,0.06539999693632126
YMR275C,YLR417W,0,-5.659348,0.21837708353996277,0.18299999833106995,0.06549999862909317
YPR008W,YBR061C,0,-5.659552,0.21811680495738983,0.18299999833106995,0.06560000032186508
YKR042W,YLR466W,0,-5.6599293,0.21785713732242584,0.18299999833106995,0.065700002014637
YDR043C,YCR073W-A,0,-5.660562,0.217598095536232,0.18299999833106995,0.0658000037074089
YER053C,YKL051W,0,-5.6606207,0.2173396646976471,0.18299999833106995,0.06589999794960022
YJL179W,YGL252C,0,-5.660661,0.21708184480667114,0.18299999833106995,0.06599999964237213
YDR284C,YIL113W,1,-5.660777,0.21800947189331055,0.18400000035762787,0.06599999964237213
YDL102W,YGR194C,0,-5.6608796,0.21775147318840027,0.18400000035762787,0.06610000133514404
YKR028W,YGL229C,1,-5.6615276,0.2186761200428009,0.1850000023841858,0.06610000133514404
YIL075C,YML098W,0,-5.6615825,0.2184179425239563,0.1850000023841858,0.06620000302791595
YKR068C,YDR170C,0,-5.6617737,0.21816037595272064,0.1850000023841858,0.06629999727010727
YNR032W,YDL134C,1,-5.6621275,0.21908126771450043,0.1860000044107437,0.06629999727010727
YER133W,YHR215W,1,-5.6621456,0.2199999988079071,0.18700000643730164,0.06629999727010727
YBR278W,YMR101C,0,-5.6622834,0.21974147856235504,0.18700000643730164,0.06639999896287918
YGR161C,YMR087W,1,-5.6628995,0.22065727412700653,0.18799999356269836,0.06639999896287918
YLR176C,YHL027W,0,-5.663149,0.22039858996868134,0.18799999356269836,0.06650000065565109
YNR032W,YMR261C,1,-5.6636405,0.22131147980690002,0.1889999955892563,0.06650000065565109
YKL138C,YBL007C,0,-5.663709,0.2210526317358017,0.1889999955892563,0.066600002348423
YBR093C,YMR087W,1,-5.6640496,0.22196261584758759,0.1899999976158142,0.066600002348423
YMR170C,YPR082C,0,-5.6643744,0.22170361876487732,0.1899999976158142,0.06669999659061432
YNR032W,YMR087W,1,-5.664392,0.2226107269525528,0.19099999964237213,0.06669999659061432
YFR014C,YDR422C,0,-5.6644893,0.2223515659570694,0.19099999964237213,0.06679999828338623
YNR032W,YNL128W,1,-5.664698,0.22325581312179565,0.19200000166893005,0.06679999828338623
YNL128W,YMR087W,1,-5.6650167,0.22415795922279358,0.19300000369548798,0.06679999828338623
YGR255C,YIR039C,0,-5.6653686,0.22389791905879974,0.19300000369548798,0.06689999997615814
YML019W,YOR003W,0,-5.6661057,0.22363847494125366,0.19300000369548798,0.06700000166893005
YLR148W,YGR077C,0,-5.666117,0.22337962687015533,0.19300000369548798,0.06710000336170197
YOR079C,YNL239W,0,-5.666756,0.22312138974666595,0.19300000369548798,0.06719999760389328
YBR022W,YNL032W,1,-5.6668305,0.22401846945285797,0.1940000057220459,0.06719999760389328
YBR186W,YDR181C,0,-5.6670957,0.22376009821891785,0.1940000057220459,0.06729999929666519
YOR031W,YML034W,0,-5.667126,0.22350230813026428,0.1940000057220459,0.0674000009894371
YLL002W,YDR080W,0,-5.66736,0.22324511408805847,0.1940000057220459,0.06750000268220901
YBR036C,YER124C,0,-5.667456,0.22298850119113922,0.1940000057220459,0.06759999692440033
YNL246W,YOR172W,0,-5.667667,0.22273248434066772,0.1940000057220459,0.06769999861717224
YJR049C,YPL087W,0,-5.667916,0.22247706353664398,0.1940000057220459,0.06780000030994415
YBR022W,YIL113W,1,-5.66796,0.22336769104003906,0.19499999284744263,0.06780000030994415
YKL135C,YKL046C,0,-5.668075,0.22311212122440338,0.19499999284744263,0.06790000200271606
YOR367W,YMR273C,0,-5.668139,0.22285714745521545,0.19499999284744263,0.06800000369548798
YNR032W,YOR090C,1,-5.6684194,0.22374428808689117,0.19599999487400055,0.06800000369548798
YLR067C,YIL158W,0,-5.6685205,0.2234891653060913,0.19599999487400055,0.06809999793767929
YNL106C,YDR503C,1,-5.6686473,0.22437357902526855,0.19699999690055847,0.06809999793767929
YDR301W,YNR049C,0,-5.6687074,0.22411832213401794,0.19699999690055847,0.0681999996304512
YHR030C,YLR297W,0,-5.66947,0.2238636314868927,0.19699999690055847,0.06830000132322311
YDR263C,YGL243W,0,-5.669659,0.2236095368862152,0.19699999690055847,0.06840000301599503
YKL026C,YGR193C,0,-5.669664,0.22335600852966309,0.19699999690055847,0.06849999725818634
YHR215W,YMR261C,1,-5.6696815,0.22423556447029114,0.1979999989271164,0.06849999725818634
YOL066C,YOR297C,0,-5.669707,0.22398190200328827,0.1979999989271164,0.06859999895095825
YDR229W,YBR227C,0,-5.670326,0.22372882068157196,0.1979999989271164,0.06870000064373016
YHR046C,YHR076W,1,-5.6704698,0.22460496425628662,0.19900000095367432,0.06870000064373016
YLR410W,YDR285W,0,-5.670531,0.22435174882411957,0.19900000095367432,0.06880000233650208
YPL228W,YOL064C,1,-5.6713147,0.22522522509098053,0.20000000298023224,0.06880000233650208
YPR161C,YAR010C,0,-5.671329,0.22497187554836273,0.20000000298023224,0.06889999657869339
YNL106C,YGL229C,1,-5.6716495,0.2258426994085312,0.20100000500679016,0.06889999657869339
YIL154C,YDR005C,0,-5.6721053,0.22558923065662384,0.20100000500679016,0.0689999982714653
YMR219W,YFR050C,0,-5.6725154,0.22533632814884186,0.20100000500679016,0.06909999996423721
YMR036C,YKR053C,1,-5.6727605,0.2262038141489029,0.20200000703334808,0.06909999996423721
YDL101C,YER171W,0,-5.672836,0.22595077753067017,0.20200000703334808,0.06920000165700912
YPL213W,YDR313C,0,-5.6730866,0.225698322057724,0.20200000703334808,0.06930000334978104
YDR436W,YDL006W,1,-5.6733313,0.2265625,0.2029999941587448,0.06930000334978104
YBR288C,YGR010W,0,-5.6736155,0.22630992531776428,0.2029999941587448,0.06939999759197235
YCR079W,YGR161C,1,-5.6737285,0.22717149555683136,0.20399999618530273,0.06939999759197235
YHR086W,YOL091W,0,-5.6737423,0.2269188016653061,0.20399999618530273,0.06949999928474426
YIL143C,YHL009C,0,-5.674097,0.2266666740179062,0.20399999618530273,0.06960000097751617
YHL038C,YDR244W,0,-5.6743045,0.22641509771347046,0.20399999618530273,0.06970000267028809
YGL173C,YNL102W,0,-5.67446,0.2261640727519989,0.20399999618530273,0.0697999969124794
YLR450W,YOR110W,0,-5.674476,0.2259136140346527,0.20399999618530273,0.06989999860525131
YPR019W,YNR023W,0,-5.67545,0.22566372156143188,0.20399999618530273,0.07000000029802322
YLR127C,YLR107W,0,-5.675805,0.22541436553001404,0.20399999618530273,0.07010000199079514
YML016C,YCR079W,1,-5.6759877,0.22626931965351105,0.20499999821186066,0.07010000199079514
YDR284C,YER062C,1,-5.6762986,0.22712238132953644,0.20600000023841858,0.07010000199079514
YFR025C,YNL217W,1,-5.6763864,0.2279735654592514,0.2070000022649765,0.07010000199079514
YDL002C,YPL089C,0,-5.6767077,0.22772277891635895,0.2070000022649765,0.07020000368356705
YOR109W,YKR053C,1,-5.6767793,0.22857142984867096,0.20800000429153442,0.07020000368356705
YDR038C,YOL018C,0,-5.676851,0.22832052409648895,0.20800000429153442,0.07029999792575836
YMR169C,YEL006W,0,-5.676989,0.22807016968727112,0.20800000429153442,0.07039999961853027
YLR347C,YAR007C,0,-5.677017,0.22782036662101746,0.20800000429153442,0.07050000131130219
YNR058W,YJR027W,0,-5.677331,0.22757111489772797,0.20800000429153442,0.0706000030040741
YBR233W-A,YLR270W,0,-5.6773634,0.22732239961624146,0.20800000429153442,0.07069999724626541
YPR020W,YPR144C,0,-5.6774616,0.22707423567771912,0.20800000429153442,0.07079999893903732
YNL004W,YHR002W,0,-5.6776133,0.22682660818099976,0.20800000429153442,0.07090000063180923
YER002W,YJL028W,0,-5.6776824,0.22657951712608337,0.20800000429153442,0.07100000232458115
YIL002C,YER075C,1,-5.6778073,0.2274211049079895,0.20900000631809235,0.07100000232458115
YDR436W,YIL113W,1,-5.6779723,0.22826087474822998,0.20999999344348907,0.07100000232458115
YER062C,YCR079W,1,-5.6791706,0.22909881174564362,0.210999995470047,0.07100000232458115
YDL085W,YKL012W,0,-5.6791883,0.228850319981575,0.210999995470047,0.07109999656677246
YNL219C,YLR438C-A,0,-5.680491,0.22860237956047058,0.210999995470047,0.07119999825954437
YPR191W,YIL030C,0,-5.6806026,0.22835497558116913,0.210999995470047,0.07129999995231628
YGR218W,YKR086W,0,-5.6810565,0.22810810804367065,0.210999995470047,0.0714000016450882
YJL134W,YDR503C,1,-5.681489,0.2289416790008545,0.21199999749660492,0.0714000016450882
YMR208W,YER031C,0,-5.6818094,0.22869470715522766,0.21199999749660492,0.07150000333786011
YNL315C,YJR013W,0,-5.6827626,0.2284482717514038,0.21199999749660492,0.07159999758005142
YML032C,YBR263W,0,-5.6828876,0.22820237278938293,0.21199999749660492,0.07169999927282333
YKR101W,YBR166C,0,-5.684139,0.22795699536800385,0.21199999749660492,0.07180000096559525
YCL061C,YGL227W,0,-5.6848893,0.22771213948726654,0.21199999749660492,0.07190000265836716
YMR271C,YPL150W,0,-5.685041,0.22746780514717102,0.21199999749660492,0.07199999690055847
YEL039C,YIR028W,0,-5.685173,0.22722400724887848,0.21199999749660492,0.07209999859333038
YOR061W,YPL110C,0,-5.685345,0.22698073089122772,0.21199999749660492,0.0722000002861023
YOL064C,YDL236W,1,-5.6859345,0.22780749201774597,0.21299999952316284,0.0722000002861023
YOL003C,YOR348C,0,-5.686334,0.22756409645080566,0.21299999952316284,0.0723000019788742
YOL071W,YHR082C,0,-5.686919,0.22732123732566833,0.21299999952316284,0.07240000367164612
YHR157W,YLR145W,0,-5.6871295,0.2270788848400116,0.21299999952316284,0.07249999791383743
YLL060C,YOR319W,0,-5.6871467,0.22683705389499664,0.21299999952316284,0.07259999960660934
YLR157C,YOL009C,0,-5.6871715,0.22659574449062347,0.21299999952316284,0.07270000129938126
YDL035C,YDR088C,0,-5.6872907,0.2263549417257309,0.21299999952316284,0.07280000299215317
YDR256C,YLL019C,0,-5.6875663,0.2261146456003189,0.21299999952316284,0.07289999723434448
YOL145C,YJL103C,0,-5.6879506,0.2258748710155487,0.21299999952316284,0.0729999989271164
YER061C,YMR283C,0,-5.6882677,0.2256355881690979,0.21299999952316284,0.0731000006198883
YIL002C,YMR156C,1,-5.6889253,0.22645503282546997,0.21400000154972076,0.0731000006198883
YPL254W,YCR066W,0,-5.6890483,0.2262156456708908,0.21400000154972076,0.07320000231266022
YDR457W,YNL190W,0,-5.6890492,0.22597676515579224,0.21400000154972076,0.07329999655485153
YCR067C,YDR522C,0,-5.6895633,0.22573839128017426,0.21400000154972076,0.07339999824762344
YHR011W,YOR265W,0,-5.68963,0.22550052404403687,0.21400000154972076,0.07349999994039536
YDR079W,YCL001W,0,-5.6897283,0.22526316344738007,0.21400000154972076,0.07360000163316727
YPR107C,YOR227W,0,-5.689807,0.22502629458904266,0.21400000154972076,0.07370000332593918
YOL149W,YLR466W,0,-5.69023,0.22478991746902466,0.21400000154972076,0.0737999975681305
YLR095C,YDR532C,0,-5.6902623,0.22455404698848724,0.21400000154972076,0.0738999992609024
YPL075W,YER020W,0,-5.690356,0.22431865334510803,0.21400000154972076,0.07400000095367432
YER133W,YGR123C,1,-5.690511,0.22513088583946228,0.2150000035762787,0.07400000095367432
YLR151C,YFL033C,0,-5.6906304,0.2248954027891159,0.2150000035762787,0.07410000264644623
YKR028W,YKR053C,1,-5.690756,0.2257053256034851,0.2160000056028366,0.07410000264644623
YJR091C,YJR135C,0,-5.691603,0.22546972334384918,0.2160000056028366,0.07419999688863754
YOR321W,YLR398C,0,-5.693012,0.22523461282253265,0.2160000056028366,0.07429999858140945
YGL127C,YLR119W,0,-5.693078,0.22499999403953552,0.2160000056028366,0.07440000027418137
YDR229W,YPL060W,0,-5.693217,0.2247658669948578,0.2160000056028366,0.07450000196695328
YOL016C,YOR221C,0,-5.6932464,0.22453223168849945,0.2160000056028366,0.07460000365972519
YMR067C,YDL077C,0,-5.693289,0.22429905831813812,0.2160000056028366,0.0746999979019165
YJL003W,YBR041W,0,-5.6933913,0.22406639158725739,0.2160000056028366,0.07479999959468842
YJR161C,YER087C-B,0,-5.6936536,0.22383420169353485,0.2160000056028366,0.07490000128746033
YLR215C,YLL032C,0,-5.694284,0.22360248863697052,0.2160000056028366,0.07500000298023224
YOL154W,YGR287C,0,-5.694452,0.2233712524175644,0.2160000056028366,0.07509999722242355
YGL027C,YJR120W,0,-5.694846,0.22314049303531647,0.2160000056028366,0.07519999891519547
YLR309C,YDR463W,0,-5.695317,0.22291021049022675,0.2160000056028366,0.07530000060796738
YGR218W,YNL290W,0,-5.695708,0.22268041968345642,0.2160000056028366,0.07540000230073929
YJR156C,YML021C,0,-5.695748,0.2224510759115219,0.2160000056028366,0.0754999965429306
YCL010C,YKL095W,0,-5.6958303,0.2222222238779068,0.2160000056028366,0.07559999823570251
YEL056W,YMR097C,0,-5.6960673,0.2219938337802887,0.2160000056028366,0.07569999992847443
YER103W,YDR246W,0,-5.696524,0.2217659205198288,0.2160000056028366,0.07580000162124634
YHR166C,YLL056C,0,-5.696709,0.2215384542942047,0.2160000056028366,0.07590000331401825
YBL078C,YIL049W,0,-5.696737,0.22131147980690002,0.2160000056028366,0.07599999755620956
YPL228W,YHR215W,1,-5.6969028,0.22210849821567535,0.21699999272823334,0.07599999755620956
YBR049C,YCL031C,0,-5.6972547,0.22188138961791992,0.21699999272823334,0.07609999924898148
YDL106C,YNL134C,0,-5.6981997,0.2216547429561615,0.21699999272823334,0.07620000094175339
YGL023C,YKR101W,0,-5.698334,0.22142857313156128,0.21699999272823334,0.0763000026345253
YLR170C,YMR043W,0,-5.6991324,0.22120285034179688,0.21699999272823334,0.07639999687671661
YNL009W,YPR101W,0,-5.6992126,0.22097758948802948,0.21699999272823334,0.07649999856948853
YGR003W,YNL025C,0,-5.6996417,0.2207527905702591,0.21699999272823334,0.07660000026226044
YDR121W,YKL079W,0,-5.699681,0.22052845358848572,0.21699999272823334,0.07670000195503235
YBL093C,YPR133C,0,-5.7001934,0.22030456364154816,0.21699999272823334,0.07680000364780426
YHR082C,YKL001C,0,-5.7005515,0.2200811356306076,0.21699999272823334,0.07689999788999557
YGR077C,YGL083W,0,-5.7006235,0.21985815465450287,0.21699999272823334,0.07699999958276749
YJL094C,YLR001C,0,-5.7006297,0.21963562071323395,0.21699999272823334,0.0771000012755394
YDR159W,YCL033C,0,-5.701025,0.21941354870796204,0.21699999272823334,0.07720000296831131
YDR425W,YGR248W,0,-5.7011666,0.21919192373752594,0.21699999272823334,0.07729999721050262
YHR109W,YCL075W,0,-5.701353,0.21897073090076447,0.21699999272823334,0.07739999890327454
YPL271W,YDR469W,0,-5.701506,0.21875,0.21699999272823334,0.07750000059604645
YBR045C,YGL175C,0,-5.7016044,0.21852970123291016,0.21699999272823334,0.07760000228881836
YPL228W,YDR284C,1,-5.7020316,0.21931590139865875,0.21799999475479126,0.07760000228881836
YPL200W,YOL044W,0,-5.7022076,0.21909548342227936,0.21799999475479126,0.07769999653100967
YDR436W,YLR019W,1,-5.7022386,0.21987952291965485,0.21899999678134918,0.07769999653100967
YMR250W,YOR043W,0,-5.702459,0.2196589708328247,0.21899999678134918,0.07779999822378159
YOR141C,YKR019C,0,-5.702723,0.21943888068199158,0.21899999678134918,0.0778999999165535
YOL001W,YPR107C,0,-5.7028418,0.21921922266483307,0.21899999678134918,0.07800000160932541
YKL074C,YDR079C-A,0,-5.7029395,0.21899999678134918,0.21899999678134918,0.07810000330209732
YDL197C,YER098W,0,-5.7032847,0.2187812179327011,0.21899999678134918,0.07819999754428864
YLR019W,YKR028W,1,-5.703562,0.2195608764886856,0.2199999988079071,0.07819999754428864
YDR356W,YDR330W,0,-5.7038226,0.21934197843074799,0.2199999988079071,0.07829999923706055
YBR036C,YNL083W,0,-5.703857,0.21912351250648499,0.2199999988079071,0.07840000092983246
YBL016W,YJL096W,0,-5.703866,0.2189054787158966,0.2199999988079071,0.07850000262260437
YOR128C,YNL080C,0,-5.704455,0.21868787705898285,0.2199999988079071,0.07859999686479568
YLR127C,YJL104W,0,-5.704682,0.2184707075357437,0.2199999988079071,0.0786999985575676
YLL010C,YER075C,1,-5.7047553,0.2192460298538208,0.22100000083446503,0.0786999985575676
YKL206C,YGL179C,0,-5.705108,0.21902874112129211,0.22100000083446503,0.07880000025033951
YPL006W,YOR339C,0,-5.705395,0.21881188452243805,0.22100000083446503,0.07890000194311142
YML065W,YNL121C,0,-5.705404,0.2185954451560974,0.22100000083446503,0.07900000363588333
YPL187W,YJR029W,0,-5.7054167,0.2183794528245926,0.22100000083446503,0.07909999787807465
YBR136W,YDL217C,0,-5.705602,0.21816386282444,0.22100000083446503,0.07919999957084656
YMR135C,YPL213W,0,-5.7057166,0.21794871985912323,0.22100000083446503,0.07930000126361847
YIL034C,YER113C,0,-5.706101,0.21773399412631989,0.22100000083446503,0.07940000295639038
YIL062C,YGR194C,0,-5.7063494,0.21751968562602997,0.22100000083446503,0.0794999971985817
YOR393W,YKL038W,0,-5.706351,0.21730579435825348,0.22100000083446503,0.07959999889135361
YPR072W,YKL134C,0,-5.706545,0.2170923352241516,0.22100000083446503,0.07970000058412552
YMR036C,YGL229C,1,-5.706775,0.2178606539964676,0.22200000286102295,0.07970000058412552
YBR142W,YOR356W,0,-5.70688,0.21764706075191498,0.22200000286102295,0.07980000227689743
YBR234C,YLR266C,0,-5.7070093,0.2174338847398758,0.22200000286102295,0.07989999651908875
YER016W,YKL209C,0,-5.7070622,0.21722114086151123,0.22200000286102295,0.07999999821186066
YBL022C,YOR172W,0,-5.7073464,0.2170087993144989,0.22200000286102295,0.08009999990463257
YBR110W,YKL040C,0,-5.707938,0.216796875,0.22200000286102295,0.08020000159740448
YNL116W,YDR532C,0,-5.7080746,0.21658536791801453,0.22200000286102295,0.08030000329017639
YML112W,YGR024C,0,-5.7085233,0.2163742631673813,0.22200000286102295,0.0803999975323677
YBR276C,YKR053C,1,-5.708597,0.21713729202747345,0.22300000488758087,0.0803999975323677
YIL097W,YML041C,0,-5.7088037,0.21692606806755066,0.22300000488758087,0.08049999922513962
YER176W,YMR172W,0,-5.7088437,0.2167152613401413,0.22300000488758087,0.08060000091791153
YBR200W,YJR017C,0,-5.7090616,0.21650485694408417,0.22300000488758087,0.08070000261068344
YBR004C,YDR276C,0,-5.709637,0.21629485487937927,0.22300000488758087,0.08079999685287476
YMR301C,YNL042W,0,-5.709666,0.2160852700471878,0.22300000488758087,0.08089999854564667
YGL203C,YBR156C,0,-5.7108846,0.21587608754634857,0.22300000488758087,0.08100000023841858
YDL226C,YBR212W,0,-5.711139,0.21566730737686157,0.22300000488758087,0.08110000193119049
YGL247W,YBR045C,0,-5.711282,0.215458944439888,0.22300000488758087,0.0812000036239624
YBR161W,YJL204C,0,-5.7115903,0.21525096893310547,0.22300000488758087,0.08129999786615372
YOL058W,YDR134C,0,-5.711737,0.21504339575767517,0.22300000488758087,0.08139999955892563
YKL026C,YKL012W,0,-5.711926,0.2148362249135971,0.22300000488758087,0.08150000125169754
YKL213C,YKR080W,0,-5.7119727,0.21462945640087128,0.22300000488758087,0.08160000294446945
YJL134W,YLL010C,1,-5.7121453,0.2153846174478531,0.2240000069141388,0.08160000294446945
YKL084W,YFR002W,0,-5.7121463,0.2151777148246765,0.2240000069141388,0.08169999718666077
YGL167C,YNL181W,0,-5.7126637,0.21497121453285217,0.2240000069141388,0.08179999887943268
YMR036C,YDR287W,1,-5.712993,0.21572387218475342,0.22499999403953552,0.08179999887943268
YDL005C,YDR285W,0,-5.713038,0.21551723778247833,0.22499999403953552,0.08190000057220459
YGR204W,YGL181W,0,-5.713621,0.21531100571155548,0.22499999403953552,0.0820000022649765
YER030W,YER042W,0,-5.7137885,0.21510516107082367,0.22499999403953552,0.08209999650716782
YDL246C,YJR156C,0,-5.714104,0.2148997187614441,0.22499999403953552,0.08219999819993973
YEL036C,YKL140W,0,-5.7146525,0.21469466388225555,0.22499999403953552,0.08229999989271164
YIL036W,YJR028W,0,-5.714981,0.21448999643325806,0.22499999403953552,0.08240000158548355
YLR314C,YER099C,0,-5.7153955,0.2142857164144516,0.22499999403953552,0.08250000327825546
YDL108W,YOR396W,0,-5.715446,0.21408182382583618,0.22499999403953552,0.08259999752044678
YLR176C,YIL135C,0,-5.71555,0.213878333568573,0.22499999403953552,0.08269999921321869
YPL016W,YIL080W,0,-5.715647,0.21367521584033966,0.22499999403953552,0.0828000009059906
YOR028C,YJL061W,0,-5.7157235,0.21347248554229736,0.22499999403953552,0.08290000259876251
YDR214W,YHR186C,0,-5.7159004,0.2132701426744461,0.22499999403953552,0.08299999684095383
YNL207W,YMR067C,0,-5.7159038,0.2130681872367859,0.22499999403953552,0.08309999853372574
YGR163W,YGL184C,0,-5.7160387,0.21286660432815552,0.22499999403953552,0.08320000022649765
YLR182W,YNL310C,0,-5.7162213,0.2126654088497162,0.22499999403953552,0.08330000191926956
YMR266W,YCR008W,0,-5.7162347,0.2124645859003067,0.22499999403953552,0.08340000361204147
YPL262W,YPR055W,0,-5.716721,0.21226415038108826,0.22499999403953552,0.08349999785423279
YDR328C,YOR246C,0,-5.7169185,0.21206408739089966,0.22499999403953552,0.0835999995470047
YCL057W,YKL126W,0,-5.7174478,0.2118644118309021,0.22499999403953552,0.08370000123977661
YPR036W,YOR396W,0,-5.7177653,0.2116650938987732,0.22499999403953552,0.08380000293254852
YJR035W,YML114C,0,-5.717802,0.21146616339683533,0.22499999403953552,0.08389999717473984
YDR099W,YDR224C,0,-5.7178793,0.2112676054239273,0.22499999403953552,0.08399999886751175
YGR096W,YDR307W,0,-5.717893,0.21106941998004913,0.22499999403953552,0.08410000056028366
YER089C,YMR087W,1,-5.717953,0.21180881559848785,0.22599999606609344,0.08410000056028366
YJR109C,YNR026C,0,-5.7183642,0.21161048114299774,0.22599999606609344,0.08420000225305557
YDR039C,YEL003W,0,-5.7186627,0.21141253411769867,0.22599999606609344,0.08429999649524689
YFL048C,YNL188W,0,-5.71882,0.21121495962142944,0.22599999606609344,0.0843999981880188
YCR097W,YKR063C,0,-5.718868,0.21101774275302887,0.22599999606609344,0.08449999988079071
YHR043C,YOL064C,1,-5.719301,0.2117537260055542,0.22699999809265137,0.08449999988079071
YOR284W,YIL031W,0,-5.7194295,0.21155638992786407,0.22699999809265137,0.08460000157356262
YHR046C,YDL230W,1,-5.7195115,0.21229049563407898,0.2280000001192093,0.08460000157356262
YIL072W,YDL211C,0,-5.7195125,0.2120930254459381,0.2280000001192093,0.08470000326633453
YNL079C,YGL039W,0,-5.71952,0.2118959128856659,0.2280000001192093,0.08479999750852585
YPL228W,YGL224C,1,-5.7195516,0.21262766420841217,0.2290000021457672,0.08479999750852585
YDL013W,YPL164C,0,-5.7197037,0.2124304324388504,0.2290000021457672,0.08489999920129776
YKL190W,YJL098W,1,-5.719729,0.21316033601760864,0.23000000417232513,0.08489999920129776
YDR179C,YGR092W,0,-5.7200255,0.21296297013759613,0.23000000417232513,0.08500000089406967
YER051W,YOL111C,0,-5.7200437,0.21276596188545227,0.23000000417232513,0.08510000258684158
YOR174W,YOR043W,0,-5.720205,0.21256931126117706,0.23000000417232513,0.0851999968290329
YNR052C,YER022W,0,-5.7202106,0.2123730331659317,0.23000000417232513,0.08529999852180481
YER042W,YIL095W,0,-5.720569,0.2121771275997162,0.23000000417232513,0.08540000021457672
YJL005W,YOR136W,0,-5.7209,0.21198156476020813,0.23000000417232513,0.08550000190734863
YLR361C,YDR323C,0,-5.721639,0.21178637444972992,0.23000000417232513,0.08560000360012054
YJR058C,YER144C,0,-5.721705,0.21159154176712036,0.23000000417232513,0.08569999784231186
YOR202W,YDR498C,0,-5.7219415,0.21139705181121826,0.23000000417232513,0.08579999953508377
YNL039W,YER007W,0,-5.722026,0.211202934384346,0.23000000417232513,0.08590000122785568
YLR191W,YJL097W,0,-5.722141,0.2110091745853424,0.23000000417232513,0.0860000029206276
YEL039C,YOR329C,0,-5.722652,0.21081577241420746,0.23000000417232513,0.08609999716281891
YIR006C,YDR195W,0,-5.7228365,0.21062271296977997,0.23000000417232513,0.08619999885559082
YFR025C,YDL230W,1,-5.7230096,0.21134492754936218,0.23100000619888306,0.08619999885559082
YNR032W,YBR276C,1,-5.7235665,0.21206581592559814,0.23199999332427979,0.08619999885559082
YPR165W,YGR279C,0,-5.7236714,0.2118721455335617,0.23199999332427979,0.08630000054836273
YER058W,YNL246W,0,-5.7238092,0.21167883276939392,0.23199999332427979,0.08640000224113464
YLR259C,YKL173W,0,-5.7242684,0.2114858776330948,0.23199999332427979,0.08649999648332596
YGL027C,YBR073W,0,-5.7242923,0.2112932652235031,0.23199999332427979,0.08659999817609787
YNL238W,YJR131W,0,-5.724471,0.2111009955406189,0.23199999332427979,0.08669999986886978
YJR158W,YPR067W,0,-5.7244825,0.21090908348560333,0.23199999332427979,0.0868000015616417
YOR028C,YIL047C,0,-5.724643,0.21071752905845642,0.23199999332427979,0.0869000032544136
YHR215W,YBR022W,1,-5.724666,0.2114337533712387,0.2329999953508377,0.0869000032544136
YDR473C,YOR347C,0,-5.724814,0.21124206483364105,0.2329999953508377,0.08699999749660492
YGR155W,YDR065W,0,-5.725128,0.21105071902275085,0.2329999953508377,0.08709999918937683
YHR008C,YBR294W,0,-5.7251287,0.2108597308397293,0.2329999953508377,0.08720000088214874
YMR073C,YDR001C,0,-5.725259,0.21066907048225403,0.2329999953508377,0.08730000257492065
YNL164C,YFR037C,0,-5.7253795,0.2104787677526474,0.2329999953508377,0.08739999681711197
YOR120W,YFR048W,0,-5.7255616,0.21028880774974823,0.2329999953508377,0.08749999850988388
YNL074C,YGR080W,0,-5.7258677,0.21009919047355652,0.2329999953508377,0.08760000020265579
YOR211C,YBR192W,0,-5.726104,0.20990991592407227,0.2329999953508377,0.0877000018954277
YNL041C,YOR278W,0,-5.7261195,0.20972096920013428,0.2329999953508377,0.08780000358819962
YER062C,YOL064C,1,-5.7267494,0.21043165028095245,0.23399999737739563,0.08780000358819962
YER027C,YBR073W,0,-5.726827,0.21024258434772491,0.23399999737739563,0.08789999783039093
YBR022W,YKR028W,1,-5.7274947,0.2109515219926834,0.23499999940395355,0.08789999783039093
YGL099W,YHR206W,0,-5.727511,0.21076233685016632,0.23499999940395355,0.08799999952316284
YMR030W,YLL055W,0,-5.7278285,0.2105734795331955,0.23499999940395355,0.08810000121593475
YKR035W-A,YBL091C,0,-5.7281404,0.21038496494293213,0.23499999940395355,0.08820000290870667
YDL065C,YLR234W,0,-5.7285295,0.21019677817821503,0.23499999940395355,0.08829999715089798
YLR348C,YDR313C,0,-5.7285857,0.21000893414020538,0.23499999940395355,0.08839999884366989
YPL270W,YDR181C,0,-5.728624,0.2098214328289032,0.23499999940395355,0.0885000005364418
YOL078W,YGL035C,0,-5.7291207,0.20963425934314728,0.23499999940395355,0.08860000222921371
YJL041W,YMR075W,0,-5.7292,0.20944741368293762,0.23499999940395355,0.08869999647140503
YKR086W,YER113C,0,-5.7292237,0.20926091074943542,0.23499999940395355,0.08879999816417694
YJL196C,YLR342W,0,-5.729254,0.2090747356414795,0.23499999940395355,0.08889999985694885
YKL038W,YDR427W,0,-5.7295847,0.20888888835906982,0.23499999940395355,0.08900000154972076
YDR304C,YBR006W,0,-5.7296305,0.20870336890220642,0.23499999940395355,0.08910000324249268
YER153C,YBR287W,0,-5.729808,0.20851819217205048,0.23499999940395355,0.08919999748468399
YBL037W,YGL222C,0,-5.730747,0.2083333283662796,0.23499999940395355,0.0892999991774559
YNL223W,YAL026C,0,-5.731566,0.2081488072872162,0.23499999940395355,0.08940000087022781
YDR284C,YLL010C,1,-5.7318563,0.20884956419467926,0.23600000143051147,0.08940000087022781
YDR522C,YIL143C,0,-5.7320256,0.2086648941040039,0.23600000143051147,0.08950000256299973
YIR006C,YHR202W,0,-5.7323666,0.208480566740036,0.23600000143051147,0.08959999680519104
YNL177C,YMR046C,0,-5.732372,0.20829655230045319,0.23600000143051147,0.08969999849796295
YDR354W,YEL002C,0,-5.7324824,0.20811288058757782,0.23600000143051147,0.08980000019073486
YOR213C,YLR426W,0,-5.7330637,0.20792952179908752,0.23600000143051147,0.08990000188350677
YNL106C,YOL064C,1,-5.7330837,0.20862676203250885,0.2370000034570694,0.08990000188350677
YOR358W,YJL154C,0,-5.733688,0.2084432691335678,0.2370000034570694,0.09000000357627869
YOR209C,YJL176C,0,-5.7337213,0.20826010406017303,0.2370000034570694,0.09009999781847
YGR038W,YIR006C,0,-5.733834,0.20807726681232452,0.2370000034570694,0.09019999951124191
YLR067C,YNL126W,0,-5.734381,0.20789474248886108,0.2370000034570694,0.09030000120401382
YNL172W,YIL046W,0,-5.734385,0.20771253108978271,0.2370000034570694,0.09040000289678574
YOR090C,YGL229C,1,-5.734472,0.20840629935264587,0.23800000548362732,0.09040000289678574
YIL017C,YNR006W,0,-5.7350173,0.20822396874427795,0.23800000548362732,0.09049999713897705
YNR055C,YOL013C,0,-5.7351027,0.2080419510602951,0.23800000548362732,0.09059999883174896
YGL018C,YPR065W,0,-5.735217,0.20786026120185852,0.23800000548362732,0.09070000052452087
YBR164C,YCL026C-B,0,-5.73525,0.207678884267807,0.23800000548362732,0.09080000221729279
YOL027C,YIL114C,0,-5.7354097,0.20749782025814056,0.23800000548362732,0.0908999964594841
YKL055C,YFR045W,0,-5.7354183,0.2073170691728592,0.23800000548362732,0.09099999815225601
YDR117C,YBR006W,0,-5.7367043,0.20713664591312408,0.23800000548362732,0.09109999984502792
YNL118C,YOR115C,0,-5.7371373,0.20695652067661285,0.23800000548362732,0.09120000153779984
YCL039W,YHR086W,0,-5.737438,0.2067767232656479,0.23800000548362732,0.09130000323057175
YDR296W,YGL172W,0,-5.7376847,0.2065972238779068,0.23800000548362732,0.09139999747276306
YBR234C,YPL045W,0,-5.7384324,0.20641803741455078,0.23800000548362732,0.09149999916553497
YPL125W,YPL188W,0,-5.7389054,0.20623916387557983,0.23800000548362732,0.09160000085830688
YML016C,YNL128W,1,-5.739164,0.2069264054298401,0.23899999260902405,0.09160000085830688
YOR355W,YOL061W,0,-5.7396703,0.2067473977804184,0.23899999260902405,0.0917000025510788
YNL036W,YFR050C,0,-5.739858,0.20656871795654297,0.23899999260902405,0.09179999679327011
YKL114C,YCL031C,0,-5.74007,0.20639032125473022,0.23899999260902405,0.09189999848604202
YGR120C,YEL012W,0,-5.7407107,0.20621225237846375,0.23899999260902405,0.09200000017881393
YJR109C,YPL249C,0,-5.740877,0.20603448152542114,0.23899999260902405,0.09210000187158585
YLR079W,YDR443C,0,-5.7410793,0.2058570235967636,0.23899999260902405,0.09220000356435776
YFR009W,YOR040W,0,-5.7413144,0.20567986369132996,0.23899999260902405,0.09229999780654907
YNL136W,YGL179C,0,-5.741349,0.20550301671028137,0.23899999260902405,0.09239999949932098
YOR040W,YPL190C,0,-5.7414865,0.20532646775245667,0.23899999260902405,0.0925000011920929
YHL047C,YIL114C,0,-5.741528,0.20515021681785583,0.23899999260902405,0.09260000288486481
YNL219C,YPR191W,0,-5.741672,0.20497426390647888,0.23899999260902405,0.09269999712705612
YFR025C,YGL229C,1,-5.7417088,0.2056555300951004,0.23999999463558197,0.09269999712705612
YMR009W,YJL047C,0,-5.7424297,0.2054794579744339,0.23999999463558197,0.09279999881982803
YDR180W,YOL154W,0,-5.742525,0.20530368387699127,0.23999999463558197,0.09290000051259995
YOR061W,YGL151W,0,-5.7432923,0.20512820780277252,0.23999999463558197,0.09300000220537186
YHR143W,YER087W,0,-5.7435904,0.20495302975177765,0.23999999463558197,0.09309999644756317
YKL204W,YDR359C,0,-5.743606,0.20477814972400665,0.23999999463558197,0.09319999814033508
YPR067W,YCR018C,0,-5.7436748,0.20460358262062073,0.23999999463558197,0.093299999833107
YOL111C,YNL163C,0,-5.7442155,0.20442929863929749,0.23999999463558197,0.0934000015258789
YDR256C,YKL041W,0,-5.744371,0.20425531268119812,0.23999999463558197,0.09350000321865082
YAL021C,YHR214C-B,0,-5.74451,0.20408163964748383,0.23999999463558197,0.09359999746084213
YNL106C,YMR261C,1,-5.7445416,0.20475785434246063,0.2409999966621399,0.09359999746084213
YBR112C,YGL144C,0,-5.74458,0.2045840471982956,0.2409999966621399,0.09369999915361404
YDL066W,YAL005C,0,-5.7446513,0.20441052317619324,0.2409999966621399,0.09380000084638596
YAR031W,YIL017C,0,-5.744658,0.20423728227615356,0.2409999966621399,0.09390000253915787
YDR448W,YKL095W,0,-5.7446647,0.20406435430049896,0.2409999966621399,0.09399999678134918
YDL146W,YGR077C,0,-5.7449427,0.20389170944690704,0.2409999966621399,0.0940999984741211
YNL063W,YJL204C,0,-5.745155,0.203719362616539,0.2409999966621399,0.094200000166893
YNL275W,YBR002C,0,-5.74556,0.20354729890823364,0.2409999966621399,0.09430000185966492
YER012W,YJL204C,0,-5.7457037,0.20337553322315216,0.2409999966621399,0.09440000355243683
YHR215W,YDL134C,1,-5.7457314,0.20404721796512604,0.24199999868869781,0.09440000355243683
YDL174C,YIL109C,0,-5.746252,0.2038753181695938,0.24199999868869781,0.09449999779462814
YJR131W,YMR117C,0,-5.7463145,0.20370370149612427,0.24199999868869781,0.09459999948740005
YKL190W,YGR161C,1,-5.746394,0.20437341928482056,0.24300000071525574,0.09459999948740005
YBR276C,YDR287W,1,-5.7464767,0.2050420194864273,0.24400000274181366,0.09459999948740005
YDR439W,YLR386W,0,-5.74655,0.2048698514699936,0.24400000274181366,0.09470000118017197
YPL200W,YER147C,0,-5.746626,0.20469798147678375,0.24400000274181366,0.09480000287294388
YLL015W,YDL090C,0,-5.7466264,0.2045264095067978,0.24400000274181366,0.09489999711513519
YLR157C,YDL045W-A,0,-5.7467027,0.20435510575771332,0.24400000274181366,0.0949999988079071
YDR219C,YDR200C,0,-5.7468915,0.20418410003185272,0.24400000274181366,0.09510000050067902
YDL230W,YMR087W,1,-5.747294,0.2048494964838028,0.24500000476837158,0.09510000050067902
YMR021C,YGL136C,0,-5.7473564,0.20467835664749146,0.24500000476837158,0.09520000219345093
YDL247W,YLR040C,0,-5.747395,0.204507514834404,0.24500000476837158,0.09529999643564224
YAL005C,YPR125W,0,-5.747476,0.20433694124221802,0.24500000476837158,0.09539999812841415
YNL118C,YGR012W,0,-5.7475495,0.20416666567325592,0.24500000476837158,0.09549999982118607
YDR402C,YMR095C,0,-5.747622,0.2039966732263565,0.24500000476837158,0.09560000151395798
YIL150C,YDR496C,0,-5.7476907,0.20382694900035858,0.24500000476837158,0.09570000320672989
YMR180C,YIL002C,1,-5.7479825,0.20448878407478333,0.2460000067949295,0.09570000320672989
YER014W,YDR119W,0,-5.7481227,0.20431894063949585,0.2460000067949295,0.0957999974489212
YKL190W,YIL113W,1,-5.748256,0.20497925579547882,0.24699999392032623,0.0957999974489212
YAL042W,YLL036C,0,-5.748443,0.2048092931509018,0.24699999392032623,0.09589999914169312
YDR499W,YAL030W,0,-5.7490263,0.20463959872722626,0.24699999392032623,0.09600000083446503
YDL136W,YML005W,0,-5.749068,0.2044702023267746,0.24699999392032623,0.09610000252723694
YJL209W,YPL204W,0,-5.7490726,0.20430107414722443,0.24699999392032623,0.09619999676942825
YDR180W,YGL233W,0,-5.749149,0.20413222908973694,0.24699999392032623,0.09629999846220016
YNR033W,YBR081C,0,-5.7492485,0.20396366715431213,0.24699999392032623,0.09640000015497208
YOL111C,YBR287W,0,-5.749827,0.20379537343978882,0.24699999392032623,0.09650000184774399
YMR195W,YIR041W,0,-5.7499795,0.20362736284732819,0.24699999392032623,0.0966000035405159
YER089C,YHR076W,1,-5.750179,0.20428335666656494,0.24799999594688416,0.0966000035405159
YOR007C,YPL283C,0,-5.750276,0.20411522686481476,0.24799999594688416,0.09669999778270721
YEL030W,YOR147W,0,-5.7503905,0.20394736528396606,0.24799999594688416,0.09679999947547913
YBR008C,YGR141W,0,-5.75045,0.20377978682518005,0.24799999594688416,0.09690000116825104
YMR096W,YOR106W,0,-5.7509646,0.20361247658729553,0.24799999594688416,0.09700000286102295
YCR093W,YER052C,0,-5.7512994,0.2034454494714737,0.24799999594688416,0.09709999710321426
YNL325C,YDL134C,1,-5.751391,0.20409835875034332,0.24899999797344208,0.09709999710321426
YAL022C,YDR134C,0,-5.7514186,0.20393119752407074,0.24899999797344208,0.09719999879598618
YHR211W,YOL143C,0,-5.7514434,0.20376431941986084,0.24899999797344208,0.09730000048875809
YNL316C,YOL129W,0,-5.7515144,0.20359770953655243,0.24899999797344208,0.09740000218153
YFR013W,YBR067C,0,-5.7515817,0.2034313678741455,0.24899999797344208,0.09749999642372131
YDL181W,YHR147C,0,-5.751598,0.20326530933380127,0.24899999797344208,0.09759999811649323
YER053C,YDR030C,0,-5.751738,0.20309950411319733,0.24899999797344208,0.09769999980926514
YNL275W,YDL122W,0,-5.751971,0.20293398201465607,0.24899999797344208,0.09780000150203705
YHR214C-B,YLL066C,0,-5.7528234,0.2027687281370163,0.24899999797344208,0.09790000319480896
YJL031C,YDR007W,0,-5.7528915,0.20260374248027802,0.24899999797344208,0.09799999743700027
YJR139C,YBR081C,0,-5.753009,0.20243902504444122,0.24899999797344208,0.09809999912977219
YDR466W,YDR080W,0,-5.753565,0.20227457582950592,0.24899999797344208,0.0982000008225441
YCR020W-B,YDR212W,0,-5.7536726,0.2021103948354721,0.24899999797344208,0.09830000251531601
YKL113C,YOR084W,0,-5.7536736,0.2019464671611786,0.24899999797344208,0.09839999675750732
YLR056W,YCL001W,0,-5.753799,0.20178282260894775,0.24899999797344208,0.09849999845027924
YDL006W,YMR087W,1,-5.7541003,0.2024291455745697,0.25,0.09849999845027924
YMR043W,YNL190W,0,-5.7541404,0.20226536691188812,0.25,0.09860000014305115
YBL006C,YCR084C,0,-5.7543783,0.20210185647010803,0.25,0.09870000183582306
YNL312W,YCR073W-A,0,-5.754753,0.20193861424922943,0.25,0.09880000352859497
YNL221C,YGL044C,0,-5.754852,0.20177562534809113,0.25,0.09889999777078629
YDR162C,YHR135C,0,-5.7550483,0.2016129046678543,0.25,0.0989999994635582
YGR246C,YOR027W,0,-5.7554145,0.2014504373073578,0.25,0.09910000115633011
YGR032W,YJL094C,0,-5.755839,0.20128823816776276,0.25,0.09920000284910202
YER051W,YBR136W,0,-5.7559457,0.2011263072490692,0.25,0.09929999709129333
YDR464W,YML106W,0,-5.7560277,0.20096462965011597,0.25,0.09939999878406525
YDR379W,YDR389W,0,-5.7563357,0.2008032202720642,0.25,0.09950000047683716
YHR146W,YGR042W,0,-5.7564664,0.20064204931259155,0.25,0.09960000216960907
YMR070W,YER149C,0,-5.757013,0.20048116147518158,0.25,0.09969999641180038
YKL022C,YPR052C,0,-5.757115,0.2003205120563507,0.25,0.0997999981045723
YLR439W,YDR164C,0,-5.7572603,0.20016013085842133,0.25,0.09989999979734421
YMR036C,YDL230W,1,-5.7575707,0.20080000162124634,0.25099998712539673,0.09989999979734421
YKL190W,YOR090C,1,-5.757797,0.20143884420394897,0.25200000405311584,0.09989999979734421
YGL087C,YGR287C,0,-5.7578483,0.201277956366539,0.25200000405311584,0.10000000149011612
YOL038W,YDR392W,0,-5.757849,0.20111732184886932,0.25200000405311584,0.10010000318288803
YML016C,YOR090C,1,-5.757893,0.2017543911933899,0.2529999911785126,0.10010000318288803
YKR076W,YFR019W,0,-5.7579217,0.20159362256526947,0.2529999911785126,0.10019999742507935
YJR036C,YPR032W,0,-5.75848,0.20143312215805054,0.2529999911785126,0.10029999911785126
YPL129W,YOR175C,0,-5.7585826,0.2012728750705719,0.2529999911785126,0.10040000081062317
YER155C,YPL249C,0,-5.75905,0.20111288130283356,0.2529999911785126,0.10050000250339508
YOL064C,YDL230W,1,-5.7591558,0.20174741744995117,0.2540000081062317,0.10050000250339508
YGR199W,YOR057W,0,-5.7594986,0.20158730447292328,0.2540000081062317,0.1005999967455864
YBR156C,YJR102C,0,-5.759537,0.20142744481563568,0.2540000081062317,0.1006999984383583
YLR427W,YIR014W,0,-5.7597,0.20126782357692719,0.2540000081062317,0.10080000013113022
YBR093C,YIL113W,1,-5.7598577,0.20190024375915527,0.2549999952316284,0.10080000013113022
YDR246W,YLR120C,0,-5.760032,0.20174050331115723,0.2549999952316284,0.10090000182390213
YDL024C,YMR261C,1,-5.760162,0.2023715376853943,0.25600001215934753,0.10090000182390213
YJR119C,YNL316C,0,-5.7601686,0.20221169292926788,0.25600001215934753,0.10100000351667404
YLR313C,YKL126W,0,-5.760726,0.20205208659172058,0.25600001215934753,0.10109999775886536
YDR043C,YDR472W,0,-5.7609887,0.20189274847507477,0.25600001215934753,0.10119999945163727
YIR008C,YLR126C,0,-5.761361,0.20173364877700806,0.25600001215934753,0.10130000114440918
YBR276C,YFR040W,1,-5.7615433,0.20236220955848694,0.25699999928474426,0.10130000114440918
YNL225C,YGR249W,0,-5.761829,0.20220299065113068,0.25699999928474426,0.10140000283718109
YMR237W,YNL263C,0,-5.7619314,0.2020440250635147,0.25699999928474426,0.1014999970793724
YOL071W,YFL060C,0,-5.7623,0.20188531279563904,0.25699999928474426,0.10159999877214432
YLR148W,YBL018C,0,-5.7623997,0.20172683894634247,0.25699999928474426,0.10170000046491623
YLL009C,YDL003W,0,-5.7626066,0.2015686333179474,0.25699999928474426,0.10180000215768814
YMR120C,YNR008W,0,-5.7626686,0.20141065120697021,0.25699999928474426,0.10189999639987946
YER100W,YMR291W,0,-5.7626863,0.20125293731689453,0.25699999928474426,0.10199999809265137
YNL039W,YDR235W,0,-5.7627406,0.20109546184539795,0.25699999928474426,0.10209999978542328
YNL312W,YNR026C,0,-5.7629657,0.20093823969364166,0.25699999928474426,0.10220000147819519
YLR381W,YLR238W,0,-5.763091,0.20078125596046448,0.25699999928474426,0.1023000031709671
YDR165W,YOR356W,0,-5.7632804,0.2006245106458664,0.25699999928474426,0.10239999741315842
YNL133C,YMR273C,0,-5.764024,0.2004680186510086,0.25699999928474426,0.10249999910593033
YDL074C,YFL060C,0,-5.764508,0.20031176507472992,0.25699999928474426,0.10260000079870224
YDL024C,YPL179W,1,-5.76473,0.20093457400798798,0.257999986410141,0.10260000079870224
YJL201W,YOL147C,0,-5.764887,0.20077821612358093,0.257999986410141,0.10270000249147415
YDL236W,YKR053C,1,-5.7650847,0.20139968395233154,0.2590000033378601,0.10270000249147415
YLR148W,YJL127C,0,-5.7651277,0.20124320685863495,0.2590000033378601,0.10279999673366547
YJL137C,YDR062W,0,-5.765303,0.20108695328235626,0.2590000033378601,0.10289999842643738
YER052C,YNL098C,0,-5.7653255,0.20093095302581787,0.2590000033378601,0.10300000011920929
YBR207W,YKR037C,0,-5.7655244,0.20077519118785858,0.2590000033378601,0.1031000018119812
YLR032W,YOR172W,0,-5.7656565,0.2006196677684784,0.2590000033378601,0.10320000350475311
YPR034W,YLR395C,0,-5.765696,0.2004643976688385,0.2590000033378601,0.10329999774694443
YDL040C,YOR265W,0,-5.766053,0.20030935108661652,0.2590000033378601,0.10339999943971634
YOR014W,YDR074W,1,-5.766161,0.20092736184597015,0.25999999046325684,0.10339999943971634
YDR492W,YNL058C,0,-5.7665954,0.20077219605445862,0.25999999046325684,0.10350000113248825
YCR027C,YKL027W,0,-5.7667313,0.20061728358268738,0.25999999046325684,0.10360000282526016
YDL065C,YNL246W,0,-5.7667766,0.20046260952949524,0.25999999046325684,0.10369999706745148
YMR221C,YOR008C,0,-5.7673,0.200308158993721,0.25999999046325684,0.10379999876022339
YBL075C,YNR061C,0,-5.767428,0.20015396177768707,0.25999999046325684,0.1039000004529953
YAL043C,YBL007C,0,-5.7675757,0.20000000298023224,0.25999999046325684,0.10400000214576721
YNL106C,YMR087W,1,-5.7676387,0.20061491429805756,0.26100000739097595,0.10400000214576721
YBR098W,YBR162W-A,0,-5.767856,0.20046083629131317,0.26100000739097595,0.10409999638795853
YMR193W,YML107C,0,-5.768187,0.2003069818019867,0.26100000739097595,0.10419999808073044
YNR032W,YLR019W,1,-5.7682567,0.2009202390909195,0.2619999945163727,0.10419999808073044
YPL110C,YGL066W,0,-5.7682805,0.20076628029346466,0.2619999945163727,0.10429999977350235
YOR307C,YGL096W,0,-5.768595,0.20061255991458893,0.2619999945163727,0.10440000146627426
YIL107C,YDR181C,0,-5.768636,0.2004590630531311,0.2619999945163727,0.10450000315904617
YDR201W,YJL069C,0,-5.7687926,0.20030580461025238,0.2619999945163727,0.10459999740123749
YPL154C,YJR028W,0,-5.76893,0.20015278458595276,0.2619999945163727,0.1046999990940094
YNL094W,YCR052W,0,-5.7691383,0.20000000298023224,0.2619999945163727,0.10480000078678131
YAL061W,YMR200W,0,-5.769221,0.19984744489192963,0.2619999945163727,0.10490000247955322
YER133W,YNL032W,1,-5.769312,0.20045731961727142,0.2630000114440918,0.10490000247955322
YNL106C,YDR436W,1,-5.7695055,0.201066255569458,0.2639999985694885,0.10490000247955322
YIL048W,YNL087W,0,-5.769569,0.2009132355451584,0.2639999985694885,0.10499999672174454
YLR381W,YHR004C,0,-5.7699533,0.20076045393943787,0.2639999985694885,0.10509999841451645
YHR073W,YIL008W,0,-5.7703633,0.20060789585113525,0.2639999985694885,0.10520000010728836
YOR099W,YPL113C,0,-5.7706103,0.20045557618141174,0.2639999985694885,0.10530000180006027
YNL094W,YDR030C,0,-5.7708716,0.20030349493026733,0.2639999985694885,0.10540000349283218
YIL036W,YIL168W,0,-5.7708783,0.20015163719654083,0.2639999985694885,0.1054999977350235
YDL100C,YGR046W,0,-5.771079,0.20000000298023224,0.2639999985694885,0.10559999942779541
YDL033C,YOR287C,0,-5.7710853,0.19984859228134155,0.2639999985694885,0.10570000112056732
YHR215W,YNL128W,1,-5.7711244,0.20045386254787445,0.26499998569488525,0.10570000112056732
YLR096W,YOL045W,0,-5.7712684,0.2003023475408554,0.26499998569488525,0.10580000281333923
YPL012W,YNL213C,0,-5.7715936,0.20015105605125427,0.26499998569488525,0.10589999705553055
YAL010C,YDL116W,0,-5.7718143,0.20000000298023224,0.26499998569488525,0.10599999874830246
YHR165C,YJL140W,0,-5.772218,0.1998491734266281,0.26499998569488525,0.10610000044107437
YKL054C,YLR151C,0,-5.772332,0.1996985673904419,0.26499998569488525,0.10620000213384628
YNL288W,YCL044C,0,-5.772712,0.19954819977283478,0.26499998569488525,0.1062999963760376
YOR035C,YNL309W,0,-5.7728124,0.19939804077148438,0.26499998569488525,0.10639999806880951
YNL177C,YGL083W,0,-5.7728724,0.19924812018871307,0.26499998569488525,0.10649999976158142
YER089C,YMR261C,1,-5.7729173,0.19984973967075348,0.26600000262260437,0.10649999976158142
YLR345W,YPR078C,0,-5.773031,0.19969969987869263,0.26600000262260437,0.10660000145435333
YGR077C,YLR212C,0,-5.77305,0.19954988360404968,0.26600000262260437,0.10670000314712524
YGL194C,YFL004W,0,-5.7730546,0.19940030574798584,0.26600000262260437,0.10679999738931656
YKL020C,YGR012W,0,-5.7733846,0.1992509365081787,0.26600000262260437,0.10689999908208847
YGL163C,YOR307C,0,-5.7738237,0.1991017907857895,0.26600000262260437,0.10700000077486038
YOR150W,YDR522C,0,-5.7744417,0.19895288348197937,0.26600000262260437,0.1071000024676323
YNL330C,YDL110C,0,-5.774654,0.19880418479442596,0.26600000262260437,0.10719999670982361
YBL037W,YKL016C,0,-5.7747416,0.19865570962429047,0.26600000262260437,0.10729999840259552
YJR017C,YGR052W,0,-5.774758,0.19850745797157288,0.26600000262260437,0.10740000009536743
YDL046W,YMR050C,0,-5.775038,0.1983594298362732,0.26600000262260437,0.10750000178813934
YPL024W,YGR046W,0,-5.775662,0.19821162521839142,0.26600000262260437,0.10760000348091125
YBR201W,YBR123C,0,-5.7756944,0.19806402921676636,0.26600000262260437,0.10769999772310257
YML101C,YBR233W-A,0,-5.7757487,0.1979166716337204,0.26600000262260437,0.10779999941587448
YPL240C,YPR042C,0,-5.7757726,0.19776952266693115,0.26600000262260437,0.10790000110864639
YLR307W,YPR005C,0,-5.775897,0.19762258231639862,0.26600000262260437,0.1080000028014183
YKL112W,YGR171C,0,-5.776077,0.197475865483284,0.26600000262260437,0.10809999704360962
YOL105C,YHR113W,0,-5.776184,0.19732937216758728,0.26600000262260437,0.10819999873638153
YKR067W,YLR373C,0,-5.7765765,0.19718310236930847,0.26600000262260437,0.10830000042915344
YKL206C,YDR255C,0,-5.7769866,0.19703704118728638,0.26600000262260437,0.10840000212192535
YGR134W,YIL084C,0,-5.7770967,0.196891188621521,0.26600000262260437,0.10849999636411667
YER143W,YNL221C,0,-5.7771163,0.19674555957317352,0.26600000262260437,0.10859999805688858
YLR047C,YJL042W,0,-5.7773194,0.19660015404224396,0.26600000262260437,0.10869999974966049
YBR231C,YKL211C,0,-5.777505,0.1964549422264099,0.26600000262260437,0.1088000014424324
YOL026C,YDR079W,0,-5.777512,0.19630996882915497,0.26600000262260437,0.10890000313520432
YBR281C,YJL124C,0,-5.7779284,0.19616518914699554,0.26600000262260437,0.10899999737739563
YBR200W,YBR017C,0,-5.7781434,0.19602063298225403,0.26600000262260437,0.10909999907016754
YER083C,YOR171C,0,-5.7785287,0.19587628543376923,0.26600000262260437,0.10920000076293945
YNL063W,YDR330W,0,-5.7786736,0.19573216140270233,0.26600000262260437,0.10930000245571136
YBR087W,YOL113W,0,-5.778733,0.19558823108673096,0.26600000262260437,0.10939999669790268
YOR090C,YFR040W,1,-5.778858,0.19617928564548492,0.2669999897480011,0.10939999669790268
YDR069C,YDR532C,0,-5.7793374,0.196035236120224,0.2669999897480011,0.10949999839067459
YDL160C,YNL137C,0,-5.780481,0.19589141011238098,0.2669999897480011,0.1096000000834465
YML016C,YER089C,1,-5.7807198,0.19648094475269318,0.2680000066757202,0.1096000000834465
YNL020C,YMR100W,0,-5.780935,0.1963369995355606,0.2680000066757202,0.10970000177621841
YPL164C,YDR460W,0,-5.781218,0.19619326293468475,0.2680000066757202,0.10980000346899033
YML070W,YOL009C,0,-5.781511,0.1960497498512268,0.2680000066757202,0.10989999771118164
YLR328W,YPL175W,0,-5.7815585,0.19590643048286438,0.2680000066757202,0.10999999940395355
YDR038C,YGL161C,0,-5.7817626,0.19576333463191986,0.2680000066757202,0.11010000109672546
YFL049W,YOR087W,0,-5.781814,0.19562043249607086,0.2680000066757202,0.11020000278949738
YDR364C,YKL079W,0,-5.7821417,0.19547775387763977,0.2680000066757202,0.11029999703168869
YOL007C,YKR013W,0,-5.7822347,0.1953352838754654,0.2680000066757202,0.1103999987244606
YGL066W,YDL170W,0,-5.782306,0.19519300758838654,0.2680000066757202,0.11050000041723251
YAL055W,YGR156W,0,-5.7824445,0.1950509399175644,0.2680000066757202,0.11060000211000443
YPL153C,YFR031C,0,-5.782472,0.19490909576416016,0.2680000066757202,0.11069999635219574
YNR032C-A,YNL250W,0,-5.7826343,0.19476744532585144,0.2680000066757202,0.11079999804496765
YJR009C,YPR118W,0,-5.782871,0.19462600350379944,0.2680000066757202,0.11089999973773956
YDR040C,YLR023C,0,-5.7829647,0.19448475539684296,0.2680000066757202,0.11100000143051147
YER018C,YLL032C,0,-5.7834315,0.19434373080730438,0.2680000066757202,0.11110000312328339
YJL165C,YBR166C,0,-5.7836957,0.19420289993286133,0.2680000066757202,0.1111999973654747
YHR076W,YNL032W,1,-5.7837944,0.19478638470172882,0.26899999380111694,0.1111999973654747
YNL106C,YGR161C,1,-5.7839365,0.19536903500556946,0.27000001072883606,0.1111999973654747
YDR264C,YKR101W,0,-5.7840176,0.19522777199745178,0.27000001072883606,0.11129999905824661
YDR408C,YOR160W,0,-5.784064,0.19508670270442963,0.27000001072883606,0.11140000075101852
YGR223C,YJR119C,0,-5.784565,0.19494584202766418,0.27000001072883606,0.11150000244379044
YPL203W,YML040W,0,-5.7851977,0.19480518996715546,0.27000001072883606,0.11159999668598175
YNR059W,YNL058C,0,-5.7865586,0.19466474652290344,0.27000001072883606,0.11169999837875366
YKL174C,YDR026C,0,-5.7868123,0.19452449679374695,0.27000001072883606,0.11180000007152557
YFR034C,YBR182C,0,-5.786953,0.19438445568084717,0.27000001072883606,0.11190000176429749
YLL042C,YIL114C,0,-5.7870116,0.1942446082830429,0.27000001072883606,0.1120000034570694
YJL183W,YFL033C,0,-5.7871213,0.19410495460033417,0.27000001072883606,0.11209999769926071
YNL286W,YKL195W,0,-5.7874775,0.19396552443504333,0.27000001072883606,0.11219999939203262
YCR091W,YOL011W,0,-5.7874866,0.19382627308368683,0.27000001072883606,0.11230000108480453
YIL085C,YMR218C,0,-5.7876887,0.19368723034858704,0.27000001072883606,0.11240000277757645
YHR188C,YER051W,0,-5.7877812,0.19354838132858276,0.27000001072883606,0.11249999701976776
YDR273W,YML130C,0,-5.7881484,0.1934097409248352,0.27000001072883606,0.11259999871253967
YDR235W,YOL110W,0,-5.7882104,0.19327129423618317,0.27000001072883606,0.11270000040531158
YCR027C,YDR349C,0,-5.788504,0.19313304126262665,0.27000001072883606,0.1128000020980835
YGL241W,YNL102W,0,-5.7887707,0.19299499690532684,0.27000001072883606,0.11289999634027481
YMR226C,YDR026C,0,-5.788789,0.19285714626312256,0.27000001072883606,0.11299999803304672
YPL254W,YOL003C,0,-5.7888217,0.1927194893360138,0.27000001072883606,0.11309999972581863
YDR181C,YPR096C,0,-5.7889304,0.19258202612400055,0.27000001072883606,0.11320000141859055
YJL099W,YIL049W,0,-5.7889776,0.19244475662708282,0.27000001072883606,0.11330000311136246
YOR257W,YDR469W,0,-5.7890153,0.19230769574642181,0.27000001072883606,0.11339999735355377
YOL122C,YNL081C,0,-5.789358,0.19217081367969513,0.27000001072883606,0.11349999904632568
YDR201W,YLR024C,0,-5.789372,0.19203414022922516,0.27000001072883606,0.1136000007390976
YBR281C,YDR439W,0,-5.7893786,0.1918976604938507,0.27000001072883606,0.1137000024318695
YJL003W,YNL316C,0,-5.7893977,0.19176135957241058,0.27000001072883606,0.11379999667406082
YPL098C,YHL017W,0,-5.789601,0.19162526726722717,0.27000001072883606,0.11389999836683273
YKL142W,YDR386W,0,-5.7902417,0.19148936867713928,0.27000001072883606,0.11400000005960464
YDR400W,YGL227W,0,-5.7903085,0.19135364890098572,0.27000001072883606,0.11410000175237656
YHR166C,YPL066W,0,-5.790357,0.19121813774108887,0.27000001072883606,0.11420000344514847
YOR380W,YGR251W,0,-5.790421,0.19108280539512634,0.27000001072883606,0.11429999768733978
YOL064C,YKR053C,1,-5.7904506,0.19165487587451935,0.2709999978542328,0.11429999768733978
YDL085W,YHR014W,0,-5.7905555,0.19151943922042847,0.2709999978542328,0.1143999993801117
YLR011W,YJL102W,0,-5.7906704,0.1913841813802719,0.2709999978542328,0.1145000010728836
YDL005C,YDR245W,0,-5.7910266,0.19124911725521088,0.2709999978542328,0.11460000276565552
YOR213C,YMR117C,0,-5.791215,0.19111424684524536,0.2709999978542328,0.11469999700784683
YNL159C,YML107C,0,-5.79141,0.19097957015037537,0.2709999978542328,0.11479999870061874
YER149C,YAL005C,0,-5.7914147,0.1908450722694397,0.2709999978542328,0.11490000039339066
YMR036C,YIL113W,1,-5.7919707,0.1914144903421402,0.2720000147819519,0.11490000039339066
YNL008C,YDR058C,0,-5.79211,0.19127988815307617,0.2720000147819519,0.11500000208616257
YOL123W,YNL121C,0,-5.792191,0.19114546477794647,0.2720000147819519,0.11509999632835388
YKL038W,YER024W,0,-5.792312,0.1910112351179123,0.2720000147819519,0.1151999980211258
YFL034C-B,YBR275C,0,-5.792435,0.19087719917297363,0.2720000147819519,0.1152999997138977
YFL021W,YJL207C,0,-5.792703,0.1907433420419693,0.2720000147819519,0.11540000140666962
YOL008W,YDR363W,0,-5.7927685,0.1906096637248993,0.2720000147819519,0.11550000309944153
YBL084C,YLL002W,0,-5.793274,0.190476194024086,0.2720000147819519,0.11559999734163284
YFL035C-B,YOL039W,0,-5.7932997,0.19034290313720703,0.2720000147819519,0.11569999903440475
YGL032C,YGR105W,0,-5.793515,0.1902097910642624,0.2720000147819519,0.11580000072717667
YDR153C,YCR066W,0,-5.7936993,0.19007687270641327,0.2720000147819519,0.11590000241994858
YEL009C,YKL035W,0,-5.7937427,0.18994413316249847,0.2720000147819519,0.11599999666213989
YPR175W,YPL074W,0,-5.7937536,0.1898115873336792,0.2720000147819519,0.1160999983549118
YGL053W,YDR367W,0,-5.793779,0.18967922031879425,0.2720000147819519,0.11620000004768372
YCL034W,YDR195W,0,-5.7941194,0.18954703211784363,0.2720000147819519,0.11630000174045563
YFR019W,YDL108W,0,-5.7941394,0.18941503763198853,0.2720000147819519,0.11640000343322754
YCR098C,YCL066W,0,-5.794774,0.18928322196006775,0.2720000147819519,0.11649999767541885
YFL024C,YGL213C,0,-5.794917,0.1891516000032425,0.2720000147819519,0.11659999936819077
YNL325C,YMR087W,1,-5.7952113,0.18971507251262665,0.27300000190734863,0.11659999936819077
YNL220W,YPL262W,0,-5.795245,0.18958333134651184,0.27300000190734863,0.11670000106096268
YDR379W,YMR095C,0,-5.795438,0.18945176899433136,0.27300000190734863,0.11680000275373459
YPR073C,YBR093C,1,-5.795612,0.19001387059688568,0.27399998903274536,0.11680000275373459
YIL107C,YLR034C,0,-5.795698,0.18988218903541565,0.27399998903274536,0.1168999969959259
YNL325C,YLL010C,1,-5.795739,0.190443217754364,0.2750000059604645,0.1168999969959259
YNR038W,YHL017W,0,-5.795795,0.19031141698360443,0.2750000059604645,0.11699999868869781
YOL066C,YGR070W,0,-5.7958817,0.19017980992794037,0.2750000059604645,0.11710000038146973
YGR255C,YGR267C,0,-5.7964168,0.19004838168621063,0.2750000059604645,0.11720000207424164
YMR204C,YMR037C,0,-5.7964225,0.18991713225841522,0.2750000059604645,0.11729999631643295
YFR019W,YNL188W,0,-5.7964554,0.18978606164455414,0.2750000059604645,0.11739999800920486
YPL059W,YDR166C,0,-5.796496,0.18965516984462738,0.2750000059604645,0.11749999970197678
YIL145C,YOR191W,0,-5.796694,0.18952447175979614,0.2750000059604645,0.11760000139474869
YDL006W,YKR028W,1,-5.7968955,0.1900826394557953,0.2759999930858612,0.11760000139474869
YBR093C,YBR022W,1,-5.797072,0.19064006209373474,0.2770000100135803,0.11760000139474869
YLR310C,YGR143W,0,-5.797487,0.19050894677639008,0.2770000100135803,0.1177000030875206
YIL120W,YOL004W,0,-5.797505,0.19037801027297974,0.2770000100135803,0.11779999732971191
YGL119W,YOR113W,0,-5.7975216,0.19024725258350372,0.2770000100135803,0.11789999902248383
YAR071W,YPL179W,1,-5.79769,0.19080302119255066,0.27799999713897705,0.11789999902248383
YJL178C,YBL034C,0,-5.7977185,0.1906721591949463,0.27799999713897705,0.11800000071525574
YFR025C,YDR074W,1,-5.797932,0.19122686982154846,0.27900001406669617,0.11800000071525574
YLR249W,YLR132C,0,-5.798215,0.19109588861465454,0.27900001406669617,0.11810000240802765
YHR051W,YNL074C,0,-5.798615,0.19096508622169495,0.27900001406669617,0.11819999665021896
YMR036C,YER089C,1,-5.7987475,0.19151847064495087,0.2800000011920929,0.11819999665021896
YKL190W,YMR036C,1,-5.7988124,0.1920710802078247,0.2809999883174896,0.11819999665021896
YLR440C,YKL140W,0,-5.798989,0.19193989038467407,0.2809999883174896,0.11829999834299088
YGL004C,YDL110C,0,-5.799278,0.19180887937545776,0.2809999883174896,0.11840000003576279
YHR073W,YDR293C,0,-5.7993503,0.1916780322790146,0.2809999883174896,0.1185000017285347
YDR028C,YDR080W,0,-5.8000474,0.19154737889766693,0.2809999883174896,0.11860000342130661
YDR296W,YPL016W,0,-5.800123,0.1914168894290924,0.2809999883174896,0.11869999766349792
YEL056W,YBL022C,0,-5.8002524,0.1912865936756134,0.2809999883174896,0.11879999935626984
YFR034C,YCR036W,0,-5.800527,0.19115646183490753,0.2809999883174896,0.11890000104904175
YJL134W,YIL113W,1,-5.8006253,0.1917063295841217,0.28200000524520874,0.11890000104904175
YMR299C,YMR227C,0,-5.801047,0.19157609343528748,0.28200000524520874,0.11900000274181366
YMR221C,YKR067W,0,-5.801345,0.19144602119922638,0.28200000524520874,0.11909999698400497
YHR165C,YER078C,0,-5.801644,0.1913161426782608,0.28200000524520874,0.11919999867677689
YOL145C,YKL014C,0,-5.8016458,0.19118644297122955,0.28200000524520874,0.1193000003695488
YKL135C,YDR393W,0,-5.801664,0.19105690717697144,0.28200000524520874,0.11940000206232071
YOR090C,YIL113W,1,-5.802067,0.1916045993566513,0.28299999237060547,0.11940000206232071
YLL010C,YJL098W,1,-5.8022504,0.19215156137943268,0.2840000092983246,0.11940000206232071
YKL190W,YHR215W,1,-5.8023634,0.19269776344299316,0.2849999964237213,0.11940000206232071
YDL134C,YFR040W,1,-5.802538,0.19324325025081635,0.28600001335144043,0.11940000206232071
YDR033W,YJL164C,0,-5.802759,0.19311276078224182,0.28600001335144043,0.11949999630451202
YDL149W,YKL080W,0,-5.802837,0.19298245012760162,0.28600001335144043,0.11959999799728394
YOL064C,YDR074W,1,-5.802907,0.19352664053440094,0.28700000047683716,0.11959999799728394
YHR005C,YNR064C,0,-5.8031487,0.19339622557163239,0.28700000047683716,0.11969999969005585
YNL333W,YML124C,0,-5.803339,0.19326598942279816,0.28700000047683716,0.11980000138282776
YDR386W,YNL247W,0,-5.8039994,0.19313593208789825,0.28700000047683716,0.11990000307559967
YKL068W,YJR104C,0,-5.804093,0.19300605356693268,0.28700000047683716,0.11999999731779099
YDL019C,YOR279C,0,-5.8042316,0.19287633895874023,0.28700000047683716,0.1200999990105629
YNR067C,YGR090W,0,-5.8042684,0.19274680316448212,0.28700000047683716,0.12020000070333481
YBR136W,YJL087C,0,-5.8044,0.19261744618415833,0.28700000047683716,0.12030000239610672
YER108C,YNL154C,0,-5.804466,0.19248826801776886,0.28700000047683716,0.12039999663829803
YGL153W,YDR189W,0,-5.804517,0.19235925376415253,0.28700000047683716,0.12049999833106995
YKL046C,YIL096C,0,-5.804644,0.19223040342330933,0.28700000047683716,0.12060000002384186
YMR266W,YHR117W,0,-5.8047385,0.19210174679756165,0.28700000047683716,0.12070000171661377
YKL038W,YBR162W-A,0,-5.8049145,0.1919732391834259,0.28700000047683716,0.12080000340938568
YBL045C,YNL134C,0,-5.8051496,0.19184492528438568,0.28700000047683716,0.120899997651577
YDL164C,YIL173W,0,-5.8053384,0.1917167603969574,0.28700000047683716,0.12099999934434891
YDR072C,YDR354W,0,-5.8059144,0.19158878922462463,0.28700000047683716,0.12110000103712082
YCR014C,YMR179W,0,-5.8059173,0.1914609670639038,0.28700000047683716,0.12120000272989273
YOL068C,YHR202W,0,-5.8061314,0.1913333386182785,0.28700000047683716,0.12129999697208405
YER075C,YDR287W,1,-5.806357,0.19187209010124207,0.2879999876022339,0.12129999697208405
YPL228W,YDL006W,1,-5.807219,0.19241012632846832,0.289000004529953,0.12129999697208405
YPL021W,YOR076C,0,-5.807503,0.19228209555149078,0.289000004529953,0.12139999866485596
YBL037W,YHR096C,0,-5.8078475,0.19215425848960876,0.289000004529953,0.12150000035762787
YLR014C,YGL120C,0,-5.8082414,0.19202658534049988,0.289000004529953,0.12160000205039978
YDL222C,YKL095W,0,-5.808451,0.19189907610416412,0.289000004529953,0.1216999962925911
YPL021W,YOR132W,0,-5.808512,0.1917717307806015,0.289000004529953,0.121799997985363
YBR041W,YKR098C,0,-5.8085814,0.1916445642709732,0.289000004529953,0.12189999967813492
YMR208W,YPL249C,0,-5.8086815,0.19151756167411804,0.289000004529953,0.12200000137090683
YPL228W,YPR073C,1,-5.808722,0.19205297529697418,0.28999999165534973,0.12200000137090683
YCR060W,YIR014W,0,-5.809297,0.19192588329315186,0.28999999165534973,0.12210000306367874
YLR321C,YKL010C,0,-5.8093853,0.19179894030094147,0.28999999165534973,0.12219999730587006
YJL214W,YNR049C,0,-5.809554,0.1916721761226654,0.28999999165534973,0.12229999899864197
YOL088C,YER053C,0,-5.809667,0.19154557585716248,0.28999999165534973,0.12240000069141388
YLR051C,YJR088C,0,-5.8099294,0.19141913950443268,0.28999999165534973,0.12250000238418579
YFL031W,YER008C,0,-5.809964,0.1912928819656372,0.28999999165534973,0.1225999966263771
YOR179C,YER098W,0,-5.810225,0.19116677343845367,0.28999999165534973,0.12269999831914902
YDR512C,YHL024W,0,-5.8103538,0.19104084372520447,0.28999999165534973,0.12280000001192093
YBR280C,YDR400W,0,-5.810804,0.1909150779247284,0.28999999165534973,0.12290000170469284
YPR135W,YMR019W,0,-5.8111453,0.19078947603702545,0.28999999165534973,0.12300000339746475
YCR091W,YGL161C,0,-5.8113823,0.19066403806209564,0.28999999165534973,0.12309999763965607
YPL228W,YMR261C,1,-5.811852,0.1911958009004593,0.29100000858306885,0.12309999763965607
YOL033W,YHR133C,0,-5.811894,0.19107025861740112,0.29100000858306885,0.12319999933242798
YAL041W,YDL155W,0,-5.8119664,0.1909448802471161,0.29100000858306885,0.12330000102519989
YLR270W,YPL221W,0,-5.8131757,0.1908196657896042,0.29100000858306885,0.1234000027179718
YKR095W,YGR193C,0,-5.813295,0.1906946301460266,0.29100000858306885,0.12349999696016312
YIL155C,YIR019C,0,-5.8134933,0.19056974351406097,0.29100000858306885,0.12359999865293503
YGR161C,YDR074W,1,-5.8141665,0.19109947979450226,0.2919999957084656,0.12359999865293503
YHR166C,YML019W,0,-5.8142943,0.19097448885440826,0.2919999957084656,0.12370000034570694
YER109C,YDR456W,0,-5.8145447,0.1908496767282486,0.2919999957084656,0.12380000203847885
YER073W,YKL038W,0,-5.814984,0.19072501361370087,0.2919999957084656,0.12389999628067017
YBR217W,YDL245C,0,-5.8150487,0.19060052931308746,0.2919999957084656,0.12399999797344208
YNL036W,YNL190W,0,-5.815286,0.190476194024086,0.2919999957084656,0.12409999966621399
YIL040W,YBR108W,0,-5.8156962,0.19035202264785767,0.2919999957084656,0.1242000013589859
YPR124W,YBR107C,0,-5.8157196,0.19022801518440247,0.2919999957084656,0.12430000305175781
YDR436W,YER089C,1,-5.816049,0.1907552033662796,0.2930000126361847,0.12430000305175781
YMR180C,YER133W,1,-5.8161397,0.19128172099590302,0.2939999997615814,0.12430000305175781
YMR097C,YGR198W,0,-5.816362,0.19115734100341797,0.2939999997615814,0.12439999729394913
YCL039W,YML103C,0,-5.8163934,0.19103313982486725,0.2939999997615814,0.12449999898672104
YOR123C,YPR086W,0,-5.8168945,0.19090908765792847,0.2939999997615814,0.12460000067949295
YGL256W,YOR047C,0,-5.8171134,0.19078519940376282,0.2939999997615814,0.12470000237226486
YNL253W,YBL010C,0,-5.817345,0.1906614750623703,0.2939999997615814,0.12479999661445618
YDR141C,YBR192W,0,-5.817372,0.19053791463375092,0.2939999997615814,0.12489999830722809
YNL020C,YBR114W,0,-5.8174005,0.19041450321674347,0.2939999997615814,0.125
YPL110C,YCL034W,0,-5.8176217,0.19029125571250916,0.2939999997615814,0.1251000016927719
YPR029C,YKR038C,0,-5.8176684,0.19016817212104797,0.2939999997615814,0.12520000338554382
YDR122W,YBR153W,0,-5.817716,0.19004525244235992,0.2939999997615814,0.12530000507831573
YOL119C,YOR246C,0,-5.8178573,0.1899224817752838,0.2939999997615814,0.12540000677108765
YMR168C,YJL154C,0,-5.8178864,0.18979987502098083,0.2939999997615814,0.12549999356269836
YDL006W,YMR156C,1,-5.818314,0.19032257795333862,0.29499998688697815,0.12549999356269836
YMR277W,YBR022W,1,-5.8185863,0.1908446103334427,0.29600000381469727,0.12549999356269836
YOL064C,YNL032W,1,-5.81875,0.19136597216129303,0.296999990940094,0.12549999356269836
YGL094C,YER058W,0,-5.8190193,0.1912427544593811,0.296999990940094,0.12559999525547028
YCL027C-A,YMR002W,0,-5.819611,0.19111968576908112,0.296999990940094,0.1256999969482422
YDR069C,YMR134W,0,-5.819672,0.19099678099155426,0.296999990940094,0.1257999986410141
YCR079W,YNL217W,1,-5.819831,0.19151671230793,0.2980000078678131,0.1257999986410141
YJR134C,YHR066W,0,-5.820151,0.19139370322227478,0.2980000078678131,0.125900000333786
YLR086W,YOR242C,0,-5.820233,0.1912708580493927,0.2980000078678131,0.12600000202655792
YER089C,YGL229C,1,-5.8202605,0.19178961217403412,0.29899999499320984,0.12600000202655792
YDR436W,YMR087W,1,-5.820393,0.19230769574642181,0.30000001192092896,0.12600000202655792
YJR060W,YDL150W,0,-5.820722,0.19218449294567108,0.30000001192092896,0.12610000371932983
YFL024C,YDR499W,0,-5.82074,0.19206145405769348,0.30000001192092896,0.12620000541210175
YLR022C,YPL011C,0,-5.820969,0.191938579082489,0.30000001192092896,0.12630000710487366
YBR272C,YDR122W,0,-5.8213267,0.19181585311889648,0.30000001192092896,0.12639999389648438
YDR451C,YJR027W,0,-5.8213806,0.1916932910680771,0.30000001192092896,0.1264999955892563
YOR250C,YNL194C,0,-5.8215404,0.19157087802886963,0.30000001192092896,0.1265999972820282
YKL011C,YOR231W,0,-5.8215775,0.1914486289024353,0.30000001192092896,0.1266999989748001
YKL052C,YJL100W,0,-5.822004,0.19132652878761292,0.30000001192092896,0.12680000066757202
YCR077C,YPR091C,0,-5.8220234,0.19120459258556366,0.30000001192092896,0.12690000236034393
YGR274C,YDR057W,0,-5.822598,0.19108280539512634,0.30000001192092896,0.12700000405311584
YBR004C,YPL016W,0,-5.822943,0.19096116721630096,0.30000001192092896,0.12710000574588776
YKL025C,YMR223W,0,-5.8230863,0.19083969295024872,0.30000001192092896,0.12720000743865967
YCR021C,YIR009W,0,-5.823216,0.1907183676958084,0.30000001192092896,0.12729999423027039
YDR227W,YJR135W-A,0,-5.8233447,0.19059720635414124,0.30000001192092896,0.1273999959230423
YDR121W,YML114C,0,-5.823393,0.190476194024086,0.30000001192092896,0.1274999976158142
YDR005C,YPR165W,0,-5.823419,0.1903553307056427,0.30000001192092896,0.12759999930858612
YNL325C,YNL106C,1,-5.8237443,0.19086873531341553,0.3009999990463257,0.12759999930858612
YDR410C,YER011W,0,-5.823937,0.19074778258800507,0.3009999990463257,0.12770000100135803
YPR201W,YIL144W,0,-5.824125,0.19062697887420654,0.3009999990463257,0.12780000269412994
YAL020C,YDR507C,0,-5.8241534,0.19050632417201996,0.3009999990463257,0.12790000438690186
YBR217W,YDR058C,0,-5.824425,0.1903858333826065,0.3009999990463257,0.12800000607967377
YKR008W,YMR272C,0,-5.824573,0.190265491604805,0.3009999990463257,0.12809999287128448
YLR233C,YHL025W,0,-5.824673,0.19014529883861542,0.3009999990463257,0.1281999945640564
YLR163C,YLR148W,0,-5.8250227,0.19002525508403778,0.3009999990463257,0.1282999962568283
YLR216C,YPR075C,0,-5.8254733,0.18990536034107208,0.3009999990463257,0.12839999794960022
YJL171C,YMR160W,0,-5.8254733,0.18978562951087952,0.3009999990463257,0.12849999964237213
YER133W,YDL134C,1,-5.825705,0.19029615819454193,0.3019999861717224,0.12849999964237213
YLR440C,YDR312W,0,-5.826371,0.190176323056221,0.3019999861717224,0.12860000133514404
YMR020W,YNL103W,0,-5.8265033,0.19005663692951202,0.3019999861717224,0.12870000302791595
YDL236W,YPL179W,1,-5.826588,0.1905660331249237,0.30300000309944153,0.12870000302791595
YMR100W,YDR195W,0,-5.826966,0.19044625759124756,0.30300000309944153,0.12880000472068787
YMR306W,YBR030W,0,-5.827019,0.19032663106918335,0.30300000309944153,0.12890000641345978
YJR161C,YBR253W,0,-5.8272433,0.19020715355873108,0.30300000309944153,0.1289999932050705
YPL084W,YOR211C,0,-5.8273697,0.19008782505989075,0.30300000309944153,0.1290999948978424
YER161C,YDR105C,0,-5.827398,0.18996864557266235,0.30300000309944153,0.12919999659061432
YBR110W,YLR135W,0,-5.827497,0.1898496299982071,0.30300000309944153,0.12929999828338623
YER004W,YOR381W,0,-5.827593,0.18973074853420258,0.30300000309944153,0.12939999997615814
YLR183C,YOR356W,0,-5.8277717,0.18961201608181,0.30300000309944153,0.12950000166893005
YHR076W,YNL217W,1,-5.8281302,0.19011881947517395,0.30399999022483826,0.12950000166893005
YLR431C,YDR256C,0,-5.8284802,0.1899999976158142,0.30399999022483826,0.12960000336170197
YDR099W,YGR029W,0,-5.829087,0.1898813247680664,0.30399999022483826,0.12970000505447388
YKL190W,YDL230W,1,-5.829358,0.19038701057434082,0.3050000071525574,0.12970000505447388
YMR311C,YIL144W,0,-5.8295712,0.19026824831962585,0.3050000071525574,0.1298000067472458
YLR023C,YIL022W,0,-5.8298326,0.19014962017536163,0.3050000071525574,0.1298999935388565
YER001W,YNL306W,0,-5.830262,0.19003115594387054,0.3050000071525574,0.12999999523162842
YKR086W,YER148W,0,-5.830273,0.1899128258228302,0.3050000071525574,0.13009999692440033
YLR336C,YDR486C,0,-5.830732,0.1897946447134018,0.3050000071525574,0.13019999861717224
YDR402C,YOL041C,0,-5.83087,0.18967661261558533,0.3050000071525574,0.13030000030994415
YCR011C,YCR077C,0,-5.83109,0.1895587295293808,0.3050000071525574,0.13040000200271606
YHR043C,YBR093C,1,-5.83112,0.19006210565567017,0.3059999942779541,0.13040000200271606
YLR287C-A,YOR246C,0,-5.8311334,0.18994413316249847,0.3059999942779541,0.13050000369548798
YPL053C,YMR190C,0,-5.8311863,0.18982630968093872,0.3059999942779541,0.1306000053882599
YJL104W,YGR296W,0,-5.8312087,0.1897086203098297,0.3059999942779541,0.1307000070810318
YCR027C,YBR006W,0,-5.8313766,0.18959107995033264,0.3059999942779541,0.13079999387264252
YNL325C,YFR025C,1,-5.831454,0.19009287655353546,0.3070000112056732,0.13079999387264252
YGR241C,YLR126C,0,-5.8315864,0.18997524678707123,0.3070000112056732,0.13089999556541443
YBR267W,YFR045W,0,-5.831735,0.18985776603221893,0.3070000112056732,0.13099999725818634
YML099C,YBR108W,0,-5.8321557,0.18974041938781738,0.3070000112056732,0.13109999895095825
YLR450W,YDL120W,0,-5.8324485,0.18962322175502777,0.3070000112056732,0.13120000064373016
YHR081W,YIL061C,0,-5.832722,0.1895061731338501,0.3070000112056732,0.13130000233650208
YEL030W,YLR096W,0,-5.8329396,0.18938925862312317,0.3070000112056732,0.131400004029274
YML107C,YDL033C,0,-5.8332934,0.18927250802516937,0.3070000112056732,0.1315000057220459
YHL032C,YDL225W,0,-5.8332963,0.18915589153766632,0.3070000112056732,0.1316000074148178
YGR056W,YNR026C,0,-5.8334184,0.189039409160614,0.3070000112056732,0.13169999420642853
YAL029C,YLR034C,0,-5.833426,0.18892307579517365,0.3070000112056732,0.13179999589920044
YLR431C,YPL059W,0,-5.8337626,0.18880689144134521,0.3070000112056732,0.13189999759197235
YML019W,YCL008C,0,-5.8338213,0.18869084119796753,0.3070000112056732,0.13199999928474426
YDR229W,YJL143W,0,-5.83427,0.18857493996620178,0.3070000112056732,0.13210000097751617
YIR041W,YER074W-A,0,-5.8343368,0.18845917284488678,0.3070000112056732,0.13220000267028809
YIL005W,YHR133C,0,-5.834715,0.18834355473518372,0.3070000112056732,0.13230000436306
YMR232W,YLR095C,0,-5.8349895,0.1882280856370926,0.3070000112056732,0.1324000060558319
YPR023C,YGR229C,0,-5.835045,0.1881127506494522,0.3070000112056732,0.13249999284744263
YDR349C,YJR015W,0,-5.835095,0.18799754977226257,0.3070000112056732,0.13259999454021454
YLL031C,YKL167C,0,-5.835162,0.18788249790668488,0.3070000112056732,0.13269999623298645
YCR028C,YNL003C,0,-5.835201,0.18776758015155792,0.3070000112056732,0.13279999792575836
YPL276W,YPR158C-D,0,-5.8359923,0.1876528114080429,0.3070000112056732,0.13289999961853027
YHR117W,YKL077W,0,-5.8360085,0.18753817677497864,0.3070000112056732,0.13300000131130219
YCR071C,YHL025W,0,-5.8360496,0.1874236911535263,0.3070000112056732,0.1331000030040741
YHR076W,YJL098W,1,-5.8360972,0.1879194676876068,0.30799999833106995,0.1331000030040741
YNR035C,YLR119W,0,-5.836269,0.18780487775802612,0.30799999833106995,0.133200004696846
YDR380W,YLR214W,0,-5.8363733,0.18769043684005737,0.30799999833106995,0.13330000638961792
YBR114W,YGR229C,0,-5.8364825,0.18757613003253937,0.30799999833106995,0.13339999318122864
YDR254W,YJR109C,0,-5.8367324,0.1874619573354721,0.30799999833106995,0.13349999487400055
YML114C,YDR362C,0,-5.8367734,0.18734793365001678,0.30799999833106995,0.13359999656677246
YPR193C,YLL040C,0,-5.83688,0.1872340440750122,0.30799999833106995,0.13369999825954437
YMR092C,YML065W,0,-5.8369184,0.18712028861045837,0.30799999833106995,0.13379999995231628
YNL118C,YGR240C,0,-5.837307,0.18700668215751648,0.30799999833106995,0.1339000016450882
YOL142W,YDL038C,0,-5.8374476,0.18689320981502533,0.30799999833106995,0.1340000033378601
YDR235W,YOR007C,0,-5.8377123,0.18677987158298492,0.30799999833106995,0.13410000503063202
YPL117C,YNL102W,0,-5.8377223,0.18666666746139526,0.30799999833106995,0.13420000672340393
YER048W-A,YLR064W,0,-5.8381925,0.18655359745025635,0.30799999833106995,0.13429999351501465
YCR105W,YNR004W,0,-5.838465,0.18644067645072937,0.30799999833106995,0.13439999520778656
YOL116W,YOR297C,0,-5.838648,0.18632788956165314,0.30799999833106995,0.13449999690055847
YBR115C,YHR025W,0,-5.83876,0.18621523678302765,0.30799999833106995,0.13459999859333038
YDL002C,YDR196C,0,-5.8391566,0.1861027181148529,0.30799999833106995,0.1347000002861023
YPL001W,YMR073C,0,-5.839588,0.1859903335571289,0.30799999833106995,0.1348000019788742
YKR037C,YOR172W,0,-5.8397403,0.18587809801101685,0.30799999833106995,0.13490000367164612
YFR025C,YIL113W,1,-5.840179,0.1863691210746765,0.3089999854564667,0.13490000367164612
YDL202W,YPL157W,0,-5.8402047,0.1862567812204361,0.3089999854564667,0.13500000536441803
YOR316C,YPL208W,0,-5.8403287,0.18614457547664642,0.3089999854564667,0.13510000705718994
YMR161W,YCR021C,0,-5.8405657,0.1860325038433075,0.3089999854564667,0.13519999384880066
YGR123C,YNL032W,1,-5.8406005,0.18652226030826569,0.3100000023841858,0.13519999384880066
YGL043W,YPR083W,0,-5.840623,0.1864100992679596,0.3100000023841858,0.13529999554157257
YPR002W,YGR116W,0,-5.841068,0.18629807233810425,0.3100000023841858,0.13539999723434448
YBR041W,YDR307W,0,-5.841226,0.18618617951869965,0.3100000023841858,0.1354999989271164
YLR203C,YDR488C,0,-5.841273,0.18607443571090698,0.3100000023841858,0.1356000006198883
YDR255C,YGL096W,0,-5.8415093,0.18596281111240387,0.3100000023841858,0.13570000231266022
YGR284C,YDR348C,0,-5.8415475,0.1858513206243515,0.3100000023841858,0.13580000400543213
YAL053W,YBR258C,0,-5.8416495,0.18573996424674988,0.3100000023841858,0.13590000569820404
YER133W,YBR092C,1,-5.8417697,0.18622754514217377,0.3109999895095825,0.13590000569820404
YHR091C,YER029C,0,-5.841892,0.18611609935760498,0.3109999895095825,0.13600000739097595
YBL074C,YGR156W,0,-5.842036,0.18600478768348694,0.3109999895095825,0.13609999418258667
YDR376W,YDR368W,0,-5.8420835,0.18589361011981964,0.3109999895095825,0.13619999587535858
YHR114W,YKL046C,0,-5.8423624,0.1857825517654419,0.3109999895095825,0.1362999975681305
YGR077C,YJL029C,0,-5.8424935,0.1856716424226761,0.3109999895095825,0.1363999992609024
YER014W,YIL063C,0,-5.84271,0.18556085228919983,0.3109999895095825,0.13650000095367432
YOR090C,YGR161C,1,-5.8427916,0.1860465109348297,0.31200000643730164,0.13650000095367432
YKR095W,YKL214C,0,-5.8428884,0.1859356313943863,0.31200000643730164,0.13660000264644623
YDR093W,YDL247W,0,-5.843127,0.1858249008655548,0.31200000643730164,0.13670000433921814
YFL047W,YNL083W,0,-5.843348,0.18571428954601288,0.31200000643730164,0.13680000603199005
YMR180C,YFR025C,1,-5.843654,0.18619869649410248,0.31299999356269836,0.13680000603199005
YNL300W,YNR036C,0,-5.843697,0.18608799576759338,0.31299999356269836,0.13689999282360077
YER179W,YIR014W,0,-5.8437886,0.18597741425037384,0.31299999356269836,0.13699999451637268
YOR250C,YCL045C,0,-5.84407,0.18586698174476624,0.31299999356269836,0.1370999962091446
YGR216C,YMR195W,0,-5.844295,0.18575668334960938,0.31299999356269836,0.1371999979019165
YML130C,YPR168W,0,-5.844325,0.18564650416374207,0.31299999356269836,0.13729999959468842
YOR120W,YKL067W,0,-5.8445153,0.1855364590883255,0.31299999356269836,0.13740000128746033
YNL077W,YPL124W,0,-5.844525,0.1854265332221985,0.31299999356269836,0.13750000298023224
YNL232W,YMR137C,0,-5.8448772,0.1853167563676834,0.31299999356269836,0.13760000467300415
YDL149W,YJR026W,0,-5.8450875,0.18520709872245789,0.31299999356269836,0.13770000636577606
YOL004W,YOR076C,0,-5.8451753,0.1850975751876831,0.31299999356269836,0.13779999315738678
YJR112W,YNL083W,0,-5.845304,0.18498818576335907,0.31299999356269836,0.1378999948501587
YNL317W,YBL025W,0,-5.8454866,0.18487891554832458,0.31299999356269836,0.1379999965429306
YMR013C,YPL144W,0,-5.845571,0.18476977944374084,0.31299999356269836,0.13809999823570251
YJL071W,YLR193C,0,-5.846202,0.18466076254844666,0.31299999356269836,0.13819999992847443
YBR086C,YLR033W,0,-5.846226,0.1845518797636032,0.31299999356269836,0.13830000162124634
YMR237W,YGL066W,0,-5.8463817,0.1844431310892105,0.31299999356269836,0.13840000331401825
YGR008C,YMR045C,0,-5.84645,0.18433451652526855,0.31299999356269836,0.13850000500679016
YLR189C,YDR314C,0,-5.846953,0.18422602117061615,0.31299999356269836,0.13860000669956207
YDR284C,YBR276C,1,-5.846973,0.18470588326454163,0.3140000104904175,0.13860000669956207
YKR022C,YLR164W,0,-5.8471055,0.18459729850292206,0.3140000104904175,0.1386999934911728
YPL106C,YER190W,0,-5.8473477,0.18448883295059204,0.3140000104904175,0.1387999951839447
YNL101W,YLR205C,0,-5.847356,0.18438050150871277,0.3140000104904175,0.1388999968767166
YMR219W,YDR461W,0,-5.8473783,0.18427230417728424,0.3140000104904175,0.13899999856948853
YLL060C,YDR122W,0,-5.8476105,0.18416422605514526,0.3140000104904175,0.13910000026226044
YDR298C,YFR041C,0,-5.8480735,0.18405626714229584,0.3140000104904175,0.13920000195503235
YLR377C,YDL230W,1,-5.8483768,0.18453426659107208,0.3149999976158142,0.13920000195503235
YDL019C,YPR032W,0,-5.848452,0.1844262331724167,0.3149999976158142,0.13930000364780426
YDR308C,YKL154W,0,-5.848516,0.18431831896305084,0.3149999976158142,0.13940000534057617
YAL061W,YJR135W-A,0,-5.848677,0.18421052396297455,0.3149999976158142,0.13950000703334808
YDR376W,YLR272C,0,-5.8490677,0.184102863073349,0.3149999976158142,0.1395999938249588
YPR002W,YKL086W,0,-5.84909,0.183995321393013,0.3149999976158142,0.1396999955177307
YLR382C,YDR109C,0,-5.849378,0.18388791382312775,0.3149999976158142,0.13979999721050262
YNL106C,YDL236W,1,-5.849408,0.18436406552791595,0.3160000145435333,0.13979999721050262
YMR165C,YBR093C,1,-5.849554,0.1848396509885788,0.31700000166893005,0.13979999721050262
YDR214W,YBL058W,0,-5.8500524,0.18473193049430847,0.31700000166893005,0.13989999890327454
YLR127C,YDR244W,0,-5.850058,0.1846243441104889,0.31700000166893005,0.14000000059604645
YLR174W,YDL170W,0,-5.8501277,0.18451687693595886,0.31700000166893005,0.14010000228881836
YDR298C,YBR251W,0,-5.850305,0.18440954387187958,0.31700000166893005,0.14020000398159027
YFL022C,YGR296W,0,-5.8507757,0.18430233001708984,0.31700000166893005,0.14030000567436218
YLR386W,YDL025C,0,-5.850831,0.18419523537158966,0.31700000166893005,0.1404000073671341
YDL106C,YHR030C,0,-5.8510413,0.18408827483654022,0.31700000166893005,0.1404999941587448
YHR209W,YLL019C,0,-5.8514047,0.18398143351078033,0.31700000166893005,0.14059999585151672
YDL006W,YOR090C,1,-5.8514476,0.1844547539949417,0.3179999887943268,0.14059999585151672
YDR040C,YNL047C,0,-5.851657,0.18434782326221466,0.3179999887943268,0.14069999754428864
YNL173C,YHR117W,0,-5.8519073,0.18424102663993835,0.3179999887943268,0.14079999923706055
YOR141C,YBR207W,0,-5.8523564,0.1841343343257904,0.3179999887943268,0.14090000092983246
YOR144C,YKL080W,0,-5.8523583,0.1840277761220932,0.3179999887943268,0.14100000262260437
YJL024C,YER050C,0,-5.8527493,0.18392133712768555,0.3179999887943268,0.14110000431537628
YKL149C,YIR010W,0,-5.852881,0.18381503224372864,0.3179999887943268,0.1412000060081482
YBR183W,YPL276W,0,-5.8529105,0.18370883166790009,0.3179999887943268,0.1412999927997589
YOL103W,YPR141C,0,-5.8529687,0.18360276520252228,0.3179999887943268,0.14139999449253082
YNL103W,YCL045C,0,-5.853147,0.18349683284759521,0.3179999887943268,0.14149999618530273
YER042W,YHR138C,0,-5.8532996,0.1833910048007965,0.3179999887943268,0.14159999787807465
YMR165C,YDR436W,1,-5.8534303,0.18386167287826538,0.3190000057220459,0.14159999787807465
YMR172W,YAR010C,0,-5.8538117,0.1837557554244995,0.3190000057220459,0.14169999957084656
YHR188C,YJL173C,0,-5.85387,0.1836499720811844,0.3190000057220459,0.14180000126361847
YOR125C,YGR198W,0,-5.8539786,0.1835443079471588,0.3190000057220459,0.14190000295639038
YAL044C,YGR014W,0,-5.854419,0.1834387630224228,0.3190000057220459,0.1420000046491623
YOR026W,YJR135W-A,0,-5.855462,0.18333333730697632,0.3190000057220459,0.1421000063419342
YPL274W,YOR172W,0,-5.8555245,0.1832280308008194,0.3190000057220459,0.14219999313354492
YBR276C,YKR028W,1,-5.855591,0.1836968958377838,0.3199999928474426,0.14219999313354492
YMR165C,YBR092C,1,-5.8556976,0.18416523933410645,0.32100000977516174,0.14219999313354492
YLR381W,YAL023C,0,-5.855943,0.18405963480472565,0.32100000977516174,0.14229999482631683
YIL140W,YHR123W,0,-5.8560796,0.1839541494846344,0.32100000977516174,0.14239999651908875
YNL059C,YNL272C,0,-5.8561606,0.1838487982749939,0.32100000977516174,0.14249999821186066
YDR039C,YNL311C,0,-5.8561883,0.18374356627464294,0.32100000977516174,0.14259999990463257
YGR001C,YDR179C,0,-5.8564186,0.18363843858242035,0.32100000977516174,0.14270000159740448
YLR151C,YGR251W,0,-5.8564878,0.1835334450006485,0.32100000977516174,0.1428000032901764
YFL001W,YKL077W,0,-5.8565426,0.1834285706281662,0.32100000977516174,0.1429000049829483
YHL034C,YMR227C,0,-5.856628,0.18332381546497345,0.32100000977516174,0.14300000667572021
YKR026C,YBR297W,0,-5.8569207,0.18321917951107025,0.32100000977516174,0.14309999346733093
YGR199W,YEL006W,0,-5.857006,0.1831146627664566,0.32100000977516174,0.14319999516010284
YIR019C,YOL044W,0,-5.857087,0.1830102652311325,0.32100000977516174,0.14329999685287476
YGR009C,YLR024C,0,-5.8581815,0.18290598690509796,0.32100000977516174,0.14339999854564667
YBL098W,YJL062W,0,-5.858464,0.18280182778835297,0.32100000977516174,0.14350000023841858
YKL008C,YJR026W,0,-5.858564,0.18269777297973633,0.32100000977516174,0.1436000019311905
YPR164W,YDR392W,0,-5.8585753,0.18259385228157043,0.32100000977516174,0.1437000036239624
YHR046C,YIL113W,1,-5.858771,0.18305855989456177,0.32199999690055847,0.1437000036239624
YBL091C,YGL038C,0,-5.858789,0.1829545497894287,0.32199999690055847,0.14380000531673431
YOR109W,YPL179W,1,-5.8588424,0.18341851234436035,0.3230000138282776,0.14380000531673431
YAR071W,YMR261C,1,-5.85901,0.1838819533586502,0.3240000009536743,0.14380000531673431
YHR007C,YKL222C,0,-5.85924,0.18377764523029327,0.3240000009536743,0.14390000700950623
YGL100W,YDR422C,0,-5.859658,0.18367347121238708,0.3240000009536743,0.14399999380111694
YNL029C,YMR040W,0,-5.859763,0.18356940150260925,0.3240000009536743,0.14409999549388885
YLR288C,YDR253C,0,-5.859904,0.18346546590328217,0.3240000009536743,0.14419999718666077
YER023W,YOR305W,0,-5.8599186,0.18336163461208344,0.3240000009536743,0.14429999887943268
YDR368W,YJR029W,0,-5.859944,0.18325792253017426,0.3240000009536743,0.1444000005722046
YOL034W,YNR031C,0,-5.8603992,0.18315432965755463,0.3240000009536743,0.1445000022649765
YJL090C,YGL073W,0,-5.860417,0.18305084109306335,0.3240000009536743,0.1446000039577484
YOR348C,YHR172W,0,-5.8604665,0.18294748663902283,0.3240000009536743,0.14470000565052032
YKL018W,YAR042W,0,-5.8607183,0.18284423649311066,0.3240000009536743,0.14480000734329224
YJL008C,YBL022C,0,-5.860768,0.18274112045764923,0.3240000009536743,0.14489999413490295
YBR286W,YML001W,0,-5.8607736,0.18263810873031616,0.3240000009536743,0.14499999582767487
YPL051W,YNL009W,0,-5.8609257,0.18253521621227264,0.3240000009536743,0.14509999752044678
YKL190W,YKR028W,1,-5.861236,0.1829954981803894,0.32499998807907104,0.14509999752044678
YOL078W,YMR272C,0,-5.861328,0.18289251625537872,0.32499998807907104,0.1451999992132187
YPR185W,YDR411C,0,-5.8614554,0.1827896535396576,0.32499998807907104,0.1453000009059906
YBL008W,YPR155C,0,-5.86165,0.182686910033226,0.32499998807907104,0.1454000025987625
YPR073C,YER089C,1,-5.862184,0.18314607441425323,0.32600000500679016,0.1454000025987625
YAR071W,YGL224C,1,-5.8621964,0.18360471725463867,0.3269999921321869,0.1454000025987625
YPL210C,YJR015W,0,-5.8623643,0.1835016906261444,0.3269999921321869,0.14550000429153442
YER054C,YHR138C,0,-5.8625517,0.1833987683057785,0.3269999921321869,0.14560000598430634
YAL026C,YFL024C,0,-5.862568,0.18329596519470215,0.3269999921321869,0.14569999277591705
YER109C,YEL012W,0,-5.8627343,0.18319328129291534,0.3269999921321869,0.14579999446868896
YER014W,YDR201W,0,-5.86309,0.1830907016992569,0.3269999921321869,0.14589999616146088
YHR082C,YOR275C,0,-5.863123,0.182988241314888,0.3269999921321869,0.1459999978542328
YOR180C,YBR001C,0,-5.8631763,0.18288590013980865,0.3269999921321869,0.1460999995470047
YOR222W,YOL128C,0,-5.8632665,0.18278367817401886,0.3269999921321869,0.1462000012397766
YBR093C,YDL006W,1,-5.863276,0.18324021995067596,0.328000009059906,0.1462000012397766
YER007W,YOR340C,0,-5.863379,0.183137908577919,0.328000009059906,0.14630000293254852
YDR122W,YOR081C,0,-5.863405,0.1830357164144516,0.328000009059906,0.14640000462532043
YBL082C,YDR404C,0,-5.863857,0.18293362855911255,0.328000009059906,0.14650000631809235
YOL058W,YLL036C,0,-5.863879,0.18283165991306305,0.328000009059906,0.14659999310970306
YJR091C,YOL076W,0,-5.8639474,0.1827298104763031,0.328000009059906,0.14669999480247498
YER075C,YOR014W,1,-5.864309,0.18318486213684082,0.32899999618530273,0.14669999480247498
YMR163C,YMR022W,0,-5.8644114,0.1830829232931137,0.32899999618530273,0.1467999964952469
YIL041W,YML007W,0,-5.8649774,0.18298108875751495,0.32899999618530273,0.1468999981880188
YCL039W,YMR088C,0,-5.865104,0.18287937343120575,0.32899999618530273,0.1469999998807907
YHR046C,YOR014W,1,-5.86515,0.18333333730697632,0.33000001311302185,0.1469999998807907
YDR398W,YKL075C,0,-5.865322,0.18323153257369995,0.33000001311302185,0.14710000157356262
YAL056W,YBR012W-B,0,-5.865352,0.18312986195087433,0.33000001311302185,0.14720000326633453
YER045C,YJR044C,0,-5.8653984,0.18302828073501587,0.33000001311302185,0.14730000495910645
YIL154C,YLL019C,0,-5.8655343,0.18292683362960815,0.33000001311302185,0.14740000665187836
YML039W,YNL284C-B,0,-5.86578,0.1828254908323288,0.33000001311302185,0.14749999344348907
YDR284C,YDL236W,1,-5.8658047,0.18327796459197998,0.3310000002384186,0.14749999344348907
YNL084C,YDL065C,0,-5.866292,0.18317653238773346,0.3310000002384186,0.147599995136261
YOL063C,YHR067W,0,-5.8663096,0.1830752193927765,0.3310000002384186,0.1476999968290329
YFR055W,YKL074C,0,-5.8664975,0.18297402560710907,0.3310000002384186,0.1477999985218048
YIL038C,YGR116W,0,-5.8665023,0.1828729212284088,0.3310000002384186,0.14790000021457672
YDR079W,YJR015W,0,-5.866594,0.1827719509601593,0.3310000002384186,0.14800000190734863
YNL135C,YDL060W,0,-5.866634,0.18267108500003815,0.3310000002384186,0.14810000360012054
YMR021C,YCL044C,0,-5.867082,0.18257032334804535,0.3310000002384186,0.14820000529289246
YKR058W,YOR132W,0,-5.86715,0.1824696809053421,0.3310000002384186,0.14830000698566437
YBR288C,YPR200C,0,-5.867403,0.1823691427707672,0.3310000002384186,0.14839999377727509
YOL104C,YGR105W,0,-5.867805,0.18226872384548187,0.3310000002384186,0.148499995470047
YMR042W,YPL129W,0,-5.86788,0.1821684092283249,0.3310000002384186,0.1485999971628189
YPL270W,YMR270C,0,-5.868127,0.18206821382045746,0.3310000002384186,0.14869999885559082
YKL205W,YDR237W,0,-5.8683543,0.1819681078195572,0.3310000002384186,0.14880000054836273
YBR288C,YIL005W,0,-5.8684697,0.18186813592910767,0.3310000002384186,0.14890000224113464
YMR046C,YOL107W,0,-5.868507,0.1817682534456253,0.3310000002384186,0.14900000393390656
YJR001W,YJR141W,0,-5.8687716,0.1816684901714325,0.3310000002384186,0.14910000562667847
YPL001W,YIL027C,0,-5.8689747,0.18156884610652924,0.3310000002384186,0.14920000731945038
YPL086C,YPR011C,0,-5.8689904,0.18146929144859314,0.3310000002384186,0.1492999941110611
YDR284C,YJL134W,1,-5.869155,0.18191780149936676,0.3319999873638153,0.1492999941110611
YNR008W,YKL141W,0,-5.869407,0.1818181872367859,0.3319999873638153,0.149399995803833
YNL192W,YKL038W,0,-5.869652,0.18171866238117218,0.3319999873638153,0.14949999749660492
YIL020C,YKL084W,0,-5.8697257,0.18161925673484802,0.3319999873638153,0.14959999918937683
YLL010C,YMR087W,1,-5.869726,0.18206670880317688,0.3330000042915344,0.14959999918937683
YPR155C,YCR004C,0,-5.869785,0.18196721374988556,0.3330000042915344,0.14970000088214874
YGR041W,YKL138C,0,-5.870086,0.1818678379058838,0.3330000042915344,0.14980000257492065
YJL134W,YMR156C,1,-5.87014,0.1823144108057022,0.33399999141693115,0.14980000257492065
YLL042C,YJR044C,0,-5.870353,0.18221494555473328,0.33399999141693115,0.14990000426769257
YML012W,YKL068W,0,-5.8703637,0.1821155995130539,0.33399999141693115,0.15000000596046448
YNR032C-A,YKL034W,0,-5.8705306,0.18201634287834167,0.33399999141693115,0.1500999927520752
YJL031C,YLR266C,0,-5.8707347,0.181917205452919,0.33399999141693115,0.1501999944448471
YGL141W,YMR112C,0,-5.8712525,0.1818181872367859,0.33399999141693115,0.15029999613761902
YPR082C,YGR030C,0,-5.8715096,0.18171925842761993,0.33399999141693115,0.15039999783039093
YHR076W,YER075C,1,-5.8715553,0.18216422200202942,0.33500000834465027,0.15039999783039093
YER180C-A,YAL030W,0,-5.871656,0.1820652186870575,0.33500000834465027,0.15049999952316284
YCL064C,YLR040C,0,-5.871776,0.18196631968021393,0.33500000834465027,0.15060000121593475
YER091C,YOL042W,0,-5.8720355,0.1818675398826599,0.33500000834465027,0.15070000290870667
YER100W,YJL056C,0,-5.872089,0.18176884949207306,0.33500000834465027,0.15080000460147858
YBR068C,YNR032C-A,0,-5.8729987,0.18167027831077576,0.33500000834465027,0.1509000062942505
YKR030W,YDR186C,0,-5.8731008,0.1815718114376068,0.33500000834465027,0.1509999930858612
YMR180C,YDL230W,1,-5.8734903,0.18201516568660736,0.335999995470047,0.1509999930858612
YIL034C,YDR285W,0,-5.8737364,0.18191662430763245,0.335999995470047,0.15109999477863312
YHR135C,YKL095W,0,-5.873838,0.1818181872367859,0.335999995470047,0.15119999647140503
YDR386W,YNL317W,0,-5.873982,0.1817198544740677,0.335999995470047,0.15129999816417694
YIL041W,YNL098C,0,-5.874022,0.18162162601947784,0.335999995470047,0.15139999985694885
YNL116W,YBR129C,0,-5.87404,0.18152350187301636,0.335999995470047,0.15150000154972076
YML012W,YMR051C,0,-5.8741527,0.18142548203468323,0.335999995470047,0.15160000324249268
YER149C,YGR266W,0,-5.8741884,0.18132758140563965,0.335999995470047,0.1517000049352646
YLR081W,YMR134W,0,-5.874252,0.18122977018356323,0.335999995470047,0.1518000066280365
YMR184W,YMR219W,0,-5.874273,0.18113207817077637,0.335999995470047,0.15189999341964722
YPR105C,YOR256C,0,-5.874545,0.18103447556495667,0.335999995470047,0.15199999511241913
YOR125C,YJR028W,0,-5.8745966,0.1809369921684265,0.335999995470047,0.15209999680519104
YOL088C,YLR178C,0,-5.8747315,0.18083961308002472,0.335999995470047,0.15219999849796295
YLR170C,YOR211C,0,-5.8747687,0.18074233829975128,0.335999995470047,0.15230000019073486
YNL306W,YDL136W,0,-5.8748145,0.1806451678276062,0.335999995470047,0.15240000188350677
YML077W,YNL297C,0,-5.875089,0.18054808676242828,0.335999995470047,0.1525000035762787
YEL056W,YLR151C,0,-5.8754783,0.18045112490653992,0.335999995470047,0.1526000052690506
YBR068C,YMR134W,0,-5.8755608,0.1803542673587799,0.335999995470047,0.1527000069618225
YDR171W,YDR488C,0,-5.8757195,0.18025751411914825,0.335999995470047,0.15279999375343323
YOR249C,YJL112W,0,-5.87572,0.18016086518764496,0.335999995470047,0.15289999544620514
YNR049C,YPR101W,0,-5.875775,0.18006430566310883,0.335999995470047,0.15299999713897705
YIL046W,YLR166C,0,-5.876095,0.17996786534786224,0.335999995470047,0.15309999883174896
YML130C,YAR002W,0,-5.8761144,0.17987151443958282,0.335999995470047,0.15320000052452087
YBL020W,YJL156C,0,-5.876846,0.17977528274059296,0.335999995470047,0.15330000221729279
YDR130C,YGL163C,0,-5.876907,0.17967914044857025,0.335999995470047,0.1534000039100647
YDR138W,YDR195W,0,-5.877051,0.1795831173658371,0.335999995470047,0.1535000056028366
YDL115C,YOL116W,0,-5.877451,0.1794871836900711,0.335999995470047,0.15360000729560852
YKL087C,YFL048C,0,-5.8775516,0.17939135432243347,0.335999995470047,0.15369999408721924
YDR108W,YNL115C,0,-5.877705,0.1792956292629242,0.335999995470047,0.15379999577999115
YNL004W,YDL012C,0,-5.87777,0.17919999361038208,0.335999995470047,0.15389999747276306
YGL141W,YIL173W,0,-5.8779206,0.17910447716712952,0.335999995470047,0.15399999916553497
YLR424W,YDR359C,0,-5.877923,0.17900905013084412,0.335999995470047,0.15410000085830688
YOR383C,YKR089C,0,-5.8780684,0.17891374230384827,0.335999995470047,0.1542000025510788
YER075C,YMR087W,1,-5.8781195,0.17935071885585785,0.3370000123977661,0.1542000025510788
YGR188C,YBR043C,0,-5.878556,0.17925532162189484,0.3370000123977661,0.1543000042438507
YPL242C,YHR111W,0,-5.878877,0.17916002869606018,0.3370000123977661,0.15440000593662262
YMR077C,YLR194C,0,-5.878891,0.1790648251771927,0.3370000123977661,0.15449999272823334
YDR099W,YLR300W,0,-5.8791203,0.17896972596645355,0.3370000123977661,0.15459999442100525
YMR292W,YKL116C,0,-5.8792777,0.17887473106384277,0.3370000123977661,0.15469999611377716
YPL188W,YGR112W,0,-5.879399,0.17877984046936035,0.3370000123977661,0.15479999780654907
YEL016C,YNL092W,0,-5.879452,0.1786850541830063,0.3370000123977661,0.15489999949932098
YOR090C,YKR053C,1,-5.8794847,0.17912030220031738,0.33799999952316284,0.15489999949932098
YAL013W,YDR247W,0,-5.88036,0.17902542650699615,0.33799999952316284,0.1550000011920929
YDR140W,YOL004W,0,-5.880426,0.17893065512180328,0.33799999952316284,0.1551000028848648
YIL033C,YOL151W,0,-5.880432,0.17883597314357758,0.33799999952316284,0.15520000457763672
YGR224W,YER103W,0,-5.880463,0.17874141037464142,0.33799999952316284,0.15530000627040863
YPL271W,YBR080C,0,-5.8807874,0.17864693701267242,0.33799999952316284,0.15539999306201935
YGL229C,YKR053C,1,-5.881037,0.17908082902431488,0.33899998664855957,0.15539999306201935
YEL063C,YJL198W,0,-5.881042,0.17898626625537872,0.33899998664855957,0.15549999475479126
YOL111C,YMR210W,0,-5.8811665,0.17889182269573212,0.33899998664855957,0.15559999644756317
YDL220C,YNL176C,0,-5.8816905,0.17879746854305267,0.33899998664855957,0.15569999814033508
YKL112W,YKL027W,0,-5.881743,0.1787032186985016,0.33899998664855957,0.155799999833107
YBR122C,YDL235C,0,-5.8817863,0.17860905826091766,0.33899998664855957,0.1559000015258789
YKL087C,YJL116C,0,-5.8819613,0.1785150021314621,0.33899998664855957,0.15600000321865082
YDR188W,YKL171W,0,-5.8820243,0.1784210503101349,0.33899998664855957,0.15610000491142273
YML052W,YDR266C,0,-5.8821735,0.17832720279693604,0.33899998664855957,0.15620000660419464
YER030W,YCL067C,0,-5.8824697,0.17823344469070435,0.33899998664855957,0.15629999339580536
YDR513W,YIL095W,0,-5.882597,0.17813977599143982,0.33899998664855957,0.15639999508857727
YMR264W,YGR004W,0,-5.882726,0.17804621160030365,0.33899998664855957,0.15649999678134918
YGL086W,YDR109C,0,-5.8827395,0.17795275151729584,0.33899998664855957,0.1565999984741211
YOL058W,YKR058W,0,-5.8829417,0.17785939574241638,0.33899998664855957,0.156700000166893
YFR025C,YCR079W,1,-5.882975,0.1782905012369156,0.3400000035762787,0.156700000166893
YLR380W,YDL022W,0,-5.8829784,0.17819707095623016,0.3400000035762787,0.15680000185966492
YGL014W,YEL050C,0,-5.8831935,0.1781037151813507,0.3400000035762787,0.15690000355243683
YDR147W,YHR039C,0,-5.883333,0.1780104786157608,0.3400000035762787,0.15700000524520874
YER173W,YOR217W,0,-5.883345,0.17791731655597687,0.3400000035762787,0.15710000693798065
YML081C-A,YGL129C,0,-5.883374,0.17782427370548248,0.3400000035762787,0.15719999372959137
YGR255C,YPL192C,0,-5.8835597,0.17773130536079407,0.3400000035762787,0.15729999542236328
YPL075W,YPR002W,0,-5.883603,0.1776384562253952,0.3400000035762787,0.1573999971151352
YNL325C,YBR276C,1,-5.883855,0.1780678778886795,0.3409999907016754,0.1573999971151352
YMR054W,YNL087W,0,-5.884165,0.17797495424747467,0.3409999907016754,0.1574999988079071
YCR011C,YGL092W,0,-5.8841953,0.1778821051120758,0.3409999907016754,0.15760000050067902
YMR243C,YHR113W,0,-5.8844852,0.1777893602848053,0.3409999907016754,0.15770000219345093
YDL107W,YGL004C,0,-5.8845286,0.17769671976566315,0.3409999907016754,0.15780000388622284
YDL120W,YDR266C,0,-5.884787,0.17760416865348816,0.3409999907016754,0.15790000557899475
YGL099W,YLR455W,0,-5.8848987,0.17751170694828033,0.3409999907016754,0.15800000727176666
YGL018C,YKR099C-A,0,-5.884958,0.17741934955120087,0.3409999907016754,0.15809999406337738
YDR284C,YBR092C,1,-5.885186,0.17784711718559265,0.34200000762939453,0.15809999406337738
YNR054C,YHR084W,0,-5.885237,0.17775467038154602,0.34200000762939453,0.1581999957561493
YDR062W,YDR237W,0,-5.8854604,0.17766234278678894,0.34200000762939453,0.1582999974489212
YIL159W,YDR292C,0,-5.8854647,0.17757008969783783,0.34200000762939453,0.15839999914169312
YEL063C,YIL094C,0,-5.885538,0.17747794091701508,0.34200000762939453,0.15850000083446503
YPL026C,YFL017W-A,0,-5.8855863,0.17738589644432068,0.34200000762939453,0.15860000252723694
YFL033C,YLR410W,0,-5.88559,0.17729394137859344,0.34200000762939453,0.15870000422000885
YHR108W,YGL216W,0,-5.886155,0.17720207571983337,0.34200000762939453,0.15880000591278076
YKL135C,YDR522C,0,-5.886269,0.17711029946804047,0.34200000762939453,0.15889999270439148
YPL049C,YLR228C,0,-5.886499,0.17701862752437592,0.34200000762939453,0.1589999943971634
YOR109W,YJL098W,1,-5.886871,0.17744438350200653,0.34299999475479126,0.1589999943971634
YGR288W,YGL096W,0,-5.88699,0.177352637052536,0.34299999475479126,0.1590999960899353
YPR073C,YML016C,1,-5.887014,0.17777778208255768,0.3440000116825104,0.1590999960899353
YDR411C,YGR244C,0,-5.887254,0.17768594622612,0.3440000116825104,0.15919999778270721
YDL215C,YKL198C,0,-5.887323,0.17759421467781067,0.3440000116825104,0.15929999947547913
YMR080C,YIL143C,0,-5.8876023,0.1775025725364685,0.3440000116825104,0.15940000116825104
YIR037W,YLR368W,0,-5.887619,0.1774110347032547,0.3440000116825104,0.15950000286102295
YGL233W,YDR310C,0,-5.887659,0.17731958627700806,0.3440000116825104,0.15960000455379486
YDL019C,YBL020W,0,-5.887731,0.17722822725772858,0.3440000116825104,0.15970000624656677
YNL325C,YNL128W,1,-5.8881307,0.17765191197395325,0.3449999988079071,0.15970000624656677
YBR110W,YDR196C,0,-5.8882217,0.1775604784488678,0.3449999988079071,0.1597999930381775
YBR119W,YIL056W,0,-5.8882484,0.1774691343307495,0.3449999988079071,0.1598999947309494
YPL075W,YLL061W,0,-5.8883038,0.17737789452075958,0.3449999988079071,0.1599999964237213
YBR017C,YER021W,0,-5.8883343,0.17728674411773682,0.3449999988079071,0.16009999811649323
YDR503C,YOL064C,1,-5.888515,0.17770929634571075,0.34599998593330383,0.16009999811649323
YCL067C,YLR426W,0,-5.8887324,0.17761807143688202,0.34599998593330383,0.16019999980926514
YHR046C,YDL134C,1,-5.8890452,0.1780400276184082,0.34700000286102295,0.16019999980926514
YML070W,YDR239C,0,-5.889221,0.1779487133026123,0.34700000286102295,0.16030000150203705
YOR298W,YDR409W,0,-5.889281,0.17785750329494476,0.34700000286102295,0.16040000319480896
YCR026C,YMR075W,0,-5.8893285,0.17776639759540558,0.34700000286102295,0.16050000488758087
YGR092W,YDR011W,0,-5.889696,0.17767536640167236,0.34700000286102295,0.16060000658035278
YIR014W,YLR040C,0,-5.8900247,0.1775844395160675,0.34700000286102295,0.1606999933719635
YMR179W,YFL004W,0,-5.8900285,0.1774936020374298,0.34700000286102295,0.1607999950647354
YCR094W,YNL297C,0,-5.8906083,0.17740286886692047,0.34700000286102295,0.16089999675750732
YOL064C,YOR090C,1,-5.890651,0.17782320082187653,0.3479999899864197,0.16089999675750732
YHR094C,YNL250W,0,-5.8906775,0.17773237824440002,0.3479999899864197,0.16099999845027924
YIR019C,YBR287W,0,-5.8907385,0.17764165997505188,0.3479999899864197,0.16110000014305115
YLR102C,YJL207C,0,-5.8907585,0.1775510162115097,0.3479999899864197,0.16120000183582306
YER073W,YNL297C,0,-5.891514,0.1774604767560959,0.3479999899864197,0.16130000352859497
YAL041W,YMR048W,0,-5.891517,0.17737002670764923,0.3479999899864197,0.16140000522136688
YKL005C,YPR046W,0,-5.891765,0.17727968096733093,0.3479999899864197,0.1615000069141388
YNL133C,YOR008C,0,-5.8920054,0.1771894097328186,0.3479999899864197,0.1615999937057495
YFR046C,YGL026C,0,-5.8920884,0.17709924280643463,0.3479999899864197,0.16169999539852142
YMR133W,YDR352W,0,-5.892191,0.17700915038585663,0.3479999899864197,0.16179999709129333
YKL045W,YJR033C,0,-5.8924456,0.17691916227340698,0.3479999899864197,0.16189999878406525
YGL241W,YIL021W,0,-5.892464,0.1768292635679245,0.3479999899864197,0.16200000047683716
YCR082W,YDR040C,0,-5.8926024,0.17673945426940918,0.3479999899864197,0.16210000216960907
YBR257W,YDR145W,0,-5.8926263,0.17664974927902222,0.3479999899864197,0.16220000386238098
YIL040W,YGR163W,0,-5.892841,0.17656011879444122,0.3479999899864197,0.1623000055551529
YOL105C,YER087W,0,-5.892982,0.1764705926179886,0.3479999899864197,0.1624000072479248
YMR004W,YNL261W,0,-5.8930287,0.17638114094734192,0.3479999899864197,0.16249999403953552
YBR029C,YML085C,0,-5.8930545,0.1762917935848236,0.3479999899864197,0.16259999573230743
YDL142C,YLR328W,0,-5.8935337,0.17620253562927246,0.3479999899864197,0.16269999742507935
YOR109W,YDL230W,1,-5.893751,0.17661944031715393,0.3490000069141388,0.16269999742507935
YGL073W,YGL141W,0,-5.893947,0.17653009295463562,0.3490000069141388,0.16279999911785126
YLR084C,YDR500C,0,-5.8941255,0.17644084990024567,0.3490000069141388,0.16290000081062317
YLR223C,YGL066W,0,-5.894135,0.17635169625282288,0.3490000069141388,0.16300000250339508
YNL325C,YDR074W,1,-5.8942075,0.17676767706871033,0.3499999940395355,0.16300000250339508
YPR083W,YLR178C,0,-5.8943048,0.17667844891548157,0.3499999940395355,0.163100004196167
YDR251W,YDR457W,0,-5.8943963,0.17658931016921997,0.3499999940395355,0.1632000058889389
YPL202C,YJL048C,0,-5.894822,0.17650024592876434,0.3499999940395355,0.16329999268054962
YKR037C,YKL124W,0,-5.895104,0.17641128599643707,0.3499999940395355,0.16339999437332153
YDL006W,YNL217W,1,-5.8951416,0.17682619392871857,0.35100001096725464,0.16339999437332153
YIL132C,YLR362W,0,-5.895404,0.17673715949058533,0.35100001096725464,0.16349999606609344
YLR438C-A,YJR015W,0,-5.8955274,0.17664821445941925,0.35100001096725464,0.16359999775886536
YGL032C,YOR031W,0,-5.89636,0.17655935883522034,0.35100001096725464,0.16369999945163727
YJL085W,YKL012W,0,-5.8964458,0.1764705926179886,0.35100001096725464,0.16380000114440918
YJL042W,YKR008W,0,-5.8964953,0.176381915807724,0.35100001096725464,0.1639000028371811
YGL205W,YML131W,0,-5.896766,0.17629331350326538,0.35100001096725464,0.164000004529953
YNL239W,YGR112W,0,-5.8968463,0.17620481550693512,0.35100001096725464,0.16410000622272491
YNL239W,YLR187W,0,-5.8969636,0.17611640691757202,0.35100001096725464,0.16419999301433563
YER161C,YMR160W,0,-5.8971534,0.1760280877351761,0.35100001096725464,0.16429999470710754
YJL170C,YLR301W,0,-5.8972907,0.17593984305858612,0.35100001096725464,0.16439999639987946
YLL061W,YKL014C,0,-5.8973513,0.1758517026901245,0.35100001096725464,0.16449999809265137
YLR133W,YJL187C,0,-5.8975883,0.17576365172863007,0.35100001096725464,0.16459999978542328
YIL053W,YFR040W,1,-5.8977327,0.17617617547512054,0.35199999809265137,0.16459999978542328
YBL074C,YEL077C,0,-5.8977714,0.17608805000782013,0.35199999809265137,0.1647000014781952
YDR420W,YNL221C,0,-5.89778,0.17599999904632568,0.35199999809265137,0.1648000031709671
YER089C,YNL032W,1,-5.897834,0.17641179263591766,0.3529999852180481,0.1648000031709671
YJL085W,YFL021W,0,-5.8978453,0.17632368206977844,0.3529999852180481,0.164900004863739
YMR204C,YBR213W,0,-5.8979583,0.1762356460094452,0.3529999852180481,0.16500000655651093
YBR015C,YEL024W,0,-5.8983827,0.1761476993560791,0.3529999852180481,0.16509999334812164
YIL008W,YOR089C,0,-5.8983836,0.17605985701084137,0.3529999852180481,0.16519999504089355
YMR012W,YJL196C,0,-5.898414,0.1759720891714096,0.3529999852180481,0.16529999673366547
YKL195W,YOR396W,0,-5.898475,0.175884410738945,0.3529999852180481,0.16539999842643738
YMR165C,YMR261C,1,-5.898539,0.17629481852054596,0.3540000021457672,0.16539999842643738
YLR233C,YDR337W,0,-5.8987055,0.1762070655822754,0.3540000021457672,0.1655000001192093
YDR273W,YMR013C,0,-5.898757,0.17611940205097198,0.3540000021457672,0.1656000018119812
YIR019C,YOR027W,0,-5.898908,0.17603182792663574,0.3540000021457672,0.1657000035047531
YOR092W,YDL133C-A,0,-5.899154,0.17594432830810547,0.3540000021457672,0.16580000519752502
YJR152W,YPL113C,0,-5.8991895,0.17585693299770355,0.3540000021457672,0.16590000689029694
YLR103C,YGR220C,0,-5.8992777,0.1757696121931076,0.3540000021457672,0.16599999368190765
YDR488C,YPL026C,0,-5.8998427,0.17568238079547882,0.3540000021457672,0.16609999537467957
YKL179C,YLR309C,0,-5.899944,0.1755952388048172,0.3540000021457672,0.16619999706745148
YHR068W,YLL055W,0,-5.9001546,0.17550818622112274,0.3540000021457672,0.1662999987602234
YOR381W,YKR095W,0,-5.9001956,0.17542120814323425,0.3540000021457672,0.1664000004529953
YGR001C,YBL033C,0,-5.9001975,0.17533431947231293,0.3540000021457672,0.1665000021457672
YPL156C,YPL150W,0,-5.900427,0.17524752020835876,0.3540000021457672,0.16660000383853912
YPL110C,YGL026C,0,-5.9004745,0.17516081035137177,0.3540000021457672,0.16670000553131104
YPR191W,YER074W-A,0,-5.9005933,0.17507418990135193,0.3540000021457672,0.16680000722408295
YPL228W,YOR014W,1,-5.9006925,0.17548196017742157,0.35499998927116394,0.16680000722408295
YMR180C,YER075C,1,-5.9007344,0.17588932812213898,0.35600000619888306,0.16680000722408295
YCR010C,YFR031C,0,-5.900973,0.17580246925354004,0.35600000619888306,0.16689999401569366
YPL061W,YJL174W,0,-5.901111,0.17571569979190826,0.35600000619888306,0.16699999570846558
YER146W,YNL163C,0,-5.901445,0.17562900483608246,0.35600000619888306,0.1670999974012375
YNR007C,YAR018C,0,-5.901514,0.17554239928722382,0.35600000619888306,0.1671999990940094
YMR071C,YGL010W,0,-5.901666,0.17545588314533234,0.35600000619888306,0.1673000007867813
YCR020W-B,YOR396W,0,-5.901755,0.17536945641040802,0.35600000619888306,0.16740000247955322
YBR092C,YHR076W,1,-5.9017587,0.17577548325061798,0.3569999933242798,0.16740000247955322
YKL012W,YNR039C,0,-5.901894,0.1756889820098877,0.3569999933242798,0.16750000417232513
YLR330W,YHR146W,0,-5.9020534,0.17560255527496338,0.3569999933242798,0.16760000586509705
YMR012W,YER001W,0,-5.902124,0.17551621794700623,0.3569999933242798,0.16769999265670776
YNL267W,YHR178W,0,-5.9021297,0.17542997002601624,0.3569999933242798,0.16779999434947968
YNL032W,YMR156C,1,-5.9023533,0.17583496868610382,0.3580000102519989,0.16779999434947968
YIL119C,YHR161C,0,-5.9024434,0.17574864625930786,0.3580000102519989,0.1678999960422516
YOR317W,YDR468C,0,-5.9029,0.17566241323947906,0.3580000102519989,0.1679999977350235
YDL123W,YLR224W,0,-5.902985,0.17557626962661743,0.3580000102519989,0.1680999994277954
YLR037C,YGL054C,0,-5.9031014,0.17549020051956177,0.3580000102519989,0.16820000112056732
YPL258C,YER074W-A,0,-5.9031377,0.17540422081947327,0.3580000102519989,0.16830000281333923
YBR008C,YML109W,0,-5.9031444,0.17531831562519073,0.3580000102519989,0.16840000450611115
YJL196C,YDR378C,0,-5.903403,0.17523249983787537,0.3580000102519989,0.16850000619888306
YMR036C,YLL010C,1,-5.9034667,0.17563600838184357,0.35899999737739563,0.16850000619888306
YMR100W,YDR362C,0,-5.9036074,0.17555011808872223,0.35899999737739563,0.16859999299049377
YOR381W,YHR016C,0,-5.903614,0.17546431720256805,0.35899999737739563,0.16869999468326569
YMR165C,YDL236W,1,-5.9039617,0.17586712539196014,0.36000001430511475,0.16869999468326569
YEL030W,YER087C-B,0,-5.9040995,0.17578125,0.36000001430511475,0.1687999963760376
YDL134C,YIL113W,1,-5.904124,0.17618350684642792,0.3610000014305115,0.1687999963760376
YKL112W,YHR065C,0,-5.9045873,0.1760975569486618,0.3610000014305115,0.1688999980688095
YDL024C,YMR156C,1,-5.904926,0.17649926245212555,0.3619999885559082,0.1688999980688095
YPR176C,YCL075W,0,-5.9049625,0.17641325294971466,0.3619999885559082,0.16899999976158142
YJL005W,YKL154W,0,-5.904964,0.17632733285427094,0.3619999885559082,0.16910000145435333
YNL068C,YOR341W,0,-5.905187,0.17624148726463318,0.3619999885559082,0.16920000314712524
YKL025C,YGR144W,0,-5.905297,0.1761557161808014,0.3619999885559082,0.16930000483989716
YMR264W,YDL022W,0,-5.905855,0.17607003450393677,0.3619999885559082,0.16940000653266907
YLR098C,YBL079W,0,-5.9059634,0.1759844422340393,0.3619999885559082,0.16949999332427979
YLR300W,YPR166C,0,-5.9060073,0.17589892446994781,0.3619999885559082,0.1695999950170517
YOR126C,YGR042W,0,-5.9064894,0.1758134961128235,0.3619999885559082,0.1696999967098236
YMR004W,YIL107C,0,-5.9065585,0.17572815716266632,0.3619999885559082,0.16979999840259552
YJL127C,YNL197C,0,-5.9066005,0.17564289271831512,0.3619999885559082,0.16990000009536743
YGR268C,YOR323C,0,-5.9067,0.1755577176809311,0.3619999885559082,0.17000000178813934
YIR017C,YLR321C,0,-5.907161,0.17547261714935303,0.3619999885559082,0.17010000348091125
YML054C,YLR227W-B,0,-5.9071965,0.17538759112358093,0.3619999885559082,0.17020000517368317
YKR058W,YDR088C,0,-5.907829,0.1753026694059372,0.3619999885559082,0.17030000686645508
YGL004C,YIL082W-A,0,-5.908214,0.17521780729293823,0.3619999885559082,0.1703999936580658
YAL061W,YHR139C,0,-5.9085584,0.17513304948806763,0.3619999885559082,0.1704999953508377
YJL001W,YNL333W,0,-5.9086404,0.1750483512878418,0.3619999885559082,0.17059999704360962
YOL078W,YMR283C,0,-5.9087257,0.17496375739574432,0.3619999885559082,0.17069999873638153
YDR205W,YOR047C,0,-5.9089785,0.17487922310829163,0.3619999885559082,0.17080000042915344
YGL047W,YOR328W,0,-5.9090266,0.1747947782278061,0.3619999885559082,0.17090000212192535
YPL270W,YCR029C-A,0,-5.90912,0.17471042275428772,0.3619999885559082,0.17100000381469727
YHR043C,YDR074W,1,-5.9093194,0.17510853707790375,0.3630000054836273,0.17100000381469727
YOR266W,YNR031C,0,-5.909512,0.1750241070985794,0.3630000054836273,0.17110000550746918
YEL037C,YDR227W,0,-5.909516,0.17493975162506104,0.3630000054836273,0.1712000072002411
YNR049C,YLR292C,0,-5.909637,0.17485548555850983,0.3630000054836273,0.1712999939918518
YMR137C,YNR004W,0,-5.910622,0.17477130889892578,0.3630000054836273,0.17139999568462372
YER173W,YFR045W,0,-5.910752,0.1746871918439865,0.3630000054836273,0.17149999737739563
YOR014W,YGL224C,1,-5.911123,0.1750841736793518,0.36399999260902405,0.17149999737739563
YDR376W,YDR489W,0,-5.9112062,0.17499999701976776,0.36399999260902405,0.17159999907016754
YGL004C,YNL087W,0,-5.91122,0.17491590976715088,0.36399999260902405,0.17170000076293945
YGL067W,YJL004C,0,-5.911224,0.17483189702033997,0.36399999260902405,0.17180000245571136
YBR093C,YDL230W,1,-5.911345,0.1752280294895172,0.36500000953674316,0.17180000245571136
YOL004W,YOR396W,0,-5.9113574,0.17514395713806152,0.36500000953674316,0.17190000414848328
YDR394W,YIL105C,0,-5.9120145,0.1750599592924118,0.36500000953674316,0.1720000058412552
YDR512C,YBR287W,0,-5.91209,0.17497603595256805,0.36500000953674316,0.1720999926328659
YOR014W,YKR053C,1,-5.9121795,0.17537134885787964,0.3659999966621399,0.1720999926328659
YER062C,YHR046C,1,-5.912218,0.17576628923416138,0.367000013589859,0.1720999926328659
YCR017C,YOR380W,0,-5.9124823,0.17568214237689972,0.367000013589859,0.17219999432563782
YIL113W,YNL032W,1,-5.9128585,0.17607656121253967,0.36800000071525574,0.17219999432563782
YGR003W,YDR138W,0,-5.9129314,0.17599235475063324,0.36800000071525574,0.17229999601840973
YER157W,YPR063C,0,-5.9137754,0.17590822279453278,0.36800000071525574,0.17239999771118164
YIL002C,YMR261C,1,-5.9138556,0.1763019561767578,0.36899998784065247,0.17239999771118164
YOR344C,YLR132C,0,-5.9138756,0.17621776461601257,0.36899998784065247,0.17249999940395355
YML078W,YGL157W,0,-5.913969,0.1761336475610733,0.36899998784065247,0.17260000109672546
YBR272C,YOR343W-B,0,-5.9144063,0.1760496199131012,0.36899998784065247,0.17270000278949738
YDR080W,YOR227W,0,-5.914511,0.17596566677093506,0.36899998784065247,0.1728000044822693
YGL247W,YNR013C,0,-5.914576,0.1758817881345749,0.36899998784065247,0.1729000061750412
YOR128C,YMR314W,0,-5.9145956,0.17579799890518188,0.36899998784065247,0.17299999296665192
YJL133W,YNL264C,0,-5.91466,0.17571428418159485,0.36899998784065247,0.17309999465942383
YIL061C,YGR281W,0,-5.914762,0.17563065886497498,0.36899998784065247,0.17319999635219574
YMR058W,YPL225W,0,-5.9149075,0.17554709315299988,0.36899998784065247,0.17329999804496765
YCR028C,YGR268C,0,-5.9150333,0.17546361684799194,0.36899998784065247,0.17339999973773956
YCL067C,YDL044C,0,-5.9152102,0.17538022994995117,0.36899998784065247,0.17350000143051147
YGR268C,YDR379W,0,-5.9153132,0.17529691755771637,0.36899998784065247,0.1736000031232834
YNL288W,YGR267C,0,-5.9153256,0.17521367967128754,0.36899998784065247,0.1737000048160553
YEL013W,YBR105C,0,-5.9154105,0.17513051629066467,0.36899998784065247,0.1738000065088272
YBL084C,YPL049C,0,-5.915419,0.17504744231700897,0.36899998784065247,0.17389999330043793
YBR212W,YGR276C,0,-5.9156175,0.17496444284915924,0.36899998784065247,0.17399999499320984
YPR073C,YNL032W,1,-5.9158387,0.1753554493188858,0.3700000047683716,0.17399999499320984
YCR071C,YGR055W,0,-5.916122,0.1752723753452301,0.3700000047683716,0.17409999668598175
YCR084C,YCL075W,0,-5.916203,0.17518939077854156,0.3700000047683716,0.17419999837875366
YJR032W,YEL003W,0,-5.9166617,0.175106480717659,0.3700000047683716,0.17430000007152557
YER041W,YLR426W,0,-5.916737,0.1750236451625824,0.3700000047683716,0.17440000176429749
YDR298C,YDL120W,0,-5.916887,0.17494089901447296,0.3700000047683716,0.1745000034570694
YLR238W,YDR079C-A,0,-5.917112,0.1748582273721695,0.3700000047683716,0.1746000051498413
YLR205C,YDR175C,0,-5.917208,0.174775630235672,0.3700000047683716,0.17470000684261322
YHR057C,YDR165W,0,-5.9172406,0.17469310760498047,0.3700000047683716,0.17479999363422394
YIL036W,YJL026W,0,-5.9173827,0.1746106594800949,0.3700000047683716,0.17489999532699585
YER073W,YDL044C,0,-5.917442,0.1745283007621765,0.3700000047683716,0.17499999701976776
YLL015W,YHR072W,0,-5.917526,0.1744460165500641,0.3700000047683716,0.17509999871253967
YML097C,YFR045W,0,-5.9176154,0.17436380684375763,0.3700000047683716,0.17520000040531158
YEL009C,YER022W,0,-5.9176917,0.17428167164325714,0.3700000047683716,0.1753000020980835
YJL134W,YFR040W,1,-5.917698,0.17467042803764343,0.3709999918937683,0.1753000020980835
YBR098W,YNL177C,0,-5.917756,0.17458823323249817,0.3709999918937683,0.1754000037908554
YBR080C,YBR130C,0,-5.9177966,0.17450611293315887,0.3709999918937683,0.17550000548362732
YOR217W,YKL099C,0,-5.917891,0.17442406713962555,0.3709999918937683,0.17560000717639923
YEL063C,YER053C,0,-5.9181266,0.1743421107530594,0.3709999918937683,0.17569999396800995
YMR277W,YER075C,1,-5.918394,0.17472991347312927,0.3720000088214874,0.17569999396800995
YGR134W,YBR004C,0,-5.918531,0.17464788258075714,0.3720000088214874,0.17579999566078186
YGL092W,YML037C,0,-5.9187183,0.17456592619419098,0.3720000088214874,0.17589999735355377
YDR408C,YHR168W,0,-5.9187703,0.17448405921459198,0.3720000088214874,0.17599999904632568
YGR119C,YLR362W,0,-5.918802,0.17440225183963776,0.3720000088214874,0.1761000007390976
YMR303C,YKL148C,0,-5.918802,0.1743205189704895,0.3720000088214874,0.1762000024318695
YLL015W,YPR155C,0,-5.919102,0.1742388755083084,0.3720000088214874,0.17630000412464142
YDL134C,YER089C,1,-5.9192805,0.1746254712343216,0.37299999594688416,0.17630000412464142
YDR225W,YMR305C,0,-5.91931,0.17454375326633453,0.37299999594688416,0.17640000581741333
YNL325C,YPR073C,1,-5.9195023,0.17492984235286713,0.37400001287460327,0.17640000581741333
YKR069W,YCR092C,0,-5.9196115,0.1748480647802353,0.37400001287460327,0.17649999260902405
YGL021W,YLR039C,0,-5.919901,0.17476636171340942,0.37400001287460327,0.17659999430179596
YDL142C,YCR021C,0,-5.9201283,0.17468473315238953,0.37400001287460327,0.17669999599456787
YOR359W,YKL088W,0,-5.920338,0.1746031790971756,0.37400001287460327,0.17679999768733978
YKL173W,YDR307W,0,-5.920373,0.17452169954776764,0.37400001287460327,0.1768999993801117
YDR284C,YMR165C,1,-5.9205713,0.17490671575069427,0.375,0.1768999993801117
YDL101C,YGR047C,0,-5.920727,0.17482517659664154,0.375,0.1770000010728836
YDL236W,YMR087W,1,-5.920811,0.17520968616008759,0.37599998712539673,0.1770000010728836
YML116W,YCR026C,0,-5.920923,0.17512808740139008,0.37599998712539673,0.17710000276565552
YDR173C,YMR212C,0,-5.9209743,0.17504654824733734,0.37599998712539673,0.17720000445842743
YIL048W,YOL066C,0,-5.921006,0.17496509850025177,0.37599998712539673,0.17730000615119934
YOL069W,YOR380W,0,-5.9212933,0.17488372325897217,0.37599998712539673,0.17739999294281006
YNL103W,YHR073W,0,-5.9217963,0.17480242252349854,0.37599998712539673,0.17749999463558197
YJL207C,YHR081W,0,-5.9218755,0.17472119629383087,0.37599998712539673,0.17759999632835388
YGR222W,YLR410W,0,-5.9220862,0.17464004456996918,0.37599998712539673,0.1776999980211258
YER183C,YHR070W,0,-5.9221635,0.17455896735191345,0.37599998712539673,0.1777999997138977
YHR209W,YGL238W,0,-5.9222674,0.1744779646396637,0.37599998712539673,0.17790000140666962
YJR058C,YMR022W,0,-5.922665,0.1743970364332199,0.37599998712539673,0.17800000309944153
YOL112W,YDR489W,0,-5.92285,0.1743161827325821,0.37599998712539673,0.17810000479221344
YOR207C,YLR086W,0,-5.923183,0.17423540353775024,0.37599998712539673,0.17820000648498535
YDL165W,YOR347C,0,-5.923187,0.17415469884872437,0.37599998712539673,0.17829999327659607
YFR028C,YML016C,1,-5.9233117,0.1745370328426361,0.37700000405311584,0.17829999327659607
YDR127W,YBR012W-B,0,-5.9235654,0.17445626854896545,0.37700000405311584,0.17839999496936798
YKL190W,YMR087W,1,-5.923991,0.1748381108045578,0.3779999911785126,0.17839999496936798
YKR052C,YLR234W,0,-5.924147,0.17475728690624237,0.3779999911785126,0.1784999966621399
YJL044C,YBR188C,0,-5.924519,0.17467652261257172,0.3779999911785126,0.1785999983549118
YPL075W,YDR246W,0,-5.924739,0.17459584772586823,0.3779999911785126,0.17870000004768372
YKL129C,YML085C,0,-5.9249487,0.1745152324438095,0.3779999911785126,0.17880000174045563
YBL015W,YKL217W,0,-5.925202,0.17443470656871796,0.3779999911785126,0.17890000343322754
YJL026W,YOR396W,0,-5.9252243,0.17435424029827118,0.3779999911785126,0.17900000512599945
YOR112W,YHR164C,0,-5.9253407,0.17427386343479156,0.3779999911785126,0.17910000681877136
YFR028C,YPL179W,1,-5.9257884,0.17465437948703766,0.3790000081062317,0.17910000681877136
YJL024C,YIL153W,0,-5.9258313,0.17457392811775208,0.3790000081062317,0.17919999361038208
YNL051W,YPL240C,0,-5.9259562,0.17449355125427246,0.3790000081062317,0.179299995303154
YGR244C,YCR029C-A,0,-5.92634,0.17441324889659882,0.3790000081062317,0.1793999969959259
YBL045C,YGR280C,0,-5.926367,0.17433302104473114,0.3790000081062317,0.17949999868869781
YLR098C,YOL059W,0,-5.9263678,0.17425286769866943,0.3790000081062317,0.17960000038146973
YLL015W,YKL070W,0,-5.9266315,0.1741727888584137,0.3790000081062317,0.17970000207424164
YPL195W,YIL145C,0,-5.9267707,0.17409278452396393,0.3790000081062317,0.17980000376701355
YOR144C,YGR194C,0,-5.926779,0.17401285469532013,0.3790000081062317,0.17990000545978546
YGR096W,YKR014C,0,-5.927155,0.1739329993724823,0.3790000081062317,0.18000000715255737
YNL242W,YCL069W,0,-5.9272513,0.17385320365428925,0.3790000081062317,0.1800999939441681
YDR173C,YHL025W,0,-5.927417,0.17377349734306335,0.3790000081062317,0.18019999563694
YOL062C,YNL323W,0,-5.9276805,0.17369386553764343,0.3790000081062317,0.18029999732971191
YPR113W,YJR009C,0,-5.9276967,0.1736142933368683,0.3790000081062317,0.18039999902248383
YMR301C,YDL207W,0,-5.927933,0.1735347956418991,0.3790000081062317,0.18050000071525574
YIL114C,YIL143C,0,-5.928098,0.1734553724527359,0.3790000081062317,0.18060000240802765
YDL108W,YKL025C,0,-5.9285464,0.17337602376937866,0.3790000081062317,0.18070000410079956
YKR028W,YNL032W,1,-5.928855,0.1737540066242218,0.3799999952316284,0.18070000410079956
YHR142W,YMR271C,0,-5.928876,0.1736745834350586,0.3799999952316284,0.18080000579357147
YDL102W,YBR227C,0,-5.9290195,0.17359524965286255,0.3799999952316284,0.1808999925851822
YPL115C,YKL140W,0,-5.92906,0.17351597547531128,0.3799999952316284,0.1809999942779541
YDR099W,YCL019W,0,-5.929074,0.17343679070472717,0.3799999952316284,0.181099995970726
YIL149C,YML023C,0,-5.9290776,0.17335766553878784,0.3799999952316284,0.18119999766349792
YML054C,YDR140W,0,-5.929111,0.17327861487865448,0.3799999952316284,0.18129999935626984
YDR323C,YDR394W,0,-5.9292607,0.1731996387243271,0.3799999952316284,0.18140000104904175
YGL090W,YCL017C,0,-5.9293065,0.17312072217464447,0.3799999952316284,0.18150000274181366
YKL206C,YCL055W,0,-5.929603,0.17304189503192902,0.3799999952316284,0.18160000443458557
YFL041W,YKR052C,0,-5.9296055,0.17296312749385834,0.3799999952316284,0.18170000612735748
YNL101W,YHR027C,0,-5.929859,0.17288443446159363,0.3799999952316284,0.1817999929189682
YMR120C,YGL031C,0,-5.9298735,0.1728058159351349,0.3799999952316284,0.1818999946117401
YDR264C,YGL014W,0,-5.9299574,0.17272727191448212,0.3799999952316284,0.18199999630451202
YOL053C-A,YNL073W,0,-5.930052,0.17264880239963531,0.3799999952316284,0.18209999799728394
YJL071W,YDR134C,0,-5.9300895,0.1725703924894333,0.3799999952316284,0.18219999969005585
YDR110W,YBR114W,0,-5.930195,0.17249205708503723,0.3799999952316284,0.18230000138282776
YBR212W,YBR196C,0,-5.9303184,0.17241379618644714,0.3799999952316284,0.18240000307559967
YGR120C,YBR208C,0,-5.9307165,0.17233559489250183,0.3799999952316284,0.18250000476837158
YDR170W-A,YPR158C-D,0,-5.9309072,0.17225748300552368,0.3799999952316284,0.1826000064611435
YLL038C,YNL115C,0,-5.9309134,0.1721794307231903,0.3799999952316284,0.1826999932527542
YNL325C,YOR109W,1,-5.9309287,0.17255434393882751,0.38100001215934753,0.1826999932527542
YCR033W,YEL057C,0,-5.930981,0.17247623205184937,0.38100001215934753,0.18279999494552612
YLR380W,YKL054C,0,-5.931203,0.17239819467067719,0.38100001215934753,0.18289999663829803
YKL086W,YPR158C-D,0,-5.9312215,0.17232021689414978,0.38100001215934753,0.18299999833106995
YOR150W,YPL192C,0,-5.931311,0.17224231362342834,0.38100001215934753,0.18310000002384186
YLR442C,YGL186C,0,-5.9314675,0.17216448485851288,0.38100001215934753,0.18320000171661377
YPL051W,YLR115W,0,-5.931841,0.1720867156982422,0.38100001215934753,0.18330000340938568
YER179W,YAL063C,0,-5.9320865,0.17200903594493866,0.38100001215934753,0.1834000051021576
YJL137C,YMR257C,0,-5.932139,0.1719314008951187,0.38100001215934753,0.1835000067949295
YCR030C,YOR043W,0,-5.9322214,0.17185385525226593,0.38100001215934753,0.18359999358654022
YFR033C,YPR095C,0,-5.932447,0.17177636921405792,0.38100001215934753,0.18369999527931213
YPR073C,YDL236W,1,-5.9327583,0.17214961349964142,0.38199999928474426,0.18369999527931213
YBR276C,YNL032W,1,-5.9331317,0.17252252995967865,0.382999986410141,0.18369999527931213
YDL045C,YBR250W,0,-5.9331627,0.17244485020637512,0.382999986410141,0.18379999697208405
YBL060W,YJR088C,0,-5.9333434,0.17236723005771637,0.382999986410141,0.18389999866485596
YDR171W,YER028C,0,-5.9334273,0.17228969931602478,0.382999986410141,0.18400000035762787
YFR013W,YGR024C,0,-5.9335194,0.17221222817897797,0.382999986410141,0.18410000205039978
YMR036C,YFR040W,1,-5.933586,0.17258426547050476,0.3840000033378601,0.18410000205039978
YLR330W,YJL042W,0,-5.933746,0.17250673472881317,0.3840000033378601,0.1842000037431717
YDR236C,YGL167C,0,-5.9340525,0.17242927849292755,0.3840000033378601,0.1843000054359436
YIL075C,YDR531W,0,-5.9341645,0.1723518818616867,0.3840000033378601,0.18440000712871552
YLR347C,YGR007W,0,-5.934217,0.17227455973625183,0.3840000033378601,0.18449999392032623
YEL009C,YJL063C,0,-5.934321,0.17219731211662292,0.3840000033378601,0.18459999561309814
YDR140W,YGR144W,0,-5.934814,0.1721201241016388,0.3840000033378601,0.18469999730587006
YBL063W,YPR143W,0,-5.9349046,0.17204301059246063,0.3840000033378601,0.18479999899864197
YIR013C,YGR014W,0,-5.935148,0.17196597158908844,0.3840000033378601,0.18490000069141388
YML016C,YMR087W,1,-5.935308,0.1723366230726242,0.38499999046325684,0.18490000069141388
YNL106C,YOR090C,1,-5.9357395,0.17270693182945251,0.38600000739097595,0.18490000069141388
YKR068C,YGR003W,0,-5.935884,0.1726296991109848,0.38600000739097595,0.1850000023841858
YHR043C,YNL325C,1,-5.9364057,0.1729995459318161,0.3869999945163727,0.1850000023841858
YDL028C,YBR240C,0,-5.9365783,0.1729222536087036,0.3869999945163727,0.1851000040769577
YLR288C,YML069W,0,-5.937102,0.1728450208902359,0.3869999945163727,0.18520000576972961
YGR177C,YGR027W-A,0,-5.93712,0.17276786267757416,0.3869999945163727,0.18529999256134033
YAL042W,YPR159W,0,-5.93718,0.1726907640695572,0.3869999945163727,0.18539999425411224
YDR536W,YER113C,0,-5.937224,0.1726137399673462,0.3869999945163727,0.18549999594688416
YNR019W,YNL330C,0,-5.937249,0.17253677546977997,0.3869999945163727,0.18559999763965607
YOR113W,YLR035C,0,-5.9372907,0.1724599003791809,0.3869999945163727,0.18569999933242798
YPL262W,YMR283C,0,-5.93731,0.17238306999206543,0.3869999945163727,0.1858000010251999
YBR234C,YDR255C,0,-5.93733,0.17230632901191711,0.3869999945163727,0.1859000027179718
YJL198W,YDL038C,0,-5.937777,0.17222963273525238,0.3869999945163727,0.1860000044107437
YDR258C,YMR070W,0,-5.938022,0.1721530258655548,0.3869999945163727,0.18610000610351562
YLL055W,YDL120W,0,-5.938293,0.17207647860050201,0.3869999945163727,0.18619999289512634
YJL035C,YPR004C,0,-5.938618,0.1720000058412552,0.3869999945163727,0.18629999458789825
YMR106C,YHR214C-B,0,-5.9388704,0.17192359268665314,0.3869999945163727,0.18639999628067017
YDR411C,YPL159C,0,-5.9390407,0.17184725403785706,0.3869999945163727,0.18649999797344208
YNL325C,YNL032W,1,-5.9392753,0.1722148209810257,0.3880000114440918,0.18649999797344208
YOR279C,YIL084C,0,-5.9393773,0.17213842272758484,0.3880000114440918,0.186599999666214
YPR073C,YAR071W,1,-5.939518,0.17250554263591766,0.3889999985694885,0.186599999666214
YER036C,YLL038C,0,-5.939761,0.17242908477783203,0.3889999985694885,0.1867000013589859
YGL133W,YDR365W-A,0,-5.9399505,0.17235268652439117,0.3889999985694885,0.1868000030517578
YJL170C,YOR285W,0,-5.9400406,0.1722763478755951,0.3889999985694885,0.18690000474452972
YOL053C-A,YGL098W,0,-5.9401116,0.17220008373260498,0.3889999985694885,0.18700000643730164
YNL059C,YDR377W,0,-5.9401336,0.17212389409542084,0.3889999985694885,0.18709999322891235
YLR313C,YAR010C,0,-5.94018,0.17204776406288147,0.3889999985694885,0.18719999492168427
YBR200W,YLR298C,0,-5.9402046,0.17197170853614807,0.3889999985694885,0.18729999661445618
YDL024C,YMR087W,1,-5.94029,0.172337606549263,0.38999998569488525,0.18729999661445618
YOR383C,YMR146C,0,-5.940306,0.17226149141788483,0.38999998569488525,0.1873999983072281
YAR033W,YGL095C,0,-5.9403853,0.17218543589115143,0.38999998569488525,0.1875
YLR098C,YPR095C,0,-5.9405017,0.1721094399690628,0.38999998569488525,0.1876000016927719
YIL020C,YDL059C,0,-5.9405766,0.17203351855278015,0.38999998569488525,0.18770000338554382
YDL178W,YGR109W-B,0,-5.94058,0.17195767164230347,0.38999998569488525,0.18780000507831573
YER133W,YPL179W,1,-5.9406266,0.172322615981102,0.39100000262260437,0.18780000507831573
YER133W,YKR028W,1,-5.940641,0.17268721759319305,0.3919999897480011,0.18780000507831573
YCR044C,YDR498C,0,-5.940703,0.17261119186878204,0.3919999897480011,0.18790000677108765
YGR223C,YBR284W,0,-5.9407864,0.17253521084785461,0.3919999897480011,0.18799999356269836
YNR032W,YKR028W,1,-5.9409075,0.1728992462158203,0.3930000066757202,0.18799999356269836
YMR012W,YKL175W,0,-5.941295,0.1728232204914093,0.3930000066757202,0.18809999525547028
YNR008W,YGR244C,0,-5.941372,0.17274725437164307,0.3930000066757202,0.1881999969482422
YAL008W,YGR040W,0,-5.9413896,0.1726713478565216,0.3930000066757202,0.1882999986410141
YOR222W,YOR216C,0,-5.9416466,0.17259551584720612,0.3930000066757202,0.188400000333786
YER133W,YOR090C,1,-5.941713,0.17295873165130615,0.39399999380111694,0.188400000333786
YKL190W,YAR071W,1,-5.9418015,0.17332163453102112,0.39500001072883606,0.188400000333786
YKL017C,YDR213W,0,-5.9421406,0.1732456088066101,0.39500001072883606,0.18850000202655792
YIL036W,YGR292W,0,-5.942447,0.17316965758800507,0.39500001072883606,0.18860000371932983
YLR238W,YKR026C,0,-5.9426665,0.173093780875206,0.39500001072883606,0.18870000541210175
YOR304W,YDR456W,0,-5.942854,0.1730179637670517,0.39500001072883606,0.18880000710487366
YBR107C,YGL219C,0,-5.9429393,0.17294220626354218,0.39500001072883606,0.18889999389648438
YLR380W,YJR033C,0,-5.9429526,0.17286652326583862,0.39500001072883606,0.1889999955892563
YAR014C,YOL119C,0,-5.9430113,0.17279089987277985,0.39500001072883606,0.1890999972820282
YGR037C,YFL024C,0,-5.943069,0.17271535098552704,0.39500001072883606,0.1891999989748001
YFR021W,YLR421C,0,-5.943118,0.172639861702919,0.39500001072883606,0.18930000066757202
YKL141W,YEL012W,0,-5.943351,0.17256443202495575,0.39500001072883606,0.18940000236034393
YCR086W,YLR205C,0,-5.943377,0.17248907685279846,0.39500001072883606,0.18950000405311584
YFR021W,YPR070W,0,-5.94342,0.17241379618644714,0.39500001072883606,0.18960000574588776
YDR219C,YGL100W,0,-5.943423,0.1723385751247406,0.39500001072883606,0.18970000743865967
YGR292W,YBL036C,0,-5.9435043,0.17226341366767883,0.39500001072883606,0.18979999423027039
YPL179W,YOR090C,1,-5.9435124,0.17262423038482666,0.3959999978542328,0.18979999423027039
YMR192W,YOR044W,0,-5.943724,0.1725490242242813,0.3959999978542328,0.1898999959230423
YER155C,YHL034C,0,-5.9438634,0.17247386276721954,0.3959999978542328,0.1899999976158142
YOR109W,YDR287W,1,-5.9439487,0.1728341281414032,0.3970000147819519,0.1899999976158142
YMR234W,YML014W,0,-5.944177,0.17275892198085785,0.3970000147819519,0.19009999930858612
YOR141C,YOL016C,0,-5.9441967,0.17268377542495728,0.3970000147819519,0.19020000100135803
YDL106C,YER008C,0,-5.944404,0.17260868847370148,0.3970000147819519,0.19030000269412994
YPR005C,YOR279C,0,-5.9444766,0.17253367602825165,0.3970000147819519,0.19040000438690186
YOL053C-A,YDR201W,0,-5.9445825,0.1724587380886078,0.3970000147819519,0.19050000607967377
YMR220W,YHR188C,0,-5.9446163,0.1723838448524475,0.3970000147819519,0.19059999287128448
YOR329C,YHR138C,0,-5.944623,0.1723090261220932,0.3970000147819519,0.1906999945640564
YDR186C,YJL028W,0,-5.944657,0.17223426699638367,0.3970000147819519,0.1907999962568283
YAR071W,YIL113W,1,-5.9449058,0.17259323596954346,0.39800000190734863,0.1907999962568283
YGR006W,YKL178C,0,-5.944962,0.17251841723918915,0.39800000190734863,0.19089999794960022
YLR093C,YOL011W,0,-5.9450784,0.1724436730146408,0.39800000190734863,0.19099999964237213
YML078W,YER070W,0,-5.945451,0.17236898839473724,0.39800000190734863,0.19110000133514404
YOR011W,YDR328C,0,-5.945595,0.17229437828063965,0.39800000190734863,0.19120000302791595
YLR119W,YGL249W,0,-5.9457583,0.17221981287002563,0.39800000190734863,0.19130000472068787
YPL115C,YGR267C,0,-5.9458175,0.1721453219652176,0.39800000190734863,0.19140000641345978
YDR218C,YKL119C,0,-5.9458528,0.17207090556621552,0.39800000190734863,0.1914999932050705
YGL201C,YJR052W,0,-5.9458847,0.17199654877185822,0.39800000190734863,0.1915999948978424
YHR043C,YOR090C,1,-5.9460373,0.17235420644283295,0.39899998903274536,0.1915999948978424
YDR446W,YPR164W,0,-5.946097,0.17227979004383087,0.39899998903274536,0.19169999659061432
YDR448W,YGR099W,0,-5.9462485,0.17220543324947357,0.39899998903274536,0.19179999828338623
YNL042W,YML103C,0,-5.9464717,0.17213115096092224,0.39899998903274536,0.19189999997615814
YDL215C,YBL036C,0,-5.9465413,0.17205692827701569,0.39899998903274536,0.19200000166893005
YFL035C-B,YBL087C,0,-5.946811,0.1719827651977539,0.39899998903274536,0.19210000336170197
YKR089C,YOR344C,0,-5.9469914,0.1719086617231369,0.39899998903274536,0.19220000505447388
YLR157C,YIL023C,0,-5.947085,0.17183463275432587,0.39899998903274536,0.1923000067472458
YJL094C,YDR368W,0,-5.9473023,0.1717606484889984,0.39899998903274536,0.1923999935388565
YGL178W,YLR265C,0,-5.947303,0.17168675363063812,0.39899998903274536,0.19249999523162842
YLR153C,YPL132W,0,-5.94733,0.1716129034757614,0.39899998903274536,0.19259999692440033
YNL177C,YAL001C,0,-5.9475055,0.17153912782669067,0.39899998903274536,0.19269999861717224
YIL075C,YNR006W,0,-5.9476285,0.1714654117822647,0.39899998903274536,0.19280000030994415
YKL213C,YDL107W,0,-5.9476504,0.17139175534248352,0.39899998903274536,0.19290000200271606
YMR237W,YGR175C,0,-5.948027,0.1713181585073471,0.39899998903274536,0.19300000369548798
YIL168W,YPR174C,0,-5.948054,0.17124463617801666,0.39899998903274536,0.1931000053882599
YDR216W,YDR398W,0,-5.9480934,0.171171173453331,0.39899998903274536,0.1932000070810318
YIL002C,YKR053C,1,-5.948094,0.17152658104896545,0.4000000059604645,0.1932000070810318
YBL018C,YDL097C,0,-5.9482036,0.171453058719635,0.4000000059604645,0.19329999387264252
YOL110W,YIL135C,0,-5.948217,0.17137961089611053,0.4000000059604645,0.19339999556541443
YBL032W,YCL057W,0,-5.9482903,0.17130620777606964,0.4000000059604645,0.19349999725818634
YLR174W,YNL163C,0,-5.948428,0.17123287916183472,0.4000000059604645,0.19359999895095825
YJR004C,YGR122W,0,-5.948901,0.17115961015224457,0.4000000059604645,0.19370000064373016
YGL086W,YOR241W,0,-5.9489183,0.1710864007472992,0.4000000059604645,0.19380000233650208
YGL047W,YDR038C,0,-5.9489665,0.1710132509469986,0.4000000059604645,0.193900004029274
YGL174W,YEL057C,0,-5.9489803,0.17094017565250397,0.4000000059604645,0.1940000057220459
YBR049C,YJL114W,0,-5.949184,0.17086714506149292,0.4000000059604645,0.1941000074148178
YHL032C,YLR023C,0,-5.9492545,0.17079418897628784,0.4000000059604645,0.19419999420642853
YKL157W,YDR200C,0,-5.9494452,0.17072129249572754,0.4000000059604645,0.19429999589920044
YPR121W,YHL009C,0,-5.949634,0.1706484705209732,0.4000000059604645,0.19439999759197235
YLL010C,YDL230W,1,-5.949635,0.17100213468074799,0.4009999930858612,0.19439999759197235
YML081C-A,YOL133W,0,-5.949828,0.17092923820018768,0.4009999930858612,0.19449999928474426
YOR339C,YCL020W,0,-5.949944,0.17085641622543335,0.4009999930858612,0.19460000097751617
YOL016C,YMR284W,0,-5.9504066,0.1707836389541626,0.4009999930858612,0.19470000267028809
YBR101C,YMR047C,0,-5.9506946,0.17071093618869781,0.4009999930858612,0.19480000436306
YDR159W,YMR273C,0,-5.9507923,0.1706382930278778,0.4009999930858612,0.1949000060558319
YCR079W,YMR087W,1,-5.9509063,0.17099106311798096,0.4020000100135803,0.1949000060558319
YGR166W,YNL003C,0,-5.9509397,0.17091836035251617,0.4020000100135803,0.19499999284744263
YNL188W,YOR057W,0,-5.9509683,0.17084573209285736,0.4020000100135803,0.19509999454021454
YPR106W,YDR078C,0,-5.9512944,0.17077314853668213,0.4020000100135803,0.19519999623298645
YNL221C,YPL235W,0,-5.951306,0.17070063948631287,0.4020000100135803,0.19529999792575836
YNL142W,YFR045W,0,-5.9513803,0.17062819004058838,0.4020000100135803,0.19539999961853027
YPL129W,YNR004W,0,-5.951492,0.17055578529834747,0.4020000100135803,0.19550000131130219
YNL118C,YBR026C,0,-5.9515004,0.17048345506191254,0.4020000100135803,0.1956000030040741
YDR108W,YKL142W,0,-5.9515443,0.17041118443012238,0.4020000100135803,0.195700004696846
YPL045W,YER024W,0,-5.9515567,0.17033898830413818,0.4020000100135803,0.19580000638961792
YPL249C,YDL246C,0,-5.9518485,0.17026683688163757,0.4020000100135803,0.19589999318122864
YER019W,YFL008W,0,-5.951932,0.17019474506378174,0.4020000100135803,0.19599999487400055
YIL095W,YPR121W,0,-5.95196,0.17012272775173187,0.4020000100135803,0.19609999656677246
YER062C,YPL179W,1,-5.952005,0.17047376930713654,0.40299999713897705,0.19609999656677246
YEL009C,YJL176C,0,-5.952053,0.1704016923904419,0.40299999713897705,0.19619999825954437
YDL087C,YLL013C,0,-5.9522405,0.17032967507839203,0.40299999713897705,0.19629999995231628
YOR076C,YOR142W-B,0,-5.9523764,0.17025771737098694,0.40299999713897705,0.1964000016450882
YDR153C,YDL216C,0,-5.9524894,0.17018580436706543,0.40299999713897705,0.1965000033378601
YER022W,YNL190W,0,-5.952579,0.1701139658689499,0.40299999713897705,0.19660000503063202
YJR044C,YDR239C,0,-5.952768,0.17004218697547913,0.40299999713897705,0.19670000672340393
YML080W,YJR017C,0,-5.952795,0.16997048258781433,0.40299999713897705,0.19679999351501465
YOR117W,YLR121C,0,-5.952851,0.16989882290363312,0.40299999713897705,0.19689999520778656
YDR518W,YIL042C,0,-5.9529243,0.16982722282409668,0.40299999713897705,0.19699999690055847
YLR431C,YDR218C,0,-5.952966,0.16975568234920502,0.40299999713897705,0.19709999859333038
YDR451C,YOR087W,0,-5.952969,0.16968421638011932,0.40299999713897705,0.1972000002861023
YKL048C,YBR097W,0,-5.9530673,0.1696127951145172,0.40299999713897705,0.1973000019788742
YPL254W,YNL221C,0,-5.953081,0.16954143345355988,0.40299999713897705,0.19740000367164612
YOL165C,YLL015W,0,-5.953193,0.1694701462984085,0.40299999713897705,0.19750000536441803
YHR206W,YML001W,0,-5.9537077,0.16939890384674072,0.40299999713897705,0.19760000705718994
YCR077C,YJR123W,0,-5.953856,0.1693277359008789,0.40299999713897705,0.19769999384880066
YLR151C,YLR266C,0,-5.9539633,0.16925661265850067,0.40299999713897705,0.19779999554157257
YOR328W,YKL127W,0,-5.9544587,0.1691855639219284,0.40299999713897705,0.19789999723434448
YBR149W,YGR063C,0,-5.9547057,0.16911455988883972,0.40299999713897705,0.1979999989271164
YNL287W,YDR246W,0,-5.9548273,0.169043630361557,0.40299999713897705,0.1981000006198883
YOR007C,YDR079C-A,0,-5.9549413,0.16897274553775787,0.40299999713897705,0.19820000231266022
YCR040W,YPR118W,0,-5.954942,0.1689019352197647,0.40299999713897705,0.19830000400543213
YGR135W,YOR008C,0,-5.9551015,0.16883116960525513,0.40299999713897705,0.19840000569820404
YPL242C,YOR354C,0,-5.95532,0.16876046359539032,0.40299999713897705,0.19850000739097595
YDR046C,YDR352W,0,-5.955451,0.16868983209133148,0.40299999713897705,0.19859999418258667
YNL014W,YER094C,0,-5.9556894,0.16861924529075623,0.40299999713897705,0.19869999587535858
YML019W,YDR306C,0,-5.9560037,0.16854871809482574,0.40299999713897705,0.1987999975681305
YKL026C,YIL129C,0,-5.9560375,0.16847826540470123,0.40299999713897705,0.1988999992609024
YHR076W,YGL224C,1,-5.95608,0.16882574558258057,0.40400001406669617,0.1988999992609024
YLR336C,YHR050W,0,-5.956227,0.16875521838665009,0.40400001406669617,0.19900000095367432
YFL033C,YGL252C,0,-5.956307,0.16868476569652557,0.40400001406669617,0.19910000264644623
YDR179C,YBR004C,0,-5.956372,0.16861435770988464,0.40400001406669617,0.19920000433921814
YLR286C,YKL144C,0,-5.956376,0.1685440093278885,0.40400001406669617,0.19930000603199005
YGL142C,YER028C,0,-5.9563866,0.1684737354516983,0.40400001406669617,0.19939999282360077
YDR208W,YPL089C,0,-5.956589,0.1684035062789917,0.40400001406669617,0.19949999451637268
YCL012W,YIR039C,0,-5.956656,0.16833333671092987,0.40400001406669617,0.1995999962091446
YNR058W,YER108C,0,-5.956819,0.16826322674751282,0.40400001406669617,0.1996999979019165
YDR204W,YKR089C,0,-5.9568744,0.16819317638874054,0.40400001406669617,0.19979999959468842
YHR006W,YER090W,0,-5.957003,0.16812318563461304,0.40400001406669617,0.19990000128746033
YDR141C,YLR047C,0,-5.957194,0.16805323958396912,0.40400001406669617,0.20000000298023224
YBR217W,YIR006C,0,-5.957214,0.16798336803913116,0.40400001406669617,0.20010000467300415
YLR213C,YDR258C,0,-5.9572268,0.167913556098938,0.40400001406669617,0.20020000636577606
YKL190W,YER089C,1,-5.957354,0.16825924813747406,0.4050000011920929,0.20020000636577606
YLR080W,YCL061C,0,-5.95742,0.16818936169147491,0.4050000011920929,0.20029999315738678
YBR159W,YKL188C,0,-5.957459,0.16811954975128174,0.4050000011920929,0.2003999948501587
YJR102C,YKL088W,0,-5.9574704,0.16804979741573334,0.4050000011920929,0.2004999965429306
YDR409W,YGR059W,0,-5.95755,0.16798008978366852,0.4050000011920929,0.20059999823570251
YCL066W,YNR039C,0,-5.957599,0.16791044175624847,0.4050000011920929,0.20069999992847443
YGL142C,YMR200W,0,-5.95777,0.1678408682346344,0.4050000011920929,0.20080000162124634
YJL110C,YDR244W,0,-5.9581957,0.1677713394165039,0.4050000011920929,0.20090000331401825
YKL143W,YNR023W,0,-5.958238,0.1677018702030182,0.4050000011920929,0.20100000500679016
YOR136W,YCR081W,0,-5.9583325,0.16763244569301605,0.4050000011920929,0.20110000669956207
YFR041C,YBR017C,0,-5.958353,0.16756309568881989,0.4050000011920929,0.2011999934911728
YDR245W,YJL127C,0,-5.9584355,0.1674937903881073,0.4050000011920929,0.2012999951839447
YKL052C,YGL252C,0,-5.9585147,0.16742455959320068,0.4050000011920929,0.2013999968767166
YEL015W,YIL117C,0,-5.9588113,0.16735537350177765,0.4050000011920929,0.20149999856948853
YJR158W,YOR348C,0,-5.958891,0.1672862470149994,0.4050000011920929,0.20160000026226044
YNL218W,YNL152W,0,-5.9589367,0.1672171801328659,0.4050000011920929,0.20170000195503235
YBR024W,YPL066W,0,-5.958971,0.167148157954216,0.4050000011920929,0.20180000364780426
YDL093W,YOR216C,0,-5.959061,0.16707921028137207,0.4050000011920929,0.20190000534057617
YIL135C,YLR040C,0,-5.95913,0.16701030731201172,0.4050000011920929,0.20200000703334808
YIL122W,YMR154C,0,-5.9592357,0.16694146394729614,0.4050000011920929,0.2020999938249588
YLR214W,YDR427W,0,-5.9593115,0.16687268018722534,0.4050000011920929,0.2021999955177307
YPR185W,YER111C,0,-5.959351,0.16680395603179932,0.4050000011920929,0.20229999721050262
YPL267W,YMR022W,0,-5.959378,0.16673527657985687,0.4050000011920929,0.20239999890327454
YNL336W,YPL170W,0,-5.959523,0.1666666716337204,0.4050000011920929,0.20250000059604645
YNL166C,YKR035W-A,0,-5.95954,0.1665981113910675,0.4050000011920929,0.20260000228881836
YML036W,YHR086W,0,-5.9596524,0.1665296107530594,0.4050000011920929,0.20270000398159027
YMR073C,YOR359W,0,-5.959728,0.16646115481853485,0.4050000011920929,0.20280000567436218
YNL052W,YJL062W,0,-5.959802,0.16639277338981628,0.4050000011920929,0.2029000073671341
YNL085W,YHL017W,0,-5.959825,0.1663244366645813,0.4050000011920929,0.2029999941587448
YBR119W,YLR452C,0,-5.9600253,0.1662561595439911,0.4050000011920929,0.20309999585151672
YKL085W,YPL144W,0,-5.9600587,0.16618794202804565,0.4050000011920929,0.20319999754428864
YDL197C,YMR037C,0,-5.9600663,0.1661197692155838,0.4050000011920929,0.20329999923706055
YHR160C,YCR060W,0,-5.960184,0.16605165600776672,0.4050000011920929,0.20340000092983246
YKR009C,YKR029C,0,-5.9604144,0.16598360240459442,0.4050000011920929,0.20350000262260437
YJL001W,YOR290C,0,-5.9604583,0.1659156084060669,0.4050000011920929,0.20360000431537628
YAL068C,YPR036W,0,-5.960902,0.16584765911102295,0.4050000011920929,0.2037000060081482
YBR160W,YER161C,0,-5.9610295,0.16577978432178497,0.4050000011920929,0.2037999927997589
YOR079C,YDL097C,0,-5.9612107,0.16571195423603058,0.4050000011920929,0.20389999449253082
YOR241W,YOL052C,0,-5.9612346,0.16564416885375977,0.4050000011920929,0.20399999618530273
YDL013W,YGL210W-A,0,-5.9613013,0.16557645797729492,0.4050000011920929,0.20409999787807465
YOL034W,YGR211W,0,-5.9613295,0.16550879180431366,0.4050000011920929,0.20419999957084656
YDR069C,YDR108W,0,-5.9614344,0.16544117033481598,0.4050000011920929,0.20430000126361847
YOR315W,YLR262C,0,-5.9614406,0.16537362337112427,0.4050000011920929,0.20440000295639038
YEL034W,YEL021W,0,-5.961476,0.16530612111091614,0.4050000011920929,0.2045000046491623
YOR319W,YBR275C,0,-5.961498,0.16523867845535278,0.4050000011920929,0.2046000063419342
YOR249C,YAR014C,0,-5.961536,0.1651712954044342,0.4050000011920929,0.20469999313354492
YHR043C,YIL002C,1,-5.9616494,0.1655116230249405,0.4059999883174896,0.20469999313354492
YIL095W,YOL091W,0,-5.9617987,0.16544416546821594,0.4059999883174896,0.20479999482631683
YDR499W,YGR161W-B,0,-5.961892,0.16537678241729736,0.4059999883174896,0.20489999651908875
YLR377C,YMR165C,1,-5.961921,0.16571661829948425,0.40700000524520874,0.20489999651908875
YML016C,YLR019W,1,-5.9619527,0.16605617105960846,0.40799999237060547,0.20489999651908875
YGR044C,YFL058W,0,-5.9621634,0.16598860919475555,0.40799999237060547,0.20499999821186066
YKL112W,YNL092W,0,-5.962294,0.16592110693454742,0.40799999237060547,0.20509999990463257
YKL149C,YLR298C,0,-5.962439,0.16585366427898407,0.40799999237060547,0.20520000159740448
YAL035W,YJR131W,0,-5.962481,0.1657862663269043,0.40799999237060547,0.2053000032901764
YFL018C,YKL001C,0,-5.9624934,0.1657189279794693,0.40799999237060547,0.2054000049829483
YPR070W,YPR113W,0,-5.9625096,0.16565164923667908,0.40799999237060547,0.20550000667572021
YGL229C,YNL128W,1,-5.9626517,0.16599026322364807,0.4090000092983246,0.20550000667572021
YKL180W,YHR214C-C,0,-5.9626784,0.16592292487621307,0.4090000092983246,0.20559999346733093
YER112W,YBL060W,0,-5.9628286,0.16585563123226166,0.4090000092983246,0.20569999516010284
YJL031C,YOL110W,0,-5.9628506,0.1657884120941162,0.4090000092983246,0.20579999685287476
YCL035C,YNL284C-B,0,-5.9629145,0.16572123765945435,0.4090000092983246,0.20589999854564667
YCR028C,YFL002C,0,-5.9631886,0.16565410792827606,0.4090000092983246,0.20600000023841858
YDL072C,YDL235C,0,-5.9632525,0.16558703780174255,0.4090000092983246,0.2061000019311905
YJR013W,YPR121W,0,-5.9633183,0.16552002727985382,0.4090000092983246,0.2062000036239624
YPR008W,YHR066W,0,-5.963367,0.16545307636260986,0.4090000092983246,0.20630000531673431
YJL065C,YCR097WB,0,-5.963451,0.1653861701488495,0.4090000092983246,0.20640000700950623
YDR255C,YDR213W,0,-5.963573,0.1653193235397339,0.4090000092983246,0.20649999380111694
YOR260W,YIL139C,0,-5.963873,0.16525252163410187,0.4090000092983246,0.20659999549388885
YHL006C,YJL127C,0,-5.9639573,0.16518577933311462,0.4090000092983246,0.20669999718666077
YER062C,YDR287W,1,-5.963968,0.16552281379699707,0.4099999964237213,0.20669999718666077
YOL068C,YLR467W,0,-5.964003,0.16545601189136505,0.4099999964237213,0.20679999887943268
YIL005W,YHR086W,0,-5.9640465,0.1653892695903778,0.4099999964237213,0.2069000005722046
YJR077C,YBR263W,0,-5.964083,0.16532258689403534,0.4099999964237213,0.2070000022649765
YOR368W,YGL048C,0,-5.964107,0.16525594890117645,0.4099999964237213,0.2071000039577484
YFL035C-B,YLR385C,0,-5.964115,0.16518937051296234,0.4099999964237213,0.20720000565052032
YOL066C,YFR045W,0,-5.9646077,0.1651228368282318,0.4099999964237213,0.20730000734329224
YDR046C,YER171W,0,-5.964665,0.16505636274814606,0.4099999964237213,0.20739999413490295
YNL328C,YJL028W,0,-5.9649167,0.16498993337154388,0.4099999964237213,0.20749999582767487
YHL022C,YPL020C,0,-5.965346,0.16492357850074768,0.4099999964237213,0.20759999752044678
YLR051C,YER113C,0,-5.9653554,0.16485725343227386,0.4099999964237213,0.2076999992132187
YLR203C,YKL211C,0,-5.965515,0.16479100286960602,0.4099999964237213,0.2078000009059906
YDR434W,YDR362C,0,-5.965535,0.16472478210926056,0.4099999964237213,0.2079000025987625
YDL236W,YDL230W,1,-5.965759,0.16506023705005646,0.41100001335144043,0.2079000025987625
YHR018C,YPR055W,0,-5.9659066,0.16499397158622742,0.41100001335144043,0.20800000429153442
YNL292W,YOR088W,0,-5.9659877,0.16492776572704315,0.41100001335144043,0.20810000598430634
YHR043C,YOR014W,1,-5.96622,0.16526272892951965,0.41200000047683716,0.20810000598430634
YNL030W,YDR200C,0,-5.966431,0.1651964783668518,0.41200000047683716,0.20819999277591705
YML112W,YER116C,0,-5.9664397,0.16513025760650635,0.41200000047683716,0.20829999446868896
YMR165C,YMR087W,1,-5.9665136,0.16546474397182465,0.4129999876022339,0.20829999446868896
YGL086W,YGR081C,0,-5.966675,0.1653984785079956,0.4129999876022339,0.20839999616146088
YCL067C,YPR118W,0,-5.9667206,0.16533227264881134,0.4129999876022339,0.2084999978542328
YOR133W,YDL052C,0,-5.9667363,0.16526611149311066,0.4129999876022339,0.2085999995470047
YDL074C,YBL088C,0,-5.966921,0.16519999504089355,0.4129999876022339,0.2087000012397766
YER027C,YER112W,0,-5.967003,0.16513395309448242,0.4129999876022339,0.20880000293254852
YOR335C,YOR011W,0,-5.9670777,0.16506794095039368,0.4129999876022339,0.20890000462532043
YHR147C,YGL093W,0,-5.9671006,0.1650020033121109,0.4129999876022339,0.20900000631809235
YIR009W,YOR253W,0,-5.9672527,0.1649360954761505,0.4129999876022339,0.20909999310970306
YDL024C,YGL224C,1,-5.967308,0.16526946425437927,0.414000004529953,0.20909999310970306
YGL175C,YGL010W,0,-5.967573,0.1652035117149353,0.414000004529953,0.20919999480247498
YMR073C,YJL013C,0,-5.9678106,0.1651376187801361,0.414000004529953,0.2092999964952469
YMR221C,YBR055C,0,-5.967832,0.1650717705488205,0.414000004529953,0.2093999981880188
YNL307C,YBR289W,0,-5.967862,0.16500598192214966,0.414000004529953,0.2094999998807907
YPL001W,YHR082C,0,-5.968039,0.1649402379989624,0.414000004529953,0.20960000157356262
YNL133C,YGR161W-B,0,-5.968183,0.16487455368041992,0.414000004529953,0.20970000326633453
YDR436W,YGR161C,1,-5.968226,0.16520701348781586,0.41499999165534973,0.20970000326633453
YCR106W,YBL088C,0,-5.968244,0.1651412695646286,0.41499999165534973,0.20980000495910645
YDR281C,YLR227W-A,0,-5.968262,0.16507557034492493,0.41499999165534973,0.20990000665187836
YHR047C,YDR376W,0,-5.9683447,0.16500994563102722,0.41499999165534973,0.20999999344348907
YLR263W,YDL038C,0,-5.968579,0.1649443507194519,0.41499999165534973,0.210099995136261
YPR005C,YHR202W,0,-5.9686666,0.16487883031368256,0.41499999165534973,0.2101999968290329
YEL051W,YCR016W,0,-5.9687085,0.1648133397102356,0.41499999165534973,0.2102999985218048
YCL001W,YDL007W,0,-5.968716,0.1647479087114334,0.41499999165534973,0.21040000021457672
YKR028W,YNL217W,1,-5.9690576,0.16507937014102936,0.41600000858306885,0.21040000021457672
YDR284C,YFR040W,1,-5.9693427,0.16541054844856262,0.4169999957084656,0.21040000021457672
YJL094C,YGR065C,0,-5.9697833,0.1653449684381485,0.4169999957084656,0.21050000190734863
YLR432W,YKL199C,0,-5.9698687,0.16527943313121796,0.4169999957084656,0.21060000360012054
YMR164C,YLL040C,0,-5.970178,0.165213942527771,0.4169999957084656,0.21070000529289246
YHR043C,YFR040W,1,-5.970393,0.1655445545911789,0.4180000126361847,0.21070000529289246
YFR015C,YBR182C,0,-5.970573,0.16547901928424835,0.4180000126361847,0.21080000698566437
YPL156C,YIL011W,0,-5.970834,0.1654135286808014,0.4180000126361847,0.21089999377727509
YDR379W,YJL191W,0,-5.971048,0.1653480976819992,0.4180000126361847,0.210999995470047
YHL031C,YMR005W,0,-5.971727,0.1652827262878418,0.4180000126361847,0.2110999971628189
YAR018C,YLR248W,0,-5.971913,0.16521738469600677,0.4180000126361847,0.21119999885559082
YPR175W,YBL006C,0,-5.9719357,0.16515211760997772,0.4180000126361847,0.21130000054836273
YOL164W,YFR008W,0,-5.971951,0.16508689522743225,0.4180000126361847,0.21140000224113464
YKL097W-A,YPR107C,0,-5.9720497,0.16502171754837036,0.4180000126361847,0.21150000393390656
YPR031W,YAR008W,0,-5.972099,0.16495658457279205,0.4180000126361847,0.21160000562667847
YOR171C,YML120C,0,-5.9722724,0.16489152610301971,0.4180000126361847,0.21170000731945038
YPR020W,YIR014W,0,-5.972379,0.16482649743556976,0.4180000126361847,0.2117999941110611
YIL098C,YCR097WB,0,-5.9724054,0.1647615283727646,0.4180000126361847,0.211899995803833
YBR218C,YDL060W,0,-5.9724107,0.1646966189146042,0.4180000126361847,0.21199999749660492
YOR284W,YNL137C,0,-5.972416,0.16463173925876617,0.4180000126361847,0.21209999918937683
YPR162C,YLR234W,0,-5.973001,0.16456693410873413,0.4180000126361847,0.21220000088214874
YGL201C,YHR214C-B,0,-5.973264,0.16450215876102448,0.4180000126361847,0.21230000257492065
YGR193C,YDR117C,0,-5.9733167,0.1644374579191208,0.4180000126361847,0.21240000426769257
YJR006W,YCR087C-A,0,-5.9733415,0.1643727868795395,0.4180000126361847,0.21250000596046448
YNR067C,YHR099W,0,-5.973576,0.16430817544460297,0.4180000126361847,0.2125999927520752
YLR047C,YFL058W,0,-5.9738097,0.16424360871315002,0.4180000126361847,0.2126999944448471
YPR055W,YNL197C,0,-5.9738326,0.16417910158634186,0.4180000126361847,0.21279999613761902
YGL253W,YNL313C,0,-5.973884,0.16411463916301727,0.4180000126361847,0.21289999783039093
YJR093C,YOR358W,0,-5.9741025,0.16405023634433746,0.4180000126361847,0.21299999952316284
YNL102W,YAL043C,0,-5.974117,0.16398587822914124,0.4180000126361847,0.21310000121593475
YHR031C,YOR359W,0,-5.9742084,0.1639215648174286,0.4180000126361847,0.21320000290870667
YFL033C,YAL030W,0,-5.974223,0.16385731101036072,0.4180000126361847,0.21330000460147858
YDL204W,YLL002W,0,-5.974281,0.16379310190677643,0.4180000126361847,0.2134000062942505
YCR008W,YGL227W,0,-5.9743614,0.16372895240783691,0.4180000126361847,0.2134999930858612
YER053C,YOL038W,0,-5.9744906,0.1636648327112198,0.4180000126361847,0.21359999477863312
YCL027W,YNL090W,0,-5.9745584,0.16360078752040863,0.4180000126361847,0.21369999647140503
YHR171W,YIL117C,0,-5.974665,0.16353677213191986,0.4180000126361847,0.21379999816417694
YGL179C,YGL039W,0,-5.974692,0.16347281634807587,0.4180000126361847,0.21389999985694885
YJR052W,YHL009C,0,-5.9746995,0.16340892016887665,0.4180000126361847,0.21400000154972076
YFL047W,YPL009C,0,-5.974962,0.16334505379199982,0.4180000126361847,0.21410000324249268
YDR503C,YDR287W,1,-5.975017,0.16367188096046448,0.4189999997615814,0.21410000324249268
YPR073C,YMR087W,1,-5.975126,0.16399843990802765,0.41999998688697815,0.21410000324249268
YBR112C,YGR065C,0,-5.9751515,0.16393442451953888,0.41999998688697815,0.2142000049352646
YPL177C,YDR018C,0,-5.975392,0.16387046873569489,0.41999998688697815,0.2143000066280365
YER114C,YLR313C,0,-5.9755692,0.16380655765533447,0.41999998688697815,0.21439999341964722
YGL133W,YNL045W,0,-5.9759383,0.16374269127845764,0.41999998688697815,0.21449999511241913
YBR068C,YER032W,0,-5.976148,0.16367888450622559,0.41999998688697815,0.21459999680519104
YJL030W,YPL283C,0,-5.97625,0.16361510753631592,0.41999998688697815,0.21469999849796295
YDR041W,YIL109C,0,-5.976284,0.16355140507221222,0.41999998688697815,0.21480000019073486
YKR046C,YGR241C,0,-5.9763894,0.1634877324104309,0.41999998688697815,0.21490000188350677
YPL256C,YER078C,0,-5.976585,0.16342411935329437,0.41999998688697815,0.2150000035762787
YOR370C,YCL008C,0,-5.976814,0.1633605659008026,0.41999998688697815,0.2151000052690506
YLR163C,YNR059W,0,-5.976876,0.16329704225063324,0.41999998688697815,0.2152000069618225
YDL024C,YDL230W,1,-5.9769664,0.16362223029136658,0.42100000381469727,0.2152000069618225
YER109C,YBR126C,0,-5.977001,0.16355866193771362,0.42100000381469727,0.21529999375343323
YGL136C,YNL115C,0,-5.9771495,0.16349513828754425,0.42100000381469727,0.21539999544620514
YKL045W,YMR291W,0,-5.977484,0.16343167424201965,0.42100000381469727,0.21549999713897705
YCL010C,YDR362C,0,-5.97769,0.16336825489997864,0.42100000381469727,0.21559999883174896
YLR390W-A,YLR069C,0,-5.9779487,0.1633048802614212,0.42100000381469727,0.21570000052452087
YJR073C,YKL203C,0,-5.978103,0.16324156522750854,0.42100000381469727,0.21580000221729279
YPL110C,YIL173W,0,-5.9781995,0.16317829489707947,0.42100000381469727,0.2159000039100647
YLL013C,YPL180W,0,-5.978393,0.16311506927013397,0.42100000381469727,0.2160000056028366
YCR044C,YML123C,0,-5.9784083,0.16305190324783325,0.42100000381469727,0.21610000729560852
YMR014W,YPR158W-A,0,-5.9788,0.16298876702785492,0.42100000381469727,0.21619999408721924
YGL032C,YER029C,0,-5.9790387,0.16292569041252136,0.42100000381469727,0.21629999577999115
YKR028W,YDR287W,1,-5.9792447,0.16324952244758606,0.421999990940094,0.21629999577999115
YMR129W,YGR266W,0,-5.9794354,0.16318638622760773,0.421999990940094,0.21639999747276306
YPR149W,YMR047C,0,-5.979647,0.16312330961227417,0.421999990940094,0.21649999916553497
YHR152W,YHR202W,0,-5.979659,0.1630602777004242,0.421999990940094,0.21660000085830688
YLR377C,YNL217W,1,-5.9796867,0.16338354349136353,0.4230000078678131,0.21660000085830688
YER133W,YHR076W,1,-5.979853,0.16370657086372375,0.42399999499320984,0.21660000085830688
YHL001W,YGR027W-A,0,-5.979901,0.16364337503910065,0.42399999499320984,0.2167000025510788
YDR027C,YOR060C,0,-5.9799485,0.1635802537202835,0.42399999499320984,0.2168000042438507
YGL210W,YLR227W-A,0,-5.980058,0.16351716220378876,0.42399999499320984,0.21690000593662262
YPL082C,YLR337W,0,-5.9811444,0.16345413029193878,0.42399999499320984,0.21699999272823334
YIR028W,YER142C,0,-5.9812894,0.1633911430835724,0.42399999499320984,0.21709999442100525
YPR166C,YBR271W,0,-5.9813676,0.16332820057868958,0.42399999499320984,0.21719999611377716
YHR018C,YOL078W,0,-5.9815392,0.16326530277729034,0.42399999499320984,0.21729999780654907
YBR288C,YOL021C,0,-5.981641,0.1632024645805359,0.42399999499320984,0.21739999949932098
YER142C,YOR338W,0,-5.981726,0.16313967108726501,0.42399999499320984,0.2175000011920929
YBR015C,YDR145W,0,-5.982078,0.16307692229747772,0.42399999499320984,0.2176000028848648
YGR119C,YPR097W,0,-5.982085,0.163014218211174,0.42399999499320984,0.21770000457763672
YLR411W,YOL103W-A,0,-5.982103,0.16295157372951508,0.42399999499320984,0.21780000627040863
YDL209C,YLR347C,0,-5.9823117,0.16288897395133972,0.42399999499320984,0.21789999306201935
YOR030W,YCR042C,0,-5.982322,0.16282641887664795,0.42399999499320984,0.21799999475479126
YLL060C,YEL016C,0,-5.982488,0.16276390850543976,0.42399999499320984,0.21809999644756317
YAL020C,YGR147C,0,-5.982574,0.16270145773887634,0.42399999499320984,0.21819999814033508
YBL082C,YLR385C,0,-5.9826455,0.1626390516757965,0.42399999499320984,0.218299999833107
YIL048W,YER072W,0,-5.9826922,0.16257669031620026,0.42399999499320984,0.2184000015258789
YMR036C,YMR087W,1,-5.9827847,0.16289766132831573,0.42500001192092896,0.2184000015258789
YOL111C,YBR250W,0,-5.982879,0.1628352552652359,0.42500001192092896,0.21850000321865082
YFL017W-A,YKR088C,0,-5.983214,0.16277287900447845,0.42500001192092896,0.21860000491142273
YLR170C,YML085C,0,-5.9832487,0.16271056234836578,0.42500001192092896,0.21870000660419464
YNL221C,YMR283C,0,-5.9833403,0.1626482903957367,0.42500001192092896,0.21879999339580536
YBR276C,YLR019W,1,-5.9835887,0.16296863555908203,0.4259999990463257,0.21879999339580536
YDL123W,YDR478W,0,-5.9836197,0.16290630400180817,0.4259999990463257,0.21889999508857727
YDL030W,YMR013C,0,-5.9839005,0.16284403204917908,0.4259999990463257,0.21899999678134918
YER103W,YGR161C-D,0,-5.983912,0.16278180480003357,0.4259999990463257,0.2190999984741211
YKL197C,YDR210C-D,0,-5.983912,0.16271963715553284,0.4259999990463257,0.219200000166893
YLR377C,YDL236W,1,-5.984324,0.16303932666778564,0.4269999861717224,0.219200000166893
YDR453C,YPR158C-D,0,-5.9844623,0.16297709941864014,0.4269999861717224,0.21930000185966492
YKL138C,YPR011C,0,-5.984548,0.1629149168729782,0.4269999861717224,0.21940000355243683
YCL055W,YNL311C,0,-5.984703,0.16285277903079987,0.4269999861717224,0.21950000524520874
YMR110C,YKR014C,0,-5.9848876,0.1627907007932663,0.4269999861717224,0.21960000693798065
YGR032W,YPR054W,0,-5.984917,0.16272865235805511,0.4269999861717224,0.21969999372959137
YJL029C,YMR197C,0,-5.9849653,0.1626666635274887,0.4269999861717224,0.21979999542236328
YMR127C,YBR126C,0,-5.9851193,0.16260471940040588,0.4269999861717224,0.2198999971151352
YJR091C,YKR050W,0,-5.985333,0.16254281997680664,0.4269999861717224,0.2199999988079071
YNR037C,YLR410W,0,-5.985475,0.16248098015785217,0.4269999861717224,0.22010000050067902
YBR112C,YOR099W,0,-5.9855647,0.1624191701412201,0.4269999861717224,0.22020000219345093
YHR216W,YPR158W-A,0,-5.9859567,0.1623574197292328,0.4269999861717224,0.22030000388622284
YIL049W,YBR271W,0,-5.9860563,0.16229569911956787,0.4269999861717224,0.22040000557899475
YPR138C,YOR142W-A,0,-5.986192,0.16223403811454773,0.4269999861717224,0.22050000727176666
YBR058C-A,YPR036W,0,-5.986203,0.16217242181301117,0.4269999861717224,0.22059999406337738
YNL148C,YHL002W,0,-5.9864483,0.16211086511611938,0.4269999861717224,0.2206999957561493
YPR105C,YPR032W,0,-5.986569,0.16204933822155,0.4269999861717224,0.2207999974489212
YOL119C,YMR101C,0,-5.9866157,0.16198785603046417,0.4269999861717224,0.22089999914169312
YDR254W,YFL008W,0,-5.986751,0.16192643344402313,0.4269999861717224,0.22100000083446503
YML016C,YIL113W,1,-5.986795,0.16224412620067596,0.42800000309944153,0.22100000083446503
YGR252W,YPR164W,0,-5.9874215,0.16218264400959015,0.42800000309944153,0.22110000252723694
YLR425W,YHR135C,0,-5.9874644,0.16212120652198792,0.42800000309944153,0.22120000422000885
YER062C,YNL106C,1,-5.987477,0.16243846714496613,0.42899999022483826,0.22120000422000885
YKL134C,YGL213C,0,-5.987512,0.1623769849538803,0.42899999022483826,0.22130000591278076
YML012W,YER052C,0,-5.987578,0.16231554746627808,0.42899999022483826,0.22139999270439148
YOR023C,YKL113C,0,-5.9877114,0.16225415468215942,0.42899999022483826,0.2214999943971634
YNL082W,YCR042C,0,-5.98779,0.16219282150268555,0.42899999022483826,0.2215999960899353
YLR246W,YBL033C,0,-5.9878683,0.16213151812553406,0.42899999022483826,0.22169999778270721
YIL160C,YHR138C,0,-5.9878783,0.16207027435302734,0.42899999022483826,0.22179999947547913
YMR203W,YER074W-A,0,-5.988216,0.16200906038284302,0.42899999022483826,0.22190000116825104
YBR107C,YBR294W,0,-5.988354,0.16194790601730347,0.42899999022483826,0.22200000286102295
YDL209C,YMR050C,0,-5.9884963,0.1618867963552475,0.42899999022483826,0.22210000455379486
YMR026C,YHL034C,0,-5.9886503,0.1618257313966751,0.42899999022483826,0.22220000624656677
YGL219C,YBR284W,0,-5.988686,0.1617647111415863,0.42899999022483826,0.2222999930381775
YCL012W,YIL119C,0,-5.9887195,0.16170373558998108,0.42899999022483826,0.2223999947309494
YDL135C,YIL105C,0,-5.9887786,0.16164280474185944,0.42899999022483826,0.2224999964237213
YBR045C,YGL136C,0,-5.988831,0.16158191859722137,0.42899999022483826,0.22259999811649323
YHR002W,YJR074W,0,-5.9889994,0.1615210771560669,0.42899999022483826,0.22269999980926514
YNR032W,YNL217W,1,-5.989019,0.1618366539478302,0.4300000071525574,0.22269999980926514
YPL065W,YGR296W,0,-5.9892364,0.16177576780319214,0.4300000071525574,0.22280000150203705
YOL082W,YNR064C,0,-5.9893236,0.16171492636203766,0.4300000071525574,0.22290000319480896
YGL093W,YHR139C,0,-5.9896,0.16165412962436676,0.4300000071525574,0.22300000488758087
YER151C,YJR120W,0,-5.9896197,0.16159339249134064,0.4300000071525574,0.22310000658035278
YPL053C,YGR109W-A,0,-5.9897313,0.1615326851606369,0.4300000071525574,0.2231999933719635
YCL026C-B,YGR220C,0,-5.9897456,0.16147202253341675,0.4300000071525574,0.2232999950647354
YNL323W,YNL074C,0,-5.989779,0.16141140460968018,0.4300000071525574,0.22339999675750732
YMR041C,YKL074C,0,-5.989805,0.16135084629058838,0.4300000071525574,0.22349999845027924
YPL195W,YDR210W-A,0,-5.9898887,0.16129031777381897,0.4300000071525574,0.22360000014305115
YER089C,YIL113W,1,-5.9900975,0.16160480678081512,0.4309999942779541,0.22360000014305115
YNL042W,YIL139C,0,-5.990145,0.16154423356056213,0.4309999942779541,0.22370000183582306
YFL035C-A,YER093C,0,-5.9902244,0.16148370504379272,0.4309999942779541,0.22380000352859497
YLR047C,YJL143W,0,-5.9904895,0.1614232212305069,0.4309999942779541,0.22390000522136688
YGL004C,YJL114W,0,-5.990846,0.16136278212070465,0.4309999942779541,0.2240000069141388
YPL179W,YIL053W,1,-5.99101,0.16167664527893066,0.4320000112056732,0.2240000069141388
YHR165C,YJL118W,0,-5.9915166,0.16161616146564484,0.4320000112056732,0.2240999937057495
YJL170C,YLR115W,0,-5.9915824,0.1615557223558426,0.4320000112056732,0.22419999539852142
YIL052C,YKR099C-A,0,-5.991637,0.16149532794952393,0.4320000112056732,0.22429999709129333
YDR037W,YNL054W,0,-5.9916477,0.16143497824668884,0.4320000112056732,0.22439999878406525
YDL136W,YKL155C,0,-5.9917893,0.16137467324733734,0.4320000112056732,0.22450000047683716
YJL100W,YBL033C,0,-5.9918056,0.16131441295146942,0.4320000112056732,0.22460000216960907
YBR092C,YMR087W,1,-5.9918704,0.16162747144699097,0.43299999833106995,0.22460000216960907
YPR155C,YJL176C,0,-5.991913,0.16156716644763947,0.43299999833106995,0.22470000386238098
YCL055W,YER090W,0,-5.992152,0.16150690615177155,0.43299999833106995,0.2248000055551529
YLL062C,YLR425W,0,-5.9921746,0.161446675658226,0.43299999833106995,0.2249000072479248
YDR141C,YLR347C,0,-5.992346,0.16138650476932526,0.43299999833106995,0.22499999403953552
YJR058C,YLR026C,0,-5.9923725,0.16132637858390808,0.43299999833106995,0.22509999573230743
YNL325C,YBR093C,1,-5.9924703,0.16163873672485352,0.4339999854564667,0.22509999573230743
YJL115W,YJL178C,0,-5.9924955,0.16157855093479156,0.4339999854564667,0.22519999742507935
YDR163W,YPL257W-A,0,-5.992719,0.1615184247493744,0.4339999854564667,0.22529999911785126
YNL106C,YBR093C,1,-5.992879,0.1618303507566452,0.4350000023841858,0.22529999911785126
YKL165C,YJR103W,0,-5.992929,0.16177017986774445,0.4350000023841858,0.22540000081062317
YFL053W,YOR123C,0,-5.9929943,0.16171003878116608,0.4350000023841858,0.22550000250339508
YLR037C,YDR359C,0,-5.993043,0.1616499423980713,0.4350000023841858,0.225600004196167
YBR276C,YGL229C,1,-5.993261,0.1619613617658615,0.4359999895095825,0.225600004196167
YER091C,YOR001W,0,-5.9934173,0.16190122067928314,0.4359999895095825,0.2257000058889389
YKL188C,YLL003W,0,-5.9934235,0.16184112429618835,0.4359999895095825,0.22579999268054962
YGR282C,YDL100C,0,-5.9935756,0.16178107261657715,0.4359999895095825,0.22589999437332153
YER183C,YLR003C,0,-5.9937773,0.16172106564044952,0.4359999895095825,0.22599999606609344
YLR398C,YCL020W,0,-5.9941716,0.16166110336780548,0.4359999895095825,0.22609999775886536
YCR106W,YHR090C,0,-5.9942403,0.16160118579864502,0.4359999895095825,0.22619999945163727
YLR432W,YGL210W-A,0,-5.994299,0.16154131293296814,0.4359999895095825,0.22630000114440918
YGR249W,YKL038W,0,-5.9943624,0.16148148477077484,0.4359999895095825,0.2264000028371811
YIR010W,YLR176C,0,-5.994456,0.16142170131206512,0.4359999895095825,0.226500004529953
YPL187W,YCR084C,0,-5.994677,0.1613619476556778,0.4359999895095825,0.22660000622272491
YPR070W,YLR385C,0,-5.994759,0.16130225360393524,0.4359999895095825,0.22669999301433563
YNR023W,YKL027W,0,-5.994953,0.16124260425567627,0.4359999895095825,0.22679999470710754
YAL061W,YIL119C,0,-5.9949813,0.16118299961090088,0.4359999895095825,0.22689999639987946
YER159C,YDR304C,0,-5.995026,0.16112342476844788,0.4359999895095825,0.22699999809265137
YCR042C,YIL172C,0,-5.9951444,0.16106390953063965,0.4359999895095825,0.22709999978542328
YPL249C,YJL026W,0,-5.995186,0.1610044240951538,0.4359999895095825,0.2272000014781952
YDL202W,YOR281C,0,-5.9952044,0.16094499826431274,0.4359999895095825,0.2273000031709671
YPL160W,YMR045C,0,-5.995215,0.16088560223579407,0.4359999895095825,0.227400004863739
YJL122W,YPR158W-A,0,-5.9953146,0.16082626581192017,0.4359999895095825,0.22750000655651093
YOL088C,YOR396W,0,-5.995403,0.16076695919036865,0.4359999895095825,0.22759999334812164
YOR279C,YDR545W,0,-5.9956384,0.16070769727230072,0.4359999895095825,0.22769999504089355
YFR031C,YBR265W,0,-5.9956546,0.16064849495887756,0.4359999895095825,0.22779999673366547
YEL029C,YHR099W,0,-5.9957166,0.1605893224477768,0.4359999895095825,0.22789999842643738
YGL133W,YKR008W,0,-5.995871,0.1605301946401596,0.4359999895095825,0.2280000001192093
YNR006W,YDL109C,0,-5.9958835,0.160471111536026,0.4359999895095825,0.2281000018119812
YBR073W,YOL148C,0,-5.9959946,0.16041207313537598,0.4359999895095825,0.2282000035047531
YER028C,YOL045W,0,-5.9963717,0.16035306453704834,0.4359999895095825,0.22830000519752502
YMR004W,YOR305W,0,-5.996798,0.16029411554336548,0.4359999895095825,0.22840000689029694
YDR039C,YGL136C,0,-5.9968305,0.1602352112531662,0.4359999895095825,0.22849999368190765
YGL111W,YLR147C,0,-5.9969726,0.1601763367652893,0.4359999895095825,0.22859999537467957
YPL262W,YLR272C,0,-5.9969754,0.1601175218820572,0.4359999895095825,0.22869999706745148
YOR079C,YER149C,0,-5.9970326,0.16005873680114746,0.4359999895095825,0.2287999987602234
YNR032W,YLL010C,1,-5.9972477,0.1603669673204422,0.43700000643730164,0.2287999987602234
YHR076W,YMR261C,1,-5.99725,0.16067497432231903,0.43799999356269836,0.2287999987602234
YNL256W,YOR356W,0,-5.997344,0.16061605513095856,0.43799999356269836,0.2289000004529953
YER109C,YDR146C,0,-5.997356,0.16055718064308167,0.43799999356269836,0.2290000021457672
YNL253W,YDR186C,0,-5.9973683,0.16049835085868835,0.43799999356269836,0.22910000383853912
YER020W,YGR281W,0,-5.997372,0.16043956577777863,0.43799999356269836,0.22920000553131104
YMR016C,YDR201W,0,-5.997417,0.16038081049919128,0.43799999356269836,0.22930000722408295
YPR073C,YOR090C,1,-5.997562,0.1606881469488144,0.4390000104904175,0.22930000722408295
YPL051W,YDR361C,0,-5.9976993,0.16062934696674347,0.4390000104904175,0.22939999401569366
YPL051W,YOR393W,0,-5.9977226,0.16057059168815613,0.4390000104904175,0.22949999570846558
YEL003W,YHR079C-A,0,-5.997762,0.16051188111305237,0.4390000104904175,0.2295999974012375
YGL252C,YBL088C,0,-5.997792,0.1604532152414322,0.4390000104904175,0.2296999990940094
YKL049C,YGL249W,0,-5.9978523,0.1603945940732956,0.4390000104904175,0.2298000007867813
YCL055W,YMR045C,0,-5.9982457,0.16033601760864258,0.4390000104904175,0.22990000247955322
YBR241C,YDR306C,0,-5.9983897,0.16027747094631195,0.4390000104904175,0.23000000417232513
YDL181W,YGR065C,0,-5.998425,0.1602189838886261,0.4390000104904175,0.23010000586509705
YJL116C,YPL225W,0,-5.998486,0.16016052663326263,0.4390000104904175,0.23019999265670776
YPL242C,YLR190W,0,-5.998796,0.16010211408138275,0.4390000104904175,0.23029999434947968
YNR038W,YOR222W,0,-5.999017,0.16004374623298645,0.4390000104904175,0.2303999960422516
YLR115W,YER112W,0,-5.9991283,0.15998542308807373,0.4390000104904175,0.2304999977350235
YCR020W-B,YLR398C,0,-5.999326,0.1599271446466446,0.4390000104904175,0.2305999994277954
YNL083W,YBL004W,0,-5.99942,0.15986889600753784,0.4390000104904175,0.23070000112056732
YOR381W,YOR256C,0,-5.9994326,0.15981070697307587,0.4390000104904175,0.23080000281333923
YGR040W,YPL129W,0,-5.999685,0.15975254774093628,0.4390000104904175,0.23090000450611115
YIR006C,YBR118W,0,-5.999709,0.15969443321228027,0.4390000104904175,0.23100000619888306
YNL146W,YPR078C,0,-5.9997797,0.15963636338710785,0.4390000104904175,0.23109999299049377
YKL155C,YKL075C,0,-5.9997826,0.159578338265419,0.4390000104904175,0.23119999468326569
YBR276C,YIL113W,1,-6.0002093,0.15988372266292572,0.4399999976158142,0.23119999468326569
YMR163C,YDL085W,0,-6.0002313,0.1598256379365921,0.4399999976158142,0.2312999963760376
YJR036C,YER019W,0,-6.0003386,0.15976761281490326,0.4399999976158142,0.2313999980688095
YGR268C,YLR166C,0,-6.00046,0.1597096174955368,0.4399999976158142,0.23149999976158142
YNL238W,YBR012W-B,0,-6.000592,0.15965166687965393,0.4399999976158142,0.23160000145435333
YDL006W,YER089C,1,-6.0006523,0.15995647013187408,0.4410000145435333,0.23160000145435333
YKL144C,YJR134C,0,-6.0010242,0.15989847481250763,0.4410000145435333,0.23170000314712524
YLR292C,YPR158C-C,0,-6.0010557,0.15984052419662476,0.4410000145435333,0.23180000483989716
YOR099W,YHR161C,0,-6.0012383,0.15978260338306427,0.4410000145435333,0.23190000653266907
YBR022W,YPL179W,1,-6.001548,0.16008692979812622,0.44200000166893005,0.23190000653266907
YDL198C,YPR148C,0,-6.001558,0.16002896428108215,0.44200000166893005,0.23199999332427979
YOL091W,YBR012W-B,0,-6.0016026,0.15997104346752167,0.44200000166893005,0.2320999950170517
YKL179C,YPL041C,0,-6.0016723,0.15991316735744476,0.44200000166893005,0.2321999967098236
YKL193C,YDR034C-C,0,-6.001764,0.15985533595085144,0.44200000166893005,0.23229999840259552
YER129W,YCL075W,0,-6.002311,0.1597975343465805,0.44200000166893005,0.23240000009536743
YOR011W,YLR310C,0,-6.0025964,0.15973979234695435,0.44200000166893005,0.23250000178813934
YBL047C,YNL054W,0,-6.0028157,0.15968208014965057,0.44200000166893005,0.23260000348091125
YER087W,YIL029C,0,-6.0032296,0.15962441265583038,0.44200000166893005,0.23270000517368317
YLL060C,YER028C,0,-6.003325,0.15956678986549377,0.44200000166893005,0.23280000686645508
YDR126W,YPL011C,0,-6.003468,0.15950919687747955,0.44200000166893005,0.2328999936580658
YOR168W,YER099C,0,-6.003502,0.1594516634941101,0.44200000166893005,0.2329999953508377
YKL217W,YOL122C,0,-6.003618,0.15939415991306305,0.44200000166893005,0.23309999704360962
YHR124W,YIL117C,0,-6.00368,0.15933670103549957,0.44200000166893005,0.23319999873638153
YLR380W,YEL015W,0,-6.0037074,0.15927927196025848,0.44200000166893005,0.23330000042915344
YPL117C,YGR047C,0,-6.003781,0.15922190248966217,0.44200000166893005,0.23340000212192535
YLR067C,YPR191W,0,-6.004166,0.15916456282138824,0.44200000166893005,0.23350000381469727
YDR408C,YMR097C,0,-6.0043263,0.1591072678565979,0.44200000166893005,0.23360000550746918
YDL024C,YDL134C,1,-6.0043397,0.15940986573696136,0.4429999887943268,0.23360000550746918
YLR105C,YBL004W,0,-6.004396,0.15935251116752625,0.4429999887943268,0.2337000072002411
YCL067C,YKL127W,0,-6.0044646,0.1592952162027359,0.4429999887943268,0.2337999939918518
YAL022C,YIL076W,0,-6.004514,0.15923795104026794,0.4429999887943268,0.23389999568462372
YBR159W,YOR217W,0,-6.00479,0.15918074548244476,0.4429999887943268,0.23399999737739563
YIL097W,YGL144C,0,-6.0048876,0.15912356972694397,0.4429999887943268,0.23409999907016754
YGL174W,YMR234W,0,-6.004957,0.15906642377376556,0.4429999887943268,0.23420000076293945
YGL095C,YOR019W,0,-6.0049815,0.15900933742523193,0.4429999887943268,0.23430000245571136
YGL142C,YGL086W,0,-6.0050416,0.1589522808790207,0.4429999887943268,0.23440000414848328
YIL042C,YKL148C,0,-6.0050783,0.15889526903629303,0.4429999887943268,0.2345000058412552
YJL087C,YHR214C-C,0,-6.005145,0.15883828699588776,0.4429999887943268,0.2345999926328659
YPL228W,YDL134C,1,-6.005177,0.15913978219032288,0.4440000057220459,0.2345999926328659
YJL134W,YDR074W,1,-6.005197,0.1594410538673401,0.4449999928474426,0.2345999926328659
YHR201C,YNL167C,0,-6.0052047,0.15938395261764526,0.4449999928474426,0.23469999432563782
YCR020W-B,YJL174W,0,-6.005264,0.15932689607143402,0.4449999928474426,0.23479999601840973
YER155C,YIL041W,0,-6.005311,0.15926986932754517,0.4449999928474426,0.23489999771118164
YPR190C,YDR098C-A,0,-6.0054593,0.1592128872871399,0.4449999928474426,0.23499999940395355
YKL084W,YER142C,0,-6.0054865,0.159155935049057,0.4449999928474426,0.23510000109672546
YML126C,YBR049C,0,-6.0055466,0.1590990275144577,0.4449999928474426,0.23520000278949738
YLR056W,YPR097W,0,-6.005668,0.15904217958450317,0.4449999928474426,0.2353000044822693
YER179W,YDR488C,0,-6.0058007,0.15898534655570984,0.4449999928474426,0.2354000061750412
YOL011W,YOR327C,0,-6.0058656,0.15892857313156128,0.4449999928474426,0.23549999296665192
YOR303W,YFL004W,0,-6.0058904,0.1588718295097351,0.4449999928474426,0.23559999465942383
YNR044W,YJR036C,0,-6.0059967,0.15881513059139252,0.4449999928474426,0.23569999635219574
YNL042W,YCL027W,0,-6.0060306,0.1587584763765335,0.4449999928474426,0.23579999804496765
YJR017C,YDR097C,0,-6.0060716,0.1587018519639969,0.4449999928474426,0.23589999973773956
YCL025C,YKL034W,0,-6.006282,0.15864527225494385,0.4449999928474426,0.23600000143051147
YBR090C-A,YJL204C,0,-6.006597,0.1585887372493744,0.4449999928474426,0.2361000031232834
YDR148C,YKL057C,0,-6.0067353,0.1585322469472885,0.4449999928474426,0.2362000048160553
YLR107W,YPL239W,0,-6.007,0.15847578644752502,0.4449999928474426,0.2363000065088272
YPL281C,YGR027W-A,0,-6.0071287,0.15841937065124512,0.4449999928474426,0.23639999330043793
YMR083W,YGR047C,0,-6.007153,0.1583629846572876,0.4449999928474426,0.23649999499320984
YML105C,YJR159W,0,-6.0073276,0.15830665826797485,0.4449999928474426,0.23659999668598175
YDL116W,YBR186W,0,-6.007401,0.1582503616809845,0.4449999928474426,0.23669999837875366
YDR255C,YOL107W,0,-6.0074396,0.15819409489631653,0.4449999928474426,0.23680000007152557
YOR253W,YLR224W,0,-6.0074697,0.15813788771629333,0.4449999928474426,0.23690000176429749
YAL028W,YGL038C,0,-6.0075126,0.15808171033859253,0.4449999928474426,0.2370000034570694
YAR008W,YPR118W,0,-6.007545,0.1580255627632141,0.4449999928474426,0.2371000051498413
YMR323W,YLR147C,0,-6.0077543,0.15796947479248047,0.4449999928474426,0.23720000684261322
YER126C,YBR114W,0,-6.0077806,0.1579134166240692,0.4449999928474426,0.23729999363422394
YKL209C,YPR158C-C,0,-6.008291,0.15785740315914154,0.4449999928474426,0.23739999532699585
YLR391W,YMR308C,0,-6.008358,0.15780141949653625,0.4449999928474426,0.23749999701976776
YCL027C-A,YKL113C,0,-6.0083947,0.15774548053741455,0.4449999928474426,0.23759999871253967
YGL061C,YPL121C,0,-6.0084815,0.15768958628177643,0.4449999928474426,0.23770000040531158
YDR343C,YDR056C,0,-6.00866,0.1576337218284607,0.4449999928474426,0.2378000020980835
YBL076C,YOR017W,0,-6.008961,0.15757790207862854,0.4449999928474426,0.2379000037908554
YDR244W,YDR196C,0,-6.009044,0.15752212703227997,0.4449999928474426,0.23800000548362732
YER180C-A,YBR123C,0,-6.009308,0.15746638178825378,0.4449999928474426,0.23810000717639923
YLL013C,YDR126W,0,-6.009347,0.15741068124771118,0.4449999928474426,0.23819999396800995
YNR032C-A,YCL045C,0,-6.0093646,0.15735502541065216,0.4449999928474426,0.23829999566078186
YOR363C,YMR106C,0,-6.009623,0.15729939937591553,0.4449999928474426,0.23839999735355377
YNR032W,YDR074W,1,-6.0096455,0.15759716928005219,0.44600000977516174,0.23839999735355377
YCR053W,YCL020W,0,-6.0097575,0.15754149854183197,0.44600000977516174,0.23849999904632568
YEL071W,YKL035W,0,-6.0098615,0.15748587250709534,0.44600000977516174,0.2386000007390976
YHL006C,YOR087W,0,-6.0098634,0.15743029117584229,0.44600000977516174,0.2387000024318695
YHR004C,YIL056W,0,-6.009897,0.15737473964691162,0.44600000977516174,0.23880000412464142
YBR024W,YGL212W,0,-6.0100813,0.15731921792030334,0.44600000977516174,0.23890000581741333
YPL152W,YOR216C,0,-6.0101633,0.15726375579833984,0.44600000977516174,0.23899999260902405
YNL191W,YPL210C,0,-6.010224,0.15720832347869873,0.44600000977516174,0.23909999430179596
YJL041W,YBL057C,0,-6.0102553,0.15715292096138,0.44600000977516174,0.23919999599456787
YGR105W,YOR089C,0,-6.0103536,0.15709756314754486,0.44600000977516174,0.23929999768733978
YGR255C,YPL121C,0,-6.0103607,0.1570422500371933,0.44600000977516174,0.2393999993801117
YOR384W,YJL087C,0,-6.0105133,0.15698698163032532,0.44600000977516174,0.2395000010728836
YIL129C,YLR157C-B,0,-6.010533,0.15693174302577972,0.44600000977516174,0.23960000276565552
YDR436W,YFR040W,1,-6.0105433,0.1572282761335373,0.44699999690055847,0.23960000276565552
YPR073C,YDR287W,1,-6.010591,0.15752461552619934,0.4480000138282776,0.23960000276565552
YKL186C,YCL019W,0,-6.010782,0.157469242811203,0.4480000138282776,0.23970000445842743
YML118W,YLR455W,0,-6.010813,0.15741391479969025,0.4480000138282776,0.23980000615119934
YNR055C,YCL060C,0,-6.0108614,0.15735861659049988,0.4480000138282776,0.23989999294281006
YNL221C,YCL062W,0,-6.0109267,0.15730337798595428,0.4480000138282776,0.23999999463558197
YHR043C,YDL006W,1,-6.0110307,0.15759915113449097,0.4490000009536743,0.23999999463558197
YLR259C,YML115C,0,-6.0112333,0.1575438529253006,0.4490000009536743,0.24009999632835388
YLR056W,YOL111C,0,-6.0114627,0.1574885994195938,0.4490000009536743,0.2401999980211258
YDL193W,YIL076W,0,-6.0116525,0.1574333757162094,0.4490000009536743,0.2402999997138977
YCR014C,YIR039C,0,-6.0116568,0.1573781967163086,0.4490000009536743,0.24040000140666962
YPL117C,YHR030C,0,-6.0121026,0.15732306241989136,0.4490000009536743,0.24050000309944153
YLR258W,YGR038C-B,0,-6.012443,0.1572679579257965,0.4490000009536743,0.24060000479221344
YOR346W,YOR148C,0,-6.0124865,0.15721288323402405,0.4490000009536743,0.24070000648498535
YKL096W-A,YOR292C,0,-6.012633,0.15715785324573517,0.4490000009536743,0.24079999327659607
YBR114W,YKL099C,0,-6.0126433,0.15710286796092987,0.4490000009536743,0.24089999496936798
YMR156C,YMR261C,1,-6.012658,0.15739768743515015,0.44999998807907104,0.24089999496936798
YDL230W,YOR014W,1,-6.0127087,0.1576923131942749,0.45100000500679016,0.24089999496936798
YML016C,YER075C,1,-6.0128093,0.15798671543598175,0.4519999921321869,0.24089999496936798
YPR049C,YDL226C,0,-6.0128384,0.15793152153491974,0.4519999921321869,0.2409999966621399
YJL065C,YPL239W,0,-6.012878,0.15787635743618011,0.4519999921321869,0.2410999983549118
YJR101W,YCL019W,0,-6.01316,0.15782122313976288,0.4519999921321869,0.24120000004768372
YDR150W,YPL153C,0,-6.0132194,0.15776614844799042,0.4519999921321869,0.24130000174045563
YIL002C,YAR071W,1,-6.0132303,0.1580600142478943,0.453000009059906,0.24130000174045563
YNL325C,YNL217W,1,-6.0134187,0.15835368633270264,0.45399999618530273,0.24130000174045563
YOR027W,YGR038C-B,0,-6.0134397,0.15829846262931824,0.45399999618530273,0.24140000343322754
YDR283C,YDR004W,0,-6.0134444,0.15824328362941742,0.45399999618530273,0.24150000512599945
YNL261W,YOR246C,0,-6.0136294,0.15818814933300018,0.45399999618530273,0.24160000681877136
YJL137C,YML028W,0,-6.0138745,0.15813305974006653,0.45399999618530273,0.24169999361038208
YGR070W,YDR007W,0,-6.014095,0.15807799994945526,0.45399999618530273,0.241799995303154
YPR159W,YOR150W,0,-6.0143695,0.15802296996116638,0.45399999618530273,0.2418999969959259
YIL113W,YMR087W,1,-6.0144763,0.15831594169139862,0.45500001311302185,0.2418999969959259
YLL019C,YJR135C,0,-6.0144973,0.15826086699962616,0.45500001311302185,0.24199999868869781
YLR097C,YHL035C,0,-6.014542,0.15820583701133728,0.45500001311302185,0.24210000038146973
YGR155W,YMR005W,0,-6.0145574,0.15815085172653198,0.45500001311302185,0.24220000207424164
YOR026W,YNL332W,0,-6.0146375,0.15809589624404907,0.45500001311302185,0.24230000376701355
YKL046C,YJL080C,0,-6.0151334,0.15804098546504974,0.45500001311302185,0.24240000545978546
YER040W,YOL116W,0,-6.015183,0.1579861044883728,0.45500001311302185,0.24250000715255737
YIL002C,YJL098W,1,-6.015345,0.15827837586402893,0.4560000002384186,0.24250000715255737
YHL013C,YKR093W,0,-6.0153847,0.1582234501838684,0.4560000002384186,0.2425999939441681
YMR301C,YER061C,0,-6.0155005,0.15816856920719147,0.4560000002384186,0.24269999563694
YIL040W,YPR100W,0,-6.0156746,0.1581137329339981,0.4560000002384186,0.24279999732971191
YMR323W,YOR304W,0,-6.0158396,0.15805892646312714,0.4560000002384186,0.24289999902248383
YLL051C,YAL001C,0,-6.0158935,0.15800416469573975,0.4560000002384186,0.24300000071525574
YJL003W,YNL098C,0,-6.0159707,0.15794943273067474,0.4560000002384186,0.24310000240802765
YGL089C,YBL017C,0,-6.0159755,0.15789473056793213,0.4560000002384186,0.24320000410079956
YML033W,YOR246C,0,-6.0159907,0.1578400880098343,0.4560000002384186,0.24330000579357147
YPL228W,YDL024C,1,-6.016049,0.15813149511814117,0.4569999873638153,0.24330000579357147
YBR019C,YOL018C,0,-6.0161576,0.15807679295539856,0.4569999873638153,0.2433999925851822
YGL245W,YOR087W,0,-6.016233,0.15802213549613953,0.4569999873638153,0.2434999942779541
YBL097W,YOL103W-A,0,-6.0163045,0.15796750783920288,0.4569999873638153,0.243599995970726
YGR216C,YGL033W,0,-6.016463,0.15791292488574982,0.4569999873638153,0.24369999766349792
YNL136W,YDR246W,0,-6.0164976,0.15785837173461914,0.4569999873638153,0.24379999935626984
YGR230W,YML093W,0,-6.0165334,0.15780386328697205,0.4569999873638153,0.24390000104904175
YER114C,YDR464W,0,-6.0165806,0.15774939954280853,0.4569999873638153,0.24400000274181366
YPR025C,YDR034C-D,0,-6.0166364,0.1576949656009674,0.4569999873638153,0.24410000443458557
YGL087C,YNL082W,0,-6.016874,0.15764056146144867,0.4569999873638153,0.24420000612735748
YKR052C,YIL093C,0,-6.0169997,0.1575862020254135,0.4569999873638153,0.2442999929189682
YGR193C,YBR153W,0,-6.017223,0.15753188729286194,0.4569999873638153,0.2443999946117401
YDR343C,YGL205W,0,-6.0173764,0.15747760236263275,0.4569999873638153,0.24449999630451202
YMR172W,YKL222C,0,-6.0174236,0.15742336213588715,0.4569999873638153,0.24459999799728394
YLR441C,YML018C,0,-6.0175176,0.15736915171146393,0.4569999873638153,0.24469999969005585
YOR123C,YEL077C,0,-6.017531,0.1573149710893631,0.4569999873638153,0.24480000138282776
YOR284W,YOR130C,0,-6.017766,0.15726083517074585,0.4569999873638153,0.24490000307559967
YJL082W,YGR241C,0,-6.017776,0.15720674395561218,0.4569999873638153,0.24500000476837158
YBR276C,YER075C,1,-6.017883,0.15749655663967133,0.4580000042915344,0.24500000476837158
YKL197C,YOL154W,0,-6.018191,0.15744242072105408,0.4580000042915344,0.2451000064611435
YML120C,YKL010C,0,-6.0185266,0.15738831460475922,0.4580000042915344,0.2451999932527542
YHR057C,YHR073W,0,-6.0185366,0.15733425319194794,0.4580000042915344,0.24529999494552612
YFL049W,YIL023C,0,-6.018676,0.15728022158145905,0.4580000042915344,0.24539999663829803
YIL129C,YOR142W-A,0,-6.0188375,0.15722623467445374,0.4580000042915344,0.24549999833106995
YGR047C,YHR113W,0,-6.0188384,0.1571722775697708,0.4580000042915344,0.24560000002384186
YGR191W,YCR036W,0,-6.018914,0.15711835026741028,0.4580000042915344,0.24570000171661377
YFL009W,YGL133W,0,-6.0189886,0.15706446766853333,0.4580000042915344,0.24580000340938568
YDR389W,YNR061C,0,-6.019151,0.15701062977313995,0.4580000042915344,0.2459000051021576
YLR097C,YGR144W,0,-6.01918,0.15695682168006897,0.4580000042915344,0.2460000067949295
YKL193C,YBR030W,0,-6.019221,0.15690304338932037,0.4580000042915344,0.24609999358654022
YDR512C,YOR142W-A,0,-6.0192523,0.15684930980205536,0.4580000042915344,0.24619999527931213
YKL074C,YDR443C,0,-6.019277,0.15679562091827393,0.4580000042915344,0.24629999697208405
YDR421W,YBR114W,0,-6.0193157,0.15674196183681488,0.4580000042915344,0.24639999866485596
YKL190W,YMR165C,1,-6.019402,0.15703044831752777,0.45899999141693115,0.24639999866485596
YER153C,YMR227C,0,-6.019608,0.15697674453258514,0.45899999141693115,0.24650000035762787
YLR377C,YDL134C,1,-6.0196705,0.15726496279239655,0.46000000834465027,0.24650000035762787
YDL230W,YKR028W,1,-6.0197635,0.15755297243595123,0.460999995470047,0.24650000035762787
YER155C,YEL041W,0,-6.019883,0.15749914944171906,0.460999995470047,0.24660000205039978
YPL013C,YER173W,0,-6.019952,0.15744535624980927,0.460999995470047,0.2467000037431717
YLL062C,YIL143C,0,-6.020102,0.15739160776138306,0.460999995470047,0.2468000054359436
YOL001W,YDL147W,0,-6.0201964,0.15733788907527924,0.460999995470047,0.24690000712871552
YBR215W,YLL032C,0,-6.020287,0.1572842001914978,0.460999995470047,0.24699999392032623
YLR158C,YOR396W,0,-6.0204167,0.15723055601119995,0.460999995470047,0.24709999561309814
YDR226W,YPR105C,0,-6.020468,0.15717695653438568,0.460999995470047,0.24719999730587006
YNL325C,YDR436W,1,-6.0206723,0.15746420621871948,0.4620000123977661,0.24719999730587006
YBL033C,YMR050C,0,-6.020756,0.15741056203842163,0.4620000123977661,0.24729999899864197
YPL134C,YDR365W-A,0,-6.0207887,0.15735694766044617,0.4620000123977661,0.24740000069141388
YAL053W,YMR105C,0,-6.020966,0.15730337798595428,0.4620000123977661,0.2475000023841858
YMR022W,YLR055C,0,-6.02103,0.1572498232126236,0.4620000123977661,0.2476000040769577
YBR042C,YGR209C,0,-6.02114,0.15719632804393768,0.4620000123977661,0.24770000576972961
YBR060C,YMR106C,0,-6.021168,0.15714286267757416,0.4620000123977661,0.24779999256134033
YCR028C,YOR088W,0,-6.021202,0.15708942711353302,0.4620000123977661,0.24789999425411224
YPL181W,YOR070C,0,-6.0212283,0.15703603625297546,0.4620000123977661,0.24799999594688416
YEL036C,YOR301W,0,-6.021437,0.1569826751947403,0.4620000123977661,0.24809999763965607
YDR206W,YLR457C,0,-6.021521,0.15692934393882751,0.4620000123977661,0.24819999933242798
YLR270W,YGR138C,0,-6.0217395,0.15687605738639832,0.4620000123977661,0.2483000010251999
YOR217W,YDR322C-A,0,-6.0217423,0.1568228155374527,0.4620000123977661,0.2484000027179718
YGL035C,YLR321C,0,-6.021787,0.15676960349082947,0.4620000123977661,0.2485000044107437
YOR290C,YBR143C,0,-6.0218053,0.15671642124652863,0.4620000123977661,0.24860000610351562
YBL022C,YOR266W,0,-6.021833,0.15666326880455017,0.4620000123977661,0.24869999289512634
YGL244W,YOL128C,0,-6.021855,0.1566101759672165,0.4620000123977661,0.24879999458789825
YHR166C,YNL191W,0,-6.0220685,0.156557098031044,0.4620000123977661,0.24889999628067017
YNR011C,YDR314C,0,-6.022101,0.1565040647983551,0.4620000123977661,0.24899999797344208
YNL084C,YJL145W,0,-6.0221066,0.1564510613679886,0.4620000123977661,0.249099999666214
YNL148C,YOL148C,0,-6.0221214,0.15639810264110565,0.4620000123977661,0.2492000013589859
YGR120C,YMR070W,0,-6.0222955,0.1563451737165451,0.4620000123977661,0.2493000030517578
YHR046C,YOR090C,1,-6.022323,0.15663057565689087,0.46299999952316284,0.2493000030517578
YOR122C,YDR353W,0,-6.022363,0.15657761693000793,0.46299999952316284,0.24940000474452972
YOR136W,YIL137C,0,-6.022477,0.1565246731042862,0.46299999952316284,0.24950000643730164
YOL021C,YOR088W,0,-6.0225854,0.15647177398204803,0.46299999952316284,0.24959999322891235
YDR225W,YPL031C,0,-6.0227594,0.15641891956329346,0.46299999952316284,0.24969999492168427
YPL179W,YMR087W,1,-6.022819,0.15670381486415863,0.46399998664855957,0.24969999492168427
YDR503C,YDL236W,1,-6.0229125,0.15698851644992828,0.4650000035762787,0.24969999492168427
YML058W,YDR134C,0,-6.023063,0.15693554282188416,0.4650000035762787,0.24979999661445618
YOR246C,YPL060C-A,0,-6.0230722,0.15688258409500122,0.4650000035762787,0.2498999983072281
YHR186C,YML052W,0,-6.0231056,0.15682968497276306,0.4650000035762787,0.25
YGL219C,YDR026C,0,-6.023238,0.1567768007516861,0.4650000035762787,0.2500999867916107
YAL035W,YCR020W-B,0,-6.023308,0.1567239612340927,0.4650000035762787,0.2502000033855438
YLR337W,YNR036C,0,-6.023428,0.1566711664199829,0.4650000035762787,0.25029999017715454
YAL053W,YPR148C,0,-6.0234504,0.1566183865070343,0.4650000035762787,0.25040000677108765
YBR260C,YDR522C,0,-6.023457,0.15656565129756927,0.4650000035762787,0.25049999356269836
YPR188C,YMR045C,0,-6.023581,0.15651296079158783,0.4650000035762787,0.25060001015663147
YDR517W,YGL179C,0,-6.023641,0.15646030008792877,0.4650000035762787,0.2506999969482422
YFR034C,YER116C,0,-6.023845,0.1564076691865921,0.4650000035762787,0.2508000135421753
YDL207W,YJL012C,0,-6.024016,0.156355082988739,0.4650000035762787,0.250900000333786
YPL031C,YBR256C,0,-6.0241637,0.1563025265932083,0.4650000035762787,0.25099998712539673
YIL062C,YBR166C,0,-6.024164,0.15625,0.4650000035762787,0.25110000371932983
YAL062W,YOR076C,0,-6.024193,0.15619751811027527,0.4650000035762787,0.25119999051094055
YER061C,YDR227W,0,-6.0243826,0.15614506602287292,0.4650000035762787,0.25130000710487366
YKL017C,YDR109C,0,-6.024444,0.15609264373779297,0.4650000035762787,0.2513999938964844
YJL134W,YER089C,1,-6.0245147,0.15637584030628204,0.4659999907016754,0.2513999938964844
YER075C,YJL098W,1,-6.024691,0.1566588431596756,0.46700000762939453,0.2513999938964844
YPL194W,YML121W,0,-6.024732,0.1566063016653061,0.46700000762939453,0.2515000104904175
YCR082W,YGR247W,0,-6.024849,0.15655380487442017,0.46700000762939453,0.2515999972820282
YDR316W,YER049W,0,-6.02486,0.15650133788585663,0.46700000762939453,0.2517000138759613
YBR185C,YGL094C,0,-6.024936,0.15644891560077667,0.46700000762939453,0.251800000667572
YJR042W,YBL036C,0,-6.0251775,0.1563965231180191,0.46700000762939453,0.25189998745918274
YHL004W,YIL075C,0,-6.0256667,0.15634416043758392,0.46700000762939453,0.25200000405311584
YNL274C,YDR261C-D,0,-6.025688,0.15629182755947113,0.46700000762939453,0.25209999084472656
YPR164W,YBR081C,0,-6.025924,0.15623953938484192,0.46700000762939453,0.25220000743865967
YKL002W,YNL009W,0,-6.0260606,0.1561872959136963,0.46700000762939453,0.2522999942302704
YOL137W,YKR007W,0,-6.026097,0.15613506734371185,0.46700000762939453,0.2524000108242035
YOR008C,YER100W,0,-6.026107,0.156082883477211,0.46700000762939453,0.2524999976158142
YBL017C,YDR325W,0,-6.0264573,0.15603074431419373,0.46700000762939453,0.2526000142097473
YLR144C,YHR202W,0,-6.026467,0.15597862005233765,0.46700000762939453,0.25270000100135803
YHR186C,YDR379W,0,-6.026646,0.15592654049396515,0.46700000762939453,0.25279998779296875
YGL139W,YPR155C,0,-6.0266814,0.15587450563907623,0.46700000762939453,0.25290000438690186
YMR247C,YPL144W,0,-6.0268497,0.1558224856853485,0.46700000762939453,0.2529999911785126
YJL221C,YJL156C,0,-6.027433,0.15577051043510437,0.46700000762939453,0.2531000077724457
YKR097W,YGR296W,0,-6.0276027,0.1557185798883438,0.46700000762939453,0.2531999945640564
YLR340W,YPL060C-A,0,-6.027681,0.15566666424274445,0.46700000762939453,0.2533000111579895
YML014W,YOR338W,0,-6.027804,0.15561479330062866,0.46700000762939453,0.2533999979496002
YFL022C,YFL018W-A,0,-6.0278444,0.15556295216083527,0.46700000762939453,0.2535000145435333
YGL143C,YGR038W,0,-6.0280223,0.15551115572452545,0.46700000762939453,0.25360000133514404
YNL325C,YAR071W,1,-6.028091,0.15579228103160858,0.46799999475479126,0.25360000133514404
YLL018C,YOR355W,0,-6.028169,0.15574043989181519,0.46799999475479126,0.25369998812675476
YOR265W,YGL231C,0,-6.0285583,0.15568862855434418,0.46799999475479126,0.25380000472068787
YNL133C,YLR079W,0,-6.0287423,0.15563684701919556,0.46799999475479126,0.2538999915122986
YLR309C,YOR043W,0,-6.0288134,0.15558511018753052,0.46799999475479126,0.2540000081062317
YEL047C,YLL054C,0,-6.0288415,0.15553340315818787,0.46799999475479126,0.2540999948978424
YDR404C,YBR181C,0,-6.02899,0.1554817259311676,0.46799999475479126,0.2542000114917755
YBR129C,YDR134C,0,-6.0290008,0.15543009340763092,0.46799999475479126,0.25429999828338623
YNL334C,YGR141W,0,-6.029014,0.15537849068641663,0.46799999475479126,0.25440001487731934
YIL037C,YDR013W,0,-6.0290637,0.15532691776752472,0.46799999475479126,0.25450000166893005
YNL106C,YAR071W,1,-6.0290985,0.1556071639060974,0.4690000116825104,0.25450000166893005
YOL088C,YDR119W,0,-6.029183,0.15555556118488312,0.4690000116825104,0.25459998846054077
YKL197C,YBR130C,0,-6.0292764,0.15550397336483002,0.4690000116825104,0.2547000050544739
YCL034W,YBR136W,0,-6.029403,0.1554524302482605,0.4690000116825104,0.2547999918460846
YMR264W,YDR150W,0,-6.0294776,0.15540093183517456,0.4690000116825104,0.2549000084400177
YIR009W,YNL064C,0,-6.029603,0.15534944832324982,0.4690000116825104,0.2549999952316284
YOR180C,YJR103W,0,-6.0296187,0.15529800951480865,0.4690000116825104,0.2551000118255615
YDL225W,YKL086W,0,-6.0296803,0.15524660050868988,0.4690000116825104,0.25519999861717224
YNL284C,YGR241C,0,-6.0298533,0.1551952362060547,0.4690000116825104,0.25529998540878296
YKR076W,YJL174W,0,-6.0298696,0.15514390170574188,0.4690000116825104,0.25540000200271606
YBR218C,YDR261C-D,0,-6.029965,0.15509259700775146,0.4690000116825104,0.2554999887943268
YGR280C,YPL065W,0,-6.0299997,0.15504132211208344,0.4690000116825104,0.2556000053882599
YCR077C,YPR190C,0,-6.030044,0.154990091919899,0.4690000116825104,0.2556999921798706
YIL049W,YMR127C,0,-6.030109,0.15493887662887573,0.4690000116825104,0.2558000087738037
YBR257W,YKL077W,0,-6.030166,0.15488772094249725,0.4690000116825104,0.25589999556541443
YJL021C,YCR086W,0,-6.0302253,0.15483658015727997,0.4690000116825104,0.25600001215934753
YPR145W,YDL193W,0,-6.0302567,0.15478548407554626,0.4690000116825104,0.25609999895095825
YMR137C,YER078C,0,-6.030271,0.15473441779613495,0.4690000116825104,0.25619998574256897
YLR390W-A,YCL005W-A,0,-6.0303187,0.15468338131904602,0.4690000116825104,0.2563000023365021
YBL020W,YNL058C,0,-6.030444,0.15463237464427948,0.4690000116825104,0.2563999891281128
YCL025C,YMR274C,0,-6.030478,0.15458141267299652,0.4690000116825104,0.2565000057220459
YMR271C,YDR210W-A,0,-6.0308366,0.15453048050403595,0.4690000116825104,0.2565999925136566
YDR448W,YGL116W,0,-6.0311832,0.15447957813739777,0.4690000116825104,0.2567000091075897
YMR170C,YOR338W,0,-6.0312667,0.15442870557308197,0.4690000116825104,0.25679999589920044
YLR450W,YGL259W,0,-6.0313544,0.15437787771224976,0.4690000116825104,0.25690001249313354
YOR113W,YIR009W,0,-6.031382,0.15432707965373993,0.4690000116825104,0.25699999928474426
YKR028W,YMR087W,1,-6.031519,0.15460526943206787,0.4699999988079071,0.25699999928474426
YDR393W,YNR023W,0,-6.0318894,0.15455442667007446,0.4699999988079071,0.257099986076355
YNL102W,YCL033C,0,-6.032107,0.15450361371040344,0.4699999988079071,0.2572000026702881
YDR405W,YNL083W,0,-6.0321593,0.154452845454216,0.4699999988079071,0.2572999894618988
YOL064C,YGL224C,1,-6.0322185,0.15473061800003052,0.47099998593330383,0.2572999894618988
YGR288W,YOR297C,0,-6.0322194,0.1546798050403595,0.47099998593330383,0.2574000060558319
YNL006W,YNL146W,0,-6.0322266,0.15462902188301086,0.47099998593330383,0.2574999928474426
YDL100C,YOR368W,0,-6.032292,0.15457826852798462,0.47099998593330383,0.25760000944137573
YOR099W,YIL014W,0,-6.032376,0.15452755987644196,0.47099998593330383,0.25769999623298645
YER091C,YPL134C,0,-6.0324216,0.15447688102722168,0.47099998593330383,0.25780001282691956
YLR215C,YBL028C,0,-6.0326314,0.1544262319803238,0.47099998593330383,0.2578999996185303
YNL063W,YIL122W,0,-6.0327735,0.1543756127357483,0.47099998593330383,0.257999986410141
YLR411W,YCR091W,0,-6.032811,0.15432503819465637,0.47099998593330383,0.2581000030040741
YKL089W,YGL213C,0,-6.0328236,0.15427447855472565,0.47099998593330383,0.2581999897956848
YCR028C,YGR248W,0,-6.0328994,0.1542239636182785,0.47099998593330383,0.2583000063896179
YOL104C,YLR227W-A,0,-6.0329957,0.15417349338531494,0.47099998593330383,0.25839999318122864
YOL008W,YOR305W,0,-6.033156,0.15412303805351257,0.47099998593330383,0.25850000977516174
YOR044W,YHR039C-B,0,-6.033405,0.1540726274251938,0.47099998593330383,0.25859999656677246
YPL192C,YPL258C,0,-6.033759,0.1540222316980362,0.47099998593330383,0.25870001316070557
YNR031C,YDR034C-D,0,-6.033826,0.15397188067436218,0.47099998593330383,0.2587999999523163
YBR218C,YHL034C,0,-6.0339365,0.15392157435417175,0.47099998593330383,0.258899986743927
YHL038C,YDR272W,0,-6.0340614,0.15387128293514252,0.47099998593330383,0.2590000033378601
YPL045W,YPL060C-A,0,-6.0341997,0.15382103621959686,0.47099998593330383,0.2590999901294708
YHR096C,YDR186C,0,-6.0342803,0.1537708193063736,0.47099998593330383,0.25920000672340393
YPR200C,YGL231C,0,-6.034342,0.15372063219547272,0.47099998593330383,0.25929999351501465
YNL287W,YGR161W-B,0,-6.034407,0.15367047488689423,0.47099998593330383,0.25940001010894775
YHR119W,YDR367W,0,-6.034588,0.15362034738063812,0.47099998593330383,0.25949999690055847
YNL069C,YPL060C-A,0,-6.034615,0.1535702645778656,0.47099998593330383,0.2596000134944916
YPL271W,YFL011W-A,0,-6.0347257,0.15352021157741547,0.47099998593330383,0.2597000002861023
YDR099W,YEL066W,0,-6.0351596,0.15347018837928772,0.47099998593330383,0.259799987077713
YCR063W,YCL062W,0,-6.035229,0.15342019498348236,0.47099998593330383,0.2599000036716461
YJL005W,YBR054W,0,-6.035368,0.1533702313899994,0.47099998593330383,0.25999999046325684
YJL081C,YPR191W,0,-6.03554,0.1533203125,0.47099998593330383,0.26010000705718994
YOR334W,YML023C,0,-6.0356097,0.153270423412323,0.47099998593330383,0.26019999384880066
YJR103W,YMR045C,0,-6.0356364,0.15322056412696838,0.47099998593330383,0.26030001044273376
YBR213W,YGR272C,0,-6.0357113,0.15317073464393616,0.47099998593330383,0.2603999972343445
YBR281C,YDR237W,0,-6.0357394,0.15312093496322632,0.47099998593330383,0.2605000138282776
YLR102C,YHR086W,0,-6.035805,0.15307117998600006,0.47099998593330383,0.2606000006198883
YDL197C,YAL010C,0,-6.035914,0.153021439909935,0.47099998593330383,0.260699987411499
YDL078C,YAL029C,0,-6.036015,0.15297174453735352,0.47099998593330383,0.26080000400543213
YPL204W,YDR337W,0,-6.0361443,0.15292207896709442,0.47099998593330383,0.26089999079704285
YHR028C,YDR532C,0,-6.036162,0.15287244319915771,0.47099998593330383,0.26100000739097595
YPL125W,YIL162W,0,-6.0361843,0.1528228372335434,0.47099998593330383,0.26109999418258667
YML081C-A,YOL020W,0,-6.036197,0.15277327597141266,0.47099998593330383,0.2612000107765198
YIL008W,YLR050C,0,-6.0361996,0.15272372961044312,0.47099998593330383,0.2612999975681305
YPL228W,YLR019W,1,-6.0362015,0.15299837291240692,0.47200000286102295,0.2612999975681305
YGR166W,YGL198W,0,-6.0362754,0.152948796749115,0.47200000286102295,0.2614000141620636
YMR080C,YBR223C,0,-6.036347,0.15289925038814545,0.47200000286102295,0.2615000009536743
YLR158C,YBL010C,0,-6.036386,0.1528497338294983,0.47200000286102295,0.26159998774528503
YBL084C,YER086W,0,-6.0364966,0.15280026197433472,0.47200000286102295,0.26170000433921814
YDR449C,YKL077W,0,-6.036637,0.15275080502033234,0.47200000286102295,0.26179999113082886
YAR071W,YFR040W,1,-6.036752,0.15302491188049316,0.4729999899864197,0.26179999113082886
YDL142C,YPL187W,0,-6.0369477,0.1529754251241684,0.4729999899864197,0.26190000772476196
YCR017C,YPL283C,0,-6.037099,0.15292596817016602,0.4729999899864197,0.2619999945163727
YPL012W,YDR134C,0,-6.037131,0.15287654101848602,0.4729999899864197,0.2621000111103058
YIL033C,YDL235C,0,-6.037146,0.15282714366912842,0.4729999899864197,0.2621999979019165
YCL061C,YDR109C,0,-6.037248,0.1527777761220932,0.4729999899864197,0.2623000144958496
YPL194W,YGL098W,0,-6.0374784,0.15272845327854156,0.4729999899864197,0.2624000012874603
YNL106C,YDL134C,1,-6.037758,0.15300193428993225,0.4740000069141388,0.2624000012874603
YPR073C,YGL224C,1,-6.0377707,0.1532752513885498,0.4749999940395355,0.2624000012874603
YDR165W,YNL058C,0,-6.0379,0.15322580933570862,0.4749999940395355,0.26249998807907104
YFR025C,YOR014W,1,-6.0379395,0.15349887311458588,0.47600001096725464,0.26249998807907104
YHR053C,YOR355W,0,-6.0380073,0.1534493863582611,0.47600001096725464,0.26260000467300415
YOR328W,YLR059C,0,-6.0381656,0.15339992940425873,0.47600001096725464,0.26269999146461487
YFR025C,YDR503C,1,-6.0381722,0.15367268025875092,0.47699999809265137,0.26269999146461487
YKL020C,YDR468C,0,-6.038296,0.15362319350242615,0.47699999809265137,0.262800008058548
YMR170C,YDL132W,0,-6.038338,0.15357372164726257,0.47699999809265137,0.2628999948501587
YAL051W,YDL122W,0,-6.0383687,0.15352429449558258,0.47699999809265137,0.2630000114440918
YKL138C,YOL103W-A,0,-6.038435,0.15347489714622498,0.47699999809265137,0.2630999982357025
YGR007W,YDR365W-B,0,-6.0385175,0.15342554450035095,0.47699999809265137,0.2632000148296356
YFL045C,YJR045C,0,-6.038565,0.15337620675563812,0.47699999809265137,0.26330000162124634
YKL051W,YKL108W,0,-6.038575,0.15332689881324768,0.47699999809265137,0.26339998841285706
YDL008W,YDR478W,0,-6.0387015,0.15327763557434082,0.47699999809265137,0.26350000500679016
YGR177C,YNL093W,0,-6.038807,0.15322840213775635,0.47699999809265137,0.2635999917984009
YER068W,YCR033W,0,-6.0388827,0.15317918360233307,0.47699999809265137,0.263700008392334
YPR005C,YGL249W,0,-6.0390077,0.15313000977039337,0.47699999809265137,0.2637999951839447
YJR121W,YHR138C,0,-6.039221,0.15308086574077606,0.47699999809265137,0.2639000117778778
YJL063C,YLR328W,0,-6.03923,0.15303176641464233,0.47699999809265137,0.2639999985694885
YDL181W,YCL062W,0,-6.039246,0.1529826819896698,0.47699999809265137,0.26409998536109924
YOL008W,YHR008C,0,-6.0395703,0.15293362736701965,0.47699999809265137,0.26420000195503235
YHR077C,YHR039C-A,0,-6.039644,0.1528846174478531,0.47699999809265137,0.26429998874664307
YNR059W,YPL147W,0,-6.039675,0.15283562242984772,0.47699999809265137,0.26440000534057617
YDL078C,YBR153W,0,-6.039696,0.15278667211532593,0.47699999809265137,0.2644999921321869
YDR284C,YFR025C,1,-6.039704,0.15305796265602112,0.4779999852180481,0.2644999921321869
YDR463W,YOR115C,0,-6.039829,0.15300896763801575,0.4779999852180481,0.26460000872612
YGL013C,YGR193C,0,-6.0398965,0.15296000242233276,0.4779999852180481,0.2646999955177307
YCR038C,YNL047C,0,-6.039903,0.15291106700897217,0.4779999852180481,0.2648000121116638
YDL101C,YGR080W,0,-6.03995,0.15286216139793396,0.4779999852180481,0.26489999890327454
YNL173C,YOR156C,0,-6.040047,0.15281330049037933,0.4779999852180481,0.26499998569488525
YNL282W,YBL018C,0,-6.0400686,0.1527644544839859,0.4779999852180481,0.26510000228881836
YIL142W,YIL030C,0,-6.0401855,0.15271565318107605,0.4779999852180481,0.2651999890804291
YFL049W,YML115C,0,-6.0402284,0.1526668816804886,0.4779999852180481,0.2653000056743622
YPL118W,YOR266W,0,-6.040233,0.1526181399822235,0.4779999852180481,0.2653999924659729
YER108C,YHR168W,0,-6.040371,0.15256942808628082,0.4779999852180481,0.265500009059906
YPL051W,YGR083C,0,-6.0404468,0.15252074599266052,0.4779999852180481,0.2655999958515167
YFL033C,YMR284W,0,-6.0406804,0.1524720937013626,0.4779999852180481,0.26570001244544983
YKR007W,YGL035C,0,-6.0410886,0.15242347121238708,0.4779999852180481,0.26579999923706055
YBL076C,YDL030W,0,-6.0413084,0.15237487852573395,0.4779999852180481,0.26589998602867126
YDR343C,YKL188C,0,-6.0414987,0.1523263156414032,0.4779999852180481,0.26600000262260437
YLR391W,YLR441C,0,-6.0416455,0.15227779746055603,0.4779999852180481,0.2660999894142151
YDR038C,YCL026C-B,0,-6.0418015,0.15222929418087006,0.4779999852180481,0.2662000060081482
YNL291C,YPL134C,0,-6.0421653,0.15218083560466766,0.4779999852180481,0.2662999927997589
YBR022W,YNL217W,1,-6.042189,0.15245066583156586,0.4790000021457672,0.2662999927997589
YJL005W,YKL077W,0,-6.042541,0.15240216255187988,0.4790000021457672,0.266400009393692
YJR144W,YPL002C,0,-6.0425806,0.1523536890745163,0.4790000021457672,0.26649999618530273
YKR038C,YDR359C,0,-6.0427175,0.1523052453994751,0.4790000021457672,0.26660001277923584
YDL066W,YDR486C,0,-6.0427566,0.1522568315267563,0.4790000021457672,0.26669999957084656
YLR170C,YNL239W,0,-6.042806,0.15220844745635986,0.4790000021457672,0.2667999863624573
YDL059C,YIL084C,0,-6.0428934,0.15216010808944702,0.4790000021457672,0.2669000029563904
YER062C,YBR022W,1,-6.0429187,0.15242934226989746,0.47999998927116394,0.2669000029563904
YCR097W,YJL139C,0,-6.043056,0.15238095819950104,0.47999998927116394,0.2669999897480011
YHR082C,YNL334C,0,-6.0431113,0.1523325890302658,0.47999998927116394,0.2671000063419342
YOR038C,YGR027W-A,0,-6.0431266,0.15228426456451416,0.47999998927116394,0.2671999931335449
YPL170W,YER072W,0,-6.043457,0.1522359699010849,0.47999998927116394,0.267300009727478
YDR180W,YGL115W,0,-6.0434613,0.15218770503997803,0.47999998927116394,0.26739999651908875
YIL124W,YJR141W,0,-6.043827,0.15213945508003235,0.47999998927116394,0.26750001311302185
YBL036C,YIR014W,0,-6.043875,0.15209124982357025,0.47999998927116394,0.26759999990463257
YPL179W,YMR156C,1,-6.0439634,0.15235982835292816,0.48100000619888306,0.26759999990463257
YLL042C,YDR412W,0,-6.044085,0.15231159329414368,0.48100000619888306,0.2676999866962433
YGR267C,YCR020W-B,0,-6.044618,0.15226337313652039,0.48100000619888306,0.2678000032901764
YLR133W,YMR250W,0,-6.0446305,0.15221518278121948,0.48100000619888306,0.2678999900817871
YHL015W,YNL054W-A,0,-6.044995,0.15216703712940216,0.48100000619888306,0.2680000066757202
YDR284C,YLR019W,1,-6.045036,0.15243516862392426,0.4819999933242798,0.2680000066757202
YER062C,YDR074W,1,-6.0451007,0.15270313620567322,0.4830000102519989,0.2680000066757202
YPL135W,YLR032W,0,-6.045281,0.15265487134456635,0.4830000102519989,0.26809999346733093
YPR065W,YLR147C,0,-6.045374,0.15260663628578186,0.4830000102519989,0.26820001006126404
YBR276C,YMR087W,1,-6.0454526,0.15287429094314575,0.48399999737739563,0.26820001006126404
YGR255C,YOL108C,0,-6.045488,0.15282601118087769,0.48399999737739563,0.26829999685287476
YIL004C,YPL001W,0,-6.045934,0.1527777761220932,0.48399999737739563,0.26840001344680786
YDR110W,YOR284W,0,-6.0459423,0.1527295708656311,0.48399999737739563,0.2685000002384186
YLR097C,YLR187W,0,-6.046001,0.1526813954114914,0.48399999737739563,0.2685999870300293
YMR234W,YDL133C-A,0,-6.0465283,0.15263323485851288,0.48399999737739563,0.2687000036239624
YJL061W,YDR078C,0,-6.0467,0.15258511900901794,0.48399999737739563,0.2687999904155731
YNL290W,YFL004W,0,-6.0468373,0.1525370329618454,0.48399999737739563,0.2689000070095062
YGR174C,YPL257W-A,0,-6.046988,0.15248897671699524,0.48399999737739563,0.26899999380111694
YFR009W,YDR196C,0,-6.0469985,0.15244095027446747,0.48399999737739563,0.26910001039505005
YOL020W,YKL041W,0,-6.0471478,0.15239295363426208,0.48399999737739563,0.26919999718666077
YGL073W,YCL055W,0,-6.0471516,0.1523449867963791,0.48399999737739563,0.26930001378059387
YDR177W,YNL152W,0,-6.047195,0.1522970348596573,0.48399999737739563,0.2694000005722046
YNL233W,YKL063C,0,-6.0472083,0.15224912762641907,0.48399999737739563,0.2694999873638153
YML113W,YDR097C,0,-6.047258,0.15220126509666443,0.48399999737739563,0.2696000039577484
YJL178C,YOL013C,0,-6.0472913,0.15215341746807098,0.48399999737739563,0.26969999074935913
YKL051W,YDR468C,0,-6.0473065,0.15210559964179993,0.48399999737739563,0.26980000734329224
YIL009C-A,YHR160C,0,-6.0473676,0.15205781161785126,0.48399999737739563,0.26989999413490295
YGR047C,YDR117C,0,-6.047429,0.15201005339622498,0.48399999737739563,0.27000001072883606
YJL165C,YDR079W,0,-6.047757,0.15196232497692108,0.48399999737739563,0.2700999975204468
YER108C,YMR125W,0,-6.0477586,0.15191462635993958,0.48399999737739563,0.2702000141143799
YIL009C-A,YDR178W,0,-6.0478387,0.15186695754528046,0.48399999737739563,0.2703000009059906
YNL241C,YOL103W-B,0,-6.047901,0.15181931853294373,0.48399999737739563,0.2703999876976013
YPL248C,YMR146C,0,-6.047961,0.15177170932292938,0.48399999737739563,0.2705000042915344
YLR147C,YNL081C,0,-6.0481334,0.15172414481639862,0.48399999737739563,0.27059999108314514
YLR190W,YPL010W,0,-6.0481734,0.15167659521102905,0.48399999737739563,0.27070000767707825
YIL155C,YPL124W,0,-6.0481772,0.15162907540798187,0.48399999737739563,0.27079999446868896
YOL033W,YNL131W,0,-6.0481815,0.15158158540725708,0.48399999737739563,0.27090001106262207
YDR529C,YBL004W,0,-6.0482535,0.15153412520885468,0.48399999737739563,0.2709999978542328
YOR355W,YGR161W-B,0,-6.0483994,0.15148669481277466,0.48399999737739563,0.2711000144481659
YFL034C-B,YKL059C,0,-6.0484776,0.15143929421901703,0.48399999737739563,0.2712000012397766
YOL152W,YDR109C,0,-6.0486836,0.1513919234275818,0.48399999737739563,0.27129998803138733
YHR166C,YOR281C,0,-6.0487013,0.15134459733963013,0.48399999737739563,0.27140000462532043
YMR274C,YMR054W,0,-6.0487723,0.15129728615283966,0.48399999737739563,0.27149999141693115
YOL063C,YML034W,0,-6.0488634,0.15125000476837158,0.48399999737739563,0.27160000801086426
YHR039C,YPL239W,0,-6.048987,0.1512027531862259,0.48399999737739563,0.271699994802475
YDL107W,YMR093W,0,-6.049145,0.1511555314064026,0.48399999737739563,0.2718000113964081
YOR027W,YPR078C,0,-6.0494037,0.15110833942890167,0.48399999737739563,0.2718999981880188
YIL132C,YOL112W,0,-6.0496607,0.15106117725372314,0.48399999737739563,0.2720000147819519
YFL011W-A,YOL038W,0,-6.049695,0.151014044880867,0.48399999737739563,0.2721000015735626
YDR402C,YJR036C,0,-6.0497165,0.15096694231033325,0.48399999737739563,0.27219998836517334
YNL135C,YNL190W,0,-6.050079,0.1509198695421219,0.48399999737739563,0.27230000495910645
YOL117W,YEL057C,0,-6.050161,0.15087281167507172,0.48399999737739563,0.27239999175071716
YBL098W,YMR260C,0,-6.05041,0.15082579851150513,0.48399999737739563,0.27250000834465027
YBL079W,YNL247W,0,-6.050594,0.15077881515026093,0.48399999737739563,0.272599995136261
YCR027C,YLR058C,0,-6.050738,0.1507318615913391,0.48399999737739563,0.2727000117301941
YER133W,YNR032W,1,-6.0507865,0.15099626779556274,0.48500001430511475,0.2727000117301941
YCL060C,YGR078C,0,-6.050897,0.15094926953315735,0.48500001430511475,0.2727999985218048
YPL121C,YGR251W,0,-6.0511136,0.15090230107307434,0.48500001430511475,0.2728999853134155
YCL060C,YDR167W,0,-6.0511546,0.15085536241531372,0.48500001430511475,0.27300000190734863
YLL009C,YNL262W,0,-6.0512214,0.1508084535598755,0.48500001430511475,0.27309998869895935
YJR078W,YPR168W,0,-6.051306,0.15076157450675964,0.48500001430511475,0.27320000529289246
YML049C,YOR192C-A,0,-6.0513473,0.1507147252559662,0.48500001430511475,0.2732999920845032
YPL228W,YLL010C,1,-6.051513,0.15097856521606445,0.4860000014305115,0.2732999920845032
YDL111C,YKL209C,0,-6.051699,0.15093167126178741,0.4860000014305115,0.2734000086784363
YFR015C,YKL203C,0,-6.051762,0.15088482201099396,0.4860000014305115,0.273499995470047
YBR112C,YOL017W,0,-6.051891,0.1508379876613617,0.4860000014305115,0.2736000120639801
YPR008W,YDL036C,0,-6.052212,0.15079118311405182,0.4860000014305115,0.2736999988555908
YOL004W,YLR372W,0,-6.052277,0.15074442327022552,0.4860000014305115,0.27379998564720154
YDR052C,YGL179C,0,-6.052356,0.15069767832756042,0.4860000014305115,0.27390000224113464
YMR013C,YLR373C,0,-6.0524144,0.1506509631872177,0.4860000014305115,0.27399998903274536
YBR004C,YDL214C,0,-6.0525184,0.1506042778491974,0.4860000014305115,0.27410000562667847
YBR170C,YCR081W,0,-6.052884,0.15055762231349945,0.4860000014305115,0.2741999924182892
YBR275C,YLR277C,0,-6.0528913,0.1505109965801239,0.4860000014305115,0.2743000090122223
YBR036C,YDR134C,0,-6.053027,0.15046440064907074,0.4860000014305115,0.274399995803833
YFR025C,YNL128W,1,-6.0530605,0.15072733163833618,0.4869999885559082,0.274399995803833
YDR439W,YFL002W-B,0,-6.0531745,0.15068069100379944,0.4869999885559082,0.2745000123977661
YBR092C,YBR022W,1,-6.053366,0.15094339847564697,0.4880000054836273,0.2745000123977661
YHR002W,YDL121C,0,-6.0534825,0.15089672803878784,0.4880000054836273,0.27459999918937683
YLR429W,YKL149C,0,-6.0535517,0.1508500725030899,0.4880000054836273,0.27469998598098755
YJR103W,YHR202W,0,-6.053693,0.15080346167087555,0.4880000054836273,0.27480000257492065
YOL059W,YCL020W,0,-6.0538077,0.15075688064098358,0.4880000054836273,0.27489998936653137
YKL195W,YPR108W,0,-6.053822,0.1507103145122528,0.4880000054836273,0.2750000059604645
YKL003C,YKR013W,0,-6.053869,0.15066377818584442,0.4880000054836273,0.2750999927520752
YDR480W,YAR033W,0,-6.0538735,0.15061728656291962,0.4880000054836273,0.2752000093460083
YGL023C,YDL194W,0,-6.0541005,0.150570809841156,0.4880000054836273,0.275299996137619
YML101C,YDR453C,0,-6.0541663,0.15052436292171478,0.4880000054836273,0.2754000127315521
YBL046W,YDR306C,0,-6.054273,0.15047794580459595,0.4880000054836273,0.27549999952316284
YOL004W,YDL025C,0,-6.0542912,0.1504315733909607,0.4880000054836273,0.27559998631477356
YER112W,YBR096W,0,-6.0543046,0.15038520097732544,0.4880000054836273,0.27570000290870667
YOR253W,YOR191W,0,-6.0548396,0.15033887326717377,0.4880000054836273,0.2757999897003174
YDL074C,YKL022C,0,-6.0549016,0.15029257535934448,0.4880000054836273,0.2759000062942505
YBR237W,YNL092W,0,-6.055114,0.15024630725383759,0.4880000054836273,0.2759999930858612
YNL094W,YGR012W,0,-6.0551715,0.15020006895065308,0.4880000054836273,0.2761000096797943
YER030W,YEL032W,0,-6.0553136,0.15015384554862976,0.4880000054836273,0.27619999647140503
YDL090C,YBR069C,0,-6.0555387,0.15010765194892883,0.4880000054836273,0.27630001306533813
YOR090C,YOR014W,1,-6.0555634,0.15036900341510773,0.48899999260902405,0.27630001306533813
YLR380W,YGL201C,0,-6.0557213,0.1503227800130844,0.48899999260902405,0.27639999985694885
YDL106C,YGR221C,0,-6.055744,0.15027658641338348,0.48899999260902405,0.27649998664855957
YLR163C,YBL058W,0,-6.0558157,0.15023040771484375,0.48899999260902405,0.2766000032424927
YPL091W,YMR053C,0,-6.0561957,0.1501842737197876,0.48899999260902405,0.2766999900341034
YJL008C,YER074W-A,0,-6.056408,0.15013816952705383,0.48899999260902405,0.2768000066280365
YPL265W,YLR410W-A,0,-6.0564957,0.15009208023548126,0.48899999260902405,0.2768999934196472
YJL128C,YJR095W,0,-6.0565023,0.15004602074623108,0.48899999260902405,0.2770000100135803
YJR054W,YNL115C,0,-6.056746,0.15000000596046448,0.48899999260902405,0.27709999680519104
YBR276C,YJL098W,1,-6.05678,0.15026065707206726,0.49000000953674316,0.27709999680519104
YOL064C,YMR165C,1,-6.056868,0.1505211591720581,0.4909999966621399,0.27709999680519104
YJR161C,YJR102C,0,-6.056913,0.15047502517700195,0.4909999966621399,0.27720001339912415
YLR270W,YDR365W-B,0,-6.057327,0.1504289209842682,0.4909999966621399,0.27730000019073486
YBR205W,YML109W,0,-6.057341,0.1503828465938568,0.4909999966621399,0.2773999869823456
YCL060C,YDR004W,0,-6.057985,0.15033680200576782,0.4909999966621399,0.2775000035762787
YNL038W,YDR261C-D,0,-6.0581775,0.15029078722000122,0.4909999966621399,0.2775999903678894
YBR142W,YDR213W,0,-6.058247,0.150244802236557,0.4909999966621399,0.2777000069618225
YLR022C,YLR426W,0,-6.0582924,0.150198832154274,0.4909999966621399,0.2777999937534332
YGL251C,YOL133W,0,-6.0584655,0.15015290677547455,0.4909999966621399,0.27790001034736633
YBR110W,YCL005W-A,0,-6.0586386,0.1501069962978363,0.4909999966621399,0.27799999713897705
YDL146W,YAL043C,0,-6.0587373,0.15006113052368164,0.4909999966621399,0.27810001373291016
YPL204W,YDR210C-D,0,-6.058842,0.15001527965068817,0.4909999966621399,0.2782000005245209
YER106W,YPR009W,0,-6.0589495,0.1499694585800171,0.4909999966621399,0.2782999873161316
YGR097W,YDR239C,0,-6.058974,0.1499236673116684,0.4909999966621399,0.2784000039100647
YHR150W,YPL239W,0,-6.059071,0.1498779058456421,0.4909999966621399,0.2784999907016754
YMR169C,YBR233W-A,0,-6.0591636,0.14983215928077698,0.4909999966621399,0.2786000072956085
YFR028C,YJL098W,1,-6.0592046,0.1500915139913559,0.492000013589859,0.2786000072956085
YJL128C,YOL147C,0,-6.0593157,0.1500457525253296,0.492000013589859,0.27869999408721924
YJL071W,YDR314C,0,-6.0593243,0.15000000596046448,0.492000013589859,0.27880001068115234
YDR122W,YOL069W,0,-6.059381,0.14995428919792175,0.492000013589859,0.27889999747276306
YNL119W,YIL074C,0,-6.0598536,0.14990858733654022,0.492000013589859,0.27900001406669617
YLR427W,YOL100W,0,-6.0600495,0.14986293017864227,0.492000013589859,0.2791000008583069
YBR208C,YGR252W,0,-6.0601463,0.1498173028230667,0.492000013589859,0.2791999876499176
YEL064C,YLR157C-B,0,-6.0602536,0.14977169036865234,0.492000013589859,0.2793000042438507
YDR359C,YGR106C,0,-6.060355,0.14972610771656036,0.492000013589859,0.2793999910354614
YMR020W,YPL218W,0,-6.0604386,0.14968055486679077,0.492000013589859,0.27950000762939453
YPL228W,YNL217W,1,-6.061071,0.1499391794204712,0.49300000071525574,0.27950000762939453
YGL119W,YNL333W,0,-6.0611486,0.14989358186721802,0.49300000071525574,0.27959999442100525
YFL021W,YGR256W,0,-6.061177,0.14984802901744843,0.49300000071525574,0.27970001101493835
YOR174W,YGL127C,0,-6.0614,0.14980249106884003,0.49300000071525574,0.2797999978065491
YMR129W,YLR141W,0,-6.0615573,0.14975698292255402,0.49300000071525574,0.2799000144004822
YML012W,YDR422C,0,-6.061565,0.1497115045785904,0.49300000071525574,0.2800000011920929
YJR073C,YDL121C,0,-6.0616274,0.14966605603694916,0.49300000071525574,0.2800999879837036
YPR073C,YMR165C,1,-6.0616736,0.1499241292476654,0.49399998784065247,0.2800999879837036
YLR114C,YKL141W,0,-6.0617957,0.1498786360025406,0.49399998784065247,0.2802000045776367
YLR362W,YPL225W,0,-6.061935,0.14983318746089935,0.49399998784065247,0.28029999136924744
YGL084C,YDL106C,0,-6.0621,0.1497877538204193,0.49399998784065247,0.28040000796318054
YLL010C,YHR076W,1,-6.062239,0.1500454694032669,0.4950000047683716,0.28040000796318054
YCL012W,YGR109C,0,-6.0622954,0.15000000596046448,0.4950000047683716,0.28049999475479126
YKL190W,YER075C,1,-6.062305,0.15025749802589417,0.4959999918937683,0.28049999475479126
YER041W,YNL054W-A,0,-6.0623507,0.15021198987960815,0.4959999918937683,0.28060001134872437
YDR016C,YLL032C,0,-6.0623593,0.15016651153564453,0.4959999918937683,0.2806999981403351
YLR166C,YDR410C,0,-6.0623784,0.1501210629940033,0.4959999918937683,0.2808000147342682
YOR117W,YNL088W,0,-6.0625763,0.15007564425468445,0.4959999918937683,0.2809000015258789
YGL035C,YLR147C,0,-6.062615,0.150030255317688,0.4959999918937683,0.2809999883174896
YGR141W,YGR012W,0,-6.0629025,0.14998488128185272,0.4959999918937683,0.28110000491142273
YCL060C,YJL145W,0,-6.0629745,0.14993953704833984,0.4959999918937683,0.28119999170303345
YCL062W,YGR211W,0,-6.062981,0.14989422261714935,0.4959999918937683,0.28130000829696655
YLR066W,YDR416W,0,-6.063128,0.14984893798828125,0.4959999918937683,0.28139999508857727
YER072W,YGR038C-B,0,-6.0631394,0.14980368316173553,0.4959999918937683,0.2815000116825104
YGR274C,YDR348C,0,-6.0631757,0.1497584581375122,0.4959999918937683,0.2815999984741211
YKL206C,YKL086W,0,-6.0631795,0.14971324801445007,0.4959999918937683,0.2816999852657318
YJR055W,YGL090W,0,-6.0631957,0.14966806769371033,0.4959999918937683,0.2818000018596649
YJR060W,YOL146W,0,-6.0633264,0.14962293207645416,0.4959999918937683,0.28189998865127563
YCL067C,YCR097WB,0,-6.0634837,0.1495778113603592,0.4959999918937683,0.28200000524520874
YLR151C,YPR107C,0,-6.0635314,0.14953270554542542,0.4959999918937683,0.28209999203681946
YPR029C,YML064C,0,-6.0637183,0.14948764443397522,0.4959999918937683,0.28220000863075256
YDR205W,YPR158W-B,0,-6.063741,0.14944259822368622,0.4959999918937683,0.2822999954223633
YML004C,YAR042W,0,-6.0637527,0.1493975967168808,0.4959999918937683,0.2824000120162964
YNL329C,YCL045C,0,-6.063844,0.14935261011123657,0.4959999918937683,0.2824999988079071
YGL111W,YER147C,0,-6.0638633,0.14930765330791473,0.4959999918937683,0.2825999855995178
YNR037C,YBL036C,0,-6.064019,0.1492627114057541,0.4959999918937683,0.2827000021934509
YCL014W,YDL184C,0,-6.0640807,0.14921781420707703,0.4959999918937683,0.28279998898506165
YNL106C,YLL010C,1,-6.0640817,0.14947368204593658,0.4970000088214874,0.28279998898506165
YCR093W,YOL071W,0,-6.0641947,0.14942874014377594,0.4970000088214874,0.28290000557899475
YNL270C,YMR179W,0,-6.0642695,0.14938382804393768,0.4970000088214874,0.28299999237060547
YML112W,YNL318C,0,-6.064523,0.14933894574642181,0.4970000088214874,0.2831000089645386
YBR155W,YLR096W,0,-6.064527,0.14929407835006714,0.4970000088214874,0.2831999957561493
YIL153W,YOR343W-B,0,-6.0648623,0.14924925565719604,0.4970000088214874,0.2833000123500824
YNL121C,YGR272C,0,-6.064939,0.14920444786548615,0.4970000088214874,0.2833999991416931
YPR065W,YPL009C,0,-6.0651402,0.14915966987609863,0.4970000088214874,0.28349998593330383
YOR386W,YOR279C,0,-6.065613,0.14911490678787231,0.4970000088214874,0.28360000252723694
YBR045C,YDR261W-A,0,-6.0657554,0.14907018840312958,0.4970000088214874,0.28369998931884766
YBR271W,YLL066C,0,-6.0657706,0.14902548491954803,0.4970000088214874,0.28380000591278076
YIL088C,YFL059W,0,-6.0657735,0.14898081123828888,0.4970000088214874,0.2838999927043915
YPL179W,YBR276C,1,-6.0658994,0.14923584461212158,0.49799999594688416,0.2838999927043915
YGL241W,YIL153W,0,-6.065933,0.14919112622737885,0.49799999594688416,0.2840000092983246
YMR197C,YBL010C,0,-6.066015,0.1491464525461197,0.49799999594688416,0.2840999960899353
YGL106W,YPL063W,0,-6.066139,0.14910179376602173,0.49799999594688416,0.2842000126838684
YNL328C,YDR076W,0,-6.0665154,0.14905716478824615,0.49799999594688416,0.2842999994754791
YNL271C,YNL119W,0,-6.066587,0.14901256561279297,0.49799999594688416,0.28439998626708984
YER030W,YLR410W,0,-6.0666184,0.14896799623966217,0.49799999594688416,0.28450000286102295
YDR129C,YDR266C,0,-6.06664,0.14892344176769257,0.49799999594688416,0.28459998965263367
YKR097W,YNL146W,0,-6.0667524,0.14887891709804535,0.49799999594688416,0.2847000062465668
YNL239W,YLL017W,0,-6.066949,0.14883442223072052,0.49799999594688416,0.2847999930381775
YOL123W,YIL017W,0,-6.067014,0.14878995716571808,0.49799999594688416,0.2849000096321106
YDL093W,YAR042W,0,-6.067251,0.14874552190303802,0.49799999594688416,0.2849999964237213
YPR017C,YLR421C,0,-6.0673327,0.14870110154151917,0.49799999594688416,0.2851000130176544
YIL020C,YDL216C,0,-6.067391,0.1486567109823227,0.49799999594688416,0.28519999980926514
YLR347C,YDR268W,0,-6.06747,0.1486123502254486,0.49799999594688416,0.28529998660087585
YER087C-B,YHR016C,0,-6.0675154,0.1485680192708969,0.49799999594688416,0.28540000319480896
YJL021C,YLR414C,0,-6.0676,0.1485237032175064,0.49799999594688416,0.2854999899864197
YKL157W,YHR064C,0,-6.067615,0.1484794318675995,0.49799999594688416,0.2856000065803528
YJL186W,YPL016W,0,-6.0678306,0.14843517541885376,0.49799999594688416,0.2856999933719635
YMR048W,YDR261W-B,0,-6.067831,0.14839094877243042,0.49799999594688416,0.2858000099658966
YIL136W,YOR386W,0,-6.0678935,0.14834673702716827,0.49799999594688416,0.2858999967575073
YBR155W,YMR114C,0,-6.0679307,0.14830255508422852,0.49799999594688416,0.28600001335144043
YGL227W,YPR096C,0,-6.067963,0.14825840294361115,0.49799999594688416,0.28610000014305115
YBR070C,YPR065W,0,-6.068135,0.14821428060531616,0.49799999594688416,0.28619998693466187
YCR094W,YFR051C,0,-6.06832,0.14817018806934357,0.49799999594688416,0.28630000352859497
YKL085W,YKL070W,0,-6.0685277,0.14812611043453217,0.49799999594688416,0.2863999903202057
YBR257W,YGR038C-B,0,-6.0685787,0.14808206260204315,0.49799999594688416,0.2865000069141388
YIL111W,YDR439W,0,-6.0689235,0.14803804457187653,0.49799999594688416,0.2865999937057495
YDR463W,YGR111W,0,-6.0691257,0.1479940563440323,0.49799999594688416,0.2867000102996826
YJR125C,YER109C,0,-6.069136,0.14795008301734924,0.49799999594688416,0.28679999709129333
YMR048W,YLR032W,0,-6.069424,0.14790615439414978,0.49799999594688416,0.28690001368522644
YLR361C,YDR451C,0,-6.069528,0.14786222577095032,0.49799999594688416,0.28700000047683716
YGR081C,YMR179W,0,-6.069635,0.14781834185123444,0.49799999594688416,0.2870999872684479
YDR016C,YBR186W,0,-6.069674,0.14777448773384094,0.49799999594688416,0.287200003862381
YDL059C,YNL054W-A,0,-6.069741,0.14773064851760864,0.49799999594688416,0.2872999906539917
YLR304C,YCL060C,0,-6.0697584,0.14768683910369873,0.49799999594688416,0.2874000072479248
YLR395C,YOR142W-B,0,-6.069845,0.14764304459095,0.49799999594688416,0.2874999940395355
YNL325C,YHR215W,1,-6.069897,0.1478956788778305,0.49900001287460327,0.2874999940395355
YNL014W,YDR367W,0,-6.070049,0.1478518545627594,0.49900001287460327,0.28760001063346863
YDR146C,YDR057W,0,-6.0700917,0.14780806005001068,0.49900001287460327,0.28769999742507935
YDR384C,YOL008W,0,-6.070295,0.14776428043842316,0.49900001287460327,0.28780001401901245
YER099C,YPR137C-A,0,-6.0703225,0.1477205455303192,0.49900001287460327,0.28790000081062317
YGL071W,YGR141W,0,-6.0703387,0.14767682552337646,0.49900001287460327,0.2879999876022339
YNL085W,YCL003W,0,-6.070349,0.1476331353187561,0.49900001287460327,0.288100004196167
YPL029W,YPL105C,0,-6.070515,0.14758947491645813,0.49900001287460327,0.2881999909877777
YDL181W,YJL204C,0,-6.070522,0.14754582941532135,0.49900001287460327,0.2883000075817108
YCR084C,YNR006W,0,-6.070603,0.14750221371650696,0.49900001287460327,0.28839999437332153
YBR090C-A,YNL097C,0,-6.0706153,0.14745862782001495,0.49900001287460327,0.28850001096725464
YAL024C,YBR172C,0,-6.070711,0.14741507172584534,0.49900001287460327,0.28859999775886536
YMR175W,YDL190C,0,-6.070892,0.14737153053283691,0.49900001287460327,0.28870001435279846
YOR249C,YMR208W,0,-6.0709167,0.14732801914215088,0.49900001287460327,0.2888000011444092
YKR009C,YDR365W-A,0,-6.0709243,0.14728453755378723,0.49900001287460327,0.2888999879360199
YIL033C,YKL142W,0,-6.0710855,0.14724107086658478,0.49900001287460327,0.289000004529953
YER038C,YCL020W,0,-6.071119,0.1471976339817047,0.49900001287460327,0.2890999913215637
YHR002W,YHR206W,0,-6.0711455,0.14715422689914703,0.49900001287460327,0.2892000079154968
YLL022C,YDR170C,0,-6.0711865,0.14711084961891174,0.49900001287460327,0.28929999470710754
YOR112W,YBR295W,0,-6.071222,0.14706748723983765,0.49900001287460327,0.28940001130104065
YPL177C,YIR025W,0,-6.0713353,0.14702415466308594,0.49900001287460327,0.28949999809265137
YOR257W,YGL210W,0,-6.071465,0.14698085188865662,0.49900001287460327,0.2896000146865845
YMR143W,YJR028W,0,-6.07148,0.14693757891654968,0.49900001287460327,0.2897000014781952
YCR082W,YPR118W,0,-6.071816,0.14689432084560394,0.49900001287460327,0.2897999882698059
YJL103C,YGR248W,0,-6.0718894,0.1468510925769806,0.49900001287460327,0.289900004863739
YNL259C,YPR065W,0,-6.072014,0.14680787920951843,0.49900001287460327,0.28999999165534973
YOL017W,YNL088W,0,-6.0721865,0.14676471054553986,0.49900001287460327,0.29010000824928284
YBR110W,YCR029C-A,0,-6.072189,0.14672155678272247,0.49900001287460327,0.29019999504089355
YDL065C,YHR074W,0,-6.072222,0.14667841792106628,0.49900001287460327,0.29030001163482666
YMR165C,YJL098W,1,-6.0722747,0.14692917466163635,0.5,0.29030001163482666
YLL010C,YNL032W,1,-6.072305,0.14717978239059448,0.5009999871253967,0.29030001163482666
YBR130C,YKL088W,0,-6.0723577,0.14713656902313232,0.5009999871253967,0.2903999984264374
YOL052C-A,YOR140W,0,-6.072456,0.14709337055683136,0.5009999871253967,0.2904999852180481
YLR336C,YMR122W-A,0,-6.0725923,0.1470501869916916,0.5009999871253967,0.2906000018119812
YML126C,YER023W,0,-6.0726686,0.1470070481300354,0.5009999871253967,0.2906999886035919
YHR190W,YPL042C,0,-6.072702,0.1469639241695404,0.5009999871253967,0.290800005197525
YGR077C,YJR101W,0,-6.072759,0.1469208151102066,0.5009999871253967,0.29089999198913574
YKR068C,YFL014W,0,-6.072821,0.14687775075435638,0.5009999871253967,0.29100000858306885
YKL003C,YDR081C,0,-6.0728774,0.14683470129966736,0.5009999871253967,0.29109999537467957
YMR299C,YNR036C,0,-6.072884,0.14679168164730072,0.5009999871253967,0.29120001196861267
YGR175C,YLR069C,0,-6.0729117,0.14674867689609528,0.5009999871253967,0.2912999987602234
YCL027C-A,YDL110C,0,-6.0730247,0.1467057168483734,0.5009999871253967,0.2913999855518341
YML118W,YBL058W,0,-6.073167,0.14666275680065155,0.5009999871253967,0.2915000021457672
YIL009C-A,YER129W,0,-6.073367,0.14661984145641327,0.5009999871253967,0.29159998893737793
YDR216W,YPL118W,0,-6.07344,0.14657694101333618,0.5009999871253967,0.29170000553131104
YJL029C,YAR009C,0,-6.0735393,0.14653407037258148,0.5009999871253967,0.29179999232292175
YDR244W,YDL097C,0,-6.0736156,0.14649122953414917,0.5009999871253967,0.29190000891685486
YMR005W,YOL103W-A,0,-6.0738306,0.14644840359687805,0.5009999871253967,0.2919999957084656
YFR041C,YJR117W,0,-6.074027,0.14640560746192932,0.5009999871253967,0.2921000123023987
YLR256W,YOR358W,0,-6.074055,0.14636284112930298,0.5009999871253967,0.2921999990940094
YHR043C,YBR092C,1,-6.0742335,0.14661215245723724,0.5019999742507935,0.2921999990940094
YKL112W,YOL119C,0,-6.0745625,0.14656934142112732,0.5019999742507935,0.2922999858856201
YJR017C,YBL005W-A,0,-6.0749364,0.14652656018733978,0.5019999742507935,0.2924000024795532
YOR004W,YPL060C-A,0,-6.0749516,0.14648380875587463,0.5019999742507935,0.29249998927116394
YGL087C,YIL082W-A,0,-6.0751815,0.14644107222557068,0.5019999742507935,0.29260000586509705
YKR080W,YNL134C,0,-6.075184,0.1463983654975891,0.5019999742507935,0.29269999265670776
YOL011W,YPR063C,0,-6.0753546,0.14635568857192993,0.5019999742507935,0.29280000925064087
YLL038C,YAL068C,0,-6.0753646,0.14631302654743195,0.5019999742507935,0.2928999960422516
YFL035C-A,YBR165W,0,-6.0754433,0.14627039432525635,0.5019999742507935,0.2930000126361847
YOL096C,YDR289C,0,-6.075505,0.14622779190540314,0.5019999742507935,0.2930999994277954
YDL166C,YDL013W,0,-6.0757093,0.14618520438671112,0.5019999742507935,0.29319998621940613
YGR169C,YGR161C-D,0,-6.0757613,0.1461426466703415,0.5019999742507935,0.29330000281333923
YOR211C,YNL064C,0,-6.075923,0.14610011875629425,0.5019999742507935,0.29339998960494995
YDR446W,YDL038C,0,-6.07593,0.1460576057434082,0.5019999742507935,0.29350000619888306
YJR001W,YEL039C,0,-6.075966,0.14601512253284454,0.5019999742507935,0.2935999929904938
YDR314C,YML005W,0,-6.076088,0.14597266912460327,0.5019999742507935,0.2937000095844269
YHR015W,YBR090C-A,0,-6.076188,0.1459302306175232,0.5019999742507935,0.2937999963760376
YLL042C,YER083C,0,-6.0762057,0.1458878219127655,0.5019999742507935,0.2939000129699707
YJR135C,YKL075C,0,-6.076259,0.1458454430103302,0.5019999742507935,0.2939999997615814
YER108C,YIL118W,0,-6.0763125,0.1458030790090561,0.5019999742507935,0.29409998655319214
YOR150W,YGR109W-B,0,-6.0764675,0.14576074481010437,0.5019999742507935,0.29420000314712524
YOR014W,YNL128W,1,-6.0765615,0.1460087150335312,0.503000020980835,0.29420000314712524
YGR292W,YNL134C,0,-6.076568,0.1459663361310959,0.503000020980835,0.29429998993873596
YCR097WB,YEL041W,0,-6.076593,0.14592398703098297,0.503000020980835,0.29440000653266907
YLR107W,YBR241C,0,-6.0767536,0.14588166773319244,0.503000020980835,0.2944999933242798
YOR290C,YOR343W-A,0,-6.0768204,0.1458393782377243,0.503000020980835,0.2946000099182129
YJL138C,YOR192C-A,0,-6.0768204,0.14579710364341736,0.503000020980835,0.2946999967098236
YEL012W,YLR410W-A,0,-6.076883,0.1457548588514328,0.503000020980835,0.2948000133037567
YML132W,YCL008C,0,-6.0769324,0.14571262896060944,0.503000020980835,0.29490000009536743
YKL208W,YHR214C-B,0,-6.077005,0.14567042887210846,0.503000020980835,0.29499998688697815
YDR033W,YAR010C,0,-6.0771036,0.14562825858592987,0.503000020980835,0.29510000348091125
YOR109W,YMR036C,1,-6.077174,0.14587554335594177,0.5040000081062317,0.29510000348091125
YGL141W,YNL306W,0,-6.0771766,0.1458333283662796,0.5040000081062317,0.295199990272522
YER031C,YGR109W-A,0,-6.0773396,0.14579114317893982,0.5040000081062317,0.2953000068664551
YLR268W,YPL158C,0,-6.077404,0.14574898779392242,0.5040000081062317,0.2953999936580658
YNL106C,YPR073C,1,-6.077498,0.14599595963954926,0.5049999952316284,0.2953999936580658
YER142C,YGL067W,0,-6.0776014,0.14595375955104828,0.5049999952316284,0.2955000102519989
YHL002W,YIR006C,0,-6.077604,0.1459115892648697,0.5049999952316284,0.2955999970436096
YLL057C,YDR486C,0,-6.077767,0.1458694338798523,0.5049999952316284,0.2957000136375427
YCR098C,YDR469W,0,-6.077843,0.14582732319831848,0.5049999952316284,0.29580000042915344
YLR133W,YDR098C-A,0,-6.0778584,0.14578521251678467,0.5049999952316284,0.29589998722076416
YPL194W,YHR077C,0,-6.0779047,0.14574314653873444,0.5049999952316284,0.29600000381469727
YCL026C-B,YLR064W,0,-6.077989,0.1457010954618454,0.5049999952316284,0.296099990606308
YDL097C,YNL047C,0,-6.0781636,0.14565907418727875,0.5049999952316284,0.2962000072002411
YER149C,YIL091C,0,-6.078195,0.1456170678138733,0.5049999952316284,0.2962999939918518
YNL175C,YCR024C-A,0,-6.078315,0.14557509124279022,0.5049999952316284,0.2964000105857849
YHR169W,YDR316W,0,-6.078428,0.14553314447402954,0.5049999952316284,0.29649999737739563
YOR209C,YDR041W,0,-6.078672,0.14549121260643005,0.5049999952316284,0.29660001397132874
YBR015C,YOR084W,0,-6.0786986,0.14544931054115295,0.5049999952316284,0.29670000076293945
YKR024C,YDR472W,0,-6.079062,0.14540742337703705,0.5049999952316284,0.29679998755455017
YNL231C,YJR009C,0,-6.0791926,0.14536556601524353,0.5049999952316284,0.2969000041484833
YNL261W,YHR165C,0,-6.0792556,0.1453237384557724,0.5049999952316284,0.296999990940094
YCR029C-A,YPL066W,0,-6.07951,0.14528194069862366,0.5049999952316284,0.2971000075340271
YDR121W,YKR096W,0,-6.079539,0.14524014294147491,0.5049999952316284,0.2971999943256378
YOL030W,YER180C-A,0,-6.07957,0.14519838988780975,0.5049999952316284,0.2973000109195709
YPL118W,YBR088C,0,-6.079583,0.1451566517353058,0.5049999952316284,0.29739999771118164
YLR019W,YNL128W,1,-6.0796275,0.14540229737758636,0.5059999823570251,0.29739999771118164
YJL020C,YGR038C-B,0,-6.0797577,0.14536052942276,0.5059999823570251,0.29750001430511475
YPL228W,YHR076W,1,-6.079941,0.14560596644878387,0.5070000290870667,0.29750001430511475
YDL164C,YNL054W-A,0,-6.0800176,0.14556416869163513,0.5070000290870667,0.29760000109672546
YDL005C,YDL121C,0,-6.080026,0.14552238583564758,0.5070000290870667,0.2976999878883362
YER190W,YIL077C,0,-6.0800614,0.14548063278198242,0.5070000290870667,0.2978000044822693
YOR144C,YBR017C,0,-6.0802436,0.14543889462947845,0.5070000290870667,0.29789999127388
YPR073C,YFR040W,1,-6.080458,0.14568397402763367,0.5080000162124634,0.29789999127388
YMR021C,YMR101C,0,-6.0804925,0.1456422060728073,0.5080000162124634,0.2980000078678131
YOL137W,YLR092W,0,-6.0805855,0.14560045301914215,0.5080000162124634,0.29809999465942383
YLR133W,YLR395C,0,-6.080686,0.14555874466896057,0.5080000162124634,0.29820001125335693
YIL131C,YJL117W,0,-6.0807815,0.14551705121994019,0.5080000162124634,0.29829999804496765
YMR217W,YIL162W,0,-6.080791,0.145475372672081,0.5080000162124634,0.29840001463890076
YHR046C,YIL002C,1,-6.080853,0.1457200050354004,0.5090000033378601,0.29840001463890076
YKR008W,YER007C-A,0,-6.080898,0.14567831158638,0.5090000033378601,0.2985000014305115
YHL009C,YHR113W,0,-6.080952,0.14563661813735962,0.5090000033378601,0.2985999882221222
YLR268W,YOR140W,0,-6.0810394,0.14559496939182281,0.5090000033378601,0.2987000048160553
YHR142W,YOL068C,0,-6.08123,0.1455533355474472,0.5090000033378601,0.298799991607666
YBR081C,YOR343W-A,0,-6.081346,0.1455117166042328,0.5090000033378601,0.2989000082015991
YGR062C,YMR105C,0,-6.0813785,0.14547012746334076,0.5090000033378601,0.29899999499320984
YHR188C,YOR019W,0,-6.081394,0.14542856812477112,0.5090000033378601,0.29910001158714294
YIR013C,YCL062W,0,-6.081498,0.14538703858852386,0.5090000033378601,0.29919999837875366
YBR278W,YKL222C,0,-6.0815105,0.1453455239534378,0.5090000033378601,0.2992999851703644
YKR024C,YMR273C,0,-6.081518,0.14530402421951294,0.5090000033378601,0.2994000017642975
YDL040C,YDR028C,0,-6.081572,0.14526255428791046,0.5090000033378601,0.2994999885559082
YMR218C,YGR065C,0,-6.081635,0.14522111415863037,0.5090000033378601,0.2996000051498413
YGL105W,YCR097WB,0,-6.081646,0.14517968893051147,0.5090000033378601,0.299699991941452
YDR180W,YDR034C-D,0,-6.081678,0.14513829350471497,0.5090000033378601,0.29980000853538513
YKL097W-A,YJL104W,0,-6.0818114,0.14509692788124084,0.5090000033378601,0.29989999532699585
YBR093C,YFR040W,1,-6.0820146,0.14534054696559906,0.5099999904632568,0.29989999532699585
YBR160W,YKL020C,0,-6.0820622,0.14529915153980255,0.5099999904632568,0.30000001192092896
YFL011W-A,YBR088C,0,-6.082212,0.14525775611400604,0.5099999904632568,0.3000999987125397
YER176W,YBL018C,0,-6.082275,0.14521640539169312,0.5099999904632568,0.3001999855041504
YAL021C,YBR142W,0,-6.082476,0.14517506957054138,0.5099999904632568,0.3003000020980835
YLR361C,YBR172C,0,-6.0825486,0.14513374865055084,0.5099999904632568,0.3003999888896942
YNL135C,YML037C,0,-6.0825944,0.1450924575328827,0.5099999904632568,0.3005000054836273
YBL041W,YLR070C,0,-6.082642,0.14505119621753693,0.5099999904632568,0.30059999227523804
YHR043C,YER133W,1,-6.0827413,0.14529427886009216,0.5109999775886536,0.30059999227523804
YOL016C,YLR026C,0,-6.082749,0.145252987742424,0.5109999775886536,0.30070000886917114
YER177W,YJL042W,0,-6.0828867,0.14521171152591705,0.5109999775886536,0.30079999566078186
YNL133C,YDR219C,0,-6.0829873,0.1451704502105713,0.5109999775886536,0.30090001225471497
YLR092W,YBR231C,0,-6.083119,0.1451292186975479,0.5109999775886536,0.3009999990463257
YDR363W,YOR143C,0,-6.0831685,0.14508801698684692,0.5109999775886536,0.3010999858379364
YKL186C,YLR410W,0,-6.0832314,0.14504683017730713,0.5109999775886536,0.3012000024318695
YEL063C,YDL216C,0,-6.0832505,0.14500567317008972,0.5109999775886536,0.3012999892234802
YNL223W,YLR330W,0,-6.083267,0.1449645459651947,0.5109999775886536,0.30140000581741333
YNL233W,YBL085W,0,-6.0837116,0.14492341876029968,0.5109999775886536,0.30149999260902405
YJL179W,YER021W,0,-6.083755,0.14488233625888824,0.5109999775886536,0.30160000920295715
YGL005C,YHR152W,0,-6.083801,0.144841268658638,0.5109999775886536,0.30169999599456787
YJL192C,YDR065W,0,-6.08382,0.14480023086071014,0.5109999775886536,0.301800012588501
YBL013W,YOL148C,0,-6.0838485,0.14475920796394348,0.5109999775886536,0.3018999993801117
YBR301W,YDR459C,0,-6.084535,0.1447182148694992,0.5109999775886536,0.3019999861717224
YKL084W,YDR081C,0,-6.084706,0.14467723667621613,0.5109999775886536,0.3021000027656555
YLR019W,YNL217W,1,-6.0848355,0.14491933584213257,0.5120000243186951,0.3021000027656555
YDR343C,YCL060C,0,-6.0849576,0.1448783278465271,0.5120000243186951,0.30219998955726624
YCR017C,YCL061C,0,-6.0849857,0.14483733475208282,0.5120000243186951,0.30230000615119934
YNR007C,YCL060C,0,-6.0852947,0.14479638636112213,0.5120000243186951,0.30239999294281006
YDR380W,YAL024C,0,-6.085318,0.14475543797016144,0.5120000243186951,0.30250000953674316
YDR153C,YER014W,0,-6.085368,0.14471453428268433,0.5120000243186951,0.3025999963283539
YGL027C,YHR147C,0,-6.0855274,0.14467363059520721,0.5120000243186951,0.302700012922287
YGR262C,YGL067W,0,-6.08555,0.14463277161121368,0.5120000243186951,0.3027999997138977
YBL006C,YDR322C-A,0,-6.085609,0.14459192752838135,0.5120000243186951,0.3028999865055084
YOR109W,YNL217W,1,-6.085621,0.14483343064785004,0.5130000114440918,0.3028999865055084
YPL265W,YIL027C,0,-6.0856357,0.14479254186153412,0.5130000114440918,0.30300000309944153
YDR389W,YMR210W,0,-6.085675,0.14475169777870178,0.5130000114440918,0.30309998989105225
YJR160C,YPR096C,0,-6.085786,0.14471085369586945,0.5130000114440918,0.30320000648498535
YLR452C,YMR223W,0,-6.086122,0.1446700543165207,0.5130000114440918,0.30329999327659607
YDL160C,YAL010C,0,-6.086394,0.14462926983833313,0.5130000114440918,0.3034000098705292
YLR449W,YDL038C,0,-6.086512,0.14458850026130676,0.5130000114440918,0.3034999966621399
YER062C,YBR276C,1,-6.0865154,0.14482952654361725,0.5139999985694885,0.3034999966621399
YLR019W,YDL230W,1,-6.0865607,0.145070418715477,0.5149999856948853,0.3034999966621399
YDL164C,YBR229C,0,-6.086599,0.14502957463264465,0.5149999856948853,0.303600013256073
YCL055W,YHR206W,0,-6.0866055,0.1449887454509735,0.5149999856948853,0.3037000000476837
YML064C,YMR243C,0,-6.086735,0.14494793117046356,0.5149999856948853,0.30379998683929443
YGL241W,YDR531W,0,-6.08674,0.144907146692276,0.5149999856948853,0.30390000343322754
YBR090C-A,YPL016W,0,-6.086934,0.14486639201641083,0.5149999856948853,0.30399999022483826
YNL271C,YPR131C,0,-6.0870676,0.14482565224170685,0.5149999856948853,0.30410000681877136
YGR062C,YKL082C,0,-6.0871763,0.14478492736816406,0.5149999856948853,0.3041999936103821
YLR138W,YCR029C-A,0,-6.087375,0.14474423229694366,0.5149999856948853,0.3043000102043152
YEL012W,YMR160W,0,-6.087434,0.14470356702804565,0.5149999856948853,0.3043999969959259
YHR051W,YER048W-A,0,-6.087539,0.14466291666030884,0.5149999856948853,0.304500013589859
YPL269W,YHR113W,0,-6.087605,0.1446222960948944,0.5149999856948853,0.3046000003814697
YKL108W,YNL134C,0,-6.0879717,0.14458169043064117,0.5149999856948853,0.30469998717308044
YGL175C,YPL026C,0,-6.087974,0.14454111456871033,0.5149999856948853,0.30480000376701355
YOR044W,YMR164C,0,-6.0879784,0.14450056850910187,0.5149999856948853,0.30489999055862427
YMR015C,YIR014W,0,-6.088054,0.1444600224494934,0.5149999856948853,0.3050000071525574
YDR335W,YBL093C,0,-6.0883584,0.14441952109336853,0.5149999856948853,0.3050999939441681
YHR147C,YOR088W,0,-6.088522,0.14437903463840485,0.5149999856948853,0.3052000105381012
YLR376C,YLR410W-B,0,-6.0886173,0.14433856308460236,0.5149999856948853,0.3052999973297119
YEL069C,YBR265W,0,-6.0887,0.14429812133312225,0.5149999856948853,0.305400013923645
YGR174C,YGR056W,0,-6.088732,0.14425770938396454,0.5149999856948853,0.30550000071525574
YGL184C,YDR210W-A,0,-6.088757,0.14421731233596802,0.5149999856948853,0.30559998750686646
YML120C,YNL284C-B,0,-6.0888042,0.1441769301891327,0.5149999856948853,0.30570000410079956
YIL085C,YOL088C,0,-6.0891476,0.14413657784461975,0.5149999856948853,0.3057999908924103
YFL023W,YPL276W,0,-6.089257,0.1440962553024292,0.5149999856948853,0.3059000074863434
YLR248W,YML133C,0,-6.089272,0.14405594766139984,0.5149999856948853,0.3059999942779541
YEL001C,YHR015W,0,-6.089315,0.14401565492153168,0.5149999856948853,0.3061000108718872
YHR124W,YDR034C-D,0,-6.0893283,0.1439753919839859,0.5149999856948853,0.3061999976634979
YHR216W,YCL060C,0,-6.0893373,0.1439351588487625,0.5149999856948853,0.30630001425743103
YBR026C,YML010W,0,-6.089418,0.14389494061470032,0.5149999856948853,0.30640000104904175
YDR437W,YDR359C,0,-6.0894313,0.1438547521829605,0.5149999856948853,0.30649998784065247
YGR202C,YDL212W,0,-6.0894485,0.1438145786523819,0.5149999856948853,0.30660000443458557
YNL336W,YBR196C,0,-6.089514,0.14377443492412567,0.5149999856948853,0.3066999912261963
YGL195W,YLL062C,0,-6.0896726,0.14373430609703064,0.5149999856948853,0.3068000078201294
YJR125C,YAL028W,0,-6.089683,0.1436941921710968,0.5149999856948853,0.3068999946117401
YDR159W,YCR061W,0,-6.089702,0.14365410804748535,0.5149999856948853,0.3070000112056732
YDL029W,YOR213C,0,-6.0897393,0.1436140537261963,0.5149999856948853,0.30709999799728394
YER142C,YPR151C,0,-6.089758,0.14357401430606842,0.5149999856948853,0.30720001459121704
YBR276C,YMR156C,1,-6.0898476,0.14381271600723267,0.515999972820282,0.30720001459121704
YHL025W,YMR051C,0,-6.089856,0.14377263188362122,0.515999972820282,0.30730000138282776
YCL035C,YDR365W-A,0,-6.0900283,0.14373259246349335,0.515999972820282,0.3073999881744385
YNL135C,YBL028C,0,-6.090171,0.14369256794452667,0.515999972820282,0.3075000047683716
YDR168W,YBR186W,0,-6.0902343,0.1436525583267212,0.515999972820282,0.3075999915599823
YCR092C,YJL041W,0,-6.0902457,0.1436125785112381,0.515999972820282,0.3077000081539154
YDL197C,YMR284W,0,-6.0907874,0.1435726135969162,0.515999972820282,0.3077999949455261
YIL132C,YER103W,0,-6.0908594,0.1435326784849167,0.515999972820282,0.30790001153945923
YBR250W,YDR316W-A,0,-6.0909114,0.14349277317523956,0.515999972820282,0.30799999833106995
YOR328W,YPL045W,0,-6.0909534,0.14345288276672363,0.515999972820282,0.30809998512268066
YOR347C,YFL058W,0,-6.091031,0.1434130072593689,0.515999972820282,0.30820000171661377
YNR075W,YDR261C-D,0,-6.091129,0.14337316155433655,0.515999972820282,0.3082999885082245
YBR153W,YCL031C,0,-6.0912066,0.1433333307504654,0.515999972820282,0.3084000051021576
YNL250W,YKL075C,0,-6.091271,0.14329352974891663,0.515999972820282,0.3084999918937683
YPL271W,YKL018W,0,-6.091635,0.14325374364852905,0.515999972820282,0.3086000084877014
YDL046W,YDR293C,0,-6.091864,0.14321398735046387,0.515999972820282,0.30869999527931213
YMR072W,YMR160W,0,-6.0918784,0.14317424595355988,0.515999972820282,0.30880001187324524
YDR518W,YGR191W,0,-6.0920587,0.14313453435897827,0.515999972820282,0.30889999866485596
YGL181W,YOR343W-B,0,-6.0922294,0.14309483766555786,0.515999972820282,0.3089999854564667
YKL004W,YNL167C,0,-6.092238,0.14305517077445984,0.515999972820282,0.3091000020503998
YPL228W,YAR071W,1,-6.0922775,0.14329268038272858,0.5170000195503235,0.3091000020503998
YDR461W,YEL004W,0,-6.0923753,0.14325298368930817,0.5170000195503235,0.3091999888420105
YLR391W,YOL154W,0,-6.0924644,0.14321330189704895,0.5170000195503235,0.3093000054359436
YER133W,YNL217W,1,-6.0924883,0.1434505730867386,0.5180000066757202,0.3093000054359436
YLL042C,YHL027W,0,-6.0928454,0.1434108465909958,0.5180000066757202,0.3093999922275543
YLR377C,YMR261C,1,-6.0928793,0.1436479389667511,0.5189999938011169,0.3093999922275543
YNL103W,YJR099W,0,-6.093082,0.1436081975698471,0.5189999938011169,0.3095000088214874
YKR026C,YLR166C,0,-6.093204,0.1435684710741043,0.5189999938011169,0.30959999561309814
YPR020W,YOR019W,0,-6.093262,0.1435287594795227,0.5189999938011169,0.30970001220703125
YBR217W,YDR079C-A,0,-6.093638,0.1434890776872635,0.5189999938011169,0.30979999899864197
YPL249C-A,YNR004W,0,-6.093657,0.14344942569732666,0.5189999938011169,0.3098999857902527
YHR028C,YML033W,0,-6.093702,0.14340978860855103,0.5189999938011169,0.3100000023841858
YDR429C,YDR307W,0,-6.093744,0.14337016642093658,0.5189999938011169,0.3100999891757965
YOR034C,YLR320W,0,-6.0938277,0.14333057403564453,0.5189999938011169,0.3102000057697296
YOR122C,YMR304W,0,-6.094044,0.14329099655151367,0.5189999938011169,0.31029999256134033
YKL149C,YOL017W,0,-6.0940633,0.1432514488697052,0.5189999938011169,0.31040000915527344
YIR008C,YKR042W,0,-6.0941644,0.14321191608905792,0.5189999938011169,0.31049999594688416
YHR042W,YDR098C-A,0,-6.094173,0.14317241311073303,0.5189999938011169,0.31060001254081726
YFR028C,YDR287W,1,-6.094251,0.14340871572494507,0.5199999809265137,0.31060001254081726
YLR148W,YOR346W,0,-6.094417,0.1433691829442978,0.5199999809265137,0.310699999332428
YGL021W,YPR134W,0,-6.0945272,0.1433296650648117,0.5199999809265137,0.3107999861240387
YKL201C,YGL037C,0,-6.0947495,0.14329016208648682,0.5199999809265137,0.3109000027179718
YLR147C,YPR063C,0,-6.094895,0.14325068891048431,0.5199999809265137,0.3109999895095825
YBR093C,YDR436W,1,-6.0951138,0.1434866487979889,0.5210000276565552,0.3109999895095825
YPL167C,YER082C,0,-6.095198,0.1434471309185028,0.5210000276565552,0.3111000061035156
YLR215C,YDL165W,0,-6.095324,0.1434076577425003,0.5210000276565552,0.31119999289512634
YFR055W,YNL261W,0,-6.0956903,0.1433681845664978,0.5210000276565552,0.31130000948905945
YIL051C,YOL122C,0,-6.09594,0.1433287411928177,0.5210000276565552,0.31139999628067017
YER183C,YBR192W,0,-6.096064,0.14328932762145996,0.5210000276565552,0.31150001287460327
YHR215W,YER075C,1,-6.096458,0.1435248851776123,0.5220000147819519,0.31150001287460327
YOR030W,YOR008C,0,-6.096585,0.143485426902771,0.5220000147819519,0.311599999666214
YBR093C,YLR019W,1,-6.0966935,0.143720805644989,0.5230000019073486,0.311599999666214
YJL021C,YLR026C,0,-6.096847,0.14368131756782532,0.5230000019073486,0.3116999864578247
YOL021C,YPR095C,0,-6.096892,0.143641859292984,0.5230000019073486,0.3118000030517578
YDL133C-A,YMR179W,0,-6.0969534,0.1436024159193039,0.5230000019073486,0.31189998984336853
YDR310C,YPR009W,0,-6.0969768,0.14356300234794617,0.5230000019073486,0.31200000643730164
YLR223C,YDR462W,0,-6.0970407,0.14352360367774963,0.5230000019073486,0.31209999322891235
YKL010C,YMR122W-A,0,-6.097094,0.1434842199087143,0.5230000019073486,0.31220000982284546
YGR224W,YGR038C-A,0,-6.0971017,0.14344486594200134,0.5230000019073486,0.3122999966144562
YJL170C,YPL074W,0,-6.0971456,0.14340554177761078,0.5230000019073486,0.3124000132083893
YLR309C,YPR063C,0,-6.097299,0.1433662325143814,0.5230000019073486,0.3125
YMR301C,YIL056W,0,-6.0974026,0.14332693815231323,0.5230000019073486,0.3125999867916107
YER103W,YLL017W,0,-6.0975976,0.14328767359256744,0.5230000019073486,0.3127000033855438
YOR088W,YCL045C,0,-6.0978127,0.14324842393398285,0.5230000019073486,0.31279999017715454
YDR235W,YDR207C,0,-6.0978255,0.14320920407772064,0.5230000019073486,0.31290000677108765
YER011W,YDR451C,0,-6.09796,0.14316999912261963,0.5230000019073486,0.31299999356269836
YHR114W,YPR036W,0,-6.098143,0.1431308090686798,0.5230000019073486,0.31310001015663147
YER164W,YCR027C,0,-6.0982676,0.14309164881706238,0.5230000019073486,0.3131999969482422
YOL096C,YDR346C,0,-6.098441,0.14305251836776733,0.5230000019073486,0.3133000135421753
YJR076C,YMR134W,0,-6.0985117,0.14301340281963348,0.5230000019073486,0.313400000333786
YGR001C,YGR014W,0,-6.0985284,0.14297430217266083,0.5230000019073486,0.31349998712539673
YKR046C,YGR046W,0,-6.098537,0.14293523132801056,0.5230000019073486,0.31360000371932983
YLL057C,YPR036W-A,0,-6.098556,0.14289617538452148,0.5230000019073486,0.31369999051094055
YGL156W,YHL009W-A,0,-6.098556,0.1428571492433548,0.5230000019073486,0.31380000710487366
YOL151W,YDR014W-A,0,-6.098556,0.1428181380033493,0.5230000019073486,0.3138999938964844
YER087C-B,YGR161W-B,0,-6.098556,0.142779141664505,0.5230000019073486,0.3140000104904175
YLR337W,YIL029C,0,-6.098556,0.1427401751279831,0.5230000019073486,0.3140999972820282
YJL111W,YDR381C-A,0,-6.098556,0.14270122349262238,0.5230000019073486,0.3142000138759613
YML074C,YER053C-A,0,-6.098556,0.14266230165958405,0.5230000019073486,0.314300000667572
YCL027C-A,YDR365W-B,0,-6.098556,0.1426233947277069,0.5230000019073486,0.31439998745918274
YNL078W,YNL284C-A,0,-6.098556,0.14258451759815216,0.5230000019073486,0.31450000405311584
YPR199C,YDR210W-D,0,-6.098556,0.1425456553697586,0.5230000019073486,0.31459999084472656
YML033W,YPL276W,0,-6.098556,0.14250680804252625,0.5230000019073486,0.31470000743865967
YMR014W,YBL101W-A,0,-6.098556,0.14246799051761627,0.5230000019073486,0.3147999942302704
YCL003W,YER053C-A,0,-6.098556,0.1424291878938675,0.5230000019073486,0.3149000108242035
YER014C-A,YDR170W-A,0,-6.098556,0.1423904150724411,0.5230000019073486,0.3149999976158142
YKL178C,YML045W-A,0,-6.098556,0.1423516571521759,0.5230000019073486,0.3151000142097473
YDL175C,YDR381C-A,0,-6.098556,0.1423129290342331,0.5230000019073486,0.31520000100135803
YOR319W,YLR157C-A,0,-6.098556,0.14227421581745148,0.5230000019073486,0.31529998779296875
YDR079C-A,YJR096W,0,-6.098556,0.14223551750183105,0.5230000019073486,0.31540000438690186
YNL279W,YER053C-A,0,-6.098556,0.14219684898853302,0.5230000019073486,0.3154999911785126
YCL005W-A,YHL050C,0,-6.098556,0.14215819537639618,0.5230000019073486,0.3156000077724457
YML116W,YHL009W-A,0,-6.098556,0.14211957156658173,0.5230000019073486,0.3156999945640564
YDR014W-A,YMR291W,0,-6.098556,0.14208096265792847,0.5230000019073486,0.3158000111579895
YNL188W,YOR343C-A,0,-6.098556,0.1420423686504364,0.5230000019073486,0.3158999979496002
YOR221C,YPR036W-A,0,-6.098556,0.14200380444526672,0.5230000019073486,0.3160000145435333
YDR014W-A,YCR053W,0,-6.098556,0.14196525514125824,0.5230000019073486,0.31610000133514404
YJL082W,YLR157C-A,0,-6.098556,0.14192673563957214,0.5230000019073486,0.31619998812675476
YDR014W-A,YBL025W,0,-6.098556,0.14188823103904724,0.5230000019073486,0.31630000472068787
YHR164C,YDR210W-D,0,-6.098556,0.14184974133968353,0.5230000019073486,0.3163999915122986
YPR086W,YBL101W-A,0,-6.098556,0.1418112814426422,0.5230000019073486,0.3165000081062317
YNL246W,YML045W-A,0,-6.098556,0.14177283644676208,0.5230000019073486,0.3165999948978424
YNL275W,YDR014W-A,0,-6.098556,0.14173442125320435,0.5230000019073486,0.3167000114917755
YNR052C,YER053C-A,0,-6.098556,0.1416960209608078,0.5230000019073486,0.31679999828338623
YGR248W,YPR036W-A,0,-6.098556,0.14165763556957245,0.5230000019073486,0.31690001487731934
YBR165W,YML045W-A,0,-6.098556,0.14161927998065948,0.5230000019073486,0.31700000166893005
YIL159W,YDR098C-A,0,-6.098556,0.14158093929290771,0.5230000019073486,0.31709998846054077
YDR422C,YBL101W-A,0,-6.098556,0.14154262840747833,0.5230000019073486,0.3172000050544739
YHR039C-B,YJR029W,0,-6.098556,0.14150433242321014,0.5230000019073486,0.3172999918460846
YDR014W-A,YNL283C,0,-6.098556,0.14146605134010315,0.5230000019073486,0.3174000084400177
YAR010C,YML045W-A,0,-6.098556,0.14142780005931854,0.5230000019073486,0.3174999952316284
YNR027W,YDR210W-D,0,-6.098556,0.14138956367969513,0.5230000019073486,0.3176000118255615
YIR013C,YML045W-A,0,-6.098556,0.1413513571023941,0.5230000019073486,0.31769999861717224
YPR141C,YHL009W-A,0,-6.098556,0.14131316542625427,0.5230000019073486,0.31779998540878296
YNL242W,YDR381C-A,0,-6.098556,0.14127498865127563,0.5230000019073486,0.31790000200271606
YLR312C-B,YKL077W,0,-6.098556,0.14123684167861938,0.5230000019073486,0.3179999887943268
YGL141W,YGR161W-A,0,-6.098556,0.14119870960712433,0.5230000019073486,0.3181000053882599
YOR088W,YOR192C-A,0,-6.098556,0.14116059243679047,0.5230000019073486,0.3181999921798706
YER053C-A,YGR012W,0,-6.098556,0.141122505068779,0.5230000019073486,0.3183000087738037
YLR129W,YPR036W-A,0,-6.098556,0.1410844326019287,0.5230000019073486,0.31839999556541443
YDL128W,YHL009W-A,0,-6.098556,0.14104638993740082,0.5230000019073486,0.31850001215934753
YDR014W-A,YPL134C,0,-6.098556,0.14100836217403412,0.5230000019073486,0.31859999895095825
YDR147W,YFL002W-B,0,-6.098556,0.1409703493118286,0.5230000019073486,0.31869998574256897
YDR014W-A,YPL240C,0,-6.098556,0.1409323662519455,0.5230000019073486,0.3188000023365021
YDR381C-A,YLR001C,0,-6.098556,0.14089439809322357,0.5230000019073486,0.3188999891281128
YOL005C,YBL101W-B,0,-6.098556,0.14085644483566284,0.5230000019073486,0.3190000057220459
YMR037C,YOR343C-A,0,-6.098556,0.1408185213804245,0.5230000019073486,0.3190999925136566
YOR207C,YNL284C-A,0,-6.098556,0.14078061282634735,0.5230000019073486,0.3192000091075897
YER127W,YHL009W-A,0,-6.098556,0.1407427340745926,0.5230000019073486,0.31929999589920044
YCL005W-A,YOL103W-A,0,-6.098556,0.14070487022399902,0.5230000019073486,0.31940001249313354
YDL080C,YML045W-A,0,-6.098556,0.14066702127456665,0.5230000019073486,0.31949999928474426
YDL145C,YHL009W-A,0,-6.098556,0.14062920212745667,0.5230000019073486,0.319599986076355
YDR014W-A,YLR259C,0,-6.098556,0.14059139788150787,0.5230000019073486,0.3197000026702881
YCL005W-A,YPR158C-D,0,-6.098556,0.14055360853672028,0.5230000019073486,0.3197999894618988
YDR044W,YNL284C-A,0,-6.098556,0.14051584899425507,0.5230000019073486,0.3199000060558319
YGR029W,YBL101W-A,0,-6.098556,0.14047810435295105,0.5230000019073486,0.3199999928474426
YIL037C,YPR036W-A,0,-6.098556,0.14044038951396942,0.5230000019073486,0.32010000944137573
YPL029W,YML045W-A,0,-6.098556,0.140402689576149,0.5230000019073486,0.32019999623298645
YMR030W,YGR109W-B,0,-6.098556,0.14036500453948975,0.5230000019073486,0.32030001282691956
YGR292W,YHL009W-A,0,-6.098556,0.1403273344039917,0.5230000019073486,0.3203999996185303
YNL052W,YDR210W-D,0,-6.098556,0.14028969407081604,0.5230000019073486,0.320499986410141
YIL011W,YML045W-A,0,-6.098556,0.14025208353996277,0.5230000019073486,0.3206000030040741
YDR500C,YPR036W-A,0,-6.098556,0.1402144730091095,0.5230000019073486,0.3206999897956848
YNR055C,YPR036W-A,0,-6.098556,0.1401768922805786,0.5230000019073486,0.3208000063896179
YGR032W,YML045W-A,0,-6.098556,0.14013934135437012,0.5230000019073486,0.32089999318122864
YIL056W,YOR343C-A,0,-6.098556,0.14010179042816162,0.5230000019073486,0.32100000977516174
YDR014W-A,YGL068W,0,-6.098556,0.1400642693042755,0.5230000019073486,0.32109999656677246
YDR093W,YDR365W-A,0,-6.098556,0.1400267779827118,0.5230000019073486,0.32120001316070557
YFL035C-A,YKR096W,0,-6.098556,0.13998928666114807,0.5230000019073486,0.3212999999523163
YER019W,YDR210W-D,0,-6.098556,0.13995184004306793,0.5230000019073486,0.321399986743927
YGR174C,YDR381C-A,0,-6.098556,0.1399143934249878,0.5230000019073486,0.3215000033378601
YDR014W-A,YDR378C,0,-6.098556,0.13987697660923004,0.5230000019073486,0.3215999901294708
YJL006C,YBL101W-B,0,-6.098556,0.13983957469463348,0.5230000019073486,0.32170000672340393
YOR174W,YBL101W-B,0,-6.098556,0.13980218768119812,0.5230000019073486,0.32179999351501465
YCL062W,YGR122W,0,-6.098556,0.13976483047008514,0.5230000019073486,0.32190001010894775
YLR157C-A,YPL066W,0,-6.098556,0.13972748816013336,0.5230000019073486,0.32199999690055847
YLR337W,YPR158C-D,0,-6.098556,0.13969017565250397,0.5230000019073486,0.3221000134944916
YER142C,YBL101W-B,0,-6.098556,0.13965286314487457,0.5230000019073486,0.3222000002861023
YJL197W,YHL009W-A,0,-6.098556,0.13961559534072876,0.5230000019073486,0.322299987077713
YDR014W-A,YJR132W,0,-6.098556,0.13957832753658295,0.5230000019073486,0.3224000036716461
YDR033W,YDR381C-A,0,-6.098556,0.13954108953475952,0.5230000019073486,0.32249999046325684
YJR006W,YNL284C-A,0,-6.098556,0.1395038664340973,0.5230000019073486,0.32260000705718994
YCR040W,YLR157C-A,0,-6.098556,0.13946667313575745,0.5230000019073486,0.32269999384880066
YGR263C,YOR343C-A,0,-6.098556,0.1394294798374176,0.5230000019073486,0.32280001044273376
YAL005C,YOR343C-A,0,-6.098556,0.13939233124256134,0.5230000019073486,0.3228999972343445
YLR391W-A,YPR078C,0,-6.098556,0.13935518264770508,0.5230000019073486,0.3230000138282776
YER011W,YER053C-A,0,-6.098556,0.1393180638551712,0.5230000019073486,0.3231000006198883
YKL097W-A,YDR266C,0,-6.098556,0.13928095996379852,0.5230000019073486,0.323199987411499
YKL158W,YHR214C-B,0,-6.098556,0.13924387097358704,0.5230000019073486,0.32330000400543213
YDL108W,YBL101W-B,0,-6.098556,0.13920681178569794,0.5230000019073486,0.32339999079704285
YIL042C,YPR036W-A,0,-6.098556,0.13916976749897003,0.5230000019073486,0.32350000739097595
YDL197C,YDR098C-A,0,-6.098703,0.13913275301456451,0.5230000019073486,0.32359999418258667
YML078W,YPL236C,0,-6.098716,0.139095738530159,0.5230000019073486,0.3237000107765198
YGR267C,YPR083W,0,-6.098759,0.13905875384807587,0.5230000019073486,0.3237999975681305
YJL146W,YIL064W,0,-6.098808,0.13902179896831512,0.5230000019073486,0.3239000141620636
YLR347C,YDL005C,0,-6.0995674,0.13898485898971558,0.5230000019073486,0.3240000009536743
YPL190C,YOR192C-A,0,-6.0996804,0.13894793391227722,0.5230000019073486,0.32409998774528503
YOR257W,YDR457W,0,-6.099699,0.13891102373600006,0.5230000019073486,0.32420000433921814
YDR039C,YPL010W,0,-6.0997615,0.1388741433620453,0.5230000019073486,0.32429999113082886
YCR106W,YDR026C,0,-6.099804,0.1388372778892517,0.5230000019073486,0.32440000772476196
YDR043C,YIL067C,0,-6.09998,0.13880042731761932,0.5230000019073486,0.3244999945163727
YOR256C,YLR425W,0,-6.100209,0.13876359164714813,0.5230000019073486,0.3246000111103058
YKL139W,YCR024C,0,-6.1002955,0.13872678577899933,0.5230000019073486,0.3246999979019165
YOL088C,YML109W,0,-6.100355,0.1386900097131729,0.5230000019073486,0.3248000144958496
YNL135C,YOL147C,0,-6.100681,0.1386532336473465,0.5230000019073486,0.3249000012874603
YHR043C,YNR032W,1,-6.10095,0.13888151943683624,0.5239999890327454,0.3249000012874603
YPR008W,YLL021W,0,-6.10105,0.13884472846984863,0.5239999890327454,0.32499998807907104
YNL271C,YER172C,0,-6.101189,0.13880795240402222,0.5239999890327454,0.32510000467300415
YJL127C,YKL035W,0,-6.101309,0.138771191239357,0.5239999890327454,0.32519999146461487
YMR231W,YLR224W,0,-6.1013546,0.13873444497585297,0.5239999890327454,0.325300008058548
YGL021W,YGR161C-D,0,-6.101416,0.13869772851467133,0.5239999890327454,0.3253999948501587
YBR019C,YNR037C,0,-6.10159,0.13866102695465088,0.5239999890327454,0.3255000114440918
YLR215C,YFL060C,0,-6.101624,0.13862434029579163,0.5239999890327454,0.3255999982357025
YAL030W,YLR425W,0,-6.1017613,0.13858766853809357,0.5239999890327454,0.3257000148296356
YOR109W,YNL128W,1,-6.101784,0.13881544768810272,0.5249999761581421,0.3257000148296356
YIL027C,YPL006W,0,-6.1018567,0.13877874612808228,0.5249999761581421,0.32580000162124634
YBR088C,YEL051W,0,-6.101906,0.13874207437038422,0.5249999761581421,0.32589998841285706
YML121W,YGL067W,0,-6.101928,0.13870541751384735,0.5249999761581421,0.32600000500679016
YGR163W,YIL118W,0,-6.1022706,0.13866877555847168,0.5249999761581421,0.3260999917984009
YDL019C,YNL272C,0,-6.1023374,0.1386321634054184,0.5249999761581421,0.326200008392334
YJL196C,YOL042W,0,-6.1024184,0.1385955661535263,0.5249999761581421,0.3262999951839447
YJL179W,YDL121C,0,-6.102457,0.1385589838027954,0.5249999761581421,0.3264000117778778
YMR204C,YCR024C-A,0,-6.102477,0.1385224312543869,0.5249999761581421,0.3264999985694885
YDR420W,YHL011C,0,-6.1027675,0.1384858936071396,0.5249999761581421,0.32659998536109924
YGR138C,YGL157W,0,-6.1028223,0.13844937086105347,0.5249999761581421,0.32670000195503235
YNL172W,YIR012W,0,-6.102831,0.13841286301612854,0.5249999761581421,0.32679998874664307
YJL061W,YBR012W-A,0,-6.1031404,0.138376384973526,0.5249999761581421,0.32690000534057617
YNR032W,YER089C,1,-6.1031594,0.13860341906547546,0.5260000228881836,0.32690000534057617
YGL135W,YGL231C,0,-6.103169,0.13856691122055054,0.5260000228881836,0.3269999921321869
YNL118C,YIL136W,0,-6.103173,0.1385304182767868,0.5260000228881836,0.32710000872612
YGL222C,YPL147W,0,-6.103255,0.13849394023418427,0.5260000228881836,0.3271999955177307
YGR247W,YGL232W,0,-6.1033807,0.1384574919939041,0.5260000228881836,0.3273000121116638
YDL059C,YGR161W-B,0,-6.103417,0.13842105865478516,0.5260000228881836,0.32739999890327454
YDR108W,YOL092W,0,-6.103449,0.1383846402168274,0.5260000228881836,0.32749998569488525
YLR383W,YHR214C-C,0,-6.103453,0.13834823668003082,0.5260000228881836,0.32760000228881836
YHR146W,YIL173W,0,-6.103499,0.13831186294555664,0.5260000228881836,0.3276999890804291
YKL013C,YGR209C,0,-6.103624,0.13827550411224365,0.5260000228881836,0.3278000056743622
YBR207W,YJR075W,0,-6.103689,0.13823916018009186,0.5260000228881836,0.3278999924659729
YML086C,YKR068C,0,-6.1040683,0.13820283114910126,0.5260000228881836,0.328000009059906
YPR095C,YOR142W-B,0,-6.104115,0.13816653192043304,0.5260000228881836,0.3280999958515167
YML041C,YGR038C-B,0,-6.104317,0.13813024759292603,0.5260000228881836,0.32820001244544983
YNR033W,YMR269W,0,-6.104381,0.1380939930677414,0.5260000228881836,0.32829999923706055
YGL216W,YDR219C,0,-6.104391,0.13805773854255676,0.5260000228881836,0.32839998602867126
YAR018C,YGR166W,0,-6.104423,0.13802151381969452,0.5260000228881836,0.32850000262260437
YGL173C,YDR341C,0,-6.1044793,0.13798530399799347,0.5260000228881836,0.3285999894142151
YHR011W,YML082W,0,-6.1044984,0.1379491239786148,0.5260000228881836,0.3287000060081482
YGR169C,YJL118W,0,-6.1045523,0.13791295886039734,0.5260000228881836,0.3287999927997589
YBR234C,YDL097C,0,-6.104589,0.13787680864334106,0.5260000228881836,0.328900009393692
YDL122W,YIL017W,0,-6.1046767,0.13784067332744598,0.5260000228881836,0.32899999618530273
YPL281C,YML007W,0,-6.1047115,0.1378045529127121,0.5260000228881836,0.32910001277923584
YNR033W,YOL100W,0,-6.104718,0.1377684623003006,0.5260000228881836,0.32919999957084656
YKL092C,YPR104C,0,-6.104728,0.1377323865890503,0.5260000228881836,0.3292999863624573
YDR033W,YGR161C-D,0,-6.104753,0.13769634068012238,0.5260000228881836,0.3294000029563904
YER040W,YDR108W,0,-6.1049633,0.13766029477119446,0.5260000228881836,0.3294999897480011
YHR188C,YOR287C,0,-6.1050944,0.13762427866458893,0.5260000228881836,0.3296000063419342
YPR200C,YLR115W,0,-6.1051917,0.1375882774591446,0.5260000228881836,0.3296999931335449
YNL318C,YER007C-A,0,-6.105396,0.13755230605602264,0.5260000228881836,0.329800009727478
YLR391W-A,YER094C,0,-6.105408,0.1375163346529007,0.5260000228881836,0.32989999651908875
YHR067W,YKL120W,0,-6.1055875,0.13748039305210114,0.5260000228881836,0.33000001311302185
YOR073W,YJL192C,0,-6.105627,0.13744446635246277,0.5260000228881836,0.33009999990463257
YKL116C,YJL012C-A,0,-6.1056743,0.1374085694551468,0.5260000228881836,0.3301999866962433
YLR015W,YPL128C,0,-6.105829,0.137372687458992,0.5260000228881836,0.3303000032901764
YMR156C,YDR074W,1,-6.106013,0.137597918510437,0.5270000100135803,0.3303000032901764
YBR295W,YHL024W,0,-6.106026,0.13756199181079865,0.5270000100135803,0.3303999900817871
YHR171W,YIL097W,0,-6.1060863,0.13752609491348267,0.5270000100135803,0.3305000066757202
YOR023C,YOL146W,0,-6.106134,0.13749021291732788,0.5270000100135803,0.33059999346733093
YGL086W,YCL045C,0,-6.1061635,0.13745436072349548,0.5270000100135803,0.33070001006126404
YMR138W,YLR425W,0,-6.1063366,0.13741850852966309,0.5270000100135803,0.33079999685287476
YOL070C,YKL155C,0,-6.1064487,0.13738268613815308,0.5270000100135803,0.33090001344680786
YDR254W,YBR130C,0,-6.106528,0.13734687864780426,0.5270000100135803,0.3310000002384186
YJR017C,YNL036W,0,-6.106553,0.13731110095977783,0.5270000100135803,0.3310999870300293
YDR017C,YJL104W,0,-6.106554,0.1372753381729126,0.5270000100135803,0.3312000036239624
YLR097C,YIL160C,0,-6.1065793,0.13723959028720856,0.5270000100135803,0.3312999904155731
YOR033C,YOR305W,0,-6.1066246,0.1372038573026657,0.5270000100135803,0.3314000070095062
YKR066C,YGR060W,0,-6.1067023,0.13716813921928406,0.5270000100135803,0.33149999380111694
YOR014W,YJL098W,1,-6.1067276,0.13739265501499176,0.527999997138977,0.33149999380111694
YGR217W,YMR274C,0,-6.106731,0.1373569220304489,0.527999997138977,0.33160001039505005
YOR125C,YJR147W,0,-6.10676,0.13732118904590607,0.527999997138977,0.33169999718666077
YNL268W,YDR175C,0,-6.106837,0.1372854858636856,0.527999997138977,0.33180001378059387
YAL063C,YER041W,0,-6.1068616,0.13724981248378754,0.527999997138977,0.3319000005722046
YHR190W,YIR014W,0,-6.1068716,0.13721413910388947,0.527999997138977,0.3319999873638153
YLR201C,YLL041C,0,-6.106918,0.1371784806251526,0.527999997138977,0.3321000039577484
YIL120W,YGR038C-A,0,-6.1069436,0.1371428519487381,0.527999997138977,0.33219999074935913
YKR082W,YLR410W-A,0,-6.1070523,0.1371072381734848,0.527999997138977,0.33230000734329224
YNL221C,YDR261W-B,0,-6.107395,0.1370716542005539,0.527999997138977,0.33239999413490295
YDR427W,YNL047C,0,-6.107552,0.13703607022762299,0.527999997138977,0.33250001072883606
YLR102C,YKL049C,0,-6.1076045,0.13700051605701447,0.527999997138977,0.3325999975204468
YIL124W,YGR144W,0,-6.10767,0.13696497678756714,0.527999997138977,0.3327000141143799
YDR304C,YNL066W,0,-6.107753,0.1369294673204422,0.527999997138977,0.3328000009059906
YNL223W,YER014W,0,-6.1077847,0.13689395785331726,0.527999997138977,0.3328999876976013
YMR273C,YBL055C,0,-6.1078076,0.1368584781885147,0.527999997138977,0.3330000042915344
YDR160W,YJL139C,0,-6.1078515,0.13682301342487335,0.527999997138977,0.33309999108314514
YLR265C,YLR040C,0,-6.1079664,0.1367875635623932,0.527999997138977,0.33320000767707825
YOL152W,YHR158C,0,-6.1080065,0.1367521435022354,0.527999997138977,0.33329999446868896
YBR101C,YJR134C,0,-6.1081567,0.13671672344207764,0.527999997138977,0.33340001106262207
YCR097W,YAL055W,0,-6.108197,0.13668133318424225,0.527999997138977,0.3334999978542328
YNL159C,YGL063W,0,-6.1082273,0.13664595782756805,0.527999997138977,0.3336000144481659
YBL037W,YGR270W,0,-6.1082883,0.13661061227321625,0.527999997138977,0.3337000012397766
YEL017C-A,YGR144W,0,-6.108296,0.13657526671886444,0.527999997138977,0.33379998803138733
YOR112W,YMR308C,0,-6.1083,0.13653995096683502,0.527999997138977,0.33390000462532043
YNR052C,YLR453C,0,-6.1083374,0.1365046501159668,0.527999997138977,0.33399999141693115
YNL064C,YHR112C,0,-6.1083655,0.13646937906742096,0.527999997138977,0.33410000801086426
YFL058W,YHR214C-B,0,-6.1084776,0.13643410801887512,0.527999997138977,0.334199994802475
YGR262C,YHR143W,0,-6.1085153,0.13639886677265167,0.527999997138977,0.3343000113964081
YBR208C,YIR025W,0,-6.1085315,0.13636364042758942,0.527999997138977,0.3343999981880188
YHR001W,YLR067C,0,-6.108586,0.13632842898368835,0.527999997138977,0.3345000147819519
YPL059W,YDR082W,0,-6.108599,0.1362932324409485,0.527999997138977,0.3346000015735626
YBR090C-A,YJR117W,0,-6.1086135,0.136258065700531,0.527999997138977,0.33469998836517334
YGR059W,YPL060C-A,0,-6.1086717,0.13622291386127472,0.527999997138977,0.33480000495910645
YCR017C,YOR243C,0,-6.1087856,0.13618777692317963,0.527999997138977,0.33489999175071716
YDL178W,YBR153W,0,-6.1088214,0.13615265488624573,0.527999997138977,0.33500000834465027
YHR114W,YOL042W,0,-6.1089435,0.13611756265163422,0.527999997138977,0.335099995136261
YJR002W,YGL098W,0,-6.109003,0.1360824704170227,0.527999997138977,0.3352000117301941
YOL033W,YFL059W,0,-6.109008,0.13604740798473358,0.527999997138977,0.3352999985218048
YGL133W,YEL041W,0,-6.1090426,0.13601236045360565,0.527999997138977,0.3353999853134155
YJR017C,YOR060C,0,-6.10926,0.1359773427248001,0.527999997138977,0.33550000190734863
YLR166C,YGR234W,0,-6.109353,0.13594232499599457,0.527999997138977,0.33559998869895935
YMR255W,YDR285W,0,-6.109456,0.1359073370695114,0.527999997138977,0.33570000529289246
YJR150C,YBL100W-A,0,-6.1095963,0.13587236404418945,0.527999997138977,0.3357999920845032
YDR207C,YOL103W-B,0,-6.109715,0.1358374059200287,0.527999997138977,0.3359000086784363
YHR215W,YGL229C,1,-6.109755,0.13605967164039612,0.5289999842643738,0.3359000086784363
YLR310C,YIL149C,0,-6.1097794,0.13602468371391296,0.5289999842643738,0.335999995470047
YKR013W,YPR137C-A,0,-6.1098914,0.135989710688591,0.5289999842643738,0.3361000120639801
YMR048W,YER111C,0,-6.1099267,0.13595476746559143,0.5289999842643738,0.3361999988555908
YLR024C,YHR214C-B,0,-6.1099687,0.13591983914375305,0.5289999842643738,0.33629998564720154
YKL138C,YKL067W,0,-6.110128,0.13588492572307587,0.5289999842643738,0.33640000224113464
YJR090C,YBR240C,0,-6.110293,0.13585002720355988,0.5289999842643738,0.33649998903274536
YPL228W,YER062C,1,-6.110451,0.13607189059257507,0.5299999713897705,0.33649998903274536
YDL175C,YPL040C,0,-6.1104846,0.1360369622707367,0.5299999713897705,0.33660000562667847
YLR114C,YDR279W,0,-6.1104884,0.1360020488500595,0.5299999713897705,0.3366999924182892
YDR206W,YKL040C,0,-6.1105967,0.1359671652317047,0.5299999713897705,0.3368000090122223
YOL088C,YNR039C,0,-6.1110563,0.1359322965145111,0.5299999713897705,0.336899995803833
YLR214W,YDL046W,0,-6.1111436,0.1358974426984787,0.5299999713897705,0.3370000123977661
YBL047C,YIL160C,0,-6.1111894,0.13586260378360748,0.5299999713897705,0.33709999918937683
YKL206C,YOR287C,0,-6.111196,0.13582777976989746,0.5299999713897705,0.33719998598098755
YFL022C,YDL159W,0,-6.1114254,0.13579298555850983,0.5299999713897705,0.33730000257492065
YFR009W,YPR161C,0,-6.111707,0.1357581913471222,0.5299999713897705,0.33739998936653137
YER027C,YBR227C,0,-6.1120095,0.13572342693805695,0.5299999713897705,0.3375000059604645
YJL005W,YKR076W,0,-6.112362,0.1356886774301529,0.5299999713897705,0.3375999927520752
YLR304C,YGR174C,0,-6.1124864,0.13565395772457123,0.5299999713897705,0.3377000093460083
YKL026C,YAR042W,0,-6.112533,0.13561923801898956,0.5299999713897705,0.337799996137619
YOR355W,YKL012W,0,-6.112738,0.13558454811573029,0.5299999713897705,0.3379000127315521
YAL042W,YMR246W,0,-6.1127934,0.1355498731136322,0.5299999713897705,0.33799999952316284
YJL006C,YNL334C,0,-6.112848,0.1355152130126953,0.5299999713897705,0.33809998631477356
YCL033C,YLR256W-A,0,-6.1128597,0.13548056781291962,0.5299999713897705,0.33820000290870667
YNL006W,YIL172C,0,-6.1129336,0.1354459524154663,0.5299999713897705,0.3382999897003174
YHR051W,YJR158W,0,-6.1132126,0.135411337018013,0.5299999713897705,0.3384000062942505
YDL133C-A,YML001W,0,-6.1132236,0.13537675142288208,0.5299999713897705,0.3384999930858612
YDL207W,YMR086W,0,-6.1132274,0.13534218072891235,0.5299999713897705,0.3386000096797943
YAL024C,YHR065C,0,-6.1132636,0.13530763983726501,0.5299999713897705,0.33869999647140503
YKL101W,YNL323W,0,-6.1133018,0.13527309894561768,0.5299999713897705,0.33880001306533813
YNL133C,YDL044C,0,-6.113435,0.13523858785629272,0.5299999713897705,0.33889999985694885
YKL185W,YPL239W,0,-6.113613,0.13520407676696777,0.5299999713897705,0.33899998664855957
YPL016W,YDR365W-B,0,-6.11368,0.1351695954799652,0.5299999713897705,0.3391000032424927
YKL009W,YFL018W-A,0,-6.11384,0.13513512909412384,0.5299999713897705,0.3391999900341034
YNL268W,YPR004C,0,-6.1139255,0.13510069251060486,0.5299999713897705,0.3393000066280365
YER108C,YLR337W,0,-6.1142993,0.13506625592708588,0.5299999713897705,0.3393999934196472
YPL159C,YNL312W,0,-6.1143875,0.13503184914588928,0.5299999713897705,0.3395000100135803
YNL219C,YHR096C,0,-6.1145163,0.13499745726585388,0.5299999713897705,0.33959999680519104
YMR154C,YNL310C,0,-6.114557,0.13496308028697968,0.5299999713897705,0.33970001339912415
YER089C,YFR040W,1,-6.114596,0.13518330454826355,0.531000018119812,0.33970001339912415
YJR113C,YKR072C,0,-6.11466,0.13514889776706696,0.531000018119812,0.33980000019073486
YKL155C,YNL054W-A,0,-6.114666,0.13511450588703156,0.531000018119812,0.3398999869823456
YPL156C,YGR169C,0,-6.1148925,0.13508012890815735,0.531000018119812,0.3400000035762787
YDR166C,YOR019W,0,-6.1148977,0.13504578173160553,0.531000018119812,0.3400999903678894
YGL021W,YPL010W,0,-6.114965,0.1350114345550537,0.531000018119812,0.3402000069618225
YGL222C,YMR221C,0,-6.1149964,0.13497711718082428,0.531000018119812,0.3402999937534332
YDR081C,YLR426W,0,-6.115101,0.13494281470775604,0.531000018119812,0.34040001034736633
YDL008W,YJR060W,0,-6.1152396,0.1349085420370102,0.531000018119812,0.34049999713897705
YOL148C,YIL023C,0,-6.1152444,0.13487426936626434,0.531000018119812,0.34060001373291016
YLR226W,YML070W,0,-6.1154413,0.13484002649784088,0.531000018119812,0.3407000005245209
YLR033W,YDR098C-B,0,-6.115486,0.13480578362941742,0.531000018119812,0.3407999873161316
YPL021W,YDR472W,0,-6.1155443,0.13477157056331635,0.531000018119812,0.3409000039100647
YPR073C,YBR022W,1,-6.115799,0.1349911242723465,0.5320000052452087,0.3409000039100647
YCR082W,YDR164C,0,-6.115927,0.13495688140392303,0.5320000052452087,0.3409999907016754
YCR040W,YBR006W,0,-6.116009,0.13492265343666077,0.5320000052452087,0.3411000072956085
YDR378C,YOR211C,0,-6.1160374,0.1348884403705597,0.5320000052452087,0.34119999408721924
YHR043C,YPR073C,1,-6.116166,0.13510772585868835,0.5329999923706055,0.34119999408721924
YIL051C,YGL184C,0,-6.1162677,0.1350734978914261,0.5329999923706055,0.34130001068115234
YBL047C,YPR133C,0,-6.116371,0.13503926992416382,0.5329999923706055,0.34139999747276306
YMR311C,YHR150W,0,-6.1163797,0.13500507175922394,0.5329999923706055,0.34150001406669617
YJR004C,YBR240C,0,-6.11647,0.13497087359428406,0.5329999923706055,0.3416000008583069
YOR250C,YOR211C,0,-6.1164837,0.13493670523166656,0.5329999923706055,0.3416999876499176
YHR046C,YML016C,1,-6.116701,0.13515566289424896,0.5339999794960022,0.3416999876499176
YIL023C,YMR134W,0,-6.1167183,0.13512146472930908,0.5339999794960022,0.3418000042438507
YDL042C,YOR356W,0,-6.1167693,0.1350872814655304,0.5339999794960022,0.3418999910354614
YKL205W,YOL113W,0,-6.1169777,0.1350531131029129,0.5339999794960022,0.34200000762939453
YNL281W,YML018C,0,-6.117022,0.1350189596414566,0.5339999794960022,0.34209999442100525
YML016C,YKR028W,1,-6.1174498,0.13523761928081512,0.5350000262260437,0.34209999442100525
YKL190W,YER062C,1,-6.11745,0.1354561597108841,0.5360000133514404,0.34209999442100525
YNL315C,YLR133W,0,-6.117541,0.13542193174362183,0.5360000133514404,0.34220001101493835
YLR019W,YER075C,1,-6.117561,0.13564030826091766,0.5370000004768372,0.34220001101493835
YER012W,YOR149C,0,-6.117787,0.1356060653924942,0.5370000004768372,0.3422999978065491
YER001W,YDR098C-A,0,-6.117821,0.13557182252407074,0.5370000004768372,0.3424000144004822
YCL063W,YGR027W-A,0,-6.117894,0.13553760945796967,0.5370000004768372,0.3425000011920929
YER103W,YML133C,0,-6.1179075,0.13550341129302979,0.5370000004768372,0.3425999879837036
YGL029W,YEL069C,0,-6.1179123,0.1354692280292511,0.5370000004768372,0.3427000045776367
YGR105W,YIL173W,0,-6.1179137,0.1354350596666336,0.5370000004768372,0.34279999136924744
YLR286C,YDR210C-C,0,-6.117977,0.1354009062051773,0.5370000004768372,0.34290000796318054
YPL202C,YNL148C,0,-6.1180444,0.1353667825460434,0.5370000004768372,0.34299999475479126
YKR101W,YIL022W,0,-6.1182127,0.13533265888690948,0.5370000004768372,0.34310001134872437
YHR094C,YHL050C,0,-6.118493,0.13529856503009796,0.5370000004768372,0.3431999981403351
YMR110C,YKL145W,0,-6.1185117,0.13526448607444763,0.5370000004768372,0.3433000147342682
YFR025C,YMR036C,1,-6.118562,0.13548225164413452,0.5379999876022339,0.3433000147342682
YOR028C,YDL155W,0,-6.118599,0.1354481428861618,0.5379999876022339,0.3434000015258789
YNL258C,YDR365W-B,0,-6.1187973,0.13541404902935028,0.5379999876022339,0.3434999883174896
YNL210W,YJR159W,0,-6.1188593,0.13537997007369995,0.5379999876022339,0.34360000491142273
YIL011W,YOR106W,0,-6.119056,0.13534590601921082,0.5379999876022339,0.34369999170303345
YER116C,YKL018W,0,-6.119191,0.13531187176704407,0.5379999876022339,0.34380000829696655
YJR135W-A,YER138C,0,-6.1193786,0.1352778524160385,0.5379999876022339,0.34389999508857727
YDR375C,YBR260C,0,-6.119406,0.13524384796619415,0.5379999876022339,0.3440000116825104
YFL041W,YMR077C,0,-6.1195006,0.135209858417511,0.5379999876022339,0.3440999984741211
YKL114C,YOL116W,0,-6.119532,0.135175883769989,0.5379999876022339,0.3441999852657318
YNR020C,YCR037C,0,-6.1198454,0.13514192402362823,0.5379999876022339,0.3443000018596649
YGR217W,YEL012W,0,-6.119959,0.13510797917842865,0.5379999876022339,0.34439998865127563
YGL106W,YMR291W,0,-6.1200414,0.13507406413555145,0.5379999876022339,0.34450000524520874
YOL115W,YFR034C,0,-6.1200767,0.13504016399383545,0.5379999876022339,0.34459999203681946
YPR108W,YDR463W,0,-6.120162,0.13500627875328064,0.5379999876022339,0.34470000863075256
YMR047C,YJL210W,0,-6.1202,0.13497240841388702,0.5379999876022339,0.3447999954223633
YOR383C,YAL051W,0,-6.1204543,0.1349385529756546,0.5379999876022339,0.3449000120162964
YGL163C,YDR117C,0,-6.120463,0.13490471243858337,0.5379999876022339,0.3449999988079071
YGR225W,YNL029C,0,-6.120582,0.13487090170383453,0.5379999876022339,0.3450999855995178
YPL187W,YGR263C,0,-6.120614,0.1348370909690857,0.5379999876022339,0.3452000021934509
YDR335W,YGL259W,0,-6.1206403,0.13480331003665924,0.5379999876022339,0.34529998898506165
YOL100W,YLR440C,0,-6.120647,0.13476954400539398,0.5379999876022339,0.34540000557899475
YDR224C,YHR039C-B,0,-6.120668,0.13473579287528992,0.5379999876022339,0.34549999237060547
YPL259C,YNL052W,0,-6.120691,0.13470205664634705,0.5379999876022339,0.3456000089645386
YCL064C,YNL163C,0,-6.120754,0.13466833531856537,0.5379999876022339,0.3456999957561493
YKL158W,YLR219W,0,-6.120868,0.13463462889194489,0.5379999876022339,0.3458000123500824
YMR302C,YDR210C-D,0,-6.120915,0.1346009522676468,0.5379999876022339,0.3458999991416931
YOR026W,YMR304W,0,-6.121101,0.1345672905445099,0.5379999876022339,0.34599998593330383
YIL040W,YMR012W,0,-6.1211905,0.13453362882137299,0.5379999876022339,0.34610000252723694
YMR123W,YBL093C,0,-6.1212144,0.13449999690055847,0.5379999876022339,0.34619998931884766
YBL013W,YGL185C,0,-6.1212664,0.13446637988090515,0.5379999876022339,0.34630000591278076
YDL166C,YDR468C,0,-6.121303,0.13443277776241302,0.5379999876022339,0.3463999927043915
YGL256W,YOL018C,0,-6.121369,0.1343992054462433,0.5379999876022339,0.3465000092983246
YNL154C,YHR113W,0,-6.1214204,0.13436563313007355,0.5379999876022339,0.3465999960899353
YOR109W,YDL134C,1,-6.121645,0.1345817744731903,0.5389999747276306,0.3465999960899353
YDR466W,YBL092W,0,-6.121723,0.13454817235469818,0.5389999747276306,0.3467000126838684
YNL127W,YLR138W,0,-6.1217303,0.13451460003852844,0.5389999747276306,0.3467999994754791
YGL100W,YLR410W-A,0,-6.1217866,0.1344810426235199,0.5389999747276306,0.34689998626708984
YNL336W,YDR330W,0,-6.1218467,0.13444750010967255,0.5389999747276306,0.34700000286102295
YML113W,YDR108W,0,-6.1219306,0.1344139724969864,0.5389999747276306,0.34709998965263367
YBR161W,YGL241W,0,-6.122002,0.13438045978546143,0.5389999747276306,0.3472000062465668
YKL087C,YLR145W,0,-6.122064,0.13434696197509766,0.5389999747276306,0.3472999930381775
YOR087W,YNL152W,0,-6.122108,0.13431347906589508,0.5389999747276306,0.3474000096321106
YHR046C,YPL179W,1,-6.1221485,0.13452914357185364,0.5400000214576721,0.3474000096321106
YHR166C,YFL035C-B,0,-6.1222816,0.13449564576148987,0.5400000214576721,0.3474999964237213
YNL275W,YER003C,0,-6.1222854,0.1344621479511261,0.5400000214576721,0.3476000130176544
YER133W,YIL113W,1,-6.122287,0.13467761874198914,0.5410000085830688,0.3476000130176544
YOR301W,YOR192C-A,0,-6.1223054,0.13464410603046417,0.5410000085830688,0.34769999980926514
YBR058C-A,YIL091C,0,-6.1223807,0.1346105933189392,0.5410000085830688,0.34779998660087585
YCR097W,YIL153W,0,-6.1224046,0.13457711040973663,0.5410000085830688,0.34790000319480896
YGR271W,YGR161W-A,0,-6.122638,0.13454364240169525,0.5410000085830688,0.3479999899864197
YER070W,YNL046W,0,-6.122735,0.13451018929481506,0.5410000085830688,0.3481000065803528
YLR411W,YBR213W,0,-6.122921,0.13447676599025726,0.5410000085830688,0.3481999933719635
YCL026C-B,YDL013W,0,-6.1232333,0.13444334268569946,0.5410000085830688,0.3483000099658966
YDR037W,YBL030C,0,-6.123573,0.13440993428230286,0.5410000085830688,0.3483999967575073
YDR057W,YHR138C,0,-6.1236386,0.13437655568122864,0.5410000085830688,0.34850001335144043
YMR156C,YKR053C,1,-6.123654,0.1345915049314499,0.5419999957084656,0.34850001335144043
YOR348C,YOL092W,0,-6.123818,0.13455809652805328,0.5419999957084656,0.34860000014305115
YNL267W,YGL039W,0,-6.1239014,0.13452470302581787,0.5419999957084656,0.34869998693466187
YMR153W,YJL004C,0,-6.1241965,0.13449130952358246,0.5419999957084656,0.34880000352859497
YGR090W,YLR410W-B,0,-6.124211,0.13445794582366943,0.5419999957084656,0.3488999903202057
YOR187W,YDR210C-C,0,-6.124232,0.1344245970249176,0.5419999957084656,0.3490000069141388
YKR063C,YJL128C,0,-6.1243634,0.13439127802848816,0.5419999957084656,0.3490999937057495
YHR043C,YMR087W,1,-6.1243863,0.13460585474967957,0.5429999828338623,0.3490999937057495
YMR308C,YOR142W-A,0,-6.1244645,0.13457249104976654,0.5429999828338623,0.3492000102996826
YOR202W,YHR030C,0,-6.1245246,0.1345391422510147,0.5429999828338623,0.34929999709129333
YFR036W,YHR147C,0,-6.124576,0.13450582325458527,0.5429999828338623,0.34940001368522644
YDR316W,YOR149C,0,-6.124603,0.13447250425815582,0.5429999828338623,0.34950000047683716
YGL192W,YPL236C,0,-6.124801,0.13443921506404877,0.5429999828338623,0.3495999872684479
YOR202W,YPR083W,0,-6.125138,0.1344059407711029,0.5429999828338623,0.349700003862381
YDR457W,YBR058C-A,0,-6.125277,0.13437268137931824,0.5429999828338623,0.3497999906539917
YDL134C,YKR053C,1,-6.1253886,0.13458684086799622,0.5440000295639038,0.3497999906539917
YCL012W,YAL038W,0,-6.1255903,0.13455355167388916,0.5440000295639038,0.3499000072479248
YGR078C,YLR234W,0,-6.125627,0.1345202773809433,0.5440000295639038,0.3499999940395355
YNL073W,YER120W,0,-6.125651,0.13448701798915863,0.5440000295639038,0.35010001063346863
YNL062C,YBL063W,0,-6.1258135,0.13445378839969635,0.5440000295639038,0.35019999742507935
YOR245C,YDR485C,0,-6.1258354,0.13442055881023407,0.5440000295639038,0.35030001401901245
YAL060W,YHL017W,0,-6.125915,0.13438735902309418,0.5440000295639038,0.35040000081062317
YPR008W,YPR151C,0,-6.1259947,0.13435415923595428,0.5440000295639038,0.3504999876022339
YNL239W,YBL010C,0,-6.126163,0.13432098925113678,0.5440000295639038,0.350600004196167
YOR191W,YNL024C,0,-6.126192,0.13428783416748047,0.5440000295639038,0.3506999909877777
YDL013W,YOR056C,0,-6.1266904,0.13425469398498535,0.5440000295639038,0.3508000075817108
YGR009C,YOR192C-A,0,-6.126726,0.13422156870365143,0.5440000295639038,0.35089999437332153
YHR113W,YPL158C,0,-6.1268516,0.1341884583234787,0.5440000295639038,0.35100001096725464
YDR337W,YML040W,0,-6.1268744,0.13415536284446716,0.5440000295639038,0.35109999775886536
YKR058W,YCR020C-A,0,-6.126951,0.13412228226661682,0.5440000295639038,0.35120001435279846
YEL015W,YJR045C,0,-6.126987,0.13408923149108887,0.5440000295639038,0.3513000011444092
YNL280C,YDR464W,0,-6.1270123,0.1340561807155609,0.5440000295639038,0.3513999879360199
YAL020C,YIR010W,0,-6.1270933,0.13402315974235535,0.5440000295639038,0.351500004529953
YDR041W,YDR261W-A,0,-6.1271067,0.13399015367031097,0.5440000295639038,0.3515999913215637
YNR074C,YDR459C,0,-6.1274257,0.1339571475982666,0.5440000295639038,0.3517000079154968
YDR308C,YDR210C-D,0,-6.1275926,0.13392417132854462,0.5440000295639038,0.35179999470710754
YFR034C,YLR070C,0,-6.1275992,0.13389120995998383,0.5440000295639038,0.35190001130104065
YGL212W,YDR486C,0,-6.1278186,0.13385826349258423,0.5440000295639038,0.35199999809265137
YNL262W,YDR362C,0,-6.1279483,0.13382533192634583,0.5440000295639038,0.3521000146865845
YGL256W,YJR028W,0,-6.12797,0.1337924301624298,0.5440000295639038,0.3522000014781952
YGL247W,YNL083W,0,-6.1279874,0.1337595283985138,0.5440000295639038,0.3522999882698059
YIL093C,YDR476C,0,-6.128104,0.13372664153575897,0.5440000295639038,0.352400004863739
YHR191C,YPL126W,0,-6.128119,0.13369378447532654,0.5440000295639038,0.35249999165534973
YJR104C,YPL175W,0,-6.1281953,0.1336609274148941,0.5440000295639038,0.35260000824928284
YPL076W,YER082C,0,-6.128206,0.13362810015678406,0.5440000295639038,0.35269999504089355
YLR347C,YOR140W,0,-6.128295,0.1335952877998352,0.5440000295639038,0.35280001163482666
YDR422C,YDR058C,0,-6.1284156,0.13356249034404755,0.5440000295639038,0.3528999984264374
YHR099W,YEL004W,0,-6.128428,0.13352970778942108,0.5440000295639038,0.3529999852180481
YDR284C,YDR503C,1,-6.1286616,0.1337423324584961,0.5450000166893005,0.3529999852180481
YOR172W,YLR426W,0,-6.128698,0.13370952010154724,0.5450000166893005,0.3531000018119812
YFR044C,YBR181C,0,-6.128759,0.13367672264575958,0.5450000166893005,0.3531999886035919
YNL136W,YPR083W,0,-6.128939,0.13364394009113312,0.5450000166893005,0.353300005197525
YAL005C,YLR126C,0,-6.1294694,0.13361117243766785,0.5450000166893005,0.35339999198913574
YFR036W,YNL051W,0,-6.129498,0.13357843458652496,0.5450000166893005,0.35350000858306885
YFL011W-A,YBR045C,0,-6.129605,0.13354569673538208,0.5450000166893005,0.35359999537467957
YER108C,YPR133C,0,-6.129637,0.13351298868656158,0.5450000166893005,0.35370001196861267
YGR161C,YMR261C,1,-6.1296883,0.13372519612312317,0.5460000038146973,0.35370001196861267
YML007W,YPR158C-C,0,-6.129791,0.13369245827198029,0.5460000038146973,0.3537999987602234
YIL114C,YOL103W-A,0,-6.1298122,0.1336597353219986,0.5460000038146973,0.3538999855518341
YBR029C,YDR492W,0,-6.1298127,0.1336270123720169,0.5460000038146973,0.3540000021457672
YDR226W,YHL009C,0,-6.1298943,0.1335943192243576,0.5460000038146973,0.35409998893737793
YLR019W,YDR074W,1,-6.129896,0.1338062584400177,0.546999990940094,0.35409998893737793
YHR133C,YPL009C,0,-6.1299367,0.133773535490036,0.546999990940094,0.35420000553131104
YFL060C,YHR014W,0,-6.1301107,0.13374082744121552,0.546999990940094,0.35429999232292175
YDL102W,YAL042W,0,-6.1301665,0.1337081342935562,0.546999990940094,0.35440000891685486
YMR072W,YMR070W,0,-6.1302238,0.1336754709482193,0.546999990940094,0.3544999957084656
YJR160C,YNL246W,0,-6.1302676,0.13364280760288239,0.546999990940094,0.3546000123023987
YDL046W,YKR087C,0,-6.1303606,0.13361015915870667,0.546999990940094,0.3546999990940094
YCR044C,YLR064W,0,-6.130385,0.13357754051685333,0.546999990940094,0.3547999858856201
YHR057C,YMR122W-A,0,-6.130409,0.133544921875,0.546999990940094,0.3549000024795532
YDR022C,YDL019C,0,-6.1304965,0.13351233303546906,0.546999990940094,0.35499998927116394
YDL245C,YER148W,0,-6.130638,0.1334797441959381,0.546999990940094,0.35510000586509705
YBL030C,YHL012W,0,-6.130996,0.13344718515872955,0.546999990940094,0.35519999265670776
YNL219C,YGR087C,0,-6.1310596,0.1334146410226822,0.546999990940094,0.35530000925064087
YOL062C,YGR111W,0,-6.1310887,0.13338209688663483,0.546999990940094,0.3553999960422516
YNR032W,YJL098W,1,-6.1311893,0.1335933655500412,0.5479999780654907,0.3553999960422516
YER164W,YBR073W,0,-6.131411,0.13356080651283264,0.5479999780654907,0.3555000126361847
YFR055W,YKL088W,0,-6.1314435,0.13352826237678528,0.5479999780654907,0.3555999994277954
YLR226W,YKL051W,0,-6.1317525,0.1334957331418991,0.5479999780654907,0.35569998621940613
YNL209W,YDR261C-D,0,-6.131799,0.13346321880817413,0.5479999780654907,0.35580000281333923
YHR015W,YDL246C,0,-6.1318126,0.13343073427677155,0.5479999780654907,0.35589998960494995
YCR091W,YML085C,0,-6.1318502,0.13339824974536896,0.5479999780654907,0.35600000619888306
YPL098C,YPL060C-A,0,-6.1321163,0.13336578011512756,0.5479999780654907,0.3560999929904938
YLR308W,YBR130C,0,-6.1325307,0.13333334028720856,0.5479999780654907,0.3562000095844269
YJR006W,YOL103W-A,0,-6.1326237,0.13330090045928955,0.5479999780654907,0.3562999963760376
YNL149C,YHR017W,0,-6.132688,0.13326847553253174,0.5479999780654907,0.3564000129699707
YGR057C,YCR016W,0,-6.13338,0.1332360804080963,0.5479999780654907,0.3564999997615814
YHR215W,YLR019W,1,-6.133474,0.13344676792621613,0.5490000247955322,0.3564999997615814
YDR162C,YOR060C,0,-6.1334825,0.1334143429994583,0.5490000247955322,0.35659998655319214
YJR137C,YLL067C,0,-6.133536,0.1333819180727005,0.5490000247955322,0.35670000314712524
YOR217W,YDR368W,0,-6.133763,0.13334952294826508,0.5490000247955322,0.35679998993873596
YLR097C,YEL032W,0,-6.1338367,0.13331714272499084,0.5490000247955322,0.35690000653266907
YJL167W,YLR205C,0,-6.133928,0.1332847774028778,0.5490000247955322,0.3569999933242798
YBR090C-A,YDL150W,0,-6.1339836,0.13325242698192596,0.5490000247955322,0.3571000099182129
YCR044C,YDR261W-B,0,-6.1341033,0.13322009146213531,0.5490000247955322,0.3571999967098236
YKL110C,YKL126W,0,-6.134116,0.13318777084350586,0.5490000247955322,0.3573000133037567
YOL064C,YLL010C,1,-6.1342597,0.13339801132678986,0.550000011920929,0.3573000133037567
YGR097W,YJL116C,0,-6.1343417,0.133365660905838,0.550000011920929,0.35740000009536743
YJR088C,YMR295C,0,-6.1344476,0.13333334028720856,0.550000011920929,0.35749998688697815
YNL101W,YGL053W,0,-6.134542,0.1333010196685791,0.550000011920929,0.35760000348091125
YDL014W,YHR039C-A,0,-6.1345477,0.13326871395111084,0.550000011920929,0.357699990272522
YJL071W,YLL043W,0,-6.134916,0.13323643803596497,0.550000011920929,0.3578000068664551
YOL110W,YOL034W,0,-6.1349964,0.1332041621208191,0.550000011920929,0.3578999936580658
YMR015C,YPR078C,0,-6.135019,0.1331719160079956,0.550000011920929,0.3580000102519989
YLR314C,YDR246W,0,-6.1350255,0.13313966989517212,0.550000011920929,0.3580999970436096
YGR123C,YER089C,1,-6.135124,0.1333494633436203,0.5509999990463257,0.3580999970436096
YNR020C,YGL174W,0,-6.135167,0.13331720232963562,0.5509999990463257,0.3582000136375427
YBR068C,YLR256W-A,0,-6.1352024,0.13328495621681213,0.5509999990463257,0.35830000042915344
YKL190W,YNL032W,1,-6.13524,0.1334945559501648,0.5519999861717224,0.35830000042915344
YER133W,YDL230W,1,-6.1354246,0.1337040662765503,0.5529999732971191,0.35830000042915344
YBR130C,YIL011W,0,-6.135488,0.13367174565792084,0.5529999732971191,0.35839998722076416
YCL039W,YER002W,0,-6.135531,0.13363943994045258,0.5529999732971191,0.35850000381469727
YBR288C,YPL063W,0,-6.135635,0.1336071491241455,0.5529999732971191,0.358599990606308
YFR019W,YIL070C,0,-6.1356597,0.13357487320899963,0.5529999732971191,0.3587000072002411
YLR221C,YDR457W,0,-6.1357403,0.13354262709617615,0.5529999732971191,0.3587999939918518
YDR264C,YHL022C,0,-6.135761,0.13351038098335266,0.5529999732971191,0.3589000105857849
YDL077C,YOR396W,0,-6.135876,0.13347814977169037,0.5529999732971191,0.35899999737739563
YOR157C,YPL122C,0,-6.1359525,0.13344594836235046,0.5529999732971191,0.35910001397132874
YOR245C,YCL026C-B,0,-6.135978,0.13341374695301056,0.5529999732971191,0.35920000076293945
YOL052C,YDR196C,0,-6.1361976,0.13338157534599304,0.5529999732971191,0.35929998755455017
YMR025W,YOR075W,0,-6.136214,0.13334940373897552,0.5529999732971191,0.3594000041484833
YOL111C,YHR214C-C,0,-6.136386,0.1333172619342804,0.5529999732971191,0.359499990940094
YPL240C,YML065W,0,-6.136421,0.13328513503074646,0.5529999732971191,0.3596000075340271
YGR099W,YOR285W,0,-6.136623,0.13325300812721252,0.5529999732971191,0.3596999943256378
YGL219C,YER018C,0,-6.136658,0.13322091102600098,0.5529999732971191,0.3598000109195709
YDL102W,YKR096W,0,-6.136697,0.13318882882595062,0.5529999732971191,0.35989999771118164
YPR138C,YPR137C-A,0,-6.136788,0.13315676152706146,0.5529999732971191,0.36000001430511475
YCR048W,YFR036W,0,-6.136888,0.1331246942281723,0.5529999732971191,0.36010000109672546
YGL037C,YGR056W,0,-6.137094,0.13309265673160553,0.5529999732971191,0.3601999878883362
YOR144C,YMR220W,0,-6.137197,0.13306063413619995,0.5529999732971191,0.3603000044822693
YOR126C,YBR105C,0,-6.1372533,0.13302862644195557,0.5529999732971191,0.36039999127388
YIL037C,YOR344C,0,-6.1375356,0.13299663364887238,0.5529999732971191,0.3605000078678131
YDR471W,YCR029C-A,0,-6.1375575,0.13296465575695038,0.5529999732971191,0.36059999465942383
YBR297W,YGL231C,0,-6.1377034,0.13293269276618958,0.5529999732971191,0.36070001125335693
YLR109W,YJL012C-A,0,-6.1378617,0.13290074467658997,0.5529999732971191,0.36079999804496765
YNL038W,YDL012C,0,-6.137934,0.13286881148815155,0.5529999732971191,0.36090001463890076
YDL093W,YIL127C,0,-6.138042,0.13283689320087433,0.5529999732971191,0.3610000014305115
YLL004W,YJR049C,0,-6.1381702,0.1328049898147583,0.5529999732971191,0.3610999882221222
YOL003C,YIL022W,0,-6.138215,0.13277311623096466,0.5529999732971191,0.3612000048160553
YOR143C,YPL060C-A,0,-6.1384788,0.13274124264717102,0.5529999732971191,0.361299991607666
YBR090C-A,YCR033W,0,-6.138634,0.13270938396453857,0.5529999732971191,0.3614000082015991
YPL013C,YKL009W,0,-6.1387773,0.13267754018306732,0.5529999732971191,0.36149999499320984
YDR099W,YJL012C-A,0,-6.1388526,0.13264571130275726,0.5529999732971191,0.36160001158714294
YML116W,YER019C-A,0,-6.1389127,0.1326139122247696,0.5529999732971191,0.36169999837875366
YJR139C,YGL010W,0,-6.139467,0.13258211314678192,0.5529999732971191,0.3617999851703644
YGL225W,YDR365W-B,0,-6.139557,0.13255032896995544,0.5529999732971191,0.3619000017642975
YOR065W,YCR077C,0,-6.1395626,0.13251857459545135,0.5529999732971191,0.3619999885559082
YCL055W,YNR013C,0,-6.139797,0.13248682022094727,0.5529999732971191,0.3621000051498413
YNL209W,YPL009C,0,-6.1399126,0.13245509564876556,0.5529999732971191,0.362199991941452
YPL007C,YDR453C,0,-6.140142,0.13242337107658386,0.5529999732971191,0.36230000853538513
YHR082C,YKL055C,0,-6.140372,0.13239166140556335,0.5529999732971191,0.36239999532699585
YLL016W,YPR063C,0,-6.140452,0.13235998153686523,0.5529999732971191,0.36250001192092896
YFR028C,YDR436W,1,-6.14047,0.1325675994157791,0.5540000200271606,0.36250001192092896
YLR205C,YPR158C-C,0,-6.14055,0.1325358897447586,0.5540000200271606,0.3625999987125397
YFR037C,YKL077W,0,-6.1406965,0.1325041800737381,0.5540000200271606,0.3626999855041504
YMR075W,YOL129W,0,-6.140732,0.13247250020503998,0.5540000200271606,0.3628000020980835
YLR439W,YMR079W,0,-6.1407485,0.13244083523750305,0.5540000200271606,0.3628999888896942
YOR243C,YCL045C,0,-6.140908,0.13240918517112732,0.5540000200271606,0.3630000054836273
YPL228W,YNL032W,1,-6.1409216,0.13261649012565613,0.5550000071525574,0.3630000054836273
YMR042W,YLR256W-A,0,-6.1409516,0.132584810256958,0.5550000071525574,0.36309999227523804
YDR368W,YLR121C,0,-6.140959,0.13255314528942108,0.5550000071525574,0.36320000886917114
YDR414C,YPR158C-C,0,-6.1412053,0.13252149522304535,0.5550000071525574,0.36329999566078186
YIL072W,YIL027C,0,-6.141248,0.1324898600578308,0.5550000071525574,0.36340001225471497
YIL103W,YGR087C,0,-6.141303,0.13245823979377747,0.5550000071525574,0.3634999990463257
YGL131C,YPL236C,0,-6.1415043,0.13242663443088531,0.5550000071525574,0.3635999858379364
YGR267C,YJR002W,0,-6.1415677,0.13239504396915436,0.5550000071525574,0.3637000024318695
YDL044C,YDR105C,0,-6.141591,0.1323634684085846,0.5550000071525574,0.3637999892234802
YKL074C,YGR012W,0,-6.141702,0.13233190774917603,0.5550000071525574,0.36390000581741333
YHL015W,YLR050C,0,-6.141857,0.13230036199092865,0.5550000071525574,0.36399999260902405
YMR318C,YLR187W,0,-6.1418977,0.13226883113384247,0.5550000071525574,0.36410000920295715
YMR277W,YNL032W,1,-6.142027,0.1324755847454071,0.5559999942779541,0.36410000920295715
YPL180W,YML001W,0,-6.1421084,0.13244402408599854,0.5559999942779541,0.36419999599456787
YLR328W,YDR316W-A,0,-6.142199,0.13241247832775116,0.5559999942779541,0.364300012588501
YOR064C,YML037C,0,-6.142388,0.13238094747066498,0.5559999942779541,0.3643999993801117
YNL297C,YDR316W-A,0,-6.1424108,0.13234944641590118,0.5559999942779541,0.3644999861717224
YLR044C,YLR157C-B,0,-6.1425796,0.1323179453611374,0.5559999942779541,0.3646000027656555
YER145C,YIL067C,0,-6.1426883,0.1322864592075348,0.5559999942779541,0.36469998955726624
YGL090W,YOR242C,0,-6.142696,0.13225498795509338,0.5559999942779541,0.36480000615119934
YHR074W,YBR049C,0,-6.142957,0.13222354650497437,0.5559999942779541,0.36489999294281006
YNL225C,YPR137C-A,0,-6.1432137,0.13219210505485535,0.5559999942779541,0.36500000953674316
YDR337W,YMR233W,0,-6.1433344,0.13216067850589752,0.5559999942779541,0.3650999963283539
YBR288C,YNL318C,0,-6.1434693,0.13212928175926208,0.5559999942779541,0.365200012922287
YDR411C,YOR328W,0,-6.143492,0.13209788501262665,0.5559999942779541,0.3652999997138977
YML126C,YOR038C,0,-6.1436486,0.1320665031671524,0.5559999942779541,0.3653999865055084
YDR178W,YPL124W,0,-6.143657,0.13203515112400055,0.5559999942779541,0.36550000309944153
YOR202W,YDR160W,0,-6.1437607,0.1320037990808487,0.5559999942779541,0.36559998989105225
YOR284W,YLL016W,0,-6.143893,0.13197246193885803,0.5559999942779541,0.36570000648498535
YKR061W,YCR024C-A,0,-6.1440115,0.13194115459918976,0.5559999942779541,0.36579999327659607
YHL007C,YDR210W-A,0,-6.1440167,0.13190984725952148,0.5559999942779541,0.3659000098705292
YJL176C,YHR196W,0,-6.144096,0.1318785548210144,0.5559999942779541,0.3659999966621399
YHR073W,YOL115W,0,-6.144098,0.1318472921848297,0.5559999942779541,0.366100013256073
YBR256C,YHR163W,0,-6.1441293,0.13181602954864502,0.5559999942779541,0.3662000000476837
YPL179W,YLR019W,1,-6.1441903,0.13202179968357086,0.5569999814033508,0.3662000000476837
YNL287W,YPR004C,0,-6.144262,0.13199052214622498,0.5569999814033508,0.36629998683929443
YHR026W,YDL235C,0,-6.1445727,0.1319592446088791,0.5569999814033508,0.36640000343322754
YDL198C,YLL057C,0,-6.14458,0.1319279968738556,0.5569999814033508,0.36649999022483826
YJR093C,YHL025W,0,-6.1446123,0.1318967491388321,0.5569999814033508,0.36660000681877136
YDR145W,YLL040C,0,-6.1449227,0.13186553120613098,0.5569999814033508,0.3666999936103821
YLR453C,YDR210W-A,0,-6.1449466,0.13183431327342987,0.5569999814033508,0.3668000102043152
YNR032W,YMR156C,1,-6.1451063,0.13203975558280945,0.5580000281333923,0.3668000102043152
YDL087C,YGL092W,0,-6.1451087,0.13200852274894714,0.5580000281333923,0.3668999969959259
YAL021C,YGL200C,0,-6.1451097,0.13197728991508484,0.5580000281333923,0.367000013589859
YGL021W,YDL202W,0,-6.145185,0.13194608688354492,0.5580000281333923,0.3671000003814697
YDR016C,YAL007C,0,-6.1454196,0.1319148987531662,0.5580000281333923,0.36719998717308044
YDR496C,YDL012C,0,-6.145465,0.13188371062278748,0.5580000281333923,0.36730000376701355
YJR060W,YIL085C,0,-6.146099,0.13185255229473114,0.5580000281333923,0.36739999055862427
YLR353W,YBR126C,0,-6.1461873,0.131821408867836,0.5580000281333923,0.3675000071525574
YDR508C,YLR256W-A,0,-6.146215,0.13179026544094086,0.5580000281333923,0.3675999939441681
YKL046C,YDR175C,0,-6.146381,0.1317591518163681,0.5580000281333923,0.3677000105381012
YBR098W,YNL102W,0,-6.1465306,0.13172803819179535,0.5580000281333923,0.3677999973297119
YGL194C,YER112W,0,-6.146569,0.13169695436954498,0.5580000281333923,0.367900013923645
YIL005W,YPR106W,0,-6.146614,0.1316658854484558,0.5580000281333923,0.36800000071525574
YPL194W,YDR175C,0,-6.146656,0.13163481652736664,0.5580000281333923,0.36809998750686646
YNL252C,YGL225W,0,-6.1467032,0.13160377740859985,0.5580000281333923,0.36820000410079956
YNL267W,YPR191W,0,-6.146742,0.13157273828983307,0.5580000281333923,0.3682999908924103
YPR029C,YDR247W,0,-6.1467586,0.13154172897338867,0.5580000281333923,0.3684000074863434
YPL117C,YDL159W,0,-6.1469693,0.13151071965694427,0.5580000281333923,0.3684999942779541
YML086C,YDR059C,0,-6.1472087,0.13147974014282227,0.5580000281333923,0.3686000108718872
YPR021C,YNL080C,0,-6.1472807,0.13144876062870026,0.5580000281333923,0.3686999976634979
YMR246W,YOR292C,0,-6.1473866,0.13141781091690063,0.5580000281333923,0.36880001425743103
YMR097C,YDR150W,0,-6.147432,0.131386861205101,0.5580000281333923,0.36890000104904175
YDR402C,YGR081C,0,-6.1474795,0.13135592639446259,0.5580000281333923,0.36899998784065247
YBR022W,YLR019W,1,-6.147515,0.13156037032604218,0.5590000152587891,0.36899998784065247
YER041W,YDR034C-D,0,-6.147568,0.13152940571308136,0.5590000152587891,0.36910000443458557
YCL051W,YER151C,0,-6.1476483,0.13149847090244293,0.5590000152587891,0.3691999912261963
YOR290C,YGR161W-A,0,-6.1477795,0.1314675509929657,0.5590000152587891,0.3693000078201294
YLR015W,YBR019C,0,-6.1479,0.13143663108348846,0.5590000152587891,0.3693999946117401
YHR165C,YIL143C,0,-6.148209,0.13140574097633362,0.5590000152587891,0.3695000112056732
YJL103C,YIL023C,0,-6.1483355,0.13137485086917877,0.5590000152587891,0.36959999799728394
YDL106C,YPL066W,0,-6.1484714,0.1313439905643463,0.5590000152587891,0.36970001459121704
YCL048W,YOR396W,0,-6.1485066,0.13131313025951385,0.5590000152587891,0.36980000138282776
YIL062C,YGL244W,0,-6.148529,0.1312822848558426,0.5590000152587891,0.3698999881744385
YKL158W,YLR170C,0,-6.149158,0.1312514692544937,0.5590000152587891,0.3700000047683716
YOR099W,YGR199W,0,-6.1491814,0.13122065365314484,0.5590000152587891,0.3700999915599823
YLL010C,YKR028W,1,-6.149547,0.13142454624176025,0.5600000023841858,0.3700999915599823
YKL130C,YDR103W,0,-6.149751,0.13139371573925018,0.5600000023841858,0.3702000081539154
YBR093C,YNL217W,1,-6.1498103,0.13159745931625366,0.5609999895095825,0.3702000081539154
YMR264W,YKL165C,0,-6.1498246,0.1315665990114212,0.5609999895095825,0.3702999949455261
YLL061W,YBR295W,0,-6.149845,0.13153575360774994,0.5609999895095825,0.37040001153945923
YGL086W,YJR004C,0,-6.1499047,0.13150492310523987,0.5609999895095825,0.37049999833106995
YDR226W,YPL195W,0,-6.1500263,0.131474107503891,0.5609999895095825,0.37059998512268066
YDR478W,YMR114C,0,-6.150067,0.13144329190254211,0.5609999895095825,0.37070000171661377
YBR023C,YDR186C,0,-6.1501927,0.13141250610351562,0.5609999895095825,0.3707999885082245
YBR207W,YHR152W,0,-6.1503973,0.13138173520565033,0.5609999895095825,0.3709000051021576
YJL061W,YOR343W-B,0,-6.150485,0.13135096430778503,0.5609999895095825,0.3709999918937683
YBR022W,YIL053W,1,-6.1508384,0.13155430555343628,0.5619999766349792,0.3709999918937683
YHL032C,YML103C,0,-6.150912,0.1315235197544098,0.5619999766349792,0.3711000084877014
YKL022C,YDL153C,0,-6.151126,0.1314927488565445,0.5619999766349792,0.37119999527931213
YLR027C,YBL047C,0,-6.1514463,0.1314619928598404,0.5619999766349792,0.37130001187324524
YOR101W,YHR039C-A,0,-6.1514935,0.1314312368631363,0.5619999766349792,0.37139999866485596
YDR214W,YNL154C,0,-6.151543,0.13140051066875458,0.5619999766349792,0.3714999854564667
YMR073C,YLR193C,0,-6.151614,0.13136979937553406,0.5619999766349792,0.3716000020503998
YER028C,YJR068W,0,-6.1517305,0.13133910298347473,0.5619999766349792,0.3716999888420105
YKR028W,YDR074W,1,-6.151743,0.13154205679893494,0.5630000233650208,0.3716999888420105
YFR025C,YMR165C,1,-6.15179,0.13174492120742798,0.5640000104904175,0.3716999888420105
YNL256W,YLR272C,0,-6.1518493,0.13171415030956268,0.5640000104904175,0.3718000054359436
YHR190W,YJR135C,0,-6.152059,0.13168339431285858,0.5640000104904175,0.3718999922275543
YNR013C,YDR233C,0,-6.1521072,0.13165266811847687,0.5640000104904175,0.3720000088214874
YGL201C,YDL135C,0,-6.1521297,0.13162194192409515,0.5640000104904175,0.37209999561309814
YBR200W,YKL003C,0,-6.152345,0.13159123063087463,0.5640000104904175,0.37220001220703125
YIL029C,YJR088C,0,-6.152433,0.1315605342388153,0.5640000104904175,0.37229999899864197
YDR140W,YNL115C,0,-6.152448,0.13152985274791718,0.5640000104904175,0.3723999857902527
YDR040C,YGL198W,0,-6.1525083,0.13149918615818024,0.5640000104904175,0.3725000023841858
YPL170W,YGL067W,0,-6.1525903,0.1314685344696045,0.5640000104904175,0.3725999891757965
YBR281C,YOR178C,0,-6.1526504,0.13143789768218994,0.5640000104904175,0.3727000057697296
YBR237W,YEL002C,0,-6.1526875,0.13140727579593658,0.5640000104904175,0.37279999256134033
YDL059C,YKL203C,0,-6.152749,0.13137665390968323,0.5640000104904175,0.37290000915527344
YKL097W-A,YGR008C,0,-6.152757,0.13134606182575226,0.5640000104904175,0.37299999594688416
YGL241W,YPR190C,0,-6.152762,0.13131548464298248,0.5640000104904175,0.37310001254081726
YPL200W,YKL205W,0,-6.152979,0.1312849223613739,0.5640000104904175,0.373199999332428
YAL044C,YGL048C,0,-6.1533933,0.13125436007976532,0.5640000104904175,0.3732999861240387
YOR257W,YGR144W,0,-6.153496,0.13122382760047913,0.5640000104904175,0.3734000027179718
YIL173W,YPR096C,0,-6.1535068,0.13119329512119293,0.5640000104904175,0.3734999895095825
YBR276C,YLL010C,1,-6.1536317,0.1313953548669815,0.5649999976158142,0.3734999895095825
YMR089C,YGR161W-B,0,-6.1537404,0.13136479258537292,0.5649999976158142,0.3736000061035156
YBR287W,YHR045W,0,-6.1537533,0.13133426010608673,0.5649999976158142,0.37369999289512634
YDR446W,YMR286W,0,-6.1538653,0.13130374252796173,0.5649999976158142,0.37380000948905945
YBR297W,YGR240C,0,-6.1539054,0.13127323985099792,0.5649999976158142,0.37389999628067017
YOL141W,YER041W,0,-6.153972,0.13124273717403412,0.5649999976158142,0.37400001287460327
YPR073C,YGR123C,1,-6.1540895,0.13144449889659882,0.5659999847412109,0.37400001287460327
YLR107W,YAL005C,0,-6.1541824,0.13141398131847382,0.5659999847412109,0.374099999666214
YBR017C,YMR045C,0,-6.1542583,0.13138347864151,0.5659999847412109,0.3741999864578247
YBR145W,YOR250C,0,-6.154362,0.1313529759645462,0.5659999847412109,0.3743000030517578
YCR021C,YNR061C,0,-6.1543994,0.13132250308990479,0.5659999847412109,0.37439998984336853
YNL084C,YER087C-B,0,-6.1545367,0.13129204511642456,0.5659999847412109,0.37450000643730164
YOR034C,YNL103W,0,-6.154799,0.13126160204410553,0.5659999847412109,0.37459999322891235
YOR201C,YMR308C,0,-6.1548967,0.1312311589717865,0.5659999847412109,0.37470000982284546
YGR161C,YNL032W,1,-6.1549444,0.13143254816532135,0.5669999718666077,0.37470000982284546
YBR182C,YHR214C-C,0,-6.1549664,0.13140209019184113,0.5669999718666077,0.3747999966144562
YNL014W,YGR283C,0,-6.1549687,0.1313716471195221,0.5669999718666077,0.3749000132083893
YNL233W,YAL008W,0,-6.15531,0.13134120404720306,0.5669999718666077,0.375
YHR005C,YDR261W-A,0,-6.1553893,0.13131079077720642,0.5669999718666077,0.3750999867916107
YNL136W,YPL180W,0,-6.1554255,0.13128039240837097,0.5669999718666077,0.3752000033855438
YMR043W,YOR294W,0,-6.155566,0.13124999403953552,0.5669999718666077,0.37529999017715454
YIL132C,YNL117W,0,-6.155656,0.13121962547302246,0.5669999718666077,0.37540000677108765
YPR135W,YDR400W,0,-6.1557136,0.1311892569065094,0.5669999718666077,0.37549999356269836
YBR280C,YPL157W,0,-6.1558785,0.13115891814231873,0.5669999718666077,0.37560001015663147
YER068W,YLR157C-B,0,-6.155896,0.13112857937812805,0.5669999718666077,0.3756999969482422
YPR021C,YDL202W,0,-6.156022,0.13109827041625977,0.5669999718666077,0.3758000135421753
YDR330W,YPR158C-C,0,-6.1560235,0.13106796145439148,0.5669999718666077,0.375900000333786
YHR076W,YKR028W,1,-6.156052,0.13126878440380096,0.5680000185966492,0.375900000333786
YNL066W,YHR117W,0,-6.156091,0.1312384456396103,0.5680000185966492,0.37599998712539673
YLR447C,YPR107C,0,-6.1563644,0.131208136677742,0.5680000185966492,0.37610000371932983
YDR503C,YGR161C,1,-6.156596,0.13140878081321716,0.5690000057220459,0.37610000371932983
YDR263C,YOR298C-A,0,-6.156804,0.1313784271478653,0.5690000057220459,0.37619999051094055
YNL292W,YDR098C-B,0,-6.15708,0.13134810328483582,0.5690000057220459,0.37630000710487366
YGL066W,YNL121C,0,-6.1572657,0.13131779432296753,0.5690000057220459,0.3763999938964844
YIL009C-A,YMR163C,0,-6.1576304,0.13128750026226044,0.5690000057220459,0.3765000104904175
YPR020W,YLR013W,0,-6.157717,0.13125720620155334,0.5690000057220459,0.3765999972820282
YKR090W,YDR316W-A,0,-6.158053,0.13122694194316864,0.5690000057220459,0.3767000138759613
YBR182C,YJL118W,0,-6.158097,0.13119667768478394,0.5690000057220459,0.376800000667572
YER159C,YOR245C,0,-6.158219,0.13116644322872162,0.5690000057220459,0.37689998745918274
YKR052C,YPR158W-B,0,-6.1582217,0.1311362087726593,0.5690000057220459,0.37700000405311584
YBR301W,YPR156C,0,-6.1582294,0.13110598921775818,0.5690000057220459,0.37709999084472656
YKL201C,YGL259W,0,-6.1583014,0.13107578456401825,0.5690000057220459,0.37720000743865967
YOL103W,YDL185W,0,-6.1585517,0.13104559481143951,0.5690000057220459,0.3772999942302704
YNL232W,YKL048C,0,-6.1588683,0.13101541996002197,0.5690000057220459,0.3774000108242035
YPR093C,YLR308W,0,-6.1589074,0.13098526000976562,0.5690000057220459,0.3774999976158142
YER147C,YOL103W-A,0,-6.1589403,0.13095511496067047,0.5690000057220459,0.3776000142097473
YOR355W,YOR192C-A,0,-6.159067,0.1309249848127365,0.5690000057220459,0.37770000100135803
YDR296W,YMR091C,0,-6.159163,0.13089486956596375,0.5690000057220459,0.37779998779296875
YJR133W,YGR122W,0,-6.1591763,0.13086476922035217,0.5690000057220459,0.37790000438690186
YGR202C,YIL096C,0,-6.159353,0.1308346688747406,0.5690000057220459,0.3779999911785126
YNL051W,YFL017W-A,0,-6.1593666,0.13080459833145142,0.5690000057220459,0.3781000077724457
YNL130C,YDL216C,0,-6.159447,0.13077452778816223,0.5690000057220459,0.3781999945640564
YJL041W,YCR027C,0,-6.1594853,0.13074448704719543,0.5690000057220459,0.3783000111579895
YDR206W,YLL061W,0,-6.1595063,0.13071444630622864,0.5690000057220459,0.3783999979496002
YPL036W,YDR212W,0,-6.1597366,0.13068443536758423,0.5690000057220459,0.3785000145435333
YER001W,YGR112W,0,-6.159778,0.13065442442893982,0.5690000057220459,0.37860000133514404
YJL001W,YPL057C,0,-6.1598144,0.1306244283914566,0.5690000057220459,0.37869998812675476
YOR204W,YGL044C,0,-6.1599355,0.13059444725513458,0.5690000057220459,0.37880000472068787
YBL018C,YPL236C,0,-6.1599407,0.13056448101997375,0.5690000057220459,0.3788999915122986
YGL005C,YDR202C,0,-6.1599655,0.13053452968597412,0.5690000057220459,0.3790000081062317
YMR123W,YER098W,0,-6.159991,0.13050459325313568,0.5690000057220459,0.3790999948978424
YLR145W,YGR138C,0,-6.160055,0.13047465682029724,0.5690000057220459,0.3792000114917755
YOR101W,YML037C,0,-6.1601806,0.1304447501897812,0.5690000057220459,0.37929999828338623
YDR469W,YOR007C,0,-6.1605296,0.13041485846042633,0.5690000057220459,0.37940001487731934
YDR261C,YDR071C,0,-6.1605415,0.13038496673107147,0.5690000057220459,0.37950000166893005
YLR188W,YDL036C,0,-6.1605716,0.130355104804039,0.5690000057220459,0.37959998846054077
YGL222C,YKL178C,0,-6.1605897,0.13032524287700653,0.5690000057220459,0.3797000050544739
YCR027C,YNL213C,0,-6.160608,0.13029539585113525,0.5690000057220459,0.3797999918460846
YGR199W,YOR081C,0,-6.1606255,0.13026556372642517,0.5690000057220459,0.3799000084400177
YGL014W,YCL005W-A,0,-6.1607413,0.13023574650287628,0.5690000057220459,0.3799999952316284
YBL106C,YLR227W-A,0,-6.1609273,0.1302059441804886,0.5690000057220459,0.3801000118255615
YBL097W,YKL087C,0,-6.1611695,0.13017615675926208,0.5690000057220459,0.38019999861717224
YPL001W,YDR164C,0,-6.1613765,0.13014638423919678,0.5690000057220459,0.38029998540878296
YJL021C,YGR288W,0,-6.161387,0.13011662662029266,0.5690000057220459,0.38040000200271606
YFL001W,YLR301W,0,-6.1615605,0.13008688390254974,0.5690000057220459,0.3804999887943268
YHL016C,YER087C-A,0,-6.161567,0.13005714118480682,0.5690000057220459,0.3806000053882599
YNL264C,YDL122W,0,-6.1617026,0.1300274282693863,0.5690000057220459,0.3806999921798706
YER042W,YNL197C,0,-6.162034,0.12999771535396576,0.5690000057220459,0.3808000087738037
YGR057C,YOR047C,0,-6.1620517,0.12996801733970642,0.5690000057220459,0.38089999556541443
YKR083C,YMR146C,0,-6.1620564,0.12993834912776947,0.5690000057220459,0.38100001215934753
YMR168C,YPL060C-A,0,-6.162238,0.12990868091583252,0.5690000057220459,0.38109999895095825
YMR055C,YLR298C,0,-6.1622458,0.12987902760505676,0.5690000057220459,0.38119998574256897
YEL069C,YDR266C,0,-6.1625123,0.1298493891954422,0.5690000057220459,0.3813000023365021
YJL031C,YJL214W,0,-6.1628165,0.12981975078582764,0.5690000057220459,0.3813999891281128
YBR092C,YDL230W,1,-6.163047,0.13001824915409088,0.5699999928474426,0.3813999891281128
YDL045C,YLR051C,0,-6.1635423,0.12998859584331512,0.5699999928474426,0.3815000057220459
YIL046W,YER103W,0,-6.1639194,0.12995895743370056,0.5699999928474426,0.3815999925136566
YOL003C,YBR181C,0,-6.16419,0.1299293339252472,0.5699999928474426,0.3817000091075897
YDL149W,YDR119W,0,-6.164216,0.12989972531795502,0.5699999928474426,0.38179999589920044
YDR325W,YIL064W,0,-6.1642528,0.12987013161182404,0.5699999928474426,0.38190001249313354
YHR176W,YHL020C,0,-6.1643186,0.12984055280685425,0.5699999928474426,0.38199999928474426
YGR247W,YDR247W,0,-6.1646104,0.12981097400188446,0.5699999928474426,0.382099986076355
YDR418W,YJL028W,0,-6.164641,0.12978142499923706,0.5699999928474426,0.3822000026702881
YCR034W,YDR144C,0,-6.1646457,0.12975187599658966,0.5699999928474426,0.3822999894618988
YER036C,YNL323W,0,-6.165025,0.12972234189510345,0.5699999928474426,0.3824000060558319
YCR106W,YNR064C,0,-6.1652656,0.12969283759593964,0.5699999928474426,0.3824999928474426
YKR035W-A,YCL060C,0,-6.1652765,0.12966333329677582,0.5699999928474426,0.38260000944137573
YKL165C,YGR161W-B,0,-6.1652813,0.1296338438987732,0.5699999928474426,0.38269999623298645
YPR184W,YOR192C-A,0,-6.165366,0.12960436940193176,0.5699999928474426,0.38280001282691956
YBR162W-A,YKL063C,0,-6.1653996,0.12957490980625153,0.5699999928474426,0.3828999996185303
YDL004W,YAL034W-A,0,-6.1655116,0.1295454502105713,0.5699999928474426,0.382999986410141
YLR361C,YDR121W,0,-6.1655517,0.12951602041721344,0.5699999928474426,0.3831000030040741
YBR218C,YLL021W,0,-6.165553,0.1294865906238556,0.5699999928474426,0.3831999897956848
YIL088C,YKR063C,0,-6.165594,0.12945719063282013,0.5699999928474426,0.3833000063896179
YOL165C,YLR214W,0,-6.165692,0.12942779064178467,0.5699999928474426,0.38339999318122864
YDL013W,YGL087C,0,-6.1656933,0.1293984055519104,0.5699999928474426,0.38350000977516174
YBR208C,YHR085W,0,-6.165719,0.12936903536319733,0.5699999928474426,0.38359999656677246
YPL179W,YLL010C,1,-6.1657953,0.12956659495830536,0.5709999799728394,0.38359999656677246
YBR041W,YBL057C,0,-6.166322,0.1295372098684311,0.5709999799728394,0.38370001316070557
YNL073W,YBL046W,0,-6.16634,0.12950782477855682,0.5709999799728394,0.3837999999523163
YMR200W,YBR166C,0,-6.166371,0.12947845458984375,0.5709999799728394,0.383899986743927
YFL011W-A,YML005W,0,-6.1664953,0.12944909930229187,0.5709999799728394,0.3840000033378601
YHR166C,YHR176W,0,-6.1667266,0.12941975891590118,0.5709999799728394,0.3840999901294708
YOL165C,YML129C,0,-6.1668506,0.1293904334306717,0.5709999799728394,0.38420000672340393
YBL097W,YNL054W,0,-6.166905,0.1293611228466034,0.5709999799728394,0.38429999351501465
YMR009W,YDR210C-D,0,-6.167057,0.1293318271636963,0.5709999799728394,0.38440001010894775
YBR192W,YPL283C,0,-6.167108,0.12930253148078918,0.5709999799728394,0.38449999690055847
YNL087W,YLR298C,0,-6.1671443,0.12927326560020447,0.5709999799728394,0.3846000134944916
YGR209C,YDL211C,0,-6.16715,0.12924399971961975,0.5709999799728394,0.3847000002861023
YNR027W,YPL092W,0,-6.16727,0.12921474874019623,0.5709999799728394,0.384799987077713
YOR126C,YLR268W,0,-6.167501,0.1291855275630951,0.5709999799728394,0.3849000036716461
YOR181W,YKL195W,0,-6.1675544,0.12915630638599396,0.5709999799728394,0.38499999046325684
YGR174C,YIL061C,0,-6.1675963,0.12912708520889282,0.5709999799728394,0.38510000705718994
YDR214W,YLR297W,0,-6.1676283,0.12909789383411407,0.5709999799728394,0.38519999384880066
YMR047C,YGR006W,0,-6.1676927,0.12906871736049652,0.5709999799728394,0.38530001044273376
YPR171W,YFR046C,0,-6.167772,0.12903954088687897,0.5709999799728394,0.3853999972343445
YOL004W,YIL091C,0,-6.1677747,0.1290103942155838,0.5709999799728394,0.3855000138282776
YER109C,YPR159W,0,-6.167781,0.12898124754428864,0.5709999799728394,0.3856000006198883
YER109C,YBR087W,0,-6.1680017,0.12895211577415466,0.5709999799728394,0.385699987411499
YDL142C,YPR125W,0,-6.1681333,0.12892301380634308,0.5709999799728394,0.38580000400543213
YGR109C,YFR019W,0,-6.1684217,0.1288939118385315,0.5709999799728394,0.38589999079704285
YMR180C,YDL236W,1,-6.1684833,0.12909050285816193,0.5720000267028809,0.38589999079704285
YKL112W,YOL112W,0,-6.1685414,0.12906137108802795,0.5720000267028809,0.38600000739097595
YLR391W-A,YBL060W,0,-6.1685495,0.12903225421905518,0.5720000267028809,0.38609999418258667
YMR235C,YOR068C,0,-6.168612,0.1290031522512436,0.5720000267028809,0.3862000107765198
YMR036C,YGL224C,1,-6.1687045,0.1291995495557785,0.5730000138282776,0.3862000107765198
YLR324W,YDR531W,0,-6.1687064,0.12917041778564453,0.5730000138282776,0.3862999975681305
YPR175W,YKR008W,0,-6.1687584,0.12914131581783295,0.5730000138282776,0.3864000141620636
YPL271W,YKL149C,0,-6.1687675,0.12911221385002136,0.5730000138282776,0.3865000009536743
YBL075C,YLL032C,0,-6.1690354,0.12908312678337097,0.5730000138282776,0.38659998774528503
YPL239W,YGR161W-A,0,-6.169044,0.12905405461788177,0.5730000138282776,0.38670000433921814
YBR234C,YDR303C,0,-6.169399,0.12902499735355377,0.5730000138282776,0.38679999113082886
YJR161C,YPL167C,0,-6.1695857,0.12899595499038696,0.5730000138282776,0.38690000772476196
YHR043C,YMR156C,1,-6.169643,0.12919199466705322,0.5740000009536743,0.38690000772476196
YGL153W,YER050C,0,-6.169722,0.12916292250156403,0.5740000009536743,0.3869999945163727
YLR308W,YHR166C,0,-6.169968,0.12913386523723602,0.5740000009536743,0.3871000111103058
YGR010W,YLR142W,0,-6.1700044,0.12910480797290802,0.5740000009536743,0.3871999979019165
YCR040W,YFL033C,0,-6.170056,0.1290757805109024,0.5740000009536743,0.3873000144958496
YBL003C,YGR027W-A,0,-6.1701436,0.12904676795005798,0.5740000009536743,0.3874000012874603
YGL004C,YPL033C,0,-6.1701612,0.12901775538921356,0.5740000009536743,0.38749998807907104
YGR041W,YPL075W,0,-6.1701865,0.12898875772953033,0.5740000009536743,0.38760000467300415
YHR073W,YER138C,0,-6.1702056,0.1289597898721695,0.5740000009536743,0.38769999146461487
YDR007W,YHR214C-C,0,-6.1705236,0.12893082201480865,0.5740000009536743,0.387800008058548
YDR038C,YDR258C,0,-6.170548,0.128901869058609,0.5740000009536743,0.3878999948501587
YLR276C,YLR007W,0,-6.1706967,0.12887291610240936,0.5740000009536743,0.3880000114440918
YOR109W,YMR156C,1,-6.1709986,0.12906846404075623,0.574999988079071,0.3880000114440918
YGR271W,YKR098C,0,-6.171091,0.12903949618339539,0.574999988079071,0.3880999982357025
YOR109W,YLR019W,1,-6.1712346,0.1292349100112915,0.5759999752044678,0.3880999982357025
YOL064C,YMR087W,1,-6.171352,0.12943023443222046,0.5770000219345093,0.3880999982357025
YJL153C,YJL034W,0,-6.1713667,0.12940120697021484,0.5770000219345093,0.3882000148296356
YLL057C,YIL115C,0,-6.171457,0.12937219440937042,0.5770000219345093,0.38830000162124634
YMR169C,YJL012C-A,0,-6.1715603,0.1293431967496872,0.5770000219345093,0.38839998841285706
YOR222W,YPR086W,0,-6.1716924,0.12931421399116516,0.5770000219345093,0.38850000500679016
YMR070W,YOR272W,0,-6.1717267,0.12928523123264313,0.5770000219345093,0.3885999917984009
YJL081C,YLL009C,0,-6.1718283,0.12925627827644348,0.5770000219345093,0.388700008392334
YPR200C,YDR292C,0,-6.1718736,0.12922732532024384,0.5770000219345093,0.3887999951839447
YIR021W,YGL179C,0,-6.171877,0.12919838726520538,0.5770000219345093,0.3889000117778778
YNL223W,YMR075W,0,-6.1720414,0.12916946411132812,0.5770000219345093,0.3889999985694885
YKR086W,YJL148W,0,-6.172157,0.12914055585861206,0.5770000219345093,0.38909998536109924
YER155C,YNR032C-A,0,-6.172604,0.1291116625070572,0.5770000219345093,0.38920000195503235
YGL127C,YNL146W,0,-6.172768,0.12908276915550232,0.5770000219345093,0.38929998874664307
YBR070C,YMR051C,0,-6.173265,0.12905390560626984,0.5770000219345093,0.38940000534057617
YIR038C,YKL214C,0,-6.173305,0.12902504205703735,0.5770000219345093,0.3894999921321869
YEL009C,YDR312W,0,-6.173389,0.12899619340896606,0.5770000219345093,0.38960000872612
YJL198W,YAR010C,0,-6.1737747,0.12896735966205597,0.5770000219345093,0.3896999955177307
YOR344C,YNL154C,0,-6.173815,0.12893854081630707,0.5770000219345093,0.3898000121116638
YMR277W,YIL002C,1,-6.174396,0.12913314998149872,0.578000009059906,0.3898000121116638
YNL163C,YGL066W,0,-6.1744113,0.12910431623458862,0.578000009059906,0.38989999890327454
YMR283C,YOL103W-B,0,-6.174413,0.12907548248767853,0.578000009059906,0.38999998569488525
YCL012W,YIL156W,0,-6.174487,0.12904666364192963,0.578000009059906,0.39010000228881836
YOR172W,YMR166C,0,-6.1749816,0.12901785969734192,0.578000009059906,0.3901999890804291
YGR078C,YBL100W-A,0,-6.1750474,0.1289890706539154,0.578000009059906,0.3903000056743622
YFL018C,YNL083W,0,-6.175104,0.1289602816104889,0.578000009059906,0.3903999924659729
YMR112C,YKL003C,0,-6.175114,0.12893152236938477,0.578000009059906,0.390500009059906
YDR503C,YOR090C,1,-6.175177,0.12912577390670776,0.5789999961853027,0.390500009059906
YOR190W,YDR098C-B,0,-6.175386,0.12909698486328125,0.5789999961853027,0.3905999958515167
YHR072W,YLR410W,0,-6.1754136,0.12906821072101593,0.5789999961853027,0.39070001244544983
YDL116W,YML014W,0,-6.1754375,0.1290394514799118,0.5789999961853027,0.39079999923706055
YER061C,YDL090C,0,-6.175625,0.12901069223880768,0.5789999961853027,0.39089998602867126
YLR096W,YDR091C,0,-6.1757894,0.12898196280002594,0.5789999961853027,0.39100000262260437
YCL027W,YOL121C,0,-6.175816,0.1289532333612442,0.5789999961853027,0.3910999894142151
YIL067C,YLR301W,0,-6.176,0.12892451882362366,0.5789999961853027,0.3912000060081482
YMR036C,YNL128W,1,-6.176212,0.1291184276342392,0.5799999833106995,0.3912000060081482
YMR013C,YNL054W,0,-6.1764793,0.12908969819545746,0.5799999833106995,0.3912999927997589
YKL005C,YKL171W,0,-6.1765027,0.12906096875667572,0.5799999833106995,0.391400009393692
YJR082C,YNL287W,0,-6.1765065,0.12903225421905518,0.5799999833106995,0.39149999618530273
YHR052W,YJR104C,0,-6.176562,0.12900355458259583,0.5799999833106995,0.39160001277923584
YLR174W,YER113C,0,-6.1766763,0.12897486984729767,0.5799999833106995,0.39169999957084656
YMR277W,YFR040W,1,-6.1768126,0.1291685253381729,0.5809999704360962,0.39169999957084656
YPR021C,YER090W,0,-6.1769204,0.12913981080055237,0.5809999704360962,0.3917999863624573
YDR040C,YDR247W,0,-6.1769757,0.12911111116409302,0.5809999704360962,0.3919000029563904
YEL046C,YDR365W-B,0,-6.177034,0.12908242642879486,0.5809999704360962,0.3919999897480011
YPR176C,YPR141C,0,-6.177165,0.1290537565946579,0.5809999704360962,0.3921000063419342
YPL179W,YNL032W,1,-6.1774716,0.12924717366695404,0.5820000171661377,0.3921000063419342
YJL151C,YGR129W,0,-6.1774807,0.1292184740304947,0.5820000171661377,0.3921999931335449
YDL022W,YOL059W,0,-6.177512,0.12918978929519653,0.5820000171661377,0.392300009727478
YIL125W,YLR383W,0,-6.1777616,0.12916111946105957,0.5820000171661377,0.39239999651908875
YGL020C,YCR033W,0,-6.1777787,0.1291324645280838,0.5820000171661377,0.39250001311302185
YER119C,YIL063C,0,-6.1778674,0.12910380959510803,0.5820000171661377,0.39259999990463257
YIR010W,YCL030C,0,-6.177899,0.12907518446445465,0.5820000171661377,0.3926999866962433
YOL007C,YGL141W,0,-6.177923,0.12904655933380127,0.5820000171661377,0.3928000032901764
YER030W,YDR365W-B,0,-6.1780066,0.12901794910430908,0.5820000171661377,0.3928999900817871
YMR277W,YDR503C,1,-6.1780667,0.12921099364757538,0.5830000042915344,0.3928999900817871
YKR058W,YDR365W-B,0,-6.178091,0.129182368516922,0.5830000042915344,0.3930000066757202
YKR076W,YDL038C,0,-6.1786885,0.12915374338626862,0.5830000042915344,0.39309999346733093
YNR013C,YGL115W,0,-6.17869,0.12912513315677643,0.5830000042915344,0.39320001006126404
YBR233W-A,YHR117W,0,-6.1787715,0.12909655272960663,0.5830000042915344,0.39329999685287476
YCL044C,YFL044C,0,-6.179053,0.12906797230243683,0.5830000042915344,0.39340001344680786
YLR391W-A,YPR118W,0,-6.1790833,0.12903939187526703,0.5830000042915344,0.3935000002384186
YPL060W,YLR079W,0,-6.179089,0.12901084125041962,0.5830000042915344,0.3935999870300293
YGR057C,YGR161W-A,0,-6.179275,0.1289823055267334,0.5830000042915344,0.3937000036239624
YOR329C,YDR468C,0,-6.179317,0.12895376980304718,0.5830000042915344,0.3937999904155731
YGR255C,YDR529C,0,-6.1794333,0.12892524898052216,0.5830000042915344,0.3939000070095062
YGL033W,YKL209C,0,-6.1794505,0.12889674305915833,0.5830000042915344,0.39399999380111694
YDR519W,YGR172C,0,-6.1795187,0.1288682520389557,0.5830000042915344,0.39410001039505005
YOR140W,YNL012W,0,-6.1795526,0.12883977591991425,0.5830000042915344,0.39419999718666077
YNL316C,YPR063C,0,-6.179639,0.128811314702034,0.5830000042915344,0.39430001378059387
YGL143C,YER078C,0,-6.1797004,0.12878285348415375,0.5830000042915344,0.3944000005722046
YIL061C,YCL075W,0,-6.179806,0.1287544220685959,0.5830000042915344,0.3944999873638153
YNL041C,YMR243C,0,-6.180259,0.12872599065303802,0.5830000042915344,0.3946000039577484
YJL122W,YGL151W,0,-6.1802917,0.12869757413864136,0.5830000042915344,0.39469999074935913
YER027C,YDR531W,0,-6.1803007,0.12866917252540588,0.5830000042915344,0.39480000734329224
YCR021C,YGL231C,0,-6.180346,0.1286407709121704,0.5830000042915344,0.39489999413490295
YKL135C,YFL038C,0,-6.1805186,0.12861239910125732,0.5830000042915344,0.39500001072883606
YOR260W,YCR055C,0,-6.1806226,0.12858402729034424,0.5830000042915344,0.3950999975204468
YDR041W,YDR289C,0,-6.1806655,0.12855568528175354,0.5830000042915344,0.3952000141143799
YOR090C,YJL098W,1,-6.1808267,0.12874779105186462,0.5839999914169312,0.3952000141143799
YOR011W,YJL001W,0,-6.1809144,0.12871941924095154,0.5839999914169312,0.3953000009059906
YOR250C,YDR308C,0,-6.1809354,0.12869104743003845,0.5839999914169312,0.3953999876976013
YLR265C,YDR192C,0,-6.180956,0.12866270542144775,0.5839999914169312,0.3955000042915344
YPR070W,YGL063W,0,-6.181197,0.12863436341285706,0.5839999914169312,0.39559999108314514
YDR411C,YPR148C,0,-6.1811976,0.12860603630542755,0.5839999914169312,0.39570000767707825
YNL177C,YLR151C,0,-6.181208,0.12857772409915924,0.5839999914169312,0.39579999446868896
YNL270C,YJL178C,0,-6.1812816,0.12854941189289093,0.5839999914169312,0.39590001106262207
YLR309C,YNL194C,0,-6.1814804,0.128521129488945,0.5839999914169312,0.3959999978542328
YDL100C,YDR212W,0,-6.1815906,0.12849284708499908,0.5839999914169312,0.3961000144481659
YEL030W,YFL002W-A,0,-6.181718,0.12846457958221436,0.5839999914169312,0.3962000012397766
YER014W,YFR055W,0,-6.1818414,0.12843632698059082,0.5839999914169312,0.39629998803138733
YLL026W,YJR103W,0,-6.181866,0.12840808928012848,0.5839999914169312,0.39640000462532043
YNR052C,YLR297W,0,-6.182123,0.12837986648082733,0.5839999914169312,0.39649999141693115
YOR149C,YDR453C,0,-6.1821237,0.12835164368152618,0.5839999914169312,0.39660000801086426
YER028C,YHL020C,0,-6.1822505,0.12832345068454742,0.5839999914169312,0.396699994802475
YDR216W,YJL008C,0,-6.1823163,0.12829525768756866,0.5839999914169312,0.3968000113964081
YOR065W,YGL111W,0,-6.1823378,0.1282670795917511,0.5839999914169312,0.3968999981880188
YKL041W,YIL067C,0,-6.1823573,0.12823891639709473,0.5839999914169312,0.3970000147819519
YBR019C,YJR102C,0,-6.1824374,0.12821075320243835,0.5839999914169312,0.3971000015735626
YOR279C,YIL143C,0,-6.1824727,0.12818261981010437,0.5839999914169312,0.39719998836517334
YNR027W,YDL136W,0,-6.1825156,0.12815448641777039,0.5839999914169312,0.39730000495910645
YPL204W,YDR459C,0,-6.182553,0.1281263679265976,0.5839999914169312,0.39739999175071716
YNL132W,YGR038C-B,0,-6.182615,0.128098264336586,0.5839999914169312,0.39750000834465027
YAR071W,YML016C,1,-6.182672,0.12828947603702545,0.5849999785423279,0.39750000834465027
YMR009W,YJL153C,0,-6.182713,0.12826134264469147,0.5849999785423279,0.397599995136261
YDR420W,YCR097WB,0,-6.182714,0.12823322415351868,0.5849999785423279,0.3977000117301941
YDR284C,YER089C,1,-6.182786,0.1284242868423462,0.5860000252723694,0.3977000117301941
YOR123C,YGL205W,0,-6.1829815,0.128396138548851,0.5860000252723694,0.3977999985218048
YJR151C,YKL155C,0,-6.1831107,0.12836802005767822,0.5860000252723694,0.3978999853134155
YIL063C,YPR091C,0,-6.1832213,0.12833990156650543,0.5860000252723694,0.39800000190734863
YNL219C,YIL144W,0,-6.183242,0.12831179797649384,0.5860000252723694,0.39809998869895935
YAL024C,YML001W,0,-6.183294,0.12828370928764343,0.5860000252723694,0.39820000529289246
YLR395C,YML130C,0,-6.1833425,0.12825563549995422,0.5860000252723694,0.3982999920845032
YFR019W,YIL173W,0,-6.1833715,0.1282275766134262,0.5860000252723694,0.3984000086784363
YDL185W,YDR398W,0,-6.1837296,0.1281995177268982,0.5860000252723694,0.398499995470047
YFL039C,YLR114C,0,-6.1837764,0.12817147374153137,0.5860000252723694,0.3986000120639801
YOL001W,YDR307W,0,-6.1840005,0.12814344465732574,0.5860000252723694,0.3986999988555908
YNR032W,YFR040W,1,-6.184072,0.12833406031131744,0.5870000123977661,0.3986999988555908
YBR301W,YOL108C,0,-6.1840734,0.12830601632595062,0.5870000123977661,0.39879998564720154
YHR119W,YLR187W,0,-6.184093,0.1282779723405838,0.5870000123977661,0.39890000224113464
YLR312C-B,YPR024W,0,-6.184201,0.12824994325637817,0.5870000123977661,0.39899998903274536
YNL308C,YKR090W,0,-6.184361,0.12822192907333374,0.5870000123977661,0.39910000562667847
YKL013C,YDL093W,0,-6.184584,0.1281939297914505,0.5870000123977661,0.3991999924182892
YOR174W,YLR157C-B,0,-6.184602,0.12816594541072845,0.5870000123977661,0.3993000090122223
YMR138W,YIL162W,0,-6.1846223,0.1281379610300064,0.5870000123977661,0.399399995803833
YDR405W,YGR161W-B,0,-6.184644,0.12810999155044556,0.5870000123977661,0.3995000123977661
YPL007C,YPL033C,0,-6.184663,0.1280820369720459,0.5870000123977661,0.39959999918937683
YLR309C,YLR151C,0,-6.1847434,0.12805409729480743,0.5870000123977661,0.39969998598098755
YKR052C,YIL084C,0,-6.1848917,0.12802617251873016,0.5870000123977661,0.39980000257492065
YDL024C,YNL325C,1,-6.184978,0.12821631133556366,0.5879999995231628,0.39980000257492065
YGL043W,YER176W,0,-6.1851535,0.128188356757164,0.5879999995231628,0.39989998936653137
YPR198W,YMR134W,0,-6.1851583,0.12816041707992554,0.5879999995231628,0.4000000059604645
YDL246C,YDR341C,0,-6.1852727,0.12813249230384827,0.5879999995231628,0.4000999927520752
YNL160W,YLR050C,0,-6.185517,0.1281045824289322,0.5879999995231628,0.4002000093460083
YHL031C,YOR142W-B,0,-6.1855316,0.1280766725540161,0.5879999995231628,0.400299996137619
YLR074C,YER151C,0,-6.1856866,0.12804877758026123,0.5879999995231628,0.4004000127315521
YBL097W,YML109W,0,-6.1858077,0.12802089750766754,0.5879999995231628,0.40049999952316284
YOR250C,YPL063W,0,-6.1858573,0.12799303233623505,0.5879999995231628,0.40059998631477356
YEL057C,YGR027W-A,0,-6.1859546,0.12796518206596375,0.5879999995231628,0.40070000290870667
YPR006C,YHR026W,0,-6.185985,0.12793733179569244,0.5879999995231628,0.4007999897003174
YKL043W,YOR089C,0,-6.1860156,0.12790951132774353,0.5879999995231628,0.4009000062942505
YNL238W,YPL236C,0,-6.1860595,0.12788169085979462,0.5879999995231628,0.4009999930858612
YAL026C,YDR210C-C,0,-6.1861234,0.1278538852930069,0.5879999995231628,0.4011000096797943
YGR057C,YKL075C,0,-6.1862082,0.12782607972621918,0.5879999995231628,0.40119999647140503
YDR350C,YBL034C,0,-6.1864753,0.12779830396175385,0.5879999995231628,0.40130001306533813
YGL010W,YGR122W,0,-6.186489,0.1277705281972885,0.5879999995231628,0.40139999985694885
YGR116W,YIL056W,0,-6.18649,0.12774278223514557,0.5879999995231628,0.40149998664855957
YML065W,YNL186W,0,-6.18652,0.12771503627300262,0.5879999995231628,0.4016000032424927
YCL064C,YLR050C,0,-6.1866193,0.12768729031085968,0.5879999995231628,0.4016999900341034
YIL036W,YKR086W,0,-6.186626,0.12765957415103912,0.5879999995231628,0.4018000066280365
YNL312W,YEL002C,0,-6.1866727,0.12763185799121857,0.5879999995231628,0.4018999934196472
YIL005W,YJL028W,0,-6.186718,0.1276041716337204,0.5879999995231628,0.4020000100135803
YHR074W,YOR256C,0,-6.186794,0.12757648527622223,0.5879999995231628,0.40209999680519104
YNL325C,YHR076W,1,-6.1869216,0.1277657300233841,0.5889999866485596,0.40209999680519104
YGL206C,YAL015C,0,-6.187086,0.12773801386356354,0.5889999866485596,0.40220001339912415
YMR020W,YML005W,0,-6.187089,0.12771032750606537,0.5889999866485596,0.40230000019073486
YBR181C,YER074W-A,0,-6.187344,0.1276826411485672,0.5889999866485596,0.4023999869823456
YDR423C,YEL031W,0,-6.1874795,0.12765496969223022,0.5889999866485596,0.4025000035762787
YGR224W,YOR033C,0,-6.1876316,0.12762729823589325,0.5889999866485596,0.4025999903678894
YNR011C,YDR316W-A,0,-6.1876454,0.12759965658187866,0.5889999866485596,0.4027000069618225
YBL008W,YJL114W,0,-6.1877484,0.12757201492786407,0.5889999866485596,0.4027999937534332
YLR390W-A,YKL195W,0,-6.1877565,0.12754438817501068,0.5889999866485596,0.40290001034736633
YER014W,YDR346C,0,-6.1877923,0.12751677632331848,0.5889999866485596,0.40299999713897705
YHR143W,YLR258W,0,-6.187874,0.12748917937278748,0.5889999866485596,0.40310001373291016
YEL026W,YFR016C,0,-6.1881714,0.12746158242225647,0.5889999866485596,0.4032000005245209
YGL222C,YJL117W,0,-6.188316,0.12743401527404785,0.5889999866485596,0.4032999873161316
YFL021W,YML048W,0,-6.1884413,0.12740644812583923,0.5889999866485596,0.4034000039100647
YER068W,YBR044C,0,-6.188519,0.1273788958787918,0.5889999866485596,0.4034999907016754
YOR133W,YPR138C,0,-6.188523,0.12735135853290558,0.5889999866485596,0.4036000072956085
YKL178C,YPL158C,0,-6.188539,0.12732382118701935,0.5889999866485596,0.40369999408721924
YPR055W,YJL123C,0,-6.188585,0.1272962987422943,0.5889999866485596,0.40380001068115234
YCR047C,YLR396C,0,-6.188601,0.12726879119873047,0.5889999866485596,0.40389999747276306
YFL053W,YCR055C,0,-6.188867,0.12724129855632782,0.5889999866485596,0.40400001406669617
YMR270C,YBR081C,0,-6.18895,0.12721382081508636,0.5889999866485596,0.4041000008583069
YOL052C-A,YKL048C,0,-6.18907,0.1271863579750061,0.5889999866485596,0.4041999876499176
YMR308C,YGR296W,0,-6.1891303,0.12715889513492584,0.5889999866485596,0.4043000042438507
YDL166C,YNL284C-B,0,-6.189252,0.12713144719600677,0.5889999866485596,0.4043999910354614
YLR081W,YMR272C,0,-6.189302,0.1271040141582489,0.5889999866485596,0.40450000762939453
YFL035C-B,YIL158W,0,-6.1894116,0.12707659602165222,0.5889999866485596,0.40459999442100525
YKL150W,YOL103W-A,0,-6.189421,0.12704917788505554,0.5889999866485596,0.40470001101493835
YLR421C,YGR027W-A,0,-6.189421,0.12702177464962006,0.5889999866485596,0.4047999978065491
YPL134C,YIL029C,0,-6.189491,0.12699440121650696,0.5889999866485596,0.4049000144004822
YKL124W,YPL122C,0,-6.189553,0.12696701288223267,0.5889999866485596,0.4050000011920929
YNR067C,YBR289W,0,-6.1895914,0.12693965435028076,0.5889999866485596,0.4050999879837036
YOL142W,YHR045W,0,-6.189651,0.12691231071949005,0.5889999866485596,0.4052000045776367
YCR042C,YJR120W,0,-6.189689,0.12688496708869934,0.5889999866485596,0.40529999136924744
YNR038W,YGR267C,0,-6.1897388,0.12685763835906982,0.5889999866485596,0.40540000796318054
YCL016C,YOR175C,0,-6.189837,0.1268303245306015,0.5889999866485596,0.40549999475479126
YFR048W,YOR285W,0,-6.1898904,0.12680301070213318,0.5889999866485596,0.40560001134872437
YBR092C,YDR074W,1,-6.1899962,0.12699095904827118,0.5899999737739563,0.40560001134872437
YLR304C,YGR252W,0,-6.19,0.12696363031864166,0.5899999737739563,0.4056999981403351
YGR041W,YNL173C,0,-6.190095,0.12693631649017334,0.5899999737739563,0.4058000147342682
YGR097W,YMR295C,0,-6.190125,0.1269090175628662,0.5899999737739563,0.4059000015258789
YPL170W,YBR030W,0,-6.1901555,0.12688171863555908,0.5899999737739563,0.4059999883174896
YAL063C,YCR004C,0,-6.190454,0.12685443460941315,0.5899999737739563,0.40610000491142273
YKL080W,YPR011C,0,-6.1905437,0.1268271654844284,0.5899999737739563,0.40619999170303345
YDL175C,YOR178C,0,-6.190563,0.12679991126060486,0.5899999737739563,0.40630000829696655
YMR264W,YFR031C,0,-6.190665,0.1267726719379425,0.5899999737739563,0.40639999508857727
YBL013W,YDL077C,0,-6.190672,0.12674543261528015,0.5899999737739563,0.4065000116825104
YER003C,YFL002W-B,0,-6.190689,0.126718208193779,0.5899999737739563,0.4065999984741211
YGL158W,YJR029W,0,-6.1907067,0.12669099867343903,0.5899999737739563,0.4066999852657318
YLR084C,YDR034C-D,0,-6.1908584,0.12666380405426025,0.5899999737739563,0.4068000018596649
YFL044C,YBL005W-A,0,-6.1909513,0.12663662433624268,0.5899999737739563,0.40689998865127563
YOR391C,YGR211W,0,-6.1909876,0.1266094446182251,0.5899999737739563,0.40700000524520874
YDL024C,YDR287W,1,-6.191012,0.12679682672023773,0.5910000205039978,0.40700000524520874
YOR143C,YJL154C,0,-6.1911097,0.12676963210105896,0.5910000205039978,0.40709999203681946
YFL008W,YFL018W-A,0,-6.1911244,0.1267424374818802,0.5910000205039978,0.40720000863075256
YLR440C,YDR476C,0,-6.1913304,0.1267152726650238,0.5910000205039978,0.4072999954223633
YKL134C,YJL187C,0,-6.1913333,0.12668810784816742,0.5910000205039978,0.4074000120162964
YMR190C,YLR373C,0,-6.1913753,0.12666095793247223,0.5910000205039978,0.4074999988079071
YDL120W,YML131W,0,-6.191567,0.12663380801677704,0.5910000205039978,0.4075999855995178
YLR033W,YDR369C,0,-6.1919107,0.12660668790340424,0.5910000205039978,0.4077000021934509
YLR081W,YOL103W-B,0,-6.1919165,0.12657956779003143,0.5910000205039978,0.40779998898506165
YOR304W,YER126C,0,-6.191957,0.12655246257781982,0.5910000205039978,0.40790000557899475
YCR097W,YMR030W,0,-6.1921377,0.1265253722667694,0.5910000205039978,0.40799999237060547
YIL107C,YGR211W,0,-6.1921525,0.126498281955719,0.5910000205039978,0.4081000089645386
YGL014W,YHL012W,0,-6.1921725,0.12647122144699097,0.5910000205039978,0.4081999957561493
YNL318C,YDR483W,0,-6.192291,0.12644416093826294,0.5910000205039978,0.4083000123500824
YBL097W,YIL073C,0,-6.1922984,0.1264171153306961,0.5910000205039978,0.4083999991416931
YIL159W,YAL033W,0,-6.192323,0.12639006972312927,0.5910000205039978,0.40849998593330383
YDR496C,YPL029W,0,-6.19233,0.12636305391788483,0.5910000205039978,0.40860000252723694
YKL204W,YDR180W,0,-6.1923413,0.12633603811264038,0.5910000205039978,0.40869998931884766
YNL275W,YKL092C,0,-6.192588,0.12630903720855713,0.5910000205039978,0.40880000591278076
YOL151W,YPR148C,0,-6.1926703,0.12628205120563507,0.5910000205039978,0.4088999927043915
YMR100W,YDR459C,0,-6.1927595,0.1262550801038742,0.5910000205039978,0.4090000092983246
YML067C,YOL066C,0,-6.192905,0.12622810900211334,0.5910000205039978,0.4090999960899353
YHR101C,YBR105C,0,-6.1929603,0.12620115280151367,0.5910000205039978,0.4092000126838684
YGL067W,YGR038C-B,0,-6.1930385,0.1261742115020752,0.5910000205039978,0.4092999994754791
YAL060W,YOL107W,0,-6.193041,0.1261472851037979,0.5910000205039978,0.40939998626708984
YPR194C,YPR137C-A,0,-6.19315,0.12612035870552063,0.5910000205039978,0.40950000286102295
YBR233W-A,YJL026W,0,-6.193173,0.12609344720840454,0.5910000205039978,0.40959998965263367
YOR125C,YJL173C,0,-6.193276,0.12606655061244965,0.5910000205039978,0.4097000062465668
YHR039C-A,YOR064C,0,-6.193376,0.12603966891765594,0.5910000205039978,0.4097999930381775
YDL175C,YDR469W,0,-6.193441,0.12601278722286224,0.5910000205039978,0.4099000096321106
YML058W,YER144C,0,-6.193575,0.12598593533039093,0.5910000205039978,0.4099999964237213
YOR046C,YOR269W,0,-6.1936383,0.12595908343791962,0.5910000205039978,0.4101000130176544
YMR165C,YIL053W,1,-6.193673,0.12614531815052032,0.5920000076293945,0.4101000130176544
YDR464W,YKL088W,0,-6.1937943,0.12611845135688782,0.5920000076293945,0.41019999980926514
YNL136W,YBR017C,0,-6.1938663,0.1260915845632553,0.5920000076293945,0.41029998660087585
YLR390W-A,YLR195C,0,-6.193982,0.126064732670784,0.5920000076293945,0.41040000319480896
YMR235C,YPL066W,0,-6.194215,0.12603789567947388,0.5920000076293945,0.4104999899864197
YHR132C,YDL090C,0,-6.194316,0.12601107358932495,0.5920000076293945,0.4106000065803528
YNR019W,YGR044C,0,-6.194324,0.12598425149917603,0.5920000076293945,0.4106999933719635
YDL065C,YOL103W-A,0,-6.194384,0.1259574443101883,0.5920000076293945,0.4108000099658966
YBR217W,YLL003W,0,-6.194414,0.12593065202236176,0.5920000076293945,0.4108999967575073
YDR017C,YKL012W,0,-6.1944404,0.1259038746356964,0.5920000076293945,0.41100001335144043
YPL242C,YMR030W,0,-6.1947966,0.12587709724903107,0.5920000076293945,0.41110000014305115
YIL066C,YDR210C-D,0,-6.1948323,0.12585033476352692,0.5920000076293945,0.41119998693466187
YAL062W,YLR132C,0,-6.195362,0.12582358717918396,0.5920000076293945,0.41130000352859497
YBR208C,YCR040W,0,-6.1955695,0.1257968544960022,0.5920000076293945,0.4113999903202057
YOL111C,YDR316W-A,0,-6.195617,0.12577013671398163,0.5920000076293945,0.4115000069141388
YHR043C,YDR287W,1,-6.1958313,0.12595582008361816,0.5929999947547913,0.4115000069141388
YDR496C,YLR337W,0,-6.196012,0.1259290724992752,0.5929999947547913,0.4115999937057495
YOR201C,YHL007C,0,-6.196135,0.12590233981609344,0.5929999947547913,0.4117000102996826
YGL244W,YLR426W,0,-6.196208,0.12587560713291168,0.5929999947547913,0.41179999709129333
YNL166C,YAR018C,0,-6.1962986,0.1258488893508911,0.5929999947547913,0.41190001368522644
YIL017C,YJR120W,0,-6.1964746,0.12582220137119293,0.5929999947547913,0.41200000047683716
YLR015W,YMR069W,0,-6.196647,0.12579549849033356,0.5929999947547913,0.4120999872684479
YPL121C,YJL133W,0,-6.196837,0.12576882541179657,0.5929999947547913,0.412200003862381
YJL124C,YIL056W,0,-6.196891,0.12574215233325958,0.5929999947547913,0.4122999906539917
YAL063C,YDR437W,0,-6.19694,0.1257154941558838,0.5929999947547913,0.4124000072479248
YMR156C,YNL217W,1,-6.19708,0.12590080499649048,0.593999981880188,0.4124000072479248
YDR044W,YLL055W,0,-6.197088,0.1258741319179535,0.593999981880188,0.4124999940395355
YBL041W,YBL075C,0,-6.197101,0.1258474588394165,0.593999981880188,0.41260001063346863
YPL248C,YHR050W,0,-6.197522,0.1258208006620407,0.593999981880188,0.41269999742507935
YLR266C,YIR008C,0,-6.1975408,0.1257941573858261,0.593999981880188,0.41280001401901245
YEL069C,YKL119C,0,-6.1978874,0.1257675141096115,0.593999981880188,0.41290000081062317
YOL117W,YIL047C,0,-6.1978917,0.1257409006357193,0.593999981880188,0.4129999876022339
YLR212C,YLR425W,0,-6.197925,0.1257142871618271,0.593999981880188,0.413100004196167
YHR015W,YHR172W,0,-6.198112,0.12568768858909607,0.593999981880188,0.4131999909877777
YNL085W,YIR009W,0,-6.1983438,0.12566109001636505,0.593999981880188,0.4133000075817108
YDR380W,YBR153W,0,-6.198405,0.12563452124595642,0.593999981880188,0.41339999437332153
YOR204W,YHR186C,0,-6.1988244,0.1256079524755478,0.593999981880188,0.41350001096725464
YPL181W,YER127W,0,-6.198841,0.12558139860630035,0.593999981880188,0.41359999775886536
YJR133W,YLR050C,0,-6.1988635,0.12555484473705292,0.593999981880188,0.41370001435279846
YCR018C,YER072W,0,-6.1990547,0.12552832067012787,0.593999981880188,0.4138000011444092
YNL079C,YGL210W,0,-6.199095,0.12550179660320282,0.593999981880188,0.4138999879360199
YBR301W,YLR188W,0,-6.199136,0.12547528743743896,0.593999981880188,0.414000004529953
YFL062W,YOL152W,0,-6.199139,0.1254487782716751,0.593999981880188,0.4140999913215637
YNR032C-A,YNL291C,0,-6.199212,0.12542229890823364,0.593999981880188,0.4142000079154968
YIL101C,YKL175W,0,-6.1992197,0.12539581954479218,0.593999981880188,0.41429999470710754
YCR029C-A,YDR213W,0,-6.199618,0.1253693550825119,0.593999981880188,0.41440001130104065
YPL117C,YGR238C,0,-6.1999116,0.12534290552139282,0.593999981880188,0.41449999809265137
YOR034C,YKR082W,0,-6.200235,0.12531645596027374,0.593999981880188,0.4146000146865845
YHR043C,YER089C,1,-6.200296,0.12550094723701477,0.5950000286102295,0.4146000146865845
YPR094W,YDR034C-D,0,-6.2003274,0.1254744827747345,0.5950000286102295,0.4147000014781952
YFL011W-A,YDR150W,0,-6.200402,0.12544803321361542,0.5950000286102295,0.4147999882698059
YAR071W,YNL032W,1,-6.200442,0.1256323754787445,0.5960000157356262,0.4147999882698059
YHR076W,YNL128W,1,-6.2004538,0.12581664323806763,0.597000002861023,0.4147999882698059
YBR276C,YOR014W,1,-6.20072,0.12600083649158478,0.5979999899864197,0.4147999882698059
YLR246W,YPL096C-A,0,-6.2008367,0.12597429752349854,0.5979999899864197,0.414900004863739
YLR187W,YIL067C,0,-6.200971,0.1259477734565735,0.5979999899864197,0.41499999165534973
YOR023C,YBR035C,0,-6.2012496,0.12592124938964844,0.5979999899864197,0.41510000824928284
YEL009C,YGR163W,0,-6.2013307,0.12589474022388458,0.5979999899864197,0.41519999504089355
YKR068C,YCL062W,0,-6.2013707,0.12586823105812073,0.5979999899864197,0.41530001163482666
YIL110W,YBR186W,0,-6.201423,0.12584175169467926,0.5979999899864197,0.4153999984264374
YOR222W,YHR039C-B,0,-6.201476,0.1258152723312378,0.5979999899864197,0.4154999852180481
YGR096W,YPR107C,0,-6.201542,0.12578880786895752,0.5979999899864197,0.4156000018119812
YJL134W,YMR165C,1,-6.201574,0.1259726583957672,0.5989999771118164,0.4156000018119812
YJL013C,YDL025C,0,-6.2016997,0.12594617903232574,0.5989999771118164,0.4156999886035919
YOL062C,YAL034W-A,0,-6.2021384,0.12591969966888428,0.5989999771118164,0.415800005197525
YGL139W,YNL190W,0,-6.202215,0.125893235206604,0.5989999771118164,0.41589999198913574
YHR188C,YPR118W,0,-6.202502,0.12586678564548492,0.5989999771118164,0.41600000858306885
YLR044C,YLR224W,0,-6.202578,0.12584033608436584,0.5989999771118164,0.41609999537467957
YLR391W-A,YDR129C,0,-6.202652,0.12581390142440796,0.5989999771118164,0.41620001196861267
YHR139C,YGR109W-B,0,-6.2026815,0.12578748166561127,0.5989999771118164,0.4162999987602234
YER021W,YER120W,0,-6.2026906,0.12576107680797577,0.5989999771118164,0.4163999855518341
YER183C,YHL017W,0,-6.203069,0.12573467195034027,0.5989999771118164,0.4165000021457672
YPR133C,YLR010C,0,-6.203117,0.12570829689502716,0.5989999771118164,0.41659998893737793
YIR005W,YNL085W,0,-6.2032285,0.12568190693855286,0.5989999771118164,0.41670000553131104
YOL013C,YKL126W,0,-6.20329,0.12565554678440094,0.5989999771118164,0.41679999232292175
YDR268W,YMR272C,0,-6.2035055,0.12562920153141022,0.5989999771118164,0.41690000891685486
YER068W,YKR093W,0,-6.2035356,0.1256028562784195,0.5989999771118164,0.4169999957084656
YGR246C,YDR365W-A,0,-6.203691,0.12557652592658997,0.5989999771118164,0.4171000123023987
YBR055C,YBR275C,0,-6.2037015,0.12555019557476044,0.5989999771118164,0.4171999990940094
YML116W,YOR088W,0,-6.203818,0.1255238950252533,0.5989999771118164,0.4172999858856201
YOR207C,YFL008W,0,-6.2038198,0.12549759447574615,0.5989999771118164,0.4174000024795532
YNR023W,YDR449C,0,-6.203837,0.1254713088274002,0.5989999771118164,0.41749998927116394
YPL203W,YEL057C,0,-6.204141,0.12544502317905426,0.5989999771118164,0.41760000586509705
YBR045C,YLL036C,0,-6.204247,0.1254187673330307,0.5989999771118164,0.41769999265670776
YGL224C,YNL032W,1,-6.2044134,0.1256018429994583,0.6000000238418579,0.41769999265670776
YKL168C,YDR453C,0,-6.204532,0.12557555735111237,0.6000000238418579,0.41780000925064087
YMR120C,YIL110W,0,-6.204615,0.12554927170276642,0.6000000238418579,0.4178999960422516
YKL087C,YLR120C,0,-6.204618,0.12552301585674286,0.6000000238418579,0.4180000126361847
YDR256C,YJR017C,0,-6.204763,0.1254967600107193,0.6000000238418579,0.4180999994277954
YNL233W,YDR041W,0,-6.204804,0.12547051906585693,0.6000000238418579,0.41819998621940613
YDL160C,YER169W,0,-6.2048216,0.12544427812099457,0.6000000238418579,0.41830000281333923
YER045C,YNR039C,0,-6.2049346,0.1254180669784546,0.6000000238418579,0.41839998960494995
YOR221C,YPL066W,0,-6.2049623,0.1253918558359146,0.6000000238418579,0.41850000619888306
YNL288W,YDR044W,0,-6.2050385,0.12536564469337463,0.6000000238418579,0.4185999929904938
YJR137C,YPL283C,0,-6.2051105,0.12533946335315704,0.6000000238418579,0.4187000095844269
YDL006W,YFR040W,1,-6.205153,0.12552213668823242,0.6010000109672546,0.4187000095844269
YOR377W,YNL229C,0,-6.205432,0.12549592554569244,0.6010000109672546,0.4187999963760376
YFL021W,YPL283C,0,-6.205566,0.12546972930431366,0.6010000109672546,0.4189000129699707
YER022W,YDR532C,0,-6.2058177,0.12544353306293488,0.6010000109672546,0.4189999997615814
YBL063W,YDR531W,0,-6.205829,0.12541736662387848,0.6010000109672546,0.41909998655319214
YMR180C,YBR022W,1,-6.2061944,0.12559983134269714,0.6019999980926514,0.41909998655319214
YLR395C,YDR165W,0,-6.2065415,0.12557363510131836,0.6019999980926514,0.41920000314712524
YAR002W,YDR239C,0,-6.206655,0.12554743885993958,0.6019999980926514,0.41929998993873596
YER133W,YAR071W,1,-6.206664,0.1257297694683075,0.6029999852180481,0.41929998993873596
YBR233W-A,YLR186W,0,-6.206759,0.12570355832576752,0.6029999852180481,0.41940000653266907
YNR054C,YGL186C,0,-6.206796,0.12567736208438873,0.6029999852180481,0.4194999933242798
YDR488C,YBR087W,0,-6.2071605,0.12565118074417114,0.6029999852180481,0.4196000099182129
YGL013C,YKR072C,0,-6.207195,0.12562499940395355,0.6029999852180481,0.4196999967098236
YOR213C,YIL096C,0,-6.2073035,0.12559883296489716,0.6029999852180481,0.4198000133037567
YKL004W,YNR047W,0,-6.207325,0.12557268142700195,0.6029999852180481,0.41990000009536743
YMR075W,YKL095W,0,-6.207372,0.12554652988910675,0.6029999852180481,0.41999998688697815
YBR041W,YDL025C,0,-6.207374,0.12552039325237274,0.6029999852180481,0.42010000348091125
YDR202C,YDL135C,0,-6.207496,0.12549427151679993,0.6029999852180481,0.420199990272522
YCR030C,YGR161C-D,0,-6.207504,0.1254681646823883,0.6029999852180481,0.4203000068664551
YDR519W,YBL022C,0,-6.207636,0.12544205784797668,0.6029999852180481,0.4203999936580658
YML121W,YIL017W,0,-6.2076564,0.12541598081588745,0.6029999852180481,0.4205000102519989
YOR267C,YJL154C,0,-6.2076697,0.12538988888263702,0.6029999852180481,0.4205999970436096
YHR002W,YLL056C,0,-6.20767,0.12536382675170898,0.6029999852180481,0.4207000136375427
YNL068C,YGR220C,0,-6.207753,0.12533776462078094,0.6029999852180481,0.42080000042915344
YDR343C,YHR113W,0,-6.2078805,0.1253117173910141,0.6029999852180481,0.42089998722076416
YGL030W,YDR134C,0,-6.207914,0.12528568506240845,0.6029999852180481,0.42100000381469727
YGR284C,YBR054W,0,-6.2079253,0.1252596527338028,0.6029999852180481,0.421099990606308
YBL074C,YDR208W,0,-6.2081447,0.12523365020751953,0.6029999852180481,0.4212000072002411
YNL325C,YJL134W,1,-6.2084274,0.12541528046131134,0.6039999723434448,0.4212000072002411
YNL080C,YBR186W,0,-6.2085333,0.1253892481327057,0.6039999723434448,0.4212999939918518
YAL008W,YJR068W,0,-6.2086143,0.12536321580410004,0.6039999723434448,0.4214000105857849
YBR159W,YHR141C,0,-6.208785,0.12533721327781677,0.6039999723434448,0.42149999737739563
YKL096W-A,YLR068W,0,-6.2089987,0.1253112107515335,0.6039999723434448,0.42160001397132874
YNR059W,YLR262C,0,-6.2090178,0.12528520822525024,0.6039999723434448,0.42170000076293945
YJL013C,YDR536W,0,-6.2090383,0.12525923550128937,0.6039999723434448,0.42179998755455017
YER177W,YGR161C-D,0,-6.2090735,0.1252332627773285,0.6039999723434448,0.4219000041484833
YNL258C,YOL147C,0,-6.2090855,0.12520729005336761,0.6039999723434448,0.421999990940094
YDL155W,YBR045C,0,-6.2092485,0.12518134713172913,0.6039999723434448,0.4221000075340271
YGL127C,YPL257W-A,0,-6.2092977,0.12515540421009064,0.6039999723434448,0.4221999943256378
YJL173C,YIR039C,0,-6.2092986,0.12512947618961334,0.6039999723434448,0.4223000109195709
YLR376C,YGR172C,0,-6.209419,0.12510356307029724,0.6039999723434448,0.42239999771118164
YNR050C,YCL060C,0,-6.2094865,0.12507764995098114,0.6039999723434448,0.42250001430511475
YJL166W,YPL060C-A,0,-6.2095222,0.12505176663398743,0.6039999723434448,0.42260000109672546
YKL004W,YGR147C,0,-6.209798,0.12502586841583252,0.6039999723434448,0.4226999878883362
YNL292W,YJR159W,0,-6.2098784,0.125,0.6039999723434448,0.4228000044822693
YNL039W,YDR473C,0,-6.2100277,0.12497413903474808,0.6039999723434448,0.42289999127388
YLR377C,YBR022W,1,-6.210813,0.12515515089035034,0.6050000190734863,0.42289999127388
YBL037W,YKL139W,0,-6.210931,0.12512926757335663,0.6050000190734863,0.4230000078678131
YHR114W,YKR090W,0,-6.2112737,0.12510338425636292,0.6050000190734863,0.42309999465942383
YPL194W,YER153C,0,-6.2112975,0.1250775307416916,0.6050000190734863,0.42320001125335693
YNL145W,YHR179W,0,-6.211513,0.12505167722702026,0.6050000190734863,0.42329999804496765
YHR053C,YNL160W,0,-6.211638,0.12502583861351013,0.6050000190734863,0.42340001463890076
YDR263C,YLR188W,0,-6.2117634,0.125,0.6050000190734863,0.4235000014305115
YLR309C,YOL103W-A,0,-6.211765,0.12497417628765106,0.6050000190734863,0.4235999882221222
YDL236W,YKR028W,1,-6.211846,0.12515489757061005,0.6060000061988831,0.4235999882221222
YDL134C,YMR087W,1,-6.2118797,0.12533552944660187,0.6069999933242798,0.4235999882221222
YPL228W,YMR277W,1,-6.2119823,0.1255161017179489,0.6079999804496765,0.4235999882221222
YJL117W,YDR261W-B,0,-6.211989,0.125490203499794,0.6079999804496765,0.4237000048160553
YFR037C,YML014W,0,-6.2120423,0.1254643052816391,0.6079999804496765,0.423799991607666
YGR217W,YNR045W,0,-6.212131,0.12543842196464539,0.6079999804496765,0.4239000082015991
YBL033C,YER113C,0,-6.2122264,0.12541253864765167,0.6079999804496765,0.42399999499320984
YOR207C,YHR214C-C,0,-6.2124376,0.12538667023181915,0.6079999804496765,0.42410001158714294
YER003C,YBR080C,0,-6.2124944,0.12536083161830902,0.6079999804496765,0.42419999837875366
YMR037C,YGR055W,0,-6.2127395,0.1253349781036377,0.6079999804496765,0.4242999851703644
YJL034W,YNL160W,0,-6.212788,0.12530915439128876,0.6079999804496765,0.4244000017642975
YER062C,YMR261C,1,-6.21281,0.12548938393592834,0.609000027179718,0.4244000017642975
YMR261C,YNL217W,1,-6.212917,0.12566955387592316,0.6100000143051147,0.4244000017642975
YER089C,YOR090C,1,-6.2130017,0.1258496344089508,0.6110000014305115,0.4244000017642975
YGL073W,YKL188C,0,-6.213017,0.1258237212896347,0.6110000014305115,0.4244999885559082
YDR099W,YHR132C,0,-6.213049,0.1257978230714798,0.6110000014305115,0.4246000051498413
YJL178C,YKL068W,0,-6.2131667,0.1257719248533249,0.6110000014305115,0.424699991941452
YML004C,YPR173C,0,-6.213268,0.12574604153633118,0.6110000014305115,0.42480000853538513
YNR075W,YMR030W,0,-6.2132864,0.12572015821933746,0.6110000014305115,0.42489999532699585
YLR320W,YIR008C,0,-6.2132993,0.12569430470466614,0.6110000014305115,0.42500001192092896
YPL259C,YOR094W,0,-6.21351,0.1256684511899948,0.6110000014305115,0.4250999987125397
YMR179W,YDR307W,0,-6.213575,0.12564261257648468,0.6110000014305115,0.4251999855041504
YJL004C,YHR025W,0,-6.213683,0.12561677396297455,0.6110000014305115,0.4253000020980835
YCR020C-A,YBR015C,0,-6.2138476,0.1255909502506256,0.6110000014305115,0.4253999888896942
YGR038W,YJR054W,0,-6.21388,0.12556514143943787,0.6110000014305115,0.4255000054836273
YKL059C,YGR128C,0,-6.213897,0.12553934752941132,0.6110000014305115,0.42559999227523804
YAR071W,YKR053C,1,-6.213983,0.12571898102760315,0.6119999885559082,0.42559999227523804
YDR408C,YNR032C-A,0,-6.2140923,0.1256931573152542,0.6119999885559082,0.42570000886917114
YMR165C,YDL134C,1,-6.214287,0.1258726865053177,0.6129999756813049,0.42570000886917114
YDL040C,YDL120W,0,-6.2142873,0.12584684789180756,0.6129999756813049,0.42579999566078186
YMR140W,YLR410W,0,-6.2144046,0.12582102417945862,0.6129999756813049,0.42590001225471497
YNL106C,YIL053W,1,-6.2144213,0.12600040435791016,0.6140000224113464,0.42590001225471497
YGR041W,YNL052W,0,-6.214489,0.12597456574440002,0.6140000224113464,0.4259999990463257
YMR204C,YJL096W,0,-6.2145047,0.1259487122297287,0.6140000224113464,0.4260999858379364
YGL216W,YPR046W,0,-6.2147355,0.12592288851737976,0.6140000224113464,0.4262000024318695
YDR036C,YDL028C,0,-6.214863,0.12589706480503082,0.6140000224113464,0.4262999892234802
YKL157W,YGL089C,0,-6.215018,0.12587125599384308,0.6140000224113464,0.42640000581741333
YBR283C,YOL092W,0,-6.215112,0.12584546208381653,0.6140000224113464,0.42649999260902405
YIL124W,YBL033C,0,-6.2151523,0.12581966817378998,0.6140000224113464,0.42660000920295715
YGL116W,YBR301W,0,-6.215156,0.12579388916492462,0.6140000224113464,0.42669999599456787
YGL234W,YDR207C,0,-6.215239,0.12576812505722046,0.6140000224113464,0.426800012588501
YNL130C,YKL139W,0,-6.215365,0.1257423758506775,0.6140000224113464,0.4268999993801117
YHR014W,YJL059W,0,-6.2153964,0.12571662664413452,0.6140000224113464,0.4269999861717224
YEL065W,YML028W,0,-6.215441,0.12569089233875275,0.6140000224113464,0.4271000027656555
YMR219W,YDL035C,0,-6.215556,0.12566517293453217,0.6140000224113464,0.42719998955726624
YPL181W,YDR513W,0,-6.2156377,0.12563945353031158,0.6140000224113464,0.42730000615119934
YER099C,YCL019W,0,-6.215768,0.1256137490272522,0.6140000224113464,0.42739999294281006
YLR035C,YEL057C,0,-6.2160172,0.125588059425354,0.6140000224113464,0.42750000953674316
YJL201W,YDR461W,0,-6.216026,0.1255623698234558,0.6140000224113464,0.4275999963283539
YOL117W,YGR161W-A,0,-6.21608,0.1255366951227188,0.6140000224113464,0.427700012922287
YDL008W,YLR410W-B,0,-6.21608,0.125511035323143,0.6140000224113464,0.4277999997138977
YKR007W,YIL162W,0,-6.2162905,0.1254853904247284,0.6140000224113464,0.4278999865055084
YHR068W,YBR229C,0,-6.2163134,0.12545974552631378,0.6140000224113464,0.42800000309944153
YML047C,YBR241C,0,-6.2164326,0.12543411552906036,0.6140000224113464,0.42809998989105225
YNL014W,YBR049C,0,-6.2164435,0.12540850043296814,0.6140000224113464,0.42820000648498535
YGL004C,YNL247W,0,-6.216483,0.12538288533687592,0.6140000224113464,0.42829999327659607
YGR244C,YDR056C,0,-6.216553,0.12535728514194489,0.6140000224113464,0.4284000098705292
YDR060W,YNL267W,0,-6.2167044,0.12533169984817505,0.6140000224113464,0.4284999966621399
YPR073C,YOR014W,1,-6.2168713,0.12551020085811615,0.6150000095367432,0.4284999966621399
YDL142C,YLR262C,0,-6.2169247,0.12548460066318512,0.6150000095367432,0.428600013256073
YGL181W,YIL008W,0,-6.2170844,0.1254590004682541,0.6150000095367432,0.4287000000476837
YOL115W,YLR425W,0,-6.217417,0.12543341517448425,0.6150000095367432,0.42879998683929443
YLR439W,YJL087C,0,-6.2174687,0.12540782988071442,0.6150000095367432,0.42890000343322754
YGL078C,YOL103W,0,-6.21757,0.12538225948810577,0.6150000095367432,0.42899999022483826
YMR120C,YLR410W-B,0,-6.2176213,0.12535670399665833,0.6150000095367432,0.42910000681877136
YMR065W,YLR336C,0,-6.2176585,0.12533116340637207,0.6150000095367432,0.4291999936103821
YKL052C,YPR186C,0,-6.2176805,0.12530562281608582,0.6150000095367432,0.4293000102043152
YFL018W-A,YMR284W,0,-6.217879,0.12528009712696075,0.6150000095367432,0.4293999969959259
YDR176W,YGR059W,0,-6.218245,0.1252545863389969,0.6150000095367432,0.429500013589859
YGR113W,YDR138W,0,-6.218249,0.12522907555103302,0.6150000095367432,0.4296000003814697
YML062C,YIR021W,0,-6.2184834,0.12520357966423035,0.6150000095367432,0.42969998717308044
YML124C,YML037C,0,-6.2187285,0.12517809867858887,0.6150000095367432,0.42980000376701355
YOR109W,YIL113W,1,-6.218766,0.12535612285137177,0.6159999966621399,0.42980000376701355
YFR036W,YOR084W,0,-6.218871,0.1253306269645691,0.6159999966621399,0.42989999055862427
YNL106C,YGR123C,1,-6.2188964,0.12550854682922363,0.6169999837875366,0.42989999055862427
YKL190W,YLR377C,1,-6.219153,0.1256863921880722,0.6179999709129333,0.42989999055862427
YNL262W,YJL171C,0,-6.219218,0.12566083669662476,0.6179999709129333,0.4300000071525574
YNL253W,YIL158W,0,-6.219536,0.1256352961063385,0.6179999709129333,0.4300999939441681
YPL115C,YCR033W,0,-6.2196603,0.12560975551605225,0.6179999709129333,0.4302000105381012
YNL149C,YOR343W-A,0,-6.219713,0.12558422982692719,0.6179999709129333,0.4302999973297119
YOR085W,YOR308C,0,-6.2199874,0.12555871903896332,0.6179999709129333,0.430400013923645
YFR036W,YDR162C,0,-6.220032,0.12553320825099945,0.6179999709129333,0.43050000071525574
YML060W,YLR234W,0,-6.2202024,0.12550771236419678,0.6179999709129333,0.43059998750686646
YJR006W,YNL070W,0,-6.2203526,0.1254822313785553,0.6179999709129333,0.43070000410079956
YDR255C,YOR140W,0,-6.2206473,0.125456765294075,0.6179999709129333,0.4307999908924103
YDR026C,YIL067C,0,-6.2207627,0.12543129920959473,0.6179999709129333,0.4309000074863434
YIL027C,YCL005W-A,0,-6.220837,0.12540584802627563,0.6179999709129333,0.4309999942779541
YJL165C,YPL164C,0,-6.2208514,0.12538039684295654,0.6179999709129333,0.4311000108718872
YCR077C,YJL148W,0,-6.2208676,0.12535497546195984,0.6179999709129333,0.4311999976634979
YAL053W,YCR003W,0,-6.220962,0.12532955408096313,0.6179999709129333,0.43130001425743103
YLR153C,YDR477W,0,-6.2213907,0.12530413269996643,0.6179999709129333,0.43140000104904175
YDR088C,YDR545W,0,-6.2215333,0.12527874112129211,0.6179999709129333,0.43149998784065247
YOR363C,YER021W,0,-6.2216744,0.1252533495426178,0.6179999709129333,0.43160000443458557
YER167W,YJR028W,0,-6.221767,0.12522795796394348,0.6179999709129333,0.4316999912261963
YER062C,YHR215W,1,-6.2217927,0.1254051923751831,0.6190000176429749,0.4316999912261963
YFR034C,YER144C,0,-6.2219214,0.1253797858953476,0.6190000176429749,0.4318000078201294
YPR070W,YIL008W,0,-6.2219954,0.12535439431667328,0.6190000176429749,0.4318999946117401
YGR163W,YDR150W,0,-6.222147,0.12532901763916016,0.6190000176429749,0.4320000112056732
YMR215W,YBR159W,0,-6.22247,0.12530364096164703,0.6190000176429749,0.43209999799728394
YCL014W,YOR305W,0,-6.222548,0.1252782791852951,0.6190000176429749,0.43220001459121704
YBR084W,YGL008C,0,-6.222877,0.12525293231010437,0.6190000176429749,0.43230000138282776
YHR147C,YPL060C-A,0,-6.2229056,0.12522760033607483,0.6190000176429749,0.4323999881744385
YNL038W,YLR221C,0,-6.2230506,0.1252022683620453,0.6190000176429749,0.4325000047683716
YML113W,YCL010C,0,-6.2232976,0.12517695128917694,0.6190000176429749,0.4325999915599823
YJL134W,YPR073C,1,-6.2235527,0.1253538280725479,0.6200000047683716,0.4325999915599823
YOR368W,YNL190W,0,-6.2237487,0.12532848119735718,0.6200000047683716,0.4327000081539154
YMR072W,YGL065C,0,-6.224562,0.12530314922332764,0.6200000047683716,0.4327999949455261
YNR028W,YAR008W,0,-6.2248807,0.1252778321504593,0.6200000047683716,0.43290001153945923
YPR175W,YNL307C,0,-6.224978,0.12525252997875214,0.6200000047683716,0.43299999833106995
YLR226W,YJL197W,0,-6.225013,0.12522722780704498,0.6200000047683716,0.43309998512268066
YIL078W,YAR010C,0,-6.2250686,0.12520194053649902,0.6200000047683716,0.43320000171661377
YGR202C,YOR117W,0,-6.2251434,0.12517665326595306,0.6200000047683716,0.4332999885082245
YOR202W,YDL066W,0,-6.2253566,0.1251513957977295,0.6200000047683716,0.4334000051021576
YMR208W,YNR043W,0,-6.225399,0.12512613832950592,0.6200000047683716,0.4334999918937683
YMR036C,YNR032W,1,-6.225429,0.12530265748500824,0.6209999918937683,0.4334999918937683
YDR258C,YGR109W-B,0,-6.2254376,0.12527738511562347,0.6209999918937683,0.4336000084877014
YOR377W,YOR343W-B,0,-6.2255483,0.1252521127462387,0.6209999918937683,0.43369999527931213
YBR008C,YER190W,0,-6.2258697,0.12522685527801514,0.6209999918937683,0.43380001187324524
YJL179W,YDR210C-D,0,-6.2258787,0.12520161271095276,0.6209999918937683,0.43389999866485596
YDR425W,YKL063C,0,-6.226161,0.12517637014389038,0.6209999918937683,0.4339999854564667
YDR421W,YOL145C,0,-6.226168,0.1251511424779892,0.6209999918937683,0.4341000020503998
YIL005W,YDL100C,0,-6.226173,0.1251259297132492,0.6209999918937683,0.4341999888420105
YFR016C,YML131W,0,-6.2264037,0.1251007318496704,0.6209999918937683,0.4343000054359436
YPR121W,YER090W,0,-6.2264366,0.1250755339860916,0.6209999918937683,0.4343999922275543
YGL020C,YNL252C,0,-6.2267237,0.12505033612251282,0.6209999918937683,0.4345000088214874
YGR144W,YCL005W-A,0,-6.226778,0.1250251680612564,0.6209999918937683,0.43459999561309814
YPL147W,YNR034W,0,-6.2267795,0.125,0.6209999918937683,0.43470001220703125
YBR068C,YDR325W,0,-6.2268043,0.12497484683990479,0.6209999918937683,0.43479999899864197
YGR204W,YOL052C-A,0,-6.2268376,0.12494970113039017,0.6209999918937683,0.4348999857902527
YLR450W,YGR122W,0,-6.2268624,0.12492456287145615,0.6209999918937683,0.4350000023841858
YOL059W,YCR091W,0,-6.226935,0.12489943951368332,0.6209999918937683,0.4350999891757965
YIL047C,YLR337W,0,-6.227171,0.12487432360649109,0.6209999918937683,0.4352000057697296
YBR227C,YDR277C,0,-6.2272997,0.12484921514987946,0.6209999918937683,0.43529999256134033
YJL112W,YNL250W,0,-6.2273383,0.12482412159442902,0.6209999918937683,0.43540000915527344
YLR022C,YBR108W,0,-6.227702,0.12479903548955917,0.6209999918937683,0.43549999594688416
YBR247C,YPL013C,0,-6.2277083,0.12477395683526993,0.6209999918937683,0.43560001254081726
YPL194W,YOR085W,0,-6.227771,0.12474889308214188,0.6209999918937683,0.435699999332428
YHR150W,YBR182C,0,-6.227897,0.12472383677959442,0.6209999918937683,0.4357999861240387
YCR063W,YJR074W,0,-6.22827,0.12469879537820816,0.6209999918937683,0.4359000027179718
YOL158C,YFR016C,0,-6.228288,0.1246737614274025,0.6209999918937683,0.4359999895095825
YDR130C,YER019W,0,-6.2284384,0.12464873492717743,0.6209999918937683,0.4361000061035156
YCL062W,YLR414C,0,-6.228593,0.12462372332811356,0.6209999918937683,0.43619999289512634
YDR464W,YGR144W,0,-6.2286563,0.12459871917963028,0.6209999918937683,0.43630000948905945
YOR008C,YJL029C,0,-6.2289505,0.1245737224817276,0.6209999918937683,0.43639999628067017
YLL036C,YLR040C,0,-6.229114,0.12454873323440552,0.6209999918937683,0.43650001287460327
YBR296C,YPL065W,0,-6.229197,0.12452375888824463,0.6209999918937683,0.436599999666214
YGL213C,YPR158C-D,0,-6.2292914,0.12449879944324493,0.6209999918937683,0.4366999864578247
YKL068W,YKL038W,0,-6.229539,0.12447383999824524,0.6209999918937683,0.4368000030517578
YLR300W,YDL020C,0,-6.2295594,0.12444889545440674,0.6209999918937683,0.43689998984336853
YOR125C,YER050C,0,-6.2300763,0.12442396581172943,0.6209999918937683,0.43700000643730164
YBR301W,YPR165W,0,-6.2300916,0.12439903616905212,0.6209999918937683,0.43709999322891235
YAR002W,YLR024C,0,-6.2302217,0.12437412142753601,0.6209999918937683,0.43720000982284546
YHR046C,YER075C,1,-6.230242,0.12454945594072342,0.621999979019165,0.43720000982284546
YDR519W,YML128C,0,-6.230306,0.12452452629804611,0.621999979019165,0.4372999966144562
YOR260W,YOR323C,0,-6.2306085,0.1244995966553688,0.621999979019165,0.4374000132083893
YCR055C,YNL167C,0,-6.2308044,0.12447468191385269,0.621999979019165,0.4375
YHR018C,YCR052W,0,-6.230984,0.12444978207349777,0.621999979019165,0.4375999867916107
YGL065C,YNL221C,0,-6.231071,0.12442488223314285,0.621999979019165,0.4377000033855438
YFL024C,YNL081C,0,-6.231137,0.12439999729394913,0.621999979019165,0.43779999017715454
YOR014W,YFR040W,1,-6.2311826,0.12457508593797684,0.6230000257492065,0.43779999017715454
YDR410C,YIL031W,0,-6.231467,0.12455017864704132,0.6230000257492065,0.43790000677108765
YMR221C,YEL021W,0,-6.231624,0.124525286257267,0.6230000257492065,0.43799999356269836
YHR043C,YFR025C,1,-6.231732,0.12470024079084396,0.6240000128746033,0.43799999356269836
YAR002C-A,YDR027C,0,-6.2318025,0.12467532604932785,0.6240000128746033,0.43810001015663147
YNL153C,YOR346W,0,-6.2318077,0.12465041875839233,0.6240000128746033,0.4381999969482422
YDL149W,YMR054W,0,-6.2318277,0.12462552636861801,0.6240000128746033,0.4383000135421753
YNL258C,YOR346W,0,-6.231832,0.12460064142942429,0.6240000128746033,0.438400000333786
YER089C,YDR074W,1,-6.231843,0.12477540224790573,0.625,0.438400000333786
YCR020C-A,YDR261W-A,0,-6.2319336,0.12475050240755081,0.625,0.43849998712539673
YHR026W,YJL127C,0,-6.232173,0.12472560256719589,0.625,0.43860000371932983
YPR183W,YJR143C,0,-6.2322736,0.12470071762800217,0.625,0.43869999051094055
YKL132C,YNL310C,0,-6.232304,0.12467584013938904,0.625,0.43880000710487366
YBL023C,YAL001C,0,-6.2323327,0.1246509775519371,0.625,0.4388999938964844
YJL034W,YKL165C,0,-6.2324557,0.12462612241506577,0.625,0.4390000104904175
YDR264C,YLR157C-B,0,-6.232594,0.12460127472877502,0.625,0.4390999972820282
YLR163C,YOR149C,0,-6.2326145,0.12457644194364548,0.625,0.4392000138759613
YLR019W,YKR053C,1,-6.232653,0.12475089728832245,0.6259999871253967,0.4392000138759613
YOL026C,YOL094C,0,-6.232745,0.12472604215145111,0.6259999871253967,0.439300000667572
YOL084W,YBL025W,0,-6.2328553,0.12470119446516037,0.6259999871253967,0.43939998745918274
YBR278W,YLR224W,0,-6.2329297,0.12467636168003082,0.6259999871253967,0.43950000405311584
YAL044C,YHR196W,0,-6.232987,0.12465153634548187,0.6259999871253967,0.43959999084472656
YDL093W,YDL147W,0,-6.23319,0.12462671846151352,0.6259999871253967,0.43970000743865967
YOR334W,YDL211C,0,-6.2334247,0.12460190802812576,0.6259999871253967,0.4397999942302704
YLR214W,YGR105W,0,-6.233487,0.1245771124958992,0.6259999871253967,0.4399000108242035
YIL037C,YKR086W,0,-6.2335405,0.12455232441425323,0.6259999871253967,0.4399999976158142
YER183C,YCR020C-A,0,-6.234181,0.12452755123376846,0.6259999871253967,0.4401000142097473
YOL041C,YLR467W,0,-6.234316,0.12450278550386429,0.6259999871253967,0.44020000100135803
YER027C,YGR231C,0,-6.234403,0.12447802722454071,0.6259999871253967,0.44029998779296875
YAL043C,YLR070C,0,-6.2345905,0.12445328384637833,0.6259999871253967,0.44040000438690186
YPL075W,YHR214C-B,0,-6.2346883,0.12442854046821594,0.6259999871253967,0.4404999911785126
YBL006C,YHR026W,0,-6.2350087,0.12440381199121475,0.6259999871253967,0.4406000077724457
YDR337W,YMR247C,0,-6.2350726,0.12437909841537476,0.6259999871253967,0.4406999945640564
YNL126W,YJL156C,0,-6.2350764,0.12435439229011536,0.6259999871253967,0.4408000111579895
YPR201W,YDR323C,0,-6.235095,0.12432969361543655,0.6259999871253967,0.4408999979496002
YBR092C,YNL217W,1,-6.235158,0.12450357526540756,0.6269999742507935,0.4408999979496002
YIL115C,YFL038C,0,-6.2351584,0.12447885423898697,0.6269999742507935,0.4410000145435333
YOR298W,YPL031C,0,-6.2353177,0.12445414811372757,0.6269999742507935,0.44110000133514404
YER159C,YDL067C,0,-6.235367,0.12442944943904877,0.6269999742507935,0.44119998812675476
YDR052C,YGR274C,0,-6.2354803,0.12440475821495056,0.6269999742507935,0.44130000472068787
YHR086W,YDL138W,0,-6.235513,0.12438008189201355,0.6269999742507935,0.4413999915122986
YPL156C,YNL197C,0,-6.2355404,0.12435541301965714,0.6269999742507935,0.4415000081062317
YGL195W,YER087C-B,0,-6.235564,0.12433075904846191,0.6269999742507935,0.4415999948978424
YDL198C,YAR031W,0,-6.2357364,0.1243061050772667,0.6269999742507935,0.4417000114917755
YJL099W,YKL097W-A,0,-6.2359805,0.12428146600723267,0.6269999742507935,0.44179999828338623
YDL056W,YKR013W,0,-6.236031,0.12425683438777924,0.6269999742507935,0.44190001487731934
YLR039C,YJR135W-A,0,-6.2360635,0.124232217669487,0.6269999742507935,0.44200000166893005
YLR188W,YDL012C,0,-6.236108,0.12420760840177536,0.6269999742507935,0.44209998846054077
YMR264W,YGL244W,0,-6.236467,0.12418300658464432,0.6269999742507935,0.4422000050544739
YKR069W,YDR488C,0,-6.23663,0.12415841221809387,0.6269999742507935,0.4422999918460846
YGR103W,YBR044C,0,-6.236721,0.12413383275270462,0.6269999742507935,0.4424000084400177
YGL089C,YPL016W,0,-6.236755,0.12410926073789597,0.6269999742507935,0.4424999952316284
YNL130C,YDR368W,0,-6.2368774,0.1240847036242485,0.6269999742507935,0.4426000118255615
YOR355W,YDL045W-A,0,-6.236933,0.12406015396118164,0.6269999742507935,0.44269999861717224
YGR119C,YBR060C,0,-6.2370195,0.12403561174869537,0.6269999742507935,0.44279998540878296
YIR005W,YPR018W,0,-6.237035,0.1240110769867897,0.6269999742507935,0.44290000200271606
YMR043W,YHR010W,0,-6.2370877,0.12398654967546463,0.6269999742507935,0.4429999887943268
YBR145W,YDR420W,0,-6.2371707,0.12396203726530075,0.6269999742507935,0.4431000053882599
YBR286W,YJR060W,0,-6.237289,0.12393753975629807,0.6269999742507935,0.4431999921798706
YLL041C,YDR369C,0,-6.2373214,0.12391304224729538,0.6269999742507935,0.4433000087738037
YCL014W,YJR054W,0,-6.237346,0.12388855963945389,0.6269999742507935,0.44339999556541443
YOR125C,YBR241C,0,-6.237879,0.123864084482193,0.6269999742507935,0.44350001215934753
YMR101C,YGR266W,0,-6.23804,0.12383962422609329,0.6269999742507935,0.44359999895095825
YGR225W,YOR084W,0,-6.238113,0.12381516396999359,0.6269999742507935,0.44369998574256897
YHR043C,YMR036C,1,-6.2383,0.12398815155029297,0.628000020980835,0.44369998574256897
YCR053W,YLR410W-A,0,-6.238319,0.12396367639303207,0.628000020980835,0.4438000023365021
YOR030W,YLR059C,0,-6.238608,0.12393921613693237,0.628000020980835,0.4438999891281128
YGR264C,YGL244W,0,-6.2386193,0.12391475588083267,0.628000020980835,0.4440000057220459
YPL221W,YMR109W,0,-6.2386403,0.12389031052589417,0.628000020980835,0.4440999925136566
YDL160C,YGR254W,0,-6.2388444,0.12386588007211685,0.628000020980835,0.4442000091075897
YGL066W,YBR271W,0,-6.2390685,0.12384144961833954,0.628000020980835,0.44429999589920044
YIL021W,YDR210C-D,0,-6.2390895,0.12381703406572342,0.628000020980835,0.44440001249313354
YKR009C,YPR179C,0,-6.2391706,0.1237926259636879,0.628000020980835,0.44449999928474426
YDR301W,YJL035C,0,-6.2394104,0.12376823276281357,0.628000020980835,0.444599986076355
YDR284C,YCR079W,1,-6.2394347,0.12394088506698608,0.6290000081062317,0.444599986076355
YIL140W,YFR041C,0,-6.239551,0.12391646951436996,0.6290000081062317,0.4447000026702881
YDR367W,YOR338W,0,-6.2395678,0.12389206141233444,0.6290000081062317,0.4447999894618988
YMR215W,YGL026C,0,-6.239595,0.12386766076087952,0.6290000081062317,0.4449000060558319
YBR200W,YBL025W,0,-6.2397747,0.12384327501058578,0.6290000081062317,0.4449999928474426
YMR232W,YPR011C,0,-6.239817,0.12381889671087265,0.6290000081062317,0.44510000944137573
YLR288C,YML097C,0,-6.2398887,0.12379452586174011,0.6290000081062317,0.44519999623298645
YDL230W,YGR161C,1,-6.2399817,0.12396693974733353,0.6299999952316284,0.44519999623298645
YLR268W,YCL069W,0,-6.2400837,0.1239425539970398,0.6299999952316284,0.44530001282691956
YNL052W,YPL124W,0,-6.240203,0.12391817569732666,0.6299999952316284,0.4453999996185303
YHR114W,YLR095C,0,-6.2404075,0.12389380484819412,0.6299999952316284,0.445499986410141
YKL032C,YHR074W,0,-6.240413,0.12386944890022278,0.6299999952316284,0.4456000030040741
YDR503C,YMR165C,1,-6.2404304,0.12404167652130127,0.6309999823570251,0.4456000030040741
YDL160C,YMR125W,0,-6.240501,0.12401729822158813,0.6309999823570251,0.4456999897956848
YEL015W,YBR136W,0,-6.2405076,0.1239929273724556,0.6309999823570251,0.4458000063896179
YPL031C,YDR308C,0,-6.2408357,0.12396856397390366,0.6309999823570251,0.44589999318122864
YJR035W,YBR258C,0,-6.2410574,0.12394421547651291,0.6309999823570251,0.44600000977516174
YLR438C-A,YGL163C,0,-6.241481,0.12391987442970276,0.6309999823570251,0.44609999656677246
YML101C,YMR019W,0,-6.2415686,0.1238955408334732,0.6309999823570251,0.44620001316070557
YDL215C,YBR297W,0,-6.241676,0.12387122213840485,0.6309999823570251,0.4462999999523163
YGL229C,YNL032W,1,-6.241716,0.12404318153858185,0.6320000290870667,0.4462999999523163
YBR015C,YEL013W,0,-6.2417865,0.1240188404917717,0.6320000290870667,0.446399986743927
YFL039C,YOR078W,0,-6.241925,0.12399450689554214,0.6320000290870667,0.4465000033378601
YOL003C,YDR055W,0,-6.2419786,0.12397018074989319,0.6320000290870667,0.4465999901294708
YLR138W,YPR143W,0,-6.242013,0.12394586950540543,0.6320000290870667,0.44670000672340393
YPR175W,YNL063W,0,-6.242079,0.12392156571149826,0.6320000290870667,0.44679999351501465
YMR219W,YNL145W,0,-6.2421756,0.12389727681875229,0.6320000290870667,0.44690001010894775
YDL024C,YOL064C,1,-6.2422376,0.12406899034976959,0.6330000162124634,0.44690001010894775
YCR003W,YMR218C,0,-6.242258,0.12404467910528183,0.6330000162124634,0.44699999690055847
YER159C,YGR138C,0,-6.2423425,0.12402037531137466,0.6330000162124634,0.4471000134944916
YDR301W,YOR321W,0,-6.2424436,0.1239960789680481,0.6330000162124634,0.4472000002861023
YLR141W,YBR265W,0,-6.242493,0.12397179752588272,0.6330000162124634,0.447299987077713
YNL166C,YLR391W-A,0,-6.242624,0.12394752353429794,0.6330000162124634,0.4474000036716461
YHL015W,YER190W,0,-6.2427216,0.12392325699329376,0.6330000162124634,0.44749999046325684
YNL052W,YPL002C,0,-6.242763,0.12389900535345078,0.6330000162124634,0.44760000705718994
YDL028C,YDR247W,0,-6.242813,0.12387475371360779,0.6330000162124634,0.44769999384880066
YDR121W,YDR466W,0,-6.242925,0.123850516974926,0.6330000162124634,0.44780001044273376
YPL110C,YBR058C-A,0,-6.2432137,0.1238262876868248,0.6330000162124634,0.4478999972343445
YOL068C,YER142C,0,-6.2432494,0.1238020732998848,0.6330000162124634,0.4480000138282776
YDR079W,YGL161C,0,-6.243257,0.12377786636352539,0.6330000162124634,0.4481000006198883
YNL004W,YPL006W,0,-6.2434754,0.12375366687774658,0.6330000162124634,0.448199987411499
YCR091W,YOL100W,0,-6.2435546,0.12372947484254837,0.6330000162124634,0.44830000400543213
YLR381W,YGR038C-B,0,-6.2437134,0.12370529770851135,0.6330000162124634,0.44839999079704285
YER029C,YMR093W,0,-6.2440524,0.12368112802505493,0.6330000162124634,0.44850000739097595
YFR028C,YER075C,1,-6.244084,0.12385231256484985,0.6340000033378601,0.44850000739097595
YMR180C,YHR215W,1,-6.2441936,0.1240234375,0.6349999904632568,0.44850000739097595
YOR148C,YFL049W,0,-6.244289,0.1239992156624794,0.6349999904632568,0.44859999418258667
YOR278W,YIL076W,0,-6.244307,0.12397500872612,0.6349999904632568,0.4487000107765198
YIL119C,YDL122W,0,-6.244415,0.12395080924034119,0.6349999904632568,0.4487999975681305
YER036C,YAL029C,0,-6.2445827,0.12392661720514297,0.6349999904632568,0.4489000141620636
YPL221W,YGL194C,0,-6.2446184,0.12390244007110596,0.6349999904632568,0.4490000009536743
YHR047C,YER113C,0,-6.2446237,0.12387827038764954,0.6349999904632568,0.44909998774528503
YCR066W,YHR014W,0,-6.244663,0.12385410815477371,0.6349999904632568,0.44920000433921814
YOR202W,YIR006C,0,-6.2446685,0.12382995337247849,0.6349999904632568,0.44929999113082886
YGL181W,YLR309C,0,-6.2446804,0.12380581349134445,0.6349999904632568,0.44940000772476196
YDR076W,YOL034W,0,-6.2449684,0.12378167361021042,0.6349999904632568,0.4494999945163727
YML127W,YDL052C,0,-6.2452855,0.12375754863023758,0.6349999904632568,0.4496000111103058
YPR073C,YLL010C,1,-6.2453423,0.12392829358577728,0.6359999775886536,0.4496000111103058
YDR141C,YPL096C-A,0,-6.245355,0.12390414625406265,0.6359999775886536,0.4496999979019165
YBL047C,YIL172C,0,-6.245514,0.12388001382350922,0.6359999775886536,0.4498000144958496
YOR112W,YLR405W,0,-6.2456145,0.12385588884353638,0.6359999775886536,0.4499000012874603
YNR032C-A,YLR382C,0,-6.245711,0.12383177876472473,0.6359999775886536,0.44999998807907104
YJR093C,YIL160C,0,-6.245963,0.12380766868591309,0.6359999775886536,0.45010000467300415
YMR021C,YDL085W,0,-6.2459683,0.12378357350826263,0.6359999775886536,0.45019999146461487
YGL065C,YPL192C,0,-6.2462792,0.12375948578119278,0.6359999775886536,0.450300008058548
YBL032W,YDR177W,0,-6.2464147,0.12373540550470352,0.6359999775886536,0.4503999948501587
YHR099W,YOL019W,0,-6.246477,0.12371134012937546,0.6359999775886536,0.4505000114440918
YNL258C,YCL062W,0,-6.246479,0.12368728220462799,0.6359999775886536,0.4505999982357025
YCR105W,YCL057W,0,-6.2466807,0.12366323173046112,0.6359999775886536,0.4507000148296356
YNR055C,YEL034W,0,-6.2470207,0.12363918870687485,0.6359999775886536,0.45080000162124634
YNL325C,YER089C,1,-6.2470584,0.12380952388048172,0.6370000243186951,0.45080000162124634
YIL119C,YER190W,0,-6.247077,0.12378546595573425,0.6370000243186951,0.45089998841285706
YBR136W,YLR050C,0,-6.2472715,0.12376141548156738,0.6370000243186951,0.45100000500679016
YIL046W,YNR064C,0,-6.247294,0.12373737245798111,0.6370000243186951,0.4510999917984009
YEL064C,YLR200W,0,-6.2473097,0.12371334433555603,0.6370000243186951,0.451200008392334
YHR101C,YER179W,0,-6.247356,0.12368932366371155,0.6370000243186951,0.4512999951839447
YPL228W,YDR503C,1,-6.2474403,0.12385944277048111,0.6380000114440918,0.4512999951839447
YJL192C,YML039W,0,-6.2475395,0.12383540719747543,0.6380000114440918,0.4514000117778778
YDR353W,YOR285W,0,-6.247563,0.12381137162446976,0.6380000114440918,0.4514999985694885
YDR184C,YER146W,0,-6.2475834,0.12378735095262527,0.6380000114440918,0.45159998536109924
YOR359W,YKL175W,0,-6.247711,0.12376333773136139,0.6380000114440918,0.45170000195503235
YLR429W,YBR026C,0,-6.247807,0.1237393319606781,0.6380000114440918,0.45179998874664307
YIL131C,YKL134C,0,-6.2478976,0.123715341091156,0.6380000114440918,0.45190000534057617
YDL056W,YML107C,0,-6.2479453,0.12369135022163391,0.6380000114440918,0.4519999921321869
YER075C,YMR261C,1,-6.248072,0.12386121600866318,0.6389999985694885,0.4519999921321869
YMR190C,YDR476C,0,-6.2480826,0.12383721023797989,0.6389999985694885,0.45210000872612
YPR105C,YKL211C,0,-6.248138,0.1238132119178772,0.6389999985694885,0.4521999955177307
YGR032W,YHR206W,0,-6.248335,0.1237892284989357,0.6389999985694885,0.4523000121116638
YGL084C,YDR545W,0,-6.2483764,0.1237652525305748,0.6389999985694885,0.45239999890327454
YOR242C,YDR400W,0,-6.248402,0.1237412840127945,0.6389999985694885,0.45249998569488525
YLR074C,YGR292W,0,-6.2485604,0.12371733039617538,0.6389999985694885,0.45260000228881836
YMR170C,YDR454C,0,-6.2486315,0.12369337677955627,0.6389999985694885,0.4526999890804291
YIL150C,YPR181C,0,-6.248711,0.12366943806409836,0.6389999985694885,0.4528000056743622
YOL070C,YDL046W,0,-6.24872,0.12364551424980164,0.6389999985694885,0.4528999924659729
YDR284C,YJL098W,1,-6.2488313,0.12381505221128464,0.6399999856948853,0.4528999924659729
YCR063W,YKL067W,0,-6.248853,0.12379110604524612,0.6399999856948853,0.453000009059906
YLR228C,YDL076C,0,-6.2488804,0.12376715987920761,0.6399999856948853,0.4530999958515167
YMR105C,YFR031C,0,-6.2489944,0.12374323606491089,0.6399999856948853,0.45320001244544983
YGR286C,YDL202W,0,-6.2491493,0.12371931225061417,0.6399999856948853,0.45329999923706055
YAL030W,YJR120W,0,-6.2492347,0.12369540333747864,0.6399999856948853,0.45339998602867126
YML036W,YKR052C,0,-6.24927,0.12367149442434311,0.6399999856948853,0.45350000262260437
YBR288C,YNL129W,0,-6.249286,0.12364760786294937,0.6399999856948853,0.4535999894142151
YDL014W,YDR306C,0,-6.249382,0.12362372130155563,0.6399999856948853,0.4537000060081482
YKR046C,YJR133W,0,-6.2494016,0.12359984219074249,0.6399999856948853,0.4537999927997589
YBR070C,YGL100W,0,-6.249412,0.12357597798109055,0.6399999856948853,0.453900009393692
YOL069W,YML046W,0,-6.2494283,0.1235521212220192,0.6399999856948853,0.45399999618530273
YGR231C,YDL194W,0,-6.249486,0.12352827936410904,0.6399999856948853,0.45410001277923584
YDL040C,YGR283C,0,-6.249635,0.12350443750619888,0.6399999856948853,0.45419999957084656
YDR188W,YFL002W-B,0,-6.249658,0.12348061054944992,0.6399999856948853,0.4542999863624573
YPR164W,YGR251W,0,-6.2499566,0.12345679104328156,0.6399999856948853,0.4544000029563904
YMR030W,YJR096W,0,-6.250097,0.12343297898769379,0.6399999856948853,0.4544999897480011
YGL116W,YNL098C,0,-6.250195,0.12340918183326721,0.6399999856948853,0.4546000063419342
YJR052W,YMR166C,0,-6.250298,0.12338538467884064,0.6399999856948853,0.4546999931335449
YDR076W,YPR158C-C,0,-6.250429,0.12336160242557526,0.6399999856948853,0.454800009727478
YOR125C,YML106W,0,-6.2504306,0.12333782762289047,0.6399999856948853,0.45489999651908875
YOL152W,YLR312C-B,0,-6.250431,0.12331406772136688,0.6399999856948853,0.45500001311302185
YMR120C,YLR064W,0,-6.2504826,0.12329030781984329,0.6399999856948853,0.45509999990463257
YJL165C,YBL028C,0,-6.2504954,0.1232665628194809,0.6399999856948853,0.4551999866962433
YHR047C,YIL017W,0,-6.251071,0.1232428252696991,0.6399999856948853,0.4553000032901764
YER169W,YOL103W-A,0,-6.2510896,0.12321910262107849,0.6399999856948853,0.4553999900817871
YDL122W,YDR495C,0,-6.25123,0.12319537997245789,0.6399999856948853,0.4555000066757202
YNL245C,YEL042W,0,-6.2512965,0.12317167222499847,0.6399999856948853,0.45559999346733093
YOL043C,YGL131C,0,-6.2514796,0.12314797192811966,0.6399999856948853,0.45570001006126404
YLR182W,YJR046W,0,-6.2515054,0.12312427908182144,0.6399999856948853,0.45579999685287476
YEL017C-A,YNL025C,0,-6.251509,0.12310059368610382,0.6399999856948853,0.45590001344680786
YJR091C,YBR271W,0,-6.2516212,0.1230769231915474,0.6399999856948853,0.4560000002384186
YJL209W,YJR077C,0,-6.2517495,0.12305326014757156,0.6399999856948853,0.4560999870300293
YOR204W,YLR467W,0,-6.2517815,0.12302960455417633,0.6399999856948853,0.4562000036239624
YPR075C,YHL034C,0,-6.2517953,0.1230059564113617,0.6399999856948853,0.4562999904155731
YKL054C,YOL144W,0,-6.2517953,0.12298232316970825,0.6399999856948853,0.4564000070095062
YIL053W,YNL032W,1,-6.251863,0.12315081804990768,0.640999972820282,0.4564000070095062
YMR240C,YFL008W,0,-6.2519865,0.12312716245651245,0.640999972820282,0.45649999380111694
YDL024C,YBR276C,1,-6.2520614,0.12329556047916412,0.6420000195503235,0.45649999380111694
YIR010W,YNL058C,0,-6.2522306,0.1232718899846077,0.6420000195503235,0.45660001039505005
YBR084C-A,YBR289W,0,-6.252768,0.12324822694063187,0.6420000195503235,0.45669999718666077
YBR260C,YDR500C,0,-6.2529554,0.12322457134723663,0.6420000195503235,0.45680001378059387
YER075C,YGL224C,1,-6.2530804,0.12339282035827637,0.6430000066757202,0.45680001378059387
YLR361C,YAL026C,0,-6.2531147,0.12336914986371994,0.6430000066757202,0.4569000005722046
YPR176C,YLL022C,0,-6.253142,0.12334547936916351,0.6430000066757202,0.4569999873638153
YKL127W,YPR054W,0,-6.2533417,0.12332182377576828,0.6430000066757202,0.4571000039577484
YDL209C,YOR207C,0,-6.253369,0.12329817563295364,0.6430000066757202,0.45719999074935913
YEL056W,YML127W,0,-6.2535253,0.1232745423913002,0.6430000066757202,0.45730000734329224
YBR253W,YML018C,0,-6.2539616,0.12325090914964676,0.6430000066757202,0.45739999413490295
YPR075C,YDR541C,0,-6.2540307,0.12322729080915451,0.6430000066757202,0.45750001072883606
YNL328C,YPR113W,0,-6.254072,0.12320367991924286,0.6430000066757202,0.4575999975204468
YHL016C,YOL034W,0,-6.2543178,0.1231800764799118,0.6430000066757202,0.4577000141143799
YDR517W,YGR099W,0,-6.2543883,0.12315648049116135,0.6430000066757202,0.4578000009059906
YDR322C-A,YBR097W,0,-6.2543936,0.12313289940357208,0.6430000066757202,0.4578999876976013
YJR147W,YDR080W,0,-6.2547154,0.12310932576656342,0.6430000066757202,0.4580000042915344
YKR038C,YAL015C,0,-6.254762,0.12308575958013535,0.6430000066757202,0.45809999108314514
YML019W,YIL123W,0,-6.254805,0.12306220084428787,0.6430000066757202,0.45820000767707825
YPR018W,YNL024C,0,-6.2553773,0.123038649559021,0.6430000066757202,0.45829999446868896
YER133W,YIL053W,1,-6.255505,0.12320642918348312,0.6439999938011169,0.45829999446868896
YPR034W,YDR177W,0,-6.2555723,0.12318286299705505,0.6439999938011169,0.45840001106262207
YFL001W,YNL334C,0,-6.2556024,0.12315930426120758,0.6439999938011169,0.4584999978542328
YBR233W-A,YJL207C,0,-6.2557473,0.1231357529759407,0.6439999938011169,0.4586000144481659
YLL031C,YPL053C,0,-6.2557535,0.12311221659183502,0.6439999938011169,0.4587000012397766
YKL004W,YCR004C,0,-6.2557683,0.12308868765830994,0.6439999938011169,0.45879998803138733
YKR046C,YHR138C,0,-6.2558,0.12306516617536545,0.6439999938011169,0.45890000462532043
YJR150C,YCR008W,0,-6.2558694,0.12304165214300156,0.6439999938011169,0.45899999141693115
YBR272C,YLR227W-A,0,-6.256374,0.12301814556121826,0.6439999938011169,0.45910000801086426
YBR227C,YJL074C,0,-6.256409,0.12299465388059616,0.6439999938011169,0.459199994802475
YCL057W,YOR224C,0,-6.256495,0.12297116965055466,0.6439999938011169,0.4593000113964081
YGL241W,YNL058C,0,-6.256501,0.12294769287109375,0.6439999938011169,0.4593999981880188
YMR020W,YER153C,0,-6.2567663,0.12292422354221344,0.6439999938011169,0.4595000147819519
YHR067W,YBR251W,0,-6.257055,0.12290076166391373,0.6439999938011169,0.4596000015735626
YNR032W,YKR053C,1,-6.2570577,0.12306811660528183,0.6449999809265137,0.4596000015735626
YOL021C,YBR256C,0,-6.257095,0.12304463982582092,0.6449999809265137,0.45969998836517334
YDR031W,YOR201C,0,-6.2571354,0.12302117049694061,0.6449999809265137,0.45980000495910645
YMR168C,YPR137C-A,0,-6.257255,0.1229977086186409,0.6449999809265137,0.45989999175071716
YOL068C,YNL268W,0,-6.2573347,0.12297426164150238,0.6449999809265137,0.46000000834465027
YER087C-B,YML114C,0,-6.257363,0.12295082211494446,0.6449999809265137,0.460099995136261
YPL192C,YJL127C,0,-6.2574162,0.12292739003896713,0.6449999809265137,0.4602000117301941
YPL169C,YBR081C,0,-6.257455,0.1229039654135704,0.6449999809265137,0.4602999985218048
YBR022W,YNR032W,1,-6.25755,0.12307105958461761,0.6460000276565552,0.4602999985218048
YGL044C,YPL236C,0,-6.2576017,0.12304762005805969,0.6460000276565552,0.4603999853134155
YHR187W,YDR072C,0,-6.2577715,0.12302418798208237,0.6460000276565552,0.46050000190734863
YOR377W,YNL245C,0,-6.2578783,0.12300076335668564,0.6460000276565552,0.46059998869895935
YLR361C,YER146W,0,-6.258138,0.1229773461818695,0.6460000276565552,0.46070000529289246
YJL074C,YDL185W,0,-6.258427,0.12295393645763397,0.6460000276565552,0.4607999920845032
YPL084W,YDR414C,0,-6.258764,0.12293054163455963,0.6460000276565552,0.4609000086784363
YJR075W,YDL217C,0,-6.258858,0.12290715426206589,0.6460000276565552,0.460999995470047
YPL220W,YEL077C,0,-6.258885,0.12288377434015274,0.6460000276565552,0.4611000120639801
YKR036C,YKL097W-A,0,-6.258924,0.12286040186882019,0.6460000276565552,0.4611999988555908
YNL297C,YNR045W,0,-6.2590237,0.12283704429864883,0.6460000276565552,0.46129998564720154
YHR046C,YDR436W,1,-6.259378,0.12300380319356918,0.6470000147819519,0.46129998564720154
YJR104C,YOR088W,0,-6.25952,0.12298042327165604,0.6470000147819519,0.46140000224113464
YML078W,YKL191W,0,-6.2595286,0.12295705080032349,0.6470000147819519,0.46149998903274536
YMR125W,YIL172C,0,-6.2595334,0.12293368577957153,0.6470000147819519,0.46160000562667847
YOL104C,YIL029C,0,-6.2597365,0.12291033565998077,0.6470000147819519,0.4616999924182892
YML004C,YDL121C,0,-6.259855,0.12288699299097061,0.6470000147819519,0.4618000090122223
YER007W,YNL305C,0,-6.2601924,0.12286365032196045,0.6470000147819519,0.461899995803833
YBR114W,YNL046W,0,-6.260384,0.12284033000469208,0.6470000147819519,0.4620000123977661
YPL086C,YLR440C,0,-6.2607446,0.1228170096874237,0.6470000147819519,0.46209999918937683
YER111C,YPL257W-A,0,-6.2608876,0.12279369682073593,0.6470000147819519,0.46219998598098755
YJR076C,YMR322C,0,-6.2608986,0.12277039885520935,0.6470000147819519,0.46230000257492065
YML046W,YCR073W-A,0,-6.2609487,0.12274710834026337,0.6470000147819519,0.46239998936653137
YIL002C,YDL236W,1,-6.2609496,0.12291350215673447,0.6480000019073486,0.46239998936653137
YDR022C,YLR396C,0,-6.2610035,0.12289019674062729,0.6480000019073486,0.4625000059604645
YMR323W,YEL004W,0,-6.2611012,0.12286689132452011,0.6480000019073486,0.4625999927520752
YMR055C,YPR086W,0,-6.2611012,0.12284360080957413,0.6480000019073486,0.4627000093460083
YLR361C,YIL143C,0,-6.261173,0.12282031774520874,0.6480000019073486,0.462799996137619
YJL013C,YER087W,0,-6.261326,0.12279704213142395,0.6480000019073486,0.4629000127315521
YGR029W,YGL251C,0,-6.261333,0.12277378141880035,0.6480000019073486,0.46299999952316284
YFR019W,YLR417W,0,-6.261394,0.12275052070617676,0.6480000019073486,0.46309998631477356
YOR177C,YNL046W,0,-6.2615848,0.12272727489471436,0.6480000019073486,0.46320000290870667
YER061C,YCR018C,0,-6.26166,0.12270403653383255,0.6480000019073486,0.4632999897003174
YOR241W,YHR157W,0,-6.2616763,0.12268080562353134,0.6480000019073486,0.4634000062942505
YDR448W,YOR386W,0,-6.2617245,0.12265758216381073,0.6480000019073486,0.4634999930858612
YDR214W,YDL185W,0,-6.2620826,0.12263436615467072,0.6480000019073486,0.4636000096797943
YBR110W,YDL108W,0,-6.2621117,0.1226111650466919,0.6480000019073486,0.46369999647140503
YLR270W,YER120W,0,-6.2621417,0.12258797138929367,0.6480000019073486,0.46380001306533813
YDR456W,YCL054W,0,-6.2622113,0.12256478518247604,0.6480000019073486,0.46389999985694885
YHR046C,YMR087W,1,-6.262341,0.12273070961236954,0.6489999890327454,0.46389999985694885
YMR275C,YDL121C,0,-6.2624702,0.12270750850439072,0.6489999890327454,0.46399998664855957
YDR380W,YCR037C,0,-6.2624784,0.1226843073964119,0.6489999890327454,0.4641000032424927
YKL165C,YDR316W-A,0,-6.2625394,0.12266112118959427,0.6489999890327454,0.4641999900341034
YPL271W,YOR130C,0,-6.26259,0.12263794243335724,0.6489999890327454,0.4643000066280365
YMR277W,YNL217W,1,-6.2625914,0.1228037029504776,0.6499999761581421,0.4643000066280365
YGR279C,YHR039C-A,0,-6.2626615,0.12278050929307938,0.6499999761581421,0.4643999934196472
YDR046C,YDL132W,0,-6.262737,0.12275731563568115,0.6499999761581421,0.4645000100135803
YPR141C,YGR211W,0,-6.2628884,0.12273413687944412,0.6499999761581421,0.46459999680519104
YML099C,YFR005C,0,-6.2629437,0.12271096557378769,0.6499999761581421,0.46470001339912415
YDR337W,YHR113W,0,-6.2630544,0.12268780916929245,0.6499999761581421,0.46480000019073486
YHR026W,YKL126W,0,-6.2632127,0.12266465276479721,0.6499999761581421,0.4648999869823456
YDR273W,YGL192W,0,-6.2637143,0.12264151126146317,0.6499999761581421,0.4650000035762787
YJL081C,YLR186W,0,-6.2639537,0.12261837720870972,0.6499999761581421,0.4650999903678894
YJL194W,YDR476C,0,-6.2639556,0.12259525060653687,0.6499999761581421,0.4652000069618225
YDR040C,YPR097W,0,-6.264189,0.12257213145494461,0.6499999761581421,0.4652999937534332
YOR241W,YJR086W,0,-6.2642198,0.12254901975393295,0.6499999761581421,0.46540001034736633
YER062C,YDR436W,1,-6.264536,0.12271442264318466,0.6510000228881836,0.46540001034736633
YBR092C,YDL134C,1,-6.2645946,0.122879758477211,0.6520000100135803,0.46540001034736633
YPL043W,YKL070W,0,-6.2646475,0.12285660207271576,0.6520000100135803,0.46549999713897705
YNL175C,YGR105W,0,-6.2647266,0.12283346056938171,0.6520000100135803,0.46560001373291016
YMR129W,YBR049C,0,-6.264774,0.12281031906604767,0.6520000100135803,0.4657000005245209
YBL009W,YGR052W,0,-6.264994,0.12278719246387482,0.6520000100135803,0.4657999873161316
YAL060W,YCR053W,0,-6.2651086,0.12276407331228256,0.6520000100135803,0.4659000039100647
YLR163C,YIR002C,0,-6.265135,0.1227409616112709,0.6520000100135803,0.4659999907016754
YKR069W,YJL028W,0,-6.2651696,0.12271786481142044,0.6520000100135803,0.4661000072956085
YDR179C,YCL066W,0,-6.2652464,0.12269476801156998,0.6520000100135803,0.46619999408721924
YGL222C,YDL028C,0,-6.265283,0.1226716861128807,0.6520000100135803,0.46630001068115234
YLR172C,YDR316W-A,0,-6.265291,0.12264861166477203,0.6520000100135803,0.46639999747276306
YLR084C,YNL301C,0,-6.2653327,0.12262553721666336,0.6520000100135803,0.46650001406669617
YOR265W,YLR183C,0,-6.26545,0.12260248512029648,0.6520000100135803,0.4666000008583069
YNR007C,YDR296W,0,-6.265487,0.1225794330239296,0.6520000100135803,0.4666999876499176
YOR216C,YNL047C,0,-6.2655797,0.12255638837814331,0.6520000100135803,0.4668000042438507
YGL043W,YOR334W,0,-6.2659607,0.12253335863351822,0.6520000100135803,0.4668999910354614
YDR518W,YDR229W,0,-6.2661004,0.12251033633947372,0.6520000100135803,0.46700000762939453
YNR039C,YDR476C,0,-6.266248,0.12248732149600983,0.6520000100135803,0.46709999442100525
YOL011W,YLL021W,0,-6.26644,0.12246431410312653,0.6520000100135803,0.46720001101493835
YGR244C,YNL087W,0,-6.266446,0.12244131416082382,0.6520000100135803,0.4672999978065491
YFL062W,YJL097W,0,-6.266579,0.12241832166910172,0.6520000100135803,0.4674000144004822
YNL267W,YJR096W,0,-6.2669406,0.1223953440785408,0.6520000100135803,0.4675000011920929
YNL081C,YHR016C,0,-6.2670507,0.12237237393856049,0.6520000100135803,0.4675999879837036
YJL139C,YMR295C,0,-6.26717,0.12234941124916077,0.6520000100135803,0.4677000045776367
YEL066W,YIL023C,0,-6.267262,0.12232645601034164,0.6520000100135803,0.46779999136924744
YMR232W,YFR045W,0,-6.2674212,0.12230350822210312,0.6520000100135803,0.46790000796318054
YGR165W,YEL024W,0,-6.267529,0.12228056788444519,0.6520000100135803,0.46799999475479126
YOR335C,YPL200W,0,-6.2676535,0.12225764244794846,0.6520000100135803,0.46810001134872437
YKL145W,YBR030W,0,-6.267815,0.12223471701145172,0.6520000100135803,0.4681999981403351
YCR010C,YPR186C,0,-6.267859,0.12221180647611618,0.6520000100135803,0.4683000147342682
YBR196C,YGL120C,0,-6.267927,0.12218890339136124,0.6520000100135803,0.4684000015258789
YPL167C,YGR141W,0,-6.268354,0.12216600775718689,0.6520000100135803,0.4684999883174896
YER002W,YDR307W,0,-6.268397,0.12214312702417374,0.6520000100135803,0.46860000491142273
YNR007C,YPL270W,0,-6.2685237,0.12212024629116058,0.6520000100135803,0.46869999170303345
YNL074C,YGR090W,0,-6.2688127,0.12209738045930862,0.6520000100135803,0.46880000829696655
YGR116W,YLR426W,0,-6.2688174,0.12207451462745667,0.6520000100135803,0.46889999508857727
YER117W,YPR032W,0,-6.268973,0.1220516636967659,0.6520000100135803,0.4690000116825104
YPR017C,YKL018W,0,-6.269076,0.12202882021665573,0.6520000100135803,0.4690999984741211
YGL095C,YJR096W,0,-6.2692313,0.12200599163770676,0.6520000100135803,0.4691999852657318
YDR343C,YDR160W,0,-6.2693467,0.12198316305875778,0.6520000100135803,0.4693000018596649
YFL008W,YJL045W,0,-6.269813,0.1219603419303894,0.6520000100135803,0.46939998865127563
YLR214W,YMR163C,0,-6.26985,0.12193753570318222,0.6520000100135803,0.46950000524520874
YDR462W,YPL092W,0,-6.2699876,0.12191473692655563,0.6520000100135803,0.46959999203681946
YBR276C,YNL217W,1,-6.270003,0.12207889556884766,0.652999997138977,0.46959999203681946
YCL016C,YBL093C,0,-6.270105,0.12205607444047928,0.652999997138977,0.46970000863075256
YGL170C,YLL066C,0,-6.2701106,0.1220332682132721,0.652999997138977,0.4697999954223633
YLR263W,YDL012C,0,-6.2701936,0.12201046198606491,0.652999997138977,0.4699000120162964
YCL027C-A,YIL070C,0,-6.2702937,0.12198767066001892,0.652999997138977,0.4699999988079071
YJL003W,YOR126C,0,-6.2702985,0.12196488678455353,0.652999997138977,0.4700999855995178
YKR083C,YHR176W,0,-6.270427,0.12194211035966873,0.652999997138977,0.4702000021934509
YDR507C,YOL019W,0,-6.2704806,0.12191934138536453,0.652999997138977,0.47029998898506165
YBR059C,YEL032W,0,-6.2706375,0.12189658731222153,0.652999997138977,0.47040000557899475
YJL096W,YOR190W,0,-6.271017,0.12187383323907852,0.652999997138977,0.47049999237060547
YHR092C,YKL010C,0,-6.271394,0.12185109406709671,0.652999997138977,0.4706000089645386
YNL020C,YKL089W,0,-6.271394,0.1218283548951149,0.652999997138977,0.4706999957561493
YJL090C,YDR036C,0,-6.271509,0.12180563062429428,0.652999997138977,0.4708000123500824
YPR020W,YPL274W,0,-6.2715497,0.12178291380405426,0.652999997138977,0.4708999991416931
YMR287C,YER153C,0,-6.2717185,0.12176021188497543,0.652999997138977,0.47099998593330383
YDR460W,YLR064W,0,-6.271794,0.1217375099658966,0.652999997138977,0.47110000252723694
YKL006W,YBL010C,0,-6.271822,0.12171481549739838,0.652999997138977,0.47119998931884766
YAR009C,YDR186C,0,-6.271894,0.12169213593006134,0.652999997138977,0.47130000591278076
YEL018W,YBR101C,0,-6.272046,0.1216694638133049,0.652999997138977,0.4713999927043915
YDR478W,YIL022W,0,-6.2721424,0.12164679914712906,0.652999997138977,0.4715000092983246
YDR453C,YHR214C-C,0,-6.272227,0.12162414193153381,0.652999997138977,0.4715999960899353
YML099C,YGR268C,0,-6.27224,0.12160149216651917,0.652999997138977,0.4717000126838684
YJL050W,YLR001C,0,-6.2723203,0.12157884985208511,0.652999997138977,0.4717999994754791
YBL006C,YLL056C,0,-6.272391,0.12155621498823166,0.652999997138977,0.47189998626708984
YMR101C,YPL033C,0,-6.272722,0.1215335950255394,0.652999997138977,0.47200000286102295
YMR042W,YLR452C,0,-6.2727437,0.12151097506284714,0.652999997138977,0.47209998965263367
YLL032C,YMR291W,0,-6.272768,0.12148837000131607,0.652999997138977,0.4722000062465668
YBR251W,YMR047C,0,-6.272827,0.1214657723903656,0.652999997138977,0.4722999930381775
YNL177C,YDR335W,0,-6.272845,0.12144318222999573,0.652999997138977,0.4724000096321106
YGR052W,YDL046W,0,-6.272921,0.12142059952020645,0.652999997138977,0.4724999964237213
YLR425W,YLL067C,0,-6.272952,0.12139803171157837,0.652999997138977,0.4726000130176544
YFL060C,YHR163W,0,-6.2732005,0.12137546390295029,0.652999997138977,0.47269999980926514
YMR056C,YOL078W,0,-6.273237,0.1213529109954834,0.652999997138977,0.47279998660087585
YGL222C,YKL155C,0,-6.273309,0.12133035808801651,0.652999997138977,0.47290000319480896
YNL164C,YIL128W,0,-6.2735205,0.12130782008171082,0.652999997138977,0.4729999899864197
YGL119W,YCL044C,0,-6.273603,0.12128528952598572,0.652999997138977,0.4731000065803528
YKL096W,YDR352W,0,-6.27362,0.12126276642084122,0.652999997138977,0.4731999933719635
YLR189C,YPR158W-A,0,-6.2736583,0.12124025076627731,0.652999997138977,0.4733000099658966
YBR035C,YPL246C,0,-6.2736697,0.1212177500128746,0.652999997138977,0.4733999967575073
YGR083C,YBL060W,0,-6.2738338,0.1211952492594719,0.652999997138977,0.47350001335144043
YKL134C,YGR202C,0,-6.2739253,0.12117275595664978,0.652999997138977,0.47360000014305115
YGL210W-A,YEL006W,0,-6.2739906,0.12115027755498886,0.652999997138977,0.47369998693466187
YOR014W,YMR087W,1,-6.2741203,0.12131329625844955,0.6539999842643738,0.47369998693466187
YFR015C,YNL262W,0,-6.2742767,0.12129080295562744,0.6539999842643738,0.47380000352859497
YOR321W,YGR279C,0,-6.274339,0.12126830965280533,0.6539999842643738,0.4738999903202057
YJL065C,YDR150W,0,-6.274984,0.12124583125114441,0.6539999842643738,0.4740000069141388
YER021W,YKL088W,0,-6.275167,0.12122335284948349,0.6539999842643738,0.4740999937057495
YNL042W,YDR179C,0,-6.2754025,0.12120088934898376,0.6539999842643738,0.4742000102996826
YCR082W,YNR004W,0,-6.275476,0.12117843329906464,0.6539999842643738,0.47429999709129333
YNL253W,YHR135C,0,-6.275702,0.1211559846997261,0.6539999842643738,0.47440001368522644
YOL084W,YAL001C,0,-6.275986,0.12113354355096817,0.6539999842643738,0.47450000047683716
YOR046C,YGR013W,0,-6.276093,0.12111110985279083,0.6539999842643738,0.4745999872684479
YDR211W,YKL101W,0,-6.2763247,0.12108868360519409,0.6539999842643738,0.474700003862381
YJR044C,YPL225W,0,-6.2765145,0.12106627225875854,0.6539999842643738,0.4747999906539917
YGR161C,YNL217W,1,-6.2768483,0.12122894823551178,0.6549999713897705,0.4747999906539917
YDR074W,YKR053C,1,-6.2768693,0.12139156460762024,0.656000018119812,0.4747999906539917
YNL258C,YJL137C,0,-6.2769046,0.12136910110712051,0.656000018119812,0.4749000072479248
YDR503C,YML016C,1,-6.276982,0.12153162807226181,0.6570000052452087,0.4749000072479248
YMR025W,YMR264W,0,-6.2772193,0.12150915712118149,0.6570000052452087,0.4749999940395355
YAL029C,YBR002C,0,-6.277223,0.12148668617010117,0.6570000052452087,0.47510001063346863
YLR268W,YPL180W,0,-6.277371,0.12146422266960144,0.6570000052452087,0.47519999742507935
YLR244C,YLL061W,0,-6.277496,0.12144177407026291,0.6570000052452087,0.47530001401901245
YPL170W,YDL101C,0,-6.2775226,0.12141933292150497,0.6570000052452087,0.47540000081062317
YPL036W,YKR014C,0,-6.2775435,0.12139689922332764,0.6570000052452087,0.4754999876022339
YFL041W,YDR076W,0,-6.2778716,0.1213744655251503,0.6570000052452087,0.475600004196167
YKR027W,YOR266W,0,-6.277904,0.12135204672813416,0.6570000052452087,0.4756999909877777
YIL023C,YDR261W-B,0,-6.2779517,0.1213296428322792,0.6570000052452087,0.4758000075817108
YHR051W,YGR038C-A,0,-6.2779517,0.12130723893642426,0.6570000052452087,0.47589999437332153
YAL015C,YDR181C,0,-6.2779984,0.1212848424911499,0.6570000052452087,0.47600001096725464
YLR172C,YOR319W,0,-6.2784977,0.12126246094703674,0.6570000052452087,0.47609999775886536
YMR283C,YDR129C,0,-6.2787604,0.12124007940292358,0.6570000052452087,0.47620001435279846
YDR147W,YGL133W,0,-6.278768,0.12121771275997162,0.6570000052452087,0.4763000011444092
YPL228W,YER133W,1,-6.2792435,0.12137982249259949,0.6579999923706055,0.4763000011444092
YEL069C,YDL108W,0,-6.279389,0.12135743349790573,0.6579999923706055,0.4763999879360199
YHR191C,YIL150C,0,-6.279476,0.12133505195379257,0.6579999923706055,0.476500004529953
YNL087W,YLR010C,0,-6.279625,0.1213126853108406,0.6579999923706055,0.4765999913215637
YKL004W,YLR145W,0,-6.279763,0.12129032611846924,0.6579999923706055,0.4767000079154968
YGR231C,YPR041W,0,-6.27982,0.12126796692609787,0.6579999923706055,0.47679999470710754
YMR125W,YGL210W,0,-6.28007,0.1212456226348877,0.6579999923706055,0.47690001130104065
YNL284C,YPL211W,0,-6.28034,0.12122328579425812,0.6579999923706055,0.47699999809265137
YPR184W,YMR140W,0,-6.280429,0.12120095640420914,0.6579999923706055,0.4771000146865845
YIL156W,YIL127C,0,-6.2804813,0.12117863446474075,0.6579999923706055,0.4772000014781952
YPL242C,YNL284C,0,-6.2805724,0.12115632742643356,0.6579999923706055,0.4772999882698059
YMR240C,YJL047C,0,-6.280646,0.12113402038812637,0.6579999923706055,0.477400004863739
YNL068C,YMR077C,0,-6.28066,0.12111172825098038,0.6579999923706055,0.47749999165534973
YFR014C,YPL154C,0,-6.280706,0.12108943611383438,0.6579999923706055,0.47760000824928284
YBR164C,YLL057C,0,-6.280867,0.12106715887784958,0.6579999923706055,0.47769999504089355
YIL119C,YOR110W,0,-6.280969,0.12104488909244537,0.6579999923706055,0.47780001163482666
YGR249W,YML041C,0,-6.280983,0.12102261930704117,0.6579999923706055,0.4778999984264374
YDL236W,YFR040W,1,-6.28103,0.12118425965309143,0.6589999794960022,0.4778999984264374
YLR418C,YFR004W,0,-6.281079,0.12116197496652603,0.6589999794960022,0.4779999852180481
YMR301C,YNL047C,0,-6.2811093,0.12113970518112183,0.6589999794960022,0.4781000018119812
YDL102W,YDR293C,0,-6.2812285,0.12111744284629822,0.6589999794960022,0.4781999886035919
YMR036C,YMR156C,1,-6.2812715,0.12127894163131714,0.6600000262260437,0.4781999886035919
YGR087C,YGR280C,0,-6.2812877,0.12125665694475174,0.6600000262260437,0.478300005197525
YER133W,YER075C,1,-6.2814603,0.1214180737733841,0.6610000133514404,0.478300005197525
YGL201C,YBR108W,0,-6.281491,0.1213957741856575,0.6610000133514404,0.47839999198913574
YGR257C,YOL105C,0,-6.281697,0.1213734820485115,0.6610000133514404,0.47850000858306885
YDL141W,YJL183W,0,-6.2817593,0.1213512048125267,0.6610000133514404,0.47859999537467957
YPR176C,YER087C-A,0,-6.28217,0.1213289275765419,0.6610000133514404,0.47870001196861267
YLL010C,YCR079W,1,-6.2821994,0.12149018049240112,0.6620000004768372,0.47870001196861267
YDL149W,YPR118W,0,-6.2822385,0.12146788835525513,0.6620000004768372,0.4787999987602234
YPL075W,YCR098C,0,-6.2823615,0.12144560366868973,0.6620000004768372,0.4788999855518341
YER155C,YIR039C,0,-6.282366,0.12142333388328552,0.6620000004768372,0.4790000021457672
YDR180W,YFL058W,0,-6.282822,0.12140106409788132,0.6620000004768372,0.47909998893737793
YBR061C,YLR455W,0,-6.2828436,0.12137880176305771,0.6620000004768372,0.47920000553131104
YKL046C,YML097C,0,-6.2828975,0.1213565543293953,0.6620000004768372,0.47929999232292175
YKL011C,YDR414C,0,-6.2829657,0.12133431434631348,0.6620000004768372,0.47940000891685486
YKR014C,YIL064W,0,-6.2832255,0.12131207436323166,0.6620000004768372,0.4794999957084656
YIL061C,YHR070W,0,-6.283555,0.12128984928131104,0.6620000004768372,0.4796000123023987
YAL013W,YAR010C,0,-6.2835555,0.12126763164997101,0.6620000004768372,0.4796999990940094
YFL059W,YHR152W,0,-6.283646,0.12124542146921158,0.6620000004768372,0.4797999858856201
YOR160W,YBR108W,0,-6.2837567,0.12122321873903275,0.6620000004768372,0.4799000024795532
YMR301C,YOR027W,0,-6.2843165,0.12120102345943451,0.6620000004768372,0.47999998927116394
YDL074C,YFL062W,0,-6.28443,0.12117884308099747,0.6620000004768372,0.48010000586509705
YAL041W,YDR513W,0,-6.284723,0.12115666270256042,0.6620000004768372,0.48019999265670776
YOR307C,YHL009C,0,-6.284907,0.12113448977470398,0.6620000004768372,0.48030000925064087
YOL111C,YEL077C,0,-6.284945,0.12111233174800873,0.6620000004768372,0.4803999960422516
YOR065W,YOR030W,0,-6.2849846,0.12109017372131348,0.6620000004768372,0.4805000126361847
YNL106C,YER075C,1,-6.2850757,0.12125091254711151,0.6629999876022339,0.4805000126361847
YGR246C,YBR278W,0,-6.28525,0.12122874706983566,0.6629999876022339,0.4805999994277954
YLR429W,YMR091C,0,-6.285273,0.12120658159255981,0.6629999876022339,0.48069998621940613
YGR145W,YLR107W,0,-6.2852955,0.12118442356586456,0.6629999876022339,0.48080000281333923
YHR052W,YMR122W-A,0,-6.2853074,0.1211622804403305,0.6629999876022339,0.48089998960494995
YLL016W,YML033W,0,-6.285421,0.12114014476537704,0.6629999876022339,0.48100000619888306
YNL220W,YNL290W,0,-6.2854614,0.12111800909042358,0.6629999876022339,0.4810999929904938
YJR121W,YDR060W,0,-6.2855177,0.12109588831663132,0.6629999876022339,0.4812000095844269
YLR226W,YML040W,0,-6.2855573,0.12107377499341965,0.6629999876022339,0.4812999963760376
YML130C,YLR312C-B,0,-6.285609,0.12105166912078857,0.6629999876022339,0.4814000129699707
YHR043C,YIL113W,1,-6.2856636,0.12121212482452393,0.6639999747276306,0.4814000129699707
YDL013W,YBR171W,0,-6.28604,0.12118999660015106,0.6639999747276306,0.4814999997615814
YBR119W,YOL154W,0,-6.286225,0.12116788327693939,0.6639999747276306,0.48159998655319214
YDR005C,YLR193C,0,-6.286325,0.12114577740430832,0.6639999747276306,0.48170000314712524
YNL128W,YDR074W,1,-6.2864785,0.12130609154701233,0.6650000214576721,0.48170000314712524
YPL094C,YDR495C,0,-6.2864933,0.12128397077322006,0.6650000214576721,0.48179998993873596
YHR123W,YJL097W,0,-6.2865624,0.1212618499994278,0.6650000214576721,0.48190000653266907
YLR026C,YER072W,0,-6.2866206,0.12123974412679672,0.6650000214576721,0.4819999933242798
YNL232W,YMR284W,0,-6.2866693,0.12121764570474625,0.6650000214576721,0.4821000099182129
YPL179W,YJL098W,1,-6.2866836,0.12137780338525772,0.6660000085830688,0.4821000099182129
YNR046W,YNL045W,0,-6.286696,0.12135568261146545,0.6660000085830688,0.4821999967098236
YNL197C,YLR040C,0,-6.28685,0.12133357673883438,0.6660000085830688,0.4823000133037567
YMR153W,YJR133W,0,-6.286863,0.1213114783167839,0.6660000085830688,0.48240000009536743
YPR016C,YGR241C,0,-6.286979,0.12128937989473343,0.6660000085830688,0.48249998688697815
YIL035C,YDL209C,0,-6.286996,0.12126729637384415,0.6660000085830688,0.48260000348091125
YFR037C,YDR007W,0,-6.287238,0.12124522030353546,0.6660000085830688,0.482699990272522
YLL051C,YDR485C,0,-6.2872596,0.12122315168380737,0.6660000085830688,0.4828000068664551
YPL213W,YOR221C,0,-6.2872944,0.12120109051465988,0.6660000085830688,0.4828999936580658
YLR038C,YLR010C,0,-6.2874603,0.12117903679609299,0.6660000085830688,0.4830000102519989
YML029W,YOR305W,0,-6.287506,0.12115699797868729,0.6660000085830688,0.4830999970436096
YHR215W,YNL217W,1,-6.287683,0.12131684273481369,0.6669999957084656,0.4830999970436096
YCL035C,YBR227C,0,-6.2877197,0.1212947815656662,0.6669999957084656,0.4832000136375427
YIL005W,YDR181C,0,-6.2878428,0.1212727278470993,0.6669999957084656,0.48330000042915344
YDR179C,YOL042W,0,-6.287917,0.121250681579113,0.6669999957084656,0.48339998722076416
YGR030C,YFL017W-A,0,-6.2881684,0.1212286427617073,0.6669999957084656,0.48350000381469727
YKL204W,YIL129C,0,-6.288447,0.1212066113948822,0.6669999957084656,0.483599990606308
YMR202W,YNR043W,0,-6.2885213,0.12118459492921829,0.6669999957084656,0.4837000072002411
YDR235W,YDR159W,0,-6.2892246,0.12116257846355438,0.6669999957084656,0.4837999939918518
YER019C-A,YOL154W,0,-6.2893233,0.12114057689905167,0.6669999957084656,0.4839000105857849
YMR022W,YKL155C,0,-6.2894263,0.12111857533454895,0.6669999957084656,0.48399999737739563
YLR032W,YPL063W,0,-6.289988,0.12109658867120743,0.6669999957084656,0.48410001397132874
YGL047W,YDR281C,0,-6.290049,0.1210746020078659,0.6669999957084656,0.48420000076293945
YLR188W,YOR246C,0,-6.2900662,0.12105263024568558,0.6669999957084656,0.48429998755455017
YPL220W,YMR013C,0,-6.2904425,0.12103066593408585,0.6669999957084656,0.4844000041484833
YGR255C,YBL057C,0,-6.2904696,0.12100870907306671,0.6669999957084656,0.484499990940094
YBR093C,YCR079W,1,-6.290713,0.12116815149784088,0.6679999828338623,0.484499990940094
YOL064C,YBR093C,1,-6.2907643,0.12132752686738968,0.6690000295639038,0.484499990940094
YLR163C,YFL033C,0,-6.290912,0.12130553275346756,0.6690000295639038,0.4846000075340271
YMR145C,YOR064C,0,-6.2912064,0.12128353863954544,0.6690000295639038,0.4846999943256378
YJL098W,YKR028W,1,-6.2914214,0.12144280970096588,0.6700000166893005,0.4846999943256378
YOR174W,YHL050C,0,-6.291529,0.12142080813646317,0.6700000166893005,0.4848000109195709
YPR016C,YBL100W-A,0,-6.291657,0.12139880657196045,0.6700000166893005,0.48489999771118164
YIL061C,YLR410W-A,0,-6.2918243,0.12137681245803833,0.6700000166893005,0.48500001430511475
YKL191W,YGR147C,0,-6.29186,0.12135482579469681,0.6700000166893005,0.48510000109672546
YDL075W,YER078C,0,-6.291898,0.12133285403251648,0.6700000166893005,0.4851999878883362
YDL031W,YGL010W,0,-6.292,0.12131088227033615,0.6700000166893005,0.4853000044822693
YLR213C,YBL010C,0,-6.2920947,0.12128891795873642,0.6700000166893005,0.48539999127388
YBR070C,YBR233W-A,0,-6.2923894,0.12126696854829788,0.6700000166893005,0.4855000078678131
YAL026C,YAL005C,0,-6.292421,0.12124502658843994,0.6700000166893005,0.48559999465942383
YLR178C,YKL171W,0,-6.2926083,0.121223084628582,0.6700000166893005,0.48570001125335693
YLR431C,YBL085W,0,-6.292849,0.12120115756988525,0.6700000166893005,0.48579999804496765
YMR165C,YGR123C,1,-6.292871,0.12136010080575943,0.6710000038146973,0.48579999804496765
YJL154C,YNL092W,0,-6.293259,0.12133815884590149,0.6710000038146973,0.48590001463890076
YKL097W-A,YNL309W,0,-6.2935715,0.12131621688604355,0.6710000038146973,0.4860000014305115
YAL060W,YJR073C,0,-6.293816,0.1212942898273468,0.6710000038146973,0.4860999882221222
YDR099W,YAL007C,0,-6.2946587,0.12127236276865005,0.6710000038146973,0.4862000048160553
YBR043C,YDL153C,0,-6.294666,0.1212504506111145,0.6710000038146973,0.486299991607666
YGR147C,YDL120W,0,-6.294766,0.12122854590415955,0.6710000038146973,0.4864000082015991
YER087C-A,YHR113W,0,-6.2947927,0.12120664864778519,0.6710000038146973,0.48649999499320984
YLR377C,YDR287W,1,-6.2949047,0.12136536091566086,0.671999990940094,0.48649999499320984
YLR004C,YLR447C,0,-6.295057,0.1213434487581253,0.671999990940094,0.48660001158714294
YCL030C,YBL025W,0,-6.295116,0.12132153660058975,0.671999990940094,0.48669999837875366
YPL089C,YMR096W,0,-6.295154,0.1212996393442154,0.671999990940094,0.4867999851703644
YJL034W,YJL117W,0,-6.2952266,0.12127774953842163,0.671999990940094,0.4869000017642975
YAL008W,YFL044C,0,-6.295385,0.12125586718320847,0.671999990940094,0.4869999885559082
YER164W,YBR229C,0,-6.2953944,0.1212339922785759,0.671999990940094,0.4871000051498413
YNR044W,YKL075C,0,-6.295632,0.12121212482452393,0.671999990940094,0.487199991941452
YKR038C,YLR287C-A,0,-6.2956586,0.12119026482105255,0.671999990940094,0.48730000853538513
YAL008W,YPR072W,0,-6.295705,0.12116841226816177,0.671999990940094,0.48739999532699585
YNL156C,YOR307C,0,-6.2957807,0.12114656716585159,0.671999990940094,0.48750001192092896
YNR027W,YOL135C,0,-6.29586,0.12112472951412201,0.671999990940094,0.4875999987125397
YMR220W,YER111C,0,-6.295935,0.12110289931297302,0.671999990940094,0.4876999855041504
YBR212W,YHL007C,0,-6.296843,0.12108108401298523,0.671999990940094,0.4878000020980835
YNL006W,YGL201C,0,-6.2968855,0.12105926871299744,0.671999990940094,0.4878999888896942
YKR054C,YNL062C,0,-6.296929,0.12103746086359024,0.671999990940094,0.4880000054836273
YKL002W,YDL138W,0,-6.296981,0.12101566791534424,0.671999990940094,0.48809999227523804
YPL143W,YER147C,0,-6.2971234,0.12099387496709824,0.671999990940094,0.48820000886917114
YML048W,YML123C,0,-6.2971835,0.12097209692001343,0.671999990940094,0.48829999566078186
YDR016C,YPR155C,0,-6.297233,0.12095032632350922,0.671999990940094,0.48840001225471497
YLR215C,YML012W,0,-6.297334,0.120928555727005,0.671999990940094,0.4884999990463257
YKL008C,YIL120W,0,-6.297438,0.12090680003166199,0.671999990940094,0.4885999858379364
YIL129C,YGR090W,0,-6.2974467,0.12088505178689957,0.671999990940094,0.4887000024318695
YDL160C,YDR144C,0,-6.2978444,0.12086331099271774,0.671999990940094,0.4887999892234802
YML121W,YDR416W,0,-6.2980323,0.12084157764911652,0.671999990940094,0.48890000581741333
YER138C,YLR224W,0,-6.298043,0.12081985175609589,0.671999990940094,0.48899999260902405
YIR005W,YDR279W,0,-6.2981887,0.12079813331365585,0.671999990940094,0.48910000920295715
YPR189W,YML041C,0,-6.2981935,0.12077642232179642,0.671999990940094,0.48919999599456787
YGR262C,YML069W,0,-6.298201,0.12075471878051758,0.671999990940094,0.489300012588501
YBR276C,YHR076W,1,-6.29848,0.12091268599033356,0.6729999780654907,0.489300012588501
YEL062W,YNL121C,0,-6.2988,0.12089096754789352,0.6729999780654907,0.4893999993801117
YER044C,YJL166W,0,-6.298857,0.12086925655603409,0.6729999780654907,0.4894999861717224
YMR052W,YER148W,0,-6.2992053,0.12084754556417465,0.6729999780654907,0.4896000027656555
YJL151C,YPR148C,0,-6.2993608,0.12082584947347641,0.6729999780654907,0.48969998955726624
YGL211W,YLR403W,0,-6.299541,0.12080416083335876,0.6729999780654907,0.48980000615119934
YCL034W,YER173W,0,-6.2997737,0.12078248709440231,0.6729999780654907,0.48989999294281006
YHR096C,YJR104C,0,-6.2999835,0.12076081335544586,0.6729999780654907,0.49000000953674316
YFR009W,YNL058C,0,-6.300094,0.12073914706707001,0.6729999780654907,0.4900999963283539
YBR296C,YDR466W,0,-6.300095,0.12071748822927475,0.6729999780654907,0.490200012922287
YDR226W,YIL034C,0,-6.3003573,0.12069583684206009,0.6729999780654907,0.4902999997138977
YFR028C,YDL230W,1,-6.3008747,0.12085350602865219,0.6740000247955322,0.4902999997138977
YJL021C,YGR249W,0,-6.300916,0.12083183974027634,0.6740000247955322,0.4903999865055084
YOR144C,YPL116W,0,-6.3009334,0.12081018090248108,0.6740000247955322,0.49050000309944153
YIL076W,YJR046W,0,-6.3009925,0.12078852951526642,0.6740000247955322,0.49059998989105225
YIL023C,YHR045W,0,-6.301002,0.12076688557863235,0.6740000247955322,0.49070000648498535
YGR041W,YOL030W,0,-6.301097,0.12074524909257889,0.6740000247955322,0.49079999327659607
YMR015C,YNL231C,0,-6.3015866,0.12072362750768661,0.6740000247955322,0.4909000098705292
YNL116W,YML032C,0,-6.3016133,0.12070200592279434,0.6740000247955322,0.4909999966621399
YHR143W,YGL030W,0,-6.3017178,0.12068039178848267,0.6740000247955322,0.491100013256073
YKL204W,YPL167C,0,-6.3018537,0.12065879255533218,0.6740000247955322,0.4912000000476837
YNL149C,YDL080C,0,-6.30223,0.1206371933221817,0.6740000247955322,0.49129998683929443
YNR019W,YBR188C,0,-6.302365,0.12061560153961182,0.6740000247955322,0.49140000343322754
YEL036C,YPL041C,0,-6.3024135,0.12059402465820312,0.6740000247955322,0.49149999022483826
YGL027C,YMR153W,0,-6.302425,0.12057244777679443,0.6740000247955322,0.49160000681877136
YGR032W,YDL012C,0,-6.3025446,0.12055088579654694,0.6740000247955322,0.4916999936103821
YGR052W,YML133C,0,-6.3027306,0.12052933126688004,0.6740000247955322,0.4918000102043152
YOR075W,YMR134W,0,-6.3028073,0.12050777673721313,0.6740000247955322,0.4918999969959259
YLR158C,YKR101W,0,-6.3030314,0.12048623710870743,0.6740000247955322,0.492000013589859
YKL034W,YER078C,0,-6.3031383,0.12046469748020172,0.6740000247955322,0.4921000003814697
YHL040C,YDR208W,0,-6.303161,0.12044317275285721,0.6740000247955322,0.49219998717308044
YPL180W,YDR468C,0,-6.303207,0.12042165547609329,0.6740000247955322,0.49230000376701355
YDR301W,YHR039C-A,0,-6.303313,0.12040014564990997,0.6740000247955322,0.49239999055862427
YMR184W,YBR049C,0,-6.3033376,0.12037863582372665,0.6740000247955322,0.4925000071525574
YGR292W,YLR335W,0,-6.303416,0.12035714089870453,0.6740000247955322,0.4925999939441681
YDL024C,YBR092C,1,-6.303457,0.12051419168710709,0.675000011920929,0.4925999939441681
YPR171W,YEL018W,0,-6.3035016,0.12049268186092377,0.675000011920929,0.4927000105381012
YLR033W,YJL139C,0,-6.3037724,0.12047117948532104,0.675000011920929,0.4927999973297119
YBR286W,YPR120C,0,-6.304257,0.12044967710971832,0.675000011920929,0.492900013923645
YGR225W,YGR224W,0,-6.304393,0.1204281896352768,0.675000011920929,0.49300000071525574
YGR278W,YLR312C-B,0,-6.304634,0.12040670961141586,0.675000011920929,0.49309998750686646
YDR287W,YNL217W,1,-6.304652,0.1205635815858841,0.6759999990463257,0.49309998750686646
YPR104C,YGR220C,0,-6.304793,0.12054207921028137,0.6759999990463257,0.49320000410079956
YIL150C,YMR243C,0,-6.3048816,0.12052059173583984,0.6759999990463257,0.4932999908924103
YAL042W,YOR130C,0,-6.304959,0.12049911171197891,0.6759999990463257,0.4934000074863434
YJL111W,YMR045C,0,-6.305044,0.12047763168811798,0.6759999990463257,0.4934999942779541
YER151C,YGL010W,0,-6.3051777,0.12045616656541824,0.6759999990463257,0.4936000108718872
YKL084W,YLR224W,0,-6.3054376,0.1204347014427185,0.6759999990463257,0.4936999976634979
YLR138W,YBL080C,0,-6.305675,0.12041325122117996,0.6759999990463257,0.49380001425743103
YDR498C,YMR302C,0,-6.3059134,0.12039180845022202,0.6759999990463257,0.49390000104904175
YML074C,YBR218C,0,-6.305954,0.12037037312984467,0.6759999990463257,0.49399998784065247
YPR060C,YDL116W,0,-6.306154,0.12034893780946732,0.6759999990463257,0.49410000443458557
YML058W,YLR417W,0,-6.306251,0.12032751739025116,0.6759999990463257,0.4941999912261963
YKR099W,YBR253W,0,-6.3064485,0.1203061044216156,0.6759999990463257,0.4943000078201294
YJL209W,YNR053C,0,-6.306478,0.12028469890356064,0.6759999990463257,0.4943999946117401
YNR067C,YOR019W,0,-6.3065968,0.12026330083608627,0.6759999990463257,0.4945000112056732
YOL103W,YOR347C,0,-6.3067546,0.1202419102191925,0.6759999990463257,0.49459999799728394
YDL078C,YCL063W,0,-6.306826,0.12022051960229874,0.6759999990463257,0.49470001459121704
YDL049C,YAR009C,0,-6.3069844,0.12019914388656616,0.6759999990463257,0.49480000138282776
YPL021W,YDL123W,0,-6.3071017,0.12017777562141418,0.6759999990463257,0.4948999881744385
YER167W,YDL090C,0,-6.307656,0.1201564148068428,0.6759999990463257,0.4950000047683716
YPL228W,YDR074W,1,-6.307797,0.12031278014183044,0.6769999861717224,0.4950000047683716
YHR043C,YDR284C,1,-6.307866,0.12046908587217331,0.6779999732971191,0.4950000047683716
YNL097C,YPR097W,0,-6.3081164,0.12044768035411835,0.6779999732971191,0.4950999915599823
YCR107W,YJL140W,0,-6.3081207,0.12042628973722458,0.6779999732971191,0.4952000081539154
YNL288W,YLR138W,0,-6.308532,0.12040489912033081,0.6779999732971191,0.4952999949455261
YNL245C,YHR165C,0,-6.3085837,0.12038352340459824,0.6779999732971191,0.49540001153945923
YGL064C,YKL175W,0,-6.308589,0.12036215513944626,0.6779999732971191,0.49549999833106995
YGR222W,YGL063W,0,-6.3087764,0.12034078687429428,0.6779999732971191,0.49559998512268066
YMR056C,YPR093C,0,-6.3088765,0.1203194335103035,0.6779999732971191,0.49570000171661377
YOL164W,YGR272C,0,-6.3089337,0.12029808014631271,0.6779999732971191,0.4957999885082245
YER089C,YGL224C,1,-6.309306,0.12045414000749588,0.6790000200271606,0.4957999885082245
YKR027W,YPL190C,0,-6.3097625,0.1204327791929245,0.6790000200271606,0.4959000051021576
YDR279W,YGR116W,0,-6.309813,0.12041141837835312,0.6790000200271606,0.4959999918937683
YGR121C,YGR007W,0,-6.310143,0.12039007246494293,0.6790000200271606,0.4961000084877014
YLR353W,YBR035C,0,-6.310229,0.12036872655153275,0.6790000200271606,0.49619999527931213
YDL160C,YKL025C,0,-6.3102407,0.12034739553928375,0.6790000200271606,0.49630001187324524
YAL044C,YNL058C,0,-6.310761,0.12032606452703476,0.6790000200271606,0.49639999866485596
YDR412W,YGL039W,0,-6.3109417,0.12030474841594696,0.6790000200271606,0.4964999854564667
YHR043C,YOR109W,1,-6.3109803,0.12046058475971222,0.6800000071525574,0.4964999854564667
YNL287W,YGR106C,0,-6.3111367,0.12043924629688263,0.6800000071525574,0.4966000020503998
YGL018C,YGL063W,0,-6.3112445,0.12041792273521423,0.6800000071525574,0.4966999888420105
YDR166C,YOR143C,0,-6.3114085,0.12039659917354584,0.6800000071525574,0.4968000054359436
YBR065C,YJL112W,0,-6.3114386,0.12037529051303864,0.6800000071525574,0.4968999922275543
YOL123W,YDR464W,0,-6.311729,0.12035398185253143,0.6800000071525574,0.4970000088214874
YLR141W,YGR263C,0,-6.3117533,0.12033268809318542,0.6800000071525574,0.49709999561309814
YGL051W,YDR018C,0,-6.3117967,0.12031139433383942,0.6800000071525574,0.49720001220703125
YKL022C,YDL201W,0,-6.312012,0.120290108025074,0.6800000071525574,0.49729999899864197
YNR022C,YNR049C,0,-6.3121285,0.12026883661746979,0.6800000071525574,0.4973999857902527
YGR193C,YDR266C,0,-6.3121963,0.12024756520986557,0.6800000071525574,0.4975000023841858
YGR256W,YCL027C-A,0,-6.3123474,0.12022630870342255,0.6800000071525574,0.4975999891757965
YDL067C,YGL014W,0,-6.3123717,0.12020505219697952,0.6800000071525574,0.4977000057697296
YNR033W,YKL086W,0,-6.31247,0.12018381059169769,0.6800000071525574,0.49779999256134033
YKR038C,YNR059W,0,-6.3125105,0.12016257643699646,0.6800000071525574,0.49790000915527344
YKR054C,YER038C,0,-6.3126493,0.12014134228229523,0.6800000071525574,0.49799999594688416
YPL164C,YNL054W,0,-6.3126965,0.12012012302875519,0.6800000071525574,0.49810001254081726
YDR479C,YOR256C,0,-6.312736,0.12009890377521515,0.6800000071525574,0.498199999332428
YBR282W,YCR014C,0,-6.3127475,0.1200776994228363,0.6800000071525574,0.4982999861240387
YPL125W,YHR186C,0,-6.3128686,0.12005649507045746,0.6800000071525574,0.4984000027179718
YER159C,YBR098W,0,-6.3129096,0.12003530561923981,0.6800000071525574,0.4984999895095825
YJL006C,YDL225W,0,-6.3129306,0.12001411616802216,0.6800000071525574,0.4986000061035156
YOR219C,YIL156W,0,-6.3130393,0.1199929416179657,0.6800000071525574,0.49869999289512634
YIR013C,YBR004C,0,-6.3130517,0.11997177451848984,0.6800000071525574,0.49880000948905945
YOL026C,YDR293C,0,-6.3131113,0.11995060741901398,0.6800000071525574,0.49889999628067017
YDL138W,YNL213C,0,-6.3131967,0.11992945522069931,0.6800000071525574,0.49900001287460327
YOL052C-A,YOL116W,0,-6.313294,0.11990830302238464,0.6800000071525574,0.499099999666214
YNL307C,YDR538W,0,-6.3133664,0.11988716572523117,0.6800000071525574,0.4991999864578247
YJL201W,YML126C,0,-6.3135123,0.1198660284280777,0.6800000071525574,0.4993000030517578
YJL133W,YGR222W,0,-6.313568,0.11984490603208542,0.6800000071525574,0.49939998984336853
YBR036C,YPL220W,0,-6.313579,0.11982379108667374,0.6800000071525574,0.49950000643730164
YLR268W,YBL058W,0,-6.313579,0.11980267614126205,0.6800000071525574,0.49959999322891235
YJR131W,YIL120W,0,-6.31401,0.11978157609701157,0.6800000071525574,0.49970000982284546
YKR036C,YLL002W,0,-6.3140607,0.11976047605276108,0.6800000071525574,0.4997999966144562
YHR065C,YNR036C,0,-6.314092,0.11973939090967178,0.6800000071525574,0.4999000132083893
YGR276C,YIL031W,0,-6.314233,0.11971831321716309,0.6800000071525574,0.5
YFR014C,YDR412W,0,-6.314465,0.11969723552465439,0.6800000071525574,0.5001000165939331
YHR077C,YGL227W,0,-6.315435,0.11967617273330688,0.6800000071525574,0.5001999735832214
YML112W,YOR209C,0,-6.315624,0.11965510994195938,0.6800000071525574,0.5002999901771545
YPR082C,YDR019C,0,-6.315682,0.11963406205177307,0.6800000071525574,0.5004000067710876
YGR193C,YOR007C,0,-6.31582,0.11961301416158676,0.6800000071525574,0.5005000233650208
YLL036C,YPR094W,0,-6.315888,0.11959198117256165,0.6800000071525574,0.5005999803543091
YBR145W,YNL194C,0,-6.3159947,0.11957094818353653,0.6800000071525574,0.5006999969482422
YKL190W,YDL024C,1,-6.3160844,0.11972574144601822,0.6809999942779541,0.5006999969482422
YIL073C,YIL031W,0,-6.3161826,0.11970469355583191,0.6809999942779541,0.5008000135421753
YLL042C,YBR112C,0,-6.316223,0.1196836531162262,0.6809999942779541,0.5008999705314636
YJL221C,YDR308C,0,-6.31623,0.11966262757778168,0.6809999942779541,0.5009999871253967
YCR098C,YJL123C,0,-6.3162875,0.11964160203933716,0.6809999942779541,0.5011000037193298
YGR014W,YKL056C,0,-6.316713,0.11962058395147324,0.6809999942779541,0.5012000203132629
YKL149C,YLR414C,0,-6.3168545,0.11959958076477051,0.6809999942779541,0.5012999773025513
YDL002C,YHR165C,0,-6.3170342,0.11957857757806778,0.6809999942779541,0.5013999938964844
YFL034C-A,YNL284C-B,0,-6.317037,0.11955758184194565,0.6809999942779541,0.5015000104904175
YKR006C,YNL152W,0,-6.317198,0.11953660100698471,0.6809999942779541,0.5016000270843506
YLR377C,YER089C,1,-6.3173575,0.11969111859798431,0.6819999814033508,0.5016000270843506
YPR017C,YKL089W,0,-6.3173866,0.11967011541128159,0.6819999814033508,0.5016999840736389
YIL110W,YFL002W-B,0,-6.317477,0.11964911967515945,0.6819999814033508,0.501800000667572
YKR061W,YDR247W,0,-6.317549,0.11962813884019852,0.6819999814033508,0.5019000172615051
YNR032W,YER075C,1,-6.317594,0.11978252977132797,0.6830000281333923,0.5019000172615051
YML058W-A,YPL157W,0,-6.3176284,0.11976152658462524,0.6830000281333923,0.5019999742507935
YCR055C,YOL122C,0,-6.3177457,0.11974053084850311,0.6830000281333923,0.5020999908447266
YPL061W,YOR321W,0,-6.317884,0.11971954256296158,0.6830000281333923,0.5022000074386597
YPR134W,YCL001W,0,-6.317948,0.11969856172800064,0.6830000281333923,0.5023000240325928
YJR161C,YIL096C,0,-6.318072,0.1196775883436203,0.6830000281333923,0.5023999810218811
YMR163C,YKL110C,0,-6.3182464,0.11965662240982056,0.6830000281333923,0.5024999976158142
YPR134W,YKL063C,0,-6.3183637,0.11963566392660141,0.6830000281333923,0.5026000142097473
YLR380W,YDL247W,0,-6.318465,0.11961471289396286,0.6830000281333923,0.5026999711990356
YJR092W,YCR092C,0,-6.3185573,0.11959376931190491,0.6830000281333923,0.5027999877929688
YMR097C,YNR048W,0,-6.3185935,0.11957282572984695,0.6830000281333923,0.5029000043869019
YLR328W,YDR498C,0,-6.3185954,0.1195518970489502,0.6830000281333923,0.503000020980835
YCR052W,YMR045C,0,-6.318912,0.11953097581863403,0.6830000281333923,0.5030999779701233
YKL041W,YBL036C,0,-6.319058,0.11951006203889847,0.6830000281333923,0.5031999945640564
YDL136W,YOR142W-A,0,-6.3192387,0.1194891557097435,0.6830000281333923,0.5033000111579895
YDR188W,YOL109W,0,-6.3193164,0.11946824938058853,0.6830000281333923,0.5034000277519226
YMR277W,YPL179W,1,-6.319555,0.11962224543094635,0.6840000152587891,0.5034000277519226
YGR057C,YPL050C,0,-6.319614,0.11960133165121078,0.6840000152587891,0.5034999847412109
YCR094W,YKR089C,0,-6.3199177,0.11958041787147522,0.6840000152587891,0.503600001335144
YOR113W,YOR106W,0,-6.319981,0.11955951899290085,0.6840000152587891,0.5037000179290771
YFL013C,YOR304C-A,0,-6.3199916,0.11953862011432648,0.6840000152587891,0.5037999749183655
YDR121W,YLR166C,0,-6.3202124,0.1195177361369133,0.6840000152587891,0.5038999915122986
YER062C,YNL032W,1,-6.320234,0.11967156082391739,0.6850000023841858,0.5038999915122986
YBR160W,YDR207C,0,-6.320286,0.11965065449476242,0.6850000023841858,0.5040000081062317
YLL036C,YBR237W,0,-6.3205647,0.11962975561618805,0.6850000023841858,0.5041000247001648
YGL078C,YNR022C,0,-6.320597,0.11960887163877487,0.6850000023841858,0.5041999816894531
YJL214W,YOR217W,0,-6.321041,0.1195879876613617,0.6850000023841858,0.5042999982833862
YDR081C,YEL002C,0,-6.321091,0.11956711113452911,0.6850000023841858,0.5044000148773193
YPL220W,YPR158C-D,0,-6.3212204,0.11954624950885773,0.6850000023841858,0.5044999718666077
YNL233W,YOL145C,0,-6.321435,0.11952538788318634,0.6850000023841858,0.5045999884605408
YNL153C,YKR019C,0,-6.321463,0.11950453370809555,0.6850000023841858,0.5047000050544739
YOR382W,YPL150W,0,-6.3214717,0.11948369443416595,0.6850000023841858,0.504800021648407
YDR041W,YGL162W,0,-6.3215785,0.11946285516023636,0.6850000023841858,0.5048999786376953
YER051W,YNR008W,0,-6.3215857,0.11944202333688736,0.6850000023841858,0.5049999952316284
YBR054W,YBR096W,0,-6.321786,0.11942119896411896,0.6850000023841858,0.5051000118255615
YDL197C,YIL107C,0,-6.3218694,0.11940038204193115,0.6850000023841858,0.5052000284194946
YLR015W,YOR046C,0,-6.321905,0.11937957257032394,0.6850000023841858,0.505299985408783
YDL006W,YHR076W,1,-6.3219166,0.11953301727771759,0.6859999895095825,0.505299985408783
YOR160W,YIL115C,0,-6.322326,0.11951219290494919,0.6859999895095825,0.5054000020027161
YDR079C-A,YGL186C,0,-6.3225474,0.11949137598276138,0.6859999895095825,0.5055000185966492
YGL023C,YDR134C,0,-6.322669,0.11947056651115417,0.6859999895095825,0.5055999755859375
YHR215W,YMR087W,1,-6.3227177,0.11962389200925827,0.6869999766349792,0.5055999755859375
YKL008C,YKL119C,0,-6.322907,0.11960306763648987,0.6869999766349792,0.5056999921798706
YGR268C,YGR272C,0,-6.3229957,0.11958224326372147,0.6869999766349792,0.5058000087738037
YPL249C-A,YCR084C,0,-6.3230424,0.11956143379211426,0.6869999766349792,0.5059000253677368
YDL102W,YEL001C,0,-6.323059,0.11954063177108765,0.6869999766349792,0.5059999823570251
YOR028C,YNR036C,0,-6.3230767,0.11951982975006104,0.6869999766349792,0.5060999989509583
YDL074C,YLL062C,0,-6.3231163,0.11949904263019562,0.6869999766349792,0.5062000155448914
YKL181W,YNL167C,0,-6.3231215,0.1194782629609108,0.6869999766349792,0.5062999725341797
YOR120W,YBR237W,0,-6.323278,0.11945748329162598,0.6869999766349792,0.5063999891281128
YGR282C,YBR201W,0,-6.323285,0.11943671852350235,0.6869999766349792,0.5065000057220459
YMR120C,YKL208W,0,-6.323299,0.11941595375537872,0.6869999766349792,0.506600022315979
YGR262C,YLR164W,0,-6.323318,0.11939520388841629,0.6869999766349792,0.5066999793052673
YOR368W,YER082C,0,-6.3234034,0.11937445402145386,0.6869999766349792,0.5067999958992004
YBL085W,YNL085W,0,-6.3236794,0.11935371905565262,0.6869999766349792,0.5069000124931335
YIR006C,YKL199C,0,-6.323778,0.11933298408985138,0.6869999766349792,0.5070000290870667
YNL084C,YKL155C,0,-6.323872,0.11931226402521133,0.6869999766349792,0.507099986076355
YNL001W,YNR048W,0,-6.3240733,0.11929154396057129,0.6869999766349792,0.5072000026702881
YAL042W,YMR077C,0,-6.324088,0.11927083134651184,0.6869999766349792,0.5073000192642212
YHR079C-A,YHR039C-A,0,-6.324118,0.11925013363361359,0.6869999766349792,0.5073999762535095
YER133W,YDR436W,1,-6.3242044,0.11940298229455948,0.6880000233650208,0.5073999762535095
YHR015W,YDR356W,0,-6.324365,0.11938226968050003,0.6880000233650208,0.5074999928474426
YOR020C,YPR009W,0,-6.324367,0.11936155706644058,0.6880000233650208,0.5076000094413757
YIL040W,YNL231C,0,-6.3243937,0.11934085190296173,0.6880000233650208,0.5077000260353088
YOR245C,YGR012W,0,-6.324452,0.11932015419006348,0.6880000233650208,0.5077999830245972
YGL005C,YPR018W,0,-6.324557,0.11929946392774582,0.6880000233650208,0.5078999996185303
YIL158W,YPR158C-D,0,-6.3247433,0.11927878111600876,0.6880000233650208,0.5080000162124634
YNL182C,YDR464W,0,-6.3248143,0.1192581057548523,0.6880000233650208,0.5080999732017517
YEL016C,YHR079C-A,0,-6.325043,0.11923743784427643,0.6880000233650208,0.5081999897956848
YMR208W,YGL011C,0,-6.3250775,0.11921676993370056,0.6880000233650208,0.5083000063896179
YJL098W,YNL217W,1,-6.3251348,0.11936937272548676,0.6890000104904175,0.5083000063896179
YIL020C,YOR290C,0,-6.325188,0.1193486899137497,0.6890000104904175,0.508400022983551
YJL137C,YIR005W,0,-6.3254147,0.11932802200317383,0.6890000104904175,0.5084999799728394
YGR147C,YOR338W,0,-6.3255086,0.11930736154317856,0.6890000104904175,0.5085999965667725
YGL019W,YPR083W,0,-6.3255677,0.11928670108318329,0.6890000104904175,0.5087000131607056
YOR017W,YLR014C,0,-6.325752,0.11926605552434921,0.6890000104904175,0.5088000297546387
YBR129C,YGR287C,0,-6.3260264,0.11924540996551514,0.6890000104904175,0.508899986743927
YIL053W,YKR053C,1,-6.3261914,0.11939781904220581,0.6899999976158142,0.508899986743927
YPL180W,YOR068C,0,-6.326305,0.11937716603279114,0.6899999976158142,0.5090000033378601
YJR068W,YDL077C,0,-6.326362,0.11935651302337646,0.6899999976158142,0.5091000199317932
YPR073C,YIL113W,1,-6.326637,0.11950881779193878,0.6909999847412109,0.5091000199317932
YMR309C,YDR105C,0,-6.326695,0.11948815733194351,0.6909999847412109,0.5091999769210815
YOR040W,YML085C,0,-6.326695,0.11946749687194824,0.6909999847412109,0.5092999935150146
YEL034W,YDR186C,0,-6.326793,0.11944684386253357,0.6909999847412109,0.5094000101089478
YDR284C,YNL106C,1,-6.3268657,0.11959902942180634,0.6919999718666077,0.5094000101089478
YGR247W,YDR001C,0,-6.326875,0.11957836896181107,0.6919999718666077,0.5095000267028809
YNL302C,YOR142W-B,0,-6.327166,0.1195577085018158,0.6919999718666077,0.5095999836921692
YKR026C,YJR026W,0,-6.327354,0.11953705549240112,0.6919999718666077,0.5097000002861023
YLR238W,YPR165W,0,-6.3274903,0.11951640993356705,0.6919999718666077,0.5098000168800354
YOL001W,YDR541C,0,-6.327499,0.11949577182531357,0.6919999718666077,0.5098999738693237
YGR118W,YPR158C-D,0,-6.3276057,0.11947514116764069,0.6919999718666077,0.5099999904632568
YJR160C,YOR305W,0,-6.3276267,0.1194545105099678,0.6919999718666077,0.5101000070571899
YGL194C,YML085C,0,-6.327639,0.11943389475345612,0.6919999718666077,0.510200023651123
YDL059C,YLR040C,0,-6.327725,0.11941328644752502,0.6919999718666077,0.5102999806404114
YIL098C,YLR183C,0,-6.3278728,0.11939268559217453,0.6919999718666077,0.5103999972343445
YBL023C,YIL046W,0,-6.327925,0.11937209218740463,0.6919999718666077,0.5105000138282776
YOR141C,YOL038W,0,-6.328077,0.11935149878263474,0.6919999718666077,0.5105999708175659
YNL142W,YLR467W,0,-6.3280993,0.11933092027902603,0.6919999718666077,0.510699987411499
YNL063W,YKL077W,0,-6.328111,0.11931034177541733,0.6919999718666077,0.5108000040054321
YBL023C,YLR032W,0,-6.3281436,0.11928977817296982,0.6919999718666077,0.5109000205993652
YMR301C,YDR038C,0,-6.3282247,0.11926921457052231,0.6919999718666077,0.5109999775886536
YOL004W,YJL138C,0,-6.3283114,0.11924866586923599,0.6919999718666077,0.5110999941825867
YML126C,YGR135W,0,-6.3285584,0.11922811716794968,0.6919999718666077,0.5112000107765198
YNL292W,YJR015W,0,-6.3286147,0.11920758336782455,0.6919999718666077,0.5113000273704529
YDL040C,YBR090C-A,0,-6.3288336,0.11918704956769943,0.6919999718666077,0.5113999843597412
YDL132W,YBR240C,0,-6.3288493,0.11916652321815491,0.6919999718666077,0.5115000009536743
YIR028W,YDR292C,0,-6.328853,0.11914600431919098,0.6919999718666077,0.5116000175476074
YKR063C,YOR327C,0,-6.32886,0.11912549287080765,0.6919999718666077,0.5116999745368958
YKL190W,YDR503C,1,-6.329043,0.11927710473537445,0.6930000185966492,0.5116999745368958
YDL046W,YJL045W,0,-6.329172,0.11925658583641052,0.6930000185966492,0.5117999911308289
YLR395C,YPL204W,0,-6.3293147,0.1192360669374466,0.6930000185966492,0.511900007724762
YJL081C,YOR327C,0,-6.329489,0.11921554803848267,0.6930000185966492,0.5120000243186951
YGR161C,YGL229C,1,-6.3297915,0.11936704814434052,0.6940000057220459,0.5120000243186951
YPL267W,YDL046W,0,-6.330011,0.1193465143442154,0.6940000057220459,0.5120999813079834
YDL159W,YNL079C,0,-6.3301225,0.11932599544525146,0.6940000057220459,0.5121999979019165
YNL080C,YDR323C,0,-6.330137,0.11930548399686813,0.6940000057220459,0.5123000144958496
YOL038W,YJL048C,0,-6.330318,0.1192849799990654,0.6940000057220459,0.5123999714851379
YBL006C,YFR048W,0,-6.3303347,0.11926447600126266,0.6940000057220459,0.512499988079071
YKL157W,YOR167C,0,-6.330361,0.11924398690462112,0.6940000057220459,0.5126000046730042
YKL017C,YOR356W,0,-6.330382,0.11922349780797958,0.6940000057220459,0.5127000212669373
YOL003C,YMR243C,0,-6.3306026,0.11920302361249924,0.6940000057220459,0.5127999782562256
YGR218W,YGR162W,0,-6.330607,0.11918254941701889,0.6940000057220459,0.5128999948501587
YMR277W,YFR025C,1,-6.3306913,0.11933378875255585,0.6949999928474426,0.5128999948501587
YBR087W,YBL014C,0,-6.3308854,0.1193133071064949,0.6949999928474426,0.5130000114440918
YEL063C,YER098W,0,-6.33098,0.11929282546043396,0.6949999928474426,0.5131000280380249
YNL173C,YGR194C,0,-6.3309913,0.11927235126495361,0.6949999928474426,0.5131999850273132
YDL142C,YHR026W,0,-6.3310447,0.11925188452005386,0.6949999928474426,0.5133000016212463
YKL110C,YCL019W,0,-6.3310456,0.11923143267631531,0.6949999928474426,0.5134000182151794
YDR451C,YNL152W,0,-6.3311763,0.11921098083257675,0.6949999928474426,0.5134999752044678
YOR149C,YDR312W,0,-6.331361,0.11919053643941879,0.6949999928474426,0.5135999917984009
YDR313C,YKR050W,0,-6.331378,0.11917009949684143,0.6949999928474426,0.513700008392334
YEL009C,YDR300C,0,-6.3315253,0.11914966255426407,0.6949999928474426,0.5138000249862671
YGL047W,YIL156W,0,-6.331539,0.1191292405128479,0.6949999928474426,0.5138999819755554
YDR264C,YPL203W,0,-6.3315654,0.11910882592201233,0.6949999928474426,0.5139999985694885
YPR070W,YBL005W-A,0,-6.33162,0.11908841878175735,0.6949999928474426,0.5141000151634216
YJR151C,YLR007W,0,-6.331653,0.11906801164150238,0.6949999928474426,0.51419997215271
YHL027W,YOR308C,0,-6.3316674,0.1190476194024086,0.6949999928474426,0.5142999887466431
YGL244W,YLR119W,0,-6.331774,0.11902722716331482,0.6949999928474426,0.5144000053405762
YMR123W,YCR029C-A,0,-6.3318315,0.11900684982538223,0.6949999928474426,0.5145000219345093
YBR272C,YGR241C,0,-6.331843,0.11898647248744965,0.6949999928474426,0.5145999789237976
YPR175W,YIL153W,0,-6.3318944,0.11896611005067825,0.6949999928474426,0.5146999955177307
YPR073C,YDL006W,1,-6.33207,0.1191168949007988,0.6959999799728394,0.5146999955177307
YPR021C,YNL024C,0,-6.3321834,0.11909651011228561,0.6959999799728394,0.5148000121116638
YDR322C-A,YLR200W,0,-6.332229,0.11907613277435303,0.6959999799728394,0.5149000287055969
YBR036C,YFR034C,0,-6.332318,0.11905576288700104,0.6959999799728394,0.5149999856948853
YGL139W,YGL030W,0,-6.332364,0.11903540045022964,0.6959999799728394,0.5151000022888184
YLL042C,YDL039C,0,-6.3324265,0.11901504546403885,0.6959999799728394,0.5152000188827515
YBR073W,YDR379W,0,-6.332518,0.11899469792842865,0.6959999799728394,0.5152999758720398
YOL137W,YLR038C,0,-6.3326325,0.11897435784339905,0.6959999799728394,0.5153999924659729
YOR386W,YOL038W,0,-6.332872,0.11895402520895004,0.6959999799728394,0.515500009059906
YPR023C,YPL218W,0,-6.3328958,0.11893370002508163,0.6959999799728394,0.5156000256538391
YMR299C,YPL006W,0,-6.3330264,0.11891337484121323,0.6959999799728394,0.5156999826431274
YIL062C,YGR279C,0,-6.3333364,0.11889306455850601,0.6959999799728394,0.5157999992370605
YLR011W,YJL087C,0,-6.3339376,0.1188727617263794,0.6959999799728394,0.5159000158309937
YNR033W,YMR051C,0,-6.333961,0.11885245889425278,0.6959999799728394,0.515999972820282
YGR001C,YKL052C,0,-6.3341,0.11883216351270676,0.6959999799728394,0.5160999894142151
YBR042C,YIL150C,0,-6.3341756,0.11881188303232193,0.6959999799728394,0.5162000060081482
YJR139C,YBR156C,0,-6.3344064,0.1187916025519371,0.6959999799728394,0.5163000226020813
YIL033C,YPR149W,0,-6.3344617,0.11877132952213287,0.6959999799728394,0.5163999795913696
YOR252W,YNL194C,0,-6.3346424,0.11875106394290924,0.6959999799728394,0.5164999961853027
YPR144C,YNL250W,0,-6.3346877,0.1187308058142662,0.6959999799728394,0.5166000127792358
YEL043W,YML133C,0,-6.3347125,0.11871055513620377,0.6959999799728394,0.516700029373169
YOR266W,YER072W,0,-6.3347383,0.11869031190872192,0.6959999799728394,0.5167999863624573
YKR013W,YJR127C,0,-6.334764,0.11867007613182068,0.6959999799728394,0.5169000029563904
YGR254W,YMR274C,0,-6.3350873,0.11864984780550003,0.6959999799728394,0.5170000195503235
YGR246C,YMR045C,0,-6.33511,0.11862962692975998,0.6959999799728394,0.5170999765396118
YKL097W-A,YMR270C,0,-6.335222,0.11860940605401993,0.6959999799728394,0.5171999931335449
YAL030W,YLR426W,0,-6.3355765,0.11858920007944107,0.6959999799728394,0.517300009727478
YMR030W,YNL229C,0,-6.335995,0.11856899410486221,0.6959999799728394,0.5174000263214111
YPL095C,YHR031C,0,-6.3360133,0.11854879558086395,0.6959999799728394,0.5174999833106995
YNL306W,YMR210W,0,-6.3361354,0.11852861195802689,0.6959999799728394,0.5175999999046326
YCR086W,YPL042C,0,-6.336146,0.11850842833518982,0.6959999799728394,0.5177000164985657
YDL175C,YIL038C,0,-6.3362384,0.11848825216293335,0.6959999799728394,0.517799973487854
YMR304W,YIL029C,0,-6.3364477,0.11846808344125748,0.6959999799728394,0.5178999900817871
YBL016W,YCR004C,0,-6.33653,0.1184479221701622,0.6959999799728394,0.5180000066757202
YOL001W,YDR292C,0,-6.336675,0.11842776834964752,0.6959999799728394,0.5181000232696533
YLR026C,YBL010C,0,-6.3367968,0.11840762197971344,0.6959999799728394,0.5181999802589417
YHR076W,YMR087W,1,-6.3368936,0.11855757981538773,0.6970000267028809,0.5181999802589417
YDR121W,YLR080W,0,-6.336922,0.11853741854429245,0.6970000267028809,0.5182999968528748
YPL249C-A,YHR202W,0,-6.3369603,0.11851725727319717,0.6970000267028809,0.5184000134468079
YJL074C,YBL034C,0,-6.337311,0.11849711090326309,0.6970000267028809,0.5184999704360962
YDR519W,YER138C,0,-6.3374453,0.11847696453332901,0.6970000267028809,0.5185999870300293
YPR199C,YLR234W,0,-6.337584,0.11845683306455612,0.6970000267028809,0.5187000036239624
YDL236W,YER089C,1,-6.337827,0.11860662698745728,0.6980000138282776,0.5187000036239624
YMR092C,YPL167C,0,-6.3379817,0.1185864731669426,0.6980000138282776,0.5188000202178955
YPR199C,YDL085W,0,-6.3385367,0.11856633424758911,0.6980000138282776,0.5188999772071838
YDR376W,YNL259C,0,-6.3385835,0.11854619532823563,0.6980000138282776,0.5189999938011169
YML070W,YMR283C,0,-6.3389974,0.11852606385946274,0.6980000138282776,0.51910001039505
YPL267W,YCR020C-A,0,-6.3391275,0.11850593984127045,0.6980000138282776,0.5192000269889832
YAL042W,YMR020W,0,-6.3391323,0.11848582327365875,0.6980000138282776,0.5192999839782715
YBR272C,YPL013C,0,-6.3394876,0.11846571415662766,0.6980000138282776,0.5194000005722046
YOL034W,YOR106W,0,-6.339653,0.11844561249017715,0.6980000138282776,0.5195000171661377
YGL136C,YPR094W,0,-6.33972,0.11842551827430725,0.6980000138282776,0.519599974155426
YGR037C,YGR172C,0,-6.3397393,0.11840543150901794,0.6980000138282776,0.5196999907493591
YHR186C,YJL225C,0,-6.3398423,0.11838534474372864,0.6980000138282776,0.5198000073432922
YDR302W,YLR266C,0,-6.3402057,0.11836527287960052,0.6980000138282776,0.5199000239372253
YMR215W,YAR008W,0,-6.34022,0.11834520101547241,0.6980000138282776,0.5199999809265137
YDL236W,YGL224C,1,-6.340328,0.1184946596622467,0.6990000009536743,0.5199999809265137
YHR074W,YOR083W,0,-6.3403687,0.1184745728969574,0.6990000009536743,0.5200999975204468
YMR092C,YPL144W,0,-6.340384,0.11845450103282928,0.6990000009536743,0.5202000141143799
YER001W,YKR014C,0,-6.3403974,0.11843442916870117,0.6990000009536743,0.5202999711036682
YDR414C,YLL066C,0,-6.340549,0.11841436475515366,0.6990000009536743,0.5203999876976013
YEL003W,YJL118W,0,-6.3406143,0.11839430779218674,0.6990000009536743,0.5205000042915344
YPL097W,YGR059W,0,-6.3408747,0.11837425827980042,0.6990000009536743,0.5206000208854675
YJL005W,YGR144W,0,-6.3408856,0.11835421621799469,0.6990000009536743,0.5206999778747559
YBR045C,YLL054C,0,-6.3408995,0.11833418160676956,0.6990000009536743,0.520799994468689
YHR169W,YIR021W,0,-6.3411183,0.11831414699554443,0.6990000009536743,0.5209000110626221
YAL063C,YJL197W,0,-6.34124,0.1182941272854805,0.6990000009536743,0.5210000276565552
YPR072W,YGL115W,0,-6.341257,0.11827411502599716,0.6990000009536743,0.5210999846458435
YPL075W,YJL143W,0,-6.3414397,0.11825410276651382,0.6990000009536743,0.5212000012397766
YIL085C,YNR037C,0,-6.341456,0.11823409795761108,0.6990000009536743,0.5213000178337097
YJL056C,YDR476C,0,-6.3416533,0.11821410804986954,0.6990000009536743,0.521399974822998
YPL129W,YEL004W,0,-6.3416786,0.11819411814212799,0.6990000009536743,0.5214999914169312
YOR160W,YGR081C,0,-6.341785,0.11817413568496704,0.6990000009536743,0.5216000080108643
YMR073C,YBL106C,0,-6.341858,0.11815416067838669,0.6990000009536743,0.5217000246047974
YKL190W,YML016C,1,-6.3419986,0.11830319464206696,0.699999988079071,0.5217000246047974
YER143W,YCR106W,0,-6.342155,0.11828320473432541,0.699999988079071,0.5217999815940857
YDR512C,YPL157W,0,-6.3421564,0.11826322227716446,0.699999988079071,0.5218999981880188
YIL005W,YPR167C,0,-6.342294,0.11824323982000351,0.699999988079071,0.5220000147819519
YJR004C,YJL154C,0,-6.342981,0.11822327226400375,0.699999988079071,0.5220999717712402
YDR254W,YER081W,0,-6.3431783,0.1182033121585846,0.699999988079071,0.5221999883651733
YIL088C,YCR106W,0,-6.3431797,0.11818335205316544,0.699999988079071,0.5223000049591064
YKL055C,YMR129W,0,-6.343293,0.11816339939832687,0.699999988079071,0.5224000215530396
YOL149W,YPL040C,0,-6.3434033,0.1181434616446495,0.699999988079071,0.5224999785423279
YHL031C,YHR096C,0,-6.34341,0.11812352389097214,0.699999988079071,0.522599995136261
YOL038W,YPR181C,0,-6.3434243,0.11810359358787537,0.699999988079071,0.5227000117301941
YDR224C,YBL079W,0,-6.3434734,0.11808367073535919,0.699999988079071,0.5228000283241272
YBL091C,YOL003C,0,-6.3436093,0.11806375533342361,0.699999988079071,0.5228999853134155
YOR221C,YGR082W,0,-6.3436646,0.11804384738206863,0.699999988079071,0.5230000019073486
YKL149C,YLR403W,0,-6.343674,0.11802393943071365,0.699999988079071,0.5231000185012817
YHR147C,YDL235C,0,-6.3436832,0.11800404638051987,0.699999988079071,0.5231999754905701
YGR278W,YDR117C,0,-6.343742,0.11798415333032608,0.699999988079071,0.5232999920845032
YGL075C,YIL030C,0,-6.3441014,0.11796427518129349,0.699999988079071,0.5234000086784363
YDL148C,YMR272C,0,-6.3441195,0.1179443970322609,0.699999988079071,0.5235000252723694
YPR122W,YDL214C,0,-6.3444953,0.1179245263338089,0.699999988079071,0.5235999822616577
YOR168W,YGR260W,0,-6.3445106,0.1179046630859375,0.699999988079071,0.5236999988555908
YDR342C,YPL122C,0,-6.344532,0.1178848072886467,0.699999988079071,0.5238000154495239
YKL116C,YHL050C,0,-6.3446155,0.11786495894193649,0.699999988079071,0.5238999724388123
YGL125W,YGL092W,0,-6.3447585,0.11784511804580688,0.699999988079071,0.5239999890327454
YPR175W,YBR119W,0,-6.344873,0.11782528460025787,0.699999988079071,0.5241000056266785
YOR035C,YBR044C,0,-6.3452077,0.11780545115470886,0.699999988079071,0.5242000222206116
YCL064C,YGR076C,0,-6.3452134,0.11778563261032104,0.699999988079071,0.5242999792098999
YJR048W,YMR217W,0,-6.3456583,0.11776581406593323,0.699999988079071,0.524399995803833
YBL098W,YMR142C,0,-6.3463826,0.11774600297212601,0.699999988079071,0.5245000123977661
YKR053C,YMR087W,1,-6.346537,0.11789438128471375,0.7009999752044678,0.5245000123977661
YGR024C,YKL222C,0,-6.3465514,0.11787455528974533,0.7009999752044678,0.5246000289916992
YDL008W,YJL061W,0,-6.346926,0.11785474419593811,0.7009999752044678,0.5246999859809875
YML099C,YKR009C,0,-6.347171,0.11783493310213089,0.7009999752044678,0.5248000025749207
YPL267W,YDR400W,0,-6.3474402,0.11781512945890427,0.7009999752044678,0.5249000191688538
YLR226W,YDR393W,0,-6.347447,0.11779532581567764,0.7009999752044678,0.5249999761581421
YGR037C,YOR145C,0,-6.347672,0.11777553707361221,0.7009999752044678,0.5250999927520752
YPR190C,YOR149C,0,-6.3478,0.11775575578212738,0.7009999752044678,0.5252000093460083
YHR072W,YEL051W,0,-6.3478293,0.11773597449064255,0.7009999752044678,0.5253000259399414
YPR183W,YDL092W,0,-6.3479805,0.11771620810031891,0.7009999752044678,0.5253999829292297
YMR170C,YHR187W,0,-6.34804,0.11769644170999527,0.7009999752044678,0.5254999995231628
YDR017C,YDR469W,0,-6.3481646,0.11767668277025223,0.7009999752044678,0.525600016117096
YIL094C,YOR216C,0,-6.3482084,0.11765693128108978,0.7009999752044678,0.5256999731063843
YBL014C,YPR174C,0,-6.3482122,0.11763718724250793,0.7009999752044678,0.5257999897003174
YJR077C,YMR203W,0,-6.3482256,0.11761745065450668,0.7009999752044678,0.5259000062942505
YOL068C,YDL153C,0,-6.348449,0.11759772151708603,0.7009999752044678,0.5260000228881836
YOR213C,YMR054W,0,-6.348496,0.11757799237966537,0.7009999752044678,0.5260999798774719
YER114C,YNL080C,0,-6.348562,0.11755827814340591,0.7009999752044678,0.526199996471405
YPL239W,YLR001C,0,-6.348624,0.11753856390714645,0.7009999752044678,0.5263000130653381
YNL081C,YCL020W,0,-6.348719,0.11751885712146759,0.7009999752044678,0.5264000296592712
YNL261W,YPL167C,0,-6.3487334,0.11749916523694992,0.7009999752044678,0.5264999866485596
YHR007C,YPL169C,0,-6.3488917,0.11747947335243225,0.7009999752044678,0.5266000032424927
YPL249C,YPL129W,0,-6.348909,0.11745978891849518,0.7009999752044678,0.5267000198364258
YFR028C,YER089C,1,-6.3489323,0.11760763823986053,0.7020000219345093,0.5267000198364258
YHR215W,YMR156C,1,-6.348986,0.11775544285774231,0.703000009059906,0.5267000198364258
YOR316C,YML065W,0,-6.3492136,0.11773572117090225,0.703000009059906,0.5267999768257141
YCR097W,YNL131W,0,-6.3492446,0.11771600693464279,0.703000009059906,0.5268999934196472
YNL223W,YDR461W,0,-6.3492665,0.11769630014896393,0.703000009059906,0.5270000100135803
YKR028W,YMR156C,1,-6.3493123,0.11784399300813675,0.7039999961853027,0.5270000100135803
YMR070W,YPR112C,0,-6.349473,0.11782427132129669,0.7039999961853027,0.5271000266075134
YOR180C,YCR092C,0,-6.3495293,0.11780454963445663,0.7039999961853027,0.5271999835968018
YCL014W,YDL148C,0,-6.3499722,0.11778484284877777,0.7039999961853027,0.5273000001907349
YDR226W,YJR134C,0,-6.349982,0.11776513606309891,0.7039999961853027,0.527400016784668
YLR158C,YMR304W,0,-6.35018,0.11774544417858124,0.7039999961853027,0.5274999737739563
YBL037W,YMR255W,0,-6.350196,0.11772575229406357,0.7039999961853027,0.5275999903678894
YPR034W,YPL160W,0,-6.3502154,0.1177060678601265,0.7039999961853027,0.5277000069618225
YEL039C,YEL043W,0,-6.350225,0.11768639087677002,0.7039999961853027,0.5278000235557556
YDR194C,YHR060W,0,-6.3503,0.11766672134399414,0.7039999961853027,0.527899980545044
YGR175C,YJL140W,0,-6.3503246,0.11764705926179886,0.7039999961853027,0.527999997138977
YGR171C,YER087C-B,0,-6.350357,0.11762740463018417,0.7039999961853027,0.5281000137329102
YDL087C,YCR037C,0,-6.3503785,0.11760774999856949,0.7039999961853027,0.5281999707221985
YBR297W,YLR163C,0,-6.350909,0.117588110268116,0.7039999961853027,0.5282999873161316
YCL048W,YOR083W,0,-6.351011,0.1175684705376625,0.7039999961853027,0.5284000039100647
YDR168W,YIL016W,0,-6.3510265,0.11754883825778961,0.7039999961853027,0.5285000205039978
YPL117C,YJR104C,0,-6.3510337,0.11752921342849731,0.7039999961853027,0.5285999774932861
YGL184C,YNR039C,0,-6.351047,0.11750959604978561,0.7039999961853027,0.5286999940872192
YER026C,YPR121W,0,-6.3511834,0.11748998612165451,0.7039999961853027,0.5288000106811523
YMR146C,YKL063C,0,-6.351315,0.117470383644104,0.7039999961853027,0.5289000272750854
YBR022W,YNL128W,1,-6.351909,0.11761761456727982,0.7049999833106995,0.5289000272750854
YJR118C,YNL273W,0,-6.3519545,0.11759799718856812,0.7049999833106995,0.5289999842643738
YDL106C,YDR004W,0,-6.3522563,0.11757838726043701,0.7049999833106995,0.5291000008583069
YER036C,YMR143W,0,-6.35226,0.11755877733230591,0.7049999833106995,0.52920001745224
YKL011C,YGL255W,0,-6.352301,0.117539182305336,0.7049999833106995,0.5292999744415283
YOR011W,YJL051W,0,-6.3523445,0.11751958727836609,0.7049999833106995,0.5293999910354614
YJL133W,YJL104W,0,-6.352366,0.11749999970197678,0.7049999833106995,0.5295000076293945
YLR093C,YLR396C,0,-6.3523965,0.11748041957616806,0.7049999833106995,0.5296000242233276
YDL100C,YMR050C,0,-6.352427,0.11746084690093994,0.7049999833106995,0.529699981212616
YOR168W,YKL119C,0,-6.35251,0.11744128167629242,0.7049999833106995,0.5297999978065491
YLR196W,YMR071C,0,-6.3527455,0.1174217164516449,0.7049999833106995,0.5299000144004822
YOL069W,YLR032W,0,-6.3529773,0.11740216612815857,0.7049999833106995,0.5299999713897705
YNL068C,YER111C,0,-6.3532414,0.11738261580467224,0.7049999833106995,0.5300999879837036
YHR094C,YDR058C,0,-6.3532457,0.11736307293176651,0.7049999833106995,0.5302000045776367
YGL071W,YFR050C,0,-6.3535895,0.11734354496002197,0.7049999833106995,0.5303000211715698
YCR087C-A,YMR105C,0,-6.3536777,0.11732401698827744,0.7049999833106995,0.5303999781608582
YNL288W,YPL021W,0,-6.353777,0.1173044890165329,0.7049999833106995,0.5304999947547913
YDR503C,YLL010C,1,-6.3539314,0.11745133996009827,0.7059999704360962,0.5304999947547913
YMR058W,YGL011C,0,-6.3540206,0.11743180453777313,0.7059999704360962,0.5306000113487244
YDR055W,YER031C,0,-6.3540606,0.1174122765660286,0.7059999704360962,0.5307000279426575
YJR104C,YMR088C,0,-6.354069,0.11739274859428406,0.7059999704360962,0.5307999849319458
YDR019C,YFL002W-A,0,-6.354325,0.11737323552370071,0.7059999704360962,0.5309000015258789
YNL292W,YPR186C,0,-6.354344,0.11735372245311737,0.7059999704360962,0.531000018119812
YDR244W,YDL246C,0,-6.3544126,0.11733421683311462,0.7059999704360962,0.5310999751091003
YPL049C,YPR163C,0,-6.3545246,0.11731472611427307,0.7059999704360962,0.5311999917030334
YER026C,YLR051C,0,-6.3545785,0.11729523539543152,0.7059999704360962,0.5313000082969666
YJL044C,YDR194C,0,-6.3545876,0.11727574467658997,0.7059999704360962,0.5314000248908997
YOL061W,YKL145W,0,-6.3546567,0.1172562688589096,0.7059999704360962,0.531499981880188
YHR132C,YBL014C,0,-6.354802,0.11723680049180984,0.7059999704360962,0.5315999984741211
YOL068C,YPL154C,0,-6.354811,0.11721733212471008,0.7059999704360962,0.5317000150680542
YBL015W,YDR486C,0,-6.355101,0.11719787865877151,0.7059999704360962,0.5317999720573425
YER031C,YGR283C,0,-6.3553276,0.11717842519283295,0.7059999704360962,0.5318999886512756
YNR035C,YER003C,0,-6.3557477,0.11715897917747498,0.7059999704360962,0.5320000052452087
YLR205C,YHR016C,0,-6.355782,0.1171395406126976,0.7059999704360962,0.5321000218391418
YIL085C,YMR197C,0,-6.3561826,0.11712010949850082,0.7059999704360962,0.5321999788284302
YOL164W,YGR256W,0,-6.3565,0.11710067838430405,0.7059999704360962,0.5322999954223633
YFL009W,YDR480W,0,-6.3568587,0.11708126217126846,0.7059999704360962,0.5324000120162964
YJR078W,YOR202W,0,-6.357065,0.11706184595823288,0.7059999704360962,0.5325000286102295
YHR171W,YOR122C,0,-6.357286,0.1170424371957779,0.7059999704360962,0.5325999855995178
YAR033W,YCR024C,0,-6.3573904,0.1170230433344841,0.7059999704360962,0.5327000021934509
YKL114C,YPL015C,0,-6.357508,0.11700364947319031,0.7059999704360962,0.532800018787384
YPL015C,YKL138C,0,-6.3577228,0.11698425561189651,0.7059999704360962,0.5328999757766724
YJR137C,YDR159W,0,-6.3578043,0.11696487665176392,0.7059999704360962,0.5329999923706055
YBR182C,YDL170W,0,-6.3578672,0.11694550514221191,0.7059999704360962,0.5331000089645386
YDR195W,YIL008W,0,-6.357881,0.11692613363265991,0.7059999704360962,0.5332000255584717
YGR252W,YCR072C,0,-6.3580656,0.11690676957368851,0.7059999704360962,0.53329998254776
YPR018W,YDR416W,0,-6.3581085,0.1168874204158783,0.7059999704360962,0.5333999991416931
YEL011W,YIL123W,0,-6.358234,0.11686807125806808,0.7059999704360962,0.5335000157356262
YMR117C,YDR453C,0,-6.358317,0.11684872210025787,0.7059999704360962,0.5335999727249146
YGR252W,YBL003C,0,-6.358744,0.11682938784360886,0.7059999704360962,0.5336999893188477
YER058W,YPR198W,0,-6.35904,0.11681006103754044,0.7059999704360962,0.5338000059127808
YPL128C,YJR028W,0,-6.359055,0.11679073423147202,0.7059999704360962,0.5339000225067139
YLL061W,YKR086W,0,-6.359467,0.11677142232656479,0.7059999704360962,0.5339999794960022
YPR134W,YDR255C,0,-6.359655,0.11675211042165756,0.7059999704360962,0.5340999960899353
YDL222C,YMR190C,0,-6.3597345,0.11673280596733093,0.7059999704360962,0.5342000126838684
YAL042W,YDL007W,0,-6.3597484,0.1167135089635849,0.7059999704360962,0.5343000292778015
YKR019C,YHR086W,0,-6.360332,0.11669421195983887,0.7059999704360962,0.5343999862670898
YKL122C,YJL154C,0,-6.360556,0.11667492985725403,0.7059999704360962,0.534500002861023
YMR251W-A,YKR007W,0,-6.3606744,0.11665564775466919,0.7059999704360962,0.534600019454956
YGL053W,YBR229C,0,-6.3611655,0.11663638055324554,0.7059999704360962,0.5346999764442444
YLR004C,YDL060W,0,-6.361427,0.1166171133518219,0.7059999704360962,0.5347999930381775
YOR109W,YER075C,1,-6.361564,0.11676300317049026,0.7070000171661377,0.5347999930381775
YBR160W,YJR118C,0,-6.362077,0.11674372851848602,0.7070000171661377,0.5349000096321106
YBR015C,YKL211C,0,-6.362251,0.11672445386648178,0.7070000171661377,0.5350000262260437
YCL026C-B,YIL149C,0,-6.362546,0.11670518666505814,0.7070000171661377,0.535099983215332
YMR120C,YDR337W,0,-6.362621,0.11668591946363449,0.7070000171661377,0.5351999998092651
YNL246W,YKL222C,0,-6.362724,0.11666666716337204,0.7070000171661377,0.5353000164031982
YBR040W,YGL192W,0,-6.3627524,0.11664741486310959,0.7070000171661377,0.5353999733924866
YLL015W,YLR244C,0,-6.362823,0.11662817746400833,0.7070000171661377,0.5354999899864197
YER075C,YIL053W,1,-6.363109,0.11677387356758118,0.7080000042915344,0.5354999899864197
YBR068C,YDL225W,0,-6.363178,0.11675461381673813,0.7080000042915344,0.5356000065803528
YDL231C,YGL247W,0,-6.3632913,0.11673536896705627,0.7080000042915344,0.5357000231742859
YML127W,YLR001C,0,-6.3634086,0.11671612411737442,0.7080000042915344,0.5357999801635742
YGR179C,YBR055C,0,-6.3634343,0.11669688671827316,0.7080000042915344,0.5358999967575073
YPR179C,YDL065C,0,-6.363456,0.1166776567697525,0.7080000042915344,0.5360000133514404
YOR328W,YIL080W,0,-6.3635774,0.11665842682123184,0.7080000042915344,0.5360999703407288
YEL003W,YDR196C,0,-6.363766,0.11663921177387238,0.7080000042915344,0.5361999869346619
YJL116C,YPR125W,0,-6.3639197,0.11661999672651291,0.7080000042915344,0.536300003528595
YDR108W,YBR183W,0,-6.3642044,0.11660078912973404,0.7080000042915344,0.5364000201225281
YPL115C,YLR096W,0,-6.3642654,0.11658158898353577,0.7080000042915344,0.5364999771118164
YML058W-A,YJL012C,0,-6.364286,0.11656239628791809,0.7080000042915344,0.5365999937057495
YJL146W,YMR019W,0,-6.3643007,0.11654321104288101,0.7080000042915344,0.5367000102996826
YDR404C,YHR070W,0,-6.364337,0.11652402579784393,0.7080000042915344,0.5368000268936157
YEL030W,YDL058W,0,-6.3645425,0.11650485545396805,0.7080000042915344,0.536899983882904
YIL070C,YPR042C,0,-6.3645644,0.11648568511009216,0.7080000042915344,0.5370000004768372
YDR036C,YDR174W,0,-6.3646255,0.11646652221679688,0.7080000042915344,0.5371000170707703
YOL082W,YNL038W,0,-6.3648252,0.11644736677408218,0.7080000042915344,0.5371999740600586
YPL096C-A,YBR106W,0,-6.364865,0.11642821878194809,0.7080000042915344,0.5372999906539917
YER070W,YCR008W,0,-6.365005,0.11640907824039459,0.7080000042915344,0.5374000072479248
YDL231C,YHR006W,0,-6.365174,0.1163899376988411,0.7080000042915344,0.5375000238418579
YMR002W,YKR095W,0,-6.3651843,0.11637081205844879,0.7080000042915344,0.5375999808311462
YMR314W,YPR086W,0,-6.365229,0.11635168641805649,0.7080000042915344,0.5376999974250793
YER100W,YFL004W,0,-6.3652296,0.11633256822824478,0.7080000042915344,0.5378000140190125
YDR122W,YML076C,0,-6.3653293,0.11631345748901367,0.7080000042915344,0.5378999710083008
YLR233C,YDR017C,0,-6.365357,0.11629434674978256,0.7080000042915344,0.5379999876022339
YGR037C,YDR266C,0,-6.365495,0.11627525091171265,0.7080000042915344,0.538100004196167
YDR280W,YGL066W,0,-6.365517,0.11625615507364273,0.7080000042915344,0.5382000207901001
YKL052C,YPR155C,0,-6.3657637,0.11623707413673401,0.7080000042915344,0.5382999777793884
YJL071W,YGR078C,0,-6.365845,0.11621799319982529,0.7080000042915344,0.5383999943733215
YLR186W,YML019W,0,-6.366039,0.11619891971349716,0.7080000042915344,0.5385000109672546
YLL050C,YKL174C,0,-6.3660808,0.11617984622716904,0.7080000042915344,0.5386000275611877
YMR042W,YPL066W,0,-6.366147,0.1161607876420021,0.7080000042915344,0.5386999845504761
YKL025C,YMR106C,0,-6.366234,0.11614172905683517,0.7080000042915344,0.5388000011444092
YOR335C,YPR165W,0,-6.3666387,0.11612268537282944,0.7080000042915344,0.5389000177383423
YEL018W,YNL293W,0,-6.3668737,0.1161036416888237,0.7080000042915344,0.5389999747276306
YKL022C,YER169W,0,-6.3668866,0.11608460545539856,0.7080000042915344,0.5390999913215637
YIL159W,YFR037C,0,-6.366984,0.11606557667255402,0.7080000042915344,0.5392000079154968
YLR070C,YMR114C,0,-6.3670144,0.11604654788970947,0.7080000042915344,0.5393000245094299
YHR168W,YKL222C,0,-6.367186,0.11602753400802612,0.7080000042915344,0.5393999814987183
YNL262W,YLR275W,0,-6.3671994,0.11600852012634277,0.7080000042915344,0.5394999980926514
YOR216C,YLR212C,0,-6.367295,0.11598951369524002,0.7080000042915344,0.5396000146865845
YJL183W,YLR010C,0,-6.367328,0.11597051471471786,0.7080000042915344,0.5396999716758728
YJL061W,YML123C,0,-6.3673577,0.1159515231847763,0.7080000042915344,0.5397999882698059
YNL038W,YJR117W,0,-6.3676696,0.11593253910541534,0.7080000042915344,0.539900004863739
YBL080C,YNR064C,0,-6.3677154,0.11591355502605438,0.7080000042915344,0.5400000214576721
YBR040W,YJR033C,0,-6.367743,0.11589457839727402,0.7080000042915344,0.5400999784469604
YCR097W,YHL024W,0,-6.3678374,0.11587561666965485,0.7080000042915344,0.5401999950408936
YNR035C,YBL030C,0,-6.367885,0.11585665494203568,0.7080000042915344,0.5403000116348267
YOR126C,YGR038C-A,0,-6.3683424,0.1158376932144165,0.7080000042915344,0.5404000282287598
YML081C-A,YOL052C,0,-6.368542,0.11581874638795853,0.7080000042915344,0.5404999852180481
YGR010W,YGL186C,0,-6.368667,0.11579980701208115,0.7080000042915344,0.5406000018119812
YPR020W,YML126C,0,-6.3687434,0.11578086763620377,0.7080000042915344,0.5407000184059143
YNL166C,YMR043W,0,-6.3688655,0.11576193571090698,0.7080000042915344,0.5407999753952026
YNL298W,YLR421C,0,-6.3690586,0.1157430112361908,0.7080000042915344,0.5408999919891357
YOL082W,YOR257W,0,-6.36912,0.1157240942120552,0.7080000042915344,0.5410000085830688
YOR250C,YOR346W,0,-6.3692613,0.11570517718791962,0.7080000042915344,0.541100025177002
YML130C,YBL041W,0,-6.369549,0.11568627506494522,0.7080000042915344,0.5411999821662903
YLR170C,YDR031W,0,-6.369894,0.11566737294197083,0.7080000042915344,0.5412999987602234
YMR026C,YOR305W,0,-6.369943,0.11564847826957703,0.7080000042915344,0.5414000153541565
YHR043C,YGR161C,1,-6.370042,0.11579291522502899,0.7089999914169312,0.5414000153541565
YHR183W,YGR122W,0,-6.370109,0.115774005651474,0.7089999914169312,0.5414999723434448
YLR221C,YML131W,0,-6.370449,0.1157551035284996,0.7089999914169312,0.5415999889373779
YNL042W,YCR014C,0,-6.3704534,0.1157362088561058,0.7089999914169312,0.541700005531311
YML062C,YDR478W,0,-6.3706913,0.115717314183712,0.7089999914169312,0.5418000221252441
YDR375C,YCL020W,0,-6.370913,0.1156984344124794,0.7089999914169312,0.5418999791145325
YIL140W,YGL113W,0,-6.3710294,0.1156795546412468,0.7089999914169312,0.5419999957084656
YER014C-A,YFL033C,0,-6.371041,0.11566068232059479,0.7089999914169312,0.5421000123023987
YMR036C,YNL217W,1,-6.3711243,0.11580492556095123,0.7099999785423279,0.5421000123023987
YBL013W,YNL176C,0,-6.37136,0.11578603833913803,0.7099999785423279,0.5422000288963318
YKL217W,YDR310C,0,-6.371447,0.11576715856790543,0.7099999785423279,0.5422999858856201
YNL106C,YOR109W,1,-6.3717046,0.11591131240129471,0.7110000252723694,0.5422999858856201
YDR446W,YNL281W,0,-6.3718915,0.11589241772890091,0.7110000252723694,0.5424000024795532
YPL254W,YLR011W,0,-6.371923,0.11587353050708771,0.7110000252723694,0.5425000190734863
YKL158W,YCR031C,0,-6.37217,0.1158546507358551,0.7110000252723694,0.5425999760627747
YOL100W,YMR166C,0,-6.3721905,0.1158357784152031,0.7110000252723694,0.5426999926567078
YJL200C,YDR507C,0,-6.372229,0.11581690609455109,0.7110000252723694,0.5428000092506409
YOR007C,YDL025C,0,-6.3722787,0.11579804867506027,0.7110000252723694,0.542900025844574
YCL027C-A,YBR095C,0,-6.372685,0.11577919125556946,0.7110000252723694,0.5429999828338623
YPL175W,YLR272C,0,-6.372716,0.11576034128665924,0.7110000252723694,0.5430999994277954
YDL036C,YDL033C,0,-6.372812,0.11574149131774902,0.7110000252723694,0.5432000160217285
YCR077C,YDR255C,0,-6.3729167,0.11572265625,0.7110000252723694,0.5432999730110168
YJL071W,YIL103W,0,-6.3729405,0.11570382118225098,0.7110000252723694,0.54339998960495
YDL230W,YIL053W,1,-6.372994,0.11584770679473877,0.7120000123977661,0.54339998960495
YJL111W,YMR145C,0,-6.373092,0.11582885682582855,0.7120000123977661,0.5435000061988831
YDR225W,YDR529C,0,-6.373245,0.11581002175807953,0.7120000123977661,0.5436000227928162
YEL016C,YIL115C,0,-6.373526,0.1157911866903305,0.7120000123977661,0.5436999797821045
YMR292W,YPR141C,0,-6.373573,0.11577235907316208,0.7120000123977661,0.5437999963760376
YLR427W,YKL059C,0,-6.373698,0.11575353890657425,0.7120000123977661,0.5439000129699707
YHR047C,YGL083W,0,-6.3737016,0.11573471873998642,0.7120000123977661,0.5440000295639038
YER146W,YPL063W,0,-6.3738327,0.11571591347455978,0.7120000123977661,0.5440999865531921
YOL041C,YGR266W,0,-6.373846,0.11569710820913315,0.7120000123977661,0.5442000031471252
YIR019C,YPR024W,0,-6.3741145,0.11567831039428711,0.7120000123977661,0.5443000197410583
YHR046C,YPR073C,1,-6.374279,0.1158219650387764,0.7129999995231628,0.5443000197410583
YPL156C,YPL033C,0,-6.374315,0.11580315232276917,0.7129999995231628,0.5443999767303467
YLL009C,YOL091W,0,-6.374418,0.11578434705734253,0.7129999995231628,0.5444999933242798
YGR123C,YNL217W,1,-6.374554,0.11592791229486465,0.7139999866485596,0.5444999933242798
YPL096C-A,YGR166W,0,-6.374602,0.11590909212827682,0.7139999866485596,0.5446000099182129
YDR503C,YBR093C,1,-6.3746905,0.11605259031057358,0.7149999737739563,0.5446000099182129
YOL122C,YBR143C,0,-6.374953,0.11603375524282455,0.7149999737739563,0.544700026512146
YKR099W,YGR063C,0,-6.3750234,0.11601492762565613,0.7149999737739563,0.5447999835014343
YNL159C,YOR207C,0,-6.37508,0.1159961074590683,0.7149999737739563,0.5449000000953674
YDR439W,YER138C,0,-6.375133,0.11597729474306107,0.7149999737739563,0.5450000166893005
YDR105C,YMR088C,0,-6.3751335,0.11595848202705383,0.7149999737739563,0.5450999736785889
YMR251W-A,YDR026C,0,-6.3751826,0.1159396767616272,0.7149999737739563,0.545199990272522
YLR348C,YLR040C,0,-6.3752627,0.11592087894678116,0.7149999737739563,0.5453000068664551
YCR024C-A,YGR072W,0,-6.375272,0.11590208858251572,0.7149999737739563,0.5454000234603882
YDR046C,YHL002W,0,-6.3753486,0.11588330566883087,0.7149999737739563,0.5454999804496765
YMR204C,YPL190C,0,-6.375369,0.11586453020572662,0.7149999737739563,0.5455999970436096
YOR110W,YNL181W,0,-6.375487,0.11584575474262238,0.7149999737739563,0.5457000136375427
YGL203C,YLR466W,0,-6.375747,0.11582698673009872,0.7149999737739563,0.545799970626831
YPL013C,YDR316W,0,-6.3758,0.11580822616815567,0.7149999737739563,0.5458999872207642
YDL220C,YLR244C,0,-6.3761353,0.11578947305679321,0.7149999737739563,0.5460000038146973
YOR109W,YER089C,1,-6.3762193,0.1159326434135437,0.7160000205039978,0.5460000038146973
YDR204W,YNL046W,0,-6.376271,0.11591387540102005,0.7160000205039978,0.5461000204086304
YDL008W,YDR392W,0,-6.3763022,0.115895114839077,0.7160000205039978,0.5461999773979187
YHR183W,YHR113W,0,-6.3763046,0.11587635427713394,0.7160000205039978,0.5462999939918518
YDR447C,YPL074W,0,-6.3764577,0.11585760861635208,0.7160000205039978,0.5464000105857849
YGL019W,YER151C,0,-6.3764806,0.11583886295557022,0.7160000205039978,0.546500027179718
YMR075W,YDR478W,0,-6.3766236,0.11582012474536896,0.7160000205039978,0.5465999841690063
YJL190C,YDR349C,0,-6.3766704,0.11580139398574829,0.7160000205039978,0.5467000007629395
YDR325W,YGR287C,0,-6.376714,0.11578266322612762,0.7160000205039978,0.5468000173568726
YER148W,YIL168W,0,-6.376724,0.11576394736766815,0.7160000205039978,0.5468999743461609
YHR082C,YDR266C,0,-6.376732,0.11574523150920868,0.7160000205039978,0.546999990940094
YOR068C,YDR486C,0,-6.3771105,0.1157265231013298,0.7160000205039978,0.5471000075340271
YJR090C,YGR111W,0,-6.377215,0.11570782214403152,0.7160000205039978,0.5472000241279602
YML077W,YER171W,0,-6.3772397,0.11568912863731384,0.7160000205039978,0.5472999811172485
YBR068C,YIR017C,0,-6.3772807,0.11567043513059616,0.7160000205039978,0.5473999977111816
YPL274W,YOL093W,0,-6.3775487,0.11565174907445908,0.7160000205039978,0.5475000143051147
YLR069C,YDR451C,0,-6.377631,0.11563307791948318,0.7160000205039978,0.5475999712944031
YDL028C,YJR088C,0,-6.377964,0.1156144067645073,0.7160000205039978,0.5476999878883362
YJR060W,YIL137C,0,-6.377966,0.1155957356095314,0.7160000205039978,0.5478000044822693
YDR069C,YNL009W,0,-6.3779945,0.1155770793557167,0.7160000205039978,0.5479000210762024
YJL031C,YBL045C,0,-6.3780265,0.11555842310190201,0.7160000205039978,0.5479999780654907
YAL060W,YPL053C,0,-6.378115,0.11553977429866791,0.7160000205039978,0.5480999946594238
YNR023W,YJR027W,0,-6.3782964,0.1155211329460144,0.7160000205039978,0.5482000112533569
YNL153C,YOR158W,0,-6.3784704,0.1155024990439415,0.7160000205039978,0.54830002784729
YNL025C,YOR143C,0,-6.3786016,0.11548387259244919,0.7160000205039978,0.5483999848365784
YBL003C,YKL129C,0,-6.3786974,0.11546524614095688,0.7160000205039978,0.5485000014305115
YML129C,YOL076W,0,-6.3789277,0.11544662714004517,0.7160000205039978,0.5486000180244446
YGR092W,YOR110W,0,-6.3790865,0.11542801558971405,0.7160000205039978,0.5486999750137329
YMR215W,YHL031C,0,-6.3793917,0.11540941148996353,0.7160000205039978,0.548799991607666
YJL194W,YGL100W,0,-6.379456,0.11539081484079361,0.7160000205039978,0.5489000082015991
YJL115W,YJL005W,0,-6.3795977,0.11537221819162369,0.7160000205039978,0.5490000247955322
YJL165C,YPR133C,0,-6.379705,0.11535363644361496,0.7160000205039978,0.5490999817848206
YDL230W,YGL229C,1,-6.3798275,0.11549613624811172,0.7170000076293945,0.5490999817848206
YOL062C,YFR015C,0,-6.3799977,0.1154775321483612,0.7170000076293945,0.5491999983787537
YMR257C,YDL135C,0,-6.3800664,0.11545893549919128,0.7170000076293945,0.5493000149726868
YLR431C,YCL061C,0,-6.380193,0.11544034630060196,0.7170000076293945,0.5493999719619751
YNL242W,YKL038W,0,-6.380255,0.11542176455259323,0.7170000076293945,0.5494999885559082
YPR184W,YML124C,0,-6.380317,0.1154031902551651,0.7170000076293945,0.5496000051498413
YLR158C,YMR205C,0,-6.38061,0.11538461595773697,0.7170000076293945,0.5497000217437744
YIL132C,YNL329C,0,-6.380647,0.11536604911088943,0.7170000076293945,0.5497999787330627
YGR231C,YER171W,0,-6.380716,0.1153474897146225,0.7170000076293945,0.5498999953269958
YOR278W,YDL064W,0,-6.3808985,0.11532893776893616,0.7170000076293945,0.550000011920929
YPL147W,YER173W,0,-6.3809257,0.11531038582324982,0.7170000076293945,0.5501000285148621
YGR252W,YJR118C,0,-6.381001,0.11529184877872467,0.7170000076293945,0.5501999855041504
YBL005W-A,YJL114W,0,-6.381105,0.11527331173419952,0.7170000076293945,0.5503000020980835
YER089C,YOR014W,1,-6.381224,0.1154155284166336,0.7179999947547913,0.5503000020980835
YGL097W,YGL212W,0,-6.381506,0.11539697647094727,0.7179999947547913,0.5504000186920166
YPR070W,YPR188C,0,-6.381635,0.11537843197584152,0.7179999947547913,0.5504999756813049
YOR023C,YPR083W,0,-6.3817143,0.11535989493131638,0.7179999947547913,0.550599992275238
YIL009W,YLR301W,0,-6.3817353,0.11534136533737183,0.7179999947547913,0.5507000088691711
YDR313C,YLR234W,0,-6.381747,0.11532284319400787,0.7179999947547913,0.5508000254631042
YML058W-A,YEL062W,0,-6.3820662,0.11530432105064392,0.7179999947547913,0.5508999824523926
YER026C,YDR378C,0,-6.3822436,0.11528580635786057,0.7179999947547913,0.5509999990463257
YHR027C,YIL023C,0,-6.3823595,0.1152672991156578,0.7179999947547913,0.5511000156402588
YNR074C,YLR244C,0,-6.3825145,0.11524879932403564,0.7179999947547913,0.5511999726295471
YDL194W,YOR273C,0,-6.3826857,0.11523029953241348,0.7179999947547913,0.5512999892234802
YFL034C-B,YKL197C,0,-6.382729,0.11521180719137192,0.7179999947547913,0.5514000058174133
YJR064W,YEL062W,0,-6.3829246,0.11519332230091095,0.7179999947547913,0.5515000224113464
YBR143C,YIL091C,0,-6.3830104,0.11517484486103058,0.7179999947547913,0.5515999794006348
YDL122W,YMR197C,0,-6.3830233,0.1151563748717308,0.7179999947547913,0.5516999959945679
YBR286W,YPR171W,0,-6.383039,0.11513791233301163,0.7179999947547913,0.551800012588501
YPL228W,YMR087W,1,-6.3830924,0.11527977883815765,0.718999981880188,0.551800012588501
YBR233W-A,YLR029C,0,-6.3833346,0.11526130139827728,0.718999981880188,0.5519000291824341
YDR040C,YDL108W,0,-6.3834233,0.11524282395839691,0.718999981880188,0.5519999861717224
YGL078C,YDR007W,0,-6.3835516,0.11522436141967773,0.718999981880188,0.5521000027656555
YNL149C,YDR027C,0,-6.3835573,0.11520589888095856,0.718999981880188,0.5522000193595886
YJL008C,YPR120C,0,-6.383611,0.11518743634223938,0.718999981880188,0.552299976348877
YMR250W,YJR102C,0,-6.383698,0.1151689887046814,0.718999981880188,0.5523999929428101
YGR222W,YOR219C,0,-6.3840413,0.11515054106712341,0.718999981880188,0.5525000095367432
YER075C,YNL032W,1,-6.3841834,0.11529223620891571,0.7200000286102295,0.5525000095367432
YJL187C,YJR054W,0,-6.384184,0.11527377367019653,0.7200000286102295,0.5526000261306763
YCR094W,YDR541C,0,-6.3842473,0.11525532603263855,0.7200000286102295,0.5526999831199646
YCL034W,YGL089C,0,-6.3847156,0.11523687839508057,0.7200000286102295,0.5527999997138977
YHR067W,YGL064C,0,-6.3849044,0.11521843820810318,0.7200000286102295,0.5529000163078308
YJR133W,YLL066C,0,-6.384958,0.1151999980211258,0.7200000286102295,0.5529999732971191
YER118C,YMR227C,0,-6.3849726,0.1151815727353096,0.7200000286102295,0.5530999898910522
YML118W,YOL142W,0,-6.384979,0.11516314744949341,0.7200000286102295,0.5532000064849854
YMR002W,YCR012W,0,-6.3850765,0.11514472961425781,0.7200000286102295,0.5533000230789185
YFR028C,YLL010C,1,-6.3851933,0.1152862161397934,0.7210000157356262,0.5533000230789185
YOR190W,YPL239W,0,-6.385589,0.1152677834033966,0.7210000157356262,0.5533999800682068
YNL311C,YHL028W,0,-6.3859606,0.11524935811758041,0.7210000157356262,0.5534999966621399
YDR072C,YGR072W,0,-6.38609,0.11523094028234482,0.7210000157356262,0.553600013256073
YCR063W,YLR045C,0,-6.3861113,0.11521252989768982,0.7210000157356262,0.5536999702453613
YGL032C,YDR179C,0,-6.3864026,0.11519411951303482,0.7210000157356262,0.5537999868392944
YPL082C,YGR070W,0,-6.386768,0.11517571657896042,0.7210000157356262,0.5539000034332275
YBR166C,YNL197C,0,-6.386869,0.11515732109546661,0.7210000157356262,0.5540000200271606
YPL228W,YJL098W,1,-6.386912,0.11529862880706787,0.722000002861023,0.5540000200271606
YOR354C,YMR047C,0,-6.3871193,0.11528021842241287,0.722000002861023,0.554099977016449
YNL142W,YJL151C,0,-6.387426,0.11526181548833847,0.722000002861023,0.5541999936103821
YER094C,YER049W,0,-6.387584,0.11524341255426407,0.722000002861023,0.5543000102043152
YKR057W,YDR457W,0,-6.3877482,0.11522502452135086,0.722000002861023,0.5544000267982483
YNL243W,YDL109C,0,-6.387924,0.11520663648843765,0.722000002861023,0.5544999837875366
YOL152W,YER161C,0,-6.3880296,0.11518825590610504,0.722000002861023,0.5546000003814697
YKL201C,YPR107C,0,-6.3880687,0.11516988277435303,0.722000002861023,0.5547000169754028
YLR183C,YML076C,0,-6.3881125,0.11515151709318161,0.722000002861023,0.5547999739646912
YOR125C,YOL096C,0,-6.3882008,0.11513315141201019,0.722000002861023,0.5548999905586243
YJL207C,YDR050C,0,-6.3885403,0.11511479318141937,0.722000002861023,0.5550000071525574
YNR052C,YPL105C,0,-6.388573,0.11509644240140915,0.722000002861023,0.5551000237464905
YDR028C,YHR135C,0,-6.3885736,0.11507809907197952,0.722000002861023,0.5551999807357788
YOR099W,YJR123W,0,-6.3886123,0.1150597631931305,0.722000002861023,0.5552999973297119
YJL031C,YHL016C,0,-6.3886213,0.11504142731428146,0.722000002861023,0.555400013923645
YML120C,YNL046W,0,-6.388658,0.11502309888601303,0.722000002861023,0.5554999709129333
YOR180C,YFR055W,0,-6.3889766,0.1150047779083252,0.722000002861023,0.5555999875068665
YLR405W,YGL035C,0,-6.3891826,0.11498646438121796,0.722000002861023,0.5557000041007996
YKR083C,YBL004W,0,-6.389194,0.11496815085411072,0.722000002861023,0.5558000206947327
YDR219C,YHR099W,0,-6.3892627,0.11494985222816467,0.722000002861023,0.555899977684021
YKL096W-A,YIL029C,0,-6.389632,0.11493155360221863,0.722000002861023,0.5559999942779541
YBR024W,YLR200W,0,-6.3897653,0.11491325497627258,0.722000002861023,0.5561000108718872
YMR002W,YKL063C,0,-6.38978,0.11489497125148773,0.722000002861023,0.5562000274658203
YDL006W,YJL098W,1,-6.3900733,0.11503580212593079,0.7229999899864197,0.5562000274658203
YNL153C,YHL022C,0,-6.3901005,0.11501749604940414,0.7229999899864197,0.5562999844551086
YIL009W,YLR386W,0,-6.3902073,0.1149992048740387,0.7229999899864197,0.5564000010490417
YLR221C,YIR014W,0,-6.3902698,0.11498091369867325,0.7229999899864197,0.5565000176429749
YKL060C,YKL186C,0,-6.390407,0.1149626299738884,0.7229999899864197,0.5565999746322632
YML016C,YOR014W,1,-6.390494,0.1151033416390419,0.7239999771118164,0.5565999746322632
YHR076W,YKR053C,1,-6.3905044,0.11524400115013123,0.7250000238418579,0.5565999746322632
YLL057C,YOR344C,0,-6.390596,0.11522568017244339,0.7250000238418579,0.5566999912261963
YKL157W,YHR143W,0,-6.390613,0.11520737409591675,0.7250000238418579,0.5568000078201294
YBR274W,YKL059C,0,-6.3909345,0.1151890680193901,0.7250000238418579,0.5569000244140625
YDL236W,YOR014W,1,-6.3909616,0.11532962322235107,0.7260000109672546,0.5569000244140625
YIL040W,YML054C,0,-6.3909817,0.11531130969524384,0.7260000109672546,0.5569999814033508
YCL012W,YOR145C,0,-6.391089,0.1152929961681366,0.7260000109672546,0.5570999979972839
YDL145C,YDR251W,0,-6.3911614,0.11527469009160995,0.7260000109672546,0.557200014591217
YPL204W,YIL070C,0,-6.3914165,0.11525639146566391,0.7260000109672546,0.5572999715805054
YOR017W,YOR344C,0,-6.391438,0.11523809283971786,0.7260000109672546,0.5573999881744385
YFL009W,YDR345C,0,-6.3918324,0.11521980911493301,0.7260000109672546,0.5575000047683716
YJL219W,YGR272C,0,-6.3919687,0.11520152539014816,0.7260000109672546,0.5576000213623047
YDL197C,YHR149C,0,-6.3920274,0.11518324911594391,0.7260000109672546,0.557699978351593
YBR112C,YAL055W,0,-6.3920918,0.11516497284173965,0.7260000109672546,0.5577999949455261
YOR120W,YNL188W,0,-6.3922324,0.1151467114686966,0.7260000109672546,0.5579000115394592
YOL115W,YGR260W,0,-6.392347,0.11512845009565353,0.7260000109672546,0.5580000281333923
YDR163W,YBR272C,0,-6.392531,0.11511019617319107,0.7260000109672546,0.5580999851226807
YNL080C,YOL005C,0,-6.3927426,0.1150919497013092,0.7260000109672546,0.5582000017166138
YBR282W,YHL006C,0,-6.3928685,0.11507370322942734,0.7260000109672546,0.5583000183105469
YBL037W,YNL253W,0,-6.3931303,0.11505546420812607,0.7260000109672546,0.5583999752998352
YGL247W,YMR055C,0,-6.3934846,0.11503724008798599,0.7260000109672546,0.5584999918937683
YLR027C,YPR133C,0,-6.3936086,0.11501900851726532,0.7260000109672546,0.5586000084877014
YBR093C,YER089C,1,-6.3936887,0.11515919864177704,0.7269999980926514,0.5586000084877014
YLR438C-A,YAL010C,0,-6.393719,0.11514095962047577,0.7269999980926514,0.5587000250816345
YBL098W,YBL072C,0,-6.3943,0.1151227205991745,0.7269999980926514,0.5587999820709229
YBR022W,YDL134C,1,-6.394527,0.11526282131671906,0.7279999852180481,0.5587999820709229
YLR183C,YAR010C,0,-6.3946266,0.11524457484483719,0.7279999852180481,0.558899998664856
YNL207W,YML082W,0,-6.394811,0.11522633582353592,0.7279999852180481,0.5590000152587891
YKL190W,YER133W,1,-6.3948374,0.11536635458469391,0.7289999723434448,0.5590000152587891
YML016C,YFR040W,1,-6.3951135,0.11550632864236832,0.7300000190734863,0.5590000152587891
YDL247W,YLR039C,0,-6.3951297,0.11548805236816406,0.7300000190734863,0.5590999722480774
YIL037C,YML032C,0,-6.3951883,0.115469790995121,0.7300000190734863,0.5591999888420105
YFR028C,YNL106C,1,-6.3952613,0.11560967564582825,0.7310000061988831,0.5591999888420105
YPL040C,YOL111C,0,-6.3952737,0.11559139937162399,0.7310000061988831,0.5593000054359436
YMR036C,YLR019W,1,-6.39531,0.11573122441768646,0.7319999933242798,0.5593000054359436
YIL088C,YKL139W,0,-6.395484,0.11571293324232101,0.7319999933242798,0.5594000220298767
YDR284C,YGL224C,1,-6.395637,0.11585269123315811,0.7329999804496765,0.5594000220298767
YHL050C,YPR158W-A,0,-6.3956466,0.11583438515663147,0.7329999804496765,0.559499979019165
YKL208W,YGL115W,0,-6.3956704,0.11581608653068542,0.7329999804496765,0.5595999956130981
YER021W,YLR050C,0,-6.395691,0.11579778790473938,0.7329999804496765,0.5597000122070312
YML077W,YPL033C,0,-6.395771,0.11577949672937393,0.7329999804496765,0.5598000288009644
YIR013C,YML049C,0,-6.395903,0.11576121300458908,0.7329999804496765,0.5598999857902527
YML116W,YOR346W,0,-6.3961005,0.11574293673038483,0.7329999804496765,0.5600000023841858
YMR306W,YPR063C,0,-6.3962274,0.11572466045618057,0.7329999804496765,0.5601000189781189
YPL265W,YNL268W,0,-6.3962665,0.11570639163255692,0.7329999804496765,0.5601999759674072
YHR101C,YPL029W,0,-6.3963175,0.11568813025951385,0.7329999804496765,0.5602999925613403
YBR019C,YGR006W,0,-6.396482,0.11566987633705139,0.7329999804496765,0.5604000091552734
YPL228W,YKR053C,1,-6.396539,0.11580940335988998,0.734000027179718,0.5604000091552734
YOL070C,YMR140W,0,-6.39661,0.11579113453626633,0.734000027179718,0.5605000257492065
YPR002W,YPL009C,0,-6.3966913,0.11577287316322327,0.734000027179718,0.5605999827384949
YNR011C,YJR095W,0,-6.396842,0.1157546117901802,0.734000027179718,0.560699999332428
YKL032C,YAL033W,0,-6.3969893,0.11573635786771774,0.734000027179718,0.5608000159263611
YDR512C,YKL063C,0,-6.397234,0.11571811139583588,0.734000027179718,0.5608999729156494
YPR190C,YJL156C,0,-6.3974223,0.1156998723745346,0.734000027179718,0.5609999895095825
YHR215W,YKR028W,1,-6.3976474,0.11583924293518066,0.7350000143051147,0.5609999895095825
YPR113W,YPR186C,0,-6.397678,0.1158209890127182,0.7350000143051147,0.5611000061035156
YPL267W,YHL012W,0,-6.39813,0.11580274254083633,0.7350000143051147,0.5612000226974487
YOR046C,YFL038C,0,-6.3982177,0.11578449606895447,0.7350000143051147,0.5612999796867371
YNL047C,YML058W,0,-6.398312,0.1157662644982338,0.7350000143051147,0.5613999962806702
YGR099W,YML109W,0,-6.3983173,0.11574803292751312,0.7350000143051147,0.5615000128746033
YDR404C,YJL177W,0,-6.3984985,0.11572980880737305,0.7350000143051147,0.5616000294685364
YJL153C,YER149C,0,-6.3985043,0.11571158468723297,0.7350000143051147,0.5616999864578247
YBR200W,YIR039C,0,-6.3986173,0.11569337546825409,0.7350000143051147,0.5618000030517578
YDL004W,YOR382W,0,-6.398807,0.11567516624927521,0.7350000143051147,0.5619000196456909
YAL042W,YDR160W,0,-6.3989463,0.11565696448087692,0.7350000143051147,0.5619999766349792
YMR092C,YPL154C,0,-6.398969,0.11563877016305923,0.7350000143051147,0.5620999932289124
YOR034C,YLR093C,0,-6.3989806,0.11562057584524155,0.7350000143051147,0.5622000098228455
YJL207C,YEL060C,0,-6.399339,0.11560238897800446,0.7350000143051147,0.5623000264167786
YOR315W,YDR410C,0,-6.399458,0.11558420956134796,0.7350000143051147,0.5623999834060669
YIL139C,YBR231C,0,-6.3995395,0.11556603759527206,0.7350000143051147,0.5625
YDL132W,YNL045W,0,-6.3997893,0.11554787307977676,0.7350000143051147,0.5626000165939331
YCL016C,YNR048W,0,-6.3997974,0.11552970856428146,0.7350000143051147,0.5626999735832214
YBL022C,YKL126W,0,-6.4000344,0.11551155149936676,0.7350000143051147,0.5627999901771545
YGL061C,YPL187W,0,-6.4000793,0.11549340188503265,0.7350000143051147,0.5629000067710876
YNL325C,YDL236W,1,-6.4003177,0.11563236266374588,0.7360000014305115,0.5629000067710876
YGL043W,YEL065W,0,-6.4004073,0.11561419814825058,0.7360000014305115,0.5630000233650208
YDR205W,YGR281W,0,-6.4006057,0.11559604108333588,0.7360000014305115,0.5630999803543091
YLR411W,YEL016C,0,-6.4006677,0.11557789146900177,0.7360000014305115,0.5631999969482422
YIR008C,YOR227W,0,-6.4011693,0.11555974185466766,0.7360000014305115,0.5633000135421753
YMR072W,YGR188C,0,-6.4012923,0.11554159969091415,0.7360000014305115,0.5633999705314636
YDR179C,YOL144W,0,-6.4012976,0.11552346497774124,0.7360000014305115,0.5634999871253967
YKL052C,YKR067W,0,-6.401298,0.11550533771514893,0.7360000014305115,0.5636000037193298
YPR105C,YER035W,0,-6.4013085,0.11548721045255661,0.7360000014305115,0.5637000203132629
YML036W,YCR097W,0,-6.4016557,0.11546909064054489,0.7360000014305115,0.5637999773025513
YOR149C,YJR141W,0,-6.401732,0.11545097827911377,0.7360000014305115,0.5638999938964844
YPL228W,YIL053W,1,-6.4019885,0.11558970808982849,0.7369999885559082,0.5638999938964844
YGL019W,YGR268C,0,-6.4021797,0.11557158827781677,0.7369999885559082,0.5640000104904175
YBL006C,YLR335W,0,-6.4025044,0.11555346846580505,0.7369999885559082,0.5641000270843506
YBR043C,YLR272C,0,-6.4025383,0.11553534865379333,0.7369999885559082,0.5641999840736389
YNL325C,YBR092C,1,-6.4025617,0.1156739816069603,0.7379999756813049,0.5641999840736389
YLR368W,YLR373C,0,-6.402792,0.11565585434436798,0.7379999756813049,0.564300000667572
YFL002C,YPL180W,0,-6.403218,0.11563773453235626,0.7379999756813049,0.5644000172615051
YCR024C-A,YDR453C,0,-6.4034686,0.11561961472034454,0.7379999756813049,0.5644999742507935
YOR125C,YPR078C,0,-6.4034896,0.11560150235891342,0.7379999756813049,0.5645999908447266
YMR048W,YBR012W-B,0,-6.403527,0.1155833974480629,0.7379999756813049,0.5647000074386597
YML112W,YGL020C,0,-6.4036098,0.11556529998779297,0.7379999756813049,0.5648000240325928
YMR168C,YPR094W,0,-6.4037113,0.11554720252752304,0.7379999756813049,0.5648999810218811
YIL044C,YDR160W,0,-6.4037566,0.1155291199684143,0.7379999756813049,0.5649999976158142
YGL021W,YGR218W,0,-6.4041023,0.11551103740930557,0.7379999756813049,0.5651000142097473
YMR277W,YER089C,1,-6.4041133,0.11564945429563522,0.7390000224113464,0.5651000142097473
YLR069C,YJL035C,0,-6.4041467,0.1156313568353653,0.7390000224113464,0.5651999711990356
YLR266C,YHR090C,0,-6.4041834,0.11561326682567596,0.7390000224113464,0.5652999877929688
YNL177C,YMR075W,0,-6.4042325,0.11559518426656723,0.7390000224113464,0.5654000043869019
YDL074C,YBR107C,0,-6.4042907,0.1155771017074585,0.7390000224113464,0.565500020980835
YER027C,YDL128W,0,-6.4045033,0.11555903404951096,0.7390000224113464,0.5655999779701233
YHL007C,YML021C,0,-6.4045095,0.11554096639156342,0.7390000224113464,0.5656999945640564
YJL187C,YFL002W-A,0,-6.404596,0.11552289873361588,0.7390000224113464,0.5658000111579895
YHL038C,YPL221W,0,-6.404677,0.11550484597682953,0.7390000224113464,0.5659000277519226
YOR327C,YGR080W,0,-6.40476,0.11548679322004318,0.7390000224113464,0.5659999847412109
YBR274W,YKR089C,0,-6.404876,0.11546874791383743,0.7390000224113464,0.566100001335144
YCR020C-A,YOR266W,0,-6.4049273,0.11545071005821228,0.7390000224113464,0.5662000179290771
YPR006C,YNL210W,0,-6.405139,0.11543267965316772,0.7390000224113464,0.5662999749183655
YER065C,YPL269W,0,-6.405301,0.11541464924812317,0.7390000224113464,0.5663999915122986
YCR071C,YBR260C,0,-6.4056315,0.11539662629365921,0.7390000224113464,0.5665000081062317
YDR013W,YOR287C,0,-6.4058785,0.11537861078977585,0.7390000224113464,0.5666000247001648
YLR176C,YOR292C,0,-6.405953,0.11536060273647308,0.7390000224113464,0.5666999816894531
YLR288C,YMR274C,0,-6.406058,0.11534259468317032,0.7390000224113464,0.5667999982833862
YNL094W,YKL148C,0,-6.4061437,0.11532459408044815,0.7390000224113464,0.5669000148773193
YDL197C,YHR001W,0,-6.406201,0.11530660092830658,0.7390000224113464,0.5669999718666077
YDR219C,YOR106W,0,-6.406263,0.1152886152267456,0.7390000224113464,0.5670999884605408
YBR288C,YGL005C,0,-6.4062753,0.11527062952518463,0.7390000224113464,0.5672000050544739
YBR274W,YIL094C,0,-6.406361,0.11525265127420425,0.7390000224113464,0.567300021648407
YOR224C,YPR118W,0,-6.4063926,0.11523468047380447,0.7390000224113464,0.5673999786376953
YOR180C,YDR529C,0,-6.4065795,0.11521671712398529,0.7390000224113464,0.5674999952316284
YIL091C,YMR233W,0,-6.4066052,0.11519875377416611,0.7390000224113464,0.5676000118255615
YFR028C,YNL128W,1,-6.4066386,0.11533665657043457,0.7400000095367432,0.5676000118255615
YPL036W,YKL124W,0,-6.4067073,0.11531868577003479,0.7400000095367432,0.5677000284194946
YOR202W,YOL147C,0,-6.4067698,0.11530071496963501,0.7400000095367432,0.567799985408783
YDR141C,YNL067W,0,-6.406888,0.11528275161981583,0.7400000095367432,0.5679000020027161
YER026C,YDR339C,0,-6.4068995,0.11526479572057724,0.7400000095367432,0.5680000185966492
YLR265C,YPR186C,0,-6.4069467,0.11524684727191925,0.7400000095367432,0.5680999755859375
YDR380W,YPL158C,0,-6.407058,0.11522889882326126,0.7400000095367432,0.5681999921798706
YKL054C,YOR149C,0,-6.40719,0.11521095782518387,0.7400000095367432,0.5683000087738037
YHL004W,YGR024C,0,-6.407208,0.11519302427768707,0.7400000095367432,0.5684000253677368
YOL070C,YDR425W,0,-6.4072375,0.11517509818077087,0.7400000095367432,0.5684999823570251
YJR099W,YMR166C,0,-6.4072666,0.11515717208385468,0.7400000095367432,0.5685999989509583
YAL043C,YNR061C,0,-6.4073997,0.11513925343751907,0.7400000095367432,0.5687000155448914
YPR200C,YGL173C,0,-6.4076285,0.11512134224176407,0.7400000095367432,0.5687999725341797
YDL113C,YPR165W,0,-6.4076743,0.11510343849658966,0.7400000095367432,0.5688999891281128
YOR070C,YJL123C,0,-6.408007,0.11508553475141525,0.7400000095367432,0.5690000057220459
YNL136W,YOR319W,0,-6.408481,0.11506763845682144,0.7400000095367432,0.569100022315979
YBR091C,YDL133C-A,0,-6.408842,0.11504974961280823,0.7400000095367432,0.5691999793052673
YMR138W,YLR080W,0,-6.409138,0.11503186821937561,0.7400000095367432,0.5692999958992004
YJL170C,YPR067W,0,-6.4091487,0.115013986825943,0.7400000095367432,0.5694000124931335
YBR022W,YDR074W,1,-6.409352,0.11515151709318161,0.7409999966621399,0.5694000124931335
YNL009W,YKL027W,0,-6.4094157,0.1151336207985878,0.7409999966621399,0.5695000290870667
YKL038W,YBR280C,0,-6.4094296,0.11511573940515518,0.7409999966621399,0.569599986076355
YHR169W,YJR141W,0,-6.409823,0.11509785801172256,0.7409999966621399,0.5697000026702881
YHR215W,YDR074W,1,-6.409943,0.11523528397083282,0.7419999837875366,0.5697000026702881
YOR267C,YOR304W,0,-6.4099755,0.11521738767623901,0.7419999837875366,0.5698000192642212
YBR017C,YNR015W,0,-6.4103036,0.1151995062828064,0.7419999837875366,0.5698999762535095
YBR030W,YJR096W,0,-6.4107146,0.11518161743879318,0.7419999837875366,0.5699999928474426
YCR027C,YOR172W,0,-6.410723,0.11516374349594116,0.7419999837875366,0.5701000094413757
YHR128W,YOR334W,0,-6.4108877,0.11514586955308914,0.7419999837875366,0.5702000260353088
YIR041W,YJL045W,0,-6.410959,0.11512800306081772,0.7419999837875366,0.5702999830245972
YNL290W,YDR027C,0,-6.411059,0.11511014401912689,0.7419999837875366,0.5703999996185303
YBR092C,YOR014W,1,-6.411446,0.11524739861488342,0.7429999709129333,0.5703999996185303
YLR307W,YBR231C,0,-6.41196,0.115229532122612,0.7429999709129333,0.5705000162124634
YBR093C,YML016C,1,-6.4120116,0.11536672711372375,0.7440000176429749,0.5705000162124634
YGL133W,YFL049W,0,-6.4121857,0.11534883826971054,0.7440000176429749,0.5705999732017517
YMR123W,YDR515W,0,-6.412543,0.11533095687627792,0.7440000176429749,0.5706999897956848
YER051W,YMR129W,0,-6.4126253,0.1153130829334259,0.7440000176429749,0.5708000063896179
YMR180C,YMR036C,1,-6.4127936,0.1154501810669899,0.7450000047683716,0.5708000063896179
YNL274C,YDR119W,0,-6.4128366,0.11543229222297668,0.7450000047683716,0.570900022983551
YER143W,YBR192W,0,-6.412913,0.11541441082954407,0.7450000047683716,0.5709999799728394
YDR033W,YBR153W,0,-6.4129605,0.11539652943611145,0.7450000047683716,0.5710999965667725
YDR224C,YMR013C,0,-6.41309,0.11537865549325943,0.7450000047683716,0.5712000131607056
YNL116W,YFR051C,0,-6.413366,0.1153607964515686,0.7450000047683716,0.5713000297546387
YPR073C,YCR079W,1,-6.413525,0.11549775302410126,0.7459999918937683,0.5713000297546387
YGR217W,YKR050W,0,-6.413777,0.11547987908124924,0.7459999918937683,0.571399986743927
YPL089C,YBR118W,0,-6.413836,0.11546200513839722,0.7459999918937683,0.5715000033378601
YLR115W,YDR056C,0,-6.4140134,0.1154441386461258,0.7459999918937683,0.5716000199317932
YDR497C,YDR522C,0,-6.4141355,0.11542627215385437,0.7459999918937683,0.5716999769210815
YHR133C,YDR369C,0,-6.414485,0.11540841311216354,0.7459999918937683,0.5717999935150146
YLL050C,YCR037C,0,-6.414945,0.11539056152105331,0.7459999918937683,0.5719000101089478
YAR018C,YMR091C,0,-6.4149947,0.11537271738052368,0.7459999918937683,0.5720000267028809
YBR258C,YGR013W,0,-6.4151235,0.11535488069057465,0.7459999918937683,0.5720999836921692
YKL185W,YOR319W,0,-6.4152417,0.11533704400062561,0.7459999918937683,0.5722000002861023
YDR343C,YLR001C,0,-6.4154525,0.11531921476125717,0.7459999918937683,0.5723000168800354
YLR216C,YDR513W,0,-6.415481,0.11530139297246933,0.7459999918937683,0.5723999738693237
YNR035C,YLR265C,0,-6.4155526,0.11528357118368149,0.7459999918937683,0.5724999904632568
YPR073C,YMR036C,1,-6.4155536,0.11542027443647385,0.746999979019165,0.5724999904632568
YCR097W,YDR200C,0,-6.4157085,0.11540243774652481,0.746999979019165,0.5726000070571899
YMR202W,YGL038C,0,-6.4159284,0.11538461595773697,0.746999979019165,0.572700023651123
YPR025C,YER098W,0,-6.4160266,0.11536679416894913,0.746999979019165,0.5727999806404114
YMR180C,YNL217W,1,-6.416043,0.11550340056419373,0.7480000257492065,0.5727999806404114
YML034W,YJL012C,0,-6.4160514,0.11548556387424469,0.7480000257492065,0.5728999972343445
YLR079W,YDR495C,0,-6.4163117,0.11546773463487625,0.7480000257492065,0.5730000138282776
YNR038W,YGR216C,0,-6.4167323,0.11544991284608841,0.7480000257492065,0.5730999708175659
YNL103W,YLL004W,0,-6.416735,0.11543209850788116,0.7480000257492065,0.573199987411499
YFR002W,YDR463W,0,-6.4169135,0.11541429162025452,0.7480000257492065,0.5733000040054321
YJL096W,YGR263C,0,-6.4170003,0.11539648473262787,0.7480000257492065,0.5734000205993652
YDL029W,YLR223C,0,-6.417089,0.11537868529558182,0.7480000257492065,0.5734999775886536
YDR283C,YKL165C,0,-6.417211,0.11536088585853577,0.7480000257492065,0.5735999941825867
YPL013C,YMR308C,0,-6.4172297,0.11534310132265091,0.7480000257492065,0.5737000107765198
YMR050C,YPR096C,0,-6.4172583,0.11532531678676605,0.7480000257492065,0.5738000273704529
YMR065W,YBR153W,0,-6.417281,0.11530753970146179,0.7480000257492065,0.5738999843597412
YPR023C,YBR294W,0,-6.417483,0.11528976261615753,0.7480000257492065,0.5740000009536743
YDR448W,YOR157C,0,-6.417665,0.11527200043201447,0.7480000257492065,0.5741000175476074
YAL033W,YJL059W,0,-6.417773,0.1152542382478714,0.7480000257492065,0.5741999745368958
YLR377C,YNR032W,1,-6.417963,0.11539053916931152,0.7490000128746033,0.5741999745368958
YGL120C,YPL016W,0,-6.4180927,0.11537276953458786,0.7490000128746033,0.5742999911308289
YLR429W,YLL004W,0,-6.4181,0.1153549998998642,0.7490000128746033,0.574400007724762
YBR278W,YBR258C,0,-6.418203,0.11533723771572113,0.7490000128746033,0.5745000243186951
YDR021W,YOR253W,0,-6.418344,0.11531947553157806,0.7490000128746033,0.5745999813079834
YGL256W,YGR254W,0,-6.418478,0.1153017207980156,0.7490000128746033,0.5746999979019165
YNL262W,YGR046W,0,-6.418651,0.11528397351503372,0.7490000128746033,0.5748000144958496
YKL160W,YML065W,0,-6.419085,0.11526623368263245,0.7490000128746033,0.5748999714851379
YLR190W,YPR161C,0,-6.4191422,0.11524850130081177,0.7490000128746033,0.574999988079071
YKL190W,YOR109W,1,-6.4191666,0.11538461595773697,0.75,0.574999988079071
YPL177C,YBL023C,0,-6.4193206,0.1153668686747551,0.75,0.5751000046730042
YHL038C,YPL204W,0,-6.419613,0.11534912139177322,0.75,0.5752000212669373
YOR034C,YDR449C,0,-6.419677,0.11533138900995255,0.75,0.5752999782562256
YMR203W,YPR107C,0,-6.4202123,0.11531365662813187,0.75,0.5753999948501587
YPR005C,YHR030C,0,-6.420437,0.11529592424631119,0.75,0.5755000114440918
YLR019W,YER089C,1,-6.420445,0.11543191224336624,0.7509999871253967,0.5755000114440918
YMR110C,YBR258C,0,-6.420487,0.11541417241096497,0.7509999871253967,0.5756000280380249
YDR411C,YJL179W,0,-6.420744,0.11539643257856369,0.7509999871253967,0.5756999850273132
YML129C,YER176W,0,-6.420922,0.11537870764732361,0.7509999871253967,0.5758000016212463
YOL152W,YFR013W,0,-6.4210424,0.11536098271608353,0.7509999871253967,0.5759000182151794
YOR125C,YIL097W,0,-6.4212394,0.11534326523542404,0.7509999871253967,0.5759999752044678
YAL021C,YOR227W,0,-6.4213223,0.11532555520534515,0.7509999871253967,0.5760999917984009
YOL030W,YMR122W-A,0,-6.4215817,0.11530784517526627,0.7509999871253967,0.576200008392334
YOL062C,YOR073W,0,-6.4217534,0.11529014259576797,0.7509999871253967,0.5763000249862671
YLR256W,YLR328W,0,-6.4221225,0.11527244746685028,0.7509999871253967,0.5763999819755554
YNL075W,YPR031W,0,-6.422828,0.11525475978851318,0.7509999871253967,0.5764999985694885
YPL228W,YMR156C,1,-6.4228606,0.11539051681756973,0.7519999742507935,0.5764999985694885
YGR256W,YPL158C,0,-6.422874,0.11537281423807144,0.7519999742507935,0.5766000151634216
YBR297W,YOR328W,0,-6.423458,0.11535511910915375,0.7519999742507935,0.57669997215271
YBR015C,YJL104W,0,-6.423528,0.11533742398023605,0.7519999742507935,0.5767999887466431
YOL145C,YOR176W,0,-6.4235387,0.11531973630189896,0.7519999742507935,0.5769000053405762
YCL026C-B,YHR081W,0,-6.4236884,0.11530205607414246,0.7519999742507935,0.5770000219345093
YKL179C,YFL034C-B,0,-6.4237576,0.11528437584638596,0.7519999742507935,0.5770999789237976
YOR011W,YLR187W,0,-6.4237795,0.11526671051979065,0.7519999742507935,0.5771999955177307
YOL011W,YCL075W,0,-6.423848,0.11524904519319534,0.7519999742507935,0.5773000121116638
YER112W,YOR191W,0,-6.423896,0.11523137986660004,0.7519999742507935,0.5774000287055969
YDL231C,YML123C,0,-6.4241357,0.11521372944116592,0.7519999742507935,0.5774999856948853
YOR204W,YDL226C,0,-6.4242015,0.11519607901573181,0.7519999742507935,0.5776000022888184
YLR019W,YIL053W,1,-6.424603,0.11533159762620926,0.753000020980835,0.5776000022888184
YMR175W,YLR410W,0,-6.4248004,0.11531393229961395,0.753000020980835,0.5777000188827515
YKR083C,YGR119C,0,-6.4248323,0.11529628187417984,0.753000020980835,0.5777999758720398
YOR382W,YMR270C,0,-6.424996,0.11527863144874573,0.753000020980835,0.5778999924659729
YPR184W,YBR260C,0,-6.4253955,0.11526098102331161,0.753000020980835,0.578000009059906
YEL062W,YDR280W,0,-6.425406,0.1152433454990387,0.753000020980835,0.5781000256538391
YML124C,YPL020C,0,-6.4254217,0.11522570997476578,0.753000020980835,0.5781999826431274
YOL071W,YKL150W,0,-6.4254246,0.11520808190107346,0.753000020980835,0.5782999992370605
YNL301C,YKL070W,0,-6.425531,0.11519045382738113,0.753000020980835,0.5784000158309937
YLR328W,YOR194C,0,-6.4256434,0.11517283320426941,0.753000020980835,0.578499972820282
YDL236W,YHR076W,1,-6.4257255,0.11530815064907074,0.7540000081062317,0.578499972820282
YBR107C,YOR188W,0,-6.4258904,0.11529052257537842,0.7540000081062317,0.5785999894142151
YJR092W,YKL119C,0,-6.4261093,0.1152728945016861,0.7540000081062317,0.5787000060081482
YHR011W,YGL194C,0,-6.42633,0.11525527387857437,0.7540000081062317,0.5788000226020813
YPR063C,YPR204W,0,-6.426436,0.11523766070604324,0.7540000081062317,0.5788999795913696
YOR316C,YMR286W,0,-6.4264827,0.11522004753351212,0.7540000081062317,0.5789999961853027
YOR303W,YNL085W,0,-6.426501,0.11520244181156158,0.7540000081062317,0.5791000127792358
YDR420W,YLR287C-A,0,-6.4265733,0.11518484354019165,0.7540000081062317,0.579200029373169
YNL182C,YNL310C,0,-6.4265866,0.11516725271940231,0.7540000081062317,0.5792999863624573
YGR044C,YIL105C,0,-6.4266376,0.11514966189861298,0.7540000081062317,0.5794000029563904
YNL047C,YJR103W,0,-6.427074,0.11513207852840424,0.7540000081062317,0.5795000195503235
YBR059C,YJR144W,0,-6.4275,0.11511450260877609,0.7540000081062317,0.5795999765396118
YLL042C,YML106W,0,-6.427647,0.11509693413972855,0.7540000081062317,0.5796999931335449
YHR089C,YJR129C,0,-6.4278445,0.115079365670681,0.7540000081062317,0.579800009727478
YDL159W,YML018C,0,-6.427958,0.11506180465221405,0.7540000081062317,0.5799000263214111
YCR044C,YDL204W,0,-6.428039,0.1150442510843277,0.7540000081062317,0.5799999833106995
YIL074C,YJR096W,0,-6.428595,0.11502669751644135,0.7540000081062317,0.5800999999046326
YFR008W,YJL044C,0,-6.4286056,0.11500915139913559,0.7540000081062317,0.5802000164985657
YAL003W,YLR186W,0,-6.4286733,0.11499161273241043,0.7540000081062317,0.580299973487854
YNR019W,YOL019W,0,-6.428683,0.11497407406568527,0.7540000081062317,0.5803999900817871
YOR079C,YGR166W,0,-6.428736,0.11495655030012131,0.7540000081062317,0.5805000066757202
YNL003C,YPL157W,0,-6.4287906,0.11493902653455734,0.7540000081062317,0.5806000232696533
YIL009W,YOR278W,0,-6.4288025,0.11492150276899338,0.7540000081062317,0.5806999802589417
YGL174W,YEL018W,0,-6.428865,0.1149039939045906,0.7540000081062317,0.5807999968528748
YOL164W,YJL117W,0,-6.4292827,0.11488648504018784,0.7540000081062317,0.5809000134468079
YJR109C,YOR009W,0,-6.4294047,0.11486898362636566,0.7540000081062317,0.5809999704360962
YER103W,YCL033C,0,-6.430101,0.11485148221254349,0.7540000081062317,0.5810999870300293
YOR265W,YJR096W,0,-6.430163,0.11483399569988251,0.7540000081062317,0.5812000036239624
YDR016C,YCL010C,0,-6.430206,0.11481650918722153,0.7540000081062317,0.5813000202178955
YML116W,YGL096W,0,-6.4304075,0.11479902267456055,0.7540000081062317,0.5813999772071838
YKR067W,YER149C,0,-6.4304423,0.11478155106306076,0.7540000081062317,0.5814999938011169
YNL132W,YMR086W,0,-6.430469,0.11476407945156097,0.7540000081062317,0.58160001039505
YNL106C,YBR092C,1,-6.4308267,0.11489880084991455,0.7549999952316284,0.58160001039505
YBR068C,YGR105W,0,-6.431096,0.11488131433725357,0.7549999952316284,0.5817000269889832
YKL093W,YHL011C,0,-6.4311967,0.11486383527517319,0.7549999952316284,0.5817999839782715
YKR099W,YHL027W,0,-6.431211,0.1148463636636734,0.7549999952316284,0.5819000005722046
YJL020C,YFR036W,0,-6.43127,0.11482889950275421,0.7549999952316284,0.5820000171661377
YIL005W,YLL057C,0,-6.4313054,0.11481143534183502,0.7549999952316284,0.582099974155426
YNR011C,YML097C,0,-6.431583,0.11479397863149643,0.7549999952316284,0.5821999907493591
YOR035C,YNL160W,0,-6.4317455,0.11477652937173843,0.7549999952316284,0.5823000073432922
YOL038W,YHL034C,0,-6.432243,0.11475908011198044,0.7549999952316284,0.5824000239372253
YBR217W,YKL160W,0,-6.432346,0.11474163830280304,0.7549999952316284,0.5824999809265137
YDL031W,YGL039W,0,-6.4324,0.11472420394420624,0.7549999952316284,0.5825999975204468
YHL013C,YML018C,0,-6.4324536,0.11470677703619003,0.7549999952316284,0.5827000141143799
YOR316C,YJR055W,0,-6.4327292,0.11468935012817383,0.7549999952316284,0.5827999711036682
YLR239C,YPL047W,0,-6.4327826,0.11467193067073822,0.7549999952316284,0.5828999876976013
YOR094W,YML082W,0,-6.4329376,0.11465451866388321,0.7549999952316284,0.5830000042915344
YBR001C,YNL181W,0,-6.4329553,0.1146371066570282,0.7549999952316284,0.5831000208854675
YOL145C,YKL110C,0,-6.4332075,0.11461970210075378,0.7549999952316284,0.5831999778747559
YLR234W,YER144C,0,-6.43335,0.11460230499505997,0.7549999952316284,0.583299994468689
YBR271W,YLR003C,0,-6.433377,0.11458491533994675,0.7549999952316284,0.5834000110626221
YLR141W,YHR014W,0,-6.433399,0.11456752568483353,0.7549999952316284,0.5835000276565552
YPL069C,YDR519W,0,-6.4334745,0.1145501434803009,0.7549999952316284,0.5835999846458435
YNL164C,YJL097W,0,-6.434101,0.11453276872634888,0.7549999952316284,0.5837000012397766
YDR404C,YNL121C,0,-6.4341407,0.11451539397239685,0.7549999952316284,0.5838000178337097
YLR134W,YPL036W,0,-6.434178,0.11449802666902542,0.7549999952316284,0.583899974822998
YBL005W-A,YJR129C,0,-6.434397,0.11448066681623459,0.7549999952316284,0.5839999914169312
YPL060W,YNL117W,0,-6.434407,0.11446331441402435,0.7549999952316284,0.5841000080108643
YKR066C,YPR094W,0,-6.4347663,0.11444596201181412,0.7549999952316284,0.5842000246047974
YDR508C,YOL115W,0,-6.434772,0.11442861706018448,0.7549999952316284,0.5842999815940857
YJR026W,YNL181W,0,-6.4351993,0.11441127210855484,0.7549999952316284,0.5843999981880188
YMR043W,YDL184C,0,-6.435388,0.1143939420580864,0.7549999952316284,0.5845000147819519
YKR099W,YGL167C,0,-6.4358063,0.11437661200761795,0.7549999952316284,0.5845999717712402
YGL234W,YEL021W,0,-6.435831,0.1143592819571495,0.7549999952316284,0.5846999883651733
YDL134C,YLR019W,1,-6.435917,0.11449341475963593,0.7559999823570251,0.5846999883651733
YLR170C,YGR198W,0,-6.4362807,0.11447607725858688,0.7559999823570251,0.5848000049591064
YNL166C,YJR074W,0,-6.4364734,0.11445873975753784,0.7559999823570251,0.5849000215530396
YOR011W,YER041W,0,-6.436686,0.11444141715765,0.7559999823570251,0.5849999785423279
YKR030W,YOL104C,0,-6.436772,0.11442409455776215,0.7559999823570251,0.585099995136261
YAL024C,YNL291C,0,-6.4369245,0.1144067794084549,0.7559999823570251,0.5852000117301941
YDR205W,YOL045W,0,-6.436962,0.11438947170972824,0.7559999823570251,0.5853000283241272
YDL165W,YDR093W,0,-6.4369626,0.11437216401100159,0.7559999823570251,0.5853999853134155
YDL123W,YIL022W,0,-6.437115,0.11435486376285553,0.7559999823570251,0.5855000019073486
YDR013W,YIL096C,0,-6.4372554,0.11433757096529007,0.7559999823570251,0.5856000185012817
YOL164W,YER144C,0,-6.4372697,0.11432027816772461,0.7559999823570251,0.5856999754905701
YDR411C,YML039W,0,-6.4373875,0.11430299282073975,0.7559999823570251,0.5857999920845032
YER014C-A,YGR138C,0,-6.437422,0.11428571492433548,0.7559999823570251,0.5859000086784363
YPL122C,YDR369C,0,-6.4374557,0.11426843702793121,0.7559999823570251,0.5860000252723694
YIL053W,YIL113W,1,-6.4378,0.11440229415893555,0.7570000290870667,0.5860000252723694
YOL141W,YOL107W,0,-6.4379354,0.11438500881195068,0.7570000290870667,0.5860999822616577
YNL059C,YJL192C,0,-6.4382253,0.11436773091554642,0.7570000290870667,0.5861999988555908
YMR016C,YBR123C,0,-6.4382863,0.11435045301914215,0.7570000290870667,0.5863000154495239
YMR081C,YOR380W,0,-6.4384713,0.11433318257331848,0.7570000290870667,0.5863999724388123
YER054C,YKL085W,0,-6.438706,0.11431591957807541,0.7570000290870667,0.5864999890327454
YNL173C,YER118C,0,-6.438826,0.11429865658283234,0.7570000290870667,0.5866000056266785
YJR073C,YLR050C,0,-6.4388695,0.11428140103816986,0.7570000290870667,0.5867000222206116
YPL218W,YDR498C,0,-6.439159,0.11426415294408798,0.7570000290870667,0.5867999792098999
YPL271W,YAL035W,0,-6.439466,0.1142469048500061,0.7570000290870667,0.586899995803833
YBR260C,YPL214C,0,-6.4395685,0.11422966420650482,0.7570000290870667,0.5870000123977661
YGL158W,YOR356W,0,-6.4395843,0.11421243101358414,0.7570000290870667,0.5871000289916992
YIL027C,YHR135C,0,-6.4395866,0.11419520527124405,0.7570000290870667,0.5871999859809875
YGR007W,YFR034C,0,-6.439628,0.11417797952890396,0.7570000290870667,0.5873000025749207
YOR079C,YBR155W,0,-6.439639,0.11416076123714447,0.7570000290870667,0.5874000191688538
YGR032W,YBL023C,0,-6.439655,0.11414354294538498,0.7570000290870667,0.5874999761581421
YJL115W,YDR151C,0,-6.440115,0.11412633955478668,0.7570000290870667,0.5875999927520752
YDR214W,YPR148C,0,-6.4401326,0.11410913616418839,0.7570000290870667,0.5877000093460083
YJR035W,YFL058W,0,-6.440292,0.11409194022417068,0.7570000290870667,0.5878000259399414
YLR248W,YNL002C,0,-6.4403043,0.11407474428415298,0.7570000290870667,0.5878999829292297
YIL002C,YBR092C,1,-6.440317,0.11420822888612747,0.7580000162124634,0.5878999829292297
YKL009W,YKL095W,0,-6.4406037,0.11419101804494858,0.7580000162124634,0.5879999995231628
YJR075W,YPR155C,0,-6.4406047,0.11417382210493088,0.7580000162124634,0.588100016117096
YBR158W,YDL142C,0,-6.440611,0.11415662616491318,0.7580000162124634,0.5881999731063843
YBR091C,YBR181C,0,-6.4406266,0.11413943767547607,0.7580000162124634,0.5882999897003174
YPL179W,YER075C,1,-6.4406815,0.11427281051874161,0.7590000033378601,0.5882999897003174
YDR508C,YJL104W,0,-6.440902,0.11425560712814331,0.7590000033378601,0.5884000062942505
YGL005C,YPL024W,0,-6.4409137,0.11423841118812561,0.7590000033378601,0.5885000228881836
YJR048W,YNL079C,0,-6.440957,0.11422121524810791,0.7590000033378601,0.5885999798774719
YGR084C,YLR014C,0,-6.4410253,0.1142040342092514,0.7590000033378601,0.588699996471405
YBL023C,YIL118W,0,-6.4411654,0.1141868531703949,0.7590000033378601,0.5888000130653381
YCL064C,YCL044C,0,-6.4413233,0.11416967213153839,0.7590000033378601,0.5889000296592712
YOL141W,YKR101W,0,-6.4414735,0.11415250599384308,0.7590000033378601,0.5889999866485596
YBR084W,YHR056C,0,-6.4414964,0.11413533985614777,0.7590000033378601,0.5891000032424927
YLR380W,YDL051W,0,-6.441673,0.11411818116903305,0.7590000033378601,0.5892000198364258
YGR059W,YLR435W,0,-6.4416924,0.11410102248191833,0.7590000033378601,0.5892999768257141
YDL006W,YIL053W,1,-6.4419236,0.11423417925834656,0.7599999904632568,0.5892999768257141
YIL033C,YNL213C,0,-6.442048,0.11421701312065125,0.7599999904632568,0.5893999934196472
YOR017W,YDR324C,0,-6.442199,0.11419984698295593,0.7599999904632568,0.5895000100135803
YDL101C,YDL028C,0,-6.442311,0.11418269574642181,0.7599999904632568,0.5896000266075134
YGL033W,YGL099W,0,-6.4423738,0.1141655370593071,0.7599999904632568,0.5896999835968018
YMR071C,YOR087W,0,-6.4425974,0.11414839327335358,0.7599999904632568,0.5898000001907349
YLR390W-A,YHL016C,0,-6.4433722,0.11413124948740005,0.7599999904632568,0.589900016784668
YPL195W,YLR058C,0,-6.443456,0.11411411315202713,0.7599999904632568,0.5899999737739563
YER172C,YGL096W,0,-6.443565,0.1140969842672348,0.7599999904632568,0.5900999903678894
YOR167C,YML037C,0,-6.4436593,0.11407985538244247,0.7599999904632568,0.5902000069618225
YLR307W,YCR020W-B,0,-6.4436655,0.11406273394823074,0.7599999904632568,0.5903000235557556
YOL052C,YNL310C,0,-6.4436746,0.11404561996459961,0.7599999904632568,0.590399980545044
YPL228W,YHR043C,1,-6.443803,0.11417854577302933,0.7609999775886536,0.590399980545044
YJR052W,YGL169W,0,-6.443812,0.114161416888237,0.7609999775886536,0.590499997138977
YDL097C,YDR349C,0,-6.4440923,0.11414429545402527,0.7609999775886536,0.5906000137329102
YCR040W,YEL077C,0,-6.4442163,0.11412717401981354,0.7609999775886536,0.5906999707221985
YJR052W,YCR004C,0,-6.4444556,0.1141100600361824,0.7609999775886536,0.5907999873161316
YIL009W,YNL006W,0,-6.444612,0.11409295350313187,0.7609999775886536,0.5909000039100647
YNR023W,YPR004C,0,-6.444696,0.11407585442066193,0.7609999775886536,0.5910000205039978
YLR353W,YLR330W,0,-6.4447036,0.11405875533819199,0.7609999775886536,0.5910999774932861
YOL089C,YBR263W,0,-6.444722,0.11404166370630264,0.7609999775886536,0.5911999940872192
YNL004W,YDR389W,0,-6.4448094,0.1140245720744133,0.7609999775886536,0.5913000106811523
YLR226W,YDR517W,0,-6.4449067,0.11400748789310455,0.7609999775886536,0.5914000272750854
YIL137C,YOR305W,0,-6.445322,0.1139904111623764,0.7609999775886536,0.5914999842643738
YIL044C,YFR005C,0,-6.445461,0.11397334188222885,0.7609999775886536,0.5916000008583069
YJL114W,YOR292C,0,-6.4455466,0.1139562726020813,0.7609999775886536,0.59170001745224
YDR256C,YNL241C,0,-6.445569,0.11393921077251434,0.7609999775886536,0.5917999744415283
YOL133W,YJL183W,0,-6.4457603,0.11392215639352798,0.7609999775886536,0.5918999910354614
YMR117C,YNL131W,0,-6.445964,0.11390510201454163,0.7609999775886536,0.5920000076293945
YKR038C,YCR066W,0,-6.4459786,0.11388805508613586,0.7609999775886536,0.5921000242233276
YDR454C,YBL025W,0,-6.445994,0.1138710156083107,0.7609999775886536,0.592199981212616
YPL096C-A,YLR372W,0,-6.4460616,0.11385397613048553,0.7609999775886536,0.5922999978065491
YDR380W,YOR339C,0,-6.446068,0.11383695155382156,0.7609999775886536,0.5924000144004822
YLR223C,YMR077C,0,-6.4461203,0.113819919526577,0.7609999775886536,0.5924999713897705
YKL038W,YPR163C,0,-6.4461904,0.11380290240049362,0.7609999775886536,0.5925999879837036
YOL041C,YDR081C,0,-6.446202,0.11378588527441025,0.7609999775886536,0.5927000045776367
YFR050C,YPR108W,0,-6.446405,0.11376887559890747,0.7609999775886536,0.5928000211715698
YGR113W,YOR281C,0,-6.4464355,0.1137518659234047,0.7609999775886536,0.5928999781608582
YIL002C,YIL053W,1,-6.446815,0.1138843223452568,0.7620000243186951,0.5928999781608582
YGL070C,YDR109C,0,-6.446827,0.11386730521917343,0.7620000243186951,0.5929999947547913
YJR017C,YDL075W,0,-6.4469047,0.11385028809309006,0.7620000243186951,0.5931000113487244
YOR231W,YGR076C,0,-6.4470143,0.11383328586816788,0.7620000243186951,0.5932000279426575
YJR035W,YDR007W,0,-6.447203,0.1138162836432457,0.7620000243186951,0.5932999849319458
YBR110W,YOR279C,0,-6.447209,0.11379928141832352,0.7620000243186951,0.5934000015258789
YNL281W,YDR412W,0,-6.447733,0.11378229409456253,0.7620000243186951,0.593500018119812
YOR113W,YJL151C,0,-6.447887,0.11376530677080154,0.7620000243186951,0.5935999751091003
YDR055W,YLR187W,0,-6.448128,0.11374831944704056,0.7620000243186951,0.5936999917030334
YGL136C,YLR203C,0,-6.448334,0.11373133957386017,0.7620000243186951,0.5938000082969666
YNL245C,YDR300C,0,-6.4484468,0.11371437460184097,0.7620000243186951,0.5939000248908997
YOR073W,YMR067C,0,-6.448468,0.11369740217924118,0.7620000243186951,0.593999981880188
YKR002W,YDR276C,0,-6.448553,0.11368044465780258,0.7620000243186951,0.5940999984741211
YGR282C,YOL038W,0,-6.4485817,0.11366348713636398,0.7620000243186951,0.5942000150680542
YIL159W,YPR191W,0,-6.448762,0.11364652961492538,0.7620000243186951,0.5942999720573425
YJL100W,YDL036C,0,-6.4488735,0.11362958699464798,0.7620000243186951,0.5943999886512756
YBL078C,YGL216W,0,-6.4494348,0.11361264437437057,0.7620000243186951,0.5945000052452087
YPL017C,YNR059W,0,-6.449642,0.11359570920467377,0.7620000243186951,0.5946000218391418
YOL100W,YOR287C,0,-6.450275,0.11357877403497696,0.7620000243186951,0.5946999788284302
YGR191W,YPL088W,0,-6.4503617,0.11356184631586075,0.7620000243186951,0.5947999954223633
YJL198W,YHR026W,0,-6.4503627,0.11354492604732513,0.7620000243186951,0.5949000120162964
YNL078W,YER094C,0,-6.450541,0.11352801322937012,0.7620000243186951,0.5950000286102295
YBR200W,YFL034C-A,0,-6.4505734,0.1135111004114151,0.7620000243186951,0.5950999855995178
YJR032W,YAL068C,0,-6.4509225,0.11349418759346008,0.7620000243186951,0.5952000021934509
YML077W,YEL030W,0,-6.451102,0.11347728967666626,0.7620000243186951,0.595300018787384
YGR086C,YHR050W,0,-6.4512925,0.11346039175987244,0.7620000243186951,0.5953999757766724
YGL153W,YFR051C,0,-6.4514446,0.11344350129365921,0.7620000243186951,0.5954999923706055
YDR503C,YER089C,1,-6.451691,0.11357546597719193,0.7630000114440918,0.5954999923706055
YBR284W,YJL171C,0,-6.4520144,0.1135585680603981,0.7630000114440918,0.5956000089645386
YKR089C,YIR014W,0,-6.4521794,0.11354167014360428,0.7630000114440918,0.5957000255584717
YFR008W,YDR033W,0,-6.4521995,0.11352477222681046,0.7630000114440918,0.59579998254776
YLR321C,YER093C,0,-6.4522758,0.11350788176059723,0.7630000114440918,0.5958999991416931
YMR212C,YHR026W,0,-6.4523263,0.1134909987449646,0.7630000114440918,0.5960000157356262
YCR082W,YPR106W,0,-6.452364,0.11347412317991257,0.7630000114440918,0.5960999727249146
YKR098C,YPL105C,0,-6.4527116,0.11345724761486053,0.7630000114440918,0.5961999893188477
YPL265W,YMR047C,0,-6.4533396,0.1134403795003891,0.7630000114440918,0.5963000059127808
YGL184C,YBR006W,0,-6.4534335,0.11342351883649826,0.7630000114440918,0.5964000225067139
YER149C,YKL082C,0,-6.453505,0.11340665817260742,0.7630000114440918,0.5964999794960022
YOR177C,YML005W,0,-6.45353,0.11338980495929718,0.7630000114440918,0.5965999960899353
YOR033C,YHR149C,0,-6.4535437,0.11337295919656754,0.7630000114440918,0.5967000126838684
YKL190W,YLL010C,1,-6.4536543,0.11350467801094055,0.7639999985694885,0.5967000126838684
YAL033W,YDR460W,0,-6.4537024,0.11348781734704971,0.7639999985694885,0.5968000292778015
YBR208C,YAL005C,0,-6.453751,0.11347096413373947,0.7639999985694885,0.5968999862670898
YNL041C,YKR046C,0,-6.4537826,0.11345411092042923,0.7639999985694885,0.597000002861023
YOL005C,YPR054W,0,-6.4538217,0.11343726515769958,0.7639999985694885,0.597100019454956
YHL040C,YDL107W,0,-6.4538693,0.11342042684555054,0.7639999985694885,0.5971999764442444
YBR061C,YLR414C,0,-6.4540267,0.11340358853340149,0.7639999985694885,0.5972999930381775
YMR288W,YCR027C,0,-6.4542093,0.11338676512241364,0.7639999985694885,0.5974000096321106
YOR034C,YBL005W-A,0,-6.4543004,0.11336993426084518,0.7639999985694885,0.5975000262260437
YJR055W,YJR027W,0,-6.4544597,0.11335311830043793,0.7639999985694885,0.597599983215332
YDR496C,YIL077C,0,-6.45458,0.11333630234003067,0.7639999985694885,0.5976999998092651
YDL211C,YPL041C,0,-6.4546356,0.11331948637962341,0.7639999985694885,0.5978000164031982
YLR263W,YDR450W,0,-6.4546742,0.11330268532037735,0.7639999985694885,0.5978999733924866
YBR176W,YIL136W,0,-6.4546967,0.11328588426113129,0.7639999985694885,0.5979999899864197
YMR083W,YGL061C,0,-6.4547467,0.11326909065246582,0.7639999985694885,0.5981000065803528
YDL209C,YOR092W,0,-6.454754,0.11325229704380035,0.7639999985694885,0.5982000231742859
YNL088W,YIL031W,0,-6.455031,0.11323551088571548,0.7639999985694885,0.5982999801635742
YOR144C,YJL061W,0,-6.4550505,0.11321873217821121,0.7639999985694885,0.5983999967575073
YLL041C,YGR287C,0,-6.4554687,0.11320195347070694,0.7639999985694885,0.5985000133514404
YDR055W,YLR145W,0,-6.4555345,0.11318518221378326,0.7639999985694885,0.5985999703407288
YML054C,YDR495C,0,-6.455724,0.11316841840744019,0.7639999985694885,0.5986999869346619
YLR265C,YER018C,0,-6.456025,0.1131516620516777,0.7639999985694885,0.598800003528595
YPR183W,YCR004C,0,-6.456036,0.11313490569591522,0.7639999985694885,0.5989000201225281
YIL049W,YLR426W,0,-6.45621,0.11311814934015274,0.7639999985694885,0.5989999771118164
YDR141C,YHR152W,0,-6.456347,0.11310140788555145,0.7639999985694885,0.5990999937057495
YMR172W,YOR160W,0,-6.4566183,0.11308466643095016,0.7639999985694885,0.5992000102996826
YDR071C,YBR044C,0,-6.4567657,0.11306793242692947,0.7639999985694885,0.5993000268936157
YJL146W,YBR196C,0,-6.4567747,0.11305119842290878,0.7639999985694885,0.599399983882904
YDR378C,YOR253W,0,-6.4568114,0.11303447186946869,0.7639999985694885,0.5995000004768372
YBR275C,YLR442C,0,-6.457035,0.11301775276660919,0.7639999985694885,0.5996000170707703
YOR177C,YAL051W,0,-6.457147,0.1130010336637497,0.7639999985694885,0.5996999740600586
YMR261C,YMR087W,1,-6.4571605,0.11313220858573914,0.7649999856948853,0.5996999740600586
YBR158W,YJL008C,0,-6.4572253,0.11311548203229904,0.7649999856948853,0.5997999906539917
YBR289W,YJL056C,0,-6.4573026,0.11309875547885895,0.7649999856948853,0.5999000072479248
YKL190W,YMR277W,1,-6.4574285,0.11322985589504242,0.765999972820282,0.5999000072479248
YGR047C,YNL121C,0,-6.457519,0.11321312189102173,0.765999972820282,0.6000000238418579
YGR172C,YBR030W,0,-6.457525,0.11319639533758163,0.765999972820282,0.6000999808311462
YDR429C,YLR193C,0,-6.457709,0.11317966878414154,0.765999972820282,0.6001999974250793
YIL040W,YKR099W,0,-6.4577737,0.11316294968128204,0.765999972820282,0.6003000140190125
YGR062C,YER151C,0,-6.4578834,0.11314623057842255,0.765999972820282,0.6003999710083008
YLR292C,YLR398C,0,-6.457976,0.11312952637672424,0.765999972820282,0.6004999876022339
YNL325C,YMR036C,1,-6.458125,0.11326048523187637,0.7670000195503235,0.6004999876022339
YMR092C,YOL069W,0,-6.4583,0.11324375867843628,0.7670000195503235,0.600600004196167
YPL115C,YOR362C,0,-6.4584203,0.11322704702615738,0.7670000195503235,0.6007000207901001
YJR093C,YLR336C,0,-6.4585176,0.11321033537387848,0.7670000195503235,0.6007999777793884
YKL190W,YNL128W,1,-6.458534,0.11334120482206345,0.7680000066757202,0.6007999777793884
YBR251W,YGL026C,0,-6.45857,0.11332447826862335,0.7680000066757202,0.6008999943733215
YJL103C,YGL090W,0,-6.458719,0.11330775916576385,0.7680000066757202,0.6010000109672546
YDR499W,YPR188C,0,-6.458978,0.11329104751348495,0.7680000066757202,0.6011000275611877
YJR074W,YDL235C,0,-6.4589934,0.11327433586120605,0.7680000066757202,0.6011999845504761
YPL170W,YOR144C,0,-6.459086,0.11325763165950775,0.7680000066757202,0.6013000011444092
YGR085C,YMR210W,0,-6.459179,0.11324093490839005,0.7680000066757202,0.6014000177383423
YNL272C,YML133C,0,-6.4595776,0.11322423815727234,0.7680000066757202,0.6014999747276306
YML048W,YKL193C,0,-6.459785,0.11320754885673523,0.7680000066757202,0.6015999913215637
YAR019C,YLR092W,0,-6.4598665,0.11319085955619812,0.7680000066757202,0.6017000079154968
YPR034W,YGR112W,0,-6.4598813,0.1131741851568222,0.7680000066757202,0.6018000245094299
YPL084W,YDR464W,0,-6.459899,0.11315750330686569,0.7680000066757202,0.6018999814987183
YOR061W,YGR096W,0,-6.4599586,0.11314083635807037,0.7680000066757202,0.6019999980926514
YKL068W,YDR255C,0,-6.4599886,0.11312416940927505,0.7680000066757202,0.6021000146865845
YER011W,YIL023C,0,-6.4603004,0.11310750991106033,0.7680000066757202,0.6021999716758728
YPL086C,YOL026C,0,-6.460409,0.11309085786342621,0.7680000066757202,0.6022999882698059
YDR281C,YPR009W,0,-6.460444,0.11307420581579208,0.7680000066757202,0.602400004863739
YGL054C,YNL330C,0,-6.4604564,0.11305756121873856,0.7680000066757202,0.6025000214576721
YKL217W,YML069W,0,-6.460477,0.11304091662168503,0.7680000066757202,0.6025999784469604
YER002W,YCR014C,0,-6.4607506,0.1130242794752121,0.7680000066757202,0.6026999950408936
YNL058C,YOR084W,0,-6.4609127,0.11300764977931976,0.7680000066757202,0.6028000116348267
YPR002W,YER029C,0,-6.461058,0.11299102753400803,0.7680000066757202,0.6029000282287598
YLL031C,YDR285W,0,-6.461335,0.11297440528869629,0.7680000066757202,0.6029999852180481
YNL164C,YBR084W,0,-6.461423,0.11295779049396515,0.7680000066757202,0.6031000018119812
YDR171W,YBR183W,0,-6.4615293,0.11294117569923401,0.7680000066757202,0.6032000184059143
YLL042C,YMR125W,0,-6.4616475,0.11292456835508347,0.7680000066757202,0.6032999753952026
YJR104C,YDR348C,0,-6.461745,0.11290796846151352,0.7680000066757202,0.6033999919891357
YKL168C,YBR237W,0,-6.461745,0.11289136856794357,0.7680000066757202,0.6035000085830688
YPR125W,YGR283C,0,-6.461856,0.11287477612495422,0.7680000066757202,0.603600025177002
YLR335W,YPL208W,0,-6.461989,0.11285819113254547,0.7680000066757202,0.6036999821662903
YDR479C,YBL004W,0,-6.462068,0.11284161359071732,0.7680000066757202,0.6037999987602234
YDL024C,YER075C,1,-6.462147,0.11297193914651871,0.7689999938011169,0.6037999987602234
YER159C,YOL154W,0,-6.462324,0.11295534670352936,0.7689999938011169,0.6039000153541565
YDL008W,YDR293C,0,-6.4624853,0.11293875426054001,0.7689999938011169,0.6039999723434448
YPR008W,YGR270W,0,-6.462645,0.11292217671871185,0.7689999938011169,0.6040999889373779
YJL196C,YLR096W,0,-6.462729,0.1129055917263031,0.7689999938011169,0.604200005531311
YCL064C,YOR298W,0,-6.4627304,0.11288902163505554,0.7689999938011169,0.6043000221252441
YOR298W,YDL019C,0,-6.463006,0.11287245154380798,0.7689999938011169,0.6043999791145325
YDL101C,YDL222C,0,-6.4630237,0.11285588145256042,0.7689999938011169,0.6044999957084656
YJR013W,YDR224C,0,-6.463151,0.11283932626247406,0.7689999938011169,0.6046000123023987
YDR464W,YGR063C,0,-6.463334,0.1128227710723877,0.7689999938011169,0.6047000288963318
YDL108W,YLR336C,0,-6.463471,0.11280622333288193,0.7689999938011169,0.6047999858856201
YMR163C,YCL010C,0,-6.4636707,0.11278967559337616,0.7689999938011169,0.6049000024795532
YDR226W,YER014C-A,0,-6.463755,0.11277313530445099,0.7689999938011169,0.6050000190734863
YOR150W,YBR171W,0,-6.4637885,0.11275659501552582,0.7689999938011169,0.6050999760627747
YOR281C,YMR054W,0,-6.463891,0.11274006962776184,0.7689999938011169,0.6051999926567078
YMR055C,YDR145W,0,-6.464061,0.11272354423999786,0.7689999938011169,0.6053000092506409
YFR030W,YML127W,0,-6.4641585,0.11270701885223389,0.7689999938011169,0.605400025844574
YER183C,YDL076C,0,-6.4644976,0.1126905009150505,0.7689999938011169,0.6054999828338623
YGR006W,YDR041W,0,-6.4645085,0.11267399042844772,0.7689999938011169,0.6055999994277954
YOL149W,YER087C-B,0,-6.464592,0.11265748739242554,0.7689999938011169,0.6057000160217285
YGL037C,YNL309W,0,-6.464638,0.11264098435640335,0.7689999938011169,0.6057999730110168
YOL001W,YDR367W,0,-6.464851,0.11262448877096176,0.7689999938011169,0.60589998960495
YML126C,YKL063C,0,-6.465075,0.11260799318552017,0.7689999938011169,0.6060000061988831
YMR004W,YDR324C,0,-6.465154,0.11259150505065918,0.7689999938011169,0.6061000227928162
YOR191W,YHR197W,0,-6.465305,0.11257502436637878,0.7689999938011169,0.6061999797821045
YOR056C,YJR026W,0,-6.4656115,0.11255855113267899,0.7689999938011169,0.6062999963760376
YDL002C,YLR182W,0,-6.465646,0.11254207789897919,0.7689999938011169,0.6064000129699707
YML073C,YMR088C,0,-6.465658,0.11252560466527939,0.7689999938011169,0.6065000295639038
YBR087W,YHR149C,0,-6.465678,0.11250914633274078,0.7689999938011169,0.6065999865531921
YLR452C,YPL033C,0,-6.4656816,0.11249268800020218,0.7689999938011169,0.6067000031471252
YLR342W,YEL051W,0,-6.4657297,0.11247622966766357,0.7689999938011169,0.6068000197410583
YPL091W,YPL157W,0,-6.4657907,0.11245978623628616,0.7689999938011169,0.6068999767303467
YER161C,YPL237W,0,-6.4658017,0.11244334280490875,0.7689999938011169,0.6069999933242798
YIL046W,YJL139C,0,-6.465923,0.11242689937353134,0.7689999938011169,0.6071000099182129
YGL106W,YBR097W,0,-6.4660254,0.11241046339273453,0.7689999938011169,0.607200026512146
YOL165C,YNL121C,0,-6.4663987,0.11239403486251831,0.7689999938011169,0.6072999835014343
YOR278W,YNL243W,0,-6.466413,0.11237761378288269,0.7689999938011169,0.6074000000953674
YBR160W,YOR065W,0,-6.4665055,0.11236119270324707,0.7689999938011169,0.6075000166893005
YBL097W,YNL156C,0,-6.4665246,0.11234477907419205,0.7689999938011169,0.6075999736785889
YNL268W,YGL205W,0,-6.4668446,0.11232836544513702,0.7689999938011169,0.607699990272522
YMR255W,YLR044C,0,-6.4671807,0.1123119592666626,0.7689999938011169,0.6078000068664551
YGL005C,YJL192C,0,-6.4680715,0.11229556053876877,0.7689999938011169,0.6079000234603882
YML126C,YER094C,0,-6.4681034,0.11227916181087494,0.7689999938011169,0.6079999804496765
YAL013W,YPL117C,0,-6.468163,0.1122627705335617,0.7689999938011169,0.6080999970436096
YNR055C,YMR164C,0,-6.4684024,0.11224638670682907,0.7689999938011169,0.6082000136375427
YGL256W,YLL038C,0,-6.468454,0.11223000288009644,0.7689999938011169,0.608299970626831
YDL045C,YJL028W,0,-6.4684834,0.1122136265039444,0.7689999938011169,0.6083999872207642
YPR184W,YML082W,0,-6.468543,0.11219725757837296,0.7689999938011169,0.6085000038146973
YOR099W,YLR066W,0,-6.4687333,0.11218088865280151,0.7689999938011169,0.6086000204086304
YKL087C,YJL143W,0,-6.4687495,0.11216452717781067,0.7689999938011169,0.6086999773979187
YGL120C,YOR297C,0,-6.469008,0.11214817315340042,0.7689999938011169,0.6087999939918518
YGR121C,YLL048C,0,-6.4693055,0.11213181912899017,0.7689999938011169,0.6089000105857849
YMR013C,YEL051W,0,-6.469727,0.11211546510457993,0.7689999938011169,0.609000027179718
YOR178C,YIL046W,0,-6.469806,0.11209912598133087,0.7689999938011169,0.6090999841690063
YKL155C,YKL051W,0,-6.4698367,0.11208278685808182,0.7689999938011169,0.6092000007629395
YIL040W,YNL149C,0,-6.4699626,0.11206645518541336,0.7689999938011169,0.6093000173568726
YDR179C,YML130C,0,-6.470055,0.1120501235127449,0.7689999938011169,0.6093999743461609
YLR201C,YPR169W,0,-6.4700828,0.11203379929065704,0.7689999938011169,0.609499990940094
YDL134C,YCR079W,1,-6.470249,0.11216314882040024,0.7699999809265137,0.609499990940094
YBR258C,YGL243W,0,-6.470267,0.11214680969715118,0.7699999809265137,0.6096000075340271
YHR046C,YDR503C,1,-6.4703236,0.1122760996222496,0.7710000276565552,0.6096000075340271
YGL116W,YNL137C,0,-6.4706454,0.11225975304841995,0.7710000276565552,0.6097000241279602
YHR076W,YFR040W,1,-6.4707923,0.1123889908194542,0.7720000147819519,0.6097000241279602
YPL271W,YLR268W,0,-6.4708915,0.11237263679504395,0.7720000147819519,0.6097999811172485
YPL200W,YDR382W,0,-6.4710116,0.1123562827706337,0.7720000147819519,0.6098999977111816
YLR195C,YHL028W,0,-6.4712424,0.11233992874622345,0.7720000147819519,0.6100000143051147
YKR068C,YIL046W,0,-6.471254,0.1123235821723938,0.7720000147819519,0.6100999712944031
YER003C,YGL205W,0,-6.4715867,0.11230724304914474,0.7720000147819519,0.6101999878883362
YLR363C,YPL041C,0,-6.4715886,0.11229091137647629,0.7720000147819519,0.6103000044822693
YDL155W,YIL158W,0,-6.471976,0.11227457970380783,0.7720000147819519,0.6104000210762024
YJL112W,YHR026W,0,-6.4720273,0.11225825548171997,0.7720000147819519,0.6104999780654907
YJL103C,YDR028C,0,-6.4720387,0.11224193125963211,0.7720000147819519,0.6105999946594238
YKL198C,YKR042W,0,-6.4724417,0.11222561448812485,0.7720000147819519,0.6107000112533569
YNL066W,YGR221C,0,-6.472472,0.11220930516719818,0.7720000147819519,0.61080002784729
YDR513W,YNL194C,0,-6.4726872,0.11219299584627151,0.7720000147819519,0.6108999848365784
YJR045C,YDR457W,0,-6.47298,0.11217669397592545,0.7720000147819519,0.6110000014305115
YDR503C,YKR028W,1,-6.4732223,0.11230567842721939,0.7730000019073486,0.6110000014305115
YOL104C,YCL045C,0,-6.4736753,0.11228936910629272,0.7730000019073486,0.6111000180244446
YER075C,YGL229C,1,-6.473775,0.11241830140352249,0.7739999890327454,0.6111000180244446
YNL020C,YJL145W,0,-6.4738545,0.11240197718143463,0.7739999890327454,0.6111999750137329
YFR028C,YPL228W,1,-6.4739394,0.11253085732460022,0.7749999761581421,0.6111999750137329
YDR432W,YPR108W,0,-6.4739513,0.11251451820135117,0.7749999761581421,0.611299991607666
YDR254W,YHR057C,0,-6.4742045,0.11249818652868271,0.7749999761581421,0.6114000082015991
YFL014W,YGL112C,0,-6.4742303,0.11248185485601425,0.7749999761581421,0.6115000247955322
YOR026W,YDR301W,0,-6.4743185,0.11246553808450699,0.7749999761581421,0.6115999817848206
YPL269W,YER022W,0,-6.4744153,0.11244921386241913,0.7749999761581421,0.6116999983787537
YGL043W,YBR172C,0,-6.474916,0.11243290454149246,0.7749999761581421,0.6118000149726868
YER164W,YJL201W,0,-6.474922,0.1124165952205658,0.7749999761581421,0.6118999719619751
YDR017C,YPR070W,0,-6.4750943,0.11240029335021973,0.7749999761581421,0.6119999885559082
YOR298C-A,YHR038W,0,-6.4751353,0.11238399147987366,0.7749999761581421,0.6121000051498413
YEL064C,YPR162C,0,-6.475317,0.11236769706010818,0.7749999761581421,0.6122000217437744
YBR159W,YMR016C,0,-6.47558,0.11235140264034271,0.7749999761581421,0.6122999787330627
YKL134C,YKL014C,0,-6.475697,0.11233512312173843,0.7749999761581421,0.6123999953269958
YIL035C,YLL060C,0,-6.4757915,0.11231884360313416,0.7749999761581421,0.612500011920929
YDR219C,YPR041W,0,-6.475861,0.11230256408452988,0.7749999761581421,0.6126000285148621
YPL092W,YOR083W,0,-6.475932,0.1122862920165062,0.7749999761581421,0.6126999855041504
YJL103C,YLR004C,0,-6.47611,0.11227002739906311,0.7749999761581421,0.6128000020980835
YGL213C,YDL110C,0,-6.476176,0.11225376278162003,0.7749999761581421,0.6129000186920166
YGR076C,YGL225W,0,-6.4764714,0.11223750561475754,0.7749999761581421,0.6129999756813049
YLR191W,YBL055C,0,-6.4765115,0.11222125589847565,0.7749999761581421,0.613099992275238
YDR224C,YPL276W,0,-6.4766355,0.11220500618219376,0.7749999761581421,0.6132000088691711
YHR001W,YHR045W,0,-6.476698,0.11218876391649246,0.7749999761581421,0.6133000254631042
YDR099W,YJL196C,0,-6.476882,0.11217252910137177,0.7749999761581421,0.6133999824523926
YOL033W,YIL076W,0,-6.4770074,0.11215629428625107,0.7749999761581421,0.6134999990463257
YFL009W,YML129C,0,-6.477045,0.11214006692171097,0.7749999761581421,0.6136000156402588
YDL160C,YML082W,0,-6.477399,0.11212383955717087,0.7749999761581421,0.6136999726295471
YOR061W,YOL121C,0,-6.477406,0.11210761964321136,0.7749999761581421,0.6137999892234802
YIL040W,YGL252C,0,-6.477467,0.11209140717983246,0.7749999761581421,0.6139000058174133
YGR254W,YJL151C,0,-6.477705,0.11207520216703415,0.7749999761581421,0.6140000224113464
YJL116C,YFL026W,0,-6.4777656,0.11205899715423584,0.7749999761581421,0.6140999794006348
YDL147W,YDL212W,0,-6.478164,0.11204279214143753,0.7749999761581421,0.6141999959945679
YPL167C,YGR112W,0,-6.4782524,0.11202659457921982,0.7749999761581421,0.614300012588501
YEL034W,YGR065C,0,-6.478297,0.1120104044675827,0.7749999761581421,0.6144000291824341
YDL056W,YOL105C,0,-6.4783845,0.11199422180652618,0.7749999761581421,0.6144999861717224
YHR169W,YJL001W,0,-6.4784317,0.11197803914546967,0.7749999761581421,0.6146000027656555
YER155C,YKL110C,0,-6.4784408,0.11196186393499374,0.7749999761581421,0.6147000193595886
YIL125W,YOR354C,0,-6.478482,0.11194568872451782,0.7749999761581421,0.614799976348877
YOL149W,YHR163W,0,-6.4788404,0.1119295209646225,0.7749999761581421,0.6148999929428101
YDR226W,YPL236C,0,-6.4788837,0.11191336065530777,0.7749999761581421,0.6150000095367432
YLR038C,YMR091C,0,-6.478906,0.11189720034599304,0.7749999761581421,0.6151000261306763
YKL114C,YOR303W,0,-6.4791675,0.11188104748725891,0.7749999761581421,0.6151999831199646
YGL253W,YBR263W,0,-6.479463,0.11186489462852478,0.7749999761581421,0.6152999997138977
YFR008W,YEL001C,0,-6.479554,0.11184874922037125,0.7749999761581421,0.6154000163078308
YPR073C,YER075C,1,-6.4796634,0.11197691410779953,0.7760000228881836,0.6154000163078308
YDR204W,YFL034C-A,0,-6.479919,0.1119607537984848,0.7760000228881836,0.6154999732971191
YKL138C,YGR080W,0,-6.480234,0.11194460839033127,0.7760000228881836,0.6155999898910522
YDR101C,YLR248W,0,-6.4803123,0.11192845553159714,0.7760000228881836,0.6157000064849854
YNL098C,YBR241C,0,-6.48049,0.1119123175740242,0.7760000228881836,0.6158000230789185
YDR188W,YNL162W,0,-6.480497,0.11189617961645126,0.7760000228881836,0.6158999800682068
YJL098W,YKR053C,1,-6.4807754,0.1120242178440094,0.7770000100135803,0.6158999800682068
YKR006C,YOL038W,0,-6.480796,0.11200807243585587,0.7770000100135803,0.6159999966621399
YBR036C,YNR013C,0,-6.48093,0.11199192702770233,0.7770000100135803,0.616100013256073
YER073W,YPL128C,0,-6.4813075,0.1119757890701294,0.7770000100135803,0.6161999702453613
YOL110W,YPR091C,0,-6.4813285,0.11195965111255646,0.7770000100135803,0.6162999868392944
YOR067C,YGR224W,0,-6.481419,0.11194352060556412,0.7770000100135803,0.6164000034332275
YPL204W,YPL174C,0,-6.4814286,0.11192739754915237,0.7770000100135803,0.6165000200271606
YDR181C,YER087W,0,-6.4815526,0.11191127449274063,0.7770000100135803,0.616599977016449
YGL005C,YIL126W,0,-6.481661,0.11189515888690948,0.7770000100135803,0.6166999936103821
YPR082C,YMR077C,0,-6.481768,0.11187905073165894,0.7770000100135803,0.6168000102043152
YLL013C,YMR302C,0,-6.4817834,0.11186294257640839,0.7770000100135803,0.6169000267982483
YDR202C,YDR487C,0,-6.4817853,0.11184684187173843,0.7770000100135803,0.6169999837875366
YJL024C,YLR032W,0,-6.481957,0.11183074116706848,0.7770000100135803,0.6171000003814697
YER024W,YNL154C,0,-6.482097,0.11181464791297913,0.7770000100135803,0.6172000169754028
YOR020C,YOL094C,0,-6.482112,0.11179856210947037,0.7770000100135803,0.6172999739646912
YGR199W,YOL141W,0,-6.4822063,0.11178247630596161,0.7770000100135803,0.6173999905586243
YBR022W,YDL006W,1,-6.4822717,0.11191023886203766,0.777999997138977,0.6173999905586243
YBL082C,YKR007W,0,-6.4824853,0.1118941456079483,0.777999997138977,0.6175000071525574
YMR042W,YJL173C,0,-6.4825463,0.11187805235385895,0.777999997138977,0.6176000237464905
YKR020W,YPL283C,0,-6.4825716,0.11186196655035019,0.777999997138977,0.6176999807357788
YHR038W,YGR274C,0,-6.482593,0.11184588819742203,0.777999997138977,0.6177999973297119
YDR226W,YJL071W,0,-6.482654,0.11182980984449387,0.777999997138977,0.617900013923645
YNL094W,YNL075W,0,-6.482663,0.1118137389421463,0.777999997138977,0.6179999709129333
YCL064C,YNL006W,0,-6.4827495,0.11179767549037933,0.777999997138977,0.6180999875068665
YMR220W,YHR001W,0,-6.4828343,0.11178161203861237,0.777999997138977,0.6182000041007996
YBL076C,YHR001W,0,-6.48286,0.1117655485868454,0.777999997138977,0.6183000206947327
YLR138W,YMR019W,0,-6.4830737,0.11174950003623962,0.777999997138977,0.618399977684021
YOR355W,YKL132C,0,-6.4830737,0.11173345148563385,0.777999997138977,0.6184999942779541
YDR044W,YKL143W,0,-6.483127,0.11171740293502808,0.777999997138977,0.6186000108718872
YDL209C,YLR007W,0,-6.483214,0.1117013618350029,0.777999997138977,0.6187000274658203
YLR127C,YPL254W,0,-6.483392,0.11168532818555832,0.777999997138977,0.6187999844551086
YJL020C,YIL038C,0,-6.4834375,0.11166929453611374,0.777999997138977,0.6189000010490417
YMR022W,YGR234W,0,-6.4836516,0.11165327578783035,0.777999997138977,0.6190000176429749
YJL103C,YOR210W,0,-6.4838386,0.11163724958896637,0.777999997138977,0.6190999746322632
YBR233W-A,YDR280W,0,-6.4839134,0.11162123084068298,0.777999997138977,0.6191999912261963
YOR090C,YMR087W,1,-6.48418,0.11174867302179337,0.7789999842643738,0.6191999912261963
YJR029W,YPL033C,0,-6.4842772,0.11173264682292938,0.7789999842643738,0.6193000078201294
YDR503C,YFR040W,1,-6.4844666,0.11186002939939499,0.7799999713897705,0.6193000078201294
YNR075W,YNL073W,0,-6.4846215,0.11184398829936981,0.7799999713897705,0.6194000244140625
YBL008W,YOL043C,0,-6.4846234,0.11182795464992523,0.7799999713897705,0.6194999814033508
YGR161C,YGL224C,1,-6.48466,0.11195527762174606,0.781000018119812,0.6194999814033508
YDR190C,YCR029C-A,0,-6.484694,0.11193922907114029,0.781000018119812,0.6195999979972839
YHL047C,YIL064W,0,-6.4852076,0.11192318797111511,0.781000018119812,0.619700014591217
YIL128W,YMR005W,0,-6.4858136,0.11190714687108994,0.781000018119812,0.6197999715805054
YOL052C-A,YKL065C,0,-6.485851,0.11189112067222595,0.781000018119812,0.6198999881744385
YBL037W,YGR260W,0,-6.486091,0.11187508702278137,0.781000018119812,0.6200000047683716
YNL025C,YML018C,0,-6.4864955,0.11185906827449799,0.781000018119812,0.6201000213623047
YLR395C,YMR208W,0,-6.4866223,0.1118430495262146,0.781000018119812,0.620199978351593
YFL018W-A,YPL163C,0,-6.486636,0.11182703077793121,0.781000018119812,0.6202999949455261
YOL064C,YHR076W,1,-6.4866624,0.11195418983697891,0.7820000052452087,0.6202999949455261
YNL219C,YER051W,0,-6.4868293,0.11193816363811493,0.7820000052452087,0.6204000115394592
YPR162C,YMR200W,0,-6.4868464,0.11192213743925095,0.7820000052452087,0.6205000281333923
YOL110W,YDR464W,0,-6.486935,0.11190612614154816,0.7820000052452087,0.6205999851226807
YNL251C,YPL220W,0,-6.486977,0.11189011484384537,0.7820000052452087,0.6207000017166138
YFL049W,YGL198W,0,-6.4870114,0.11187410354614258,0.7820000052452087,0.6208000183105469
YCR092C,YBL055C,0,-6.48718,0.11185809969902039,0.7820000052452087,0.6208999752998352
YLL009C,YJR137C,0,-6.4871984,0.11184210330247879,0.7820000052452087,0.6209999918937683
YDR263C,YJL102W,0,-6.487268,0.11182611435651779,0.7820000052452087,0.6211000084877014
YOL008W,YJR113C,0,-6.4875054,0.1118101254105568,0.7820000052452087,0.6212000250816345
YKR101W,YOR252W,0,-6.4875507,0.1117941364645958,0.7820000052452087,0.6212999820709229
YOL027C,YNL142W,0,-6.487651,0.11177816241979599,0.7820000052452087,0.621399998664856
YNL278W,YGR216C,0,-6.4878306,0.11176218092441559,0.7820000052452087,0.6215000152587891
YAL029C,YDR117C,0,-6.488078,0.11174621433019638,0.7820000052452087,0.6215999722480774
YDR503C,YPR073C,1,-6.4884086,0.11187312752008438,0.7829999923706055,0.6215999722480774
YMR173W,YCL045C,0,-6.4886584,0.11185714602470398,0.7829999923706055,0.6216999888420105
YJR092W,YHR079C,0,-6.4889226,0.11184116452932358,0.7829999923706055,0.6218000054359436
YOL063C,YBR263W,0,-6.4891105,0.11182519048452377,0.7829999923706055,0.6219000220298767
YLR377C,YDR436W,1,-6.489358,0.11195202171802521,0.7839999794960022,0.6219000220298767
YCR082W,YHL034C,0,-6.4894347,0.1119360402226448,0.7839999794960022,0.621999979019165
YMR021C,YDL036C,0,-6.4894915,0.1119200587272644,0.7839999794960022,0.6220999956130981
YMR277W,YDL006W,1,-6.489672,0.11204681545495987,0.7850000262260437,0.6220999956130981
YMR322C,YJL012C,0,-6.489676,0.11203082650899887,0.7850000262260437,0.6222000122070312
YGR222W,YKL203C,0,-6.4898515,0.11201483756303787,0.7850000262260437,0.6223000288009644
YOR070C,YER065C,0,-6.4898925,0.11199885606765747,0.7850000262260437,0.6223999857902527
YLL050C,YPR101W,0,-6.489945,0.11198288202285767,0.7850000262260437,0.6225000023841858
YCR071C,YER031C,0,-6.490215,0.11196690797805786,0.7850000262260437,0.6226000189781189
YBR155W,YJL123C,0,-6.490282,0.11195094138383865,0.7850000262260437,0.6226999759674072
YOL059W,YNR046W,0,-6.4902983,0.11193497478961945,0.7850000262260437,0.6227999925613403
YOL088C,YMR114C,0,-6.4904203,0.11191901564598083,0.7850000262260437,0.6229000091552734
YMR100W,YKL043W,0,-6.490811,0.11190306395292282,0.7850000262260437,0.6230000257492065
YBR267W,YGR279C,0,-6.4909425,0.11188711225986481,0.7850000262260437,0.6230999827384949
YGL212W,YKR001C,0,-6.4909687,0.11187116801738739,0.7850000262260437,0.623199999332428
YMR055C,YLR256W,0,-6.4909983,0.11185523122549057,0.7850000262260437,0.6233000159263611
YGR134W,YKL167C,0,-6.491089,0.11183929443359375,0.7850000262260437,0.6233999729156494
YKL208W,YIL061C,0,-6.4911294,0.11182336509227753,0.7850000262260437,0.6234999895095825
YBR278W,YAL042W,0,-6.491177,0.1118074357509613,0.7850000262260437,0.6236000061035156
YBL093C,YNL246W,0,-6.491258,0.11179151386022568,0.7850000262260437,0.6237000226974487
YAL020C,YGR222W,0,-6.491486,0.11177559196949005,0.7850000262260437,0.6237999796867371
YLR190W,YIR009W,0,-6.4915733,0.11175967752933502,0.7850000262260437,0.6238999962806702
YFR036W,YCL020W,0,-6.4916005,0.11174377053976059,0.7850000262260437,0.6240000128746033
YFR019W,YMR146C,0,-6.4916477,0.11172787100076675,0.7850000262260437,0.6241000294685364
YCR106W,YMR272C,0,-6.4919662,0.11171197146177292,0.7850000262260437,0.6241999864578247
YDR046C,YPL113C,0,-6.4919963,0.11169607192277908,0.7850000262260437,0.6243000030517578
YGL174W,YDL226C,0,-6.492228,0.11168017983436584,0.7850000262260437,0.6244000196456909
YDR110W,YGR007W,0,-6.4922495,0.1116642951965332,0.7850000262260437,0.6244999766349792
YER091C,YLR194C,0,-6.4923224,0.11164841055870056,0.7850000262260437,0.6245999932289124
YMR227C,YIL137C,0,-6.4923253,0.11163253337144852,0.7850000262260437,0.6247000098228455
YMR277W,YDL230W,1,-6.4926724,0.11175885051488876,0.7860000133514404,0.6247000098228455
YGR047C,YOR064C,0,-6.492715,0.11174296587705612,0.7860000133514404,0.6248000264167786
YFL023W,YKL179C,0,-6.492762,0.11172708123922348,0.7860000133514404,0.6248999834060669
YNR074C,YGL252C,0,-6.4928374,0.11171119660139084,0.7860000133514404,0.625
YFR028C,YKL190W,1,-6.4928412,0.11183743178844452,0.7870000004768372,0.625
YKL045W,YNL176C,0,-6.4928665,0.11182153970003128,0.7870000004768372,0.6251000165939331
YHL036W,YCR055C,0,-6.4929657,0.11180565506219864,0.7870000004768372,0.6251999735832214
YBR164C,YIL115C,0,-6.493216,0.111789770424366,0.7870000004768372,0.6252999901771545
YDR224C,YGL039W,0,-6.4932246,0.11177389323711395,0.7870000004768372,0.6254000067710876
YBR205W,YOR312C,0,-6.4934163,0.1117580235004425,0.7870000004768372,0.6255000233650208
YBR022W,YGR161C,1,-6.4935727,0.11188413947820663,0.7879999876022339,0.6255000233650208
YPR052C,YDR166C,0,-6.4936996,0.11186825484037399,0.7879999876022339,0.6255999803543091
YJR121W,YOL020W,0,-6.493754,0.11185237765312195,0.7879999876022339,0.6256999969482422
YFR036W,YOR009W,0,-6.4937806,0.1118365004658699,0.7879999876022339,0.6258000135421753
YCR011C,YAL055W,0,-6.49388,0.11182063072919846,0.7879999876022339,0.6258999705314636
YIL038C,YOL100W,0,-6.4939494,0.1118047684431076,0.7879999876022339,0.6259999871253967
YLR377C,YMR277W,1,-6.494074,0.11193077266216278,0.7889999747276306,0.6259999871253967
YOR386W,YFR004W,0,-6.494102,0.11191489547491074,0.7889999747276306,0.6261000037193298
YBR059C,YKL163W,0,-6.49424,0.11189901828765869,0.7889999747276306,0.6262000203132629
YNL250W,YER103W,0,-6.494487,0.11188315600156784,0.7889999747276306,0.6262999773025513
YDR178W,YGR116W,0,-6.494643,0.11186729371547699,0.7889999747276306,0.6263999938964844
YBR092C,YDL006W,1,-6.4948087,0.11199319362640381,0.7900000214576721,0.6263999938964844
YBR069C,YBR162C,0,-6.494835,0.11197732388973236,0.7900000214576721,0.6265000104904175
YKL001C,YKL065C,0,-6.4949293,0.11196145415306091,0.7900000214576721,0.6266000270843506
YGL253W,YJR073C,0,-6.4949985,0.11194558441638947,0.7900000214576721,0.6266999840736389
YJL200C,YPR166C,0,-6.4951367,0.11192972213029861,0.7900000214576721,0.626800000667572
YDR233C,YNL058C,0,-6.495154,0.11191386729478836,0.7900000214576721,0.6269000172615051
YPR159W,YDL019C,0,-6.4953794,0.1118980199098587,0.7900000214576721,0.6269999742507935
YHR007C,YMR125W,0,-6.495479,0.11188217252492905,0.7900000214576721,0.6270999908447266
YDL136W,YER082C,0,-6.4955006,0.11186632513999939,0.7900000214576721,0.6272000074386597
YGL078C,YOR217W,0,-6.495578,0.11185048520565033,0.7900000214576721,0.6273000240325928
YGR231C,YKL034W,0,-6.495764,0.11183465272188187,0.7900000214576721,0.6273999810218811
YJL201W,YIL119C,0,-6.4958067,0.111818827688694,0.7900000214576721,0.6274999976158142
YJL134W,YBR093C,1,-6.495923,0.1119445264339447,0.7910000085830688,0.6274999976158142
YER062C,YDL230W,1,-6.496095,0.11207018792629242,0.7919999957084656,0.6274999976158142
YJR092W,YML069W,0,-6.4961114,0.11205433309078217,0.7919999957084656,0.6276000142097473
YJR137C,YPL007C,0,-6.4963737,0.11203847825527191,0.7919999957084656,0.6276999711990356
YIL107C,YFR037C,0,-6.497091,0.11202263087034225,0.7919999957084656,0.6277999877929688
YGL053W,YOR344C,0,-6.497145,0.1120067909359932,0.7919999957084656,0.6279000043869019
YLR219W,YEL016C,0,-6.497579,0.11199095100164413,0.7919999957084656,0.628000020980835
YIL145C,YBR258C,0,-6.497601,0.11197511851787567,0.7919999957084656,0.6280999779701233
YDR421W,YMR305C,0,-6.4977345,0.11195928603410721,0.7919999957084656,0.6281999945640564
YOR157C,YOR273C,0,-6.497989,0.11194346100091934,0.7919999957084656,0.6283000111579895
YDR148C,YML097C,0,-6.49823,0.11192764341831207,0.7919999957084656,0.6284000277519226
YLR403W,YAR035W,0,-6.498569,0.1119118258357048,0.7919999957084656,0.6284999847412109
YLR238W,YOR357C,0,-6.498643,0.11189601570367813,0.7919999957084656,0.628600001335144
YOR009W,YMR243C,0,-6.4989233,0.11188020557165146,0.7919999957084656,0.6287000179290771
YCR092C,YIL063C,0,-6.4989595,0.11186441034078598,0.7919999957084656,0.6287999749183655
YPL001W,YMR195W,0,-6.498985,0.1118486076593399,0.7919999957084656,0.6288999915122986
YAL033W,YBR253W,0,-6.499087,0.11183281242847443,0.7919999957084656,0.6290000081062317
YEL063C,YNL088W,0,-6.4993463,0.11181702464818954,0.7919999957084656,0.6291000247001648
YPR168W,YMR257C,0,-6.4994164,0.11180124431848526,0.7919999957084656,0.6291999816894531
YLR405W,YOR370C,0,-6.499429,0.11178546398878098,0.7919999957084656,0.6292999982833862
YMR190C,YLR004C,0,-6.499439,0.11176968365907669,0.7919999957084656,0.6294000148773193
YGL014W,YGL163C,0,-6.499472,0.1117539182305336,0.7919999957084656,0.6294999718666077
YOR031W,YOL109W,0,-6.4994764,0.11173814535140991,0.7919999957084656,0.6295999884605408
YOR257W,YJL194W,0,-6.499519,0.11172238737344742,0.7919999957084656,0.6297000050544739
YPR082C,YDR517W,0,-6.499576,0.11170662939548492,0.7919999957084656,0.629800021648407
YGL033W,YOR359W,0,-6.4998527,0.11169087886810303,0.7919999957084656,0.6298999786376953
YJR047C,YIL088C,0,-6.499929,0.11167512834072113,0.7919999957084656,0.6299999952316284
YDR036C,YBR227C,0,-6.500105,0.11165938526391983,0.7919999957084656,0.6301000118255615
YNL258C,YBL013W,0,-6.5001054,0.11164364218711853,0.7919999957084656,0.6302000284194946
YDR448W,YDL046W,0,-6.5002065,0.11162790656089783,0.7919999957084656,0.630299985408783
YMR292W,YOL105C,0,-6.5002646,0.11161217838525772,0.7919999957084656,0.6304000020027161
YLL002W,YDR400W,0,-6.500801,0.11159645020961761,0.7919999957084656,0.6305000185966492
YBL020W,YOR007C,0,-6.501001,0.1115807294845581,0.7919999957084656,0.6305999755859375
YLR172C,YPR083W,0,-6.501019,0.1115650087594986,0.7919999957084656,0.6306999921798706
YHR023W,YGR135W,0,-6.5013433,0.11154929548501968,0.7919999957084656,0.6308000087738037
YDL097C,YLR040C,0,-6.501396,0.11153358966112137,0.7919999957084656,0.6309000253677368
YIL140W,YJR077C,0,-6.501778,0.11151788383722305,0.7919999957084656,0.6309999823570251
YHR081W,YDL077C,0,-6.501849,0.11150218546390533,0.7919999957084656,0.6310999989509583
YGR004W,YGR141W,0,-6.5019917,0.11148648709058762,0.7919999957084656,0.6312000155448914
YMR212C,YHR206W,0,-6.502362,0.1114707961678505,0.7919999957084656,0.6312999725341797
YLL057C,YPL024W,0,-6.5025973,0.11145510524511337,0.7919999957084656,0.6313999891281128
YNL299W,YGR072W,0,-6.50288,0.11143942922353745,0.7919999957084656,0.6315000057220459
YDR450W,YDR057W,0,-6.5030885,0.11142374575138092,0.7919999957084656,0.631600022315979
YKR019C,YOR081C,0,-6.5031714,0.11140807718038559,0.7919999957084656,0.6316999793052673
YFL024C,YJR073C,0,-6.503251,0.11139240860939026,0.7919999957084656,0.6317999958992004
YGL071W,YML078W,0,-6.5036254,0.11137674003839493,0.7919999957084656,0.6319000124931335
YJL134W,YNL032W,1,-6.503626,0.11150168627500534,0.7929999828338623,0.6319000124931335
YFR053C,YLR383W,0,-6.503647,0.11148601025342941,0.7929999828338623,0.6320000290870667
YNL094W,YJL114W,0,-6.503939,0.11147034168243408,0.7929999828338623,0.632099986076355
YLR027C,YPR049C,0,-6.504216,0.11145467311143875,0.7929999828338623,0.6322000026702881
YBR008C,YNL290W,0,-6.5042405,0.11143901199102402,0.7929999828338623,0.6323000192642212
YPR023C,YEL065W,0,-6.504422,0.11142335087060928,0.7929999828338623,0.6323999762535095
YNL062C,YBR067C,0,-6.5047092,0.11140769720077515,0.7929999828338623,0.6324999928474426
YOR070C,YHR050W,0,-6.504803,0.1113920509815216,0.7929999828338623,0.6326000094413757
YOL149W,YPL254W,0,-6.5052876,0.11137640476226807,0.7929999828338623,0.6327000260353088
YJL081C,YPR108W,0,-6.5052896,0.11136076599359512,0.7929999828338623,0.6327999830245972
YJR139C,YLR327C,0,-6.50573,0.11134512722492218,0.7929999828338623,0.6328999996185303
YLR376C,YPL208W,0,-6.5059676,0.11132949590682983,0.7929999828338623,0.6330000162124634
YNR050C,YJR113C,0,-6.5061755,0.11131387203931808,0.7929999828338623,0.6330999732017517
YER014C-A,YCR036W,0,-6.50621,0.11129824817180634,0.7929999828338623,0.6331999897956848
YNL075W,YOR115C,0,-6.506321,0.11128262430429459,0.7929999828338623,0.6333000063896179
YNL128W,YKR053C,1,-6.5065327,0.1114073246717453,0.7940000295639038,0.6333000063896179
YBR065C,YOL013C,0,-6.5068526,0.11139169335365295,0.7940000295639038,0.633400022983551
YPR029C,YHR133C,0,-6.507213,0.1113760694861412,0.7940000295639038,0.6334999799728394
YNL262W,YBR012W-B,0,-6.5075803,0.11136044561862946,0.7940000295639038,0.6335999965667725
YKL180W,YIL064W,0,-6.507932,0.1113448292016983,0.7940000295639038,0.6337000131607056
YMR190C,YHR050W,0,-6.508311,0.11132922023534775,0.7940000295639038,0.6338000297546387
YLR259C,YGR135W,0,-6.5084004,0.11131361126899719,0.7940000295639038,0.633899986743927
YKL116C,YLR010C,0,-6.5085063,0.11129800975322723,0.7940000295639038,0.6340000033378601
YBR118W,YBR261C,0,-6.5090766,0.11128240823745728,0.7940000295639038,0.6341000199317932
YDR153C,YKL012W,0,-6.509109,0.11126681417226791,0.7940000295639038,0.6341999769210815
YKL089W,YGL212W,0,-6.5093102,0.11125122755765915,0.7940000295639038,0.6342999935150146
YMR307W,YJL176C,0,-6.509463,0.11123564094305038,0.7940000295639038,0.6344000101089478
YNL116W,YLR383W,0,-6.509588,0.11122006177902222,0.7940000295639038,0.6345000267028809
YPL116W,YDL093W,0,-6.5096173,0.11120448261499405,0.7940000295639038,0.6345999836921692
YER118C,YGR059W,0,-6.5097136,0.11118891090154648,0.7940000295639038,0.6347000002861023
YMR193W,YDL030W,0,-6.5099583,0.11117333918809891,0.7940000295639038,0.6348000168800354
YJR144W,YGL004C,0,-6.510037,0.11115777492523193,0.7940000295639038,0.6348999738693237
YFL022C,YMR197C,0,-6.510132,0.11114221811294556,0.7940000295639038,0.6349999904632568
YJL153C,YJL062W,0,-6.510135,0.11112666130065918,0.7940000295639038,0.6351000070571899
YMR277W,YKR028W,1,-6.51027,0.11125104874372482,0.7950000166893005,0.6351000070571899
YJR139C,YOL148C,0,-6.5103683,0.11123548448085785,0.7950000166893005,0.635200023651123
YEL018W,YHL009C,0,-6.5111895,0.11121992021799088,0.7950000166893005,0.6352999806404114
YBL037W,YGL111W,0,-6.511212,0.1112043634057045,0.7950000166893005,0.6353999972343445
YDR046C,YLL060C,0,-6.5115376,0.11118881404399872,0.7950000166893005,0.6355000138282776
YIL107C,YHR026W,0,-6.5121255,0.11117326468229294,0.7950000166893005,0.6355999708175659
YOL121C,YGR198W,0,-6.5121436,0.11115771532058716,0.7950000166893005,0.635699987411499
YBL009W,YJL094C,0,-6.5121527,0.11114218086004257,0.7950000166893005,0.6358000040054321
YHR053C,YOR087W,0,-6.5122104,0.11112663894891739,0.7950000166893005,0.6359000205993652
YPR183W,YDR145W,0,-6.5122623,0.1111111119389534,0.7950000166893005,0.6359999775886536
YJL031C,YDR536W,0,-6.5124,0.11109558492898941,0.7950000166893005,0.6360999941825867
YOR110W,YIR039C,0,-6.512525,0.11108005791902542,0.7950000166893005,0.6362000107765198
YBL082C,YDR517W,0,-6.512591,0.11106454581022263,0.7950000166893005,0.6363000273704529
YPR073C,YKR053C,1,-6.5126505,0.11118871718645096,0.7960000038146973,0.6363000273704529
YBR126C,YNL160W,0,-6.5128417,0.11117318272590637,0.7960000038146973,0.6363999843597412
YGR109C,YFR034C,0,-6.513432,0.11115766316652298,0.7960000038146973,0.6365000009536743
YGL173C,YDR412W,0,-6.514152,0.11114213615655899,0.7960000038146973,0.6366000175476074
YDR478W,YDR201W,0,-6.514204,0.1111266240477562,0.7960000038146973,0.6366999745368958
YPR113W,YHR157W,0,-6.5150733,0.1111111119389534,0.7960000038146973,0.6367999911308289
YDR512C,YML098W,0,-6.5152373,0.1110956072807312,0.7960000038146973,0.636900007724762
YCL066W,YKL214C,0,-6.5153728,0.111080102622509,0.7960000038146973,0.6370000243186951
YDR461W,YPR155C,0,-6.5153995,0.1110645979642868,0.7960000038146973,0.6370999813079834
YBR092C,YNL128W,1,-6.5157337,0.1111886128783226,0.796999990940094,0.6370999813079834
YBR081C,YBR162W-A,0,-6.5157423,0.1111731082201004,0.796999990940094,0.6371999979019165
YLL026W,YML047C,0,-6.5159717,0.1111576035618782,0.796999990940094,0.6373000144958496
YNL219C,YMR210W,0,-6.515975,0.111142098903656,0.796999990940094,0.6373999714851379
YJL122W,YOR156C,0,-6.516201,0.1111266016960144,0.796999990940094,0.637499988079071
YIL004C,YKR026C,0,-6.5164495,0.1111111119389534,0.796999990940094,0.6376000046730042
YOR354C,YMR133W,0,-6.5164876,0.1110956221818924,0.796999990940094,0.6377000212669373
YPR105C,YGR296W,0,-6.5167956,0.11108013987541199,0.796999990940094,0.6377999782562256
YER111C,YGR082W,0,-6.516848,0.11106465756893158,0.796999990940094,0.6378999948501587
YOR078W,YDL052C,0,-6.51691,0.11104918271303177,0.796999990940094,0.6380000114440918
YOR044W,YFL045C,0,-6.5171328,0.11103371530771255,0.796999990940094,0.6381000280380249
YPR104C,YKR086W,0,-6.517278,0.11101824790239334,0.796999990940094,0.6381999850273132
YHR072W,YFR002W,0,-6.5172954,0.11100278794765472,0.796999990940094,0.6383000016212463
YGL211W,YPR148C,0,-6.517338,0.11098732799291611,0.796999990940094,0.6384000182151794
YGR284C,YNL135C,0,-6.517482,0.11097187548875809,0.796999990940094,0.6384999752044678
YDR429C,YML005W,0,-6.517547,0.11095642298460007,0.796999990940094,0.6385999917984009
YOR109W,YOL064C,1,-6.5177503,0.11108017712831497,0.7979999780654907,0.6385999917984009
YBR070C,YNL270C,0,-6.5177827,0.11106471717357635,0.7979999780654907,0.638700008392334
YKR082W,YMR272C,0,-6.51792,0.11104926466941833,0.7979999780654907,0.6388000249862671
YGR155W,YOL005C,0,-6.518031,0.11103381216526031,0.7979999780654907,0.6388999819755554
YCL001W,YOR247W,0,-6.5180416,0.11101836711168289,0.7979999780654907,0.6389999985694885
YHR072W,YOL147C,0,-6.518463,0.11100292205810547,0.7979999780654907,0.6391000151634216
YOL038W,YGL053W,0,-6.5188527,0.11098748445510864,0.7979999780654907,0.63919997215271
YDL150W,YOR087W,0,-6.5190864,0.11097204685211182,0.7979999780654907,0.6392999887466431
YGL112C,YGR209C,0,-6.519154,0.11095661669969559,0.7979999780654907,0.6394000053405762
YDL078C,YOR252W,0,-6.519258,0.11094119399785995,0.7979999780654907,0.6395000219345093
YLR051C,YJR046W,0,-6.5192666,0.11092577129602432,0.7979999780654907,0.6395999789237976
YLR163C,YOR246C,0,-6.519502,0.11091035604476929,0.7979999780654907,0.6396999955177307
YBL026W,YDR308C,0,-6.519538,0.11089494079351425,0.7979999780654907,0.6398000121116638
YER177W,YPR134W,0,-6.5196786,0.11087953299283981,0.7979999780654907,0.6399000287055969
YER026C,YDR001C,0,-6.519732,0.11086413264274597,0.7979999780654907,0.6399999856948853
YHR043C,YER075C,1,-6.5198846,0.11098763346672058,0.7990000247955322,0.6399999856948853
YAL022C,YFR004W,0,-6.5201077,0.11097222566604614,0.7990000247955322,0.6401000022888184
YIL040W,YJL048C,0,-6.520202,0.11095681041479111,0.7990000247955322,0.6402000188827515
YDR208W,YOR217W,0,-6.520334,0.11094140261411667,0.7990000247955322,0.6402999758720398
YLR300W,YBR171W,0,-6.5204015,0.11092600226402283,0.7990000247955322,0.6403999924659729
YML010W,YML097C,0,-6.520699,0.11091060191392899,0.7990000247955322,0.640500009059906
YKR053C,YNL217W,1,-6.5210366,0.11103400588035583,0.800000011920929,0.640500009059906
YOL007C,YDR239C,0,-6.5211644,0.1110185980796814,0.800000011920929,0.6406000256538391
YDL113C,YGR172C,0,-6.521298,0.11100319027900696,0.800000011920929,0.6406999826431274
YDR224C,YNL312W,0,-6.5213103,0.11098778992891312,0.800000011920929,0.6407999992370605
YGL243W,YHR135C,0,-6.52152,0.11097239702939987,0.800000011920929,0.6409000158309937
YDR304C,YCR097W,0,-6.521567,0.11095700412988663,0.800000011920929,0.640999972820282
YCL059C,YOL116W,0,-6.521692,0.11094161868095398,0.800000011920929,0.6410999894142151
YPR141C,YOR159C,0,-6.521719,0.11092623323202133,0.800000011920929,0.6412000060081482
YNL094W,YGR081C,0,-6.5217547,0.11091085523366928,0.800000011920929,0.6413000226020813
YHR011W,YNR067C,0,-6.5217657,0.11089548468589783,0.800000011920929,0.6413999795913696
YDL155W,YNL066W,0,-6.5219893,0.11088011413812637,0.800000011920929,0.6414999961853027
YNL278W,YOR038C,0,-6.5221486,0.11086474359035492,0.800000011920929,0.6416000127792358
YLR058C,YMR005W,0,-6.5221915,0.11084938049316406,0.800000011920929,0.641700029373169
YER030W,YPL221W,0,-6.522249,0.1108340248465538,0.800000011920929,0.6417999863624573
YLL004W,YHR050W,0,-6.5222564,0.11081867665052414,0.800000011920929,0.6419000029563904
YBR029C,YDR105C,0,-6.522655,0.11080332100391388,0.800000011920929,0.6420000195503235
YML070W,YHL025W,0,-6.523313,0.11078798025846481,0.800000011920929,0.6420999765396118
YGL019W,YMR040W,0,-6.523574,0.11077263951301575,0.800000011920929,0.6421999931335449
YHR215W,YNR032W,1,-6.523585,0.11089575290679932,0.8009999990463257,0.6421999931335449
YPL157W,YGR080W,0,-6.5237317,0.11088039726018906,0.8009999990463257,0.642300009727478
YAL020C,YIL094C,0,-6.5238023,0.1108650490641594,0.8009999990463257,0.6424000263214111
YAL051W,YMR146C,0,-6.5240197,0.11084970831871033,0.8009999990463257,0.6424999833106995
YLR213C,YEL051W,0,-6.5244346,0.11083436757326126,0.8009999990463257,0.6425999999046326
YAR031W,YBR108W,0,-6.5245852,0.11081903427839279,0.8009999990463257,0.6427000164985657
YCR024C-A,YLR386W,0,-6.524764,0.11080370843410492,0.8009999990463257,0.642799973487854
YMR204C,YHR178W,0,-6.52492,0.11078838258981705,0.8009999990463257,0.6428999900817871
YEL018W,YCL051W,0,-6.5249248,0.11077305674552917,0.8009999990463257,0.6430000066757202
YLR258W,YMR160W,0,-6.5249877,0.1107577458024025,0.8009999990463257,0.6431000232696533
YJR137C,YLR347C,0,-6.525192,0.11074242740869522,0.8009999990463257,0.6431999802589417
YGR165W,YFL049W,0,-6.5252533,0.11072712391614914,0.8009999990463257,0.6432999968528748
YOR125C,YAL005C,0,-6.5258574,0.11071182042360306,0.8009999990463257,0.6434000134468079
YDR218C,YBR162W-A,0,-6.5259523,0.11069651693105698,0.8009999990463257,0.6434999704360962
YOR252W,YHR099W,0,-6.5261855,0.11068122088909149,0.8009999990463257,0.6435999870300293
YDR261C,YKR008W,0,-6.5262012,0.1106659322977066,0.8009999990463257,0.6437000036239624
YAR071W,YDR436W,1,-6.5266123,0.11078878492116928,0.8019999861717224,0.6437000036239624
YBR200W,YMR146C,0,-6.5266905,0.1107734814286232,0.8019999861717224,0.6438000202178955
YKL052C,YMR046C,0,-6.527408,0.11075818538665771,0.8019999861717224,0.6438999772071838
YBR189W,YPL009C,0,-6.527429,0.11074288934469223,0.8019999861717224,0.6439999938011169
YHR201C,YBR081C,0,-6.527828,0.11072760075330734,0.8019999861717224,0.64410001039505
YLR380W,YMR077C,0,-6.527949,0.11071231216192245,0.8019999861717224,0.6442000269889832
YDR016C,YLR239C,0,-6.528065,0.11069703102111816,0.8019999861717224,0.6442999839782715
YBR253W,YPR118W,0,-6.528117,0.11068175733089447,0.8019999861717224,0.6444000005722046
YBR142W,YIL017W,0,-6.528464,0.11066648364067078,0.8019999861717224,0.6445000171661377
YOR386W,YIL096C,0,-6.528545,0.11065121740102768,0.8019999861717224,0.644599974155426
YGL043W,YLL051C,0,-6.5285783,0.11063595116138458,0.8019999861717224,0.6446999907493591
YML098W,YBR030W,0,-6.528714,0.11062069237232208,0.8019999861717224,0.6448000073432922
YNL159C,YBR118W,0,-6.5288444,0.11060543358325958,0.8019999861717224,0.6449000239372253
YDR432W,YDR135C,0,-6.5289984,0.11059018224477768,0.8019999861717224,0.6449999809265137
YMR309C,YLR044C,0,-6.5290713,0.11057493090629578,0.8019999861717224,0.6450999975204468
YDL222C,YIL077C,0,-6.5292864,0.11055969446897507,0.8019999861717224,0.6452000141143799
YDL223C,YOR298W,0,-6.529327,0.11054445058107376,0.8019999861717224,0.6452999711036682
YMR168C,YBR034C,0,-6.5293355,0.11052921414375305,0.8019999861717224,0.6453999876976013
YBR092C,YDR436W,1,-6.529524,0.11065178364515305,0.8029999732971191,0.6453999876976013
YPL271W,YJL102W,0,-6.530006,0.11063653975725174,0.8029999732971191,0.6455000042915344
YGL071W,YMR307W,0,-6.530042,0.11062129586935043,0.8029999732971191,0.6456000208854675
YBR112C,YOL061W,0,-6.530086,0.11060605943202972,0.8029999732971191,0.6456999778747559
YKL052C,YHR039C,0,-6.5301347,0.11059083044528961,0.8029999732971191,0.645799994468689
YIL124W,YOR143C,0,-6.5303016,0.1105756014585495,0.8029999732971191,0.6459000110626221
YLR287C-A,YGL244W,0,-6.530415,0.11056037247180939,0.8029999732971191,0.6460000276565552
YFR044C,YML009C,0,-6.5304446,0.11054515093564987,0.8029999732971191,0.6460999846458435
YDR046C,YKL074C,0,-6.530519,0.11052993685007095,0.8029999732971191,0.6462000012397766
YKL087C,YKL209C,0,-6.530562,0.11051472276449203,0.8029999732971191,0.6463000178337097
YBR093C,YNR032W,1,-6.5305886,0.1106371283531189,0.8040000200271606,0.6463000178337097
YLR381W,YOR030W,0,-6.5308633,0.11062190681695938,0.8040000200271606,0.646399974822998
YDR361C,YBR248C,0,-6.531155,0.11060668528079987,0.8040000200271606,0.6464999914169312
YOL158C,YLR388W,0,-6.531449,0.11059147119522095,0.8040000200271606,0.6466000080108643
YEL029C,YHR010W,0,-6.531748,0.11057626456022263,0.8040000200271606,0.6467000246047974
YJR103W,YNL213C,0,-6.53177,0.1105610579252243,0.8040000200271606,0.6467999815940857
YKR006C,YOL113W,0,-6.5318274,0.11054585129022598,0.8040000200271606,0.6468999981880188
YKL191W,YEL046C,0,-6.531943,0.11053065955638885,0.8040000200271606,0.6470000147819519
YGL008C,YHR006W,0,-6.531984,0.11051546037197113,0.8040000200271606,0.6470999717712402
YMR113W,YNL333W,0,-6.5321317,0.1105002760887146,0.8040000200271606,0.6471999883651733
YPR164W,YLL048C,0,-6.53218,0.11048509180545807,0.8040000200271606,0.6473000049591064
YLR051C,YDL028C,0,-6.5321813,0.11046990752220154,0.8040000200271606,0.6474000215530396
YHR070W,YKR014C,0,-6.5323024,0.1104547306895256,0.8040000200271606,0.6474999785423279
YGL083W,YGL010W,0,-6.532309,0.11043956130743027,0.8040000200271606,0.647599995136261
YDL087C,YPL097W,0,-6.532555,0.11042439192533493,0.8040000200271606,0.6477000117301941
YPR171W,YGL231C,0,-6.532644,0.11040922999382019,0.8040000200271606,0.6478000283241272
YHR152W,YDR167W,0,-6.5327907,0.11039406806230545,0.8040000200271606,0.6478999853134155
YLR068W,YOL109W,0,-6.5328383,0.11037891358137131,0.8040000200271606,0.6480000019073486
YNL272C,YGR260W,0,-6.533114,0.11036375910043716,0.8040000200271606,0.6481000185012817
YDR323C,YMR197C,0,-6.533382,0.11034861207008362,0.8040000200271606,0.6481999754905701
YPL240C,YDR439W,0,-6.533468,0.11033347249031067,0.8040000200271606,0.6482999920845032
YNL142W,YJR049C,0,-6.5334754,0.11031833291053772,0.8040000200271606,0.6484000086784363
YIL154C,YBR130C,0,-6.5334907,0.11030319333076477,0.8040000200271606,0.6485000252723694
YAL056W,YGR244C,0,-6.5335803,0.11028806865215302,0.8040000200271606,0.6485999822616577
YNR043W,YER022W,0,-6.53361,0.11027293652296066,0.8040000200271606,0.6486999988555908
YGL229C,YMR087W,1,-6.5337195,0.11039495468139648,0.8050000071525574,0.6486999988555908
YGL071W,YLR192C,0,-6.5339804,0.11037981510162354,0.8050000071525574,0.6488000154495239
YFR046C,YJL187C,0,-6.534077,0.11036468297243118,0.8050000071525574,0.6488999724388123
YOR002W,YPR060C,0,-6.534284,0.11034955084323883,0.8050000071525574,0.6489999890327454
YJL024C,YGL097W,0,-6.5344663,0.11033442616462708,0.8050000071525574,0.6491000056266785
YLR246W,YDL045W-A,0,-6.5344853,0.11031930893659592,0.8050000071525574,0.6492000222206116
YJL011C,YNL194C,0,-6.5345626,0.11030419170856476,0.8050000071525574,0.6492999792098999
YDL145C,YMR105C,0,-6.53464,0.1102890819311142,0.8050000071525574,0.649399995803833
YNL259C,YDL159W,0,-6.5346713,0.11027397215366364,0.8050000071525574,0.6495000123977661
YER023W,YJR099W,0,-6.5348926,0.11025886982679367,0.8050000071525574,0.6496000289916992
YMR002W,YDL170W,0,-6.534972,0.1102437674999237,0.8050000071525574,0.6496999859809875
YNL009W,YIL160C,0,-6.53505,0.11022867262363434,0.8050000071525574,0.6498000025749207
YHL020C,YOL142W,0,-6.5351176,0.11021358519792557,0.8050000071525574,0.6499000191688538
YML128C,YEL043W,0,-6.5352063,0.1101984977722168,0.8050000071525574,0.6499999761581421
YNL074C,YPL016W,0,-6.535418,0.11018341034650803,0.8050000071525574,0.6500999927520752
YDL113C,YKL217W,0,-6.535478,0.11016833037137985,0.8050000071525574,0.6502000093460083
YGL051W,YER050C,0,-6.5355144,0.11015325784683228,0.8050000071525574,0.6503000259399414
YLR189C,YNL163C,0,-6.535549,0.1101381853222847,0.8050000071525574,0.6503999829292297
YHR142W,YCR086W,0,-6.535789,0.11012312024831772,0.8050000071525574,0.6504999995231628
YDL056W,YGR270W,0,-6.5358286,0.11010805517435074,0.8050000071525574,0.650600016117096
YHR148W,YGL231C,0,-6.5358887,0.11009299755096436,0.8050000071525574,0.6506999731063843
YHR178W,YGR209C,0,-6.535962,0.11007793992757797,0.8050000071525574,0.6507999897003174
YDL150W,YLR126C,0,-6.53599,0.11006288975477219,0.8050000071525574,0.6509000062942505
YLR079W,YJR099W,0,-6.536184,0.110047847032547,0.8050000071525574,0.6510000228881836
YGR034W,YDR392W,0,-6.5362296,0.11003280431032181,0.8050000071525574,0.6510999798774719
YML093W,YCL020W,0,-6.5362306,0.11001776903867722,0.8050000071525574,0.651199996471405
YHL040C,YKR057W,0,-6.5362673,0.11000273376703262,0.8050000071525574,0.6513000130653381
YLR347C,YKR057W,0,-6.5362935,0.10998770594596863,0.8050000071525574,0.6514000296592712
YGL065C,YDR212W,0,-6.536309,0.10997267812490463,0.8050000071525574,0.6514999866485596
YLR438C-A,YML082W,0,-6.536774,0.10995765775442123,0.8050000071525574,0.6516000032424927
YDR171W,YBR241C,0,-6.536837,0.10994263738393784,0.8050000071525574,0.6517000198364258
YOR008C,YPL239W,0,-6.536975,0.10992762446403503,0.8050000071525574,0.6517999768257141
YLR044C,YGR008C,0,-6.537664,0.10991261899471283,0.8050000071525574,0.6518999934196472
YPL061W,YBR215W,0,-6.537793,0.10989761352539062,0.8050000071525574,0.6520000100135803
YOR209C,YOR140W,0,-6.537852,0.10988260805606842,0.8050000071525574,0.6521000266075134
YAL013W,YDR439W,0,-6.5380874,0.10986761003732681,0.8050000071525574,0.6521999835968018
YDR268W,YOR292C,0,-6.5387545,0.1098526194691658,0.8050000071525574,0.6523000001907349
YOL052C,YHR202W,0,-6.538756,0.10983762890100479,0.8050000071525574,0.652400016784668
YOR040W,YMR251W-A,0,-6.538795,0.10982264578342438,0.8050000071525574,0.6524999737739563
YCL016C,YPR082C,0,-6.5391774,0.10980766266584396,0.8050000071525574,0.6525999903678894
YMR223W,YOR064C,0,-6.539597,0.10979268699884415,0.8050000071525574,0.6527000069618225
YNL172W,YDL020C,0,-6.5397453,0.10977771878242493,0.8050000071525574,0.6528000235557556
YPL228W,YER089C,1,-6.539748,0.10989910364151001,0.8059999942779541,0.6528000235557556
YML004C,YGL144C,0,-6.5398765,0.1098841205239296,0.8059999942779541,0.652899980545044
YMR065W,YDL044C,0,-6.539902,0.10986913740634918,0.8059999942779541,0.652999997138977
YCR079W,YIL053W,1,-6.5400453,0.10999046266078949,0.8069999814033508,0.652999997138977
YDL164C,YMR305C,0,-6.5401025,0.10997547209262848,0.8069999814033508,0.6531000137329102
YLR308W,YJL063C,0,-6.540193,0.10996048152446747,0.8069999814033508,0.6531999707221985
YAL042W,YGL175C,0,-6.5401964,0.10994550585746765,0.8069999814033508,0.6532999873161316
YBR042C,YJL069C,0,-6.5402713,0.10993053019046783,0.8069999814033508,0.6534000039100647
YKL016C,YML105C,0,-6.5403585,0.10991555452346802,0.8069999814033508,0.6535000205039978
YHR160C,YGR276C,0,-6.540617,0.1099005863070488,0.8069999814033508,0.6535999774932861
YDL141W,YKR058W,0,-6.540664,0.10988561809062958,0.8069999814033508,0.6536999940872192
YOR265W,YMR272C,0,-6.5407243,0.10987065732479095,0.8069999814033508,0.6538000106811523
YCR018C,YNR048W,0,-6.541213,0.10985570400953293,0.8069999814033508,0.6539000272750854
YER062C,YDR503C,1,-6.541368,0.1099768579006195,0.8080000281333923,0.6539000272750854
YML103C,YMR200W,0,-6.541491,0.10996189713478088,0.8080000281333923,0.6539999842643738
YGR047C,YML021C,0,-6.5415597,0.10994692891836166,0.8080000281333923,0.6541000008583069
YLR363C,YGR277C,0,-6.5416093,0.10993197560310364,0.8080000281333923,0.65420001745224
YLR263W,YHR060W,0,-6.5420346,0.10991701483726501,0.8080000281333923,0.6542999744415283
YMR030W,YNL045W,0,-6.5420794,0.10990206897258759,0.8080000281333923,0.6543999910354614
YDL102W,YHR082C,0,-6.5421004,0.10988712310791016,0.8080000281333923,0.6545000076293945
YHL040C,YDR322C-A,0,-6.542215,0.10987217724323273,0.8080000281333923,0.6546000242233276
YEL029C,YNL047C,0,-6.5422244,0.1098572388291359,0.8080000281333923,0.654699981212616
YGR224W,YNL173C,0,-6.542615,0.10984230786561966,0.8080000281333923,0.6547999978065491
YPL091W,YDR487C,0,-6.54266,0.10982737690210342,0.8080000281333923,0.6549000144004822
YAL020C,YPL040C,0,-6.54276,0.10981244593858719,0.8080000281333923,0.6549999713897705
YDR017C,YBR193C,0,-6.5431094,0.10979752987623215,0.8080000281333923,0.6550999879837036
YJR004C,YML082W,0,-6.5433736,0.10978260636329651,0.8080000281333923,0.6552000045776367
YER040W,YPR134W,0,-6.5434327,0.10976769775152206,0.8080000281333923,0.6553000211715698
YGL116W,YPL047W,0,-6.543464,0.10975278168916702,0.8080000281333923,0.6553999781608582
YNR060W,YBL016W,0,-6.5434647,0.10973788052797318,0.8080000281333923,0.6554999947547913
YKL190W,YMR156C,1,-6.543507,0.10985877364873886,0.8090000152587891,0.6554999947547913
YDL004W,YMR231W,0,-6.5435786,0.10984385758638382,0.8090000152587891,0.6556000113487244
YMR001C,YKL138C,0,-6.5437455,0.10982894152402878,0.8090000152587891,0.6557000279426575
YHR046C,YMR156C,1,-6.54378,0.10994977504014969,0.8100000023841858,0.6557000279426575
YML099C,YPL115C,0,-6.5439467,0.10993485152721405,0.8100000023841858,0.6557999849319458
YFR047C,YML028W,0,-6.5445395,0.10991993546485901,0.8100000023841858,0.6559000015258789
YER073W,YGL089C,0,-6.545099,0.10990501940250397,0.8100000023841858,0.656000018119812
YDR167W,YGR096W,0,-6.5451407,0.10989011079072952,0.8100000023841858,0.6560999751091003
YKL086W,YAL005C,0,-6.5451765,0.10987520217895508,0.8100000023841858,0.6561999917030334
YKR036C,YLR411W,0,-6.545178,0.10986030101776123,0.8100000023841858,0.6563000082969666
YKR036C,YDR456W,0,-6.5452504,0.10984539985656738,0.8100000023841858,0.6564000248908997
YER008C,YOR159C,0,-6.54562,0.10983050614595413,0.8100000023841858,0.656499981880188
YBL015W,YHL028W,0,-6.5459228,0.10981561988592148,0.8100000023841858,0.6565999984741211
YDL056W,YGL075C,0,-6.5461698,0.10980073362588882,0.8100000023841858,0.6567000150680542
YOR304W,YHR138C,0,-6.546208,0.10978584736585617,0.8100000023841858,0.6567999720573425
YOR382W,YMR307W,0,-6.546519,0.10977096855640411,0.8100000023841858,0.6568999886512756
YJL167W,YMR283C,0,-6.546575,0.10975609719753265,0.8100000023841858,0.6570000052452087
YHL020C,YLR376C,0,-6.5466275,0.1097412258386612,0.8100000023841858,0.6571000218391418
YOL089C,YEL017C-A,0,-6.54678,0.10972636193037033,0.8100000023841858,0.6571999788284302
YJL063C,YDR079W,0,-6.547034,0.10971149802207947,0.8100000023841858,0.6572999954223633
YMR131C,YER138C,0,-6.5471416,0.1096966415643692,0.8100000023841858,0.6574000120162964
YLL060C,YMR053C,0,-6.547155,0.10968178510665894,0.8100000023841858,0.6575000286102295
YOL011W,YJL069C,0,-6.547165,0.10966693609952927,0.8100000023841858,0.6575999855995178
YNL294C,YKL122C,0,-6.547244,0.1096520945429802,0.8100000023841858,0.6577000021934509
YNR011C,YDR279W,0,-6.5472827,0.10963725298643112,0.8100000023841858,0.657800018787384
YER083C,YJR129C,0,-6.547326,0.10962241142988205,0.8100000023841858,0.6578999757766724
YDR229W,YGR209C,0,-6.547519,0.10960757732391357,0.8100000023841858,0.6579999923706055
YCR038C,YIL070C,0,-6.5478044,0.1095927506685257,0.8100000023841858,0.6581000089645386
YNL070W,YLR345W,0,-6.547816,0.10957792401313782,0.8100000023841858,0.6582000255584717
YMR314W,YDR030C,0,-6.5478835,0.10956309735774994,0.8100000023841858,0.65829998254776
YBR186W,YOR073W,0,-6.5479317,0.10954828560352325,0.8100000023841858,0.6583999991416931
YCR106W,YJL176C,0,-6.548116,0.10953346639871597,0.8100000023841858,0.6585000157356262
YPL187W,YDR280W,0,-6.548494,0.10951866209506989,0.8100000023841858,0.6585999727249146
YDL155W,YJR137C,0,-6.548655,0.1095038503408432,0.8100000023841858,0.6586999893188477
YLR157C,YER065C,0,-6.548989,0.10948905348777771,0.8100000023841858,0.6588000059127808
YNL298W,YGR106C,0,-6.5490093,0.10947425663471222,0.8100000023841858,0.6589000225067139
YDR033W,YDR239C,0,-6.549086,0.10945945978164673,0.8100000023841858,0.6589999794960022
YER075C,YDR074W,1,-6.5493054,0.10957978665828705,0.8109999895095825,0.6589999794960022
YPL240C,YNR050C,0,-6.5493774,0.10956498235464096,0.8109999895095825,0.6590999960899353
YGR007W,YDR190C,0,-6.5493984,0.10955018550157547,0.8109999895095825,0.6592000126838684
YLR027C,YGR179C,0,-6.549433,0.10953538864850998,0.8109999895095825,0.6593000292778015
YNL101W,YLR067C,0,-6.54959,0.10952059179544449,0.8109999895095825,0.6593999862670898
YCR072C,YGL208W,0,-6.5501046,0.1095058023929596,0.8109999895095825,0.659500002861023
YHR046C,YMR165C,1,-6.5511136,0.10962603241205215,0.8119999766349792,0.659500002861023
YJL214W,YMR129W,0,-6.551664,0.10961122810840607,0.8119999766349792,0.659600019454956
YOL110W,YGR129W,0,-6.552036,0.10959643870592117,0.8119999766349792,0.6596999764442444
YDR268W,YHL036W,0,-6.5520616,0.10958164930343628,0.8119999766349792,0.6597999930381775
YML118W,YOR209C,0,-6.552134,0.10956685990095139,0.8119999766349792,0.6599000096321106
YDR180W,YJL197W,0,-6.552424,0.10955207794904709,0.8119999766349792,0.6600000262260437
YOR158W,YDL039C,0,-6.552466,0.10953729599714279,0.8119999766349792,0.660099983215332
YEL071W,YJR093C,0,-6.552569,0.10952252149581909,0.8119999766349792,0.6601999998092651
YDR060W,YLR382C,0,-6.5526714,0.10950775444507599,0.8119999766349792,0.6603000164031982
YGL234W,YBL100W-A,0,-6.552717,0.10949298739433289,0.8119999766349792,0.6603999733924866
YNL323W,YKL130C,0,-6.552754,0.10947822779417038,0.8119999766349792,0.6604999899864197
YGR262C,YMR048W,0,-6.5529656,0.10946346819400787,0.8119999766349792,0.6606000065803528
YGR191W,YER173W,0,-6.5532904,0.10944871604442596,0.8119999766349792,0.6607000231742859
YBR085W,YER052C,0,-6.5533614,0.10943396389484406,0.8119999766349792,0.6607999801635742
YOL059W,YML124C,0,-6.553452,0.10941921919584274,0.8119999766349792,0.6608999967575073
YKL002W,YKL006W,0,-6.55387,0.10940447449684143,0.8119999766349792,0.6610000133514404
YOR023C,YBR105C,0,-6.5540056,0.10938973724842072,0.8119999766349792,0.6610999703407288
YMR036C,YCR079W,1,-6.55406,0.10950969904661179,0.8130000233650208,0.6610999703407288
YGL120C,YNL167C,0,-6.554102,0.10949494689702988,0.8130000233650208,0.6611999869346619
YOL044W,YKL164C,0,-6.554239,0.10948020219802856,0.8130000233650208,0.661300003528595
YER048W-A,YIL109C,0,-6.5543103,0.10946546494960785,0.8130000233650208,0.6614000201225281
YML048W,YCR021C,0,-6.5544934,0.10945072770118713,0.8130000233650208,0.6614999771118164
YLR256W,YHL034C,0,-6.554898,0.10943599045276642,0.8130000233650208,0.6615999937057495
YOL059W,YMR005W,0,-6.5550265,0.1094212681055069,0.8130000233650208,0.6617000102996826
YPL153C,YDR195W,0,-6.5550275,0.10940653830766678,0.8130000233650208,0.6618000268936157
YBR296C,YKL051W,0,-6.555041,0.10939181596040726,0.8130000233650208,0.661899983882904
YOL070C,YIL030C,0,-6.555046,0.10937710106372833,0.8130000233650208,0.6620000004768372
YML063W,YIL162W,0,-6.5551233,0.10936238616704941,0.8130000233650208,0.6621000170707703
YOL066C,YDL185W,0,-6.555301,0.10934767872095108,0.8130000233650208,0.6621999740600586
YPL049C,YFR016C,0,-6.5556865,0.10933297127485275,0.8130000233650208,0.6622999906539917
YIR008C,YCR052W,0,-6.5556946,0.10931827127933502,0.8130000233650208,0.6624000072479248
YDL220C,YGL027C,0,-6.5558105,0.10930357873439789,0.8130000233650208,0.6625000238418579
YDR436W,YDR287W,1,-6.5559187,0.10942330956459045,0.8140000104904175,0.6625000238418579
YGR174C,YLR001C,0,-6.556063,0.10940860211849213,0.8140000104904175,0.6625999808311462
YPL228W,YLR377C,1,-6.5562735,0.10952828824520111,0.8149999976158142,0.6625999808311462
YBR045C,YBR084C-A,0,-6.556438,0.10951357334852219,0.8149999976158142,0.6626999974250793
YPR021C,YOR149C,0,-6.556514,0.10949885845184326,0.8149999976158142,0.6628000140190125
YDR022C,YJR159W,0,-6.556533,0.10948415100574493,0.8149999976158142,0.6628999710083008
YDL045C,YOR004W,0,-6.556606,0.1094694435596466,0.8149999976158142,0.6629999876022339
YLR238W,YHL036W,0,-6.556671,0.10945474356412888,0.8149999976158142,0.663100004196167
YGR083C,YLR223C,0,-6.556786,0.10944004356861115,0.8149999976158142,0.6632000207901001
YDL204W,YBR250W,0,-6.5569963,0.10942535102367401,0.8149999976158142,0.6632999777793884
YIL136W,YGR004W,0,-6.5573807,0.10941065847873688,0.8149999976158142,0.6633999943733215
YJR033C,YCR084C,0,-6.5574794,0.10939597338438034,0.8149999976158142,0.6635000109672546
YBR233W-A,YDR356W,0,-6.5575647,0.1093812882900238,0.8149999976158142,0.6636000275611877
YOR201C,YKL020C,0,-6.5578275,0.10936661064624786,0.8149999976158142,0.6636999845504761
YPL040C,YOR068C,0,-6.5579457,0.10935194045305252,0.8149999976158142,0.6638000011444092
YJR082C,YLR033W,0,-6.558081,0.10933727025985718,0.8149999976158142,0.6639000177383423
YBL084C,YGR076C,0,-6.558163,0.10932260006666183,0.8149999976158142,0.6639999747276306
YDR436W,YIL053W,1,-6.5585136,0.10944206267595291,0.8159999847412109,0.6639999747276306
YPL200W,YNL258C,0,-6.5587068,0.10942738503217697,0.8159999847412109,0.6640999913215637
YER021W,YKL141W,0,-6.5587373,0.10941271483898163,0.8159999847412109,0.6642000079154968
YGL144C,YOR315W,0,-6.5588202,0.10939804464578629,0.8159999847412109,0.6643000245094299
YNL271C,YDL065C,0,-6.558825,0.10938337445259094,0.8159999847412109,0.6643999814987183
YNL309W,YIR014W,0,-6.5589085,0.1093687191605568,0.8159999847412109,0.6644999980926514
YDL014W,YKL211C,0,-6.559007,0.10935406386852264,0.8159999847412109,0.6646000146865845
YNL082W,YNR011C,0,-6.559108,0.1093394085764885,0.8159999847412109,0.6646999716758728
YCL067C,YLR441C,0,-6.559357,0.10932476073503494,0.8159999847412109,0.6647999882698059
YML094W,YCR066W,0,-6.559378,0.10931011289358139,0.8159999847412109,0.664900004863739
YPL187W,YGL037C,0,-6.5596943,0.10929547250270844,0.8159999847412109,0.6650000214576721
YPL097W,YNL273W,0,-6.5597186,0.10928083211183548,0.8159999847412109,0.6650999784469604
YJL189W,YIL080W,0,-6.5597863,0.10926619917154312,0.8159999847412109,0.6651999950408936
YER180C-A,YMR125W,0,-6.5601163,0.10925157368183136,0.8159999847412109,0.6653000116348267
YIL036W,YNL238W,0,-6.560594,0.1092369481921196,0.8159999847412109,0.6654000282287598
YGL070C,YKR050W,0,-6.560845,0.10922232270240784,0.8159999847412109,0.6654999852180481
YNL001W,YDR343C,0,-6.5608916,0.10920771211385727,0.8159999847412109,0.6656000018119812
YML129C,YBL036C,0,-6.5610957,0.1091930940747261,0.8159999847412109,0.6657000184059143
YOR355W,YOL111C,0,-6.561139,0.10917848348617554,0.8159999847412109,0.6657999753952026
YDR224C,YEL026W,0,-6.561461,0.10916388034820557,0.8159999847412109,0.6658999919891357
YNR075W,YGR241C,0,-6.5614924,0.1091492772102356,0.8159999847412109,0.6660000085830688
YPL036W,YLR272C,0,-6.5616126,0.10913468152284622,0.8159999847412109,0.666100025177002
YOR201C,YKL198C,0,-6.56166,0.10912008583545685,0.8159999847412109,0.6661999821662903
YGL075C,YER050C,0,-6.561739,0.10910549759864807,0.8159999847412109,0.6662999987602234
YDL024C,YJL098W,1,-6.5622144,0.1092246025800705,0.8169999718666077,0.6662999987602234
YKL220C,YPL038W,0,-6.5623555,0.10920999944210052,0.8169999718666077,0.6664000153541565
YLR079W,YER116C,0,-6.5625405,0.10919540375471115,0.8169999718666077,0.6664999723434448
YDR304C,YPL042C,0,-6.562724,0.10918080806732178,0.8169999718666077,0.6665999889373779
YDL024C,YBR093C,1,-6.563,0.10929983854293823,0.8180000185966492,0.6665999889373779
YDL019C,YKL065C,0,-6.563351,0.10928523540496826,0.8180000185966492,0.666700005531311
YKL018W,YDR541C,0,-6.563357,0.10927063971757889,0.8180000185966492,0.6668000221252441
YDR434W,YJR143C,0,-6.5633607,0.10925604403018951,0.8180000185966492,0.6668999791145325
YDR016C,YLL055W,0,-6.563412,0.10924145579338074,0.8180000185966492,0.6669999957084656
YKL114C,YER014C-A,0,-6.5634484,0.10922686755657196,0.8180000185966492,0.6671000123023987
YHR085W,YOR380W,0,-6.563524,0.10921227931976318,0.8180000185966492,0.6672000288963318
YGR038W,YHR179W,0,-6.563565,0.1091977059841156,0.8180000185966492,0.6672999858856201
YPR008W,YBR086C,0,-6.5640526,0.10918312519788742,0.8180000185966492,0.6674000024795532
YDR264C,YMR195W,0,-6.5640607,0.10916855931282043,0.8180000185966492,0.6675000190734863
YJL125C,YBR153W,0,-6.564134,0.10915399342775345,0.8180000185966492,0.6675999760627747
YDR447C,YLL032C,0,-6.5642295,0.10913942754268646,0.8180000185966492,0.6676999926567078
YNR054C,YMR221C,0,-6.5642886,0.10912486910820007,0.8180000185966492,0.6678000092506409
YOR384W,YFR055W,0,-6.564497,0.10911031067371368,0.8180000185966492,0.667900025844574
YLL013C,YDL020C,0,-6.5647497,0.10909575968980789,0.8180000185966492,0.6679999828338623
YIL105C,YPL210C,0,-6.5650444,0.1090812087059021,0.8180000185966492,0.6680999994277954
YBL007C,YOR179C,0,-6.565245,0.1090666651725769,0.8180000185966492,0.6682000160217285
YKL195W,YOR339C,0,-6.5652523,0.1090521290898323,0.8180000185966492,0.6682999730110168
YCR092C,YOR340C,0,-6.5654693,0.10903759300708771,0.8180000185966492,0.66839998960495
YNL041C,YOL038W,0,-6.5655684,0.10902305692434311,0.8180000185966492,0.6685000061988831
YNR001C,YDR261C,0,-6.566189,0.10900852829217911,0.8180000185966492,0.6686000227928162
YGR230W,YHL050C,0,-6.566317,0.1089940071105957,0.8180000185966492,0.6686999797821045
YPR100W,YOL091W,0,-6.566534,0.1089794859290123,0.8180000185966492,0.6687999963760376
YEL017C-A,YGR194C,0,-6.566729,0.1089649647474289,0.8180000185966492,0.6689000129699707
YLL019C,YOR227W,0,-6.5668073,0.10895045101642609,0.8180000185966492,0.6690000295639038
YNL220W,YCL034W,0,-6.5670643,0.10893594473600388,0.8180000185966492,0.6690999865531921
YEL011W,YDR031W,0,-6.5671372,0.10892143845558167,0.8180000185966492,0.6692000031471252
YBL015W,YBL106C,0,-6.5672016,0.10890693962574005,0.8180000185966492,0.6693000197410583
YAL061W,YEL032W,0,-6.5672765,0.10889244079589844,0.8180000185966492,0.6693999767303467
YPL118W,YER173W,0,-6.5673566,0.10887794196605682,0.8180000185966492,0.6694999933242798
YCR044C,YLR075W,0,-6.567721,0.1088634580373764,0.8180000185966492,0.6696000099182129
YDR308C,YBR162C,0,-6.56786,0.10884896665811539,0.8180000185966492,0.669700026512146
YDL024C,YJL134W,1,-6.567883,0.10896753519773483,0.8190000057220459,0.669700026512146
YER062C,YMR087W,1,-6.56801,0.10908607393503189,0.8199999928474426,0.669700026512146
YDR448W,YOR261C,0,-6.568027,0.10907156020402908,0.8199999928474426,0.6697999835014343
YOR181W,YLR336C,0,-6.5680857,0.10905705392360687,0.8199999928474426,0.6699000000953674
YLR192C,YBL106C,0,-6.5681705,0.10904255509376526,0.8199999928474426,0.6700000166893005
YHR135C,YJR129C,0,-6.569035,0.10902805626392365,0.8199999928474426,0.6700999736785889
YER052C,YML007W,0,-6.5694146,0.10901355743408203,0.8199999928474426,0.670199990272522
YNL210W,YGL064C,0,-6.5694532,0.10899906605482101,0.8199999928474426,0.6703000068664551
YLR227C,YDR165W,0,-6.5694556,0.1089845821261406,0.8199999928474426,0.6704000234603882
YMR266W,YCR073W-A,0,-6.5698276,0.10897009819746017,0.8199999928474426,0.6704999804496765
YPL164C,YHR091C,0,-6.5699506,0.10895562171936035,0.8199999928474426,0.6705999970436096
YOR115C,YLR409C,0,-6.5699577,0.10894114524126053,0.8199999928474426,0.6707000136375427
YJL200C,YBL014C,0,-6.5700736,0.1089266762137413,0.8199999928474426,0.670799970626831
YIL118W,YKL130C,0,-6.5701985,0.10891220718622208,0.8199999928474426,0.6708999872207642
YOL021C,YNL247W,0,-6.570372,0.10889774560928345,0.8199999928474426,0.6710000038146973
YGL064C,YGL063W,0,-6.570565,0.10888328403234482,0.8199999928474426,0.6711000204086304
YML012W,YPL243W,0,-6.5708046,0.10886882990598679,0.8199999928474426,0.6711999773979187
YJL024C,YLR023C,0,-6.570929,0.10885437577962875,0.8199999928474426,0.6712999939918518
YCL034W,YHR060W,0,-6.570979,0.10883992910385132,0.8199999928474426,0.6714000105857849
YCR044C,YLR340W,0,-6.57118,0.10882548242807388,0.8199999928474426,0.671500027179718
YGL247W,YPL204W,0,-6.57135,0.10881104320287704,0.8199999928474426,0.6715999841690063
YNL209W,YKR096W,0,-6.5713663,0.1087966039776802,0.8199999928474426,0.6717000007629395
YBR022W,YOR090C,1,-6.5713863,0.1089148297905922,0.8209999799728394,0.6717000007629395
YPR034W,YHR082C,0,-6.5714183,0.10890038311481476,0.8209999799728394,0.6718000173568726
YOL115W,YDR356W,0,-6.571723,0.10888594388961792,0.8209999799728394,0.6718999743461609
YIL014W,YOL011W,0,-6.571976,0.10887150466442108,0.8209999799728394,0.671999990940094
YPL218W,YJR159W,0,-6.5721307,0.10885706543922424,0.8209999799728394,0.6721000075340271
YPL181W,YPR067W,0,-6.5726185,0.108842633664608,0.8209999799728394,0.6722000241279602
YFR028C,YNR032W,1,-6.5726194,0.10896076261997223,0.8220000267028809,0.6722000241279602
YOR275C,YPL243W,0,-6.5727897,0.10894632339477539,0.8220000267028809,0.6722999811172485
YBL016W,YPL007C,0,-6.57293,0.10893188416957855,0.8220000267028809,0.6723999977111816
YOR144C,YGL194C,0,-6.573126,0.10891745239496231,0.8220000267028809,0.6725000143051147
YEL069C,YHR158C,0,-6.5732207,0.10890302062034607,0.8220000267028809,0.6725999712944031
YDL044C,YGR180C,0,-6.5734334,0.10888859629631042,0.8220000267028809,0.6726999878883362
YNR028W,YOL084W,0,-6.573486,0.10887417197227478,0.8220000267028809,0.6728000044822693
YNL302C,YIR014W,0,-6.5736003,0.10885975509881973,0.8220000267028809,0.6729000210762024
YPL170W,YBR115C,0,-6.5737467,0.10884533822536469,0.8220000267028809,0.6729999780654907
YMR083W,YER014C-A,0,-6.573819,0.10883092880249023,0.8220000267028809,0.6730999946594238
YER016W,YDR498C,0,-6.5740333,0.10881651937961578,0.8220000267028809,0.6732000112533569
YDR503C,YOR014W,1,-6.5740457,0.10893447697162628,0.8230000138282776,0.6732000112533569
YEL001C,YGR054W,0,-6.5743027,0.10892006009817123,0.8230000138282776,0.67330002784729
YFL014W,YGL252C,0,-6.57441,0.10890565067529678,0.8230000138282776,0.6733999848365784
YDR244W,YPL094C,0,-6.5744686,0.10889124125242233,0.8230000138282776,0.6735000014305115
YKL191W,YEL057C,0,-6.574672,0.10887683928012848,0.8230000138282776,0.6736000180244446
YDL067C,YMR143W,0,-6.574686,0.10886243730783463,0.8230000138282776,0.6736999750137329
YGR121C,YGR257C,0,-6.574758,0.10884803533554077,0.8230000138282776,0.673799991607666
YJR064W,YMR058W,0,-6.574836,0.10883364081382751,0.8230000138282776,0.6739000082015991
YKR063C,YJL136C,0,-6.57492,0.10881925374269485,0.8230000138282776,0.6740000247955322
YAL022C,YOR347C,0,-6.574922,0.1088048666715622,0.8230000138282776,0.6740999817848206
YNL164C,YER117W,0,-6.575065,0.10879047960042953,0.8230000138282776,0.6741999983787537
YGR202C,YJL191W,0,-6.5751104,0.10877609997987747,0.8230000138282776,0.6743000149726868
YHR092C,YDR190C,0,-6.5751333,0.108761727809906,0.8230000138282776,0.6743999719619751
YJL196C,YLR453C,0,-6.575206,0.10874735563993454,0.8230000138282776,0.6744999885559082
YPR186C,YBR030W,0,-6.575217,0.10873299092054367,0.8230000138282776,0.6746000051498413
YPR082C,YGL070C,0,-6.575684,0.1087186262011528,0.8230000138282776,0.6747000217437744
YNR050C,YGR086C,0,-6.575801,0.10870426893234253,0.8230000138282776,0.6747999787330627
YNL297C,YLR092W,0,-6.575827,0.10868991166353226,0.8230000138282776,0.6748999953269958
YDL052C,YKL203C,0,-6.575945,0.10867555439472198,0.8230000138282776,0.675000011920929
YGR055W,YKR082W,0,-6.576034,0.1086612120270729,0.8230000138282776,0.6751000285148621
YAR042W,YMR218C,0,-6.5760846,0.10864686220884323,0.8230000138282776,0.6751999855041504
YDR284C,YDR074W,1,-6.576102,0.10876452177762985,0.8240000009536743,0.6751999855041504
YKL204W,YDR211W,0,-6.5767546,0.10875016450881958,0.8240000009536743,0.6753000020980835
YDR099W,YKL054C,0,-6.5768676,0.1087358146905899,0.8240000009536743,0.6754000186920166
YOR273C,YGR111W,0,-6.5768933,0.10872146487236023,0.8240000009536743,0.6754999756813049
YOR198C,YKL143W,0,-6.5774302,0.10870712250471115,0.8240000009536743,0.675599992275238
YNL325C,YBR022W,1,-6.5775657,0.10882469266653061,0.824999988079071,0.675599992275238
YNL068C,YMR203W,0,-6.57762,0.10881034284830093,0.824999988079071,0.6757000088691711
YMR078C,YNL280C,0,-6.5776844,0.10879599303007126,0.824999988079071,0.6758000254631042
YPR006C,YOL004W,0,-6.57772,0.10878164321184158,0.824999988079071,0.6758999824523926
YOL003C,YDR167W,0,-6.5778747,0.1087673008441925,0.824999988079071,0.6759999990463257
YHR018C,YPL024W,0,-6.5780215,0.10875296592712402,0.824999988079071,0.6761000156402588
YBR170C,YNL129W,0,-6.5781446,0.10873863101005554,0.824999988079071,0.6761999726295471
YMR319C,YNL238W,0,-6.5782685,0.10872430354356766,0.824999988079071,0.6762999892234802
YNL323W,YBR192W,0,-6.578331,0.10870997607707977,0.824999988079071,0.6764000058174133
YDR378C,YPL211W,0,-6.5784936,0.10869564861059189,0.824999988079071,0.6765000224113464
YOR136W,YML014W,0,-6.578735,0.1086813360452652,0.824999988079071,0.6765999794006348
YOL152W,YOR355W,0,-6.578829,0.10866701602935791,0.824999988079071,0.6766999959945679
YOL076W,YJL128C,0,-6.578831,0.10865270346403122,0.824999988079071,0.676800012588501
YDL024C,YML016C,1,-6.5788627,0.10877007991075516,0.8259999752044678,0.676800012588501
YMR212C,YER118C,0,-6.57898,0.10875575989484787,0.8259999752044678,0.6769000291824341
YNL238W,YNL117W,0,-6.579144,0.10874143987894058,0.8259999752044678,0.6769999861717224
YDL107W,YOR087W,0,-6.5797963,0.10872712731361389,0.8259999752044678,0.6771000027656555
YJR077C,YBR088C,0,-6.5800233,0.1087128221988678,0.8259999752044678,0.6772000193595886
YDR378C,YOR361C,0,-6.5804634,0.10869850963354111,0.8259999752044678,0.677299976348877
YDR384C,YDR429C,0,-6.58052,0.10868421196937561,0.8259999752044678,0.6773999929428101
YAL012W,YGR252W,0,-6.580695,0.10866991430521011,0.8259999752044678,0.6775000095367432
YPR135W,YMR112C,0,-6.5807414,0.10865561664104462,0.8259999752044678,0.6776000261306763
YDR179C,YLR138W,0,-6.580903,0.10864132642745972,0.8259999752044678,0.6776999831199646
YKL172W,YPR186C,0,-6.5809836,0.10862703621387482,0.8259999752044678,0.6777999997138977
YML054C,YDR121W,0,-6.581055,0.10861275345087051,0.8259999752044678,0.6779000163078308
YLR304C,YDR362C,0,-6.581079,0.10859847813844681,0.8259999752044678,0.6779999732971191
YMR125W,YJR099W,0,-6.581548,0.1085841953754425,0.8259999752044678,0.6780999898910522
YJL200C,YNL024C,0,-6.5817704,0.1085699275135994,0.8259999752044678,0.6782000064849854
YCR024C-A,YLR424W,0,-6.581985,0.10855565965175629,0.8259999752044678,0.6783000230789185
YPL095C,YDR211W,0,-6.5821476,0.10854139178991318,0.8259999752044678,0.6783999800682068
YKL054C,YJL177W,0,-6.582314,0.10852713137865067,0.8259999752044678,0.6784999966621399
YJL179W,YDR186C,0,-6.5824594,0.10851287096738815,0.8259999752044678,0.678600013256073
YDR001C,YPL156C,0,-6.582742,0.10849861800670624,0.8259999752044678,0.6786999702453613
YNR067C,YNL087W,0,-6.5831227,0.10848437249660492,0.8259999752044678,0.6787999868392944
YLR172C,YNL305C,0,-6.583301,0.1084701269865036,0.8259999752044678,0.6789000034332275
YGR191W,YDR245W,0,-6.583387,0.10845588147640228,0.8259999752044678,0.6790000200271606
YNL248C,YMR101C,0,-6.5835543,0.10844164341688156,0.8259999752044678,0.679099977016449
YBR205W,YPL214C,0,-6.583632,0.10842740535736084,0.8259999752044678,0.6791999936103821
YGR123C,YKR053C,1,-6.5838704,0.10854443162679672,0.8270000219345093,0.6791999936103821
YNL166C,YDR208W,0,-6.584115,0.1085301861166954,0.8270000219345093,0.6793000102043152
YMR269W,YBR241C,0,-6.584145,0.10851594060659409,0.8270000219345093,0.6794000267982483
YBR142W,YMR160W,0,-6.5843577,0.10850170254707336,0.8270000219345093,0.6794999837875366
YMR030W,YNL272C,0,-6.5843797,0.10848747193813324,0.8270000219345093,0.6796000003814697
YDR184C,YBL008W,0,-6.584596,0.10847324132919312,0.8270000219345093,0.6797000169754028
YNL090W,YHR172W,0,-6.5846553,0.10845901817083359,0.8270000219345093,0.6797999739646912
YMR309C,YBL100W-A,0,-6.5850053,0.10844479501247406,0.8270000219345093,0.6798999905586243
YDR513W,YJR160C,0,-6.585261,0.10843057930469513,0.8270000219345093,0.6800000071525574
YJL164C,YBR271W,0,-6.5855203,0.1084163635969162,0.8270000219345093,0.6801000237464905
YGR112W,YML007W,0,-6.585522,0.10840214788913727,0.8270000219345093,0.6801999807357788
YMR288W,YKL124W,0,-6.5856433,0.10838793963193893,0.8270000219345093,0.6802999973297119
YJL062W,YBR080C,0,-6.585689,0.1083737388253212,0.8270000219345093,0.680400013923645
YML099C,YJR150C,0,-6.585723,0.10835953801870346,0.8270000219345093,0.6804999709129333
YGL241W,YPL235W,0,-6.5862994,0.10834534466266632,0.8270000219345093,0.6805999875068665
YHR072W,YML046W,0,-6.5866637,0.10833115130662918,0.8270000219345093,0.6807000041007996
YDR361C,YKL070W,0,-6.587071,0.10831695795059204,0.8270000219345093,0.6808000206947327
YDR337W,YLR064W,0,-6.58708,0.1083027794957161,0.8270000219345093,0.680899977684021
YHR053C,YOR281C,0,-6.587197,0.10828859359025955,0.8270000219345093,0.6809999942779541
YDR074W,YMR261C,1,-6.5873437,0.10840534418821335,0.828000009059906,0.6809999942779541
YBR069C,YHR161C,0,-6.587365,0.10839115083217621,0.828000009059906,0.6811000108718872
YMR072W,YPR176C,0,-6.5874343,0.10837696492671967,0.828000009059906,0.6812000274658203
YPL040C,YDR170C,0,-6.5874424,0.10836277902126312,0.828000009059906,0.6812999844551086
YMR127C,YNL247W,0,-6.587481,0.10834860056638718,0.828000009059906,0.6814000010490417
YPL228W,YMR036C,1,-6.5876737,0.10846526175737381,0.8289999961853027,0.6814000010490417
YNL293W,YDR310C,0,-6.5879073,0.10845107585191727,0.8289999961853027,0.6815000176429749
YDR163W,YBR233W-A,0,-6.588215,0.10843688994646072,0.8289999961853027,0.6815999746322632
YMR266W,YJR096W,0,-6.588248,0.10842270404100418,0.8289999961853027,0.6816999912261963
YLR186W,YGR249W,0,-6.588341,0.10840852558612823,0.8289999961853027,0.6818000078201294
YBR286W,YDL007W,0,-6.5884533,0.10839435458183289,0.8289999961853027,0.6819000244140625
YOR317W,YDR253C,0,-6.5884566,0.10838018357753754,0.8289999961853027,0.6819999814033508
YPR105C,YDR343C,0,-6.5884585,0.10836601257324219,0.8289999961853027,0.6820999979972839
YDR030C,YOR217W,0,-6.5888968,0.10835184901952744,0.8289999961853027,0.682200014591217
YDR434W,YBR261C,0,-6.58896,0.10833769291639328,0.8289999961853027,0.6822999715805054
YPR145W,YBR200W,0,-6.5890193,0.10832353681325912,0.8289999961853027,0.6823999881744385
YBR067C,YDR368W,0,-6.5894713,0.10830938071012497,0.8289999961853027,0.6825000047683716
YOL013C,YOL141W,0,-6.59003,0.10829523205757141,0.8289999961853027,0.6826000213623047
YNR074C,YAL060W,0,-6.590753,0.10828108340501785,0.8289999961853027,0.682699978351593
YFL031W,YKL024C,0,-6.590756,0.10826694220304489,0.8289999961853027,0.6827999949455261
YOR128C,YLR450W,0,-6.5910187,0.10825280845165253,0.8289999961853027,0.6829000115394592
YGR062C,YKL060C,0,-6.591127,0.10823867470026016,0.8289999961853027,0.6830000281333923
YNL130C,YLR388W,0,-6.591166,0.1082245409488678,0.8289999961853027,0.6830999851226807
YHR031C,YMR016C,0,-6.591285,0.10821041464805603,0.8289999961853027,0.6832000017166138
YBL013W,YKR098C,0,-6.591349,0.10819629579782486,0.8289999961853027,0.6833000183105469
YDR021W,YHR158C,0,-6.591528,0.10818217694759369,0.8289999961853027,0.6833999752998352
YOL152W,YGR119C,0,-6.5917373,0.10816805809736252,0.8289999961853027,0.6834999918937683
YAR014C,YBR272C,0,-6.591742,0.10815394669771194,0.8289999961853027,0.6836000084877014
YDR184C,YLR373C,0,-6.592299,0.10813983529806137,0.8289999961853027,0.6837000250816345
YDL066W,YDL107W,0,-6.5923066,0.1081257313489914,0.8289999961853027,0.6837999820709229
YGL247W,YHR066W,0,-6.5924253,0.10811163485050201,0.8289999961853027,0.683899998664856
YER030W,YMR305C,0,-6.592458,0.10809753835201263,0.8289999961853027,0.6840000152587891
YOL164W,YOR265W,0,-6.5925875,0.10808344185352325,0.8289999961853027,0.6840999722480774
YJL198W,YHR014W,0,-6.5926843,0.10806935280561447,0.8289999961853027,0.6841999888420105
YIL160C,YLR287C-A,0,-6.5927095,0.10805526375770569,0.8289999961853027,0.6843000054359436
YOL064C,YFR040W,1,-6.5927186,0.1081715077161789,0.8299999833106995,0.6843000054359436
YER126C,YEL057C,0,-6.593037,0.10815741121768951,0.8299999833106995,0.6844000220298767
YLR098C,YNL284C,0,-6.5930967,0.10814332216978073,0.8299999833106995,0.684499979019165
YMR123W,YKR090W,0,-6.593134,0.10812923312187195,0.8299999833106995,0.6845999956130981
YPR008W,YIL023C,0,-6.5931864,0.10811515152454376,0.8299999833106995,0.6847000122070312
YGR254W,YDL130W,0,-6.593207,0.10810106992721558,0.8299999833106995,0.6848000288009644
YPL063W,YJR102C,0,-6.593483,0.10808698832988739,0.8299999833106995,0.6848999857902527
YDR218C,YIL047C,0,-6.5936217,0.1080729141831398,0.8299999833106995,0.6850000023841858
YML026C,YDR359C,0,-6.5940366,0.10805884748697281,0.8299999833106995,0.6851000189781189
YDR503C,YBR092C,1,-6.594039,0.10817495733499527,0.8309999704360962,0.6851000189781189
YER183C,YKR022C,0,-6.594101,0.10816087573766708,0.8309999704360962,0.6851999759674072
YGL083W,YNL309W,0,-6.594157,0.1081468015909195,0.8309999704360962,0.6852999925613403
YMR305C,YNL167C,0,-6.5941844,0.1081327274441719,0.8309999704360962,0.6854000091552734
YJR047C,YKL024C,0,-6.5945086,0.10811866074800491,0.8309999704360962,0.6855000257492065
YNL307C,YBR060C,0,-6.5945277,0.10810459405183792,0.8309999704360962,0.6855999827384949
YMR195W,YOR110W,0,-6.594662,0.10809052735567093,0.8309999704360962,0.685699999332428
YJR143C,YLR424W,0,-6.594879,0.10807647556066513,0.8309999704360962,0.6858000159263611
YOR074C,YGL163C,0,-6.594891,0.10806241631507874,0.8309999704360962,0.6858999729156494
YPL221W,YMR129W,0,-6.595042,0.10804836452007294,0.8309999704360962,0.6859999895095825
YLL043W,YOR370C,0,-6.595429,0.10803432017564774,0.8309999704360962,0.6861000061035156
YDR446W,YOR308C,0,-6.595431,0.10802027583122253,0.8309999704360962,0.6862000226974487
YDR069C,YER003C,0,-6.595448,0.10800623893737793,0.8309999704360962,0.6862999796867371
YOR194C,YDR400W,0,-6.5955195,0.10799220204353333,0.8309999704360962,0.6863999962806702
YLR141W,YCR052W,0,-6.5957665,0.10797817260026932,0.8309999704360962,0.6865000128746033
YDR284C,YGL229C,1,-6.5958586,0.10809405893087387,0.8320000171661377,0.6865000128746033
YGR037C,YGL075C,0,-6.5959477,0.10808002203702927,0.8320000171661377,0.6866000294685364
YPL013C,YMR230W,0,-6.59624,0.10806598514318466,0.8320000171661377,0.6866999864578247
YBR029C,YNL146W,0,-6.5966105,0.10805194824934006,0.8320000171661377,0.6868000030517578
YBR059C,YFR033C,0,-6.5966525,0.10803791880607605,0.8320000171661377,0.6869000196456909
YNL151C,YOR149C,0,-6.596693,0.10802388936281204,0.8320000171661377,0.6869999766349792
YIL149C,YJR101W,0,-6.596957,0.10800986737012863,0.8320000171661377,0.6870999932289124
YOR178C,YPR184W,0,-6.597137,0.10799584537744522,0.8320000171661377,0.6872000098228455
YOL123W,YML133C,0,-6.597165,0.10798183083534241,0.8320000171661377,0.6873000264167786
YHR101C,YBR208C,0,-6.597216,0.1079678162932396,0.8320000171661377,0.6873999834060669
YOR065W,YKL186C,0,-6.5974474,0.10795380920171738,0.8320000171661377,0.6875
YDR446W,YDL121C,0,-6.597529,0.10793980211019516,0.8320000171661377,0.6876000165939331
YER106W,YPR072W,0,-6.597645,0.10792580246925354,0.8320000171661377,0.6876999735832214
YCR079W,YHR076W,1,-6.597811,0.10804150253534317,0.8330000042915344,0.6876999735832214
YLR205C,YIL115C,0,-6.597817,0.10802749544382095,0.8330000042915344,0.6877999901771545
YDR382W,YPR095C,0,-6.5978837,0.10801348835229874,0.8330000042915344,0.6879000067710876
YBR260C,YMR242C,0,-6.5980644,0.10799948126077652,0.8330000042915344,0.6880000233650208
YOL030W,YOR117W,0,-6.5983243,0.1079854816198349,0.8330000042915344,0.6880999803543091
YDR377W,YBR155W,0,-6.598333,0.10797148197889328,0.8330000042915344,0.6881999969482422
YJL116C,YHR117W,0,-6.5985866,0.10795748978853226,0.8330000042915344,0.6883000135421753
YAL001C,YPR107C,0,-6.5987415,0.10794350504875183,0.8330000042915344,0.6883999705314636
YCR026C,YGR054W,0,-6.5988836,0.10792951285839081,0.8330000042915344,0.6884999871253967
YBR153W,YJL048C,0,-6.599093,0.10791553556919098,0.8330000042915344,0.6886000037193298
YGR171C,YNL063W,0,-6.599215,0.10790155082941055,0.8330000042915344,0.6887000203132629
YML058W,YJR045C,0,-6.5993543,0.10788758099079132,0.8330000042915344,0.6887999773025513
YDR503C,YAR071W,1,-6.5994267,0.10800310969352722,0.8339999914169312,0.6887999773025513
YCR094W,YNR015W,0,-6.5996394,0.1079891249537468,0.8339999914169312,0.6888999938964844
YOR355W,YOL066C,0,-6.599854,0.10797514021396637,0.8339999914169312,0.6890000104904175
YML069W,YNL207W,0,-6.6000433,0.10796116292476654,0.8339999914169312,0.6891000270843506
YJL034W,YGR013W,0,-6.6001015,0.10794719308614731,0.8339999914169312,0.6891999840736389
YHR010W,YNL092W,0,-6.6002564,0.10793322324752808,0.8339999914169312,0.689300000667572
YPL090C,YGL131C,0,-6.600474,0.10791925340890884,0.8339999914169312,0.6894000172615051
YDL004W,YOL005C,0,-6.600582,0.10790529102087021,0.8339999914169312,0.6894999742507935
YPL177C,YOL103W,0,-6.600767,0.10789133608341217,0.8339999914169312,0.6895999908447266
YML127W,YBL004W,0,-6.600859,0.10787737369537354,0.8339999914169312,0.6897000074386597
YPR025C,YPL221W,0,-6.6012945,0.1078634262084961,0.8339999914169312,0.6898000240325928
YOR150W,YIL031W,0,-6.60135,0.10784947872161865,0.8339999914169312,0.6898999810218811
YDR101C,YGR144W,0,-6.6014433,0.10783553123474121,0.8339999914169312,0.6899999976158142
YMR009W,YGR024C,0,-6.6015315,0.10782159119844437,0.8339999914169312,0.6901000142097473
YFR028C,YKR028W,1,-6.601541,0.10793691873550415,0.8349999785423279,0.6901000142097473
YNL080C,YPR138C,0,-6.601793,0.10792297124862671,0.8349999785423279,0.6901999711990356
YJL104W,YNL064C,0,-6.602101,0.10790902376174927,0.8349999785423279,0.6902999877929688
YML012W,YER028C,0,-6.6021185,0.10789507627487183,0.8349999785423279,0.6904000043869019
YDR225W,YNL182C,0,-6.6024666,0.10788113623857498,0.8349999785423279,0.690500020980835
YOL165C,YJL197W,0,-6.602487,0.10786720365285873,0.8349999785423279,0.6905999779701233
YGR041W,YDR405W,0,-6.602552,0.10785327106714249,0.8349999785423279,0.6906999945640564
YLR377C,YPR073C,1,-6.6028533,0.10796848684549332,0.8360000252723694,0.6906999945640564
YEL071W,YLR029C,0,-6.602974,0.10795454680919647,0.8360000252723694,0.6908000111579895
YCL043C,YLR455W,0,-6.603174,0.10794060677289963,0.8360000252723694,0.6909000277519226
YOR335C,YDR052C,0,-6.6032786,0.10792667418718338,0.8360000252723694,0.6909999847412109
YDR302W,YKL081W,0,-6.603407,0.10791274160146713,0.8360000252723694,0.691100001335144
YHR018C,YAL063C,0,-6.603805,0.10789880901575089,0.8360000252723694,0.6912000179290771
YER133W,YMR156C,1,-6.6039114,0.10801393538713455,0.8370000123977661,0.6912000179290771
YNR067C,YCL039W,0,-6.60393,0.1080000028014183,0.8370000123977661,0.6912999749183655
YNR034W,YHR039C-A,0,-6.6040115,0.10798606276512146,0.8370000123977661,0.6913999915122986
YDR375C,YGR267C,0,-6.604046,0.10797213762998581,0.8370000123977661,0.6915000081062317
YAL063C,YKL056C,0,-6.6040816,0.10795821249485016,0.8370000123977661,0.6916000247001648
YKL148C,YLL067C,0,-6.6041026,0.10794428735971451,0.8370000123977661,0.6916999816894531
YGL241W,YOR344C,0,-6.604131,0.10793036967515945,0.8370000123977661,0.6917999982833862
YMR070W,YOR206W,0,-6.604136,0.1079164519906044,0.8370000123977661,0.6919000148773193
YIR008C,YDL036C,0,-6.6041408,0.10790254175662994,0.8370000123977661,0.6919999718666077
YMR234W,YDR464W,0,-6.604411,0.10788863152265549,0.8370000123977661,0.6920999884605408
YMR036C,YGR161C,1,-6.604821,0.10800360888242722,0.8379999995231628,0.6920999884605408
YPL051W,YLR309C,0,-6.6048374,0.10798969119787216,0.8379999995231628,0.6922000050544739
YOR002W,YKL003C,0,-6.6048884,0.10797577351331711,0.8379999995231628,0.692300021648407
YPL248C,YOL089C,0,-6.604984,0.10796186327934265,0.8379999995231628,0.6923999786376953
YDR293C,YGR111W,0,-6.605191,0.10794796049594879,0.8379999995231628,0.6924999952316284
YIL053W,YDR287W,1,-6.6052985,0.10806285589933395,0.8389999866485596,0.6924999952316284
YHR005C,YMR125W,0,-6.6053305,0.1080489382147789,0.8389999866485596,0.6926000118255615
YJR001W,YFR046C,0,-6.6055646,0.10803502798080444,0.8389999866485596,0.6927000284194946
YPR119W,YCR044C,0,-6.6059113,0.10802111774682999,0.8389999866485596,0.692799985408783
YPL240C,YBR049C,0,-6.605974,0.10800720751285553,0.8389999866485596,0.6929000020027161
YOL059W,YDR170C,0,-6.6060734,0.10799330472946167,0.8389999866485596,0.6930000185966492
YJR047C,YOR110W,0,-6.606117,0.10797940939664841,0.8389999866485596,0.6930999755859375
YNR037C,YBR289W,0,-6.606121,0.10796551406383514,0.8389999866485596,0.6931999921798706
YPL021W,YLR238W,0,-6.606122,0.10795161873102188,0.8389999866485596,0.6933000087738037
YDL207W,YLR066W,0,-6.6062984,0.10793773084878922,0.8389999866485596,0.6934000253677368
YER142C,YOR252W,0,-6.6065016,0.10792385041713715,0.8389999866485596,0.6934999823570251
YOR217W,YKR088C,0,-6.6067457,0.10790996998548508,0.8389999866485596,0.6935999989509583
YLR238W,YGR013W,0,-6.60678,0.10789608955383301,0.8389999866485596,0.6937000155448914
YPL208W,YPR107C,0,-6.607046,0.10788221657276154,0.8389999866485596,0.6937999725341797
YPL096W,YJL225C,0,-6.6072598,0.10786834359169006,0.8389999866485596,0.6938999891281128
YCR079W,YJL098W,1,-6.6072726,0.10798303037881851,0.8399999737739563,0.6938999891281128
YKL001C,YNL251C,0,-6.607743,0.10796914994716644,0.8399999737739563,0.6940000057220459
YIL132C,YPR124W,0,-6.6077952,0.10795527696609497,0.8399999737739563,0.694100022315979
YBR260C,YNL134C,0,-6.607961,0.1079414039850235,0.8399999737739563,0.6941999793052673
YOL069W,YOR083W,0,-6.6079836,0.10792753100395203,0.8399999737739563,0.6942999958992004
YDR036C,YLR233C,0,-6.608201,0.10791366547346115,0.8399999737739563,0.6944000124931335
YGR007W,YLR383W,0,-6.6083975,0.10789980739355087,0.8399999737739563,0.6945000290870667
YEL037C,YHR050W,0,-6.6084847,0.1078859493136406,0.8399999737739563,0.694599986076355
YNL210W,YJL156C,0,-6.6086307,0.10787209123373032,0.8399999737739563,0.6947000026702881
YBR155W,YHR014W,0,-6.6089816,0.10785824060440063,0.8399999737739563,0.6948000192642212
YBR085W,YIL029C,0,-6.6090255,0.10784439742565155,0.8399999737739563,0.6948999762535095
YDL148C,YLR421C,0,-6.609611,0.10783055424690247,0.8399999737739563,0.6949999928474426
YPR138C,YGR072W,0,-6.6096396,0.10781671106815338,0.8399999737739563,0.6951000094413757
YOR257W,YCR027C,0,-6.6096497,0.1078028753399849,0.8399999737739563,0.6952000260353088
YLL015W,YGR165W,0,-6.6101165,0.1077890396118164,0.8399999737739563,0.6952999830245972
YCL057W,YOR167C,0,-6.6101656,0.10777521133422852,0.8399999737739563,0.6953999996185303
YOL135C,YER100W,0,-6.6102567,0.10776138305664062,0.8399999737739563,0.6955000162124634
YER044C,YML062C,0,-6.610337,0.10774756222963333,0.8399999737739563,0.6955999732017517
YCL026C-B,YKL217W,0,-6.610428,0.10773374140262604,0.8399999737739563,0.6956999897956848
YGL256W,YMR026C,0,-6.610883,0.10771992802619934,0.8399999737739563,0.6958000063896179
YLR244C,YKR006C,0,-6.6111298,0.10770611464977264,0.8399999737739563,0.695900022983551
YIL009W,YBL087C,0,-6.6111746,0.10769230872392654,0.8399999737739563,0.6959999799728394
YER061C,YPR031W,0,-6.611234,0.10767850279808044,0.8399999737739563,0.6960999965667725
YNR060W,YDR285W,0,-6.611543,0.10766470432281494,0.8399999737739563,0.6962000131607056
YJL004C,YNL121C,0,-6.611808,0.10765090584754944,0.8399999737739563,0.6963000297546387
YOL005C,YCR060W,0,-6.6118236,0.10763710737228394,0.8399999737739563,0.696399986743927
YBR091C,YKL140W,0,-6.611837,0.10762331634759903,0.8399999737739563,0.6965000033378601
YMR056C,YMR153W,0,-6.6119294,0.10760953277349472,0.8399999737739563,0.6966000199317932
YIL073C,YDR285W,0,-6.611971,0.10759574919939041,0.8399999737739563,0.6966999769210815
YFL048C,YDL036C,0,-6.6119986,0.1075819656252861,0.8399999737739563,0.6967999935150146
YOL145C,YER145C,0,-6.612054,0.10756818950176239,0.8399999737739563,0.6969000101089478
YFR028C,YMR277W,1,-6.612726,0.10768245905637741,0.8410000205039978,0.6969000101089478
YDR296W,YLR196W,0,-6.612812,0.1076686754822731,0.8410000205039978,0.6970000267028809
YBR017C,YHR050W,0,-6.6133084,0.10765489190816879,0.8410000205039978,0.6970999836921692
YGL167C,YJL148W,0,-6.613327,0.10764110833406448,0.8410000205039978,0.6972000002861023
YGR103W,YIL082W-A,0,-6.6136327,0.10762733221054077,0.8410000205039978,0.6973000168800354
YFR051C,YDR091C,0,-6.6141295,0.10761356353759766,0.8410000205039978,0.6973999738693237
YGR174C,YBR108W,0,-6.614305,0.10759979486465454,0.8410000205039978,0.6974999904632568
YER146W,YDL058W,0,-6.614566,0.10758603364229202,0.8410000205039978,0.6976000070571899
YMR277W,YDL236W,1,-6.614634,0.1077001765370369,0.8420000076293945,0.6976000070571899
YKL026C,YPR174C,0,-6.6149955,0.10768640786409378,0.8420000076293945,0.697700023651123
YMR311C,YEL034W,0,-6.615232,0.10767263174057007,0.8420000076293945,0.6977999806404114
YIL118W,YCR030C,0,-6.615455,0.10765887051820755,0.8420000076293945,0.6978999972343445
YHR005C,YDL147W,0,-6.615581,0.10764510184526443,0.8420000076293945,0.6980000138282776
YOL062C,YHR092C,0,-6.6159887,0.10763134062290192,0.8420000076293945,0.6980999708175659
YMR049C,YJL139C,0,-6.616188,0.10761758685112,0.8420000076293945,0.698199987411499
YKL026C,YJL045W,0,-6.616276,0.10760383307933807,0.8420000076293945,0.6983000040054321
YJR123W,YCR018C,0,-6.6163135,0.10759008675813675,0.8420000076293945,0.6984000205993652
YIL094C,YHR020W,0,-6.616481,0.10757634043693542,0.8420000076293945,0.6984999775886536
YNL186W,YER072W,0,-6.6165433,0.1075625941157341,0.8420000076293945,0.6985999941825867
YPR135W,YML126C,0,-6.61668,0.10754885524511337,0.8420000076293945,0.6987000107765198
YOR177C,YER151C,0,-6.6167383,0.10753512382507324,0.8420000076293945,0.6988000273704529
YLL013C,YOR210W,0,-6.616895,0.10752139240503311,0.8420000076293945,0.6988999843597412
YDR296W,YDL204W,0,-6.617,0.10750766098499298,0.8420000076293945,0.6990000009536743
YPL281C,YGL097W,0,-6.6171174,0.10749393701553345,0.8420000076293945,0.6991000175476074
YGL053W,YDR453C,0,-6.6171513,0.10748021304607391,0.8420000076293945,0.6991999745368958
YKR067W,YJL214W,0,-6.617248,0.10746649652719498,0.8420000076293945,0.6992999911308289
YHR216W,YIL082W-A,0,-6.61745,0.10745278000831604,0.8420000076293945,0.699400007724762
YOR158W,YBR162W-A,0,-6.6174674,0.1074390709400177,0.8420000076293945,0.6995000243186951
YCL064C,YKL140W,0,-6.6175666,0.10742536187171936,0.8420000076293945,0.6995999813079834
YOR222W,YAR035W,0,-6.6180162,0.10741166025400162,0.8420000076293945,0.6996999979019165
YDL212W,YPR189W,0,-6.6181417,0.10739795863628387,0.8420000076293945,0.6998000144958496
YNL271C,YNL292W,0,-6.618456,0.10738426446914673,0.8420000076293945,0.6998999714851379
YGL219C,YMR271C,0,-6.6185365,0.10737057030200958,0.8420000076293945,0.699999988079071
YNL075W,YPL026C,0,-6.6187434,0.10735687613487244,0.8420000076293945,0.7001000046730042
YLR127C,YPR144C,0,-6.6187444,0.10734318941831589,0.8420000076293945,0.7002000212669373
YBL026W,YOR269W,0,-6.6193953,0.10732951015233994,0.8420000076293945,0.7002999782562256
YBR055C,YLR221C,0,-6.6195188,0.10731583088636398,0.8420000076293945,0.7003999948501587
YHR108W,YLR163C,0,-6.619539,0.10730215162038803,0.8420000076293945,0.7005000114440918
YPR008W,YML123C,0,-6.619559,0.10728847980499268,0.8420000076293945,0.7006000280380249
YGR204W,YGR271W,0,-6.6196017,0.10727481544017792,0.8420000076293945,0.7006999850273132
YNR067C,YMR022W,0,-6.619614,0.10726114362478256,0.8420000076293945,0.7008000016212463
YKL032C,YJL191W,0,-6.620166,0.1072474867105484,0.8420000076293945,0.7009000182151794
YNR023W,YKL122C,0,-6.6201925,0.10723382234573364,0.8420000076293945,0.7009999752044678
YNL068C,YML032C,0,-6.6207356,0.10722017288208008,0.8420000076293945,0.7010999917984009
YOL148C,YOR332W,0,-6.6212125,0.10720651596784592,0.8420000076293945,0.701200008392334
YNL242W,YFL026W,0,-6.6214557,0.10719287395477295,0.8420000076293945,0.7013000249862671
YBR205W,YLR045C,0,-6.6217256,0.10717922449111938,0.8420000076293945,0.7013999819755554
YOL111C,YBR069C,0,-6.622932,0.10716558247804642,0.8420000076293945,0.7014999985694885
YHR077C,YLR453C,0,-6.6229396,0.10715194791555405,0.8420000076293945,0.7016000151634216
YBR231C,YBR058C-A,0,-6.623146,0.10713831335306168,0.8420000076293945,0.70169997215271
YIL027C,YHL003C,0,-6.6232038,0.1071246787905693,0.8420000076293945,0.7017999887466431
YKR069W,YGL162W,0,-6.6232615,0.10711105167865753,0.8420000076293945,0.7019000053405762
YDR364C,YOL116W,0,-6.6232915,0.10709743201732635,0.8420000076293945,0.7020000219345093
YHR043C,YMR277W,1,-6.6241364,0.10721098631620407,0.8429999947547913,0.7020000219345093
YLR189C,YCR040W,0,-6.624274,0.1071973517537117,0.8429999947547913,0.7020999789237976
YLR097C,YIL011W,0,-6.6247983,0.10718372464179993,0.8429999947547913,0.7021999955177307
YNR060W,YDR277C,0,-6.624989,0.10717009752988815,0.8429999947547913,0.7023000121116638
YML094W,YJL214W,0,-6.625138,0.10715647786855698,0.8429999947547913,0.7024000287055969
YGL076C,YKL174C,0,-6.6253552,0.1071428582072258,0.8429999947547913,0.7024999856948853
YKL012W,YOR213C,0,-6.625385,0.10712923854589462,0.8429999947547913,0.7026000022888184
YJR058C,YDL122W,0,-6.625461,0.10711562633514404,0.8429999947547913,0.7027000188827515
YPL213W,YGL097W,0,-6.6259136,0.10710202157497406,0.8429999947547913,0.7027999758720398
YIL133C,YPR174C,0,-6.6262164,0.10708841681480408,0.8429999947547913,0.7028999924659729
YDR256C,YIL064W,0,-6.6267676,0.1070748120546341,0.8429999947547913,0.703000009059906
YPL174C,YDR496C,0,-6.6271257,0.10706121474504471,0.8429999947547913,0.7031000256538391
YGR175C,YBL018C,0,-6.6271896,0.10704761743545532,0.8429999947547913,0.7031999826431274
YAL026C,YPL239W,0,-6.6272073,0.10703402757644653,0.8429999947547913,0.7032999992370605
YDR273W,YOL026C,0,-6.6272283,0.10702043771743774,0.8429999947547913,0.7034000158309937
YNL153C,YKR050W,0,-6.627268,0.10700685530900955,0.8429999947547913,0.703499972820282
YNL153C,YCR097W,0,-6.6274266,0.10699327290058136,0.8429999947547913,0.7035999894142151
YOR327C,YER100W,0,-6.6276574,0.10697969794273376,0.8429999947547913,0.7037000060081482
YMR043W,YJL190C,0,-6.6277275,0.10696612298488617,0.8429999947547913,0.7038000226020813
YGL075C,YKL163W,0,-6.6280217,0.10695254802703857,0.8429999947547913,0.7038999795913696
YHR150W,YOR294W,0,-6.6281195,0.10693898051977158,0.8429999947547913,0.7039999961853027
YML019W,YPL106C,0,-6.628314,0.10692542046308517,0.8429999947547913,0.7041000127792358
YGR156W,YPL042C,0,-6.6284204,0.10691186040639877,0.8429999947547913,0.704200029373169
YLR172C,YHR084W,0,-6.6286283,0.10689830034971237,0.8429999947547913,0.7042999863624573
YPL084W,YDR341C,0,-6.6289544,0.10688474774360657,0.8429999947547913,0.7044000029563904
YDL134C,YGL229C,1,-6.628983,0.10699797421693802,0.843999981880188,0.7044000029563904
YJL081C,YBR088C,0,-6.629185,0.10698440670967102,0.843999981880188,0.7045000195503235
YOL071W,YBR118W,0,-6.6293116,0.10697084665298462,0.843999981880188,0.7045999765396118
YFR028C,YOL064C,1,-6.629312,0.10708402097225189,0.8450000286102295,0.7045999765396118
YOR004W,YBL055C,0,-6.629316,0.1070704534649849,0.8450000286102295,0.7046999931335449
YOR120W,YEL065W,0,-6.629646,0.1070568859577179,0.8450000286102295,0.704800009727478
YPR122W,YML012W,0,-6.6298194,0.1070433259010315,0.8450000286102295,0.7049000263214111
YDR175C,YDR018C,0,-6.629894,0.10702976584434509,0.8450000286102295,0.7049999833106995
YKL114C,YGL232W,0,-6.63007,0.10701621323823929,0.8450000286102295,0.7050999999046326
YCR091W,YER022W,0,-6.630635,0.10700266063213348,0.8450000286102295,0.7052000164985657
YIL124W,YDR341C,0,-6.6307006,0.10698910802602768,0.8450000286102295,0.705299973487854
YNL164C,YOL105C,0,-6.631063,0.10697556287050247,0.8450000286102295,0.7053999900817871
YJL174W,YIL129C,0,-6.631072,0.10696202516555786,0.8450000286102295,0.7055000066757202
YPL015C,YER148W,0,-6.6311436,0.10694848746061325,0.8450000286102295,0.7056000232696533
YCR106W,YJL143W,0,-6.6311517,0.10693494975566864,0.8450000286102295,0.7056999802589417
YER177W,YLR417W,0,-6.631182,0.10692141950130463,0.8450000286102295,0.7057999968528748
YJL221C,YDL077C,0,-6.6316047,0.10690789669752121,0.8450000286102295,0.7059000134468079
YNL210W,YBL007C,0,-6.631929,0.10689437389373779,0.8450000286102295,0.7059999704360962
YDR503C,YJL098W,1,-6.6319933,0.10700733959674835,0.8460000157356262,0.7059999704360962
YJL098W,YNL128W,1,-6.6322193,0.10712027549743652,0.847000002861023,0.7059999704360962
YNL288W,YJR137C,0,-6.632384,0.10710673034191132,0.847000002861023,0.7060999870300293
YFR030W,YPR189W,0,-6.632798,0.10709318518638611,0.847000002861023,0.7062000036239624
YFR028C,YMR165C,1,-6.632965,0.1072060689330101,0.8479999899864197,0.7062000036239624
YPL149W,YDR212W,0,-6.6329937,0.1071925163269043,0.8479999899864197,0.7063000202178955
YDR361C,YOR380W,0,-6.6330066,0.10717897117137909,0.8479999899864197,0.7063999772071838
YMR173W,YOR057W,0,-6.633123,0.10716542601585388,0.8479999899864197,0.7064999938011169
YEL064C,YLR135W,0,-6.6333833,0.10715188086032867,0.8479999899864197,0.70660001039505
YLR227C,YLR032W,0,-6.63354,0.10713834315538406,0.8479999899864197,0.7067000269889832
YPR093C,YNL245C,0,-6.6339636,0.10712481290102005,0.8479999899864197,0.7067999839782715
YER030W,YGR155W,0,-6.6340027,0.10711128264665604,0.8479999899864197,0.7069000005722046
YBR022W,YKR053C,1,-6.6340485,0.10722404718399048,0.8489999771118164,0.7069000005722046
YHR068W,YLR010C,0,-6.6341786,0.10721050947904587,0.8489999771118164,0.7070000171661377
YNL129W,YJR129C,0,-6.6345763,0.10719697177410126,0.8489999771118164,0.707099974155426
YOR126C,YPL029W,0,-6.6346774,0.10718343406915665,0.8489999771118164,0.7071999907493591
YDR253C,YIL091C,0,-6.6347227,0.10716990381479263,0.8489999771118164,0.7073000073432922
YDR050C,YLR426W,0,-6.634802,0.10715638101100922,0.8489999771118164,0.7074000239372253
YGL229C,YNL217W,1,-6.635263,0.1072690561413765,0.8500000238418579,0.7074000239372253
YPL178W,YHR148W,0,-6.6358457,0.10725551843643188,0.8500000238418579,0.7074999809265137
YMR058W,YBR251W,0,-6.6360354,0.10724198818206787,0.8500000238418579,0.7075999975204468
YMR049C,YDR237W,0,-6.636165,0.10722845792770386,0.8500000238418579,0.7077000141143799
YDR531W,YLR064W,0,-6.636204,0.10721493512392044,0.8500000238418579,0.7077999711036682
YIL131C,YDL093W,0,-6.6364064,0.10720141232013702,0.8500000238418579,0.7078999876976013
YBL098W,YNR026C,0,-6.636445,0.1071878969669342,0.8500000238418579,0.7080000042915344
YNR020C,YHR139C,0,-6.6365237,0.10717438161373138,0.8500000238418579,0.7081000208854675
YDR254W,YDL030W,0,-6.6365705,0.10716086626052856,0.8500000238418579,0.7081999778747559
YHR216W,YMR080C,0,-6.6370463,0.10714735835790634,0.8500000238418579,0.708299994468689
YML128C,YKR013W,0,-6.637076,0.10713385790586472,0.8500000238418579,0.7084000110626221
YOR380W,YBR181C,0,-6.6371555,0.10712035000324249,0.8500000238418579,0.7085000276565552
YPL069C,YER183C,0,-6.6371636,0.10710685700178146,0.8500000238418579,0.7085999846458435
YDR522C,YDR398W,0,-6.637526,0.10709335654973984,0.8500000238418579,0.7087000012397766
YPL024W,YOR004W,0,-6.6376586,0.1070798709988594,0.8500000238418579,0.7088000178337097
YGL203C,YBR258C,0,-6.6376863,0.10706637799739838,0.8500000238418579,0.708899974822998
YOR074C,YDR178W,0,-6.637688,0.10705289989709854,0.8500000238418579,0.7089999914169312
YOR340C,YNL046W,0,-6.6379447,0.10703941434621811,0.8500000238418579,0.7091000080108643
YPL177C,YBR205W,0,-6.6379766,0.10702593624591827,0.8500000238418579,0.7092000246047974
YOR386W,YDL039C,0,-6.638155,0.10701246559619904,0.8500000238418579,0.7092999815940857
YOL058W,YDL220C,0,-6.6382422,0.1069989949464798,0.8500000238418579,0.7093999981880188
YKL009W,YHR214C-B,0,-6.638293,0.10698552429676056,0.8500000238418579,0.7095000147819519
YDR188W,YPR148C,0,-6.6385,0.10697206109762192,0.8500000238418579,0.7095999717712402
YMR251W-A,YOR207C,0,-6.638579,0.10695859789848328,0.8500000238418579,0.7096999883651733
YNL239W,YMR223W,0,-6.638721,0.10694514214992523,0.8500000238418579,0.7098000049591064
YLL018C,YML023C,0,-6.6389337,0.10693168640136719,0.8500000238418579,0.7099000215530396
YCR010C,YOL004W,0,-6.639063,0.10691823810338974,0.8500000238418579,0.7099999785423279
YNL106C,YOR014W,1,-6.639169,0.10703056305646896,0.8510000109672546,0.7099999785423279
YGR220C,YLR425W,0,-6.639369,0.10701709985733032,0.8510000109672546,0.710099995136261
YER025W,YER146W,0,-6.6394815,0.10700364410877228,0.8510000109672546,0.7102000117301941
YLL042C,YNL103W,0,-6.6397233,0.10699019581079483,0.8510000109672546,0.7103000283241272
YBR115C,YNL333W,0,-6.6399174,0.10697674751281738,0.8510000109672546,0.7103999853134155
YHR081W,YGL039W,0,-6.6404967,0.10696329921483994,0.8510000109672546,0.7105000019073486
YIL061C,YDL120W,0,-6.64051,0.10694985836744308,0.8510000109672546,0.7106000185012817
YGL005C,YBR185C,0,-6.6406136,0.10693641752004623,0.8510000109672546,0.7106999754905701
YPL221W,YHR021C,0,-6.6406713,0.10692297667264938,0.8510000109672546,0.7107999920845032
YOR031W,YNL310C,0,-6.640824,0.10690955072641373,0.8510000109672546,0.7109000086784363
YKL160W,YPL124W,0,-6.640911,0.10689611732959747,0.8510000109672546,0.7110000252723694
YAR071W,YBR092C,1,-6.6412034,0.10700828582048416,0.8519999980926514,0.7110000252723694
YDR173C,YML123C,0,-6.6413,0.10699485242366791,0.8519999980926514,0.7110999822616577
YKL110C,YLR079W,0,-6.6413913,0.10698141902685165,0.8519999980926514,0.7111999988555908
YGR263C,YIL137C,0,-6.641584,0.1069679856300354,0.8519999980926514,0.7113000154495239
YBR158W,YGR267C,0,-6.641706,0.10695455968379974,0.8519999980926514,0.7113999724388123
YGL234W,YIL075C,0,-6.6423783,0.10694113373756409,0.8519999980926514,0.7114999890327454
YFL053W,YKL062W,0,-6.6423965,0.10692770779132843,0.8519999980926514,0.7116000056266785
YPR190C,YAR008W,0,-6.642512,0.10691428929567337,0.8519999980926514,0.7117000222206116
YDR011W,YPL124W,0,-6.6425624,0.10690087825059891,0.8519999980926514,0.7117999792098999
YFR028C,YLR019W,1,-6.642641,0.10701292008161545,0.8529999852180481,0.7117999792098999
YBL009W,YDR162C,0,-6.642889,0.10699950158596039,0.8529999852180481,0.711899995803833
YOR298C-A,YPL198W,0,-6.642932,0.10698607563972473,0.8529999852180481,0.7120000123977661
YCR011C,YMR014W,0,-6.6429496,0.10697266459465027,0.8529999852180481,0.7121000289916992
YMR164C,YPL258C,0,-6.6429625,0.10695924609899521,0.8529999852180481,0.7121999859809875
YGR216C,YPL033C,0,-6.643106,0.10694583505392075,0.8529999852180481,0.7123000025749207
YDR060W,YJL026W,0,-6.643146,0.10693243145942688,0.8529999852180481,0.7124000191688538
YLR115W,YKL096W,0,-6.64327,0.10691902786493301,0.8529999852180481,0.7124999761581421
YPL017C,YCR024C-A,0,-6.643723,0.10690562427043915,0.8529999852180481,0.7125999927520752
YFL044C,YER011W,0,-6.6438184,0.10689222812652588,0.8529999852180481,0.7127000093460083
YCL051W,YNL070W,0,-6.6439276,0.1068788394331932,0.8529999852180481,0.7128000259399414
YOL005C,YHR060W,0,-6.644031,0.10686545073986053,0.8529999852180481,0.7128999829292297
YFR028C,YPR073C,1,-6.6441226,0.10697732865810394,0.8539999723434448,0.7128999829292297
YLR336C,YGR081C,0,-6.644398,0.10696392506361008,0.8539999723434448,0.7129999995231628
YKL011C,YGR169C,0,-6.644405,0.10695052891969681,0.8539999723434448,0.713100016117096
YDR380W,YLR045C,0,-6.644912,0.10693714022636414,0.8539999723434448,0.7131999731063843
YNL291C,YPR188C,0,-6.644997,0.10692375153303146,0.8539999723434448,0.7132999897003174
YHR046C,YBR093C,1,-6.645004,0.1070355549454689,0.8550000190734863,0.7132999897003174
YIL053W,YMR156C,1,-6.645081,0.10714732855558395,0.8560000061988831,0.7132999897003174
YDL004W,YOR133W,0,-6.6457915,0.10713391751050949,0.8560000061988831,0.7134000062942505
YMR129W,YAL043C,0,-6.645989,0.10712051391601562,0.8560000061988831,0.7135000228881836
YNL137C,YFR049W,0,-6.646412,0.10710711032152176,0.8560000061988831,0.7135999798774719
YHR052W,YEL057C,0,-6.6465516,0.1070937067270279,0.8560000061988831,0.713699996471405
YPL084W,YLR467W,0,-6.646584,0.10708031058311462,0.8560000061988831,0.7138000130653381
YKL096W-A,YER048W-A,0,-6.646686,0.10706691443920135,0.8560000061988831,0.7139000296592712
YDL209C,YGL243W,0,-6.6467834,0.10705352574586868,0.8560000061988831,0.7139999866485596
YOR034C,YOR304C-A,0,-6.6474304,0.10704013705253601,0.8560000061988831,0.7141000032424927
YKL168C,YLR145W,0,-6.6475286,0.10702675580978394,0.8560000061988831,0.7142000198364258
YMR113W,YGR222W,0,-6.647532,0.10701337456703186,0.8560000061988831,0.7142999768257141
YNR001C,YKR076W,0,-6.648106,0.10700000077486038,0.8560000061988831,0.7143999934196472
YJL136C,YDR392W,0,-6.6482697,0.1069866269826889,0.8560000061988831,0.7145000100135803
YPL096C-A,YDR144C,0,-6.648298,0.10697325319051743,0.8560000061988831,0.7146000266075134
YFL044C,YHR084W,0,-6.648353,0.10695988684892654,0.8560000061988831,0.7146999835968018
YLR221C,YHL022C,0,-6.6485286,0.10694652795791626,0.8560000061988831,0.7148000001907349
YML118W,YER090W,0,-6.6487517,0.10693316906690598,0.8560000061988831,0.714900016784668
YGR084C,YKL181W,0,-6.6492076,0.10691981017589569,0.8560000061988831,0.7149999737739563
YOR070C,YJL102W,0,-6.6494837,0.106906458735466,0.8560000061988831,0.7150999903678894
YLR155C,YNL073W,0,-6.649707,0.10689310729503632,0.8560000061988831,0.7152000069618225
YDR255C,YGL095C,0,-6.6497865,0.10687976330518723,0.8560000061988831,0.7153000235557556
YML129C,YPR174C,0,-6.64992,0.10686641931533813,0.8560000061988831,0.715399980545044
YNR050C,YPL041C,0,-6.6501393,0.10685307532548904,0.8560000061988831,0.715499997138977
YBL006C,YGR082W,0,-6.6501427,0.10683973878622055,0.8560000061988831,0.7156000137329102
YAL026C,YCL031C,0,-6.6503415,0.10682640969753265,0.8560000061988831,0.7156999707221985
YJR036C,YDL030W,0,-6.650378,0.10681308060884476,0.8560000061988831,0.7157999873161316
YJR134C,YGR054W,0,-6.650454,0.10679975152015686,0.8560000061988831,0.7159000039100647
YOL021C,YOR382W,0,-6.6504846,0.10678642988204956,0.8560000061988831,0.7160000205039978
YLR320W,YOL052C,0,-6.6504974,0.10677310824394226,0.8560000061988831,0.7160999774932861
YAL020C,YGL231C,0,-6.650707,0.10675979405641556,0.8560000061988831,0.7161999940872192
YER114C,YMR323W,0,-6.6508374,0.10674647986888885,0.8560000061988831,0.7163000106811523
YHR015W,YBR282W,0,-6.651175,0.10673316568136215,0.8560000061988831,0.7164000272750854
YPL241C,YAL024C,0,-6.651196,0.10671985894441605,0.8560000061988831,0.7164999842643738
YBL015W,YBR097W,0,-6.65155,0.10670655965805054,0.8560000061988831,0.7166000008583069
YMR123W,YPL175W,0,-6.6516504,0.10669326037168503,0.8560000061988831,0.71670001745224
YPL118W,YHL050C,0,-6.6518116,0.10667996108531952,0.8560000061988831,0.7167999744415283
YEL018W,YOR035C,0,-6.652021,0.1066666692495346,0.8560000061988831,0.7168999910354614
YOR149C,YDR117C,0,-6.652186,0.1066533774137497,0.8560000061988831,0.7170000076293945
YKL020C,YNL093W,0,-6.6523023,0.10664009302854538,0.8560000061988831,0.7171000242233276
YER075C,YIL113W,1,-6.652305,0.10675136744976044,0.8569999933242798,0.7171000242233276
YDR121W,YML123C,0,-6.6523294,0.10673807561397552,0.8569999933242798,0.717199981212616
YDR174W,YDL225W,0,-6.653,0.10672478377819061,0.8569999933242798,0.7172999978065491
YDL128W,YGR065C,0,-6.6537094,0.1067114919424057,0.8569999933242798,0.7174000144004822
YAL042W,YNL073W,0,-6.653786,0.10669820755720139,0.8569999933242798,0.7174999713897705
YLR135W,YNR015W,0,-6.653814,0.10668492317199707,0.8569999933242798,0.7175999879837036
YBL013W,YHR001W,0,-6.653918,0.10667164623737335,0.8569999933242798,0.7177000045776367
YML054C,YNL079C,0,-6.6544585,0.10665836930274963,0.8569999933242798,0.7178000211715698
YHR072W,YCR014C,0,-6.65446,0.10664509981870651,0.8569999933242798,0.7178999781608582
YHR026W,YOR362C,0,-6.654491,0.10663183033466339,0.8569999933242798,0.7179999947547913
YGR097W,YJR076C,0,-6.6552978,0.10661856085062027,0.8569999933242798,0.7181000113487244
YGL158W,YKR088C,0,-6.6553435,0.10660529881715775,0.8569999933242798,0.7182000279426575
YKR052C,YBL060W,0,-6.6556697,0.10659203678369522,0.8569999933242798,0.7182999849319458
YDL153C,YHR050W,0,-6.655704,0.1065787822008133,0.8569999933242798,0.7184000015258789
YIR006C,YGL070C,0,-6.655705,0.10656552761793137,0.8569999933242798,0.718500018119812
YJL125C,YKL211C,0,-6.6557803,0.10655228048563004,0.8569999933242798,0.7185999751091003
YBL030C,YNL272C,0,-6.6559215,0.1065390333533287,0.8569999933242798,0.7186999917030334
YGR157W,YDR211W,0,-6.6562085,0.10652579367160797,0.8569999933242798,0.7188000082969666
YDR283C,YDR019C,0,-6.656403,0.10651255398988724,0.8569999933242798,0.7189000248908997
YCL025C,YOR075W,0,-6.6565166,0.1064993143081665,0.8569999933242798,0.718999981880188
YIL084C,YNL300W,0,-6.6567135,0.10648608207702637,0.8569999933242798,0.7190999984741211
YKR083C,YBR002C,0,-6.656866,0.10647285729646683,0.8569999933242798,0.7192000150680542
YPL240C,YOR122C,0,-6.6571507,0.10645962506532669,0.8569999933242798,0.7192999720573425
YDR512C,YIL085C,0,-6.6573057,0.10644640773534775,0.8569999933242798,0.7193999886512756
YLR246W,YHR148W,0,-6.657466,0.10643318295478821,0.8569999933242798,0.7195000052452087
YDR245W,YER094C,0,-6.657496,0.10641996562480927,0.8569999933242798,0.7196000218391418
YFR044C,YIL148W,0,-6.657562,0.10640675574541092,0.8569999933242798,0.7196999788284302
YIL062C,YLR055C,0,-6.6577287,0.10639354586601257,0.8569999933242798,0.7197999954223633
YJL133W,YCR012W,0,-6.658152,0.10638033598661423,0.8569999933242798,0.7199000120162964
YOR249C,YGR135W,0,-6.6583896,0.10636713355779648,0.8569999933242798,0.7200000286102295
YMR272C,YDR522C,0,-6.65842,0.10635393112897873,0.8569999933242798,0.7200999855995178
YJL111W,YIL109C,0,-6.658748,0.10634073615074158,0.8569999933242798,0.7202000021934509
YLR221C,YOR292C,0,-6.6587768,0.10632754117250443,0.8569999933242798,0.720300018787384
YER049W,YBR030W,0,-6.6589527,0.10631435364484787,0.8569999933242798,0.7203999757766724
YPL170W,YHR020W,0,-6.6598067,0.10630116611719131,0.8569999933242798,0.7204999923706055
YPR073C,YHR076W,1,-6.6598673,0.10641200840473175,0.8579999804496765,0.7204999923706055
YLR308W,YCR012W,0,-6.660182,0.106398805975914,0.8579999804496765,0.7206000089645386
YGR240C,YOL142W,0,-6.6607366,0.10638561844825745,0.8579999804496765,0.7207000255584717
YLR092W,YLR272C,0,-6.6608458,0.10637243092060089,0.8579999804496765,0.72079998254776
YDR281C,YBR105C,0,-6.6609087,0.10635924339294434,0.8579999804496765,0.7208999991416931
YLR153C,YCR024C,0,-6.660974,0.10634605586528778,0.8579999804496765,0.7210000157356262
YER089C,YIL053W,1,-6.661077,0.10645680874586105,0.859000027179718,0.7210000157356262
YDL143W,YDL066W,0,-6.6611886,0.1064436212182045,0.859000027179718,0.7210999727249146
YPL061W,YNL299W,0,-6.661558,0.10643042623996735,0.859000027179718,0.7211999893188477
YMR125W,YGR082W,0,-6.661637,0.10641724616289139,0.859000027179718,0.7213000059127808
YNR028W,YDL111C,0,-6.6619,0.10640406608581543,0.859000027179718,0.7214000225067139
YFL048C,YGR270W,0,-6.6620584,0.10639088600873947,0.859000027179718,0.7214999794960022
YLR314C,YER032W,0,-6.662176,0.10637770593166351,0.859000027179718,0.7215999960899353
YBL046W,YBR275C,0,-6.662268,0.10636453330516815,0.859000027179718,0.7217000126838684
YGR024C,YBR061C,0,-6.6623044,0.10635136812925339,0.859000027179718,0.7218000292778015
YDR174W,YMR163C,0,-6.6630597,0.10633820295333862,0.859000027179718,0.7218999862670898
YER159C,YMR117C,0,-6.6633153,0.10632503777742386,0.859000027179718,0.722000002861023
YER004W,YLR067C,0,-6.663362,0.10631188005208969,0.859000027179718,0.722100019454956
YOR381W,YOL141W,0,-6.6634936,0.10629872232675552,0.859000027179718,0.7221999764442444
YOR204W,YGR042W,0,-6.6635294,0.10628557205200195,0.859000027179718,0.7222999930381775
YMR113W,YHR152W,0,-6.663589,0.10627242177724838,0.859000027179718,0.7224000096321106
YDR033W,YDR026C,0,-6.663849,0.10625927895307541,0.859000027179718,0.7225000262260437
YNL333W,YNL209W,0,-6.6644025,0.10624613612890244,0.859000027179718,0.722599983215332
YBR008C,YML094W,0,-6.664532,0.10623299330472946,0.859000027179718,0.7226999998092651
YLR135W,YGL231C,0,-6.6646085,0.10621985793113708,0.859000027179718,0.7228000164031982
YMR202W,YPL240C,0,-6.664618,0.10620672255754471,0.859000027179718,0.7228999733924866
YKL060C,YER151C,0,-6.6646852,0.10619359463453293,0.859000027179718,0.7229999899864197
YOR073W,YDR356W,0,-6.664845,0.10618046671152115,0.859000027179718,0.7231000065803528
YER014C-A,YCR034W,0,-6.665356,0.10616734623908997,0.859000027179718,0.7232000231742859
YPL043W,YOL043C,0,-6.665557,0.10615422576665878,0.859000027179718,0.7232999801635742
YPL036W,YDL136W,0,-6.6656013,0.1061411127448082,0.859000027179718,0.7233999967575073
YER075C,YKR053C,1,-6.6657267,0.1062515452504158,0.8600000143051147,0.7233999967575073
YDL013W,YOR188W,0,-6.6661077,0.10623841732740402,0.8600000143051147,0.7235000133514404
YML077W,YDR138W,0,-6.6664968,0.10622529685497284,0.8600000143051147,0.7235999703407288
YBR272C,YGL038C,0,-6.666672,0.10621217638254166,0.8600000143051147,0.7236999869346619
YBL013W,YHR108W,0,-6.6669297,0.10619906336069107,0.8600000143051147,0.723800003528595
YGR278W,YDL100C,0,-6.66729,0.10618595033884048,0.8600000143051147,0.7239000201225281
YLL018C,YMR172W,0,-6.667447,0.1061728373169899,0.8600000143051147,0.7239999771118164
YOR117W,YHL006C,0,-6.667744,0.10615973174571991,0.8600000143051147,0.7240999937057495
YOR156C,YER148W,0,-6.6677837,0.10614663362503052,0.8600000143051147,0.7242000102996826
YJR042W,YDR190C,0,-6.6677856,0.10613352805376053,0.8600000143051147,0.7243000268936157
YLR376C,YDR201W,0,-6.6679473,0.10612043738365173,0.8600000143051147,0.724399983882904
YBR029C,YDL101C,0,-6.6679716,0.10610733926296234,0.8600000143051147,0.7245000004768372
YDR150W,YPR133C,0,-6.6679754,0.10609424859285355,0.8600000143051147,0.7246000170707703
YDR216W,YLR191W,0,-6.6680074,0.10608116537332535,0.8600000143051147,0.7246999740600586
YLR333C,YMR233W,0,-6.668227,0.10606808215379715,0.8600000143051147,0.7247999906539917
YNL001W,YKL148C,0,-6.6683445,0.10605499893426895,0.8600000143051147,0.7249000072479248
YIR006C,YML034W,0,-6.6685348,0.10604192316532135,0.8600000143051147,0.7250000238418579
YNR001C,YDR459C,0,-6.668918,0.10602884739637375,0.8600000143051147,0.7250999808311462
YMR072W,YLR151C,0,-6.669022,0.10601577907800674,0.8600000143051147,0.7251999974250793
YPL051W,YMR065W,0,-6.6691213,0.10600271075963974,0.8600000143051147,0.7253000140190125
YNL030W,YJL124C,0,-6.669165,0.10598964989185333,0.8600000143051147,0.7253999710083008
YAL042W,YMR136W,0,-6.6693997,0.10597658902406693,0.8600000143051147,0.7254999876022339
YLR353W,YBR067C,0,-6.6695848,0.10596352815628052,0.8600000143051147,0.725600004196167
YNL175C,YML028W,0,-6.669596,0.10595047473907471,0.8600000143051147,0.7257000207901001
YPL121C,YHR149C,0,-6.669684,0.1059374213218689,0.8600000143051147,0.7257999777793884
YER149C,YMR297W,0,-6.6697965,0.10592437535524368,0.8600000143051147,0.7258999943733215
YNL153C,YDR192C,0,-6.669952,0.10591132938861847,0.8600000143051147,0.7260000109672546
YGL078C,YIR006C,0,-6.670007,0.10589829087257385,0.8600000143051147,0.7261000275611877
YER022W,YOR285W,0,-6.6700487,0.10588525235652924,0.8600000143051147,0.7261999845504761
YGL048C,YCR081W,0,-6.6701274,0.10587221384048462,0.8600000143051147,0.7263000011444092
YPL091W,YOL020W,0,-6.670143,0.1058591827750206,0.8600000143051147,0.7264000177383423
YLR377C,YER075C,1,-6.670913,0.10596922785043716,0.8610000014305115,0.7264000177383423
YCR079W,YMR156C,1,-6.6711383,0.10607925057411194,0.8619999885559082,0.7264000177383423
YMR192W,YBR181C,0,-6.6711793,0.10606619715690613,0.8619999885559082,0.7264999747276306
YIL128W,YLR145W,0,-6.6712713,0.10605315119028091,0.8619999885559082,0.7265999913215637
YBR110W,YAL042W,0,-6.671451,0.1060401052236557,0.8619999885559082,0.7267000079154968
YHR133C,YBR060C,0,-6.6714582,0.10602705925703049,0.8619999885559082,0.7268000245094299
YGR014W,YOR054C,0,-6.671808,0.10601402074098587,0.8619999885559082,0.7268999814987183
YER054C,YML131W,0,-6.671922,0.10600098222494125,0.8619999885559082,0.7269999980926514
YNR002C,YMR322C,0,-6.672603,0.10598795115947723,0.8619999885559082,0.7271000146865845
YBR036C,YOR056C,0,-6.6728506,0.10597492009401321,0.8619999885559082,0.7271999716758728
YOL007C,YBR080C,0,-6.6729245,0.10596189647912979,0.8619999885559082,0.7272999882698059
YOR261C,YLR004C,0,-6.673298,0.10594887286424637,0.8619999885559082,0.727400004863739
YLR398C,YNL064C,0,-6.673412,0.10593584924936295,0.8619999885559082,0.7275000214576721
YCR024C,YER041W,0,-6.673718,0.10592283308506012,0.8619999885559082,0.7275999784469604
YGR230W,YDR167W,0,-6.6737466,0.1059098169207573,0.8619999885559082,0.7276999950408936
YCR097W,YGR271W,0,-6.6737723,0.10589680820703506,0.8619999885559082,0.7278000116348267
YJL098W,YDR287W,1,-6.6738887,0.10600662976503372,0.8629999756813049,0.7278000116348267
YML078W,YPR174C,0,-6.6741138,0.1059936136007309,0.8629999756813049,0.7279000282287598
YIL062C,YBR118W,0,-6.674126,0.10598059743642807,0.8629999756813049,0.7279999852180481
YOR023C,YER124C,0,-6.674463,0.10596758127212524,0.8629999756813049,0.7281000018119812
YPR083W,YAR033W,0,-6.674621,0.10595457255840302,0.8629999756813049,0.7282000184059143
YGL008C,YOR290C,0,-6.674766,0.10594156384468079,0.8629999756813049,0.7282999753952026
YNL220W,YBR251W,0,-6.674784,0.10592856258153915,0.8629999756813049,0.7283999919891357
YOR330C,YLR190W,0,-6.674819,0.10591556131839752,0.8629999756813049,0.7285000085830688
YKL096W-A,YKL203C,0,-6.674976,0.10590256750583649,0.8629999756813049,0.728600025177002
YGR121C,YGR234W,0,-6.675121,0.10588957369327545,0.8629999756813049,0.7286999821662903
YIL085C,YIL021W,0,-6.675157,0.10587657988071442,0.8629999756813049,0.7287999987602234
YJL140W,YJR102C,0,-6.6755013,0.10586359351873398,0.8629999756813049,0.7289000153541565
YKL082C,YNL253W,0,-6.675609,0.10585060715675354,0.8629999756813049,0.7289999723434448
YBR055C,YNL079C,0,-6.675671,0.1058376282453537,0.8629999756813049,0.7290999889373779
YCR036W,YOR224C,0,-6.6758723,0.10582464933395386,0.8629999756813049,0.729200005531311
YLR013W,YDR379W,0,-6.6761117,0.10581167042255402,0.8629999756813049,0.7293000221252441
YML080W,YPR101W,0,-6.676206,0.10579869896173477,0.8629999756813049,0.7293999791145325
YHR186C,YDL148C,0,-6.6767044,0.10578573495149612,0.8629999756813049,0.7294999957084656
YCR038C,YCL054W,0,-6.676905,0.10577276349067688,0.8629999756813049,0.7296000123023987
YBR092C,YMR156C,1,-6.6774745,0.10588235408067703,0.8640000224113464,0.7296000123023987
YDR446W,YOL030W,0,-6.6776524,0.10586937516927719,0.8640000224113464,0.7297000288963318
YHR053C,YIL149C,0,-6.6777596,0.10585641115903854,0.8640000224113464,0.7297999858856201
YBL084C,YIL078W,0,-6.678205,0.1058434396982193,0.8640000224113464,0.7299000024795532
YOR321W,YMR322C,0,-6.678274,0.10583047568798065,0.8640000224113464,0.7300000190734863
YKR066C,YDL100C,0,-6.6789346,0.105817511677742,0.8640000224113464,0.7300999760627747
YCR098C,YGR099W,0,-6.678973,0.10580455511808395,0.8640000224113464,0.7301999926567078
YMR277W,YOL064C,1,-6.6792707,0.10591404139995575,0.8650000095367432,0.7301999926567078
YJR009C,YHR138C,0,-6.6792755,0.1059010773897171,0.8650000095367432,0.7303000092506409
YDR159W,YLR086W,0,-6.679306,0.10588811337947845,0.8650000095367432,0.730400025844574
YDL065C,YGL232W,0,-6.679502,0.10587514936923981,0.8650000095367432,0.7304999828338623
YLR439W,YDR369C,0,-6.679588,0.10586219280958176,0.8650000095367432,0.7305999994277954
YHR186C,YDR285W,0,-6.6796737,0.1058492437005043,0.8650000095367432,0.7307000160217285
YLL026W,YLR292C,0,-6.679728,0.10583628714084625,0.8650000095367432,0.7307999730110168
YDL164C,YJR132W,0,-6.6797423,0.1058233454823494,0.8650000095367432,0.73089998960495
YOR202W,YHL028W,0,-6.6798716,0.10581039637327194,0.8650000095367432,0.7310000061988831
YNR007C,YGR063C,0,-6.6799927,0.10579745471477509,0.8650000095367432,0.7311000227928162
YFL013C,YDR450W,0,-6.6805434,0.10578452050685883,0.8650000095367432,0.7311999797821045
YHL013C,YOL148C,0,-6.680944,0.10577157884836197,0.8650000095367432,0.7312999963760376
YML099C,YBR086C,0,-6.6813483,0.1057586520910263,0.8650000095367432,0.7314000129699707
YDR345C,YLR011W,0,-6.6813884,0.10574571788311005,0.8650000095367432,0.7315000295639038
YMR049C,YER147C,0,-6.681412,0.10573279857635498,0.8650000095367432,0.7315999865531921
YGL172W,YBR275C,0,-6.6814384,0.10571987181901932,0.8650000095367432,0.7317000031471252
YMR056C,YPR135W,0,-6.6817956,0.10570695251226425,0.8650000095367432,0.7318000197410583
YJR086W,YNL131W,0,-6.6821404,0.10569404065608978,0.8650000095367432,0.7318999767303467
YGL086W,YKL024C,0,-6.6821632,0.10568112134933472,0.8650000095367432,0.7319999933242798
YDR284C,YOL064C,1,-6.682406,0.10579037666320801,0.8659999966621399,0.7319999933242798
YLR395C,YPL218W,0,-6.6827126,0.10577744990587234,0.8659999966621399,0.7321000099182129
YDR179C,YFR002W,0,-6.682791,0.10576453059911728,0.8659999966621399,0.732200026512146
YDR175C,YJL047C,0,-6.682902,0.10575161874294281,0.8659999966621399,0.7322999835014343
YDL029W,YGR198W,0,-6.6831207,0.10573870688676834,0.8659999966621399,0.7324000000953674
YJR139C,YPL258C,0,-6.683147,0.10572579503059387,0.8659999966621399,0.7325000166893005
YIL140W,YDR531W,0,-6.6835213,0.105712890625,0.8659999966621399,0.7325999736785889
YKL001C,YGR059W,0,-6.684292,0.10569998621940613,0.8659999966621399,0.732699990272522
YCR028C,YLR325C,0,-6.684377,0.10568708926439285,0.8659999966621399,0.7328000068664551
YPL221W,YBR095C,0,-6.684442,0.10567419230937958,0.8659999966621399,0.7329000234603882
YHR157W,YLR447C,0,-6.6849413,0.1056612953543663,0.8659999966621399,0.7329999804496765
YMR288W,YGL008C,0,-6.685035,0.10564840584993362,0.8659999966621399,0.7330999970436096
YIR019C,YNL115C,0,-6.6850514,0.10563552379608154,0.8659999966621399,0.7332000136375427
YOR078W,YDR027C,0,-6.685558,0.10562263429164886,0.8659999966621399,0.733299970626831
YKR052C,YHR023W,0,-6.685937,0.10560975968837738,0.8659999966621399,0.7333999872207642
YNL151C,YIL158W,0,-6.6859746,0.1055968776345253,0.8659999966621399,0.7335000038146973
YGR262C,YOL076W,0,-6.686052,0.10558400303125381,0.8659999966621399,0.7336000204086304
YDR160W,YIL022W,0,-6.68627,0.10557113587856293,0.8659999966621399,0.7336999773979187
YFR044C,YDR393W,0,-6.686535,0.10555826127529144,0.8659999966621399,0.7337999939918518
YOR204W,YBR002C,0,-6.6865745,0.10554540157318115,0.8659999966621399,0.7339000105857849
YAL007C,YCL017C,0,-6.686886,0.10553253442049026,0.8659999966621399,0.734000027179718
YLR348C,YBR123C,0,-6.687079,0.10551967471837997,0.8659999966621399,0.7340999841690063
YDR099W,YBR035C,0,-6.6872663,0.10550682246685028,0.8659999966621399,0.7342000007629395
YGL005C,YGL027C,0,-6.6876144,0.10549397021532059,0.8659999966621399,0.7343000173568726
YLR114C,YPL239W,0,-6.6876183,0.1054811179637909,0.8659999966621399,0.7343999743461609
YCR106W,YHL007C,0,-6.6878057,0.1054682731628418,0.8659999966621399,0.734499990940094
YKR024C,YGL112C,0,-6.687966,0.1054554283618927,0.8659999966621399,0.7346000075340271
YJL165C,YOL142W,0,-6.6879716,0.1054425910115242,0.8659999966621399,0.7347000241279602
YOR222W,YCR072C,0,-6.688137,0.1054297536611557,0.8659999966621399,0.7347999811172485
YHL011C,YIL120W,0,-6.68823,0.1054169237613678,0.8659999966621399,0.7348999977111816
YCR084C,YOL128C,0,-6.688255,0.1054040864109993,0.8659999966621399,0.7350000143051147
YOL021C,YIR005W,0,-6.688439,0.10539126396179199,0.8659999966621399,0.7350999712944031
YFR028C,YBR093C,1,-6.6886578,0.10550012439489365,0.8669999837875366,0.7350999712944031
YDR300C,YHR113W,0,-6.6887317,0.10548728704452515,0.8669999837875366,0.7351999878883362
YNL219C,YDL109C,0,-6.6887574,0.10547444969415665,0.8669999837875366,0.7353000044822693
YJL186W,YBR119W,0,-6.689029,0.10546161979436874,0.8669999837875366,0.7354000210762024
YNL315C,YIR013C,0,-6.689299,0.10544879734516144,0.8669999837875366,0.7354999780654907
YDR517W,YLR424W,0,-6.689481,0.10543597489595413,0.8669999837875366,0.7355999946594238
YDR256C,YLR084C,0,-6.6895356,0.10542315244674683,0.8669999837875366,0.7357000112533569
YPL249C-A,YNL241C,0,-6.689796,0.10541033744812012,0.8669999837875366,0.73580002784729
YDR055W,YCL010C,0,-6.689815,0.10539752244949341,0.8669999837875366,0.7358999848365784
YDR019C,YBL079W,0,-6.6898394,0.1053847074508667,0.8669999837875366,0.7360000014305115
YNL182C,YDL246C,0,-6.6898446,0.10537189990282059,0.8669999837875366,0.7361000180244446
YDR022C,YBL088C,0,-6.69018,0.10535909235477448,0.8669999837875366,0.7361999750137329
YBR093C,YIL053W,1,-6.6904407,0.10546780377626419,0.8679999709129333,0.7361999750137329
YDL236W,YGR123C,1,-6.6905146,0.10557647794485092,0.8690000176429749,0.7361999750137329
YJR073C,YMR122W-A,0,-6.690559,0.10556365549564362,0.8690000176429749,0.736299991607666
YPL160W,YPL045W,0,-6.691042,0.10555083304643631,0.8690000176429749,0.7364000082015991
YER143W,YIL061C,0,-6.691282,0.105538010597229,0.8690000176429749,0.7365000247955322
YDR335W,YPR144C,0,-6.691523,0.1055251955986023,0.8690000176429749,0.7365999817848206
YGR055W,YHR152W,0,-6.691561,0.10551238805055618,0.8690000176429749,0.7366999983787537
YGL035C,YNR023W,0,-6.691828,0.10549957305192947,0.8690000176429749,0.7368000149726868
YKL163W,YLR442C,0,-6.6920033,0.10548676550388336,0.8690000176429749,0.7368999719619751
YIL040W,YJL011C,0,-6.692222,0.10547396540641785,0.8690000176429749,0.7369999885559082
YJL090C,YDR492W,0,-6.6922965,0.10546116530895233,0.8690000176429749,0.7371000051498413
YGR174C,YKL006C-A,0,-6.692381,0.10544836521148682,0.8690000176429749,0.7372000217437744
YKL021C,YMR030W,0,-6.6926227,0.1054355725646019,0.8690000176429749,0.7372999787330627
YLR119W,YER151C,0,-6.6926446,0.10542277991771698,0.8690000176429749,0.7373999953269958
YOR217W,YHR021C,0,-6.692746,0.10540999472141266,0.8690000176429749,0.737500011920929
YLR307W,YNL182C,0,-6.6928344,0.10539720952510834,0.8690000176429749,0.7376000285148621
YPL179W,YKR053C,1,-6.6929607,0.10550569742918015,0.8700000047683716,0.7376000285148621
YJL061W,YPL029W,0,-6.6931524,0.10549290478229523,0.8700000047683716,0.7376999855041504
YIL070C,YDR050C,0,-6.693237,0.1054801195859909,0.8700000047683716,0.7378000020980835
YHR051W,YKR080W,0,-6.6932883,0.10546732693910599,0.8700000047683716,0.7379000186920166
YPR122W,YJR144W,0,-6.693522,0.10545454174280167,0.8700000047683716,0.7379999756813049
YGL153W,YLR327C,0,-6.6938605,0.10544176399707794,0.8700000047683716,0.738099992275238
YIL135C,YNR036C,0,-6.6939683,0.10542898625135422,0.8700000047683716,0.7382000088691711
YDL031W,YOR344C,0,-6.694122,0.10541621595621109,0.8700000047683716,0.7383000254631042
YHL031C,YJL062W,0,-6.694454,0.10540343821048737,0.8700000047683716,0.7383999824523926
YDL212W,YBR126C,0,-6.694471,0.10539067536592484,0.8700000047683716,0.7384999990463257
YJL179W,YBR130C,0,-6.694668,0.10537790507078171,0.8700000047683716,0.7386000156402588
YPR171W,YMR145C,0,-6.694743,0.10536514222621918,0.8700000047683716,0.7386999726295471
YJL044C,YNL329C,0,-6.6952286,0.10535238683223724,0.8700000047683716,0.7387999892234802
YEL071W,YKL056C,0,-6.695246,0.10533963143825531,0.8700000047683716,0.7389000058174133
YOR020C,YNL250W,0,-6.695404,0.10532687604427338,0.8700000047683716,0.7390000224113464
YDR055W,YIL030C,0,-6.6964526,0.10531412810087204,0.8700000047683716,0.7390999794006348
YPL001W,YOR001W,0,-6.6966586,0.1053013801574707,0.8700000047683716,0.7391999959945679
YPL174C,YER072W,0,-6.696796,0.10528863966464996,0.8700000047683716,0.739300012588501
YOL001W,YOL045W,0,-6.696945,0.10527589917182922,0.8700000047683716,0.7394000291824341
YDR218C,YDL060W,0,-6.6970468,0.10526315867900848,0.8700000047683716,0.7394999861717224
YFR028C,YER062C,1,-6.6972604,0.1053714007139206,0.8709999918937683,0.7394999861717224
YNL274C,YOR247W,0,-6.697371,0.10535865277051926,0.8709999918937683,0.7396000027656555
YHL013C,YGL094C,0,-6.6973805,0.10534591227769852,0.8709999918937683,0.7397000193595886
YKR097W,YJL078C,0,-6.6977825,0.10533317178487778,0.8709999918937683,0.739799976348877
YIL150C,YIL076W,0,-6.697907,0.10532043874263763,0.8709999918937683,0.7398999929428101
YDR454C,YDR237W,0,-6.6981473,0.1053076982498169,0.8709999918937683,0.7400000095367432
YJR151C,YGL150C,0,-6.6985655,0.10529497265815735,0.8709999918937683,0.7401000261306763
YER172C,YJR137C,0,-6.698627,0.1052822470664978,0.8709999918937683,0.7401999831199646
YIL070C,YHR017W,0,-6.6988454,0.10526952147483826,0.8709999918937683,0.7402999997138977
YIL035C,YIL162W,0,-6.699201,0.10525679588317871,0.8709999918937683,0.7404000163078308
YKL096W-A,YLR193C,0,-6.69922,0.10524407774209976,0.8709999918937683,0.7404999732971191
YOR109W,YGR123C,1,-6.6992316,0.10535217821598053,0.871999979019165,0.7404999732971191
YNL315C,YJL103C,0,-6.699246,0.10533945262432098,0.871999979019165,0.7405999898910522
YKL089W,YPL063W,0,-6.699319,0.10532672703266144,0.871999979019165,0.7407000064849854
YOL123W,YPL094C,0,-6.699527,0.10531400889158249,0.871999979019165,0.7408000230789185
YPL181W,YOR159C,0,-6.6997004,0.10530129075050354,0.871999979019165,0.7408999800682068
YNR020C,YLR421C,0,-6.69978,0.10528858006000519,0.871999979019165,0.7409999966621399
YPL126W,YBR049C,0,-6.699804,0.10527586936950684,0.871999979019165,0.741100013256073
YBR299W,YCL069W,0,-6.699859,0.10526315867900848,0.871999979019165,0.7411999702453613
YIR008C,YEL050C,0,-6.700026,0.10525045543909073,0.871999979019165,0.7412999868392944
YOL108C,YML014W,0,-6.700187,0.10523775219917297,0.871999979019165,0.7414000034332275
YJR076C,YIL010W,0,-6.700305,0.10522504895925522,0.871999979019165,0.7415000200271606
YGR148C,YLL032C,0,-6.7004037,0.10521235316991806,0.871999979019165,0.741599977016449
YER051W,YCL045C,0,-6.700524,0.1051996648311615,0.871999979019165,0.7416999936103821
YPR017C,YPL092W,0,-6.70078,0.10518696904182434,0.871999979019165,0.7418000102043152
YDL049C,YBL022C,0,-6.7008452,0.10517428815364838,0.871999979019165,0.7419000267982483
YIR005W,YBR067C,0,-6.700962,0.10516159981489182,0.871999979019165,0.7419999837875366
YOL005C,YBR171W,0,-6.701067,0.10514891892671585,0.871999979019165,0.7421000003814697
YDR059C,YJR099W,0,-6.701196,0.10513624548912048,0.871999979019165,0.7422000169754028
YPL037C,YLR425W,0,-6.701259,0.10512357205152512,0.871999979019165,0.7422999739646912
YDR153C,YDR277C,0,-6.701273,0.10511089861392975,0.871999979019165,0.7423999905586243
YBL082C,YEL042W,0,-6.701425,0.10509822517633438,0.871999979019165,0.7425000071525574
YIL114C,YKL081W,0,-6.7015553,0.10508555918931961,0.871999979019165,0.7426000237464905
YKL096W-A,YOR130C,0,-6.7017713,0.10507290065288544,0.871999979019165,0.7426999807357788
YGL245W,YER171W,0,-6.701941,0.10506024211645126,0.871999979019165,0.7427999973297119
YHR046C,YKR053C,1,-6.702241,0.10516805201768875,0.8730000257492065,0.7427999973297119
YGR262C,YBR192W,0,-6.702399,0.10515538603067398,0.8730000257492065,0.742900013923645
YGR246C,YLR192C,0,-6.7025237,0.10514272004365921,0.8730000257492065,0.7429999709129333
YER164W,YOR294W,0,-6.7026277,0.10513006150722504,0.8730000257492065,0.7430999875068665
YLR195C,YDR425W,0,-6.7026362,0.10511739552021027,0.8730000257492065,0.7432000041007996
YDR479C,YOR227W,0,-6.702789,0.10510474443435669,0.8730000257492065,0.7433000206947327
YDL143W,YFR030W,0,-6.702804,0.10509209334850311,0.8730000257492065,0.743399977684021
YGR123C,YIL053W,1,-6.7028995,0.10519980639219284,0.8740000128746033,0.743399977684021
YJL102W,YNL310C,0,-6.7031903,0.10518714785575867,0.8740000128746033,0.7434999942779541
YNL175C,YGR129W,0,-6.703321,0.1051744893193245,0.8740000128746033,0.7436000108718872
YOR180C,YGR171C,0,-6.7033544,0.10516183078289032,0.8740000128746033,0.7437000274658203
YML094W,YOL084W,0,-6.7035723,0.10514917969703674,0.8740000128746033,0.7437999844551086
YHR114W,YMR005W,0,-6.703605,0.10513653606176376,0.8740000128746033,0.7439000010490417
YIL149C,YDR202C,0,-6.703717,0.10512388497591019,0.8740000128746033,0.7440000176429749
YDR233C,YIL047C,0,-6.7037325,0.10511124134063721,0.8740000128746033,0.7440999746322632
YBL074C,YGL098W,0,-6.7039557,0.10509860515594482,0.8740000128746033,0.7441999912261963
YFL001W,YDR469W,0,-6.704032,0.10508596897125244,0.8740000128746033,0.7443000078201294
YBR171W,YDL015C,0,-6.704141,0.10507333278656006,0.8740000128746033,0.7444000244140625
YKR087C,YOL128C,0,-6.7043796,0.10506070405244827,0.8740000128746033,0.7444999814033508
YGL192W,YNL263C,0,-6.7044725,0.10504807531833649,0.8740000128746033,0.7445999979972839
YIL088C,YMR179W,0,-6.704646,0.1050354540348053,0.8740000128746033,0.744700014591217
YOR335C,YDR246W,0,-6.7046843,0.10502283275127411,0.8740000128746033,0.7447999715805054
YML056C,YOR019W,0,-6.7048182,0.10501021146774292,0.8740000128746033,0.7448999881744385
YGR249W,YNL090W,0,-6.7049804,0.10499759763479233,0.8740000128746033,0.7450000047683716
YOR348C,YPL074W,0,-6.7050214,0.10498498380184174,0.8740000128746033,0.7451000213623047
YBR121C,YGL083W,0,-6.70508,0.10497237741947174,0.8740000128746033,0.745199978351593
YOL007C,YDR425W,0,-6.7051563,0.10495977103710175,0.8740000128746033,0.7452999949455261
YJL137C,YBR257W,0,-6.705272,0.10494716465473175,0.8740000128746033,0.7454000115394592
YPR149W,YML085C,0,-6.705378,0.10493456572294235,0.8740000128746033,0.7455000281333923
YMR180C,YER062C,1,-6.705555,0.10504201799631119,0.875,0.7455000281333923
YBL003C,YHR031C,0,-6.705562,0.10502941161394119,0.875,0.7455999851226807
YGR229C,YJL197W,0,-6.7057986,0.1050168052315712,0.875,0.7457000017166138
YDL209C,YPL007C,0,-6.7058287,0.1050041988492012,0.875,0.7458000183105469
YBR200W,YGR109C,0,-6.705978,0.1049915999174118,0.875,0.7458999752998352
YOL133W,YHR141C,0,-6.7066503,0.1049790009856224,0.875,0.7459999918937683
YER073W,YOR278W,0,-6.7070565,0.1049664095044136,0.875,0.7461000084877014
YOR204W,YKL197C,0,-6.707242,0.1049538180232048,0.875,0.7462000250816345
YIL011W,YMR218C,0,-6.7075167,0.1049412339925766,0.875,0.7462999820709229
YEL063C,YNL229C,0,-6.7075944,0.1049286499619484,0.875,0.746399998664856
YKR013W,YJL139C,0,-6.7075944,0.10491606593132019,0.875,0.7465000152587891
YML085C,YNL310C,0,-6.70777,0.10490348935127258,0.875,0.7465999722480774
YDL039C,YOR312C,0,-6.70789,0.10489091277122498,0.875,0.7466999888420105
YKL181W,YPL150W,0,-6.707947,0.10487834364175797,0.875,0.7468000054359436
YKL179C,YOR209C,0,-6.7081428,0.10486577451229095,0.875,0.7469000220298767
YGR175C,YJL034W,0,-6.7085857,0.10485320538282394,0.875,0.746999979019165
YML120C,YIL011W,0,-6.7088037,0.10484064370393753,0.875,0.7470999956130981
YKL021C,YDR346C,0,-6.7089252,0.10482808202505112,0.875,0.7472000122070312
YHR043C,YBR022W,1,-6.7093234,0.10493531078100204,0.8759999871253967,0.7472000122070312
YJL125C,YFL034C-B,0,-6.7095346,0.10492274165153503,0.8759999871253967,0.7473000288009644
YDR432W,YGR105W,0,-6.709704,0.10491017997264862,0.8759999871253967,0.7473999857902527
YGR217W,YBR106W,0,-6.709705,0.10489761829376221,0.8759999871253967,0.7475000023841858
YHR101C,YHR010W,0,-6.70972,0.1048850566148758,0.8759999871253967,0.7476000189781189
YHR065C,YOR132W,0,-6.7103734,0.10487250238656998,0.8759999871253967,0.7476999759674072
YER050C,YML106W,0,-6.7104745,0.10485994815826416,0.8759999871253967,0.7477999925613403
YBR024W,YGL083W,0,-6.7105136,0.10484739392995834,0.8759999871253967,0.7479000091552734
YER025W,YKR020W,0,-6.7108064,0.10483484715223312,0.8759999871253967,0.7480000257492065
YMR223W,YPR004C,0,-6.7110386,0.1048223078250885,0.8759999871253967,0.7480999827384949
YPR083W,YNL251C,0,-6.7111564,0.10480976104736328,0.8759999871253967,0.748199999332428
YBR192W,YGR281W,0,-6.7118607,0.10479722172021866,0.8759999871253967,0.7483000159263611
YBL075C,YMR304W,0,-6.712027,0.10478468984365463,0.8759999871253967,0.7483999729156494
YGL174W,YNL250W,0,-6.7124596,0.1047721579670906,0.8759999871253967,0.7484999895095825
YEL042W,YBR170C,0,-6.712476,0.10475962609052658,0.8759999871253967,0.7486000061035156
YJL167W,YOL070C,0,-6.7126355,0.10474710166454315,0.8759999871253967,0.7487000226974487
YJL219W,YGR084C,0,-6.7128634,0.10473457723855972,0.8759999871253967,0.7487999796867371
YFL022C,YNL306W,0,-6.7134624,0.1047220528125763,0.8759999871253967,0.7488999962806702
YPR145W,YOR198C,0,-6.713879,0.10470953583717346,0.8759999871253967,0.7490000128746033
YJL008C,YDR522C,0,-6.713961,0.10469702631235123,0.8759999871253967,0.7491000294685364
YDR454C,YPR054W,0,-6.714009,0.1046845093369484,0.8759999871253967,0.7491999864578247
YOR126C,YER120W,0,-6.71438,0.10467200726270676,0.8759999871253967,0.7493000030517578
YDR405W,YPR016C,0,-6.71455,0.10465949773788452,0.8759999871253967,0.7494000196456909
YOL043C,YJL145W,0,-6.7146897,0.10464699566364288,0.8759999871253967,0.7494999766349792
YOR094W,YMR301C,0,-6.71536,0.10463449358940125,0.8759999871253967,0.7495999932289124
YCR066W,YBR283C,0,-6.7154956,0.1046219989657402,0.8759999871253967,0.7497000098228455
YHR066W,YIR014W,0,-6.715544,0.10460950434207916,0.8759999871253967,0.7498000264167786
YLR377C,YKR028W,1,-6.715997,0.10471642017364502,0.8769999742507935,0.7498000264167786
YNL077W,YPL249C-A,0,-6.7160335,0.10470391809940338,0.8769999742507935,0.7498999834060669
YKR069W,YKL003C,0,-6.7163663,0.10469141602516174,0.8769999742507935,0.75
YJR091C,YGR044C,0,-6.7163777,0.1046789214015007,0.8769999742507935,0.7501000165939331
YCR107W,YNL068C,0,-6.7165475,0.10466642677783966,0.8769999742507935,0.7501999735832214
YPL178W,YNL252C,0,-6.7173,0.10465393960475922,0.8769999742507935,0.7502999901771545
YKR038C,YIL031W,0,-6.717467,0.10464145243167877,0.8769999742507935,0.7504000067710876
YCR067C,YMR096W,0,-6.717593,0.10462896525859833,0.8769999742507935,0.7505000233650208
YAL026C,YHR149C,0,-6.717993,0.10461648553609848,0.8769999742507935,0.7505999803543091
YIL062C,YLR056W,0,-6.7183166,0.10460400581359863,0.8769999742507935,0.7506999969482422
YOL040C,YJL127C,0,-6.718531,0.10459153354167938,0.8769999742507935,0.7508000135421753
YOR357C,YBR231C,0,-6.7188306,0.10457906126976013,0.8769999742507935,0.7508999705314636
YGL075C,YGR169C,0,-6.718903,0.10456658899784088,0.8769999742507935,0.7509999871253967
YBR045C,YJR042W,0,-6.7193522,0.10455412417650223,0.8769999742507935,0.7511000037193298
YFR037C,YDR362C,0,-6.71941,0.10454165935516357,0.8769999742507935,0.7512000203132629
YBL076C,YLR163C,0,-6.719423,0.10452920198440552,0.8769999742507935,0.7512999773025513
YFR008W,YNR008W,0,-6.719504,0.10451674461364746,0.8769999742507935,0.7513999938964844
YER164W,YOR369C,0,-6.720153,0.1045042872428894,0.8769999742507935,0.7515000104904175
YER036C,YOL059W,0,-6.7203703,0.10449183732271194,0.8769999742507935,0.7516000270843506
YHR138C,YPL009C,0,-6.7206798,0.10447938740253448,0.8769999742507935,0.7516999840736389
YOR261C,YLR249W,0,-6.7207794,0.10446694493293762,0.8769999742507935,0.751800000667572
YDR363W,YMR227C,0,-6.7210116,0.10445450246334076,0.8769999742507935,0.7519000172615051
YOL070C,YDR477W,0,-6.721146,0.1044420599937439,0.8769999742507935,0.7519999742507935
YLR115W,YPL086C,0,-6.7214284,0.10442962497472763,0.8769999742507935,0.7520999908447266
YCL016C,YDL178W,0,-6.7215443,0.10441718995571136,0.8769999742507935,0.7522000074386597
YPR082C,YDR302W,0,-6.7216144,0.1044047623872757,0.8769999742507935,0.7523000240325928
YLR098C,YML074C,0,-6.721622,0.10439233481884003,0.8769999742507935,0.7523999810218811
YMR272C,YML109W,0,-6.721699,0.10437990725040436,0.8769999742507935,0.7524999976158142
YGL092W,YER011W,0,-6.7219462,0.10436748713254929,0.8769999742507935,0.7526000142097473
YLL015W,YKR060W,0,-6.7222524,0.10435506701469421,0.8769999742507935,0.7526999711990356
YLR186W,YBR165W,0,-6.722271,0.10434265434741974,0.8769999742507935,0.7527999877929688
YML121W,YKL113C,0,-6.7225933,0.10433024168014526,0.8769999742507935,0.7529000043869019
YJL098W,YMR156C,1,-6.722656,0.10443677753210068,0.878000020980835,0.7529000043869019
YLR069C,YPL106C,0,-6.7226787,0.1044243574142456,0.878000020980835,0.753000020980835
YER016W,YOR204W,0,-6.7229276,0.10441193729639053,0.878000020980835,0.7530999779701233
YDR253C,YOR210W,0,-6.7230697,0.10439952462911606,0.878000020980835,0.7531999945640564
YDL174C,YDR488C,0,-6.723894,0.10438711196184158,0.878000020980835,0.7533000111579895
YLR268W,YPR161C,0,-6.724023,0.10437469929456711,0.878000020980835,0.7534000277519226
YJL111W,YOL152W,0,-6.7247024,0.10436229407787323,0.878000020980835,0.7534999847412109
YPL235W,YHL025W,0,-6.724828,0.10434989631175995,0.878000020980835,0.753600001335144
YKL141W,YGL095C,0,-6.724851,0.10433749109506607,0.878000020980835,0.7537000179290771
YBL097W,YMR123W,0,-6.724904,0.10432509332895279,0.878000020980835,0.7537999749183655
YLR129W,YHL009C,0,-6.7249236,0.1043127030134201,0.878000020980835,0.7538999915122986
YDR412W,YCL019W,0,-6.725407,0.10430030524730682,0.878000020980835,0.7540000081062317
YHR164C,YDR129C,0,-6.725463,0.10428792238235474,0.878000020980835,0.7541000247001648
YHR047C,YML032C,0,-6.725571,0.10427553206682205,0.878000020980835,0.7541999816894531
YGL100W,YOR307C,0,-6.7256837,0.10426314920186996,0.878000020980835,0.7542999982833862
YIL159W,YHR051W,0,-6.7259245,0.10425077378749847,0.878000020980835,0.7544000148773193
YDR302W,YLL003W,0,-6.7261147,0.10423839837312698,0.878000020980835,0.7544999718666077
YGR171C,YHR016C,0,-6.7263484,0.1042260229587555,0.878000020980835,0.7545999884605408
YDR427W,YLR372W,0,-6.7264833,0.104213647544384,0.878000020980835,0.7547000050544739
YDR150W,YDL097C,0,-6.726542,0.10420127958059311,0.878000020980835,0.754800021648407
YDL109C,YOR305W,0,-6.726614,0.10418891906738281,0.878000020980835,0.7548999786376953
YFR025C,YBR092C,1,-6.7267146,0.10429520905017853,0.8790000081062317,0.7548999786376953
YGR246C,YMR129W,0,-6.727098,0.10428283363580704,0.8790000081062317,0.7549999952316284
YPL059W,YPL063W,0,-6.7273154,0.10427046567201614,0.8790000081062317,0.7551000118255615
YHR215W,YIL053W,1,-6.727532,0.10437670350074768,0.8799999952316284,0.7551000118255615
YML113W,YOR149C,0,-6.7283597,0.10436432808637619,0.8799999952316284,0.7552000284194946
YLR330W,YHR092C,0,-6.7283826,0.1043519526720047,0.8799999952316284,0.755299985408783
YGL043W,YLR029C,0,-6.72852,0.10433957725763321,0.8799999952316284,0.7554000020027161
YHR176W,YDR513W,0,-6.728944,0.10432720929384232,0.8799999952316284,0.7555000185966492
YAR071W,YJL098W,1,-6.72907,0.10443338006734848,0.8809999823570251,0.7555000185966492
YGL013C,YJL127C,0,-6.7292266,0.10442100465297699,0.8809999823570251,0.7555999755859375
YNR057C,YMR013C,0,-6.7294297,0.1044086292386055,0.8809999823570251,0.7556999921798706
YMR242C,YGR042W,0,-6.729522,0.10439625382423401,0.8809999823570251,0.7558000087738037
YHR183W,YBR087W,0,-6.729608,0.10438388586044312,0.8809999823570251,0.7559000253677368
YDR126W,YDR532C,0,-6.7299232,0.10437151789665222,0.8809999823570251,0.7559999823570251
YOR044W,YJL124C,0,-6.7299767,0.10435915738344193,0.8809999823570251,0.7560999989509583
YDL006W,YER075C,1,-6.7299824,0.10446523874998093,0.8820000290870667,0.7560999989509583
YBR042C,YLR044C,0,-6.730025,0.10445286333560944,0.8820000290870667,0.7562000155448914
YMR180C,YJL098W,1,-6.730104,0.10455890744924545,0.8830000162124634,0.7562000155448914
YOR219C,YPR125W,0,-6.730141,0.10454653203487396,0.8830000162124634,0.7562999725341797
YJR032W,YJR017C,0,-6.7304473,0.10453415662050247,0.8830000162124634,0.7563999891281128
YGL071W,YBR213W,0,-6.730834,0.10452178120613098,0.8830000162124634,0.7565000057220459
YCR010C,YDL045C,0,-6.730908,0.10450940579175949,0.8830000162124634,0.756600022315979
YJR025C,YGL253W,0,-6.731417,0.1044970378279686,0.8830000162124634,0.7566999793052673
YNL127W,YCR053W,0,-6.731477,0.1044846773147583,0.8830000162124634,0.7567999958992004
YBR092C,YML016C,1,-6.7316566,0.10459063202142715,0.8840000033378601,0.7567999958992004
YHR108W,YGL181W,0,-6.731745,0.10457825660705566,0.8840000033378601,0.7569000124931335
YOR065W,YOR339C,0,-6.731938,0.10456588864326477,0.8840000033378601,0.7570000290870667
YGR283C,YPR174C,0,-6.732083,0.10455352067947388,0.8840000033378601,0.757099986076355
YHR183W,YLR303W,0,-6.732105,0.10454115271568298,0.8840000033378601,0.7572000026702881
YHR007C,YLR105C,0,-6.7322564,0.10452879220247269,0.8840000033378601,0.7573000192642212
YGL111W,YIL127C,0,-6.732551,0.10451643168926239,0.8840000033378601,0.7573999762535095
YNR007C,YOR150W,0,-6.73256,0.10450407862663269,0.8840000033378601,0.7574999928474426
YNR045W,YER081W,0,-6.7326746,0.10449172556400299,0.8840000033378601,0.7576000094413757
YJL166W,YDR486C,0,-6.7326975,0.10447937250137329,0.8840000033378601,0.7577000260353088
YKL160W,YNL292W,0,-6.732734,0.10446702688932419,0.8840000033378601,0.7577999830245972
YJR042W,YDR478W,0,-6.7327533,0.10445468872785568,0.8840000033378601,0.7578999996185303
YFR053C,YLR135W,0,-6.7330055,0.10444234311580658,0.8840000033378601,0.7580000162124634
YDL024C,YAR071W,1,-6.7337728,0.1045481413602829,0.8849999904632568,0.7580000162124634
YMR078C,YNL038W,0,-6.734121,0.1045357882976532,0.8849999904632568,0.7580999732017517
YDL030W,YLR435W,0,-6.734399,0.1045234426856041,0.8849999904632568,0.7581999897956848
YLR080W,YLR300W,0,-6.7344623,0.10451109707355499,0.8849999904632568,0.7583000063896179
YBR193C,YLR045C,0,-6.734613,0.10449875891208649,0.8849999904632568,0.758400022983551
YBR282W,YOR341W,0,-6.7346663,0.10448642075061798,0.8849999904632568,0.7584999799728394
YAL044C,YDL033C,0,-6.734672,0.10447409003973007,0.8849999904632568,0.7585999965667725
YJL219W,YCR008W,0,-6.7346983,0.10446175932884216,0.8849999904632568,0.7587000131607056
YPR186C,YGR099W,0,-6.7347894,0.10444942861795425,0.8849999904632568,0.7588000297546387
YJR150C,YNR061C,0,-6.735142,0.10443710535764694,0.8849999904632568,0.758899986743927
YMR036C,YDR436W,1,-6.7352414,0.10454276949167252,0.8859999775886536,0.758899986743927
YGR174C,YER091C,0,-6.735527,0.1045304387807846,0.8859999775886536,0.7590000033378601
YEL071W,YDR268W,0,-6.735637,0.1045181080698967,0.8859999775886536,0.7591000199317932
YER167W,YDR463W,0,-6.735917,0.10450577735900879,0.8859999775886536,0.7591999769210815
YHR050W,YMR218C,0,-6.735934,0.10449345409870148,0.8859999775886536,0.7592999935150146
YDL074C,YHR141C,0,-6.735994,0.10448113083839417,0.8859999775886536,0.7594000101089478
YPR017C,YCL031C,0,-6.736446,0.10446881502866745,0.8859999775886536,0.7595000267028809
YDR459C,YOR091W,0,-6.7366776,0.10445649921894073,0.8859999775886536,0.7595999836921692
YPL256C,YLR263W,0,-6.7371435,0.10444418340921402,0.8859999775886536,0.7597000002861023
YDR017C,YCR053W,0,-6.737217,0.1044318750500679,0.8859999775886536,0.7598000168800354
YBR286W,YIL129C,0,-6.7374506,0.10441956669092178,0.8859999775886536,0.7598999738693237
YDR163W,YHL022C,0,-6.737623,0.10440725833177567,0.8859999775886536,0.7599999904632568
YMR145C,YML133C,0,-6.7378345,0.10439495742321014,0.8859999775886536,0.7601000070571899
YFR031C-A,YLR166C,0,-6.737993,0.10438265651464462,0.8859999775886536,0.760200023651123
YLR321C,YKL018W,0,-6.73837,0.1043703630566597,0.8859999775886536,0.7602999806404114
YDR211W,YCL017C,0,-6.738421,0.10435806959867477,0.8859999775886536,0.7603999972343445
YKL138C,YBR123C,0,-6.738564,0.10434577614068985,0.8859999775886536,0.7605000138282776
YKL040C,YDL212W,0,-6.7386956,0.10433349013328552,0.8859999775886536,0.7605999708175659
YMR041C,YKL163W,0,-6.7387805,0.1043212041258812,0.8859999775886536,0.760699987411499
YPL274W,YIL126W,0,-6.738863,0.10430892556905746,0.8859999775886536,0.7608000040054321
YMR022W,YOR073W,0,-6.7393456,0.10429664701223373,0.8859999775886536,0.7609000205993652
YGL253W,YKL057C,0,-6.7396235,0.10428436845541,0.8859999775886536,0.7609999775886536
YNL087W,YDR058C,0,-6.7396264,0.10427209734916687,0.8859999775886536,0.7610999941825867
YPR002W,YJL189W,0,-6.7402234,0.10425982624292374,0.8859999775886536,0.7612000107765198
YDR180W,YDR117C,0,-6.740331,0.1042475551366806,0.8859999775886536,0.7613000273704529
YPL235W,YKL056C,0,-6.740458,0.10423529148101807,0.8859999775886536,0.7613999843597412
YDR255C,YJL069C,0,-6.7405167,0.10422303527593613,0.8859999775886536,0.7615000009536743
YER146W,YCR053W,0,-6.740582,0.10421077162027359,0.8859999775886536,0.7616000175476074
YMR299C,YDR345C,0,-6.740626,0.10419851541519165,0.8859999775886536,0.7616999745368958
YGL256W,YJL104W,0,-6.740731,0.10418626666069031,0.8859999775886536,0.7617999911308289
YDL024C,YFR040W,1,-6.7408104,0.10429159551858902,0.8870000243186951,0.7617999911308289
YMR212C,YKL043W,0,-6.7412047,0.10427933186292648,0.8870000243186951,0.761900007724762
YLL050C,YBR170C,0,-6.741287,0.10426707565784454,0.8870000243186951,0.7620000243186951
YBR276C,YIL053W,1,-6.7417417,0.10437235236167908,0.8880000114440918,0.7620000243186951
YLR377C,YOL064C,1,-6.741892,0.10447761416435242,0.8889999985694885,0.7620000243186951
YHR215W,YGR161C,1,-6.7423244,0.10458284616470337,0.8899999856948853,0.7620000243186951
YLR377C,YOR109W,1,-6.7425613,0.10468804836273193,0.890999972820282,0.7620000243186951
YDR101C,YIR019C,0,-6.742591,0.10467575490474701,0.890999972820282,0.7620999813079834
YLR300W,YJR073C,0,-6.7427235,0.10466345399618149,0.890999972820282,0.7621999979019165
YHL038C,YDR021W,0,-6.74282,0.10465116053819656,0.890999972820282,0.7623000144958496
YOR253W,YMR314W,0,-6.7428827,0.10463887453079224,0.890999972820282,0.7623999714851379
YMR237W,YDL036C,0,-6.743192,0.10462658852338791,0.890999972820282,0.762499988079071
YDR536W,YDR346C,0,-6.743196,0.10461430251598358,0.890999972820282,0.7626000046730042
YFR028C,YDL236W,1,-6.743329,0.10471941530704498,0.8920000195503235,0.7626000046730042
YOR261C,YLR141W,0,-6.743498,0.10470712184906006,0.8920000195503235,0.7627000212669373
YMR303C,YKL157W,0,-6.7435107,0.10469483584165573,0.8920000195503235,0.7627999782562256
YMR041C,YHR169W,0,-6.74352,0.1046825498342514,0.8920000195503235,0.7628999948501587
YLR103C,YGR042W,0,-6.7435937,0.10467026382684708,0.8920000195503235,0.7630000114440918
YOR327C,YPL033C,0,-6.7437224,0.10465798527002335,0.8920000195503235,0.7631000280380249
YOR026W,YMR069W,0,-6.744197,0.10464570671319962,0.8920000195503235,0.7631999850273132
YBR036C,YHR160C,0,-6.744212,0.10463342815637589,0.8920000195503235,0.7633000016212463
YKL143W,YCL048W,0,-6.744414,0.10462115705013275,0.8920000195503235,0.7634000182151794
YMR014W,YPR166C,0,-6.7445397,0.10460888594388962,0.8920000195503235,0.7634999752044678
YKL190W,YNL325C,1,-6.7445493,0.10471388697624207,0.8930000066757202,0.7634999752044678
YNL268W,YBR043C,0,-6.7446427,0.10470160841941833,0.8930000066757202,0.7635999917984009
YOR101W,YDL077C,0,-6.744711,0.1046893298625946,0.8930000066757202,0.763700008392334
YLR014C,YIL117C,0,-6.7450137,0.10467705875635147,0.8930000066757202,0.7638000249862671
YKL020C,YOL097C,0,-6.745027,0.10466478765010834,0.8930000066757202,0.7638999819755554
YHR124W,YJL187C,0,-6.7450433,0.1046525239944458,0.8930000066757202,0.7639999985694885
YCL066W,YPL242C,0,-6.7453933,0.10464026033878326,0.8930000066757202,0.7641000151634216
YFL021W,YNL088W,0,-6.745408,0.10462800413370132,0.8930000066757202,0.76419997215271
YAL022C,YJL179W,0,-6.745741,0.10461574792861938,0.8930000066757202,0.7642999887466431
YKR042W,YIL017C,0,-6.7457495,0.10460349172353745,0.8930000066757202,0.7644000053405762
YPL089C,YBR061C,0,-6.745956,0.1045912355184555,0.8930000066757202,0.7645000219345093
YGR157W,YDR164C,0,-6.7461014,0.10457899421453476,0.8930000066757202,0.7645999789237976
YAL044C,YNL334C,0,-6.7462645,0.10456674546003342,0.8930000066757202,0.7646999955177307
YJR048W,YML023C,0,-6.7462897,0.10455450415611267,0.8930000066757202,0.7648000121116638
YLR442C,YPL011C,0,-6.746555,0.10454226285219193,0.8930000066757202,0.7649000287055969
YNR020C,YLR277C,0,-6.7468047,0.10453002154827118,0.8930000066757202,0.7649999856948853
YPL013C,YPR054W,0,-6.746984,0.10451778769493103,0.8930000066757202,0.7651000022888184
YOL145C,YIL148W,0,-6.747043,0.10450556129217148,0.8930000066757202,0.7652000188827515
YOR150W,YHR147C,0,-6.747106,0.10449332743883133,0.8930000066757202,0.7652999758720398
YKL085W,YIL031W,0,-6.747623,0.10448110103607178,0.8930000066757202,0.7653999924659729
YNL316C,YLR313C,0,-6.7477674,0.10446888208389282,0.8930000066757202,0.765500009059906
YNL002C,YPR174C,0,-6.747909,0.10445666313171387,0.8930000066757202,0.7656000256538391
YDR052C,YHR148W,0,-6.7480745,0.10444444417953491,0.8930000066757202,0.7656999826431274
YJL062W,YDL093W,0,-6.7482867,0.10443223267793655,0.8930000066757202,0.7657999992370605
YBR129C,YDR416W,0,-6.748303,0.1044200211763382,0.8930000066757202,0.7659000158309937
YJR121W,YMR135C,0,-6.7485824,0.10440780967473984,0.8930000066757202,0.765999972820282
YOR377W,YBR006W,0,-6.748733,0.10439560562372208,0.8930000066757202,0.7660999894142151
YPR201W,YIL075C,0,-6.7493844,0.10438340157270432,0.8930000066757202,0.7662000060081482
YNL135C,YNL273W,0,-6.7501273,0.10437120497226715,0.8930000066757202,0.7663000226020813
YGR157W,YHR072W,0,-6.750323,0.10435900092124939,0.8930000066757202,0.7663999795913696
YPR034W,YBL004W,0,-6.7504916,0.10434681177139282,0.8930000066757202,0.7664999961853027
YHR128W,YOR084W,0,-6.750653,0.10433461517095566,0.8930000066757202,0.7666000127792358
YMR308C,YLR272C,0,-6.7507367,0.10432243347167969,0.8930000066757202,0.766700029373169
YLR449W,YLR147C,0,-6.750838,0.10431024432182312,0.8930000066757202,0.7667999863624573
YLR388W,YNL300W,0,-6.750857,0.10429806262254715,0.8930000066757202,0.7669000029563904
YMR277W,YDR074W,1,-6.751164,0.10440266132354736,0.8939999938011169,0.7669000029563904
YHR014W,YDL235C,0,-6.751184,0.1043904721736908,0.8939999938011169,0.7670000195503235
YML026C,YML133C,0,-6.7514024,0.10437828302383423,0.8939999938011169,0.7670999765396118
YNL042W,YAL022C,0,-6.7519546,0.10436610132455826,0.8939999938011169,0.7671999931335449
YJL209W,YPL243W,0,-6.752363,0.10435391962528229,0.8939999938011169,0.767300009727478
YNL231C,YDR279W,0,-6.7526345,0.10434173792600632,0.8939999938011169,0.7674000263214111
YHR168W,YBR106W,0,-6.7526474,0.10432956367731094,0.8939999938011169,0.7674999833106995
YOL123W,YIL027C,0,-6.752896,0.10431738942861557,0.8939999938011169,0.7675999999046326
YPR023C,YBR015C,0,-6.7529254,0.1043052151799202,0.8939999938011169,0.7677000164985657
YML019W,YOL120C,0,-6.75325,0.10429304838180542,0.8939999938011169,0.767799973487854
YPL021W,YPR052C,0,-6.7534604,0.10428088158369064,0.8939999938011169,0.7678999900817871
YJR151C,YGR063C,0,-6.7534614,0.10426872223615646,0.8939999938011169,0.7680000066757202
YDL145C,YNL156C,0,-6.7540646,0.10425656288862228,0.8939999938011169,0.7681000232696533
YDR264C,YDL202W,0,-6.7544346,0.1042444035410881,0.8939999938011169,0.7681999802589417
YGR225W,YOR346W,0,-6.754733,0.10423225164413452,0.8939999938011169,0.7682999968528748
YJR137C,YGR034W,0,-6.754771,0.10422009974718094,0.8939999938011169,0.7684000134468079
YBR101C,YNR048W,0,-6.7548127,0.10420794785022736,0.8939999938011169,0.7684999704360962
YCR034W,YDR088C,0,-6.754887,0.10419580340385437,0.8939999938011169,0.7685999870300293
YCR012W,YLR033W,0,-6.7550077,0.10418365895748138,0.8939999938011169,0.7687000036239624
YIL109C,YGR162W,0,-6.755098,0.104171521961689,0.8939999938011169,0.7688000202178955
YOR023C,YJL219W,0,-6.7553964,0.1041593849658966,0.8939999938011169,0.7688999772071838
YNL306W,YDR310C,0,-6.7554708,0.10414724797010422,0.8939999938011169,0.7689999938011169
YLR095C,YHR135C,0,-6.7556014,0.10413511842489243,0.8939999938011169,0.76910001039505
YCR105W,YEL034W,0,-6.7556143,0.10412298887968063,0.8939999938011169,0.7692000269889832
YLR191W,YLR221C,0,-6.75565,0.10411086678504944,0.8939999938011169,0.7692999839782715
YCR024C-A,YPR198W,0,-6.756287,0.10409874469041824,0.8939999938011169,0.7694000005722046
YDR052C,YHR096C,0,-6.7563596,0.10408662259578705,0.8939999938011169,0.7695000171661377
YPL164C,YDR529C,0,-6.7566867,0.10407450795173645,0.8939999938011169,0.769599974155426
YKR076W,YIL061C,0,-6.7571354,0.10406239330768585,0.8939999938011169,0.7696999907493591
YMR113W,YBR162W-A,0,-6.757497,0.10405027866363525,0.8939999938011169,0.7698000073432922
YFL014W,YNR049C,0,-6.7578616,0.10403817147016525,0.8939999938011169,0.7699000239372253
YDR179C,YCR044C,0,-6.758015,0.10402606427669525,0.8939999938011169,0.7699999809265137
YAL056W,YLR034C,0,-6.75803,0.10401396453380585,0.8939999938011169,0.7700999975204468
YFL009W,YLR048W,0,-6.75808,0.10400186479091644,0.8939999938011169,0.7702000141143799
YLR216C,YDR167W,0,-6.75814,0.10398976504802704,0.8939999938011169,0.7702999711036682
YPL202C,YBR251W,0,-6.7582197,0.10397767275571823,0.8939999938011169,0.7703999876976013
YMR083W,YKL034W,0,-6.758263,0.10396558046340942,0.8939999938011169,0.7705000042915344
YML077W,YPL208W,0,-6.758353,0.10395348817110062,0.8939999938011169,0.7706000208854675
YLR435W,YDR135C,0,-6.7586527,0.1039414033293724,0.8939999938011169,0.7706999778747559
YDL164C,YIL018W,0,-6.758711,0.1039293184876442,0.8939999938011169,0.770799994468689
YLR377C,YER133W,1,-6.7588553,0.10403347760438919,0.8949999809265137,0.770799994468689
YFL031W,YGL179C,0,-6.7589607,0.10402138531208038,0.8949999809265137,0.7709000110626221
YER007W,YDL120W,0,-6.75942,0.10400930047035217,0.8949999809265137,0.7710000276565552
YNL298W,YPL180W,0,-6.7596617,0.10399720817804337,0.8949999809265137,0.7710999846458435
YJL104W,YGL063W,0,-6.760422,0.10398513078689575,0.8949999809265137,0.7712000012397766
YLR189C,YIL103W,0,-6.7606435,0.10397304594516754,0.8949999809265137,0.7713000178337097
YDR188W,YBL004W,0,-6.7606454,0.10396096855401993,0.8949999809265137,0.771399974822998
YGR123C,YDL230W,1,-6.760673,0.10406503826379776,0.8960000276565552,0.771399974822998
YDR461W,YNL329C,0,-6.760755,0.10405295342206955,0.8960000276565552,0.7714999914169312
YHR047C,YBR087W,0,-6.7609525,0.10404087603092194,0.8960000276565552,0.7716000080108643
YAR018C,YPL144W,0,-6.7613664,0.10402879118919373,0.8960000276565552,0.7717000246047974
YOR261C,YCR081W,0,-6.761437,0.10401671379804611,0.8960000276565552,0.7717999815940857
YMR078C,YJR150C,0,-6.7614427,0.1040046438574791,0.8960000276565552,0.7718999981880188
YLR318W,YLL003W,0,-6.761697,0.10399257391691208,0.8960000276565552,0.7720000147819519
YOR178C,YPL156C,0,-6.7617583,0.10398050397634506,0.8960000276565552,0.7720999717712402
YGR225W,YGL086W,0,-6.7617736,0.10396844148635864,0.8960000276565552,0.7721999883651733
YDR163W,YPL254W,0,-6.7618275,0.10395637899637222,0.8960000276565552,0.7723000049591064
YOL089C,YNL117W,0,-6.761875,0.1039443165063858,0.8960000276565552,0.7724000215530396
YHR082C,YHR149C,0,-6.762171,0.10393226146697998,0.8960000276565552,0.7724999785423279
YBR155W,YPL059W,0,-6.762313,0.10392020642757416,0.8960000276565552,0.772599995136261
YDL059C,YOR167C,0,-6.762377,0.10390815138816833,0.8960000276565552,0.7727000117301941
YKL120W,YHR152W,0,-6.762378,0.10389610379934311,0.8960000276565552,0.7728000283241272
YDR432W,YCR024C,0,-6.7628665,0.10388405621051788,0.8960000276565552,0.7728999853134155
YFL014W,YPL246C,0,-6.762878,0.10387201607227325,0.8960000276565552,0.7730000019073486
YBR059C,YER113C,0,-6.763244,0.10385997593402863,0.8960000276565552,0.7731000185012817
YOR266W,YGR006W,0,-6.763415,0.103847935795784,0.8960000276565552,0.7731999754905701
YDL209C,YCR012W,0,-6.763445,0.10383590310811996,0.8960000276565552,0.7732999920845032
YLR061W,YOR117W,0,-6.763592,0.10382387042045593,0.8960000276565552,0.7734000086784363
YBL069W,YLR258W,0,-6.7643037,0.1038118377327919,0.8960000276565552,0.7735000252723694
YER109C,YDL111C,0,-6.764576,0.10379981249570847,0.8960000276565552,0.7735999822616577
YDR219C,YPL029W,0,-6.765206,0.10378779470920563,0.8960000276565552,0.7736999988555908
YOR002W,YJL069C,0,-6.765236,0.10377576947212219,0.8960000276565552,0.7738000154495239
YKL201C,YGL044C,0,-6.7652597,0.10376375168561935,0.8960000276565552,0.7738999724388123
YOL093W,YBR012W-A,0,-6.7654223,0.10375173389911652,0.8960000276565552,0.7739999890327454
YKL186C,YDL110C,0,-6.7655334,0.10373972356319427,0.8960000276565552,0.7741000056266785
YFL039C,YOR122C,0,-6.7656913,0.10372771322727203,0.8960000276565552,0.7742000222206116
YHR073W,YPL154C,0,-6.765904,0.10371571034193039,0.8960000276565552,0.7742999792098999
YDL004W,YNR011C,0,-6.7659936,0.10370370000600815,0.8960000276565552,0.774399995803833
YNL278W,YJL146W,0,-6.7663198,0.1036917045712471,0.8960000276565552,0.7745000123977661
YMR058W,YLR066W,0,-6.766579,0.10367970168590546,0.8960000276565552,0.7746000289916992
YDR339C,YDR178W,0,-6.766675,0.10366770625114441,0.8960000276565552,0.7746999859809875
YML019W,YJL045W,0,-6.7670107,0.10365571826696396,0.8960000276565552,0.7748000025749207
YGL213C,YNL241C,0,-6.7670393,0.10364372283220291,0.8960000276565552,0.7749000191688538
YKL190W,YDR284C,1,-6.7672725,0.1037473976612091,0.8970000147819519,0.7749000191688538
YFL044C,YDR341C,0,-6.7674184,0.10373540222644806,0.8970000147819519,0.7749999761581421
YLR233C,YDL028C,0,-6.7674637,0.10372340679168701,0.8970000147819519,0.7750999927520752
YBR176W,YBR247C,0,-6.76765,0.10371141135692596,0.8970000147819519,0.7752000093460083
YBL023C,YJL012C,0,-6.7677407,0.10369942337274551,0.8970000147819519,0.7753000259399414
YLR129W,YOL052C,0,-6.76796,0.10368743538856506,0.8970000147819519,0.7753999829292297
YNL190W,YNR048W,0,-6.7679935,0.10367544740438461,0.8970000147819519,0.7754999995231628
YBR162C,YIL080W,0,-6.7680335,0.10366346687078476,0.8970000147819519,0.775600016117096
YNL078W,YNL047C,0,-6.7680736,0.1036514937877655,0.8970000147819519,0.7756999731063843
YFR025C,YHR076W,1,-6.768331,0.10375505685806274,0.8980000019073486,0.7756999731063843
YIR017C,YLR442C,0,-6.7683845,0.1037430688738823,0.8980000019073486,0.7757999897003174
YHR147C,YBR105C,0,-6.7690873,0.10373108834028244,0.8980000019073486,0.7759000062942505
YLR377C,YHR046C,1,-6.769569,0.1038346067070961,0.8989999890327454,0.7759000062942505
YNL090W,YIL016W,0,-6.769602,0.10382261127233505,0.8989999890327454,0.7760000228881836
YDR466W,YNR037C,0,-6.769736,0.1038106232881546,0.8989999890327454,0.7760999798774719
YPR024W,YGL157W,0,-6.7698073,0.10379863530397415,0.8989999890327454,0.776199996471405
YLR440C,YOR081C,0,-6.7698503,0.1037866547703743,0.8989999890327454,0.7763000130653381
YKR093W,YHR090C,0,-6.7699456,0.10377467423677444,0.8989999890327454,0.7764000296592712
YOL112W,YDR050C,0,-6.769959,0.10376269370317459,0.8989999890327454,0.7764999866485596
YNL149C,YNL012W,0,-6.769985,0.10375072062015533,0.8989999890327454,0.7766000032424927
YDR302W,YIL077C,0,-6.770123,0.10373874753713608,0.8989999890327454,0.7767000198364258
YLR377C,YML016C,1,-6.770168,0.10384216159582138,0.8999999761581421,0.7767000198364258
YGR171C,YDL014W,0,-6.771065,0.10383018106222153,0.8999999761581421,0.7767999768257141
YFL039C,YLR227C,0,-6.771397,0.10381820052862167,0.8999999761581421,0.7768999934196472
YGR129W,YKL027W,0,-6.7718105,0.10380622744560242,0.8999999761581421,0.7770000100135803
YER117W,YNL154C,0,-6.772741,0.10379425436258316,0.8999999761581421,0.7771000266075134
YIR021W,YAL015C,0,-6.7738395,0.1037822887301445,0.8999999761581421,0.7771999835968018
YGR188C,YMR200W,0,-6.773867,0.10377032309770584,0.8999999761581421,0.7773000001907349
YLR353W,YPL096W,0,-6.7740197,0.10375835746526718,0.8999999761581421,0.777400016784668
YKR067W,YDR292C,0,-6.7740207,0.10374639928340912,0.8999999761581421,0.7774999737739563
YIL009W,YDR129C,0,-6.7742257,0.10373444110155106,0.8999999761581421,0.7775999903678894
YML113W,YBR231C,0,-6.774236,0.103722482919693,0.8999999761581421,0.7777000069618225
YDR174W,YHL004W,0,-6.774311,0.10371053218841553,0.8999999761581421,0.7778000235557556
YNL233W,YCR097W,0,-6.7744346,0.10369858145713806,0.8999999761581421,0.777899980545044
YNL299W,YDR451C,0,-6.774488,0.10368663817644119,0.8999999761581421,0.777999997138977
YBR233W-A,YDR279W,0,-6.7745795,0.10367469489574432,0.8999999761581421,0.7781000137329102
YHR019C,YCR033W,0,-6.77493,0.10366275161504745,0.8999999761581421,0.7781999707221985
YDL045W-A,YGR135W,0,-6.775103,0.10365080833435059,0.8999999761581421,0.7782999873161316
YHR190W,YCR003W,0,-6.775107,0.10363887250423431,0.8999999761581421,0.7784000039100647
YJL207C,YDR033W,0,-6.7754354,0.10362694412469864,0.8999999761581421,0.7785000205039978
YDR436W,YCR079W,1,-6.775481,0.10373014211654663,0.9010000228881836,0.7785000205039978
YNR022C,YHR201C,0,-6.7760577,0.10371819883584976,0.9010000228881836,0.7785999774932861
YCR003W,YPL154C,0,-6.7761145,0.10370626300573349,0.9010000228881836,0.7786999940872192
YER127W,YCR061W,0,-6.7761345,0.10369432717561722,0.9010000228881836,0.7788000106811523
YAL043C,YPL273W,0,-6.7761583,0.10368239134550095,0.9010000228881836,0.7789000272750854
YKR035W-A,YKL065C,0,-6.776296,0.10367046296596527,0.9010000228881836,0.7789999842643738
YDR036C,YPL124W,0,-6.776418,0.1036585345864296,0.9010000228881836,0.7791000008583069
YBR091C,YBR212W,0,-6.7765884,0.10364661365747452,0.9010000228881836,0.77920001745224
YHL047C,YLR155C,0,-6.7768455,0.10363469272851944,0.9010000228881836,0.7792999744415283
YDR129C,YML052W,0,-6.777494,0.10362277179956436,0.9010000228881836,0.7793999910354614
YDR216W,YMR042W,0,-6.777527,0.10361085832118988,0.9010000228881836,0.7795000076293945
YCR079W,YER075C,1,-6.777948,0.10371392220258713,0.9020000100135803,0.7795000076293945
YJL074C,YLL048C,0,-6.7780175,0.10370200127363205,0.9020000100135803,0.7796000242233276
YBR200W,YLR142W,0,-6.778073,0.10369008034467697,0.9020000100135803,0.779699981212616
YPR020W,YML005W,0,-6.7782817,0.1036781594157219,0.9020000100135803,0.7797999978065491
YPR029C,YKL148C,0,-6.7785106,0.10366624593734741,0.9020000100135803,0.7799000144004822
YDR480W,YOR294W,0,-6.778626,0.10365433245897293,0.9020000100135803,0.7799999713897705
YKR093W,YEL040W,0,-6.7789216,0.10364241898059845,0.9020000100135803,0.7800999879837036
YDR353W,YMR104C,0,-6.7793264,0.10363051295280457,0.9020000100135803,0.7802000045776367
YDR350C,YGL169W,0,-6.7793612,0.10361860692501068,0.9020000100135803,0.7803000211715698
YMR299C,YAR035W,0,-6.7795386,0.1036067083477974,0.9020000100135803,0.7803999781608582
YJL111W,YOR348C,0,-6.7800293,0.1035948097705841,0.9020000100135803,0.7804999947547913
YPL010W,YKL141W,0,-6.780293,0.10358291119337082,0.9020000100135803,0.7806000113487244
YLR075W,YGR271W,0,-6.7808366,0.10357102006673813,0.9020000100135803,0.7807000279426575
YER030W,YBR183W,0,-6.780879,0.10355912894010544,0.9020000100135803,0.7807999849319458
YDL222C,YLR145W,0,-6.7809863,0.10354723781347275,0.9020000100135803,0.7809000015258789
YBR205W,YOR043W,0,-6.781016,0.10353535413742065,0.9020000100135803,0.781000018119812
YNL162W,YKL211C,0,-6.7811313,0.10352347046136856,0.9020000100135803,0.7810999751091003
YJL042W,YGR215W,0,-6.781358,0.10351159423589706,0.9020000100135803,0.7811999917030334
YHR149C,YMR218C,0,-6.781834,0.10349971055984497,0.9020000100135803,0.7813000082969666
YNR027W,YPL144W,0,-6.781967,0.10348784178495407,0.9020000100135803,0.7814000248908997
YGR087C,YNL070W,0,-6.7820344,0.10347596555948257,0.9020000100135803,0.781499981880188
YDR450W,YIL067C,0,-6.782244,0.10346409678459167,0.9020000100135803,0.7815999984741211
YBR093C,YER075C,1,-6.7823343,0.10356692224740982,0.902999997138977,0.7815999984741211
YOR202W,YKL198C,0,-6.782471,0.10355504602193832,0.902999997138977,0.7817000150680542
YPR031W,YFL034C-A,0,-6.7826715,0.10354316979646683,0.902999997138977,0.7817999720573425
YOR260W,YIL027C,0,-6.782857,0.10353130102157593,0.902999997138977,0.7818999886512756
YDL002C,YLR024C,0,-6.78295,0.10351943224668503,0.902999997138977,0.7820000052452087
YBR145W,YLR457C,0,-6.78311,0.10350756347179413,0.902999997138977,0.7821000218391418
YPL134C,YER094C,0,-6.7831893,0.10349570214748383,0.902999997138977,0.7821999788284302
YPL259C,YPL132W,0,-6.783342,0.10348384082317352,0.902999997138977,0.7822999954223633
YJL219W,YGR119C,0,-6.783375,0.10347198694944382,0.902999997138977,0.7824000120162964
YBL033C,YDR450W,0,-6.783608,0.10346012562513351,0.902999997138977,0.7825000286102295
YDR350C,YER091C,0,-6.783637,0.1034482792019844,0.902999997138977,0.7825999855995178
YML016C,YGR161C,1,-6.783813,0.1035509705543518,0.9039999842643738,0.7825999855995178
YIL159W,YPL082C,0,-6.784071,0.1035391166806221,0.9039999842643738,0.7827000021934509
YPL048W,YHR057C,0,-6.7840867,0.1035272553563118,0.9039999842643738,0.782800018787384
YBL032W,YMR195W,0,-6.784523,0.10351540148258209,0.9039999842643738,0.7828999757766724
YPL235W,YKL141W,0,-6.7846904,0.10350354760885239,0.9039999842643738,0.7829999923706055
YOR141C,YMR080C,0,-6.7846947,0.10349170118570328,0.9039999842643738,0.7831000089645386
YGL053W,YBL055C,0,-6.7853227,0.10347985476255417,0.9039999842643738,0.7832000255584717
YIL051C,YDR515W,0,-6.7853675,0.10346800833940506,0.9039999842643738,0.78329998254776
YJL063C,YBR108W,0,-6.7855916,0.10345616936683655,0.9039999842643738,0.7833999991416931
YMR283C,YCR024C,0,-6.7860694,0.10344433039426804,0.9039999842643738,0.7835000157356262
YBL032W,YCR027C,0,-6.786177,0.10343249142169952,0.9039999842643738,0.7835999727249146
YDL135C,YDR394W,0,-6.7862067,0.10342065989971161,0.9039999842643738,0.7836999893188477
YOL123W,YKL124W,0,-6.78634,0.1034088283777237,0.9039999842643738,0.7838000059127808
YBR059C,YJL111W,0,-6.786441,0.10339700430631638,0.9039999842643738,0.7839000225067139
YHR052W,YNL088W,0,-6.7865767,0.10338518023490906,0.9039999842643738,0.7839999794960022
YMR036C,YGR123C,1,-6.7865825,0.10348770767450333,0.9049999713897705,0.7839999794960022
YAR071W,YGR161C,1,-6.786608,0.1035902127623558,0.906000018119812,0.7839999794960022
YDL052C,YGL162W,0,-6.7867074,0.1035783663392067,0.906000018119812,0.7840999960899353
YKR058W,YBR091C,0,-6.7867484,0.10356652736663818,0.906000018119812,0.7842000126838684
YHR038W,YGL232W,0,-6.7869644,0.10355468839406967,0.906000018119812,0.7843000292778015
YOL041C,YHR031C,0,-6.7869897,0.10354285687208176,0.906000018119812,0.7843999862670898
YOR087W,YNL092W,0,-6.7871413,0.10353102535009384,0.906000018119812,0.784500002861023
YMR202W,YER004W,0,-6.7873244,0.10351919382810593,0.906000018119812,0.784600019454956
YNL052W,YDR117C,0,-6.78733,0.10350736975669861,0.906000018119812,0.7846999764442444
YBR106W,YDR498C,0,-6.7881465,0.10349554568529129,0.906000018119812,0.7847999930381775
YHR165C,YLR066W,0,-6.7895684,0.10348372161388397,0.906000018119812,0.7849000096321106
YKL150W,YPR086W,0,-6.7896743,0.10347190499305725,0.906000018119812,0.7850000262260437
YNR060W,YOR261C,0,-6.7904277,0.10346008837223053,0.906000018119812,0.785099983215332
YGR286C,YFL053W,0,-6.7908063,0.1034482792019844,0.906000018119812,0.7851999998092651
YBR149W,YOR266W,0,-6.790876,0.10343646258115768,0.906000018119812,0.7853000164031982
YIL155C,YGR169C,0,-6.791003,0.10342466086149216,0.906000018119812,0.7853999733924866
YNL052W,YPL237W,0,-6.791079,0.10341285169124603,0.906000018119812,0.7854999899864197
YHR215W,YJL098W,1,-6.7911415,0.10351517796516418,0.9070000052452087,0.7854999899864197
YGR204W,YDR380W,0,-6.7912107,0.10350336879491806,0.9070000052452087,0.7856000065803528
YPR176C,YLR308W,0,-6.7912126,0.10349155962467194,0.9070000052452087,0.7857000231742859
YNR035C,YGL089C,0,-6.791252,0.10347975045442581,0.9070000052452087,0.7857999801635742
YLL010C,YNL217W,1,-6.7912803,0.10358202457427979,0.9079999923706055,0.7857999801635742
YKL035W,YGR241C,0,-6.791661,0.10357020795345306,0.9079999923706055,0.7858999967575073
YHR079C,YLR142W,0,-6.791961,0.10355839133262634,0.9079999923706055,0.7860000133514404
YPR067W,YBL004W,0,-6.7921596,0.10354658216238022,0.9079999923706055,0.7860999703407288
YGR037C,YPR019W,0,-6.79228,0.10353478044271469,0.9079999923706055,0.7861999869346619
YDR301W,YPL181W,0,-6.7924714,0.10352297127246857,0.9079999923706055,0.786300003528595
YDR517W,YGR179C,0,-6.7925363,0.10351116955280304,0.9079999923706055,0.7864000201225281
YBL025W,YPR063C,0,-6.7926927,0.10349937528371811,0.9079999923706055,0.7864999771118164
YDR448W,YPL091W,0,-6.792749,0.10348757356405258,0.9079999923706055,0.7865999937057495
YMR075W,YGR082W,0,-6.792852,0.10347578674554825,0.9079999923706055,0.7867000102996826
YGL195W,YPL249C-A,0,-6.792905,0.10346399247646332,0.9079999923706055,0.7868000268936157
YLR213C,YKR060W,0,-6.7932057,0.10345220565795898,0.9079999923706055,0.786899983882904
YHR133C,YPL096W,0,-6.7933526,0.10344041883945465,0.9079999923706055,0.7870000004768372
YEL034W,YMR204C,0,-6.793527,0.10342863947153091,0.9079999923706055,0.7871000170707703
YER145C,YHR006W,0,-6.793591,0.10341686010360718,0.9079999923706055,0.7871999740600586
YLR121C,YKL214C,0,-6.794133,0.10340508073568344,0.9079999923706055,0.7872999906539917
YMR251W-A,YHR023W,0,-6.7942443,0.1033933013677597,0.9079999923706055,0.7874000072479248
YOR160W,YPR094W,0,-6.794728,0.10338152945041656,0.9079999923706055,0.7875000238418579
YOR156C,YOR347C,0,-6.795469,0.10336976498365402,0.9079999923706055,0.7875999808311462
YMR037C,YJL179W,0,-6.795723,0.10335799306631088,0.9079999923706055,0.7876999974250793
YJR121W,YBL026W,0,-6.7959614,0.10334623605012894,0.9079999923706055,0.7878000140190125
YHR132C,YBR079C,0,-6.7959757,0.1033344715833664,0.9079999923706055,0.7878999710083008
YOR335C,YJL012C,0,-6.795995,0.10332271456718445,0.9079999923706055,0.7879999876022339
YDL214C,YCR084C,0,-6.7961774,0.1033109575510025,0.9079999923706055,0.788100004196167
YDL226C,YER083C,0,-6.796422,0.10329920053482056,0.9079999923706055,0.7882000207901001
YMR091C,YDL036C,0,-6.7964396,0.10328745096921921,0.9079999923706055,0.7882999777793884
YOR328W,YHR020W,0,-6.7965503,0.10327570885419846,0.9079999923706055,0.7883999943733215
YPL228W,YER075C,1,-6.796713,0.10337768495082855,0.9089999794960022,0.7883999943733215
YPR030W,YLL003W,0,-6.796762,0.1033659279346466,0.9089999794960022,0.7885000109672546
YNL103W,YBL057C,0,-6.797109,0.10335417836904526,0.9089999794960022,0.7886000275611877
YMR235C,YKL175W,0,-6.7973294,0.10334242880344391,0.9089999794960022,0.7886999845504761
YGR003W,YKL080W,0,-6.797589,0.10333067923784256,0.9089999794960022,0.7888000011444092
YDR272W,YKL214C,0,-6.7978435,0.10331893712282181,0.9089999794960022,0.7889000177383423
YOR332W,YLR200W,0,-6.7978673,0.10330719500780106,0.9089999794960022,0.7889999747276306
YAL061W,YOR112W,0,-6.7981763,0.1032954528927803,0.9089999794960022,0.7890999913215637
YBR164C,YLR035C,0,-6.798907,0.10328371822834015,0.9089999794960022,0.7892000079154968
YPR186C,YDR541C,0,-6.798918,0.1032719835639,0.9089999794960022,0.7893000245094299
YMR237W,YIL027C,0,-6.799109,0.10326024889945984,0.9089999794960022,0.7893999814987183
YDR184C,YAR018C,0,-6.799266,0.10324852168560028,0.9089999794960022,0.7894999980926514
YDL146W,YGR034W,0,-6.799279,0.10323679447174072,0.9089999794960022,0.7896000146865845
YCR052W,YER011W,0,-6.7993608,0.10322507470846176,0.9089999794960022,0.7896999716758728
YGL245W,YPR100W,0,-6.800225,0.1032133549451828,0.9089999794960022,0.7897999882698059
YLL043W,YAR018C,0,-6.800443,0.10320163518190384,0.9089999794960022,0.789900004863739
YNL103W,YOR064C,0,-6.8010364,0.10318992286920547,0.9089999794960022,0.7900000214576721
YDR492W,YNL264C,0,-6.8011465,0.10317820310592651,0.9089999794960022,0.7900999784469604
YGL200C,YCR053W,0,-6.8013186,0.10316649824380875,0.9089999794960022,0.7901999950408936
YDR312W,YIL047C,0,-6.801843,0.10315478593111038,0.9089999794960022,0.7903000116348267
YPL082C,YNL162W,0,-6.801986,0.10314308106899261,0.9089999794960022,0.7904000282287598
YDL209C,YGR270W,0,-6.802178,0.10313138365745544,0.9089999794960022,0.7904999852180481
YPR188C,YBR283C,0,-6.8022532,0.10311967879533768,0.9089999794960022,0.7906000018119812
YCL025C,YNL067W,0,-6.802492,0.1031079888343811,0.9089999794960022,0.7907000184059143
YNL182C,YLL002W,0,-6.8025866,0.10309629142284393,0.9089999794960022,0.7907999753952026
YOR167C,YAR042W,0,-6.802695,0.10308460146188736,0.9089999794960022,0.7908999919891357
YOL111C,YDR103W,0,-6.8027883,0.10307291150093079,0.9089999794960022,0.7910000085830688
YER091C,YER117W,0,-6.802857,0.10306122153997421,0.9089999794960022,0.791100025177002
YPR124W,YDR052C,0,-6.8028646,0.10304953902959824,0.9089999794960022,0.7911999821662903
YLR145W,YOR187W,0,-6.8029304,0.10303785651922226,0.9089999794960022,0.7912999987602234
YCR091W,YOR357C,0,-6.8029504,0.10302618145942688,0.9089999794960022,0.7914000153541565
YJL134W,YOR014W,1,-6.803183,0.10312782973051071,0.9100000262260437,0.7914000153541565
YGL200C,YNR046W,0,-6.803619,0.10311614722013474,0.9100000262260437,0.7914999723434448
YGL020C,YPR154W,0,-6.803874,0.10310446470975876,0.9100000262260437,0.7915999889373779
YNR032W,YIL053W,1,-6.8040743,0.1032060757279396,0.9110000133514404,0.7915999889373779
YGL097W,YHR070W,0,-6.8041825,0.10319437831640244,0.9110000133514404,0.791700005531311
YDL064W,YGL212W,0,-6.804845,0.10318269580602646,0.9110000133514404,0.7918000221252441
YLR056W,YLR362W,0,-6.8049064,0.10317100584506989,0.9110000133514404,0.7918999791145325
YGL078C,YGL243W,0,-6.80549,0.10315932333469391,0.9110000133514404,0.7919999957084656
YDL198C,YAR018C,0,-6.8060365,0.10314764827489853,0.9110000133514404,0.7921000123023987
YPR124W,YDL046W,0,-6.8060794,0.10313596576452255,0.9110000133514404,0.7922000288963318
YFL023W,YMR197C,0,-6.806262,0.10312429070472717,0.9110000133514404,0.7922999858856201
YIL041W,YCR053W,0,-6.806315,0.10311262309551239,0.9110000133514404,0.7924000024795532
YDR255C,YGR081C,0,-6.8064065,0.10310094803571701,0.9110000133514404,0.7925000190734863
YDR454C,YNL092W,0,-6.807709,0.10308928042650223,0.9110000133514404,0.7925999760627747
YPL090C,YGL066W,0,-6.808245,0.10307762026786804,0.9110000133514404,0.7926999926567078
YKL013C,YLR067C,0,-6.8082776,0.10306596010923386,0.9110000133514404,0.7928000092506409
YPL134C,YPR161C,0,-6.8090334,0.10305429995059967,0.9110000133514404,0.792900025844574
YGL018C,YGR193C,0,-6.8090563,0.10304263979196548,0.9110000133514404,0.7929999828338623
YJL194W,YPL117C,0,-6.809276,0.1030309870839119,0.9110000133514404,0.7930999994277954
YDR110W,YDR013W,0,-6.8093348,0.1030193343758583,0.9110000133514404,0.7932000160217285
YOL146W,YOR115C,0,-6.809336,0.10300768911838531,0.9110000133514404,0.7932999730110168
YBR026C,YBR034C,0,-6.809447,0.10299604386091232,0.9110000133514404,0.79339998960495
YKL112W,YJL042W,0,-6.8094506,0.10298439860343933,0.9110000133514404,0.7935000061988831
YCR097W,YDL007W,0,-6.810562,0.10297276079654694,0.9110000133514404,0.7936000227928162
YKL213C,YPL143W,0,-6.8108873,0.10296112298965454,0.9110000133514404,0.7936999797821045
YGL089C,YFL034C-B,0,-6.811235,0.10294948518276215,0.9110000133514404,0.7937999963760376
YOL117W,YDR451C,0,-6.811285,0.10293785482645035,0.9110000133514404,0.7939000129699707
YPR119W,YKL191W,0,-6.811309,0.10292622447013855,0.9110000133514404,0.7940000295639038
YPR168W,YIL074C,0,-6.8113885,0.10291459411382675,0.9110000133514404,0.7940999865531921
YOR346W,YIL075C,0,-6.811767,0.10290297120809555,0.9110000133514404,0.7942000031471252
YBR236C,YNL263C,0,-6.8120413,0.10289134830236435,0.9110000133514404,0.7943000197410583
YKL172W,YDR536W,0,-6.812709,0.10287972539663315,0.9110000133514404,0.7943999767303467
YHL020C,YLR321C,0,-6.8127694,0.10286810994148254,0.9110000133514404,0.7944999933242798
YMR058W,YPL157W,0,-6.8129096,0.10285649448633194,0.9110000133514404,0.7946000099182129
YGR081C,YOR089C,0,-6.8129497,0.10284488648176193,0.9110000133514404,0.794700026512146
YDR284C,YIL053W,1,-6.813068,0.10294615477323532,0.9120000004768372,0.794700026512146
YLR129W,YGL084C,0,-6.8132825,0.10293453931808472,0.9120000004768372,0.7947999835014343
YKL060C,YLR244C,0,-6.8141046,0.10292292386293411,0.9120000004768372,0.7949000000953674
YNL132W,YDR186C,0,-6.8147054,0.10291130840778351,0.9120000004768372,0.7950000166893005
YMR036C,YBR022W,1,-6.814913,0.10301252454519272,0.9129999876022339,0.7950000166893005
YBR193C,YKL006W,0,-6.814929,0.10300090163946152,0.9129999876022339,0.7950999736785889
YER112W,YOR348C,0,-6.8151565,0.10298928618431091,0.9129999876022339,0.795199990272522
YDL145C,YLL051C,0,-6.815174,0.10297767072916031,0.9129999876022339,0.7953000068664551
YGR222W,YDL214C,0,-6.815229,0.1029660552740097,0.9129999876022339,0.7954000234603882
YIL094C,YLR151C,0,-6.815268,0.1029544398188591,0.9129999876022339,0.7954999804496765
YLR190W,YHL004W,0,-6.815422,0.10294283181428909,0.9129999876022339,0.7955999970436096
YPL256C,YOR033C,0,-6.815603,0.10293123126029968,0.9129999876022339,0.7957000136375427
YNL279W,YNL300W,0,-6.8158574,0.10291962325572968,0.9129999876022339,0.795799970626831
YOL119C,YDR167W,0,-6.8158765,0.10290802270174026,0.9129999876022339,0.7958999872207642
YLR406C,YPR118W,0,-6.81595,0.10289642959833145,0.9129999876022339,0.7960000038146973
YBL082C,YNL166C,0,-6.816509,0.10288482904434204,0.9129999876022339,0.7961000204086304
YLR238W,YMR117C,0,-6.816849,0.10287323594093323,0.9129999876022339,0.7961999773979187
YER032W,YKR020W,0,-6.8169575,0.10286165028810501,0.9129999876022339,0.7962999939918518
YHR141C,YPR036W,0,-6.816975,0.1028500646352768,0.9129999876022339,0.7964000105857849
YJL134W,YNL217W,1,-6.817221,0.10295111685991287,0.9139999747276306,0.7964000105857849
YPR052C,YKL124W,0,-6.8174424,0.10293952375650406,0.9139999747276306,0.796500027179718
YHR094C,YLR382C,0,-6.817682,0.10292793065309525,0.9139999747276306,0.7965999841690063
YOL146W,YEL065W,0,-6.817983,0.10291633754968643,0.9139999747276306,0.7967000007629395
YPL240C,YFR005C,0,-6.818054,0.10290475189685822,0.9139999747276306,0.7968000173568726
YLR421C,YIL008W,0,-6.8183045,0.10289316624403,0.9139999747276306,0.7968999743461609
YNL153C,YBL006C,0,-6.8184643,0.10288158804178238,0.9139999747276306,0.796999990940094
YJR082C,YPL244C,0,-6.818848,0.10287000238895416,0.9139999747276306,0.7971000075340271
YPR190C,YDR394W,0,-6.8196254,0.10285843163728714,0.9139999747276306,0.7972000241279602
YKL190W,YGL224C,1,-6.819666,0.10295937955379486,0.9150000214576721,0.7972000241279602
YLR121C,YNL181W,0,-6.819672,0.10294779390096664,0.9150000214576721,0.7972999811172485
YHR201C,YDR201W,0,-6.820047,0.10293621569871902,0.9150000214576721,0.7973999977111816
YGL029W,YGR209C,0,-6.820255,0.1029246374964714,0.9150000214576721,0.7975000143051147
YGR177C,YDL108W,0,-6.8208776,0.10291305929422379,0.9150000214576721,0.7975999712944031
YMR004W,YNL045W,0,-6.821058,0.10290148109197617,0.9150000214576721,0.7976999878883362
YLL031C,YPL239W,0,-6.821372,0.10288991034030914,0.9150000214576721,0.7978000044822693
YDR513W,YIL139C,0,-6.8216004,0.10287834703922272,0.9150000214576721,0.7979000210762024
YIL110W,YNL069C,0,-6.8217998,0.1028667762875557,0.9150000214576721,0.7979999780654907
YBL074C,YDR496C,0,-6.821916,0.10285521298646927,0.9150000214576721,0.7980999946594238
YEL030W,YPR004C,0,-6.822142,0.10284365713596344,0.9150000214576721,0.7982000112533569
YDR293C,YNL070W,0,-6.8223743,0.10283209383487701,0.9150000214576721,0.79830002784729
YCL067C,YNL241C,0,-6.8223886,0.10282053798437119,0.9150000214576721,0.7983999848365784
YDR469W,YHR117W,0,-6.822562,0.10280898958444595,0.9150000214576721,0.7985000014305115
YDR384C,YIL041W,0,-6.822779,0.10279744118452072,0.9150000214576721,0.7986000180244446
YPL132W,YDR071C,0,-6.822994,0.10278589278459549,0.9150000214576721,0.7986999750137329
YGR057C,YNR045W,0,-6.823033,0.10277434438467026,0.9150000214576721,0.798799991607666
YMR078C,YDR079W,0,-6.823236,0.10276280343532562,0.9150000214576721,0.7989000082015991
YDL031W,YHR010W,0,-6.823274,0.10275126248598099,0.9150000214576721,0.7990000247955322
YER002W,YER023W,0,-6.823296,0.10273972898721695,0.9150000214576721,0.7990999817848206
YLR258W,YBL007C,0,-6.823508,0.10272818803787231,0.9150000214576721,0.7991999983787537
YLR095C,YNR052C,0,-6.823667,0.10271666198968887,0.9150000214576721,0.7993000149726868
YGL106W,YOL117W,0,-6.8237057,0.10270512849092484,0.9150000214576721,0.7993999719619751
YGR240C,YPL010W,0,-6.8239837,0.1026936024427414,0.9150000214576721,0.7994999885559082
YBR070C,YDR346C,0,-6.8239884,0.10268207639455795,0.9150000214576721,0.7996000051498413
YJL178C,YAR007C,0,-6.8245373,0.10267055779695511,0.9150000214576721,0.7997000217437744
YML056C,YDL159W,0,-6.824609,0.10265903919935226,0.9150000214576721,0.7997999787330627
YOL043C,YMR089C,0,-6.8246756,0.10264752060174942,0.9150000214576721,0.7998999953269958
YHR114W,YER026C,0,-6.824829,0.10263600945472717,0.9150000214576721,0.800000011920929
YIL062C,YIL156W,0,-6.825743,0.10262449830770493,0.9150000214576721,0.8001000285148621
YBR160W,YHR163W,0,-6.8261714,0.10261298716068268,0.9150000214576721,0.8001999855041504
YJL013C,YAL025C,0,-6.8263307,0.10260148346424103,0.9150000214576721,0.8003000020980835
YPL143W,YDR196C,0,-6.8263583,0.10258997976779938,0.9150000214576721,0.8004000186920166
YEL071W,YLR263W,0,-6.826735,0.10257847607135773,0.9150000214576721,0.8004999756813049
YIL035C,YBR086C,0,-6.82768,0.10256697982549667,0.9150000214576721,0.800599992275238
YOL018C,YOR083W,0,-6.8277144,0.10255548357963562,0.9150000214576721,0.8007000088691711
YMR093W,YOL128C,0,-6.827824,0.10254398733377457,0.9150000214576721,0.8008000254631042
YOR046C,YLR011W,0,-6.827826,0.10253249853849411,0.9150000214576721,0.8008999824523926
YCR097W,YDR335W,0,-6.8278546,0.10252100974321365,0.9150000214576721,0.8009999990463257
YLR377C,YAR071W,1,-6.827871,0.10262155532836914,0.9160000085830688,0.8009999990463257
YDR497C,YNR013C,0,-6.828277,0.10261005908250809,0.9160000085830688,0.8011000156402588
YBL032W,YGR116W,0,-6.8284354,0.10259856283664703,0.9160000085830688,0.8011999726295471
YOR304W,YOR035C,0,-6.828486,0.10258707404136658,0.9160000085830688,0.8012999892234802
YOR341W,YFL026W,0,-6.8286204,0.10257558524608612,0.9160000085830688,0.8014000058174133
YDL101C,YER117W,0,-6.828627,0.10256410390138626,0.9160000085830688,0.8015000224113464
YMR146C,YML085C,0,-6.8289523,0.1025526225566864,0.9160000085830688,0.8015999794006348
YPR183W,YHR141C,0,-6.829083,0.10254114121198654,0.9160000085830688,0.8016999959945679
YEL030W,YOL115W,0,-6.82956,0.10252965986728668,0.9160000085830688,0.801800012588501
YOR067C,YDR363W,0,-6.8295627,0.10251818597316742,0.9160000085830688,0.8019000291824341
YGL031C,YDR186C,0,-6.829645,0.10250671207904816,0.9160000085830688,0.8019999861717224
YJR036C,YBR084W,0,-6.830074,0.10249524563550949,0.9160000085830688,0.8021000027656555
YAR019C,YMR308C,0,-6.8301644,0.10248377919197083,0.9160000085830688,0.8022000193595886
YOR242C,YOL020W,0,-6.8309226,0.10247231274843216,0.9160000085830688,0.802299976348877
YDR284C,YMR156C,1,-6.830928,0.10257270932197571,0.9169999957084656,0.802299976348877
YKL068W,YKR093W,0,-6.830947,0.10256123542785645,0.9169999957084656,0.8023999929428101
YPR093C,YAR018C,0,-6.8309507,0.10254976153373718,0.9169999957084656,0.8025000095367432
YFL022C,YBR186W,0,-6.831193,0.10253829509019852,0.9169999957084656,0.8026000261306763
YLR249W,YDR368W,0,-6.831302,0.10252683609724045,0.9169999957084656,0.8026999831199646
YDL067C,YML133C,0,-6.83132,0.10251536965370178,0.9169999957084656,0.8027999997138977
YAL061W,YKL127W,0,-6.8314486,0.10250391066074371,0.9169999957084656,0.8029000163078308
YMR072W,YAL007C,0,-6.831529,0.10249245911836624,0.9169999957084656,0.8029999732971191
YCR047C,YLR011W,0,-6.8316436,0.10248100012540817,0.9169999957084656,0.8030999898910522
YJL071W,YNL132W,0,-6.8320203,0.1024695485830307,0.9169999957084656,0.8032000064849854
YNL223W,YPR063C,0,-6.8327813,0.10245809704065323,0.9169999957084656,0.8033000230789185
YNL151C,YMR067C,0,-6.8329196,0.10244665294885635,0.9169999957084656,0.8033999800682068
YNL239W,YDL150W,0,-6.833019,0.10243520885705948,0.9169999957084656,0.8034999966621399
YOR011W,YDR140W,0,-6.8330264,0.1024237722158432,0.9169999957084656,0.803600013256073
YJR004C,YBR182C,0,-6.8332543,0.10241232812404633,0.9169999957084656,0.8036999702453613
YFL062W,YJL166W,0,-6.8337073,0.10240089148283005,0.9169999957084656,0.8037999868392944
YOR174W,YIL018W,0,-6.834727,0.10238946229219437,0.9169999957084656,0.8039000034332275
YGL035C,YDR119W,0,-6.835114,0.10237802565097809,0.9169999957084656,0.8040000200271606
YLR095C,YGR169C,0,-6.835172,0.10236659646034241,0.9169999957084656,0.804099977016449
YIL135C,YDR065W,0,-6.8352017,0.10235517472028732,0.9169999957084656,0.8041999936103821
YCR079W,YGL229C,1,-6.836186,0.10245535522699356,0.9179999828338623,0.8041999936103821
YLR203C,YNR037C,0,-6.836575,0.10244392603635788,0.9179999828338623,0.8043000102043152
YLR314C,YJR119C,0,-6.836764,0.1024324893951416,0.9179999828338623,0.8044000267982483
YIL048W,YMR133W,0,-6.8371577,0.10242106765508652,0.9179999828338623,0.8044999837875366
YBL030C,YNL070W,0,-6.8380103,0.10240963846445084,0.9179999828338623,0.8046000003814697
YDL141W,YHR019C,0,-6.8383245,0.10239821672439575,0.9179999828338623,0.8047000169754028
YKR083C,YDR160W,0,-6.838346,0.10238679498434067,0.9179999828338623,0.8047999739646912
YBR110W,YBR143C,0,-6.8389263,0.10237537324428558,0.9179999828338623,0.8048999905586243
YLR195C,YBR084C-A,0,-6.839121,0.1023639589548111,0.9179999828338623,0.8050000071525574
YGR155W,YJL179W,0,-6.839619,0.10235254466533661,0.9179999828338623,0.8051000237464905
YPL243W,YMR203W,0,-6.8396463,0.10234113782644272,0.9179999828338623,0.8051999807357788
YLR228C,YDL215C,0,-6.8397,0.10232973098754883,0.9179999828338623,0.8052999973297119
YPL061W,YPR132W,0,-6.8397613,0.10231832414865494,0.9179999828338623,0.805400013923645
YPL181W,YDR119W,0,-6.8404984,0.10230691730976105,0.9179999828338623,0.8054999709129333
YDL031W,YOR157C,0,-6.841047,0.10229551792144775,0.9179999828338623,0.8055999875068665
YJR150C,YDL128W,0,-6.841137,0.10228412598371506,0.9179999828338623,0.8057000041007996
YOR040W,YOR332W,0,-6.8412623,0.10227272659540176,0.9179999828338623,0.8058000206947327
YLR381W,YML054C,0,-6.841291,0.10226133465766907,0.9179999828338623,0.805899977684021
YDL039C,YNL246W,0,-6.841364,0.10224994271993637,0.9179999828338623,0.8059999942779541
YMR058W,YMR161W,0,-6.8414273,0.10223855823278427,0.9179999828338623,0.8061000108718872
YKL141W,YGL184C,0,-6.8415313,0.10222717374563217,0.9179999828338623,0.8062000274658203
YBR234C,YPR132W,0,-6.8418584,0.10221578925848007,0.9179999828338623,0.8062999844551086
YGR225W,YHR068W,0,-6.842357,0.10220441222190857,0.9179999828338623,0.8064000010490417
YMR025W,YPR112C,0,-6.8431964,0.10219302773475647,0.9179999828338623,0.8065000176429749
YLR287C-A,YBR012W-B,0,-6.84401,0.10218165814876556,0.9179999828338623,0.8065999746322632
YCR010C,YER114C,0,-6.844568,0.10217028111219406,0.9179999828338623,0.8066999912261963
YMR001C,YLR263W,0,-6.844805,0.10215891152620316,0.9179999828338623,0.8068000078201294
YFR004W,YMR179W,0,-6.845163,0.10214754939079285,0.9179999828338623,0.8069000244140625
YLL050C,YPR009W,0,-6.8456903,0.10213617980480194,0.9179999828338623,0.8069999814033508
YOR348C,YDL246C,0,-6.8459086,0.10212481766939163,0.9179999828338623,0.8070999979972839
YER016W,YBR287W,0,-6.846102,0.10211346298456192,0.9179999828338623,0.807200014591217
YBR213W,YDR165W,0,-6.846271,0.10210210084915161,0.9179999828338623,0.8072999715805054
YJL207C,YDL014W,0,-6.846421,0.1020907461643219,0.9179999828338623,0.8073999881744385
YER116C,YIL143C,0,-6.8464985,0.10207939147949219,0.9179999828338623,0.8075000047683716
YBR079C,YJL192C,0,-6.8470607,0.10206804424524307,0.9179999828338623,0.8076000213623047
YMR056C,YOL038W,0,-6.8471713,0.10205669701099396,0.9179999828338623,0.807699978351593
YOR023C,YDL051W,0,-6.8471823,0.10204534977674484,0.9179999828338623,0.8077999949455261
YJL189W,YLR193C,0,-6.8474174,0.10203400999307632,0.9179999828338623,0.8079000115394592
YPL265W,YJL156C,0,-6.847581,0.1020226702094078,0.9179999828338623,0.8080000281333923
YNL192W,YHR008C,0,-6.8478026,0.10201133787631989,0.9179999828338623,0.8080999851226807
YLR438C-A,YPL122C,0,-6.847837,0.10199999809265137,0.9179999828338623,0.8082000017166138
YKL059C,YOR150W,0,-6.8479495,0.10198866575956345,0.9179999828338623,0.8083000183105469
YDR044W,YPL242C,0,-6.8480067,0.10197734087705612,0.9179999828338623,0.8083999752998352
YPR060C,YOL104C,0,-6.8482456,0.1019660085439682,0.9179999828338623,0.8084999918937683
YLR102C,YGL200C,0,-6.8482623,0.10195468366146088,0.9179999828338623,0.8086000084877014
YFL022C,YOR265W,0,-6.848449,0.10194336622953415,0.9179999828338623,0.8087000250816345
YDR237W,YDR487C,0,-6.8490615,0.10193204879760742,0.9179999828338623,0.8087999820709229
YER028C,YNL284C,0,-6.84915,0.1019207313656807,0.9179999828338623,0.808899998664856
YJR139C,YBR166C,0,-6.849845,0.10190941393375397,0.9179999828338623,0.8090000152587891
YLR075W,YOR019W,0,-6.850718,0.10189810395240784,0.9179999828338623,0.8090999722480774
YHR148W,YNR059W,0,-6.850792,0.1018867939710617,0.9179999828338623,0.8091999888420105
YLL008W,YMR004W,0,-6.8513603,0.10187548398971558,0.9179999828338623,0.8093000054359436
YIL159W,YOR312C,0,-6.8519197,0.10186418145895004,0.9179999828338623,0.8094000220298767
YBL074C,YOL007C,0,-6.8519826,0.10185287892818451,0.9179999828338623,0.809499979019165
YGL089C,YGR006W,0,-6.8525653,0.10184157639741898,0.9179999828338623,0.8095999956130981
YML058W-A,YNL182C,0,-6.8528223,0.10183028131723404,0.9179999828338623,0.8097000122070312
YBR084W,YKL010C,0,-6.8531,0.1018189862370491,0.9179999828338623,0.8098000288009644
YPL187W,YEL050C,0,-6.853248,0.10180769860744476,0.9179999828338623,0.8098999857902527
YLR153C,YIR028W,0,-6.853497,0.10179640352725983,0.9179999828338623,0.8100000023841858
YDL093W,YJL151C,0,-6.8541455,0.10178512334823608,0.9179999828338623,0.8101000189781189
YJL035C,YBR069C,0,-6.8542,0.10177383571863174,0.9179999828338623,0.8101999759674072
YBR233W-A,YOR294W,0,-6.8542476,0.101762555539608,0.9179999828338623,0.8102999925613403
YPL198W,YKL173W,0,-6.8542657,0.10175127536058426,0.9179999828338623,0.8104000091552734
YJL189W,YGR063C,0,-6.854717,0.10173999518156052,0.9179999828338623,0.8105000257492065
YOR150W,YNL229C,0,-6.8547688,0.10172872245311737,0.9179999828338623,0.8105999827384949
YGL037C,YDR082W,0,-6.854814,0.10171744972467422,0.9179999828338623,0.810699999332428
YGL119W,YGL031C,0,-6.85507,0.10170618444681168,0.9179999828338623,0.8108000159263611
YDL132W,YML052W,0,-6.8556623,0.10169491171836853,0.9179999828338623,0.8108999729156494
YDR046C,YOL091W,0,-6.8556867,0.10168365389108658,0.9179999828338623,0.8109999895095825
YGR080W,YEL051W,0,-6.856247,0.10167238861322403,0.9179999828338623,0.8111000061035156
YDL175C,YKL168C,0,-6.856866,0.10166113078594208,0.9179999828338623,0.8112000226974487
YEL071W,YCR060W,0,-6.8570037,0.10164987295866013,0.9179999828338623,0.8112999796867371
YAL020C,YNL070W,0,-6.85749,0.10163861513137817,0.9179999828338623,0.8113999962806702
YEL031W,YOL093W,0,-6.85751,0.10162736475467682,0.9179999828338623,0.8115000128746033
YGR085C,YLR292C,0,-6.8578935,0.10161611437797546,0.9179999828338623,0.8116000294685364
YNL094W,YOR294W,0,-6.8579736,0.1016048714518547,0.9179999828338623,0.8116999864578247
YLR092W,YPL016W,0,-6.858124,0.10159362852573395,0.9179999828338623,0.8118000030517578
YCR010C,YDR292C,0,-6.8582234,0.10158238559961319,0.9179999828338623,0.8119000196456909
YJR093C,YMR266W,0,-6.858946,0.10157114267349243,0.9179999828338623,0.8119999766349792
YDR179C,YNL133C,0,-6.8592224,0.10155990719795227,0.9179999828338623,0.8120999932289124
YJL124C,YKR097W,0,-6.8592324,0.10154867172241211,0.9179999828338623,0.8122000098228455
YPL084W,YOR294W,0,-6.8595166,0.10153744369745255,0.9179999828338623,0.8123000264167786
YER127W,YDL232W,0,-6.8596997,0.10152620822191238,0.9179999828338623,0.8123999834060669
YKL040C,YBR165W,0,-6.860456,0.10151498764753342,0.9179999828338623,0.8125
YPR141C,YPL055C,0,-6.860464,0.10150375962257385,0.9179999828338623,0.8126000165939331
YGR256W,YGL129C,0,-6.860537,0.10149253904819489,0.9179999828338623,0.8126999735832214
YMR251W-A,YFL017W-A,0,-6.8605924,0.10148131847381592,0.9179999828338623,0.8127999901771545
YCL067C,YDL052C,0,-6.860638,0.10147009789943695,0.9179999828338623,0.8129000067710876
YML036W,YCR036W,0,-6.8607855,0.10145888477563858,0.9179999828338623,0.8130000233650208
YCR031C,YPR024W,0,-6.8610063,0.10144767165184021,0.9179999828338623,0.8130999803543091
YLR144C,YEL034W,0,-6.8611794,0.10143646597862244,0.9179999828338623,0.8131999969482422
YBR086C,YDR486C,0,-6.861243,0.10142526030540466,0.9179999828338623,0.8133000135421753
YDR144C,YLR026C,0,-6.8620753,0.10141405463218689,0.9179999828338623,0.8133999705314636
YMR180C,YBR093C,1,-6.8621774,0.10151331126689911,0.9190000295639038,0.8133999705314636
YDR378C,YKL043W,0,-6.862743,0.10150209814310074,0.9190000295639038,0.8134999871253967
YLR228C,YLR373C,0,-6.8630834,0.10149089246988297,0.9190000295639038,0.8136000037193298
YLR158C,YDR289C,0,-6.8635163,0.1014796793460846,0.9190000295639038,0.8137000203132629
YPL082C,YBR182C,0,-6.863541,0.10146848112344742,0.9190000295639038,0.8137999773025513
YJR047C,YGR194C,0,-6.8640103,0.10145727545022964,0.9190000295639038,0.8138999938964844
YKR076W,YNL090W,0,-6.8641076,0.10144607722759247,0.9190000295639038,0.8140000104904175
YLR185W,YDL194W,0,-6.864518,0.10143487900495529,0.9190000295639038,0.8141000270843506
YPR201W,YLR033W,0,-6.8647246,0.10142368078231812,0.9190000295639038,0.8141999840736389
YLL035W,YMR127C,0,-6.864777,0.10141249001026154,0.9190000295639038,0.814300000667572
YPL001W,YML063W,0,-6.8648467,0.10140129923820496,0.9190000295639038,0.8144000172615051
YOR038C,YDR478W,0,-6.865106,0.10139011591672897,0.9190000295639038,0.8144999742507935
YPL115C,YIL047C,0,-6.8652196,0.10137893259525299,0.9190000295639038,0.8145999908447266
YHR179W,YBR186W,0,-6.865483,0.10136774927377701,0.9190000295639038,0.8147000074386597
YKL172W,YPL001W,0,-6.865517,0.10135656595230103,0.9190000295639038,0.8148000240325928
YML099C,YGL053W,0,-6.865895,0.10134539008140564,0.9190000295639038,0.8148999810218811
YJL031C,YJL186W,0,-6.8660784,0.10133421421051025,0.9190000295639038,0.8149999976158142
YLR353W,YDR103W,0,-6.866114,0.10132304579019547,0.9190000295639038,0.8151000142097473
YLR068W,YPL180W,0,-6.8661923,0.10131186991930008,0.9190000295639038,0.8151999711990356
YJL099W,YLR003C,0,-6.866344,0.10130070894956589,0.9190000295639038,0.8152999877929688
YIR017C,YIL093C,0,-6.8665195,0.1012895405292511,0.9190000295639038,0.8154000043869019
YGR264C,YDL090C,0,-6.8671308,0.1012783795595169,0.9190000295639038,0.815500020980835
YFR028C,YGL229C,1,-6.867867,0.10137741267681122,0.9200000166893005,0.815500020980835
YOR382W,YEL034W,0,-6.868239,0.10136624425649643,0.9200000166893005,0.8155999779701233
YOL084W,YGL225W,0,-6.868562,0.10135507583618164,0.9200000166893005,0.8156999945640564
YHR028C,YOR187W,0,-6.8686395,0.10134390741586685,0.9200000166893005,0.8158000111579895
YPR122W,YER020W,0,-6.868775,0.10133274644613266,0.9200000166893005,0.8159000277519226
YGL106W,YBR192W,0,-6.8687897,0.10132158547639847,0.9200000166893005,0.8159999847412109
YCR097W,YML097C,0,-6.8694153,0.10131043195724487,0.9200000166893005,0.816100001335144
YLR075W,YBR261C,0,-6.8701053,0.10129927098751068,0.9200000166893005,0.8162000179290771
YDL024C,YDR074W,1,-6.8701463,0.10139821469783783,0.9210000038146973,0.8162000179290771
YGL023C,YML026C,0,-6.8701625,0.10138705372810364,0.9210000038146973,0.8162999749183655
YML093W,YGL249W,0,-6.8704386,0.10137589275836945,0.9210000038146973,0.8163999915122986
YKL132C,YLL040C,0,-6.8706117,0.10136473923921585,0.9210000038146973,0.8165000081062317
YER004W,YHR085W,0,-6.8707075,0.10135358572006226,0.9210000038146973,0.8166000247001648
YGR163W,YML127W,0,-6.871003,0.10134243220090866,0.9210000038146973,0.8166999816894531
YLR318W,YPR091C,0,-6.871247,0.10133127868175507,0.9210000038146973,0.8167999982833862
YGL084C,YGR072W,0,-6.8713512,0.10132013261318207,0.9210000038146973,0.8169000148773193
YEL024W,YDR404C,0,-6.8716183,0.10130898654460907,0.9210000038146973,0.8169999718666077
YMR307W,YKL101W,0,-6.8717036,0.10129784792661667,0.9210000038146973,0.8170999884605408
YDR211W,YHR124W,0,-6.8718047,0.10128670185804367,0.9210000038146973,0.8172000050544739
YKR019C,YLR287C-A,0,-6.8721585,0.10127556324005127,0.9210000038146973,0.817300021648407
YPR067W,YDR050C,0,-6.8723726,0.10126443207263947,0.9210000038146973,0.8173999786376953
YDL145C,YDL235C,0,-6.8725085,0.10125330090522766,0.9210000038146973,0.8174999952316284
YCL025C,YML060W,0,-6.8725305,0.10124216973781586,0.9210000038146973,0.8176000118255615
YGL125W,YJR132W,0,-6.8726315,0.10123103857040405,0.9210000038146973,0.8177000284194946
YHR209W,YDL111C,0,-6.8728023,0.10121991485357285,0.9210000038146973,0.817799985408783
YGR040W,YBR181C,0,-6.8729978,0.10120879113674164,0.9210000038146973,0.8179000020027161
YFL023W,YDL226C,0,-6.8731933,0.10119766741991043,0.9210000038146973,0.8180000185966492
YDL031W,YDR224C,0,-6.873218,0.10118655115365982,0.9210000038146973,0.8180999755859375
YML112W,YLR075W,0,-6.8732324,0.10117543488740921,0.9210000038146973,0.8181999921798706
YLR032W,YNL197C,0,-6.8733153,0.1011643260717392,0.9210000038146973,0.8183000087738037
YKL003C,YDR030C,0,-6.873519,0.10115320980548859,0.9210000038146973,0.8184000253677368
YGR135W,YEL004W,0,-6.873839,0.10114210098981857,0.9210000038146973,0.8184999823570251
YHR114W,YBR265W,0,-6.8738656,0.10113099962472916,0.9210000038146973,0.8185999989509583
YMR072W,YJL029C,0,-6.8743234,0.10111989825963974,0.9210000038146973,0.8187000155448914
YJR147W,YER106W,0,-6.8744073,0.10110879689455032,0.9210000038146973,0.8187999725341797
YLR163C,YER173W,0,-6.8749323,0.10109769552946091,0.9210000038146973,0.8188999891281128
YBR084W,YMR004W,0,-6.8749895,0.10108660161495209,0.9210000038146973,0.8190000057220459
YJL189W,YBR024W,0,-6.8751683,0.10107550770044327,0.9210000038146973,0.819100022315979
YDL164C,YGL157W,0,-6.8752203,0.10106441378593445,0.9210000038146973,0.8191999793052673
YLR214W,YPL174C,0,-6.8753934,0.10105332732200623,0.9210000038146973,0.8192999958992004
YNL077W,YBL013W,0,-6.8756337,0.101042240858078,0.9210000038146973,0.8194000124931335
YPR019W,YDR056C,0,-6.875805,0.10103115439414978,0.9210000038146973,0.8195000290870667
YGL030W,YJR045C,0,-6.876146,0.10102007538080215,0.9210000038146973,0.819599986076355
YIL094C,YDR159W,0,-6.8763866,0.10100899636745453,0.9210000038146973,0.8197000026702881
YPR017C,YPL126W,0,-6.876518,0.1009979173541069,0.9210000038146973,0.8198000192642212
YBR092C,YER089C,1,-6.8766074,0.1010964885354042,0.921999990940094,0.8198000192642212
YIL018W,YLR466W,0,-6.8766418,0.10108540952205658,0.921999990940094,0.8198999762535095
YMR049C,YBR031W,0,-6.8770556,0.10107432305812836,0.921999990940094,0.8199999928474426
YDR144C,YIL047C,0,-6.8771534,0.10106324404478073,0.921999990940094,0.8201000094413757
YLL038C,YEL037C,0,-6.877829,0.1010521724820137,0.921999990940094,0.8202000260353088
YOR174W,YKR060W,0,-6.877849,0.10104109346866608,0.921999990940094,0.8202999830245972
YKR024C,YGL225W,0,-6.8781447,0.10103002190589905,0.921999990940094,0.8203999996185303
YNL178W,YPL042C,0,-6.8782754,0.10101895779371262,0.921999990940094,0.8205000162124634
YBR054W,YOL019W,0,-6.8785458,0.10100788623094559,0.921999990940094,0.8205999732017517
YNL008C,YDL110C,0,-6.87937,0.10099682211875916,0.921999990940094,0.8206999897956848
YAL035W,YER149C,0,-6.8796844,0.10098575800657272,0.921999990940094,0.8208000063896179
YBL008W,YDL194W,0,-6.8799047,0.10097470134496689,0.921999990940094,0.820900022983551
YPR175W,YNR026C,0,-6.879975,0.10096364468336105,0.921999990940094,0.8209999799728394
YLR190W,YBL087C,0,-6.8800216,0.10095258802175522,0.921999990940094,0.8210999965667725
YDR454C,YAR002W,0,-6.8800697,0.10094153881072998,0.921999990940094,0.8212000131607056
YLR155C,YHR021C,0,-6.8802743,0.10093048959970474,0.921999990940094,0.8213000297546387
YML120C,YER148W,0,-6.880694,0.1009194403886795,0.921999990940094,0.821399986743927
YMR143W,YML001W,0,-6.8807397,0.10090839117765427,0.921999990940094,0.8215000033378601
YGL251C,YCR027C,0,-6.881027,0.10089734941720963,0.921999990940094,0.8216000199317932
YOR078W,YPR134W,0,-6.8812613,0.10088631510734558,0.921999990940094,0.8216999769210815
YJR013W,YKL122C,0,-6.8815618,0.10087527334690094,0.921999990940094,0.8217999935150146
YER153C,YIL076W,0,-6.8815827,0.1008642390370369,0.921999990940094,0.8219000101089478
YMR030W,YMR203W,0,-6.882373,0.10085320472717285,0.921999990940094,0.8220000267028809
YML113W,YHR117W,0,-6.883076,0.1008421778678894,0.921999990940094,0.8220999836921692
YOR363C,YPR190C,0,-6.883098,0.10083114355802536,0.921999990940094,0.8222000002861023
YKL165C,YNL160W,0,-6.8831477,0.10082011669874191,0.921999990940094,0.8223000168800354
YDR148C,YMR105C,0,-6.883428,0.10080909729003906,0.921999990940094,0.8223999738693237
YLR429W,YLR441C,0,-6.883558,0.10079807788133621,0.921999990940094,0.8224999904632568
YNL182C,YDR246W,0,-6.883779,0.10078705847263336,0.921999990940094,0.8226000070571899
YKL164C,YPL096W,0,-6.8841043,0.10077603906393051,0.921999990940094,0.822700023651123
YKL190W,YGR123C,1,-6.8842683,0.10087431967258453,0.9229999780654907,0.822700023651123
YLR307W,YNL298W,0,-6.884385,0.10086329281330109,0.9229999780654907,0.8227999806404114
YEL011W,YDL135C,0,-6.8857026,0.10085227340459824,0.9229999780654907,0.8228999972343445
YCR027C,YPR125W,0,-6.885886,0.10084125399589539,0.9229999780654907,0.8230000138282776
YCR098C,YIL094C,0,-6.8862605,0.10083023458719254,0.9229999780654907,0.8230999708175659
YPR049C,YER114C,0,-6.8863015,0.10081922262907028,0.9229999780654907,0.823199987411499
YDL067C,YEL006W,0,-6.8863173,0.10080821067094803,0.9229999780654907,0.8233000040054321
YPL042C,YDR531W,0,-6.8863697,0.10079720616340637,0.9229999780654907,0.8234000205993652
YFR030W,YDR145W,0,-6.8869348,0.10078619420528412,0.9229999780654907,0.8234999775886536
YLR363C,YJR009C,0,-6.8869395,0.10077519714832306,0.9229999780654907,0.8235999941825867
YCL043C,YNL330C,0,-6.8869705,0.1007641926407814,0.9229999780654907,0.8237000107765198
YDR298C,YER031C,0,-6.8869815,0.10075319558382034,0.9229999780654907,0.8238000273704529
YJL170C,YGR281W,0,-6.887605,0.10074219852685928,0.9229999780654907,0.8238999843597412
YPR082C,YDL223C,0,-6.888135,0.10073120146989822,0.9229999780654907,0.8240000009536743
YDR255C,YHR064C,0,-6.8884687,0.10072021186351776,0.9229999780654907,0.8241000175476074
YBR086C,YBL087C,0,-6.8887043,0.1007092222571373,0.9229999780654907,0.8241999745368958
YJR025C,YLR070C,0,-6.8887553,0.10069823265075684,0.9229999780654907,0.8242999911308289
YDR515W,YBR261C,0,-6.8888116,0.10068725049495697,0.9229999780654907,0.824400007724762
YLR081W,YDR003W,0,-6.888862,0.1006762683391571,0.9229999780654907,0.8245000243186951
YLR153C,YKL217W,0,-6.8889217,0.10066528618335724,0.9229999780654907,0.8245999813079834
YFL021W,YBL008W,0,-6.8892093,0.10065430402755737,0.9229999780654907,0.8246999979019165
YBR065C,YJL173C,0,-6.889221,0.1006433293223381,0.9229999780654907,0.8248000144958496
YLR256W,YHR064C,0,-6.889506,0.10063236206769943,0.9229999780654907,0.8248999714851379
YEL046C,YHR172W,0,-6.8900113,0.10062138736248016,0.9229999780654907,0.824999988079071
YER179W,YJL125C,0,-6.89013,0.10061042010784149,0.9229999780654907,0.8251000046730042
YER001W,YDR167W,0,-6.8909483,0.10059945285320282,0.9229999780654907,0.8252000212669373
YBR022W,YOR014W,1,-6.891252,0.10069747269153595,0.9240000247955322,0.8252000212669373
YGR145W,YGR144W,0,-6.891842,0.10068649798631668,0.9240000247955322,0.8252999782562256
YHR046C,YBR276C,1,-6.892055,0.10078448802232742,0.925000011920929,0.8252999782562256
YPR112C,YLL048C,0,-6.8921204,0.10077350586652756,0.925000011920929,0.8253999948501587
YBR187W,YOR177C,0,-6.8922524,0.10076252371072769,0.925000011920929,0.8255000114440918
YDL020C,YHR008C,0,-6.8925114,0.10075154900550842,0.925000011920929,0.8256000280380249
YNL129W,YDR447C,0,-6.8925443,0.10074058175086975,0.925000011920929,0.8256999850273132
YDR447C,YJR096W,0,-6.892587,0.10072960704565048,0.925000011920929,0.8258000016212463
YER019W,YPR125W,0,-6.892748,0.10071863979101181,0.925000011920929,0.8259000182151794
YHR005C,YOR176W,0,-6.8930717,0.10070767253637314,0.925000011920929,0.8259999752044678
YIL004C,YML085C,0,-6.893153,0.10069671273231506,0.925000011920929,0.8260999917984009
YGR231C,YER120W,0,-6.893192,0.10068575292825699,0.925000011920929,0.826200008392334
YAL038W,YPL208W,0,-6.893743,0.10067479312419891,0.925000011920929,0.8263000249862671
YOL016C,YLL062C,0,-6.893786,0.10066384077072144,0.925000011920929,0.8263999819755554
YGL139W,YAR035W,0,-6.8940215,0.10065288096666336,0.925000011920929,0.8264999985694885
YHR043C,YER062C,1,-6.8945613,0.10075073689222336,0.9259999990463257,0.8264999985694885
YGR145W,YCR083W,0,-6.8947415,0.10073977708816528,0.9259999990463257,0.8266000151634216
YKR006C,YKL126W,0,-6.894852,0.10072881728410721,0.9259999990463257,0.82669997215271
YOL123W,YBR105C,0,-6.894872,0.10071785748004913,0.9259999990463257,0.8267999887466431
YAL022C,YDR218C,0,-6.8950677,0.10070690512657166,0.9259999990463257,0.8269000053405762
YHR133C,YNL064C,0,-6.8951902,0.10069595277309418,0.9259999990463257,0.8270000219345093
YLR187W,YNL160W,0,-6.8955417,0.1006850078701973,0.9259999990463257,0.8270999789237976
YGR078C,YGR105W,0,-6.895699,0.10067406296730042,0.9259999990463257,0.8271999955177307
YIL014W,YNL248C,0,-6.8962197,0.10066311806440353,0.9259999990463257,0.8273000121116638
YMR288W,YOL011W,0,-6.896763,0.10065217316150665,0.9259999990463257,0.8274000287055969
YOR074C,YIL094C,0,-6.8970323,0.10064123570919037,0.9259999990463257,0.8274999856948853
YDL174C,YER054C,0,-6.897099,0.10063029825687408,0.9259999990463257,0.8276000022888184
YDL149W,YKL035W,0,-6.8981557,0.1006193608045578,0.9259999990463257,0.8277000188827515
YOR141C,YLR074C,0,-6.8986015,0.10060843080282211,0.9259999990463257,0.8277999758720398
YKL168C,YMR233W,0,-6.8986993,0.10059750080108643,0.9259999990463257,0.8278999924659729
YNL142W,YLR193C,0,-6.898759,0.10058657079935074,0.9259999990463257,0.828000009059906
YGL234W,YMR257C,0,-6.8988776,0.10057564824819565,0.9259999990463257,0.8281000256538391
YPL235W,YHR139C,0,-6.899118,0.10056472569704056,0.9259999990463257,0.8281999826431274
YIL074C,YDR135C,0,-6.8992887,0.10055380314588547,0.9259999990463257,0.8282999992370605
YPR119W,YJL062W,0,-6.899345,0.10054288804531097,0.9259999990463257,0.8284000158309937
YHR188C,YJR119C,0,-6.8995996,0.10053197294473648,0.9259999990463257,0.828499972820282
YOR141C,YMR127C,0,-6.8996816,0.10052105784416199,0.9259999990463257,0.8285999894142151
YPL156C,YHR119W,0,-6.900041,0.10051015019416809,0.9259999990463257,0.8287000060081482
YNL132W,YDL212W,0,-6.9005647,0.1004992425441742,0.9259999990463257,0.8288000226020813
YHL001W,YPL150W,0,-6.9006376,0.1004883348941803,0.9259999990463257,0.8288999795913696
YJL006C,YNL062C,0,-6.900769,0.1004774272441864,0.9259999990463257,0.8289999961853027
YMR073C,YKL108W,0,-6.900788,0.1004665270447731,0.9259999990463257,0.8291000127792358
YBR060C,YDR003W,0,-6.9010577,0.1004556268453598,0.9259999990463257,0.829200029373169
YJL134W,YER075C,1,-6.9010983,0.10055320709943771,0.9269999861717224,0.829200029373169
YDL178W,YDR310C,0,-6.901752,0.10054229944944382,0.9269999861717224,0.8292999863624573
YLR333C,YNR034W,0,-6.902127,0.10053139925003052,0.9269999861717224,0.8294000029563904
YNL129W,YDR091C,0,-6.902253,0.10052049160003662,0.9269999861717224,0.8295000195503235
YER006W,YIL144W,0,-6.902288,0.10050959885120392,0.9269999861717224,0.8295999765396118
YHL002W,YNL045W,0,-6.9026494,0.10049869865179062,0.9269999861717224,0.8296999931335449
YML054C,YKL191W,0,-6.902703,0.10048780590295792,0.9269999861717224,0.829800009727478
YAL012W,YAL028W,0,-6.9028053,0.10047691315412521,0.9269999861717224,0.8299000263214111
YJR078W,YDR394W,0,-6.9028544,0.10046602040529251,0.9269999861717224,0.8299999833106995
YNL336W,YHR081W,0,-6.90334,0.1004551351070404,0.9269999861717224,0.8300999999046326
YGL241W,YBL092W,0,-6.9034867,0.1004442498087883,0.9269999861717224,0.8302000164985657
YJR048W,YDR080W,0,-6.9036365,0.10043337196111679,0.9269999861717224,0.830299973487854
YKL190W,YOL064C,1,-6.9041724,0.10053081810474396,0.9279999732971191,0.830299973487854
YGR157W,YLR450W,0,-6.9048676,0.10051993280649185,0.9279999732971191,0.8303999900817871
YBR119W,YDR190C,0,-6.905388,0.10050904005765915,0.9279999732971191,0.8305000066757202
YNL159C,YBR122C,0,-6.9060388,0.10049816220998764,0.9279999732971191,0.8306000232696533
YML123C,YBR166C,0,-6.906774,0.10048727691173553,0.9279999732971191,0.8306999802589417
YOR020C,YHR021C,0,-6.907067,0.10047639906406403,0.9279999732971191,0.8307999968528748
YDR380W,YAL022C,0,-6.9071474,0.10046552121639252,0.9279999732971191,0.8309000134468079
YJL063C,YBL024W,0,-6.907164,0.10045464336872101,0.9279999732971191,0.8309999704360962
YJL098W,YGL224C,1,-6.908111,0.10055200755596161,0.9290000200271606,0.8309999704360962
YGL009C,YNL064C,0,-6.9082065,0.1005411222577095,0.9290000200271606,0.8310999870300293
YPL043W,YIL126W,0,-6.9085174,0.100530244410038,0.9290000200271606,0.8312000036239624
YKL011C,YMR058W,0,-6.9085264,0.10051936656236649,0.9290000200271606,0.8313000202178955
YLR435W,YPR174C,0,-6.909266,0.10050849616527557,0.9290000200271606,0.8313999772071838
YJL096W,YMR146C,0,-6.909321,0.10049761831760406,0.9290000200271606,0.8314999938011169
YML012W,YIR002C,0,-6.909888,0.10048674792051315,0.9290000200271606,0.83160001039505
YGR037C,YOR256C,0,-6.91003,0.10047588497400284,0.9290000200271606,0.8317000269889832
YDL201W,YML097C,0,-6.9104104,0.10046501457691193,0.9290000200271606,0.8317999839782715
YNR035C,YOR168W,0,-6.9105816,0.10045415163040161,0.9290000200271606,0.8319000005722046
YKR057W,YML039W,0,-6.910717,0.1004432886838913,0.9290000200271606,0.8320000171661377
YBR042C,YDR060W,0,-6.9111137,0.10043243318796158,0.9290000200271606,0.832099974155426
YDR162C,YNL078W,0,-6.9113226,0.10042157769203186,0.9290000200271606,0.8321999907493591
YKL141W,YJL069C,0,-6.9113226,0.10041072219610214,0.9290000200271606,0.8323000073432922
YBR008C,YJL125C,0,-6.911791,0.10039986670017242,0.9290000200271606,0.8324000239372253
YER014W,YML073C,0,-6.912496,0.1003890186548233,0.9290000200271606,0.8324999809265137
YLR195C,YCL001W,0,-6.9127126,0.10037817060947418,0.9290000200271606,0.8325999975204468
YNL073W,YNL058C,0,-6.913016,0.10036733001470566,0.9290000200271606,0.8327000141143799
YOR026W,YJL153C,0,-6.9135137,0.10035648941993713,0.9290000200271606,0.8327999711036682
YGR123C,YOR014W,1,-6.9136024,0.10045365989208221,0.9300000071525574,0.8327999711036682
YLR449W,YLR288C,0,-6.9142222,0.1004428118467331,0.9300000071525574,0.8328999876976013
YNL233W,YJR151C,0,-6.9144416,0.10043196380138397,0.9300000071525574,0.8330000042915344
YBR092C,YLL010C,1,-6.9145684,0.10052909702062607,0.9309999942779541,0.8330000042915344
YIL132C,YDR447C,0,-6.915082,0.10051824897527695,0.9309999942779541,0.8331000208854675
YBR070C,YBL014C,0,-6.915858,0.10050739347934723,0.9309999942779541,0.8331999778747559
YMR091C,YDL061C,0,-6.9162526,0.10049654543399811,0.9309999942779541,0.833299994468689
YPR169W,YFL034C-A,0,-6.916516,0.10048569738864899,0.9309999942779541,0.8334000110626221
YMR219W,YJR145C,0,-6.916732,0.10047485679388046,0.9309999942779541,0.8335000276565552
YLR350W,YPL210C,0,-6.916793,0.10046400874853134,0.9309999942779541,0.8335999846458435
YOR061W,YGR138C,0,-6.917174,0.10045317560434341,0.9309999942779541,0.8337000012397766
YPL154C,YKL020C,0,-6.917241,0.10044233500957489,0.9309999942779541,0.8338000178337097
YDR163W,YMR231W,0,-6.91742,0.10043150186538696,0.9309999942779541,0.833899974822998
YKL026C,YNL263C,0,-6.917603,0.10042066872119904,0.9309999942779541,0.8339999914169312
YEL026W,YGR287C,0,-6.9177127,0.10040983557701111,0.9309999942779541,0.8341000080108643
YIL040W,YHR197W,0,-6.9181566,0.10039900988340378,0.9309999942779541,0.8342000246047974
YOR167C,YPR024W,0,-6.9187384,0.10038818418979645,0.9309999942779541,0.8342999815940857
YLR056W,YLR212C,0,-6.9189205,0.10037735849618912,0.9309999942779541,0.8343999981880188
YGL030W,YNL246W,0,-6.9193034,0.10036654025316238,0.9309999942779541,0.8345000147819519
YBR217W,YOR001W,0,-6.9195166,0.10035572201013565,0.9309999942779541,0.8345999717712402
YOR122C,YLR262C,0,-6.9195337,0.10034490376710892,0.9309999942779541,0.8346999883651733
YOL144W,YCR024C,0,-6.9196296,0.10033408552408218,0.9309999942779541,0.8348000049591064
YGL116W,YKL041W,0,-6.920653,0.10032327473163605,0.9309999942779541,0.8349000215530396
YOL016C,YLR421C,0,-6.920761,0.10031246393918991,0.9309999942779541,0.8349999785423279
YJR099W,YNL181W,0,-6.9211392,0.10030166059732437,0.9309999942779541,0.835099995136261
YKL006W,YJR104C,0,-6.9213405,0.10029085725545883,0.9309999942779541,0.8352000117301941
YNL307C,YBL072C,0,-6.9213824,0.10028005391359329,0.9309999942779541,0.8353000283241272
YAL034W-A,YPR144C,0,-6.921905,0.10026925057172775,0.9309999942779541,0.8353999853134155
YLR066W,YDR212W,0,-6.9221954,0.10025845468044281,0.9309999942779541,0.8355000019073486
YHR117W,YKL099C,0,-6.922944,0.10024765878915787,0.9309999942779541,0.8356000185012817
YGR076C,YJR042W,0,-6.9230976,0.10023686289787292,0.9309999942779541,0.8356999754905701
YMR247C,YBR118W,0,-6.9232435,0.10022607445716858,0.9309999942779541,0.8357999920845032
YKL004W,YJL148W,0,-6.9236846,0.10021528601646423,0.9309999942779541,0.8359000086784363
YER030W,YBR272C,0,-6.923758,0.10020449757575989,0.9309999942779541,0.8360000252723694
YMR172W,YOL061W,0,-6.923864,0.10019371658563614,0.9309999942779541,0.8360999822616577
YJR147W,YBR205W,0,-6.923883,0.10018293559551239,0.9309999942779541,0.8361999988555908
YDL185W,YDR050C,0,-6.924037,0.10017215460538864,0.9309999942779541,0.8363000154495239
YNL315C,YDL059C,0,-6.924438,0.10016137361526489,0.9309999942779541,0.8363999724388123
YOR074C,YJL173C,0,-6.924449,0.10015060007572174,0.9309999942779541,0.8364999890327454
YOR020C,YPL063W,0,-6.924488,0.10013982653617859,0.9309999942779541,0.8366000056266785
YEL003W,YDR030C,0,-6.9247203,0.10012906044721603,0.9309999942779541,0.8367000222206116
YEL003W,YBR143C,0,-6.924805,0.10011829435825348,0.9309999942779541,0.8367999792098999
YGR029W,YKR013W,0,-6.9249196,0.10010752826929092,0.9309999942779541,0.836899995803833
YPL200W,YGL231C,0,-6.925429,0.10009676218032837,0.9309999942779541,0.8370000123977661
YPR005C,YPL082C,0,-6.9255424,0.10008600354194641,0.9309999942779541,0.8371000289916992
YMR015C,YKR019C,0,-6.9256573,0.10007524490356445,0.9309999942779541,0.8371999859809875
YGR280C,YHL024W,0,-6.9259686,0.1000644862651825,0.9309999942779541,0.8373000025749207
YIL162W,YDR207C,0,-6.9266915,0.10005373507738113,0.9309999942779541,0.8374000191688538
YKL172W,YBL025W,0,-6.9272447,0.10004298388957977,0.9309999942779541,0.8374999761581421
YOR267C,YBR118W,0,-6.9274316,0.10003223270177841,0.9309999942779541,0.8375999927520752
YNL220W,YPL122C,0,-6.927463,0.10002148896455765,0.9309999942779541,0.8377000093460083
YNL271C,YDL002C,0,-6.927876,0.10001074522733688,0.9309999942779541,0.8378000259399414
YCR011C,YDR324C,0,-6.9279647,0.10000000149011612,0.9309999942779541,0.8378999829292297
YKL129C,YEL040W,0,-6.929629,0.09998925775289536,0.9309999942779541,0.8379999995231628
YGL068W,YOR321W,0,-6.9298244,0.09997852146625519,0.9309999942779541,0.838100016117096
YPR093C,YLR103C,0,-6.929879,0.09996778517961502,0.9309999942779541,0.8381999731063843
YPL187W,YGL068W,0,-6.9300885,0.09995705634355545,0.9309999942779541,0.8382999897003174
YKR009C,YHR091C,0,-6.930406,0.09994632005691528,0.9309999942779541,0.8384000062942505
YPL001W,YOL104C,0,-6.9309044,0.09993559122085571,0.9309999942779541,0.8385000228881836
YDR384C,YBL046W,0,-6.9309993,0.09992486983537674,0.9309999942779541,0.8385999798774719
YJL170C,YHR051W,0,-6.931317,0.09991414099931717,0.9309999942779541,0.838699996471405
YDL024C,YKR053C,1,-6.93154,0.10001073032617569,0.9319999814033508,0.838699996471405
YKL154W,YMR040W,0,-6.9328475,0.10000000149011612,0.9319999814033508,0.8388000130653381
YER075C,YGR161C,1,-6.9329605,0.10009655356407166,0.9330000281333923,0.8388000130653381
YOR381W,YDL120W,0,-6.933349,0.10008581727743149,0.9330000281333923,0.8389000296592712
YBL030C,YDR487C,0,-6.9337964,0.10007508099079132,0.9330000281333923,0.8389999866485596
YGR032W,YOL109W,0,-6.934586,0.10006435215473175,0.9330000281333923,0.8391000032424927
YLR192C,YLR203C,0,-6.934712,0.10005361586809158,0.9330000281333923,0.8392000198364258
YGR038W,YGR063C,0,-6.93582,0.10004289448261261,0.9330000281333923,0.8392999768257141
YMR192W,YPL211W,0,-6.936001,0.10003216564655304,0.9330000281333923,0.8393999934196472
YDR380W,YMR070W,0,-6.936214,0.10002144426107407,0.9330000281333923,0.8395000100135803
YDR273W,YPL240C,0,-6.9362226,0.10001072287559509,0.9330000281333923,0.8396000266075134
YMR088C,YKL175W,0,-6.9363003,0.10000000149011612,0.9330000281333923,0.8396999835968018
YNL052W,YOR308C,0,-6.9365497,0.09998928010463715,0.9330000281333923,0.8398000001907349
YKL096W,YIL008W,0,-6.937077,0.09997856616973877,0.9330000281333923,0.839900016784668
YMR305C,YLR070C,0,-6.93745,0.09996785968542099,0.9330000281333923,0.8399999737739563
YPR052C,YPL047W,0,-6.9374657,0.09995714575052261,0.9330000281333923,0.8400999903678894
YJR131W,YNL098C,0,-6.938637,0.09994643926620483,0.9330000281333923,0.8402000069618225
YMR319C,YPR112C,0,-6.938865,0.09993573278188705,0.9330000281333923,0.8403000235557556
YDR436W,YJL098W,1,-6.9390306,0.10003212839365005,0.9340000152587891,0.8403000235557556
YDR402C,YDL202W,0,-6.9390607,0.10002141445875168,0.9340000152587891,0.840399980545044
YGL219C,YDR471W,0,-6.939365,0.1000107079744339,0.9340000152587891,0.840499997138977
YBR236C,YPR009W,0,-6.939615,0.10000000149011612,0.9340000152587891,0.8406000137329102
YDR233C,YOL113W,0,-6.940057,0.09998929500579834,0.9340000152587891,0.8406999707221985
YER164W,YKR042W,0,-6.9402823,0.09997858852148056,0.9340000152587891,0.8407999873161316
YCL059C,YHL024W,0,-6.9402976,0.09996788948774338,0.9340000152587891,0.8409000039100647
YMR014W,YPR106W,0,-6.9407287,0.0999571904540062,0.9340000152587891,0.8410000205039978
YFR053C,YMR037C,0,-6.9418035,0.09994649887084961,0.9340000152587891,0.8410999774932861
YGR038W,YDL211C,0,-6.9419374,0.09993579983711243,0.9340000152587891,0.8411999940872192
YGR148C,YLR414C,0,-6.9420934,0.09992510825395584,0.9340000152587891,0.8413000106811523
YDL175C,YNL047C,0,-6.9425454,0.09991441667079926,0.9340000152587891,0.8414000272750854
YGL234W,YNL153C,0,-6.9426155,0.09990373253822327,0.9340000152587891,0.8414999842643738
YPR100W,YDR192C,0,-6.942674,0.09989304840564728,0.9340000152587891,0.8416000008583069
YGL158W,YNL126W,0,-6.942715,0.09988236427307129,0.9340000152587891,0.84170001745224
YBL098W,YMR005W,0,-6.942879,0.0998716875910759,0.9340000152587891,0.8417999744415283
YJL097W,YHR090C,0,-6.9429526,0.09986100345849991,0.9340000152587891,0.8418999910354614
YGL070C,YDR394W,0,-6.943011,0.09985033422708511,0.9340000152587891,0.8420000076293945
YLR377C,YNL106C,1,-6.9430366,0.09994655102491379,0.9350000023841858,0.8420000076293945
YDR459C,YMR142C,0,-6.9431767,0.0999358668923378,0.9350000023841858,0.8421000242233276
YER002W,YOR179C,0,-6.9434376,0.09992519021034241,0.9350000023841858,0.842199981212616
YNL325C,YER075C,1,-6.9447145,0.1000213697552681,0.9359999895095825,0.842199981212616
YFL017W-A,YEL026W,0,-6.9450126,0.10001068562269211,0.9359999895095825,0.8422999978065491
YGL225W,YFL004W,0,-6.9461465,0.10000000149011612,0.9359999895095825,0.8424000144004822
YLR216C,YBR161W,0,-6.9463415,0.09998931735754013,0.9359999895095825,0.8424999713897705
YMR036C,YKR028W,1,-6.9463696,0.10008545219898224,0.9369999766349792,0.8424999713897705
YCL035C,YGR106C,0,-6.9468684,0.10007476061582565,0.9369999766349792,0.8425999879837036
YGR249W,YNR011C,0,-6.948096,0.10006407648324966,0.9369999766349792,0.8427000045776367
YPL160W,YLR396C,0,-6.948555,0.10005339235067368,0.9369999766349792,0.8428000211715698
YNL098C,YIL084C,0,-6.9487567,0.10004270821809769,0.9369999766349792,0.8428999781608582
YLR129W,YEL004W,0,-6.948981,0.1000320240855217,0.9369999766349792,0.8429999947547913
YGL078C,YOR384W,0,-6.9495335,0.1000213474035263,0.9369999766349792,0.8431000113487244
YCL043C,YNL207W,0,-6.9501204,0.10001067072153091,0.9369999766349792,0.8432000279426575
YLR286C,YML107C,0,-6.9505925,0.10000000149011612,0.9369999766349792,0.8432999849319458
YML123C,YFL002C,0,-6.950924,0.09998933225870132,0.9369999766349792,0.8434000015258789
YGR113W,YDL136W,0,-6.9510074,0.09997866302728653,0.9369999766349792,0.843500018119812
YDL181W,YDR538W,0,-6.9514728,0.09996799379587173,0.9369999766349792,0.8435999751091003
YHR216W,YGR221C,0,-6.951482,0.09995733201503754,0.9369999766349792,0.8436999917030334
YLR259C,YMR002W,0,-6.951525,0.09994667023420334,0.9369999766349792,0.8438000082969666
YGL078C,YPL116W,0,-6.9521084,0.09993600845336914,0.9369999766349792,0.8439000248908997
YLL018C,YDR473C,0,-6.9527755,0.09992534667253494,0.9369999766349792,0.843999981880188
YOR252W,YOL093W,0,-6.9530706,0.09991469234228134,0.9369999766349792,0.8440999984741211
YLR056W,YDR146C,0,-6.953217,0.09990403801202774,0.9369999766349792,0.8442000150680542
YLR026C,YLR321C,0,-6.9533076,0.09989339113235474,0.9369999766349792,0.8442999720573425
YIL131C,YLR006C,0,-6.9536295,0.09988274425268173,0.9369999766349792,0.8443999886512756
YHR216W,YDL097C,0,-6.95388,0.09987209737300873,0.9369999766349792,0.8445000052452087
YBR070C,YDR205W,0,-6.954263,0.09986145049333572,0.9369999766349792,0.8446000218391418
YFL039C,YLR011W,0,-6.9546485,0.09985081106424332,0.9369999766349792,0.8446999788284302
YPL241C,YJR032W,0,-6.9546804,0.09984017163515091,0.9369999766349792,0.8447999954223633
YIR037W,YDR449C,0,-6.9554944,0.0998295322060585,0.9369999766349792,0.8449000120162964
YCR047C,YNL262W,0,-6.9555135,0.09981890022754669,0.9369999766349792,0.8450000286102295
YLR405W,YKL124W,0,-6.9560046,0.09980826824903488,0.9369999766349792,0.8450999855995178
YPR020W,YLR135W,0,-6.9560165,0.09979763627052307,0.9369999766349792,0.8452000021934509
YKR009C,YIL101C,0,-6.956945,0.09978700429201126,0.9369999766349792,0.845300018787384
YMR237W,YNL238W,0,-6.9570284,0.09977637976408005,0.9369999766349792,0.8453999757766724
YNL262W,YER019C-A,0,-6.957061,0.09976575523614883,0.9369999766349792,0.8454999923706055
YLR309C,YIL153W,0,-6.9572177,0.09975513815879822,0.9369999766349792,0.8456000089645386
YDR144C,YDL014W,0,-6.957236,0.0997445210814476,0.9369999766349792,0.8457000255584717
YER126C,YKR097W,0,-6.957455,0.09973390400409698,0.9369999766349792,0.84579998254776
YDR060W,YHR010W,0,-6.9587727,0.09972328692674637,0.9369999766349792,0.8458999991416931
YFR025C,YIL053W,1,-6.959149,0.09981909394264221,0.9380000233650208,0.8458999991416931
YNR060W,YFR013W,0,-6.9593396,0.099808469414711,0.9380000233650208,0.8460000157356262
YAL028W,YNL282W,0,-6.959391,0.09979785233736038,0.9380000233650208,0.8460999727249146
YOR275C,YER070W,0,-6.960014,0.09978723526000977,0.9380000233650208,0.8461999893188477
YMR303C,YOR357C,0,-6.9600286,0.09977661818265915,0.9380000233650208,0.8463000059127808
YKL143W,YOL147C,0,-6.960753,0.09976600855588913,0.9380000233650208,0.8464000225067139
YBR112C,YGL201C,0,-6.9610415,0.09975539892911911,0.9380000233650208,0.8464999794960022
YKR002W,YLR266C,0,-6.961271,0.09974478930234909,0.9380000233650208,0.8465999960899353
YDL132W,YGR254W,0,-6.961287,0.09973418712615967,0.9380000233650208,0.8467000126838684
YDL030W,YMR269W,0,-6.961336,0.09972357749938965,0.9380000233650208,0.8468000292778015
YDR184C,YGR279C,0,-6.9613695,0.09971298277378082,0.9380000233650208,0.8468999862670898
YKR094C,YFL008W,0,-6.961452,0.0997023805975914,0.9380000233650208,0.847000002861023
YOR198C,YKL205W,0,-6.9616356,0.09969178587198257,0.9380000233650208,0.847100019454956
YIL036W,YFL002C,0,-6.961803,0.09968119114637375,0.9380000233650208,0.8471999764442444
YOR304W,YOR122C,0,-6.961927,0.09967059642076492,0.9380000233650208,0.8472999930381775
YDL004W,YOR046C,0,-6.9623404,0.0996600091457367,0.9380000233650208,0.8474000096321106
YDR144C,YDR353W,0,-6.962773,0.09964942187070847,0.9380000233650208,0.8475000262260437
YLR172C,YOR384W,0,-6.9636483,0.09963883459568024,0.9380000233650208,0.847599983215332
YER116C,YMR089C,0,-6.9637194,0.0996282547712326,0.9380000233650208,0.8476999998092651
YBR191W,YMR218C,0,-6.964088,0.09961767494678497,0.9380000233650208,0.8478000164031982
YLL031C,YGL135W,0,-6.9642177,0.09960709512233734,0.9380000233650208,0.8478999733924866
YOR046C,YOL045W,0,-6.9643993,0.09959651529788971,0.9380000233650208,0.8479999899864197
YMR240C,YDL049C,0,-6.96449,0.09958594292402267,0.9380000233650208,0.8481000065803528
YNL271C,YOL001W,0,-6.9645195,0.09957537055015564,0.9380000233650208,0.8482000231742859
YOR120W,YLR190W,0,-6.9648204,0.0995648056268692,0.9380000233650208,0.8482999801635742
YIL009W,YDR244W,0,-6.9650035,0.09955423325300217,0.9380000233650208,0.8483999967575073
YDL052C,YMR117C,0,-6.9652395,0.09954366832971573,0.9380000233650208,0.8485000133514404
YDR037W,YML065W,0,-6.965367,0.09953310340642929,0.9380000233650208,0.8485999703407288
YHR046C,YGR161C,1,-6.966092,0.09962864965200424,0.9390000104904175,0.8485999703407288
YOL127W,YGR116W,0,-6.966121,0.09961807727813721,0.9390000104904175,0.8486999869346619
YPL115C,YGL211W,0,-6.966675,0.09960751235485077,0.9390000104904175,0.848800003528595
YAR019C,YAL003W,0,-6.966827,0.09959694743156433,0.9390000104904175,0.8489000201225281
YDR147W,YDR224C,0,-6.967408,0.0995863825082779,0.9390000104904175,0.8489999771118164
YMR238W,YLR453C,0,-6.9674234,0.09957582503557205,0.9390000104904175,0.8490999937057495
YPL235W,YMR322C,0,-6.9674697,0.09956526011228561,0.9390000104904175,0.8492000102996826
YDL212W,YOL154W,0,-6.9677033,0.09955471009016037,0.9390000104904175,0.8493000268936157
YDL223C,YOR159C,0,-6.968056,0.09954415261745453,0.9390000104904175,0.849399983882904
YBL099W,YJL061W,0,-6.968477,0.09953360259532928,0.9390000104904175,0.8495000004768372
YAL028W,YOR194C,0,-6.9685435,0.09952305257320404,0.9390000104904175,0.8496000170707703
YOR038C,YDR483W,0,-6.9686913,0.0995125025510788,0.9390000104904175,0.8496999740600586
YPL106C,YJL156C,0,-6.9687304,0.09950195997953415,0.9390000104904175,0.8497999906539917
YGR041W,YDR451C,0,-6.968908,0.0994914174079895,0.9390000104904175,0.8499000072479248
YNR019W,YHR084W,0,-6.969002,0.09948087483644485,0.9390000104904175,0.8500000238418579
YGL245W,YLR385C,0,-6.9691234,0.0994703397154808,0.9390000104904175,0.8500999808311462
YDL236W,YLL010C,1,-6.9692426,0.09956572204828262,0.9399999976158142,0.8500999808311462
YER062C,YFR040W,1,-6.9693313,0.09966108947992325,0.9409999847412109,0.8500999808311462
YGR123C,YDR436W,1,-6.969623,0.09975643455982208,0.9419999718666077,0.8500999808311462
YMR025W,YGL078C,0,-6.969997,0.09974586963653564,0.9419999718666077,0.8501999974250793
YPL135W,YER006W,0,-6.9700794,0.0997353121638298,0.9419999718666077,0.8503000140190125
YDR280W,YGR080W,0,-6.9701266,0.09972475469112396,0.9419999718666077,0.8503999710083008
YPL132W,YLR450W,0,-6.9702535,0.09971419721841812,0.9419999718666077,0.8504999876022339
YDR384C,YCR030C,0,-6.970285,0.09970363974571228,0.9419999718666077,0.850600004196167
YNL318C,YHR216W,0,-6.9704356,0.09969308972358704,0.9419999718666077,0.8507000207901001
YBR087W,YGL210W,0,-6.9705186,0.09968253970146179,0.9419999718666077,0.8507999777793884
YBL098W,YKL011C,0,-6.9706235,0.09967198967933655,0.9419999718666077,0.8508999943733215
YMR250W,YPR072W,0,-6.970784,0.0996614471077919,0.9419999718666077,0.8510000109672546
YHR143W,YHR017W,0,-6.9708376,0.09965090453624725,0.9419999718666077,0.8511000275611877
YEL050C,YNL194C,0,-6.970928,0.0996403619647026,0.9419999718666077,0.8511999845504761
YNL137C,YFR004W,0,-6.971342,0.09962982684373856,0.9419999718666077,0.8513000011444092
YIR041W,YGL008C,0,-6.9716425,0.0996192917227745,0.9419999718666077,0.8514000177383423
YAR014C,YGL192W,0,-6.9719224,0.09960875660181046,0.9419999718666077,0.8514999747276306
YKL167C,YLR249W,0,-6.9722285,0.0995982214808464,0.9419999718666077,0.8515999913215637
YDL166C,YOR101W,0,-6.9725623,0.09958769381046295,0.9419999718666077,0.8517000079154968
YGR003W,YKR090W,0,-6.972672,0.0995771661400795,0.9419999718666077,0.8518000245094299
YCR003W,YOR341W,0,-6.9727473,0.09956663846969604,0.9419999718666077,0.8518999814987183
YEL015W,YHR216W,0,-6.9728928,0.09955611824989319,0.9419999718666077,0.8519999980926514
YDR480W,YOL151W,0,-6.9729757,0.09954559803009033,0.9419999718666077,0.8521000146865845
YFR028C,YIL113W,1,-6.973242,0.09964074194431305,0.9430000185966492,0.8521000146865845
YPL228W,YKL190W,1,-6.973408,0.09973587095737457,0.9440000057220459,0.8521000146865845
YJL063C,YJL047C,0,-6.9735737,0.09972533583641052,0.9440000057220459,0.8521999716758728
YJL003W,YBL032W,0,-6.974134,0.09971480071544647,0.9440000057220459,0.8522999882698059
YGR175C,YAL015C,0,-6.9742293,0.09970426559448242,0.9440000057220459,0.852400004863739
YFR028C,YJL134W,1,-6.9742446,0.09979934245347977,0.9449999928474426,0.852400004863739
YPR049C,YLR325C,0,-6.9754777,0.09978880733251572,0.9449999928474426,0.8525000214576721
YMR207C,YLR372W,0,-6.9758697,0.09977827221155167,0.9449999928474426,0.8525999784469604
YGR157W,YGL213C,0,-6.975966,0.09976773709058762,0.9449999928474426,0.8526999950408936
YPL091W,YDR303C,0,-6.9759936,0.09975720196962357,0.9449999928474426,0.8528000116348267
YLL018C,YNL250W,0,-6.9760947,0.09974667429924011,0.9449999928474426,0.8529000282287598
YKR068C,YFR031C,0,-6.976109,0.09973614662885666,0.9449999928474426,0.8529999852180481
YPL241C,YOR287C,0,-6.9763308,0.0997256189584732,0.9449999928474426,0.8531000018119812
YGR278W,YGR078C,0,-6.9764056,0.09971509873867035,0.9449999928474426,0.8532000184059143
YOR241W,YHR066W,0,-6.976583,0.09970457851886749,0.9449999928474426,0.8532999753952026
YKL084W,YDR058C,0,-6.9769807,0.09969405829906464,0.9449999928474426,0.8533999919891357
YJL013C,YDR429C,0,-6.9772167,0.09968354552984238,0.9449999928474426,0.8535000085830688
YHL040C,YLR183C,0,-6.9779553,0.09967303276062012,0.9449999928474426,0.853600025177002
YER169W,YNL070W,0,-6.9780707,0.09966251999139786,0.9449999928474426,0.8536999821662903
YDL101C,YJR004C,0,-6.9784822,0.0996520072221756,0.9449999928474426,0.8537999987602234
YPL134C,YLR221C,0,-6.9791417,0.09964150190353394,0.9449999928474426,0.8539000153541565
YER038C,YOL031C,0,-6.979267,0.09963099658489227,0.9449999928474426,0.8539999723434448
YDR454C,YLR107W,0,-6.979861,0.09962049126625061,0.9449999928474426,0.8540999889373779
YGL017W,YCR024C-A,0,-6.980043,0.09960999339818954,0.9449999928474426,0.854200005531311
YMR145C,YHR139C,0,-6.9801583,0.09959949553012848,0.9449999928474426,0.8543000221252441
YMR041C,YLR336C,0,-6.9803085,0.09958899766206741,0.9449999928474426,0.8543999791145325
YJL167W,YER149C,0,-6.9809184,0.09957850724458694,0.9449999928474426,0.8544999957084656
YJR150C,YOR380W,0,-6.9809246,0.09956800937652588,0.9449999928474426,0.8546000123023987
YGR090W,YOL105C,0,-6.9812503,0.09955751895904541,0.9449999928474426,0.8547000288963318
YCR094W,YKL220C,0,-6.981725,0.09954703599214554,0.9449999928474426,0.8547999858856201
YGR224W,YGL253W,0,-6.9818206,0.09953655302524567,0.9449999928474426,0.8549000024795532
YGR230W,YKL006W,0,-6.981902,0.0995260700583458,0.9449999928474426,0.8550000190734863
YDR216W,YPR119W,0,-6.9822307,0.09951558709144592,0.9449999928474426,0.8550999760627747
YDR283C,YPL211W,0,-6.982392,0.09950510412454605,0.9449999928474426,0.8551999926567078
YKL017C,YER091C,0,-6.9824395,0.09949462860822678,0.9449999928474426,0.8553000092506409
YOR167C,YOL148C,0,-6.9829106,0.0994841530919075,0.9449999928474426,0.855400025844574
YAR014C,YML080W,0,-6.983124,0.09947368502616882,0.9449999928474426,0.8554999828338623
YCR071C,YCR012W,0,-6.9832587,0.09946321696043015,0.9449999928474426,0.8555999994277954
YNL137C,YOR054C,0,-6.98331,0.09945274889469147,0.9449999928474426,0.8557000160217285
YBR121C,YJL110C,0,-6.983418,0.09944228082895279,0.9449999928474426,0.8557999730110168
YPR198W,YDL052C,0,-6.98356,0.09943182021379471,0.9449999928474426,0.85589998960495
YBR085W,YHR023W,0,-6.983667,0.09942135959863663,0.9449999928474426,0.8560000061988831
YDR377W,YCR092C,0,-6.983956,0.09941089898347855,0.9449999928474426,0.8561000227928162
YDR101C,YGL125W,0,-6.9843097,0.09940043836832047,0.9449999928474426,0.8561999797821045
YDR017C,YDR425W,0,-6.9843163,0.09938998520374298,0.9449999928474426,0.8562999963760376
YMR047C,YER003C,0,-6.9847093,0.0993795320391655,0.9449999928474426,0.8564000129699707
YCR048W,YLR150W,0,-6.9848523,0.09936908632516861,0.9449999928474426,0.8565000295639038
YNR075W,YGL195W,0,-6.9849777,0.09935864061117172,0.9449999928474426,0.8565999865531921
YDR432W,YGR222W,0,-6.985576,0.09934819489717484,0.9449999928474426,0.8567000031471252
YML126C,YLR406C,0,-6.985645,0.09933774918317795,0.9449999928474426,0.8568000197410583
YHR193C,YOR073W,0,-6.9857025,0.09932730346918106,0.9449999928474426,0.8568999767303467
YKL217W,YDR495C,0,-6.986037,0.09931686520576477,0.9449999928474426,0.8569999933242798
YMR307W,YBR034C,0,-6.986709,0.09930643439292908,0.9449999928474426,0.8571000099182129
YJL103C,YNR034W,0,-6.987844,0.09929599612951279,0.9449999928474426,0.857200026512146
YHR053C,YKR067W,0,-6.9880805,0.0992855653166771,0.9449999928474426,0.8572999835014343
YCR106W,YGL070C,0,-6.9884305,0.0992751345038414,0.9449999928474426,0.8574000000953674
YOR148C,YPR174C,0,-6.988433,0.0992647036910057,0.9449999928474426,0.8575000166893005
YKR030W,YGR057C,0,-6.9884996,0.09925428032875061,0.9449999928474426,0.8575999736785889
YGR092W,YML028W,0,-6.9886403,0.09924385696649551,0.9449999928474426,0.857699990272522
YMR309C,YNL152W,0,-6.988853,0.09923343360424042,0.9449999928474426,0.8578000068664551
YBL024W,YIL038C,0,-6.9890466,0.09922301769256592,0.9449999928474426,0.8579000234603882
YBR260C,YGL096W,0,-6.989186,0.09921260178089142,0.9449999928474426,0.8579999804496765
YBL003C,YOL097C,0,-6.9894013,0.09920218586921692,0.9449999928474426,0.8580999970436096
YBR036C,YGL031C,0,-6.989552,0.09919176995754242,0.9449999928474426,0.8582000136375427
YHR123W,YBL014C,0,-6.989919,0.09918136149644852,0.9449999928474426,0.858299970626831
YCR018C,YOR356W,0,-6.990127,0.09917095303535461,0.9449999928474426,0.8583999872207642
YNL292W,YJL138C,0,-6.990134,0.09916054457426071,0.9449999928474426,0.8585000038146973
YBR282W,YJL138C,0,-6.9906077,0.0991501435637474,0.9449999928474426,0.8586000204086304
YKL217W,YGR128C,0,-6.9911594,0.0991397425532341,0.9449999928474426,0.8586999773979187
YDL134C,YGR123C,1,-6.992622,0.09923423826694489,0.9459999799728394,0.8586999773979187
YPR067W,YKL180W,0,-6.9926763,0.09922382980585098,0.9459999799728394,0.8587999939918518
YML120C,YPL152W,0,-6.9929223,0.09921342134475708,0.9459999799728394,0.8589000105857849
YLR114C,YOR009W,0,-6.9933066,0.09920302033424377,0.9459999799728394,0.859000027179718
YPL095C,YJR077C,0,-6.993452,0.09919261932373047,0.9459999799728394,0.8590999841690063
YIL124W,YCL064C,0,-6.9942307,0.09918221831321716,0.9459999799728394,0.8592000007629395
YKL143W,YER094C,0,-6.995074,0.09917181730270386,0.9459999799728394,0.8593000173568726
YPR141C,YOR064C,0,-6.995754,0.09916142374277115,0.9459999799728394,0.8593999743461609
YGR097W,YML052W,0,-6.995809,0.09915103018283844,0.9459999799728394,0.859499990940094
YPL126W,YKL171W,0,-6.995901,0.09914064407348633,0.9459999799728394,0.8596000075340271
YLR048W,YDR170C,0,-6.9959435,0.09913025051355362,0.9459999799728394,0.8597000241279602
YBR161W,YGR148C,0,-6.9964175,0.09911986440420151,0.9459999799728394,0.8597999811172485
YGR040W,YGR158C,0,-6.996556,0.0991094782948494,0.9459999799728394,0.8598999977111816
YOR109W,YIL053W,1,-6.9967933,0.09920385479927063,0.9470000267028809,0.8598999977111816
YBR236C,YDR062W,0,-6.997087,0.09919346123933792,0.9470000267028809,0.8600000143051147
YDR478W,YOR247W,0,-6.9971733,0.09918307512998581,0.9470000267028809,0.8600999712944031
YDL222C,YJR002W,0,-6.9972816,0.0991726890206337,0.9470000267028809,0.8601999878883362
YJL099W,YPR041W,0,-6.9973283,0.09916230291128159,0.9470000267028809,0.8603000044822693
YNR075W,YER049W,0,-6.9974685,0.09915192425251007,0.9470000267028809,0.8604000210762024
YKL127W,YML091C,0,-6.9991,0.09914153814315796,0.9470000267028809,0.8604999780654907
YOR091W,YDL025C,0,-6.9992385,0.09913115948438644,0.9470000267028809,0.8605999946594238
YCR012W,YPL258C,0,-6.999974,0.09912078827619553,0.9470000267028809,0.8607000112533569
YFR028C,YHR043C,1,-7.0001802,0.099215067923069,0.9480000138282776,0.8607000112533569
YAL034W-A,YBR181C,0,-7.0002832,0.09920468926429749,0.9480000138282776,0.86080002784729
YBL041W,YGR129W,0,-7.0002885,0.09919431060552597,0.9480000138282776,0.8608999848365784
YPL097W,YLL013C,0,-7.0005774,0.09918393194675446,0.9480000138282776,0.8610000014305115
YOR391C,YIL052C,0,-7.0010324,0.09917355328798294,0.9480000138282776,0.8611000180244446
YOR123C,YPL249C-A,0,-7.0014596,0.09916318207979202,0.9480000138282776,0.8611999750137329
YHL013C,YKR060W,0,-7.001714,0.0991528108716011,0.9480000138282776,0.861299991607666
YMR288W,YDL110C,0,-7.0019784,0.09914243966341019,0.9480000138282776,0.8614000082015991
YDR069C,YML010W,0,-7.0038953,0.09913206845521927,0.9480000138282776,0.8615000247955322
YBR158W,YGR070W,0,-7.0051284,0.09912170469760895,0.9480000138282776,0.8615999817848206
YLL019C,YML052W,0,-7.005274,0.09911134093999863,0.9480000138282776,0.8616999983787537
YDR071C,YPL214C,0,-7.0052886,0.0991009846329689,0.9480000138282776,0.8618000149726868
YBR130C,YBR143C,0,-7.0054393,0.09909062087535858,0.9480000138282776,0.8618999719619751
YGR129W,YML028W,0,-7.0058312,0.09908026456832886,0.9480000138282776,0.8619999885559082
YAR014C,YGR217W,0,-7.005849,0.09906991571187973,0.9480000138282776,0.8621000051498413
YOR174W,YML093W,0,-7.0059986,0.09905955940485,0.9480000138282776,0.8622000217437744
YLR048W,YER129W,0,-7.0061474,0.09904921054840088,0.9480000138282776,0.8622999787330627
YOR023C,YOR191W,0,-7.006299,0.09903886169195175,0.9480000138282776,0.8623999953269958
YNL074C,YBR060C,0,-7.0063605,0.09902852028608322,0.9480000138282776,0.862500011920929
YJL170C,YPL116W,0,-7.00639,0.0990181714296341,0.9480000138282776,0.8626000285148621
YLR203C,YBR081C,0,-7.0068893,0.09900783002376556,0.9480000138282776,0.8626999855041504
YJL103C,YJL026W,0,-7.007364,0.09899749606847763,0.9480000138282776,0.8628000020980835
YBR208C,YGR240C,0,-7.009053,0.0989871546626091,0.9480000138282776,0.8629000186920166
YGL256W,YHR085W,0,-7.009836,0.09897682070732117,0.9480000138282776,0.8629999756813049
YNR028W,YMR274C,0,-7.0100284,0.09896648675203323,0.9480000138282776,0.863099992275238
YDL149W,YOL039W,0,-7.010117,0.0989561602473259,0.9480000138282776,0.8632000088691711
YNL135C,YIL155C,0,-7.0101795,0.09894583374261856,0.9480000138282776,0.8633000254631042
YBL063W,YLR234W,0,-7.010802,0.09893550723791122,0.9480000138282776,0.8633999824523926
YDL143W,YBR192W,0,-7.0110087,0.09892518073320389,0.9480000138282776,0.8634999990463257
YKL220C,YHR015W,0,-7.0114646,0.09891486167907715,0.9480000138282776,0.8636000156402588
YGL163C,YHR141C,0,-7.0122285,0.09890453517436981,0.9480000138282776,0.8636999726295471
YDR380W,YLR409C,0,-7.0127373,0.09889422357082367,0.9480000138282776,0.8637999892234802
YPL269W,YLR079W,0,-7.0127897,0.09888390451669693,0.9480000138282776,0.8639000058174133
YGL009C,YDR461W,0,-7.013083,0.09887359291315079,0.9480000138282776,0.8640000224113464
YGR084C,YNL316C,0,-7.01331,0.09886328130960464,0.9480000138282776,0.8640999794006348
YOR253W,YGR281W,0,-7.014873,0.0988529697060585,0.9480000138282776,0.8641999959945679
YLR328W,YCR012W,0,-7.014953,0.09884266555309296,0.9480000138282776,0.864300012588501
YEL009C,YLR288C,0,-7.015113,0.09883236140012741,0.9480000138282776,0.8644000291824341
YMR025W,YER113C,0,-7.015426,0.09882205724716187,0.9480000138282776,0.8644999861717224
YPR052C,YMR270C,0,-7.015796,0.09881176054477692,0.9480000138282776,0.8646000027656555
YFL001W,YML091C,0,-7.0158877,0.09880145639181137,0.9480000138282776,0.8647000193595886
YOL008W,YHR021C,0,-7.0164714,0.09879115968942642,0.9480000138282776,0.864799976348877
YOL110W,YDR515W,0,-7.01704,0.09878087043762207,0.9480000138282776,0.8648999929428101
YJL143W,YLR164W,0,-7.0170574,0.09877057373523712,0.9480000138282776,0.8650000095367432
YHL031C,YNL093W,0,-7.017423,0.09876028448343277,0.9480000138282776,0.8651000261306763
YDR480W,YNR054C,0,-7.017593,0.09875000268220901,0.9480000138282776,0.8651999831199646
YNL223W,YDR492W,0,-7.0181975,0.09873971343040466,0.9480000138282776,0.8652999997138977
YER086W,YBR048W,0,-7.0182166,0.09872943162918091,0.9480000138282776,0.8654000163078308
YNR060W,YNR046W,0,-7.0183105,0.09871914982795715,0.9480000138282776,0.8654999732971191
YKL130C,YDR478W,0,-7.0188174,0.0987088680267334,0.9480000138282776,0.8655999898910522
YKR008W,YBR165W,0,-7.018935,0.09869859367609024,0.9480000138282776,0.8657000064849854
YLR086W,YPL180W,0,-7.0189643,0.09868831932544708,0.9480000138282776,0.8658000230789185
YLR133W,YJL080C,0,-7.0194006,0.09867804497480392,0.9480000138282776,0.8658999800682068
YHR092C,YCL031C,0,-7.019506,0.09866777807474136,0.9480000138282776,0.8659999966621399
YMR092C,YBR296C,0,-7.0196815,0.0986575111746788,0.9480000138282776,0.866100013256073
YOR219C,YJR086W,0,-7.02015,0.09864724427461624,0.9480000138282776,0.8661999702453613
YDL145C,YKL086W,0,-7.0208435,0.09863697737455368,0.9480000138282776,0.8662999868392944
YGL103W,YAL030W,0,-7.0214906,0.09862671792507172,0.9480000138282776,0.8664000034332275
YJL117W,YGR198W,0,-7.0216265,0.09861645847558975,0.9480000138282776,0.8665000200271606
YBR278W,YDR004W,0,-7.0218816,0.09860619902610779,0.9480000138282776,0.866599977016449
YBR095C,YML010W,0,-7.022228,0.09859594702720642,0.9480000138282776,0.8666999936103821
YDR529C,YMR203W,0,-7.0225964,0.09858568757772446,0.9480000138282776,0.8668000102043152
YPL243W,YDR410C,0,-7.022845,0.09857544302940369,0.9480000138282776,0.8669000267982483
YLR127C,YNL069C,0,-7.023214,0.09856519103050232,0.9480000138282776,0.8669999837875366
YKL190W,YBR092C,1,-7.0244565,0.09865890443325043,0.9490000009536743,0.8669999837875366
YDR512C,YCR012W,0,-7.0245214,0.09864864498376846,0.9490000009536743,0.8671000003814697
YJL153C,YGL173C,0,-7.0253463,0.0986383929848671,0.9490000009536743,0.8672000169754028
YDR163W,YLR409C,0,-7.025476,0.09862814098596573,0.9490000009536743,0.8672999739646912
YLR172C,YDR189W,0,-7.025821,0.09861789643764496,0.9490000009536743,0.8673999905586243
YJR060W,YBR121C,0,-7.0261974,0.09860764443874359,0.9490000009536743,0.8675000071525574
YML081C-A,YCR106W,0,-7.026424,0.09859739989042282,0.9490000009536743,0.8676000237464905
YDR103W,YLR447C,0,-7.0264797,0.09858716279268265,0.9490000009536743,0.8676999807357788
YOR380W,YKL144C,0,-7.0268726,0.09857691824436188,0.9490000009536743,0.8677999973297119
YNR057C,YGL206C,0,-7.0273695,0.0985666811466217,0.9490000009536743,0.867900013923645
YCR028C,YNL248C,0,-7.027397,0.09855644404888153,0.9490000009536743,0.8679999709129333
YHL002W,YGL120C,0,-7.0278387,0.09854620695114136,0.9490000009536743,0.8680999875068665
YIR021W,YJL050W,0,-7.0282288,0.09853597730398178,0.9490000009536743,0.8682000041007996
YDL178W,YDL123W,0,-7.0282707,0.0985257476568222,0.9490000009536743,0.8683000206947327
YPR020W,YKR061W,0,-7.0284653,0.09851551800966263,0.9490000009536743,0.868399977684021
YJL082W,YLL004W,0,-7.028504,0.09850529581308365,0.9490000009536743,0.8684999942779541
YLR221C,YIL096C,0,-7.0288806,0.09849507361650467,0.9490000009536743,0.8686000108718872
YKR006C,YDR247W,0,-7.0296597,0.09848485141992569,0.9490000009536743,0.8687000274658203
YKR080W,YDR177W,0,-7.03005,0.09847462922334671,0.9490000009536743,0.8687999844551086
YJR127C,YDL235C,0,-7.030333,0.09846441447734833,0.9490000009536743,0.8689000010490417
YNL192W,YOR133W,0,-7.030915,0.09845419973134995,0.9490000009536743,0.8690000176429749
YBR092C,YIL053W,1,-7.031057,0.09854771941900253,0.949999988079071,0.8690000176429749
YHR007C,YDL235C,0,-7.0315166,0.09853749722242355,0.949999988079071,0.8690999746322632
YDL148C,YKL067W,0,-7.0316386,0.09852727502584457,0.949999988079071,0.8691999912261963
YOL103W,YJL056C,0,-7.0318804,0.09851706027984619,0.949999988079071,0.8693000078201294
YHL016C,YOL152W,0,-7.032235,0.09850684553384781,0.949999988079071,0.8694000244140625
YDR439W,YDL052C,0,-7.033522,0.09849663078784943,0.949999988079071,0.8694999814033508
YEL021W,YNL064C,0,-7.034444,0.09848641604185104,0.949999988079071,0.8695999979972839
YPL254W,YPR065W,0,-7.0345435,0.09847620874643326,0.949999988079071,0.869700014591217
YFR044C,YPL087W,0,-7.0346437,0.09846600145101547,0.949999988079071,0.8697999715805054
YMR036C,YIL053W,1,-7.034759,0.0985594391822815,0.9509999752044678,0.8697999715805054
YBR121C,YDR461W,0,-7.0348563,0.09854922443628311,0.9509999752044678,0.8698999881744385
YHR011W,YDR512C,0,-7.034902,0.09853900969028473,0.9509999752044678,0.8700000047683716
YMR097C,YDR190C,0,-7.0350995,0.09852880239486694,0.9509999752044678,0.8701000213623047
YLR310C,YGL008C,0,-7.035368,0.09851859509944916,0.9509999752044678,0.870199978351593
YML121W,YML073C,0,-7.035626,0.09850838780403137,0.9509999752044678,0.8702999949455261
YKL168C,YDR079W,0,-7.0365176,0.09849818795919418,0.9509999752044678,0.8704000115394592
YPR105C,YJL136C,0,-7.036711,0.098487988114357,0.9509999752044678,0.8705000281333923
YKR076W,YOL052C,0,-7.036735,0.0984777882695198,0.9509999752044678,0.8705999851226807
YNL020C,YER009W,0,-7.0374074,0.09846758842468262,0.9509999752044678,0.8707000017166138
YPL246C,YGR024C,0,-7.0377,0.09845739603042603,0.9509999752044678,0.8708000183105469
YGL195W,YEL032W,0,-7.038364,0.09844720363616943,0.9509999752044678,0.8708999752998352
YLR303W,YMR193W,0,-7.038403,0.09843701124191284,0.9509999752044678,0.8709999918937683
YBL016W,YER102W,0,-7.038464,0.09842682629823685,0.9509999752044678,0.8711000084877014
YFL053W,YMR284W,0,-7.039219,0.09841664135456085,0.9509999752044678,0.8712000250816345
YDL036C,YDR451C,0,-7.0401473,0.09840645641088486,0.9509999752044678,0.8712999820709229
YJL173C,YDL201W,0,-7.040753,0.09839627891778946,0.9509999752044678,0.871399998664856
YBR301W,YNL088W,0,-7.0412555,0.09838609397411346,0.9509999752044678,0.8715000152587891
YLR342W,YDR103W,0,-7.041279,0.09837591648101807,0.9509999752044678,0.8715999722480774
YBR253W,YOR332W,0,-7.0413117,0.09836573898792267,0.9509999752044678,0.8716999888420105
YGR029W,YMR105C,0,-7.041371,0.09835556894540787,0.9509999752044678,0.8718000054359436
YER120W,YLR086W,0,-7.0416284,0.09834539890289307,0.9509999752044678,0.8719000220298767
YIL094C,YHR021C,0,-7.041747,0.09833522886037827,0.9509999752044678,0.871999979019165
YMR217W,YDL046W,0,-7.0421433,0.09832505881786346,0.9509999752044678,0.8720999956130981
YNL085W,YJL191W,0,-7.042379,0.09831489622592926,0.9509999752044678,0.8722000122070312
YDL198C,YOR294W,0,-7.0428166,0.09830473363399506,0.9509999752044678,0.8723000288009644
YIL123W,YJL035C,0,-7.0429235,0.09829457104206085,0.9509999752044678,0.8723999857902527
YDR402C,YLR024C,0,-7.0430655,0.09828441590070724,0.9509999752044678,0.8725000023841858
YNL328C,YMR146C,0,-7.0436406,0.09827426075935364,0.9509999752044678,0.8726000189781189
YNL101W,YDR446W,0,-7.0436893,0.09826410561800003,0.9509999752044678,0.8726999759674072
YGR118W,YML052W,0,-7.043694,0.09825395047664642,0.9509999752044678,0.8727999925613403
YNL294C,YBR261C,0,-7.0445523,0.09824380278587341,0.9509999752044678,0.8729000091552734
YJL051W,YGL203C,0,-7.0447397,0.0982336550951004,0.9509999752044678,0.8730000257492065
YLR068W,YBR294W,0,-7.044784,0.09822350740432739,0.9509999752044678,0.8730999827384949
YIR005W,YNL119W,0,-7.0457306,0.09821336716413498,0.9509999752044678,0.873199999332428
YBL099W,YDL138W,0,-7.0460176,0.09820321947336197,0.9509999752044678,0.8733000159263611
YEL029C,YLR142W,0,-7.046175,0.09819307923316956,0.9509999752044678,0.8733999729156494
YNR008W,YGL031C,0,-7.046991,0.09818294644355774,0.9509999752044678,0.8734999895095825
YDL102W,YER050C,0,-7.0471034,0.09817280620336533,0.9509999752044678,0.8736000061035156
YHR183W,YNR023W,0,-7.0473733,0.09816267341375351,0.9509999752044678,0.8737000226974487
YBL082C,YKL049C,0,-7.047482,0.0981525406241417,0.9509999752044678,0.8737999796867371
YKL101W,YBL076C,0,-7.0474954,0.09814241528511047,0.9509999752044678,0.8738999962806702
YMR014W,YDR147W,0,-7.0480485,0.09813228994607925,0.9509999752044678,0.8740000128746033
YPL163C,YPL214C,0,-7.048077,0.09812216460704803,0.9509999752044678,0.8741000294685364
YHR006W,YKR042W,0,-7.0491185,0.09811203926801682,0.9509999752044678,0.8741999864578247
YGR119C,YNL160W,0,-7.049377,0.09810192137956619,0.9509999752044678,0.8743000030517578
YOL058W,YBR296C,0,-7.049765,0.09809180349111557,0.9509999752044678,0.8744000196456909
YFR021W,YJL177W,0,-7.050472,0.09808168560266495,0.9509999752044678,0.8744999766349792
YDL024C,YMR277W,1,-7.051535,0.09817469120025635,0.9520000219345093,0.8744999766349792
YGL200C,YBR213W,0,-7.0517573,0.09816457331180573,0.9520000219345093,0.8745999932289124
YKL012W,YOR091W,0,-7.0520854,0.0981544479727745,0.9520000219345093,0.8747000098228455
YBR286W,YOR046C,0,-7.0522366,0.09814433008432388,0.9520000219345093,0.8748000264167786
YMR308C,YGL158W,0,-7.0524945,0.09813421219587326,0.9520000219345093,0.8748999834060669
YNR067C,YCL055W,0,-7.052745,0.09812410175800323,0.9520000219345093,0.875
YPL175W,YMR260C,0,-7.053345,0.09811398386955261,0.9520000219345093,0.8751000165939331
YGR014W,YLR325C,0,-7.0538116,0.09810387343168259,0.9520000219345093,0.8751999735832214
YNR050C,YER028C,0,-7.054058,0.09809376299381256,0.9520000219345093,0.8752999901771545
YJL050W,YNL282W,0,-7.0543447,0.09808366000652313,0.9520000219345093,0.8754000067710876
YLR070C,YPL074W,0,-7.0548,0.0980735570192337,0.9520000219345093,0.8755000233650208
YGR262C,YNL075W,0,-7.0551076,0.09806345403194427,0.9520000219345093,0.8755999803543091
YGR188C,YFL031W,0,-7.055162,0.09805335104465485,0.9520000219345093,0.8756999969482422
YJL082W,YJR086W,0,-7.055625,0.09804325550794601,0.9520000219345093,0.8758000135421753
YBR017C,YBR069C,0,-7.0556417,0.09803315997123718,0.9520000219345093,0.8758999705314636
YGR120C,YLR192C,0,-7.0557547,0.09802306443452835,0.9520000219345093,0.8759999871253967
YLR286C,YDR147W,0,-7.056048,0.09801296889781952,0.9520000219345093,0.8761000037193298
YOR327C,YOR194C,0,-7.0565305,0.09800288081169128,0.9520000219345093,0.8762000203132629
YGL184C,YHR161C,0,-7.0571814,0.09799279272556305,0.9520000219345093,0.8762999773025513
YNR027W,YIL096C,0,-7.0572877,0.09798271209001541,0.9520000219345093,0.8763999938964844
YIL094C,YDR515W,0,-7.057676,0.09797262400388718,0.9520000219345093,0.8765000104904175
YGR134W,YDR398W,0,-7.0581617,0.09796254336833954,0.9520000219345093,0.8766000270843506
YGL229C,YIL113W,1,-7.058382,0.09805535525083542,0.953000009059906,0.8766000270843506
YDR163W,YOL104C,0,-7.058411,0.09804526716470718,0.953000009059906,0.8766999840736389
YMR014W,YBR183W,0,-7.0585113,0.09803517907857895,0.953000009059906,0.876800000667572
YGL032C,YBR105C,0,-7.059566,0.09802509844303131,0.953000009059906,0.8769000172615051
YKR009C,YDR342C,0,-7.059754,0.09801501780748367,0.953000009059906,0.8769999742507935
YCR034W,YLR362W,0,-7.060209,0.09800493717193604,0.953000009059906,0.8770999908447266
YHR082C,YJR035W,0,-7.060383,0.0979948565363884,0.953000009059906,0.8772000074386597
YGL241W,YNL066W,0,-7.0612965,0.09798478335142136,0.953000009059906,0.8773000240325928
YJR092W,YGL098W,0,-7.0615087,0.09797471016645432,0.953000009059906,0.8773999810218811
YDR461W,YDL014W,0,-7.0616674,0.09796463698148727,0.953000009059906,0.8774999976158142
YGR161C,YFR040W,1,-7.0618095,0.0980573520064354,0.9539999961853027,0.8774999976158142
YLR058C,YDL042C,0,-7.062364,0.09804727882146835,0.9539999961853027,0.8776000142097473
YPL262W,YGL153W,0,-7.0625453,0.09803719818592072,0.9539999961853027,0.8776999711990356
YHR015W,YFR037C,0,-7.0631094,0.09802712500095367,0.9539999961853027,0.8777999877929688
YBR286W,YBL075C,0,-7.0639086,0.09801705181598663,0.9539999961853027,0.8779000043869019
YLR048W,YOR285W,0,-7.063985,0.09800698608160019,0.9539999961853027,0.878000020980835
YMR217W,YPL163C,0,-7.064141,0.09799692034721375,0.9539999961853027,0.8780999779701233
YFL014W,YHL034C,0,-7.0642505,0.0979868546128273,0.9539999961853027,0.8781999945640564
YBL080C,YKR057W,0,-7.064647,0.09797678887844086,0.9539999961853027,0.8783000111579895
YOL064C,YBR092C,1,-7.065284,0.09806942194700241,0.9549999833106995,0.8783000111579895
YDR108W,YNL069C,0,-7.0668097,0.09805934876203537,0.9549999833106995,0.8784000277519226
YDL003W,YNL176C,0,-7.067667,0.09804928302764893,0.9549999833106995,0.8784999847412109
YDL074C,YNL188W,0,-7.0678062,0.09803921729326248,0.9549999833106995,0.878600001335144
YJL183W,YMR069W,0,-7.0678554,0.09802915155887604,0.9549999833106995,0.8787000179290771
YLR192C,YDR447C,0,-7.067988,0.09801909327507019,0.9549999833106995,0.8787999749183655
YBR045C,YKR060W,0,-7.068189,0.09800902754068375,0.9549999833106995,0.8788999915122986
YOR004W,YNL154C,0,-7.068483,0.0979989767074585,0.9549999833106995,0.8790000081062317
YGR254W,YDR496C,0,-7.0685387,0.09798891842365265,0.9549999833106995,0.8791000247001648
YHR150W,YGL184C,0,-7.070161,0.0979788675904274,0.9549999833106995,0.8791999816894531
YDR277C,YER126C,0,-7.070246,0.09796881675720215,0.9549999833106995,0.8792999982833862
YLR377C,YJL134W,1,-7.070268,0.09806133806705475,0.9559999704360962,0.8792999982833862
YAL063C,YMR142C,0,-7.0703545,0.0980512797832489,0.9559999704360962,0.8794000148773193
YJR047C,YGL219C,0,-7.070405,0.09804122895002365,0.9559999704360962,0.8794999718666077
YOR380W,YLR406C,0,-7.0705442,0.0980311706662178,0.9559999704360962,0.8795999884605408
YMR247C,YOR167C,0,-7.0708504,0.09802111983299255,0.9559999704360962,0.8797000050544739
YML129C,YMR105C,0,-7.070916,0.0980110689997673,0.9559999704360962,0.879800021648407
YFR041C,YBR189W,0,-7.071308,0.09800102561712265,0.9559999704360962,0.8798999786376953
YOR330C,YGR030C,0,-7.071773,0.097990982234478,0.9559999704360962,0.8799999952316284
YIL076W,YEL026W,0,-7.072025,0.09798093885183334,0.9559999704360962,0.8801000118255615
YNR001C,YDR404C,0,-7.0722237,0.09797089546918869,0.9559999704360962,0.8802000284194946
YLR205C,YAL005C,0,-7.0726423,0.09796085953712463,0.9559999704360962,0.880299985408783
YAL035W,YPL164C,0,-7.0728393,0.09795081615447998,0.9559999704360962,0.8804000020027161
YAL053W,YBR054W,0,-7.073091,0.09794078767299652,0.9559999704360962,0.8805000185966492
YIL072W,YPL036W,0,-7.073815,0.09793075174093246,0.9559999704360962,0.8805999755859375
YOR030W,YHR042W,0,-7.07388,0.097920723259449,0.9559999704360962,0.8806999921798706
YML129C,YPL156C,0,-7.074611,0.09791069477796555,0.9559999704360962,0.8808000087738037
YPL075W,YOR328W,0,-7.074801,0.09790066629648209,0.9559999704360962,0.8809000253677368
YLR276C,YDL007W,0,-7.0756187,0.09789063781499863,0.9559999704360962,0.8809999823570251
YHL002W,YGR159C,0,-7.0760293,0.09788061678409576,0.9559999704360962,0.8810999989509583
YBL045C,YJR160C,0,-7.076129,0.0978705957531929,0.9559999704360962,0.8812000155448914
YNL182C,YNL231C,0,-7.076135,0.09786058217287064,0.9559999704360962,0.8812999725341797
YLR342W,YBR048W,0,-7.076572,0.09785056114196777,0.9559999704360962,0.8813999891281128
YDR284C,YGR123C,1,-7.0769095,0.09794288873672485,0.9570000171661377,0.8813999891281128
YEL034W,YMR193W,0,-7.077097,0.09793286770582199,0.9570000171661377,0.8815000057220459
YLR196W,YHR060W,0,-7.0773816,0.09792284667491913,0.9570000171661377,0.881600022315979
YMR120C,YNL309W,0,-7.077464,0.09791283309459686,0.9570000171661377,0.8816999793052673
YMR168C,YDR404C,0,-7.0793386,0.097902812063694,0.9570000171661377,0.8817999958992004
YNL275W,YOR317W,0,-7.0796614,0.09789279848337173,0.9570000171661377,0.8819000124931335
YBR162C,YLR212C,0,-7.0809064,0.09788278490304947,0.9570000171661377,0.8820000290870667
YNL103W,YDR079W,0,-7.081015,0.0978727787733078,0.9570000171661377,0.882099986076355
YNL281W,YKL067W,0,-7.0810933,0.09786276519298553,0.9570000171661377,0.8822000026702881
YPL213W,YIL110W,0,-7.081335,0.09785275906324387,0.9570000171661377,0.8823000192642212
YIL140W,YPL013C,0,-7.082084,0.0978427529335022,0.9570000171661377,0.8823999762535095
YER044C,YML091C,0,-7.082671,0.09783275425434113,0.9570000171661377,0.8824999928474426
YDL022W,YFR004W,0,-7.082862,0.09782275557518005,0.9570000171661377,0.8826000094413757
YFR048W,YHR152W,0,-7.0832505,0.09781275689601898,0.9570000171661377,0.8827000260353088
YOR224C,YGL179C,0,-7.0847006,0.09780275821685791,0.9570000171661377,0.8827999830245972
YMR172W,YLR367W,0,-7.085013,0.09779276698827744,0.9570000171661377,0.8828999996185303
YGL023C,YHR196W,0,-7.0851836,0.09778277575969696,0.9570000171661377,0.8830000162124634
YPL270W,YNL151C,0,-7.0853696,0.09777278453111649,0.9570000171661377,0.8830999732017517
YDL102W,YMR205C,0,-7.085625,0.09776279330253601,0.9570000171661377,0.8831999897956848
YFL013C,YHL001W,0,-7.0860534,0.09775280952453613,0.9570000171661377,0.8833000063896179
YJR065C,YJL125C,0,-7.0863185,0.09774282574653625,0.9570000171661377,0.883400022983551
YOR267C,YOR305W,0,-7.0864396,0.09773284196853638,0.9570000171661377,0.8834999799728394
YHR052W,YFR053C,0,-7.0867133,0.0977228656411171,0.9570000171661377,0.8835999965667725
YLR051C,YER070W,0,-7.08711,0.09771288186311722,0.9570000171661377,0.8837000131607056
YOL052C-A,YPR169W,0,-7.0874686,0.09770291298627853,0.9570000171661377,0.8838000297546387
YNL239W,YPR143W,0,-7.0879703,0.09769293665885925,0.9570000171661377,0.883899986743927
YGL018C,YHR141C,0,-7.0881047,0.09768296778202057,0.9570000171661377,0.8840000033378601
YKL191W,YKL080W,0,-7.0881925,0.09767299145460129,0.9570000171661377,0.8841000199317932
YGL043W,YOR096W,0,-7.088288,0.0976630300283432,0.9570000171661377,0.8841999769210815
YDL143W,YLR308W,0,-7.088819,0.09765306115150452,0.9570000171661377,0.8842999935150146
YBL098W,YMR140W,0,-7.089074,0.09764309972524643,0.9570000171661377,0.8844000101089478
YAL007C,YBR296C,0,-7.0894723,0.09763313829898834,0.9570000171661377,0.8845000267028809
YJL098W,YMR261C,1,-7.0895877,0.09772518277168274,0.9580000042915344,0.8845000267028809
YHL040C,YHR193C,0,-7.089611,0.09771522134542465,0.9580000042915344,0.8845999836921692
YGR188C,YLR417W,0,-7.089721,0.09770525246858597,0.9580000042915344,0.8847000002861023
YDR459C,YLR406C,0,-7.0898495,0.09769529104232788,0.9580000042915344,0.8848000168800354
YDL132W,YOL141W,0,-7.0899615,0.0976853296160698,0.9580000042915344,0.8848999738693237
YMR048W,YGR276C,0,-7.0899615,0.0976753681898117,0.9580000042915344,0.8849999904632568
YCL031C,YML106W,0,-7.089965,0.09766540676355362,0.9580000042915344,0.8851000070571899
YGL200C,YBL014C,0,-7.0900607,0.09765545278787613,0.9580000042915344,0.885200023651123
YOR253W,YGL135W,0,-7.0904803,0.09764549881219864,0.9580000042915344,0.8852999806404114
YPL084W,YER002W,0,-7.091932,0.09763554483652115,0.9580000042915344,0.8853999972343445
YNL238W,YLR141W,0,-7.0922093,0.09762559831142426,0.9580000042915344,0.8855000138282776
YMR169C,YOL149W,0,-7.0928154,0.09761565178632736,0.9580000042915344,0.8855999708175659
YDL209C,YDR414C,0,-7.094541,0.09760570526123047,0.9580000042915344,0.885699987411499
YBR041W,YNL182C,0,-7.094568,0.09759575873613358,0.9580000042915344,0.8858000040054321
YKL087C,YJR095W,0,-7.0946727,0.09758581966161728,0.9580000042915344,0.8859000205993652
YGR083C,YKL120W,0,-7.0953226,0.09757588058710098,0.9580000042915344,0.8859999775886536
YNL029C,YKL089W,0,-7.0954776,0.09756594151258469,0.9580000042915344,0.8860999941825867
YLL022C,YKL099C,0,-7.095806,0.09755600988864899,0.9580000042915344,0.8862000107765198
YGR034W,YGL098W,0,-7.09611,0.09754607826471329,0.9580000042915344,0.8863000273704529
YNR053C,YGL014W,0,-7.0964527,0.09753614664077759,0.9580000042915344,0.8863999843597412
YIL088C,YER054C,0,-7.0972753,0.09752621501684189,0.9580000042915344,0.8865000009536743
YJL170C,YBR143C,0,-7.0974317,0.09751628339290619,0.9580000042915344,0.8866000175476074
YER062C,YER089C,1,-7.0982175,0.09760814160108566,0.9589999914169312,0.8866000175476074
YNL004W,YPR194C,0,-7.0982847,0.09759820997714996,0.9589999914169312,0.8866999745368958
YFR008W,YGR103W,0,-7.0984898,0.09758827835321426,0.9589999914169312,0.8867999911308289
YGL054C,YCR066W,0,-7.09891,0.09757834672927856,0.9589999914169312,0.886900007724762
YBL092W,YNL064C,0,-7.099279,0.09756842255592346,0.9589999914169312,0.8870000243186951
YER145C,YOL141W,0,-7.0996413,0.09755849093198776,0.9589999914169312,0.8870999813079834
YNL129W,YKL014C,0,-7.1000595,0.09754857420921326,0.9589999914169312,0.8871999979019165
YML010W,YKR092C,0,-7.100655,0.09753865003585815,0.9589999914169312,0.8873000144958496
YER009W,YCL008C,0,-7.100884,0.09752873331308365,0.9589999914169312,0.8873999714851379
YJR151C,YOL030W,0,-7.100902,0.09751880913972855,0.9589999914169312,0.887499988079071
YLR256W,YNL070W,0,-7.1010346,0.09750889986753464,0.9589999914169312,0.8876000046730042
YFR025C,YGR123C,1,-7.1013036,0.09760065376758575,0.9599999785423279,0.8876000046730042
YER068W,YOR056C,0,-7.1013556,0.09759072959423065,0.9599999785423279,0.8877000212669373
YCR098C,YGL068W,0,-7.1016994,0.09758080542087555,0.9599999785423279,0.8877999782562256
YNL298W,YBR207W,0,-7.1022134,0.09757088869810104,0.9599999785423279,0.8878999948501587
YNL153C,YBR212W,0,-7.1022487,0.09756097197532654,0.9599999785423279,0.8880000114440918
YBR048W,YOR338W,0,-7.1023417,0.09755106270313263,0.9599999785423279,0.8881000280380249
YFR036W,YLR190W,0,-7.103014,0.09754115343093872,0.9599999785423279,0.8881999850273132
YOR031W,YPR124W,0,-7.103099,0.09753124415874481,0.9599999785423279,0.8883000016212463
YHR053C,YGR141W,0,-7.1031003,0.0975213348865509,0.9599999785423279,0.8884000182151794
YMR164C,YDL083C,0,-7.103723,0.097511425614357,0.9599999785423279,0.8884999752044678
YHR051W,YOL135C,0,-7.103886,0.09750152379274368,0.9599999785423279,0.8885999917984009
YMR219W,YCR098C,0,-7.104028,0.09749162197113037,0.9599999785423279,0.888700008392334
YLR038C,YPR132W,0,-7.1046085,0.09748172014951706,0.9599999785423279,0.8888000249862671
YPL244C,YLR035C,0,-7.1051006,0.09747182577848434,0.9599999785423279,0.8888999819755554
YKR088C,YOR004W,0,-7.105433,0.09746193140745163,0.9599999785423279,0.8889999985694885
YOR188W,YAL015C,0,-7.1059704,0.09745203703641891,0.9599999785423279,0.8891000151634216
YKR068C,YOR206W,0,-7.1068754,0.0974421426653862,0.9599999785423279,0.88919997215271
YBR187W,YKL181W,0,-7.1069336,0.09743225574493408,0.9599999785423279,0.8892999887466431
YNL262W,YOR004W,0,-7.1071916,0.09742236882448196,0.9599999785423279,0.8894000053405762
YGR128C,YPR118W,0,-7.107424,0.09741248190402985,0.9599999785423279,0.8895000219345093
YJL096W,YML076C,0,-7.1079264,0.09740259498357773,0.9599999785423279,0.8895999789237976
YKL208W,YKL099C,0,-7.108284,0.09739271551370621,0.9599999785423279,0.8896999955177307
YER023W,YOR369C,0,-7.108358,0.09738283604383469,0.9599999785423279,0.8898000121116638
YDL074C,YKR090W,0,-7.1085696,0.09737295657396317,0.9599999785423279,0.8899000287055969
YDR412W,YOR329C,0,-7.1087646,0.09736308455467224,0.9599999785423279,0.8899999856948853
YMR215W,YOR177C,0,-7.1089835,0.09735321253538132,0.9599999785423279,0.8901000022888184
YLR397C,YLL026W,0,-7.1091,0.0973433405160904,0.9599999785423279,0.8902000188827515
YLR256W,YOR085W,0,-7.109287,0.09733346849679947,0.9599999785423279,0.8902999758720398
YCL025C,YPR189W,0,-7.109669,0.09732360392808914,0.9599999785423279,0.8903999924659729
YDR214W,YBL018C,0,-7.109753,0.09731373190879822,0.9599999785423279,0.890500009059906
YLR256W,YBR283C,0,-7.1117682,0.09730387479066849,0.9599999785423279,0.8906000256538391
YDR296W,YLR121C,0,-7.111808,0.09729401022195816,0.9599999785423279,0.8906999826431274
YIL033C,YKL093W,0,-7.11232,0.09728415310382843,0.9599999785423279,0.8907999992370605
YOR070C,YNL064C,0,-7.112512,0.0972742959856987,0.9599999785423279,0.8909000158309937
YGR145W,YNL210W,0,-7.11282,0.09726443886756897,0.9599999785423279,0.890999972820282
YKR083C,YCR066W,0,-7.1131787,0.09725458174943924,0.9599999785423279,0.8910999894142151
YHL040C,YDR038C,0,-7.113209,0.0972447320818901,0.9599999785423279,0.8912000060081482
YER112W,YKR020W,0,-7.113498,0.09723488241434097,0.9599999785423279,0.8913000226020813
YDL030W,YLR150W,0,-7.1139007,0.09722503274679184,0.9599999785423279,0.8913999795913696
YOL052C,YBR054W,0,-7.113917,0.0972151905298233,0.9599999785423279,0.8914999961853027
YGR262C,YPL098C,0,-7.1140285,0.09720534831285477,0.9599999785423279,0.8916000127792358
YNL118C,YOL005C,0,-7.1146245,0.09719550609588623,0.9599999785423279,0.891700029373169
YOR157C,YNL292W,0,-7.114751,0.0971856638789177,0.9599999785423279,0.8917999863624573
YBL087C,YPR009W,0,-7.11484,0.09717582911252975,0.9599999785423279,0.8919000029563904
YIR013C,YPR155C,0,-7.114982,0.09716599434614182,0.9599999785423279,0.8920000195503235
YIL004C,YGL037C,0,-7.1152444,0.09715615957975388,0.9599999785423279,0.8920999765396118
YNL075W,YNL302C,0,-7.1158986,0.09714632481336594,0.9599999785423279,0.8921999931335449
YOL082W,YDL204W,0,-7.1159587,0.0971364974975586,0.9599999785423279,0.892300009727478
YBR035C,YJR127C,0,-7.1161532,0.09712667018175125,0.9599999785423279,0.8924000263214111
YPL271W,YLR047C,0,-7.11719,0.09711684286594391,0.9599999785423279,0.8924999833106995
YOL091W,YMR203W,0,-7.117539,0.09710702300071716,0.9599999785423279,0.8925999999046326
YCR018C,YBR054W,0,-7.1178365,0.09709719568490982,0.9599999785423279,0.8927000164985657
YMR041C,YDR359C,0,-7.1178555,0.09708737581968307,0.9599999785423279,0.892799973487854
YGL008C,YMR234W,0,-7.1183734,0.09707756340503693,0.9599999785423279,0.8928999900817871
YFR028C,YIL053W,1,-7.1186824,0.09716885536909103,0.9610000252723694,0.8928999900817871
YAR002W,YPL016W,0,-7.1188607,0.09715903550386429,0.9610000252723694,0.8930000066757202
YMR240C,YDR497C,0,-7.120685,0.09714920818805695,0.9610000252723694,0.8931000232696533
YLR102C,YNL151C,0,-7.120753,0.0971393883228302,0.9610000252723694,0.8931999802589417
YDR218C,YDL170W,0,-7.1208453,0.09712957590818405,0.9610000252723694,0.8932999968528748
YBL069W,YDR449C,0,-7.120993,0.0971197560429573,0.9610000252723694,0.8934000134468079
YBR065C,YER032W,0,-7.1211915,0.09710994362831116,0.9610000252723694,0.8934999704360962
YPR120C,YMR037C,0,-7.1214447,0.09710013121366501,0.9610000252723694,0.8935999870300293
YFL031W,YDR279W,0,-7.121495,0.09709031879901886,0.9610000252723694,0.8937000036239624
YOR073W,YHR070W,0,-7.1217175,0.09708051383495331,0.9610000252723694,0.8938000202178955
YLR069C,YJR046W,0,-7.123525,0.09707070887088776,0.9610000252723694,0.8938999772071838
YJL125C,YEL066W,0,-7.1238284,0.0970609039068222,0.9610000252723694,0.8939999938011169
YDR188W,YLR103C,0,-7.123947,0.09705109894275665,0.9610000252723694,0.89410001039505
YJR145C,YFR037C,0,-7.1245227,0.0970413014292717,0.9610000252723694,0.8942000269889832
YPR184W,YNL079C,0,-7.125209,0.09703150391578674,0.9610000252723694,0.8942999839782715
YIL140W,YLR277C,0,-7.125486,0.09702170640230179,0.9610000252723694,0.8944000005722046
YOR191W,YJR104C,0,-7.125502,0.09701190888881683,0.9610000252723694,0.8945000171661377
YAL025C,YBR091C,0,-7.1258163,0.09700211882591248,0.9610000252723694,0.894599974155426
YDR188W,YGL033W,0,-7.125958,0.09699232876300812,0.9610000252723694,0.8946999907493591
YFL031W,YIL107C,0,-7.1261706,0.09698253870010376,0.9610000252723694,0.8948000073432922
YGL136C,YJL177W,0,-7.126284,0.09697275608778,0.9610000252723694,0.8949000239372253
YOL033W,YIL148W,0,-7.1263223,0.09696297347545624,0.9610000252723694,0.8949999809265137
YAL051W,YPL134C,0,-7.1267247,0.09695319086313248,0.9610000252723694,0.8950999975204468
YJL158C,YBR229C,0,-7.1271224,0.09694340825080872,0.9610000252723694,0.8952000141143799
YML054C,YHR045W,0,-7.128049,0.09693362563848495,0.9610000252723694,0.8952999711036682
YKR060W,YPR078C,0,-7.1284866,0.09692385047674179,0.9610000252723694,0.8953999876976013
YDR171W,YDR515W,0,-7.1285157,0.09691407531499863,0.9610000252723694,0.8955000042915344
YBL015W,YGR198W,0,-7.1286607,0.09690430760383606,0.9610000252723694,0.8956000208854675
YGR123C,YMR156C,1,-7.128663,0.09699536114931107,0.9620000123977661,0.8956000208854675
YBR164C,YHR197W,0,-7.1301527,0.0969855859875679,0.9620000123977661,0.8956999778747559
YAR008W,YPL088W,0,-7.1302924,0.09697580337524414,0.9620000123977661,0.895799994468689
YGL153W,YGR162W,0,-7.13149,0.09696602821350098,0.9620000123977661,0.8959000110626221
YDR358W,YKL024C,0,-7.131887,0.09695626050233841,0.9620000123977661,0.8960000276565552
YDR454C,YHR138C,0,-7.1332817,0.09694648534059525,0.9620000123977661,0.8960999846458435
YGR038W,YJL148W,0,-7.133321,0.09693671762943268,0.9620000123977661,0.8962000012397766
YIR025W,YDR447C,0,-7.134051,0.09692694991827011,0.9620000123977661,0.8963000178337097
YMR306W,YGL076C,0,-7.1341,0.09691718965768814,0.9620000123977661,0.896399974822998
YJL071W,YOL040C,0,-7.134179,0.09690742194652557,0.9620000123977661,0.8964999914169312
YLR102C,YKR042W,0,-7.134188,0.0968976616859436,0.9620000123977661,0.8966000080108643
YNR053C,YML029W,0,-7.1343718,0.09688790142536163,0.9620000123977661,0.8967000246047974
YCR017C,YHL015W,0,-7.1344805,0.09687814861536026,0.9620000123977661,0.8967999815940857
YDR273W,YNL070W,0,-7.13503,0.09686838835477829,0.9620000123977661,0.8968999981880188
YBL037W,YAL003W,0,-7.136221,0.09685863554477692,0.9620000123977661,0.8970000147819519
YBR059C,YOR275C,0,-7.13697,0.09684889018535614,0.9620000123977661,0.8970999717712402
YHR011W,YOR158W,0,-7.137004,0.09683913737535477,0.9620000123977661,0.8971999883651733
YPL131W,YER050C,0,-7.1371436,0.09682939201593399,0.9620000123977661,0.8973000049591064
YPR183W,YPR054W,0,-7.1386237,0.09681964665651321,0.9620000123977661,0.8974000215530396
YHR109W,YMR096W,0,-7.1390705,0.09680990129709244,0.9620000123977661,0.8974999785423279
YJL005W,YLR196W,0,-7.1392474,0.09680016338825226,0.9620000123977661,0.897599995136261
YJL207C,YDL081C,0,-7.139379,0.09679041802883148,0.9620000123977661,0.8977000117301941
YKL122C,YHR070W,0,-7.141025,0.0967806875705719,0.9620000123977661,0.8978000283241272
YDR044W,YOR126C,0,-7.1410627,0.09677094966173172,0.9620000123977661,0.8978999853134155
YDR323C,YBR048W,0,-7.1413155,0.09676121175289154,0.9620000123977661,0.8980000019073486
YLR286C,YGL033W,0,-7.1415777,0.09675148129463196,0.9620000123977661,0.8981000185012817
YDR005C,YOR315W,0,-7.1420145,0.09674175083637238,0.9620000123977661,0.8981999754905701
YCR091W,YKR063C,0,-7.142698,0.09673202782869339,0.9620000123977661,0.8982999920845032
YLR035C,YPL024W,0,-7.143791,0.09672229737043381,0.9620000123977661,0.8984000086784363
YBR086C,YDL075W,0,-7.145491,0.09671257436275482,0.9620000123977661,0.8985000252723694
YGR109C,YIL072W,0,-7.145808,0.09670285135507584,0.9620000123977661,0.8985999822616577
YIL105C,YDL058W,0,-7.145916,0.09669313579797745,0.9620000123977661,0.8986999988555908
YIL009W,YMR246W,0,-7.1459904,0.09668342024087906,0.9620000123977661,0.8988000154495239
YAL007C,YDR105C,0,-7.1464047,0.09667370468378067,0.9620000123977661,0.8988999724388123
YPL069C,YLR084C,0,-7.147354,0.09666398912668228,0.9620000123977661,0.8989999890327454
YOR034C,YPL221W,0,-7.1475296,0.09665427356958389,0.9620000123977661,0.8991000056266785
YCR012W,YIL122W,0,-7.149183,0.0966445654630661,0.9620000123977661,0.8992000222206116
YNR054C,YBR087W,0,-7.149861,0.09663485735654831,0.9620000123977661,0.8992999792098999
YBR093C,YKR053C,1,-7.1500545,0.09672559052705765,0.9629999995231628,0.8992999792098999
YNL225C,YJL191W,0,-7.1502557,0.09671587496995926,0.9629999995231628,0.899399995803833
YPR025C,YLR276C,0,-7.1517005,0.09670616686344147,0.9629999995231628,0.8995000123977661
YDL024C,YIL053W,1,-7.1519427,0.09679687023162842,0.9639999866485596,0.8995000123977661
YDL003W,YBR223C,0,-7.1521397,0.09678714722394943,0.9639999866485596,0.8996000289916992
YMR204C,YGL111W,0,-7.1522098,0.09677743166685104,0.9639999866485596,0.8996999859809875
YPR065W,YHR064C,0,-7.152287,0.09676771610975266,0.9639999866485596,0.8998000025749207
YEL034W,YHL015W,0,-7.1522965,0.09675800800323486,0.9639999866485596,0.8999000191688538
YBR282W,YGR141W,0,-7.152485,0.09674829244613647,0.9639999866485596,0.8999999761581421
YKL127W,YHR141C,0,-7.1525674,0.09673858433961868,0.9639999866485596,0.9000999927520752
YPR199C,YNL241C,0,-7.1531444,0.09672887623310089,0.9639999866485596,0.9002000093460083
YCR026C,YKL056C,0,-7.154198,0.0967191755771637,0.9639999866485596,0.9003000259399414
YAL007C,YCR060W,0,-7.154405,0.0967094674706459,0.9639999866485596,0.9003999829292297
YOR266W,YMR200W,0,-7.1544714,0.09669976681470871,0.9639999866485596,0.9004999995231628
YDL008W,YPR025C,0,-7.1559258,0.09669007360935211,0.9639999866485596,0.900600016117096
YIR028W,YKL060C,0,-7.155944,0.09668037295341492,0.9639999866485596,0.9006999731063843
YNR043W,YLR372W,0,-7.1561227,0.09667067974805832,0.9639999866485596,0.9007999897003174
YBR159W,YLR406C,0,-7.156528,0.09666098654270172,0.9639999866485596,0.9009000062942505
YOL021C,YPR160W,0,-7.157204,0.09665129333734512,0.9639999866485596,0.9010000228881836
YDL166C,YER021W,0,-7.1574016,0.09664160758256912,0.9639999866485596,0.9010999798774719
YBR247C,YPL129W,0,-7.1580353,0.09663191437721252,0.9639999866485596,0.901199996471405
YDR033W,YGR280C,0,-7.158477,0.09662222862243652,0.9639999866485596,0.9013000130653381
YHR201C,YLR208W,0,-7.159618,0.09661255031824112,0.9639999866485596,0.9014000296592712
YMR311C,YNL290W,0,-7.159742,0.09660286456346512,0.9639999866485596,0.9014999866485596
YLR153C,YMR140W,0,-7.159905,0.09659318625926971,0.9639999866485596,0.9016000032424927
YNR033W,YOR317W,0,-7.1603546,0.09658350795507431,0.9639999866485596,0.9017000198364258
YPL053C,YKL165C,0,-7.161389,0.0965738296508789,0.9639999866485596,0.9017999768257141
YHR139C,YBR294W,0,-7.162658,0.0965641587972641,0.9639999866485596,0.9018999934196472
YGL135W,YIL144W,0,-7.1633477,0.09655448794364929,0.9639999866485596,0.9020000100135803
YAR033W,YGR128C,0,-7.1639605,0.09654481709003448,0.9639999866485596,0.9021000266075134
YBR155W,YDR272W,0,-7.164145,0.09653514623641968,0.9639999866485596,0.9021999835968018
YGR060W,YDR097C,0,-7.164184,0.09652548283338547,0.9639999866485596,0.9023000001907349
YER001W,YOL001W,0,-7.1646104,0.09651581943035126,0.9639999866485596,0.902400016784668
YFR015C,YLR069C,0,-7.1647196,0.09650615602731705,0.9639999866485596,0.9024999737739563
YLL008W,YNL287W,0,-7.164924,0.09649650007486343,0.9639999866485596,0.9025999903678894
YAL012W,YGR248W,0,-7.1651587,0.09648683667182922,0.9639999866485596,0.9027000069618225
YPL037C,YLR233C,0,-7.165853,0.09647718071937561,0.9639999866485596,0.9028000235557556
YLR377C,YGR123C,1,-7.1661906,0.09656760096549988,0.9649999737739563,0.9028000235557556
YGR177C,YIL076W,0,-7.16629,0.09655793756246567,0.9649999737739563,0.902899980545044
YGL071W,YBR196C,0,-7.166982,0.09654827415943146,0.9649999737739563,0.902999997138977
YDR046C,YOL019W,0,-7.1675353,0.09653861820697784,0.9649999737739563,0.9031000137329102
YMR202W,YER112W,0,-7.1688843,0.09652896225452423,0.9649999737739563,0.9031999707221985
YJR045C,YOL129W,0,-7.169682,0.09651930630207062,0.9649999737739563,0.9032999873161316
YNL210W,YGR264C,0,-7.1698365,0.096509650349617,0.9649999737739563,0.9034000039100647
YNL153C,YNL151C,0,-7.1705194,0.09650000184774399,0.9649999737739563,0.9035000205039978
YJR147W,YKL067W,0,-7.1709213,0.09649035334587097,0.9649999737739563,0.9035999774932861
YBR155W,YKL148C,0,-7.171072,0.09648070484399796,0.9649999737739563,0.9036999940872192
YMR318C,YDR211W,0,-7.171273,0.09647105634212494,0.9649999737739563,0.9038000106811523
YLR256W,YBR294W,0,-7.171444,0.09646141529083252,0.9649999737739563,0.9039000272750854
YGL023C,YOL031C,0,-7.172211,0.0964517742395401,0.9649999737739563,0.9039999842643738
YNL177C,YJL192C,0,-7.172382,0.09644213318824768,0.9649999737739563,0.9041000008583069
YBR085W,YGR276C,0,-7.172497,0.09643249958753586,0.9649999737739563,0.90420001745224
YIL098C,YDR174W,0,-7.1737447,0.09642285853624344,0.9649999737739563,0.9042999744415283
YAR071W,YER075C,1,-7.1740336,0.09651313722133636,0.9660000205039978,0.9042999744415283
YGR145W,YOR269W,0,-7.174181,0.09650349617004395,0.9660000205039978,0.9043999910354614
YDL216C,YLR150W,0,-7.174215,0.09649385511875153,0.9660000205039978,0.9045000076293945
YPR194C,YDL214C,0,-7.1743603,0.0964842215180397,0.9660000205039978,0.9046000242233276
YAL007C,YIL144W,0,-7.1744785,0.09647458046674728,0.9660000205039978,0.904699981212616
YGR087C,YGR059W,0,-7.175198,0.09646494686603546,0.9660000205039978,0.9047999978065491
YBR191W,YKL211C,0,-7.1754794,0.09645532071590424,0.9660000205039978,0.9049000144004822
YLR148W,YPL131W,0,-7.176561,0.09644568711519241,0.9660000205039978,0.9049999713897705
YGL099W,YOR085W,0,-7.177954,0.09643606096506119,0.9660000205039978,0.9050999879837036
YJL110C,YNL078W,0,-7.1779833,0.09642643481492996,0.9660000205039978,0.9052000045776367
YHR128W,YGR112W,0,-7.1785836,0.09641680866479874,0.9660000205039978,0.9053000211715698
YOR261C,YCR008W,0,-7.178603,0.09640718251466751,0.9660000205039978,0.9053999781608582
YDL020C,YMR089C,0,-7.179156,0.09639756381511688,0.9660000205039978,0.9054999947547913
YER146W,YDR500C,0,-7.1792417,0.09638794511556625,0.9660000205039978,0.9056000113487244
YDR184C,YGR188C,0,-7.1792684,0.09637832641601562,0.9660000205039978,0.9057000279426575
YHR165C,YCR072C,0,-7.179607,0.0963687151670456,0.9660000205039978,0.9057999849319458
YJL110C,YBL003C,0,-7.1800733,0.09635910391807556,0.9660000205039978,0.9059000015258789
YNL042W,YFR033C,0,-7.180419,0.09634949266910553,0.9660000205039978,0.906000018119812
YHR143W,YKR002W,0,-7.180952,0.0963398814201355,0.9660000205039978,0.9060999751091003
YER172C,YLR178C,0,-7.182156,0.09633027762174606,0.9660000205039978,0.9061999917030334
YBR091C,YDR346C,0,-7.18253,0.09632066637277603,0.9660000205039978,0.9063000082969666
YBR247C,YHR039C,0,-7.1828017,0.0963110700249672,0.9660000205039978,0.9064000248908997
YFR037C,YIL011W,0,-7.1842866,0.09630146622657776,0.9660000205039978,0.906499981880188
YDR173C,YPR191W,0,-7.184736,0.09629186242818832,0.9660000205039978,0.9065999984741211
YPR046W,YHL007C,0,-7.1861315,0.09628226608037949,0.9660000205039978,0.9067000150680542
YJL082W,YDR432W,0,-7.1864,0.09627266973257065,0.9660000205039978,0.9067999720573425
YGR286C,YMR138W,0,-7.1868963,0.09626308083534241,0.9660000205039978,0.9068999886512756
YPL143W,YLR424W,0,-7.1870313,0.09625348448753357,0.9660000205039978,0.9070000052452087
YPL167C,YIL052C,0,-7.1876507,0.09624389559030533,0.9660000205039978,0.9071000218391418
YPR036W,YGL249W,0,-7.188408,0.09623430669307709,0.9660000205039978,0.9071999788284302
YNL288W,YOL151W,0,-7.1889806,0.09622472524642944,0.9660000205039978,0.9072999954223633
YGL256W,YML123C,0,-7.1896253,0.0962151363492012,0.9660000205039978,0.9074000120162964
YDR060W,YIR041W,0,-7.1903553,0.09620555490255356,0.9660000205039978,0.9075000286102295
YKR094C,YER018C,0,-7.1905503,0.09619597345590591,0.9660000205039978,0.9075999855995178
YML060W,YGR004W,0,-7.19116,0.09618639945983887,0.9660000205039978,0.9077000021934509
YER086W,YPL157W,0,-7.191355,0.09617682546377182,0.9660000205039978,0.907800018787384
YDR177W,YKL041W,0,-7.1913586,0.09616724401712418,0.9660000205039978,0.9078999757766724
YHL011C,YDL060W,0,-7.191685,0.09615767747163773,0.9660000205039978,0.9079999923706055
YAR071W,YBR093C,1,-7.1922936,0.09624763578176498,0.9670000076293945,0.9079999923706055
YOR267C,YIL118W,0,-7.192708,0.09623805433511734,0.9670000076293945,0.9081000089645386
YML105C,YPL144W,0,-7.194156,0.09622848033905029,0.9670000076293945,0.9082000255584717
YAL029C,YAL051W,0,-7.195359,0.09621890634298325,0.9670000076293945,0.90829998254776
YJR093C,YLR079W,0,-7.196326,0.0962093323469162,0.9670000076293945,0.9083999991416931
YGR279C,YNL054W,0,-7.1963425,0.09619975835084915,0.9670000076293945,0.9085000157356262
YGR191W,YLR121C,0,-7.1970005,0.0961901918053627,0.9670000076293945,0.9085999727249146
YHR065C,YGL026C,0,-7.1972404,0.09618062525987625,0.9670000076293945,0.9086999893188477
YIL027C,YDL194W,0,-7.1972566,0.0961710587143898,0.9670000076293945,0.9088000059127808
YNR002C,YLR051C,0,-7.1981387,0.09616149216890335,0.9670000076293945,0.9089000225067139
YJL065C,YAR002W,0,-7.1997595,0.0961519330739975,0.9670000076293945,0.9089999794960022
YCR098C,YGR280C,0,-7.2004533,0.09614237397909164,0.9670000076293945,0.9090999960899353
YMR058W,YIL110W,0,-7.2007003,0.09613281488418579,0.9670000076293945,0.9092000126838684
YGR188C,YML061C,0,-7.200994,0.09612326323986053,0.9670000076293945,0.9093000292778015
YHR010W,YOL020W,0,-7.2013736,0.09611370414495468,0.9670000076293945,0.9093999862670898
YAL062W,YML091C,0,-7.201809,0.09610415250062943,0.9670000076293945,0.909500002861023
YDR033W,YPR107C,0,-7.2022653,0.09609460085630417,0.9670000076293945,0.909600019454956
YHR072W,YGL076C,0,-7.2023416,0.09608505666255951,0.9670000076293945,0.9096999764442444
YCR038C,YOL052C,0,-7.2026477,0.09607551246881485,0.9670000076293945,0.9097999930381775
YGL174W,YDR091C,0,-7.2026815,0.09606596827507019,0.9670000076293945,0.9099000096321106
YMR242C,YLR045C,0,-7.203445,0.09605642408132553,0.9670000076293945,0.9100000262260437
YMR142C,YJR044C,0,-7.204655,0.09604687988758087,0.9670000076293945,0.910099983215332
YPL086C,YCL067C,0,-7.2055917,0.09603734314441681,0.9670000076293945,0.9101999998092651
YPL249C,YGL225W,0,-7.2058787,0.09602780640125275,0.9670000076293945,0.9103000164031982
YML063W,YBR294W,0,-7.2058806,0.09601826965808868,0.9670000076293945,0.9103999733924866
YLR288C,YDR449C,0,-7.2060537,0.09600874036550522,0.9670000076293945,0.9104999899864197
YNL270C,YJR123W,0,-7.207526,0.09599920362234116,0.9670000076293945,0.9106000065803528
YPL198W,YGL259W,0,-7.208386,0.09598967432975769,0.9670000076293945,0.9107000231742859
YAL003W,YOL127W,0,-7.2088847,0.09598015248775482,0.9670000076293945,0.9107999801635742
YLR276C,YBR087W,0,-7.20903,0.09597062319517136,0.9670000076293945,0.9108999967575073
YPR093C,YPL262W,0,-7.209042,0.09596110135316849,0.9670000076293945,0.9110000133514404
YEL034W,YIR009W,0,-7.2093816,0.09595157951116562,0.9670000076293945,0.9110999703407288
YDR513W,YKL110C,0,-7.2094793,0.09594205766916275,0.9670000076293945,0.9111999869346619
YDR380W,YMR014W,0,-7.209826,0.09593254327774048,0.9670000076293945,0.911300003528595
YDR361C,YHR075C,0,-7.2102594,0.09592302143573761,0.9670000076293945,0.9114000201225281
YCR071C,YPL096W,0,-7.210378,0.09591350704431534,0.9670000076293945,0.9114999771118164
YPR030W,YGL120C,0,-7.210461,0.09590400010347366,0.9670000076293945,0.9115999937057495
YMR110C,YOR391C,0,-7.2106423,0.09589448571205139,0.9670000076293945,0.9117000102996826
YKR024C,YKL002W,0,-7.2106586,0.09588497877120972,0.9670000076293945,0.9118000268936157
YNR002C,YHR005C,0,-7.210765,0.09587547183036804,0.9670000076293945,0.911899983882904
YMR113W,YJL189W,0,-7.2115245,0.09586596488952637,0.9670000076293945,0.9120000004768372
YCL030C,YDR144C,0,-7.2115912,0.09585646539926529,0.9670000076293945,0.9121000170707703
YPL001W,YGR148C,0,-7.2117333,0.09584695845842361,0.9670000076293945,0.9121999740600586
YLR318W,YNL137C,0,-7.2118216,0.09583746641874313,0.9670000076293945,0.9122999906539917
YMR297W,YHL009C,0,-7.2118993,0.09582796692848206,0.9670000076293945,0.9124000072479248
YDR033W,YLR070C,0,-7.211951,0.09581846743822098,0.9670000076293945,0.9125000238418579
YML129C,YJR049C,0,-7.211974,0.0958089753985405,0.9670000076293945,0.9125999808311462
YCL030C,YOR359W,0,-7.212817,0.09579948335886002,0.9670000076293945,0.9126999974250793
YLR333C,YJR096W,0,-7.213543,0.09578999876976013,0.9670000076293945,0.9128000140190125
YMR301C,YGR009C,0,-7.2135773,0.09578050673007965,0.9670000076293945,0.9128999710083008
YLR314C,YDL214C,0,-7.2141643,0.09577102214097977,0.9670000076293945,0.9129999876022339
YFL001W,YBR231C,0,-7.215901,0.09576153755187988,0.9670000076293945,0.913100004196167
YDR039C,YGL123W,0,-7.216632,0.09575205296278,0.9670000076293945,0.9132000207901001
YER001W,YPR041W,0,-7.2166514,0.09574257582426071,0.9670000076293945,0.9132999777793884
YHR152W,YDL110C,0,-7.2173667,0.09573309868574142,0.9670000076293945,0.9133999943733215
YNL274C,YBR030W,0,-7.21767,0.09572362154722214,0.9670000076293945,0.9135000109672546
YMR246W,YOR247W,0,-7.2180996,0.09571414440870285,0.9670000076293945,0.9136000275611877
YDR101C,YNL232W,0,-7.21821,0.09570467472076416,0.9670000076293945,0.9136999845504761
YLR147C,YNL066W,0,-7.2182603,0.09569519758224487,0.9670000076293945,0.9138000011444092
YLR093C,YGR086C,0,-7.2188425,0.09568572789430618,0.9670000076293945,0.9139000177383423
YGL205W,YMR143W,0,-7.219679,0.09567626565694809,0.9670000076293945,0.9139999747276306
YIL123W,YMR271C,0,-7.2197657,0.0956667959690094,0.9670000076293945,0.9140999913215637
YER173W,YOR301W,0,-7.220533,0.0956573337316513,0.9670000076293945,0.9142000079154968
YDL024C,YER062C,1,-7.221125,0.09574678540229797,0.9679999947547913,0.9142000079154968
YJL136C,YDR310C,0,-7.2212596,0.09573731571435928,0.9679999947547913,0.9143000245094299
YPR176C,YDR163W,0,-7.2218046,0.0957278460264206,0.9679999947547913,0.9143999814987183
YJR137C,YOR294W,0,-7.221874,0.0957183837890625,0.9679999947547913,0.9144999980926514
YLR432W,YJL127C,0,-7.2224145,0.0957089215517044,0.9679999947547913,0.9146000146865845
YLR239C,YLL003W,0,-7.2229123,0.09569945931434631,0.9679999947547913,0.9146999716758728
YHR142W,YBR155W,0,-7.2229996,0.09568999707698822,0.9679999947547913,0.9147999882698059
YJL145W,YLR006C,0,-7.223162,0.09568053483963013,0.9679999947547913,0.914900004863739
YOL044W,YNL067W,0,-7.2237644,0.09567108005285263,0.9679999947547913,0.9150000214576721
YGR134W,YBL055C,0,-7.223923,0.09566162526607513,0.9679999947547913,0.9150999784469604
YBR119W,YBR191W,0,-7.224279,0.09565217047929764,0.9679999947547913,0.9151999950408936
YGR204W,YFR033C,0,-7.2244225,0.09564272314310074,0.9679999947547913,0.9153000116348267
YMR001C,YHR146W,0,-7.2244782,0.09563327580690384,0.9679999947547913,0.9154000282287598
YDR408C,YMR136W,0,-7.2245927,0.09562382847070694,0.9679999947547913,0.9154999852180481
YDR194C,YMR117C,0,-7.2255125,0.09561438113451004,0.9679999947547913,0.9156000018119812
YDL045W-A,YIL122W,0,-7.226168,0.09560494124889374,0.9679999947547913,0.9157000184059143
YLR196W,YDR330W,0,-7.2263236,0.09559549391269684,0.9679999947547913,0.9157999753952026
YEL034W,YMR200W,0,-7.226385,0.09558605402708054,0.9679999947547913,0.9158999919891357
YBR035C,YOL120C,0,-7.22671,0.09557662159204483,0.9679999947547913,0.9160000085830688
YLR427W,YNL090W,0,-7.226983,0.09556718170642853,0.9679999947547913,0.916100025177002
YDR019C,YDR117C,0,-7.227464,0.09555774927139282,0.9679999947547913,0.9161999821662903
YDR490C,YGL123W,0,-7.2274847,0.09554831683635712,0.9679999947547913,0.9162999987602234
YAL007C,YLR195C,0,-7.2277374,0.09553888440132141,0.9679999947547913,0.9164000153541565
YHR046C,YOR109W,1,-7.2280107,0.09562814235687256,0.968999981880188,0.9164000153541565
YNR007C,YNL075W,0,-7.2287045,0.09561870992183685,0.968999981880188,0.9164999723434448
YGL200C,YBR250W,0,-7.228858,0.09560927748680115,0.968999981880188,0.9165999889373779
YBL009W,YLR424W,0,-7.2289615,0.09559984505176544,0.968999981880188,0.916700005531311
YOL123W,YIL123W,0,-7.229612,0.09559041261672974,0.968999981880188,0.9168000221252441
YIL062C,YNL151C,0,-7.2296987,0.09558098018169403,0.968999981880188,0.9168999791145325
YKR022C,YFR037C,0,-7.2299595,0.09557155519723892,0.968999981880188,0.9169999957084656
YHR114W,YKR024C,0,-7.2299857,0.09556213021278381,0.968999981880188,0.9171000123023987
YCR003W,YBR223C,0,-7.2306952,0.0955527052283287,0.968999981880188,0.9172000288963318
YPL131W,YOR179C,0,-7.231429,0.0955432876944542,0.968999981880188,0.9172999858856201
YMR277W,YHR046C,1,-7.231663,0.09563245624303818,0.9700000286102295,0.9172999858856201
YGR165W,YGR086C,0,-7.2320867,0.09562303125858307,0.9700000286102295,0.9174000024795532
YJR073C,YML063W,0,-7.2326064,0.09561360627412796,0.9700000286102295,0.9175000190734863
YDL178W,YDR312W,0,-7.233253,0.09560418128967285,0.9700000286102295,0.9175999760627747
YFL022C,YMR096W,0,-7.2335477,0.09559475630521774,0.9700000286102295,0.9176999926567078
YDL044C,YML026C,0,-7.2346807,0.09558533877134323,0.9700000286102295,0.9178000092506409
YBR112C,YHR014W,0,-7.2353206,0.09557592123746872,0.9700000286102295,0.917900025844574
YMR143W,YHR090C,0,-7.2356257,0.09556650370359421,0.9700000286102295,0.9179999828338623
YJR047C,YER151C,0,-7.235825,0.0955570861697197,0.9700000286102295,0.9180999994277954
YHR010W,YNR023W,0,-7.2365885,0.09554767608642578,0.9700000286102295,0.9182000160217285
YJR013W,YOR361C,0,-7.2383494,0.09553826600313187,0.9700000286102295,0.9182999730110168
YGL020C,YJR123W,0,-7.2384925,0.09552885591983795,0.9700000286102295,0.91839998960495
YML060W,YGR080W,0,-7.2386546,0.09551944583654404,0.9700000286102295,0.9185000061988831
YOR030W,YBR283C,0,-7.2388673,0.09551004320383072,0.9700000286102295,0.9186000227928162
YOR224C,YDL225W,0,-7.2395453,0.0955006405711174,0.9700000286102295,0.9186999797821045
YNL248C,YER018C,0,-7.2396426,0.09549123793840408,0.9700000286102295,0.9187999963760376
YKR036C,YDR033W,0,-7.239928,0.09548183530569077,0.9700000286102295,0.9189000129699707
YKL167C,YBR251W,0,-7.2401395,0.09547244012355804,0.9700000286102295,0.9190000295639038
YMR001C,YHL027W,0,-7.2402716,0.09546304494142532,0.9700000286102295,0.9190999865531921
YOL164W,YMR192W,0,-7.2410884,0.0954536497592926,0.9700000286102295,0.9192000031471252
YHR043C,YGR123C,1,-7.2420783,0.09554265439510345,0.9710000157356262,0.9192000031471252
YDR033W,YDR004W,0,-7.242145,0.09553325176239014,0.9710000157356262,0.9193000197410583
YKL180W,YOR149C,0,-7.2431006,0.09552385658025742,0.9710000157356262,0.9193999767303467
YDR001C,YJR159W,0,-7.2434034,0.0955144613981247,0.9710000157356262,0.9194999933242798
YPL135W,YEL050C,0,-7.2435627,0.09550506621599197,0.9710000157356262,0.9196000099182129
YLR223C,YBR273C,0,-7.2444406,0.09549567103385925,0.9710000157356262,0.919700026512146
YPL177C,YGR260W,0,-7.2444434,0.09548628330230713,0.9710000157356262,0.9197999835014343
YHR053C,YNL014W,0,-7.245047,0.095476895570755,0.9710000157356262,0.9199000000953674
YFR019W,YER131W,0,-7.245564,0.09546750783920288,0.9710000157356262,0.9200000166893005
YGR191W,YLR183C,0,-7.245832,0.09545812010765076,0.9710000157356262,0.9200999736785889
YGR118W,YOR359W,0,-7.2459464,0.09544873982667923,0.9710000157356262,0.920199990272522
YJR125C,YGR165W,0,-7.246018,0.0954393520951271,0.9710000157356262,0.9203000068664551
YBR142W,YER072W,0,-7.246232,0.09542997181415558,0.9710000157356262,0.9204000234603882
YMR055C,YLR045C,0,-7.2465854,0.09542059898376465,0.9710000157356262,0.9204999804496765
YNR057C,YLR442C,0,-7.2493567,0.09541121870279312,0.9710000157356262,0.9205999970436096
YOR026W,YNR054C,0,-7.2494416,0.09540184587240219,0.9710000157356262,0.9207000136375427
YMR192W,YKR057W,0,-7.2500625,0.09539247304201126,0.9710000157356262,0.920799970626831
YLR342W,YGL150C,0,-7.250587,0.09538310766220093,0.9710000157356262,0.9208999872207642
YOL063C,YDL081C,0,-7.25059,0.09537373483181,0.9710000157356262,0.9210000038146973
YLR287C-A,YJL143W,0,-7.251968,0.09536436945199966,0.9710000157356262,0.9211000204086304
YMR012W,YDL222C,0,-7.25199,0.09535500407218933,0.9710000157356262,0.9211999773979187
YKL101W,YKR094C,0,-7.2520757,0.095345638692379,0.9710000157356262,0.9212999939918518
YHR046C,YBR092C,1,-7.252172,0.09543446451425552,0.972000002861023,0.9212999939918518
YBR067C,YOR272W,0,-7.2522383,0.0954250916838646,0.972000002861023,0.9214000105857849
YIL145C,YKL006W,0,-7.252849,0.09541572630405426,0.972000002861023,0.921500027179718
YKL009W,YML124C,0,-7.253299,0.09540636092424393,0.972000002861023,0.9215999841690063
YNL218W,YGR148C,0,-7.2536993,0.0953969955444336,0.972000002861023,0.9217000007629395
YDR173C,YGL253W,0,-7.253724,0.09538763761520386,0.972000002861023,0.9218000173568726
YOR348C,YPL258C,0,-7.2540936,0.09537827223539352,0.972000002861023,0.9218999743461609
YEL064C,YBR143C,0,-7.254761,0.09536891430616379,0.972000002861023,0.921999990940094
YPL269W,YJR077C,0,-7.2548413,0.09535956382751465,0.972000002861023,0.9221000075340271
YDR480W,YJL053W,0,-7.254933,0.09535020589828491,0.972000002861023,0.9222000241279602
YKR067W,YGR119C,0,-7.2554183,0.09534085541963577,0.972000002861023,0.9222999811172485
YLL035W,YGL227W,0,-7.255509,0.09533150494098663,0.972000002861023,0.9223999977111816
YLR405W,YAL008W,0,-7.255977,0.0953221544623375,0.972000002861023,0.9225000143051147
YOR070C,YER117W,0,-7.2563124,0.09531280398368835,0.972000002861023,0.9225999712944031
YLR068W,YJL094C,0,-7.2566814,0.09530346095561981,0.972000002861023,0.9226999878883362
YOL164W,YJL209W,0,-7.2583156,0.09529411792755127,0.972000002861023,0.9228000044822693
YML118W,YPL012W,0,-7.2596126,0.09528477489948273,0.972000002861023,0.9229000210762024
YJL209W,YNL009W,0,-7.2636666,0.09527543932199478,0.972000002861023,0.9229999780654907
YGR204W,YJL189W,0,-7.2642856,0.09526609629392624,0.972000002861023,0.9230999946594238
YDR446W,YHR007C,0,-7.264446,0.0952567607164383,0.972000002861023,0.9232000112533569
YHR052W,YJL165C,0,-7.264858,0.09524742513895035,0.972000002861023,0.92330002784729
YCR086W,YJL191W,0,-7.265721,0.095238097012043,0.972000002861023,0.9233999848365784
YPR145W,YPR017C,0,-7.2666097,0.09522876143455505,0.972000002861023,0.9235000014305115
YDR345C,YMR117C,0,-7.2667823,0.0952194333076477,0.972000002861023,0.9236000180244446
YNL256W,YMR307W,0,-7.2672877,0.09521010518074036,0.972000002861023,0.9236999750137329
YDR492W,YER127W,0,-7.267347,0.0952007845044136,0.972000002861023,0.923799991607666
YBR023C,YKR072C,0,-7.269481,0.09519146382808685,0.972000002861023,0.9239000082015991
YML132W,YJR095W,0,-7.2708936,0.0951821357011795,0.972000002861023,0.9240000247955322
YNL270C,YGR231C,0,-7.2715917,0.09517282247543335,0.972000002861023,0.9240999817848206
YLR007W,YDL039C,0,-7.272125,0.0951635017991066,0.972000002861023,0.9241999983787537
YOR207C,YNL312W,0,-7.272308,0.09515418857336044,0.972000002861023,0.9243000149726868
YMR202W,YJL082W,0,-7.2730117,0.09514486789703369,0.972000002861023,0.9243999719619751
YLR189C,YOR297C,0,-7.273763,0.09513555467128754,0.972000002861023,0.9244999885559082
YML080W,YAL023C,0,-7.2739067,0.09512624889612198,0.972000002861023,0.9246000051498413
YER183C,YFL017W-A,0,-7.274092,0.09511693567037582,0.972000002861023,0.9247000217437744
YLR304C,YGL174W,0,-7.2744856,0.09510762989521027,0.972000002861023,0.9247999787330627
YMR184W,YOL127W,0,-7.275192,0.09509832412004471,0.972000002861023,0.9248999953269958
YPL117C,YGL103W,0,-7.27531,0.09508902579545975,0.972000002861023,0.925000011920929
YCL051W,YLR344W,0,-7.2758136,0.09507972002029419,0.972000002861023,0.9251000285148621
YFR036W,YLL008W,0,-7.277022,0.09507042169570923,0.972000002861023,0.9251999855041504
YDR144C,YDR181C,0,-7.2778487,0.09506112337112427,0.972000002861023,0.9253000020980835
YOR369C,YGR128C,0,-7.278742,0.0950518250465393,0.972000002861023,0.9254000186920166
YBR093C,YGR123C,1,-7.278826,0.09514031559228897,0.9729999899864197,0.9254000186920166
YGL222C,YIL052C,0,-7.279069,0.09513100981712341,0.9729999899864197,0.9254999756813049
YOR180C,YGL225W,0,-7.279096,0.09512171149253845,0.9729999899864197,0.925599992275238
YOR363C,YDR083W,0,-7.279987,0.09511241316795349,0.9729999899864197,0.9257000088691711
YPL037C,YLR239C,0,-7.280772,0.09510311484336853,0.9729999899864197,0.9258000254631042
YBR158W,YIL031W,0,-7.280879,0.09509382396936417,0.9729999899864197,0.9258999824523926
YOR002W,YER118C,0,-7.281025,0.0950845330953598,0.9729999899864197,0.9259999990463257
YNL117W,YDR276C,0,-7.2811646,0.09507524222135544,0.9729999899864197,0.9261000156402588
YER004W,YNL132W,0,-7.2821174,0.09506595134735107,0.9729999899864197,0.9261999726295471
YML103C,YFR031C-A,0,-7.2826777,0.09505666047334671,0.9729999899864197,0.9262999892234802
YHR070W,YGL225W,0,-7.282703,0.09504737704992294,0.9729999899864197,0.9264000058174133
YPL246C,YOL120C,0,-7.2828674,0.09503809362649918,0.9729999899864197,0.9265000224113464
YKL190W,YFR025C,1,-7.282873,0.09512647986412048,0.9739999771118164,0.9265000224113464
YLR432W,YOR256C,0,-7.2830415,0.09511718899011612,0.9739999771118164,0.9265999794006348
YNL253W,YOR091W,0,-7.2834725,0.09510789811611176,0.9739999771118164,0.9266999959945679
YKL138C,YLR119W,0,-7.2847533,0.09509861469268799,0.9739999771118164,0.926800012588501
YOR061W,YDR263C,0,-7.285626,0.09508933126926422,0.9739999771118164,0.9269000291824341
YGL027C,YJL045W,0,-7.286393,0.09508004784584045,0.9739999771118164,0.9269999861717224
YBL085W,YIL052C,0,-7.286749,0.09507076442241669,0.9739999771118164,0.9271000027656555
YLR059C,YCR053W,0,-7.2888274,0.09506148844957352,0.9739999771118164,0.9272000193595886
YLR286C,YFR033C,0,-7.289153,0.09505221247673035,0.9739999771118164,0.927299976348877
YLR095C,YPR016C,0,-7.28965,0.09504293650388718,0.9739999771118164,0.9273999929428101
YPR187W,YNL194C,0,-7.2932696,0.095033660531044,0.9739999771118164,0.9275000095367432
YBR085W,YDR195W,0,-7.29376,0.09502439200878143,0.9739999771118164,0.9276000261306763
YJR048W,YPR134W,0,-7.294579,0.09501512348651886,0.9739999771118164,0.9276999831199646
YOR370C,YNL248C,0,-7.2958302,0.09500585496425629,0.9739999771118164,0.9277999997138977
YHL047C,YGR121C,0,-7.296792,0.09499658644199371,0.9739999771118164,0.9279000163078308
YLR213C,YER131W,0,-7.2971873,0.09498732537031174,0.9739999771118164,0.9279999732971191
YNL145W,YML085C,0,-7.2976365,0.09497805684804916,0.9739999771118164,0.9280999898910522
YER053C,YFL002C,0,-7.297897,0.09496879577636719,0.9739999771118164,0.9282000064849854
YLR353W,YGR138C,0,-7.298199,0.09495954215526581,0.9739999771118164,0.9283000230789185
YCR107W,YNL248C,0,-7.2984257,0.09495028108358383,0.9739999771118164,0.9283999800682068
YPL132W,YDR082W,0,-7.2985773,0.09494102746248245,0.9739999771118164,0.9284999966621399
YKL009W,YKL043W,0,-7.298997,0.09493177384138107,0.9739999771118164,0.928600013256073
YBR201W,YPL240C,0,-7.301526,0.0949225202202797,0.9739999771118164,0.9286999702453613
YDR130C,YGR234W,0,-7.3019886,0.09491327404975891,0.9739999771118164,0.9287999868392944
YNL328C,YOR279C,0,-7.3022084,0.09490402787923813,0.9739999771118164,0.9289000034332275
YMR072W,YML054C,0,-7.3022456,0.09489477425813675,0.9739999771118164,0.9290000200271606
YBR158W,YIR019C,0,-7.303164,0.09488553553819656,0.9739999771118164,0.929099977016449
YOL045W,YHR196W,0,-7.3034234,0.09487628936767578,0.9739999771118164,0.9291999936103821
YNL242W,YOR150W,0,-7.30438,0.0948670506477356,0.9739999771118164,0.9293000102043152
YOL127W,YKL193C,0,-7.3049817,0.09485781192779541,0.9739999771118164,0.9294000267982483
YAL035W,YLL057C,0,-7.305779,0.09484857320785522,0.9739999771118164,0.9294999837875366
YBR208C,YFR050C,0,-7.306282,0.09483933448791504,0.9739999771118164,0.9296000003814697
YLR109W,YJR095W,0,-7.307293,0.09483010321855545,0.9739999771118164,0.9297000169754028
YOL033W,YNL302C,0,-7.3073006,0.09482087194919586,0.9739999771118164,0.9297999739646912
YJL219W,YDR233C,0,-7.3074255,0.09481164067983627,0.9739999771118164,0.9298999905586243
YGL029W,YGL123W,0,-7.3074636,0.09480241686105728,0.9739999771118164,0.9300000071525574
YOR158W,YCL008C,0,-7.307989,0.09479318559169769,0.9739999771118164,0.9301000237464905
YPL220W,YGL225W,0,-7.3091035,0.0947839617729187,0.9739999771118164,0.9301999807357788
YIL070C,YDR453C,0,-7.3096642,0.09477473795413971,0.9739999771118164,0.9302999973297119
YML056C,YBR084C-A,0,-7.3101487,0.09476552158594131,0.9739999771118164,0.930400013923645
YIL140W,YPR143W,0,-7.3120785,0.09475629776716232,0.9739999771118164,0.9304999709129333
YGR165W,YBL058W,0,-7.312689,0.09474708139896393,0.9739999771118164,0.9305999875068665
YHL016C,YOR056C,0,-7.313129,0.09473786503076553,0.9739999771118164,0.9307000041007996
YMR012W,YLR219W,0,-7.3142333,0.09472864866256714,0.9739999771118164,0.9308000206947327
YDL051W,YAL030W,0,-7.31521,0.09471943974494934,0.9739999771118164,0.930899977684021
YPR193C,YJR113C,0,-7.3158364,0.09471023082733154,0.9739999771118164,0.9309999942779541
YPL024W,YDL060W,0,-7.3165803,0.09470102190971375,0.9739999771118164,0.9311000108718872
YFR044C,YDR103W,0,-7.317247,0.09469181299209595,0.9739999771118164,0.9312000274658203
YNL084C,YEL011W,0,-7.317373,0.09468261152505875,0.9739999771118164,0.9312999844551086
YML078W,YMR069W,0,-7.318042,0.09467340260744095,0.9739999771118164,0.9314000010490417
YDL175C,YHR133C,0,-7.3183675,0.09466420114040375,0.9739999771118164,0.9315000176429749
YPR120C,YPL043W,0,-7.3188424,0.09465500712394714,0.9739999771118164,0.9315999746322632
YNL268W,YNL012W,0,-7.3189893,0.09464580565690994,0.9739999771118164,0.9316999912261963
YBR155W,YLL022C,0,-7.31933,0.09463661164045334,0.9739999771118164,0.9318000078201294
YDL197C,YLR183C,0,-7.319529,0.09462741762399673,0.9739999771118164,0.9319000244140625
YFL013C,YOL120C,0,-7.3202043,0.09461822360754013,0.9739999771118164,0.9319999814033508
YNR058W,YJR139C,0,-7.3202353,0.09460903704166412,0.9739999771118164,0.9320999979972839
YGR230W,YJL138C,0,-7.320788,0.09459984302520752,0.9739999771118164,0.932200014591217
YFL039C,YGL029W,0,-7.320853,0.09459065645933151,0.9739999771118164,0.9322999715805054
YDL003W,YBR156C,0,-7.320966,0.0945814698934555,0.9739999771118164,0.9323999881744385
YKL168C,YER118C,0,-7.3212137,0.0945722907781601,0.9739999771118164,0.9325000047683716
YER081W,YPL063W,0,-7.321447,0.09456310421228409,0.9739999771118164,0.9326000213623047
YFL039C,YCR014C,0,-7.3217025,0.09455392509698868,0.9739999771118164,0.932699978351593
YLR406C,YGL252C,0,-7.32255,0.09454474598169327,0.9739999771118164,0.9327999949455261
YDR454C,YJL082W,0,-7.3225503,0.09453557431697845,0.9739999771118164,0.9329000115394592
YDR194C,YBR295W,0,-7.322853,0.09452639520168304,0.9739999771118164,0.9330000281333923
YGL256W,YFL045C,0,-7.324615,0.09451722353696823,0.9739999771118164,0.9330999851226807
YMR230W,YDR392W,0,-7.32466,0.09450805187225342,0.9739999771118164,0.9332000017166138
YPL038W,YNR045W,0,-7.326041,0.0944988876581192,0.9739999771118164,0.9333000183105469
YPR201W,YGR055W,0,-7.326245,0.09448971599340439,0.9739999771118164,0.9333999752998352
YER045C,YJL080C,0,-7.326483,0.09448055177927017,0.9739999771118164,0.9334999918937683
YHR085W,YFL045C,0,-7.327031,0.09447138756513596,0.9739999771118164,0.9336000084877014
YDR033W,YGR072W,0,-7.3276196,0.09446222335100174,0.9739999771118164,0.9337000250816345
YLR308W,YNL135C,0,-7.3278008,0.09445306658744812,0.9739999771118164,0.9337999820709229
YIL136W,YKR042W,0,-7.329601,0.0944439023733139,0.9739999771118164,0.933899998664856
YMR277W,YGL224C,1,-7.3299255,0.09453170746564865,0.9750000238418579,0.933899998664856
YOR145C,YJL012C,0,-7.3313737,0.09452254325151443,0.9750000238418579,0.9340000152587891
YKL208W,YNL302C,0,-7.3317037,0.09451337903738022,0.9750000238418579,0.9340999722480774
YMR307W,YDR003W,0,-7.331824,0.094504214823246,0.9750000238418579,0.9341999888420105
YKL045W,YCR072C,0,-7.332285,0.09449505805969238,0.9750000238418579,0.9343000054359436
YOR257W,YML036W,0,-7.3325715,0.09448590129613876,0.9750000238418579,0.9344000220298767
YPR145W,YOR091W,0,-7.332667,0.09447674453258514,0.9750000238418579,0.934499979019165
YGR286C,YLR313C,0,-7.333768,0.09446758776903152,0.9750000238418579,0.9345999956130981
YJL221C,YMR242C,0,-7.3340936,0.0944584384560585,0.9750000238418579,0.9347000122070312
YOR249C,YDR277C,0,-7.3347206,0.09444928914308548,0.9750000238418579,0.9348000288009644
YKL049C,YNL308C,0,-7.336285,0.09444013983011246,0.9750000238418579,0.9348999857902527
YPL271W,YBR299W,0,-7.336634,0.09443099051713943,0.9750000238418579,0.9350000023841858
YNL001W,YGR082W,0,-7.3387637,0.09442184865474701,0.9750000238418579,0.9351000189781189
YMR079W,YMR093W,0,-7.338963,0.09441270679235458,0.9750000238418579,0.9351999759674072
YGL234W,YKL012W,0,-7.338987,0.09440356492996216,0.9750000238418579,0.9352999925613403
YPR163C,YGR221C,0,-7.3390555,0.09439442306756973,0.9750000238418579,0.9354000091552734
YER070W,YMR227C,0,-7.3392596,0.0943852886557579,0.9750000238418579,0.9355000257492065
YKR095W,YLR372W,0,-7.339946,0.09437614679336548,0.9750000238418579,0.9355999827384949
YOR391C,YJL097W,0,-7.3416424,0.09436701238155365,0.9750000238418579,0.935699999332428
YLR406C,YDL191W,0,-7.3421674,0.09435788542032242,0.9750000238418579,0.9358000159263611
YPL017C,YPL126W,0,-7.343962,0.09434875100851059,0.9750000238418579,0.9358999729156494
YMR323W,YMR146C,0,-7.344749,0.09433962404727936,0.9750000238418579,0.9359999895095825
YNL308C,YCR036W,0,-7.345951,0.09433049708604813,0.9750000238418579,0.9361000061035156
YLR441C,YGR072W,0,-7.346201,0.0943213701248169,0.9750000238418579,0.9362000226974487
YKR093W,YGL048C,0,-7.346309,0.09431224316358566,0.9750000238418579,0.9362999796867371
YJR137C,YBR119W,0,-7.3466306,0.09430312365293503,0.9750000238418579,0.9363999962806702
YDR101C,YPL152W,0,-7.3474545,0.0942940041422844,0.9750000238418579,0.9365000128746033
YPL256C,YFL001W,0,-7.3483434,0.09428488463163376,0.9750000238418579,0.9366000294685364
YPL006W,YHR010W,0,-7.3486567,0.09427576512098312,0.9750000238418579,0.9366999864578247
YMR251W-A,YCR081W,0,-7.350572,0.09426665306091309,0.9750000238418579,0.9368000030517578
YPR073C,YIL053W,1,-7.3507857,0.09435421228408813,0.9760000109672546,0.9368000030517578
YJL104W,YDL111C,0,-7.351528,0.0943450927734375,0.9760000109672546,0.9369000196456909
YKL045W,YLR406C,0,-7.351778,0.09433597326278687,0.9760000109672546,0.9369999766349792
YPL051W,YDR432W,0,-7.353007,0.09432686120271683,0.9760000109672546,0.9370999932289124
YPL116W,YLR185W,0,-7.3531957,0.09431774169206619,0.9760000109672546,0.9372000098228455
YML132W,YLR029C,0,-7.3535047,0.09430862963199615,0.9760000109672546,0.9373000264167786
YER006W,YLR340W,0,-7.3539295,0.09429951757192612,0.9760000109672546,0.9373999834060669
YLR074C,YCR047C,0,-7.3542104,0.09429040551185608,0.9760000109672546,0.9375
YDL113C,YBR192W,0,-7.3550906,0.09428130090236664,0.9760000109672546,0.9376000165939331
YNL282W,YDL111C,0,-7.355312,0.0942721888422966,0.9760000109672546,0.9376999735832214
YLR333C,YDR354W,0,-7.3562746,0.09426308423280716,0.9760000109672546,0.9377999901771545
YHR142W,YOR252W,0,-7.3574805,0.09425398707389832,0.9760000109672546,0.9379000067710876
YIL094C,YMR097C,0,-7.3578525,0.09424488246440887,0.9760000109672546,0.9380000233650208
YJL178C,YLR388W,0,-7.358174,0.09423578530550003,0.9760000109672546,0.9380999803543091
YGR193C,YCR012W,0,-7.3586392,0.09422668814659119,0.9760000109672546,0.9381999969482422
YHR046C,YJL098W,1,-7.3593287,0.09431412070989609,0.9769999980926514,0.9381999969482422
YDR255C,YPL131W,0,-7.359698,0.09430501610040665,0.9769999980926514,0.9383000135421753
YLR227C,YGR221C,0,-7.360497,0.0942959189414978,0.9769999980926514,0.9383999705314636
YAL051W,YOR315W,0,-7.3629313,0.09428681433200836,0.9769999980926514,0.9384999871253967
YMR297W,YDR382W,0,-7.3634114,0.09427771717309952,0.9769999980926514,0.9386000037193298
YAL038W,YLR376C,0,-7.3634315,0.09426862001419067,0.9769999980926514,0.9387000203132629
YJL158C,YGL150C,0,-7.36397,0.09425953030586243,0.9769999980926514,0.9387999773025513
YLR203C,YPL131W,0,-7.365132,0.09425043314695358,0.9769999980926514,0.9388999938964844
YOL133W,YKR094C,0,-7.365433,0.09424134343862534,0.9769999980926514,0.9390000104904175
YDR418W,YDL064W,0,-7.3656306,0.09423225373029709,0.9769999980926514,0.9391000270843506
YHR089C,YIL011W,0,-7.3673024,0.09422316402196884,0.9769999980926514,0.9391999840736389
YOL070C,YMR093W,0,-7.3681445,0.09421408176422119,0.9769999980926514,0.939300000667572
YGR158C,YPL220W,0,-7.368818,0.09420499205589294,0.9769999980926514,0.9394000172615051
YMR138W,YMR233W,0,-7.3692203,0.0941959097981453,0.9769999980926514,0.9394999742507935
YBR101C,YML010W,0,-7.369745,0.09418682754039764,0.9769999980926514,0.9395999908447266
YCL043C,YLR185W,0,-7.3702383,0.09417775273323059,0.9769999980926514,0.9397000074386597
YPR171W,YJL219W,0,-7.370735,0.09416867792606354,0.9769999980926514,0.9398000240325928
YEL016C,YGR280C,0,-7.370856,0.09415959566831589,0.9769999980926514,0.9398999810218811
YDR148C,YIL162W,0,-7.370954,0.09415052831172943,0.9769999980926514,0.9399999976158142
YJL156C,YML052W,0,-7.372332,0.09414145350456238,0.9769999980926514,0.9401000142097473
YNL162W,YJL187C,0,-7.37315,0.09413238614797592,0.9769999980926514,0.9401999711990356
YGR123C,YCR079W,1,-7.373165,0.09421965479850769,0.9779999852180481,0.9401999711990356
YFR050C,YOR252W,0,-7.373948,0.09421057999134064,0.9779999852180481,0.9402999877929688
YBR034C,YNL132W,0,-7.374954,0.09420150518417358,0.9779999852180481,0.9404000043869019
YHR215W,YBR093C,1,-7.375586,0.09428874403238297,0.9789999723434448,0.9404000043869019
YJR047C,YLR172C,0,-7.3758383,0.09427966177463531,0.9789999723434448,0.940500020980835
YGR180C,YLR277C,0,-7.37631,0.09427057951688766,0.9789999723434448,0.9405999779701233
YDR273W,YDL082W,0,-7.3763995,0.09426150470972061,0.9789999723434448,0.9406999945640564
YLR061W,YIL076W,0,-7.376432,0.09425242990255356,0.9789999723434448,0.9408000111579895
YOL001W,YPL237W,0,-7.3805327,0.0942433550953865,0.9789999723434448,0.9409000277519226
YJL111W,YGL031C,0,-7.380583,0.09423428773880005,0.9789999723434448,0.9409999847412109
YMR230W,YDR453C,0,-7.3815236,0.094225212931633,0.9789999723434448,0.941100001335144
YAL038W,YDR437W,0,-7.381738,0.09421614557504654,0.9789999723434448,0.9412000179290771
YOR391C,YMR242C,0,-7.382138,0.09420708566904068,0.9789999723434448,0.9412999749183655
YMR303C,YHL006C,0,-7.385037,0.09419801831245422,0.9789999723434448,0.9413999915122986
YML069W,YMR142C,0,-7.3851132,0.09418895840644836,0.9789999723434448,0.9415000081062317
YJR073C,YDR310C,0,-7.3863306,0.09417989104986191,0.9789999723434448,0.9416000247001648
YBR092C,YER075C,1,-7.3869214,0.09426702558994293,0.9800000190734863,0.9416000247001648
YOL058W,YEL021W,0,-7.3896403,0.09425795823335648,0.9800000190734863,0.9416999816894531
YLR097C,YJL050W,0,-7.390983,0.09424889087677002,0.9800000190734863,0.9417999982833862
YJL136C,YDR159W,0,-7.390985,0.09423983097076416,0.9800000190734863,0.9419000148773193
YJL074C,YPL175W,0,-7.39125,0.0942307710647583,0.9800000190734863,0.9419999718666077
YPR006C,YFR031C-A,0,-7.3917356,0.09422171115875244,0.9800000190734863,0.9420999884605408
YOR177C,YER011W,0,-7.3924966,0.09421265125274658,0.9800000190734863,0.9422000050544739
YFR015C,YDL148C,0,-7.3933177,0.09420359879732132,0.9800000190734863,0.942300021648407
YBR055C,YGL147C,0,-7.3937964,0.09419453889131546,0.9800000190734863,0.9423999786376953
YDR380W,YML007W,0,-7.3938193,0.0941854864358902,0.9800000190734863,0.9424999952316284
YIL085C,YKL006W,0,-7.393912,0.09417643398046494,0.9800000190734863,0.9426000118255615
YIL111W,YJR118C,0,-7.395381,0.09416738897562027,0.9800000190734863,0.9427000284194946
YHR052W,YCR004C,0,-7.395931,0.09415833652019501,0.9800000190734863,0.942799985408783
YPL098C,YBL060W,0,-7.396554,0.09414929151535034,0.9800000190734863,0.9429000020027161
YPR002W,YNL162W,0,-7.397283,0.09414024651050568,0.9800000190734863,0.9430000185966492
YFR051C,YJL177W,0,-7.398273,0.09413120895624161,0.9800000190734863,0.9430999755859375
YNL306W,YLR287C-A,0,-7.399218,0.09412216395139694,0.9800000190734863,0.9431999921798706
YGR240C,YLR176C,0,-7.399347,0.09411312639713287,0.9800000190734863,0.9433000087738037
YHR142W,YPL243W,0,-7.400515,0.0941040888428688,0.9800000190734863,0.9434000253677368
YOR335C,YIL097W,0,-7.4018965,0.09409505873918533,0.9800000190734863,0.9434999823570251
YBR301W,YJL201W,0,-7.403893,0.09408602118492126,0.9800000190734863,0.9435999989509583
YBL091C,YDR071C,0,-7.404596,0.09407699108123779,0.9800000190734863,0.9437000155448914
YFL039C,YGL158W,0,-7.4049187,0.09406796097755432,0.9800000190734863,0.9437999725341797
YGL256W,YGR145W,0,-7.4053044,0.09405893087387085,0.9800000190734863,0.9438999891281128
YKL052C,YGR116W,0,-7.405646,0.09404990077018738,0.9800000190734863,0.9440000057220459
YOR067C,YLR350W,0,-7.406614,0.0940408781170845,0.9800000190734863,0.944100022315979
YMR305C,YDR103W,0,-7.4068046,0.09403185546398163,0.9800000190734863,0.9441999793052673
YOR388C,YLR406C,0,-7.4074807,0.09402283281087875,0.9800000190734863,0.9442999958992004
YOR009W,YMR089C,0,-7.4082074,0.09401381760835648,0.9800000190734863,0.9444000124931335
YHR089C,YKL148C,0,-7.4082875,0.0940047949552536,0.9800000190734863,0.9445000290870667
YJL200C,YGR138C,0,-7.4083147,0.09399577975273132,0.9800000190734863,0.944599986076355
YAL015C,YNL302C,0,-7.4093685,0.09398676455020905,0.9800000190734863,0.9447000026702881
YNL020C,YOR167C,0,-7.4102345,0.09397774934768677,0.9800000190734863,0.9448000192642212
YIL009W,YOL135C,0,-7.4107275,0.09396874159574509,0.9800000190734863,0.9448999762535095
YLR388W,YDR389W,0,-7.410737,0.0939597338438034,0.9800000190734863,0.9449999928474426
YML074C,YLL003W,0,-7.411168,0.09395072609186172,0.9800000190734863,0.9451000094413757
YDL170W,YKL014C,0,-7.412377,0.09394171833992004,0.9800000190734863,0.9452000260353088
YNR059W,YOL061W,0,-7.4147897,0.09393271058797836,0.9800000190734863,0.9452999830245972
YGR159C,YHL024W,0,-7.414841,0.09392371028661728,0.9800000190734863,0.9453999996185303
YMR277W,YNL128W,1,-7.4153695,0.09401053935289383,0.9810000061988831,0.9453999996185303
YIL046W,YPL043W,0,-7.418426,0.09400153160095215,0.9810000061988831,0.9455000162124634
YEL042W,YLR333C,0,-7.4191236,0.09399252384901047,0.9810000061988831,0.9455999732017517
YLR427W,YKL024C,0,-7.4208045,0.09398352354764938,0.9810000061988831,0.9456999897956848
YJL146W,YGR270W,0,-7.4220166,0.0939745157957077,0.9810000061988831,0.9458000063896179
YDR300C,YKR094C,0,-7.4229875,0.09396551549434662,0.9810000061988831,0.945900022983551
YOL165C,YLL008W,0,-7.4248004,0.09395651519298553,0.9810000061988831,0.9459999799728394
YDL087C,YGR135W,0,-7.4251623,0.09394752234220505,0.9810000061988831,0.9460999965667725
YBR295W,YHR149C,0,-7.4280787,0.09393852204084396,0.9810000061988831,0.9462000131607056
YGL156W,YKL056C,0,-7.4282074,0.09392952919006348,0.9810000061988831,0.9463000297546387
YNR028W,YGL004C,0,-7.4284616,0.09392053633928299,0.9810000061988831,0.946399986743927
YOR377W,YDL067C,0,-7.430795,0.0939115434885025,0.9810000061988831,0.9465000033378601
YJR078W,YHR026W,0,-7.431289,0.09390255808830261,0.9810000061988831,0.9466000199317932
YPR175W,YLR221C,0,-7.431372,0.09389356523752213,0.9810000061988831,0.9466999769210815
YDR279W,YKL148C,0,-7.431546,0.09388457983732224,0.9810000061988831,0.9467999935150146
YDR353W,YGR234W,0,-7.431644,0.09387559443712234,0.9810000061988831,0.9469000101089478
YGR121C,YOR167C,0,-7.4317026,0.09386661648750305,0.9810000061988831,0.9470000267028809
YOL007C,YBR296C,0,-7.433115,0.09385763853788376,0.9810000061988831,0.9470999836921692
YER025W,YDL082W,0,-7.433118,0.09384865313768387,0.9810000061988831,0.9472000002861023
YML036W,YLR441C,0,-7.433679,0.09383967518806458,0.9810000061988831,0.9473000168800354
YIL140W,YMR058W,0,-7.433969,0.09383070468902588,0.9810000061988831,0.9473999738693237
YKL038W,YMR230W,0,-7.4343114,0.09382172673940659,0.9810000061988831,0.9474999904632568
YHR057C,YDR529C,0,-7.437693,0.09381275624036789,0.9810000061988831,0.9476000070571899
YBR192W,YJL136C,0,-7.438138,0.0938037857413292,0.9810000061988831,0.947700023651123
YIL018W,YLR362W,0,-7.4387865,0.0937948152422905,0.9810000061988831,0.9477999806404114
YNR038W,YIL133C,0,-7.439241,0.0937858521938324,0.9810000061988831,0.9478999972343445
YOR159C,YKL035W,0,-7.439737,0.0937768891453743,0.9810000061988831,0.9480000138282776
YHR186C,YBR067C,0,-7.4400463,0.0937679186463356,0.9810000061988831,0.9480999708175659
YOR046C,YIR012W,0,-7.440545,0.0937589630484581,0.9810000061988831,0.948199987411499
YPR025C,YLR259C,0,-7.4407964,0.09375,0.9810000061988831,0.9483000040054321
YER028C,YOL041C,0,-7.4408484,0.0937410444021225,0.9810000061988831,0.9484000205993652
YGL256W,YDL150W,0,-7.4412255,0.0937320813536644,0.9810000061988831,0.9484999775886536
YNR067C,YDR414C,0,-7.441652,0.09372313320636749,0.9810000061988831,0.9485999941825867
YDR171W,YDL201W,0,-7.4426184,0.09371417760848999,0.9810000061988831,0.9487000107765198
YDR363W,YNL300W,0,-7.4427943,0.09370522201061249,0.9810000061988831,0.9488000273704529
YGR123C,YOR090C,1,-7.44284,0.09379178285598755,0.9819999933242798,0.9488000273704529
YNL261W,YLR044C,0,-7.443558,0.09378282725811005,0.9819999933242798,0.9488999843597412
YDR447C,YGL093W,0,-7.44437,0.09377387166023254,0.9819999933242798,0.9490000009536743
YML074C,YJR158W,0,-7.44443,0.09376491606235504,0.9819999933242798,0.9491000175476074
YDL191W,YKL148C,0,-7.444431,0.09375596791505814,0.9819999933242798,0.9491999745368958
YMR260C,YER113C,0,-7.4450154,0.09374701976776123,0.9819999933242798,0.9492999911308289
YNL077W,YMR145C,0,-7.445478,0.09373807162046432,0.9819999933242798,0.949400007724762
YBR065C,YPL237W,0,-7.445715,0.09372912347316742,0.9819999933242798,0.9495000243186951
YCL054W,YGL169W,0,-7.4461203,0.09372017532587051,0.9819999933242798,0.9495999813079834
YHR149C,YGR080W,0,-7.446441,0.0937112346291542,0.9819999933242798,0.9496999979019165
YPL154C,YHR141C,0,-7.446857,0.0937022864818573,0.9819999933242798,0.9498000144958496
YCR034W,YKR072C,0,-7.446979,0.09369335323572159,0.9819999933242798,0.9498999714851379
YFL062W,YEL060C,0,-7.4471145,0.09368441253900528,0.9819999933242798,0.949999988079071
YOR298W,YDL092W,0,-7.4492,0.09367547184228897,0.9819999933242798,0.9501000046730042
YJR025C,YGR129W,0,-7.4495397,0.09366653859615326,0.9819999933242798,0.9502000212669373
YMR105C,YPL143W,0,-7.4522643,0.09365760535001755,0.9819999933242798,0.9502999782562256
YPR160W,YBR130C,0,-7.452611,0.09364867210388184,0.9819999933242798,0.9503999948501587
YDL085W,YNL312W,0,-7.4534645,0.09363974630832672,0.9819999933242798,0.9505000114440918
YNL188W,YJL136C,0,-7.4551435,0.09363081306219101,0.9819999933242798,0.9506000280380249
YKL114C,YLR287C-A,0,-7.455448,0.0936218872666359,0.9819999933242798,0.9506999850273132
YJL189W,YMR071C,0,-7.4554615,0.09361296147108078,0.9819999933242798,0.9508000016212463
YFL045C,YPR163C,0,-7.4562182,0.09360404312610626,0.9819999933242798,0.9509000182151794
YFR021W,YJL136C,0,-7.456739,0.09359511733055115,0.9819999933242798,0.9509999752044678
YNL006W,YLR388W,0,-7.4568076,0.09358619898557663,0.9819999933242798,0.9510999917984009
YMR307W,YLR107W,0,-7.4574447,0.09357728064060211,0.9819999933242798,0.951200008392334
YJL200C,YHR015W,0,-7.4575152,0.0935683622956276,0.9819999933242798,0.9513000249862671
YJR035W,YPR163C,0,-7.458071,0.09355945140123367,0.9819999933242798,0.9513999819755554
YOR020C,YCR008W,0,-7.4594293,0.09355054050683975,0.9819999933242798,0.9514999985694885
YHR193C,YGL075C,0,-7.4599185,0.09354162961244583,0.9819999933242798,0.9516000151634216
YBL013W,YDR532C,0,-7.4609127,0.09353271871805191,0.9819999933242798,0.95169997215271
YGR103W,YNL152W,0,-7.461452,0.09352380782365799,0.9819999933242798,0.9517999887466431
YBL032W,YIL020C,0,-7.4628553,0.09351490437984467,0.9819999933242798,0.9519000053405762
YBR084W,YLR183C,0,-7.462894,0.09350600093603134,0.9819999933242798,0.9520000219345093
YNR054C,YMR195W,0,-7.4631677,0.09349709749221802,0.9819999933242798,0.9520999789237976
YPL098C,YDR382W,0,-7.4632697,0.0934881940484047,0.9819999933242798,0.9521999955177307
YLR051C,YNL002C,0,-7.465964,0.09347929805517197,0.9819999933242798,0.9523000121116638
YEL071W,YIL119C,0,-7.4694963,0.09347039461135864,0.9819999933242798,0.9524000287055969
YCR094W,YDL082W,0,-7.469559,0.09346149861812592,0.9819999933242798,0.9524999856948853
YKL006W,YJL029C,0,-7.4699244,0.09345261007547379,0.9819999933242798,0.9526000022888184
YBL085W,YMR242C,0,-7.470734,0.09344371408224106,0.9819999933242798,0.9527000188827515
YDR280W,YLR121C,0,-7.472516,0.09343482553958893,0.9819999933242798,0.9527999758720398
YGL029W,YLR336C,0,-7.472673,0.0934259369969368,0.9819999933242798,0.9528999924659729
YMR138W,YML106W,0,-7.4747467,0.09341704845428467,0.9819999933242798,0.953000009059906
YEL003W,YML128C,0,-7.4756694,0.09340815991163254,0.9819999933242798,0.9531000256538391
YDR429C,YPR107C,0,-7.4757695,0.093399278819561,0.9819999933242798,0.9531999826431274
YMR307W,YDR083W,0,-7.47726,0.09339039772748947,0.9819999933242798,0.9532999992370605
YDR492W,YKL045W,0,-7.4781904,0.09338151663541794,0.9819999933242798,0.9534000158309937
YMR001C,YMR311C,0,-7.479119,0.0933726355433464,0.9819999933242798,0.953499972820282
YNR054C,YBR105C,0,-7.4797363,0.09336375445127487,0.9819999933242798,0.9535999894142151
YOR067C,YGR229C,0,-7.4798455,0.09335488080978394,0.9819999933242798,0.9537000060081482
YML052W,YML005W,0,-7.481361,0.093346007168293,0.9819999933242798,0.9538000226020813
YDL004W,YDR145W,0,-7.48193,0.09333713352680206,0.9819999933242798,0.9538999795913696
YHR157W,YHL015W,0,-7.4823728,0.09332826733589172,0.9819999933242798,0.9539999961853027
YMR204C,YDR353W,0,-7.484587,0.09331939369440079,0.9819999933242798,0.9541000127792358
YPL095C,YER070W,0,-7.486231,0.09331052750349045,0.9819999933242798,0.954200029373169
YER173W,YLR185W,0,-7.4874134,0.09330166131258011,0.9819999933242798,0.9542999863624573
YBR121C,YOL104C,0,-7.4880643,0.09329279512166977,0.9819999933242798,0.9544000029563904
YER070W,YOR312C,0,-7.489661,0.09328393638134003,0.9819999933242798,0.9545000195503235
YLR144C,YDL184C,0,-7.489798,0.09327507764101028,0.9819999933242798,0.9545999765396118
YAL007C,YMR319C,0,-7.4904075,0.09326621890068054,0.9819999933242798,0.9546999931335449
YMR232W,YBR031W,0,-7.4918294,0.0932573601603508,0.9819999933242798,0.954800009727478
YOL040C,YOR148C,0,-7.492945,0.09324850142002106,0.9819999933242798,0.9549000263214111
YKL096W,YNL332W,0,-7.493734,0.09323965013027191,0.9819999933242798,0.9549999833106995
YFR014C,YKL096W-A,0,-7.494223,0.09323079884052277,0.9819999933242798,0.9550999999046326
YBL016W,YMR019W,0,-7.4953175,0.09322194755077362,0.9819999933242798,0.9552000164985657
YOL071W,YBR142W,0,-7.495415,0.09321309626102448,0.9819999933242798,0.955299973487854
YOL033W,YGR118W,0,-7.4967275,0.09320425242185593,0.9819999933242798,0.9553999900817871
YBR247C,YER018C,0,-7.4971056,0.09319540858268738,0.9819999933242798,0.9555000066757202
YDL051W,YBR185C,0,-7.4971237,0.09318656474351883,0.9819999933242798,0.9556000232696533
YDR237W,YNL025C,0,-7.4977164,0.09317772090435028,0.9819999933242798,0.9556999802589417
YER065C,YFL033C,0,-7.4981017,0.09316887706518173,0.9819999933242798,0.9557999968528748
YML026C,YOR190W,0,-7.4982123,0.09316004067659378,0.9819999933242798,0.9559000134468079
YMR255W,YNL252C,0,-7.4987626,0.09315120428800583,0.9819999933242798,0.9559999704360962
YPR106W,YJL080C,0,-7.499515,0.09314236789941788,0.9819999933242798,0.9560999870300293
YDL051W,YJL189W,0,-7.50079,0.09313353896141052,0.9819999933242798,0.9562000036239624
YER065C,YLR055C,0,-7.5015917,0.09312470257282257,0.9819999933242798,0.9563000202178955
YMR307W,YIL117C,0,-7.502779,0.09311587363481522,0.9819999933242798,0.9563999772071838
YNL166C,YNL069C,0,-7.503303,0.09310704469680786,0.9819999933242798,0.9564999938011169
YGR118W,YLR373C,0,-7.5035663,0.0930982157588005,0.9819999933242798,0.95660001039505
YHR046C,YGR123C,1,-7.5036855,0.09318418800830841,0.9829999804496765,0.95660001039505
YIL004C,YHL001W,0,-7.503738,0.09317535907030106,0.9829999804496765,0.9567000269889832
YER036C,YOR340C,0,-7.5041203,0.0931665226817131,0.9829999804496765,0.9567999839782715
YOR044W,YLR185W,0,-7.506169,0.09315769374370575,0.9829999804496765,0.9569000005722046
YER035W,YJL148W,0,-7.508026,0.0931488648056984,0.9829999804496765,0.9570000171661377
YPL153C,YOL040C,0,-7.509567,0.09314004331827164,0.9829999804496765,0.957099974155426
YBL072C,YBR080C,0,-7.509673,0.09313121438026428,0.9829999804496765,0.9571999907493591
YHR191C,YLR150W,0,-7.5099206,0.09312239289283752,0.9829999804496765,0.9573000073432922
YMR277W,YIL053W,1,-7.510829,0.09320829808712006,0.984000027179718,0.9573000073432922
YMR180C,YGR161C,1,-7.513888,0.0932941809296608,0.9850000143051147,0.9573000073432922
YBR101C,YJL189W,0,-7.514396,0.09328535199165344,0.9850000143051147,0.9574000239372253
YPR175W,YMR015C,0,-7.514709,0.09327651560306549,0.9850000143051147,0.9574999809265137
YBR149W,YMR322C,0,-7.5152164,0.09326768666505814,0.9850000143051147,0.9575999975204468
YLR238W,YMR197C,0,-7.515391,0.09325885027647018,0.9850000143051147,0.9577000141143799
YLR007W,YKR057W,0,-7.516725,0.09325002133846283,0.9850000143051147,0.9577999711036682
YNL250W,YGL103W,0,-7.5175138,0.09324119985103607,0.9850000143051147,0.9578999876976013
YDL148C,YGL162W,0,-7.518191,0.09323237091302872,0.9850000143051147,0.9580000042915344
YJL098W,YGL229C,1,-7.5197587,0.09331818670034409,0.9860000014305115,0.9580000042915344
YPR060C,YMR105C,0,-7.519877,0.09330935776233673,0.9860000014305115,0.9581000208854675
YGR134W,YPL086C,0,-7.520057,0.09330052882432938,0.9860000014305115,0.9581999778747559
YLR068W,YGL103W,0,-7.520203,0.09329169988632202,0.9860000014305115,0.958299994468689
YDL222C,YGR280C,0,-7.5202107,0.09328287839889526,0.9860000014305115,0.9584000110626221
YLR304C,YIL017C,0,-7.520288,0.09327404946088791,0.9860000014305115,0.9585000276565552
YJL050W,YOL120C,0,-7.52336,0.09326522797346115,0.9860000014305115,0.9585999846458435
YIR017C,YHL004W,0,-7.5241675,0.0932564064860344,0.9860000014305115,0.9587000012397766
YHR010W,YOR190W,0,-7.525128,0.09324758499860764,0.9860000014305115,0.9588000178337097
YIR017C,YDR324C,0,-7.5253906,0.09323877096176147,0.9860000014305115,0.958899974822998
YGL065C,YJR145C,0,-7.5260634,0.09322995692491531,0.9860000014305115,0.9589999914169312
YCR091W,YBR162C,0,-7.5263343,0.09322114288806915,0.9860000014305115,0.9591000080108643
YNL301C,YOR247W,0,-7.527945,0.09321232885122299,0.9860000014305115,0.9592000246047974
YDL019C,YDR464W,0,-7.527963,0.09320351481437683,0.9860000014305115,0.9592999815940857
YHR169W,YMR218C,0,-7.529887,0.09319470822811127,0.9860000014305115,0.9593999981880188
YJL183W,YHR160C,0,-7.5311427,0.0931859016418457,0.9860000014305115,0.9595000147819519
YOR323C,YGR129W,0,-7.5320783,0.09317709505558014,0.9860000014305115,0.9595999717712402
YJL104W,YKR097W,0,-7.5333543,0.09316828846931458,0.9860000014305115,0.9596999883651733
YMR180C,YGR123C,1,-7.5347624,0.0932539701461792,0.9869999885559082,0.9596999883651733
YJR123W,YOR064C,0,-7.536849,0.09324515610933304,0.9869999885559082,0.9598000049591064
YPL188W,YML063W,0,-7.5390406,0.09323634952306747,0.9869999885559082,0.9599000215530396
YOR031W,YNL178W,0,-7.539283,0.09322754293680191,0.9869999885559082,0.9599999785423279
YMR318C,YGR128C,0,-7.540519,0.09321873635053635,0.9869999885559082,0.960099995136261
YPL273W,YMR271C,0,-7.541045,0.09320993721485138,0.9869999885559082,0.9602000117301941
YJR152W,YBR181C,0,-7.541288,0.09320113062858582,0.9869999885559082,0.9603000283241272
YBR155W,YOR085W,0,-7.5421658,0.09319233149290085,0.9869999885559082,0.9603999853134155
YGL103W,YPL047W,0,-7.542396,0.09318353235721588,0.9869999885559082,0.9605000019073486
YNL132W,YBL004W,0,-7.543451,0.09317474067211151,0.9869999885559082,0.9606000185012817
YDL130W,YGR129W,0,-7.5437694,0.09316594153642654,0.9869999885559082,0.9606999754905701
YDR005C,YBR191W,0,-7.5444517,0.09315714985132217,0.9869999885559082,0.9607999920845032
YML032C,YLR367W,0,-7.545851,0.0931483581662178,0.9869999885559082,0.9609000086784363
YJL096W,YPL258C,0,-7.5464616,0.09313956648111343,0.9869999885559082,0.9610000252723694
YLR223C,YPL131W,0,-7.546964,0.09313078224658966,0.9869999885559082,0.9610999822616577
YML004C,YGL076C,0,-7.5476213,0.09312199056148529,0.9869999885559082,0.9611999988555908
YHR089C,YFR005C,0,-7.548079,0.09311320632696152,0.9869999885559082,0.9613000154495239
YAL060W,YOR145C,0,-7.5481052,0.09310442209243774,0.9869999885559082,0.9613999724388123
YKL112W,YDR171W,0,-7.550203,0.09309564530849457,0.9869999885559082,0.9614999890327454
YPR200C,YER003C,0,-7.5504746,0.0930868610739708,0.9869999885559082,0.9616000056266785
YAL003W,YCR106W,0,-7.5507593,0.09307808429002762,0.9869999885559082,0.9617000222206116
YPL143W,YNL012W,0,-7.551646,0.09306930750608444,0.9869999885559082,0.9617999792098999
YIR013C,YDR341C,0,-7.551723,0.09306053072214127,0.9869999885559082,0.961899995803833
YLR304C,YDL194W,0,-7.552037,0.09305176138877869,0.9869999885559082,0.9620000123977661
YFR028C,YGR161C,1,-7.5520797,0.09313725680112839,0.9879999756813049,0.9620000123977661
YMR014W,YOL013C,0,-7.5525713,0.09312847256660461,0.9879999756813049,0.9621000289916992
YPL090C,YDR083W,0,-7.5531735,0.09311969578266144,0.9879999756813049,0.9621999859809875
YDR492W,YBL075C,0,-7.5532765,0.09311091899871826,0.9879999756813049,0.9623000025749207
YCR098C,YGR118W,0,-7.5533924,0.09310214966535568,0.9879999756813049,0.9624000191688538
YCR005C,YOL097C,0,-7.554665,0.0930933728814125,0.9879999756813049,0.9624999761581421
YBR162C,YMR233W,0,-7.556604,0.09308460354804993,0.9879999756813049,0.9625999927520752
YGR158C,YKL057C,0,-7.557452,0.09307583421468735,0.9879999756813049,0.9627000093460083
YOR133W,YNL014W,0,-7.5582514,0.09306706488132477,0.9879999756813049,0.9628000259399414
YLR153C,YIL117C,0,-7.5593004,0.09305830299854279,0.9879999756813049,0.9628999829292297
YMR297W,YBR189W,0,-7.560634,0.0930495411157608,0.9879999756813049,0.9629999995231628
YOR381W,YPR191W,0,-7.564503,0.09304077923297882,0.9879999756813049,0.963100016117096
YNL175C,YBR106W,0,-7.5649266,0.09303201735019684,0.9879999756813049,0.9631999731063843
YHR193C,YHR092C,0,-7.5656457,0.09302325546741486,0.9879999756813049,0.9632999897003174
YEL016C,YBR263W,0,-7.5661087,0.09301450103521347,0.9879999756813049,0.9634000062942505
YGR171C,YBL072C,0,-7.566565,0.09300573915243149,0.9879999756813049,0.9635000228881836
YKL089W,YPL237W,0,-7.5667734,0.0929969847202301,0.9879999756813049,0.9635999798774719
YCR034W,YIL109C,0,-7.566956,0.09298823773860931,0.9879999756813049,0.963699996471405
YDR500C,YDL201W,0,-7.5695567,0.09297948330640793,0.9879999756813049,0.9638000130653381
YGL105W,YIL042C,0,-7.5702977,0.09297073632478714,0.9879999756813049,0.9639000296592712
YPL271W,YNL127W,0,-7.570575,0.09296198934316635,0.9879999756813049,0.9639999866485596
YOR348C,YMR079W,0,-7.57084,0.09295324236154556,0.9879999756813049,0.9641000032424927
YGR148C,YKR098C,0,-7.5737605,0.09294449537992477,0.9879999756813049,0.9642000198364258
YHR015W,YLL041C,0,-7.5748496,0.09293575584888458,0.9879999756813049,0.9642999768257141
YPR183W,YDR485C,0,-7.5751953,0.09292701631784439,0.9879999756813049,0.9643999934196472
YPL017C,YKL181W,0,-7.5753284,0.0929182767868042,0.9879999756813049,0.9645000100135803
YML026C,YNL054W,0,-7.5770593,0.09290953725576401,0.9879999756813049,0.9646000266075134
YGR278W,YLR044C,0,-7.57819,0.09290079772472382,0.9879999756813049,0.9646999835968018
YOL052C,YDL170W,0,-7.579786,0.09289206564426422,0.9879999756813049,0.9648000001907349
YAL001C,YDR353W,0,-7.5797925,0.09288333356380463,0.9879999756813049,0.964900016784668
YJL026W,YIL076W,0,-7.5802507,0.09287460148334503,0.9879999756813049,0.9649999737739563
YOR031W,YIL093C,0,-7.580359,0.09286586940288544,0.9879999756813049,0.9650999903678894
YAL051W,YKL148C,0,-7.580541,0.09285714477300644,0.9879999756813049,0.9652000069618225
YIL128W,YMR105C,0,-7.5836234,0.09284842014312744,0.9879999756813049,0.9653000235557556
YIL021W,YOR009W,0,-7.583919,0.09283968806266785,0.9879999756813049,0.965399980545044
YMR309C,YDL123W,0,-7.5847974,0.09283097088336945,0.9879999756813049,0.965499997138977
YNL036W,YJL191W,0,-7.587873,0.09282224625349045,0.9879999756813049,0.9656000137329102
YGR174C,YHR193C,0,-7.587942,0.09281352907419205,0.9879999756813049,0.9656999707221985
YPL131W,YGL249W,0,-7.589016,0.09280481189489365,0.9879999756813049,0.9657999873161316
YNL159C,YLR388W,0,-7.5899544,0.09279609471559525,0.9879999756813049,0.9659000039100647
YLR286C,YPL154C,0,-7.5904427,0.09278737753629684,0.9879999756813049,0.9660000205039978
YHR036W,YBR191W,0,-7.5914245,0.09277866780757904,0.9879999756813049,0.9660999774932861
YGR268C,YKL099C,0,-7.5918016,0.09276995062828064,0.9879999756813049,0.9661999940872192
YDR386W,YOR369C,0,-7.5936365,0.09276124089956284,0.9879999756813049,0.9663000106811523
YOR369C,YGL233W,0,-7.5936484,0.09275253117084503,0.9879999756813049,0.9664000272750854
YDL153C,YGR172C,0,-7.5937667,0.09274382889270782,0.9879999756813049,0.9664999842643738
YDR361C,YBR079C,0,-7.594831,0.09273512661457062,0.9879999756813049,0.9666000008583069
YHR085W,YGL227W,0,-7.596431,0.09272641688585281,0.9879999756813049,0.96670001745224
YMR002W,YHL009C,0,-7.596783,0.0927177146077156,0.9879999756813049,0.9667999744415283
YDR060W,YGR138C,0,-7.5978003,0.092709019780159,0.9879999756813049,0.9668999910354614
YPR200C,YKR013W,0,-7.5993843,0.09270031750202179,0.9879999756813049,0.9670000076293945
YMR255W,YOR017W,0,-7.600668,0.09269162267446518,0.9879999756813049,0.9671000242233276
YBR189W,YDL072C,0,-7.6011147,0.09268292784690857,0.9879999756813049,0.967199981212616
YML014W,YKL035W,0,-7.601439,0.09267423301935196,0.9879999756813049,0.9672999978065491
YLR344W,YOR081C,0,-7.601802,0.09266553819179535,0.9879999756813049,0.9674000144004822
YNR057C,YHL034C,0,-7.6023016,0.09265685081481934,0.9879999756813049,0.9674999713897705
YJL051W,YKL163W,0,-7.6024632,0.09264816343784332,0.9879999756813049,0.9675999879837036
YIL021W,YOR004W,0,-7.6027865,0.09263947606086731,0.9879999756813049,0.9677000045776367
YDL214C,YDR418W,0,-7.6044526,0.0926307886838913,0.9879999756813049,0.9678000211715698
YML019W,YOR004W,0,-7.6051507,0.09262210875749588,0.9879999756813049,0.9678999781608582
YHR215W,YBR092C,1,-7.606859,0.09270716458559036,0.9890000224113464,0.9678999781608582
YLR027C,YCR031C,0,-7.608625,0.09269846975803375,0.9890000224113464,0.9679999947547913
YOR303W,YGL170C,0,-7.6090317,0.09268978238105774,0.9890000224113464,0.9681000113487244
YPR026W,YJL148W,0,-7.610195,0.09268109500408173,0.9890000224113464,0.9682000279426575
YJL158C,YLR166C,0,-7.611609,0.09267241507768631,0.9890000224113464,0.9682999849319458
YOL045W,YNL248C,0,-7.6158595,0.0926637277007103,0.9890000224113464,0.9684000015258789
YAL003W,YPL220W,0,-7.6184015,0.09265504777431488,0.9890000224113464,0.968500018119812
YBR213W,YDR382W,0,-7.620359,0.09264636784791946,0.9890000224113464,0.9685999751091003
YMR163C,YPL131W,0,-7.6208186,0.09263769537210464,0.9890000224113464,0.9686999917030334
YGR103W,YKL198C,0,-7.6213365,0.09262901544570923,0.9890000224113464,0.9688000082969666
YLR029C,YKL051W,0,-7.62165,0.09262034296989441,0.9890000224113464,0.9689000248908997
YOR094W,YKL056C,0,-7.623187,0.09261167049407959,0.9890000224113464,0.968999981880188
YKL110C,YBR205W,0,-7.62324,0.09260299801826477,0.9890000224113464,0.9690999984741211
YNL239W,YMR242C,0,-7.6235757,0.09259432554244995,0.9890000224113464,0.9692000150680542
YMR202W,YNL231C,0,-7.623733,0.09258566051721573,0.9890000224113464,0.9692999720573425
YDR513W,YHL015W,0,-7.627189,0.09257698804140091,0.9890000224113464,0.9693999886512756
YGL031C,YDR160W,0,-7.6279416,0.09256832301616669,0.9890000224113464,0.9695000052452087
YMR264W,YLR084C,0,-7.6283298,0.09255966544151306,0.9890000224113464,0.9696000218391418
YGL222C,YOL127W,0,-7.6299686,0.09255100041627884,0.9890000224113464,0.9696999788284302
YBR019C,YOR136W,0,-7.6300592,0.09254234284162521,0.9890000224113464,0.9697999954223633
YER030W,YMR173W,0,-7.631222,0.09253368526697159,0.9890000224113464,0.9699000120162964
YER126C,YGL170C,0,-7.6315207,0.09252502769231796,0.9890000224113464,0.9700000286102295
YJR047C,YCL034W,0,-7.634481,0.09251637011766434,0.9890000224113464,0.9700999855995178
YDL092W,YLR150W,0,-7.6353498,0.09250771999359131,0.9890000224113464,0.9702000021934509
YKL110C,YJL136C,0,-7.635669,0.09249906241893768,0.9890000224113464,0.970300018787384
YAL025C,YOL040C,0,-7.6399913,0.09249041229486465,0.9890000224113464,0.9703999757766724
YJL177W,YJL029C,0,-7.640325,0.09248176217079163,0.9890000224113464,0.9704999923706055
YMR069W,YPR187W,0,-7.6408157,0.0924731194972992,0.9890000224113464,0.9706000089645386
YIL004C,YLR196W,0,-7.641681,0.09246446937322617,0.9890000224113464,0.9707000255584717
YNR001C,YDR293C,0,-7.641985,0.09245582669973373,0.9890000224113464,0.97079998254776
YAR031W,YLR441C,0,-7.642964,0.0924471840262413,0.9890000224113464,0.9708999991416931
YMR140W,YHR149C,0,-7.6430306,0.09243854880332947,0.9890000224113464,0.9710000157356262
YNL325C,YIL053W,1,-7.645024,0.09252336621284485,0.9900000095367432,0.9710000157356262
YMR195W,YJR159W,0,-7.6450305,0.09251471608877182,0.9900000095367432,0.9710999727249146
YDR439W,YNL069C,0,-7.646768,0.09250607341527939,0.9900000095367432,0.9711999893188477
YML023C,YNL301C,0,-7.6483226,0.09249743074178696,0.9900000095367432,0.9713000059127808
YEL001C,YOR361C,0,-7.6488385,0.09248878806829453,0.9900000095367432,0.9714000225067139
YFR015C,YLR134W,0,-7.6493974,0.09248015284538269,0.9900000095367432,0.9714999794960022
YAL025C,YLR029C,0,-7.651098,0.09247151017189026,0.9900000095367432,0.9715999960899353
YOR176W,YHR139C,0,-7.65185,0.09246287494897842,0.9900000095367432,0.9717000126838684
YIL140W,YHR193C,0,-7.6560893,0.09245423972606659,0.9900000095367432,0.9718000292778015
YAL028W,YAL025C,0,-7.657473,0.09244560450315475,0.9900000095367432,0.9718999862670898
YDL075W,YML064C,0,-7.658342,0.09243697673082352,0.9900000095367432,0.972000002861023
YHR089C,YNL283C,0,-7.6621265,0.09242834150791168,0.9900000095367432,0.972100019454956
YOR382W,YMR096W,0,-7.664278,0.09241971373558044,0.9900000095367432,0.9721999764442444
YPL084W,YML036W,0,-7.6643577,0.0924110859632492,0.9900000095367432,0.9722999930381775
YIL020C,YML063W,0,-7.6658406,0.09240246564149857,0.9900000095367432,0.9724000096321106
YIL010W,YHR089C,0,-7.666433,0.09239383786916733,0.9900000095367432,0.9725000262260437
YPR020W,YMR143W,0,-7.666532,0.09238521754741669,0.9900000095367432,0.972599983215332
YGL073W,YPL131W,0,-7.666781,0.09237659722566605,0.9900000095367432,0.9726999998092651
YKR024C,YBR048W,0,-7.668485,0.0923679769039154,0.9900000095367432,0.9728000164031982
YBL015W,YDR408C,0,-7.672648,0.09235936403274536,0.9900000095367432,0.9728999733924866
YAR071W,YGR123C,1,-7.674743,0.0924440324306488,0.9909999966621399,0.9728999733924866
YBR160W,YJL050W,0,-7.67705,0.09243540465831757,0.9909999966621399,0.9729999899864197
YGL027C,YHL011C,0,-7.6787977,0.09242678433656693,0.9909999966621399,0.9731000065803528
YGR179C,YOL127W,0,-7.684362,0.09241816401481628,0.9909999966621399,0.9732000231742859
YJL177W,YKL108W,0,-7.685542,0.09240955114364624,0.9909999966621399,0.9732999801635742
YJL110C,YIL052C,0,-7.687845,0.0924009308218956,0.9909999966621399,0.9733999967575073
YFR037C,YLR262C,0,-7.6903796,0.09239231795072556,0.9909999966621399,0.9735000133514404
YGL029W,YKL080W,0,-7.691118,0.09238370507955551,0.9909999966621399,0.9735999703407288
YGL032C,YBR079C,0,-7.691625,0.09237509220838547,0.9909999966621399,0.9736999869346619
YPL160W,YHR081W,0,-7.6921573,0.09236648678779602,0.9909999966621399,0.973800003528595
YOR065W,YDR402C,0,-7.692979,0.09235787391662598,0.9909999966621399,0.9739000201225281
YNL012W,YLR372W,0,-7.694494,0.09234926849603653,0.9909999966621399,0.9739999771118164
YMR012W,YOR323C,0,-7.6970305,0.09234066307544708,0.9909999966621399,0.9740999937057495
YNL220W,YDL223C,0,-7.70093,0.09233205765485764,0.9909999966621399,0.9742000102996826
YHR036W,YER006W,0,-7.7073026,0.09232345968484879,0.9909999966621399,0.9743000268936157
YNL221C,YBR031W,0,-7.7073627,0.09231485426425934,0.9909999966621399,0.974399983882904
YDR033W,YDR165W,0,-7.709301,0.09230625629425049,0.9909999966621399,0.9745000004768372
YPR018W,YBR079C,0,-7.7118735,0.09229766577482224,0.9909999966621399,0.9746000170707703
YDL166C,YOL120C,0,-7.714997,0.09228906780481339,0.9909999966621399,0.9746999740600586
YHR019C,YOL031C,0,-7.7151413,0.09228046983480453,0.9909999966621399,0.9747999906539917
YDL146W,YDL082W,0,-7.716102,0.09227187931537628,0.9909999966621399,0.9749000072479248
YNL156C,YPL143W,0,-7.719929,0.09226328879594803,0.9909999966621399,0.9750000238418579
YHL004W,YPL118W,0,-7.720612,0.09225469827651978,0.9909999966621399,0.9750999808311462
YMR250W,YMR203W,0,-7.7212105,0.09224611520767212,0.9909999966621399,0.9751999974250793
YKL096W,YJL085W,0,-7.7236047,0.09223752468824387,0.9909999966621399,0.9753000140190125
YJL051W,YMR143W,0,-7.7249804,0.09222894161939621,0.9909999966621399,0.9753999710083008
YOR023C,YDR382W,0,-7.727955,0.09222035855054855,0.9909999966621399,0.9754999876022339
YBL093C,YLR333C,0,-7.7306437,0.0922117829322815,0.9909999966621399,0.975600004196167
YMR277W,YIL113W,1,-7.7347736,0.09229624271392822,0.9919999837875366,0.975600004196167
YMR153W,YHL013C,0,-7.7357583,0.09228765219449997,0.9919999837875366,0.9757000207901001
YDL209C,YOL070C,0,-7.739185,0.09227906912565231,0.9919999837875366,0.9757999777793884
YGL222C,YDL083C,0,-7.7442884,0.09227048605680466,0.9919999837875366,0.9758999943733215
YJL158C,YML063W,0,-7.745618,0.092261902987957,0.9919999837875366,0.9760000109672546
YDL029W,YNR054C,0,-7.745665,0.09225332736968994,0.9919999837875366,0.9761000275611877
YKL060C,YLR265C,0,-7.745997,0.09224474430084229,0.9919999837875366,0.9761999845504761
YDR184C,YDR165W,0,-7.7497697,0.09223616868257523,0.9919999837875366,0.9763000011444092
YLR029C,YBR253W,0,-7.750006,0.09222759306430817,0.9919999837875366,0.9764000177383423
YDR258C,YDR144C,0,-7.750855,0.09221901744604111,0.9919999837875366,0.9764999747276306
YGR155W,YDL020C,0,-7.752291,0.09221044927835464,0.9919999837875366,0.9765999913215637
YML023C,YGR148C,0,-7.7527995,0.09220188111066818,0.9919999837875366,0.9767000079154968
YHR176W,YMR093W,0,-7.753083,0.09219330549240112,0.9919999837875366,0.9768000245094299
YDR300C,YDR496C,0,-7.7560306,0.09218474477529526,0.9919999837875366,0.9768999814987183
YLR093C,YLR048W,0,-7.757891,0.0921761766076088,0.9919999837875366,0.9769999980926514
YPL040C,YOR167C,0,-7.7579665,0.09216760843992233,0.9919999837875366,0.9771000146865845
YBR060C,YDL130W,0,-7.7594323,0.09215904772281647,0.9919999837875366,0.9771999716758728
YIL148W,YMR197C,0,-7.760373,0.0921504870057106,0.9919999837875366,0.9772999882698059
YOR377W,YLL041C,0,-7.7642145,0.09214192628860474,0.9919999837875366,0.977400004863739
YML099C,YGR254W,0,-7.764248,0.09213337302207947,0.9919999837875366,0.9775000214576721
YPL096W,YPL143W,0,-7.7672772,0.0921248123049736,0.9919999837875366,0.9775999784469604
YMR012W,YHR193C,0,-7.767522,0.09211625903844833,0.9919999837875366,0.9776999950408936
YOR269W,YOR247W,0,-7.7701564,0.09210770577192307,0.9919999837875366,0.9778000116348267
YPR169W,YJL190C,0,-7.7733145,0.0920991525053978,0.9919999837875366,0.9779000282287598
YGR155W,YJR004C,0,-7.774158,0.09209060668945312,0.9919999837875366,0.9779999852180481
YBR205W,YDL191W,0,-7.774245,0.09208205342292786,0.9919999837875366,0.9781000018119812
YHR066W,YDL170W,0,-7.774848,0.09207350760698318,0.9919999837875366,0.9782000184059143
YKL172W,YMR243C,0,-7.7790294,0.09206496179103851,0.9919999837875366,0.9782999753952026
YJR132W,YIL078W,0,-7.7796245,0.09205642342567444,0.9919999837875366,0.9783999919891357
YDL003W,YMR127C,0,-7.779823,0.09204787760972977,0.9919999837875366,0.9785000085830688
YDR101C,YDL148C,0,-7.781002,0.09203933924436569,0.9919999837875366,0.978600025177002
YBR282W,YJL048C,0,-7.7811193,0.09203080087900162,0.9919999837875366,0.9786999821662903
YJR064W,YLR376C,0,-7.7837033,0.09202226251363754,0.9919999837875366,0.9787999987602234
YER062C,YGR123C,1,-7.7851357,0.09210648387670517,0.9929999709129333,0.9787999987602234
YNR060W,YPR133C,0,-7.7860875,0.0920979380607605,0.9929999709129333,0.9789000153541565
YFL044C,YLR441C,0,-7.7883887,0.09208939969539642,0.9929999709129333,0.9789999723434448
YLR032W,YKL081W,0,-7.789286,0.09208086133003235,0.9929999709129333,0.9790999889373779
YLR114C,YDR382W,0,-7.7895007,0.09207232296466827,0.9929999709129333,0.979200005531311
YCR081W,YGR209C,0,-7.7918053,0.0920637845993042,0.9929999709129333,0.9793000221252441
YMR238W,YGL123W,0,-7.791942,0.09205525368452072,0.9929999709129333,0.9793999791145325
YNL252C,YBR280C,0,-7.79308,0.09204671531915665,0.9929999709129333,0.9794999957084656
YKL172W,YIL020C,0,-7.794048,0.09203818440437317,0.9929999709129333,0.9796000123023987
YLR192C,YJL136C,0,-7.7941456,0.09202965348958969,0.9929999709129333,0.9797000288963318
YDL082W,YOR132W,0,-7.795649,0.09202113002538681,0.9929999709129333,0.9797999858856201
YOR294W,YKL080W,0,-7.797273,0.09201259911060333,0.9929999709129333,0.9799000024795532
YMR237W,YLR068W,0,-7.797286,0.09200407564640045,0.9929999709129333,0.9800000190734863
YPL131W,YIL135C,0,-7.7976136,0.09199555218219757,0.9929999709129333,0.9800999760627747
YPR046W,YGR198W,0,-7.80129,0.09198702871799469,0.9929999709129333,0.9801999926567078
YKR026C,YJR144W,0,-7.803654,0.0919785127043724,0.9929999709129333,0.9803000092506409
YDR499W,YBR189W,0,-7.8096094,0.09196998924016953,0.9929999709129333,0.980400025844574
YOR363C,YOR187W,0,-7.8130813,0.09196147322654724,0.9929999709129333,0.9804999828338623
YEL011W,YPL131W,0,-7.8153996,0.09195295721292496,0.9929999709129333,0.9805999994277954
YJR150C,YOR317W,0,-7.815615,0.09194444119930267,0.9929999709129333,0.9807000160217285
YFR031C-A,YGR172C,0,-7.817249,0.09193593263626099,0.9929999709129333,0.9807999730110168
YCR091W,YOL127W,0,-7.8188853,0.0919274240732193,0.9929999709129333,0.98089998960495
YFL023W,YFR031C-A,0,-7.8195148,0.09191890805959702,0.9929999709129333,0.9810000061988831
YML118W,YER131W,0,-7.822338,0.09191040694713593,0.9929999709129333,0.9811000227928162
YJR145C,YLR066W,0,-7.822907,0.09190189838409424,0.9929999709129333,0.9811999797821045
YGL078C,YBR126C,0,-7.8261013,0.09189338982105255,0.9929999709129333,0.9812999963760376
YKL208W,YJL158C,0,-7.8261094,0.09188488870859146,0.9929999709129333,0.9814000129699707
YDL113C,YHR193C,0,-7.828758,0.09187638759613037,0.9929999709129333,0.9815000295639038
YML056C,YGL097W,0,-7.8312974,0.09186788648366928,0.9929999709129333,0.9815999865531921
YER035W,YNL248C,0,-7.831659,0.09185939282178879,0.9929999709129333,0.9817000031471252
YPR187W,YDR429C,0,-7.832956,0.0918508917093277,0.9929999709129333,0.9818000197410583
YGL073W,YNL308C,0,-7.833721,0.0918423980474472,0.9929999709129333,0.9818999767303467
YMR217W,YNL132W,0,-7.83688,0.09183390438556671,0.9929999709129333,0.9819999933242798
YLR286C,YML130C,0,-7.838906,0.09182541072368622,0.9929999709129333,0.9821000099182129
YOL127W,YKL079W,0,-7.8424473,0.09181692451238632,0.9929999709129333,0.982200026512146
YOL001W,YMR242C,0,-7.842626,0.09180843085050583,0.9929999709129333,0.9822999835014343
YHR089C,YLR147C,0,-7.843907,0.09179994463920593,0.9929999709129333,0.9824000000953674
YHR128W,YDR211W,0,-7.851188,0.09179145842790604,0.9929999709129333,0.9825000166893005
YAL038W,YGR109C,0,-7.8513155,0.09178297221660614,0.9929999709129333,0.9825999736785889
YJL053W,YNL162W,0,-7.853498,0.09177449345588684,0.9929999709129333,0.982699990272522
YOR243C,YEL065W,0,-7.861926,0.09176600724458694,0.9929999709129333,0.9828000068664551
YGR085C,YDR325W,0,-7.863982,0.09175752848386765,0.9929999709129333,0.9829000234603882
YDR163W,YJL197W,0,-7.8658147,0.09174904972314835,0.9929999709129333,0.9829999804496765
YMR202W,YOR167C,0,-7.8664975,0.09174057841300964,0.9929999709129333,0.9830999970436096
YPL154C,YJL069C,0,-7.867773,0.09173209965229034,0.9929999709129333,0.9832000136375427
YOR158W,YOL039W,0,-7.8685355,0.09172362834215164,0.9929999709129333,0.983299970626831
YNR058W,YHL011C,0,-7.8695154,0.09171515703201294,0.9929999709129333,0.9833999872207642
YML113W,YMR271C,0,-7.8696666,0.09170668572187424,0.9929999709129333,0.9835000038146973
YDR404C,YGR287C,0,-7.8703275,0.09169821441173553,0.9929999709129333,0.9836000204086304
YBL047C,YMR260C,0,-7.8733106,0.09168975055217743,0.9929999709129333,0.9836999773979187
YGR123C,YGL224C,1,-7.8764596,0.0917736142873764,0.9940000176429749,0.9836999773979187
YGR078C,YJL189W,0,-7.8817334,0.0917651429772377,0.9940000176429749,0.9837999939918518
YJR064W,YOR273C,0,-7.8835206,0.091756671667099,0.9940000176429749,0.9839000105857849
YMR020W,YOR272W,0,-7.8838983,0.0917482003569603,0.9940000176429749,0.984000027179718
YPR187W,YML014W,0,-7.8846855,0.0917397290468216,0.9940000176429749,0.9840999841690063
YLR340W,YPL002C,0,-7.8860717,0.09173126518726349,0.9940000176429749,0.9842000007629395
YKR026C,YLR059C,0,-7.887044,0.09172280132770538,0.9940000176429749,0.9843000173568726
YIL148W,YMR190C,0,-7.8885026,0.09171433746814728,0.9940000176429749,0.9843999743461609
YAL012W,YMR154C,0,-7.8885913,0.09170587360858917,0.9940000176429749,0.984499990940094
YDR339C,YKL113C,0,-7.8912196,0.09169741719961166,0.9940000176429749,0.9846000075340271
YBR101C,YPL090C,0,-7.894602,0.09168896079063416,0.9940000176429749,0.9847000241279602
YBR156C,YML093W,0,-7.896006,0.09168050438165665,0.9940000176429749,0.9847999811172485
YKL087C,YDR471W,0,-7.8962855,0.09167204797267914,0.9940000176429749,0.9848999977111816
YOR267C,YIL133C,0,-7.896633,0.09166359156370163,0.9940000176429749,0.9850000143051147
YPL159C,YMR308C,0,-7.8966937,0.09165514260530472,0.9940000176429749,0.9850999712944031
YNL067W,YGR263C,0,-7.8973603,0.0916466936469078,0.9940000176429749,0.9851999878883362
YGL035C,YOR247W,0,-7.8985057,0.0916382446885109,0.9940000176429749,0.9853000044822693
YKL206C,YJL177W,0,-7.9050837,0.09162979573011398,0.9940000176429749,0.9854000210762024
YML049C,YML058W,0,-7.9097524,0.09162134677171707,0.9940000176429749,0.9854999780654907
YPL110C,YGR103W,0,-7.915933,0.09161290526390076,0.9940000176429749,0.9855999946594238
YGL105W,YGL031C,0,-7.917981,0.09160446375608444,0.9940000176429749,0.9857000112533569
YGR123C,YIL113W,1,-7.919202,0.09168817102909088,0.9950000047683716,0.9857000112533569
YLR226W,YHR042W,0,-7.9203844,0.09167972207069397,0.9950000047683716,0.98580002784729
YKR067W,YML093W,0,-7.923465,0.09167127311229706,0.9950000047683716,0.9858999848365784
YOL164W,YOL120C,0,-7.9259048,0.09166283160448074,0.9950000047683716,0.9860000014305115
YJL198W,YER118C,0,-7.9281235,0.09165438264608383,0.9950000047683716,0.9861000180244446
YER171W,YOR369C,0,-7.9293237,0.09164594113826752,0.9950000047683716,0.9861999750137329
YGR220C,YMR030W,0,-7.9315186,0.0916374996304512,0.9950000047683716,0.986299991607666
YML107C,YKR013W,0,-7.93547,0.09162906557321548,0.9950000047683716,0.9864000082015991
YBL087C,YDL072C,0,-7.9383044,0.09162062406539917,0.9950000047683716,0.9865000247955322
YOL151W,YGL089C,0,-7.938605,0.09161219000816345,0.9950000047683716,0.9865999817848206
YHR096C,YMR193W,0,-7.9416595,0.09160375595092773,0.9950000047683716,0.9866999983787537
YLR068W,YLR324W,0,-7.944734,0.09159532189369202,0.9950000047683716,0.9868000149726868
YGR118W,YDR425W,0,-7.946177,0.0915868952870369,0.9950000047683716,0.9868999719619751
YNR019W,YML063W,0,-7.951016,0.09157846122980118,0.9950000047683716,0.9869999885559082
YNL261W,YPL090C,0,-7.953216,0.09157003462314606,0.9950000047683716,0.9871000051498413
YLR276C,YOL052C-A,0,-7.954019,0.09156160801649094,0.9950000047683716,0.9872000217437744
YLR205C,YNL067W,0,-7.95573,0.09155318140983582,0.9950000047683716,0.9872999787330627
YBR026C,YER131W,0,-7.955732,0.09154476225376129,0.9950000047683716,0.9873999953269958
YIL111W,YGR084C,0,-7.9558244,0.09153633564710617,0.9950000047683716,0.987500011920929
YGL078C,YEL066W,0,-7.955828,0.09152791649103165,0.9950000047683716,0.9876000285148621
YLR270W,YNL119W,0,-7.956818,0.09151949733495712,0.9950000047683716,0.9876999855041504
YPL220W,YEL026W,0,-7.9589252,0.0915110856294632,0.9950000047683716,0.9878000020980835
YCR034W,YDL148C,0,-7.959583,0.09150266647338867,0.9950000047683716,0.9879000186920166
YJR035W,YGR279C,0,-7.959885,0.09149425476789474,0.9950000047683716,0.9879999756813049
YGL111W,YMR142C,0,-7.9742923,0.09148584306240082,0.9950000047683716,0.988099992275238
YPL241C,YBL076C,0,-7.9744983,0.09147743135690689,0.9950000047683716,0.9882000088691711
YMR131C,YGL184C,0,-7.9748063,0.09146901965141296,0.9950000047683716,0.9883000254631042
YMR195W,YBR048W,0,-7.975431,0.09146061539649963,0.9950000047683716,0.9883999824523926
YHR053C,YLR340W,0,-7.979914,0.0914522036910057,0.9950000047683716,0.9884999990463257
YJR048W,YKL095W,0,-7.9841456,0.09144379943609238,0.9950000047683716,0.9886000156402588
YNL036W,YPL147W,0,-7.985728,0.09143539518117905,0.9950000047683716,0.9886999726295471
YBR060C,YJL190C,0,-7.986305,0.09142699837684631,0.9950000047683716,0.9887999892234802
YNL293W,YIL148W,0,-7.9870143,0.09141859412193298,0.9950000047683716,0.9889000058174133
YLR441C,YKL065C,0,-7.9894905,0.09141019731760025,0.9950000047683716,0.9890000224113464
YDL138W,YOL120C,0,-7.9947963,0.09140180051326752,0.9950000047683716,0.9890999794006348
YEL026W,YNL273W,0,-7.9951234,0.09139340370893478,0.9950000047683716,0.9891999959945679
YHR089C,YAR007C,0,-7.996302,0.09138501435518265,0.9950000047683716,0.989300012588501
YBR257W,YKL006W,0,-7.9981585,0.09137661755084991,0.9950000047683716,0.9894000291824341
YGR085C,YNL160W,0,-7.9986596,0.09136822819709778,0.9950000047683716,0.9894999861717224
YGR180C,YLR333C,0,-7.999129,0.09135983884334564,0.9950000047683716,0.9896000027656555
YLR432W,YJL094C,0,-8.000587,0.0913514494895935,0.9950000047683716,0.9897000193595886
YBR187W,YJL100W,0,-8.00232,0.09134306758642197,0.9950000047683716,0.989799976348877
YIL037C,YGL103W,0,-8.004459,0.09133467823266983,0.9950000047683716,0.9898999929428101
YDR337W,YDR001C,0,-8.010589,0.09132629632949829,0.9950000047683716,0.9900000095367432
YLR286C,YNL332W,0,-8.015418,0.09131791442632675,0.9950000047683716,0.9901000261306763
YDR216W,YLR075W,0,-8.016342,0.09130953252315521,0.9950000047683716,0.9901999831199646
YGR229C,YDR449C,0,-8.023322,0.09130115807056427,0.9950000047683716,0.9902999997138977
YDR144C,YML128C,0,-8.033111,0.09129277616739273,0.9950000047683716,0.9904000163078308
YNL175C,YOR091W,0,-8.036835,0.09128440171480179,0.9950000047683716,0.9904999732971191
YKR066C,YDL040C,0,-8.038983,0.09127602726221085,0.9950000047683716,0.9905999898910522
YNL153C,YHR016C,0,-8.05346,0.0912676602602005,0.9950000047683716,0.9907000064849854
YHL013C,YBR106W,0,-8.060599,0.09125928580760956,0.9950000047683716,0.9908000230789185
YNR037C,YOR329C,0,-8.060843,0.09125091880559921,0.9950000047683716,0.9908999800682068
YER143W,YHR019C,0,-8.066003,0.09124255180358887,0.9950000047683716,0.9909999966621399
YGL029W,YOR303W,0,-8.068678,0.09123418480157852,0.9950000047683716,0.991100013256073
YMR277W,YBR092C,1,-8.069688,0.09131750464439392,0.9959999918937683,0.991100013256073
YOR046C,YDL022W,0,-8.07405,0.09130913019180298,0.9959999918937683,0.9911999702453613
YBR155W,YGL097W,0,-8.076699,0.09130076318979263,0.9959999918937683,0.9912999868392944
YLR432W,YNL292W,0,-8.080985,0.09129238873720169,0.9959999918937683,0.9914000034332275
YER006W,YOR091W,0,-8.085797,0.09128402173519135,0.9959999918937683,0.9915000200271606
YPL256C,YGR162W,0,-8.085928,0.0912756621837616,0.9959999918937683,0.991599977016449
YAL007C,YML097C,0,-8.088581,0.09126729518175125,0.9959999918937683,0.9916999936103821
YDR398W,YLR121C,0,-8.093635,0.0912589356303215,0.9959999918937683,0.9918000102043152
YPL043W,YOL097C,0,-8.095419,0.09125057607889175,0.9959999918937683,0.9919000267982483
YMR169C,YNR053C,0,-8.096934,0.091242216527462,0.9959999918937683,0.9919999837875366
YNL301C,YBR061C,0,-8.099348,0.09123385697603226,0.9959999918937683,0.9921000003814697
YHR142W,YKR024C,0,-8.103381,0.09122549742460251,0.9959999918937683,0.9922000169754028
YPL131W,YDR011W,0,-8.105592,0.09121714532375336,0.9959999918937683,0.9922999739646912
YHR019C,YKL014C,0,-8.110091,0.0912087932229042,0.9959999918937683,0.9923999905586243
YOR340C,YLR003C,0,-8.110431,0.09120044112205505,0.9959999918937683,0.9925000071525574
YOR245C,YHL015W,0,-8.117829,0.0911920890212059,0.9959999918937683,0.9926000237464905
YKL089W,YDL191W,0,-8.123857,0.09118374437093735,0.9959999918937683,0.9926999807357788
YBR092C,YBR093C,1,-8.128047,0.0912669375538826,0.996999979019165,0.9926999807357788
YIL133C,YHR090C,0,-8.132702,0.09125857800245285,0.996999979019165,0.9927999973297119
YKR094C,YBR231C,0,-8.135771,0.0912502259016037,0.996999979019165,0.992900013923645
YKR066C,YNL119W,0,-8.144562,0.09124188125133514,0.996999979019165,0.9929999709129333
YLR029C,YOR148C,0,-8.15057,0.09123352915048599,0.996999979019165,0.9930999875068665
YDR184C,YKR066C,0,-8.156598,0.09122517704963684,0.996999979019165,0.9932000041007996
YBR247C,YAR002C-A,0,-8.161562,0.09121683239936829,0.996999979019165,0.9933000206947327
YHR019C,YEL011W,0,-8.164232,0.09120848774909973,0.996999979019165,0.993399977684021
YOR004W,YLR121C,0,-8.169481,0.09120014309883118,0.996999979019165,0.9934999942779541
YPL159C,YKL180W,0,-8.170125,0.09119180589914322,0.996999979019165,0.9936000108718872
YKL114C,YOR096W,0,-8.181117,0.09118346124887466,0.996999979019165,0.9937000274658203
YER126C,YDL083C,0,-8.189873,0.0911751240491867,0.996999979019165,0.9937999844551086
YDL204W,YKL081W,0,-8.193908,0.09116678684949875,0.996999979019165,0.9939000010490417
YJL148W,YJL069C,0,-8.19586,0.09115844964981079,0.996999979019165,0.9940000176429749
YMR173W,YML014W,0,-8.198751,0.09115011990070343,0.996999979019165,0.9940999746322632
YMR202W,YHL001W,0,-8.198824,0.09114178270101547,0.996999979019165,0.9941999912261963
YOL040C,YPR156C,0,-8.208682,0.09113345295190811,0.996999979019165,0.9943000078201294
YPR166C,YDR382W,0,-8.212769,0.09112512320280075,0.996999979019165,0.9944000244140625
YJR035W,YOR073W,0,-8.227169,0.09111680090427399,0.996999979019165,0.9944999814033508
YER070W,YML063W,0,-8.235634,0.09110847115516663,0.996999979019165,0.9945999979972839
YMR303C,YBR301W,0,-8.2471485,0.09110014885663986,0.996999979019165,0.994700014591217
YLR061W,YEL031W,0,-8.274037,0.0910918191075325,0.996999979019165,0.9947999715805054
YLR397C,YIL052C,0,-8.275173,0.09108350425958633,0.996999979019165,0.9948999881744385
YBR251W,YKL180W,0,-8.27653,0.09107518196105957,0.996999979019165,0.9950000047683716
YOL082W,YIL133C,0,-8.28983,0.0910668596625328,0.996999979019165,0.9951000213623047
YML073C,YPL124W,0,-8.297841,0.09105854481458664,0.996999979019165,0.995199978351593
YJL110C,YKL180W,0,-8.305351,0.09105022996664047,0.996999979019165,0.9952999949455261
YLR061W,YBR166C,0,-8.330376,0.0910419151186943,0.996999979019165,0.9954000115394592
YLR276C,YOL039W,0,-8.338082,0.09103360027074814,0.996999979019165,0.9955000281333923
YBL072C,YOR297C,0,-8.346605,0.09102529287338257,0.996999979019165,0.9955999851226807
YML086C,YJL190C,0,-8.348796,0.0910169780254364,0.996999979019165,0.9957000017166138
YML056C,YNL299W,0,-8.349864,0.09100867062807083,0.996999979019165,0.9958000183105469
YCL025C,YNL036W,0,-8.356183,0.09100036323070526,0.996999979019165,0.9958999752998352
YKL006W,YER007C-A,0,-8.360225,0.09099206328392029,0.996999979019165,0.9959999918937683
YHL001W,YPL203W,0,-8.383098,0.09098375588655472,0.996999979019165,0.9961000084877014
YGR158C,YBL072C,0,-8.383233,0.09097545593976974,0.996999979019165,0.9962000250816345
YLR196W,YDR471W,0,-8.385829,0.09096715599298477,0.996999979019165,0.9962999820709229
YGR161C,YJL098W,1,-8.386202,0.09105008840560913,0.9980000257492065,0.9962999820709229
YBR191W,YML026C,0,-8.3928,0.09104178100824356,0.9980000257492065,0.996399998664856
YJL051W,YBL087C,0,-8.399843,0.09103347361087799,0.9980000257492065,0.9965000152587891
YHR089C,YOR091W,0,-8.415857,0.09102517366409302,0.9980000257492065,0.9965999722480774
YCL059C,YLR333C,0,-8.421316,0.09101687371730804,0.9980000257492065,0.9966999888420105
YLR449W,YER086W,0,-8.4282255,0.09100857377052307,0.9980000257492065,0.9968000054359436
YBL078C,YCR031C,0,-8.428712,0.0910002738237381,0.9980000257492065,0.9969000220298767
YHR209W,YHR196W,0,-8.449109,0.09099197387695312,0.9980000257492065,0.996999979019165
YHR089C,YNL075W,0,-8.456351,0.09098368138074875,0.9980000257492065,0.9970999956130981
YPR184W,YNL153C,0,-8.467409,0.09097538888454437,0.9980000257492065,0.9972000122070312
YJR144W,YIL133C,0,-8.468422,0.09096709638834,0.9980000257492065,0.9973000288009644
YGR268C,YMR230W,0,-8.477381,0.09095880389213562,0.9980000257492065,0.9973999857902527
YBR142W,YER126C,0,-8.481745,0.09095051139593124,0.9980000257492065,0.9975000023841858
YMR242C,YJL191W,0,-8.519574,0.09094222635030746,0.9980000257492065,0.9976000189781189
YHR209W,YOR096W,0,-8.533194,0.09093394130468369,0.9980000257492065,0.9976999759674072
YJL096W,YMR142C,0,-8.534934,0.0909256562590599,0.9980000257492065,0.9977999925613403
YNL248C,YHR065C,0,-8.550716,0.09091737121343613,0.9980000257492065,0.9979000091552734
YNL117W,YKL180W,0,-8.559569,0.09090909361839294,0.9980000257492065,0.9980000257492065
YGL120C,YDR398W,0,-8.5632925,0.09090080857276917,0.9980000257492065,0.9980999827384949
YNL175C,YEL026W,0,-8.566908,0.09089253097772598,0.9980000257492065,0.998199999332428
YLR029C,YNL302C,0,-8.572149,0.0908842533826828,0.9980000257492065,0.9983000159263611
YMR105C,YOR252W,0,-8.579186,0.09087597578763962,0.9980000257492065,0.9983999729156494
YNL116W,YGR082W,0,-8.607594,0.09086770564317703,0.9980000257492065,0.9984999895095825
YAL035W,YMR271C,0,-8.608844,0.09085943549871445,0.9980000257492065,0.9986000061035156
YDL115C,YNR037C,0,-8.618104,0.09085115790367126,0.9980000257492065,0.9987000226974487
YLR449W,YIR039C,0,-8.634095,0.09084288775920868,0.9980000257492065,0.9987999796867371
YHR089C,YDL022W,0,-8.659858,0.09083462506532669,0.9980000257492065,0.9988999962806702
YBR155W,YNR046W,0,-8.669476,0.0908263549208641,0.9980000257492065,0.9990000128746033
YHL001W,YNL178W,0,-8.888268,0.09081809222698212,0.9980000257492065,0.9991000294685364
YNL175C,YOR227W,0,-8.906499,0.09080982953310013,0.9980000257492065,0.9991999864578247
YGR145W,YBR106W,0,-8.923938,0.09080156683921814,0.9980000257492065,0.9993000030517578
YDR151C,YBR031W,0,-8.943763,0.09079330414533615,0.9980000257492065,0.9994000196456909
YNL116W,YJR145C,0,-9.000163,0.09078504145145416,0.9980000257492065,0.9994999766349792
YNL075W,YGR159C,0,-9.053693,0.09077678620815277,0.9980000257492065,0.9995999932289124
YOR312C,YBR189W,0,-9.114114,0.09076853096485138,0.9980000257492065,0.9997000098228455
YGL030W,YLR333C,0,-9.181205,0.09076027572154999,0.9980000257492065,0.9998000264167786
YGR123C,YGR161C,1,-9.478935,0.09084295481443405,0.9990000128746033,0.9998000264167786
YBR084C-A,YBR048W,0,-9.488175,0.09083469957113266,0.9990000128746033,0.9998999834060669
YOL120C,YGR148C,0,-10.869058,0.09082643687725067,0.9990000128746033,1.0
YAR071W,YHR215W,1,-16.67651,0.09090909361839294,1.0,1.0
