Gene A,Gene B,Label,Score,Precision,Recall,False Positive Rate
YGL180W,YLR043C,1,3.866779,1.0,0.0010000000474974513,0.0
YBL050W,YLR093C,1,3.136327,1.0,0.0020000000949949026,0.0
YBL050W,YFL004W,1,2.5668435,1.0,0.003000000026077032,0.0
YNR007C,YEL027W,1,2.4752407,1.0,0.004000000189989805,0.0
YHR039C-A,YLR423C,1,2.4466615,1.0,0.004999999888241291,0.0
YLR043C,YHR138C,1,2.335034,1.0,0.006000000052154064,0.0
YNL242W,YBR217W,1,2.3170924,1.0,0.007000000216066837,0.0
YGR008C,YCL030C,0,2.2954473,0.875,0.007000000216066837,9.999999747378752e-05
YLR043C,YIL041W,1,2.2954178,0.8888888955116272,0.00800000037997961,9.999999747378752e-05
YGL032C,YOR348C,0,2.2917411,0.800000011920929,0.00800000037997961,0.00019999999494757503
YHL001W,YDL197C,0,2.2500522,0.7272727489471436,0.00800000037997961,0.0003000000142492354
YFL004W,YDR229W,1,2.1673005,0.75,0.008999999612569809,0.0003000000142492354
YHR039C-A,YBL026W,0,2.1660118,0.692307710647583,0.008999999612569809,0.00039999998989515007
YGL103W,YBL018C,0,2.1401963,0.6428571343421936,0.008999999612569809,0.0005000000237487257
YCL025C,YDL190C,0,2.1349921,0.6000000238418579,0.008999999612569809,0.0006000000284984708
YNR007C,YFL039C,1,2.1085439,0.625,0.009999999776482582,0.0006000000284984708
YLR043C,YNL223W,1,2.098772,0.6470588445663452,0.010999999940395355,0.0006000000284984708
YOR234C,YDR450W,0,2.070622,0.6111111044883728,0.010999999940395355,0.000699999975040555
YDR011W,YGL048C,0,2.0062022,0.5789473652839661,0.010999999940395355,0.0007999999797903001
YGR209C,YBR217W,1,2.0049708,0.6000000238418579,0.012000000104308128,0.0007999999797903001
YIL048W,YNL242W,1,1.9920739,0.6190476417541504,0.013000000268220901,0.0007999999797903001
YNL054W,YGR254W,1,1.9630193,0.6363636255264282,0.014000000432133675,0.0007999999797903001
YCR012W,YLR309C,0,1.9558178,0.6086956262588501,0.014000000432133675,0.0008999999845400453
YFL039C,YLR093C,1,1.9323066,0.625,0.014999999664723873,0.0008999999845400453
YDL083C,YDL064W,0,1.9293723,0.6000000238418579,0.014999999664723873,0.0010000000474974513
YGR090W,YBR052C,0,1.9246647,0.5769230723381042,0.014999999664723873,0.0010999999940395355
YGR209C,YNL054W,1,1.9158069,0.5925925970077515,0.01600000075995922,0.0010999999940395355
YPR052C,YBR056W,0,1.8888155,0.5714285969734192,0.01600000075995922,0.0012000000569969416
YPR132W,YNL305C,0,1.8732623,0.5517241358757019,0.01600000075995922,0.0013000000035390258
YCL030C,YBR160W,0,1.8697006,0.5333333611488342,0.01600000075995922,0.00139999995008111
YBR154C,YDR380W,0,1.8554726,0.5161290168762207,0.01600000075995922,0.001500000013038516
YDL082W,YPR151C,0,1.8534833,0.5,0.01600000075995922,0.0015999999595806003
YAR015W,YBR287W,0,1.8498498,0.4848484992980957,0.01600000075995922,0.0017000000225380063
YDR158W,YDL142C,0,1.8448232,0.47058823704719543,0.01600000075995922,0.0017999999690800905
YBL050W,YLR043C,1,1.8390678,0.48571428656578064,0.017000000923871994,0.0017999999690800905
YOR332W,YBL050W,1,1.8294879,0.5,0.017999999225139618,0.0017999999690800905
YGR255C,YNL147W,0,1.8198973,0.4864864945411682,0.017999999225139618,0.0019000000320374966
YPR009W,YMR117C,0,1.8119482,0.4736842215061188,0.017999999225139618,0.0020000000949949026
YGL187C,YHR123W,0,1.8082362,0.4615384638309479,0.017999999225139618,0.002099999925121665
YMR278W,YHR005C-A,0,1.8059317,0.44999998807907104,0.017999999225139618,0.002199999988079071
YNL242W,YIL138C,1,1.8032554,0.46341463923454285,0.01899999938905239,0.002199999988079071
YBR072W,YJL138C,0,1.798416,0.4523809552192688,0.01899999938905239,0.002300000051036477
YLR312W-A,YHR030C,0,1.7971526,0.44186046719551086,0.01899999938905239,0.002400000113993883
YMR250W,YDR378C,0,1.7928672,0.4318181872367859,0.01899999938905239,0.0024999999441206455
YLR395C,YAR027W,0,1.7840338,0.42222222685813904,0.01899999938905239,0.0026000000070780516
YDR330W,YJR139C,0,1.7782028,0.41304346919059753,0.01899999938905239,0.0027000000700354576
YBR105C,YLR423C,1,1.7390414,0.42553192377090454,0.019999999552965164,0.0027000000700354576
YGR264C,YNL305C,0,1.7317427,0.4166666567325592,0.019999999552965164,0.00279999990016222
YPL096W,YAL005C,0,1.7138091,0.40816327929496765,0.019999999552965164,0.002899999963119626
YGL160W,YIR035C,0,1.7044004,0.4000000059604645,0.019999999552965164,0.003000000026077032
YNR018W,YBR161W,0,1.685253,0.3921568691730499,0.019999999552965164,0.003100000089034438
YGR209C,YNL326C,1,1.6784966,0.4038461446762085,0.020999999716877937,0.003100000089034438
YLR043C,YBR080C,1,1.672996,0.4150943458080292,0.02199999988079071,0.003100000089034438
YMR139W,YGL008C,0,1.6483063,0.40740740299224854,0.02199999988079071,0.0031999999191612005
YGR254W,YNL326C,1,1.6453755,0.41818180680274963,0.023000000044703484,0.0031999999191612005
YBR080C,YDR229W,1,1.6428387,0.4285714328289032,0.024000000208616257,0.0031999999191612005
YMR143W,YNL112W,0,1.6425989,0.42105263471603394,0.024000000208616257,0.0032999999821186066
YJR107W,YGL191W,0,1.6406724,0.4137931168079376,0.024000000208616257,0.0034000000450760126
YHR008C,YNL326C,0,1.6391779,0.4067796468734741,0.024000000208616257,0.0035000001080334187
YDR461W,YGR041W,0,1.6309167,0.4000000059604645,0.024000000208616257,0.003599999938160181
YDR117C,YPL230W,0,1.6278325,0.39344263076782227,0.024000000208616257,0.003700000001117587
YGL095C,YDR229W,1,1.6236458,0.4032258093357086,0.02500000037252903,0.003700000001117587
YAL033W,YER103W,0,1.6146148,0.3968254029750824,0.02500000037252903,0.003800000064074993
YOR182C,YCR097W,0,1.6072048,0.390625,0.02500000037252903,0.0038999998942017555
YML001W,YNL223W,1,1.5923578,0.4000000059604645,0.026000000536441803,0.0038999998942017555
YLR043C,YAL002W,1,1.5817367,0.40909090638160706,0.027000000700354576,0.0038999998942017555
YKL212W,YER058W,0,1.5678527,0.4029850661754608,0.027000000700354576,0.004000000189989805
YPR145W,YGR256W,0,1.5634035,0.3970588147640228,0.027000000700354576,0.004100000020116568
YIL048W,YLR043C,1,1.5619887,0.4057970941066742,0.02800000086426735,0.004100000020116568
YBL027W,YLR176C,0,1.5433689,0.4000000059604645,0.02800000086426735,0.00419999985024333
YER175C,YGR177C,0,1.5418936,0.39436620473861694,0.02800000086426735,0.00430000014603138
YOR332W,YDR229W,1,1.5412515,0.4027777910232544,0.028999999165534973,0.00430000014603138
YLL027W,YJL042W,0,1.5345358,0.39726027846336365,0.028999999165534973,0.004399999976158142
YDR156W,YEL065W,0,1.5320135,0.3918918967247009,0.028999999165534973,0.0044999998062849045
YBL016W,YDR155C,0,1.5280927,0.3866666555404663,0.028999999165534973,0.004600000102072954
YML034W,YFL062W,0,1.5272317,0.3815789520740509,0.028999999165534973,0.004699999932199717
YGR088W,YAL033W,0,1.526587,0.37662336230278015,0.028999999165534973,0.004800000227987766
YFL004W,YLR423C,1,1.5180858,0.38461539149284363,0.029999999329447746,0.004800000227987766
YDR001C,YML063W,0,1.5132185,0.37974682450294495,0.029999999329447746,0.004900000058114529
YHR008C,YGL099W,0,1.4994377,0.375,0.029999999329447746,0.004999999888241291
YKL100C,YOR133W,0,1.4968537,0.37037035822868347,0.029999999329447746,0.005100000184029341
YEL013W,YIL041W,1,1.4965423,0.37804877758026123,0.03099999949336052,0.005100000184029341
YLR251W,YJL145W,0,1.4945925,0.3734939694404602,0.03099999949336052,0.005200000014156103
YGL187C,YLR238W,0,1.4885336,0.369047611951828,0.03099999949336052,0.0052999998442828655
YKL152C,YDR265W,0,1.484105,0.364705890417099,0.03099999949336052,0.005400000140070915
YOL086C,YGR125W,0,1.4737377,0.3604651093482971,0.03099999949336052,0.005499999970197678
YKR071C,YIR039C,0,1.4687829,0.3563218414783478,0.03099999949336052,0.00559999980032444
YNR007C,YHR174W,1,1.468335,0.3636363744735718,0.03200000151991844,0.00559999980032444
YFL004W,YGL004C,0,1.4677416,0.3595505654811859,0.03200000151991844,0.00570000009611249
YPR185W,YOR043W,0,1.4629441,0.35555556416511536,0.03200000151991844,0.005799999926239252
YNL070W,YKR046C,0,1.4624258,0.35164836049079895,0.03200000151991844,0.005900000222027302
YDL191W,YBR241C,0,1.4568632,0.3478260934352875,0.03200000151991844,0.006000000052154064
YLR043C,YLR093C,1,1.4416689,0.35483869910240173,0.032999999821186066,0.006000000052154064
YNL044W,YCR097W,0,1.4353833,0.3510638177394867,0.032999999821186066,0.006099999882280827
YNL297C,YJL172W,0,1.432112,0.34736841917037964,0.032999999821186066,0.006200000178068876
YMR298W,YPR019W,0,1.4313098,0.34375,0.032999999821186066,0.006300000008195639
YOL049W,YJL101C,0,1.4302145,0.34020617604255676,0.032999999821186066,0.006399999838322401
YPL045W,YHR174W,1,1.4213697,0.3469387888908386,0.03400000184774399,0.006399999838322401
YBL078C,YBR105C,1,1.4191636,0.35353535413742065,0.03500000014901161,0.006399999838322401
YBR109C,YGL212W,1,1.4189855,0.36000001430511475,0.035999998450279236,0.006399999838322401
YER011W,YGR001C,0,1.4164885,0.3564356565475464,0.035999998450279236,0.006500000134110451
YEL012W,YPR028W,0,1.4111408,0.3529411852359772,0.035999998450279236,0.006599999964237213
YPL064C,YDR411C,0,1.4084474,0.34951457381248474,0.035999998450279236,0.0066999997943639755
YFL004W,YLR431C,1,1.4017859,0.35576921701431274,0.03700000047683716,0.0066999997943639755
YBR127C,YPL164C,0,1.3933271,0.3523809611797333,0.03700000047683716,0.006800000090152025
YOL045W,YKL085W,0,1.3904569,0.349056601524353,0.03700000047683716,0.006899999920278788
YDR229W,YHR039C-A,1,1.3883573,0.35514017939567566,0.03799999877810478,0.006899999920278788
YFL004W,YLR093C,1,1.3874258,0.3611111044883728,0.039000000804662704,0.006899999920278788
YDR380W,YML106W,0,1.3843176,0.35779815912246704,0.039000000804662704,0.007000000216066837
YEL027W,YGL180W,1,1.383683,0.3636363744735718,0.03999999910593033,0.007000000216066837
YLR396C,YBR006W,0,1.3790597,0.36036035418510437,0.03999999910593033,0.0071000000461936
YAL044C,YIL136W,0,1.3777167,0.3571428656578064,0.03999999910593033,0.007199999876320362
YGR118W,YGL156W,0,1.376268,0.3539822995662689,0.03999999910593033,0.007300000172108412
YNL223W,YDR495C,1,1.3727574,0.359649121761322,0.04100000113248825,0.007300000172108412
YBL050W,YLR396C,1,1.3686483,0.365217387676239,0.041999999433755875,0.007300000172108412
YBL050W,YOR326W,1,1.3597602,0.37068966031074524,0.0430000014603138,0.007300000172108412
YGR001C,YDR453C,0,1.3587557,0.36752137541770935,0.0430000014603138,0.007400000002235174
YLR395C,YIR006C,0,1.3548714,0.3644067943096161,0.0430000014603138,0.007499999832361937
YNL302C,YJL093C,0,1.3516358,0.3613445460796356,0.0430000014603138,0.007600000128149986
YEL013W,YLR043C,1,1.3488942,0.36666667461395264,0.04399999976158142,0.007600000128149986
YLR043C,YBR217W,1,1.3470279,0.3719008266925812,0.04500000178813934,0.007600000128149986
YGR027C,YGL010W,0,1.3462518,0.3688524663448334,0.04500000178813934,0.007699999958276749
YDR270W,YOL002C,0,1.3456159,0.3658536672592163,0.04500000178813934,0.007799999788403511
YML001W,YHR138C,1,1.3438809,0.3709677457809448,0.04600000008940697,0.007799999788403511
YOR284W,YDR382W,0,1.3431786,0.36800000071525574,0.04600000008940697,0.007899999618530273
YPR187W,YDR450W,0,1.3424324,0.3650793731212616,0.04600000008940697,0.00800000037997961
YLR174W,YHR041C,0,1.3388338,0.36220473051071167,0.04600000008940697,0.008100000210106373
YBR210W,YDR353W,0,1.3385779,0.359375,0.04600000008940697,0.008200000040233135
YOL067C,YGR209C,0,1.3293589,0.356589138507843,0.04600000008940697,0.008299999870359898
YKL186C,YMR143W,0,1.3284568,0.35384616255760193,0.04600000008940697,0.00839999970048666
YPL003W,YDR071C,0,1.3264366,0.35114502906799316,0.04600000008940697,0.008500000461935997
YPL194W,YOL120C,0,1.3260523,0.3484848439693451,0.04600000008940697,0.00860000029206276
YBR161W,YIL088C,0,1.3249593,0.3458646535873413,0.04600000008940697,0.008700000122189522
YLL050C,YOR190W,0,1.3184456,0.34328359365463257,0.04600000008940697,0.008799999952316284
YBR018C,YOR265W,0,1.3115287,0.34074074029922485,0.04600000008940697,0.008899999782443047
YOR173W,YPR182W,0,1.3001242,0.3382352888584137,0.04600000008940697,0.008999999612569809
YFL039C,YBR217W,1,1.2999109,0.34306567907333374,0.04699999839067459,0.008999999612569809
YNL079C,YNL242W,1,1.2980133,0.3478260934352875,0.04800000041723251,0.008999999612569809
YHR041C,YOR020C,0,1.295499,0.34532374143600464,0.04800000041723251,0.009100000374019146
YJL157C,YML028W,0,1.2950206,0.34285715222358704,0.04800000041723251,0.009200000204145908
YGL095C,YBR109C,1,1.2947915,0.347517728805542,0.04899999871850014,0.009200000204145908
YER088C,YGL253W,0,1.2945542,0.34507042169570923,0.04899999871850014,0.00930000003427267
YGL212W,YHR039C-A,1,1.293952,0.3496503531932831,0.05000000074505806,0.00930000003427267
YER165W,YGL051W,0,1.2927353,0.3472222089767456,0.05000000074505806,0.009399999864399433
YGR086C,YBL102W,0,1.2904416,0.3448275923728943,0.05000000074505806,0.009499999694526196
YOL158C,YKL216W,0,1.2872212,0.34246575832366943,0.05000000074505806,0.009600000455975533
YML113W,YJL066C,0,1.2862171,0.3401360511779785,0.05000000074505806,0.009700000286102295
YMR250W,YJR063W,0,1.2774336,0.3378378450870514,0.05000000074505806,0.009800000116229057
YLR043C,YBR109C,1,1.2772938,0.34228187799453735,0.050999999046325684,0.009800000116229057
YNL220W,YDR202C,0,1.2751948,0.3400000035762787,0.050999999046325684,0.00989999994635582
YMR284W,YJL079C,0,1.2715698,0.33774834871292114,0.050999999046325684,0.009999999776482582
YLR148W,YFL004W,1,1.2685589,0.34210526943206787,0.052000001072883606,0.009999999776482582
YLR126C,YNL134C,0,1.2671572,0.33986929059028625,0.052000001072883606,0.010099999606609344
YJL066C,YJR135C,0,1.266975,0.33766233921051025,0.052000001072883606,0.010200000368058681
YDR351W,YDL126C,0,1.2652922,0.3354838788509369,0.052000001072883606,0.010300000198185444
YIL015W,YNR036C,0,1.2611914,0.3333333432674408,0.052000001072883606,0.010400000028312206
YBL050W,YJL012C,1,1.2598635,0.337579607963562,0.05299999937415123,0.010400000028312206
YPR187W,YDL079C,0,1.258832,0.33544304966926575,0.05299999937415123,0.010499999858438969
YEL013W,YDR495C,1,1.257592,0.3396226465702057,0.05400000140070915,0.010499999858438969
YAR031W,YAL038W,0,1.2567981,0.3375000059604645,0.05400000140070915,0.010599999688565731
YGR086C,YMR217W,0,1.2534206,0.3354037404060364,0.05400000140070915,0.010700000450015068
YDR409W,YIR037W,0,1.253409,0.3333333432674408,0.05400000140070915,0.01080000028014183
YIL046W,YLR109W,0,1.2497104,0.33128833770751953,0.05400000140070915,0.010900000110268593
YEL013W,YPL045W,1,1.2495602,0.3353658616542816,0.054999999701976776,0.010900000110268593
YML012W,YCR089W,0,1.24667,0.3333333432674408,0.054999999701976776,0.010999999940395355
YGR231C,YLR144C,0,1.2445467,0.3313252925872803,0.054999999701976776,0.011099999770522118
YDL120W,YPL230W,0,1.2429205,0.329341322183609,0.054999999701976776,0.01119999960064888
YNR074C,YDR174W,0,1.2407445,0.3273809552192688,0.054999999701976776,0.011300000362098217
YIL111W,YDR146C,0,1.2404448,0.3254437744617462,0.054999999701976776,0.01140000019222498
YPL060W,YMR012W,0,1.2369951,0.3235294222831726,0.054999999701976776,0.011500000022351742
YHR012W,YBR139W,0,1.2281543,0.32163742184638977,0.054999999701976776,0.011599999852478504
YDR296W,YOR124C,0,1.2271863,0.31976744532585144,0.054999999701976776,0.011699999682605267
YBL078C,YML001W,1,1.2262903,0.323699414730072,0.0560000017285347,0.011699999682605267
YNL134C,YLR447C,0,1.2261941,0.3218390941619873,0.0560000017285347,0.011800000444054604
YCL027W,YNL304W,0,1.2236813,0.3199999928474426,0.0560000017285347,0.011900000274181366
YOR285W,YDR487C,0,1.2191062,0.3181818127632141,0.0560000017285347,0.012000000104308128
YDL110C,YDR454C,0,1.2171245,0.3163841664791107,0.0560000017285347,0.01209999993443489
YLR447C,YHR161C,0,1.2151941,0.31460675597190857,0.0560000017285347,0.012199999764561653
YCL030C,YLR176C,0,1.2146798,0.31284916400909424,0.0560000017285347,0.012299999594688416
YOL117W,YOR063W,0,1.2145174,0.31111112236976624,0.0560000017285347,0.012400000356137753
YPR167C,YJR093C,0,1.2110884,0.3093922734260559,0.0560000017285347,0.012500000186264515
YER030W,YDL170W,0,1.2108799,0.3076923191547394,0.0560000017285347,0.012600000016391277
YBR022W,YKL190W,0,1.2107757,0.3060109317302704,0.0560000017285347,0.01269999984651804
YNL054W,YNL223W,1,1.2064731,0.30978259444236755,0.05700000002980232,0.01269999984651804
YDR229W,YBR217W,1,1.2062001,0.31351351737976074,0.057999998331069946,0.01269999984651804
YCL025C,YIL170W,0,1.2050394,0.31182795763015747,0.057999998331069946,0.012799999676644802
YBR205W,YDR222W,0,1.2014399,0.31016042828559875,0.057999998331069946,0.012900000438094139
YGR251W,YPL017C,0,1.2013339,0.3085106313228607,0.057999998331069946,0.013000000268220901
YML001W,YNL015W,1,1.2003906,0.31216931343078613,0.05900000035762787,0.013000000268220901
YPR026W,YDR492W,0,1.1948935,0.3105263113975525,0.05900000035762787,0.013100000098347664
YDL188C,YGL191W,0,1.1895766,0.30890053510665894,0.05900000035762787,0.013199999928474426
YBR216C,YGR180C,0,1.1889074,0.3072916567325592,0.05900000035762787,0.013299999758601189
YHR010W,YNL134C,0,1.1872185,0.3056994676589966,0.05900000035762787,0.013399999588727951
YJR104C,YML116W,0,1.1867056,0.3041236996650696,0.05900000035762787,0.013500000350177288
YDL110C,YDR298C,0,1.1859558,0.3025641143321991,0.05900000035762787,0.01360000018030405
YOR332W,YBR217W,1,1.1811765,0.30612245202064514,0.05999999865889549,0.01360000018030405
YLL027W,YPL091W,0,1.1804674,0.3045685291290283,0.05999999865889549,0.013700000010430813
YHR039C-A,YNL223W,1,1.1788636,0.3080808222293854,0.061000000685453415,0.013700000010430813
YNL015W,YLR396C,1,1.176093,0.311557799577713,0.06199999898672104,0.013700000010430813
YCL034W,YPL099C,0,1.1727465,0.3100000023841858,0.06199999898672104,0.013799999840557575
YBL078C,YIL048W,1,1.171021,0.31343284249305725,0.06300000101327896,0.013799999840557575
YOR155C,YNL267W,0,1.166261,0.3118811845779419,0.06300000101327896,0.013899999670684338
YFL004W,YBR109C,1,1.1645374,0.31527093052864075,0.06400000303983688,0.013899999670684338
YFL002C,YDR032C,0,1.164071,0.3137255012989044,0.06400000303983688,0.014000000432133675
YCL052C,YJL138C,0,1.1634057,0.3121951222419739,0.06400000303983688,0.014100000262260437
YPL113C,YNL326C,0,1.1629151,0.3106796145439148,0.06400000303983688,0.0142000000923872
YFL018C,YOR256C,0,1.1613833,0.30917873978614807,0.06400000303983688,0.014299999922513962
YEL013W,YBR217W,1,1.161306,0.3125,0.06499999761581421,0.014299999922513962
YMR152W,YER055C,0,1.1610128,0.31100478768348694,0.06499999761581421,0.014399999752640724
YLR431C,YGR254W,1,1.1575497,0.3142857253551483,0.06599999964237213,0.014399999752640724
YGL095C,YNL242W,1,1.1574694,0.31753554940223694,0.06700000166893005,0.014399999752640724
YLL019C,YGR020C,0,1.1569948,0.31603774428367615,0.06700000166893005,0.014499999582767487
YLR003C,YDR380W,0,1.1568284,0.31455397605895996,0.06700000166893005,0.014600000344216824
YJR126C,YML091C,0,1.1553279,0.31308412551879883,0.06700000166893005,0.014700000174343586
YGR167W,YAL058W,0,1.1544806,0.31162789463996887,0.06700000166893005,0.014800000004470348
YGL180W,YOR326W,1,1.1538659,0.31481480598449707,0.06800000369548798,0.014800000004470348
YOR120W,YML010W,0,1.153382,0.31336405873298645,0.06800000369548798,0.01489999983459711
YMR119W,YMR116C,0,1.1533371,0.31192660331726074,0.06800000369548798,0.014999999664723873
YMR238W,YKL100C,0,1.1510615,0.310502290725708,0.06800000369548798,0.01510000042617321
YNL186W,YOL071W,0,1.1498424,0.30909091234207153,0.06800000369548798,0.015200000256299973
YNR007C,YJL012C,1,1.1498154,0.31221720576286316,0.0689999982714653,0.015200000256299973
YDR044W,YMR197C,0,1.1491952,0.31081080436706543,0.0689999982714653,0.015300000086426735
YMR169C,YGR192C,0,1.1479878,0.3094170391559601,0.0689999982714653,0.015399999916553497
YLR372W,YKL193C,0,1.1462572,0.3080357015132904,0.0689999982714653,0.01549999974668026
YHR216W,YML030W,0,1.1395475,0.30666667222976685,0.0689999982714653,0.015599999576807022
YIL048W,YGR254W,1,1.1383353,0.3097345232963562,0.07000000029802322,0.015599999576807022
YFR029W,YDR353W,0,1.1343592,0.30837005376815796,0.07000000029802322,0.015699999406933784
YOR332W,YBR080C,1,1.1339391,0.3114035129547119,0.07100000232458115,0.015699999406933784
YDR155C,YER051W,0,1.1334941,0.31004366278648376,0.07100000232458115,0.015799999237060547
YBL088C,YGL253W,0,1.1295794,0.30869564414024353,0.07100000232458115,0.01590000092983246
YLR401C,YKL035W,0,1.1289892,0.3073593080043793,0.07100000232458115,0.01600000075995922
YBR052C,YIL177C,0,1.1281002,0.30603447556495667,0.07100000232458115,0.016100000590085983
YKL190W,YGL062W,0,1.127472,0.30472102761268616,0.07100000232458115,0.016200000420212746
YBR105C,YHR138C,1,1.1243275,0.3076923191547394,0.07199999690055847,0.016200000420212746
YGR234W,YBR280C,0,1.1239169,0.3063829839229584,0.07199999690055847,0.016300000250339508
YEL002C,YHR029C,0,1.1237229,0.3050847351551056,0.07199999690055847,0.01640000008046627
YAL054C,YKL212W,0,1.1235582,0.3037974536418915,0.07199999690055847,0.016499999910593033
YIL138C,YOR155C,0,1.1220442,0.3025210201740265,0.07199999690055847,0.016599999740719795
YIL138C,YGR254W,1,1.1204889,0.3054393231868744,0.0729999989271164,0.016599999740719795
YGL095C,YGL212W,1,1.1200444,0.3083333373069763,0.07400000095367432,0.016599999740719795
YNL236W,YLR170C,0,1.1191993,0.30705395340919495,0.07400000095367432,0.016699999570846558
YGL095C,YGR209C,1,1.1189393,0.3099173605442047,0.07500000298023224,0.016699999570846558
YNL326C,YPL087W,0,1.1136038,0.3086419701576233,0.07500000298023224,0.01679999940097332
YIR017C,YCR017C,0,1.1078967,0.30737704038619995,0.07500000298023224,0.016899999231100082
YHR034C,YDR462W,0,1.1040349,0.30612245202064514,0.07500000298023224,0.017000000923871994
YBL050W,YNL326C,1,1.1023763,0.30894309282302856,0.07599999755620956,0.017000000923871994
YDR451C,YIR007W,0,1.0996231,0.3076923191547394,0.07599999755620956,0.017100000753998756
YGR023W,YLL043W,0,1.0980436,0.30645161867141724,0.07599999755620956,0.01720000058412552
YLR287C-A,YEL065W,0,1.0970991,0.3052208721637726,0.07599999755620956,0.01730000041425228
YDR155C,YBL017C,0,1.0953513,0.30399999022483826,0.07599999755620956,0.017400000244379044
YPR164W,YOR348C,0,1.0940782,0.3027888536453247,0.07599999755620956,0.017500000074505806
YER074W,YGL002W,0,1.0912893,0.30158731341362,0.07599999755620956,0.01759999990463257
YGR209C,YLR396C,1,1.0890418,0.30434781312942505,0.07699999958276749,0.01759999990463257
YBL078C,YLR148W,1,1.0885168,0.30708661675453186,0.07800000160932541,0.01759999990463257
YEL004W,YPR036W,0,1.0844657,0.30588236451148987,0.07800000160932541,0.01769999973475933
YDR231C,YIL047C,0,1.0832704,0.3046875,0.07800000160932541,0.017799999564886093
YDL180W,YNL016W,0,1.0803655,0.3035019338130951,0.07800000160932541,0.017899999395012856
YBR109C,YOR326W,1,1.0753536,0.3062015473842621,0.07900000363588333,0.017899999395012856
YDR043C,YFL022C,0,1.0726312,0.3050193190574646,0.07900000363588333,0.017999999225139618
YLR421C,YNL007C,0,1.0710722,0.303846150636673,0.07900000363588333,0.01810000091791153
YLR093C,YHR039C-A,1,1.0706118,0.30651339888572693,0.07999999821186066,0.01810000091791153
YEL013W,YBR109C,1,1.0688095,0.3091602921485901,0.08100000023841858,0.01810000091791153
YBL078C,YGR254W,1,1.0685061,0.31178706884384155,0.0820000022649765,0.01810000091791153
YOL058W,YKL100C,0,1.0681727,0.31060606241226196,0.0820000022649765,0.018200000748038292
YDL083C,YOR036W,0,1.0657429,0.3094339668750763,0.0820000022649765,0.018300000578165054
YGL103W,YKR058W,0,1.0614862,0.308270663022995,0.0820000022649765,0.018400000408291817
YBR052C,YGR169C,0,1.0609487,0.3071160912513733,0.0820000022649765,0.01850000023841858
YGL206C,YBR260C,0,1.0605215,0.305970162153244,0.0820000022649765,0.01860000006854534
YDR233C,YNR035C,0,1.0595579,0.30483272671699524,0.0820000022649765,0.018699999898672104
YMR291W,YDR353W,0,1.0592483,0.3037036955356598,0.0820000022649765,0.018799999728798866
YPR132W,YMR240C,0,1.0587239,0.3025830388069153,0.0820000022649765,0.01889999955892563
YNR007C,YAL040C,1,1.0548736,0.30514705181121826,0.08299999684095383,0.01889999955892563
YDL191W,YLR178C,0,1.0429693,0.30402931571006775,0.08299999684095383,0.01899999938905239
YKL152C,YJR130C,0,1.0416983,0.3029197156429291,0.08299999684095383,0.019099999219179153
YER068W,YBR052C,0,1.041262,0.30181819200515747,0.08299999684095383,0.019200000911951065
YOR332W,YLR093C,1,1.0378146,0.30434781312942505,0.08399999886751175,0.019200000911951065
YGL083W,YKL189W,0,1.0370809,0.3032490909099579,0.08399999886751175,0.019300000742077827
YBR199W,YIL080W,0,1.0369507,0.30215826630592346,0.08399999886751175,0.01940000057220459
YLR148W,YNL015W,1,1.0367136,0.30465948581695557,0.08500000089406967,0.01940000057220459
YDR390C,YCL057W,0,1.03595,0.3035714328289032,0.08500000089406967,0.019500000402331352
YDR155C,YDR219C,0,1.0321063,0.30249109864234924,0.08500000089406967,0.019600000232458115
YBL078C,YEL013W,1,1.0286566,0.304964542388916,0.0860000029206276,0.019600000232458115
YGR234W,YIR017C,0,1.0283815,0.30388692021369934,0.0860000029206276,0.019700000062584877
YEL027W,YLR093C,1,1.0282793,0.30633804202079773,0.08699999749660492,0.019700000062584877
YLR380W,YPR005C,0,1.0255558,0.3052631616592407,0.08699999749660492,0.01979999989271164
YNR007C,YNL054W,1,1.0254039,0.3076923191547394,0.08799999952316284,0.01979999989271164
YNL030W,YBR040W,0,1.020305,0.30662021040916443,0.08799999952316284,0.019899999722838402
YGL183C,YEL059C-A,0,1.018825,0.3055555522441864,0.08799999952316284,0.019999999552965164
YDR479C,YHR084W,0,1.0181808,0.30449825525283813,0.08799999952316284,0.020099999383091927
YKR062W,YHR171W,0,1.0141653,0.30344828963279724,0.08799999952316284,0.02019999921321869
YBL089W,YNL178W,0,1.012658,0.3024055063724518,0.08799999952316284,0.0203000009059906
YIL009C-A,YBR050C,0,1.0121182,0.30136987566947937,0.08799999952316284,0.020400000736117363
YNL039W,YPL220W,0,1.0105938,0.30034130811691284,0.08799999952316284,0.020500000566244125
YNL079C,YBR105C,1,1.0086735,0.3027210831642151,0.08900000154972076,0.020500000566244125
YMR090W,YGR276C,0,1.0086547,0.30169492959976196,0.08900000154972076,0.020600000396370888
YBR109C,YAL002W,1,1.0064677,0.30405405163764954,0.09000000357627869,0.020600000396370888
YNL242W,YLR396C,1,1.0061618,0.30639731884002686,0.09099999815225601,0.020600000396370888
YDR067C,YNR001C,0,1.0052093,0.30536913871765137,0.09099999815225601,0.02070000022649765
YPL100W,YHR039C-A,1,1.0051682,0.3076923191547394,0.09200000017881393,0.02070000022649765
YDL132W,YOR230W,0,1.003364,0.30666667222976685,0.09200000017881393,0.020800000056624413
YNL015W,YDR495C,1,1.0018499,0.3089700937271118,0.09300000220537186,0.020800000056624413
YGR037C,YCR023C,0,1.0017033,0.3079470098018646,0.09300000220537186,0.020899999886751175
YEL013W,YLR431C,1,1.0008204,0.3102310299873352,0.09399999678134918,0.020899999886751175
YBR105C,YNL223W,1,0.9997366,0.3125,0.0949999988079071,0.020899999886751175
YLR043C,YLR423C,1,0.9975204,0.31475409865379333,0.09600000083446503,0.020899999886751175
YGR234W,YDR512C,0,0.9969787,0.3137255012989044,0.09600000083446503,0.020999999716877937
YGR209C,YBR080C,1,0.9962464,0.31596091389656067,0.09700000286102295,0.020999999716877937
YOR124C,YER003C,0,0.99614805,0.3149350583553314,0.09700000286102295,0.0210999995470047
YMR172W,YLR043C,0,0.9955093,0.31391584873199463,0.09700000286102295,0.021199999377131462
YJL008C,YGL121C,0,0.9947793,0.3129032254219055,0.09700000286102295,0.021299999207258224
YBL079W,YDL126C,0,0.99100584,0.3118970990180969,0.09700000286102295,0.021400000900030136
YJL157C,YDR293C,0,0.98731476,0.31089743971824646,0.09700000286102295,0.0215000007301569
YML034W,YKL035W,0,0.98576325,0.30990415811538696,0.09700000286102295,0.02160000056028366
YIR003W,YGR159C,0,0.98399603,0.30891719460487366,0.09700000286102295,0.021700000390410423
YHL033C,YAR027W,0,0.9835276,0.30793651938438416,0.09700000286102295,0.021800000220537186
YJL178C,YGR254W,1,0.98330295,0.31012657284736633,0.09799999743700027,0.021800000220537186
YIL138C,YHR174W,1,0.9825169,0.312302827835083,0.0989999994635582,0.021800000220537186
YLR270W,YML074C,0,0.98138356,0.3113207519054413,0.0989999994635582,0.021900000050663948
YBL078C,YMR231W,1,0.9807293,0.31347963213920593,0.10000000149011612,0.021900000050663948
YMR037C,YNL079C,0,0.98048705,0.3125,0.10000000149011612,0.02199999988079071
YML131W,YJR129C,0,0.9800643,0.31152647733688354,0.10000000149011612,0.022099999710917473
YGR198W,YPR160W,0,0.9792515,0.3105590045452118,0.10000000149011612,0.022199999541044235
YMR263W,YCR053W,0,0.973255,0.30959752202033997,0.10000000149011612,0.022299999371170998
YBR084C-A,YAL021C,0,0.97048897,0.3086419701576233,0.10000000149011612,0.02239999920129776
YBR014C,YHR039C-A,0,0.9689036,0.3076923191547394,0.10000000149011612,0.02250000089406967
YNL315C,YJL159W,0,0.968696,0.30674847960472107,0.10000000149011612,0.022600000724196434
YBR110W,YOR321W,0,0.968341,0.3058103919029236,0.10000000149011612,0.022700000554323196
YOR099W,YIL041W,0,0.967084,0.3048780560493469,0.10000000149011612,0.02280000038444996
YNL272C,YDL067C,0,0.96563095,0.3039513826370239,0.10000000149011612,0.02290000021457672
YMR302C,YGL033W,0,0.96421134,0.3030303120613098,0.10000000149011612,0.023000000044703484
YBR287W,YML124C,0,0.96395195,0.3021148145198822,0.10000000149011612,0.023099999874830246
YMR163C,YMR238W,0,0.96115035,0.3012048304080963,0.10000000149011612,0.02319999970495701
YJR145C,YGR125W,0,0.9605318,0.3003003001213074,0.10000000149011612,0.02329999953508377
YDL206W,YLL045C,0,0.95950717,0.299401193857193,0.10000000149011612,0.023399999365210533
YNL208W,YDL227C,0,0.95902693,0.2985074520111084,0.10000000149011612,0.023499999195337296
YML005W,YCR088W,0,0.9559787,0.2976190447807312,0.10000000149011612,0.023600000888109207
YGL245W,YDL188C,0,0.9518122,0.2967359125614166,0.10000000149011612,0.02370000071823597
YKL126W,YPR183W,0,0.9517873,0.2958579957485199,0.10000000149011612,0.023800000548362732
YBL078C,YAL040C,1,0.95043075,0.2979350984096527,0.10100000351667404,0.023800000548362732
YPL094C,YPR191W,0,0.9494856,0.2970588207244873,0.10100000351667404,0.023900000378489494
YGR028W,YDR034C,0,0.9486782,0.2961876690387726,0.10100000351667404,0.024000000208616257
YEL063C,YBL058W,0,0.94808894,0.29532164335250854,0.10100000351667404,0.02410000003874302
YIL048W,YBR109C,1,0.94434255,0.2973760962486267,0.10199999809265137,0.02410000003874302
YNL241C,YOL133W,0,0.9433156,0.29651162028312683,0.10199999809265137,0.02419999986886978
YLR452C,YLL023C,0,0.9419237,0.2956521809101105,0.10199999809265137,0.024299999698996544
YBR109C,YLR396C,1,0.9412336,0.2976878583431244,0.10300000011920929,0.024299999698996544
YLR148W,YHR039C-A,1,0.9400142,0.29971182346343994,0.10400000214576721,0.024299999698996544
YHR174W,YJL108C,0,0.93963724,0.29885056614875793,0.10400000214576721,0.024399999529123306
YDL008W,YLR176C,0,0.93947774,0.2979942560195923,0.10400000214576721,0.02449999935925007
YDR447C,YDL024C,0,0.9382718,0.2971428632736206,0.10400000214576721,0.02459999918937683
YKR103W,YGL229C,0,0.9368578,0.29629629850387573,0.10400000214576721,0.024700000882148743
YNR007C,YPL019C,1,0.93565434,0.2982954680919647,0.10499999672174454,0.024700000882148743
YBL050W,YBR217W,1,0.93404824,0.300283282995224,0.10599999874830246,0.024700000882148743
YBL006C,YGR086C,0,0.93229973,0.299435019493103,0.10599999874830246,0.024800000712275505
YDL195W,YDR177W,0,0.9298919,0.2985915541648865,0.10599999874830246,0.024900000542402267
YGR234W,YLR176C,0,0.92936856,0.2977527976036072,0.10599999874830246,0.02500000037252903
YHR171W,YLL050C,0,0.9279013,0.2969187796115875,0.10599999874830246,0.025100000202655792
YNL147W,YML029W,0,0.9278444,0.29608938097953796,0.10599999874830246,0.025200000032782555
YJR161C,YGL122C,0,0.9263832,0.2952646315097809,0.10599999874830246,0.025299999862909317
YNL127W,YEL037C,0,0.92454344,0.2944444417953491,0.10599999874830246,0.02539999969303608
YJL166W,YBR198C,0,0.92453176,0.2936288118362427,0.10599999874830246,0.025499999523162842
YHR171W,YGR001C,0,0.9240324,0.2928176820278168,0.10599999874830246,0.025599999353289604
YMR268C,YPR098C,0,0.9235538,0.292011022567749,0.10599999874830246,0.025699999183416367
YLR301W,YBR110W,0,0.9232556,0.29120880365371704,0.10599999874830246,0.025800000876188278
YJL012C,YDR229W,1,0.9226408,0.2931506931781769,0.10700000077486038,0.025800000876188278
YJR099W,YJL100W,0,0.9203754,0.2923497259616852,0.10700000077486038,0.02590000070631504
YFL004W,YAL002W,1,0.91894656,0.29427793622016907,0.1080000028014183,0.02590000070631504
YOL056W,YPR028W,0,0.9155034,0.29347825050354004,0.1080000028014183,0.026000000536441803
YNR061C,YBR118W,0,0.91439724,0.2926829159259796,0.1080000028014183,0.026100000366568565
YBL060W,YLR028C,0,0.91434675,0.2918919026851654,0.1080000028014183,0.026200000196695328
YNL270C,YGL168W,0,0.912941,0.29110512137413025,0.1080000028014183,0.02630000002682209
YPL087W,YEL046C,0,0.9112099,0.29032257199287415,0.1080000028014183,0.026399999856948853
YBL078C,YLR396C,1,0.91111314,0.2922252118587494,0.10899999737739563,0.026399999856948853
YHR138C,YLR423C,1,0.91067827,0.29411765933036804,0.10999999940395355,0.026399999856948853
YOL005C,YGR143W,0,0.9090397,0.2933333218097687,0.10999999940395355,0.026499999687075615
YDR012W,YKL189W,0,0.9083863,0.292553186416626,0.10999999940395355,0.026599999517202377
YPL132W,YBR058C-A,0,0.9054315,0.29177719354629517,0.10999999940395355,0.02669999934732914
YOR367W,YER053C,0,0.9041031,0.29100528359413147,0.10999999940395355,0.026799999177455902
YLR396C,YOR386W,0,0.90366656,0.2902374565601349,0.10999999940395355,0.026900000870227814
YEL063C,YPL164C,0,0.90359825,0.28947368264198303,0.10999999940395355,0.027000000700354576
YLR233C,YMR161W,0,0.90318376,0.28871390223503113,0.10999999940395355,0.02710000053048134
YKR067W,YGR106C,0,0.9008468,0.2879581153392792,0.10999999940395355,0.0272000003606081
YMR231W,YIL041W,1,0.9002298,0.2898172438144684,0.11100000143051147,0.0272000003606081
YJR143C,YFR045W,0,0.89995605,0.2890625,0.11100000143051147,0.027300000190734863
YEL004W,YCL030C,0,0.8985931,0.2883116900920868,0.11100000143051147,0.027400000020861626
YEL013W,YML001W,1,0.8955689,0.29015544056892395,0.1120000034570694,0.027400000020861626
YBR145W,YBL046W,0,0.8955515,0.2894056737422943,0.1120000034570694,0.027499999850988388
YIL135C,YGL237C,0,0.8928936,0.2886597812175751,0.1120000034570694,0.02759999968111515
YMR244C-A,YGL166W,0,0.8904908,0.28791773319244385,0.1120000034570694,0.027699999511241913
YBR105C,YNL242W,1,0.8892839,0.2897436022758484,0.11299999803304672,0.027699999511241913
YOR386W,YOR063W,0,0.889275,0.28900256752967834,0.11299999803304672,0.027799999341368675
YGR185C,YLR209C,0,0.8876315,0.28826531767845154,0.11299999803304672,0.027899999171495438
YEL026W,YGL003C,0,0.8872381,0.2875317931175232,0.11299999803304672,0.02800000086426735
YBR105C,YGL212W,1,0.8868375,0.2893401086330414,0.11400000005960464,0.02800000086426735
YOR143C,YDR218C,0,0.8853097,0.2886075973510742,0.11400000005960464,0.02810000069439411
YDR210W,YHR039C-A,0,0.88251066,0.28787878155708313,0.11400000005960464,0.028200000524520874
YML001W,YGR209C,1,0.88124156,0.2896725535392761,0.11500000208616257,0.028200000524520874
YPL081W,YHR161C,0,0.88053894,0.28894472122192383,0.11500000208616257,0.028300000354647636
YPL160W,YPL152W,0,0.88046306,0.2882205545902252,0.11500000208616257,0.0284000001847744
YAL033W,YMR020W,0,0.8788719,0.2874999940395355,0.11500000208616257,0.02850000001490116
YDL149W,YKL051W,1,0.8773672,0.2892768085002899,0.11599999666213989,0.02850000001490116
YDR074W,YMR116C,0,0.8742307,0.2885572016239166,0.11599999666213989,0.028599999845027924
YJL155C,YIL109C,0,0.87213284,0.28784120082855225,0.11599999666213989,0.028699999675154686
YNL015W,YLR043C,1,0.8717454,0.28960394859313965,0.11699999868869781,0.028699999675154686
YOR355W,YGL010W,0,0.87153417,0.2888889014720917,0.11699999868869781,0.02879999950528145
YCR068W,YAL024C,0,0.8699894,0.28817734122276306,0.11699999868869781,0.02889999933540821
YPR004C,YDR030C,0,0.86990565,0.2874692976474762,0.11699999868869781,0.028999999165534973
YHR174W,YNL326C,1,0.8697666,0.28921568393707275,0.11800000071525574,0.028999999165534973
YDR034C,YGR295C,0,0.86871403,0.2885085642337799,0.11800000071525574,0.029100000858306885
YMR291W,YBR235W,0,0.8681858,0.28780487179756165,0.11800000071525574,0.029200000688433647
YGL054C,YOR036W,0,0.86583585,0.28710463643074036,0.11800000071525574,0.02930000051856041
YKL181W,YKL168C,0,0.864694,0.2864077687263489,0.11800000071525574,0.029400000348687172
YDR356W,YGL145W,0,0.864039,0.2857142984867096,0.11800000071525574,0.029500000178813934
YLR110C,YKL218C,0,0.8612844,0.28502416610717773,0.11800000071525574,0.029600000008940697
YGR209C,YLR093C,1,0.86085254,0.2867469787597656,0.11900000274181366,0.029600000008940697
YGL180W,YGL031C,0,0.85943574,0.2860576808452606,0.11900000274181366,0.02969999983906746
YMR150C,YDR032C,0,0.8581384,0.28537169098854065,0.11900000274181366,0.02979999966919422
YML022W,YER095W,0,0.85806876,0.2846890091896057,0.11900000274181366,0.029899999499320984
YLR340W,YML129C,0,0.8580459,0.28400954604148865,0.11900000274181366,0.029999999329447746
YBR142W,YPR184W,0,0.8577301,0.28333333134651184,0.11900000274181366,0.03009999915957451
YHL020C,YLR095C,0,0.85545826,0.2826603353023529,0.11900000274181366,0.03020000085234642
YGL130W,YFR006W,0,0.85381913,0.28199052810668945,0.11900000274181366,0.030300000682473183
YDR071C,YGR006W,0,0.8535593,0.2813238799571991,0.11900000274181366,0.030400000512599945
YNL297C,YPL084W,0,0.85190755,0.28066039085388184,0.11900000274181366,0.030500000342726707
YGL103W,YGL013C,0,0.8502786,0.2800000011920929,0.11900000274181366,0.03060000017285347
YDL075W,YBR126C,0,0.8489102,0.2793427109718323,0.11900000274181366,0.030700000002980232
YIL171W,YHR002W,0,0.84729075,0.2786885201931,0.11900000274181366,0.030799999833106995
YHL036W,YKL022C,0,0.8468438,0.2780373692512512,0.11900000274181366,0.030899999663233757
YFL001W,YMR315W,0,0.84404194,0.2773892879486084,0.11900000274181366,0.03099999949336052
YML001W,YIL041W,1,0.84401107,0.27906978130340576,0.11999999731779099,0.03099999949336052
YIL041W,YLR423C,1,0.84215057,0.28074246644973755,0.12099999934434891,0.03099999949336052
YBL078C,YNL054W,1,0.84195405,0.28240740299224854,0.12200000137090683,0.03099999949336052
YER074W,YOR231W,0,0.8419133,0.2817552089691162,0.12200000137090683,0.031099999323487282
YPL111W,YCR071C,0,0.84028846,0.28110599517822266,0.12200000137090683,0.031199999153614044
YJR094W-A,YDL222C,0,0.8396459,0.28045976161956787,0.12200000137090683,0.031300000846385956
YLR164W,YNL096C,0,0.83948475,0.27981650829315186,0.12200000137090683,0.03139999881386757
YDR006C,YBL099W,0,0.8394219,0.2791762053966522,0.12200000137090683,0.03150000050663948
YKL017C,YNL134C,0,0.83919865,0.2785388231277466,0.12200000137090683,0.031599998474121094
YDL216C,YBL027W,0,0.8390072,0.27790433168411255,0.12200000137090683,0.031700000166893005
YCL063W,YMR231W,1,0.8385693,0.27954545617103577,0.12300000339746475,0.031700000166893005
YGR092W,YPR182W,0,0.8363233,0.2789115607738495,0.12300000339746475,0.03180000185966492
YBR253W,YGL026C,0,0.83586633,0.2782805562019348,0.12300000339746475,0.03189999982714653
YBR105C,YLR043C,1,0.8341456,0.2799097001552582,0.12399999797344208,0.03189999982714653
YEL013W,YLR423C,1,0.8334801,0.28153154253959656,0.125,0.03189999982714653
YOR155C,YCR054C,0,0.8333746,0.2808988690376282,0.125,0.03200000151991844
YGL086W,YEL011W,0,0.8333129,0.280269056558609,0.125,0.032099999487400055
YOR178C,YOL001W,0,0.8323049,0.2796420454978943,0.125,0.03220000118017197
YJL171C,YPL172C,0,0.8305971,0.2790178656578064,0.125,0.03229999914765358
YJR104C,YJR101W,0,0.8292918,0.2783964276313782,0.125,0.03240000084042549
YGR108W,YPR184W,0,0.8275755,0.2777777910232544,0.125,0.032499998807907104
YBL050W,YGR254W,1,0.82693315,0.2793791592121124,0.12600000202655792,0.032499998807907104
YOR312C,YKR057W,0,0.8261235,0.2787610590457916,0.12600000202655792,0.032600000500679016
YNL209W,YDR216W,0,0.82579213,0.2781457006931305,0.12600000202655792,0.03269999846816063
YNL302C,YMR297W,0,0.8211103,0.27753305435180664,0.12600000202655792,0.03280000016093254
YOL026C,YDR216W,0,0.82084864,0.2769230902194977,0.12600000202655792,0.03290000185370445
YNR007C,YGL095C,1,0.8205959,0.2785087823867798,0.12700000405311584,0.03290000185370445
YOR298C-A,YPL030W,0,0.82001036,0.2778993546962738,0.12700000405311584,0.032999999821186066
YFL062W,YDR022C,0,0.8173682,0.2772925794124603,0.12700000405311584,0.03310000151395798
YKL011C,YKL212W,0,0.81713223,0.27668845653533936,0.12700000405311584,0.03319999948143959
YEL013W,YHR174W,1,0.8164075,0.27826085686683655,0.12800000607967377,0.03319999948143959
YJL044C,YBR214W,0,0.8156669,0.27765727043151855,0.12800000607967377,0.0333000011742115
YPL038W,YER001W,0,0.8153242,0.2770562767982483,0.12800000607967377,0.033399999141693115
YGL150C,YBR018C,0,0.8146952,0.27645787596702576,0.12800000607967377,0.03350000083446503
YNL015W,YBR105C,1,0.81297535,0.2780172526836395,0.1289999932050705,0.03350000083446503
YBR102C,YDL140C,0,0.8118858,0.2774193584918976,0.1289999932050705,0.03359999880194664
YPL111W,YHR041C,0,0.8099583,0.276824027299881,0.1289999932050705,0.03370000049471855
YMR231W,YHR174W,1,0.8085665,0.278372585773468,0.12999999523162842,0.03370000049471855
YDR214W,YIL039W,0,0.8058951,0.2777777910232544,0.12999999523162842,0.033799998462200165
YLR423C,YNL326C,1,0.80559784,0.279317706823349,0.13099999725818634,0.033799998462200165
YDR155C,YNL189W,0,0.80547243,0.27872341871261597,0.13099999725818634,0.033900000154972076
YHR039C-A,YOL003C,0,0.80543035,0.2781316339969635,0.13099999725818634,0.03400000184774399
YGR209C,YNL242W,1,0.80478764,0.27966102957725525,0.13199999928474426,0.03400000184774399
YDR424C,YMR152W,0,0.8047206,0.27906978130340576,0.13199999928474426,0.0340999998152256
YGR209C,YJL012C,1,0.80432224,0.2805907130241394,0.13300000131130219,0.0340999998152256
YNL015W,YHR174W,1,0.80373245,0.2821052670478821,0.1340000033378601,0.0340999998152256
YPR184W,YDL178W,0,0.80356604,0.28151261806488037,0.1340000033378601,0.03420000150799751
YBL050W,YBR080C,1,0.80238444,0.2830188572406769,0.13500000536441803,0.03420000150799751
YOR237W,YBR156C,0,0.8021472,0.28242677450180054,0.13500000536441803,0.034299999475479126
YCR077C,YDR139C,0,0.8019807,0.2818371653556824,0.13500000536441803,0.03440000116825104
YKR067W,YKL116C,0,0.80164176,0.28125,0.13500000536441803,0.03449999913573265
YOR174W,YGR281W,0,0.8008372,0.2806652784347534,0.13500000536441803,0.03460000082850456
YDR031W,YJL053W,0,0.80008775,0.2800830006599426,0.13500000536441803,0.034699998795986176
YHR191C,YNL279W,0,0.80003256,0.27950310707092285,0.13500000536441803,0.03480000048875809
YKR008W,YDR402C,0,0.7996647,0.2789256274700165,0.13500000536441803,0.0348999984562397
YLR197W,YDR380W,0,0.79892087,0.27835050225257874,0.13500000536441803,0.03500000014901161
YOL102C,YNL015W,0,0.7963082,0.2777777910232544,0.13500000536441803,0.035100001841783524
YOR066W,YJR016C,0,0.7961084,0.2772074043750763,0.13500000536441803,0.03519999980926514
YLR431C,YLR043C,1,0.79608744,0.2786885201931,0.13600000739097595,0.03519999980926514
YHR183W,YKL168C,0,0.7956975,0.2781186103820801,0.13600000739097595,0.03530000150203705
YGL212W,YBR217W,1,0.79472744,0.279591828584671,0.13699999451637268,0.03530000150203705
YDL149W,YFL004W,1,0.79353124,0.28105905652046204,0.1379999965429306,0.03530000150203705
YNL046W,YCR083W,0,0.79315513,0.2804878056049347,0.1379999965429306,0.03539999946951866
YPL019C,YHR138C,1,0.792533,0.2819472551345825,0.13899999856948853,0.03539999946951866
YJR151C,YGL253W,0,0.7918231,0.28137651085853577,0.13899999856948853,0.03550000116229057
YEL013W,YNL054W,1,0.7918103,0.28282827138900757,0.14000000059604645,0.03550000116229057
YPR043W,YPR004C,0,0.7896511,0.2822580635547638,0.14000000059604645,0.035599999129772186
YBR080C,YGR254W,1,0.7892183,0.28370222449302673,0.14100000262260437,0.035599999129772186
YAL054C,YJL191W,0,0.7878042,0.28313252329826355,0.14100000262260437,0.0357000008225441
YBL050W,YNL054W,1,0.78726095,0.2845691442489624,0.1420000046491623,0.0357000008225441
YMR172W,YLR242C,0,0.7870988,0.2840000092983246,0.1420000046491623,0.03579999879002571
YPL227C,YJR059W,0,0.7860899,0.28343313932418823,0.1420000046491623,0.03590000048279762
YPR185W,YGR155W,0,0.7855764,0.28286853432655334,0.1420000046491623,0.035999998450279236
YEL013W,YNL015W,1,0.78374076,0.2842942476272583,0.14300000667572021,0.035999998450279236
YKR105C,YDL232W,0,0.7822235,0.283730149269104,0.14300000667572021,0.03610000014305115
YKR022C,YGR218W,0,0.7817045,0.28316831588745117,0.14300000667572021,0.03620000183582306
YMR169C,YLR265C,0,0.78098583,0.28260868787765503,0.14300000667572021,0.03629999980330467
YIR009W,YMR297W,0,0.7796955,0.28205129504203796,0.14300000667572021,0.036400001496076584
YLR423C,YDR495C,1,0.77924335,0.28346458077430725,0.14399999380111694,0.036400001496076584
YDL070W,YMR169C,0,0.7792012,0.2829076647758484,0.14399999380111694,0.0364999994635582
YJR143C,YLR164W,0,0.7789108,0.2823529541492462,0.14399999380111694,0.03660000115633011
YDR403W,YMR083W,0,0.77857757,0.28180038928985596,0.14399999380111694,0.03669999912381172
YML051W,YDR322C-A,0,0.7775888,0.28125,0.14399999380111694,0.03680000081658363
YCL033C,YER061C,0,0.7768395,0.28070175647735596,0.14399999380111694,0.03689999878406525
YLR204W,YHR047C,0,0.773663,0.28015562891960144,0.14399999380111694,0.03700000047683716
YKL148C,YNL169C,0,0.7710807,0.27961164712905884,0.14399999380111694,0.03709999844431877
YDR519W,YGR059W,0,0.76971084,0.27906978130340576,0.14399999380111694,0.03720000013709068
YEL013W,YGL095C,1,0.7696355,0.28046420216560364,0.14499999582767487,0.03720000013709068
YMR089C,YDL022W,0,0.76836145,0.2799227833747864,0.14499999582767487,0.037300001829862595
YMR231W,YDR074W,0,0.7680711,0.27938342094421387,0.14499999582767487,0.03739999979734421
YJL214W,YHR041C,0,0.7678436,0.2788461446762085,0.14499999582767487,0.03750000149011612
YGR254W,YDR495C,1,0.7673327,0.280230313539505,0.1459999978542328,0.03750000149011612
YBL057C,YGL156W,0,0.7649105,0.27969348430633545,0.1459999978542328,0.03759999945759773
YJL091C,YHR047C,0,0.7644831,0.27915871143341064,0.1459999978542328,0.037700001150369644
YNL125C,YIL079C,0,0.7628335,0.2786259651184082,0.1459999978542328,0.03779999911785126
YER096W,YDR206W,0,0.76228493,0.2780952453613281,0.1459999978542328,0.03790000081062317
YNL070W,YLR213C,0,0.76205295,0.2775665521621704,0.1459999978542328,0.03799999877810478
YER003C,YOR245C,0,0.76012665,0.27703985571861267,0.1459999978542328,0.038100000470876694
YIR023W,YAR027W,0,0.7581487,0.2765151560306549,0.1459999978542328,0.03819999843835831
YMR235C,YGL259W,0,0.75676143,0.2759924530982971,0.1459999978542328,0.03830000013113022
YIL078W,YBL045C,0,0.75377315,0.27547168731689453,0.1459999978542328,0.03840000182390213
YPR054W,YGL033W,0,0.75363946,0.2749529182910919,0.1459999978542328,0.03849999979138374
YGL148W,YGL010W,0,0.7527213,0.2744360864162445,0.1459999978542328,0.038600001484155655
YDR519W,YFL018C,0,0.75129473,0.2739211916923523,0.1459999978542328,0.03869999945163727
YGR209C,YDR495C,1,0.74887544,0.2752808928489685,0.1469999998807907,0.03869999945163727
YJR099W,YBL030C,0,0.7469933,0.27476635575294495,0.1469999998807907,0.03880000114440918
YLR151C,YEL016C,0,0.74693084,0.2742537260055542,0.1469999998807907,0.03889999911189079
YML001W,YGL180W,1,0.7459962,0.2756052017211914,0.14800000190734863,0.03889999911189079
YBL046W,YER089C,0,0.7459594,0.2750929296016693,0.14800000190734863,0.039000000804662704
YPL099C,YGR157W,0,0.7453641,0.27458256483078003,0.14800000190734863,0.03909999877214432
YLR148W,YDR229W,1,0.74448663,0.2759259343147278,0.14900000393390656,0.03909999877214432
YGR209C,YLR431C,1,0.74349296,0.2772643268108368,0.15000000596046448,0.03909999877214432
YFR015C,YDL198C,0,0.74266213,0.276752769947052,0.15000000596046448,0.03920000046491623
YAR015W,YBR204C,0,0.74241585,0.27624309062957764,0.15000000596046448,0.03929999843239784
YNL079C,YIL041W,1,0.7422964,0.27757352590560913,0.1509999930858612,0.03929999843239784
YCR077C,YMR304W,0,0.74143595,0.2770642340183258,0.1509999930858612,0.039400000125169754
YBL078C,YBR217W,1,0.74055326,0.27838829159736633,0.15199999511241913,0.039400000125169754
YEL013W,YNL242W,1,0.740382,0.27970749139785767,0.15299999713897705,0.039400000125169754
YNL006W,YDL095W,0,0.739566,0.2791970670223236,0.15299999713897705,0.039500001817941666
YGR209C,YLR043C,1,0.7385232,0.2805100083351135,0.15399999916553497,0.039500001817941666
YLR399C,YHR011W,0,0.7379796,0.2800000011920929,0.15399999916553497,0.03959999978542328
YHR105W,YPL218W,0,0.73788023,0.2794918417930603,0.15399999916553497,0.03970000147819519
YKL035W,YER124C,0,0.7356209,0.27898550033569336,0.15399999916553497,0.039799999445676804
YCL011C,YBR294W,0,0.73470277,0.27848100662231445,0.15399999916553497,0.039900001138448715
YLR304C,YPR031W,0,0.73288685,0.2779783308506012,0.15399999916553497,0.03999999910593033
YBR145W,YKL094W,0,0.73241645,0.2774774730205536,0.15399999916553497,0.04010000079870224
YLR093C,YER072W,1,0.73232085,0.27877697348594666,0.1550000011920929,0.04010000079870224
YLR373C,YLR408C,0,0.73157996,0.2782764732837677,0.1550000011920929,0.04019999876618385
YFL004W,YGR209C,1,0.73144156,0.2795698940753937,0.15600000321865082,0.04019999876618385
YDR126W,YNL242W,1,0.7310871,0.2808586657047272,0.15700000524520874,0.04019999876618385
YFR013W,YJR001W,0,0.7294813,0.28035715222358704,0.15700000524520874,0.040300000458955765
YDL130W,YML029W,0,0.72895885,0.2798573970794678,0.15700000524520874,0.04039999842643738
YDR093W,YER035W,0,0.7286977,0.2793594300746918,0.15700000524520874,0.04050000011920929
YBL078C,YDR495C,1,0.72821623,0.2806394398212433,0.15800000727176666,0.04050000011920929
YBR109C,YNL326C,1,0.7271572,0.2819148898124695,0.1589999943971634,0.04050000011920929
YDL017W,YHR104W,0,0.7264473,0.2814159393310547,0.1589999943971634,0.0406000018119812
YNR050C,YGR268C,0,0.72405976,0.2809187173843384,0.1589999943971634,0.040699999779462814
YDR312W,YER106W,0,0.72405475,0.28042328357696533,0.1589999943971634,0.040800001472234726
YOR173W,YJL112W,0,0.7225968,0.27992957830429077,0.1589999943971634,0.04089999943971634
YKL100C,YGL137W,0,0.7225087,0.2794376015663147,0.1589999943971634,0.04100000113248825
YKR098C,YJL225C,0,0.7222851,0.2789473831653595,0.1589999943971634,0.041099999099969864
YER174C,YER095W,0,0.72135836,0.278458833694458,0.1589999943971634,0.041200000792741776
YMR231W,YHR039C-A,1,0.72080606,0.279720276594162,0.1599999964237213,0.041200000792741776
YML049C,YJL108C,0,0.7203019,0.27923211455345154,0.1599999964237213,0.04129999876022339
YDR231C,YPL190C,0,0.72028655,0.2787456512451172,0.1599999964237213,0.0414000004529953
YBL027W,YBR183W,0,0.7189989,0.27826085686683655,0.1599999964237213,0.04149999842047691
YDL149W,YBR109C,1,0.71701914,0.2795138955116272,0.16099999845027924,0.04149999842047691
YIL042C,YGR148C,0,0.71683824,0.2790294587612152,0.16099999845027924,0.041600000113248825
YCL063W,YBL050W,1,0.71568674,0.2802768051624298,0.16200000047683716,0.041600000113248825
YGL095C,YNL223W,1,0.7154518,0.2815198600292206,0.16300000250339508,0.041600000113248825
YHR052W,YLR178C,0,0.71430016,0.2810344696044922,0.16300000250339508,0.04170000180602074
YNL134C,YGL213C,0,0.7133582,0.2805507779121399,0.16300000250339508,0.04179999977350235
YDR142C,YDL078C,0,0.71320873,0.2800687253475189,0.16300000250339508,0.04190000146627426
YDR131C,YJL191W,0,0.7126326,0.27958834171295166,0.16300000250339508,0.041999999433755875
YGR258C,YDR298C,0,0.7117389,0.2791095972061157,0.16300000250339508,0.042100001126527786
YLR074C,YOL104C,0,0.7115686,0.2786324918270111,0.16300000250339508,0.0421999990940094
YMR165C,YGR286C,0,0.711173,0.27815699577331543,0.16300000250339508,0.04230000078678131
YLR148W,YIL041W,1,0.71015507,0.2793866991996765,0.164000004529953,0.04230000078678131
YKL103C,YGL160W,0,0.7091804,0.2789115607738495,0.164000004529953,0.042399998754262924
YDR210W,YJL042W,0,0.7080769,0.2784380316734314,0.164000004529953,0.042500000447034836
YCR096C,YOR337W,0,0.70771104,0.27796611189842224,0.164000004529953,0.04259999841451645
YJL214W,YNL044W,0,0.7071129,0.27749577164649963,0.164000004529953,0.04270000010728836
YIL171W,YGL223C,0,0.706075,0.27702704071998596,0.164000004529953,0.04280000180006027
YJL151C,YLR312W-A,0,0.7047302,0.27655985951423645,0.164000004529953,0.042899999767541885
YIL138C,YJL053W,0,0.70442766,0.2760942876338959,0.164000004529953,0.0430000014603138
YLR390W,YDL099W,0,0.7038327,0.27563026547431946,0.164000004529953,0.04309999942779541
YOR025W,YGR143W,0,0.701019,0.2751677930355072,0.164000004529953,0.04320000112056732
YBR074W,YBL093C,0,0.70062596,0.2747068703174591,0.164000004529953,0.043299999088048935
YAL040C,YLR423C,1,0.6999801,0.27591973543167114,0.16500000655651093,0.043299999088048935
YNL242W,YNL223W,1,0.6997643,0.27712854743003845,0.16599999368190765,0.043299999088048935
YGL095C,YLR043C,1,0.699335,0.2783333361148834,0.16699999570846558,0.043299999088048935
YDR229W,YNL326C,1,0.69570374,0.27953410148620605,0.1679999977350235,0.043299999088048935
YMR083W,YBR006W,0,0.6953364,0.27906978130340576,0.1679999977350235,0.04340000078082085
YHR215W,YLR283W,0,0.69438964,0.27860695123672485,0.1679999977350235,0.04349999874830246
YER072W,YLR423C,1,0.6937625,0.2798013389110565,0.16899999976158142,0.04349999874830246
YBR217W,YGR254W,1,0.69303894,0.28099173307418823,0.17000000178813934,0.04349999874830246
YKL139W,YJL060W,0,0.69261676,0.2805280387401581,0.17000000178813934,0.04360000044107437
YBR139W,YPR182W,0,0.6922881,0.2800658941268921,0.17000000178813934,0.043699998408555984
YIR007W,YDL067C,0,0.6921907,0.27960526943206787,0.17000000178813934,0.043800000101327896
YER091C,YDR380W,0,0.69212085,0.27914613485336304,0.17000000178813934,0.04390000179409981
YMR119W,YOR375C,0,0.6919221,0.2786885201931,0.17000000178813934,0.04399999976158142
YOL067C,YDL245C,0,0.69124025,0.2782323956489563,0.17000000178813934,0.04410000145435333
YDR080W,YLR423C,1,0.6905513,0.27941176295280457,0.17100000381469727,0.04410000145435333
YJR016C,YLR158C,0,0.6905337,0.27895596623420715,0.17100000381469727,0.044199999421834946
YNR028W,YLR350W,0,0.6889035,0.27850162982940674,0.17100000381469727,0.04430000111460686
YPL100W,YBR217W,1,0.6885037,0.27967479825019836,0.1720000058412552,0.04430000111460686
YDR472W,YML070W,0,0.68825793,0.2792207896709442,0.1720000058412552,0.04439999908208847
YBR083W,YDR229W,0,0.687191,0.27876824140548706,0.1720000058412552,0.04450000077486038
YNR007C,YML001W,1,0.68695796,0.2799352705478668,0.17299999296665192,0.04450000077486038
YPL236C,YNL079C,0,0.68600506,0.27948305010795593,0.17299999296665192,0.044599998742341995
YMR042W,YDR116C,0,0.6859281,0.27903226017951965,0.17299999296665192,0.04470000043511391
YOR332W,YMR231W,1,0.68376523,0.2801932394504547,0.17399999499320984,0.04470000043511391
YDL146W,YDR402C,0,0.68355554,0.2797427773475647,0.17399999499320984,0.04479999840259552
YML007W,YMR116C,0,0.6828858,0.2792937457561493,0.17399999499320984,0.04490000009536743
YGR012W,YLR356W,0,0.68276274,0.2788461446762085,0.17399999499320984,0.04500000178813934
YEL036C,YPL190C,0,0.68261343,0.2784000039100647,0.17399999499320984,0.045099999755620956
YHR161C,YER053C,0,0.6796502,0.2779552638530731,0.17399999499320984,0.04520000144839287
YGR295C,YIL109C,0,0.67948383,0.27751195430755615,0.17399999499320984,0.04529999941587448
YDR519W,YBR098W,0,0.6789258,0.2770700752735138,0.17399999499320984,0.04540000110864639
YFL018C,YBR203W,0,0.67681843,0.27662956714630127,0.17399999499320984,0.045499999076128006
YOR231W,YER055C,0,0.6766782,0.27619048953056335,0.17399999499320984,0.04560000076889992
YEL064C,YJL158C,0,0.6764482,0.2757527828216553,0.17399999499320984,0.04569999873638153
YCR096C,YNR001C,0,0.6752983,0.275316447019577,0.17399999499320984,0.04580000042915344
YNL241C,YJL041W,0,0.6739598,0.274881511926651,0.17399999499320984,0.045899998396635056
YPR029C,YPL096W,0,0.672959,0.2744479477405548,0.17399999499320984,0.04600000008940697
YMR189W,YCL052C,0,0.67223924,0.27401575446128845,0.17399999499320984,0.04610000178217888
YKL038W,YHR012W,0,0.6722227,0.27358490228652954,0.17399999499320984,0.04619999974966049
YMR098C,YDR404C,0,0.67095584,0.27315542101860046,0.17399999499320984,0.046300001442432404
YBR274W,YDR298C,0,0.6705728,0.27272728085517883,0.17399999499320984,0.04639999940991402
YLR240W,YBR183W,0,0.6702482,0.27230048179626465,0.17399999499320984,0.04650000110268593
YBL050W,YAL040C,1,0.6695971,0.2734375,0.17499999701976776,0.04650000110268593
YAL017W,YKL103C,0,0.668886,0.27301090955734253,0.17499999701976776,0.04659999907016754
YPL227C,YGL125W,0,0.6683337,0.2725856602191925,0.17499999701976776,0.04670000076293945
YBR021W,YBR234C,0,0.6672587,0.2721617519855499,0.17499999701976776,0.046799998730421066
YIL084C,YER103W,0,0.6672322,0.27173912525177,0.17499999701976776,0.04690000042319298
YCR072C,YMR184W,0,0.6660103,0.27131783962249756,0.17499999701976776,0.04699999839067459
YNL079C,YLR423C,1,0.6647693,0.27244582772254944,0.17599999904632568,0.04699999839067459
YIL048W,YGR209C,1,0.6634394,0.27357032895088196,0.1770000010728836,0.04699999839067459
YHR042W,YDL197C,0,0.6633907,0.27314814925193787,0.1770000010728836,0.0471000000834465
YPL231W,YNL151C,0,0.66328984,0.27272728085517883,0.1770000010728836,0.047200001776218414
YGR163W,YML128C,0,0.66216683,0.27230769395828247,0.1770000010728836,0.04729999974370003
YGR155W,YNL005C,0,0.6611739,0.2718893885612488,0.1770000010728836,0.04740000143647194
YHL044W,YNR031C,0,0.6609518,0.27147239446640015,0.1770000010728836,0.04749999940395355
YHR188C,YBL103C,0,0.6603844,0.2710566520690918,0.1770000010728836,0.047600001096725464
YJL100W,YDR454C,0,0.66031724,0.2706421911716461,0.1770000010728836,0.04769999906420708
YNL315C,YDR104C,0,0.66024584,0.2702290117740631,0.1770000010728836,0.04780000075697899
YKL013C,YOR275C,0,0.6600644,0.2698170840740204,0.1770000010728836,0.0478999987244606
YOR219C,YOR257W,0,0.6598677,0.26940637826919556,0.1770000010728836,0.04800000041723251
YOL086C,YOR126C,0,0.6590658,0.2689969539642334,0.1770000010728836,0.04809999838471413
YML008C,YKL173W,0,0.6569032,0.2685887813568115,0.1770000010728836,0.04820000007748604
YOR068C,YHR174W,1,0.65654737,0.269696980714798,0.17800000309944153,0.04820000007748604
YBR109C,YLR093C,1,0.6560543,0.2708018124103546,0.17900000512599945,0.04820000007748604
YKR087C,YAL005C,0,0.65597075,0.2703927457332611,0.17900000512599945,0.04830000177025795
YKL008C,YLR077W,0,0.65478104,0.2699849307537079,0.17900000512599945,0.04839999973773956
YGL137W,YDR285W,0,0.6544924,0.26957830786705017,0.17900000512599945,0.048500001430511475
YML130C,YER145C,0,0.65431046,0.26917293667793274,0.17900000512599945,0.04859999939799309
YHL033C,YBR125C,0,0.654033,0.2687687575817108,0.17900000512599945,0.048700001090765
YBR087W,YOR149C,0,0.6539115,0.2683658301830292,0.17900000512599945,0.04879999905824661
YOL110W,YNL008C,0,0.6534723,0.26796406507492065,0.17900000512599945,0.048900000751018524
YBL016W,YJR036C,0,0.65289146,0.26756352186203003,0.17900000512599945,0.04899999871850014
YBR105C,YDR229W,1,0.6527451,0.26865673065185547,0.18000000715255737,0.04899999871850014
YPL119C,YFR018C,0,0.651903,0.2682563364505768,0.18000000715255737,0.04910000041127205
YPR032W,YGR277C,0,0.6517132,0.2678571343421936,0.18000000715255737,0.04919999837875366
YDR170C,YOL057W,0,0.65085053,0.26745912432670593,0.18000000715255737,0.049300000071525574
YOR209C,YKL109W,0,0.6506145,0.26706230640411377,0.18000000715255737,0.049400001764297485
YFL048C,YML054C,0,0.65057784,0.2666666805744171,0.18000000715255737,0.0494999997317791
YBR039W,YIL097W,0,0.6502585,0.2662721872329712,0.18000000715255737,0.04960000142455101
YKL174C,YDL174C,0,0.65019643,0.2658788859844208,0.18000000715255737,0.04969999939203262
YOR375C,YIL050W,0,0.649262,0.2654867172241211,0.18000000715255737,0.049800001084804535
YBR217W,YHR174W,1,0.6477358,0.26656848192214966,0.1809999942779541,0.049800001084804535
YNL125C,YGR262C,0,0.64665264,0.2661764621734619,0.1809999942779541,0.04989999905228615
YNL304W,YOL086C,0,0.6461753,0.2657856047153473,0.1809999942779541,0.05000000074505806
YNL241C,YPL144W,0,0.6458953,0.2653958797454834,0.1809999942779541,0.05009999871253967
YGL010W,YOR128C,0,0.645618,0.2650073170661926,0.1809999942779541,0.050200000405311584
YNL106C,YIL158W,0,0.6454957,0.2646198868751526,0.1809999942779541,0.0502999983727932
YKR067W,YDL084W,0,0.64512676,0.2642335891723633,0.1809999942779541,0.05040000006556511
YDR473C,YDL140C,0,0.64249825,0.2638483941555023,0.1809999942779541,0.05050000175833702
YPL064C,YGL059W,0,0.6421157,0.2634643316268921,0.1809999942779541,0.050599999725818634
YNL015W,YBR109C,1,0.6419825,0.2645348906517029,0.18199999630451202,0.050599999725818634
YIL048W,YBL050W,1,0.6417119,0.26560232043266296,0.18299999833106995,0.050599999725818634
YKL035W,YPR118W,0,0.6414765,0.2652173936367035,0.18299999833106995,0.050700001418590546
YEL013W,YGR254W,1,0.6413072,0.26628074049949646,0.18400000035762787,0.050700001418590546
YHR147C,YLR298C,0,0.6408812,0.2658959627151489,0.18400000035762787,0.05079999938607216
YLR431C,YGL212W,1,0.64065856,0.26695525646209717,0.1850000023841858,0.05079999938607216
YFL004W,YLR396C,1,0.6391825,0.26801154017448425,0.1860000044107437,0.05079999938607216
YOR099W,YML091C,0,0.6384179,0.2676258981227875,0.1860000044107437,0.05090000107884407
YER019C-A,YJL073W,0,0.6376875,0.26724138855934143,0.1860000044107437,0.050999999046325684
YHR057C,YNL131W,0,0.63673866,0.26685795187950134,0.1860000044107437,0.051100000739097595
YJL166W,YGL001C,0,0.63657373,0.266475647687912,0.1860000044107437,0.05119999870657921
YGR052W,YMR176W,0,0.6351589,0.2660944163799286,0.1860000044107437,0.05130000039935112
YER054C,YBR125C,0,0.63324386,0.26571428775787354,0.1860000044107437,0.05139999836683273
YLR452C,YIL158W,0,0.6328533,0.26533523201942444,0.1860000044107437,0.051500000059604645
YCR011C,YDR416W,0,0.6322586,0.2649572789669037,0.1860000044107437,0.051600001752376556
YDR171W,YJL158C,0,0.6321164,0.2645803689956665,0.1860000044107437,0.05169999971985817
YOR332W,YGL212W,1,0.63145083,0.265625,0.18700000643730164,0.05169999971985817
YGL212W,YPL019C,1,0.6296912,0.2666666805744171,0.18799999356269836,0.05169999971985817
YLR174W,YPL129W,0,0.6291101,0.26628896594047546,0.18799999356269836,0.05180000141263008
YER184C,YBL064C,0,0.62871045,0.2659122943878174,0.18799999356269836,0.051899999380111694
YML001W,YBL050W,1,0.628643,0.2669491469860077,0.1889999955892563,0.051899999380111694
YNL297C,YGR221C,0,0.6284655,0.26657262444496155,0.1889999955892563,0.052000001072883606
YHR174W,YLR423C,1,0.62627786,0.26760563254356384,0.1899999976158142,0.052000001072883606
YNL007C,YGR231C,0,0.6252824,0.26722925901412964,0.1899999976158142,0.05209999904036522
YOR155C,YPR164W,0,0.6227221,0.266853928565979,0.1899999976158142,0.05220000073313713
YER088C,YKL167C,0,0.6211918,0.2664796710014343,0.1899999976158142,0.052299998700618744
YIL126W,YBL052C,0,0.62063485,0.2661064565181732,0.1899999976158142,0.052400000393390656
YOR293W,YDL101C,0,0.6196564,0.2657342553138733,0.1899999976158142,0.05249999836087227
YGR009C,YDR298C,0,0.61787945,0.2653631269931793,0.1899999976158142,0.05260000005364418
YBL027W,YBR120C,0,0.615778,0.26499301195144653,0.1899999976158142,0.05270000174641609
YNL209W,YDR205W,0,0.6156724,0.2646239697933197,0.1899999976158142,0.052799999713897705
YBL078C,YGL095C,1,0.61547375,0.26564672589302063,0.19099999964237213,0.052799999713897705
YLR330W,YKL116C,0,0.6148255,0.26527777314186096,0.19099999964237213,0.05290000140666962
YHR002W,YDR139C,0,0.6145161,0.2649098336696625,0.19099999964237213,0.05299999937415123
YKL051W,YNL326C,1,0.6135513,0.2659279704093933,0.19200000166893005,0.05299999937415123
YEL027W,YAL002W,1,0.61303586,0.2669433057308197,0.19300000369548798,0.05299999937415123
YLR431C,YFL039C,1,0.6128975,0.26795580983161926,0.1940000057220459,0.05299999937415123
YPL249C,YLR144C,0,0.61281455,0.26758620142936707,0.1940000057220459,0.05310000106692314
YBR105C,YIL138C,1,0.6125212,0.26859503984451294,0.19499999284744263,0.05310000106692314
YEL013W,YGR209C,1,0.6123529,0.26960110664367676,0.19599999487400055,0.05310000106692314
YPL227C,YDR436W,0,0.61218107,0.26923078298568726,0.19599999487400055,0.053199999034404755
YNR061C,YNL242W,0,0.60991895,0.26886144280433655,0.19599999487400055,0.053300000727176666
YPL231W,YDL052C,0,0.60925514,0.2684931457042694,0.19599999487400055,0.05339999869465828
YOL145C,YDR510W,0,0.6085686,0.26812586188316345,0.19599999487400055,0.05350000038743019
YGR209C,YGL180W,1,0.6082587,0.26912567019462585,0.19699999690055847,0.05350000038743019
YNL197C,YJR044C,0,0.6073898,0.26875853538513184,0.19699999690055847,0.053599998354911804
YLR441C,YPL259C,0,0.6065385,0.2683923840522766,0.19699999690055847,0.053700000047683716
YOL013C,YHR084W,0,0.60558665,0.2680272161960602,0.19699999690055847,0.05380000174045563
YGR163W,YBR298C,0,0.60522753,0.26766303181648254,0.19699999690055847,0.05389999970793724
YFL066C,YDL191W,0,0.6047625,0.2672998607158661,0.19699999690055847,0.05400000140070915
YNL209W,YKL096W,0,0.60455936,0.2669376730918884,0.19699999690055847,0.054099999368190765
YFL004W,YBR105C,1,0.6041514,0.26792964339256287,0.1979999989271164,0.054099999368190765
YER044C,YDL227C,0,0.60391474,0.26756757497787476,0.1979999989271164,0.05420000106096268
YLR057W,YBR204C,0,0.60274935,0.26720649003982544,0.1979999989271164,0.05429999902844429
YER088C,YDR533C,0,0.60245746,0.26684635877609253,0.1979999989271164,0.0544000007212162
YDL007W,YDR270W,0,0.6020829,0.2664872109889984,0.1979999989271164,0.054499998688697815
YGR175C,YLL009C,0,0.60190266,0.2661290466785431,0.1979999989271164,0.05460000038146973
YLR103C,YBL003C,0,0.6018245,0.2657718062400818,0.1979999989271164,0.05469999834895134
YFL037W,YOR028C,0,0.60024637,0.2654155492782593,0.1979999989271164,0.05480000004172325
YLR147C,YER103W,0,0.59945935,0.2650602459907532,0.1979999989271164,0.05490000173449516
YDR479C,YPR082C,0,0.5985415,0.2647058963775635,0.1979999989271164,0.054999999701976776
YBR031W,YAL010C,0,0.5984227,0.2643524706363678,0.1979999989271164,0.05510000139474869
YBR185C,YDR138W,0,0.59809035,0.2639999985694885,0.1979999989271164,0.0551999993622303
YDL236W,YMR304W,0,0.5978975,0.26364848017692566,0.1979999989271164,0.05530000105500221
YEL026W,YMR104C,0,0.5958471,0.2632978856563568,0.1979999989271164,0.055399999022483826
YCR079W,YIL015W,0,0.5953001,0.262948215007782,0.1979999989271164,0.05550000071525574
YGL095C,YLR093C,1,0.5948623,0.2639257311820984,0.19900000095367432,0.05550000071525574
YNL242W,YNL326C,1,0.5934737,0.26490065455436707,0.20000000298023224,0.05550000071525574
YDL149W,YLR093C,1,0.59255725,0.2658730149269104,0.20100000500679016,0.05550000071525574
YHR039C-A,YHR138C,1,0.59196633,0.2668428122997284,0.20200000703334808,0.05550000071525574
YAL044C,YCR010C,0,0.5918184,0.26649075746536255,0.20200000703334808,0.05559999868273735
YPR096C,YHR039C-A,0,0.5917743,0.2661396563053131,0.20200000703334808,0.05570000037550926
YNL275W,YOR373W,0,0.591408,0.2657894790172577,0.20200000703334808,0.055799998342990875
YMR239C,YPR184W,0,0.59086984,0.2654401957988739,0.20200000703334808,0.05590000003576279
YGL095C,YMR231W,1,0.59011984,0.2664042115211487,0.2029999941587448,0.05590000003576279
YNL079C,YAL002W,1,0.5897224,0.2673656642436981,0.20399999618530273,0.05590000003576279
YDR337W,YBL061C,0,0.58894974,0.2670156955718994,0.20399999618530273,0.0560000017285347
YML001W,YOR068C,1,0.5882034,0.2679738700389862,0.20499999821186066,0.0560000017285347
YDR033W,YPR070W,0,0.58703244,0.26762402057647705,0.20499999821186066,0.05609999969601631
YDR281C,YGR112W,0,0.586785,0.2672750949859619,0.20499999821186066,0.05620000138878822
YDR228C,YGR192C,0,0.5865346,0.2669270932674408,0.20499999821186066,0.056299999356269836
YAL040C,YIL041W,1,0.5855507,0.2678803503513336,0.20600000023841858,0.056299999356269836
YDR229W,YDR495C,1,0.5854166,0.26883116364479065,0.2070000022649765,0.056299999356269836
YDR072C,YKL094W,0,0.58505464,0.2684824764728546,0.2070000022649765,0.05640000104904175
YGL054C,YER138C,0,0.58377254,0.2681347131729126,0.2070000022649765,0.05649999901652336
YPR005C,YGR163W,0,0.5829932,0.2677878439426422,0.2070000022649765,0.05660000070929527
YJR121W,YML030W,0,0.5824943,0.26744186878204346,0.2070000022649765,0.056699998676776886
YDR358W,YBL011W,0,0.5819921,0.26709678769111633,0.2070000022649765,0.0568000003695488
YBR105C,YLR093C,1,0.5815638,0.2680412232875824,0.20800000429153442,0.0568000003695488
YGR049W,YGR199W,0,0.58096683,0.2676962614059448,0.20800000429153442,0.05689999833703041
YBR164C,YIR007W,0,0.5809599,0.2673521935939789,0.20800000429153442,0.05700000002980232
YMR231W,YLR093C,1,0.57951695,0.26829269528388977,0.20900000631809235,0.05700000002980232
YIL048W,YDR229W,1,0.57925946,0.26923078298568726,0.20999999344348907,0.05700000002980232
YDR304C,YNL009W,0,0.57896894,0.2688860297203064,0.20999999344348907,0.057100001722574234
YNL079C,YNL223W,1,0.5780484,0.2698209583759308,0.210999995470047,0.057100001722574234
YFL024C,YBR050C,0,0.577722,0.26947638392448425,0.210999995470047,0.05719999969005585
YPL094C,YOR007C,0,0.5772423,0.2691326439380646,0.210999995470047,0.05730000138282776
YNL297C,YLR423C,0,0.5768489,0.26878979802131653,0.210999995470047,0.05739999935030937
YDR126W,YAL040C,1,0.57484937,0.2697201073169708,0.21199999749660492,0.05739999935030937
YKR054C,YKL157W,0,0.57463384,0.26937738060951233,0.21199999749660492,0.057500001043081284
YOL033W,YBR079C,0,0.57339555,0.2690355181694031,0.21199999749660492,0.0575999990105629
YGR252W,YOL120C,0,0.57335645,0.26869454979896545,0.21199999749660492,0.05770000070333481
YNL134C,YOL039W,0,0.57174027,0.2683544158935547,0.21199999749660492,0.05779999867081642
YEL009C,YGL051W,0,0.57156235,0.26801517605781555,0.21199999749660492,0.05790000036358833
YEL027W,YLR423C,1,0.57083577,0.26893940567970276,0.21299999952316284,0.05790000036358833
YGR152C,YOR361C,0,0.5701031,0.2686002552509308,0.21299999952316284,0.057999998331069946
YNL147W,YMR315W,0,0.56948763,0.26826196908950806,0.21299999952316284,0.05810000002384186
YPL003W,YDR138W,0,0.5665319,0.2679245173931122,0.21299999952316284,0.05820000171661377
YIL041W,YGR254W,1,0.566513,0.26884421706199646,0.21400000154972076,0.05820000171661377
YNL079C,YGL095C,1,0.566124,0.2697615921497345,0.2150000035762787,0.05820000171661377
YPL223C,YNL049C,0,0.56596404,0.26942354440689087,0.2150000035762787,0.05829999968409538
YGL206C,YML131W,0,0.5656113,0.2690863609313965,0.2150000035762787,0.058400001376867294
YMR025W,YPL227C,0,0.5651277,0.26875001192092896,0.2150000035762787,0.05849999934434891
YLL001W,YML073C,0,0.5648659,0.2684144675731659,0.2150000035762787,0.05860000103712082
YDL174C,YPL060W,0,0.5645238,0.2680797874927521,0.2150000035762787,0.05869999900460243
YJR014W,YPL017C,0,0.56063133,0.2677459418773651,0.2150000035762787,0.058800000697374344
YJL144W,YML124C,0,0.56053233,0.267412930727005,0.2150000035762787,0.05889999866485596
YLR246W,YOR128C,0,0.5603858,0.26708075404167175,0.2150000035762787,0.05900000035762787
YLR431C,YHR174W,1,0.55986917,0.2679900825023651,0.2160000056028366,0.05900000035762787
YBR195C,YHR215W,0,0.55974394,0.267657995223999,0.2160000056028366,0.05909999832510948
YER026C,YDR538W,0,0.5580707,0.2673267424106598,0.2160000056028366,0.05920000001788139
YDL110C,YPR156C,0,0.5575753,0.266996294260025,0.2160000056028366,0.059300001710653305
YLR431C,YHR039C-A,1,0.5567428,0.2679012417793274,0.21699999272823334,0.059300001710653305
YOR150W,YDR146C,0,0.5550745,0.2675709128379822,0.21699999272823334,0.05939999967813492
YNL079C,YMR231W,1,0.55329776,0.26847290992736816,0.21799999475479126,0.05939999967813492
YBR080C,YIL138C,1,0.5530706,0.26937270164489746,0.21899999678134918,0.05939999967813492
YHR176W,YDR409W,0,0.55300957,0.2690417766571045,0.21899999678134918,0.05950000137090683
YLR340W,YDL126C,0,0.55271167,0.268711656332016,0.21899999678134918,0.05959999933838844
YBR128C,YKL184W,0,0.5483044,0.26838234066963196,0.21899999678134918,0.059700001031160355
YER172C,YEL036C,0,0.5481948,0.2680538594722748,0.21899999678134918,0.05979999899864197
YER174C,YLR133W,0,0.5481324,0.2677261531352997,0.21899999678134918,0.05990000069141388
YDR033W,YMR197C,0,0.5479819,0.26739928126335144,0.21899999678134918,0.05999999865889549
YGL095C,YLR423C,1,0.54792976,0.26829269528388977,0.2199999988079071,0.05999999865889549
YBL055C,YOR221C,0,0.5452741,0.2679658830165863,0.2199999988079071,0.060100000351667404
YHR107C,YGR125W,0,0.5448751,0.2676399052143097,0.2199999988079071,0.06019999831914902
YCR012W,YGR058W,0,0.543795,0.26731470227241516,0.2199999988079071,0.06030000001192093
YPL206C,YGR195W,0,0.54359055,0.2669903039932251,0.2199999988079071,0.06040000170469284
YDR162C,YGL121C,0,0.5434652,0.2666666805744171,0.2199999988079071,0.060499999672174454
YIL048W,YDR408C,0,0.54339725,0.2663438320159912,0.2199999988079071,0.060600001364946365
YOR124C,YHR005C-A,0,0.54214823,0.2660217583179474,0.2199999988079071,0.06069999933242798
YNL252C,YDR371W,0,0.5418717,0.26570048928260803,0.2199999988079071,0.06080000102519989
YPL231W,YOR123C,0,0.5418546,0.26537996530532837,0.2199999988079071,0.0608999989926815
YBR210W,YDL010W,0,0.53975236,0.2650602459907532,0.2199999988079071,0.061000000685453415
YKL195W,YDR354W,0,0.53964806,0.26474127173423767,0.2199999988079071,0.06109999865293503
YLR148W,YGL180W,1,0.5388902,0.265625,0.22100000083446503,0.06109999865293503
YDL149W,YGL095C,1,0.5363988,0.2665066123008728,0.22200000286102295,0.06109999865293503
YOR229W,YGL153W,0,0.53619844,0.26618704199790955,0.22200000286102295,0.06120000034570694
YCR026C,YFR019W,0,0.5360583,0.26586827635765076,0.22200000286102295,0.06129999831318855
YLR396C,YKL189W,0,0.53598344,0.2655502259731293,0.22200000286102295,0.061400000005960464
YFR032C-A,YPL240C,0,0.535826,0.26523298025131226,0.22200000286102295,0.061500001698732376
YNR040W,YBR264C,0,0.5353443,0.26491647958755493,0.22200000286102295,0.06159999966621399
YGR072W,YGL259W,0,0.5350394,0.2646007239818573,0.22200000286102295,0.0617000013589859
YDR369C,YOL072W,0,0.5348639,0.26428571343421936,0.22200000286102295,0.061799999326467514
YBR058C-A,YBR126C,0,0.5330025,0.2639714479446411,0.22200000286102295,0.061900001019239426
YLR043C,YGR254W,1,0.53234106,0.264845609664917,0.22300000488758087,0.061900001019239426
YER150W,YPL066W,0,0.53227925,0.2645314335823059,0.22300000488758087,0.06199999898672104
YBR164C,YNL091W,0,0.5318764,0.2642180025577545,0.22300000488758087,0.06210000067949295
YJL178C,YHR138C,1,0.531736,0.2650887668132782,0.2240000069141388,0.06210000067949295
YGR262C,YML054C,0,0.53166085,0.26477542519569397,0.2240000069141388,0.062199998646974564
YGL095C,YHR138C,1,0.53152084,0.265643447637558,0.22499999403953552,0.062199998646974564
YGR101W,YGL095C,0,0.5311964,0.2653301954269409,0.22499999403953552,0.062300000339746475
YMR100W,YBR222C,0,0.53053814,0.26501765847206116,0.22499999403953552,0.06239999830722809
YPL094C,YNR043W,0,0.5304013,0.2647058963775635,0.22499999403953552,0.0625
YDR527W,YMR092C,0,0.53022134,0.2643948197364807,0.22499999403953552,0.06260000169277191
YIL124W,YJL042W,0,0.5293115,0.26408451795578003,0.22499999403953552,0.06270000338554382
YOL056W,YGL125W,0,0.52854925,0.26377490162849426,0.22499999403953552,0.06279999762773514
YDL149W,YNL054W,1,0.52826285,0.2646369934082031,0.22599999606609344,0.06279999762773514
YDR402C,YPR163C,0,0.5274182,0.2643274962902069,0.22599999606609344,0.06289999932050705
YLR229C,YPR023C,0,0.5268967,0.2640186846256256,0.22599999606609344,0.06300000101327896
YML001W,YLR396C,1,0.52644235,0.26487746834754944,0.22699999809265137,0.06300000101327896
YER022W,YBR183W,0,0.5259102,0.2645687758922577,0.22699999809265137,0.06310000270605087
YGL095C,YKL051W,1,0.5255125,0.265424907207489,0.2280000001192093,0.06310000270605087
YFL050C,YLL050C,0,0.5252739,0.26511627435684204,0.2280000001192093,0.06319999694824219
YGR132C,YMR116C,0,0.5251277,0.2648083567619324,0.2280000001192093,0.0632999986410141
YMR291W,YEL020C,0,0.5239055,0.26450115442276,0.2280000001192093,0.06340000033378601
YML078W,YGL059W,0,0.52297145,0.26419466733932495,0.2280000001192093,0.06350000202655792
YBR215W,YLR013W,0,0.522316,0.2638888955116272,0.2280000001192093,0.06360000371932983
YDL195W,YML121W,0,0.52129394,0.26358380913734436,0.2280000001192093,0.06369999796152115
YGL122C,YML078W,0,0.52119714,0.26327943801879883,0.2280000001192093,0.06379999965429306
YBR073W,YMR058W,0,0.5209125,0.2629757821559906,0.2280000001192093,0.06390000134706497
YPL045W,YIL041W,1,0.5209026,0.2638248801231384,0.2290000021457672,0.06390000134706497
YGL212W,YIL041W,1,0.52084184,0.26467204093933105,0.23000000417232513,0.06390000134706497
YBL050W,YGR209C,1,0.51972306,0.2655172348022461,0.23100000619888306,0.06390000134706497
YOR222W,YLR225C,0,0.5192825,0.26521238684654236,0.23100000619888306,0.06400000303983688
YML069W,YJR051W,0,0.51877606,0.2649082541465759,0.23100000619888306,0.0640999972820282
YPR009W,YDR358W,0,0.51805896,0.2646048069000244,0.23100000619888306,0.06419999897480011
YAL002W,YBR217W,1,0.5170264,0.2654462158679962,0.23199999332427979,0.06419999897480011
YLL039C,YDR064W,0,0.5164102,0.26514285802841187,0.23199999332427979,0.06430000066757202
YML001W,YGL212W,1,0.51484376,0.2659817337989807,0.2329999953508377,0.06430000066757202
YNL079C,YBR080C,1,0.5147517,0.26681870222091675,0.23399999737739563,0.06430000066757202
YGR084C,YNL071W,0,0.51469284,0.2665148079395294,0.23399999737739563,0.06440000236034393
YDR477W,YIR008C,0,0.5144879,0.266211599111557,0.23399999737739563,0.06449999660253525
YOR332W,YNL223W,1,0.5140167,0.2670454680919647,0.23499999940395355,0.06449999660253525
YOR096W,YKR058W,0,0.51321715,0.2667423486709595,0.23499999940395355,0.06459999829530716
YDL239C,YNL284C,0,0.51238793,0.26643991470336914,0.23499999940395355,0.06469999998807907
YIL048W,YGL095C,1,0.51229423,0.26727065443992615,0.23600000143051147,0.06469999998807907
YDL017W,YGL259W,0,0.5119087,0.26696833968162537,0.23600000143051147,0.06480000168085098
YER054C,YLR424W,0,0.51184744,0.2666666805744171,0.23600000143051147,0.0649000033736229
YAL062W,YNL242W,0,0.5109307,0.2663656771183014,0.23600000143051147,0.06499999761581421
YIR021W,YMR034C,0,0.5106408,0.266065388917923,0.23600000143051147,0.06509999930858612
YMR162C,YBR139W,0,0.51039493,0.2657657563686371,0.23600000143051147,0.06520000100135803
YEL013W,YBR105C,1,0.50978476,0.2665916681289673,0.2370000034570694,0.06520000100135803
YEL027W,YDL077C,1,0.5095628,0.26741573214530945,0.23800000548362732,0.06520000100135803
YFL054C,YMR083W,0,0.50910336,0.26711559295654297,0.23800000548362732,0.06530000269412994
YJR091C,YHR041C,0,0.50814956,0.2668161392211914,0.23800000548362732,0.06539999693632126
YGR241C,YPR167C,0,0.5079548,0.26651737093925476,0.23800000548362732,0.06549999862909317
YBR066C,YAL063C,0,0.50774324,0.26621922850608826,0.23800000548362732,0.06560000032186508
YOL111C,YGR249W,0,0.50625545,0.26592180132865906,0.23800000548362732,0.065700002014637
YML001W,YBR080C,1,0.5061282,0.2667410671710968,0.23899999260902405,0.065700002014637
YMR092C,YOR230W,0,0.5058469,0.2664436995983124,0.23899999260902405,0.0658000037074089
YGR215W,YNL336W,0,0.5057036,0.2661469876766205,0.23899999260902405,0.06589999794960022
YGR198W,YJL063C,0,0.50481135,0.2658509314060211,0.23899999260902405,0.06599999964237213
YLR256W,YJL158C,0,0.5047153,0.26555556058883667,0.23899999260902405,0.06610000133514404
YER072W,YHR138C,1,0.504289,0.2663707137107849,0.23999999463558197,0.06610000133514404
YNL070W,YLR106C,0,0.5040714,0.26607540249824524,0.23999999463558197,0.06620000302791595
YIL076W,YHL008C,0,0.5025224,0.2657807171344757,0.23999999463558197,0.06629999727010727
YLR186W,YDL197C,0,0.5024736,0.2654867172241211,0.23999999463558197,0.06639999896287918
YLR035C,YDL055C,0,0.5015247,0.265193372964859,0.23999999463558197,0.06650000065565109
YDL181W,YJL063C,0,0.50091153,0.26490065455436707,0.23999999463558197,0.066600002348423
YBR110W,YML026C,0,0.5005678,0.26460859179496765,0.23999999463558197,0.06669999659061432
YFR032C-A,YPL087W,0,0.50010437,0.26431718468666077,0.23999999463558197,0.06679999828338623
YDR358W,YMR024W,0,0.4996429,0.264026403427124,0.23999999463558197,0.06689999997615814
YDR043C,YPR035W,0,0.49936444,0.2637362778186798,0.23999999463558197,0.06700000166893005
YOR076C,YGL047W,0,0.49851364,0.26344674825668335,0.23999999463558197,0.06710000336170197
YKR067W,YBR018C,0,0.4981076,0.2631579041481018,0.23999999463558197,0.06719999760389328
YGL065C,YGL253W,0,0.49766093,0.262869656085968,0.23999999463558197,0.06729999929666519
YDR314C,YPL154C,0,0.49617487,0.26258206367492676,0.23999999463558197,0.0674000009894371
YMR251W-A,YDR090C,0,0.4955536,0.26229506731033325,0.23999999463558197,0.06750000268220901
YBL050W,YER072W,1,0.49487787,0.26310044527053833,0.2409999966621399,0.06750000268220901
YML048W,YKR069W,0,0.4946223,0.2628135085105896,0.2409999966621399,0.06759999692440033
YOL038W,YPL258C,0,0.49448496,0.2625272274017334,0.2409999966621399,0.06769999861717224
YGR070W,YPL144W,0,0.49397546,0.26224157214164734,0.2409999966621399,0.06780000030994415
YBL098W,YOL071W,0,0.4939245,0.26195651292800903,0.2409999966621399,0.06790000200271606
YML001W,YGL095C,1,0.49371618,0.2627578675746918,0.24199999868869781,0.06790000200271606
YDL078C,YJL156C,0,0.49223238,0.26247289776802063,0.24199999868869781,0.06800000369548798
YOR332W,YFL004W,1,0.49202138,0.26327192783355713,0.24300000071525574,0.06800000369548798
YFL039C,YLR396C,1,0.49146086,0.26406925916671753,0.24400000274181366,0.06800000369548798
YDR117C,YCR030C,0,0.49145877,0.2637837827205658,0.24400000274181366,0.06809999793767929
YPL271W,YJL071W,0,0.49104887,0.2634989321231842,0.24400000274181366,0.0681999996304512
YGL226C-A,YKL168C,0,0.49100548,0.26321467757225037,0.24400000274181366,0.06830000132322311
YDL246C,YDR090C,0,0.49050987,0.26293104887008667,0.24400000274181366,0.06840000301599503
YDL021W,YDR195W,0,0.48993075,0.2626480162143707,0.24400000274181366,0.06849999725818634
YDR219C,YBR035C,0,0.489748,0.26236557960510254,0.24400000274181366,0.06859999895095825
YAR050W,YDR342C,0,0.48895192,0.2620837688446045,0.24400000274181366,0.06870000064373016
YOR098C,YGR231C,0,0.48885298,0.2618025839328766,0.24400000274181366,0.06880000233650208
YPL045W,YPL019C,1,0.48884565,0.2625937759876251,0.24500000476837158,0.06880000233650208
YDR027C,YBL099W,0,0.48854584,0.2623126208782196,0.24500000476837158,0.06889999657869339
YJL194W,YBL098W,0,0.48724455,0.26203209161758423,0.24500000476837158,0.0689999982714653
YLR396C,YHR138C,1,0.48696423,0.2628205120563507,0.2460000067949295,0.0689999982714653
YJL148W,YPR191W,0,0.48690343,0.2625400125980377,0.2460000067949295,0.06909999996423721
YBR122C,YNR023W,0,0.48674452,0.2622601389884949,0.2460000067949295,0.06920000165700912
YBL050W,YIL041W,1,0.48648304,0.2630457878112793,0.24699999392032623,0.06920000165700912
YIL041W,YKL051W,1,0.48639703,0.2638297975063324,0.24799999594688416,0.06920000165700912
YGR209C,YLR423C,1,0.48620874,0.2646121084690094,0.24899999797344208,0.06920000165700912
YIL080W,YMR276W,0,0.48591048,0.26433122158050537,0.24899999797344208,0.06930000334978104
YLR325C,YHR119W,0,0.4853589,0.2640509009361267,0.24899999797344208,0.06939999759197235
YLL052C,YNL014W,0,0.48507255,0.2637711763381958,0.24899999797344208,0.06949999928474426
YHR045W,YER184C,0,0.48468345,0.26349207758903503,0.24899999797344208,0.06960000097751617
YHL033C,YGL170C,0,0.48425967,0.26321354508399963,0.24899999797344208,0.06970000267028809
YEL058W,YOL129W,0,0.48401132,0.2629355788230896,0.24899999797344208,0.0697999969124794
YBL078C,YIL138C,1,0.4838345,0.2637130916118622,0.25,0.0697999969124794
YHR057C,YLR148W,0,0.48369697,0.2634351849555969,0.25,0.06989999860525131
YDR229W,YER072W,1,0.48174173,0.2642105221748352,0.25099998712539673,0.06989999860525131
YNL092W,YBR235W,0,0.48133898,0.2639327049255371,0.25099998712539673,0.07000000029802322
YEL016C,YMR092C,0,0.4809568,0.2636554539203644,0.25099998712539673,0.07010000199079514
YIL131C,YKL107W,0,0.48041004,0.2633787989616394,0.25099998712539673,0.07020000368356705
YNR004W,YMR268C,0,0.4798895,0.2631027400493622,0.25099998712539673,0.07029999792575836
YJR088C,YER036C,0,0.47814038,0.26282721757888794,0.25099998712539673,0.07039999961853027
YPL026C,YBR098W,0,0.47788215,0.26255229115486145,0.25099998712539673,0.07050000131130219
YMR139W,YDL095W,0,0.4777376,0.2622779607772827,0.25099998712539673,0.0706000030040741
YPL159C,YPL249C-A,0,0.4775303,0.26200416684150696,0.25099998712539673,0.07069999724626541
YKR039W,YBR024W,0,0.47752485,0.26173096895217896,0.25099998712539673,0.07079999893903732
YJL160C,YML088W,0,0.47724995,0.2614583373069763,0.25099998712539673,0.07090000063180923
YLL005C,YDL161W,0,0.4769562,0.26118627190589905,0.25099998712539673,0.07100000232458115
YPR080W,YGR263C,0,0.47695535,0.26091477274894714,0.25099998712539673,0.07109999656677246
YOR326W,YIL041W,1,0.47640705,0.2616822421550751,0.25200000405311584,0.07109999656677246
YCR030C,YLR314C,0,0.47444868,0.26141080260276794,0.25200000405311584,0.07119999825954437
YDR037W,YER050C,0,0.47420338,0.2611398994922638,0.25200000405311584,0.07129999995231628
YLR396C,YLR423C,1,0.47404644,0.261904776096344,0.2529999911785126,0.07129999995231628
YPR108W,YBR050C,0,0.47286078,0.2616339325904846,0.2529999911785126,0.0714000016450882
YOL040C,YIL125W,0,0.4713216,0.2613636255264282,0.2529999911785126,0.07150000333786011
YFL039C,YDR229W,1,0.4707731,0.2621259093284607,0.2540000081062317,0.07150000333786011
YDR214W,YNL283C,0,0.47073203,0.2618556618690491,0.2540000081062317,0.07159999758005142
YDR371W,YGR171C,0,0.47072285,0.2615859806537628,0.2540000081062317,0.07169999927282333
YHR186C,YDR529C,0,0.47061974,0.26131686568260193,0.2540000081062317,0.07180000096559525
YPR035W,YMR109W,0,0.4704513,0.2610483169555664,0.2540000081062317,0.07190000265836716
YLR043C,YHR039C-A,1,0.4702295,0.26180699467658997,0.2549999952316284,0.07190000265836716
YOR234C,YBR082C,0,0.4695772,0.26153847575187683,0.2549999952316284,0.07199999690055847
YDR258C,YJL159W,0,0.46810225,0.2612704932689667,0.2549999952316284,0.07209999859333038
YML123C,YOL043C,0,0.4676192,0.2610030770301819,0.2549999952316284,0.0722000002861023
YOR322C,YDR031W,0,0.46761486,0.2607361972332001,0.2549999952316284,0.0723000019788742
YGR209C,YBR109C,1,0.4674446,0.2614913284778595,0.25600001215934753,0.0723000019788742
YER013W,YOR211C,0,0.4669088,0.2612244784832001,0.25600001215934753,0.07240000367164612
YPL087W,YDR090C,0,0.46684653,0.260958194732666,0.25600001215934753,0.07249999791383743
YOR122C,YNL050C,0,0.46666887,0.2606924772262573,0.25600001215934753,0.07259999960660934
YJL164C,YNL314W,0,0.46473166,0.2604272663593292,0.25600001215934753,0.07270000129938126
YLL039C,YDR128W,0,0.46466178,0.2601625919342041,0.25600001215934753,0.07280000299215317
YJR089W,YGR157W,0,0.46389192,0.25989848375320435,0.25600001215934753,0.07289999723434448
YGR067C,YLL038C,0,0.46319544,0.2596348822116852,0.25600001215934753,0.0729999989271164
YOR374W,YOL158C,0,0.46221483,0.2593718469142914,0.25600001215934753,0.0731000006198883
YLR163C,YBR058C-A,0,0.46157753,0.2591093182563782,0.25600001215934753,0.07320000231266022
YDR218C,YGR002C,0,0.4615493,0.25884732604026794,0.25600001215934753,0.07329999655485153
YBL050W,YNL015W,1,0.4614177,0.25959596037864685,0.25699999928474426,0.07329999655485153
YPR201W,YIR022W,0,0.46095482,0.259333997964859,0.25699999928474426,0.07339999824762344
YFL053W,YPL091W,0,0.46092123,0.25907257199287415,0.25699999928474426,0.07349999994039536
YDL214C,YJL028W,0,0.46039635,0.25881168246269226,0.25699999928474426,0.07360000163316727
YPL271W,YGR277C,0,0.46023187,0.25855129957199097,0.25699999928474426,0.07370000332593918
YER130C,YFL066C,0,0.4597716,0.25829145312309265,0.25699999928474426,0.0737999975681305
YHR047C,YDR489W,0,0.45946184,0.2580321431159973,0.25699999928474426,0.0738999992609024
YPL150W,YDR003W,0,0.4591921,0.2577733099460602,0.25699999928474426,0.07400000095367432
YFR013W,YBR240C,0,0.4577576,0.2575150430202484,0.25699999928474426,0.07410000264644623
YBL017C,YGR277C,0,0.45762363,0.25725725293159485,0.25699999928474426,0.07419999688863754
YNR007C,YNL242W,1,0.45728463,0.257999986410141,0.257999986410141,0.07419999688863754
YHR167W,YPR005C,0,0.4570711,0.2577422559261322,0.257999986410141,0.07429999858140945
YLR278C,YML042W,0,0.45692658,0.257485032081604,0.257999986410141,0.07440000027418137
YOR349W,YLL009C,0,0.45541793,0.2572283148765564,0.257999986410141,0.07450000196695328
YMR303C,YHR104W,0,0.4551946,0.2569721043109894,0.257999986410141,0.07460000365972519
YML046W,YOR292C,0,0.45374006,0.25671643018722534,0.257999986410141,0.0746999979019165
YNL073W,YNL035C,0,0.45236823,0.2564612329006195,0.257999986410141,0.07479999959468842
YPR125W,YHR207C,0,0.4522776,0.25620654225349426,0.257999986410141,0.07490000128746033
YFR052W,YGR125W,0,0.45206872,0.255952388048172,0.257999986410141,0.07500000298023224
YMR077C,YKL096W-A,0,0.4512238,0.25569871068000793,0.257999986410141,0.07509999722242355
YHL047C,YCR083W,0,0.44990498,0.25544553995132446,0.257999986410141,0.07519999891519547
YDR014W,YBR135W,0,0.44971925,0.2551928758621216,0.257999986410141,0.07530000060796738
YBL101C,YJL081C,0,0.44940972,0.2549407184123993,0.257999986410141,0.07540000230073929
YBL098W,YML012W,0,0.44917998,0.2546890377998352,0.257999986410141,0.0754999965429306
YKL108W,YLR163C,0,0.44838524,0.2544378638267517,0.257999986410141,0.07559999823570251
YER012W,YBR139W,0,0.44794637,0.2541871964931488,0.257999986410141,0.07569999992847443
YMR244C-A,YDR315C,0,0.44790214,0.2539370059967041,0.257999986410141,0.07580000162124634
YNL079C,YNR007C,1,0.44777587,0.2546705901622772,0.2590000033378601,0.07580000162124634
YGL012W,YDR460W,0,0.44776788,0.2544204294681549,0.2590000033378601,0.07590000331401825
YKL025C,YBR082C,0,0.44740814,0.2541707456111908,0.2590000033378601,0.07599999755620956
YHR116W,YJL158C,0,0.44717115,0.2539215683937073,0.2590000033378601,0.07609999924898148
YDR080W,YIL041W,1,0.44583744,0.2546522915363312,0.25999999046325684,0.07609999924898148
YDR251W,YPR183W,0,0.44564947,0.25440314412117004,0.25999999046325684,0.07620000094175339
YNL242W,YLR093C,1,0.44560158,0.25513195991516113,0.26100000739097595,0.07620000094175339
YLR148W,YBR109C,1,0.4452956,0.255859375,0.2619999945163727,0.07620000094175339
YML001W,YHR039C-A,1,0.4451052,0.25658535957336426,0.2630000114440918,0.07620000094175339
YLR148W,YEL027W,1,0.44501194,0.2573099434375763,0.2639999985694885,0.07620000094175339
YDR082W,YBR084C-A,0,0.44408232,0.25705939531326294,0.2639999985694885,0.0763000026345253
YER004W,YKL216W,0,0.4428854,0.2568093240261078,0.2639999985694885,0.07639999687671661
YNL138W,YER122C,0,0.44277143,0.2565597593784332,0.2639999985694885,0.07649999856948853
YPL101W,YHL034C,0,0.44232398,0.25631067156791687,0.2639999985694885,0.07660000026226044
YPL100W,YDR080W,1,0.44168144,0.25703200697898865,0.26499998569488525,0.07660000026226044
YGL212W,YHR174W,1,0.4416742,0.2577519416809082,0.26600000262260437,0.07660000026226044
YNL015W,YPL019C,1,0.44069517,0.25847047567367554,0.2669999897480011,0.07660000026226044
YDL126C,YNL122C,0,0.43960193,0.25822049379348755,0.2669999897480011,0.07670000195503235
YOR070C,YPL081W,0,0.4393971,0.25797101855278015,0.2669999897480011,0.07680000364780426
YMR142C,YOL043C,0,0.43904585,0.25772202014923096,0.2669999897480011,0.07689999788999557
YCR079W,YPL020C,0,0.43820435,0.2574734687805176,0.2669999897480011,0.07699999958276749
YNL015W,YJL012C,1,0.43774652,0.25818881392478943,0.2680000066757202,0.07699999958276749
YKL086W,YHR135C,0,0.4374437,0.2579403221607208,0.2680000066757202,0.0771000012755394
YNR040W,YDR143C,0,0.4372556,0.2576923072338104,0.2680000066757202,0.07720000296831131
YOR010C,YBL090W,0,0.43672526,0.2574447691440582,0.2680000066757202,0.07729999721050262
YMR070W,YMR054W,0,0.4366082,0.25719770789146423,0.2680000066757202,0.07739999890327454
YJR092W,YLR028C,0,0.43601745,0.25695109367370605,0.2680000066757202,0.07750000059604645
YOL111C,YBR080C,0,0.434902,0.25670498609542847,0.2680000066757202,0.07760000228881836
YOR069W,YKR018C,0,0.43440804,0.2564593255519867,0.2680000066757202,0.07769999653100967
YOR122C,YGL203C,0,0.43369135,0.2562141418457031,0.2680000066757202,0.07779999822378159
YMR109W,YPL112C,0,0.43361175,0.25596943497657776,0.2680000066757202,0.0778999999165535
YGL211W,YOR389W,0,0.43347576,0.2557252049446106,0.2680000066757202,0.07800000160932541
YJR005W,YKL107W,0,0.4332916,0.25548142194747925,0.2680000066757202,0.07810000330209732
YHR116W,YMR257C,0,0.43273988,0.2552380859851837,0.2680000066757202,0.07819999754428864
YGL095C,YLR431C,1,0.43183643,0.25594672560691833,0.26899999380111694,0.07819999754428864
YLR148W,YGL095C,1,0.43171436,0.2566539943218231,0.27000001072883606,0.07819999754428864
YOL071W,YOR274W,0,0.43129155,0.25641027092933655,0.27000001072883606,0.07829999923706055
YGR209C,YDR080W,1,0.43008432,0.25711575150489807,0.2709999978542328,0.07829999923706055
YDL044C,YBL092W,0,0.4292659,0.2568720281124115,0.2709999978542328,0.07840000092983246
YEL013W,YOR265W,0,0.42903894,0.25662878155708313,0.2709999978542328,0.07850000262260437
YNL304W,YBL016W,0,0.42849386,0.25638601183891296,0.2709999978542328,0.07859999686479568
YNL336W,YLL029W,0,0.42748937,0.2561436593532562,0.2709999978542328,0.0786999985575676
YBR164C,YER001W,0,0.42720005,0.2559017837047577,0.2709999978542328,0.07880000025033951
YPL265W,YDL130W,0,0.4271015,0.25566038489341736,0.2709999978542328,0.07890000194311142
YCR030C,YBR048W,0,0.4265216,0.25541940331459045,0.2709999978542328,0.07900000363588333
YBR010W,YGR008C,0,0.42644525,0.25517889857292175,0.2709999978542328,0.07909999787807465
YJL204C,YOR368W,0,0.4263428,0.25493884086608887,0.2709999978542328,0.07919999957084656
YIL042C,YHR123W,0,0.42632967,0.2546992599964142,0.2709999978542328,0.07930000126361847
YGR287C,YIR003W,0,0.42630252,0.25446009635925293,0.2709999978542328,0.07940000295639038
YKL096W,YOR242C,0,0.42611343,0.2542213797569275,0.2709999978542328,0.0794999971985817
YHR004C,YMR128W,0,0.42607802,0.25398313999176025,0.2709999978542328,0.07959999889135361
YLL001W,YPL259C,0,0.4256166,0.25374531745910645,0.2709999978542328,0.07970000058412552
YPL047W,YBR264C,0,0.42551395,0.25350794196128845,0.2709999978542328,0.07980000227689743
YLR340W,YHL009C,0,0.4253139,0.2532710134983063,0.2709999978542328,0.07989999651908875
YDR462W,YOR393W,0,0.42501995,0.2530345618724823,0.2709999978542328,0.07999999821186066
YPL026C,YHR028C,0,0.42441946,0.25279849767684937,0.2709999978542328,0.08009999990463257
YKL152C,YER106W,0,0.42429042,0.25256291031837463,0.2709999978542328,0.08020000159740448
YGR090W,YNL335W,0,0.42418486,0.25232774019241333,0.2709999978542328,0.08030000329017639
YEL013W,YFL039C,1,0.4233955,0.25302326679229736,0.2720000147819519,0.08030000329017639
YPL113C,YNR061C,0,0.4231351,0.25278809666633606,0.2720000147819519,0.0803999975323677
YNL264C,YKL148C,0,0.42225304,0.25255340337753296,0.2720000147819519,0.08049999922513962
YOL030W,YNR028W,0,0.4214989,0.2523190975189209,0.2720000147819519,0.08060000091791153
YBR170C,YMR121C,0,0.42082873,0.25208526849746704,0.2720000147819519,0.08070000261068344
YHR141C,YML027W,0,0.4194359,0.2518518567085266,0.2720000147819519,0.08079999685287476
YIL041W,YNL223W,1,0.4192419,0.25254392623901367,0.27300000190734863,0.08079999685287476
YLR440C,YGR029W,0,0.41890472,0.25231054425239563,0.27300000190734863,0.08089999854564667
YDL065C,YLR047C,0,0.4182889,0.25207754969596863,0.27300000190734863,0.08100000023841858
YLR151C,YGL137W,0,0.41768092,0.25184503197669983,0.27300000190734863,0.08110000193119049
YML118W,YJR158W,0,0.41678685,0.25161290168762207,0.27300000190734863,0.0812000036239624
YEL002C,YDR018C,0,0.41649926,0.2513812184333801,0.27300000190734863,0.08129999786615372
YMR188C,YNL101W,0,0.4164061,0.2511499524116516,0.27300000190734863,0.08139999955892563
YIR039C,YDR495C,0,0.41580126,0.2509191036224365,0.27300000190734863,0.08150000125169754
YBR142W,YNR002C,0,0.41440827,0.25068870186805725,0.27300000190734863,0.08160000294446945
YLR289W,YDR511W,0,0.41387972,0.2504587173461914,0.27300000190734863,0.08169999718666077
YPR184W,YDR177W,0,0.41355026,0.250229150056839,0.27300000190734863,0.08179999887943268
YBR195C,YDL082W,0,0.41312295,0.25,0.27300000190734863,0.08190000057220459
YHR141C,YBR068C,0,0.41280448,0.24977126717567444,0.27300000190734863,0.0820000022649765
YKL130C,YGL121C,0,0.41277447,0.2495429664850235,0.27300000190734863,0.08209999650716782
YLL028W,YNL099C,0,0.41260356,0.2493150681257248,0.27300000190734863,0.08219999819993973
YDR118W,YCR011C,0,0.4122454,0.24908758699893951,0.27300000190734863,0.08229999989271164
YML001W,YDR495C,1,0.41106102,0.2497721016407013,0.27399998903274536,0.08229999989271164
YDL206W,YGL130W,0,0.41092172,0.24954462051391602,0.27399998903274536,0.08240000158548355
YIL095W,YNL077W,0,0.41035426,0.24931755661964417,0.27399998903274536,0.08250000327825546
YGL253W,YDR368W,0,0.41020793,0.24909090995788574,0.27399998903274536,0.08259999752044678
YNL071W,YIR017C,0,0.41017962,0.24886466562747955,0.27399998903274536,0.08269999921321869
YCL030C,YOR298C-A,0,0.40991405,0.2486388385295868,0.27399998903274536,0.0828000009059906
YPL206C,YLL052C,0,0.40982533,0.24841341376304626,0.27399998903274536,0.08290000259876251
YIL168W,YDR166C,0,0.40890205,0.24818840622901917,0.27399998903274536,0.08299999684095383
YAL040C,YOR068C,1,0.40875697,0.24886877834796906,0.2750000059604645,0.08299999684095383
YOR293W,YOR386W,0,0.40807906,0.24864375591278076,0.2750000059604645,0.08309999853372574
YCR028C-A,YMR086W,0,0.40803134,0.2484191507101059,0.2750000059604645,0.08320000022649765
YBR145W,YPR006C,0,0.40787202,0.24819494783878326,0.2750000059604645,0.08330000191926956
YGR054W,YNL231C,0,0.4077326,0.24797114729881287,0.2750000059604645,0.08340000361204147
YIL138C,YHR039C-A,1,0.40757194,0.24864864349365234,0.2759999930858612,0.08340000361204147
YNL015W,YBR217W,1,0.4074904,0.24932493269443512,0.2770000100135803,0.08340000361204147
YLR026C,YLR144C,0,0.40655226,0.2491007149219513,0.2770000100135803,0.08349999785423279
YCL063W,YDR294C,0,0.40631264,0.2488769143819809,0.2770000100135803,0.0835999995470047
YOR096W,YBR199W,0,0.40631148,0.24865350127220154,0.2770000100135803,0.08370000123977661
YDR033W,YDR162C,0,0.40620434,0.24843049049377441,0.2770000100135803,0.08380000293254852
YOL120C,YJL213W,0,0.40416393,0.24820788204669952,0.2770000100135803,0.08389999717473984
YLR148W,YCL063W,1,0.40403962,0.24888093769550323,0.27799999713897705,0.08389999717473984
YIL041W,YHR023W,0,0.40389436,0.24865831434726715,0.27799999713897705,0.08399999886751175
YLR204W,YPL027W,0,0.40303144,0.2484361082315445,0.27799999713897705,0.08410000056028366
YNR027W,YMR315W,0,0.40256712,0.24821428954601288,0.27799999713897705,0.08420000225305557
YDR012W,YLR144C,0,0.40246436,0.2479928582906723,0.27799999713897705,0.08429999649524689
YNL026W,YER022W,0,0.4023605,0.24777182936668396,0.27799999713897705,0.0843999981880188
YDL232W,YHL024W,0,0.40213782,0.24755120277404785,0.27799999713897705,0.08449999988079071
YPL249C,YBL055C,0,0.40149122,0.24733096361160278,0.27799999713897705,0.08460000157356262
YDR088C,YBL030C,0,0.40138027,0.24711111187934875,0.27799999713897705,0.08470000326633453
YDL149W,YOR068C,1,0.4005359,0.2477797567844391,0.27900001406669617,0.08470000326633453
YNL302C,YFR019W,0,0.40033558,0.24755989015102386,0.27900001406669617,0.08479999750852585
YNL293W,YAR018C,0,0.39998478,0.24734042584896088,0.27900001406669617,0.08489999920129776
YHL007C,YNR074C,0,0.3997373,0.24712134897708893,0.27900001406669617,0.08500000089406967
YNR007C,YOR068C,1,0.39972007,0.24778760969638824,0.2800000011920929,0.08500000089406967
YPL112C,YDR033W,0,0.39923465,0.2475685179233551,0.2800000011920929,0.08510000258684158
YKL217W,YEL013W,0,0.39798716,0.2473498284816742,0.2800000011920929,0.0851999968290329
YEL013W,YBL050W,1,0.3967194,0.24801412224769592,0.2809999883174896,0.0851999968290329
YIL084C,YKR008W,0,0.39534897,0.24779541790485382,0.2809999883174896,0.08529999852180481
YHR042W,YDR392W,0,0.3945055,0.24757708609104156,0.2809999883174896,0.08540000021457672
YHR115C,YBR040W,0,0.39440212,0.24735915660858154,0.2809999883174896,0.08550000190734863
YDL149W,YNL326C,1,0.39268678,0.24802111089229584,0.28200000524520874,0.08550000190734863
YEL027W,YLR386W,1,0.3924626,0.248681902885437,0.28299999237060547,0.08550000190734863
YLR307W,YDR252W,0,0.3918853,0.24846357107162476,0.28299999237060547,0.08560000360012054
YCR003W,YDR389W,0,0.39152175,0.24824561178684235,0.28299999237060547,0.08569999784231186
YDR158W,YNL050C,0,0.39146006,0.24802803993225098,0.28299999237060547,0.08579999953508377
YDR476C,YPL037C,0,0.39142957,0.24781085550785065,0.28299999237060547,0.08590000122785568
YAL055W,YIL108W,0,0.3902942,0.24759404361248016,0.28299999237060547,0.0860000029206276
YDR470C,YPR107C,0,0.39023924,0.24737761914730072,0.28299999237060547,0.08609999716281891
YCL063W,YGL212W,1,0.3900289,0.24803493916988373,0.2840000092983246,0.08609999716281891
YGL054C,YLR144C,0,0.39002353,0.2478184998035431,0.2840000092983246,0.08619999885559082
YLR043C,YLR396C,1,0.3895226,0.24847428500652313,0.2849999964237213,0.08619999885559082
YML026C,YLR047C,0,0.38868746,0.2482578456401825,0.2849999964237213,0.08630000054836273
YOR175C,YGR035C,0,0.3879283,0.2480417788028717,0.2849999964237213,0.08640000224113464
YDR197W,YER089C,0,0.38790262,0.24782608449459076,0.2849999964237213,0.08649999648332596
YOR285W,YGR227W,0,0.38778389,0.24761077761650085,0.2849999964237213,0.08659999817609787
YHR003C,YPR080W,0,0.38771155,0.2473958283662796,0.2849999964237213,0.08669999986886978
YGR209C,YAL002W,1,0.387365,0.2480485737323761,0.28600001335144043,0.08669999986886978
YPR035W,YNL264C,0,0.38725072,0.24783362448215485,0.28600001335144043,0.0868000015616417
YGL185C,YDR231C,0,0.38698024,0.24761904776096344,0.28600001335144043,0.0869000032544136
YER026C,YKR071C,0,0.38697478,0.24740484356880188,0.28600001335144043,0.08699999749660492
YER174C,YDL204W,0,0.38694808,0.24719101190567017,0.28600001335144043,0.08709999918937683
YHR026W,YDR047W,0,0.3869118,0.2469775527715683,0.28600001335144043,0.08720000088214874
YMR011W,YAR003W,0,0.386411,0.24676445126533508,0.28600001335144043,0.08730000257492065
YIL042C,YJL140W,0,0.38554993,0.2465517222881317,0.28600001335144043,0.08739999681711197
YGR247W,YPL033C,0,0.38513088,0.2463393658399582,0.28600001335144043,0.08749999850988388
YPL045W,YKL051W,1,0.38340634,0.2469879537820816,0.28700000047683716,0.08749999850988388
YML028W,YGR063C,0,0.38332057,0.2467755824327469,0.28700000047683716,0.08760000020265579
YDR080W,YGR254W,1,0.3830856,0.24742268025875092,0.2879999876022339,0.08760000020265579
YGL212W,YNL326C,1,0.382083,0.2480686753988266,0.289000004529953,0.08760000020265579
YDR408C,YHR001W,0,0.381625,0.24785591661930084,0.289000004529953,0.0877000018954277
YOL028C,YHL008C,0,0.38162017,0.24764353036880493,0.289000004529953,0.08780000358819962
YMR244C-A,YIR009W,0,0.3813157,0.24743150174617767,0.289000004529953,0.08789999783039093
YJL124C,YHR091C,0,0.3807465,0.24721984565258026,0.289000004529953,0.08799999952316284
YLR373C,YCR093W,0,0.38056415,0.2470085471868515,0.289000004529953,0.08810000121593475
YGL172W,YNL128W,0,0.38044238,0.2467976063489914,0.289000004529953,0.08820000290870667
YKR068C,YFL031W,0,0.3799594,0.24658703804016113,0.289000004529953,0.08829999715089798
YJR044C,YER051W,0,0.37994325,0.24637681245803833,0.289000004529953,0.08839999884366989
YPR016C,YBR073W,0,0.3799431,0.24616694450378418,0.289000004529953,0.0885000005364418
YHR207C,YBR234C,0,0.37802535,0.24595744907855988,0.289000004529953,0.08860000222921371
YDR456W,YHR132C,0,0.37800604,0.24574829638004303,0.289000004529953,0.08869999647140503
YGR105W,YKL203C,0,0.37684566,0.24553950130939484,0.289000004529953,0.08879999816417694
YGL212W,YDR518W,0,0.37674206,0.2453310638666153,0.289000004529953,0.08889999985694885
YOL105C,YOR388C,0,0.37537193,0.2451229840517044,0.289000004529953,0.08900000154972076
YBR039W,YOR077W,0,0.3749143,0.24491524696350098,0.289000004529953,0.08910000324249268
YIL080W,YPR160W,0,0.37393147,0.2447078675031662,0.289000004529953,0.08919999748468399
YLR414C,YLR071C,0,0.37387323,0.24450084567070007,0.289000004529953,0.0892999991774559
YDR233C,YJL159W,0,0.37252355,0.2442941665649414,0.289000004529953,0.08940000087022781
YLR090W,YDR155C,0,0.37235907,0.2440878450870514,0.289000004529953,0.08950000256299973
YGL147C,YMR179W,0,0.3723153,0.24388185143470764,0.289000004529953,0.08959999680519104
YJL172W,YGL068W,0,0.37187737,0.24367621541023254,0.289000004529953,0.08969999849796295
YEL052W,YOL054W,0,0.37176186,0.2434709370136261,0.289000004529953,0.08980000019073486
YGR059W,YOL057W,0,0.37173834,0.24326598644256592,0.289000004529953,0.08990000188350677
YPR192W,YHR013C,0,0.3711837,0.2430613934993744,0.289000004529953,0.09000000357627869
YMR109W,YDR267C,0,0.37048537,0.24285714328289032,0.289000004529953,0.09009999781847
YJR094W-A,YDL017W,0,0.37019777,0.2426532357931137,0.289000004529953,0.09019999951124191
YIL122W,YGL033W,0,0.37018138,0.24244967103004456,0.289000004529953,0.09030000120401382
YBR179C,YDL191W,0,0.3695975,0.24224643409252167,0.289000004529953,0.09040000289678574
YMR292W,YPR204W,0,0.36944306,0.24204355478286743,0.289000004529953,0.09049999713897705
YHL027W,YJR017C,0,0.3689148,0.24184100329875946,0.289000004529953,0.09059999883174896
YOR332W,YGL095C,1,0.3683191,0.24247491359710693,0.28999999165534973,0.09059999883174896
YMR281W,YPR063C,0,0.36814755,0.24227234721183777,0.28999999165534973,0.09070000052452087
YML001W,YKL051W,1,0.36747387,0.24290484189987183,0.29100000858306885,0.09070000052452087
YJL025W,YAL013W,0,0.36663815,0.24270224571228027,0.29100000858306885,0.09080000221729279
YNL115C,YBR104W,0,0.36629352,0.24250000715255737,0.29100000858306885,0.0908999964594841
YPR162C,YNR043W,0,0.36617887,0.24229808151721954,0.29100000858306885,0.09099999815225601
YJR135C,YER103W,0,0.3660016,0.24209649860858917,0.29100000858306885,0.09109999984502792
YOL105C,YOR216C,0,0.36595893,0.24189525842666626,0.29100000858306885,0.09120000153779984
YNL064C,YHR011W,0,0.36577272,0.2416943460702896,0.29100000858306885,0.09130000323057175
YIL129C,YPL242C,0,0.36422953,0.24149377644062042,0.29100000858306885,0.09139999747276306
YDL214C,YGR116W,0,0.36416984,0.2412935346364975,0.29100000858306885,0.09149999916553497
YDR210W,YLR176C,0,0.36386466,0.24109362065792084,0.29100000858306885,0.09160000085830688
YDL146W,YMR087W,0,0.36373273,0.24089403450489044,0.29100000858306885,0.0917000025510788
YMR292W,YKR003W,0,0.36368924,0.2406947910785675,0.29100000858306885,0.09179999679327011
YGR185C,YLR176C,0,0.36359358,0.24049586057662964,0.29100000858306885,0.09189999848604202
YNL175C,YPL095C,0,0.3634125,0.24029727280139923,0.29100000858306885,0.09200000017881393
YGR209C,YHR174W,1,0.36327013,0.24092409014701843,0.2919999957084656,0.09200000017881393
YDR254W,YJR110W,0,0.3631546,0.24072547256946564,0.2919999957084656,0.09210000187158585
YLR192C,YER184C,0,0.36304414,0.2405271828174591,0.2919999957084656,0.09220000356435776
YIL093C,YDR171W,0,0.36293247,0.24032922089099884,0.2919999957084656,0.09229999780654907
YDL192W,YNL003C,0,0.3626145,0.24013157188892365,0.2919999957084656,0.09239999949932098
YOR141C,YPL200W,0,0.35991287,0.2399342656135559,0.2919999957084656,0.0925000011920929
YCL063W,YFL004W,1,0.3595939,0.24055829644203186,0.2930000126361847,0.0925000011920929
YGR206W,YBR080C,0,0.35936442,0.24036094546318054,0.2930000126361847,0.09260000288486481
YNL225C,YMR047C,0,0.3592622,0.24016393721103668,0.2930000126361847,0.09269999712705612
YGR207C,YOR228C,0,0.35891724,0.2399672418832779,0.2930000126361847,0.09279999881982803
YLR395C,YOR194C,0,0.35842985,0.23977087438106537,0.2930000126361847,0.09290000051259995
YML072C,YKL096W,0,0.35828745,0.23957481980323792,0.2930000126361847,0.09300000220537186
YJL177W,YDL045C,0,0.35747197,0.23937907814979553,0.2930000126361847,0.09309999644756317
YAL002W,YHR039C-A,1,0.35675162,0.23999999463558197,0.2939999997615814,0.09309999644756317
YPL100W,YHR174W,1,0.35618898,0.24061989784240723,0.29499998688697815,0.09309999644756317
YDR034C,YDR085C,0,0.3554562,0.2404237985610962,0.29499998688697815,0.09319999814033508
YDR385W,YBL058W,0,0.35467756,0.24022801220417023,0.29499998688697815,0.093299999833107
YPR080W,YLR025W,0,0.35408708,0.24003255367279053,0.29499998688697815,0.0934000015258789
YDL083C,YNL223W,0,0.3533088,0.2398373931646347,0.29499998688697815,0.09350000321865082
YML022W,YLR136C,0,0.35254514,0.23964256048202515,0.29499998688697815,0.09359999746084213
YKL130C,YNL003C,0,0.35205895,0.23944805562496185,0.29499998688697815,0.09369999915361404
YDL207W,YGR295C,0,0.3508866,0.23925384879112244,0.29499998688697815,0.09380000084638596
YHR136C,YDL194W,0,0.35046536,0.23905996978282928,0.29499998688697815,0.09390000253915787
YJL012C,YHR174W,1,0.3502932,0.2396761178970337,0.29600000381469727,0.09390000253915787
YMR154C,YDL174C,0,0.34960067,0.23948219418525696,0.29600000381469727,0.09399999678134918
YKL008C,YNL099C,0,0.349342,0.2392885982990265,0.29600000381469727,0.0940999984741211
YNL146W,YNL106C,0,0.3492408,0.2390953153371811,0.29600000381469727,0.094200000166893
YLR297W,YHR027C,0,0.3486925,0.23890234529972076,0.29600000381469727,0.09430000185966492
YER075C,YPR183W,0,0.34813088,0.23870967328548431,0.29600000381469727,0.09440000355243683
YIL041W,YNL326C,1,0.34733337,0.23932312428951263,0.296999990940094,0.09440000355243683
YBL039C,YHR109W,0,0.3459425,0.239130437374115,0.296999990940094,0.09449999779462814
YJL044C,YJL036W,0,0.3444841,0.23893804848194122,0.296999990940094,0.09459999948740005
YDR390C,YPR160W,0,0.3442859,0.23874598741531372,0.296999990940094,0.09470000118017197
YGL095C,YBR105C,1,0.34391293,0.23935742676258087,0.2980000078678131,0.09470000118017197
YEL047C,YDR196C,0,0.34388357,0.23916533589363098,0.2980000078678131,0.09480000287294388
YFL054C,YJL219W,0,0.34351033,0.23897354304790497,0.2980000078678131,0.09489999711513519
YFL039C,YLR423C,1,0.34345758,0.2395833283662796,0.29899999499320984,0.09489999711513519
YPR042C,YFL018C,0,0.34339613,0.2393915206193924,0.29899999499320984,0.0949999988079071
YBL069W,YLR206W,0,0.34318164,0.23919999599456787,0.29899999499320984,0.09510000050067902
YAL040C,YKL051W,1,0.34300578,0.23980815708637238,0.30000001192092896,0.09510000050067902
YNL242W,YIL041W,1,0.34271944,0.24041533470153809,0.3009999990463257,0.09510000050067902
YOR149C,YDR454C,0,0.34228975,0.2402234673500061,0.3009999990463257,0.09520000219345093
YDR402C,YGR200C,0,0.34210056,0.240031898021698,0.3009999990463257,0.09529999643564224
YIL041W,YDR495C,1,0.3417979,0.24063745141029358,0.3019999861717224,0.09529999643564224
YJL141C,YBR018C,0,0.34116793,0.24044586718082428,0.3019999861717224,0.09539999812841415
YDR512C,YJL030W,0,0.34092134,0.24025458097457886,0.3019999861717224,0.09549999982118607
YNL107W,YDR304C,0,0.34085995,0.2400635927915573,0.3019999861717224,0.09560000151395798
YBR294W,YJL063C,0,0.3387857,0.23987291753292084,0.3019999861717224,0.09570000320672989
YEL013W,YGL212W,1,0.33860657,0.24047619104385376,0.30300000309944153,0.09570000320672989
YPR101W,YMR276W,0,0.33840156,0.2402854859828949,0.30300000309944153,0.0957999974489212
YNR074C,YPL091W,0,0.33837345,0.2400950938463211,0.30300000309944153,0.09589999914169312
YBL078C,YBL050W,1,0.33793387,0.2406967580318451,0.30399999022483826,0.09589999914169312
YLR429W,YLR158C,0,0.33755374,0.2405063360929489,0.30399999022483826,0.09600000083446503
YDR322W,YGL166W,0,0.3369434,0.2403162121772766,0.30399999022483826,0.09610000252723694
YPL027W,YOR036W,0,0.33657646,0.24012638628482819,0.30399999022483826,0.09619999676942825
YNL015W,YDR080W,1,0.33610657,0.24072612822055817,0.3050000071525574,0.09619999676942825
YOR224C,YKL148C,0,0.33490008,0.24053627252578735,0.3050000071525574,0.09629999846220016
YGL227W,YCL075W,0,0.33447602,0.2403467297554016,0.3050000071525574,0.09640000015497208
YGL050W,YGR132C,0,0.3344561,0.24015748500823975,0.3050000071525574,0.09650000184774399
YDR248C,YDR423C,0,0.3341125,0.23996852338314056,0.3050000071525574,0.0966000035405159
YPL057C,YJR151C,0,0.33398458,0.23977987468242645,0.3050000071525574,0.09669999778270721
YIL048W,YDR080W,1,0.3329962,0.24037706851959229,0.3059999942779541,0.09669999778270721
YAL063C,YHR084W,0,0.33292213,0.2401883900165558,0.3059999942779541,0.09679999947547913
YDR084C,YJL112W,0,0.33279294,0.23999999463558197,0.3059999942779541,0.09690000116825104
YMR068W,YDR298C,0,0.3321876,0.23981191217899323,0.3059999942779541,0.09700000286102295
YMR256C,YEL016C,0,0.3317409,0.23962411284446716,0.3059999942779541,0.09709999710321426
YLR431C,YBR109C,1,0.3317318,0.2402190864086151,0.3070000112056732,0.09709999710321426
YJL006C,YOR211C,0,0.3312829,0.24003127217292786,0.3070000112056732,0.09719999879598618
YBR198C,YBR273C,0,0.33095264,0.23984375596046448,0.3070000112056732,0.09730000048875809
YMR039C,YLR080W,0,0.33019787,0.23965652287006378,0.3070000112056732,0.09740000218153
YER048W-A,YDL140C,0,0.3301579,0.23946957290172577,0.3070000112056732,0.09749999642372131
YOL105C,YOL001W,0,0.32956928,0.23928293585777283,0.3070000112056732,0.09759999811649323
YOL005C,YJL144W,0,0.3293662,0.23909656703472137,0.3070000112056732,0.09769999980926514
YLR450W,YIL108W,0,0.32852674,0.238910511136055,0.3070000112056732,0.09780000150203705
YGL089C,YHR045W,0,0.3281973,0.2387247234582901,0.3070000112056732,0.09790000319480896
YBR109C,YNL054W,1,0.32802856,0.23931623995304108,0.30799999833106995,0.09790000319480896
YJL209W,YKL067W,0,0.32782453,0.239130437374115,0.30799999833106995,0.09799999743700027
YNL321W,YOR230W,0,0.32756662,0.2389449179172516,0.30799999833106995,0.09809999912977219
YMR080C,YHR123W,0,0.3265857,0.23875969648361206,0.30799999833106995,0.0982000008225441
YER048W-A,YLR197W,0,0.3265614,0.23857474327087402,0.30799999833106995,0.09830000251531601
YKR020W,YPL131W,0,0.32595286,0.23839008808135986,0.30799999833106995,0.09839999675750732
YLL001W,YGR034W,0,0.32380798,0.2382057160139084,0.30799999833106995,0.09849999845027924
YPR119W,YPL236C,0,0.3235311,0.2380216419696808,0.30799999833106995,0.09860000014305115
YJR145C,YAR003W,0,0.3231785,0.23783783614635468,0.30799999833106995,0.09870000183582306
YFL039C,YKL051W,1,0.32314482,0.23842592537403107,0.3089999854564667,0.09870000183582306
YOL123W,YCL043C,0,0.32291803,0.23824208974838257,0.3089999854564667,0.09880000352859497
YNL148C,YER166W,0,0.32285342,0.23805855214595795,0.3089999854564667,0.09889999777078629
YIR018W,YHR036W,0,0.32145596,0.23787528276443481,0.3089999854564667,0.0989999994635582
YBR128C,YGL030W,0,0.3213253,0.23769231140613556,0.3089999854564667,0.09910000115633011
YGL054C,YPL152W,0,0.32126492,0.2375096082687378,0.3089999854564667,0.09920000284910202
YPL273W,YHR104W,0,0.3212044,0.2373271882534027,0.3089999854564667,0.09929999709129333
YGR209C,YDR229W,1,0.3206521,0.23791250586509705,0.3100000023841858,0.09929999709129333
YOL102C,YNL009W,0,0.3205136,0.23773005604743958,0.3100000023841858,0.09939999878406525
YBR048W,YDR329C,0,0.32038164,0.2375478893518448,0.3100000023841858,0.09950000047683716
YJR004C,YML081C-A,0,0.32027406,0.23736600577831268,0.3100000023841858,0.09960000216960907
YOR351C,YGL224C,0,0.3202071,0.23718439042568207,0.3100000023841858,0.09969999641180038
YPR030W,YDR158W,0,0.31986403,0.23700305819511414,0.3100000023841858,0.0997999981045723
YKL051W,YHR174W,1,0.31978974,0.23758594691753387,0.3109999895095825,0.0997999981045723
YOL018C,YBR241C,0,0.31937858,0.23740458488464355,0.3109999895095825,0.09989999979734421
YGL130W,YIR037W,0,0.31883207,0.23722349107265472,0.3109999895095825,0.10000000149011612
YER069W,YMR173W,0,0.31814462,0.23704268038272858,0.3109999895095825,0.10010000318288803
YGL095C,YOR068C,1,0.31803176,0.23762376606464386,0.31200000643730164,0.10010000318288803
YNL079C,YNL015W,1,0.3173536,0.2382039576768875,0.31299999356269836,0.10010000318288803
YPR052C,YMR034C,0,0.31706387,0.2380228191614151,0.31299999356269836,0.10019999742507935
YER150W,YPR103W,0,0.31539264,0.23784194886684418,0.31299999356269836,0.10029999911785126
YHR018C,YBR215W,0,0.31440845,0.23766134679317474,0.31299999356269836,0.10040000081062317
YPL113C,YDR252W,0,0.3143103,0.237481027841568,0.31299999356269836,0.10050000250339508
YBR109C,YKL051W,1,0.3142471,0.2380591332912445,0.3140000104904175,0.10050000250339508
YDR263C,YEL031W,0,0.31409523,0.23787878453731537,0.3140000104904175,0.1005999967455864
YJR126C,YJL063C,0,0.3139492,0.2376987189054489,0.3140000104904175,0.1006999984383583
YEL004W,YHR207C,0,0.31330937,0.23751890659332275,0.3140000104904175,0.10080000013113022
YHR164C,YPR192W,0,0.3119357,0.23733937740325928,0.3140000104904175,0.10090000182390213
YFL004W,YER075C,0,0.31188855,0.2371601164340973,0.3140000104904175,0.10100000351667404
YLR408C,YGL125W,0,0.3118106,0.23698113858699799,0.3140000104904175,0.10109999775886536
YDL122W,YFR036W,0,0.31164795,0.23680241405963898,0.3140000104904175,0.10119999945163727
YBR244W,YLR043C,0,0.31155053,0.23662395775318146,0.3140000104904175,0.10130000114440918
YHR042W,YPR102C,0,0.31149846,0.23644578456878662,0.3140000104904175,0.10140000283718109
YDL022W,YNL268W,0,0.3101154,0.23626786470413208,0.3140000104904175,0.1014999970793724
YBL004W,YCL052C,0,0.31000668,0.23609022796154022,0.3140000104904175,0.10159999877214432
YDL121C,YCR088W,0,0.30998164,0.23591284453868866,0.3140000104904175,0.10170000046491623
YDR229W,YNL071W,0,0.30854616,0.2357357293367386,0.3140000104904175,0.10180000215768814
YOL142W,YJR016C,0,0.30846572,0.23555888235569,0.3140000104904175,0.10189999639987946
YKL157W,YHR129C,0,0.30809987,0.2353823035955429,0.3140000104904175,0.10199999809265137
YBL069W,YLL001W,0,0.30627856,0.2352059930562973,0.3140000104904175,0.10209999978542328
YNR057C,YHR135C,0,0.30613595,0.235029935836792,0.3140000104904175,0.10220000147819519
YHR183W,YPL046C,0,0.30600047,0.23485414683818817,0.3140000104904175,0.1023000031709671
YDR233C,YGR206W,0,0.30570436,0.23467862606048584,0.3140000104904175,0.10239999741315842
YNR007C,YBR217W,1,0.3051451,0.23525018990039825,0.3149999976158142,0.10239999741315842
YLR148W,YFL039C,1,0.30507043,0.23582088947296143,0.3160000145435333,0.10239999741315842
YPL183W-A,YMR117C,0,0.30498928,0.23564504086971283,0.3160000145435333,0.10249999910593033
YJL137C,YDL191W,0,0.30421752,0.23546944558620453,0.3160000145435333,0.10260000079870224
YDR001C,YFR052W,0,0.30334988,0.23529411852359772,0.3160000145435333,0.10270000249147415
YOR143C,YNR002C,0,0.30268317,0.2351190447807312,0.3160000145435333,0.10279999673366547
YNL326C,YHR018C,0,0.30189598,0.23494423925876617,0.3160000145435333,0.10289999842643738
YGR209C,YPL100W,1,0.30169088,0.2355126291513443,0.31700000166893005,0.10289999842643738
YNL054W,YBR217W,1,0.30167374,0.23608018457889557,0.3179999887943268,0.10289999842643738
YOL145C,YML054C,0,0.3010882,0.23590505123138428,0.3179999887943268,0.10300000011920929
YHR171W,YDL069C,0,0.3004418,0.23573017120361328,0.3179999887943268,0.1031000018119812
YLR160C,YLR310C,0,0.29999006,0.23555555939674377,0.3179999887943268,0.10320000350475311
YHL004W,YIL111W,0,0.29966533,0.23538120090961456,0.3179999887943268,0.10329999774694443
YOR188W,YML058W-A,0,0.29946327,0.23520709574222565,0.3179999887943268,0.10339999943971634
YMR251W-A,YGL160W,0,0.29916143,0.23503325879573822,0.3179999887943268,0.10350000113248825
YLR327C,YER094C,0,0.29912442,0.2348596751689911,0.3179999887943268,0.10360000282526016
YBR056W,YDR229W,0,0.29891455,0.23468634486198425,0.3179999887943268,0.10369999706745148
YER119C,YIL065C,0,0.29867318,0.2345132678747177,0.3179999887943268,0.10379999876022339
YER190W,YDL084W,0,0.2982682,0.23434045910835266,0.3179999887943268,0.1039000004529953
YHR141C,YEL003W,0,0.29818192,0.2341678887605667,0.3179999887943268,0.10400000214576721
YCL074W,YOR123C,0,0.29737878,0.23399558663368225,0.3179999887943268,0.10409999638795853
YOR010C,YER035W,0,0.29701638,0.2338235229253769,0.3179999887943268,0.10419999808073044
YML001W,YFL039C,1,0.2968775,0.23438647389411926,0.3190000057220459,0.10419999808073044
YBR289W,YGR062C,0,0.29652187,0.2342143952846527,0.3190000057220459,0.10429999977350235
YDL149W,YDR495C,1,0.2959073,0.23477622866630554,0.3199999928474426,0.10429999977350235
YBR253W,YNL035C,0,0.2956183,0.2346041053533554,0.3199999928474426,0.10440000146627426
YGL216W,YER111C,0,0.29387277,0.23443223536014557,0.3199999928474426,0.10450000315904617
YDR074W,YJL085W,0,0.29302078,0.23426061868667603,0.3199999928474426,0.10459999740123749
YGL136C,YDL045W-A,0,0.29267046,0.23408924043178558,0.3199999928474426,0.1046999990940094
YNR047W,YNL016W,0,0.29247558,0.23391813039779663,0.3199999928474426,0.10480000078678131
YMR025W,YBR110W,0,0.29244098,0.23374725878238678,0.3199999928474426,0.10490000247955322
YGR059W,YER003C,0,0.29225075,0.23357664048671722,0.3199999928474426,0.10499999672174454
YNL098C,YMR086W,0,0.292011,0.23340627551078796,0.3199999928474426,0.10509999841451645
YDR142C,YLR446W,0,0.29195485,0.2332361489534378,0.3199999928474426,0.10520000010728836
YGR188C,YER042W,0,0.29189852,0.23306627571582794,0.3199999928474426,0.10530000180006027
YOR155C,YCR042C,0,0.2917606,0.23289665579795837,0.3199999928474426,0.10540000349283218
YER174C,YBR080C,0,0.29169953,0.2327272742986679,0.3199999928474426,0.1054999977350235
YBL064C,YMR012W,0,0.29052147,0.23255814611911774,0.3199999928474426,0.10559999942779541
YDR158W,YEL043W,0,0.29044962,0.23238925635814667,0.3199999928474426,0.10570000112056732
YIL048W,YEL027W,1,0.28997526,0.23294629156589508,0.32100000977516174,0.10570000112056732
YML051W,YLR025W,0,0.28972962,0.23277737200260162,0.32100000977516174,0.10580000281333923
YGL156W,YLR423C,0,0.28966582,0.23260869085788727,0.32100000977516174,0.10589999705553055
YJR066W,YLL041C,0,0.28966087,0.2324402630329132,0.32100000977516174,0.10599999874830246
YDR155C,YAL022C,0,0.28961974,0.23227207362651825,0.32100000977516174,0.10610000044107437
YCL055W,YNL302C,0,0.28931326,0.2321041226387024,0.32100000977516174,0.10620000213384628
YBL050W,YLR431C,1,0.28899226,0.23265895247459412,0.32199999690055847,0.10620000213384628
YKR071C,YER190W,0,0.28878954,0.23249097168445587,0.32199999690055847,0.1062999963760376
YGL019W,YML052W,0,0.28862953,0.23232322931289673,0.32199999690055847,0.10639999806880951
YJR152W,YDR158W,0,0.28855368,0.2321557253599167,0.32199999690055847,0.10649999976158142
YOR285W,YFL062W,0,0.28806376,0.23198847472667694,0.32199999690055847,0.10660000145435333
YPL100W,YPL019C,1,0.28714144,0.23254139721393585,0.3230000138282776,0.10660000145435333
YAL003W,YDR296W,0,0.28710455,0.23237410187721252,0.3230000138282776,0.10670000314712524
YPR026W,YER087C-B,0,0.2856248,0.2322070449590683,0.3230000138282776,0.10679999738931656
YLR216C,YGL178W,0,0.2855835,0.23204022645950317,0.3230000138282776,0.10689999908208847
YER014C-A,YLR306W,0,0.28506255,0.23187366127967834,0.3230000138282776,0.10700000077486038
YBR204C,YOL133W,0,0.2848915,0.23170731961727142,0.3230000138282776,0.1071000024676323
YMR231W,YLR386W,1,0.284502,0.23225806653499603,0.3240000009536743,0.1071000024676323
YPL045W,YNL242W,1,0.28398165,0.23280802369117737,0.32499998807907104,0.1071000024676323
YLR148W,YNL326C,1,0.2839083,0.23335719108581543,0.32600000500679016,0.1071000024676323
YGL180W,YNL326C,1,0.28226757,0.2339055836200714,0.3269999921321869,0.1071000024676323
YBL078C,YJL178C,1,0.28116783,0.23445318639278412,0.328000009059906,0.1071000024676323
YML008C,YLR174W,0,0.28059727,0.23428571224212646,0.328000009059906,0.10719999670982361
YEL017C-A,YER029C,0,0.2802276,0.2341184914112091,0.328000009059906,0.10729999840259552
YDR128W,YMR315W,0,0.27965674,0.23395149409770966,0.328000009059906,0.10740000009536743
YJR065C,YGR140W,0,0.27951676,0.2337847501039505,0.328000009059906,0.10750000178813934
YNL086W,YCL050C,0,0.27940655,0.23361822962760925,0.328000009059906,0.10760000348091125
YLR388W,YGL059W,0,0.27889764,0.2334519624710083,0.328000009059906,0.10769999772310257
YIL079C,YMR263W,0,0.27880624,0.23328591883182526,0.328000009059906,0.10779999941587448
YER044C,YLR098C,0,0.27831388,0.2331201136112213,0.328000009059906,0.10790000110864639
YJL097W,YDR247W,0,0.27826357,0.23295454680919647,0.328000009059906,0.1080000028014183
YHR174W,YBR081C,0,0.27802905,0.23278921842575073,0.328000009059906,0.10809999704360962
YNL054W,YLR093C,1,0.27719295,0.23333333432674408,0.32899999618530273,0.10809999704360962
YNL015W,YOR068C,1,0.27717596,0.23387669026851654,0.33000001311302185,0.10809999704360962
YDR477W,YCR020C,0,0.2771278,0.23371104896068573,0.33000001311302185,0.10819999873638153
YLL054C,YAL010C,0,0.27710265,0.23354564607143402,0.33000001311302185,0.10830000042915344
YDR080W,YHR174W,1,0.27706486,0.23408769071102142,0.3310000002384186,0.10830000042915344
YDL085W,YLR316C,0,0.27705878,0.23392225801944733,0.3310000002384186,0.10840000212192535
YDR177W,YBR079C,0,0.2768907,0.23375706374645233,0.3310000002384186,0.10849999636411667
YGR274C,YGL259W,0,0.27666545,0.23359209299087524,0.3310000002384186,0.10859999805688858
YKL091C,YLR201C,0,0.27654523,0.23342736065387726,0.3310000002384186,0.10869999974966049
YOR284W,YAR050W,0,0.27597854,0.23326286673545837,0.3310000002384186,0.1088000014424324
YNL079C,YPL045W,1,0.2757303,0.23380281031131744,0.3319999873638153,0.1088000014424324
YFL023W,YDR536W,0,0.27466747,0.23363828659057617,0.3319999873638153,0.10890000313520432
YKL188C,YHR200W,0,0.27405316,0.2334739863872528,0.3319999873638153,0.10899999737739563
YPR201W,YKL116C,0,0.27392054,0.23330990970134735,0.3319999873638153,0.10909999907016754
YIL133C,YLL041C,0,0.27386603,0.233146071434021,0.3319999873638153,0.10920000076293945
YGL136C,YDR402C,0,0.2737617,0.23298245668411255,0.3319999873638153,0.10930000245571136
YMR097C,YIL158W,0,0.27300227,0.2328190803527832,0.3319999873638153,0.10939999669790268
YDR347W,YNR075W,0,0.27291456,0.23265592753887177,0.3319999873638153,0.10949999839067459
YKR029C,YDR356W,0,0.27270722,0.23249299824237823,0.3319999873638153,0.1096000000834465
YJL060W,YGR246C,0,0.2725504,0.2323303073644638,0.3319999873638153,0.10970000177621841
YGR209C,YHR039C-A,1,0.27224815,0.23286713659763336,0.3330000042915344,0.10970000177621841
YOR044W,YKR003W,0,0.27128634,0.23270440101623535,0.3330000042915344,0.10980000346899033
YPL020C,YNR035C,0,0.27109843,0.23254190385341644,0.3330000042915344,0.10989999771118164
YFL050C,YPR178W,0,0.2709155,0.23237963020801544,0.3330000042915344,0.10999999940395355
YML001W,YBR217W,1,0.27069476,0.23291492462158203,0.33399999141693115,0.10999999940395355
YER151C,YDR242W,0,0.2705034,0.23275260627269745,0.33399999141693115,0.11010000109672546
YNR006W,YDR409W,0,0.27045786,0.23259052634239197,0.33399999141693115,0.11020000278949738
YDR036C,YML028W,0,0.27044743,0.2324286699295044,0.33399999141693115,0.11029999703168869
YBR079C,YDL132W,0,0.27003944,0.23226703703403473,0.33399999141693115,0.1103999987244606
YML058W-A,YOR265W,0,0.2698901,0.23210562765598297,0.33399999141693115,0.11050000041723251
YJL136C,YOR118W,0,0.26958317,0.23194444179534912,0.33399999141693115,0.11060000211000443
YDR162C,YOR298C-A,0,0.26947165,0.23178347945213318,0.33399999141693115,0.11069999635219574
YDR229W,YDR080W,1,0.2692812,0.23231622576713562,0.33500000834465027,0.11069999635219574
YCR068W,YJL010C,0,0.26897103,0.2321552336215973,0.33500000834465027,0.11079999804496765
YDR522C,YHR086W,0,0.26877168,0.23199446499347687,0.33500000834465027,0.11089999973773956
YNL121C,YBR245C,0,0.26849803,0.23183390498161316,0.33500000834465027,0.11100000143051147
YEL013W,YIL138C,1,0.26800856,0.23236514627933502,0.335999995470047,0.11100000143051147
YOR332W,YPL045W,1,0.26784468,0.2328956425189972,0.3370000123977661,0.11100000143051147
YGR255C,YKL095W,0,0.26767135,0.2327347993850708,0.3370000123977661,0.11110000312328339
YBL105C,YPL200W,0,0.26671815,0.2325741946697235,0.3370000123977661,0.1111999973654747
YPL252C,YGL208W,0,0.26663312,0.23241379857063293,0.3370000123977661,0.11129999905824661
YGL168W,YPL213W,0,0.26613337,0.23225361108779907,0.3370000123977661,0.11140000075101852
YDL128W,YKR057W,0,0.2659505,0.2320936620235443,0.3370000123977661,0.11150000244379044
YOR148C,YBR139W,0,0.2658182,0.23193393647670746,0.3370000123977661,0.11159999668598175
YEL013W,YDR229W,1,0.26567245,0.23246216773986816,0.33799999952316284,0.11159999668598175
YDR126W,YPL019C,1,0.2656084,0.23298968374729156,0.33899998664855957,0.11159999668598175
YBR033W,YNL101W,0,0.26515937,0.23282967507839203,0.33899998664855957,0.11169999837875366
YLR027C,YMR098C,0,0.26497114,0.2326698750257492,0.33899998664855957,0.11180000007152557
YER042W,YDR466W,0,0.26462644,0.2325102835893631,0.33899998664855957,0.11190000176429749
YDL025C,YCR097W,0,0.2638449,0.2323509305715561,0.33899998664855957,0.1120000034570694
YER078C,YOR142W,0,0.26370677,0.2321917861700058,0.33899998664855957,0.11209999769926071
YGL245W,YHL008C,0,0.26273805,0.23203285038471222,0.33899998664855957,0.11219999939203262
YPL131W,YGR268C,0,0.26269448,0.23187413811683655,0.33899998664855957,0.11230000108480453
YGR059W,YNL082W,0,0.262617,0.23171564936637878,0.33899998664855957,0.11240000277757645
YHR004C,YJR113C,0,0.26254213,0.23155738413333893,0.33899998664855957,0.11249999701976776
YBR223C,YPL060W,0,0.26236218,0.2313993126153946,0.33899998664855957,0.11259999871253967
YML001W,YIL138C,1,0.26221228,0.23192359507083893,0.3400000035762787,0.11259999871253967
YBR177C,YHR094C,0,0.26175272,0.2317655086517334,0.3400000035762787,0.11270000040531158
YKR086W,YBR072W,0,0.2612106,0.23160763084888458,0.3400000035762787,0.1128000020980835
YNL015W,YOR326W,1,0.2608291,0.23213070631027222,0.3409999907016754,0.1128000020980835
YDL082W,YOR353C,0,0.25928223,0.23197278380393982,0.3409999907016754,0.11289999634027481
YDR498C,YDR141C,0,0.25916013,0.23181508481502533,0.3409999907016754,0.11299999803304672
YBR031W,YGL060W,0,0.2588423,0.23165760934352875,0.3409999907016754,0.11309999972581863
YMR173W,YOR037W,0,0.25870475,0.23150034248828888,0.3409999907016754,0.11320000141859055
YCR012W,YDR485C,0,0.2582919,0.23134328424930573,0.3409999907016754,0.11330000311136246
YPR204W,YML129C,0,0.2582576,0.23118643462657928,0.3409999907016754,0.11339999735355377
YIL115C,YPR194C,0,0.25792515,0.23102980852127075,0.3409999907016754,0.11349999904632568
YDR247W,YEL040W,0,0.25790977,0.23087339103221893,0.3409999907016754,0.1136000007390976
YDL192W,YCR003W,0,0.25785008,0.23071718215942383,0.3409999907016754,0.1137000024318695
YDR166C,YBR120C,0,0.2576799,0.23056119680404663,0.3409999907016754,0.11379999667406082
YBR217W,YDR495C,1,0.25733864,0.23108108341693878,0.34200000762939453,0.11379999667406082
YPR065W,YBR150C,0,0.25700518,0.230925053358078,0.34200000762939453,0.11389999836683273
YDR167W,YDL020C,0,0.25638288,0.23076923191547394,0.34200000762939453,0.11400000005960464
YFL003C,YBR155W,0,0.25561875,0.2306136190891266,0.34200000762939453,0.11410000175237656
YBL050W,YMR231W,1,0.2550617,0.23113207519054413,0.34299999475479126,0.11410000175237656
YPR132W,YDL099W,0,0.25485373,0.2309764325618744,0.34299999475479126,0.11420000344514847
YJL209W,YGR183C,0,0.25484955,0.23082099854946136,0.34299999475479126,0.11429999768733978
YML132W,YMR065W,0,0.25407833,0.23066577315330505,0.34299999475479126,0.1143999993801117
YGR132C,YOR162C,0,0.25357902,0.23051075637340546,0.34299999475479126,0.1145000010728836
YFR008W,YPR111W,0,0.25315845,0.23035594820976257,0.34299999475479126,0.11460000276565552
YAL017W,YOL026C,0,0.25306574,0.2302013486623764,0.34299999475479126,0.11469999700784683
YIL084C,YBR205W,0,0.2528695,0.23004694283008575,0.34299999475479126,0.11479999870061874
YLR148W,YOR332W,1,0.25185782,0.2305629998445511,0.3440000116825104,0.11479999870061874
YLR203C,YMR058W,0,0.25150934,0.23040857911109924,0.3440000116825104,0.11490000039339066
YLR396C,YAL040C,1,0.25128454,0.23092369735240936,0.3449999988079071,0.11490000039339066
YNR007C,YLR431C,1,0.2496841,0.23143813014030457,0.34599998593330383,0.11490000039339066
YHR152W,YBR192W,0,0.24832323,0.23128342628479004,0.34599998593330383,0.11500000208616257
YPR149W,YIL170W,0,0.24824378,0.23112893104553223,0.34599998593330383,0.11509999632835388
YNL315C,YGL220W,0,0.24819794,0.23097462952136993,0.34599998593330383,0.1151999980211258
YNL015W,YER072W,1,0.24768087,0.23148766160011292,0.34700000286102295,0.1151999980211258
YGL169W,YOR270C,0,0.2468532,0.23133333027362823,0.34700000286102295,0.1152999997138977
YJL080C,YPL159C,0,0.24659511,0.23117920756340027,0.34700000286102295,0.11540000140666962
YLR266C,YLR038C,0,0.24639377,0.23102529346942902,0.34700000286102295,0.11550000309944153
YDR448W,YCL026C-A,0,0.2448684,0.23087158799171448,0.34700000286102295,0.11559999734163284
YKL051W,YGR254W,1,0.2447362,0.23138298094272614,0.3479999899864197,0.11559999734163284
YPL113C,YJR029W,0,0.24459049,0.23122923076152802,0.3479999899864197,0.11569999903440475
YAL002W,YIL138C,1,0.24423367,0.23173971474170685,0.3490000069141388,0.11569999903440475
YFL062W,YKL216W,0,0.24406627,0.23158593475818634,0.3490000069141388,0.11580000072717667
YHR211W,YOR373W,0,0.24350947,0.23143236339092255,0.3490000069141388,0.11590000241994858
YDL132W,YGL095C,0,0.24329734,0.23127898573875427,0.3490000069141388,0.11599999666213989
YDR314C,YMR190C,0,0.24306107,0.2311258316040039,0.3490000069141388,0.1160999983549118
YMR202W,YPL015C,0,0.24290365,0.23097287118434906,0.3490000069141388,0.11620000004768372
YJL160C,YHL018W,0,0.24233705,0.23082010447978973,0.3490000069141388,0.11630000174045563
YNL071W,YGL213C,0,0.24229303,0.23066754639148712,0.3490000069141388,0.11640000343322754
YER098W,YDR432W,0,0.24128735,0.23051519691944122,0.3490000069141388,0.11649999767541885
YGL068W,YPL152W,0,0.2408945,0.23036304116249084,0.3490000069141388,0.11659999936819077
YBR109C,YAL040C,1,0.24056965,0.23087070882320404,0.3499999940395355,0.11659999936819077
YPL045W,YBR217W,1,0.2404308,0.2313777208328247,0.35100001096725464,0.11659999936819077
YHR101C,YHR172W,0,0.23995194,0.23122529685497284,0.35100001096725464,0.11670000106096268
YLR408C,YLR148W,0,0.23921633,0.23107308149337769,0.35100001096725464,0.11680000275373459
YER174C,YIL048W,0,0.23908877,0.23092105984687805,0.35100001096725464,0.1168999969959259
YER091C,YDR180W,0,0.23735848,0.23076923191547394,0.35100001096725464,0.11699999868869781
YNL257C,YGL257C,0,0.23638764,0.23061761260032654,0.35100001096725464,0.11710000038146973
YBL078C,YGR209C,1,0.23594522,0.23112277686595917,0.35199999809265137,0.11710000038146973
YJR103W,YJL148W,0,0.23591557,0.23097112774848938,0.35199999809265137,0.11720000207424164
YOR322C,YGR101W,0,0.23549363,0.2308196723461151,0.35199999809265137,0.11729999631643295
YDL246C,YBR123C,0,0.23499781,0.23066841065883636,0.35199999809265137,0.11739999800920486
YJL164C,YBR213W,0,0.23474544,0.23051735758781433,0.35199999809265137,0.11749999970197678
YBR186W,YGR268C,0,0.23463756,0.23036649823188782,0.35199999809265137,0.11760000139474869
YMR197C,YGR033C,0,0.23412192,0.23021583259105682,0.35199999809265137,0.1177000030875206
YIL097W,YOR308C,0,0.23405308,0.23006536066532135,0.35199999809265137,0.11779999732971191
YOR326W,YGR254W,1,0.23392352,0.23056825995445251,0.3529999852180481,0.11779999732971191
YNL257C,YFL039C,0,0.23388988,0.23041775822639465,0.3529999852180481,0.11789999902248383
YLL028W,YLR240W,0,0.23355785,0.2302674502134323,0.3529999852180481,0.11800000071525574
YBR132C,YIL027C,0,0.2334787,0.2301173359155655,0.3529999852180481,0.11810000240802765
YKL038W,YDR191W,0,0.23341912,0.22996743023395538,0.3529999852180481,0.11819999665021896
YMR251W-A,YOR233W,0,0.23310629,0.2298177033662796,0.3529999852180481,0.11829999834299088
YMR186W,YHR017W,0,0.2327595,0.22966818511486053,0.3529999852180481,0.11840000003576279
YNR017W,YKL179C,0,0.23268405,0.229518860578537,0.3529999852180481,0.1185000017285347
YNL021W,YML116W,0,0.23245719,0.22936971485614777,0.3529999852180481,0.11860000342130661
YGL255W,YOR329C,0,0.23243612,0.22922077775001526,0.3529999852180481,0.11869999766349792
YIL048W,YNL015W,1,0.23212844,0.22972096502780914,0.3540000021457672,0.11869999766349792
YOR332W,YKL051W,1,0.23196536,0.2302204966545105,0.35499998927116394,0.11869999766349792
YHR147C,YIL047C,0,0.2318643,0.2300712913274765,0.35499998927116394,0.11879999935626984
YML001W,YFL004W,1,0.23184374,0.23056994378566742,0.35600000619888306,0.11879999935626984
YOR070C,YGR223C,0,0.23155916,0.23042070865631104,0.35600000619888306,0.11890000104904175
YIL048W,YGL212W,1,0.23106742,0.2309184968471527,0.3569999933242798,0.11890000104904175
YBR205W,YBR291C,0,0.23056036,0.23076923191547394,0.3569999933242798,0.11900000274181366
YDR376W,YKL086W,0,0.23035446,0.23062016069889069,0.3569999933242798,0.11909999698400497
YLR233C,YJR009C,0,0.230129,0.23047126829624176,0.3569999933242798,0.11919999867677689
YJL178C,YGR209C,1,0.22960413,0.23096774518489838,0.3580000102519989,0.11919999867677689
YMR152W,YDR489W,0,0.22942024,0.23081882297992706,0.3580000102519989,0.1193000003695488
YML001W,YLR423C,1,0.22923851,0.23131443560123444,0.35899999737739563,0.1193000003695488
YGR112W,YJL139C,0,0.22916055,0.23116548359394073,0.35899999737739563,0.11940000206232071
YGL131C,YGL223C,0,0.22868371,0.23101672530174255,0.35899999737739563,0.11949999630451202
YDR088C,YLR425W,0,0.22851521,0.2308681607246399,0.35899999737739563,0.11959999799728394
YDL004W,YGR166W,0,0.22846985,0.23071978986263275,0.35899999737739563,0.11969999969005585
YKL003C,YNR006W,0,0.2284058,0.23057161271572113,0.35899999737739563,0.11980000138282776
YLR153C,YDR162C,0,0.22838864,0.23042361438274384,0.35899999737739563,0.11990000307559967
YPL096W,YBR221C,0,0.2283561,0.23027582466602325,0.35899999737739563,0.11999999731779099
YLR329W,YER133W,0,0.22810638,0.2301281988620758,0.35899999737739563,0.1200999990105629
YCL024W,YNL279W,0,0.22799581,0.22998078167438507,0.35899999737739563,0.12020000070333481
YNL079C,YBR217W,1,0.22762457,0.23047375679016113,0.36000001430511475,0.12020000070333481
YDL207W,YHR001W,0,0.22718927,0.23032629489898682,0.36000001430511475,0.12030000239610672
YMR021C,YNL096C,0,0.2258271,0.23017902672290802,0.36000001430511475,0.12039999663829803
YLR305C,YGR180C,0,0.22542968,0.23003195226192474,0.36000001430511475,0.12049999833106995
YCR053W,YOR288C,0,0.22517782,0.2298850566148758,0.36000001430511475,0.12060000002384186
YDR258C,YPL129W,0,0.22482547,0.22973835468292236,0.36000001430511475,0.12070000171661377
YLR093C,YAL040C,1,0.22440213,0.23022958636283875,0.3610000014305115,0.12070000171661377
YDR320C,YLR312W-A,0,0.22436726,0.23008285462856293,0.3610000014305115,0.12080000340938568
YIR002C,YGL160W,0,0.22386307,0.22993630170822144,0.3610000014305115,0.120899997651577
YHR171W,YHR034C,0,0.22381073,0.22978994250297546,0.3610000014305115,0.12099999934434891
YEL013W,YJL012C,1,0.2236425,0.23027989268302917,0.3619999885559082,0.12099999934434891
YMR231W,YLR423C,1,0.22351205,0.23076923191547394,0.3630000054836273,0.12099999934434891
YBR145W,YJR101W,0,0.22283593,0.23062261939048767,0.3630000054836273,0.12110000103712082
YJL112W,YHR132C,0,0.22209102,0.23047618567943573,0.3630000054836273,0.12120000272989273
YDL161W,YIL131C,0,0.22142676,0.2303299456834793,0.3630000054836273,0.12129999697208405
YGL255W,YLL051C,0,0.22117615,0.2301838994026184,0.3630000054836273,0.12139999866485596
YBL078C,YLR423C,1,0.22111031,0.2306717336177826,0.36399999260902405,0.12139999866485596
YNR007C,YNL223W,1,0.22108757,0.23115895688533783,0.36500000953674316,0.12139999866485596
YDR226W,YOL128C,0,0.22075844,0.23101265728473663,0.36500000953674316,0.12150000035762787
YDR315C,YOR265W,0,0.22074485,0.23086653649806976,0.36500000953674316,0.12160000205039978
YNL079C,YHR174W,1,0.22045752,0.23135271668434143,0.3659999966621399,0.12160000205039978
YJR160C,YDR196C,0,0.21981236,0.23120656609535217,0.3659999966621399,0.1216999962925911
YGR209C,YOR326W,1,0.21972886,0.23169191181659698,0.367000013589859,0.1216999962925911
YPL119C,YGR163W,0,0.21967071,0.23154574632644653,0.367000013589859,0.121799997985363
YPL255W,YLR154C,0,0.21938959,0.2313997447490692,0.367000013589859,0.12189999967813492
YDR050C,YIL170W,0,0.21936256,0.23125393688678741,0.367000013589859,0.12200000137090683
YMR256C,YJR110W,0,0.21903428,0.23110830783843994,0.367000013589859,0.12210000306367874
YCR046C,YJR151C,0,0.21816358,0.230962872505188,0.367000013589859,0.12219999730587006
YEL047C,YPR002W,0,0.21718228,0.23081761598587036,0.367000013589859,0.12229999899864197
YFL013C,YPL098C,0,0.21691945,0.23067253828048706,0.367000013589859,0.12240000069141388
YPR135W,YBR019C,0,0.21671724,0.23052763938903809,0.367000013589859,0.12250000238418579
YDL127W,YDR318W,0,0.21647009,0.23038291931152344,0.367000013589859,0.1225999966263771
YKL164C,YGL134W,0,0.2162579,0.2302383929491043,0.367000013589859,0.12269999831914902
YLR043C,YNL086W,0,0.21586627,0.2300940454006195,0.367000013589859,0.12280000001192093
YJL124C,YDR423C,0,0.21573806,0.22994987666606903,0.367000013589859,0.12290000170469284
YNL223W,YLR423C,1,0.21568248,0.23043206334114075,0.36800000071525574,0.12290000170469284
YHR171W,YKL220C,0,0.21541432,0.23028786480426788,0.36800000071525574,0.12300000339746475
YJL189W,YML058W-A,0,0.2153925,0.23014384508132935,0.36800000071525574,0.12309999763965607
YGR162W,YDR512C,0,0.21511006,0.23000000417232513,0.36800000071525574,0.12319999933242798
YOR030W,YBR048W,0,0.2144821,0.22985634207725525,0.36800000071525574,0.12330000102519989
YLR100W,YJR134C,0,0.21417493,0.2297128587961197,0.36800000071525574,0.1234000027179718
YGL103W,YOR329C,0,0.21381527,0.22956955432891846,0.36800000071525574,0.12349999696016312
YEL027W,YNL223W,1,0.21336481,0.23004987835884094,0.36899998784065247,0.12349999696016312
YKL188C,YBR173C,0,0.21303809,0.22990654408931732,0.36899998784065247,0.12359999865293503
YNL242W,YDR495C,1,0.21303087,0.23038604855537415,0.3700000047683716,0.12359999865293503
YOR232W,YDR470C,0,0.21259558,0.23024268448352814,0.3700000047683716,0.12370000034570694
YJL207C,YOR295W,0,0.21232888,0.23009949922561646,0.3700000047683716,0.12380000203847885
YJR119C,YML104C,0,0.21185654,0.2299564927816391,0.3700000047683716,0.12389999628067017
YMR231W,YNL223W,1,0.21181375,0.23043477535247803,0.3709999918937683,0.12389999628067017
YFR052W,YJL085W,0,0.21171126,0.23029173910617828,0.3709999918937683,0.12399999797344208
YFL036W,YOR324C,0,0.21165559,0.23014888167381287,0.3709999918937683,0.12409999966621399
YDR298C,YOL065C,0,0.2110388,0.23000620305538177,0.3709999918937683,0.1242000013589859
YJL113W,YIR007W,0,0.21100995,0.22986368834972382,0.3709999918937683,0.12430000305175781
YGR105W,YBL093C,0,0.21086869,0.22972136735916138,0.3709999918937683,0.12439999729394913
YDR481C,YDL165W,0,0.21019453,0.22957921028137207,0.3709999918937683,0.12449999898672104
YGL095C,YNL054W,1,0.21019319,0.23005566000938416,0.3720000088214874,0.12449999898672104
YHL034C,YBR021W,0,0.20981607,0.22991347312927246,0.3720000088214874,0.12460000067949295
YGL157W,YBR128C,0,0.20883343,0.2297714650630951,0.3720000088214874,0.12470000237226486
YOR371C,YDR014W,0,0.20864794,0.22962963581085205,0.3720000088214874,0.12479999661445618
YBR012W-A,YGR101W,0,0.20843619,0.22948797047138214,0.3720000088214874,0.12489999830722809
YHR058C,YDR099W,0,0.20806354,0.22934648394584656,0.3720000088214874,0.125
YLR029C,YFR008W,0,0.20786318,0.2292051762342453,0.3720000088214874,0.1251000016927719
YLR429W,YOR010C,0,0.20771289,0.22906403243541718,0.3720000088214874,0.12520000338554382
YGL245W,YGL222C,0,0.20761341,0.22892308235168457,0.3720000088214874,0.12530000507831573
YFL036W,YKL220C,0,0.20722774,0.2287822812795639,0.3720000088214874,0.12540000677108765
YOR125C,YHR200W,0,0.20704478,0.22864167392253876,0.3720000088214874,0.12549999356269836
YOR096W,YPR198W,0,0.20692623,0.22850123047828674,0.3720000088214874,0.12559999525547028
YLR341W,YDL039C,0,0.20648342,0.22836095094680786,0.3720000088214874,0.1256999969482422
YCL063W,YDR229W,1,0.20642972,0.2288343608379364,0.37299999594688416,0.1256999969482422
YIL125W,YGL207W,0,0.206189,0.22869405150413513,0.37299999594688416,0.1257999986410141
YNR007C,YEL013W,1,0.20587581,0.2291666716337204,0.37400001287460327,0.1257999986410141
YDR096W,YJR112W,0,0.20487803,0.22902633249759674,0.37400001287460327,0.125900000333786
YBR010W,YLR071C,0,0.20472845,0.2288861721754074,0.37400001287460327,0.12600000202655792
YBR074W,YCL040W,0,0.20451242,0.2287461757659912,0.37400001287460327,0.12610000371932983
YHR196W,YOL002C,0,0.20436367,0.22860635817050934,0.37400001287460327,0.12620000541210175
YOR066W,YGR001C,0,0.2041052,0.2284667044878006,0.37400001287460327,0.12630000710487366
YPR192W,YNL058C,0,0.204045,0.22832722961902618,0.37400001287460327,0.12639999389648438
YIL004C,YJL048C,0,0.20316207,0.2281879186630249,0.37400001287460327,0.1264999955892563
YNL079C,YOR326W,1,0.20281032,0.2286585420370102,0.375,0.1264999955892563
YNL116W,YGR180C,0,0.20275295,0.22851920127868652,0.375,0.1265999972820282
YMR244C-A,YDR074W,0,0.20264688,0.228380024433136,0.375,0.1266999989748001
YDR429C,YJL060W,0,0.20214245,0.22824102640151978,0.375,0.12680000066757202
YGL095C,YIL138C,1,0.201361,0.22871045768260956,0.37599998712539673,0.12680000066757202
YER051W,YOR251C,0,0.20113453,0.22857142984867096,0.37599998712539673,0.12690000236034393
YJL144W,YML129C,0,0.200712,0.2284325659275055,0.37599998712539673,0.12700000405311584
YIL048W,YHR039C-A,1,0.2004728,0.22890102863311768,0.37700000405311584,0.12700000405311584
YPL228W,YER073W,0,0.20016876,0.22876213490962982,0.37700000405311584,0.12710000574588776
YKL170W,YOR265W,0,0.19989344,0.2286234050989151,0.37700000405311584,0.12720000743865967
YCR043C,YOR142W,0,0.19942254,0.2284848541021347,0.37700000405311584,0.12729999423027039
YBR177C,YLL004W,0,0.1992886,0.22834645211696625,0.37700000405311584,0.1273999959230423
YFR051C,YPR194C,0,0.19841844,0.22820822894573212,0.37700000405311584,0.1274999976158142
YOL138C,YOR063W,0,0.19825846,0.22807016968727112,0.37700000405311584,0.12759999930858612
YBR084C-A,YPL152W,0,0.19818363,0.22793228924274445,0.37700000405311584,0.12770000100135803
YPR156C,YBR229C,0,0.1978336,0.2277945578098297,0.37700000405311584,0.12780000269412994
YER007W,YJL060W,0,0.19742367,0.2276570051908493,0.37700000405311584,0.12790000438690186
YGL187C,YIR010W,0,0.19689643,0.22751961648464203,0.37700000405311584,0.12800000607967377
YDR151C,YHR200W,0,0.19631669,0.22738239169120789,0.37700000405311584,0.12809999287128448
YEL027W,YDR229W,1,0.19467118,0.2278480976819992,0.3779999911785126,0.12809999287128448
YDL065C,YDR291W,0,0.19422045,0.22771084308624268,0.3779999911785126,0.1281999945640564
YDL195W,YLR272C,0,0.19356218,0.22757375240325928,0.3779999911785126,0.1282999962568283
YOL070C,YCL057C-A,0,0.19344741,0.227436825633049,0.3779999911785126,0.12839999794960022
YLR396C,YHR174W,1,0.19311696,0.2279013842344284,0.3790000081062317,0.12839999794960022
YPR184W,YDR332W,0,0.19281882,0.22776442766189575,0.3790000081062317,0.12849999964237213
YER016W,YLR047C,0,0.19259891,0.22762763500213623,0.3790000081062317,0.12860000133514404
YJR107W,YDL136W,0,0.1924912,0.22749099135398865,0.3790000081062317,0.12870000302791595
YBR164C,YJR010W,0,0.19225115,0.2273545265197754,0.3790000081062317,0.12880000472068787
YDL180W,YJL028W,0,0.19216314,0.22721822559833527,0.3790000081062317,0.12890000641345978
YER151C,YGL223C,0,0.19165277,0.22708208858966827,0.3790000081062317,0.1289999932050705
YEL027W,YLR431C,1,0.19150531,0.227544903755188,0.3799999952316284,0.1289999932050705
YPR124W,YER082C,0,0.19125608,0.2274087369441986,0.3799999952316284,0.1290999948978424
YJR121W,YPL143W,0,0.19115627,0.22727273404598236,0.3799999952316284,0.12919999659061432
YCR054C,YDR242W,0,0.19070551,0.22713688015937805,0.3799999952316284,0.12929999828338623
YJL066C,YDR364C,0,0.1906626,0.22700119018554688,0.3799999952316284,0.12939999997615814
YDR497C,YOR278W,0,0.19064331,0.22686567902565002,0.3799999952316284,0.12950000166893005
YGR132C,YOL140W,0,0.19050822,0.2267303168773651,0.3799999952316284,0.12960000336170197
YHR098C,YGR088W,0,0.19019511,0.22659510374069214,0.3799999952316284,0.12970000505447388
YPL019C,YBR217W,1,0.19001928,0.22705602645874023,0.38100001215934753,0.12970000505447388
YDL149W,YLR431C,1,0.18950236,0.22751638293266296,0.38199999928474426,0.12970000505447388
YLL050C,YLR165C,0,0.18876973,0.22738094627857208,0.38199999928474426,0.1298000067472458
YDR079W,YOL060C,0,0.18842715,0.22724568843841553,0.38199999928474426,0.1298999935388565
YEL070W,YDL179W,0,0.18807179,0.2271105796098709,0.38199999928474426,0.12999999523162842
YDR197W,YMR061W,0,0.18796685,0.22697563469409943,0.38199999928474426,0.13009999692440033
YIL026C,YMR216C,0,0.18768585,0.22684085369110107,0.38199999928474426,0.13019999861717224
YOL111C,YDR329C,0,0.18761754,0.22670623660087585,0.38199999928474426,0.13030000030994415
YGR074W,YDR237W,0,0.18631709,0.22657176852226257,0.38199999928474426,0.13040000200271606
YJL164C,YBL041W,0,0.18617249,0.22643746435642242,0.38199999928474426,0.13050000369548798
YBL016W,YKL188C,0,0.1859254,0.2263033241033554,0.38199999928474426,0.1306000053882599
YLR396C,YML070W,0,0.1839782,0.22616933286190033,0.38199999928474426,0.1307000070810318
YNL078W,YER124C,0,0.18273786,0.22603550553321838,0.38199999928474426,0.13079999387264252
YKL171W,YMR301C,0,0.18253317,0.22590182721614838,0.38199999928474426,0.13089999556541443
YHL033C,YDR126W,0,0.18226737,0.2257683277130127,0.38199999928474426,0.13099999725818634
YMR168C,YGR255C,0,0.18219188,0.22563496232032776,0.38199999928474426,0.13109999895095825
YLR079W,YNL189W,0,0.18126807,0.22550177574157715,0.38199999928474426,0.13120000064373016
YOL067C,YDR540C,0,0.18092796,0.22536873817443848,0.38199999928474426,0.13130000233650208
YDR529C,YHR119W,0,0.18078822,0.22523584961891174,0.38199999928474426,0.131400004029274
YOR242C,YAL010C,0,0.18033725,0.22510312497615814,0.38199999928474426,0.1315000057220459
YDL146W,YPR132W,0,0.17959476,0.22497054934501648,0.38199999928474426,0.1316000074148178
YLR148W,YPL045W,1,0.17950377,0.22542671859264374,0.382999986410141,0.1316000074148178
YEL070W,YGR167W,0,0.1794196,0.2252941131591797,0.382999986410141,0.13169999420642853
YDR229W,YOR326W,1,0.1786783,0.22574955224990845,0.3840000033378601,0.13169999420642853
YNL242W,YDL077C,1,0.17858154,0.22620446979999542,0.38499999046325684,0.13169999420642853
YLR408C,YMR043W,0,0.17842728,0.22607164084911346,0.38499999046325684,0.13179999589920044
YNL117W,YGR229C,0,0.17787716,0.22593896090984344,0.38499999046325684,0.13189999759197235
YNL280C,YNL335W,0,0.1776684,0.22580644488334656,0.38499999046325684,0.13199999928474426
YER048W-A,YOR063W,0,0.17720222,0.2256740927696228,0.38499999046325684,0.13210000097751617
YPL082C,YPR096C,0,0.17712948,0.225541889667511,0.38499999046325684,0.13220000267028809
YPL118W,YGL130W,0,0.17703465,0.2254098355770111,0.38499999046325684,0.13230000436306
YOR138C,YNL093W,0,0.17701048,0.22527794539928436,0.38499999046325684,0.1324000060558319
YPL045W,YBR080C,1,0.17665103,0.2257310003042221,0.38600000739097595,0.1324000060558319
YGL227W,YAL022C,0,0.17627174,0.22559906542301178,0.38600000739097595,0.13249999284744263
YNL083W,YNL005C,0,0.17585996,0.22546729445457458,0.38600000739097595,0.13259999454021454
YPR032W,YLR301W,0,0.17577651,0.22533567249774933,0.38600000739097595,0.13269999623298645
YOR382W,YMR198W,0,0.17576498,0.225204199552536,0.38600000739097595,0.13279999792575836
YDR219C,YDR436W,0,0.17558932,0.22507289052009583,0.38600000739097595,0.13289999961853027
YGL145W,YML104C,0,0.1746997,0.22494173049926758,0.38600000739097595,0.13300000131130219
YNL037C,YKL041W,0,0.17421687,0.22481071949005127,0.38600000739097595,0.1331000030040741
YJL160C,YML070W,0,0.1742019,0.2246798574924469,0.38600000739097595,0.133200004696846
YBL088C,YBR287W,0,0.1738742,0.22454915940761566,0.38600000739097595,0.13330000638961792
YJR078W,YGL208W,0,0.17384881,0.22441861033439636,0.38600000739097595,0.13339999318122864
YLR035C-A,YGR104C,0,0.17364776,0.224288210272789,0.38600000739097595,0.13349999487400055
YHR056C,YLR028C,0,0.17344022,0.22415795922279358,0.38600000739097595,0.13359999656677246
YLL003W,YKL165C,0,0.17342174,0.2240278571844101,0.38600000739097595,0.13369999825954437
YLR327C,YHR072W,0,0.17291719,0.22389791905879974,0.38600000739097595,0.13379999995231628
YGL191W,YLR158C,0,0.17210683,0.22376811504364014,0.38600000739097595,0.1339000016450882
YNL115C,YFR004W,0,0.17188936,0.22363847494125366,0.38600000739097595,0.1340000033378601
YBL079W,YML111W,0,0.17148685,0.22350896894931793,0.38600000739097595,0.13410000503063202
YOL082W,YDL227C,0,0.17106873,0.22337962687015533,0.38600000739097595,0.13420000672340393
YDL144C,YDR408C,0,0.17069072,0.22325043380260468,0.38600000739097595,0.13429999351501465
YLR048W,YMR013C,0,0.17007712,0.22312138974666595,0.38600000739097595,0.13439999520778656
YBL074C,YGR035C,0,0.1699999,0.22299249470233917,0.38600000739097595,0.13449999690055847
YJL164C,YOR308C,0,0.16975307,0.22286374866962433,0.38600000739097595,0.13459999859333038
YGR222W,YJR130C,0,0.16835138,0.22273513674736023,0.38600000739097595,0.1347000002861023
YAL053W,YHR161C,0,0.16811675,0.22260668873786926,0.38600000739097595,0.1348000019788742
YLR093C,YOR068C,1,0.16766751,0.22305475175380707,0.3869999945163727,0.1348000019788742
YGL173C,YBL097W,0,0.1674012,0.2229262739419937,0.3869999945163727,0.13490000367164612
YDR314C,YDR364C,0,0.16647404,0.2227979302406311,0.3869999945163727,0.13500000536441803
YDR156W,YJL060W,0,0.16547883,0.22266973555088043,0.3869999945163727,0.13510000705718994
YHR112C,YDR392W,0,0.16531172,0.2225416898727417,0.3869999945163727,0.13519999384880066
YGL048C,YER133W,0,0.16524947,0.2224137932062149,0.3869999945163727,0.13529999554157257
YMR008C,YMR029C,0,0.16495034,0.22228604555130005,0.3869999945163727,0.13539999723434448
YMR319C,YLR182W,0,0.16481051,0.22215843200683594,0.3869999945163727,0.1354999989271164
YJL192C,YBR110W,0,0.16439587,0.22203098237514496,0.3869999945163727,0.1356000006198883
YCR026C,YDR107C,0,0.16423112,0.22190366685390472,0.3869999945163727,0.13570000231266022
YDR466W,YEL021W,0,0.16374347,0.22177650034427643,0.3869999945163727,0.13580000400543213
YNL242W,YDR229W,1,0.16370279,0.2222222238779068,0.3880000114440918,0.13580000400543213
YOR100C,YLR264W,0,0.16363159,0.22209501266479492,0.3880000114440918,0.13590000569820404
YDL004W,YOR054C,0,0.16284001,0.22196796536445618,0.3880000114440918,0.13600000739097595
YDR414C,YJR016C,0,0.16269648,0.22184105217456818,0.3880000114440918,0.13609999418258667
YLR148W,YHR138C,1,0.16209841,0.22228571772575378,0.3889999985694885,0.13609999418258667
YGL038C,YDR473C,0,0.16183242,0.2221587598323822,0.3889999985694885,0.13619999587535858
YGL180W,YLR423C,1,0.1613583,0.2226027399301529,0.38999998569488525,0.13619999587535858
YEL052W,YLR098C,0,0.16128147,0.22247575223445892,0.38999998569488525,0.1362999975681305
YOR140W,YDR255C,0,0.1612247,0.2223489135503769,0.38999998569488525,0.1363999992609024
YOR256C,YIL101C,0,0.16113067,0.2222222238779068,0.38999998569488525,0.13650000095367432
YPR168W,YDL198C,0,0.16077721,0.22209566831588745,0.38999998569488525,0.13660000264644623
YFL018C,YJL093C,0,0.1604119,0.22196926176548004,0.38999998569488525,0.13670000433921814
YOR374W,YPR167C,0,0.16039929,0.22184300422668457,0.38999998569488525,0.13680000603199005
YKL164C,YGL113W,0,0.159987,0.22171688079833984,0.38999998569488525,0.13689999282360077
YLR148W,YHR174W,1,0.15968534,0.22215908765792847,0.39100000262260437,0.13689999282360077
YFL010W-A,YDL101C,0,0.15927044,0.22203293442726135,0.39100000262260437,0.13699999451637268
YBR177C,YFL021W,0,0.15894154,0.22190693020820618,0.39100000262260437,0.1370999962091446
YIL004C,YAL001C,0,0.15885133,0.22178106009960175,0.39100000262260437,0.1371999979019165
YJL214W,YJL151C,0,0.15763062,0.22165532410144806,0.39100000262260437,0.13729999959468842
YNL242W,YGR254W,1,0.15710568,0.22209632396697998,0.3919999897480011,0.13729999959468842
YOL082W,YOR217W,0,0.15684801,0.2219705581665039,0.3919999897480011,0.13740000128746033
YGL256W,YIL002C,0,0.15634531,0.22184494137763977,0.3919999897480011,0.13750000298023224
YOL034W,YGL068W,0,0.1556283,0.22171945869922638,0.3919999897480011,0.13760000467300415
YHR005C-A,YOR054C,0,0.15532023,0.22159412503242493,0.3919999897480011,0.13770000636577606
YLR431C,YIL041W,1,0.15477669,0.22203390300273895,0.3930000066757202,0.13770000636577606
YDL144C,YCR026C,0,0.15475515,0.22190852463245392,0.3930000066757202,0.13779999315738678
YMR168C,YMR280C,0,0.15448904,0.22178329527378082,0.3930000066757202,0.1378999948501587
YOR196C,YOR337W,0,0.15390775,0.22165820002555847,0.3930000066757202,0.1379999965429306
YBR240C,YGR009C,0,0.15381292,0.22153325378894806,0.3930000066757202,0.13809999823570251
YDR479C,YJR112W,0,0.15379488,0.22140845656394958,0.3930000066757202,0.13819999992847443
YGL040C,YDL171C,0,0.15279913,0.22128377854824066,0.3930000066757202,0.13830000162124634
YLR024C,YNL258C,0,0.1522868,0.22115926444530487,0.3930000066757202,0.13840000331401825
YDR126W,YER072W,1,0.15174851,0.22159729897975922,0.39399999380111694,0.13840000331401825
YBR083W,YLL009C,0,0.15165761,0.22147274017333984,0.39399999380111694,0.13850000500679016
YGL155W,YOL075C,0,0.15098825,0.22134831547737122,0.39399999380111694,0.13860000669956207
YLR396C,YOL147C,0,0.14947,0.22122402489185333,0.39399999380111694,0.1386999934911728
YDL206W,YHR042W,0,0.14938211,0.2210998833179474,0.39399999380111694,0.1387999951839447
YJL052W,YNL239W,0,0.14912894,0.22097589075565338,0.39399999380111694,0.1388999968767166
YOR219C,YHR004C,0,0.14885011,0.22085201740264893,0.39399999380111694,0.13899999856948853
YCL075W,YCR098C,0,0.14847681,0.2207282930612564,0.39399999380111694,0.13910000026226044
YCR040W,YJL156C,0,0.1483225,0.22060470283031464,0.39399999380111694,0.13920000195503235
YOR293W,YAR003W,0,0.14800006,0.2204812467098236,0.39399999380111694,0.13930000364780426
YBL078C,YIL041W,1,0.14794567,0.2209172248840332,0.39500001072883606,0.13930000364780426
YGL040C,YKL216W,0,0.14770675,0.2207937389612198,0.39500001072883606,0.13940000534057617
YDR224C,YGR077C,0,0.14756206,0.22067038714885712,0.39500001072883606,0.13950000703334808
YPL042C,YJL213W,0,0.14738533,0.22054718434810638,0.39500001072883606,0.1395999938249588
YNL079C,YLR043C,1,0.14720988,0.2209821492433548,0.3959999978542328,0.1395999938249588
YCL075W,YPL033C,0,0.14716092,0.22085890173912048,0.3959999978542328,0.1396999955177307
YOR344C,YDR071C,0,0.1469076,0.22073578834533691,0.3959999978542328,0.13979999721050262
YLR389C,YAR050W,0,0.1468901,0.2206128090620041,0.3959999978542328,0.13989999890327454
YNL083W,YER154W,0,0.14618522,0.2204899787902832,0.3959999978542328,0.14000000059604645
YDL192W,YCL057W,0,0.14565977,0.22036728262901306,0.3959999978542328,0.14010000228881836
YDR411C,YJL066C,0,0.14498636,0.22024472057819366,0.3959999978542328,0.14020000398159027
YNL302C,YJL060W,0,0.14476785,0.220122292637825,0.3959999978542328,0.14030000567436218
YMR100W,YPR166C,0,0.14471129,0.2199999988079071,0.3959999978542328,0.1404000073671341
YOR035C,YGR282C,0,0.1442517,0.21987783908843994,0.3959999978542328,0.1404999941587448
YOL038W,YJR092W,0,0.14380673,0.21975582838058472,0.3959999978542328,0.14059999585151672
YOR332W,YNL242W,1,0.1432342,0.22018857300281525,0.3970000147819519,0.14059999585151672
YCL063W,YDL149W,1,0.14320233,0.22062084078788757,0.39800000190734863,0.14059999585151672
YLR390W,YLR414C,0,0.14256087,0.22049862146377563,0.39800000190734863,0.14069999754428864
YHR060W,YBR273C,0,0.14245367,0.22037652134895325,0.39800000190734863,0.14079999923706055
YPR072W,YNL220W,0,0.14229482,0.2202545702457428,0.39800000190734863,0.14090000092983246
YCR002C,YDR483W,0,0.14198187,0.2201327383518219,0.39800000190734863,0.14100000262260437
YDL128W,YAL012W,0,0.1418232,0.22001105546951294,0.39800000190734863,0.14110000431537628
YEL027W,YHR138C,1,0.14173251,0.22044198215007782,0.39899998903274536,0.14110000431537628
YKL210W,YMR291W,0,0.14129815,0.22032026946544647,0.39899998903274536,0.1412000060081482
YNR036C,YNR035C,0,0.14129743,0.22019867599010468,0.39899998903274536,0.1412999927997589
YNL092W,YOR340C,0,0.1411778,0.22007721662521362,0.39899998903274536,0.14139999449253082
YPL150W,YOR159C,0,0.13952836,0.21995589137077332,0.39899998903274536,0.14149999618530273
YLR393W,YGL047W,0,0.13940471,0.21983471512794495,0.39899998903274536,0.14159999787807465
YDR334W,YKL096W-A,0,0.13812214,0.21971365809440613,0.39899998903274536,0.14169999957084656
YER004W,YMR130W,0,0.1380629,0.21959273517131805,0.39899998903274536,0.14180000126361847
YBR185C,YBR203W,0,0.137983,0.21947194635868073,0.39899998903274536,0.14190000295639038
YGR255C,YPR066W,0,0.13787624,0.21935129165649414,0.39899998903274536,0.1420000046491623
YLR233C,YHR098C,0,0.13769707,0.2192307710647583,0.39899998903274536,0.1421000063419342
YLR029C,YMR145C,0,0.13764745,0.2191103845834732,0.39899998903274536,0.14219999313354492
YIL111W,YJR110W,0,0.13605401,0.21899011731147766,0.39899998903274536,0.14229999482631683
YHR027C,YHR002W,0,0.13572755,0.21886999905109406,0.39899998903274536,0.14239999651908875
YDR117C,YHR171W,0,0.13539112,0.21875,0.39899998903274536,0.14249999821186066
YFL039C,YBR109C,1,0.13502052,0.21917808055877686,0.4000000059604645,0.14249999821186066
YDR169C,YMR117C,0,0.13464388,0.2190580517053604,0.4000000059604645,0.14259999990463257
YNL329C,YNL005C,0,0.13373953,0.21893815696239471,0.4000000059604645,0.14270000159740448
YFR032C-A,YNL039W,0,0.1331614,0.21881838142871857,0.4000000059604645,0.1428000032901764
YGL004C,YGR241C,0,0.13270265,0.21869874000549316,0.4000000059604645,0.1429000049829483
YOL018C,YIL023C,0,0.13254526,0.2185792326927185,0.4000000059604645,0.14300000667572021
YOR251C,YNL272C,0,0.13237566,0.2184598594903946,0.4000000059604645,0.14309999346733093
YPL022W,YIL051C,0,0.1322957,0.21834060549736023,0.4000000059604645,0.14319999516010284
YPR183W,YHR023W,0,0.13194346,0.2182215005159378,0.4000000059604645,0.14329999685287476
YLR163C,YLR120C,0,0.13184848,0.21810251474380493,0.4000000059604645,0.14339999854564667
YJR088C,YLR320W,0,0.13177097,0.2179836481809616,0.4000000059604645,0.14350000023841858
YBR084C-A,YML052W,0,0.13041103,0.21786493062973022,0.4000000059604645,0.1436000019311905
YOR211C,YLR145W,0,0.13001215,0.2177463322877884,0.4000000059604645,0.1437000036239624
YJL117W,YDR202C,0,0.12971067,0.2176278531551361,0.4000000059604645,0.14380000531673431
YKL093W,YNR043W,0,0.12950525,0.21750952303409576,0.4000000059604645,0.14390000700950623
YDR126W,YFL039C,1,0.12908754,0.21793478727340698,0.4009999930858612,0.14390000700950623
YGL251C,YFL004W,0,0.12897325,0.21781639754772186,0.4009999930858612,0.14399999380111694
YER078C,YLR153C,0,0.12878293,0.21769815683364868,0.4009999930858612,0.14409999549388885
YLR270W,YBL026W,0,0.12866244,0.21758003532886505,0.4009999930858612,0.14419999718666077
YDL149W,YIL138C,1,0.12848788,0.21800433099269867,0.4020000100135803,0.14419999718666077
YOR349W,YDL052C,0,0.12837872,0.21788617968559265,0.4020000100135803,0.14429999887943268
YIR002C,YPL226W,0,0.12811422,0.21776814758777618,0.4020000100135803,0.1444000005722046
YBR095C,YNR036C,0,0.12804961,0.21765024960041046,0.4020000100135803,0.1445000022649765
YML001W,YLR386W,1,0.1276614,0.21807359158992767,0.40299999713897705,0.1445000022649765
YLR305C,YBL078C,0,0.12752312,0.21795564889907837,0.40299999713897705,0.1446000039577484
YPR184W,YMR200W,0,0.12733209,0.2178378403186798,0.40299999713897705,0.14470000565052032
YKL124W,YOR326W,0,0.12708646,0.2177201509475708,0.40299999713897705,0.14480000734329224
YGR252W,YER021W,0,0.12690103,0.21760259568691254,0.40299999713897705,0.14489999413490295
YBL091C-A,YNR003C,0,0.12675104,0.21748515963554382,0.40299999713897705,0.14499999582767487
YCR067C,YLR033W,0,0.12638712,0.21736785769462585,0.40299999713897705,0.14509999752044678
YJR091C,YKR068C,0,0.12629786,0.21725067496299744,0.40299999713897705,0.1451999992132187
YPR149W,YPR006C,0,0.12575206,0.21713362634181976,0.40299999713897705,0.1453000009059906
YBL101C,YOR037W,0,0.12553778,0.21701669692993164,0.40299999713897705,0.1454000025987625
YIR015W,YML078W,0,0.12519139,0.21689988672733307,0.40299999713897705,0.14550000429153442
YGL178W,YHR203C,0,0.12503928,0.21678321063518524,0.40299999713897705,0.14560000598430634
YGL090W,YPL019C,0,0.12397628,0.21666666865348816,0.40299999713897705,0.14569999277591705
YML073C,YOR270C,0,0.12358525,0.21655024588108063,0.40299999713897705,0.14579999446868896
YER004W,YDL082W,0,0.12347054,0.21643394231796265,0.40299999713897705,0.14589999616146088
YIL048W,YDL149W,1,0.12324292,0.2168545424938202,0.40400001406669617,0.14589999616146088
YPL092W,YPL091W,0,0.12274515,0.21673819422721863,0.40400001406669617,0.1459999978542328
YBR109C,YOR068C,1,0.12243413,0.21715818345546722,0.4050000011920929,0.1459999978542328
YLR390W,YER190W,0,0.12157688,0.21704180538654327,0.4050000011920929,0.1460999995470047
YIL162W,YCR009C,0,0.12134873,0.21692554652690887,0.4050000011920929,0.1462000012397766
YGL060W,YOR270C,0,0.12103098,0.21680942177772522,0.4050000011920929,0.14630000293254852
YHR044C,YMR292W,0,0.12098407,0.21669341623783112,0.4050000011920929,0.14640000462532043
YLR372W,YJR082C,0,0.120247625,0.21657754480838776,0.4050000011920929,0.14650000631809235
YLR265C,YEL062W,0,0.11999185,0.21646179258823395,0.4050000011920929,0.14659999310970306
YEL038W,YDL040C,0,0.119810276,0.2163461595773697,0.4050000011920929,0.14669999480247498
YGL037C,YDR503C,0,0.119674556,0.21623064577579498,0.4050000011920929,0.1467999964952469
YBR105C,YBR217W,1,0.11963054,0.2166488766670227,0.4059999883174896,0.1467999964952469
YLR429W,YLR312W-A,0,0.11937707,0.2165333330631256,0.4059999883174896,0.1468999981880188
YLR093C,YIL138C,1,0.11915123,0.21695095300674438,0.40700000524520874,0.1468999981880188
YMR244C-A,YNR016C,0,0.1189953,0.2168353796005249,0.40700000524520874,0.1469999998807907
YKL164C,YLR050C,0,0.118981,0.21671991050243378,0.40700000524520874,0.14710000157356262
YNL280C,YMR193W,0,0.118856706,0.2166045755147934,0.40700000524520874,0.14720000326633453
YNL078W,YGR295C,0,0.11851721,0.21648935973644257,0.40700000524520874,0.14730000495910645
YDR197W,YIL080W,0,0.11815091,0.2163742631673813,0.40700000524520874,0.14740000665187836
YJL091C,YGL004C,0,0.11810746,0.21625930070877075,0.40700000524520874,0.14749999344348907
YJL008C,YIR014W,0,0.11729524,0.21614445745944977,0.40700000524520874,0.147599995136261
YBR068C,YML025C,0,0.11714814,0.21602971851825714,0.40700000524520874,0.1476999968290329
YBR022W,YIL046W,0,0.11708341,0.21591511368751526,0.40700000524520874,0.1477999985218048
YHR039C-A,YAL024C,0,0.11630041,0.21580064296722412,0.40700000524520874,0.14790000021457672
YPL195W,YDR216W,0,0.11614262,0.21568627655506134,0.40700000524520874,0.14800000190734863
YIL122W,YBR012W-A,0,0.11589406,0.2155720293521881,0.40700000524520874,0.14810000360012054
YGL220W,YLR142W,0,0.115870975,0.21545791625976562,0.40700000524520874,0.14820000529289246
YJL139C,YER027C,0,0.115314,0.2153439223766327,0.40700000524520874,0.14830000698566437
YKL171W,YDL005C,0,0.115231164,0.2152300328016281,0.40700000524520874,0.14839999377727509
YKL038W,YIR035C,0,0.11522321,0.21511627733707428,0.40700000524520874,0.148499995470047
YGR206W,YHR160C,0,0.11434036,0.21500264108181,0.40700000524520874,0.1485999971628189
YOR058C,YNL009W,0,0.11419373,0.21488912403583527,0.40700000524520874,0.14869999885559082
YBR080C,YHR039C-A,1,0.11412545,0.215303435921669,0.40799999237060547,0.14869999885559082
YJL124C,YGL179C,0,0.1139502,0.2151898741722107,0.40799999237060547,0.14880000054836273
YOR044W,YOR301W,0,0.113743864,0.21507643163204193,0.40799999237060547,0.14890000224113464
YFL048C,YFL062W,0,0.11364461,0.2149631232023239,0.40799999237060547,0.14900000393390656
YER185W,YDR423C,0,0.11344861,0.21484991908073425,0.40799999237060547,0.14910000562667847
YBR286W,YPR137W,0,0.11301742,0.21473684906959534,0.40799999237060547,0.14920000731945038
YJR144W,YHL032C,0,0.11281826,0.21462388336658478,0.40799999237060547,0.1492999941110611
YGL035C,YCL074W,0,0.112686895,0.21451103687286377,0.40799999237060547,0.149399995803833
YOR014W,YDR051C,0,0.11200758,0.2143983244895935,0.40799999237060547,0.14949999749660492
YER054C,YOR245C,0,0.1117749,0.2142857164144516,0.40799999237060547,0.14959999918937683
YNR050C,YCL004W,0,0.11147506,0.21417322754859924,0.40799999237060547,0.14970000088214874
YGR035C,YDR120C,0,0.11143982,0.21406085789203644,0.40799999237060547,0.14980000257492065
YOL075C,YDL055C,0,0.11109132,0.21394860744476318,0.40799999237060547,0.14990000426769257
YHR211W,YDL045C,0,0.111052655,0.21383647620677948,0.40799999237060547,0.15000000596046448
YOL108C,YGL236C,0,0.11085429,0.21372446417808533,0.40799999237060547,0.1500999927520752
YKR008W,YMR233W,0,0.110198714,0.21361257135868073,0.40799999237060547,0.1501999944448471
YFL033C,YMR044W,0,0.10979917,0.21350078284740448,0.40799999237060547,0.15029999613761902
YBL078C,YER072W,1,0.10975855,0.21391212940216064,0.4090000092983246,0.15029999613761902
YPL045W,YDR495C,1,0.10963976,0.21432305872440338,0.4099999964237213,0.15029999613761902
YPL268W,YNR057C,0,0.109196104,0.21421107649803162,0.4099999964237213,0.15039999783039093
YHR216W,YGR175C,0,0.109108694,0.2140992134809494,0.4099999964237213,0.15049999952316284
YDR453C,YOR069W,0,0.10908679,0.21398746967315674,0.4099999964237213,0.15060000121593475
YKL148C,YOR344C,0,0.1090546,0.21387584507465363,0.4099999964237213,0.15070000290870667
YLR431C,YNL223W,1,0.1088038,0.2142857164144516,0.41100001335144043,0.15070000290870667
YIR002C,YLR208W,0,0.108522065,0.2141740471124649,0.41100001335144043,0.15080000460147858
YBR299W,YDL055C,0,0.10851486,0.21406249701976776,0.41100001335144043,0.1509000062942505
YLL033W,YBR235W,0,0.107959464,0.21395106613636017,0.41100001335144043,0.1509999930858612
YBR230C,YGL233W,0,0.10738279,0.21383975446224213,0.41100001335144043,0.15109999477863312
YPR103W,YER018C,0,0.10732233,0.21372854709625244,0.41100001335144043,0.15119999647140503
YLL027W,YGL062W,0,0.10725488,0.2136174589395523,0.41100001335144043,0.15129999816417694
YOR384W,YDR531W,0,0.10689359,0.21350648999214172,0.41100001335144043,0.15139999985694885
YHR007C,YKL065C,0,0.10679185,0.2133956402540207,0.41100001335144043,0.15150000154972076
YMR179W,YLL038C,0,0.10602163,0.21328489482402802,0.41100001335144043,0.15160000324249268
YOR332W,YML001W,1,0.10481443,0.21369294822216034,0.41200000047683716,0.15160000324249268
YDR527W,YKR105C,0,0.10480878,0.21358217298984528,0.41200000047683716,0.1517000049352646
YJR026W,YNL080C,0,0.104499504,0.21347150206565857,0.41200000047683716,0.1518000066280365
YMR188C,YIR033W,0,0.10446455,0.2133609503507614,0.41200000047683716,0.15189999341964722
YHR004C,YDL033C,0,0.10410819,0.2132505178451538,0.41200000047683716,0.15199999511241913
YMR005W,YGR279C,0,0.10405264,0.21314018964767456,0.41200000047683716,0.15209999680519104
YLR093C,YNL326C,1,0.10403202,0.21354705095291138,0.4129999876022339,0.15209999680519104
YPL045W,YNL015W,1,0.10385082,0.21395349502563477,0.414000004529953,0.15209999680519104
YLR192C,YDL121C,0,0.103654854,0.21384297311306,0.414000004529953,0.15219999849796295
YAL002W,YDR495C,1,0.10364499,0.21424883604049683,0.41499999165534973,0.15219999849796295
YNR067C,YHR200W,0,0.10349079,0.21413828432559967,0.41499999165534973,0.15230000019073486
YHR105W,YNL152W,0,0.10310768,0.21402785181999207,0.41499999165534973,0.15240000188350677
YML001W,YMR231W,1,0.10276272,0.2144329845905304,0.41600000858306885,0.15240000188350677
YLR314C,YIL023C,0,0.10274767,0.2143225073814392,0.41600000858306885,0.1525000035762787
YMR045C,YBR173C,0,0.10273312,0.21421214938163757,0.41600000858306885,0.1526000052690506
YGL229C,YIR006C,0,0.10267695,0.2141019105911255,0.41600000858306885,0.1527000069618225
YKL008C,YKR014C,0,0.1026207,0.21399177610874176,0.41600000858306885,0.15279999375343323
YLR135W,YFL055W,0,0.10251316,0.2138817459344864,0.41600000858306885,0.15289999544620514
YIL138C,YAL040C,1,0.102465965,0.2142857164144516,0.4169999957084656,0.15289999544620514
YOR312C,YMR297W,0,0.102195255,0.21417565643787384,0.4169999957084656,0.15299999713897705
YGL134W,YBR296C,0,0.101630986,0.21406571567058563,0.4169999957084656,0.15309999883174896
YPR156C,YIR033W,0,0.10159267,0.21395587921142578,0.4169999957084656,0.15320000052452087
YDR067C,YOL060C,0,0.100888796,0.2138461470603943,0.4169999957084656,0.15330000221729279
YGR221C,YML109W,0,0.10054501,0.21373654901981354,0.4169999957084656,0.1534000039100647
YBR080C,YGR026W,0,0.10031449,0.21362705528736115,0.4169999957084656,0.1535000056028366
YLR405W,YPR167C,0,0.10015233,0.2135176658630371,0.4169999957084656,0.15360000729560852
YLR329W,YDR341C,0,0.09992901,0.21340839564800262,0.4169999957084656,0.15369999408721924
YGR225W,YOL140W,0,0.09989846,0.2132992297410965,0.4169999957084656,0.15379999577999115
YDR131C,YKL208W,0,0.09937123,0.21319018304347992,0.4169999957084656,0.15389999747276306
YDL146W,YKR069W,0,0.098930724,0.2130812406539917,0.4169999957084656,0.15399999916553497
YOL026C,YLL036C,0,0.09783403,0.21297241747379303,0.4169999957084656,0.15410000085830688
YIL135C,YLR033W,0,0.097232156,0.21286369860172272,0.4169999957084656,0.1542000025510788
YCL043C,YJR135C,0,0.09720532,0.21275509893894196,0.4169999957084656,0.1543000042438507
YML001W,YLR043C,1,0.09698725,0.2131565511226654,0.4180000126361847,0.1543000042438507
YKL143W,YDR402C,0,0.09683071,0.21304790675640106,0.4180000126361847,0.15440000593662262
YGR032W,YCL057C-A,0,0.096415214,0.21293938159942627,0.4180000126361847,0.15449999272823334
YDR126W,YHR174W,1,0.09540204,0.21334011852741241,0.4189999997615814,0.15449999272823334
YAL002W,YNL223W,1,0.094816476,0.21374045312404633,0.41999998688697815,0.15449999272823334
YGR108W,YPL084W,0,0.09402969,0.213631734251976,0.41999998688697815,0.15459999442100525
YHR094C,YER030W,0,0.09393174,0.21352313458919525,0.41999998688697815,0.15469999611377716
YHR064C,YMR203W,0,0.09350757,0.21341463923454285,0.41999998688697815,0.15479999780654907
YER088C,YOR008C,0,0.09280185,0.2133062481880188,0.41999998688697815,0.15489999949932098
YDR229W,YLR386W,1,0.092321776,0.21370558440685272,0.42100000381469727,0.15489999949932098
YML125C,YOR142W,0,0.092290394,0.2135971635580063,0.42100000381469727,0.1550000011920929
YOR204W,YJL203W,0,0.09214889,0.2134888470172882,0.42100000381469727,0.1551000028848648
YIL115C,YPR196W,0,0.09192544,0.2133806347846985,0.42100000381469727,0.15520000457763672
YPL217C,YKL107W,0,0.09191821,0.21327254176139832,0.42100000381469727,0.15530000627040863
YGL008C,YCL052C,0,0.091859944,0.2131645530462265,0.42100000381469727,0.15539999306201935
YDL129W,YHR200W,0,0.091440305,0.21305668354034424,0.42100000381469727,0.15549999475479126
YJL117W,YDL045W-A,0,0.09115673,0.21294891834259033,0.42100000381469727,0.15559999644756317
YJL048C,YHL019C,0,0.090997554,0.21284125745296478,0.42100000381469727,0.15569999814033508
YLR396C,YBR217W,1,0.09098042,0.21323901414871216,0.421999990940094,0.15569999814033508
YNR074C,YDL066W,0,0.09058313,0.21313130855560303,0.421999990940094,0.155799999833107
YDL070W,YPL208W,0,0.089455344,0.21302372217178345,0.421999990940094,0.1559000015258789
YKL208W,YGR054W,0,0.088438466,0.21291624009609222,0.421999990940094,0.15600000321865082
YKL208W,YLR098C,0,0.08836446,0.21280887722969055,0.421999990940094,0.15610000491142273
YBL039C,YDR047W,0,0.08829606,0.21270161867141724,0.421999990940094,0.15620000660419464
YIL079C,YKL161C,0,0.08808755,0.21259446442127228,0.421999990940094,0.15629999339580536
YCL063W,YBR080C,1,0.08807825,0.21299093961715698,0.4230000078678131,0.15629999339580536
YFL048C,YHR083W,0,0.088016056,0.21288374066352844,0.4230000078678131,0.15639999508857727
YBR297W,YNL223W,0,0.08780421,0.21277666091918945,0.4230000078678131,0.15649999678134918
YLL039C,YBR204C,0,0.087721996,0.21266968548297882,0.4230000078678131,0.1565999984741211
YCL033C,YEL043W,0,0.087572716,0.21256281435489655,0.4230000078678131,0.156700000166893
YCL038C,YOR251C,0,0.087306045,0.21245604753494263,0.4230000078678131,0.15680000185966492
YHR010W,YOR126C,0,0.0871151,0.21234939992427826,0.4230000078678131,0.15690000355243683
YML048W,YJL099W,0,0.08700738,0.21224285662174225,0.4230000078678131,0.15700000524520874
YGL106W,YGL245W,0,0.08687242,0.2121364027261734,0.4230000078678131,0.15710000693798065
YML062C,YOR063W,0,0.08610298,0.2120300680398941,0.4230000078678131,0.15719999372959137
YOL066C,YER073W,0,0.08536225,0.21192385256290436,0.4230000078678131,0.15729999542236328
YPL045W,YNL223W,1,0.08536012,0.21231848001480103,0.42399999499320984,0.15729999542236328
YBL078C,YOR068C,1,0.08483696,0.21271272003650665,0.42500001192092896,0.15729999542236328
YJL123C,YBL097W,0,0.08438779,0.2126062959432602,0.42500001192092896,0.1573999971151352
YKL137W,YIR036C,0,0.083806925,0.21250000596046448,0.42500001192092896,0.1574999988079071
YMR137C,YMR150C,0,0.08349814,0.21239380538463593,0.42500001192092896,0.15760000050067902
YGL094C,YLR225C,0,0.08343525,0.21228770911693573,0.42500001192092896,0.15770000219345093
YHR178W,YMR289W,0,0.08259622,0.21218173205852509,0.42500001192092896,0.15780000388622284
YBR214W,YIL083C,0,0.08190579,0.2120758444070816,0.42500001192092896,0.15790000557899475
YDL225W,YCL019W,0,0.08167489,0.21197007596492767,0.42500001192092896,0.15800000727176666
YOR332W,YLR396C,1,0.08157138,0.21236291527748108,0.4259999990463257,0.15800000727176666
YFR008W,YDR158W,0,0.08091473,0.21225710213184357,0.4259999990463257,0.15809999406337738
YDR229W,YER175C,0,0.08080648,0.2121513932943344,0.4259999990463257,0.1581999957561493
YNL070W,YML007W,0,0.08048815,0.2120457887649536,0.4259999990463257,0.1582999974489212
YOR174W,YPL241C,0,0.080396935,0.21194030344486237,0.4259999990463257,0.15839999914169312
YDL204W,YOR339C,0,0.079856806,0.21183490753173828,0.4259999990463257,0.15850000083446503
YEL020C,YGR183C,0,0.07982557,0.21172961592674255,0.4259999990463257,0.15860000252723694
YML088W,YAR008W,0,0.07980235,0.21162444353103638,0.4259999990463257,0.15870000422000885
YOL117W,YNL053W,0,0.07943975,0.21151936054229736,0.4259999990463257,0.15880000591278076
YER078C,YBL022C,0,0.07937773,0.2114143967628479,0.4259999990463257,0.15889999270439148
YDL127W,YCL050C,0,0.07920287,0.2113095223903656,0.4259999990463257,0.1589999943971634
YMR093W,YDL229W,0,0.07911082,0.21120475232601166,0.4259999990463257,0.1590999960899353
YLR359W,YJL165C,0,0.079069905,0.21110010147094727,0.4259999990463257,0.15919999778270721
YFR006W,YLL033W,0,0.07820527,0.21099554002285004,0.4259999990463257,0.15929999947547913
YJR059W,YGL259W,0,0.07718562,0.21089108288288116,0.4259999990463257,0.15940000116825104
YGR109C,YGR256W,0,0.076877736,0.21078674495220184,0.4259999990463257,0.15950000286102295
YDR354W,YNL052W,0,0.076601274,0.21068249642848969,0.4259999990463257,0.15960000455379486
YCR081W,YIL101C,0,0.076269016,0.21057835221290588,0.4259999990463257,0.15970000624656677
YGR255C,YJL076W,0,0.07623079,0.21047431230545044,0.4259999990463257,0.1597999930381775
YJL024C,YDL040C,0,0.07573464,0.21037037670612335,0.4259999990463257,0.1598999947309494
YDR481C,YML104C,0,0.07571306,0.21026653051376343,0.4259999990463257,0.1599999964237213
YPL027W,YGR006W,0,0.075376906,0.21016280353069305,0.4259999990463257,0.16009999811649323
YBR245C,YPR021C,0,0.075304575,0.21005916595458984,0.4259999990463257,0.16019999980926514
YML080W,YGR059W,0,0.07524032,0.20995564758777618,0.4259999990463257,0.16030000150203705
YGR166W,YOR386W,0,0.07520693,0.2098522186279297,0.4259999990463257,0.16040000319480896
YJR092W,YNL122C,0,0.07515734,0.20974889397621155,0.4259999990463257,0.16050000488758087
YOL100W,YOL039W,0,0.07481374,0.20964567363262177,0.4259999990463257,0.16060000658035278
YLR332W,YHR069C,0,0.07470661,0.20954254269599915,0.4259999990463257,0.1606999933719635
YIR015W,YBR280C,0,0.074602,0.20943953096866608,0.4259999990463257,0.1607999950647354
YJL209W,YPL059W,0,0.07451959,0.20933660864830017,0.4259999990463257,0.16089999675750732
YDL079C,YER045C,0,0.07414109,0.20923379063606262,0.4259999990463257,0.16099999845027924
YNL129W,YLR208W,0,0.07363529,0.20913107693195343,0.4259999990463257,0.16110000014305115
YDL101C,YHR084W,0,0.0734925,0.2090284526348114,0.4259999990463257,0.16120000183582306
YPL206C,YAR035W,0,0.07342761,0.20892594754695892,0.4259999990463257,0.16130000352859497
YEL069C,YER122C,0,0.073065534,0.2088235318660736,0.4259999990463257,0.16140000522136688
YDL149W,YDR229W,1,0.072860144,0.20921117067337036,0.4269999861717224,0.16140000522136688
YNL073W,YML019W,0,0.072549686,0.20910871028900146,0.4269999861717224,0.1615000069141388
YDR409W,YPR091C,0,0.072340734,0.20900636911392212,0.4269999861717224,0.1615999937057495
YGL187C,YLR310C,0,0.07209183,0.20890410244464874,0.4269999861717224,0.16169999539852142
YPL119C,YPL139C,0,0.07191222,0.20880195498466492,0.4269999861717224,0.16179999709129333
YHL004W,YNR035C,0,0.07070833,0.20869989693164825,0.4269999861717224,0.16189999878406525
YDR151C,YDR242W,0,0.070615485,0.20859794318675995,0.4269999861717224,0.16200000047683716
YPL045W,YGR209C,1,0.07058654,0.208984375,0.42800000309944153,0.16200000047683716
YEL013W,YDL149W,1,0.06947235,0.209370419383049,0.42899999022483826,0.16200000047683716
YPR079W,YNL197C,0,0.06867423,0.20926828682422638,0.42899999022483826,0.16210000216960907
YNR023W,YAR027W,0,0.06843159,0.2091662585735321,0.42899999022483826,0.16220000386238098
YNL117W,YGL222C,0,0.06808796,0.2090643346309662,0.42899999022483826,0.1623000055551529
YNL135C,YBR152W,0,0.06753504,0.20896250009536743,0.42899999022483826,0.1624000072479248
YLR304C,YOR128C,0,0.067339875,0.20886075496673584,0.42899999022483826,0.16249999403953552
YBR109C,YGR254W,1,0.06694461,0.2092457413673401,0.4300000071525574,0.16249999403953552
YBR145W,YDL127W,0,0.06672345,0.2091439664363861,0.4300000071525574,0.16259999573230743
YOR068C,YNL223W,1,0.06668793,0.20952844619750977,0.4309999942779541,0.16259999573230743
YOL100W,YGL179C,0,0.06668583,0.2094266265630722,0.4309999942779541,0.16269999742507935
YCL011C,YOR028C,0,0.066679485,0.209324911236763,0.4309999942779541,0.16279999911785126
YDR238C,YNL007C,0,0.066544384,0.20922330021858215,0.4309999942779541,0.16290000081062317
YOR362C,YJL090C,0,0.06645928,0.20912177860736847,0.4309999942779541,0.16300000250339508
YGR220C,YKR009C,0,0.06582145,0.20902036130428314,0.4309999942779541,0.163100004196167
YNR021W,YIL140W,0,0.06563006,0.20891904830932617,0.4309999942779541,0.1632000058889389
YOR391C,YKL096W-A,0,0.065562285,0.20881782472133636,0.4309999942779541,0.16329999268054962
YGL212W,YDR032C,0,0.065269955,0.20871670544147491,0.4309999942779541,0.16339999437332153
YBR109C,YIL138C,1,0.06474746,0.20909970998764038,0.4320000112056732,0.16339999437332153
YHR152W,YGR241C,0,0.06335203,0.20899854600429535,0.4320000112056732,0.16349999606609344
YKL140W,YDL130W,0,0.063091375,0.20889748632907867,0.4320000112056732,0.16359999775886536
YOR361C,YFR019W,0,0.061982445,0.20879651606082916,0.4320000112056732,0.16369999945163727
YEL027W,YIL041W,1,0.061870627,0.20917874574661255,0.43299999833106995,0.16369999945163727
YJL136C,YPR158C-D,0,0.06159626,0.20907774567604065,0.43299999833106995,0.16380000114440918
YLR396C,YLR093C,1,0.061278798,0.20945945382118225,0.4339999854564667,0.16380000114440918
YBL078C,YNL223W,1,0.060951702,0.2098408043384552,0.4350000023841858,0.16380000114440918
YBR126C,YJL210W,0,0.060774527,0.20973964035511017,0.4350000023841858,0.1639000028371811
YER125W,YBR288C,0,0.060377076,0.2096385508775711,0.4350000023841858,0.164000004529953
YOR332W,YOR326W,1,0.05945664,0.21001926064491272,0.4359999895095825,0.164000004529953
YDR524C,YNL223W,0,0.059225373,0.20991815626621246,0.4359999895095825,0.16410000622272491
YDR144C,YML025C,0,0.059181497,0.20981712639331818,0.4359999895095825,0.16419999301433563
YDL195W,YKL012W,0,0.059146337,0.20971621572971344,0.4359999895095825,0.16429999470710754
YOL155C,YPL164C,0,0.059014477,0.20961537957191467,0.4359999895095825,0.16439999639987946
YDR260C,YOL016C,0,0.05880425,0.20951466262340546,0.4359999895095825,0.16449999809265137
YOR140W,YDR410C,0,0.058791913,0.2094140201807022,0.4359999895095825,0.16459999978542328
YDR205W,YPL098C,0,0.05870936,0.2093134969472885,0.4359999895095825,0.1647000014781952
YLR170C,YHR047C,0,0.058329813,0.2092130482196808,0.4359999895095825,0.1648000031709671
YGL103W,YBR026C,0,0.057879843,0.20911270380020142,0.4359999895095825,0.164900004863739
YJR057W,YMR070W,0,0.057863526,0.2090124636888504,0.4359999895095825,0.16500000655651093
YPR182W,YOR194C,0,0.057198696,0.20891231298446655,0.4359999895095825,0.16509999334812164
YLR040C,YGR239C,0,0.0569207,0.20881226658821106,0.4359999895095825,0.16519999504089355
YHR207C,YLR447C,0,0.056768812,0.20871230959892273,0.4359999895095825,0.16529999673366547
YPR201W,YHR175W,0,0.056360863,0.20861244201660156,0.4359999895095825,0.16539999842643738
YKL171W,YMR034C,0,0.056266278,0.20851267874240875,0.4359999895095825,0.1655000001192093
YKL161C,YLL028W,0,0.056123786,0.2084130048751831,0.4359999895095825,0.1656000018119812
YMR162C,YOR125C,0,0.056063823,0.20831342041492462,0.4359999895095825,0.1657000035047531
YNL242W,YHR174W,1,0.05565974,0.20869149267673492,0.43700000643730164,0.1657000035047531
YDR065W,YKR022C,0,0.05556438,0.20859187841415405,0.43700000643730164,0.16580000519752502
YLL013C,YBR167C,0,0.055428654,0.20849236845970154,0.43700000643730164,0.16590000689029694
YGR186W,YGR033C,0,0.055221893,0.2083929479122162,0.43700000643730164,0.16599999368190765
YKL180W,YDR258C,0,0.05479277,0.208293616771698,0.43700000643730164,0.16609999537467957
YDR425W,YGR113W,0,0.054710127,0.20819437503814697,0.43700000643730164,0.16619999706745148
YKR020W,YNL099C,0,0.054292344,0.2080952376127243,0.43700000643730164,0.1662999987602234
YOR374W,YJL047C,0,0.053791784,0.2079961895942688,0.43700000643730164,0.1664000004529953
YNL293W,YAL060W,0,0.05362352,0.20789724588394165,0.43700000643730164,0.1665000021457672
YPL042C,YCR089W,0,0.053622782,0.20779837667942047,0.43700000643730164,0.16660000383853912
YDR443C,YGR121C,0,0.05340425,0.20769962668418884,0.43700000643730164,0.16670000553131104
YBR083W,YJL170C,0,0.052029878,0.20760095119476318,0.43700000643730164,0.16680000722408295
YML091C,YGR104C,0,0.051817276,0.20750238001346588,0.43700000643730164,0.16689999401569366
YNL162W,YCL057C-A,0,0.05178483,0.20740389823913574,0.43700000643730164,0.16699999570846558
YGL212W,YKL051W,1,0.051739,0.2077798843383789,0.43799999356269836,0.16699999570846558
YPL162C,YGL259W,0,0.051382415,0.20768137276172638,0.43799999356269836,0.1670999974012375
YGL038C,YKL126W,0,0.05072411,0.20758293569087982,0.43799999356269836,0.1671999990940094
YKL003C,YML049C,0,0.049868785,0.20748460292816162,0.43799999356269836,0.1673000007867813
YJR113C,YBL067C,0,0.049562015,0.20738635957241058,0.43799999356269836,0.16740000247955322
YEL027W,YPR049C,1,0.048964255,0.2077614814043045,0.4390000104904175,0.16740000247955322
YJL121C,YMR020W,0,0.04890739,0.20766319334506989,0.4390000104904175,0.16750000417232513
YHR085W,YFL002W-B,0,0.046976395,0.20756500959396362,0.4390000104904175,0.16760000586509705
YEL063C,YLR203C,0,0.046873637,0.20746691524982452,0.4390000104904175,0.16769999265670776
YJL192C,YMR213W,0,0.046743415,0.20736892521381378,0.4390000104904175,0.16779999434947968
YOR070C,YJR014W,0,0.046331704,0.207271009683609,0.4390000104904175,0.1678999960422516
YFR021W,YDL191W,0,0.04581535,0.2071731984615326,0.4390000104904175,0.1679999977350235
YGL255W,YPL088W,0,0.04476472,0.20707547664642334,0.4390000104904175,0.1680999994277954
YER150W,YOL089C,0,0.04447902,0.20697784423828125,0.4390000104904175,0.16820000112056732
YMR032W,YPL172C,0,0.044180878,0.20688030123710632,0.4390000104904175,0.16830000281333923
YIL105C,YLR242C,0,0.043702565,0.20678284764289856,0.4390000104904175,0.16840000450611115
YGL134W,YGR199W,0,0.0436486,0.20668549835681915,0.4390000104904175,0.16850000619888306
YNL158W,YBR079C,0,0.04353004,0.2065882384777069,0.4390000104904175,0.16859999299049377
YNL030W,YDL231C,0,0.043422855,0.20649106800556183,0.4390000104904175,0.16869999468326569
YPR201W,YDR506C,0,0.04332515,0.2063939869403839,0.4390000104904175,0.1687999963760376
YGR167W,YML113W,0,0.04301954,0.20629699528217316,0.4390000104904175,0.1688999980688095
YDL097C,YJL221C,0,0.042904682,0.20620009303092957,0.4390000104904175,0.16899999976158142
YKL139W,YER087C-B,0,0.042846907,0.20610328018665314,0.4390000104904175,0.16910000145435333
YKL160W,YGR035C,0,0.042772204,0.20600657165050507,0.4390000104904175,0.16920000314712524
YPL022W,YLR308W,0,0.042402335,0.20590993762016296,0.4390000104904175,0.16930000483989716
YNL015W,YMR231W,1,0.042311497,0.20628222823143005,0.4399999976158142,0.16930000483989716
YOR306C,YNL300W,0,0.042137466,0.20618556439876556,0.4399999976158142,0.16940000653266907
YDR358W,YCR054C,0,0.042000018,0.20608898997306824,0.4399999976158142,0.16949999332427979
YOL156W,YJR017C,0,0.04176862,0.20599250495433807,0.4399999976158142,0.1695999950170517
YBR278W,YKL176C,0,0.041436534,0.20589610934257507,0.4399999976158142,0.1696999967098236
YHR206W,YKL137W,0,0.041118227,0.20579981803894043,0.4399999976158142,0.16979999840259552
YKR008W,YKR094C,0,0.040923655,0.20570360124111176,0.4399999976158142,0.16990000009536743
YDR443C,YOR123C,0,0.040685527,0.20560747385025024,0.4399999976158142,0.17000000178813934
YKL164C,YLR320W,0,0.04035505,0.2055114358663559,0.4399999976158142,0.17010000348091125
YCR067C,YOR291W,0,0.040220216,0.2054155021905899,0.4399999976158142,0.17020000517368317
YBL011W,YLR225C,0,0.040128246,0.20531964302062988,0.4399999976158142,0.17030000686645508
YHR044C,YGR239C,0,0.03982631,0.20522387325763702,0.4399999976158142,0.1703999936580658
YOR149C,YDR389W,0,0.03951567,0.20512820780277252,0.4399999976158142,0.1704999953508377
YGL026C,YGL079W,0,0.03910481,0.205032616853714,0.4399999976158142,0.17059999704360962
YML131W,YNL339C,0,0.0390554,0.20493711531162262,0.4399999976158142,0.17069999873638153
YDR473C,YPL134C,0,0.03894133,0.2048417180776596,0.4399999976158142,0.17080000042915344
YDL130W,YER051W,0,0.038915746,0.20474639534950256,0.4399999976158142,0.17090000212192535
YML069W,YLR029C,0,0.038623206,0.20465116202831268,0.4399999976158142,0.17100000381469727
YPL252C,YDL121C,0,0.038376264,0.20455601811408997,0.4399999976158142,0.17110000550746918
YPR073C,YML008C,0,0.038061105,0.2044609636068344,0.4399999976158142,0.1712000072002411
YGL156W,YML126C,0,0.037948124,0.20436599850654602,0.4399999976158142,0.1712999939918518
YDR052C,YML078W,0,0.037549756,0.2042711228132248,0.4399999976158142,0.17139999568462372
YHR188C,YOR323C,0,0.03735379,0.20417633652687073,0.4399999976158142,0.17149999737739563
YFL034C-B,YDR402C,0,0.037288062,0.20408163964748383,0.4399999976158142,0.17159999907016754
YNR032W,YBR033W,0,0.036608987,0.2039870172739029,0.4399999976158142,0.17170000076293945
YFL039C,YNL054W,1,0.03638652,0.2043558806180954,0.4410000145435333,0.17170000076293945
YAL040C,YDR495C,1,0.035824906,0.20472441613674164,0.44200000166893005,0.17170000076293945
YMR231W,YER072W,1,0.03508506,0.20509259402751923,0.4429999887943268,0.17170000076293945
YHR027C,YER145C,0,0.03504376,0.2049976885318756,0.4429999887943268,0.17180000245571136
YNR044W,YHR062C,0,0.034975536,0.20490287244319916,0.4429999887943268,0.17190000414848328
YPL019C,YLR093C,1,0.034597777,0.205270454287529,0.4440000057220459,0.17190000414848328
YGL147C,YBR235W,0,0.034344412,0.20517559349536896,0.4440000057220459,0.1720000058412552
YBR228W,YJR110W,0,0.034133382,0.20508083701133728,0.4440000057220459,0.1720999926328659
YLR270W,YNL002C,0,0.033319384,0.20498615503311157,0.4440000057220459,0.17219999432563782
YMR291W,YDR538W,0,0.032892577,0.20489156246185303,0.4440000057220459,0.17229999601840973
YAL002W,YPL019C,1,0.032797508,0.205258309841156,0.4449999928474426,0.17229999601840973
YBR118W,YFL039C,0,0.032697402,0.20516367256641388,0.4449999928474426,0.17239999771118164
YER095W,YBL026W,0,0.032680288,0.20506912469863892,0.4449999928474426,0.17249999940395355
YEL027W,YMR231W,1,0.0323319,0.20543527603149414,0.44600000977516174,0.17249999940395355
YDL079C,YMR257C,0,0.032168962,0.2053406983613968,0.44600000977516174,0.17260000109672546
YJL198W,YOR343W-A,0,0.031880457,0.2052462100982666,0.44600000977516174,0.17270000278949738
YAL063C,YHR172W,0,0.031874448,0.20515179634094238,0.44600000977516174,0.1728000044822693
YGR241C,YGR148C,0,0.03175662,0.20505747199058533,0.44600000977516174,0.1729000061750412
YEL004W,YDR310C,0,0.031477574,0.20496323704719543,0.44600000977516174,0.17299999296665192
YPR204W,YGL010W,0,0.03076712,0.2048690915107727,0.44600000977516174,0.17309999465942383
YJL191W,YLR157C-B,0,0.030487977,0.20477502048015594,0.44600000977516174,0.17319999635219574
YPL100W,YIL138C,1,0.030277714,0.20513997972011566,0.44699999690055847,0.17319999635219574
YAR007C,YGL227W,0,0.030098632,0.2050458788871765,0.44699999690055847,0.17329999804496765
YKR035W-A,YGR282C,0,0.029998258,0.20495185256004333,0.44699999690055847,0.17339999973773956
YER078C,YLR393W,0,0.02935186,0.2048579305410385,0.44699999690055847,0.17350000143051147
YMR090W,YCL010C,0,0.029343441,0.20476408302783966,0.44699999690055847,0.1736000031232834
YJR099W,YBR044C,0,0.028684288,0.20467032492160797,0.44699999690055847,0.1737000048160553
YNL292W,YDL028C,0,0.028577805,0.20457665622234344,0.44699999690055847,0.1738000065088272
YNR061C,YGR249W,0,0.028203852,0.20448307693004608,0.44699999690055847,0.17389999330043793
YBR243C,YJL090C,0,0.028095596,0.2043895721435547,0.44699999690055847,0.17399999499320984
YOR099W,YLR283W,0,0.027790643,0.20429615676403046,0.44699999690055847,0.17409999668598175
YDL005C,YPL174C,0,0.027713783,0.2042028307914734,0.44699999690055847,0.17419999837875366
YLL002W,YJL151C,0,0.027665496,0.20410959422588348,0.44699999690055847,0.17430000007152557
YIL122W,YJL210W,0,0.027380817,0.20401643216609955,0.44699999690055847,0.17440000176429749
YHR209W,YDR210W,0,0.027103506,0.20392335951328278,0.44699999690055847,0.1745000034570694
YGR188C,YBR229C,0,0.026953809,0.20383037626743317,0.44699999690055847,0.1746000051498413
YFL017W-A,YLL041C,0,0.026812278,0.20373746752738953,0.44699999690055847,0.17470000684261322
YJL178C,YOR326W,1,0.026746549,0.20410022139549255,0.4480000138282776,0.17470000684261322
YDR485C,YCR088W,0,0.026554637,0.20400728285312653,0.4480000138282776,0.17479999363422394
YDR402C,YOR180C,0,0.026255053,0.20391443371772766,0.4480000138282776,0.17489999532699585
YGR227W,YDR202C,0,0.026107624,0.20382165908813477,0.4480000138282776,0.17499999701976776
YOR284W,YDL156W,0,0.025868498,0.20372897386550903,0.4480000138282776,0.17509999871253967
YJR103W,YGR183C,0,0.025556214,0.20363636314868927,0.4480000138282776,0.17520000040531158
YIL129C,YEL015W,0,0.025085483,0.20354384183883667,0.4480000138282776,0.1753000020980835
YMR208W,YML070W,0,0.0249039,0.20345140993595123,0.4480000138282776,0.1754000037908554
YKL095W,YDR342C,0,0.024436183,0.20335905253887177,0.4480000138282776,0.17550000548362732
YOR194C,YBR241C,0,0.02435869,0.20326678454875946,0.4480000138282776,0.17560000717639923
YLR043C,YNL326C,1,0.02434647,0.20362812280654907,0.4490000009536743,0.17560000717639923
YDR363W,YBR216C,0,0.024316266,0.20353581011295319,0.4490000009536743,0.17569999396800995
YLR051C,YOR196C,0,0.023822092,0.20344358682632446,0.4490000009536743,0.17579999566078186
YKR094C,YDR461W,0,0.02353679,0.2033514529466629,0.4490000009536743,0.17589999735355377
YBR289W,YGR206W,0,0.023259751,0.2032593935728073,0.4490000009536743,0.17599999904632568
YNL241C,YGR002C,0,0.023251407,0.20316742360591888,0.4490000009536743,0.1761000007390976
YGL141W,YMR137C,0,0.023212224,0.20307552814483643,0.4490000009536743,0.1762000024318695
YEL038W,YMR197C,0,0.023148954,0.20298372209072113,0.4490000009536743,0.17630000412464142
YOR269W,YPL270W,0,0.022922017,0.202892005443573,0.4490000009536743,0.17640000581741333
YGL249W,YGL039W,0,0.022861294,0.20280036330223083,0.4490000009536743,0.17649999260902405
YDR385W,YKL201C,0,0.02276688,0.20270881056785583,0.4490000009536743,0.17659999430179596
YIL132C,YMR308C,0,0.022352442,0.2026173323392868,0.4490000009536743,0.17669999599456787
YGR023W,YML130C,0,0.022234075,0.20252592861652374,0.4490000009536743,0.17679999768733978
YIL017C,YDR329C,0,0.02179987,0.20243462920188904,0.4490000009536743,0.1768999993801117
YBR110W,YDR322C-A,0,0.021604601,0.2023434042930603,0.4490000009536743,0.1770000010728836
YIL074C,YDR182W,0,0.021581765,0.20225225389003754,0.4490000009536743,0.17710000276565552
YDL082W,YBR125C,0,0.021331266,0.20216119289398193,0.4490000009536743,0.17720000445842743
YDR018C,YER087W,0,0.020394366,0.2020702064037323,0.4490000009536743,0.17730000615119934
YBR105C,YOR068C,1,0.020292848,0.2024291455745697,0.44999998807907104,0.17730000615119934
YPR140W,YML048W,0,0.020001046,0.20233812928199768,0.44999998807907104,0.17739999294281006
YLR356W,YER008C,0,0.019873984,0.20224718749523163,0.44999998807907104,0.17749999463558197
YLR029C,YBR035C,0,0.019666113,0.20215633511543274,0.44999998807907104,0.17759999632835388
YNL297C,YGL229C,0,0.019580014,0.20206555724143982,0.44999998807907104,0.1776999980211258
YBR109C,YHR138C,1,0.019275762,0.20242369174957275,0.45100000500679016,0.1776999980211258
YGR123C,YOL002C,0,0.018989258,0.20233288407325745,0.45100000500679016,0.1777999997138977
YLR431C,YNL326C,1,0.018947609,0.20269058644771576,0.4519999921321869,0.1777999997138977
YLR133W,YDL066W,0,0.018878102,0.20259973406791687,0.4519999921321869,0.17790000140666962
YJL020C,YHR104W,0,0.018483143,0.20250895619392395,0.4519999921321869,0.17800000309944153
YPR145W,YLR183C,0,0.018253066,0.2024182677268982,0.4519999921321869,0.17810000479221344
YGL206C,YHR034C,0,0.016703926,0.2023276686668396,0.4519999921321869,0.17820000648498535
YFL050C,YDL184C,0,0.016631357,0.20223712921142578,0.4519999921321869,0.17829999327659607
YDR457W,YML012W,0,0.016548939,0.20214669406414032,0.4519999921321869,0.17839999496936798
YBR299W,YER147C,0,0.016524233,0.20205631852149963,0.4519999921321869,0.1784999966621399
YJL014W,YML070W,0,0.016342573,0.2019660472869873,0.4519999921321869,0.1785999983549118
YGL245W,YNL267W,0,0.015837617,0.20187583565711975,0.4519999921321869,0.17870000004768372
YHR061C,YBR152W,0,0.015773512,0.20178571343421936,0.4519999921321869,0.17880000174045563
YPR183W,YKL007W,0,0.015390642,0.20169566571712494,0.4519999921321869,0.17890000343322754
YFL014W,YNL336W,0,0.015179597,0.20160570740699768,0.4519999921321869,0.17900000512599945
YOR332W,YDL149W,1,0.015162066,0.20196165144443512,0.453000009059906,0.17900000512599945
YML072C,YDR385W,0,0.015128903,0.20187166333198547,0.453000009059906,0.17910000681877136
YGL077C,YGL162W,0,0.0150010325,0.2017817348241806,0.453000009059906,0.17919999361038208
YHR057C,YKR022C,0,0.014499508,0.2016918957233429,0.453000009059906,0.179299995303154
YLR208W,YLR403W,0,0.01433976,0.20160213112831116,0.453000009059906,0.1793999969959259
YMR119W,YLR080W,0,0.014213853,0.20151245594024658,0.453000009059906,0.17949999868869781
YGL147C,YKL094W,0,0.013766818,0.20142285525798798,0.453000009059906,0.17960000038146973
YKL086W,YGR295C,0,0.01350271,0.20133332908153534,0.453000009059906,0.17970000207424164
YBR044C,YIL095W,0,0.013376325,0.20124389231204987,0.453000009059906,0.17980000376701355
YIR003W,YJR093C,0,0.013289481,0.20115453004837036,0.453000009059906,0.17990000545978546
YLR399C,YOR176W,0,0.013198156,0.20106524229049683,0.453000009059906,0.18000000715255737
YBR080C,YLR423C,1,0.012861043,0.20141969621181488,0.45399999618530273,0.18000000715255737
YNR007C,YKL051W,1,0.011987992,0.20177383720874786,0.45500001311302185,0.18000000715255737
YGL206C,YDL047W,0,0.011796664,0.2016844004392624,0.45500001311302185,0.1800999939441681
YPR030W,YMR319C,0,0.011785861,0.20159503817558289,0.45500001311302185,0.18019999563694
YNL289W,YDL129W,0,0.01107619,0.20150575041770935,0.45500001311302185,0.18029999732971191
YLR089C,YGL047W,0,0.010991357,0.20141655206680298,0.45500001311302185,0.18039999902248383
YBR289W,YER070W,0,0.010730945,0.20132742822170258,0.45500001311302185,0.18050000071525574
YBR235W,YNL259C,0,0.01066117,0.20123839378356934,0.45500001311302185,0.18060000240802765
YDR221W,YIR023W,0,0.01064983,0.20114941895008087,0.45500001311302185,0.18070000410079956
YDL181W,YNL283C,0,0.010607824,0.20106053352355957,0.45500001311302185,0.18080000579357147
YHR206W,YEL041W,0,0.010574557,0.20097173750400543,0.45500001311302185,0.1808999925851822
YBR077C,YGR261C,0,0.009996608,0.20088300108909607,0.45500001311302185,0.1809999942779541
YER072W,YDR495C,1,0.009992927,0.20123565196990967,0.4560000002384186,0.1809999942779541
YAL054C,YNL308C,0,0.0099032,0.20114688575267792,0.4560000002384186,0.181099995970726
YJR044C,YHR083W,0,0.009901565,0.20105819404125214,0.4560000002384186,0.18119999766349792
YIL015W,YKL071W,0,0.009331457,0.20096959173679352,0.4560000002384186,0.18129999935626984
YDR226W,YPR137C-B,0,0.009147162,0.20088106393814087,0.4560000002384186,0.18140000104904175
YNL219C,YDR097C,0,0.009141862,0.200792595744133,0.4560000002384186,0.18150000274181366
YJR056C,YBR287W,0,0.0087762475,0.20070423185825348,0.4560000002384186,0.18160000443458557
YGR257C,YDR429C,0,0.008097194,0.20061592757701874,0.4560000002384186,0.18170000612735748
YDR104C,YDL129W,0,0.008053191,0.20052769780158997,0.4560000002384186,0.1817999929189682
YNL079C,YHR138C,1,0.00758457,0.20087912678718567,0.4569999873638153,0.1817999929189682
YBR021W,YIR010W,0,0.0075294822,0.2007908672094345,0.4569999873638153,0.1818999946117401
YIL138C,YBR217W,1,0.0074494556,0.2011418491601944,0.4580000042915344,0.1818999946117401
YHR105W,YOR056C,0,0.0069421604,0.20105355978012085,0.4580000042915344,0.18199999630451202
YOR293W,YOR343W-A,0,0.0064520203,0.20096533000469208,0.4580000042915344,0.18209999799728394
YPL081W,YER170W,0,0.0062669814,0.20087718963623047,0.4580000042915344,0.18219999969005585
YJL155C,YER012W,0,0.005287677,0.20078912377357483,0.4580000042915344,0.18230000138282776
YPL121C,YHR059W,0,0.005078912,0.20070113241672516,0.4580000042915344,0.18240000307559967
YPL265W,YIL044C,0,0.0046423804,0.20061323046684265,0.4580000042915344,0.18250000476837158
YLR033W,YNL192W,0,0.0046155676,0.20052538812160492,0.4580000042915344,0.1826000064611435
YGL178W,YLR214W,0,0.0045117587,0.20043763518333435,0.4580000042915344,0.1826999932527542
YIL138C,YDR495C,1,0.004365107,0.20078739523887634,0.45899999141693115,0.1826999932527542
YPR102C,YLR013W,0,0.004274033,0.2006996124982834,0.45899999141693115,0.18279999494552612
YMR006C,YGR166W,0,0.004115835,0.2006118893623352,0.45899999141693115,0.18289999663829803
YPL019C,YHR039C-A,1,0.0041129477,0.20096111297607422,0.46000000834465027,0.18289999663829803
YCR077C,YCR089W,0,0.0041124597,0.20087336003780365,0.46000000834465027,0.18299999833106995
YDR530C,YDR486C,0,0.0041115917,0.20078568160533905,0.46000000834465027,0.18310000002384186
YOR285W,YOR242C,0,0.0040306523,0.20069807767868042,0.46000000834465027,0.18320000171661377
YOR155C,YLR203C,0,0.003929913,0.20061054825782776,0.46000000834465027,0.18330000340938568
YER046W,YPL019C,0,0.0038394332,0.20052310824394226,0.46000000834465027,0.1834000051021576
YDL149W,YNL242W,1,0.0036954135,0.20087145268917084,0.460999995470047,0.1834000051021576
YIL070C,YBR097W,0,0.0034124777,0.20078396797180176,0.460999995470047,0.1835000067949295
YPR104C,YOL017W,0,0.0031619817,0.20069655776023865,0.460999995470047,0.18359999358654022
YJL141C,YGR101W,0,0.002797354,0.2006092220544815,0.460999995470047,0.18369999527931213
YLR043C,YJR033C,0,0.0024902672,0.20052196085453033,0.460999995470047,0.18379999697208405
YBR128C,YJR053W,0,0.0024164543,0.20043478906154633,0.460999995470047,0.18389999866485596
YOR285W,YMR106C,0,0.0017963722,0.2003476768732071,0.460999995470047,0.18400000035762787
YER074W,YPR054W,0,0.0016402975,0.20026063919067383,0.460999995470047,0.18410000205039978
YMR231W,YAL040C,1,0.0012647808,0.20060789585113525,0.4620000123977661,0.18410000205039978
YBL002W,YCL026C-A,0,0.0012557618,0.2005208283662796,0.4620000123977661,0.1842000037431717
YKL127W,YFL038C,0,0.0012537464,0.20043383538722992,0.4620000123977661,0.1843000054359436
YGR185C,YDR222W,0,0.0011819229,0.2003469169139862,0.4620000123977661,0.18440000712871552
YGR091W,YJL159W,0,0.0010275915,0.20026007294654846,0.4620000123977661,0.18449999392032623
YLR151C,YGR035C,0,-0.0008987859,0.2001733034849167,0.4620000123977661,0.18459999561309814
YDR470C,YLL041C,0,-0.0015803576,0.20008662343025208,0.4620000123977661,0.18469999730587006
YCR068W,YNL308C,0,-0.002022922,0.20000000298023224,0.4620000123977661,0.18479999899864197
YDL077C,YHR039C-A,1,-0.0020640418,0.2003461718559265,0.46299999952316284,0.18479999899864197
YLR327C,YNL300W,0,-0.002382297,0.2002595216035843,0.46299999952316284,0.18490000069141388
YDR260C,YOL137W,0,-0.0023992993,0.20017293095588684,0.46299999952316284,0.1850000023841858
YGL077C,YPL194W,0,-0.00249625,0.20008642971515656,0.46299999952316284,0.1851000040769577
YEL013W,YHR138C,1,-0.0033904314,0.2004319727420807,0.46399998664855957,0.1851000040769577
YCR079W,YOR360C,0,-0.004060276,0.20034542679786682,0.46399998664855957,0.18520000576972961
YHR056C,YGR246C,0,-0.004155688,0.20025895535945892,0.46399998664855957,0.18529999256134033
YOR187W,YNL139C,0,-0.0042722523,0.200172558426857,0.46399998664855957,0.18539999425411224
YKL100C,YKL178C,0,-0.0047093406,0.20008625090122223,0.46399998664855957,0.18549999594688416
YGR220C,YEL031W,0,-0.004805967,0.20000000298023224,0.46399998664855957,0.18559999763965607
YEL027W,YOR068C,1,-0.0048738793,0.20034468173980713,0.4650000035762787,0.18559999763965607
YBR080C,YBR109C,1,-0.0051266924,0.20068906247615814,0.4659999907016754,0.18559999763965607
YKL067W,YLR047C,0,-0.0053075925,0.2006026655435562,0.4659999907016754,0.18569999933242798
YNL280C,YGL002W,0,-0.0064562783,0.20051635801792145,0.4659999907016754,0.1858000010251999
YNL079C,YIL138C,1,-0.0065643117,0.20086021721363068,0.46700000762939453,0.1858000010251999
YKL127W,YKL163W,0,-0.0065727085,0.20077386498451233,0.46700000762939453,0.1859000027179718
YBL078C,YLR093C,1,-0.00673056,0.20111732184886932,0.46799999475479126,0.1859000027179718
YBR228W,YPL269W,0,-0.0076326057,0.2010309249162674,0.46799999475479126,0.1860000044107437
YMR025W,YFL047W,0,-0.007901095,0.20094461739063263,0.46799999475479126,0.18610000610351562
YLR396C,YKL096W-A,0,-0.007992625,0.20085836946964264,0.46799999475479126,0.18619999289512634
YGR029W,YMR017W,0,-0.008603953,0.20077219605445862,0.46799999475479126,0.18629999458789825
YMR075W,YHR059W,0,-0.008834578,0.20068611204624176,0.46799999475479126,0.18639999628067017
YFR033C,YDL021W,0,-0.009158306,0.20060008764266968,0.46799999475479126,0.18649999797344208
YBR170C,YJR159W,0,-0.009188823,0.20051413774490356,0.46799999475479126,0.186599999666214
YAL014C,YBR221C,0,-0.009225033,0.20042826235294342,0.46799999475479126,0.1867000013589859
YML058W,YPL196W,0,-0.009284873,0.20034246146678925,0.46799999475479126,0.1868000030517578
YJR151C,YAR003W,0,-0.009444445,0.20025673508644104,0.46799999475479126,0.18690000474452972
YML130C,YMR056C,0,-0.0095658675,0.2001710832118988,0.46799999475479126,0.18700000643730164
YNL035C,YBR264C,0,-0.0099512115,0.20008550584316254,0.46799999475479126,0.18709999322891235
YJL203W,YJR130C,0,-0.010028698,0.20000000298023224,0.46799999475479126,0.18719999492168427
YDR270W,YHR069C,0,-0.010092653,0.19991455972194672,0.46799999475479126,0.18729999661445618
YJL052W,YPR159W,0,-0.010552,0.19982920587062836,0.46799999475479126,0.1873999983072281
YPL241C,YKL190W,0,-0.010856815,0.19974391162395477,0.46799999475479126,0.1875
YNL079C,YBL078C,1,-0.010960676,0.2000853270292282,0.4690000116825104,0.1875
YML112W,YOR178C,0,-0.012042217,0.20000000298023224,0.4690000116825104,0.1876000016927719
YLR450W,YDL065C,0,-0.012256257,0.19991475343704224,0.4690000116825104,0.18770000338554382
YDL144C,YLR187W,0,-0.012400545,0.199829563498497,0.4690000116825104,0.18780000507831573
YKL210W,YJL092W,0,-0.012760766,0.19974446296691895,0.4690000116825104,0.18790000677108765
YDR320C,YKL090W,0,-0.0130880475,0.19965943694114685,0.4690000116825104,0.18799999356269836
YDR082W,YOL034W,0,-0.013125118,0.19957447052001953,0.4690000116825104,0.18809999525547028
YDR084C,YHR026W,0,-0.013187617,0.19948957860469818,0.4690000116825104,0.1881999969482422
YFL033C,YPL045W,0,-0.013357155,0.1994047611951828,0.4690000116825104,0.1882999986410141
YJL209W,YOR386W,0,-0.013369136,0.1993200182914734,0.4690000116825104,0.188400000333786
YLR286C,YNL096C,0,-0.013460398,0.19923534989356995,0.4690000116825104,0.18850000202655792
YDR055W,YJR135C,0,-0.014011182,0.19915074110031128,0.4690000116825104,0.18860000371932983
YNL238W,YMR056C,0,-0.014095254,0.19906620681285858,0.4690000116825104,0.18870000541210175
YMR198W,YDR316W,0,-0.014300488,0.19898176193237305,0.4690000116825104,0.18880000710487366
YLR289W,YER052C,0,-0.014507391,0.1988973766565323,0.4690000116825104,0.18889999389648438
YGL206C,YER151C,0,-0.014542639,0.1988130509853363,0.4690000116825104,0.1889999955892563
YNL282W,YFL002W-A,0,-0.014576361,0.19872881472110748,0.4690000116825104,0.1890999972820282
YDR316W-A,YBR261C,0,-0.0146286525,0.19864463806152344,0.4690000116825104,0.1891999989748001
YPR035W,YBR161W,0,-0.014634989,0.19856053590774536,0.4690000116825104,0.18930000066757202
YOR275C,YDR326C,0,-0.014638282,0.19847650825977325,0.4690000116825104,0.18940000236034393
YJR070C,YER111C,0,-0.0149278715,0.19839255511760712,0.4690000116825104,0.18950000405311584
YPL131W,YKR037C,0,-0.01569955,0.19830866158008575,0.4690000116825104,0.18960000574588776
YDL080C,YGR056W,0,-0.015750416,0.19822485744953156,0.4690000116825104,0.18970000743865967
YKL095W,YBL066C,0,-0.015825026,0.19814111292362213,0.4690000116825104,0.18979999423027039
YER106W,YMR204C,0,-0.015832774,0.19805742800235748,0.4690000116825104,0.1898999959230423
YNR074C,YDR382W,0,-0.015984759,0.19797383248806,0.4690000116825104,0.1899999976158142
YPL249C,YPL163C,0,-0.016177215,0.1978902965784073,0.4690000116825104,0.19009999930858612
YPL019C,YPR049C,1,-0.01620046,0.1982285976409912,0.4699999988079071,0.19009999930858612
YDR368W,YPL174C,0,-0.016242363,0.1981450319290161,0.4699999988079071,0.19020000100135803
YER157W,YLR204W,0,-0.016679011,0.1980615258216858,0.4699999988079071,0.19030000269412994
YPR041W,YLR070C,0,-0.016708672,0.19797809422016144,0.4699999988079071,0.19040000438690186
YGR159C,YGL051W,0,-0.016741924,0.19789473712444305,0.4699999988079071,0.19050000607967377
YJL052W,YOR017W,0,-0.0168287,0.19781145453453064,0.4699999988079071,0.19059999287128448
YHR147C,YMR051C,0,-0.016981654,0.197728231549263,0.4699999988079071,0.1906999945640564
YOR393W,YBL090W,0,-0.017030843,0.19764508306980133,0.4699999988079071,0.1907999962568283
YLR453C,YLL028W,0,-0.017148353,0.19756199419498444,0.4699999988079071,0.19089999794960022
YJR009C,YNL016W,0,-0.01738349,0.1974789947271347,0.4699999988079071,0.19099999964237213
YOL100W,YLR057W,0,-0.018719047,0.19739605486392975,0.4699999988079071,0.19110000133514404
YOL071W,YDL213C,0,-0.019145645,0.19731318950653076,0.4699999988079071,0.19120000302791595
YKL164C,YOL054W,0,-0.019428216,0.19723038375377655,0.4699999988079071,0.19130000472068787
YDL146W,YGR034W,0,-0.019629508,0.1971476525068283,0.4699999988079071,0.19140000641345978
YEL063C,YNL015W,0,-0.020324409,0.19706499576568604,0.4699999988079071,0.1914999932050705
YMR161W,YJR076C,0,-0.020513155,0.19698239862918854,0.4699999988079071,0.1915999948978424
YBR058C,YKL190W,0,-0.0210348,0.196899875998497,0.4699999988079071,0.19169999659061432
YFR015C,YDR146C,0,-0.021055885,0.19681742787361145,0.4699999988079071,0.19179999828338623
YKR090W,YDR225W,0,-0.021180779,0.19673503935337067,0.4699999988079071,0.19189999997615814
YGR251W,YBL064C,0,-0.021238066,0.19665272533893585,0.4699999988079071,0.19200000166893005
YCL050C,YOL001W,0,-0.02143874,0.1965704709291458,0.4699999988079071,0.19210000336170197
YGR223C,YHR132C,0,-0.021488883,0.19648829102516174,0.4699999988079071,0.19220000505447388
YDR314C,YOR094W,0,-0.02173917,0.19640618562698364,0.4699999988079071,0.1923000067472458
YNL115C,YPL274W,0,-0.021861278,0.19632413983345032,0.4699999988079071,0.1923999935388565
YNL083W,YFL052W,0,-0.02190739,0.19624216854572296,0.4699999988079071,0.19249999523162842
YDR167W,YGL009C,0,-0.021998644,0.19616027176380157,0.4699999988079071,0.19259999692440033
YER056C-A,YBR035C,0,-0.02225358,0.19607843458652496,0.4699999988079071,0.19269999861717224
YPR036W,YDL066W,0,-0.022267677,0.19599665701389313,0.4699999988079071,0.19280000030994415
YEL065W,YER049W,0,-0.022669934,0.19591496884822845,0.4699999988079071,0.19290000200271606
YPL206C,YDR211W,0,-0.022914246,0.19583334028720856,0.4699999988079071,0.19300000369548798
YLR459W,YDR210C-C,0,-0.022981595,0.19575177133083344,0.4699999988079071,0.1931000053882599
YDR443C,YGR268C,0,-0.023067549,0.19567027688026428,0.4699999988079071,0.1932000070810318
YFL039C,YBR105C,1,-0.024437107,0.1960049867630005,0.47099998593330383,0.1932000070810318
YBL097W,YCL034W,0,-0.024531879,0.19592346251010895,0.47099998593330383,0.19329999387264252
YDR425W,YBL103C,0,-0.025047816,0.19584199786186218,0.47099998593330383,0.19339999556541443
YGL032C,YPL074W,0,-0.025321461,0.1957605928182602,0.47099998593330383,0.19349999725818634
YGR257C,YJL221C,0,-0.025605746,0.19567926228046417,0.47099998593330383,0.19359999895095825
YPR168W,YKR081C,0,-0.02577556,0.19559800624847412,0.47099998593330383,0.19370000064373016
YDR476C,YIL016W,0,-0.02649603,0.19551680982112885,0.47099998593330383,0.19380000233650208
YKL209C,YNR010W,0,-0.026635207,0.19543568789958954,0.47099998593330383,0.193900004029274
YDR026C,YOR142W-B,0,-0.026828099,0.195354625582695,0.47099998593330383,0.1940000057220459
YKR065C,YER168C,0,-0.026840888,0.19527363777160645,0.47099998593330383,0.1941000074148178
YLR216C,YGL224C,0,-0.026896058,0.19519270956516266,0.47099998593330383,0.19419999420642853
YDR126W,YDL149W,1,-0.026996046,0.1955260932445526,0.47200000286102295,0.19419999420642853
YDR261C-D,YML026C,0,-0.027614083,0.19544513523578644,0.47200000286102295,0.19429999589920044
YHR181W,YGR229C,0,-0.028346486,0.19536423683166504,0.47200000286102295,0.19439999759197235
YOR096W,YPR030W,0,-0.02840992,0.1952834129333496,0.47200000286102295,0.19449999928474426
YNL265C,YHR063C,0,-0.02878818,0.19520264863967896,0.47200000286102295,0.19460000097751617
YJL044C,YMR161W,0,-0.028804831,0.19512194395065308,0.47200000286102295,0.19470000267028809
YML054C,YGR026W,0,-0.02900488,0.19504132866859436,0.47200000286102295,0.19480000436306
YGR199W,YCR083W,0,-0.029286154,0.19496075809001923,0.47200000286102295,0.1949000060558319
YJR094W-A,YER075C,0,-0.029304922,0.19488026201725006,0.47200000286102295,0.19499999284744263
YDR332W,YBR235W,0,-0.029383305,0.19479984045028687,0.47200000286102295,0.19509999454021454
YCR046C,YLR386W,0,-0.02998326,0.19471947848796844,0.47200000286102295,0.19519999623298645
YHL004W,YGL059W,0,-0.03003265,0.1946391761302948,0.47200000286102295,0.19529999792575836
YDR261C-D,YHR062C,0,-0.030045029,0.19455894827842712,0.47200000286102295,0.19539999961853027
YNL172W,YNL007C,0,-0.030199684,0.19447878003120422,0.47200000286102295,0.19550000131130219
YDR261W-A,YOR075W,0,-0.030453376,0.1943986862897873,0.47200000286102295,0.1956000030040741
YER068W,YOL129W,0,-0.030654747,0.19431865215301514,0.47200000286102295,0.195700004696846
YPR201W,YKL094W,0,-0.030732311,0.19423867762088776,0.47200000286102295,0.19580000638961792
YLR227W-B,YDR378C,0,-0.03083682,0.19415877759456635,0.47200000286102295,0.19589999318122864
YOR150W,YOR197W,0,-0.0313127,0.1940789520740509,0.47200000286102295,0.19599999487400055
YDL047W,YHR124W,0,-0.031330563,0.19399917125701904,0.47200000286102295,0.19609999656677246
YMR231W,YDR080W,1,-0.03180463,0.19433031976222992,0.4729999899864197,0.19609999656677246
YOR035C,YLR109W,0,-0.031900324,0.19425050914287567,0.4729999899864197,0.19619999825954437
YJL002C,YDR411C,0,-0.032110028,0.1941707730293274,0.4729999899864197,0.19629999995231628
YLR289W,YPL003W,0,-0.032132834,0.1940910965204239,0.4729999899864197,0.1964000016450882
YPL236C,YOR036W,0,-0.032741405,0.19401147961616516,0.4729999899864197,0.1965000033378601
YDL110C,YCR014C,0,-0.033008263,0.1939319372177124,0.4729999899864197,0.19660000503063202
YDR262W,YDL229W,0,-0.03314016,0.19385245442390442,0.4729999899864197,0.19670000672340393
YLR047C,YIR008C,0,-0.033563145,0.1937730461359024,0.4729999899864197,0.19679999351501465
YBR141C,YNR035C,0,-0.033797942,0.19369369745254517,0.4729999899864197,0.19689999520778656
YHR056C,YGL156W,0,-0.03430549,0.1936144083738327,0.4729999899864197,0.19699999690055847
YDR097C,YML027W,0,-0.034417264,0.1935351938009262,0.4729999899864197,0.19709999859333038
YNL242W,YHR039C-A,1,-0.03484616,0.19386503100395203,0.4740000069141388,0.19709999859333038
YPL249C,YDR465C,0,-0.03490632,0.19378577172756195,0.4740000069141388,0.1972000002861023
YNR007C,YBR109C,1,-0.03516818,0.19411523640155792,0.4749999940395355,0.1972000002861023
YGR194C,YLR130C,0,-0.035326026,0.19403594732284546,0.4749999940395355,0.1973000019788742
YDL149W,YPL019C,1,-0.03547541,0.19436505436897278,0.47600001096725464,0.1973000019788742
YKR024C,YNR056C,0,-0.035612643,0.19428572058677673,0.47600001096725464,0.19740000367164612
YDL236W,YDR088C,0,-0.035745926,0.19420644640922546,0.47600001096725464,0.19750000536441803
YEL077C,YGL134W,0,-0.035766073,0.19412724673748016,0.47600001096725464,0.19760000705718994
YOR056C,YGR038C-B,0,-0.035814982,0.19404810667037964,0.47600001096725464,0.19769999384880066
YEL034W,YMR005W,0,-0.036442943,0.1939690262079239,0.47600001096725464,0.19779999554157257
YLR151C,YBR265W,0,-0.036734857,0.1938900202512741,0.47600001096725464,0.19789999723434448
YGR209C,YDL077C,1,-0.037001304,0.194218248128891,0.47699999809265137,0.19789999723434448
YGR184C,YLR312W-A,0,-0.037277676,0.19413919746875763,0.47699999809265137,0.1979999989271164
YKL140W,YJL076W,0,-0.03787955,0.19406020641326904,0.47699999809265137,0.1981000006198883
YBL039C,YLR119W,0,-0.038121462,0.19398128986358643,0.47699999809265137,0.19820000231266022
YNR074C,YDL170W,0,-0.038156517,0.19390243291854858,0.47699999809265137,0.19830000400543213
YPL124W,YPR137C-B,0,-0.03874417,0.1938236504793167,0.47699999809265137,0.19840000569820404
YCL033C,YPR102C,0,-0.038826153,0.19374492764472961,0.47699999809265137,0.19850000739097595
YCR009C,YOR076C,0,-0.03905336,0.1936662644147873,0.47699999809265137,0.19859999418258667
YDR261C-C,YJL190C,0,-0.039225753,0.19358766078948975,0.47699999809265137,0.19869999587535858
YGR014W,YDR047W,0,-0.039386474,0.19350913166999817,0.47699999809265137,0.1987999975681305
YCL075W,YIL128W,0,-0.03946717,0.19343066215515137,0.47699999809265137,0.1988999992609024
YLR364W,YKL120W,0,-0.040032946,0.19335225224494934,0.47699999809265137,0.19900000095367432
YGR209C,YIL138C,1,-0.040267766,0.1936790943145752,0.4779999852180481,0.19900000095367432
YLR275W,YPL090C,0,-0.040382903,0.19360065460205078,0.4779999852180481,0.19910000264644623
YKL015W,YBR216C,0,-0.040842466,0.19352227449417114,0.4779999852180481,0.19920000433921814
YDL110C,YOR311C,0,-0.041349463,0.19344395399093628,0.4779999852180481,0.19930000603199005
YBL006C,YNL244C,0,-0.041435227,0.1933656930923462,0.4779999852180481,0.19939999282360077
YLR099C,YGL051W,0,-0.041475855,0.19328750669956207,0.4779999852180481,0.19949999451637268
YPR158W-A,YFR019W,0,-0.041684054,0.19320937991142273,0.4779999852180481,0.1995999962091446
YNL311C,YDR383C,0,-0.04180268,0.19313131272792816,0.4779999852180481,0.1996999979019165
YLR212C,YPL015C,0,-0.041837506,0.19305330514907837,0.4779999852180481,0.19979999959468842
YHR056C,YOR159C,0,-0.042248912,0.19297537207603455,0.4779999852180481,0.19990000128746033
YDR099W,YCL066W,0,-0.04255085,0.1928974986076355,0.4779999852180481,0.20000000298023224
YBR228W,YBR152W,0,-0.042619266,0.19281968474388123,0.4779999852180481,0.20010000467300415
YOR285W,YDR392W,0,-0.042783163,0.19274193048477173,0.4779999852180481,0.20020000636577606
YOL077W-A,YKR102W,0,-0.042834878,0.1926642507314682,0.4779999852180481,0.20029999315738678
YBR105C,YGL123W,0,-0.043536212,0.19258663058280945,0.4779999852180481,0.2003999948501587
YPL111W,YAR007C,0,-0.043713756,0.19250905513763428,0.4779999852180481,0.2004999965429306
YKL220C,YLR251W,0,-0.044415206,0.19243156909942627,0.4779999852180481,0.20059999823570251
YDL047W,YOL007C,0,-0.0454107,0.19235412776470184,0.4779999852180481,0.20069999992847443
YJL012C,YHR138C,1,-0.04616306,0.1926790028810501,0.4790000021457672,0.20069999992847443
YDL065C,YFR019W,0,-0.046181746,0.1926015317440033,0.4790000021457672,0.20080000162124634
YGR109W-B,YDL171C,0,-0.04626802,0.19252412021160126,0.4790000021457672,0.20090000331401825
YDL191W,YGL084C,0,-0.046663217,0.192446768283844,0.4790000021457672,0.20100000500679016
YML054C,YOR351C,0,-0.04678651,0.1923694759607315,0.4790000021457672,0.20110000669956207
YML001W,YPL019C,1,-0.046839364,0.19269369542598724,0.47999998927116394,0.20110000669956207
YOR106W,YDR242W,0,-0.046947815,0.19261637330055237,0.47999998927116394,0.2011999934911728
YNL054W,YIL138C,1,-0.04713229,0.19294023513793945,0.48100000619888306,0.2011999934911728
YFL014W,YDR261C-D,0,-0.047138646,0.192862868309021,0.48100000619888306,0.2012999951839447
YEL027W,YNL015W,1,-0.04769203,0.19318637251853943,0.4819999933242798,0.2012999951839447
YHR089C,YER125W,0,-0.048287697,0.19310897588729858,0.4819999933242798,0.2013999968767166
YDR498C,YBR185C,0,-0.048305154,0.19303163886070251,0.4819999933242798,0.20149999856948853
YGR089W,YKL182W,0,-0.048469134,0.19295436143875122,0.4819999933242798,0.20160000026226044
YPL195W,YHR041C,0,-0.04903405,0.1928771436214447,0.4819999933242798,0.20170000195503235
YML118W,YML124C,0,-0.049133606,0.19280000030994415,0.4819999933242798,0.20180000364780426
YLR431C,YBR080C,1,-0.049199473,0.1931227445602417,0.4830000102519989,0.20180000364780426
YOR057W,YPR198W,0,-0.049356468,0.19304555654525757,0.4830000102519989,0.20190000534057617
YLR289W,YBR159W,0,-0.049357574,0.1929684430360794,0.4830000102519989,0.20200000703334808
YPR104C,YGL037C,0,-0.049636148,0.19289137423038483,0.4830000102519989,0.2020999938249588
YPL265W,YOR210W,0,-0.050817862,0.19281436502933502,0.4830000102519989,0.2021999955177307
YNR032W,YDR495C,0,-0.051312305,0.1927374303340912,0.4830000102519989,0.20229999721050262
YFL066C,YOR147W,0,-0.052003995,0.19266055524349213,0.4830000102519989,0.20239999890327454
YMR026C,YOR212W,0,-0.052162223,0.19258372485637665,0.4830000102519989,0.20250000059604645
YGR166W,YDL208W,0,-0.052182578,0.19250696897506714,0.4830000102519989,0.20260000228881836
YJL166W,YMR321C,0,-0.05246968,0.1924302726984024,0.4830000102519989,0.20270000398159027
YHL004W,YLR356W,0,-0.052866258,0.19235365092754364,0.4830000102519989,0.20280000567436218
YBR125C,YBR203W,0,-0.05297681,0.19227707386016846,0.4830000102519989,0.2029000073671341
YGL180W,YGR254W,1,-0.052998282,0.19259849190711975,0.48399999737739563,0.2029000073671341
YHL013C,YGL181W,0,-0.05309032,0.192521870136261,0.48399999737739563,0.2029999941587448
YIL031W,YAL024C,0,-0.05348406,0.1924453228712082,0.48399999737739563,0.20309999585151672
YBR105C,YBR109C,1,-0.053628907,0.19276629388332367,0.48500001430511475,0.20309999585151672
YPL045W,YAL002W,1,-0.05384904,0.19308701157569885,0.4860000014305115,0.20309999585151672
YJL121C,YNL202W,0,-0.054068543,0.1930103302001953,0.4860000014305115,0.20319999754428864
YNL084C,YBR008C,0,-0.05428637,0.19293370842933655,0.4860000014305115,0.20329999923706055
YLR227W-B,YJL114W,0,-0.054604083,0.19285714626312256,0.4860000014305115,0.20340000092983246
YFR055W,YDR368W,0,-0.05501764,0.19278064370155334,0.4860000014305115,0.20350000262260437
YIR015W,YLL033W,0,-0.05514791,0.1927042007446289,0.4860000014305115,0.20360000431537628
YPL123C,YDR293C,0,-0.05535224,0.19262781739234924,0.4860000014305115,0.2037000060081482
YIL010W,YNL321W,0,-0.055462472,0.19255150854587555,0.4860000014305115,0.2037999927997589
YIL048W,YIR038C,0,-0.05569031,0.19247524440288544,0.4860000014305115,0.20389999449253082
YER098W,YGL059W,0,-0.05603511,0.1923990547657013,0.4860000014305115,0.20399999618530273
YGL071W,YFR051C,0,-0.056116603,0.19232290983200073,0.4860000014305115,0.20409999787807465
YJR126C,YDR510W,0,-0.056216367,0.19224683940410614,0.4860000014305115,0.20419999957084656
YJR019C,YKR001C,0,-0.056322813,0.19217081367969513,0.4860000014305115,0.20430000126361847
YOL092W,YLL036C,0,-0.056351982,0.1920948624610901,0.4860000014305115,0.20440000295639038
YLL013C,YDL045W-A,0,-0.056687415,0.19201897084712982,0.4860000014305115,0.2045000046491623
YPR204W,YML048W,0,-0.0567851,0.19194312393665314,0.4860000014305115,0.2046000063419342
YKL009W,YFL054C,0,-0.057409197,0.19186735153198242,0.4860000014305115,0.20469999313354492
YFR028C,YPL084W,0,-0.057572756,0.19179163873195648,0.4860000014305115,0.20479999482631683
YLR048W,YHR104W,0,-0.05757817,0.19171597063541412,0.4860000014305115,0.20489999651908875
YER001W,YKL078W,0,-0.058162816,0.19164037704467773,0.4860000014305115,0.20499999821186066
YDR314C,YER111C,0,-0.058246795,0.19156484305858612,0.4860000014305115,0.20509999990463257
YGL125W,YBR203W,0,-0.058283634,0.19148936867713928,0.4860000014305115,0.20520000159740448
YDR210W-B,YDR487C,0,-0.058620345,0.19141393899917603,0.4860000014305115,0.2053000032901764
YEL047C,YPR204W,0,-0.058739424,0.19133858382701874,0.4860000014305115,0.2054000049829483
YDR210W-B,YOR324C,0,-0.059126474,0.19126328825950623,0.4860000014305115,0.20550000667572021
YOL111C,YPL257W-B,0,-0.0593185,0.1911880373954773,0.4860000014305115,0.20559999346733093
YNL189W,YNR043W,0,-0.059446163,0.19111286103725433,0.4860000014305115,0.20569999516010284
YFL018C,YBR106W,0,-0.059484497,0.19103772938251495,0.4860000014305115,0.20579999685287476
YCR030C,YJL014W,0,-0.059552327,0.19096267223358154,0.4860000014305115,0.20589999854564667
YBR115C,YAL021C,0,-0.059562616,0.1908876597881317,0.4860000014305115,0.20600000023841858
YOL052C,YOR343W-A,0,-0.059612203,0.19081272184848785,0.4860000014305115,0.2061000019311905
YDR034C-C,YGR229C,0,-0.059626985,0.19073782861232758,0.4860000014305115,0.2062000036239624
YCR069W,YDL036C,0,-0.059652425,0.19066300988197327,0.4860000014305115,0.20630000531673431
YNR007C,YDR495C,1,-0.06001229,0.19098038971424103,0.4869999885559082,0.20630000531673431
YNL139C,YJL141C,0,-0.060171843,0.19090552628040314,0.4869999885559082,0.20640000700950623
YMR231W,YLR145W,0,-0.060346104,0.19083072245121002,0.4869999885559082,0.20649999380111694
YJL097W,YDR261C-C,0,-0.060356632,0.19075597822666168,0.4869999885559082,0.20659999549388885
YPR047W,YGR001C,0,-0.061040707,0.19068127870559692,0.4869999885559082,0.20669999718666077
YMR180C,YIL101C,0,-0.061848022,0.19060665369033813,0.4869999885559082,0.20679999887943268
YPR022C,YNL010W,0,-0.062022276,0.19053208827972412,0.4869999885559082,0.2069000005722046
YDR233C,YDR240C,0,-0.06207081,0.1904575675725937,0.4869999885559082,0.2070000022649765
YJL204C,YLR186W,0,-0.062393196,0.19038310647010803,0.4869999885559082,0.2071000039577484
YOR384W,YPL177C,0,-0.06261153,0.19030871987342834,0.4869999885559082,0.20720000565052032
YLL003W,YFR028C,0,-0.062741615,0.19023437798023224,0.4869999885559082,0.20730000734329224
YOR096W,YDL170W,0,-0.06280988,0.1901600956916809,0.4869999885559082,0.20739999413490295
YPL047W,YOR211C,0,-0.06312838,0.19008587300777435,0.4869999885559082,0.20749999582767487
YOR239W,YHL019C,0,-0.063197516,0.19001170992851257,0.4869999885559082,0.20759999752044678
YGR227W,YDR139C,0,-0.063347794,0.18993759155273438,0.4869999885559082,0.2076999992132187
YLR157C,YJR091C,0,-0.063357584,0.18986354768276215,0.4869999885559082,0.2078000009059906
YDR210C-C,YCR088W,0,-0.06407965,0.1897895485162735,0.4869999885559082,0.2079000025987625
YBR010W,YJL117W,0,-0.06427983,0.18971562385559082,0.4869999885559082,0.20800000429153442
YDR264C,YBR135W,0,-0.06435696,0.18964174389839172,0.4869999885559082,0.20810000598430634
YOR167C,YFR044C,0,-0.0652454,0.1895679235458374,0.4869999885559082,0.20819999277591705
YOR293W,YOR014W,0,-0.06535432,0.18949416279792786,0.4869999885559082,0.20829999446868896
YML073C,YPR194C,0,-0.06557633,0.18942046165466309,0.4869999885559082,0.20839999616146088
YKR014C,YHR063C,0,-0.065695114,0.1893468052148819,0.4869999885559082,0.2084999978542328
YDR034C,YDR261W-A,0,-0.06575627,0.18927322328090668,0.4869999885559082,0.2085999995470047
YJL103C,YKL001C,0,-0.065784745,0.18919968605041504,0.4869999885559082,0.2087000012397766
YMR094W,YPR137C-A,0,-0.06667216,0.18912620842456818,0.4869999885559082,0.20880000293254852
YDR320C,YKL092C,0,-0.06690511,0.1890527904033661,0.4869999885559082,0.20890000462532043
YDR376W,YOR155C,0,-0.06713592,0.18897943198680878,0.4869999885559082,0.20900000631809235
YIL073C,YJL063C,0,-0.06719958,0.18890613317489624,0.4869999885559082,0.20909999310970306
YIR038C,YMR094W,0,-0.06733539,0.18883287906646729,0.4869999885559082,0.20919999480247498
YBR068C,YGL213C,0,-0.067347065,0.1887596845626831,0.4869999885559082,0.2092999964952469
YBL097W,YNR063W,0,-0.06743767,0.1886865496635437,0.4869999885559082,0.2093999981880188
YKL086W,YKL184W,0,-0.06822107,0.18861347436904907,0.4869999885559082,0.2094999998807907
YMR186W,YDL129W,0,-0.0682457,0.18854045867919922,0.4869999885559082,0.20960000157356262
YPL100W,YGR254W,1,-0.06837961,0.18885448575019836,0.4880000054836273,0.20960000157356262
YLR219W,YMR280C,0,-0.06861831,0.18878142535686493,0.4880000054836273,0.20970000326633453
YLR340W,YLR121C,0,-0.069028325,0.18870842456817627,0.4880000054836273,0.20980000495910645
YHR211W,YOR245C,0,-0.06919242,0.18863548338413239,0.4880000054836273,0.20990000665187836
YHL020C,YPL237W,0,-0.06936775,0.18856260180473328,0.4880000054836273,0.20999999344348907
YML054C,YAL053W,0,-0.06958065,0.18848976492881775,0.4880000054836273,0.210099995136261
YCL057W,YMR061W,0,-0.069684565,0.188416987657547,0.4880000054836273,0.2101999968290329
YDR444W,YKR057W,0,-0.06970969,0.18834426999092102,0.4880000054836273,0.2102999985218048
YGL022W,YMR071C,0,-0.0699234,0.18827161192893982,0.4880000054836273,0.21040000021457672
YOR367W,YGL190C,0,-0.0699283,0.1881989985704422,0.4880000054836273,0.21050000190734863
YLR453C,YOR261C,0,-0.07024367,0.18812644481658936,0.4880000054836273,0.21060000360012054
YPR004C,YIL158W,0,-0.07049468,0.1880539506673813,0.4880000054836273,0.21070000529289246
YLR266C,YMR116C,0,-0.070522025,0.187981516122818,0.4880000054836273,0.21080000698566437
YLR386W,YGR254W,1,-0.070682034,0.1882941871881485,0.48899999260902405,0.21080000698566437
YKL168C,YFR001W,0,-0.07078753,0.18822170794010162,0.48899999260902405,0.21089999377727509
YBL006C,YDR494W,0,-0.07091689,0.18814928829669952,0.48899999260902405,0.210999995470047
YML110C,YGR215W,0,-0.07116537,0.1880769282579422,0.48899999260902405,0.2110999971628189
YNL079C,YPL100W,1,-0.07123566,0.18838907778263092,0.49000000953674316,0.2110999971628189
YBL050W,YPL045W,1,-0.07147382,0.18870100378990173,0.4909999966621399,0.2110999971628189
YDR511W,YKL041W,0,-0.07161651,0.18862850964069366,0.4909999966621399,0.21119999885559082
YPR103W,YNL050C,0,-0.071826056,0.18855606019496918,0.4909999966621399,0.21130000054836273
YLR033W,YBR160W,0,-0.072046824,0.18848368525505066,0.4909999966621399,0.21140000224113464
YGR081C,YHR047C,0,-0.072055005,0.18841135501861572,0.4909999966621399,0.21150000393390656
YOR167C,YOR148C,0,-0.0721646,0.18833908438682556,0.4909999966621399,0.21160000562667847
YPL183W-A,YER061C,0,-0.07231973,0.18826687335968018,0.4909999966621399,0.21170000731945038
YBR110W,YPR091C,0,-0.07240982,0.18819470703601837,0.4909999966621399,0.2117999941110611
YOL092W,YNR067C,0,-0.07259459,0.18812260031700134,0.4909999966621399,0.211899995803833
YIR002C,YMR182C,0,-0.07268068,0.1880505532026291,0.4909999966621399,0.21199999749660492
YAR050W,YNL058C,0,-0.07294997,0.1879785656929016,0.4909999966621399,0.21209999918937683
YOR022C,YCR017C,0,-0.07310934,0.18790662288665771,0.4909999966621399,0.21220000088214874
YLR453C,YGL205W,0,-0.07316305,0.1878347396850586,0.4909999966621399,0.21230000257492065
YKR068C,YDR261W-B,0,-0.07327241,0.18776290118694305,0.4909999966621399,0.21240000426769257
YDR034C-C,YLR212C,0,-0.07328753,0.18769113719463348,0.4909999966621399,0.21250000596046448
YMR176W,YBL050W,0,-0.0733505,0.1876194179058075,0.4909999966621399,0.2125999927520752
YNL015W,YIL041W,1,-0.07356438,0.18792971968650818,0.492000013589859,0.2125999927520752
YLR440C,YGL062W,0,-0.073670045,0.1878579556941986,0.492000013589859,0.2126999944448471
YDR443C,YFL044C,0,-0.073812075,0.187786266207695,0.492000013589859,0.21279999613761902
YOR332W,YNL015W,1,-0.07383722,0.18809615075588226,0.49300000071525574,0.21279999613761902
YIL044C,YLR212C,0,-0.07388265,0.1880244016647339,0.49300000071525574,0.21289999783039093
YJL062W,YHR161C,0,-0.07408079,0.18795272707939148,0.49300000071525574,0.21299999952316284
YDR382W,YOL152W,0,-0.07430323,0.18788109719753265,0.49300000071525574,0.21310000121593475
YBR267W,YJL066C,0,-0.07430706,0.1878095269203186,0.49300000071525574,0.21320000290870667
YLR204W,YLR406C,0,-0.07474253,0.18773800134658813,0.49300000071525574,0.21330000460147858
YDL232W,YDR488C,0,-0.075538516,0.18766653537750244,0.49300000071525574,0.2134000062942505
YPR009W,YJR078W,0,-0.0758755,0.18759512901306152,0.49300000071525574,0.2134999930858612
YIL136W,YMR150C,0,-0.07592606,0.1875237673521042,0.49300000071525574,0.21359999477863312
YFL034C-A,YNL202W,0,-0.07658576,0.18745246529579163,0.49300000071525574,0.21369999647140503
YBL020W,YPL090C,0,-0.07661101,0.18738122284412384,0.49300000071525574,0.21379999816417694
YMR231W,YOR020C,0,-0.076889075,0.18731002509593964,0.49300000071525574,0.21389999985694885
YBR217W,YER072W,1,-0.07719753,0.187618687748909,0.49399998784065247,0.21389999985694885
YPR030W,YNL050C,0,-0.07730844,0.1875474601984024,0.49399998784065247,0.21400000154972076
YOR322C,YDR356W,0,-0.07740561,0.1874762773513794,0.49399998784065247,0.21410000324249268
YOR131C,YLR341W,0,-0.07749712,0.18740515410900116,0.49399998784065247,0.2142000049352646
YDR214W,YER117W,0,-0.077527694,0.1873340904712677,0.49399998784065247,0.2143000066280365
YHL007C,YNL039W,0,-0.077629246,0.18726307153701782,0.49399998784065247,0.21439999341964722
YKL160W,YER051W,0,-0.07777087,0.18719211220741272,0.49399998784065247,0.21449999511241913
YGR261C,YCR069W,0,-0.07807854,0.1871212124824524,0.49399998784065247,0.21459999680519104
YMR280C,YIR005W,0,-0.07814995,0.18705035746097565,0.49399998784065247,0.21469999849796295
YER001W,YGR162W,0,-0.07848915,0.18697956204414368,0.49399998784065247,0.21480000019073486
YJL209W,YDR013W,0,-0.07861496,0.1869088113307953,0.49399998784065247,0.21490000188350677
YNL280C,YOL033W,0,-0.079488285,0.18683812022209167,0.49399998784065247,0.2150000035762787
YOL102C,YOL007C,0,-0.07970593,0.18676748871803284,0.49399998784065247,0.2151000052690506
YER146W,YOR176W,0,-0.07971575,0.18669690191745758,0.49399998784065247,0.2152000069618225
YPL228W,YML048W,0,-0.07983993,0.1866263747215271,0.49399998784065247,0.21529999375343323
YBL054W,YCR017C,0,-0.07991213,0.1865558922290802,0.49399998784065247,0.21539999544620514
YPR171W,YDR523C,0,-0.08019734,0.18648546934127808,0.49399998784065247,0.21549999713897705
YBR080C,YBR217W,1,-0.080297075,0.18679244816303253,0.4950000047683716,0.21549999713897705
YGL077C,YDL184C,0,-0.080591716,0.18672199547290802,0.4950000047683716,0.21559999883174896
YML131W,YDR014W,0,-0.0806265,0.1866515874862671,0.4950000047683716,0.21570000052452087
YDR415C,YCL026C-A,0,-0.081072554,0.18658122420310974,0.4950000047683716,0.21580000221729279
YJL143W,YPL027W,0,-0.081200294,0.18651092052459717,0.4950000047683716,0.2159000039100647
YBR142W,YDR365W-B,0,-0.08220155,0.18644067645072937,0.4950000047683716,0.2160000056028366
YKL038W,YPR200C,0,-0.08227318,0.18637047708034515,0.4950000047683716,0.21610000729560852
YPR054W,YPR158W-A,0,-0.082325205,0.1863003373146057,0.4950000047683716,0.21619999408721924
YEL060C,YBR167C,0,-0.08257086,0.18623024225234985,0.4950000047683716,0.21629999577999115
YDL110C,YBL037W,0,-0.08286134,0.18616020679473877,0.4950000047683716,0.21639999747276306
YCL040W,YGR169C,0,-0.08334831,0.18609023094177246,0.4950000047683716,0.21649999916553497
YJR107W,YDR453C,0,-0.083670236,0.18602029979228973,0.4950000047683716,0.21660000085830688
YPL104W,YJL153C,0,-0.08383415,0.1859504133462906,0.4950000047683716,0.2167000025510788
YOR174W,YDR034C-C,0,-0.08390027,0.18588058650493622,0.4950000047683716,0.2168000042438507
YGR161C-C,YFL052W,0,-0.08404084,0.18581080436706543,0.4950000047683716,0.21690000593662262
YOL005C,YLR050C,0,-0.084364966,0.18574108183383942,0.4950000047683716,0.21699999272823334
YDR349C,YDR313C,0,-0.08515934,0.18567141890525818,0.4950000047683716,0.21709999442100525
YDR001C,YPL204W,0,-0.085342295,0.18560180068016052,0.4950000047683716,0.21719999611377716
YEL027W,YJL178C,1,-0.08535671,0.1859070509672165,0.4959999918937683,0.21719999611377716
YNL306W,YOR063W,0,-0.08564941,0.18583738803863525,0.4959999918937683,0.21729999780654907
YFL004W,YHR174W,1,-0.08572454,0.18614232540130615,0.4970000088214874,0.21729999780654907
YER126C,YDR261C-C,0,-0.085792914,0.18607263267040253,0.4970000088214874,0.21739999949932098
YOL165C,YNR056C,0,-0.08613638,0.18600299954414368,0.4970000088214874,0.2175000011920929
YOR351C,YPR094W,0,-0.086304516,0.1859334111213684,0.4970000088214874,0.2176000028848648
YOR343W-B,YPL211W,0,-0.0864213,0.18586386740207672,0.4970000088214874,0.21770000457763672
YPL194W,YKR010C,0,-0.08657294,0.185794398188591,0.4970000088214874,0.21780000627040863
YCL066W,YPR190C,0,-0.08660796,0.18572495877742767,0.4970000088214874,0.21789999306201935
YCL063W,YIL041W,1,-0.0867783,0.18602913618087769,0.49799999594688416,0.21789999306201935
YGR032W,YDR270W,0,-0.08678632,0.18595966696739197,0.49799999594688416,0.21799999475479126
YDR402C,YHR072W-A,0,-0.08681803,0.18589025735855103,0.49799999594688416,0.21809999644756317
YHR070W,YPR158C-C,0,-0.08704277,0.18582089245319366,0.49799999594688416,0.21819999814033508
YGR207C,YJL203W,0,-0.087278254,0.18575158715248108,0.49799999594688416,0.218299999833107
YBL074C,YDL210W,0,-0.087463714,0.18568232655525208,0.49799999594688416,0.2184000015258789
YLL062C,YGR085C,0,-0.08765527,0.18561312556266785,0.49799999594688416,0.21850000321865082
YDL077C,YLR093C,1,-0.0879721,0.18591654300689697,0.49900001287460327,0.21850000321865082
YOL068C,YGL227W,0,-0.08819137,0.18584729731082916,0.49900001287460327,0.21860000491142273
YOR205C,YNL229C,0,-0.08834473,0.18577811121940613,0.49900001287460327,0.21870000660419464
YPL223C,YPL275W,0,-0.08848148,0.18570896983146667,0.49900001287460327,0.21879999339580536
YKL007W,YLR369W,0,-0.08851933,0.185639888048172,0.49900001287460327,0.21889999508857727
YDR167W,YIL006W,0,-0.08880366,0.1855708509683609,0.49900001287460327,0.21899999678134918
YPL019C,YIL138C,1,-0.088820554,0.1858736127614975,0.5,0.21899999678134918
YHL012W,YDR499W,0,-0.0892973,0.18580453097820282,0.5,0.2190999984741211
YHR215W,YAR003W,0,-0.089999594,0.18573550879955292,0.5,0.219200000166893
YGR198W,YDR394W,0,-0.09013453,0.1856665462255478,0.5,0.21930000185966492
YIR007W,YJL219W,0,-0.090477,0.18559762835502625,0.5,0.21940000355243683
YER159C-A,YML001W,0,-0.09054145,0.18552875518798828,0.5,0.21950000524520874
YNL254C,YGR027W-A,0,-0.090599485,0.1854599416255951,0.5,0.21960000693798065
YDL077C,YHR174W,1,-0.09093874,0.185761958360672,0.5009999871253967,0.21960000693798065
YOR303W,YER131W,0,-0.09108153,0.18569310009479523,0.5009999871253967,0.21969999372959137
YLR390W,YER183C,0,-0.09160214,0.18562430143356323,0.5009999871253967,0.21979999542236328
YHR161C,YLR009W,0,-0.09175225,0.185555562376976,0.5009999871253967,0.2198999971151352
YBR088C,YLR033W,0,-0.09179105,0.18548685312271118,0.5009999871253967,0.2199999988079071
YKL051W,YOR068C,1,-0.09186133,0.18578830361366272,0.5019999742507935,0.2199999988079071
YIL145C,YKL089W,0,-0.091925934,0.1857195645570755,0.5019999742507935,0.22010000050067902
YOR201C,YPR156C,0,-0.09199982,0.18565088510513306,0.5019999742507935,0.22020000219345093
YPR158W-A,YOL045W,0,-0.0922623,0.1855822503566742,0.5019999742507935,0.22030000388622284
YLR327C,YFL016C,0,-0.09399942,0.1855136752128601,0.5019999742507935,0.22040000557899475
YNL027W,YPR137C-A,0,-0.09409494,0.1854451447725296,0.5019999742507935,0.22050000727176666
YPL098C,YCR092C,0,-0.094108276,0.18537665903568268,0.5019999742507935,0.22059999406337738
YNL197C,YDR363W-A,0,-0.09477688,0.18530823290348053,0.5019999742507935,0.2206999957561493
YDR261W-A,YDL064W,0,-0.09480495,0.18523985147476196,0.5019999742507935,0.2207999974489212
YOR232W,YJR139C,0,-0.09484143,0.18517152965068817,0.5019999742507935,0.22089999914169312
YCR010C,YML052W,0,-0.09493123,0.18510323762893677,0.5019999742507935,0.22100000083446503
YDR472W,YGR231C,0,-0.09505401,0.18503502011299133,0.5019999742507935,0.22110000252723694
YBR057C,YMR116C,0,-0.095129035,0.1849668323993683,0.5019999742507935,0.22120000422000885
YLR452C,YGR158C,0,-0.09543765,0.18489870429039001,0.5019999742507935,0.22130000591278076
YDL070W,YGR161C-C,0,-0.095551424,0.18483063578605652,0.5019999742507935,0.22139999270439148
YOR005C,YER056C-A,0,-0.095567584,0.1847626119852066,0.5019999742507935,0.2214999943971634
YNL015W,YFL039C,1,-0.09568854,0.18506254255771637,0.503000020980835,0.2214999943971634
YBR297W,YIL082W-A,0,-0.09584616,0.18499448895454407,0.503000020980835,0.2215999960899353
YDL127W,YDR052C,0,-0.09610701,0.18492646515369415,0.503000020980835,0.22169999778270721
YNL291C,YLR028C,0,-0.096110344,0.184858500957489,0.503000020980835,0.22179999947547913
YPR166C,YOR192C-B,0,-0.096230514,0.18479059636592865,0.503000020980835,0.22190000116825104
YOL103W-B,YDR153C,0,-0.0968709,0.18472273647785187,0.503000020980835,0.22200000286102295
YPR152C,YCL050C,0,-0.097376235,0.18465492129325867,0.503000020980835,0.22210000455379486
YNL256W,YKL193C,0,-0.097600944,0.18458715081214905,0.503000020980835,0.22220000624656677
YDR210C-C,YMR042W,0,-0.09775995,0.1845194399356842,0.503000020980835,0.2222999930381775
YHL040C,YBL099W,0,-0.09800512,0.18445177376270294,0.503000020980835,0.2223999947309494
YML043C,YLR410W-A,0,-0.09869396,0.18438416719436646,0.503000020980835,0.2224999964237213
YIL050W,YNL021W,0,-0.098884515,0.18431660532951355,0.503000020980835,0.22259999811649323
YGR252W,YBR203W,0,-0.09888531,0.18424908816814423,0.503000020980835,0.22269999980926514
YKL199C,YPL015C,0,-0.09891949,0.18418161571025848,0.503000020980835,0.22280000150203705
YFL044C,YER159C-A,0,-0.09894313,0.18411420285701752,0.503000020980835,0.22290000319480896
YGL245W,YML033W,0,-0.09899711,0.18404683470726013,0.503000020980835,0.22300000488758087
YDR001C,YBR257W,0,-0.09929658,0.18397951126098633,0.503000020980835,0.22310000658035278
YJR076C,YGL203C,0,-0.09946705,0.1839122474193573,0.503000020980835,0.2231999933719635
YMR159C,YLR038C,0,-0.09979404,0.18384502828121185,0.503000020980835,0.2232999950647354
YFL009W,YDR540C,0,-0.10006151,0.18377785384655,0.503000020980835,0.22339999675750732
YDR506C,YNL005C,0,-0.100356646,0.1837107390165329,0.503000020980835,0.22349999845027924
YHR065C,YDL142C,0,-0.10100077,0.1836436688899994,0.503000020980835,0.22360000014305115
YDL104C,YCR039C,0,-0.10107797,0.18357664346694946,0.503000020980835,0.22370000183582306
YDL149W,YGL180W,1,-0.10136727,0.18387450277805328,0.5040000081062317,0.22370000183582306
YOL045W,YMR197C,0,-0.10157319,0.18380743265151978,0.5040000081062317,0.22380000352859497
YCR055C,YGL033W,0,-0.101627775,0.18374043703079224,0.5040000081062317,0.22390000522136688
YHL009W-A,YER068W,0,-0.10171322,0.18367347121238708,0.5040000081062317,0.2240000069141388
YCR034W,YKL093W,0,-0.1017578,0.18360655009746552,0.5040000081062317,0.2240999937057495
YIL048W,YHR039C-B,1,-0.101844035,0.18390385806560516,0.5049999952316284,0.2240999937057495
YPR043W,YLR132C,0,-0.10227651,0.1838369071483612,0.5049999952316284,0.22419999539852142
YDR418W,YBR287W,0,-0.10232767,0.18377001583576202,0.5049999952316284,0.22429999709129333
YHR143W-A,YJL073W,0,-0.102476425,0.18370316922664642,0.5049999952316284,0.22439999878406525
YLR093C,YLR423C,1,-0.102500945,0.18400000035762787,0.5059999823570251,0.22439999878406525
YMR168C,YDL161W,0,-0.10254319,0.1839331090450287,0.5059999823570251,0.22450000047683716
YOR326W,YBR217W,1,-0.10284405,0.18422965705394745,0.5070000290870667,0.22450000047683716
YBR103W,YNL268W,0,-0.103159614,0.18416273593902588,0.5070000290870667,0.22460000216960907
YGR132C,YGR027W-B,0,-0.103191264,0.1840958595275879,0.5070000290870667,0.22470000386238098
YER019C-A,YKL018W,0,-0.10356958,0.18402904272079468,0.5070000290870667,0.2248000055551529
YBR075W,YOR351C,0,-0.104771204,0.18396227061748505,0.5070000290870667,0.2249000072479248
YDR283C,YDR354W,0,-0.10477953,0.183895543217659,0.5070000290870667,0.22499999403953552
YLR148W,YCL062W,1,-0.10487866,0.18419145047664642,0.5080000162124634,0.22499999403953552
YHR107C,YKL184W,0,-0.10488769,0.1841246783733368,0.5080000162124634,0.22509999573230743
YKL097W-A,YNL012W,0,-0.104998715,0.18405796587467194,0.5080000162124634,0.22519999742507935
YCR070W,YEL003W,0,-0.1051455,0.18399131298065186,0.5080000162124634,0.22529999911785126
YCL062W,YHR138C,1,-0.10531219,0.18428674340248108,0.5090000033378601,0.22529999911785126
YNL242W,YHR039C-B,1,-0.10536187,0.18458198010921478,0.5099999904632568,0.22529999911785126
YDR371W,YLR337W,0,-0.10553932,0.18451519310474396,0.5099999904632568,0.22540000081062317
YOR194C,YJL153C,0,-0.105633296,0.1844484657049179,0.5099999904632568,0.22550000250339508
YGL095C,YLR396C,1,-0.10565186,0.18474331498146057,0.5109999775886536,0.22550000250339508
YHR089C,YJR151C,0,-0.10598282,0.18467654287815094,0.5109999775886536,0.225600004196167
YDR326C,YLR386W,0,-0.10613508,0.18460983037948608,0.5109999775886536,0.2257000058889389
YPR137C-A,YKL222C,0,-0.10631251,0.1845431625843048,0.5109999775886536,0.22579999268054962
YOL086C,YBR050C,0,-0.10634285,0.18447653949260712,0.5109999775886536,0.22589999437332153
YJR094W-A,YGL051W,0,-0.106486864,0.184409961104393,0.5109999775886536,0.22599999606609344
YLR453C,YOR343W-A,0,-0.1065675,0.18434342741966248,0.5109999775886536,0.22609999775886536
YDR082W,YML074C,0,-0.106763564,0.18427695333957672,0.5109999775886536,0.22619999945163727
YDR130C,YML097C,0,-0.10683013,0.18421052396297455,0.5109999775886536,0.22630000114440918
YCL057W,YIL065C,0,-0.1069485,0.18414413928985596,0.5109999775886536,0.2264000028371811
YPL186C,YMR305C,0,-0.10798804,0.18407781422138214,0.5109999775886536,0.226500004529953
YDR229W,YPL060C-A,0,-0.10803305,0.1840115189552307,0.5109999775886536,0.22660000622272491
YML033W,YML128C,0,-0.108101614,0.18394528329372406,0.5109999775886536,0.22669999301433563
YOL027C,YPL059W,0,-0.10811256,0.183879092335701,0.5109999775886536,0.22679999470710754
YNL225C,YLR391W,0,-0.10837816,0.1838129460811615,0.5109999775886536,0.22689999639987946
YHR039C-B,YNL223W,1,-0.108405374,0.18410643935203552,0.5120000243186951,0.22689999639987946
YKL208W,YGR109W-B,0,-0.10848104,0.18404026329517365,0.5120000243186951,0.22699999809265137
YML045W-A,YGL008C,0,-0.10850521,0.18397413194179535,0.5120000243186951,0.22709999978542328
YGL226C-A,YIL172C,0,-0.108542494,0.18390804529190063,0.5120000243186951,0.2272000014781952
YDR294C,YKL158W,0,-0.10882055,0.1838420033454895,0.5120000243186951,0.2273000031709671
YGR038C-A,YPL048W,0,-0.108877294,0.18377602100372314,0.5120000243186951,0.227400004863739
YHR086W,YIL105C,0,-0.108881466,0.18371008336544037,0.5120000243186951,0.22750000655651093
YPL104W,YPR102C,0,-0.10893095,0.18364419043064117,0.5120000243186951,0.22759999334812164
YFR036W,YNR035C,0,-0.10909208,0.18357834219932556,0.5120000243186951,0.22769999504089355
YCL003W,YOR094W,0,-0.10928579,0.18351253867149353,0.5120000243186951,0.22779999673366547
YDL136W,YNL284C-A,0,-0.1093392,0.18344679474830627,0.5120000243186951,0.22789999842643738
YCL062W,YGR087C,0,-0.10934679,0.1833810955286026,0.5120000243186951,0.2280000001192093
YLR157C-A,YJR047C,0,-0.1096038,0.1833154261112213,0.5120000243186951,0.2281000018119812
YGR105W,YJL082W,0,-0.109918974,0.1832498162984848,0.5120000243186951,0.2282000035047531
YGR058W,YHR072W-A,0,-0.109970145,0.18318425118923187,0.5120000243186951,0.22830000519752502
YML030W,YJR133W,0,-0.11000806,0.18311874568462372,0.5120000243186951,0.22840000689029694
YLR219W,YCR097WB,0,-0.110038154,0.18305326998233795,0.5120000243186951,0.22849999368190765
YGR135W,YIR035C,0,-0.11019037,0.18298785388469696,0.5120000243186951,0.22859999537467957
YOR192C-A,YFR004W,0,-0.11024118,0.18292246758937836,0.5120000243186951,0.22869999706745148
YJR149W,YKR068C,0,-0.11069208,0.18285714089870453,0.5120000243186951,0.2287999987602234
YCL062W,YAL002W,1,-0.110768504,0.18314887583255768,0.5130000114440918,0.2287999987602234
YOR240W,YLR372W,0,-0.11079138,0.18308350443840027,0.5130000114440918,0.2289000004529953
YGL180W,YHR039C-B,1,-0.11080801,0.18337495625019073,0.5139999985694885,0.2289000004529953
YJL051W,YPL154C,0,-0.11085539,0.18330955505371094,0.5139999985694885,0.2290000021457672
YDR080W,YHR039C-B,1,-0.110856526,0.18360070884227753,0.5149999856948853,0.2290000021457672
YLR348C,YKR020W,0,-0.11096079,0.18353527784347534,0.5149999856948853,0.22910000383853912
YCL062W,YLR386W,1,-0.110971116,0.18382614850997925,0.515999972820282,0.22910000383853912
YHR039C-B,YLR093C,1,-0.11097919,0.18411681056022644,0.5170000195503235,0.22910000383853912
YBR075W,YLR316C,0,-0.11116139,0.1840512603521347,0.5170000195503235,0.22920000553131104
YKL198C,YNR060W,0,-0.111220814,0.18398576974868774,0.5170000195503235,0.22930000722408295
YLR396C,YOR068C,1,-0.11141013,0.1842760592699051,0.5180000066757202,0.22930000722408295
YNL265C,YDR540C,0,-0.111498706,0.18421052396297455,0.5180000066757202,0.22939999401569366
YLL004W,YJL172W,0,-0.11151207,0.18414504826068878,0.5180000066757202,0.22949999570846558
YLR237W,YGR161W-B,0,-0.111540295,0.1840796023607254,0.5180000066757202,0.2295999974012375
YAR044W,YBL055C,0,-0.11154596,0.1840142160654068,0.5180000066757202,0.2296999990940094
YCL062W,YBR109C,1,-0.11155241,0.18430398404598236,0.5189999938011169,0.2296999990940094
YJR004C,YNR060W,0,-0.11168545,0.18423855304718018,0.5189999938011169,0.2298000007867813
YOR144C,YBL101W-A,0,-0.1117431,0.18417316675186157,0.5189999938011169,0.22990000247955322
YCL060C,YPL053C,0,-0.11175658,0.18410784006118774,0.5189999938011169,0.23000000417232513
YLR320W,YFL035C,0,-0.11176797,0.1840425580739975,0.5189999938011169,0.23010000586509705
YGR203W,YML116W,0,-0.11185069,0.18397730588912964,0.5189999938011169,0.23019999265670776
YBR075W,YDL108W,0,-0.111928396,0.18391211330890656,0.5189999938011169,0.23029999434947968
YEL013W,YER072W,1,-0.11241556,0.1842012107372284,0.5199999809265137,0.23029999434947968
YOR332W,YCL062W,1,-0.11242663,0.18449008464813232,0.5210000276565552,0.23029999434947968
YKL158W,YOL112W,0,-0.112578906,0.1844247728586197,0.5210000276565552,0.2303999960422516
YLR093C,YDR495C,1,-0.11263812,0.18471337854862213,0.5220000147819519,0.2303999960422516
YNL159C,YEL052W,0,-0.112663694,0.1846480369567871,0.5220000147819519,0.2304999977350235
YDR197W,YOR240W,0,-0.11283944,0.18458274006843567,0.5220000147819519,0.2305999994277954
YOL109W,YDL178W,0,-0.113030024,0.184517502784729,0.5220000147819519,0.23070000112056732
YKL158W,YPR198W,0,-0.113172255,0.18445229530334473,0.5220000147819519,0.23080000281333923
YHR039C-B,YNL326C,1,-0.1133306,0.18474037945270538,0.5230000019073486,0.23080000281333923
YOR088W,YHR030C,0,-0.113391675,0.18467514216899872,0.5230000019073486,0.23090000450611115
YJL219W,YNL054W-B,0,-0.113565825,0.18460994958877563,0.5230000019073486,0.23100000619888306
YCL062W,YHR039C-B,1,-0.113654114,0.18489767611026764,0.5239999890327454,0.23100000619888306
YBR159W,YKL208W,0,-0.113673024,0.18483245372772217,0.5239999890327454,0.23109999299049377
YFL035C,YCL019W,0,-0.113757454,0.18476727604866028,0.5239999890327454,0.23119999468326569
YJR094W-A,YGR295C,0,-0.113844566,0.18470214307308197,0.5239999890327454,0.2312999963760376
YOR022C,YML033W,0,-0.113933824,0.18463706970214844,0.5239999890327454,0.2313999980688095
YGL095C,YHR039C-B,1,-0.11395784,0.18492427468299866,0.5249999761581421,0.2313999980688095
YHR070W,YDR265W,0,-0.11398146,0.18485915660858154,0.5249999761581421,0.23149999976158142
YCR097WB,YDR448W,0,-0.11402241,0.184794083237648,0.5249999761581421,0.23160000145435333
YCR055C,YOR332W,0,-0.114643864,0.18472906947135925,0.5249999761581421,0.23170000314712524
YEL004W,YDR170W-A,0,-0.11468189,0.18466408550739288,0.5249999761581421,0.23180000483989716
YOL038W,YCR070W,0,-0.114929184,0.1845991611480713,0.5249999761581421,0.23190000653266907
YPL118W,YNL230C,0,-0.115067504,0.18453426659107208,0.5249999761581421,0.23199999332427979
YFL009W,YHL008C,0,-0.11511788,0.18446943163871765,0.5249999761581421,0.2320999950170517
YOR240W,YGR001C,0,-0.115129344,0.1844046413898468,0.5249999761581421,0.2321999967098236
YOR219C,YOR192C-B,0,-0.1152451,0.18433988094329834,0.5249999761581421,0.23229999840259552
YIL010W,YKL157W,0,-0.115340166,0.18427518010139465,0.5249999761581421,0.23240000009536743
YGL119W,YIR036C,0,-0.11535383,0.18421052396297455,0.5249999761581421,0.23250000178813934
YBR075W,YLR192C,0,-0.11551421,0.18414591252803802,0.5249999761581421,0.23260000348091125
YOR088W,YML130C,0,-0.1155921,0.18408134579658508,0.5249999761581421,0.23270000517368317
YCL062W,YER072W,1,-0.11568356,0.1843673288822174,0.5260000228881836,0.23270000517368317
YJL166W,YFL038C,0,-0.11570231,0.18430273234844208,0.5260000228881836,0.23280000686645508
YOL136C,YIL017W,0,-0.11571603,0.18423818051815033,0.5260000228881836,0.2328999936580658
YBR105C,YHR039C-B,1,-0.11590078,0.184523805975914,0.5270000100135803,0.2328999936580658
YJL149W,YBL101W-A,0,-0.11600696,0.18445922434329987,0.5270000100135803,0.2329999953508377
YIL017W,YKL092C,0,-0.11610657,0.1843946874141693,0.5270000100135803,0.23309999704360962
YDR529C,YKL158W,0,-0.11612294,0.18433018028736115,0.5270000100135803,0.23319999873638153
YEL052W,YFL035C,0,-0.11619182,0.18426573276519775,0.5270000100135803,0.23330000042915344
YDL077C,YER072W,1,-0.1162028,0.18455085158348083,0.527999997138977,0.23330000042915344
YBR195C,YCR040W,0,-0.11627146,0.18448637425899506,0.527999997138977,0.23340000212192535
YGL012W,YIL017W,0,-0.11627752,0.18442194163799286,0.527999997138977,0.23350000381469727
YBR278W,YOR240W,0,-0.11656343,0.18435753881931305,0.527999997138977,0.23360000550746918
YPL270W,YPL158C,0,-0.116564184,0.18429319560527802,0.527999997138977,0.2337000072002411
YDL070W,YAL001C,0,-0.11656988,0.18422889709472656,0.527999997138977,0.2337999939918518
YMR298W,YKL158W,0,-0.116727605,0.1841646283864975,0.527999997138977,0.23389999568462372
YLR270W,YLR136C,0,-0.116764635,0.1841004192829132,0.527999997138977,0.23399999737739563
YOR369C,YEL053C,0,-0.11702392,0.1840362548828125,0.527999997138977,0.23409999907016754
YDR379W,YMR202W,0,-0.11707133,0.18397212028503418,0.527999997138977,0.23420000076293945
YLR307W,YJL213W,0,-0.11721671,0.18390804529190063,0.527999997138977,0.23430000245571136
YGL095C,YAL002W,1,-0.11726173,0.18419219553470612,0.5289999842643738,0.23430000245571136
YPR030W,YDL229W,0,-0.11755284,0.18412809073925018,0.5289999842643738,0.23440000414848328
YBR223C,YKL158W,0,-0.11760927,0.18406401574611664,0.5289999842643738,0.2345000058412552
YHR039C-B,YDR444W,0,-0.117873445,0.18400000035762787,0.5289999842643738,0.2345999926328659
YCL062W,YPL019C,1,-0.11799027,0.18428373336791992,0.5299999713897705,0.2345999926328659
YGL257C,YDL067C,0,-0.11808954,0.18421967327594757,0.5299999713897705,0.23469999432563782
YOL151W,YBR115C,0,-0.11858725,0.1841556578874588,0.5299999713897705,0.23479999601840973
YBR012W-A,YPR107C,0,-0.118644945,0.1840917021036148,0.5299999713897705,0.23489999771118164
YOR085W,YDR288W,0,-0.118813425,0.1840277761220932,0.5299999713897705,0.23499999940395355
YJL101C,YNR007C,0,-0.11898442,0.18396389484405518,0.5299999713897705,0.23510000109672546
YDR263C,YJR144W,0,-0.11898885,0.18390007317066193,0.5299999713897705,0.23520000278949738
YDL144C,YPR167C,0,-0.119049884,0.18383628129959106,0.5299999713897705,0.2353000044822693
YCL062W,YIL041W,1,-0.11909458,0.18411928415298462,0.531000018119812,0.2353000044822693
YML045W-A,YIL041W,0,-0.119249836,0.18405546247959137,0.531000018119812,0.2354000061750412
YHR039C-A,YHR174W,1,-0.11975189,0.18433818221092224,0.5320000052452087,0.2354000061750412
YIL044C,YGL046W,0,-0.1198866,0.1842743307352066,0.5320000052452087,0.23549999296665192
YGL095C,YDR495C,1,-0.12001499,0.184556782245636,0.5329999923706055,0.23549999296665192
YGL180W,YLR396C,1,-0.12011831,0.18483904004096985,0.5339999794960022,0.23549999296665192
YML038C,YBR050C,0,-0.120234706,0.18477508425712585,0.5339999794960022,0.23559999465942383
YEL041W,YPL257W-B,0,-0.120235674,0.18471117317676544,0.5339999794960022,0.23569999635219574
YDR460W,YCL052C,0,-0.120293096,0.1846473067998886,0.5339999794960022,0.23579999804496765
YOR088W,YBL101W-A,0,-0.12062431,0.18458347022533417,0.5339999794960022,0.23589999973773956
YHL036W,YDR294C,0,-0.1206438,0.1845196932554245,0.5339999794960022,0.23600000143051147
YCR028C-A,YMR227C,0,-0.120697655,0.1844559609889984,0.5339999794960022,0.2361000031232834
YPR056W,YOR192C-B,0,-0.12082878,0.18439225852489471,0.5339999794960022,0.2362000048160553
YPL020C,YOR208W,0,-0.12083061,0.1843286156654358,0.5339999794960022,0.2363000065088272
YKL203C,YER003C,0,-0.1208359,0.18426501750946045,0.5339999794960022,0.23639999330043793
YGR285C,YJL066C,0,-0.12101143,0.1842014491558075,0.5339999794960022,0.23649999499320984
YDR126W,YCL062W,1,-0.1211147,0.18448275327682495,0.5350000262260437,0.23649999499320984
YMR229C,YLR256W-A,0,-0.12138124,0.1844191700220108,0.5350000262260437,0.23659999668598175
YIL088C,YHR123W,0,-0.12141356,0.18435561656951904,0.5350000262260437,0.23669999837875366
YMR090W,YBR203W,0,-0.1216884,0.18429210782051086,0.5350000262260437,0.23680000007152557
YML066C,YOR140W,0,-0.12171198,0.18422864377498627,0.5350000262260437,0.23690000176429749
YBL084C,YDR261W-B,0,-0.12186762,0.18416523933410645,0.5350000262260437,0.2370000034570694
YMR137C,YBL055C,0,-0.12224775,0.184101864695549,0.5350000262260437,0.2371000051498413
YNL197C,YCR080W,0,-0.12229594,0.18403853476047516,0.5350000262260437,0.23720000684261322
YGR038C-A,YPL068C,0,-0.12233076,0.1839752346277237,0.5350000262260437,0.23729999363422394
YKL158W,YDR392W,0,-0.12240945,0.183911994099617,0.5350000262260437,0.23739999532699585
YJR065C,YGR241C,0,-0.12245432,0.1838487982749939,0.5350000262260437,0.23749999701976776
YDL085W,YNL291C,0,-0.1228914,0.18378564715385437,0.5350000262260437,0.23759999871253967
YOR096W,YLR410W-B,0,-0.1231549,0.18372252583503723,0.5350000262260437,0.23770000040531158
YOL091W,YHR023W,0,-0.123206064,0.18365946412086487,0.5350000262260437,0.2378000020980835
YDR262W,YOL101C,0,-0.12385462,0.1835964322090149,0.5350000262260437,0.2379000037908554
YGL021W,YOR142W-B,0,-0.124312036,0.1835334450006485,0.5350000262260437,0.23800000548362732
YOR131C,YDR261C-C,0,-0.12433148,0.18347050249576569,0.5350000262260437,0.23810000717639923
YKL120W,YGR279C,0,-0.12469091,0.18340760469436646,0.5350000262260437,0.23819999396800995
YMR231W,YHR039C-B,1,-0.12471181,0.1836874634027481,0.5360000133514404,0.23819999396800995
YNL106C,YPL019C,0,-0.12486791,0.1836245357990265,0.5360000133514404,0.23829999566078186
YOR068C,YLR423C,1,-0.1250613,0.18390411138534546,0.5370000004768372,0.23829999566078186
YDR530C,YIL017W,0,-0.12509379,0.18384115397930145,0.5370000004768372,0.23839999735355377
YPR158C-C,YDL067C,0,-0.12522624,0.18377824127674103,0.5370000004768372,0.23849999904632568
YOR328W,YOL077W-A,0,-0.12532862,0.183715358376503,0.5370000004768372,0.2386000007390976
YDL149W,YLR423C,1,-0.1253618,0.18399453163146973,0.5379999876022339,0.2386000007390976
YMR315W,YDL039C,0,-0.12564564,0.1839316189289093,0.5379999876022339,0.2387000024318695
YJL042W,YPL090C,0,-0.125682,0.18386876583099365,0.5379999876022339,0.23880000412464142
YPL150W,YOR343W-A,0,-0.12585217,0.1838059425354004,0.5379999876022339,0.23890000581741333
YDR233C,YGR027W-B,0,-0.12606423,0.1837431639432907,0.5379999876022339,0.23899999260902405
YLR090W,YMR268W-A,0,-0.12607178,0.1836804300546646,0.5379999876022339,0.23909999430179596
YCL027C-A,YPL257W-A,0,-0.12607178,0.1836177408695221,0.5379999876022339,0.23919999599456787
YFL004W,YJL012C-A,1,-0.12607178,0.1838962882757187,0.5389999747276306,0.23919999599456787
YKL200C,YER013W,0,-0.12607178,0.1838335543870926,0.5389999747276306,0.23929999768733978
YFR008W,YCL048W-A,0,-0.12607178,0.18377088010311127,0.5389999747276306,0.2393999993801117
YAL002W,YJL012C-A,1,-0.12607178,0.1840490847826004,0.5400000214576721,0.2393999993801117
YJL012C-A,YPR049C,1,-0.12607178,0.18432708084583282,0.5410000085830688,0.2393999993801117
YDL109C,YCL048W-A,0,-0.12607178,0.18426430225372314,0.5410000085830688,0.2395000010728836
YFR008W,YAR070W-A,0,-0.12607178,0.18420156836509705,0.5410000085830688,0.23960000276565552
YLR391W-A,YCL066W,0,-0.12607178,0.18413886427879333,0.5410000085830688,0.23970000445842743
YIR018W,YOL053C-A,0,-0.12607178,0.1840762197971344,0.5410000085830688,0.23980000615119934
YGR189C,YNL138W-A,0,-0.12607178,0.18401360511779785,0.5410000085830688,0.23989999294281006
YOR171C,YOL053C-A,0,-0.12607178,0.18395103514194489,0.5410000085830688,0.23999999463558197
YNL079C,YJL012C-A,1,-0.12607178,0.18422842025756836,0.5419999957084656,0.23999999463558197
YDL181W,YHR214W-G,0,-0.12607178,0.184165820479393,0.5419999957084656,0.24009999632835388
YGR031C-A,YGR014W,0,-0.12607178,0.18410326540470123,0.5419999957084656,0.2401999980211258
YDR379W,YPL096C-A,0,-0.12607178,0.18404074013233185,0.5419999957084656,0.2402999997138977
YHR039C-A,YJL012C-A,1,-0.12607178,0.1843177229166031,0.5429999828338623,0.2402999997138977
YNR007C,YJL012C-A,1,-0.12607178,0.18459449708461761,0.5440000295639038,0.2402999997138977
YPL189C-A,YDR170W-A,0,-0.12607178,0.18453188240528107,0.5440000295639038,0.24040000140666962
YHR072W,YNL138W-A,0,-0.12607178,0.1844693124294281,0.5440000295639038,0.24050000309944153
YKL199C,YDR210W-D,0,-0.12607178,0.18440677225589752,0.5440000295639038,0.24060000479221344
YDL038C,YDL033C,0,-0.12607178,0.18434429168701172,0.5440000295639038,0.24070000648498535
YMR268W-A,YNL256W,0,-0.12607178,0.1842818409204483,0.5440000295639038,0.24079999327659607
YKL200C,YOR174W,0,-0.12607178,0.18421943485736847,0.5440000295639038,0.24089999496936798
YOL155C,YNL024C-A,0,-0.12607178,0.18415707349777222,0.5440000295639038,0.2409999966621399
YPL189C-A,YLR099C,0,-0.12607178,0.18409475684165955,0.5440000295639038,0.2410999983549118
YJL192C,YGL258W-A,0,-0.12607178,0.18403246998786926,0.5440000295639038,0.24120000004768372
YCR029C-A,YKR026C,0,-0.12607178,0.18397024273872375,0.5440000295639038,0.24130000174045563
YHR027C,YDR524C-B,0,-0.12607178,0.18390804529190063,0.5440000295639038,0.24140000343322754
YCL048W-A,YFL052W,0,-0.12607178,0.1838458925485611,0.5440000295639038,0.24150000512599945
YNL186W,YDR524C-B,0,-0.12607178,0.18378378450870514,0.5440000295639038,0.24160000681877136
YKR014C,YHR214W-G,0,-0.12607178,0.18372172117233276,0.5440000295639038,0.24169999361038208
YCL062W,YHR039C-A,1,-0.12607178,0.18399730324745178,0.5450000166893005,0.24169999361038208
YHR039C-B,YHR039C-A,1,-0.12607178,0.18427269160747528,0.5460000038146973,0.24169999361038208
YHR172W,YLR154W-A,0,-0.12607178,0.18421052396297455,0.5460000038146973,0.241799995303154
YBR111W-A,YDL066W,0,-0.12607178,0.1841484010219574,0.5460000038146973,0.2418999969959259
YDR421W,YMR268W-A,0,-0.12607178,0.18408630788326263,0.5460000038146973,0.24199999868869781
YER083C,YDR210W-D,0,-0.12607178,0.18402427434921265,0.5460000038146973,0.24210000038146973
YLR312C-B,YPR200C,0,-0.12607178,0.18396227061748505,0.5460000038146973,0.24220000207424164
YJR145C,YNL024C-A,0,-0.12607178,0.18390029668807983,0.5460000038146973,0.24230000376701355
YHR160C,YDR210W-D,0,-0.12607178,0.1838383823633194,0.5460000038146973,0.24240000545978546
YBR274W,YNL024C-A,0,-0.12607178,0.18377651274204254,0.5460000038146973,0.24250000715255737
YLR406C,YCR070W,0,-0.12607178,0.18371467292308807,0.5460000038146973,0.2425999939441681
YOR219C,YOL053C-A,0,-0.12607178,0.1836528778076172,0.5460000038146973,0.24269999563694
YCL062W,YDL077C,1,-0.12607178,0.18392737209796906,0.546999990940094,0.24269999563694
YEL013W,YJL012C-A,1,-0.12607178,0.1842016875743866,0.5479999780654907,0.24269999563694
YBR109C,YJL012C-A,1,-0.12607178,0.18447580933570862,0.5490000247955322,0.24269999563694
YBR302C,YCL048W-A,0,-0.12607178,0.1844138354063034,0.5490000247955322,0.24279999732971191
YLR459W,YDR524C-B,0,-0.12607178,0.18435192108154297,0.5490000247955322,0.24289999902248383
YDL038C,YDR389W,0,-0.12607178,0.18429003655910492,0.5490000247955322,0.24300000071525574
YJL012C-A,YDR495C,1,-0.12607178,0.1845637559890747,0.550000011920929,0.24300000071525574
YPL008W,YMR268W-A,0,-0.12607178,0.18450184166431427,0.550000011920929,0.24310000240802765
YJL136C,YNL024C-A,0,-0.12607178,0.18443997204303741,0.550000011920929,0.24320000410079956
YLR312C-B,YGR192C,0,-0.12607178,0.18437814712524414,0.550000011920929,0.24330000579357147
YIL009C-A,YCR070W,0,-0.12607178,0.18431635200977325,0.550000011920929,0.2433999925851822
YCL057C-A,YLR256W-A,0,-0.12607178,0.18425460159778595,0.550000011920929,0.2434999942779541
YMR060C,YHR214W-G,0,-0.12607178,0.18419289588928223,0.550000011920929,0.243599995970726
YKL051W,YJL012C-A,1,-0.12607178,0.18446601927280426,0.5509999990463257,0.243599995970726
YJL012C-A,YAL021C,0,-0.12607178,0.18440428376197815,0.5509999990463257,0.24369999766349792
YJL082W,YDR524C-B,0,-0.12607178,0.18434259295463562,0.5509999990463257,0.24379999935626984
YCL062W,YGR254W,1,-0.12607178,0.1846153885126114,0.5519999861717224,0.24379999935626984
YGR132C,YOR343C-B,0,-0.12607178,0.18455366790294647,0.5519999861717224,0.24390000104904175
YGR287C,YDR014W-A,0,-0.12607178,0.18449197709560394,0.5519999861717224,0.24400000274181366
YDR014W-A,YLR080W,0,-0.12607178,0.184430330991745,0.5519999861717224,0.24410000443458557
YGR031C-A,YMR080C,0,-0.12607178,0.18436874449253082,0.5519999861717224,0.24420000612735748
YDL085W,YPL189C-A,0,-0.12607178,0.18430717289447784,0.5519999861717224,0.2442999929189682
YMR199W,YDR524C-B,0,-0.12607178,0.18424566090106964,0.5519999861717224,0.2443999946117401
YJL178C,YJL012C-A,1,-0.12607178,0.18451784551143646,0.5529999732971191,0.2443999946117401
YNL223W,YJL012C-A,1,-0.12607178,0.18478986620903015,0.5540000200271606,0.2443999946117401
YIL041W,YJL012C-A,1,-0.12607178,0.18506169319152832,0.5550000071525574,0.2443999946117401
YLR396C,YJL012C-A,1,-0.12607178,0.18533332645893097,0.5559999942779541,0.2443999946117401
YER157W,YAR070W-A,0,-0.12607178,0.18527157604694366,0.5559999942779541,0.24449999630451202
YDL038C,YJR066W,0,-0.12607178,0.18520985543727875,0.5559999942779541,0.24459999799728394
YOL021C,YDR524C-B,0,-0.12607178,0.1851481795310974,0.5559999942779541,0.24469999969005585
YIL048W,YJL012C-A,1,-0.12607178,0.18541944026947021,0.5569999814033508,0.24469999969005585
YDL149W,YJL012C-A,1,-0.12607178,0.1856905221939087,0.5580000281333923,0.24469999969005585
YDR524C-B,YJL145W,0,-0.12607178,0.185628741979599,0.5580000281333923,0.24480000138282776
YDR079C-A,YNL284C-A,0,-0.12607178,0.1855670064687729,0.5580000281333923,0.24490000307559967
YDL164C,YCL027C-A,0,-0.12607178,0.18550531566143036,0.5580000281333923,0.24500000476837158
YGR179C,YCL048W-A,0,-0.12607178,0.1854436695575714,0.5580000281333923,0.2451000064611435
YCR002C,YLR154W-A,0,-0.12607178,0.18538205325603485,0.5580000281333923,0.2451999932527542
YBL078C,YJL012C-A,1,-0.12607178,0.18565261363983154,0.5590000152587891,0.2451999932527542
YOR332W,YJL012C-A,1,-0.12607178,0.18592298030853271,0.5600000023841858,0.2451999932527542
YDR369C,YCL027C-A,0,-0.12607178,0.185861274600029,0.5600000023841858,0.24529999494552612
YJR119C,YLR391W-A,0,-0.12607178,0.18579959869384766,0.5600000023841858,0.24539999663829803
YDR527W,YJL012C-A,0,-0.12607178,0.1857379823923111,0.5600000023841858,0.24549999833106995
YDR312W,YOR396W,0,-0.12607178,0.18567639589309692,0.5600000023841858,0.24560000002384186
YLR383W,YGL258W-A,0,-0.12607178,0.18561485409736633,0.5600000023841858,0.24570000171661377
YAR044W,YJR090C,0,-0.12607178,0.18555334210395813,0.5600000023841858,0.24580000340938568
YER030W,YLR154W-A,0,-0.12607178,0.1854918897151947,0.5600000023841858,0.2459000051021576
YPL189C-A,YGR035C,0,-0.12607178,0.18543046712875366,0.5600000023841858,0.2460000067949295
YPL189C-A,YNL151C,0,-0.12607178,0.1853690892457962,0.5600000023841858,0.24609999358654022
YNL106C,YLR154W-A,0,-0.12607178,0.18530774116516113,0.5600000023841858,0.24619999527931213
YKR099C-A,YBL005W-A,0,-0.12607178,0.18524643778800964,0.5600000023841858,0.24629999697208405
YAR070W-A,YPL186C,0,-0.12607178,0.18518517911434174,0.5600000023841858,0.24639999866485596
YDR524C-B,YGR171C,0,-0.12607178,0.1851239651441574,0.5600000023841858,0.24650000035762787
YDR358W,YBL008W-A,0,-0.12607178,0.18506279587745667,0.5600000023841858,0.24660000205039978
YHR039C-B,YPR049C,1,-0.12607178,0.1853320151567459,0.5609999895095825,0.24660000205039978
YGR031C-A,YBR008C,0,-0.12607178,0.18527080118656158,0.5609999895095825,0.2467000037431717
YOL053C-A,YPR006C,0,-0.12607178,0.18520964682102203,0.5609999895095825,0.2468000054359436
YPL085W,YGR272C,0,-0.12607178,0.18514852225780487,0.5609999895095825,0.24690000712871552
YLR148W,YJL012C-A,1,-0.12607178,0.18541735410690308,0.5619999766349792,0.24690000712871552
YOR396W,YBL022C,0,-0.12607178,0.18535619974136353,0.5619999766349792,0.24699999392032623
YOR068C,YJL012C-A,1,-0.12607178,0.18562479317188263,0.5630000233650208,0.24699999392032623
YDR326C,YBR111W-A,0,-0.12607178,0.1855636090040207,0.5630000233650208,0.24709999561309814
YER072W,YJL012C-A,1,-0.12607178,0.1858319640159607,0.5640000104904175,0.24709999561309814
YGL209W,YBR111W-A,0,-0.12607178,0.18577075004577637,0.5640000104904175,0.24719999730587006
YBL008W-A,YNR010W,0,-0.12607178,0.18570958077907562,0.5640000104904175,0.24729999899864197
YPL275W,YLR154W-A,0,-0.12607178,0.18564845621585846,0.5640000104904175,0.24740000069141388
YKR099C-A,YLR301W,0,-0.12607178,0.18558736145496368,0.5640000104904175,0.2475000023841858
YMR070W,YNL024C-A,0,-0.12607178,0.1855263113975525,0.5640000104904175,0.2476000040769577
YFL011W-A,YOR175C,0,-0.12607178,0.18546530604362488,0.5640000104904175,0.24770000576972961
YMR251W-A,YML033W,0,-0.12607178,0.18540434539318085,0.5640000104904175,0.24779999256134033
YMR166C,YKL097W-A,0,-0.12607178,0.1853434145450592,0.5640000104904175,0.24789999425411224
YAL038W,YMR268W-A,0,-0.12607178,0.18528252840042114,0.5640000104904175,0.24799999594688416
YLR386W,YJL012C-A,1,-0.12607178,0.18555007874965668,0.5649999976158142,0.24799999594688416
YOR343C-B,YDR014W-A,0,-0.12607178,0.18548916280269623,0.5649999976158142,0.24809999763965607
YGL180W,YJL012C-A,1,-0.12607178,0.18575647473335266,0.5659999847412109,0.24809999763965607
YDR316W-A,YJL062W-A,0,-0.12607178,0.18569554388523102,0.5659999847412109,0.24819999933242798
YGR209C,YJL012C-A,1,-0.12607178,0.18596261739730835,0.5669999718666077,0.24819999933242798
YBR210W,YDR210W-D,0,-0.12607178,0.18590164184570312,0.5669999718666077,0.2483000010251999
YPL189C-A,YBR186W,0,-0.12607178,0.18584071099758148,0.5669999718666077,0.2484000027179718
YDR229W,YJL012C-A,1,-0.12607178,0.18610747158527374,0.5680000185966492,0.2484000027179718
YLR391W-A,YCR097W,0,-0.12607178,0.1860465109348297,0.5680000185966492,0.2485000044107437
YDL201W,YGL258W-A,0,-0.12607178,0.18598559498786926,0.5680000185966492,0.24860000610351562
YMR241W,YBR111W-A,0,-0.12607178,0.1859247088432312,0.5680000185966492,0.24869999289512634
YDR485C,YNL138W-A,0,-0.12607178,0.18586386740207672,0.5680000185966492,0.24879999458789825
YPL189C-A,YHR188C,0,-0.12607178,0.18580307066440582,0.5680000185966492,0.24889999628067017
YKL074C,YDR014W-A,0,-0.12607178,0.1857423186302185,0.5680000185966492,0.24899999797344208
YPL189C-A,YOL041C,0,-0.12607178,0.18568159639835358,0.5680000185966492,0.249099999666214
YOL053C-A,YGR276C,0,-0.12607178,0.18562091886997223,0.5680000185966492,0.2492000013589859
YLR337W,YOR343W-A,0,-0.12607178,0.18556027114391327,0.5680000185966492,0.2493000030517578
YOL053C-A,YBR150C,0,-0.12607178,0.1854996681213379,0.5680000185966492,0.24940000474452972
YNR072W,YLR391W-A,0,-0.12607178,0.1854391098022461,0.5680000185966492,0.24950000643730164
YOR343C-B,YML121W,0,-0.12607178,0.18537859618663788,0.5680000185966492,0.24959999322891235
YDL038C,YPR063C,0,-0.12607178,0.18531811237335205,0.5680000185966492,0.24969999492168427
YIL105C,YHR214W-G,0,-0.12607178,0.1852576583623886,0.5680000185966492,0.24979999661445618
YDR080W,YJL012C-A,1,-0.12607178,0.18552331626415253,0.5690000057220459,0.24979999661445618
YKL056C,YCL048W-A,0,-0.12607178,0.1854628473520279,0.5690000057220459,0.2498999983072281
YKL028W,YBR111W-A,0,-0.12607178,0.18540240824222565,0.5690000057220459,0.25
YNL138W-A,YLL009C,0,-0.12607178,0.18534201383590698,0.5690000057220459,0.2500999867916107
YBL050W,YJL012C-A,1,-0.12607178,0.18560729920864105,0.5699999928474426,0.2500999867916107
YCL027C-A,YPL170W,0,-0.12607178,0.185546875,0.5699999928474426,0.2502000033855438
YFL037W,YLR312C-B,0,-0.12607178,0.18548649549484253,0.5699999928474426,0.25029999017715454
YCL026C-B,YJL133W,0,-0.12607178,0.18542616069316864,0.5699999928474426,0.25040000677108765
YLR312C-B,YDR058C,0,-0.12607178,0.18536585569381714,0.5699999928474426,0.25049999356269836
YFL039C,YJL012C-A,1,-0.12607178,0.1856306940317154,0.5709999799728394,0.25049999356269836
YFL011W-A,YMR030W,0,-0.12607178,0.1855703592300415,0.5709999799728394,0.25060001015663147
YGL157W,YCR029C-A,0,-0.12607178,0.1855100691318512,0.5709999799728394,0.2506999969482422
YEL027W,YJL012C-A,1,-0.12607178,0.18577460944652557,0.5720000267028809,0.2506999969482422
YPL100W,YJL012C-A,1,-0.12607178,0.18603895604610443,0.5730000138282776,0.2506999969482422
YMR020W,YJL012C-A,0,-0.12607178,0.18597857654094696,0.5730000138282776,0.2508000135421753
YGR031C-A,YOR373W,0,-0.12607178,0.18591824173927307,0.5730000138282776,0.250900000333786
YLR312C-B,YIL172C,0,-0.12607178,0.18585793673992157,0.5730000138282776,0.25099998712539673
YOR326W,YJL012C-A,1,-0.12607178,0.18612192571163177,0.5740000009536743,0.25099998712539673
YPL020C,YDL038C,0,-0.12607178,0.18606159090995789,0.5740000009536743,0.25110000371932983
YML087C,YNL138W-A,0,-0.12607178,0.18600130081176758,0.5740000009536743,0.25119999051094055
YJL012C-A,YLR423C,1,-0.12607178,0.1862649768590927,0.574999988079071,0.25119999051094055
YGL210W-A,YAL010C,0,-0.12607178,0.18620465695858002,0.574999988079071,0.25130000710487366
YOR343C-B,YDR128W,0,-0.12607178,0.1861443817615509,0.574999988079071,0.2513999938964844
YAL040C,YJL012C-A,1,-0.12607178,0.18640775978565216,0.5759999752044678,0.2513999938964844
YER114C,YCL048W-A,0,-0.12607178,0.18634745478630066,0.5759999752044678,0.2515000104904175
YGR037C,YCL027C-A,0,-0.12607178,0.18628719449043274,0.5759999752044678,0.2515999972820282
YBR080C,YJL012C-A,1,-0.12607178,0.18655027449131012,0.5770000219345093,0.2515999972820282
YLR391W-A,YJL128C,0,-0.12607178,0.1864899843931198,0.5770000219345093,0.2517000138759613
YDR263C,YCR029C-A,0,-0.12607178,0.1864297240972519,0.5770000219345093,0.251800000667572
YKL200C,YHR143W-A,0,-0.12607178,0.18636950850486755,0.5770000219345093,0.25189998745918274
YCL048W-A,YNR045W,0,-0.12607178,0.1863093376159668,0.5770000219345093,0.25200000405311584
YML115C,YCL048W-A,0,-0.12607178,0.18624919652938843,0.5770000219345093,0.25209999084472656
YDL038C,YER095W,0,-0.12607178,0.18618910014629364,0.5770000219345093,0.25220000743865967
YKL116C,YDR210W-D,0,-0.12607178,0.18612903356552124,0.5770000219345093,0.2522999942302704
YBR018C,YGL258W-A,0,-0.12607178,0.18606901168823242,0.5770000219345093,0.2524000108242035
YKR099C-A,YJR001W,0,-0.12607178,0.186009019613266,0.5770000219345093,0.2524999976158142
YKR099C-A,YNL248C,0,-0.12607178,0.18594908714294434,0.5770000219345093,0.2526000142097473
YOR374W,YBR111W-A,0,-0.12607178,0.18588916957378387,0.5770000219345093,0.25270000100135803
YHR175W,YDR210W-D,0,-0.12607178,0.1858293116092682,0.5770000219345093,0.25279998779296875
YNL284C,YBR111W-A,0,-0.12607178,0.1857694834470749,0.5770000219345093,0.25290000438690186
YLR164W,YAR070W-A,0,-0.12607178,0.18570968508720398,0.5770000219345093,0.2529999911785126
YGL212W,YJL012C-A,1,-0.12607178,0.1859716922044754,0.578000009059906,0.2529999911785126
YPL096C-A,YIL021W,0,-0.12607178,0.1859118640422821,0.578000009059906,0.2531000077724457
YDR484W,YCL027C-A,0,-0.12607178,0.18585209548473358,0.578000009059906,0.2531999945640564
YPR104C,YJL018W,0,-0.12607178,0.18579235672950745,0.578000009059906,0.2533000111579895
YOL053C-A,YBR104W,0,-0.12607178,0.1857326477766037,0.578000009059906,0.2533999979496002
YBR105C,YJL012C-A,1,-0.12607178,0.1859942227602005,0.5789999961853027,0.2533999979496002
YDR014W-A,YCL032W,0,-0.12607178,0.18593448400497437,0.5789999961853027,0.2535000145435333
YPL045W,YJL012C-A,1,-0.12607178,0.18619582056999207,0.5799999833106995,0.2535000145435333
YDL208W,YAR070W-A,0,-0.12607178,0.18613606691360474,0.5799999833106995,0.25360000133514404
YHR141C,YLR312C-B,0,-0.12607178,0.186076357960701,0.5799999833106995,0.25369998812675476
YDR056C,YNL024C-A,0,-0.12607178,0.18601667881011963,0.5799999833106995,0.25380000472068787
YJL012C-A,YHR174W,1,-0.12607178,0.18627765774726868,0.5809999704360962,0.25380000472068787
YPL096C-A,YNL097C,0,-0.12607178,0.18621794879436493,0.5809999704360962,0.2538999915122986
YNL015W,YJL012C-A,1,-0.12607178,0.18647868931293488,0.5820000171661377,0.2538999915122986
YPL100W,YHR039C-B,1,-0.12607178,0.1867392659187317,0.5830000042915344,0.2538999915122986
YCR029C-A,YBR123C,0,-0.12607178,0.18667946755886078,0.5830000042915344,0.2540000081062317
YML001W,YJL012C-A,1,-0.12607178,0.18693982064723969,0.5839999914169312,0.2540000081062317
YKL113C,YDR524C-B,0,-0.12607178,0.18688000738620758,0.5839999914169312,0.2540999948978424
YLR391W-A,YNL160W,0,-0.12607178,0.18682022392749786,0.5839999914169312,0.2542000114917755
YGR031C-A,YFL052W,0,-0.12607178,0.18676047027111053,0.5839999914169312,0.25429999828338623
YNL163C,YGL258W-A,0,-0.12607178,0.1867007613182068,0.5839999914169312,0.25440001487731934
YLL002W,YBL008W-A,0,-0.12607178,0.18664109706878662,0.5839999914169312,0.25450000166893005
YOR056C,YGL258W-A,0,-0.12607178,0.18658146262168884,0.5839999914169312,0.25459998846054077
YCL027C-A,YOR125C,0,-0.12607178,0.18652187287807465,0.5839999914169312,0.2547000050544739
YNL299W,YDR524C-B,0,-0.12607178,0.18646232783794403,0.5839999914169312,0.2547999918460846
YLR391W-A,YDR020C,0,-0.12607178,0.1864028126001358,0.5839999914169312,0.2549000084400177
YDL038C,YIL109C,0,-0.12607178,0.18634332716464996,0.5839999914169312,0.2549999952316284
YGL133W,YLR350W,0,-0.12616566,0.1862838864326477,0.5839999914169312,0.2551000118255615
YPL195W,YDL132W,0,-0.12650427,0.18622449040412903,0.5839999914169312,0.25519999861717224
YFR046C,YOR142W-B,0,-0.12684116,0.18616512417793274,0.5839999914169312,0.25529998540878296
YFL022C,YDL184C,0,-0.1268658,0.18610580265522003,0.5839999914169312,0.25540000200271606
YFL003C,YAL024C,0,-0.12705669,0.1860465109348297,0.5839999914169312,0.2554999887943268
YBL016W,YAR044W,0,-0.12712681,0.18598726391792297,0.5839999914169312,0.2556000053882599
YOL112W,YLR028C,0,-0.12731731,0.18592804670333862,0.5839999914169312,0.2556999921798706
YMR165C,YNR067C,0,-0.12754196,0.18586887419223785,0.5839999914169312,0.2558000087738037
YPR158W-A,YOL094C,0,-0.12759247,0.18580973148345947,0.5839999914169312,0.25589999556541443
YCL062W,YLR396C,1,-0.12782803,0.18606869876384735,0.5849999785423279,0.25589999556541443
YOL062C,YGL031C,0,-0.12793884,0.18600954115390778,0.5849999785423279,0.25600001215934753
YER027C,YOR142W-B,0,-0.12801665,0.1859504133462906,0.5849999785423279,0.25609999895095825
YNL072W,YOR240W,0,-0.12810016,0.18589133024215698,0.5849999785423279,0.25619998574256897
YGR275W,YDR298C,0,-0.1282844,0.18583227694034576,0.5849999785423279,0.2563000023365021
YIL020C,YLR070C,0,-0.12834045,0.18577326834201813,0.5849999785423279,0.2563999891281128
YDL097C,YDR369C,0,-0.12837887,0.18571428954601288,0.5849999785423279,0.2565000057220459
YDR487C,YPL257W-A,0,-0.12860304,0.18565534055233002,0.5849999785423279,0.2565999925136566
YMR284W,YKL097W-A,0,-0.12863389,0.18559645116329193,0.5849999785423279,0.2567000091075897
YMR311C,YNR075W,0,-0.12865278,0.18553757667541504,0.5849999785423279,0.25679999589920044
YGR027W-A,YOR190W,0,-0.12870887,0.18547876179218292,0.5849999785423279,0.25690001249313354
YBR198C,YLR157C-B,0,-0.12899327,0.185419961810112,0.5849999785423279,0.25699999928474426
YEL038W,YKL097W-A,0,-0.12921655,0.18536122143268585,0.5849999785423279,0.257099986076355
YHR082C,YLR309C,0,-0.1296486,0.1853024959564209,0.5849999785423279,0.2572000026702881
YBR056W,YER172C,0,-0.12979525,0.18524383008480072,0.5849999785423279,0.2572999894618988
YJL019W,YBL028C,0,-0.12981796,0.18518517911434174,0.5849999785423279,0.2574000060558319
YGR038C-B,YDR216W,0,-0.12996957,0.18512658774852753,0.5849999785423279,0.2574999928474426
YGR264C,YGR171C,0,-0.13001058,0.1850680112838745,0.5849999785423279,0.25760000944137573
YPL066W,YDR197W,0,-0.13007256,0.18500949442386627,0.5849999785423279,0.25769999623298645
YPR047W,YKL154W,0,-0.13009939,0.18495099246501923,0.5849999785423279,0.25780001282691956
YLR343W,YOR190W,0,-0.13009948,0.18489253520965576,0.5849999785423279,0.2578999996185303
YDR363W-A,YGR292W,0,-0.13019165,0.18483412265777588,0.5849999785423279,0.257999986410141
YCR097WB,YDR316W,0,-0.13021007,0.18477573990821838,0.5849999785423279,0.2581000030040741
YKR065C,YPR030W,0,-0.13045192,0.18471740186214447,0.5849999785423279,0.2581999897956848
YOR192C-A,YDL065C,0,-0.13045886,0.18465909361839294,0.5849999785423279,0.2583000063896179
YDL004W,YDR296W,0,-0.13055056,0.1846008151769638,0.5849999785423279,0.25839999318122864
YDR085C,YEL020C,0,-0.13062719,0.18454258143901825,0.5849999785423279,0.25850000977516174
YNL107W,YMR099C,0,-0.13064155,0.18448439240455627,0.5849999785423279,0.25859999656677246
YBR125C,YOR192C-B,0,-0.1306479,0.1844262331724167,0.5849999785423279,0.25870001316070557
YEL056W,YBR126C,0,-0.1308015,0.1843681037425995,0.5849999785423279,0.2587999999523163
YDR540C,YBR273C,0,-0.1309427,0.18431001901626587,0.5849999785423279,0.258899986743927
YMR165C,YLR390W,0,-0.13109958,0.18425196409225464,0.5849999785423279,0.2590000033378601
YDR496C,YJL019W,0,-0.13118604,0.184193953871727,0.5849999785423279,0.2590999901294708
YGL046W,YEL077C,0,-0.13122714,0.18413597345352173,0.5849999785423279,0.25920000672340393
YJL060W,YLR372W,0,-0.13123547,0.18407803773880005,0.5849999785423279,0.25929999351501465
YHL009W-A,YHR175W,0,-0.13127342,0.18402013182640076,0.5849999785423279,0.25940001010894775
YBL079W,YPR158C-D,0,-0.13128012,0.18396227061748505,0.5849999785423279,0.25949999690055847
YGR038C-A,YLR390W,0,-0.13152073,0.18390443921089172,0.5849999785423279,0.2596000134944916
YDL114W,YDL006W,0,-0.13167405,0.1838466376066208,0.5849999785423279,0.2597000002861023
YOL072W,YCL024W,0,-0.13169223,0.18378888070583344,0.5849999785423279,0.259799987077713
YGR161C-C,YNL325C,0,-0.13186479,0.18373115360736847,0.5849999785423279,0.2599000036716461
YDL021W,YMR303C,0,-0.13188314,0.18367347121238708,0.5849999785423279,0.25999999046325684
YCR030C,YLR418C,0,-0.13189983,0.1836158186197281,0.5849999785423279,0.26010000705718994
YNL322C,YML078W,0,-0.13217245,0.18355821073055267,0.5849999785423279,0.26019999384880066
YGL257C,YKL097W-A,0,-0.13233009,0.18350063264369965,0.5849999785423279,0.26030001044273376
YMR319C,YHR039C-B,0,-0.13254273,0.183443084359169,0.5849999785423279,0.2603999972343445
YIL108W,YCL018W,0,-0.13267708,0.18338558077812195,0.5849999785423279,0.2605000138282776
YOR022C,YMR306W,0,-0.13272978,0.18332810699939728,0.5849999785423279,0.2606000006198883
YBL093C,YDR210C-C,0,-0.13274233,0.1832706779241562,0.5849999785423279,0.260699987411499
YJL113W,YCR027C,0,-0.13282429,0.1832132786512375,0.5849999785423279,0.26080000400543213
YIL084C,YCR097WB,0,-0.13294744,0.18315592408180237,0.5849999785423279,0.26089999079704285
YOL104C,YGR006W,0,-0.13298386,0.18309858441352844,0.5849999785423279,0.26100000739097595
YNL202W,YAR018C,0,-0.13331759,0.1830413043498993,0.5849999785423279,0.26109999418258667
YGR254W,YPR049C,1,-0.13333432,0.18329684436321259,0.5860000252723694,0.26109999418258667
YCR026C,YDR425W,0,-0.13348442,0.18323951959609985,0.5860000252723694,0.2612000107765198
YPL202C,YHR214C-B,0,-0.13368073,0.1831822395324707,0.5860000252723694,0.2612999975681305
YLR396C,YPR137C-B,0,-0.13387239,0.18312500417232513,0.5860000252723694,0.2614000141620636
YJR160C,YDR156W,0,-0.13390666,0.18306779861450195,0.5860000252723694,0.2615000009536743
YBL078C,YGL212W,1,-0.1339612,0.18332292139530182,0.5870000123977661,0.2615000009536743
YLR396C,YDR080W,1,-0.13403814,0.18357789516448975,0.5879999995231628,0.2615000009536743
YNL006W,YFL035C,0,-0.1343213,0.1835206001996994,0.5879999995231628,0.26159998774528503
YDL121C,YBR302C,0,-0.13434647,0.18346333503723145,0.5879999995231628,0.26170000433921814
YML001W,YHR039C-B,1,-0.13460574,0.1837180256843567,0.5889999866485596,0.26170000433921814
YKL213C,YNR021W,0,-0.13461325,0.18366074562072754,0.5889999866485596,0.26179999113082886
YDR126W,YHR039C-B,1,-0.1346896,0.18391521275043488,0.5899999737739563,0.26179999113082886
YKL008C,YDR266C,0,-0.13485722,0.18385790288448334,0.5899999737739563,0.26190000772476196
YLR410W-A,YKR104W,0,-0.13494083,0.1838006228208542,0.5899999737739563,0.2619999945163727
YDR159W,YHR039C-B,0,-0.1352106,0.18374338746070862,0.5899999737739563,0.2621000111103058
YPR103W,YLR337W,0,-0.13548869,0.18368618190288544,0.5899999737739563,0.2621999979019165
YEL077C,YGR258C,0,-0.13548979,0.18362900614738464,0.5899999737739563,0.2623000144958496
YJL012C,YHR039C-B,1,-0.13549694,0.18388301134109497,0.5910000205039978,0.2623000144958496
YLR396C,YER072W,1,-0.13590738,0.18413685262203217,0.5920000076293945,0.2623000144958496
YJR094W-A,YER035W,0,-0.13607588,0.1840796023607254,0.5920000076293945,0.2624000012874603
YCR055C,YNL210W,0,-0.13629796,0.18402238190174103,0.5920000076293945,0.26249998807907104
YDR229W,YIL138C,1,-0.13658458,0.18427595496177673,0.5929999947547913,0.26249998807907104
YBR075W,YOR310C,0,-0.13702819,0.18421870470046997,0.5929999947547913,0.26260000467300415
YPL045W,YHR039C-B,1,-0.13718766,0.18447205424308777,0.593999981880188,0.26260000467300415
YJL111W,YLR157C-B,0,-0.13776422,0.18441477417945862,0.593999981880188,0.26269999146461487
YNL212W,YHR186C,0,-0.1378752,0.18435753881931305,0.593999981880188,0.262800008058548
YFL035C,YKL078W,0,-0.13800842,0.18430034816265106,0.593999981880188,0.2628999948501587
YBR014C,YOR240W,0,-0.13823166,0.18424317240715027,0.593999981880188,0.2630000114440918
YIL115C,YCL043C,0,-0.13833326,0.18418604135513306,0.593999981880188,0.2630999982357025
YER011W,YCR054C,0,-0.13845606,0.18412895500659943,0.593999981880188,0.2632000148296356
YKL103C,YOL054W,0,-0.1387246,0.18407189846038818,0.593999981880188,0.26330000162124634
YLR157C-A,YCL025C,0,-0.13889635,0.18401487171649933,0.593999981880188,0.26339998841285706
YJL025W,YMR272C,0,-0.13925835,0.18395787477493286,0.593999981880188,0.26350000500679016
YEL070W,YMR013C,0,-0.13931762,0.18390092253684998,0.593999981880188,0.2635999917984009
YBR230C,YIL027C,0,-0.13951962,0.18384401500225067,0.593999981880188,0.263700008392334
YIL010W,YGL245W,0,-0.1406804,0.18378712236881256,0.593999981880188,0.2637999951839447
YKR054C,YBR084W,0,-0.14075935,0.18373027443885803,0.593999981880188,0.2639000117778778
YNL284C-A,YOR306C,0,-0.14124486,0.18367347121238708,0.593999981880188,0.2639999985694885
YPR001W,YBL101W-A,0,-0.14140001,0.18361669778823853,0.593999981880188,0.26409998536109924
YLR431C,YOR068C,1,-0.14153,0.18386897444725037,0.5950000286102295,0.26409998536109924
YCL059C,YLL055W,0,-0.14157718,0.18381217122077942,0.5950000286102295,0.26420000195503235
YMR004W,YJL141C,0,-0.14160174,0.18375539779663086,0.5950000286102295,0.26429998874664307
YJL004C,YPR002W,0,-0.14173332,0.18369866907596588,0.5950000286102295,0.26440000534057617
YOL103W-B,YPL149W,0,-0.14175567,0.1836419701576233,0.5950000286102295,0.2644999921321869
YPR137C-A,YGR240C,0,-0.14179397,0.18358531594276428,0.5950000286102295,0.26460000872612
YJR078W,YLR016C,0,-0.14181423,0.18352869153022766,0.5950000286102295,0.2646999955177307
YNL052W,YPL015C,0,-0.14191616,0.18347209692001343,0.5950000286102295,0.2648000121116638
YLL008W,YBR012W-B,0,-0.14206743,0.18341553211212158,0.5950000286102295,0.26489999890327454
YFL048C,YKL059C,0,-0.14207968,0.18335901200771332,0.5950000286102295,0.26499998569488525
YOL149W,YCR070W,0,-0.1422061,0.18330252170562744,0.5950000286102295,0.26510000228881836
YFL008W,YNL005C,0,-0.14221045,0.18324607610702515,0.5950000286102295,0.2651999890804291
YPR158C-C,YLR386W,0,-0.14236742,0.18318966031074524,0.5950000286102295,0.2653000056743622
YOR362C,YGR161C-C,0,-0.14286205,0.18313327431678772,0.5950000286102295,0.2653999924659729
YCL062W,YLR431C,1,-0.14291096,0.18338461220264435,0.5960000157356262,0.2653999924659729
YGR109W-B,YLR286C,0,-0.14304376,0.18332821130752563,0.5960000157356262,0.265500009059906
YGL226C-A,YGR028W,0,-0.14310896,0.18327182531356812,0.5960000157356262,0.2655999958515167
YHR123W,YBL018C,0,-0.14313027,0.18321549892425537,0.5960000157356262,0.26570001244544983
YKL028W,YAL060W,0,-0.1438101,0.18315918743610382,0.5960000157356262,0.26579999923706055
YGL046W,YGL090W,0,-0.14381233,0.18310292065143585,0.5960000157356262,0.26589998602867126
YPL195W,YJL106W,0,-0.14385265,0.18304668366909027,0.5960000157356262,0.26600000262260437
YCR077C,YGR028W,0,-0.14390048,0.18299047648906708,0.5960000157356262,0.2660999894142151
YPR054W,YNL282W,0,-0.14416307,0.18293431401252747,0.5960000157356262,0.2662000060081482
YOR066W,YOR245C,0,-0.14431092,0.18287818133831024,0.5960000157356262,0.2662999927997589
YJL065C,YML033W,0,-0.14433107,0.1828220784664154,0.5960000157356262,0.266400009393692
YPL023C,YIL074C,0,-0.14473546,0.18276602029800415,0.5960000157356262,0.26649999618530273
YER026C,YOR303W,0,-0.14475739,0.18270999193191528,0.5960000157356262,0.26660001277923584
YOR142W-A,YKL173W,0,-0.14491671,0.1826539933681488,0.5960000157356262,0.26669999957084656
YLR207W,YDR032C,0,-0.14523378,0.1825980395078659,0.5960000157356262,0.2667999863624573
YCL062W,YBR080C,1,-0.14551413,0.18284839391708374,0.597000002861023,0.2667999863624573
YLR410W-B,YKL148C,0,-0.14552924,0.18279241025447845,0.597000002861023,0.2669000029563904
YPL019C,YHR039C-B,1,-0.14561859,0.18304254114627838,0.5979999899864197,0.2669000029563904
YPR058W,YIR012W,0,-0.1457685,0.1829865425825119,0.5979999899864197,0.2669999897480011
YAL003W,YHR102W,0,-0.14591637,0.18293055891990662,0.5979999899864197,0.2671000063419342
YHR034C,YHR072W-A,0,-0.14598426,0.1828746199607849,0.5979999899864197,0.2671999931335449
YGR109W-B,YGR171C,0,-0.14600417,0.1828187108039856,0.5979999899864197,0.267300009727478
YPR102C,YNL242W,0,-0.14607427,0.18276283144950867,0.5979999899864197,0.26739999651908875
YNL092W,YDL181W,0,-0.14617464,0.18270699679851532,0.5979999899864197,0.26750001311302185
YNL185C,YDR486C,0,-0.14619368,0.18265119194984436,0.5979999899864197,0.26759999990463257
YIL078W,YPR019W,0,-0.14664605,0.1825954169034958,0.5979999899864197,0.2676999866962433
YJL204C,YHL009W-B,0,-0.14670232,0.1825396865606308,0.5979999899864197,0.2678000032901764
YJR133W,YHL009W-B,0,-0.14797509,0.1824839860200882,0.5979999899864197,0.2678999900817871
YGR105W,YLR251W,0,-0.14801514,0.18242831528186798,0.5979999899864197,0.2680000066757202
YLR035C-A,YEL054C,0,-0.14808473,0.18237267434597015,0.5979999899864197,0.26809999346733093
YAL041W,YDR314C,0,-0.14814413,0.1823170781135559,0.5979999899864197,0.26820001006126404
YOR332W,YDR080W,1,-0.14834768,0.18256628513336182,0.5989999771118164,0.26820001006126404
YOR209C,YLR337W,0,-0.14838126,0.18251065909862518,0.5989999771118164,0.26829999685287476
YOR142W-B,YEL053C,0,-0.14842409,0.18245507776737213,0.5989999771118164,0.26840001344680786
YKL217W,YLR157C-B,0,-0.14846909,0.18239951133728027,0.5989999771118164,0.2685000002384186
YGR287C,YPR137C-B,0,-0.14858666,0.182343989610672,0.5989999771118164,0.2685999870300293
YHR039C-B,YIL138C,1,-0.14866024,0.18259282410144806,0.6000000238418579,0.2685999870300293
YDL195W,YNL148C,0,-0.14873725,0.1825372725725174,0.6000000238418579,0.2687000036239624
YHR160C,YBL045C,0,-0.14885214,0.18248175084590912,0.6000000238418579,0.2687999904155731
YHR136C,YOR368W,0,-0.14917699,0.18242627382278442,0.6000000238418579,0.2689000070095062
YCR003W,YNL069C,0,-0.14938232,0.18237082660198212,0.6000000238418579,0.26899999380111694
YDL110C,YAR071W,0,-0.14977184,0.1823154091835022,0.6000000238418579,0.26910001039505005
YPL236C,YGL208W,0,-0.14980361,0.18226002156734467,0.6000000238418579,0.26919999718666077
YPR028W,YLR350W,0,-0.15010452,0.18220467865467072,0.6000000238418579,0.26930001378059387
YOR291W,YLL034C,0,-0.15017924,0.18214936554431915,0.6000000238418579,0.2694000005722046
YOR209C,YGL002W,0,-0.15050411,0.18209408223628998,0.6000000238418579,0.2694999873638153
YLR014C,YDR032C,0,-0.15050977,0.1820388287305832,0.6000000238418579,0.2696000039577484
YHR188C,YDR018C,0,-0.15051064,0.18198361992835999,0.6000000238418579,0.26969999074935913
YJR129C,YPL015C,0,-0.1505712,0.18192844092845917,0.6000000238418579,0.26980000734329224
YHR039C-B,YER072W,1,-0.15082178,0.182176411151886,0.6010000109672546,0.26980000734329224
YIR010W,YBR120C,0,-0.1509656,0.18212121725082397,0.6010000109672546,0.26989999413490295
YER172C,YIL172C,0,-0.1509977,0.18206603825092316,0.6010000109672546,0.27000001072883606
YGL216W,YPL083C,0,-0.1510641,0.18201090395450592,0.6010000109672546,0.2700999975204468
YHR004C,YML077W,0,-0.15110135,0.18195579946041107,0.6010000109672546,0.2702000141143799
YHR141C,YLR283W,0,-0.15112081,0.1819007247686386,0.6010000109672546,0.2703000009059906
YNR007C,YGL212W,1,-0.15145141,0.1821482628583908,0.6019999980926514,0.2703000009059906
YDL149W,YCL062W,1,-0.15152118,0.18239563703536987,0.6029999852180481,0.2703000009059906
YLR450W,YML094W,0,-0.1517843,0.18234048783779144,0.6029999852180481,0.2703999876976013
YKL200C,YHR140W,0,-0.15178797,0.1822853684425354,0.6029999852180481,0.2705000042915344
YKR071C,YGR223C,0,-0.15185717,0.18223027884960175,0.6029999852180481,0.27059999108314514
YPL092W,YAL016W,0,-0.15188572,0.18217523396015167,0.6029999852180481,0.27070000767707825
YPR133W-A,YDR291W,0,-0.15196496,0.1821202039718628,0.6029999852180481,0.27079999446868896
YDR314C,YKR104W,0,-0.15197262,0.1820652186870575,0.6029999852180481,0.27090001106262207
YBR271W,YOR066W,0,-0.15199816,0.18201026320457458,0.6029999852180481,0.2709999978542328
YGR241C,YBR052C,0,-0.1521394,0.18195533752441406,0.6029999852180481,0.2711000144481659
YCL003W,YKR092C,0,-0.15227178,0.18190045654773712,0.6029999852180481,0.2712000012397766
YKL200C,YER021W,0,-0.15246603,0.18184559047222137,0.6029999852180481,0.27129998803138733
YNL229C,YPR158C-C,0,-0.152825,0.1817907691001892,0.6029999852180481,0.27140000462532043
YBR075W,YGR278W,0,-0.15288907,0.18173599243164062,0.6029999852180481,0.27149999141693115
YKL144C,YAL058W,0,-0.15292394,0.18168123066425323,0.6029999852180481,0.27160000801086426
YCL062W,YLR043C,1,-0.15313095,0.18192771077156067,0.6039999723434448,0.27160000801086426
YDR173C,YGL022W,0,-0.15320343,0.18187293410301208,0.6039999723434448,0.271699994802475
YFL004W,YCL062W,1,-0.15338477,0.1821192055940628,0.6050000190734863,0.271699994802475
YGR157W,YGL162W,0,-0.15351266,0.18206439912319183,0.6050000190734863,0.2718000113964081
YGL071W,YHR214C-B,0,-0.15352038,0.18200962245464325,0.6050000190734863,0.2718999981880188
YJR068W,YKL100C,0,-0.15363577,0.18195489048957825,0.6050000190734863,0.2720000147819519
YGR027W-B,YDL115C,0,-0.15371683,0.18190017342567444,0.6050000190734863,0.2721000015735626
YPL098C,YHR179W,0,-0.15392068,0.1818455010652542,0.6050000190734863,0.27219998836517334
YNL007C,YDR461W,0,-0.15406275,0.18179085850715637,0.6050000190734863,0.27230000495910645
YML072C,YKR024C,0,-0.15432069,0.18173626065254211,0.6050000190734863,0.27239999175071716
YGR052W,YPL005W,0,-0.15441662,0.18168167769908905,0.6050000190734863,0.27250000834465027
YOL145C,YGR285C,0,-0.15450966,0.18162713944911957,0.6050000190734863,0.272599995136261
YER012W,YDL185W,0,-0.1545389,0.18157263100147247,0.6050000190734863,0.2727000117301941
YDL128W,YPR137C-A,0,-0.1548002,0.18151815235614777,0.6050000190734863,0.2727999985218048
YMR037C,YGR029W,0,-0.15505412,0.18146370351314545,0.6050000190734863,0.2728999853134155
YBR105C,YPL019C,1,-0.1550872,0.1817091405391693,0.6060000061988831,0.2728999853134155
YPR162C,YNL054W-B,0,-0.15518376,0.1816546767950058,0.6060000061988831,0.27300000190734863
YKL164C,YNL128W,0,-0.15536907,0.18160024285316467,0.6060000061988831,0.27309998869895935
YHR135C,YDL095W,0,-0.15564305,0.18154583871364594,0.6060000061988831,0.27320000529289246
YER125W,YMR150C,0,-0.15589508,0.18149146437644958,0.6060000061988831,0.2732999920845032
YPR033C,YOL058W,0,-0.15597817,0.18143711984157562,0.6060000061988831,0.2734000086784363
YMR161W,YHR018C,0,-0.15677753,0.18138282001018524,0.6060000061988831,0.273499995470047
YJR119C,YNL079C,0,-0.15717071,0.18132854998111725,0.6060000061988831,0.2736000120639801
YMR201C,YLR256W-A,0,-0.15721968,0.18127430975437164,0.6060000061988831,0.2736999988555908
YDL097C,YGR008C,0,-0.15764388,0.18122009932994843,0.6060000061988831,0.27379998564720154
YCL062W,YOR311C,0,-0.15774888,0.1811659187078476,0.6060000061988831,0.27390000224113464
YMR032W,YKL221W,0,-0.15798381,0.18111176788806915,0.6060000061988831,0.27399998903274536
YLR431C,YHR138C,1,-0.15815994,0.18135644495487213,0.6069999933242798,0.27399998903274536
YOR192C-B,YNL151C,0,-0.15835664,0.1813022643327713,0.6069999933242798,0.27410000562667847
YDL099W,YMR264W,0,-0.15848073,0.18124812841415405,0.6069999933242798,0.2741999924182892
YKL200C,YGL106W,0,-0.15854332,0.18119403719902039,0.6069999933242798,0.2743000090122223
YLR237W,YNL083W,0,-0.15855858,0.1811399608850479,0.6069999933242798,0.274399995803833
YCR020W-B,YLL010C,0,-0.158625,0.18108591437339783,0.6069999933242798,0.2745000123977661
YEL064C,YNR045W,0,-0.15883502,0.18103191256523132,0.6069999933242798,0.27459999918937683
YIL004C,YJR086W,0,-0.15894336,0.1809779405593872,0.6069999933242798,0.27469998598098755
YLR275W,YNL272C,0,-0.15918529,0.18092399835586548,0.6069999933242798,0.27480000257492065
YBR105C,YAL040C,1,-0.15934926,0.1811680644750595,0.6079999804496765,0.27480000257492065
YFR044C,YPR107C,0,-0.15937188,0.1811140924692154,0.6079999804496765,0.27489998936653137
YER029C,YDR310C,0,-0.159473,0.18106015026569366,0.6079999804496765,0.2750000059604645
YDL179W,YNL262W,0,-0.1599052,0.18100625276565552,0.6079999804496765,0.2750999927520752
YEL020C,YFL034C-A,0,-0.16004375,0.18095238506793976,0.6079999804496765,0.2752000093460083
YLR227W-B,YPL088W,0,-0.1603606,0.1808985471725464,0.6079999804496765,0.275299996137619
YAR044W,YNR056C,0,-0.16043279,0.1808447390794754,0.6079999804496765,0.2754000127315521
YMR284W,YOL094C,0,-0.16072911,0.1807909607887268,0.6079999804496765,0.27549999952316284
YFR044C,YGR246C,0,-0.16140774,0.1807372123003006,0.6079999804496765,0.27559998631477356
YMR307W,YGL128C,0,-0.16155666,0.18068350851535797,0.6079999804496765,0.27570000290870667
YCR102C,YMR033W,0,-0.1615645,0.18062983453273773,0.6079999804496765,0.2757999897003174
YCL062W,YJL178C,1,-0.16171685,0.18087318539619446,0.609000027179718,0.2757999897003174
YOR312C,YDR210C-C,0,-0.16176978,0.18081948161125183,0.609000027179718,0.2759000062942505
YHL002W,YNL127W,0,-0.1620512,0.1807658076286316,0.609000027179718,0.2759999930858612
YOR175C,YKL158W,0,-0.1621449,0.18071216344833374,0.609000027179718,0.2761000096797943
YOL103W-B,YLR369W,0,-0.16254422,0.18065856397151947,0.609000027179718,0.27619999647140503
YBR122C,YDR349C,0,-0.16258296,0.1806049793958664,0.609000027179718,0.27630001306533813
YAR014C,YJR135W-A,0,-0.16268164,0.1805514395236969,0.609000027179718,0.27639999985694885
YBL060W,YGL002W,0,-0.16329283,0.1804979294538498,0.609000027179718,0.27649998664855957
YGL172W,YMR011W,0,-0.16362587,0.18044444918632507,0.609000027179718,0.2766000032424927
YEL027W,YGL095C,1,-0.16366953,0.18068720400333405,0.6100000143051147,0.2766000032424927
YCL062W,YDR495C,1,-0.1637359,0.18092982470989227,0.6110000014305115,0.2766000032424927
YDL174C,YDR472W,0,-0.16382125,0.1808762550354004,0.6110000014305115,0.2766999900341034
YNL330C,YML033W,0,-0.16396722,0.1808227300643921,0.6110000014305115,0.2768000066280365
YER027C,YGL253W,0,-0.16403559,0.18076923489570618,0.6110000014305115,0.2768999934196472
YCL027W,YJR139C,0,-0.16437784,0.18071576952934265,0.6110000014305115,0.2770000100135803
YML094W,YMR233W,0,-0.16458166,0.1806623339653015,0.6110000014305115,0.27709999680519104
YOR301W,YGL181W,0,-0.1647417,0.18060892820358276,0.6110000014305115,0.27720001339912415
YDL047W,YNL163C,0,-0.16476414,0.1805555522441864,0.6110000014305115,0.27730000019073486
YHR176W,YDR388W,0,-0.16567153,0.18050222098827362,0.6110000014305115,0.2773999869823456
YER110C,YCL060C,0,-0.16573343,0.18044890463352203,0.6110000014305115,0.2775000035762787
YML040W,YER169W,0,-0.16609043,0.18039563298225403,0.6110000014305115,0.2775999903678894
YLR227W-B,YLR410W,0,-0.16639996,0.1803423911333084,0.6110000014305115,0.2777000069618225
YPL118W,YBR214W,0,-0.16655275,0.180289164185524,0.6110000014305115,0.2777999937534332
YPR167C,YPL128C,0,-0.16680437,0.18023598194122314,0.6110000014305115,0.27790001034736633
YNL098C,YGR027W-A,0,-0.16683552,0.1801828294992447,0.6110000014305115,0.27799999713897705
YOR116C,YER048W-A,0,-0.16690531,0.18012972176074982,0.6110000014305115,0.27810001373291016
YEL065W,YDR180W,0,-0.16692948,0.18007662892341614,0.6110000014305115,0.2782000005245209
YER130C,YHR214C-B,0,-0.16693664,0.18002356588840485,0.6110000014305115,0.2782999873161316
YGL119W,YKR104W,0,-0.1674369,0.17997054755687714,0.6110000014305115,0.2784000039100647
YDR499W,YGR002C,0,-0.16794273,0.17991754412651062,0.6110000014305115,0.2784999907016754
YPR005C,YKL001C,0,-0.16797712,0.17986458539962769,0.6110000014305115,0.2786000072956085
YPL078C,YER058W,0,-0.16801935,0.17981165647506714,0.6110000014305115,0.27869999408721924
YCR077C,YCL074W,0,-0.16830754,0.17975875735282898,0.6110000014305115,0.27880001068115234
YCL062W,YLR238W,0,-0.16845334,0.1797058880329132,0.6110000014305115,0.27889999747276306
YKL140W,YER089C,0,-0.16861552,0.17965304851531982,0.6110000014305115,0.27900001406669617
YPL019C,YOR068C,1,-0.1686633,0.17989417910575867,0.6119999885559082,0.27900001406669617
YER020W,YHR079C-A,0,-0.16871312,0.1798413097858429,0.6119999885559082,0.2791000008583069
YDR312W,YMR285C,0,-0.16873938,0.1797884851694107,0.6119999885559082,0.2791999876499176
YNL079C,YBR109C,1,-0.16890776,0.18002936244010925,0.6129999756813049,0.2791999876499176
YBR077C,YDL170W,0,-0.16915303,0.17997650802135468,0.6129999756813049,0.2793000042438507
YKL096W,YAL025C,0,-0.16923672,0.17992368340492249,0.6129999756813049,0.2793999910354614
YOR080W,YDL138W,0,-0.16927698,0.17987088859081268,0.6129999756813049,0.27950000762939453
YAR044W,YKL064W,0,-0.16934621,0.17981812357902527,0.6129999756813049,0.27959999442100525
YJL114W,YHR063C,0,-0.16937307,0.17976540327072144,0.6129999756813049,0.27970001101493835
YER042W,YLR084C,0,-0.16975713,0.1797126978635788,0.6129999756813049,0.2797999978065491
YOR355W,YGL244W,0,-0.17006719,0.17966002225875854,0.6129999756813049,0.2799000144004822
YER137C-A,YKL170W,0,-0.17037115,0.17960737645626068,0.6129999756813049,0.2800000011920929
YLR064W,YGL031C,0,-0.17037699,0.1795547753572464,0.6129999756813049,0.2800999879837036
YKL053C-A,YER125W,0,-0.17038319,0.1795021891593933,0.6129999756813049,0.2802000045776367
YBR008C,YKR037C,0,-0.17038837,0.1794496476650238,0.6129999756813049,0.28029999136924744
YML058W-A,YOR343W-A,0,-0.1705755,0.17939713597297668,0.6129999756813049,0.28040000796318054
YKL158W,YBR201W,0,-0.17061225,0.17934463918209076,0.6129999756813049,0.28049999475479126
YJL113W,YHR010W,0,-0.1710437,0.17929218709468842,0.6129999756813049,0.28060001134872437
YNL307C,YDR387C,0,-0.17121097,0.17923976480960846,0.6129999756813049,0.2806999981403351
YHR039C-B,YHR174W,1,-0.17131063,0.1794796884059906,0.6140000224113464,0.2806999981403351
YOR142W,YJL210W,0,-0.17147085,0.17942723631858826,0.6140000224113464,0.2808000147342682
YPR030W,YGR013W,0,-0.17148113,0.1793748140335083,0.6140000224113464,0.2809000015258789
YGL003C,YBL090W,0,-0.17236325,0.17932243645191193,0.6140000224113464,0.2809999883174896
YGR074W,YNL071W,0,-0.17242593,0.17927007377147675,0.6140000224113464,0.28110000491142273
YHR003C,YGR256W,0,-0.17254302,0.17921774089336395,0.6140000224113464,0.28119999170303345
YLR410W-B,YFR007W,0,-0.17255929,0.17916545271873474,0.6140000224113464,0.28130000829696655
YBR020W,YDL156W,0,-0.17259306,0.17911317944526672,0.6140000224113464,0.28139999508857727
YMR231W,YKL051W,1,-0.17267051,0.17935258150100708,0.6150000095367432,0.28139999508857727
YLR431C,YLR396C,1,-0.17273289,0.1795918345451355,0.6159999966621399,0.28139999508857727
YCL003W,YLR109W,0,-0.17281336,0.1795394867658615,0.6159999966621399,0.2815000116825104
YGR038C-A,YNL122C,0,-0.17315191,0.1794871836900711,0.6159999966621399,0.2815999984741211
YMR213W,YPR098C,0,-0.1733444,0.1794348955154419,0.6159999966621399,0.2816999852657318
YGL175C,YHR124W,0,-0.17342153,0.17938263714313507,0.6159999966621399,0.2818000018596649
YFR018C,YIL041W,0,-0.17352438,0.17933042347431183,0.6159999966621399,0.28189998865127563
YBR176W,YDR141C,0,-0.17354158,0.17927822470664978,0.6159999966621399,0.28200000524520874
YCL062W,YOR326W,1,-0.17360622,0.1795170158147812,0.6169999837875366,0.28200000524520874
YDL155W,YNL302C,0,-0.17387143,0.17946480214595795,0.6169999837875366,0.28209999203681946
YHR143W,YIL142W,0,-0.17397994,0.1794126182794571,0.6169999837875366,0.28220000863075256
YMR240C,YBR201W,0,-0.17404008,0.17936046421527863,0.6169999837875366,0.2822999954223633
YCR012W,YBL101W-B,0,-0.17418924,0.17930833995342255,0.6169999837875366,0.2824000120162964
YAL034W-A,YDL024C,0,-0.17427611,0.17925624549388885,0.6169999837875366,0.2824999988079071
YGR209C,YBR024W,0,-0.1742838,0.17920418083667755,0.6169999837875366,0.2825999855995178
YPR181C,YPR028W,0,-0.17430452,0.17915214598178864,0.6169999837875366,0.2827000021934509
YOL092W,YDR261W-A,0,-0.17489418,0.1791001409292221,0.6169999837875366,0.28279998898506165
YNL225C,YCL075W,0,-0.17501819,0.17904816567897797,0.6169999837875366,0.28290000557899475
YDR429C,YKL094W,0,-0.17514962,0.1789962351322174,0.6169999837875366,0.28299999237060547
YGR038C-A,YDL207W,0,-0.17533106,0.17894431948661804,0.6169999837875366,0.2831000089645386
YIL122W,YNR032W,0,-0.17546439,0.17889243364334106,0.6169999837875366,0.2831999957561493
YCR055C,YEL050C,0,-0.17548177,0.17884057760238647,0.6169999837875366,0.2833000123500824
YLR238W,YDR297W,0,-0.17577368,0.17878875136375427,0.6169999837875366,0.2833999991416931
YML029W,YKR025W,0,-0.1759969,0.17873696982860565,0.6169999837875366,0.28349998593330383
YCL060C,YBR221C,0,-0.17621449,0.17868520319461823,0.6169999837875366,0.28360000252723694
YKL200C,YBL024W,0,-0.17631698,0.17863346636295319,0.6169999837875366,0.28369998931884766
YDR316W-A,YBR199W,0,-0.1764116,0.17858175933361053,0.6169999837875366,0.28380000591278076
YIL133C,YGL213C,0,-0.17641896,0.17853009700775146,0.6169999837875366,0.2838999927043915
YCR057C,YPL113C,0,-0.17645925,0.1784784495830536,0.6169999837875366,0.2840000092983246
YOR096W,YGR155W,0,-0.17659375,0.1784268319606781,0.6169999837875366,0.2840999960899353
YIL044C,YNL185C,0,-0.17705223,0.1783752590417862,0.6169999837875366,0.2842000126838684
YMR263W,YLR300W,0,-0.17705268,0.17832370102405548,0.6169999837875366,0.2842999994754791
YBR243C,YNL177C,0,-0.17729023,0.17827217280864716,0.6169999837875366,0.28439998626708984
YLR148W,YOR068C,1,-0.1776874,0.17850953340530396,0.6179999709129333,0.28439998626708984
YNL079C,YOR332W,1,-0.17794901,0.17874674499034882,0.6190000176429749,0.28439998626708984
YAR044W,YBL075C,0,-0.17797276,0.17869515717029572,0.6190000176429749,0.28450000286102295
YOR240W,YLR038C,0,-0.17805788,0.1786435842514038,0.6190000176429749,0.28459998965263367
YDR381C-A,YPR030W,0,-0.1780864,0.1785920411348343,0.6190000176429749,0.2847000062465668
YHR176W,YPR156C,0,-0.1781413,0.17854052782058716,0.6190000176429749,0.2847999930381775
YPR101W,YBL066C,0,-0.17842832,0.17848904430866241,0.6190000176429749,0.2849000096321106
YGL046W,YBR288C,0,-0.17894888,0.17843759059906006,0.6190000176429749,0.2849999964237213
YPL045W,YLR423C,1,-0.17911357,0.1786743551492691,0.6200000047683716,0.2849999964237213
YHR039C-B,YOR068C,1,-0.1791394,0.1789109706878662,0.6209999918937683,0.2849999964237213
YER141W,YKR020W,0,-0.17929298,0.17885944247245789,0.6209999918937683,0.2851000130176544
YDR123C,YNL003C,0,-0.17932072,0.17880794405937195,0.6209999918937683,0.28519999980926514
YLR410W-B,YJR113C,0,-0.17945784,0.1787564754486084,0.6209999918937683,0.28529998660087585
YDR216W,YCL026C-A,0,-0.17950657,0.17870503664016724,0.6209999918937683,0.28540000319480896
YLL023C,YLR020C,0,-0.17961147,0.17865362763404846,0.6209999918937683,0.2854999899864197
YNL224C,YDR113C,0,-0.17983559,0.17860224843025208,0.6209999918937683,0.2856000065803528
YDR369C,YGL225W,0,-0.1799474,0.17855088412761688,0.6209999918937683,0.2856999933719635
YDL229W,YHR102W,0,-0.1800808,0.17849956452846527,0.6209999918937683,0.2858000099658966
YIR002C,YHR200W,0,-0.18044204,0.17844827473163605,0.6209999918937683,0.2858999967575073
YDL070W,YPR006C,0,-0.18087849,0.1783970147371292,0.6209999918937683,0.28600001335144043
YBL010C,YDR261C-C,0,-0.18100825,0.17834578454494476,0.6209999918937683,0.28610000014305115
YNL231C,YDR402C,0,-0.18108255,0.1782945692539215,0.6209999918937683,0.28619998693466187
YPL172C,YKR018C,0,-0.18120363,0.17824339866638184,0.6209999918937683,0.28630000352859497
YBR236C,YJL066C,0,-0.18126446,0.17819225788116455,0.6209999918937683,0.2863999903202057
YDL120W,YPR029C,0,-0.18148637,0.17814113199710846,0.6209999918937683,0.2865000069141388
YLR148W,YHR039C-B,1,-0.18212008,0.17837682366371155,0.621999979019165,0.2865000069141388
YJL178C,YNL054W,1,-0.18229157,0.1786123812198639,0.6230000257492065,0.2865000069141388
YGL029W,YMR266W,0,-0.1823104,0.17856119573116302,0.6230000257492065,0.2865999937057495
YCL062W,YLR093C,1,-0.18265373,0.17879655957221985,0.6240000128746033,0.2865999937057495
YAL002W,YHR039C-B,1,-0.18272161,0.17903178930282593,0.625,0.2865999937057495
YOL033W,YHR121W,0,-0.18275183,0.1789805293083191,0.625,0.2867000102996826
YNR072W,YDL246C,0,-0.18278351,0.17892928421497345,0.625,0.28679999709129333
YOR192C-A,YNR075W,0,-0.18294784,0.1788780838251114,0.625,0.28690001368522644
YKL200C,YJL053W,0,-0.18316773,0.17882689833641052,0.625,0.28700000047683716
YGR285C,YLR201C,0,-0.18321478,0.17877574265003204,0.625,0.2870999872684479
YNL339C,YGR222W,0,-0.18321893,0.17872461676597595,0.625,0.287200003862381
YER159C-A,YEL003W,0,-0.18340656,0.17867352068424225,0.625,0.2872999906539917
YJR091C,YPR002W,0,-0.183705,0.17862246930599213,0.625,0.2874000072479248
YDR314C,YHR039C-B,0,-0.18370694,0.1785714328289032,0.625,0.2874999940395355
YKL189W,YLR025W,0,-0.18374613,0.17852042615413666,0.625,0.28760001063346863
YDL120W,YER119C,0,-0.18396002,0.1784694492816925,0.625,0.28769999742507935
YOR371C,YJL062W-A,0,-0.18415344,0.17841850221157074,0.625,0.28780001401901245
YDR485C,YDR480W,0,-0.1843422,0.17836758494377136,0.625,0.28790000081062317
YIL048W,YDR495C,1,-0.18435308,0.17860199511051178,0.6259999871253967,0.28790000081062317
YBR075W,YOR035C,0,-0.18455055,0.17855104804039001,0.6259999871253967,0.2879999876022339
YOR378W,YHL009W-B,0,-0.1847282,0.17850014567375183,0.6259999871253967,0.288100004196167
YDR381C-A,YBL097W,0,-0.18485999,0.17844925820827484,0.6259999871253967,0.2881999909877777
YPL227C,YEL043W,0,-0.18508172,0.17839840054512024,0.6259999871253967,0.2883000075817108
YOR150W,YJL093C,0,-0.18509391,0.17834757268428802,0.6259999871253967,0.28839999437332153
YCL004W,YLR256W-A,0,-0.18520105,0.1782967746257782,0.6259999871253967,0.28850001096725464
YIL076W,YNL035C,0,-0.18525028,0.17824600636959076,0.6259999871253967,0.28859999775886536
YPR158C-D,YBR115C,0,-0.18531266,0.1781952679157257,0.6259999871253967,0.28870001435279846
YLR414C,YPL037C,0,-0.1853723,0.17814455926418304,0.6259999871253967,0.2888000011444092
YNL082W,YPL128C,0,-0.18553934,0.17809388041496277,0.6259999871253967,0.2888999879360199
YBR080C,YKL051W,1,-0.18618649,0.17832764983177185,0.6269999742507935,0.2888999879360199
YHR168W,YBL005W-B,0,-0.18648875,0.1782769411802292,0.6269999742507935,0.289000004529953
YDR247W,YJL028W,0,-0.18653184,0.1782262623310089,0.6269999742507935,0.2890999913215637
YLL022C,YER137C-A,0,-0.18704247,0.17817561328411102,0.6269999742507935,0.2892000079154968
YPL150W,YKR001C,0,-0.18723303,0.17812499403953552,0.6269999742507935,0.28929999470710754
YKL183W,YDR320C-A,0,-0.1874344,0.1780744045972824,0.6269999742507935,0.28940001130104065
YOR332W,YHR039C-B,1,-0.18749088,0.17830778658390045,0.628000020980835,0.28940001130104065
YMR088C,YIL177C,0,-0.18753293,0.17825716733932495,0.628000020980835,0.28949999809265137
YDR238C,YPL060C-A,0,-0.18758866,0.17820657789707184,0.628000020980835,0.2896000146865845
YDR134C,YKL097W-A,0,-0.18762189,0.1781560331583023,0.628000020980835,0.2897000014781952
YGR275W,YDR261C-D,0,-0.18780795,0.17810550332069397,0.628000020980835,0.2897999882698059
YDL149W,YPL100W,1,-0.18794218,0.17833852767944336,0.6290000081062317,0.2897999882698059
YCL003W,YER153C,0,-0.1880129,0.17828798294067383,0.6290000081062317,0.289900004863739
YOR159C,YHR050W,0,-0.18819073,0.17823746800422668,0.6290000081062317,0.28999999165534973
YJR105W,YGR009C,0,-0.18826878,0.17818696796894073,0.6290000081062317,0.29010000824928284
YMR152W,YDR006C,0,-0.1884427,0.17813651263713837,0.6290000081062317,0.29019999504089355
YMR100W,YOR142W-A,0,-0.18844792,0.1780860722064972,0.6290000081062317,0.29030001163482666
YPL094C,YOL138C,0,-0.1886945,0.1780356615781784,0.6290000081062317,0.2903999984264374
YDR388W,YDR541C,0,-0.18869722,0.177985280752182,0.6290000081062317,0.2904999852180481
YMR113W,YKL064W,0,-0.1888462,0.177934929728508,0.6290000081062317,0.2906000018119812
YPR035W,YKR103W,0,-0.18885937,0.17788460850715637,0.6290000081062317,0.2906999886035919
YIL016W,YDL079C,0,-0.18886092,0.17783431708812714,0.6290000081062317,0.290800005197525
YBL039C,YNR075W,0,-0.18892631,0.1777840554714203,0.6290000081062317,0.29089999198913574
YOR058C,YBR201W,0,-0.18910903,0.17773382365703583,0.6290000081062317,0.29100000858306885
YGL212W,YMR231W,1,-0.18922147,0.17796610295772552,0.6299999952316284,0.29100000858306885
YGR289C,YDR483W,0,-0.18926397,0.17791584134101868,0.6299999952316284,0.29109999537467957
YOL038W,YDR016C,0,-0.189511,0.17786560952663422,0.6299999952316284,0.29120001196861267
YNR007C,YCL062W,1,-0.18953767,0.1780976504087448,0.6309999823570251,0.29120001196861267
YBR056W,YNL090W,0,-0.1896849,0.17804740369319916,0.6309999823570251,0.2912999987602234
YGR027W-A,YPR190C,0,-0.18987215,0.1779971718788147,0.6309999823570251,0.2913999855518341
YCL063W,YCL062W,1,-0.1901725,0.17822898924350739,0.6320000290870667,0.2913999855518341
YDR170C,YDR030C,0,-0.19035915,0.17817874252796173,0.6320000290870667,0.2915000021457672
YBR073W,YGL040C,0,-0.19057465,0.17812852561473846,0.6320000290870667,0.29159998893737793
YER074W-A,YER133W,0,-0.19069907,0.17807833850383759,0.6320000290870667,0.29170000553131104
YKR094C,YCL026C-A,0,-0.1907739,0.1780281662940979,0.6320000290870667,0.29179999232292175
YHL027W,YCR028C-A,0,-0.19104585,0.1779780387878418,0.6320000290870667,0.29190000891685486
YJL101C,YJL062W-A,0,-0.19106075,0.1779279261827469,0.6320000290870667,0.2919999957084656
YLR225C,YDR261W-B,0,-0.19117987,0.17787784337997437,0.6320000290870667,0.2921000123023987
YDR449C,YKL158W,0,-0.19129246,0.17782780528068542,0.6320000290870667,0.2921999990940094
YEL041W,YER161C,0,-0.19135243,0.17777778208255768,0.6320000290870667,0.2922999858856201
YKR067W,YDR320C-A,0,-0.19137588,0.17772778868675232,0.6320000290870667,0.2924000024795532
YNL079C,YJL012C,1,-0.19166467,0.17795895040035248,0.6330000162124634,0.2924000024795532
YDR261C-C,YER146W,0,-0.19182491,0.17790894210338593,0.6330000162124634,0.29249998927116394
YDR071C,YBR264C,0,-0.19187728,0.17785894870758057,0.6330000162124634,0.29260000586509705
YOL109W,YJL080C,0,-0.19193727,0.1778089851140976,0.6330000162124634,0.29269999265670776
YBR236C,YOR348C,0,-0.19196084,0.177759051322937,0.6330000162124634,0.29280000925064087
YML074C,YOR063W,0,-0.19239,0.17770914733409882,0.6330000162124634,0.2928999960422516
YGL048C,YGR052W,0,-0.19277984,0.177659273147583,0.6330000162124634,0.2930000126361847
YOL054W,YJL128C,0,-0.19305849,0.1776094287633896,0.6330000162124634,0.2930999994277954
YLR301W,YEL036C,0,-0.19313973,0.17755961418151855,0.6330000162124634,0.29319998621940613
YBR150C,YAL013W,0,-0.19326332,0.17750981450080872,0.6330000162124634,0.29330000281333923
YPR066W,YJL213W,0,-0.19329804,0.17746004462242126,0.6330000162124634,0.29339998960494995
YNL079C,YML001W,1,-0.19332069,0.17769058048725128,0.6340000033378601,0.29339998960494995
YHL016C,YNL134C,0,-0.19332516,0.17764079570770264,0.6340000033378601,0.29350000619888306
YGR195W,YGL156W,0,-0.19333434,0.17759104073047638,0.6340000033378601,0.2935999929904938
YGL095C,YLR386W,1,-0.1935665,0.1778213381767273,0.6349999904632568,0.2935999929904938
YGR209C,YLR386W,1,-0.19356737,0.17805151641368866,0.6359999775886536,0.2935999929904938
YIL044C,YPL257W-A,0,-0.19369176,0.17800167202949524,0.6359999775886536,0.2937000095844269
YBL037W,YDL025C,0,-0.19384843,0.1779518723487854,0.6359999775886536,0.2937999963760376
YDR316W,YDR261W-B,0,-0.19387132,0.17790210247039795,0.6359999775886536,0.2939000129699707
YJR065C,YDL025C,0,-0.19390449,0.1778523474931717,0.6359999775886536,0.2939999997615814
YPL009C,YKL171W,0,-0.19412696,0.17780262231826782,0.6359999775886536,0.29409998655319214
YKL024C,YHR039C-B,0,-0.19426468,0.17775294184684753,0.6359999775886536,0.29420000314712524
YEL013W,YCL062W,1,-0.19442302,0.17798267304897308,0.6370000243186951,0.29420000314712524
YLR450W,YHR007C,0,-0.19541368,0.1779329627752304,0.6370000243186951,0.29429998993873596
YOR298W,YHR023W,0,-0.19594163,0.17788326740264893,0.6370000243186951,0.29440000653266907
YOR077W,YML124C,0,-0.19614658,0.17783361673355103,0.6370000243186951,0.2944999933242798
YLR410W-A,YDR456W,0,-0.19650984,0.17778398096561432,0.6370000243186951,0.2946000099182129
YDL075W,YLR139C,0,-0.19656917,0.177734375,0.6370000243186951,0.2946999967098236
YMR167W,YGL253W,0,-0.19721851,0.17768479883670807,0.6370000243186951,0.2948000133037567
YCL062W,YGL212W,1,-0.1972295,0.1779141128063202,0.6380000114440918,0.2948000133037567
YGR207C,YDR483W,0,-0.19726253,0.17786450684070587,0.6380000114440918,0.29490000009536743
YER137C-A,YJR053W,0,-0.19727379,0.17781494557857513,0.6380000114440918,0.29499998688697815
YGL095C,YBR217W,1,-0.1974808,0.17804402112960815,0.6389999985694885,0.29499998688697815
YCL062W,YLL004W,0,-0.19790444,0.17799443006515503,0.6389999985694885,0.29510000348091125
YJL085W,YBR035C,0,-0.19796035,0.1779448688030243,0.6389999985694885,0.295199990272522
YJL139C,YNL005C,0,-0.19801217,0.17789532244205475,0.6389999985694885,0.2953000068664551
YOR099W,YJR093C,0,-0.19861865,0.1778458058834076,0.6389999985694885,0.2953999936580658
YJL062W-A,YPL190C,0,-0.19881448,0.17779633402824402,0.6389999985694885,0.2955000102519989
YHR186C,YBR192W,0,-0.1988877,0.17774687707424164,0.6389999985694885,0.2955999970436096
YDR381C-A,YKR059W,0,-0.19899783,0.17769743502140045,0.6389999985694885,0.2957000136375427
YPR167C,YAL060W,0,-0.1990599,0.17764803767204285,0.6389999985694885,0.29580000042915344
YBR240C,YBR040W,0,-0.19925922,0.17759867012500763,0.6389999985694885,0.29589998722076416
YPL104W,YDL061C,0,-0.19929174,0.1775493174791336,0.6389999985694885,0.29600000381469727
YDR497C,YKL096W-A,0,-0.1994687,0.17749999463558197,0.6389999985694885,0.296099990606308
YHR215W,YDR444W,0,-0.1996927,0.17745070159435272,0.6389999985694885,0.2962000072002411
YDR507C,YHL009W-B,0,-0.19985044,0.17740143835544586,0.6389999985694885,0.2962999939918518
YML066C,YCL026C-B,0,-0.19994885,0.1773522049188614,0.6389999985694885,0.2964000105857849
YIL134W,YPR011C,0,-0.2000997,0.1773030012845993,0.6389999985694885,0.29649999737739563
YDR506C,YGR180C,0,-0.20017877,0.1772538125514984,0.6389999985694885,0.29660001397132874
YBL017C,YDR320C-A,0,-0.200243,0.1772046536207199,0.6389999985694885,0.29670000076293945
YGL150C,YNL008C,0,-0.20047787,0.1771555244922638,0.6389999985694885,0.29679998755455017
YBL078C,YPL190C,0,-0.20077866,0.17710642516613007,0.6389999985694885,0.2969000041484833
YFR055W,YJL210W,0,-0.2009927,0.17705735564231873,0.6389999985694885,0.296999990940094
YPR065W,YNL191W,0,-0.20144528,0.17700831592082977,0.6389999985694885,0.2971000075340271
YHR092C,YGR027W-A,0,-0.20159194,0.17695929110050201,0.6389999985694885,0.2971999943256378
YHR214C-B,YPR187W,0,-0.2018263,0.17691029608249664,0.6389999985694885,0.2973000109195709
YJL141C,YKL179C,0,-0.20185319,0.17686133086681366,0.6389999985694885,0.29739999771118164
YOR362C,YML065W,0,-0.20189327,0.17681239545345306,0.6389999985694885,0.29750001430511475
YDR369C,YJL159W,0,-0.20200974,0.17676348984241486,0.6389999985694885,0.29760000109672546
YER069W,YDL028C,0,-0.20202303,0.17671459913253784,0.6389999985694885,0.2976999878883362
YPR159W,YJR051W,0,-0.20204228,0.17666573822498322,0.6389999985694885,0.2978000044822693
YIR022W,YBR008C,0,-0.20207617,0.17661692202091217,0.6389999985694885,0.29789999127388
YDR381C-A,YJL144W,0,-0.20230398,0.17656810581684113,0.6389999985694885,0.2980000078678131
YCL062W,YNL223W,1,-0.20255119,0.1767955869436264,0.6399999856948853,0.2980000078678131
YCR077C,YER138C,0,-0.2027776,0.17674675583839417,0.6399999856948853,0.29809999465942383
YML022W,YPL098C,0,-0.20285112,0.17669795453548431,0.6399999856948853,0.29820001125335693
YCR040W,YDL181W,0,-0.20288,0.17664918303489685,0.6399999856948853,0.29829999804496765
YER137C,YLR206W,0,-0.20362034,0.17660044133663177,0.6399999856948853,0.29840001463890076
YGL255W,YBR122C,0,-0.20362404,0.1765517294406891,0.6399999856948853,0.2985000014305115
YJR010W,YJR158W,0,-0.20363328,0.1765030324459076,0.6399999856948853,0.2985999882221222
YBR182C,YCR094W,0,-0.20399794,0.1764543652534485,0.6399999856948853,0.2987000048160553
YOR308C,YBR024W,0,-0.20405313,0.17640572786331177,0.6399999856948853,0.298799991607666
YCR077C,YPR158C-D,0,-0.20406538,0.17635712027549744,0.6399999856948853,0.2989000082015991
YJR058C,YLR264W,0,-0.20409441,0.1763085424900055,0.6399999856948853,0.29899999499320984
YLR157C-A,YML130C,0,-0.20413443,0.17625997960567474,0.6399999856948853,0.29910001158714294
YHL007C,YPL053C,0,-0.20433664,0.17621144652366638,0.6399999856948853,0.29919999837875366
YGR271W,YHR140W,0,-0.20438379,0.1761629581451416,0.6399999856948853,0.2992999851703644
YHR152W,YDR389W,0,-0.20441145,0.17611446976661682,0.6399999856948853,0.2994000017642975
YOR153W,YDR044W,0,-0.20448977,0.17606602609157562,0.6399999856948853,0.2994999885559082
YGR223C,YJL030W,0,-0.20460495,0.17601759731769562,0.6399999856948853,0.2996000051498413
YPL048W,YMR116C,0,-0.2047221,0.175969198346138,0.6399999856948853,0.299699991941452
YJL080C,YGL046W,0,-0.20484632,0.17592082917690277,0.6399999856948853,0.29980000853538513
YPL249C-A,YJL063C,0,-0.20507699,0.17587248980998993,0.6399999856948853,0.29989999532699585
YGR008C,YDR456W,0,-0.20509496,0.17582418024539948,0.6399999856948853,0.30000001192092896
YIL168W,YMR152W,0,-0.20520073,0.17577588558197021,0.6399999856948853,0.3000999987125397
YKR014C,YNL096C,0,-0.20524806,0.17572762072086334,0.6399999856948853,0.3001999855041504
YCR081W,YDR155C,0,-0.20535168,0.17567938566207886,0.6399999856948853,0.3003000020980835
YKL161C,YDR020C,0,-0.20580801,0.17563118040561676,0.6399999856948853,0.3003999888896942
YLL019C,YIL172C,0,-0.20598853,0.17558299005031586,0.6399999856948853,0.3005000054836273
YDR404C,YNL030W,0,-0.20617354,0.17553482949733734,0.6399999856948853,0.30059999227523804
YHR029C,YOL065C,0,-0.20621097,0.1754866987466812,0.6399999856948853,0.30070000886917114
YDL149W,YAL002W,1,-0.20621794,0.1757127195596695,0.640999972820282,0.30070000886917114
YGL150C,YOR094W,0,-0.20626044,0.17566455900669098,0.640999972820282,0.30079999566078186
YLR133W,YML046W,0,-0.20626819,0.17561644315719604,0.640999972820282,0.30090001225471497
YGL062W,YOL077W-A,0,-0.20659748,0.1755683422088623,0.640999972820282,0.3009999990463257
YHR188C,YDR424C,0,-0.20665616,0.17552025616168976,0.640999972820282,0.3010999858379364
YOL091W,YML106W,0,-0.20676881,0.1754722148180008,0.640999972820282,0.3012000024318695
YCL026C-B,YDL084W,0,-0.20678619,0.17542418837547302,0.640999972820282,0.3012999892234802
YER061C,YOR356W,0,-0.20728466,0.17537619173526764,0.640999972820282,0.30140000581741333
YMR172W,YHR121W,0,-0.20772219,0.17532822489738464,0.640999972820282,0.30149999260902405
YDL008W,YMR136W,0,-0.20779178,0.17528028786182404,0.640999972820282,0.30160000920295715
YCL003W,YDR186C,0,-0.208022,0.17523236572742462,0.640999972820282,0.30169999599456787
YKL067W,YIR034C,0,-0.20860067,0.1751844733953476,0.640999972820282,0.301800012588501
YCR075C,YIL142W,0,-0.20880112,0.17513661086559296,0.640999972820282,0.3018999993801117
YDL149W,YHR039C-A,1,-0.20898548,0.17536191642284393,0.6420000195503235,0.3018999993801117
YJL206C,YHL009W-B,0,-0.20918691,0.1753140389919281,0.6420000195503235,0.3019999861717224
YER147C,YDR320C-A,0,-0.2096082,0.17526617646217346,0.6420000195503235,0.3021000027656555
YER157W,YHR039C-B,0,-0.20974335,0.1752183437347412,0.6420000195503235,0.30219998955726624
YIL002C,YLR163C,0,-0.20979866,0.17517052590847015,0.6420000195503235,0.30230000615119934
YPR035W,YLR103C,0,-0.20984828,0.17512275278568268,0.6420000195503235,0.30239999294281006
YDR523C,YNR028W,0,-0.21007234,0.1750749945640564,0.6420000195503235,0.30250000953674316
YOR153W,YOR332W,0,-0.21012586,0.1750272661447525,0.6420000195503235,0.3025999963283539
YAR031W,YOR118W,0,-0.21021408,0.1749795526266098,0.6420000195503235,0.302700012922287
YPL265W,YLR071C,0,-0.210475,0.17493188381195068,0.6420000195503235,0.3027999997138977
YLR043C,YDR080W,1,-0.21051046,0.1751566380262375,0.6430000066757202,0.3027999997138977
YGR287C,YOR243C,0,-0.21066946,0.17510893940925598,0.6430000066757202,0.3028999865055084
YKL137W,YLR310C,0,-0.21068111,0.17506125569343567,0.6430000066757202,0.30300000309944153
YOL155C,YFL024C,0,-0.2110233,0.17501360177993774,0.6430000066757202,0.30309998989105225
YHL004W,YLR080W,0,-0.21104911,0.1749659925699234,0.6430000066757202,0.30320000648498535
YOL034W,YDR038C,0,-0.21111804,0.17491838335990906,0.6430000066757202,0.30329999327659607
YDL138W,YDR261W-B,0,-0.2113494,0.1748708188533783,0.6430000066757202,0.3034000098705292
YGL095C,YHR039C-A,1,-0.21137375,0.17509515583515167,0.6439999938011169,0.3034000098705292
YPR042C,YEL026W,0,-0.21173424,0.17504756152629852,0.6439999938011169,0.3034999966621399
YOL109W,YEL043W,0,-0.21205676,0.17499999701976776,0.6439999938011169,0.303600013256073
YGL225W,YDR170W-A,0,-0.21219453,0.1749524623155594,0.6439999938011169,0.3037000000476837
YHR034C,YDL214C,0,-0.21266583,0.1749049425125122,0.6439999938011169,0.30379998683929443
YDR381C-A,YKR104W,0,-0.21295816,0.17485745251178741,0.6439999938011169,0.30390000343322754
YHR188C,YBL093C,0,-0.21309459,0.174809992313385,0.6439999938011169,0.30399999022483826
YMR228W,YIL026C,0,-0.21323234,0.1747625470161438,0.6439999938011169,0.30410000681877136
YKL064W,YJR040W,0,-0.21334395,0.17471513152122498,0.6439999938011169,0.3041999936103821
YML081C-A,YGR274C,0,-0.21358791,0.17466774582862854,0.6439999938011169,0.3043000102043152
YJR127C,YCR028C,0,-0.2136471,0.1746203899383545,0.6439999938011169,0.3043999969959259
YER074W-A,YDR197W,0,-0.21390548,0.17457304894924164,0.6439999938011169,0.304500013589859
YLR105C,YLR388W,0,-0.21434927,0.17452575266361237,0.6439999938011169,0.3046000003814697
YMR068W,YBR173C,0,-0.21435145,0.1744784563779831,0.6439999938011169,0.30469998717308044
YML093W,YKL199C,0,-0.21496612,0.1744312047958374,0.6439999938011169,0.30480000376701355
YKL139W,YBR185C,0,-0.21505299,0.1743839681148529,0.6439999938011169,0.30489999055862427
YOR014W,YEL011W,0,-0.21517023,0.1743367612361908,0.6439999938011169,0.3050000071525574
YPR096C,YGL162W,0,-0.21518204,0.17428958415985107,0.6439999938011169,0.3050999939441681
YJR138W,YIR034C,0,-0.21526438,0.17424242198467255,0.6439999938011169,0.3052000105381012
YPR052C,YLR164W,0,-0.21528137,0.1741952896118164,0.6439999938011169,0.3052999973297119
YDR529C,YDR196C,0,-0.21531469,0.17414818704128265,0.6439999938011169,0.305400013923645
YKL038W,YIL111W,0,-0.21534517,0.1741011142730713,0.6439999938011169,0.30550000071525574
YGR203W,YJL165C,0,-0.2153936,0.17405405640602112,0.6439999938011169,0.30559998750686646
YPR162C,YER017C,0,-0.2154065,0.17400702834129333,0.6439999938011169,0.30570000410079956
YMR166C,YIL122W,0,-0.21563199,0.17396001517772675,0.6439999938011169,0.3057999908924103
YBR145W,YOR240W,0,-0.21564972,0.17391304671764374,0.6439999938011169,0.3059000074863434
YDR320C-A,YJL063C,0,-0.21565974,0.17386609315872192,0.6439999938011169,0.3059999942779541
YBR142W,YDR320C-A,0,-0.21573502,0.1738191694021225,0.6439999938011169,0.3061000108718872
YAR014C,YIR017C,0,-0.21585721,0.17377226054668427,0.6439999938011169,0.3061999976634979
YPL195W,YCR092C,0,-0.21616551,0.17372538149356842,0.6439999938011169,0.30630001425743103
YML028W,YKR058W,0,-0.21622452,0.17367853224277496,0.6439999938011169,0.30640000104904175
YER048W-A,YMR146C,0,-0.21650085,0.1736317127943039,0.6439999938011169,0.30649998784065247
YBR109C,YHR039C-B,1,-0.2165269,0.17385444045066833,0.6449999809265137,0.30649998784065247
YOR204W,YOL043C,0,-0.21665424,0.17380760610103607,0.6449999809265137,0.30660000443458557
YNL242W,YAL002W,1,-0.21675876,0.17403016984462738,0.6460000276565552,0.30660000443458557
YJL123C,YLR355C,0,-0.21678805,0.17398330569267273,0.6460000276565552,0.3066999912261963
YOR192C-A,YGL244W,0,-0.21700057,0.17393645644187927,0.6460000276565552,0.3068000078201294
YDR530C,YLR066W,0,-0.21703792,0.1738896369934082,0.6460000276565552,0.3068999946117401
YPL072W,YML106W,0,-0.21710536,0.17384284734725952,0.6460000276565552,0.3070000112056732
YER174C,YPR011C,0,-0.21718585,0.17379607260227203,0.6460000276565552,0.30709999799728394
YLR389C,YER007W,0,-0.21771348,0.17374932765960693,0.6460000276565552,0.30720001459121704
YLR327C,YOL056W,0,-0.2177907,0.17370261251926422,0.6460000276565552,0.30730000138282776
YOR068C,YHR039C-A,1,-0.21790567,0.17392472922801971,0.6470000147819519,0.30730000138282776
YGR052W,YKR038C,0,-0.21801448,0.17387798428535461,0.6470000147819519,0.3073999881744385
YDR533C,YBR160W,0,-0.21824542,0.1738312691450119,0.6470000147819519,0.3075000047683716
YOR192C-B,YDR056C,0,-0.21841273,0.17378458380699158,0.6470000147819519,0.3075999915599823
YEL029C,YNL096C,0,-0.21861058,0.17373791337013245,0.6470000147819519,0.3077000081539154
YFL044C,YNL282W,0,-0.2188485,0.1736912727355957,0.6470000147819519,0.3077999949455261
YKL200C,YOL034W,0,-0.21896973,0.17364466190338135,0.6470000147819519,0.30790001153945923
YCL063W,YLR093C,1,-0.21904081,0.1738663762807846,0.6480000019073486,0.30790001153945923
YHR171W,YJL092W,0,-0.2191458,0.17381973564624786,0.6480000019073486,0.30799999833106995
YOR332W,YLR386W,1,-0.21924177,0.17404130101203918,0.6489999890327454,0.30799999833106995
YDL085W,YJL018W,0,-0.21950823,0.17399464547634125,0.6489999890327454,0.30809998512268066
YPR032W,YOR265W,0,-0.2196621,0.1739480048418045,0.6489999890327454,0.30820000171661377
YJL133W,YHR200W,0,-0.21971485,0.17390139400959015,0.6489999890327454,0.3082999885082245
YBL037W,YPL249C-A,0,-0.22009218,0.17385481297969818,0.6489999890327454,0.3084000051021576
YJL178C,YHR039C-A,1,-0.22009245,0.17407605051994324,0.6499999761581421,0.3084000051021576
YPL143W,YMR193W,0,-0.22029099,0.17402945458889008,0.6499999761581421,0.3084999918937683
YKL170W,YFL002W-A,0,-0.22036344,0.1739828735589981,0.6499999761581421,0.3086000084877014
YKR014C,YER058W,0,-0.2204844,0.17393630743026733,0.6499999761581421,0.30869999527931213
YDL146W,YPL149W,0,-0.22072,0.17388978600502014,0.6499999761581421,0.30880001187324524
YHL009W-A,YIL046W,0,-0.22091106,0.17384327948093414,0.6499999761581421,0.30889999866485596
YDR307W,YKR026C,0,-0.22125763,0.17379678785800934,0.6499999761581421,0.3089999854564667
YHL033C,YDR147W,0,-0.22137079,0.17375034093856812,0.6499999761581421,0.3091000020503998
YDR363W-A,YOR198C,0,-0.22148809,0.17370390892028809,0.6499999761581421,0.3091999888420105
YOR356W,YMR257C,0,-0.22156215,0.17365749180316925,0.6499999761581421,0.3093000054359436
YOL075C,YDR414C,0,-0.22172761,0.1736111044883728,0.6499999761581421,0.3093999922275543
YOR057W,YOR142W-B,0,-0.22173357,0.17356474697589874,0.6499999761581421,0.3095000088214874
YHR181W,YGL135W,0,-0.2217617,0.17351841926574707,0.6499999761581421,0.30959999561309814
YIL009C-A,YPL257W-B,0,-0.22183892,0.1734721064567566,0.6499999761581421,0.30970001220703125
YIL110W,YCR055C,0,-0.22192603,0.1734258234500885,0.6499999761581421,0.30979999899864197
YDR533C,YKR067W,0,-0.222031,0.1733795702457428,0.6499999761581421,0.3098999857902527
YDR034C-C,YHR184W,0,-0.2220645,0.1733333319425583,0.6499999761581421,0.3100000023841858
YOR003W,YGR161W-B,0,-0.22241744,0.17328712344169617,0.6499999761581421,0.3100999891757965
YPL187W,YPL200W,0,-0.22261551,0.17324094474315643,0.6499999761581421,0.3102000057697296
YDR079C-A,YER082C,0,-0.22263724,0.1731947809457779,0.6499999761581421,0.31029999256134033
YGR209C,YGR254W,1,-0.22273338,0.17341502010822296,0.6510000228881836,0.31029999256134033
YOR343W-B,YBL101C,0,-0.22276443,0.17336884140968323,0.6510000228881836,0.31040000915527344
YHR121W,YBL050W,0,-0.22288373,0.1733226776123047,0.6510000228881836,0.31049999594688416
YJL113W,YDL132W,0,-0.22289291,0.17327654361724854,0.6510000228881836,0.31060001254081726
YNL330C,YGL227W,0,-0.22333801,0.17323043942451477,0.6510000228881836,0.310699999332428
YDR452W,YLR286C,0,-0.22353977,0.1731843501329422,0.6510000228881836,0.3107999861240387
YGR287C,YHL007C,0,-0.22406173,0.17313829064369202,0.6510000228881836,0.3109000027179718
YOL108C,YKR104W,0,-0.22413507,0.17309226095676422,0.6510000228881836,0.3109999895095825
YLR209C,YJL053W,0,-0.2244407,0.17304624617099762,0.6510000228881836,0.3111000061035156
YER137C-A,YNL014W,0,-0.22452524,0.1730002611875534,0.6510000228881836,0.31119999289512634
YDR103W,YMR004W,0,-0.22461501,0.17295430600643158,0.6510000228881836,0.31130000948905945
YFR036W,YOR142W,0,-0.22484928,0.17290836572647095,0.6510000228881836,0.31139999628067017
YDR503C,YER144C,0,-0.2250627,0.1728624552488327,0.6510000228881836,0.31150001287460327
YLR081W,YOL077W-A,0,-0.22510591,0.17281655967235565,0.6510000228881836,0.311599999666214
YEL027W,YDL149W,1,-0.22513947,0.1730360984802246,0.6520000100135803,0.311599999666214
YLR337W,YLR300W,0,-0.22520605,0.17299018800258636,0.6520000100135803,0.3116999864578247
YEL077C,YPR063C,0,-0.22548375,0.17294429242610931,0.6520000100135803,0.3118000030517578
YLR206W,YKR036C,0,-0.22556931,0.17289844155311584,0.6520000100135803,0.31189998984336853
YNL331C,YDR444W,0,-0.22572866,0.17285259068012238,0.6520000100135803,0.31200000643730164
YCL062W,YGL095C,1,-0.22577849,0.17307183146476746,0.652999997138977,0.31200000643730164
YCR040W,YDL058W,0,-0.22578204,0.1730259656906128,0.652999997138977,0.31209999322891235
YLL027W,YFR046C,0,-0.22582188,0.17298012971878052,0.652999997138977,0.31220000982284546
YFL004W,YNL219C,0,-0.22594544,0.17293432354927063,0.652999997138977,0.3122999966144562
YCL062W,YNL242W,1,-0.22612035,0.17315329611301422,0.6539999842643738,0.3122999966144562
YOR299W,YHR060W,0,-0.22616732,0.17310746014118195,0.6539999842643738,0.3124000132083893
YGR087C,YER112W,0,-0.22640246,0.17306165397167206,0.6539999842643738,0.3125
YJR161C,YGR056W,0,-0.2264429,0.17301587760448456,0.6539999842643738,0.3125999867916107
YML010W,YER012W,0,-0.22657669,0.17297011613845825,0.6539999842643738,0.3127000033855438
YGR013W,YDR139C,0,-0.22664213,0.17292438447475433,0.6539999842643738,0.31279999017715454
YOR375C,YEL015W,0,-0.22675231,0.1728786677122116,0.6539999842643738,0.31290000677108765
YNL241C,YOR239W,0,-0.22680408,0.17283298075199127,0.6539999842643738,0.31299999356269836
YLR341W,YPL094C,0,-0.22684896,0.17278732359409332,0.6539999842643738,0.31310001015663147
YKL171W,YJR077C,0,-0.2268497,0.17274168133735657,0.6539999842643738,0.3131999969482422
YLR157C-A,YER112W,0,-0.22718409,0.1726960688829422,0.6539999842643738,0.3133000135421753
YLR214W,YIR035C,0,-0.22722146,0.17265047132968903,0.6539999842643738,0.313400000333786
YKR039W,YPR081C,0,-0.22725996,0.17260490357875824,0.6539999842643738,0.31349998712539673
YNL323W,YBR200W,0,-0.22727665,0.17255936563014984,0.6539999842643738,0.31360000371932983
YNL242W,YOL026C,0,-0.22737777,0.17251384258270264,0.6539999842643738,0.31369999051094055
YPR149W,YER124C,0,-0.2273911,0.17246834933757782,0.6539999842643738,0.31380000710487366
YBL050W,YDR229W,1,-0.22744629,0.17268653213977814,0.6549999713897705,0.31380000710487366
YDR529C,YJR112W,0,-0.22771591,0.17264100909233093,0.6549999713897705,0.3138999938964844
YGL119W,YJL062W-A,0,-0.22784007,0.17259551584720612,0.6549999713897705,0.3140000104904175
YPL244C,YHR025W,0,-0.2282997,0.1725500524044037,0.6549999713897705,0.3140999972820282
YKL038W,YGL134W,0,-0.22841284,0.17250460386276245,0.6549999713897705,0.3142000138759613
YPR204W,YNL154C,0,-0.22929323,0.1724591851234436,0.6549999713897705,0.314300000667572
YPL100W,YLR396C,1,-0.22930363,0.17267702519893646,0.656000018119812,0.314300000667572
YGR027W-A,YCR033W,0,-0.2294536,0.17263157665729523,0.656000018119812,0.31439998745918274
YER162C,YDR383C,0,-0.23008996,0.17258615791797638,0.656000018119812,0.31450000405311584
YBL071W-A,YLR265C,0,-0.23017117,0.17254076898097992,0.656000018119812,0.31459999084472656
YHR019C,YER045C,0,-0.23043254,0.17249539494514465,0.656000018119812,0.31470000743865967
YDR381C-A,YMR104C,0,-0.23068947,0.17245005071163177,0.656000018119812,0.3147999942302704
YLR237W,YDL055C,0,-0.2307364,0.17240473628044128,0.656000018119812,0.3149000108242035
YNL274C,YMR304W,0,-0.23085982,0.172359436750412,0.656000018119812,0.3149999976158142
YOL103W,YDR031W,0,-0.2308605,0.17231415212154388,0.656000018119812,0.3151000142097473
YJL221C,YDR261W-A,0,-0.23112461,0.17226891219615936,0.656000018119812,0.31520000100135803
YKL203C,YOL077W-A,0,-0.23153186,0.17222368717193604,0.656000018119812,0.31529998779296875
YBR084C-A,YLR126C,0,-0.23155034,0.1721784770488739,0.656000018119812,0.31540000438690186
YIL031W,YHR021C,0,-0.2315585,0.17213329672813416,0.656000018119812,0.3154999911785126
YHR175W,YDR267C,0,-0.23171934,0.1720881462097168,0.656000018119812,0.3156000077724457
YOR209C,YML073C,0,-0.23185986,0.17204301059246063,0.656000018119812,0.3156999945640564
YOR022C,YAL022C,0,-0.23195538,0.17199790477752686,0.656000018119812,0.3158000111579895
YLR410W-B,YLR148W,0,-0.23200756,0.17195281386375427,0.656000018119812,0.3158999979496002
YDR238C,YBR199W,0,-0.23230422,0.17190775275230408,0.656000018119812,0.3160000145435333
YLR148W,YMR231W,1,-0.23237729,0.1721246987581253,0.6570000052452087,0.3160000145435333
YOR304W,YGL161C,0,-0.23277816,0.17207962274551392,0.6570000052452087,0.31610000133514404
YLR298C,YCR089W,0,-0.23288795,0.17203456163406372,0.6570000052452087,0.31619998812675476
YIL078W,YLR077W,0,-0.2334291,0.1719895303249359,0.6570000052452087,0.31630000472068787
YDR353W,YLR337W,0,-0.23384044,0.1719445139169693,0.6570000052452087,0.3163999915122986
YPL100W,YLR386W,1,-0.23410252,0.17216117680072784,0.6579999923706055,0.3163999915122986
YJL060W,YFR003C,0,-0.23422348,0.17211614549160004,0.6579999923706055,0.3165000081062317
YLR330W,YKL176C,0,-0.23443195,0.17207112908363342,0.6579999923706055,0.3165999948978424
YEL034W,YBR128C,0,-0.23453596,0.1720261424779892,0.6579999923706055,0.3167000114917755
YIL111W,YBR035C,0,-0.2345509,0.17198118567466736,0.6579999923706055,0.31679999828338623
YBR172C,YOR192C-B,0,-0.23455426,0.1719362437725067,0.6579999923706055,0.31690001487731934
YNL052W,YDR408C,0,-0.23463508,0.17189133167266846,0.6579999923706055,0.31700000166893005
YOR332W,YHR174W,1,-0.23519391,0.17210760712623596,0.6589999794960022,0.31700000166893005
YFR018C,YER157W,0,-0.23552531,0.17206266522407532,0.6589999794960022,0.31709998846054077
YPR052C,YDL005C,0,-0.2355459,0.17201775312423706,0.6589999794960022,0.3172000050544739
YBR092C,YNL151C,0,-0.23559019,0.17197285592556,0.6589999794960022,0.3172999918460846
YDL146W,YDL042C,0,-0.23564622,0.17192798852920532,0.6589999794960022,0.3174000084400177
YOR393W,YML124C,0,-0.2358881,0.17188315093517303,0.6589999794960022,0.3174999952316284
YDL097C,YPL028W,0,-0.2359164,0.17183832824230194,0.6589999794960022,0.3176000118255615
YJR103W,YOR196C,0,-0.23612583,0.17179353535175323,0.6589999794960022,0.31769999861717224
YIL044C,YLR057W,0,-0.23618025,0.17174875736236572,0.6589999794960022,0.31779998540878296
YHR141C,YJR160C,0,-0.23621136,0.1717040091753006,0.6589999794960022,0.31790000200271606
YOL127W,YOR197W,0,-0.23631012,0.17165929079055786,0.6589999794960022,0.3179999887943268
YMR260C,YBR302C,0,-0.23634565,0.17161458730697632,0.6589999794960022,0.3181000053882599
YIL126W,YLR283W,0,-0.23637187,0.17156989872455597,0.6589999794960022,0.3181999921798706
YBR244W,YNL298W,0,-0.23643878,0.171525239944458,0.6589999794960022,0.3183000087738037
YML040W,YMR238W,0,-0.23666102,0.17148061096668243,0.6589999794960022,0.31839999556541443
YLR134W,YHL022C,0,-0.23677242,0.17143599689006805,0.6589999794960022,0.31850001215934753
YMR188C,YJL062W-A,0,-0.23680156,0.17139141261577606,0.6589999794960022,0.31859999895095825
YKR019C,YMR143W,0,-0.23681682,0.17134685814380646,0.6589999794960022,0.31869998574256897
YGR275W,YPR030W,0,-0.23688075,0.17130231857299805,0.6589999794960022,0.3188000023365021
YBR207W,YKR002W,0,-0.23702583,0.17125779390335083,0.6589999794960022,0.3188999891281128
YLL062C,YIR013C,0,-0.2370961,0.171213299036026,0.6589999794960022,0.3190000057220459
YLR289W,YOL052C,0,-0.23711348,0.17116883397102356,0.6589999794960022,0.3190999925136566
YER174C,YDR207C,0,-0.23714626,0.1711243838071823,0.6589999794960022,0.3192000091075897
YJL025W,YNR016C,0,-0.23746514,0.17107996344566345,0.6589999794960022,0.31929999589920044
YBL005W-B,YMR300C,0,-0.23792216,0.1710355579853058,0.6589999794960022,0.31940001249313354
YCL047C,YDR034C-D,0,-0.23804995,0.1709911823272705,0.6589999794960022,0.31949999928474426
YBL079W,YCR052W,0,-0.23857236,0.17094682157039642,0.6589999794960022,0.319599986076355
YLR127C,YOR181W,0,-0.23876742,0.17090249061584473,0.6589999794960022,0.3197000026702881
YAL040C,YBR217W,1,-0.23899329,0.17111745476722717,0.6600000262260437,0.3197000026702881
YLR110C,YML051W,0,-0.23916835,0.1710730940103531,0.6600000262260437,0.3197999894618988
YGL004C,YGR289C,0,-0.23926169,0.1710287630558014,0.6600000262260437,0.3199000060558319
YGL237C,YML018C,0,-0.23933432,0.17098446190357208,0.6600000262260437,0.3199999928474426
YDR379W,YDR146C,0,-0.23974583,0.17094017565250397,0.6600000262260437,0.32010000944137573
YDR229W,YHR039C-B,1,-0.23994479,0.17115484178066254,0.6610000133514404,0.32010000944137573
YEL027W,YIL138C,1,-0.24067134,0.17136940360069275,0.6620000004768372,0.32010000944137573
YDL122W,YER164W,0,-0.24067342,0.17132505774497986,0.6620000004768372,0.32019999623298645
YNL073W,YJR051W,0,-0.24074176,0.17128072679042816,0.6620000004768372,0.32030001282691956
YGL035C,YOL044W,0,-0.24083003,0.17123642563819885,0.6620000004768372,0.3203999996185303
YBL071W-A,YDR388W,0,-0.24091113,0.17119213938713074,0.6620000004768372,0.320499986410141
YPL214C,YNL003C,0,-0.24102852,0.171147882938385,0.6620000004768372,0.3206000030040741
YNL079C,YDL149W,1,-0.24126992,0.17136210203170776,0.6629999876022339,0.3206000030040741
YDR261W-A,YOL040C,0,-0.24135324,0.17131783068180084,0.6629999876022339,0.3206999897956848
YGL222C,YDR242W,0,-0.24141362,0.17127357423305511,0.6629999876022339,0.3208000063896179
YLR298C,YNL284C-A,0,-0.24197194,0.17122933268547058,0.6629999876022339,0.32089999318122864
YBL078C,YGL180W,1,-0.24213427,0.17144332826137543,0.6639999747276306,0.32089999318122864
YHR085W,YGL251C,0,-0.24213856,0.1713990718126297,0.6639999747276306,0.32100000977516174
YLR157C-A,YLR410W-B,0,-0.24222982,0.17135484516620636,0.6639999747276306,0.32109999656677246
YLR450W,YHL022C,0,-0.24258617,0.1713106334209442,0.6639999747276306,0.32120001316070557
YDR115W,YGR001C,0,-0.2428138,0.17126643657684326,0.6639999747276306,0.3212999999523163
YBR080C,YLR093C,1,-0.24301323,0.17148014903068542,0.6650000214576721,0.3212999999523163
YGL038C,YBL029C-A,0,-0.24345973,0.17143593728542328,0.6650000214576721,0.321399986743927
YGL113W,YOR270C,0,-0.24353808,0.17139175534248352,0.6650000214576721,0.3215000033378601
YER159C-A,YLR312W-A,0,-0.24369246,0.17134758830070496,0.6650000214576721,0.3215999901294708
YBR152W,YGL224C,0,-0.24379644,0.17130345106124878,0.6650000214576721,0.32170000672340393
YKL124W,YPL144W,0,-0.2437968,0.1712593287229538,0.6650000214576721,0.32179999351501465
YDR177W,YDR202C,0,-0.24384487,0.1712152361869812,0.6650000214576721,0.32190001010894775
YKL035W,YLR141W,0,-0.24385199,0.171171173453331,0.6650000214576721,0.32199999690055847
YOL103W-B,YGR198W,0,-0.24453643,0.17112712562084198,0.6650000214576721,0.3221000134944916
YML010W,YBL029C-A,0,-0.24466667,0.17108309268951416,0.6650000214576721,0.3222000002861023
YFR021W,YMR071C,0,-0.24469426,0.17103908956050873,0.6650000214576721,0.322299987077713
YCR046C,YMR087W,0,-0.2447998,0.17099511623382568,0.6650000214576721,0.3224000036716461
YGR272C,YDR465C,0,-0.24483135,0.17095115780830383,0.6650000214576721,0.32249999046325684
YMR231W,YHR138C,1,-0.24500045,0.17116422951221466,0.6660000085830688,0.32249999046325684
YHR059W,YNL039W,0,-0.24508575,0.17112024128437042,0.6660000085830688,0.32260000705718994
YAL012W,YBL018C,0,-0.24515393,0.17107629776000977,0.6660000085830688,0.32269999384880066
YKL089W,YHR076W,0,-0.24546728,0.1710323542356491,0.6660000085830688,0.32280001044273376
YNL054W,YLR386W,1,-0.24549845,0.17124518752098083,0.6669999957084656,0.32280001044273376
YCR042C,YMR135C,0,-0.24582392,0.17120122909545898,0.6669999957084656,0.3228999972343445
YHR176W,YJL103C,0,-0.24602747,0.17115730047225952,0.6669999957084656,0.3230000138282776
YGR070W,YGR101W,0,-0.24603009,0.17111338675022125,0.6669999957084656,0.3231000006198883
YIL034C,YDR334W,0,-0.2462337,0.17106950283050537,0.6669999957084656,0.323199987411499
YIL080W,YKL216W,0,-0.24638736,0.17102563381195068,0.6669999957084656,0.32330000400543213
YDR072C,YBR160W,0,-0.2463933,0.17098179459571838,0.6669999957084656,0.32339999079704285
YMR065W,YFL022C,0,-0.24660283,0.17093798518180847,0.6669999957084656,0.32350000739097595
YDR174W,YIL125W,0,-0.24678984,0.17089419066905975,0.6669999957084656,0.32359999418258667
YGR140W,YOL103W-B,0,-0.24738398,0.17085041105747223,0.6669999957084656,0.3237000107765198
YOR326W,YHR039C-A,1,-0.24758047,0.17106273770332336,0.6679999828338623,0.3237000107765198
YCR077C,YER074W-A,0,-0.24762094,0.17101894319057465,0.6679999828338623,0.3237999975681305
YKR061W,YBL101W-B,0,-0.24763444,0.17097517848014832,0.6679999828338623,0.3239000141620636
YMR054W,YDL010W,0,-0.2476736,0.17093142867088318,0.6679999828338623,0.3240000009536743
YDR099W,YDL036C,0,-0.24802345,0.17088769376277924,0.6679999828338623,0.32409998774528503
YPL110C,YLR359W,0,-0.24815652,0.17084398865699768,0.6679999828338623,0.32420000433921814
YLR050C,YKL088W,0,-0.24835128,0.1708003133535385,0.6679999828338623,0.32429999113082886
YLR155C,YAL043C,0,-0.24863163,0.17075665295124054,0.6679999828338623,0.32440000772476196
YDR538W,YOR008C,0,-0.24866384,0.17071300745010376,0.6679999828338623,0.3244999945163727
YJR104C,YPL019C,0,-0.24868697,0.17066939175128937,0.6679999828338623,0.3246000111103058
YHR026W,YDR489W,0,-0.24874294,0.17062579095363617,0.6679999828338623,0.3246999979019165
YER159C-A,YDL014W,0,-0.24881092,0.17058221995830536,0.6679999828338623,0.3248000144958496
YER159C-A,YDR346C,0,-0.2489633,0.17053867876529694,0.6679999828338623,0.3249000012874603
YMR229C,YGR288W,0,-0.24924332,0.1704951524734497,0.6679999828338623,0.32499998807907104
YBR096W,YPL257W-A,0,-0.25047004,0.17045164108276367,0.6679999828338623,0.32510000467300415
YDR126W,YNL223W,1,-0.2505536,0.1706632673740387,0.6690000295639038,0.32510000467300415
YIL138C,YKL051W,1,-0.25065908,0.17087477445602417,0.6700000166893005,0.32510000467300415
YLR242C,YGL124C,0,-0.25105524,0.17083120346069336,0.6700000166893005,0.32519999146461487
YOR037W,YCR092C,0,-0.2510793,0.17078766226768494,0.6700000166893005,0.325300008058548
YKL208W,YPR137C-A,0,-0.25108412,0.1707441359758377,0.6700000166893005,0.3253999948501587
YLR089C,YCL019W,0,-0.2512542,0.17070063948631287,0.6700000166893005,0.3255000114440918
YLL052C,YFL034C-B,0,-0.25129366,0.17065715789794922,0.6700000166893005,0.3255999982357025
YMR122W-A,YER106W,0,-0.2515335,0.17061370611190796,0.6700000166893005,0.3257000148296356
YPR119W,YOR299W,0,-0.2517209,0.1705702692270279,0.6700000166893005,0.32580000162124634
YER053C,YDL179W,0,-0.25194603,0.17052684724330902,0.6700000166893005,0.32589998841285706
YPR127W,YGR038C-B,0,-0.2523998,0.17048345506191254,0.6700000166893005,0.32600000500679016
YBL029C-A,YOR123C,0,-0.2524186,0.17044009268283844,0.6700000166893005,0.3260999917984009
YEL013W,YKL051W,1,-0.2529926,0.17065106332302094,0.6710000038146973,0.3260999917984009
YDR368W,YBR203W,0,-0.25321785,0.17060768604278564,0.6710000038146973,0.326200008392334
YML039W,YDL049C,0,-0.25339192,0.17056430876255035,0.6710000038146973,0.3262999951839447
YNL054W,YDR080W,1,-0.2533933,0.17077510058879852,0.671999990940094,0.3262999951839447
YOR180C,YPR122W,0,-0.25351954,0.17073170840740204,0.671999990940094,0.3264000117778778
YIL133C,YCR097W,0,-0.25363612,0.17068834602832794,0.671999990940094,0.3264999985694885
YIL044C,YHR023W,0,-0.25380683,0.17064499855041504,0.671999990940094,0.32659998536109924
YLR266C,YDL159W,0,-0.25387368,0.17060168087482452,0.671999990940094,0.32670000195503235
YBR096W,YGR268C,0,-0.2538768,0.1705583781003952,0.671999990940094,0.32679998874664307
YIL017C,YPL259C,0,-0.25394288,0.17051510512828827,0.671999990940094,0.32690000534057617
YOR003W,YNR050C,0,-0.25402004,0.17047184705734253,0.671999990940094,0.3269999921321869
YGR272C,YBL042C,0,-0.254107,0.17042860388755798,0.671999990940094,0.32710000872612
YMR282C,YGR038C-B,0,-0.25420603,0.17038539052009583,0.671999990940094,0.3271999955177307
YEL063C,YDR146C,0,-0.25421208,0.17034220695495605,0.671999990940094,0.3273000121116638
YBR214W,YDR365W-B,0,-0.2542235,0.17029903829097748,0.671999990940094,0.32739999890327454
YFL023W,YCL074W,0,-0.25435552,0.1702558845281601,0.671999990940094,0.32749998569488525
YPR167C,YGL137W,0,-0.25448278,0.1702127605676651,0.671999990940094,0.32760000228881836
YDR034C-C,YOL056W,0,-0.2544927,0.1701696664094925,0.671999990940094,0.3276999890804291
YKL166C,YPL012W,0,-0.25466278,0.17012658715248108,0.671999990940094,0.3278000056743622
YBL019W,YNR010W,0,-0.25490478,0.17008352279663086,0.671999990940094,0.3278999924659729
YGR118W,YOR388C,0,-0.2550863,0.17004048824310303,0.671999990940094,0.328000009059906
YJR083C,YBL029C-A,0,-0.25516722,0.1699974685907364,0.671999990940094,0.3280999958515167
YDR060W,YBR278W,0,-0.25535196,0.16995447874069214,0.671999990940094,0.32820001244544983
YKL095W,YGR198W,0,-0.2556423,0.16991150379180908,0.671999990940094,0.32829999923706055
YDR180W,YER190W,0,-0.25584984,0.1698685586452484,0.671999990940094,0.32839998602867126
YDR103W,YGR059W,0,-0.25625074,0.16982562839984894,0.671999990940094,0.32850000262260437
YJL194W,YMR165C,0,-0.25662568,0.16978271305561066,0.671999990940094,0.3285999894142151
YJL002C,YBR264C,0,-0.25665382,0.16973982751369476,0.671999990940094,0.3287000060081482
YER137C-A,YKR002W,0,-0.25666234,0.16969697177410126,0.671999990940094,0.3287999927997589
YKR062W,YPL060C-A,0,-0.25670537,0.16965413093566895,0.671999990940094,0.328900009393692
YCL020W,YDR531W,0,-0.25692156,0.16961130499839783,0.671999990940094,0.32899999618530273
YJR009C,YDL232W,0,-0.25694525,0.1695685088634491,0.671999990940094,0.32910001277923584
YAL043C,YNL106C,0,-0.2569527,0.16952572762966156,0.671999990940094,0.32919999957084656
YDR393W,YHR181W,0,-0.25703138,0.1694829761981964,0.671999990940094,0.3292999863624573
YPR194C,YDR302W,0,-0.25717875,0.16944023966789246,0.671999990940094,0.3294000029563904
YOR008C,YER073W,0,-0.25722113,0.1693975329399109,0.671999990940094,0.3294999897480011
YOR175C,YBL071W-A,0,-0.25728545,0.16935484111309052,0.671999990940094,0.3296000063419342
YKR055W,YLR047C,0,-0.25761476,0.16931216418743134,0.671999990940094,0.3296999931335449
YGR014W,YGL017W,0,-0.25763628,0.16926951706409454,0.671999990940094,0.329800009727478
YGR067C,YEL020C,0,-0.25780216,0.16922689974308014,0.671999990940094,0.32989999651908875
YJR005W,YDL246C,0,-0.2578957,0.16918429732322693,0.671999990940094,0.33000001311302185
YIL105C,YHR143W,0,-0.25790247,0.1691417098045349,0.671999990940094,0.33009999990463257
YGR222W,YHR072W-A,0,-0.25806805,0.1690991371870041,0.671999990940094,0.3301999866962433
YDR210W-A,YDR368W,0,-0.25819474,0.16905660927295685,0.671999990940094,0.3303000032901764
YML088W,YDR531W,0,-0.25822973,0.1690140813589096,0.671999990940094,0.3303999900817871
YER137C-A,YER180C,0,-0.25874224,0.16897158324718475,0.671999990940094,0.3305000066757202
YGL095C,YPL045W,1,-0.25874838,0.1691804975271225,0.6729999780654907,0.3305000066757202
YJR091C,YER183C,0,-0.25877076,0.16913796961307526,0.6729999780654907,0.33059999346733093
YJL191W,YOL060C,0,-0.2590051,0.1690954715013504,0.6729999780654907,0.33070001006126404
YDL022W,YDR507C,0,-0.2590752,0.16905300319194794,0.6729999780654907,0.33079999685287476
YPL078C,YDR365W-B,0,-0.25908497,0.16901054978370667,0.6729999780654907,0.33090001344680786
YPR159W,YLR357W,0,-0.25929266,0.1689681112766266,0.6729999780654907,0.3310000002384186
YBR214W,YPR158C-C,0,-0.25937456,0.1689257025718689,0.6729999780654907,0.3310999870300293
YCR087C-A,YJR009C,0,-0.25941864,0.1688833087682724,0.6729999780654907,0.3312000036239624
YFL029C,YHR072W-A,0,-0.25956008,0.1688409447669983,0.6729999780654907,0.3312999904155731
YMR046C,YPR144C,0,-0.25972575,0.16879859566688538,0.6729999780654907,0.3314000070095062
YFR007W,YCL026C-A,0,-0.2597772,0.16875626146793365,0.6729999780654907,0.33149999380111694
YLR128W,YGL017W,0,-0.25979063,0.16871395707130432,0.6729999780654907,0.33160001039505005
YJL144W,YGR222W,0,-0.2598208,0.16867168247699738,0.6729999780654907,0.33169999718666077
YML034W,YBR253W,0,-0.26006842,0.16862942278385162,0.6729999780654907,0.33180001378059387
YDR494W,YLR157C-B,0,-0.26030573,0.16858717799186707,0.6729999780654907,0.3319000005722046
YPR158C-C,YKL094W,0,-0.26033574,0.1685449481010437,0.6729999780654907,0.3319999873638153
YDR210W-A,YOR290C,0,-0.26036105,0.16850274801254272,0.6729999780654907,0.3321000039577484
YLR154C,YPL019C,0,-0.26043123,0.16846057772636414,0.6729999780654907,0.33219999074935913
YGR239C,YLL009C,0,-0.26043323,0.16841842234134674,0.6729999780654907,0.33230000734329224
YIL023C,YMR071C,0,-0.2605304,0.16837628185749054,0.6729999780654907,0.33239999413490295
YNL093W,YER144C,0,-0.2607516,0.16833417117595673,0.6729999780654907,0.33250001072883606
YDR012W,YDL069C,0,-0.26136795,0.1682920753955841,0.6729999780654907,0.3325999975204468
YCL045C,YMR030W,0,-0.2614111,0.16824999451637268,0.6729999780654907,0.3327000141143799
YFR046C,YDL108W,0,-0.26183206,0.16820794343948364,0.6729999780654907,0.3328000009059906
YOR088W,YKR055W,0,-0.26184744,0.168165922164917,0.6729999780654907,0.3328999876976013
YLR155C,YOR343W-A,0,-0.26186728,0.16812390089035034,0.6729999780654907,0.3330000042915344
YPL047W,YGL234W,0,-0.26193768,0.16808192431926727,0.6729999780654907,0.33309999108314514
YMR019W,YDL179W,0,-0.26219663,0.1680399477481842,0.6729999780654907,0.33320000767707825
YJL100W,YHR017W,0,-0.26220575,0.16799800097942352,0.6729999780654907,0.33329999446868896
YMR090W,YHR072W-A,0,-0.26254508,0.16795608401298523,0.6729999780654907,0.33340001106262207
YFL036W,YGL062W,0,-0.2625725,0.16791416704654694,0.6729999780654907,0.3334999978542328
YBL029C-A,YBR052C,0,-0.2627071,0.16787229478359222,0.6729999780654907,0.3336000144481659
YDR140W,YGR216C,0,-0.26312274,0.1678304225206375,0.6729999780654907,0.3337000012397766
YJL042W,YKR058W,0,-0.2631498,0.1677885800600052,0.6729999780654907,0.33379998803138733
YBL004W,YBL071W-A,0,-0.26358643,0.16774675250053406,0.6729999780654907,0.33390000462532043
YOL130W,YMR173W,0,-0.263978,0.16770495474338531,0.6729999780654907,0.33399999141693115
YHL027W,YOR043W,0,-0.26422274,0.16766317188739777,0.6729999780654907,0.33410000801086426
YBR161W,YNL335W,0,-0.2642562,0.1676214188337326,0.6729999780654907,0.334199994802475
YEL061C,YCL057C-A,0,-0.2643086,0.16757968068122864,0.6729999780654907,0.3343000113964081
YDR238C,YDL070W,0,-0.26450154,0.16753795742988586,0.6729999780654907,0.3343999981880188
YFL037W,YPL249C-A,0,-0.26452228,0.16749626398086548,0.6729999780654907,0.3345000147819519
YML049C,YFR046C,0,-0.26487583,0.1674545854330063,0.6729999780654907,0.3346000015735626
YBL113C,YDR164C,0,-0.26491916,0.16741293668746948,0.6729999780654907,0.33469998836517334
YFL050C,YML009C,0,-0.26523787,0.16737130284309387,0.6729999780654907,0.33480000495910645
YDR529C,YCL059C,0,-0.26531228,0.16732968389987946,0.6729999780654907,0.33489999175071716
YKL130C,YDR107C,0,-0.26534796,0.16728809475898743,0.6729999780654907,0.33500000834465027
YDR522C,YLR316C,0,-0.2655349,0.1672465205192566,0.6729999780654907,0.335099995136261
YFR008W,YDR079C-A,0,-0.2657138,0.16720497608184814,0.6729999780654907,0.3352000117301941
YML085C,YMR127C,0,-0.2658599,0.1671634316444397,0.6729999780654907,0.3352999985218048
YJR119C,YKL140W,0,-0.26589167,0.16712193191051483,0.6729999780654907,0.3353999853134155
YFR005C,YFR046C,0,-0.26598668,0.16708043217658997,0.6729999780654907,0.33550000190734863
YER061C,YOR020C,0,-0.26622084,0.1670389622449875,0.6729999780654907,0.33559998869895935
YLR410W-B,YDR084C,0,-0.2663114,0.1669975221157074,0.6729999780654907,0.33570000529289246
YMR323W,YMR201C,0,-0.26637307,0.1669560968875885,0.6729999780654907,0.3357999920845032
YPL100W,YLR423C,1,-0.26652724,0.1671627014875412,0.6740000247955322,0.3357999920845032
YHR181W,YOR313C,0,-0.26676932,0.16712124645709991,0.6740000247955322,0.3359000086784363
YPR196W,YBL050W,0,-0.26734576,0.16707982122898102,0.6740000247955322,0.335999995470047
YBR056W,YER145C,0,-0.26754248,0.16703841090202332,0.6740000247955322,0.3361000120639801
YLR391W,YOL030W,0,-0.26765543,0.166997030377388,0.6740000247955322,0.3361999988555908
YOR219C,YPL275W,0,-0.2680305,0.16695566475391388,0.6740000247955322,0.33629998564720154
YGR206W,YJL170C,0,-0.26819903,0.16691431403160095,0.6740000247955322,0.33640000224113464
YAL017W,YEL015W,0,-0.26833802,0.1668729931116104,0.6740000247955322,0.33649998903274536
YGL019W,YKL061W,0,-0.26863503,0.16683168709278107,0.6740000247955322,0.33660000562667847
YOL052C,YDR079C-A,0,-0.26897806,0.16679039597511292,0.6740000247955322,0.3366999924182892
YOR215C,YJL140W,0,-0.2691128,0.16674913465976715,0.6740000247955322,0.3368000090122223
YBR095C,YCL057W,0,-0.26960188,0.16670788824558258,0.6740000247955322,0.336899995803833
YBL089W,YPR184W,0,-0.26985726,0.1666666716337204,0.6740000247955322,0.3370000123977661
YBR030W,YER087C-B,0,-0.2698931,0.1666254699230194,0.6740000247955322,0.33709999918937683
YGL212W,YHR084W,0,-0.2703435,0.16658428311347961,0.6740000247955322,0.33719998598098755
YOR080W,YIR006C,0,-0.2703608,0.166543111205101,0.6740000247955322,0.33730000257492065
YBL090W,YGL051W,0,-0.2711988,0.1665019690990448,0.6740000247955322,0.33739998936653137
YGL035C,YIL170W,0,-0.2713155,0.16646085679531097,0.6740000247955322,0.3375000059604645
YDL130W,YAL009W,0,-0.27141008,0.16641975939273834,0.6740000247955322,0.3375999927520752
YDR240C,YPL194W,0,-0.27146268,0.1663786768913269,0.6740000247955322,0.3377000093460083
YKR067W,YML049C,0,-0.27149868,0.16633760929107666,0.6740000247955322,0.337799996137619
YIL094C,YHL009W-B,0,-0.27164543,0.1662965714931488,0.6740000247955322,0.3379000127315521
YGL187C,YPL094C,0,-0.271705,0.16625554859638214,0.6740000247955322,0.33799999952316284
YNR002C,YBR030W,0,-0.2717069,0.16621455550193787,0.6740000247955322,0.33809998631477356
YLR157C-A,YKR042W,0,-0.27171546,0.16617357730865479,0.6740000247955322,0.33820000290870667
YBR087W,YPL060C-A,0,-0.2718171,0.1661326140165329,0.6740000247955322,0.3382999897003174
YIL073C,YFR021W,0,-0.27205426,0.1660916656255722,0.6740000247955322,0.3384000062942505
YDL074C,YHR072W-A,0,-0.27248165,0.1660507470369339,0.6740000247955322,0.3384999930858612
YBR289W,YOR099W,0,-0.27294287,0.16600985825061798,0.6740000247955322,0.3386000096797943
YJR070C,YBR110W,0,-0.27300406,0.16596896946430206,0.6740000247955322,0.33869999647140503
YLR439W,YBR201W,0,-0.27304387,0.16592811048030853,0.6740000247955322,0.33880001306533813
YDR316W-A,YPR065W,0,-0.27361304,0.1658872812986374,0.6740000247955322,0.33889999985694885
YDR338C,YDR134C,0,-0.27363065,0.16584645211696625,0.6740000247955322,0.33899998664855957
YDR538W,YPR028W,0,-0.27387112,0.1658056527376175,0.6740000247955322,0.3391000032424927
YLR228C,YNL321W,0,-0.27387235,0.16576488316059113,0.6740000247955322,0.3391999900341034
YOR070C,YPL172C,0,-0.27396727,0.16572411358356476,0.6740000247955322,0.3393000066280365
YHR191C,YOR343W-A,0,-0.2741217,0.16568338871002197,0.6740000247955322,0.3393999934196472
YNL172W,YML063W,0,-0.27422225,0.1656426638364792,0.6740000247955322,0.3395000100135803
YLL022C,YHR188C,0,-0.27439252,0.1656019687652588,0.6740000247955322,0.33959999680519104
YKL017C,YDL246C,0,-0.2744595,0.16556128859519958,0.6740000247955322,0.33970001339912415
YBR244W,YMR067C,0,-0.27465737,0.16552062332630157,0.6740000247955322,0.33980000019073486
YHR188C,YJL081C,0,-0.27486655,0.16547998785972595,0.6740000247955322,0.3398999869823456
YLL032C,YHR018C,0,-0.27489007,0.16543936729431152,0.6740000247955322,0.3400000035762787
YDR011W,YDR310C,0,-0.27489984,0.16539877653121948,0.6740000247955322,0.3400999903678894
YGR134W,YGL079W,0,-0.2749449,0.16535820066928864,0.6740000247955322,0.3402000069618225
YPR032W,YGL009C,0,-0.2752406,0.16531763970851898,0.6740000247955322,0.3402999937534332
YGR156W,YPL274W,0,-0.27588356,0.16527709364891052,0.6740000247955322,0.34040001034736633
YGR285C,YJL165C,0,-0.27615395,0.16523657739162445,0.6740000247955322,0.34049999713897705
YLR287C-A,YDL059C,0,-0.27615413,0.16519607603549957,0.6740000247955322,0.34060001373291016
YLR183C,YGR200C,0,-0.27615649,0.16515560448169708,0.6740000247955322,0.3407000005245209
YDL206W,YER180C,0,-0.2765104,0.1651151329278946,0.6740000247955322,0.3407999873161316
YDR210W-A,YGL160W,0,-0.276806,0.16507470607757568,0.6740000247955322,0.3409000039100647
YBR110W,YMR043W,0,-0.27684644,0.16503427922725677,0.6740000247955322,0.3409999907016754
YDR279W,YCR026C,0,-0.27704236,0.16499388217926025,0.6740000247955322,0.3411000072956085
YPL177C,YFL002W-B,0,-0.27728438,0.16495350003242493,0.6740000247955322,0.34119999408721924
YEL042W,YIR008C,0,-0.2773293,0.1649131327867508,0.6740000247955322,0.34130001068115234
YOL006C,YOR198C,0,-0.27757537,0.16487279534339905,0.6740000247955322,0.34139999747276306
YDR418W,YDR195W,0,-0.27772826,0.1648324728012085,0.6740000247955322,0.34150001406669617
YDR322W,YGR222W,0,-0.2780865,0.16479218006134033,0.6740000247955322,0.3416000008583069
YML001W,YNL326C,1,-0.27838558,0.16499632596969604,0.675000011920929,0.3416000008583069
YPR047W,YKL189W,0,-0.27843407,0.1649560183286667,0.675000011920929,0.3416999876499176
YMR020W,YJR098C,0,-0.27858853,0.16491571068763733,0.675000011920929,0.3418000042438507
YJL092W,YDR037W,0,-0.27866173,0.16487543284893036,0.675000011920929,0.3418999910354614
YOR096W,YJR145C,0,-0.27875647,0.16483516991138458,0.675000011920929,0.34200000762939453
YNL309W,YOL077W-A,0,-0.27908778,0.164794921875,0.675000011920929,0.34209999442100525
YPL195W,YPL268W,0,-0.2791232,0.1647547036409378,0.675000011920929,0.34220001101493835
YGR037C,YBR067C,0,-0.2791456,0.1647145003080368,0.675000011920929,0.3422999978065491
YKL210W,YJL172W,0,-0.27927223,0.164674311876297,0.675000011920929,0.3424000144004822
YGR252W,YKL046C,0,-0.27944332,0.16463415324687958,0.675000011920929,0.3425000011920929
YCR067C,YDR104C,0,-0.2796486,0.16459399461746216,0.675000011920929,0.3425999879837036
YML005W,YGL047W,0,-0.27974814,0.16455388069152832,0.675000011920929,0.3427000045776367
YFR031C,YBL071W-A,0,-0.2797746,0.16451376676559448,0.675000011920929,0.34279999136924744
YDR358W,YPR018W,0,-0.2802036,0.16447368264198303,0.675000011920929,0.34290000796318054
YER101C,YML062C,0,-0.280461,0.16443361341953278,0.675000011920929,0.34299999475479126
YOR124C,YPR023C,0,-0.28084642,0.1643935739994049,0.675000011920929,0.34310001134872437
YIR025W,YNL058C,0,-0.28103068,0.16435354948043823,0.675000011920929,0.3431999981403351
YDR498C,YDR353W,0,-0.2814586,0.16431353986263275,0.675000011920929,0.3433000147342682
YBL011W,YNL238W,0,-0.28149828,0.16427354514598846,0.675000011920929,0.3434000015258789
YNL257C,YMR179W,0,-0.2815502,0.16423358023166656,0.675000011920929,0.3434999883174896
YNL131W,YHR001W,0,-0.28164345,0.16419363021850586,0.675000011920929,0.34360000491142273
YGR161W-B,YAR019C,0,-0.28171027,0.16415369510650635,0.675000011920929,0.34369999170303345
YMR020W,YPR133W-A,0,-0.28174722,0.16411378979682922,0.675000011920929,0.34380000829696655
YOL077W-A,YJL063C,0,-0.28176296,0.1640738993883133,0.675000011920929,0.34389999508857727
YKR058W,YGL010W,0,-0.28199208,0.16403402388095856,0.675000011920929,0.3440000116825104
YPL183W-A,YML029W,0,-0.28212726,0.16399416327476501,0.675000011920929,0.3440999984741211
YGL095C,YAL040C,1,-0.28222576,0.16419723629951477,0.6759999990463257,0.3440999984741211
YKR061W,YJL140W,0,-0.2822263,0.16415736079216003,0.6759999990463257,0.3441999852657318
YIL094C,YDL020C,0,-0.28235266,0.1641175001859665,0.6759999990463257,0.3443000018596649
YJR064W,YBR041W,0,-0.28240207,0.16407766938209534,0.6759999990463257,0.34439998865127563
YLR047C,YFL052W,0,-0.28270575,0.16403785347938538,0.6759999990463257,0.34450000524520874
YDR047W,YCL019W,0,-0.28296006,0.1639980524778366,0.6759999990463257,0.34459999203681946
YGL100W,YAR050W,0,-0.28328714,0.16395828127861023,0.6759999990463257,0.34470000863075256
YPL154C,YNL122C,0,-0.28335112,0.16391852498054504,0.6759999990463257,0.3447999954223633
YCL063W,YLR423C,1,-0.28344893,0.16412121057510376,0.6769999861717224,0.3447999954223633
YLR380W,YLR089C,0,-0.28345457,0.16408143937587738,0.6769999861717224,0.3449000120162964
YNR072W,YDR320C,0,-0.2835521,0.1640416830778122,0.6769999861717224,0.3449999988079071
YOR261C,YBL058W,0,-0.2836349,0.1640019416809082,0.6769999861717224,0.3450999855995178
YPL046C,YJR155W,0,-0.28367618,0.1639622151851654,0.6769999861717224,0.3452000021934509
YJL139C,YMR012W,0,-0.28386664,0.163922518491745,0.6769999861717224,0.34529998898506165
YHR187W,YMR166C,0,-0.2838672,0.16388283669948578,0.6769999861717224,0.34540000557899475
YNL054W-B,YBR082C,0,-0.28387544,0.16384316980838776,0.6769999861717224,0.34549999237060547
YBR170C,YDR146C,0,-0.28417847,0.16380353271961212,0.6769999861717224,0.3456000089645386
YCL063W,YEL027W,1,-0.28458282,0.1640058010816574,0.6779999732971191,0.3456000089645386
YDR159W,YDR423C,0,-0.28466392,0.16396614909172058,0.6779999732971191,0.3456999957561493
YKR010C,YEL021W,0,-0.28467983,0.16392649710178375,0.6779999732971191,0.3458000123500824
YJL114W,YPR028W,0,-0.28484142,0.1638868749141693,0.6779999732971191,0.3458999991416931
YHR039C,YMR293C,0,-0.28514668,0.16384726762771606,0.6779999732971191,0.34599998593330383
YPR030W,YDL236W,0,-0.28525233,0.1638076901435852,0.6779999732971191,0.34610000252723694
YDR351W,YCR071C,0,-0.28528953,0.16376811265945435,0.6779999732971191,0.34619998931884766
YLR431C,YMR231W,1,-0.28543058,0.16397005319595337,0.6790000200271606,0.34619998931884766
YFL022C,YPL087W,0,-0.28557312,0.1639304757118225,0.6790000200271606,0.34630000591278076
YDR266C,YGL084C,0,-0.2857197,0.16389089822769165,0.6790000200271606,0.3463999927043915
YLR029C,YDR261W-A,0,-0.28577906,0.16385135054588318,0.6790000200271606,0.3465000092983246
YOR361C,YDL202W,0,-0.28591135,0.1638118177652359,0.6790000200271606,0.3465999960899353
YCR011C,YMR297W,0,-0.28637892,0.163772314786911,0.6790000200271606,0.3467000126838684
YGR289C,YDL058W,0,-0.28641817,0.16373281180858612,0.6790000200271606,0.3467999994754791
YJR014W,YKL064W,0,-0.28644666,0.1636933535337448,0.6790000200271606,0.34689998626708984
YPL265W,YBR070C,0,-0.28648892,0.1636538952589035,0.6790000200271606,0.34700000286102295
YBR083W,YHL013C,0,-0.28675953,0.1636144518852234,0.6790000200271606,0.34709998965263367
YMR184W,YBR042C,0,-0.28723404,0.16357503831386566,0.6790000200271606,0.3472000062465668
YOL120C,YDL005C,0,-0.28728196,0.16353563964366913,0.6790000200271606,0.3472999930381775
YOL056W,YGR010W,0,-0.28741133,0.16349627077579498,0.6790000200271606,0.3474000096321106
YGR161W-B,YIL172C,0,-0.28756756,0.16345690190792084,0.6790000200271606,0.3474999964237213
YPL273W,YBL011W,0,-0.28763327,0.16341756284236908,0.6790000200271606,0.3476000130176544
YLR410W-B,YMR171C,0,-0.28766957,0.1633782535791397,0.6790000200271606,0.34769999980926514
YHR141C,YLR158C,0,-0.28772715,0.16333894431591034,0.6790000200271606,0.34779998660087585
YOR070C,YOL077W-A,0,-0.28782052,0.16329966485500336,0.6790000200271606,0.34790000319480896
YGL083W,YGL136C,0,-0.28785166,0.16326040029525757,0.6790000200271606,0.3479999899864197
YLR035C-A,YLR372W,0,-0.2878644,0.16322115063667297,0.6790000200271606,0.3481000065803528
YCL026C-B,YMR273C,0,-0.28807372,0.16318193078041077,0.6790000200271606,0.3481999933719635
YJL097W,YDR242W,0,-0.2881624,0.16314272582530975,0.6790000200271606,0.3483000099658966
YGL050W,YOR028C,0,-0.28826776,0.16310353577136993,0.6790000200271606,0.3483999967575073
YLR410W-B,YFR029W,0,-0.2886221,0.1630643606185913,0.6790000200271606,0.34850001335144043
YPR081C,YDL190C,0,-0.28888905,0.16302521526813507,0.6790000200271606,0.34860000014305115
YLR229C,YBR082C,0,-0.2889789,0.16298608481884003,0.6790000200271606,0.34869998693466187
YFL034C-A,YMR086W,0,-0.2892969,0.16294696927070618,0.6790000200271606,0.34880000352859497
YPL164C,YJR083C,0,-0.28930077,0.16290786862373352,0.6790000200271606,0.3488999903202057
YLR399C,YAL017W,0,-0.28939232,0.16286879777908325,0.6790000200271606,0.3490000069141388
YPR184W,YLR158C,0,-0.28952914,0.16282974183559418,0.6790000200271606,0.3490999937057495
YOL064C,YOR228C,0,-0.2897754,0.1627907007932663,0.6790000200271606,0.3492000102996826
YDR261C-D,YPL275W,0,-0.28996408,0.1627516746520996,0.6790000200271606,0.34929999709129333
YLR424W,YLR278C,0,-0.29040405,0.1627126783132553,0.6790000200271606,0.34940001368522644
YKL183W,YDL133C-A,0,-0.2909649,0.1626736968755722,0.6790000200271606,0.34950000047683716
YMR268C,YHR076W,0,-0.2909788,0.1626347303390503,0.6790000200271606,0.3495999872684479
YPR016C,YPR165W,0,-0.29104608,0.16259577870368958,0.6790000200271606,0.349700003862381
YIL051C,YER144C,0,-0.29144913,0.16255685687065125,0.6790000200271606,0.3497999906539917
YKR066C,YGL060W,0,-0.29149792,0.1625179499387741,0.6790000200271606,0.3499000072479248
YPR135W,YER099C,0,-0.2915274,0.16247905790805817,0.6790000200271606,0.3499999940395355
YCL069W,YHR134W,0,-0.2918457,0.1624401956796646,0.6790000200271606,0.35010001063346863
YDR261C-D,YNR002C,0,-0.29206556,0.16240133345127106,0.6790000200271606,0.35019999742507935
YDR117C,YMR319C,0,-0.2921605,0.1623625010251999,0.6790000200271606,0.35030001401901245
YPL257W-A,YPL152W,0,-0.29224128,0.1623236984014511,0.6790000200271606,0.35040000081062317
YNL197C,YGR252W,0,-0.29249236,0.16228489577770233,0.6790000200271606,0.3504999876022339
YIL049W,YGL035C,0,-0.29268914,0.16224612295627594,0.6790000200271606,0.350600004196167
YJR104C,YLL010C,0,-0.2928697,0.16220736503601074,0.6790000200271606,0.3506999909877777
YOR153W,YPR137C-B,0,-0.29349285,0.16216862201690674,0.6790000200271606,0.3508000075817108
YKR101W,YDR214W,0,-0.2936396,0.16212989389896393,0.6790000200271606,0.35089999437332153
YHL036W,YOR290C,0,-0.29374295,0.1620911955833435,0.6790000200271606,0.35100001096725464
YBR141C,YNL219C,0,-0.29376096,0.16205251216888428,0.6790000200271606,0.35109999775886536
YBL037W,YFL050C,0,-0.29402834,0.16201384365558624,0.6790000200271606,0.35120001435279846
YCL069W,YNL047C,0,-0.29407364,0.1619751900434494,0.6790000200271606,0.3513000011444092
YBR231C,YIR023W,0,-0.2940848,0.16193656623363495,0.6790000200271606,0.3513999879360199
YBR156C,YPL029W,0,-0.29411072,0.1618979424238205,0.6790000200271606,0.351500004529953
YBR127C,YBR048W,0,-0.2943018,0.16185936331748962,0.6790000200271606,0.3515999913215637
YFR037C,YLR013W,0,-0.29431948,0.16182078421115875,0.6790000200271606,0.3517000079154968
YNL252C,YHR091C,0,-0.29485512,0.16178222000598907,0.6790000200271606,0.35179999470710754
YOL151W,YDR390C,0,-0.29488003,0.16174368560314178,0.6790000200271606,0.35190001130104065
YGL257C,YDR260C,0,-0.29500443,0.1617051661014557,0.6790000200271606,0.35199999809265137
YIL002C,YPL281C,0,-0.2951476,0.1616666615009308,0.6790000200271606,0.3521000146865845
YDR322W,YDR128W,0,-0.29518038,0.16162818670272827,0.6790000200271606,0.3522000014781952
YJL190C,YLR224W,0,-0.29524544,0.16158971190452576,0.6790000200271606,0.3522999882698059
YDL022W,YFR001W,0,-0.295385,0.16155126690864563,0.6790000200271606,0.352400004863739
YLL045C,YPL029W,0,-0.29558608,0.1615128517150879,0.6790000200271606,0.35249999165534973
YML024W,YNL265C,0,-0.2958172,0.16147443652153015,0.6790000200271606,0.35260000824928284
YKL018W,YNL152W,0,-0.29598477,0.1614360511302948,0.6790000200271606,0.35269999504089355
YDR424C,YBR294W,0,-0.2961576,0.16139766573905945,0.6790000200271606,0.35280001163482666
YHR101C,YLR157C-B,0,-0.29630423,0.16135931015014648,0.6790000200271606,0.3528999984264374
YGL097W,YNL003C,0,-0.29711777,0.1613209843635559,0.6790000200271606,0.3529999852180481
YDL022W,YDR022C,0,-0.29715216,0.16128265857696533,0.6790000200271606,0.3531000018119812
YHL019C,YJL030W,0,-0.29727057,0.16124436259269714,0.6790000200271606,0.3531999886035919
YIL155C,YEL011W,0,-0.2975906,0.16120608150959015,0.6790000200271606,0.353300005197525
YGR106C,YLR355C,0,-0.29776013,0.16116781532764435,0.6790000200271606,0.35339999198913574
YEL012W,YMR276W,0,-0.29813725,0.16112956404685974,0.6790000200271606,0.35350000858306885
YPL011C,YDR313C,0,-0.29866487,0.16109134256839752,0.6790000200271606,0.35359999537467957
YNL206C,YDL130W-A,0,-0.29871392,0.1610531359910965,0.6790000200271606,0.35370001196861267
YMR281W,YJL033W,0,-0.2988739,0.16101494431495667,0.6790000200271606,0.3537999987602234
YHR211W,YKL096W-A,0,-0.29891315,0.16097676753997803,0.6790000200271606,0.3538999855518341
YPL256C,YNL219C,0,-0.2992947,0.16093860566616058,0.6790000200271606,0.3540000021457672
YOR020C,YHR030C,0,-0.2993408,0.16090047359466553,0.6790000200271606,0.35409998893737793
YPL170W,YLR136C,0,-0.2996559,0.16086235642433167,0.6790000200271606,0.35420000553131104
YLR356W,YFL055W,0,-0.29968503,0.160824254155159,0.6790000200271606,0.35429999232292175
YPR026W,YKL135C,0,-0.3007242,0.16078616678714752,0.6790000200271606,0.35440000891685486
YBL050W,YOR068C,1,-0.300937,0.1609848439693451,0.6800000071525574,0.35440000891685486
YCR068W,YLR439W,0,-0.30119473,0.16094674170017242,0.6800000071525574,0.3544999957084656
YDR069C,YML026C,0,-0.30139408,0.16090865433216095,0.6800000071525574,0.3546000123023987
YOR182C,YMR233W,0,-0.3014695,0.16087059676647186,0.6800000071525574,0.3546999990940094
YDR540C,YOR180C,0,-0.30151066,0.16083253920078278,0.6800000071525574,0.3547999858856201
YBR056W,YML062C,0,-0.30166844,0.16079451143741608,0.6800000071525574,0.3549000024795532
YFR041C,YDR492W,0,-0.30195227,0.16075649857521057,0.6800000071525574,0.35499998927116394
YDL212W,YLR026C,0,-0.30219465,0.16071850061416626,0.6800000071525574,0.35510000586509705
YOR126C,YEL031W,0,-0.30224046,0.16068053245544434,0.6800000071525574,0.35519999265670776
YIR038C,YNL044W,0,-0.30230236,0.1606425642967224,0.6800000071525574,0.35530000925064087
YDR405W,YNL321W,0,-0.30248553,0.16060462594032288,0.6800000071525574,0.3553999960422516
YJL134W,YDR473C,0,-0.30250293,0.16056670248508453,0.6800000071525574,0.3555000126361847
YMR071C,YGR116W,0,-0.302546,0.16052879393100739,0.6800000071525574,0.3555999994277954
YPL237W,YPL002C,0,-0.30284047,0.16049091517925262,0.6800000071525574,0.35569998621940613
YLR187W,YKL090W,0,-0.30384365,0.16045305132865906,0.6800000071525574,0.35580000281333923
YOR311C,YLR350W,0,-0.30403376,0.1604151874780655,0.6800000071525574,0.35589998960494995
YDR079C-A,YJR101W,0,-0.30411887,0.1603773534297943,0.6800000071525574,0.35600000619888306
YER068W,YPR137C-A,0,-0.30447483,0.16033954918384552,0.6800000071525574,0.3560999929904938
YNL073W,YOR211C,0,-0.30460975,0.16030174493789673,0.6800000071525574,0.3562000095844269
YDR293C,YPR140W,0,-0.30469224,0.16026397049427032,0.6800000071525574,0.3562999963760376
YIL138C,YGR056W,0,-0.3049634,0.16022619605064392,0.6800000071525574,0.3564000129699707
YDR012W,YPL192C,0,-0.30504358,0.1601884514093399,0.6800000071525574,0.3564999997615814
YPL118W,YKL213C,0,-0.30511937,0.16015073657035828,0.6800000071525574,0.35659998655319214
YDR363W,YBR079C,0,-0.30526185,0.16011302173137665,0.6800000071525574,0.35670000314712524
YBR109C,YPL019C,1,-0.30529234,0.16031073033809662,0.6809999942779541,0.35670000314712524
YKL146W,YMR061W,0,-0.30540583,0.1602730005979538,0.6809999942779541,0.35679998993873596
YGR179C,YGR059W,0,-0.30590767,0.16023530066013336,0.6809999942779541,0.35690000653266907
YBL085W,YJR082C,0,-0.30615738,0.16019760072231293,0.6809999942779541,0.3569999933242798
YFL008W,YLR242C,0,-0.3064592,0.16015993058681488,0.6809999942779541,0.3571000099182129
YEL064C,YDL112W,0,-0.30655408,0.16012226045131683,0.6809999942779541,0.3571999967098236
YGR038C-A,YCL050C,0,-0.30689085,0.16008462011814117,0.6809999942779541,0.3573000133037567
YHL036W,YNL309W,0,-0.30690625,0.1600470095872879,0.6809999942779541,0.35740000009536743
YNL153C,YBL071W-A,0,-0.30726558,0.16000939905643463,0.6809999942779541,0.35749998688697815
YLR394W,YFR044C,0,-0.30733758,0.15997181832790375,0.6809999942779541,0.35760000348091125
YBR132C,YOL109W,0,-0.3078148,0.15993423759937286,0.6809999942779541,0.357699990272522
YIL070C,YGL077C,0,-0.30792743,0.15989668667316437,0.6809999942779541,0.3578000068664551
YOR167C,YPL112C,0,-0.30793774,0.15985915064811707,0.6809999942779541,0.3578999936580658
YJL029C,YPR137C-B,0,-0.3081258,0.15982164442539215,0.6809999942779541,0.3580000102519989
YMR228W,YDR037W,0,-0.30814394,0.15978413820266724,0.6809999942779541,0.3580999970436096
YGR161C-C,YBR079C,0,-0.30818605,0.1597466617822647,0.6809999942779541,0.3582000136375427
YLR386W,YHR039C-A,1,-0.30824625,0.15994371473789215,0.6819999814033508,0.3582000136375427
YLR332W,YDR294C,0,-0.3082942,0.15990620851516724,0.6819999814033508,0.35830000042915344
YHR008C,YJL159W,0,-0.3083455,0.1598687320947647,0.6819999814033508,0.35839998722076416
YDR294C,YGL237C,0,-0.30852085,0.15983127057552338,0.6819999814033508,0.35850000381469727
YNL106C,YGL044C,0,-0.30858767,0.15979380905628204,0.6819999814033508,0.358599990606308
YHL020C,YBL079W,0,-0.30866227,0.1597563773393631,0.6819999814033508,0.3587000072002411
YHR082C,YPL269W,0,-0.3087107,0.15971897542476654,0.6819999814033508,0.3587999939918518
YDL074C,YPR158C-C,0,-0.3088606,0.15968157351016998,0.6819999814033508,0.3589000105857849
YJL092W,YOR179C,0,-0.3091023,0.1596442013978958,0.6819999814033508,0.35899999737739563
YHR124W,YGL232W,0,-0.30946225,0.15960682928562164,0.6819999814033508,0.35910001397132874
YPL045W,YPL100W,1,-0.30962938,0.15980346500873566,0.6830000281333923,0.35910001397132874
YKL208W,YPL257W-A,0,-0.3097103,0.1597660779953003,0.6830000281333923,0.35920000076293945
YBR123C,YOR125C,0,-0.3098828,0.15972872078418732,0.6830000281333923,0.35929998755455017
YER141W,YDL181W,0,-0.30992573,0.15969137847423553,0.6830000281333923,0.3594000041484833
YNL005C,YNL262W,0,-0.3100108,0.15965405106544495,0.6830000281333923,0.359499990940094
YGR038C-A,YOL031C,0,-0.31007087,0.15961673855781555,0.6830000281333923,0.3596000075340271
YMR231W,YIL138C,1,-0.310289,0.15981309115886688,0.6840000152587891,0.3596000075340271
YKR105C,YJL076W,0,-0.31036255,0.1597757488489151,0.6840000152587891,0.3596999943256378
YOR150W,YEL053C,0,-0.3107031,0.1597384363412857,0.6840000152587891,0.3598000109195709
YJL116C,YOL002C,0,-0.31090623,0.1597011387348175,0.6840000152587891,0.35989999771118164
YGR284C,YMR244C-A,0,-0.31098604,0.1596638709306717,0.6840000152587891,0.36000001430511475
YOR298W,YDR541C,0,-0.3113598,0.15962660312652588,0.6840000152587891,0.36010000109672546
YMR162C,YOR343W-A,0,-0.31145063,0.15958936512470245,0.6840000152587891,0.3601999878883362
YDR381C-A,YBL052C,0,-0.31178844,0.15955212712287903,0.6840000152587891,0.3603000044822693
YPL276W,YBL071W-A,0,-0.31188828,0.159514918923378,0.6840000152587891,0.36039999127388
YGR225W,YJR064W,0,-0.31197974,0.15947774052619934,0.6840000152587891,0.3605000078678131
YNL291C,YDR237W,0,-0.31198514,0.1594405621290207,0.6840000152587891,0.36059999465942383
YFL008W,YLL015W,0,-0.31222373,0.15940339863300323,0.6840000152587891,0.36070001125335693
YGL180W,YNL223W,1,-0.3125384,0.15959925949573517,0.6850000023841858,0.36070001125335693
YPL104W,YGR118W,0,-0.3128599,0.15956208109855652,0.6850000023841858,0.36079999804496765
YOR328W,YAR027W,0,-0.31287616,0.15952491760253906,0.6850000023841858,0.36090001463890076
YNL197C,YHR026W,0,-0.3130886,0.159487783908844,0.6850000023841858,0.3610000014305115
YBR095C,YLR070C,0,-0.31310043,0.15945065021514893,0.6850000023841858,0.3610999882221222
YDR424C,YLR256W-A,0,-0.31331456,0.15941354632377625,0.6850000023841858,0.3612000048160553
YER020W,YDL033C,0,-0.31375223,0.15937645733356476,0.6850000023841858,0.361299991607666
YBL040C,YLR204W,0,-0.3137938,0.15933938324451447,0.6850000023841858,0.3614000082015991
YCR008W,YDL170W,0,-0.313874,0.15930232405662537,0.6850000023841858,0.36149999499320984
YHL033C,YPL228W,0,-0.3139785,0.15926527976989746,0.6850000023841858,0.36160001158714294
YKL046C,YLR439W,0,-0.3141342,0.15922826528549194,0.6850000023841858,0.36169999837875366
YMR067C,YCL026C-A,0,-0.3141766,0.15919126570224762,0.6850000023841858,0.3617999851703644
YCL014W,YGR091W,0,-0.3142547,0.1591542810201645,0.6850000023841858,0.3619000017642975
YLR450W,YKR058W,0,-0.31428778,0.15911731123924255,0.6850000023841858,0.3619999885559082
YEL038W,YJL062W-A,0,-0.3144666,0.1590803563594818,0.6850000023841858,0.3621000051498413
YBR192W,YLR057W,0,-0.31502467,0.15904341638088226,0.6850000023841858,0.362199991941452
YGL255W,YKL096W,0,-0.3150468,0.1590065062046051,0.6850000023841858,0.36230000853538513
YNL293W,YLR210W,0,-0.315047,0.15896959602832794,0.6850000023841858,0.36239999532699585
YOL119C,YOR353C,0,-0.3151838,0.15893271565437317,0.6850000023841858,0.36250001192092896
YEL002C,YLL015W,0,-0.3152578,0.1588958501815796,0.6850000023841858,0.3625999987125397
YOR044W,YML045W-A,0,-0.31564972,0.1588589996099472,0.6850000023841858,0.3626999855041504
YGR154C,YLL043W,0,-0.315688,0.158822163939476,0.6850000023841858,0.3628000020980835
YGR252W,YIR012W,0,-0.31572208,0.15878534317016602,0.6850000023841858,0.3628999888896942
YIL082W-A,YNR036C,0,-0.31600368,0.1587485522031784,0.6850000023841858,0.3630000054836273
YJL051W,YKL017C,0,-0.3160037,0.158711776137352,0.6850000023841858,0.36309999227523804
YPL045W,YBR105C,1,-0.31603503,0.15890665352344513,0.6859999895095825,0.36309999227523804
YPL047W,YBR296C,0,-0.3162913,0.15886984765529633,0.6859999895095825,0.36320000886917114
YDR056C,YBR229C,0,-0.31638443,0.15883305668830872,0.6859999895095825,0.36329999566078186
YMR250W,YPL249C,0,-0.3164343,0.1587962955236435,0.6859999895095825,0.36340001225471497
YHR059W,YKL067W,0,-0.31657386,0.15875954926013947,0.6859999895095825,0.3634999990463257
YKL086W,YOR371C,0,-0.31670082,0.15872281789779663,0.6859999895095825,0.3635999858379364
YGR221C,YMR197C,0,-0.31710058,0.158686101436615,0.6859999895095825,0.3637000024318695
YMR236W,YDL215C,0,-0.3177234,0.15864939987659454,0.6859999895095825,0.3637999892234802
YDL149W,YLR386W,1,-0.31776512,0.15884393453598022,0.6869999766349792,0.3637999892234802
YGR172C,YDR064W,0,-0.31782037,0.15880721807479858,0.6869999766349792,0.36390000581741333
YJL012C,YLR386W,1,-0.31792173,0.15900161862373352,0.6880000233650208,0.36390000581741333
YGR209C,YDR291W,0,-0.3182189,0.15896488726139069,0.6880000233650208,0.36399999260902405
YPL082C,YNR031C,0,-0.31852415,0.15892815589904785,0.6880000233650208,0.36410000920295715
YBL050W,YLR386W,1,-0.31868136,0.15912240743637085,0.6890000104904175,0.36410000920295715
YLR401C,YHR115C,0,-0.3187968,0.15908566117286682,0.6890000104904175,0.36419999599456787
YPL147W,YOR301W,0,-0.31880134,0.15904894471168518,0.6890000104904175,0.364300012588501
YPR041W,YPR021C,0,-0.31882656,0.15901222825050354,0.6890000104904175,0.3643999993801117
YLR391W,YOR386W,0,-0.31901574,0.1589755415916443,0.6890000104904175,0.3644999861717224
YDL109C,YAL058W,0,-0.31921142,0.15893886983394623,0.6890000104904175,0.3646000027656555
YOL071W,YAL055W,0,-0.31928742,0.15890221297740936,0.6890000104904175,0.36469998955726624
YKL171W,YIL042C,0,-0.3193263,0.1588655710220337,0.6890000104904175,0.36480000615119934
YDR403W,YDL130W-A,0,-0.3198113,0.1588289588689804,0.6890000104904175,0.36489999294281006
YNR008W,YDL147W,0,-0.32022816,0.15879234671592712,0.6890000104904175,0.36500000953674316
YLR005W,YMR295C,0,-0.32034016,0.15875576436519623,0.6890000104904175,0.3650999963283539
YPR158C-D,YOR215C,0,-0.32041794,0.15871918201446533,0.6890000104904175,0.365200012922287
YIL048W,YHR174W,1,-0.32044622,0.15891294181346893,0.6899999976158142,0.365200012922287
YOR167C,YJR126C,0,-0.32071084,0.15887635946273804,0.6899999976158142,0.3652999997138977
YEL052W,YNL242W,0,-0.3209623,0.15883977711200714,0.6899999976158142,0.3653999865055084
YKL015W,YFL045C,0,-0.321011,0.15880322456359863,0.6899999976158142,0.36550000309944153
YLL002W,YBR199W,0,-0.32104987,0.15876668691635132,0.6899999976158142,0.36559998989105225
YOL070C,YHR011W,0,-0.32112217,0.1587301641702652,0.6899999976158142,0.36570000648498535
YKL103C,YNL124W,0,-0.32115424,0.15869365632534027,0.6899999976158142,0.36579999327659607
YMR278W,YGL014W,0,-0.32153705,0.15865716338157654,0.6899999976158142,0.3659000098705292
YPR022C,YGL090W,0,-0.32167625,0.158620685338974,0.6899999976158142,0.3659999966621399
YGR084C,YDR421W,0,-0.32181138,0.15858423709869385,0.6899999976158142,0.366100013256073
YNL282W,YLR341W,0,-0.32184446,0.1585477888584137,0.6899999976158142,0.3662000000476837
YKL210W,YML063W,0,-0.3218486,0.15851137042045593,0.6899999976158142,0.36629998683929443
YJL113W,YOR194C,0,-0.32193083,0.15847496688365936,0.6899999976158142,0.36640000343322754
YER039C,YMR302C,0,-0.32213748,0.158438578248024,0.6899999976158142,0.36649999022483826
YKL125W,YLR186W,0,-0.32223654,0.1584022045135498,0.6899999976158142,0.36660000681877136
YNL098C,YMR276W,0,-0.32239515,0.15836584568023682,0.6899999976158142,0.3666999936103821
YMR188C,YLR071C,0,-0.32247186,0.15832950174808502,0.6899999976158142,0.3668000102043152
YOR371C,YNR043W,0,-0.32248628,0.15829318761825562,0.6899999976158142,0.3668999969959259
YKL140W,YPR102C,0,-0.3225674,0.1582568734884262,0.6899999976158142,0.367000013589859
YFL002W-A,YHR013C,0,-0.32272843,0.1582205891609192,0.6899999976158142,0.3671000003814697
YOR328W,YMR250W,0,-0.3228705,0.15818431973457336,0.6899999976158142,0.36719998717308044
YKL061W,YNR070W,0,-0.32295036,0.15814806520938873,0.6899999976158142,0.36730000376701355
YHR057C,YDL181W,0,-0.32303905,0.1581118255853653,0.6899999976158142,0.36739999055862427
YIR032C,YGR027W-A,0,-0.32313654,0.15807560086250305,0.6899999976158142,0.3675000071525574
YIL138C,YLR386W,1,-0.3232569,0.15826843678951263,0.6909999847412109,0.3675000071525574
YDL059C,YJL151C,0,-0.3234303,0.1582321971654892,0.6909999847412109,0.3675999939441681
YDR214W,YLR204W,0,-0.32372567,0.15819597244262695,0.6909999847412109,0.3677000105381012
YHR041C,YDR090C,0,-0.3238388,0.1581597626209259,0.6909999847412109,0.3677999973297119
YGL029W,YIR017C,0,-0.3238603,0.15812356770038605,0.6909999847412109,0.367900013923645
YMR179W,YHR084W,0,-0.32388064,0.15808738768100739,0.6909999847412109,0.36800000071525574
YMR289W,YGL059W,0,-0.32396057,0.1580512374639511,0.6909999847412109,0.36809998750686646
YNL248C,YPL015C,0,-0.32400763,0.15801508724689484,0.6909999847412109,0.36820000410079956
YJL025W,YNL315C,0,-0.32430118,0.15797896683216095,0.6909999847412109,0.3682999908924103
YIL015W,YPL007C,0,-0.32445264,0.15794286131858826,0.6909999847412109,0.3684000074863434
YJL060W,YLR013W,0,-0.3244781,0.15790677070617676,0.6909999847412109,0.3684999942779541
YJL100W,YGR251W,0,-0.32458293,0.15787069499492645,0.6909999847412109,0.3686000108718872
YKR105C,YPL087W,0,-0.3247442,0.15783463418483734,0.6909999847412109,0.3686999976634979
YNL138W,YFL002W-B,0,-0.3248004,0.15779858827590942,0.6909999847412109,0.36880001425743103
YPR135W,YDR252W,0,-0.3248046,0.1577625572681427,0.6909999847412109,0.36890000104904175
YMR273C,YHR172W,0,-0.32490292,0.15772654116153717,0.6909999847412109,0.36899998784065247
YJR161C,YKL101W,0,-0.32508987,0.15769055485725403,0.6909999847412109,0.36910000443458557
YIR018W,YCR093W,0,-0.3255378,0.1576545685529709,0.6909999847412109,0.3691999912261963
YIL027C,YPR063C,0,-0.32606745,0.15761861205101013,0.6909999847412109,0.3693000078201294
YMR314W,YBL041W,0,-0.3263053,0.15758267045021057,0.6909999847412109,0.3693999946117401
YBR176W,YOR337W,0,-0.32692528,0.1575467437505722,0.6909999847412109,0.3695000112056732
YPL202C,YPL068C,0,-0.32738358,0.15751083195209503,0.6909999847412109,0.36959999799728394
YMR060C,YDL213C,0,-0.3274342,0.15747493505477905,0.6909999847412109,0.36970001459121704
YBL027W,YDR134C,0,-0.32757485,0.15743905305862427,0.6909999847412109,0.36980000138282776
YNR072W,YCL038C,0,-0.32769126,0.15740318596363068,0.6909999847412109,0.3698999881744385
YBL016W,YMR164C,0,-0.32775837,0.15736734867095947,0.6909999847412109,0.3700000047683716
YGL216W,YJR053W,0,-0.32811987,0.15733151137828827,0.6909999847412109,0.3700999915599823
YJL103C,YOR381W,0,-0.3282804,0.15729570388793945,0.6909999847412109,0.3702000081539154
YDL184C,YOL138C,0,-0.32837147,0.15725989639759064,0.6909999847412109,0.3702999949455261
YEL027W,YNL326C,1,-0.32839906,0.15745164453983307,0.6919999718666077,0.3702999949455261
YNL217W,YCR089W,0,-0.32865146,0.15741583704948425,0.6919999718666077,0.37040001153945923
YGL113W,YDL061C,0,-0.32868642,0.15738002955913544,0.6919999718666077,0.37049999833106995
YPR006C,YCR071C,0,-0.32869995,0.157344251871109,0.6919999718666077,0.37059998512268066
YIL132C,YHR001W,0,-0.32871485,0.15730847418308258,0.6919999718666077,0.37070000171661377
YGR215W,YMR046C,0,-0.3289941,0.15727272629737854,0.6919999718666077,0.3707999885082245
YEL013W,YPL100W,1,-0.3293031,0.15746420621871948,0.6930000185966492,0.3707999885082245
YLR421C,YPR113W,0,-0.32935843,0.15742844343185425,0.6930000185966492,0.3709000051021576
YHR187W,YMR186W,0,-0.32938308,0.157392680644989,0.6930000185966492,0.3709999918937683
YBR177C,YKR020W,0,-0.32956192,0.15735694766044617,0.6930000185966492,0.3711000084877014
YDR218C,YDL025C,0,-0.32968107,0.15732122957706451,0.6930000185966492,0.37119999527931213
YJL124C,YGR279C,0,-0.32988858,0.15728552639484406,0.6930000185966492,0.37130001187324524
YPL213W,YNL331C,0,-0.3300135,0.1572498232126236,0.6930000185966492,0.37139999866485596
YLR157C-A,YFL066C,0,-0.33019683,0.15721414983272552,0.6930000185966492,0.3714999854564667
YGR068C,YPL007C,0,-0.33023363,0.15717849135398865,0.6930000185966492,0.3716000020503998
YER048W-A,YPL012W,0,-0.33044297,0.15714286267757416,0.6930000185966492,0.3716999888420105
YNL242W,YNL054W,1,-0.3305551,0.15733394026756287,0.6940000057220459,0.3716999888420105
YDL110C,YNL241C,0,-0.33080602,0.157298281788826,0.6940000057220459,0.3718000054359436
YLL001W,YAL025C,0,-0.330893,0.1572626382112503,0.6940000057220459,0.3718999922275543
YHR061C,YIL121W,0,-0.33092266,0.15722700953483582,0.6940000057220459,0.3720000088214874
YDR034C-C,YOR043W,0,-0.3310141,0.15719139575958252,0.6940000057220459,0.37209999561309814
YLR325C,YPL007C,0,-0.3310934,0.15715579688549042,0.6940000057220459,0.37220001220703125
YDR130C,YDR297W,0,-0.3311193,0.1571202129125595,0.6940000057220459,0.37229999899864197
YEL056W,YOL136C,0,-0.33143538,0.157084658741951,0.6940000057220459,0.3723999857902527
YNR060W,YPR137C-B,0,-0.33155704,0.15704910457134247,0.6940000057220459,0.3725000023841858
YHR092C,YBR097W,0,-0.33157524,0.15701358020305634,0.6940000057220459,0.3725999891757965
YJR065C,YOL075C,0,-0.3315947,0.1569780558347702,0.6940000057220459,0.3727000057697296
YFR046C,YPL212C,0,-0.33167353,0.15694256126880646,0.6940000057220459,0.37279999256134033
YMR266W,YIL067C,0,-0.3318343,0.1569070816040039,0.6940000057220459,0.37290000915527344
YPL022W,YPL236C,0,-0.33190915,0.15687161684036255,0.6940000057220459,0.37299999594688416
YKL127W,YDL030W,0,-0.33224472,0.1568361520767212,0.6940000057220459,0.37310001254081726
YOR037W,YMR117C,0,-0.33273286,0.15680071711540222,0.6940000057220459,0.373199999332428
YER172C,YDL208W,0,-0.3327756,0.15676529705524445,0.6940000057220459,0.3732999861240387
YGR200C,YOL104C,0,-0.3328375,0.15672990679740906,0.6940000057220459,0.3734000027179718
YAR031W,YJL122W,0,-0.33287385,0.15669451653957367,0.6940000057220459,0.3734999895095825
YGL055W,YLR237W,0,-0.33315,0.15665914118289948,0.6940000057220459,0.3736000061035156
YEL027W,YDR080W,1,-0.333165,0.1568494737148285,0.6949999928474426,0.3736000061035156
YMR049C,YER019W,0,-0.33332264,0.1568140834569931,0.6949999928474426,0.37369999289512634
YPR096C,YNL095C,0,-0.33347046,0.1567787081003189,0.6949999928474426,0.37380000948905945
YMR039C,YBL042C,0,-0.33354217,0.1567433476448059,0.6949999928474426,0.37389999628067017
YIR022W,YOL043C,0,-0.33361074,0.1567080020904541,0.6949999928474426,0.37400001287460327
YGL158W,YKL096W,0,-0.33374453,0.1566726714372635,0.6949999928474426,0.374099999666214
YMR203W,YOL152W,0,-0.3338943,0.15663737058639526,0.6949999928474426,0.3741999864578247
YLR424W,YGR256W,0,-0.33399373,0.15660206973552704,0.6949999928474426,0.3743000030517578
YGL083W,YGL106W,0,-0.33402488,0.1565667986869812,0.6949999928474426,0.37439998984336853
YML054C,YHR069C,0,-0.3340667,0.15653152763843536,0.6949999928474426,0.37450000643730164
YLR027C,YER115C,0,-0.33421248,0.15649628639221191,0.6949999928474426,0.37459999322891235
YPL268W,YLL050C,0,-0.33437324,0.15646106004714966,0.6949999928474426,0.37470000982284546
YBR042C,YPL164C,0,-0.3344426,0.1564258337020874,0.6949999928474426,0.3747999966144562
YNL079C,YDR080W,1,-0.3345127,0.15661565959453583,0.6959999799728394,0.3747999966144562
YMR268C,YLR446W,0,-0.33476654,0.15658043324947357,0.6959999799728394,0.3749000132083893
YMR043W,YIL170W,0,-0.3348915,0.15654520690441132,0.6959999799728394,0.375
YDR084C,YML118W,0,-0.3350485,0.15651001036167145,0.6959999799728394,0.3750999867916107
YDR470C,YPR094W,0,-0.3350646,0.15647481381893158,0.6959999799728394,0.3752000033855438
YBR276C,YLR225C,0,-0.3351047,0.1564396470785141,0.6959999799728394,0.37529999017715454
YNL119W,YIL140W,0,-0.3351716,0.1564044952392578,0.6959999799728394,0.37540000677108765
YLR191W,YOR128C,0,-0.33522153,0.15636935830116272,0.6959999799728394,0.37549999356269836
YBL101C,YMR316W,0,-0.3352651,0.15633423626422882,0.6959999799728394,0.37560001015663147
YBR105C,YDR495C,1,-0.3354017,0.1565236896276474,0.6970000267028809,0.37560001015663147
YER042W,YHR072W-A,0,-0.33549476,0.1564885526895523,0.6970000267028809,0.3756999969482422
YNR039C,YPR082C,0,-0.33592123,0.15645341575145721,0.6970000267028809,0.3758000135421753
YEL012W,YLR209C,0,-0.33636224,0.1564183086156845,0.6970000267028809,0.375900000333786
YNL231C,YBR052C,0,-0.3366872,0.156383216381073,0.6970000267028809,0.37599998712539673
YMR119W,YCR034W,0,-0.33707526,0.15634813904762268,0.6970000267028809,0.37610000371932983
YER046W,YNL096C,0,-0.33717966,0.15631307661533356,0.6970000267028809,0.37619999051094055
YGL055W,YBR260C,0,-0.33723843,0.15627802908420563,0.6970000267028809,0.37630000710487366
YGL172W,YCR028C-A,0,-0.3372802,0.1562429964542389,0.6970000267028809,0.3763999938964844
YOR149C,YDR170W-A,0,-0.33732355,0.15620797872543335,0.6970000267028809,0.3765000104904175
YJR055W,YJL225C,0,-0.33746353,0.156172975897789,0.6970000267028809,0.3765999972820282
YHL032C,YDR170W-A,0,-0.337524,0.15613798797130585,0.6970000267028809,0.3767000138759613
YGR215W,YDR388W,0,-0.33759725,0.15610302984714508,0.6970000267028809,0.376800000667572
YPL085W,YPL170W,0,-0.33854747,0.15606807172298431,0.6970000267028809,0.37689998745918274
YGL038C,YDR119W,0,-0.33904594,0.15603312849998474,0.6970000267028809,0.37700000405311584
YLL062C,YGR179C,0,-0.33906573,0.15599821507930756,0.6970000267028809,0.37709999084472656
YGR264C,YPR140W,0,-0.3393304,0.15596330165863037,0.6970000267028809,0.37720000743865967
YFL054C,YER162C,0,-0.3393708,0.15592841804027557,0.6970000267028809,0.3772999942302704
YOL013C,YGR172C,0,-0.33958545,0.15589353442192078,0.6970000267028809,0.3774000108242035
YJL010C,YGL010W,0,-0.3396827,0.15585868060588837,0.6970000267028809,0.3774999976158142
YOR017W,YMR272C,0,-0.33971158,0.15582382678985596,0.6970000267028809,0.3776000142097473
YLR325C,YDR507C,0,-0.33989835,0.15578900277614594,0.6970000267028809,0.37770000100135803
YBR179C,YGR059W,0,-0.34030914,0.1557541936635971,0.6970000267028809,0.37779998779296875
YOR007C,YPR191W,0,-0.34037185,0.15571939945220947,0.6970000267028809,0.37790000438690186
YDR538W,YGR292W,0,-0.3404956,0.15568460524082184,0.6970000267028809,0.3779999911785126
YJL019W,YJL213W,0,-0.34052837,0.1556498408317566,0.6970000267028809,0.3781000077724457
YIR032C,YNL315C,0,-0.3408506,0.15561509132385254,0.6970000267028809,0.3781999945640564
YHR112C,YPL257W-B,0,-0.34087667,0.15558035671710968,0.6970000267028809,0.3783000111579895
YGL180W,YAL002W,1,-0.34097403,0.15576879680156708,0.6980000138282776,0.3783000111579895
YMR162C,YDR520C,0,-0.34106228,0.15573404729366302,0.6980000138282776,0.3783999979496002
YDR247W,YKL010C,0,-0.34109598,0.15569931268692017,0.6980000138282776,0.3785000145435333
YPR028W,YDR444W,0,-0.34176546,0.1556645780801773,0.6980000138282776,0.37860000133514404
YPL079W,YLR158C,0,-0.34177384,0.15562987327575684,0.6980000138282776,0.37869998812675476
YGR074W,YDR508C,0,-0.3419997,0.15559518337249756,0.6980000138282776,0.37880000472068787
YNL280C,YCL019W,0,-0.34202626,0.15556050837039948,0.6980000138282776,0.3788999915122986
YIL066C,YEL021W,0,-0.34207135,0.15552584826946259,0.6980000138282776,0.3790000081062317
YER126C,YDL215C,0,-0.34253168,0.1554912030696869,0.6980000138282776,0.3790999948978424
YER130C,YDL179W,0,-0.34311402,0.1554565727710724,0.6980000138282776,0.3792000114917755
YOR299W,YER122C,0,-0.34344977,0.15542195737361908,0.6980000138282776,0.37929999828338623
YLR386W,YNL223W,1,-0.34380177,0.15560998022556305,0.6990000009536743,0.37929999828338623
YDL107W,YDL112W,0,-0.34402263,0.15557533502578735,0.6990000009536743,0.37940001487731934
YFL036W,YOL019W,0,-0.34426212,0.15554071962833405,0.6990000009536743,0.37950000166893005
YOR210W,YGL121C,0,-0.34532467,0.15550611913204193,0.6990000009536743,0.37959998846054077
YGL206C,YLR373C,0,-0.34575585,0.155471533536911,0.6990000009536743,0.3797000050544739
YMR115W,YML091C,0,-0.34585804,0.15543696284294128,0.6990000009536743,0.3797999918460846
YDR507C,YGL079W,0,-0.34603846,0.15540240705013275,0.6990000009536743,0.3799000084400177
YPL271W,YNL331C,0,-0.34618995,0.1553678661584854,0.6990000009536743,0.3799999952316284
YNR004W,YDR488C,0,-0.34622836,0.15533334016799927,0.6990000009536743,0.3801000118255615
YDR540C,YJL050W,0,-0.3463797,0.15529882907867432,0.6990000009536743,0.38019999861717224
YMR307W,YLR154C,0,-0.34690323,0.15526433289051056,0.6990000009536743,0.38029998540878296
YJL116C,YKR092C,0,-0.3474295,0.155229851603508,0.6990000009536743,0.38040000200271606
YDR338C,YGL037C,0,-0.34747133,0.15519538521766663,0.6990000009536743,0.3804999887943268
YDR177W,YNR043W,0,-0.3476682,0.15516093373298645,0.6990000009536743,0.3806000053882599
YPL151C,YPR102C,0,-0.3477264,0.15512649714946747,0.6990000009536743,0.3806999921798706
YHR064C,YBL021C,0,-0.34775332,0.15509207546710968,0.6990000009536743,0.3808000087738037
YDR116C,YOR151C,0,-0.34813428,0.15505766868591309,0.6990000009536743,0.38089999556541443
YDR341C,YBR166C,0,-0.34820434,0.15502329170703888,0.6990000009536743,0.38100001215934753
YLR286C,YNR067C,0,-0.34825256,0.15498891472816467,0.6990000009536743,0.38109999895095825
YPR127W,YPR164W,0,-0.34829006,0.15495455265045166,0.6990000009536743,0.38119998574256897
YGR034W,YOR197W,0,-0.3483198,0.15492020547389984,0.6990000009536743,0.3813000023365021
YNL330C,YOL086C,0,-0.3486306,0.1548858880996704,0.6990000009536743,0.3813999891281128
YGR241C,YDR242W,0,-0.3486998,0.15485157072544098,0.6990000009536743,0.3815000057220459
YIL078W,YML121W,0,-0.34871012,0.15481728315353394,0.6990000009536743,0.3815999925136566
YDL174C,YLR272C,0,-0.3488052,0.1547829955816269,0.6990000009536743,0.3817000091075897
YOR070C,YKL067W,0,-0.34890628,0.15474872291088104,0.6990000009536743,0.38179999589920044
YKL113C,YDR074W,0,-0.34905738,0.15471448004245758,0.6990000009536743,0.38190001249313354
YOR096W,YPL078C,0,-0.34922695,0.15468023717403412,0.6990000009536743,0.38199999928474426
YMR089C,YER183C,0,-0.34973,0.15464602410793304,0.6990000009536743,0.382099986076355
YDR170W-A,YMR171C,0,-0.34973618,0.15461181104183197,0.6990000009536743,0.3822000026702881
YIL162W,YAL039C,0,-0.34987035,0.15457762777805328,0.6990000009536743,0.3822999894618988
YGR225W,YPR022C,0,-0.34988374,0.1545434445142746,0.6990000009536743,0.3824000060558319
YNL079C,YOR068C,1,-0.35008007,0.15473031997680664,0.699999988079071,0.3824000060558319
YDR387C,YMR056C,0,-0.3502266,0.15469613671302795,0.699999988079071,0.3824999928474426
YCR024C-A,YLR371W,0,-0.35043406,0.15466195344924927,0.699999988079071,0.38260000944137573
YLR148W,YBR217W,1,-0.35081476,0.15484867990016937,0.7009999752044678,0.38260000944137573
YDR420W,YDL202W,0,-0.35103393,0.1548144817352295,0.7009999752044678,0.38269999623298645
YNL225C,YGL229C,0,-0.35118324,0.1547802984714508,0.7009999752044678,0.38280001282691956
YGR154C,YKL091C,0,-0.35132003,0.1547461301088333,0.7009999752044678,0.3828999996185303
YPR186C,YGR288W,0,-0.35169503,0.1547119915485382,0.7009999752044678,0.382999986410141
YDL174C,YCL026C-A,0,-0.35194904,0.1546778529882431,0.7009999752044678,0.3831000030040741
YGR012W,YFR029W,0,-0.35201848,0.1546437293291092,0.7009999752044678,0.3831999897956848
YCR030C,YGL086W,0,-0.3521043,0.15460962057113647,0.7009999752044678,0.3833000063896179
YLR213C,YBR235W,0,-0.35229346,0.15457552671432495,0.7009999752044678,0.38339999318122864
YJR051W,YOR298C-A,0,-0.35241327,0.15454144775867462,0.7009999752044678,0.38350000977516174
YPL096W,YKR097W,0,-0.35301194,0.15450738370418549,0.7009999752044678,0.38359999656677246
YDR477W,YDR137W,0,-0.3532079,0.15447333455085754,0.7009999752044678,0.38370001316070557
YDL149W,YHR174W,1,-0.35350892,0.15465961396694183,0.7020000219345093,0.38370001316070557
YGL212W,YLR396C,1,-0.35357052,0.15484581887722015,0.703000009059906,0.38370001316070557
YLR427W,YOR133W,0,-0.35373783,0.15481171011924744,0.703000009059906,0.3837999999523163
YLR040C,YJL213W,0,-0.35411155,0.1547776311635971,0.703000009059906,0.383899986743927
YEL061C,YDR261W-B,0,-0.35432628,0.15474356710910797,0.703000009059906,0.3840000033378601
YOR044W,YNR041C,0,-0.3543689,0.15470950305461884,0.703000009059906,0.3840999901294708
YJR051W,YBL042C,0,-0.35456133,0.1546754688024521,0.703000009059906,0.38420000672340393
YPL045W,YMR231W,1,-0.35506016,0.1548614203929901,0.7039999961853027,0.38420000672340393
YNL086W,YHL009W-B,0,-0.35512346,0.15482735633850098,0.7039999961853027,0.38429999351501465
YNR020C,YHR017W,0,-0.35592216,0.15479332208633423,0.7039999961853027,0.38440001010894775
YML012W,YPL032C,0,-0.35594338,0.15475928783416748,0.7039999961853027,0.38449999690055847
YMR168C,YJL080C,0,-0.35594723,0.15472526848316193,0.7039999961853027,0.3846000134944916
YMR198W,YBR199W,0,-0.35643026,0.15469127893447876,0.7039999961853027,0.3847000002861023
YPL283C,YER049W,0,-0.35665584,0.1546572893857956,0.7039999961853027,0.384799987077713
YFR036W,YDR315C,0,-0.35714877,0.15462332963943481,0.7039999961853027,0.3849000036716461
YCL033C,YPR158C-D,0,-0.35722744,0.15458936989307404,0.7039999961853027,0.38499999046325684
YHR072W,YAL010C,0,-0.357241,0.15455543994903564,0.7039999961853027,0.38510000705718994
YBR109C,YPL100W,1,-0.35725015,0.15474100410938263,0.7049999833106995,0.38510000705718994
YAL034W-A,YAL040C,0,-0.3573858,0.15470704436302185,0.7049999833106995,0.38519999384880066
YGR072W,YGR006W,0,-0.35779005,0.15467309951782227,0.7049999833106995,0.38530001044273376
YDL161W,YNL152W,0,-0.35874844,0.15463916957378387,0.7049999833106995,0.3853999972343445
YGL048C,YNL272C,0,-0.35918194,0.15460526943206787,0.7049999833106995,0.3855000138282776
YGR186W,YDR261W-A,0,-0.3593397,0.15457136929035187,0.7049999833106995,0.3856000006198883
YOR096W,YOR022C,0,-0.3594544,0.15453748404979706,0.7049999833106995,0.385699987411499
YIR032C,YPR031W,0,-0.3596054,0.15450361371040344,0.7049999833106995,0.38580000400543213
YLR289W,YOL071W,0,-0.35960656,0.15446975827217102,0.7049999833106995,0.38589999079704285
YOR301W,YAL001C,0,-0.3599007,0.154435932636261,0.7049999833106995,0.38600000739097595
YAL016W,YPL188W,0,-0.3602001,0.15440210700035095,0.7049999833106995,0.38609999418258667
YJL192C,YML045W-A,0,-0.36032498,0.1543682962656021,0.7049999833106995,0.3862000107765198
YHL004W,YNL301C,0,-0.36085165,0.15433450043201447,0.7049999833106995,0.3862999975681305
YOL072W,YAL033W,0,-0.3612922,0.154300719499588,0.7049999833106995,0.3864000141620636
YFL002W-A,YDR380W,0,-0.36195624,0.15426695346832275,0.7049999833106995,0.3865000009536743
YGR092W,YLR192C,0,-0.36197037,0.1542332023382187,0.7049999833106995,0.38659998774528503
YNL067W,YJR151C,0,-0.36212304,0.154199481010437,0.7049999833106995,0.38670000433921814
YNL078W,YMR058W,0,-0.36215132,0.15416575968265533,0.7049999833106995,0.38679999113082886
YBR240C,YNL329C,0,-0.36232275,0.15413205325603485,0.7049999833106995,0.38690000772476196
YDL150W,YML022W,0,-0.36242375,0.15409836173057556,0.7049999833106995,0.3869999945163727
YML110C,YOR020C,0,-0.3625003,0.15406468510627747,0.7049999833106995,0.3871000111103058
YGR106C,YOR198C,0,-0.36274138,0.15403102338314056,0.7049999833106995,0.3871999979019165
YBR021W,YJR126C,0,-0.36275265,0.15399737656116486,0.7049999833106995,0.3873000144958496
YPL265W,YDR393W,0,-0.3629115,0.15396374464035034,0.7049999833106995,0.3874000012874603
YFL036W,YNL085W,0,-0.36303556,0.15393012762069702,0.7049999833106995,0.38749998807907104
YPL042C,YPR102C,0,-0.36320496,0.1538965255022049,0.7049999833106995,0.38760000467300415
YGL037C,YLL023C,0,-0.363504,0.15386293828487396,0.7049999833106995,0.38769999146461487
YDR288W,YPL084W,0,-0.36380094,0.15382936596870422,0.7049999833106995,0.387800008058548
YOL038W,YOL077W-A,0,-0.36389312,0.15379580855369568,0.7049999833106995,0.3878999948501587
YCR077C,YNL258C,0,-0.36392713,0.15376226603984833,0.7049999833106995,0.3880000114440918
YIL097W,YDL126C,0,-0.36393464,0.15372873842716217,0.7049999833106995,0.3880999982357025
YOR071C,YLR016C,0,-0.3641141,0.1536952257156372,0.7049999833106995,0.3882000148296356
YPL045W,YLR431C,1,-0.3643559,0.15387968719005585,0.7059999704360962,0.3882000148296356
YHR115C,YHL016C,0,-0.36448395,0.1538461595773697,0.7059999704360962,0.38830000162124634
YML066C,YGL059W,0,-0.3645026,0.15381263196468353,0.7059999704360962,0.38839998841285706
YDR354W,YKR046C,0,-0.36462492,0.15377913415431976,0.7059999704360962,0.38850000500679016
YGL122C,YFL034C-A,0,-0.36475772,0.1537456512451172,0.7059999704360962,0.3885999917984009
YKR071C,YPR028W,0,-0.36484674,0.1537121683359146,0.7059999704360962,0.388700008392334
YDR096W,YNL075W,0,-0.36487356,0.15367871522903442,0.7059999704360962,0.3887999951839447
YOR092W,YGR264C,0,-0.3651467,0.15364526212215424,0.7059999704360962,0.3889000117778778
YDR186C,YHL007C,0,-0.36516276,0.15361183881759644,0.7059999704360962,0.3889999985694885
YOR138C,YBL046W,0,-0.3651718,0.15357841551303864,0.7059999704360962,0.38909998536109924
YMR119W,YJL081C,0,-0.36561573,0.15354502201080322,0.7059999704360962,0.38920000195503235
YNL271C,YLR172C,0,-0.36561757,0.1535116285085678,0.7059999704360962,0.38929998874664307
YER088C,YDR415C,0,-0.36562243,0.15347826480865479,0.7059999704360962,0.38940000534057617
YMR119W,YOR171C,0,-0.36572668,0.15344490110874176,0.7059999704360962,0.3894999921321869
YFL034C-B,YPL084W,0,-0.365966,0.15341156721115112,0.7059999704360962,0.38960000872612
YBR082C,YPL015C,0,-0.36609465,0.15337823331356049,0.7059999704360962,0.3896999955177307
YKL164C,YNR036C,0,-0.36612737,0.15334491431713104,0.7059999704360962,0.3898000121116638
YOL119C,YLR424W,0,-0.36640573,0.153311625123024,0.7059999704360962,0.38989999890327454
YGR059W,YLR160C,0,-0.36643857,0.15327833592891693,0.7059999704360962,0.38999998569488525
YER008C,YJL072C,0,-0.36651307,0.15324506163597107,0.7059999704360962,0.39010000228881836
YPL129W,YJL028W,0,-0.36666662,0.1532118022441864,0.7059999704360962,0.3901999890804291
YJR159W,YDL181W,0,-0.36671656,0.15317855775356293,0.7059999704360962,0.3903000056743622
YDR389W,YCL004W,0,-0.3670955,0.15314534306526184,0.7059999704360962,0.3903999924659729
YMR154C,YML024W,0,-0.36713582,0.15311212837696075,0.7059999704360962,0.390500009059906
YEL027W,YAL040C,1,-0.36723256,0.15329575538635254,0.7070000171661377,0.390500009059906
YDL174C,YLR371W,0,-0.36725944,0.15326252579689026,0.7070000171661377,0.3905999958515167
YDR096W,YMR235C,0,-0.36756006,0.15322929620742798,0.7070000171661377,0.39070001244544983
YCR026C,YDR518W,0,-0.3682597,0.15319609642028809,0.7070000171661377,0.39079999923706055
YLR148W,YAL002W,1,-0.36862487,0.15337954461574554,0.7080000042915344,0.39079999923706055
YLR097C,YAL029C,0,-0.36873242,0.15334632992744446,0.7080000042915344,0.39089998602867126
YCR060W,YNL163C,0,-0.36946777,0.15331311523914337,0.7080000042915344,0.39100000262260437
YDR186C,YPR041W,0,-0.36967686,0.15327993035316467,0.7080000042915344,0.3910999894142151
YNL079C,YNL054W,1,-0.36973074,0.1534631997346878,0.7089999914169312,0.3910999894142151
YNL307C,YCR008W,0,-0.37008554,0.1534299999475479,0.7089999914169312,0.3912000060081482
YHR215W,YBR128C,0,-0.37015328,0.15339680016040802,0.7089999914169312,0.3912999927997589
YGR209C,YBL045C,0,-0.37016803,0.15336361527442932,0.7089999914169312,0.391400009393692
YLL038C,YIL170W,0,-0.37022072,0.15333044528961182,0.7089999914169312,0.39149999618530273
YFL004W,YJL019W,0,-0.3705477,0.1532972902059555,0.7089999914169312,0.39160001277923584
YGR258C,YDR236C,0,-0.37078393,0.15326416492462158,0.7089999914169312,0.39169999957084656
YLR307W,YKR020W,0,-0.3711242,0.15323103964328766,0.7089999914169312,0.3917999863624573
YMR078C,YBR264C,0,-0.37147796,0.15319792926311493,0.7089999914169312,0.3919000029563904
YMR278W,YAL060W,0,-0.37154788,0.1531648337841034,0.7089999914169312,0.3919999897480011
YJL177W,YFL021W,0,-0.37186232,0.15313175320625305,0.7089999914169312,0.3921000063419342
YPR005C,YPL187W,0,-0.37196696,0.1530986875295639,0.7089999914169312,0.3921999931335449
YPR138C,YAL053W,0,-0.37205392,0.15306563675403595,0.7089999914169312,0.392300009727478
YML131W,YGR161W-B,0,-0.37212244,0.153032585978508,0.7089999914169312,0.39239999651908875
YMR280C,YLR316C,0,-0.3722652,0.15299956500530243,0.7089999914169312,0.39250001311302185
YGL191W,YML015C,0,-0.3725282,0.15296655893325806,0.7089999914169312,0.39259999990463257
YJR101W,YER073W,0,-0.3728612,0.15293356776237488,0.7089999914169312,0.3926999866962433
YBL092W,YDL084W,0,-0.37286955,0.1529005765914917,0.7089999914169312,0.3928000032901764
YFR006W,YKL126W,0,-0.37292933,0.1528676152229309,0.7089999914169312,0.3928999900817871
YBL113C,YKL022C,0,-0.37321198,0.1528346687555313,0.7089999914169312,0.3930000066757202
YLR229C,YNL035C,0,-0.37337664,0.1528017222881317,0.7089999914169312,0.39309999346733093
YDR104C,YKL222C,0,-0.37339112,0.1527688056230545,0.7089999914169312,0.39320001006126404
YBR127C,YBR073W,0,-0.3737346,0.1527358889579773,0.7089999914169312,0.39329999685287476
YMR115W,YER180C,0,-0.37398633,0.15270298719406128,0.7089999914169312,0.39340001344680786
YCL059C,YER048W-A,0,-0.37414104,0.15267011523246765,0.7089999914169312,0.3935000002384186
YER130C,YGL022W,0,-0.3741683,0.15263724327087402,0.7089999914169312,0.3935999870300293
YDR495C,YNL326C,1,-0.37450826,0.15281963348388672,0.7099999785423279,0.3935999870300293
YKL210W,YOL075C,0,-0.37461108,0.1527867466211319,0.7099999785423279,0.3937000036239624
YOR312C,YPR182W,0,-0.37481153,0.15275387465953827,0.7099999785423279,0.3937999904155731
YNL321W,YGR009C,0,-0.37511626,0.15272101759910583,0.7099999785423279,0.3939000070095062
YMR090W,YER117W,0,-0.3753311,0.1526881754398346,0.7099999785423279,0.39399999380111694
YEL020C,YOL089C,0,-0.37645042,0.15265534818172455,0.7099999785423279,0.39410001039505005
YGL174W,YLR205C,0,-0.37645644,0.1526225209236145,0.7099999785423279,0.39419999718666077
YIL070C,YDL121C,0,-0.37652844,0.15258972346782684,0.7099999785423279,0.39430001378059387
YEL034W,YGL010W,0,-0.37671345,0.15255694091320038,0.7099999785423279,0.3944000005722046
YGR109C,YLR357W,0,-0.37691036,0.1525241732597351,0.7099999785423279,0.3944999873638153
YIL080W,YLR359W,0,-0.37734768,0.15249140560626984,0.7099999785423279,0.3946000039577484
YDR226W,YDL054C,0,-0.37759885,0.15245866775512695,0.7099999785423279,0.39469999074935913
YCL033C,YKL007W,0,-0.37760037,0.15242592990398407,0.7099999785423279,0.39480000734329224
YER174C,YMR280C,0,-0.37810943,0.15239322185516357,0.7099999785423279,0.39489999413490295
YBR080C,YAL040C,1,-0.37840346,0.15257510542869568,0.7110000252723694,0.39489999413490295
YNL093W,YLR265C,0,-0.37844557,0.1525423675775528,0.7110000252723694,0.39500001072883606
YOR354C,YPL099C,0,-0.37853897,0.1525096595287323,0.7110000252723694,0.3950999975204468
YOR175C,YML058W,0,-0.3785722,0.1524769514799118,0.7110000252723694,0.3952000141143799
YBL046W,YJL178C,0,-0.37888303,0.1524442583322525,0.7110000252723694,0.3953000009059906
YDR304C,YLR438C-A,0,-0.37890452,0.1524115800857544,0.7110000252723694,0.3953999876976013
YKR029C,YCR092C,0,-0.37899822,0.15237891674041748,0.7110000252723694,0.3955000042915344
YDR530C,YMR308C,0,-0.37934777,0.15234626829624176,0.7110000252723694,0.39559999108314514
YGL119W,YDR134C,0,-0.37937474,0.15231361985206604,0.7110000252723694,0.39570000767707825
YFR041C,YNL305C,0,-0.38011667,0.1522810012102127,0.7110000252723694,0.39579999446868896
YNL242W,YER072W,1,-0.38018554,0.15246252715587616,0.7120000123977661,0.39579999446868896
YPR042C,YML028W,0,-0.38034034,0.15242989361286163,0.7120000123977661,0.39590001106262207
YCL063W,YBR109C,1,-0.3803662,0.15261130034923553,0.7129999995231628,0.39590001106262207
YBR033W,YBL074C,0,-0.38131958,0.15257863700389862,0.7129999995231628,0.3959999978542328
YGR010W,YOR270C,0,-0.38139996,0.1525460034608841,0.7129999995231628,0.3961000144481659
YCL055W,YJL143W,0,-0.3814984,0.15251336991786957,0.7129999995231628,0.3962000012397766
YOR298W,YGR061C,0,-0.38155288,0.15248075127601624,0.7129999995231628,0.39629998803138733
YLR024C,YER003C,0,-0.38165727,0.1524481475353241,0.7129999995231628,0.39640000462532043
YNL298W,YFL038C,0,-0.38200402,0.15241555869579315,0.7129999995231628,0.39649999141693115
YML001W,YDR080W,1,-0.38269252,0.15259671211242676,0.7139999866485596,0.39649999141693115
YNL030W,YLR066W,0,-0.38274395,0.15256410837173462,0.7139999866485596,0.39660000801086426
YDR131C,YJL053W,0,-0.3828258,0.15253150463104248,0.7139999866485596,0.396699994802475
YLR103C,YOR063W,0,-0.3828937,0.15249893069267273,0.7139999866485596,0.3968000113964081
YGR209C,YFL039C,1,-0.38315445,0.152679905295372,0.7149999737739563,0.3968000113964081
YPL099C,YOL003C,0,-0.38332745,0.15264731645584106,0.7149999737739563,0.3968999981880188
YPR135W,YMR113W,0,-0.38333702,0.15261472761631012,0.7149999737739563,0.3970000147819519
YGL040C,YGL137W,0,-0.38339844,0.15258215367794037,0.7149999737739563,0.3971000015735626
YBR037C,YPL257W-B,0,-0.38386807,0.152549609541893,0.7149999737739563,0.39719998836517334
YHR181W,YIL065C,0,-0.38398206,0.15251706540584564,0.7149999737739563,0.39730000495910645
YNR056C,YGL124C,0,-0.38418365,0.15248453617095947,0.7149999737739563,0.39739999175071716
YDR238C,YJR158W,0,-0.38428855,0.1524520218372345,0.7149999737739563,0.39750000834465027
YNR039C,YHR129C,0,-0.38430405,0.15241952240467072,0.7149999737739563,0.397599995136261
YOR232W,YJL020C,0,-0.38443303,0.15238703787326813,0.7149999737739563,0.3977000117301941
YDR226W,YIR025W,0,-0.38449368,0.15235456824302673,0.7149999737739563,0.3977999985218048
YGL043W,YOR202W,0,-0.38471067,0.15232211351394653,0.7149999737739563,0.3978999853134155
YFL050C,YMR070W,0,-0.38481033,0.15228967368602753,0.7149999737739563,0.39800000190734863
YDR429C,YDR202C,0,-0.3849563,0.15225723385810852,0.7149999737739563,0.39809998869895935
YCL027W,YHR094C,0,-0.38512766,0.1522248238325119,0.7149999737739563,0.39820000529289246
YOR085W,YJR134C,0,-0.38523957,0.15219242870807648,0.7149999737739563,0.3982999920845032
YHR076W,YFR007W,0,-0.38544616,0.15216003358364105,0.7149999737739563,0.3984000086784363
YPL206C,YJR089W,0,-0.38567582,0.15212765336036682,0.7149999737739563,0.398499995470047
YJL177W,YKR045C,0,-0.3857361,0.15209530293941498,0.7149999737739563,0.3986000120639801
YDL007W,YKR055W,0,-0.3857613,0.15206295251846313,0.7149999737739563,0.3986999988555908
YKL208W,YDR138W,0,-0.3859312,0.15203061699867249,0.7149999737739563,0.39879998564720154
YOL058W,YPL087W,0,-0.386094,0.15199829638004303,0.7149999737739563,0.39890000224113464
YBR042C,YBR239C,0,-0.38618857,0.15196599066257477,0.7149999737739563,0.39899998903274536
YLR467W,YGR292W,0,-0.38647187,0.1519336998462677,0.7149999737739563,0.39910000562667847
YDR266C,YOR324C,0,-0.38658738,0.15190142393112183,0.7149999737739563,0.3991999924182892
YKR035W-A,YMR047C,0,-0.3866923,0.15186916291713715,0.7149999737739563,0.3993000090122223
YPL202C,YFR032C-A,0,-0.38669664,0.15183690190315247,0.7149999737739563,0.399399995803833
YCR047C,YBR127C,0,-0.38686603,0.15180467069149017,0.7149999737739563,0.3995000123977661
YGL011C,YGL244W,0,-0.3869321,0.15177245438098907,0.7149999737739563,0.39959999918937683
YJL200C,YCR069W,0,-0.3869582,0.15174023807048798,0.7149999737739563,0.39969998598098755
YBR132C,YFL052W,0,-0.387334,0.15170803666114807,0.7149999737739563,0.39980000257492065
YGR135W,YDR056C,0,-0.38759726,0.15167586505413055,0.7149999737739563,0.39989998936653137
YKL160W,YDR088C,0,-0.38775966,0.15164369344711304,0.7149999737739563,0.4000000059604645
YPR168W,YOL077W-A,0,-0.3878724,0.1516115367412567,0.7149999737739563,0.4000999927520752
YGR221C,YOL104C,0,-0.38795894,0.15157939493656158,0.7149999737739563,0.4002000093460083
YDL227C,YDR012W,0,-0.38810036,0.15154726803302765,0.7149999737739563,0.400299996137619
YMR218C,YDR252W,0,-0.38817257,0.1515151560306549,0.7149999737739563,0.4004000127315521
YDR334W,YPR183W,0,-0.3883391,0.15148304402828217,0.7149999737739563,0.40049999952316284
YHL027W,YNR008W,0,-0.38839644,0.1514509618282318,0.7149999737739563,0.40059998631477356
YKR071C,YLR070C,0,-0.38839996,0.15141889452934265,0.7149999737739563,0.40070000290870667
YEL021W,YGL161C,0,-0.38843954,0.1513868272304535,0.7149999737739563,0.4007999897003174
YPR054W,YDR180W,0,-0.38858378,0.15135478973388672,0.7149999737739563,0.4009000062942505
YDR146C,YDL130W-A,0,-0.38860238,0.15132275223731995,0.7149999737739563,0.4009999930858612
YML015C,YPL204W,0,-0.3886945,0.15129072964191437,0.7149999737739563,0.4011000096797943
YGL017W,YDR222W,0,-0.38893995,0.15125872194766998,0.7149999737739563,0.40119999647140503
YGR049W,YJR058C,0,-0.38934118,0.1512267291545868,0.7149999737739563,0.40130001306533813
YLR440C,YOL039W,0,-0.38955632,0.1511947512626648,0.7149999737739563,0.40139999985694885
YBL089W,YDR405W,0,-0.38960513,0.151162788271904,0.7149999737739563,0.40149998664855957
YPR135W,YHR025W,0,-0.38964367,0.15113084018230438,0.7149999737739563,0.4016000032424927
YKL148C,YOL027C,0,-0.38964373,0.15109890699386597,0.7149999737739563,0.4016999900341034
YDR299W,YNL087W,0,-0.3897518,0.15106697380542755,0.7149999737739563,0.4018000066280365
YOL072W,YJL072C,0,-0.38980916,0.15103507041931152,0.7149999737739563,0.4018999934196472
YNL121C,YJL151C,0,-0.39084473,0.1510031670331955,0.7149999737739563,0.4020000100135803
YKL013C,YGR041W,0,-0.39086372,0.15097127854824066,0.7149999737739563,0.40209999680519104
YJR068W,YGR133W,0,-0.3913952,0.15093941986560822,0.7149999737739563,0.40220001339912415
YBL069W,YCL061C,0,-0.39223972,0.15090756118297577,0.7149999737739563,0.40230000019073486
YPR196W,YPR137C-B,0,-0.3922438,0.15087571740150452,0.7149999737739563,0.4023999869823456
YOL033W,YBL055C,0,-0.3922889,0.15084388852119446,0.7149999737739563,0.4025000035762787
YOR202W,YCL019W,0,-0.39230728,0.1508120596408844,0.7149999737739563,0.4025999903678894
YPL092W,YJR135C,0,-0.39285433,0.15078026056289673,0.7149999737739563,0.4027000069618225
YPL032C,YMR267W,0,-0.39357844,0.15074847638607025,0.7149999737739563,0.4027999937534332
YIL048W,YMR231W,1,-0.3938965,0.15092748403549194,0.7160000205039978,0.4027999937534332
YGL095C,YOR326W,1,-0.39415425,0.15110643208026886,0.7170000076293945,0.4027999937534332
YMR256C,YOL157C,0,-0.3942054,0.1510745882987976,0.7170000076293945,0.40290001034736633
YGR112W,YML005W,0,-0.3945272,0.15104275941848755,0.7170000076293945,0.40299999713897705
YOR202W,YPR113W,0,-0.39483723,0.15101094543933868,0.7170000076293945,0.40310001373291016
YJL128C,YPL045W,0,-0.3949242,0.150979146361351,0.7170000076293945,0.4032000005245209
YHR176W,YDR383C,0,-0.39520353,0.15094736218452454,0.7170000076293945,0.4032999873161316
YKL120W,YNL012W,0,-0.39543658,0.15091559290885925,0.7170000076293945,0.4034000039100647
YPL032C,YHR203C,0,-0.39555505,0.15088383853435516,0.7170000076293945,0.4034999907016754
YDR538W,YPL204W,0,-0.39572152,0.15085209906101227,0.7170000076293945,0.4036000072956085
YDR354W,YJR055W,0,-0.39598393,0.15082035958766937,0.7170000076293945,0.40369999408721924
YDR461W,YGR241C,0,-0.3961299,0.15078864991664886,0.7170000076293945,0.40380001068115234
YJR133W,YJR137C,0,-0.39617336,0.15075694024562836,0.7170000076293945,0.40389999747276306
YKR022C,YOR349W,0,-0.39618278,0.15072524547576904,0.7170000076293945,0.40400001406669617
YDR262W,YOR291W,0,-0.3963018,0.15069356560707092,0.7170000076293945,0.4041000008583069
YNL079C,YJL178C,1,-0.3964234,0.15087203681468964,0.7179999947547913,0.4041000008583069
YBR127C,YDR409W,0,-0.39655572,0.15084034204483032,0.7179999947547913,0.4041999876499176
YGL100W,YJL153C,0,-0.3966672,0.150808647274971,0.7179999947547913,0.4043000042438507
YPL162C,YEL029C,0,-0.39680353,0.15077698230743408,0.7179999947547913,0.4043999910354614
YDR242W,YKL135C,0,-0.39682102,0.15074533224105835,0.7179999947547913,0.40450000762939453
YIR018W,YBR238C,0,-0.3968647,0.15071368217468262,0.7179999947547913,0.40459999442100525
YOR257W,YBR160W,0,-0.39701122,0.15068206191062927,0.7179999947547913,0.40470001101493835
YOR043W,YPL223C,0,-0.39705247,0.15065044164657593,0.7179999947547913,0.4047999978065491
YGL013C,YMR304W,0,-0.3972729,0.15061883628368378,0.7179999947547913,0.4049000144004822
YNL139C,YHR004C,0,-0.39757723,0.15058724582195282,0.7179999947547913,0.4050000011920929
YCR081W,YBL021C,0,-0.39767003,0.15055567026138306,0.7179999947547913,0.4050999879837036
YMR193W,YKL119C,0,-0.39778468,0.1505241096019745,0.7179999947547913,0.4052000045776367
YPL100W,YKL051W,1,-0.39804724,0.15070216357707977,0.718999981880188,0.4052000045776367
YLR033W,YDR316W,0,-0.39813814,0.15067057311534882,0.718999981880188,0.40529999136924744
YLR148W,YNL054W,1,-0.39858627,0.15084852278232574,0.7200000286102295,0.40529999136924744
YDR026C,YJL066C,0,-0.39863065,0.1508169323205948,0.7200000286102295,0.40540000796318054
YDR484W,YOR242C,0,-0.39873213,0.15078534185886383,0.7200000286102295,0.40549999475479126
YLL003W,YOR337W,0,-0.39877224,0.15075376629829407,0.7200000286102295,0.40560001134872437
YNL273W,YMR033W,0,-0.39977008,0.1507222056388855,0.7200000286102295,0.4056999981403351
YBL100W-A,YHR175W,0,-0.39977336,0.15069065988063812,0.7200000286102295,0.4058000147342682
YLR024C,YDR518W,0,-0.3998024,0.15065912902355194,0.7200000286102295,0.4059000015258789
YNL146W,YDR383C,0,-0.4003332,0.15062761306762695,0.7200000286102295,0.4059999883174896
YML001W,YAL002W,1,-0.40049502,0.15080526471138,0.7210000157356262,0.4059999883174896
YDR449C,YDR229W,0,-0.40050152,0.15077373385429382,0.7210000157356262,0.40610000491142273
YFL002W-A,YNL003C,0,-0.40057623,0.15074221789836884,0.7210000157356262,0.40619999170303345
YML036W,YDR270W,0,-0.40152764,0.15071070194244385,0.7210000157356262,0.40630000829696655
YOR077W,YGR038W,0,-0.40157753,0.15067920088768005,0.7210000157356262,0.40639999508857727
YOR095C,YGR008C,0,-0.40160087,0.15064772963523865,0.7210000157356262,0.4065000116825104
YPL113C,YLL029W,0,-0.4016052,0.15061625838279724,0.7210000157356262,0.4065999984741211
YPL055C,YGR256W,0,-0.40167734,0.15058480203151703,0.7210000157356262,0.4066999852657318
YNL322C,YLR298C,0,-0.40209764,0.15055334568023682,0.7210000157356262,0.4068000018596649
YAL003W,YGL254W,0,-0.40213236,0.150521919131279,0.7210000157356262,0.40689998865127563
YDR534C,YNL225C,0,-0.4022009,0.15049050748348236,0.7210000157356262,0.40700000524520874
YDR016C,YKL022C,0,-0.40220162,0.15045909583568573,0.7210000157356262,0.40709999203681946
YDR046C,YHR069C,0,-0.40247592,0.1504277139902115,0.7210000157356262,0.40720000863075256
YPL057C,YJL203W,0,-0.40257132,0.15039633214473724,0.7210000157356262,0.4072999954223633
YOL105C,YCR043C,0,-0.40275103,0.1503649652004242,0.7210000157356262,0.4074000120162964
YMR311C,YPL281C,0,-0.40288916,0.15033361315727234,0.7210000157356262,0.4074999988079071
YDR001C,YDR489W,0,-0.40288997,0.15030227601528168,0.7210000157356262,0.4075999855995178
YDR487C,YNL009W,0,-0.40298745,0.15027093887329102,0.7210000157356262,0.4077000021934509
YER095W,YOL039W,0,-0.40320027,0.15023963153362274,0.7210000157356262,0.40779998898506165
YMR093W,YNL208W,0,-0.4035129,0.15020833909511566,0.7210000157356262,0.40790000557899475
YHR211W,YNR045W,0,-0.4036609,0.15017704665660858,0.7210000157356262,0.40799999237060547
YLL002W,YGL222C,0,-0.40387523,0.1501457691192627,0.7210000157356262,0.4081000089645386
YOL145C,YFR032C-A,0,-0.4039253,0.150114506483078,0.7210000157356262,0.4081999957561493
YJR021C,YLR309C,0,-0.40451393,0.1500832587480545,0.7210000157356262,0.4083000123500824
YOR007C,YKL100C,0,-0.4045614,0.1500520259141922,0.7210000157356262,0.4083999991416931
YIL115C,YER111C,0,-0.4048687,0.1500208079814911,0.7210000157356262,0.40849998593330383
YER078C,YDR081C,0,-0.40512705,0.14998960494995117,0.7210000157356262,0.40860000252723694
YBR042C,YDR307W,0,-0.40543872,0.14995840191841125,0.7210000157356262,0.40869998931884766
YMR208W,YOR077W,0,-0.40545368,0.14992721378803253,0.7210000157356262,0.40880000591278076
YCR028C-A,YGL170C,0,-0.40575743,0.1498960554599762,0.7210000157356262,0.4088999927043915
YDR506C,YHL024W,0,-0.40583593,0.14986489713191986,0.7210000157356262,0.4090000092983246
YPL252C,YIR011C,0,-0.40586734,0.14983375370502472,0.7210000157356262,0.4090999960899353
YJL090C,YIL026C,0,-0.40610588,0.14980262517929077,0.7210000157356262,0.4092000126838684
YGL120C,YJR083C,0,-0.40626034,0.14977149665355682,0.7210000157356262,0.4092999994754791
YGR027C,YCR102C,0,-0.4066637,0.14974039793014526,0.7210000157356262,0.40939998626708984
YMR087W,YDR086C,0,-0.40672275,0.1497092992067337,0.7210000157356262,0.40950000286102295
YAL002W,YLR423C,1,-0.40688372,0.14988581836223602,0.722000002861023,0.40950000286102295
YER110C,YDR311W,0,-0.4069717,0.14985470473766327,0.722000002861023,0.40959998965263367
YPR042C,YBR231C,0,-0.4070551,0.1498236209154129,0.722000002861023,0.4097000062465668
YDR501W,YGL153W,0,-0.40711385,0.14979253709316254,0.722000002861023,0.4097999930381775
YKL127W,YDL170W,0,-0.40743977,0.14976145327091217,0.722000002861023,0.4099000096321106
YBR297W,YBR070C,0,-0.4080299,0.1497303992509842,0.722000002861023,0.4099999964237213
YBR281C,YDR362C,0,-0.40853602,0.1496993601322174,0.722000002861023,0.4101000130176544
YLR035C,YHR211W,0,-0.40865177,0.14966832101345062,0.722000002861023,0.41019999980926514
YGL212W,YAL040C,1,-0.40874457,0.14984455704689026,0.7229999899864197,0.41019999980926514
YGL103W,YFR041C,0,-0.4093468,0.14981350302696228,0.7229999899864197,0.41029998660087585
YJL012C,YPR049C,1,-0.40960127,0.14998963475227356,0.7239999771118164,0.41029998660087585
YKL205W,YDL147W,0,-0.40970293,0.14995858073234558,0.7239999771118164,0.41040000319480896
YDL085W,YCL036W,0,-0.40979168,0.1499275267124176,0.7239999771118164,0.4104999899864197
YBR170C,YLR350W,0,-0.40981573,0.14989648759365082,0.7239999771118164,0.4106000065803528
YGR203W,YJR092W,0,-0.4099,0.14986544847488403,0.7239999771118164,0.4106999933719635
YPL003W,YJL085W,0,-0.41002038,0.14983443915843964,0.7239999771118164,0.4108000099658966
YCR020W-B,YDR425W,0,-0.41026345,0.14980342984199524,0.7239999771118164,0.4108999967575073
YGL178W,YOR007C,0,-0.41043139,0.14977245032787323,0.7239999771118164,0.41100001335144043
YML005W,YCL019W,0,-0.4104493,0.14974147081375122,0.7239999771118164,0.41110000014305115
YLR148W,YLR386W,1,-0.41096592,0.14991728961467743,0.7250000238418579,0.41110000014305115
YDR084C,YIL142W,0,-0.41096666,0.14988629519939423,0.7250000238418579,0.41119998693466187
YLR187W,YJL156C,0,-0.41101807,0.14985531568527222,0.7250000238418579,0.41130000352859497
YJL170C,YJL145W,0,-0.41144523,0.1498243510723114,0.7250000238418579,0.4113999903202057
YEL031W,YBR070C,0,-0.41159266,0.14979338645935059,0.7250000238418579,0.4115000069141388
YBR001C,YDR170W-A,0,-0.41165793,0.14976245164871216,0.7250000238418579,0.4115999937057495
YPL045W,YJL012C,1,-0.41168085,0.14993804693222046,0.7260000109672546,0.4115999937057495
YKR019C,YML029W,0,-0.41168547,0.14990708231925964,0.7260000109672546,0.4117000102996826
YDL133C-A,YNL264C,0,-0.41170585,0.14987613260746002,0.7260000109672546,0.41179999709129333
YOR120W,YLR238W,0,-0.41190225,0.1498451977968216,0.7260000109672546,0.41190001368522644
YGR221C,YER045C,0,-0.41192934,0.14981427788734436,0.7260000109672546,0.41200000047683716
YER073W,YBL003C,0,-0.412229,0.14978337287902832,0.7260000109672546,0.4120999872684479
YDR156W,YGR258C,0,-0.41265476,0.14975246787071228,0.7260000109672546,0.412200003862381
YNL001W,YLR439W,0,-0.4127319,0.14972159266471863,0.7260000109672546,0.4122999906539917
YDL207W,YCL024W,0,-0.41284162,0.14969071745872498,0.7260000109672546,0.4124000072479248
YJL065C,YHR074W,0,-0.41292888,0.14965985715389252,0.7260000109672546,0.4124999940395355
YOR131C,YPR004C,0,-0.4129537,0.14962901175022125,0.7260000109672546,0.41260001063346863
YJR149W,YGL213C,0,-0.4130074,0.14959818124771118,0.7260000109672546,0.41269999742507935
YCR039C,YPL170W,0,-0.41377538,0.1495673656463623,0.7260000109672546,0.41280001401901245
YER074W,YPL091W,0,-0.41386354,0.14953656494617462,0.7260000109672546,0.41290000081062317
YBL066C,YLR095C,0,-0.4138791,0.14950576424598694,0.7260000109672546,0.4129999876022339
YKL157W,YPL204W,0,-0.4139302,0.14947497844696045,0.7260000109672546,0.413100004196167
YPR075C,YOR084W,0,-0.41411734,0.14944422245025635,0.7260000109672546,0.4131999909877777
YMR182C,YJR016C,0,-0.4144106,0.14941346645355225,0.7260000109672546,0.4133000075817108
YEL027W,YBR105C,1,-0.41449928,0.149588480591774,0.7269999980926514,0.4133000075817108
YGR108W,YNR047W,0,-0.41456527,0.1495577096939087,0.7269999980926514,0.41339999437332153
YGL220W,YGR056W,0,-0.4148283,0.1495269387960434,0.7269999980926514,0.41350001096725464
YKL146W,YKL221W,0,-0.41488618,0.1494961977005005,0.7269999980926514,0.41359999775886536
YLR431C,YAL002W,1,-0.41518092,0.1496710479259491,0.7279999852180481,0.41359999775886536
YLR431C,YOR326W,1,-0.41535017,0.14984583854675293,0.7289999723434448,0.41359999775886536
YDR466W,YJL165C,0,-0.41538724,0.14981503784656525,0.7289999723434448,0.41370001435279846
YDR341C,YBR200W,0,-0.41543025,0.14978426694869995,0.7289999723434448,0.4138000011444092
YLL055W,YGR143W,0,-0.41567448,0.14975349605083466,0.7289999723434448,0.4138999879360199
YBR083W,YLR312W-A,0,-0.41588163,0.14972274005413055,0.7289999723434448,0.414000004529953
YEL052W,YKR037C,0,-0.416067,0.14969199895858765,0.7289999723434448,0.4140999913215637
YKR010C,YDL005C,0,-0.41611013,0.14966125786304474,0.7289999723434448,0.4142000079154968
YHL044W,YML046W,0,-0.41641235,0.14963054656982422,0.7289999723434448,0.41429999470710754
YGL173C,YKR014C,0,-0.41647783,0.1495998352766037,0.7289999723434448,0.41440001130104065
YGR179C,YOR175C,0,-0.41661105,0.14956913888454437,0.7289999723434448,0.41449999809265137
YDR054C,YBL088C,0,-0.4166437,0.14953845739364624,0.7289999723434448,0.4146000146865845
YOR343W-B,YOL082W,0,-0.4168792,0.1495077908039093,0.7289999723434448,0.4147000014781952
YKL073W,YJR130C,0,-0.41700223,0.14947713911533356,0.7289999723434448,0.4147999882698059
YMR100W,YGL205W,0,-0.41703027,0.1494464874267578,0.7289999723434448,0.414900004863739
YDL017W,YBR175W,0,-0.41720957,0.14941586554050446,0.7289999723434448,0.41499999165534973
YBR297W,YJL143W,0,-0.41757384,0.1493852436542511,0.7289999723434448,0.41510000824928284
YPL023C,YGL253W,0,-0.41783315,0.14935463666915894,0.7289999723434448,0.41519999504089355
YDR032C,YDL039C,0,-0.41825652,0.14932404458522797,0.7289999723434448,0.41530001163482666
YGR140W,YBR175W,0,-0.41853347,0.1492934674024582,0.7289999723434448,0.4153999984264374
YJL209W,YOL152W,0,-0.41891196,0.1492629051208496,0.7289999723434448,0.4154999852180481
YDL014W,YPL170W,0,-0.41918653,0.14923234283924103,0.7289999723434448,0.4156000018119812
YOR375C,YGL208W,0,-0.41922718,0.14920179545879364,0.7289999723434448,0.4156999886035919
YJL053W,YKL007W,0,-0.41956353,0.14917127788066864,0.7289999723434448,0.415800005197525
YPR065W,YOR033C,0,-0.41961548,0.14914076030254364,0.7289999723434448,0.41589999198913574
YFR003C,YEL046C,0,-0.41964158,0.14911024272441864,0.7289999723434448,0.41600000858306885
YHR216W,YKL160W,0,-0.4196717,0.14907975494861603,0.7289999723434448,0.41609999537467957
YJL034W,YOL077W-A,0,-0.41971198,0.14904926717281342,0.7289999723434448,0.41620001196861267
YMR283C,YDR288W,0,-0.41971415,0.1490188091993332,0.7289999723434448,0.4162999987602234
YJR143C,YNL202W,0,-0.4201922,0.14898835122585297,0.7289999723434448,0.4163999855518341
YMR071C,YIR033W,0,-0.42048013,0.14895790815353394,0.7289999723434448,0.4165000021457672
YOR120W,YHR109W,0,-0.4205465,0.1489274799823761,0.7289999723434448,0.41659998893737793
YIL073C,YDL222C,0,-0.4205839,0.14889705181121826,0.7289999723434448,0.41670000553131104
YDR118W,YCR088W,0,-0.42061076,0.1488666534423828,0.7289999723434448,0.41679999232292175
YDL198C,YOR035C,0,-0.4207977,0.14883625507354736,0.7289999723434448,0.41690000891685486
YER004W,YGL136C,0,-0.4208114,0.1488058716058731,0.7289999723434448,0.4169999957084656
YDR369C,YCL052C,0,-0.4210252,0.14877550303936005,0.7289999723434448,0.4171000123023987
YDR369C,YDL006W,0,-0.4210318,0.14874514937400818,0.7289999723434448,0.4171999990940094
YDR443C,YPR184W,0,-0.42116517,0.1487148106098175,0.7289999723434448,0.4172999858856201
YGL012W,YLR071C,0,-0.4214442,0.14868447184562683,0.7289999723434448,0.4174000024795532
YER016W,YAL010C,0,-0.42149538,0.14865416288375854,0.7289999723434448,0.41749998927116394
YNR047W,YIR023W,0,-0.4221095,0.14862385392189026,0.7289999723434448,0.41760000586509705
YIL048W,YMR150C,0,-0.4221359,0.14859355986118317,0.7289999723434448,0.41769999265670776
YNL186W,YNL084C,0,-0.42230603,0.14856328070163727,0.7289999723434448,0.41780000925064087
YNL136W,YDR503C,0,-0.4224177,0.14853300154209137,0.7289999723434448,0.4178999960422516
YMR236W,YPL231W,0,-0.42248806,0.14850275218486786,0.7289999723434448,0.4180000126361847
YCR030C,YNL101W,0,-0.42281586,0.14847250282764435,0.7289999723434448,0.4180999994277954
YBR018C,YNL119W,0,-0.42288446,0.14844226837158203,0.7289999723434448,0.41819998621940613
YGR109C,YLR043C,0,-0.4236015,0.1484120488166809,0.7289999723434448,0.41830000281333923
YDR288W,YNL012W,0,-0.423905,0.14838184416294098,0.7289999723434448,0.41839998960494995
YGL013C,YMR197C,0,-0.42411694,0.14835165441036224,0.7289999723434448,0.41850000619888306
YIL009C-A,YDL085W,0,-0.4243787,0.1483214646577835,0.7289999723434448,0.4185999929904938
YIR002C,YPL160W,0,-0.4247403,0.14829128980636597,0.7289999723434448,0.4187000095844269
YLR256W,YMR023C,0,-0.42481393,0.14826112985610962,0.7289999723434448,0.4187999963760376
YDR221W,YJL034W,0,-0.42481732,0.14823098480701447,0.7289999723434448,0.4189000129699707
YHR174W,YKL161C,0,-0.42483854,0.1482008546590805,0.7289999723434448,0.4189999997615814
YGL086W,YKL188C,0,-0.42517966,0.14817072451114655,0.7289999723434448,0.41909998655319214
YKL174C,YPL188W,0,-0.42529318,0.14814062416553497,0.7289999723434448,0.41920000314712524
YER051W,YJL156C,0,-0.4254718,0.1481105238199234,0.7289999723434448,0.41929998993873596
YOR270C,YGR116W,0,-0.425823,0.14808043837547302,0.7289999723434448,0.41940000653266907
YGR252W,YLR172C,0,-0.42603594,0.14805036783218384,0.7289999723434448,0.4194999933242798
YMR280C,YOL044W,0,-0.4264777,0.14802029728889465,0.7289999723434448,0.4196000099182129
YOL064C,YJL157C,0,-0.42652804,0.14799025654792786,0.7289999723434448,0.4196999967098236
YKR009C,YLR386W,0,-0.42708135,0.14796021580696106,0.7289999723434448,0.4198000133037567
YIL135C,YMR204C,0,-0.42756265,0.14793018996715546,0.7289999723434448,0.41990000009536743
YBR073W,YCL043C,0,-0.427572,0.14790017902851105,0.7289999723434448,0.41999998688697815
YEL029C,YGL120C,0,-0.42766038,0.14787018299102783,0.7289999723434448,0.42010000348091125
YHR081W,YDR363W,0,-0.42769516,0.1478402018547058,0.7289999723434448,0.420199990272522
YJL104W,YGR068C,0,-0.4282174,0.1478102207183838,0.7289999723434448,0.4203000068664551
YNL084C,YOR231W,0,-0.4282911,0.14778025448322296,0.7289999723434448,0.4203999936580658
YNL306W,YOR349W,0,-0.42832536,0.14775030314922333,0.7289999723434448,0.4205000102519989
YJL065C,YJL091C,0,-0.42835617,0.1477203667163849,0.7289999723434448,0.4205999970436096
YLR081W,YMR051C,0,-0.4284994,0.14769043028354645,0.7289999723434448,0.4207000136375427
YOR332W,YOR068C,1,-0.42879793,0.14786307513713837,0.7300000190734863,0.4207000136375427
YJR057W,YKL182W,0,-0.4291138,0.14783312380313873,0.7300000190734863,0.42080000042915344
YPL045W,YHR138C,1,-0.429273,0.1480056643486023,0.7310000061988831,0.42080000042915344
YML075C,YDR197W,0,-0.43003646,0.14797571301460266,0.7310000061988831,0.42089998722076416
YPL008W,YER119C,0,-0.43018764,0.14794576168060303,0.7310000061988831,0.42100000381469727
YPR047W,YPL144W,0,-0.43019402,0.1479158252477646,0.7310000061988831,0.421099990606308
YOR298W,YNL082W,0,-0.43030083,0.14788590371608734,0.7310000061988831,0.4212000072002411
YKR010C,YER165W,0,-0.43035367,0.1478559821844101,0.7310000061988831,0.4212999939918518
YKR090W,YPL195W,0,-0.43044075,0.14782609045505524,0.7310000061988831,0.4214000105857849
YJR047C,YDR285W,0,-0.4309755,0.14779619872570038,0.7310000061988831,0.42149999737739563
YML132W,YIR008C,0,-0.43113488,0.1477663218975067,0.7310000061988831,0.42160001397132874
YPL276W,YMR319C,0,-0.4311715,0.14773645997047424,0.7310000061988831,0.42170000076293945
YJL206C,YOR317W,0,-0.4313643,0.14770661294460297,0.7310000061988831,0.42179998755455017
YBR012W-B,YCR033W,0,-0.43170297,0.1476767659187317,0.7310000061988831,0.4219000041484833
YMR163C,YIR014W,0,-0.43176806,0.1476469337940216,0.7310000061988831,0.421999990940094
YHR179W,YJR021C,0,-0.43180832,0.1476171314716339,0.7310000061988831,0.4221000075340271
YER126C,YGR125W,0,-0.43192184,0.14758731424808502,0.7310000061988831,0.4221999943256378
YLR238W,YPR158W-A,0,-0.4320206,0.14755752682685852,0.7310000061988831,0.4223000109195709
YAL008W,YLR308W,0,-0.43221462,0.1475277543067932,0.7310000061988831,0.42239999771118164
YPL195W,YER030W,0,-0.43240657,0.1474979817867279,0.7310000061988831,0.42250001430511475
YNL163C,YER052C,0,-0.43259937,0.1474682241678238,0.7310000061988831,0.42260000109672546
YOL021C,YHR121W,0,-0.43270788,0.14743848145008087,0.7310000061988831,0.4226999878883362
YMR039C,YPL011C,0,-0.43315607,0.14740875363349915,0.7310000061988831,0.4228000044822693
YKR087C,YGL033W,0,-0.43346298,0.14737902581691742,0.7310000061988831,0.42289999127388
YCR048W,YHR051W,0,-0.4339105,0.14734932780265808,0.7310000061988831,0.4230000078678131
YNR044W,YDR531W,0,-0.43419233,0.14731962978839874,0.7310000061988831,0.42309999465942383
YFR018C,YPL059W,0,-0.43429404,0.1472899466753006,0.7310000061988831,0.42320001125335693
YLR450W,YDR032C,0,-0.43461663,0.14726027846336365,0.7310000061988831,0.42329999804496765
YGL168W,YBR264C,0,-0.43470868,0.1472306102514267,0.7310000061988831,0.42340001463890076
YHR121W,YGL124C,0,-0.43476716,0.14720097184181213,0.7310000061988831,0.4235000014305115
YFL039C,YLR043C,1,-0.4348025,0.14737266302108765,0.7319999933242798,0.4235000014305115
YER133W,YDR037W,0,-0.43544546,0.1473429948091507,0.7319999933242798,0.4235999882221222
YLR207W,YPR113W,0,-0.43555936,0.14731334149837494,0.7319999933242798,0.4237000048160553
YDR294C,YJR070C,0,-0.43560734,0.14728370308876038,0.7319999933242798,0.423799991607666
YJR056C,YKL117W,0,-0.43602377,0.147254079580307,0.7319999933242798,0.4239000082015991
YGR132C,YGR247W,0,-0.43622226,0.14722445607185364,0.7319999933242798,0.42399999499320984
YDL007W,YFL041W,0,-0.43627056,0.14719484746456146,0.7319999933242798,0.42410001158714294
YCL057C-A,YJL165C,0,-0.4363684,0.14716525375843048,0.7319999933242798,0.42419999837875366
YOR327C,YAR031W,0,-0.43645895,0.1471356749534607,0.7319999933242798,0.4242999851703644
YJR001W,YBR199W,0,-0.43652642,0.1471061110496521,0.7319999933242798,0.4244000017642975
YPL242C,YPL134C,0,-0.4366144,0.1470765471458435,0.7319999933242798,0.4244999885559082
YLR268W,YKL179C,0,-0.43670148,0.1470470130443573,0.7319999933242798,0.4246000051498413
YER061C,YHL016C,0,-0.43681765,0.1470174789428711,0.7319999933242798,0.424699991941452
YBR084C-A,YKL093W,0,-0.4372262,0.1469879448413849,0.7319999933242798,0.42480000853538513
YJL178C,YLR043C,1,-0.4380594,0.14715920388698578,0.7329999804496765,0.42480000853538513
YNR072W,YJL139C,0,-0.4381737,0.14712966978549957,0.7329999804496765,0.42489999532699585
YBL050W,YOR245C,0,-0.43843943,0.14710013568401337,0.7329999804496765,0.42500001192092896
YNR072W,YPR125W,0,-0.43861204,0.14707063138484955,0.7329999804496765,0.4250999987125397
YGR221C,YLR129W,0,-0.4389493,0.14704112708568573,0.7329999804496765,0.4251999855041504
YDL216C,YGL191W,0,-0.43920875,0.1470116376876831,0.7329999804496765,0.4253000020980835
YLR408C,YKL148C,0,-0.4393047,0.14698214828968048,0.7329999804496765,0.4253999888896942
YHL018W,YPL011C,0,-0.43932116,0.14695268869400024,0.7329999804496765,0.4255000054836273
YFL018C,YAL008W,0,-0.4398563,0.14692322909832,0.7329999804496765,0.42559999227523804
YHR121W,YGL040C,0,-0.44036126,0.14689378440380096,0.7329999804496765,0.42570000886917114
YDL146W,YJR161C,0,-0.44046462,0.14686435461044312,0.7329999804496765,0.42579999566078186
YDR085C,YBR129C,0,-0.44069833,0.14683493971824646,0.7329999804496765,0.42590001225471497
YDR229W,YNL223W,1,-0.4410664,0.1470058113336563,0.734000027179718,0.42590001225471497
YDR206W,YLR116W,0,-0.4411842,0.14697636663913727,0.734000027179718,0.4259999990463257
YOR360C,YPR004C,0,-0.44153148,0.1469469517469406,0.734000027179718,0.4260999858379364
YMR231W,YOR068C,1,-0.44155306,0.14711768925189972,0.7350000143051147,0.4260999858379364
YDR065W,YBR082C,0,-0.44169176,0.14708825945854187,0.7350000143051147,0.4262000024318695
YBL060W,YDR134C,0,-0.44182184,0.14705882966518402,0.7350000143051147,0.4262999892234802
YBR217W,YLR427W,0,-0.44212604,0.14702939987182617,0.7350000143051147,0.42640000581741333
YGL012W,YER006W,0,-0.44225612,0.1469999998807907,0.7350000143051147,0.42649999260902405
YOR099W,YDR016C,0,-0.44234794,0.14697059988975525,0.7350000143051147,0.42660000920295715
YBR294W,YNL047C,0,-0.44254225,0.14694122970104218,0.7350000143051147,0.42669999599456787
YIL015W,YNL139C,0,-0.44263405,0.1469118595123291,0.7350000143051147,0.426800012588501
YJL010C,YDR453C,0,-0.44282335,0.14688248932361603,0.7350000143051147,0.4268999993801117
YMR306W,YOR317W,0,-0.4428317,0.14685314893722534,0.7350000143051147,0.4269999861717224
YOR288C,YAL061W,0,-0.4432103,0.14682380855083466,0.7350000143051147,0.4271000027656555
YDR207C,YCR073C,0,-0.44335008,0.14679448306560516,0.7350000143051147,0.42719998955726624
YNL282W,YCL024W,0,-0.44336993,0.14676517248153687,0.7350000143051147,0.42730000615119934
YFR041C,YKL112W,0,-0.44355598,0.14673587679862976,0.7350000143051147,0.42739999294281006
YKR103W,YGR041W,0,-0.44395864,0.14670658111572266,0.7350000143051147,0.42750000953674316
YHR171W,YER138C,0,-0.44403356,0.14667731523513794,0.7350000143051147,0.4275999963283539
YLR439W,YMR170C,0,-0.44404975,0.14664804935455322,0.7350000143051147,0.427700012922287
YDR363W-A,YFL010W-A,0,-0.44414634,0.1466187983751297,0.7350000143051147,0.4277999997138977
YPR054W,YGR239C,0,-0.44415444,0.14658954739570618,0.7350000143051147,0.4278999865055084
YBR244W,YMR024W,0,-0.4443373,0.14656032621860504,0.7350000143051147,0.42800000309944153
YGL161C,YJL028W,0,-0.44441193,0.1465311050415039,0.7350000143051147,0.42809998989105225
YDR261C-D,YPL099C,0,-0.4446559,0.14650189876556396,0.7350000143051147,0.42820000648498535
YEL002C,YGR279C,0,-0.44496113,0.14647269248962402,0.7350000143051147,0.42829999327659607
YAR031W,YNR031C,0,-0.44515508,0.14644351601600647,0.7350000143051147,0.4284000098705292
YGL172W,YIL063C,0,-0.445401,0.14641433954238892,0.7350000143051147,0.4284999966621399
YOR192C-B,YHR017W,0,-0.44549632,0.14638517796993256,0.7350000143051147,0.428600013256073
YLR164W,YLR438C-A,0,-0.44567543,0.1463560312986374,0.7350000143051147,0.4287000000476837
YOR356W,YBL005W-A,0,-0.4461181,0.14632689952850342,0.7350000143051147,0.42879998683929443
YEL034W,YDR465C,0,-0.44624478,0.14629776775836945,0.7350000143051147,0.42890000343322754
YML042W,YLR158C,0,-0.44653815,0.14626865088939667,0.7350000143051147,0.42899999022483826
YOR075W,YNL325C,0,-0.44683903,0.14623954892158508,0.7350000143051147,0.42910000681877136
YHR081W,YCL074W,0,-0.44710395,0.1462104618549347,0.7350000143051147,0.4291999936103821
YPL124W,YDR059C,0,-0.4472309,0.1461813896894455,0.7350000143051147,0.4293000102043152
YER175C,YOR054C,0,-0.44723904,0.1461523175239563,0.7350000143051147,0.4293999969959259
YML029W,YHR001W,0,-0.44724736,0.1461232602596283,0.7350000143051147,0.429500013589859
YDL239C,YPL214C,0,-0.44773304,0.1460942178964615,0.7350000143051147,0.4296000003814697
YPL236C,YLR073C,0,-0.44828182,0.14606517553329468,0.7350000143051147,0.42969998717308044
YGL249W,YPR048W,0,-0.44879147,0.14603616297245026,0.7350000143051147,0.42980000376701355
YBR031W,YOR147W,0,-0.44925338,0.14600715041160583,0.7350000143051147,0.42989999055862427
YIL010W,YKL218C,0,-0.44984582,0.1459781527519226,0.7350000143051147,0.4300000071525574
YLR098C,YLR369W,0,-0.45000392,0.14594916999340057,0.7350000143051147,0.4300999939441681
YIR015W,YDR158W,0,-0.45006526,0.14592018723487854,0.7350000143051147,0.4302000105381012
YGR262C,YGR067C,0,-0.45097816,0.1458912193775177,0.7350000143051147,0.4302999973297119
YDL066W,YJR093C,0,-0.45119187,0.14586228132247925,0.7350000143051147,0.430400013923645
YBL057C,YDR231C,0,-0.4517605,0.1458333283662796,0.7350000143051147,0.43050000071525574
YLR157C,YBL003C,0,-0.4519188,0.14580440521240234,0.7350000143051147,0.43059998750686646
YOR116C,YDR405W,0,-0.45198277,0.14577548205852509,0.7350000143051147,0.43070000410079956
YJL004C,YHR030C,0,-0.45205158,0.14574657380580902,0.7350000143051147,0.4307999908924103
YPL060W,YLL033W,0,-0.45208266,0.14571768045425415,0.7350000143051147,0.4309000074863434
YNL147W,YAL032C,0,-0.4522576,0.14568880200386047,0.7350000143051147,0.4309999942779541
YPL037C,YDR147W,0,-0.45269266,0.1456599235534668,0.7350000143051147,0.4311000108718872
YJL137C,YOR353C,0,-0.45293212,0.1456310749053955,0.7350000143051147,0.4311999976634979
YNR074C,YJL074C,0,-0.45296347,0.14560221135616302,0.7350000143051147,0.43130001425743103
YGL161C,YCL032W,0,-0.45297146,0.14557337760925293,0.7350000143051147,0.43140000104904175
YDR151C,YFR042W,0,-0.45301178,0.14554455876350403,0.7350000143051147,0.43149998784065247
YAR035W,YCL025C,0,-0.45305094,0.14551573991775513,0.7350000143051147,0.43160000443458557
YMR315W,YPL208W,0,-0.4532342,0.14548693597316742,0.7350000143051147,0.4316999912261963
YBR074W,YJR135W-A,0,-0.45337987,0.1454581469297409,0.7350000143051147,0.4318000078201294
YDR316W-A,YHR104W,0,-0.45366523,0.1454293578863144,0.7350000143051147,0.4318999946117401
YLR141W,YAR002C-A,0,-0.45387214,0.14540059864521027,0.7350000143051147,0.4320000112056732
YBR205W,YGR191W,0,-0.45394695,0.14537183940410614,0.7350000143051147,0.43209999799728394
YPR079W,YGL051W,0,-0.454269,0.1453430950641632,0.7350000143051147,0.43220001459121704
YPL227C,YDL170W,0,-0.45447865,0.14531435072422028,0.7350000143051147,0.43230000138282776
YDR103W,YLR148W,0,-0.45450023,0.14528563618659973,0.7350000143051147,0.4323999881744385
YIR009W,YNL244C,0,-0.45493948,0.1452569216489792,0.7350000143051147,0.4325000047683716
YDR363W-A,YNL070W,0,-0.45505065,0.14522822201251984,0.7350000143051147,0.4325999915599823
YCR024C-A,YEL036C,0,-0.45517805,0.14519952237606049,0.7350000143051147,0.4327000081539154
YPL150W,YKR103W,0,-0.45535553,0.14517085254192352,0.7350000143051147,0.4327999949455261
YJR065C,YPR091C,0,-0.45568463,0.14514218270778656,0.7350000143051147,0.43290001153945923
YIL048W,YJL178C,1,-0.4559144,0.14531095325946808,0.7360000014305115,0.43290001153945923
YDR156W,YPL241C,0,-0.456015,0.14528226852416992,0.7360000014305115,0.43299999833106995
YJL214W,YPR191W,0,-0.45605516,0.14525359869003296,0.7360000014305115,0.43309998512268066
YKL161C,YNL185C,0,-0.45606917,0.1452249437570572,0.7360000014305115,0.43320000171661377
YBR198C,YPR198W,0,-0.4563862,0.14519628882408142,0.7360000014305115,0.4332999885082245
YDR311W,YDL045W-A,0,-0.45641962,0.14516764879226685,0.7360000014305115,0.4334000051021576
YOR347C,YLR010C,0,-0.456823,0.14513902366161346,0.7360000014305115,0.4334999918937683
YBL050W,YDL077C,1,-0.45694554,0.14530757069587708,0.7369999885559082,0.4334999918937683
YML030W,YOR290C,0,-0.4570681,0.1452789306640625,0.7369999885559082,0.4336000084877014
YDL156W,YLR229C,0,-0.45707345,0.14525029063224792,0.7369999885559082,0.43369999527931213
YPL257W-A,YOR151C,0,-0.45726728,0.14522168040275574,0.7369999885559082,0.43380001187324524
YDR351W,YGR085C,0,-0.45740485,0.14519307017326355,0.7369999885559082,0.43389999866485596
YKL198C,YIL142W,0,-0.45742196,0.14516445994377136,0.7369999885559082,0.4339999854564667
YPL183W-A,YPR063C,0,-0.4576066,0.14513587951660156,0.7369999885559082,0.4341000020503998
YFL014W,YNL231C,0,-0.45763302,0.14510729908943176,0.7369999885559082,0.4341999888420105
YHR032W,YDR056C,0,-0.45785546,0.14507873356342316,0.7369999885559082,0.4343000054359436
YDL206W,YOL097C,0,-0.4578889,0.14505018293857574,0.7369999885559082,0.4343999922275543
YJL116C,YBR154C,0,-0.45806578,0.14502164721488953,0.7369999885559082,0.4345000088214874
YDL225W,YDL058W,0,-0.45809203,0.1449931114912033,0.7369999885559082,0.43459999561309814
YDR080W,YBR217W,1,-0.4583159,0.14516128599643707,0.7379999756813049,0.43459999561309814
YHR005C-A,YEL059C-A,0,-0.45908904,0.14513275027275085,0.7379999756813049,0.43470001220703125
YDR191W,YKL007W,0,-0.45918146,0.14510421454906464,0.7379999756813049,0.43479999899864197
YDL122W,YEL077C,0,-0.45925397,0.14507567882537842,0.7379999756813049,0.4348999857902527
YOR232W,YOR226C,0,-0.45936728,0.1450471729040146,0.7379999756813049,0.4350000023841858
YOR322C,YDL067C,0,-0.45949247,0.14501866698265076,0.7379999756813049,0.4350999891757965
YIR038C,YOR377W,0,-0.4597509,0.14499017596244812,0.7379999756813049,0.4352000057697296
YNL306W,YMR044W,0,-0.4605301,0.14496169984340668,0.7379999756813049,0.43529999256134033
YDR069C,YEL012W,0,-0.46054608,0.14493322372436523,0.7379999756813049,0.43540000915527344
YMR263W,YNL152W,0,-0.46055368,0.14490477740764618,0.7379999756813049,0.43549999594688416
YER148W,YCL026C-A,0,-0.46059424,0.14487633109092712,0.7379999756813049,0.43560001254081726
YBR210W,YML109W,0,-0.46061173,0.14484788477420807,0.7379999756813049,0.435699999332428
YLR035C-A,YFL021W,0,-0.46091303,0.1448194682598114,0.7379999756813049,0.4357999861240387
YPL016W,YBR287W,0,-0.46132237,0.14479105174541473,0.7379999756813049,0.4359000027179718
YGL220W,YDR033W,0,-0.4614046,0.14476265013217926,0.7379999756813049,0.4359999895095825
YDR338C,YPL093W,0,-0.4615199,0.14473426342010498,0.7379999756813049,0.4361000061035156
YDR523C,YPR101W,0,-0.46155235,0.1447058767080307,0.7379999756813049,0.43619999289512634
YEL064C,YDR416W,0,-0.4615724,0.1446775197982788,0.7379999756813049,0.43630000948905945
YDR461W,YMR086W,0,-0.4616449,0.14464916288852692,0.7379999756813049,0.43639999628067017
YIL145C,YDR034C,0,-0.46190435,0.14462080597877502,0.7379999756813049,0.43650001287460327
YEL027W,YFL004W,1,-0.46194726,0.14478839933872223,0.7390000224113464,0.43650001287460327
YBR247C,YPR036W,0,-0.46203777,0.14476004242897034,0.7390000224113464,0.436599999666214
YEL041W,YBR056W,0,-0.4623214,0.14473168551921844,0.7390000224113464,0.4366999864578247
YJR029W,YCL066W,0,-0.46249694,0.14470334351062775,0.7390000224113464,0.4368000030517578
YDR146C,YGR238C,0,-0.46252337,0.14467501640319824,0.7390000224113464,0.43689998984336853
YDR258C,YBR136W,0,-0.4625868,0.14464670419692993,0.7390000224113464,0.43700000643730164
YJL109C,YPL050C,0,-0.46263736,0.14461839199066162,0.7390000224113464,0.43709999322891235
YCR004C,YMR270C,0,-0.46282846,0.1445900946855545,0.7390000224113464,0.43720000982284546
YGR223C,YDR182W,0,-0.46290714,0.14456181228160858,0.7390000224113464,0.4372999966144562
YBR081C,YNL005C,0,-0.46328264,0.14453354477882385,0.7390000224113464,0.4374000132083893
YAL002W,YDR229W,1,-0.46360287,0.144700825214386,0.7400000095367432,0.4374000132083893
YDR449C,YMR284W,0,-0.46373886,0.14467252790927887,0.7400000095367432,0.4375
YHR112C,YGR125W,0,-0.46378922,0.14464426040649414,0.7400000095367432,0.4375999867916107
YPL242C,YOR063W,0,-0.46383113,0.1446159929037094,0.7400000095367432,0.4377000033855438
YOR269W,YAL053W,0,-0.4641205,0.14458772540092468,0.7400000095367432,0.43779999017715454
YJR144W,YKL178C,0,-0.4644456,0.14455948770046234,0.7400000095367432,0.43790000677108765
YLR327C,YOR206W,0,-0.46462277,0.14453125,0.7400000095367432,0.43799999356269836
YOL145C,YKR061W,0,-0.46504092,0.14450302720069885,0.7400000095367432,0.43810001015663147
YGL010W,YNL079C,0,-0.46533126,0.1444748193025589,0.7400000095367432,0.4381999969482422
YJL005W,YGL156W,0,-0.46555924,0.14444661140441895,0.7400000095367432,0.4383000135421753
YBR110W,YCR069W,0,-0.46558738,0.14441841840744019,0.7400000095367432,0.438400000333786
YIL023C,YKL001C,0,-0.46575648,0.14439024031162262,0.7400000095367432,0.43849998712539673
YLR433C,YOR025W,0,-0.46595675,0.14436207711696625,0.7400000095367432,0.43860000371932983
YNL014W,YFL041W,0,-0.4661548,0.14433391392230988,0.7400000095367432,0.43869999051094055
YHR026W,YJL133W,0,-0.4669646,0.1443057656288147,0.7400000095367432,0.43880000710487366
YPR081C,YLR182W,0,-0.4670014,0.1442776322364807,0.7400000095367432,0.4388999938964844
YOR295W,YOR197W,0,-0.4670067,0.14424951374530792,0.7400000095367432,0.4390000104904175
YPL228W,YGL004C,0,-0.46704525,0.14422139525413513,0.7400000095367432,0.4390999972820282
YOR228C,YLR015W,0,-0.46747333,0.14419329166412354,0.7400000095367432,0.4392000138759613
YFL031W,YLR353W,0,-0.46765602,0.14416520297527313,0.7400000095367432,0.439300000667572
YDR349C,YOR251C,0,-0.4678526,0.14413712918758392,0.7400000095367432,0.43939998745918274
YIR022W,YHR160C,0,-0.46806613,0.14410905539989471,0.7400000095367432,0.43950000405311584
YGL112C,YPL186C,0,-0.46807432,0.1440809965133667,0.7400000095367432,0.43959999084472656
YOR076C,YML088W,0,-0.4682038,0.14405295252799988,0.7400000095367432,0.43970000743865967
YAL040C,YHR138C,1,-0.468296,0.1442195475101471,0.7409999966621399,0.43970000743865967
YAL017W,YOR298W,0,-0.46866557,0.14419147372245789,0.7409999966621399,0.4397999942302704
YML123C,YER120W,0,-0.46880844,0.14416342973709106,0.7409999966621399,0.4399000108242035
YFL004W,YNL054W,1,-0.46887234,0.14432989060878754,0.7419999837875366,0.4399000108242035
YIL090W,YNL005C,0,-0.46911627,0.14430183172225952,0.7419999837875366,0.4399999976158142
YIL010W,YOR067C,0,-0.46973693,0.1442737728357315,0.7419999837875366,0.4401000142097473
YGL128C,YMR278W,0,-0.4699616,0.14424572885036469,0.7419999837875366,0.44020000100135803
YHR191C,YDR238C,0,-0.47001612,0.14421768486499786,0.7419999837875366,0.44029998779296875
YHR181W,YGL237C,0,-0.47062498,0.14418965578079224,0.7419999837875366,0.44040000438690186
YDR051C,YDL130W-A,0,-0.47063926,0.1441616415977478,0.7419999837875366,0.4404999911785126
YML099C,YPR026W,0,-0.47066978,0.14413364231586456,0.7419999837875366,0.4406000077724457
YBR274W,YKL216W,0,-0.470953,0.14410565793514252,0.7419999837875366,0.4406999945640564
YCR081W,YBR056W,0,-0.47097722,0.14407767355442047,0.7419999837875366,0.4408000111579895
YJL082W,YBR067C,0,-0.4710738,0.14404970407485962,0.7419999837875366,0.4408999979496002
YBL078C,YBR080C,1,-0.47112578,0.14421583712100983,0.7429999709129333,0.4408999979496002
YLR283W,YMR070W,0,-0.47165543,0.14418785274028778,0.7429999709129333,0.4410000145435333
YER016W,YEL053C,0,-0.47172058,0.14415988326072693,0.7429999709129333,0.44110000133514404
YDL114W,YJL114W,0,-0.47182286,0.14413191378116608,0.7429999709129333,0.44119998812675476
YDR306C,YMR013C,0,-0.4720208,0.14410395920276642,0.7429999709129333,0.44130000472068787
YDR447C,YER052C,0,-0.4725628,0.14407601952552795,0.7429999709129333,0.4413999915122986
YGR085C,YLL033W,0,-0.47294083,0.1440480798482895,0.7429999709129333,0.4415000081062317
YML001W,YDR134C,0,-0.47294205,0.14402015507221222,0.7429999709129333,0.4415999948978424
YHL016C,YJL048C,0,-0.4730506,0.14399224519729614,0.7429999709129333,0.4417000114917755
YMR119W,YNL335W,0,-0.47338432,0.14396435022354126,0.7429999709129333,0.44179999828338623
YLL002W,YDR162C,0,-0.4735443,0.14393645524978638,0.7429999709129333,0.44190001487731934
YPR060C,YML081C-A,0,-0.4736151,0.1439085751771927,0.7429999709129333,0.44200000166893005
YIL048W,YDR363W-A,0,-0.473886,0.1438807100057602,0.7429999709129333,0.44209998846054077
YMR306W,YOR085W,0,-0.47394633,0.1438528597354889,0.7429999709129333,0.4422000050544739
YPL129W,YBL041W,0,-0.47409272,0.1438250094652176,0.7429999709129333,0.4422999918460846
YGL157W,YIL063C,0,-0.47411913,0.14379717409610748,0.7429999709129333,0.4424000084400177
YBR070C,YGR238C,0,-0.47413868,0.14376935362815857,0.7429999709129333,0.4424999952316284
YEL041W,YBR173C,0,-0.47437447,0.14374153316020966,0.7429999709129333,0.4426000118255615
YPL147W,YPL244C,0,-0.4746389,0.14371372759342194,0.7429999709129333,0.44269999861717224
YPL127C,YMR247C,0,-0.47476572,0.1436859369277954,0.7429999709129333,0.44279998540878296
YDR163W,YHR039C,0,-0.47478265,0.14365816116333008,0.7429999709129333,0.44290000200271606
YBL085W,YFL039C,0,-0.47494453,0.14363038539886475,0.7429999709129333,0.4429999887943268
YPR204W,YKR048C,0,-0.47531754,0.1436026245355606,0.7429999709129333,0.4431000053882599
YER098W,YEL026W,0,-0.47555822,0.14357487857341766,0.7429999709129333,0.4431999921798706
YER094C,YPL017C,0,-0.47556776,0.1435471475124359,0.7429999709129333,0.4433000087738037
YNR072W,YGR034W,0,-0.47572786,0.14351941645145416,0.7429999709129333,0.44339999556541443
YFL004W,YBR264C,0,-0.47574794,0.1434917002916336,0.7429999709129333,0.44350001215934753
YGL055W,YML081C-A,0,-0.4757688,0.14346398413181305,0.7429999709129333,0.44359999895095825
YFL001W,YOR211C,0,-0.47577345,0.14343629777431488,0.7429999709129333,0.44369998574256897
YGL226C-A,YLR378C,0,-0.4759636,0.1434086114168167,0.7429999709129333,0.4438000023365021
YLR035C-A,YOL007C,0,-0.47596776,0.14338093996047974,0.7429999709129333,0.4438999891281128
YML066C,YGR071C,0,-0.4759747,0.14335326850414276,0.7429999709129333,0.4440000057220459
YAL012W,YLR136C,0,-0.47641593,0.14332561194896698,0.7429999709129333,0.4440999925136566
YJL103C,YIL080W,0,-0.47646847,0.1432979702949524,0.7429999709129333,0.4442000091075897
YJR119C,YGL163C,0,-0.4767544,0.143270343542099,0.7429999709129333,0.44429999589920044
YGL226C-A,YJR016C,0,-0.47690773,0.1432427167892456,0.7429999709129333,0.44440001249313354
YDR506C,YIR023W,0,-0.4769976,0.1432151049375534,0.7429999709129333,0.44449999928474426
YDR532C,YER053C,0,-0.47700298,0.1431875079870224,0.7429999709129333,0.444599986076355
YDR055W,YML097C,0,-0.4773095,0.1431599259376526,0.7429999709129333,0.4447000026702881
YGR056W,YPL190C,0,-0.4773317,0.14313234388828278,0.7429999709129333,0.4447999894618988
YLR035C-A,YDL138W,0,-0.477415,0.14310477674007416,0.7429999709129333,0.4449000060558319
YAL002W,YIL041W,1,-0.47794285,0.14326979219913483,0.7440000176429749,0.4449000060558319
YDL025C,YKL165C,0,-0.47806644,0.14324219524860382,0.7440000176429749,0.4449999928474426
YKR105C,YLR433C,0,-0.47815168,0.1432146281003952,0.7440000176429749,0.44510000944137573
YAL042W,YPL053C,0,-0.47828966,0.14318706095218658,0.7440000176429749,0.44519999623298645
YNL037C,YPR133W-A,0,-0.4783267,0.14315950870513916,0.7440000176429749,0.44530001282691956
YPL019C,YHR174W,1,-0.47854418,0.1433243602514267,0.7450000047683716,0.44530001282691956
YOR278W,YOR151C,0,-0.47868344,0.14329679310321808,0.7450000047683716,0.4453999996185303
YOR056C,YDR461W,0,-0.47898978,0.14326922595500946,0.7450000047683716,0.445499986410141
YNL117W,YCL032W,0,-0.47915715,0.14324168860912323,0.7450000047683716,0.4456000030040741
YOR141C,YGL032C,0,-0.47921288,0.143214151263237,0.7450000047683716,0.4456999897956848
YGR065C,YDR489W,0,-0.4792563,0.14318662881851196,0.7450000047683716,0.4458000063896179
YLR270W,YKR006C,0,-0.47951606,0.14315910637378693,0.7450000047683716,0.44589999318122864
YJR145C,YOR014W,0,-0.4796785,0.14313159883022308,0.7450000047683716,0.44600000977516174
YCR042C,YDR156W,0,-0.47981685,0.14310410618782043,0.7450000047683716,0.44609999656677246
YNL079C,YNL326C,1,-0.48032534,0.1432686746120453,0.7459999918937683,0.44609999656677246
YDL077C,YGR013W,0,-0.48051298,0.14324116706848145,0.7459999918937683,0.44620001316070557
YNR056C,YKR057W,0,-0.48065645,0.1432136744260788,0.7459999918937683,0.4462999999523163
YDR046C,YER001W,0,-0.48080555,0.14318618178367615,0.7459999918937683,0.446399986743927
YOL142W,YGR183C,0,-0.48094657,0.1431587040424347,0.7459999918937683,0.4465000033378601
YDR043C,YNL229C,0,-0.48151073,0.14313124120235443,0.7459999918937683,0.4465999901294708
YER130C,YDR507C,0,-0.4817216,0.14310377836227417,0.7459999918937683,0.44670000672340393
YDR376W,YGL174W,0,-0.48200992,0.1430763304233551,0.7459999918937683,0.44679999351501465
YDR060W,YML072C,0,-0.4820315,0.14304889738559723,0.7459999918937683,0.44690001010894775
YLR100W,YOR005C,0,-0.48224592,0.14302147924900055,0.7459999918937683,0.44699999690055847
YDR293C,YOR283W,0,-0.48232767,0.14299406111240387,0.7459999918937683,0.4471000134944916
YFL039C,YAL002W,1,-0.4824965,0.14315830171108246,0.746999979019165,0.4471000134944916
YJL111W,YMR114C,0,-0.48252976,0.14313086867332458,0.746999979019165,0.4472000002861023
YLR233C,YOR075W,0,-0.48288918,0.1431034505367279,0.746999979019165,0.447299987077713
YMR218C,YDL006W,0,-0.4829408,0.14307603240013123,0.746999979019165,0.4474000036716461
YDL047W,YNR011C,0,-0.4831375,0.14304864406585693,0.746999979019165,0.44749999046325684
YLR191W,YPL170W,0,-0.48320374,0.14302125573158264,0.746999979019165,0.44760000705718994
YDR487C,YGL020C,0,-0.48367822,0.14299386739730835,0.746999979019165,0.44769999384880066
YNL079C,YDL077C,1,-0.48393762,0.14315789937973022,0.7480000257492065,0.44769999384880066
YFL034C-B,YHL018W,0,-0.48396832,0.14313049614429474,0.7480000257492065,0.44780001044273376
YJL109C,YPL134C,0,-0.48416424,0.14310312271118164,0.7480000257492065,0.4478999972343445
YOR173W,YNL222W,0,-0.4848301,0.14307574927806854,0.7480000257492065,0.4480000138282776
YDR524C,YIR036C,0,-0.48506796,0.14304839074611664,0.7480000257492065,0.4481000006198883
YHR072W,YHR029C,0,-0.48518825,0.14302103221416473,0.7480000257492065,0.448199987411499
YHR128W,YIL051C,0,-0.48542473,0.14299368858337402,0.7480000257492065,0.44830000400543213
YMR263W,YMR090W,0,-0.48547465,0.1429663598537445,0.7480000257492065,0.44839999079704285
YHR168W,YOR211C,0,-0.485838,0.14293904602527618,0.7480000257492065,0.44850000739097595
YPR162C,YFL002W-B,0,-0.48612332,0.14291173219680786,0.7480000257492065,0.44859999418258667
YIL048W,YPR049C,1,-0.4864142,0.14307545125484467,0.7490000128746033,0.44859999418258667
YDR373W,YFR051C,0,-0.48665887,0.14304812252521515,0.7490000128746033,0.4487000107765198
YFL048C,YLR452C,0,-0.4868118,0.14302080869674683,0.7490000128746033,0.4487999975681305
YER160C,YHL022C,0,-0.48732632,0.1429935097694397,0.7490000128746033,0.4489000141620636
YBR059C,YNL218W,0,-0.48733622,0.14296621084213257,0.7490000128746033,0.4490000009536743
YHL027W,YDR270W,0,-0.48770288,0.14293892681598663,0.7490000128746033,0.44909998774528503
YOL028C,YDR084C,0,-0.48782617,0.1429116576910019,0.7490000128746033,0.44920000433921814
YOL151W,YHL019C,0,-0.4878808,0.14288438856601715,0.7490000128746033,0.44929999113082886
YBR041W,YLR276C,0,-0.48822927,0.1428571492433548,0.7490000128746033,0.44940000772476196
YBR293W,YPL281C,0,-0.48850572,0.14282989501953125,0.7490000128746033,0.4494999945163727
YNL098C,YGR070W,0,-0.48858455,0.1428026705980301,0.7490000128746033,0.4496000111103058
YLR459W,YDR172W,0,-0.48864448,0.14277544617652893,0.7490000128746033,0.4496999979019165
YOR198C,YOL016C,0,-0.48873135,0.14274823665618896,0.7490000128746033,0.4498000144958496
YIL004C,YLR238W,0,-0.48886713,0.1427210420370102,0.7490000128746033,0.4499000012874603
YMR043W,YNL220W,0,-0.48904786,0.14269384741783142,0.7490000128746033,0.44999998807907104
YDR046C,YDL079C,0,-0.48910314,0.14266666769981384,0.7490000128746033,0.45010000467300415
YEL064C,YPR151C,0,-0.48910943,0.14263950288295746,0.7490000128746033,0.45019999146461487
YDR117C,YPL027W,0,-0.48959196,0.14261233806610107,0.7490000128746033,0.450300008058548
YOR147W,YNR045W,0,-0.489802,0.14258518815040588,0.7490000128746033,0.4503999948501587
YKR068C,YNL003C,0,-0.48984045,0.1425580531358719,0.7490000128746033,0.4505000114440918
YOR219C,YMR182C,0,-0.48987675,0.1425309181213379,0.7490000128746033,0.4505999982357025
YGR249W,YDR450W,0,-0.48987734,0.1425037980079651,0.7490000128746033,0.4507000148296356
YDL120W,YFL008W,0,-0.49009806,0.14247669279575348,0.7490000128746033,0.45080000162124634
YOR326W,YLR386W,1,-0.49038672,0.14263978600502014,0.75,0.45080000162124634
YMR060C,YLR441C,0,-0.49062228,0.14261266589164734,0.75,0.45089998841285706
YGR105W,YOR085W,0,-0.49067062,0.14258554577827454,0.75,0.45100000500679016
YBR158W,YMR273C,0,-0.4906923,0.14255845546722412,0.75,0.4510999917984009
YOL064C,YIL177C,0,-0.49070737,0.1425313502550125,0.75,0.451200008392334
YMR016C,YMR056C,0,-0.49106705,0.1425042748451233,0.75,0.4512999951839447
YNL015W,YJR133W,0,-0.49107444,0.14247719943523407,0.75,0.4514000117778778
YNL107W,YLL009C,0,-0.49161208,0.14245013892650604,0.75,0.4514999985694885
YGL211W,YLR174W,0,-0.49167347,0.1424230933189392,0.75,0.45159998536109924
YHR176W,YJR134C,0,-0.4925211,0.14239604771137238,0.75,0.45170000195503235
YPL045W,YDR080W,1,-0.4927915,0.14255884289741516,0.7509999871253967,0.45170000195503235
YHR188C,YDL074C,0,-0.49281096,0.14253178238868713,0.7509999871253967,0.45179998874664307
YNL189W,YPL230W,0,-0.49296054,0.1425047367811203,0.7509999871253967,0.45190000534057617
YMR306W,YKL022C,0,-0.49318054,0.14247770607471466,0.7509999871253967,0.4519999921321869
YDR466W,YOR071C,0,-0.4931878,0.14245069026947021,0.7509999871253967,0.45210000872612
YCL069W,YER061C,0,-0.49360162,0.14242367446422577,0.7509999871253967,0.4521999955177307
YNL271C,YGR075C,0,-0.4936278,0.14239665865898132,0.7509999871253967,0.4523000121116638
YDR166C,YOL003C,0,-0.4937247,0.14236967265605927,0.7509999871253967,0.45239999890327454
YDL077C,YOR068C,1,-0.49381682,0.14253221452236176,0.7519999742507935,0.45239999890327454
YOR153W,YDL064W,0,-0.49386048,0.1425052136182785,0.7519999742507935,0.45249998569488525
YDR410C,YMR201C,0,-0.4940624,0.14247821271419525,0.7519999742507935,0.45260000228881836
YER054C,YOR178C,0,-0.494425,0.1424512267112732,0.7519999742507935,0.4526999890804291
YER170W,YIL065C,0,-0.49444997,0.14242424070835114,0.7519999742507935,0.4528000056743622
YBR092C,YBR239C,0,-0.4945296,0.14239726960659027,0.7519999742507935,0.4528999924659729
YCR030C,YBR001C,0,-0.49463287,0.1423703134059906,0.7519999742507935,0.453000009059906
YJR032W,YHR026W,0,-0.4946559,0.14234337210655212,0.7519999742507935,0.4530999958515167
YGR185C,YDL079C,0,-0.49490935,0.14231643080711365,0.7519999742507935,0.45320001244544983
YOL119C,YNL127W,0,-0.49494743,0.14228950440883636,0.7519999742507935,0.45329999923706055
YGR038C-B,YOR231W,0,-0.49536195,0.14226257801055908,0.7519999742507935,0.45339998602867126
YJL209W,YKL182W,0,-0.4953854,0.142235666513443,0.7519999742507935,0.45350000262260437
YJR161C,YDR051C,0,-0.49549288,0.1422087699174881,0.7519999742507935,0.4535999894142151
YCR028C,YKL220C,0,-0.4957573,0.1421818882226944,0.7519999742507935,0.4537000060081482
YLR105C,YDL035C,0,-0.4957953,0.1421550065279007,0.7519999742507935,0.4537999927997589
YKL203C,YMR139W,0,-0.49582046,0.1421281397342682,0.7519999742507935,0.453900009393692
YMR100W,YOR003W,0,-0.49599832,0.14210128784179688,0.7519999742507935,0.45399999618530273
YPL249C,YPL037C,0,-0.49631298,0.14207443594932556,0.7519999742507935,0.45410001277923584
YGL222C,YPL167C,0,-0.49660507,0.14204759895801544,0.7519999742507935,0.45419999957084656
YLR166C,YIR033W,0,-0.49662384,0.14202077686786652,0.7519999742507935,0.4542999863624573
YNL147W,YLR425W,0,-0.4969362,0.1419939547777176,0.7519999742507935,0.4544000029563904
YKL201C,YBR283C,0,-0.4974518,0.14196714758872986,0.7519999742507935,0.4544999897480011
YPL200W,YBR258C,0,-0.49747536,0.14194035530090332,0.7519999742507935,0.4546000063419342
YGR220C,YGR085C,0,-0.49805826,0.14191356301307678,0.7519999742507935,0.4546999931335449
YMR067C,YJL225C,0,-0.4987024,0.14188678562641144,0.7519999742507935,0.454800009727478
YNL093W,YDR171W,0,-0.49872565,0.1418600231409073,0.7519999742507935,0.45489999651908875
YMR312W,YLR406C,0,-0.4995028,0.14183327555656433,0.7519999742507935,0.45500001311302185
YDL232W,YDL065C,0,-0.49961478,0.14180652797222137,0.7519999742507935,0.45509999990463257
YER036C,YIR012W,0,-0.4997405,0.1417797952890396,0.7519999742507935,0.4551999866962433
YCR057C,YIL162W,0,-0.49994683,0.14175306260585785,0.7519999742507935,0.4553000032901764
YDL178W,YGL210W,0,-0.5004243,0.14172634482383728,0.7519999742507935,0.4553999900817871
YGR072W,YOR329C,0,-0.500666,0.1416996419429779,0.7519999742507935,0.4555000066757202
YDR169C,YJR005W,0,-0.50071543,0.14167293906211853,0.7519999742507935,0.45559999346733093
YER019W,YJL138C,0,-0.5010834,0.14164626598358154,0.7519999742507935,0.45570001006126404
YHR098C,YML036W,0,-0.50111926,0.14161959290504456,0.7519999742507935,0.45579999685287476
YLR192C,YMR143W,0,-0.50116533,0.14159291982650757,0.7519999742507935,0.45590001344680786
YBR022W,YJL095W,0,-0.5013565,0.14156626164913177,0.7519999742507935,0.4560000002384186
YNL077W,YBL003C,0,-0.5016385,0.14153961837291718,0.7519999742507935,0.4560999870300293
YNL329C,YDL215C,0,-0.5019343,0.14151298999786377,0.7519999742507935,0.4562000036239624
YNL217W,YHR091C,0,-0.50194997,0.14148636162281036,0.7519999742507935,0.4562999904155731
YGR105W,YIL158W,0,-0.50234693,0.14145974814891815,0.7519999742507935,0.4564000070095062
YOR147W,YPR191W,0,-0.5025343,0.14143313467502594,0.7519999742507935,0.45649999380111694
YOR355W,YOR061W,0,-0.5025476,0.14140655100345612,0.7519999742507935,0.45660001039505005
YDL204W,YGR010W,0,-0.50261927,0.1413799524307251,0.7519999742507935,0.45669999718666077
YGR014W,YKL130C,0,-0.50303316,0.14135338366031647,0.7519999742507935,0.45680001378059387
YJL053W,YMR058W,0,-0.50323933,0.14132681488990784,0.7519999742507935,0.4569000005722046
YNL292W,YBR223C,0,-0.5033711,0.1413002610206604,0.7519999742507935,0.4569999873638153
YKL198C,YOR141C,0,-0.50361955,0.14127372205257416,0.7519999742507935,0.4571000039577484
YDR225W,YNL191W,0,-0.5037752,0.14124718308448792,0.7519999742507935,0.45719999074935913
YDR060W,YHR187W,0,-0.50405455,0.14122065901756287,0.7519999742507935,0.45730000734329224
YOL004W,YPL129W,0,-0.50411737,0.14119413495063782,0.7519999742507935,0.45739999413490295
YOR153W,YJL008C,0,-0.504224,0.14116764068603516,0.7519999742507935,0.45750001072883606
YJR144W,YFL039C,0,-0.5044677,0.1411411464214325,0.7519999742507935,0.4575999975204468
YPR001W,YDL008W,0,-0.50453436,0.14111465215682983,0.7519999742507935,0.4577000141143799
YPR061C,YML026C,0,-0.50481135,0.14108817279338837,0.7519999742507935,0.4578000009059906
YDR379W,YML022W,0,-0.5049634,0.1410617083311081,0.7519999742507935,0.4578999876976013
YGL121C,YDR104C,0,-0.50514126,0.141035258769989,0.7519999742507935,0.4580000042915344
YJL128C,YHR013C,0,-0.50569874,0.14100880920886993,0.7519999742507935,0.45809999108314514
YDL044C,YLR295C,0,-0.5062909,0.14098237454891205,0.7519999742507935,0.45820000767707825
YGL201C,YBR123C,0,-0.5063108,0.14095595479011536,0.7519999742507935,0.45829999446868896
YLR005W,YGL125W,0,-0.50645983,0.14092953503131866,0.7519999742507935,0.45840001106262207
YGL002W,YFL024C,0,-0.50683415,0.14090313017368317,0.7519999742507935,0.4584999978542328
YGR195W,YMR128W,0,-0.5069709,0.14087674021720886,0.7519999742507935,0.4586000144481659
YBR080C,YLR386W,1,-0.50709754,0.14103764295578003,0.753000020980835,0.4586000144481659
YJL112W,YBR205W,0,-0.50715524,0.14101123809814453,0.753000020980835,0.4587000012397766
YJL219W,YDL033C,0,-0.5072894,0.14098483324050903,0.753000020980835,0.45879998803138733
YBL050W,YFR019W,0,-0.5074409,0.14095844328403473,0.753000020980835,0.45890000462532043
YIL113W,YGL135W,0,-0.50753814,0.14093205332756042,0.753000020980835,0.45899999141693115
YHR070W,YDR174W,0,-0.5076612,0.1409056931734085,0.753000020980835,0.45910000801086426
YDR354W,YBR058C-A,0,-0.50773114,0.1408793330192566,0.753000020980835,0.459199994802475
YNR049C,YDR432W,0,-0.5078696,0.14085297286510468,0.753000020980835,0.4593000113964081
YDL028C,YCR012W,0,-0.50788033,0.14082662761211395,0.753000020980835,0.4593999981880188
YHR012W,YLL010C,0,-0.508107,0.14080029726028442,0.753000020980835,0.4595000147819519
YJR092W,YGR281W,0,-0.5081914,0.1407739818096161,0.753000020980835,0.4596000015735626
YOR211C,YIL125W,0,-0.5082082,0.14074766635894775,0.753000020980835,0.45969998836517334
YOR322C,YHR026W,0,-0.50824785,0.1407213658094406,0.753000020980835,0.45980000495910645
YDR012W,YKL211C,0,-0.5085189,0.14069506525993347,0.753000020980835,0.45989999175071716
YNL307C,YNL325C,0,-0.50852394,0.14066877961158752,0.753000020980835,0.46000000834465027
YPR024W,YMR029C,0,-0.5085588,0.14064250886440277,0.753000020980835,0.460099995136261
YDR173C,YPL180W,0,-0.50869256,0.1406162530183792,0.753000020980835,0.4602000117301941
YHR206W,YDR506C,0,-0.5087076,0.14058999717235565,0.753000020980835,0.4602999985218048
YOR174W,YNL279W,0,-0.5088352,0.1405637413263321,0.753000020980835,0.4603999853134155
YEL012W,YML062C,0,-0.5092367,0.14053751528263092,0.753000020980835,0.46050000190734863
YKL003C,YAL020C,0,-0.5095489,0.14051128923892975,0.753000020980835,0.46059998869895935
YHR099W,YJR099W,0,-0.5100713,0.14048507809638977,0.753000020980835,0.46070000529289246
YMR165C,YHR160C,0,-0.51032907,0.1404588669538498,0.753000020980835,0.4607999920845032
YHR183W,YIR034C,0,-0.5104674,0.140432670712471,0.753000020980835,0.4609000086784363
YIL017C,YNL312W,0,-0.51070356,0.14040648937225342,0.753000020980835,0.460999995470047
YMR168C,YNL323W,0,-0.5110454,0.14038030803203583,0.753000020980835,0.4611000120639801
YPL236C,YDR074W,0,-0.51141554,0.14035414159297943,0.753000020980835,0.4611999988555908
YKL146W,YBR298C,0,-0.5114719,0.14032799005508423,0.753000020980835,0.46129998564720154
YEL036C,YDR483W,0,-0.5115453,0.14030183851718903,0.753000020980835,0.46140000224113464
YNL316C,YGR036C,0,-0.5121806,0.14027570188045502,0.753000020980835,0.46149998903274536
YBR132C,YAL013W,0,-0.51225287,0.1402495801448822,0.753000020980835,0.46160000562667847
YKL195W,YMR025W,0,-0.5122706,0.1402234584093094,0.753000020980835,0.4616999924182892
YJL178C,YBR105C,1,-0.5125796,0.1403835415840149,0.7540000081062317,0.4616999924182892
YNR060W,YLR090W,0,-0.51272273,0.14035740494728088,0.7540000081062317,0.4618000090122223
YIL067C,YKL212W,0,-0.5128604,0.14033128321170807,0.7540000081062317,0.461899995803833
YCR093W,YKL184W,0,-0.5130866,0.14030517637729645,0.7540000081062317,0.4620000123977661
YOR098C,YPL188W,0,-0.5133243,0.14027906954288483,0.7540000081062317,0.46209999918937683
YIL138C,YLR408C,0,-0.51338917,0.1402529776096344,0.7540000081062317,0.46219998598098755
YHR187W,YJR070C,0,-0.51344603,0.14022688567638397,0.7540000081062317,0.46230000257492065
YDR283C,YOL152W,0,-0.5136364,0.14020082354545593,0.7540000081062317,0.46239998936653137
YER045C,YOL039W,0,-0.51370054,0.1401747465133667,0.7540000081062317,0.4625000059604645
YDR026C,YDR304C,0,-0.51389426,0.14014869928359985,0.7540000081062317,0.4625999927520752
YEL013W,YEL062W,0,-0.5139305,0.140122652053833,0.7540000081062317,0.4627000093460083
YFR008W,YMR075W,0,-0.5141417,0.14009661972522736,0.7540000081062317,0.462799996137619
YGL060W,YER171W,0,-0.5143598,0.1400705873966217,0.7540000081062317,0.4629000127315521
YIL048W,YHR138C,1,-0.51494855,0.14023031294345856,0.7549999952316284,0.4629000127315521
YPL276W,YDL115C,0,-0.5153041,0.1402042657136917,0.7549999952316284,0.46299999952316284
YOR204W,YMR283C,0,-0.51538116,0.14017823338508606,0.7549999952316284,0.46309998631477356
YBL090W,YKL088W,0,-0.5167273,0.1401522159576416,0.7549999952316284,0.46320000290870667
YCL027W,YLR047C,0,-0.5170548,0.14012621343135834,0.7549999952316284,0.4632999897003174
YDR169C,YER111C,0,-0.51716125,0.14010021090507507,0.7549999952316284,0.4634000062942505
YNL070W,YNL220W,0,-0.5173015,0.1400742083787918,0.7549999952316284,0.4634999930858612
YNL290W,YDR316W,0,-0.5175608,0.14004823565483093,0.7549999952316284,0.4636000096797943
YDR472W,YFR021W,0,-0.5177569,0.14002224802970886,0.7549999952316284,0.46369999647140503
YLR364W,YKL027W,0,-0.5178013,0.13999629020690918,0.7549999952316284,0.46380001306533813
YKL182W,YNL099C,0,-0.5178025,0.1399703323841095,0.7549999952316284,0.46389999985694885
YPL112C,YNR045W,0,-0.5178941,0.139944389462471,0.7549999952316284,0.46399998664855957
YOR283W,YBR058C-A,0,-0.5179599,0.1399184614419937,0.7549999952316284,0.4641000032424927
YLR325C,YGR084C,0,-0.51799375,0.13989253342151642,0.7549999952316284,0.4641999900341034
YNL073W,YMR092C,0,-0.5182652,0.13986662030220032,0.7549999952316284,0.4643000066280365
YHR105W,YKL041W,0,-0.51895744,0.13984070718288422,0.7549999952316284,0.4643999934196472
YBR199W,YPR151C,0,-0.5194861,0.1398148089647293,0.7549999952316284,0.4645000100135803
YNL015W,YGL180W,1,-0.51960427,0.13997407257556915,0.7559999823570251,0.4645000100135803
YCR075C,YDR147W,0,-0.52001595,0.13994817435741425,0.7559999823570251,0.46459999680519104
YML128C,YOL016C,0,-0.52028996,0.13992226123809814,0.7559999823570251,0.46470001339912415
YDR265W,YLR295C,0,-0.521153,0.13989637792110443,0.7559999823570251,0.46480000019073486
YCL063W,YBR098W,0,-0.5212329,0.13987049460411072,0.7559999823570251,0.4648999869823456
YPL123C,YML049C,0,-0.5215356,0.139844611287117,0.7559999823570251,0.4650000035762787
YDR326C,YAL020C,0,-0.5216713,0.13981875777244568,0.7559999823570251,0.4650999903678894
YGR281W,YIL142W,0,-0.5216982,0.13979290425777435,0.7559999823570251,0.4652000069618225
YMR202W,YMR278W,0,-0.5217912,0.13976705074310303,0.7559999823570251,0.4652999937534332
YLL019C,YGR091W,0,-0.5220278,0.1397412270307541,0.7559999823570251,0.46540001034736633
YPR103W,YEL056W,0,-0.5221725,0.13971538841724396,0.7559999823570251,0.46549999713897705
YDL121C,YMR315W,0,-0.52236813,0.1396895796060562,0.7559999823570251,0.46560001373291016
YML008C,YKL038W,0,-0.52237695,0.13966377079486847,0.7559999823570251,0.4657000005245209
YNL110C,YDL024C,0,-0.5224287,0.13963797688484192,0.7559999823570251,0.4657999873161316
YOL071W,YHR079C-A,0,-0.52279615,0.13961218297481537,0.7559999823570251,0.4659000039100647
YML087C,YGR034W,0,-0.5230773,0.13958640396595,0.7559999823570251,0.4659999907016754
YEL040W,YMR017W,0,-0.5231613,0.13956063985824585,0.7559999823570251,0.4661000072956085
YGL055W,YLR003C,0,-0.52371514,0.13953489065170288,0.7559999823570251,0.46619999408721924
YCR081W,YMR257C,0,-0.52373254,0.1395091414451599,0.7559999823570251,0.46630001068115234
YDL097C,YPL106C,0,-0.52379143,0.13948339223861694,0.7559999823570251,0.46639999747276306
YGR203W,YPR001W,0,-0.5244122,0.13945765793323517,0.7559999823570251,0.46650001406669617
YDL035C,YER165W,0,-0.5245164,0.1394319385290146,0.7559999823570251,0.4666000008583069
YHR072W,YDL208W,0,-0.5246034,0.1394062340259552,0.7559999823570251,0.4666999876499176
YFR009W,YKL088W,0,-0.52476186,0.1393805295228958,0.7559999823570251,0.4668000042438507
YOR306C,YDL020C,0,-0.5249747,0.13935483992099762,0.7559999823570251,0.4668999910354614
YKL053C-A,YDL166C,0,-0.5253494,0.13932915031909943,0.7559999823570251,0.46700000762939453
YJR076C,YGR222W,0,-0.52553445,0.13930347561836243,0.7559999823570251,0.46709999442100525
YIL067C,YGR292W,0,-0.5255901,0.13927781581878662,0.7559999823570251,0.46720001101493835
YHR164C,YML091C,0,-0.52585524,0.139252170920372,0.7559999823570251,0.4672999978065491
YOR346W,YBR105C,0,-0.5259748,0.1392265260219574,0.7559999823570251,0.4674000144004822
YPR042C,YJR064W,0,-0.52647203,0.13920088112354279,0.7559999823570251,0.4675000011920929
YLR128W,YNL272C,0,-0.52687657,0.13917525112628937,0.7559999823570251,0.4675999879837036
YNL232W,YDR283C,0,-0.52706385,0.13914963603019714,0.7559999823570251,0.4677000045776367
YOL082W,YKR092C,0,-0.5271267,0.1391240358352661,0.7559999823570251,0.46779999136924744
YDL217C,YLR350W,0,-0.5272903,0.13909843564033508,0.7559999823570251,0.46790000796318054
YBL078C,YNL015W,1,-0.52772117,0.1392568051815033,0.7570000290870667,0.46790000796318054
YHR086W,YDL112W,0,-0.52786195,0.13923119008541107,0.7570000290870667,0.46799999475479126
YER089C,YGL124C,0,-0.52792954,0.13920558989048004,0.7570000290870667,0.46810001134872437
YOL139C,YBR041W,0,-0.5280057,0.139179989695549,0.7570000290870667,0.4681999981403351
YDR225W,YML106W,0,-0.52810353,0.13915440440177917,0.7570000290870667,0.4683000147342682
YDL059C,YPR081C,0,-0.5281059,0.13912883400917053,0.7570000290870667,0.4684000015258789
YLR393W,YJR058C,0,-0.5282292,0.1391032636165619,0.7570000290870667,0.4684999883174896
YJL200C,YHR214C-B,0,-0.5282824,0.13907770812511444,0.7570000290870667,0.46860000491142273
YAL039C,YMR065W,0,-0.52858907,0.13905216753482819,0.7570000290870667,0.46869999170303345
YBR302C,YGR075C,0,-0.5288865,0.13902662694454193,0.7570000290870667,0.46880000829696655
YNR069C,YJL137C,0,-0.52913624,0.13900110125541687,0.7570000290870667,0.46889999508857727
YIL143C,YCR047C,0,-0.5294604,0.1389755755662918,0.7570000290870667,0.4690000116825104
YIL041W,YHR138C,1,-0.52968806,0.13913363218307495,0.7580000162124634,0.4690000116825104
YDR134C,YKL007W,0,-0.5297667,0.1391080915927887,0.7580000162124634,0.4690999984741211
YMR023C,YOR299W,0,-0.5300616,0.13908256590366364,0.7580000162124634,0.4691999852657318
YNL304W,YDR153C,0,-0.5301814,0.13905705511569977,0.7580000162124634,0.4693000018596649
YBR042C,YIL080W,0,-0.5303942,0.1390315443277359,0.7580000162124634,0.46939998865127563
YIL084C,YNL099C,0,-0.53061306,0.13900604844093323,0.7580000162124634,0.46950000524520874
YGR194C,YBR036C,0,-0.53167313,0.13898056745529175,0.7580000162124634,0.46959999203681946
YOR150W,YLR224W,0,-0.53178746,0.13895508646965027,0.7580000162124634,0.46970000863075256
YGL100W,YGR159C,0,-0.53185886,0.13892962038516998,0.7580000162124634,0.4697999954223633
YCR093W,YBR072W,0,-0.5321467,0.1389041543006897,0.7580000162124634,0.4699000120162964
YGL089C,YAL040C,0,-0.5322775,0.1388787031173706,0.7580000162124634,0.4699999988079071
YGL226C-A,YJL112W,0,-0.532769,0.1388532668352127,0.7580000162124634,0.4700999855995178
YPL153C,YMR203W,0,-0.53288525,0.138827845454216,0.7580000162124634,0.4702000021934509
YMR270C,YOR190W,0,-0.5331038,0.1388024240732193,0.7580000162124634,0.47029998898506165
YPL227C,YJL071W,0,-0.5332887,0.1387770026922226,0.7580000162124634,0.47040000557899475
YER046W,YHR036W,0,-0.5336207,0.13875159621238708,0.7580000162124634,0.47049999237060547
YHR147C,YPL072W,0,-0.53396875,0.13872620463371277,0.7580000162124634,0.4706000089645386
YIL113W,YLL015W,0,-0.53403944,0.13870082795619965,0.7580000162124634,0.4706999957561493
YHL047C,YDR392W,0,-0.53404975,0.13867545127868652,0.7580000162124634,0.4708000123500824
YIL017C,YNL298W,0,-0.53429246,0.1386500895023346,0.7580000162124634,0.4708999991416931
YIL050W,YMR293C,0,-0.5343804,0.13862472772598267,0.7580000162124634,0.47099998593330383
YIL083C,YPL227C,0,-0.53454256,0.13859938085079193,0.7580000162124634,0.47110000252723694
YDR376W,YDR338C,0,-0.53454477,0.1385740339756012,0.7580000162124634,0.47119998931884766
YMR280C,YPR101W,0,-0.5346364,0.13854871690273285,0.7580000162124634,0.47130000591278076
YPL183W-A,YLR153C,0,-0.53523517,0.1385233849287033,0.7580000162124634,0.4713999927043915
YHR102W,YGR148C,0,-0.5352958,0.13849808275699615,0.7580000162124634,0.4715000092983246
YJL011C,YHR050W,0,-0.5356855,0.138472780585289,0.7580000162124634,0.4715999960899353
YKR010C,YPL048W,0,-0.5359915,0.13844749331474304,0.7580000162124634,0.4717000126838684
YCL063W,YFL039C,1,-0.5361023,0.13860481977462769,0.7590000033378601,0.4717000126838684
YIL050W,YHL027W,0,-0.5361325,0.13857951760292053,0.7590000033378601,0.4717999994754791
YLR022C,YPL091W,0,-0.5361827,0.13855421543121338,0.7590000033378601,0.47189998626708984
YLR362W,YDR518W,0,-0.5363826,0.13852892816066742,0.7590000033378601,0.47200000286102295
YIL016W,YKR059W,0,-0.5365613,0.13850365579128265,0.7590000033378601,0.47209998965263367
YLR064W,YNL121C,0,-0.5368001,0.1384783834218979,0.7590000033378601,0.4722000062465668
YDL080C,YOR290C,0,-0.53709155,0.13845312595367432,0.7590000033378601,0.4722999930381775
YIL143C,YML087C,0,-0.5371535,0.13842786848545074,0.7590000033378601,0.4724000096321106
YNL232W,YKR050W,0,-0.5371807,0.13840262591838837,0.7590000033378601,0.4724999964237213
YJL171C,YGR037C,0,-0.5372833,0.13837739825248718,0.7590000033378601,0.4726000130176544
YJR004C,YOL005C,0,-0.53754944,0.138352170586586,0.7590000033378601,0.47269999980926514
YMR168C,YMR112C,0,-0.53759235,0.138326957821846,0.7590000033378601,0.47279998660087585
YKR046C,YGR002C,0,-0.5379142,0.13830174505710602,0.7590000033378601,0.47290000319480896
YDR356W,YDL067C,0,-0.53793883,0.13827654719352722,0.7590000033378601,0.4729999899864197
YEL013W,YGL180W,1,-0.53823394,0.1384335160255432,0.7599999904632568,0.4729999899864197
YJR005W,YJL172W,0,-0.5383037,0.13840830326080322,0.7599999904632568,0.4731000065803528
YMR024W,YHR042W,0,-0.53835976,0.13838310539722443,0.7599999904632568,0.4731999933719635
YDL205C,YPR140W,0,-0.53837943,0.13835790753364563,0.7599999904632568,0.4733000099658966
YOL108C,YDL194W,0,-0.53917557,0.13833272457122803,0.7599999904632568,0.4733999967575073
YNL217W,YMR233W,0,-0.53942305,0.13830755650997162,0.7599999904632568,0.47350001335144043
YGL043W,YCR020W-B,0,-0.5397683,0.1382823884487152,0.7599999904632568,0.47360000014305115
YGL039W,YPL275W,0,-0.5401474,0.13825723528862,0.7599999904632568,0.47369998693466187
YDR214W,YHL008C,0,-0.54056746,0.13823208212852478,0.7599999904632568,0.47380000352859497
YIL035C,YDR267C,0,-0.5407236,0.13820694386959076,0.7599999904632568,0.4738999903202057
YDR022C,YPR183W,0,-0.54072464,0.13818182051181793,0.7599999904632568,0.4740000069141388
YKL096W-A,YNL262W,0,-0.5407521,0.1381566971540451,0.7599999904632568,0.4740999937057495
YCL045C,YPL083C,0,-0.5408781,0.13813158869743347,0.7599999904632568,0.4742000102996826
YHR016C,YBR035C,0,-0.5410558,0.13810648024082184,0.7599999904632568,0.47429999709129333
YDL109C,YGL135W,0,-0.5412498,0.1380814015865326,0.7599999904632568,0.47440001368522644
YGL179C,YOR369C,0,-0.541257,0.13805630803108215,0.7599999904632568,0.47450000047683716
YCR047C,YJR130C,0,-0.5415829,0.1380312442779541,0.7599999904632568,0.4745999872684479
YDR461W,YMR204C,0,-0.5416093,0.13800618052482605,0.7599999904632568,0.474700003862381
YJL191W,YPR021C,0,-0.5416258,0.137981116771698,0.7599999904632568,0.4747999906539917
YLR386W,YLR423C,1,-0.5416413,0.1381375938653946,0.7609999775886536,0.4747999906539917
YER039C,YLR176C,0,-0.5418078,0.13811253011226654,0.7609999775886536,0.4749000072479248
YOL120C,YOR151C,0,-0.5419239,0.1380874663591385,0.7609999775886536,0.4749999940395355
YMR208W,YDR270W,0,-0.5422546,0.13806240260601044,0.7609999775886536,0.47510001063346863
YFR033C,YJR064W,0,-0.542267,0.13803736865520477,0.7609999775886536,0.47519999742507935
YCR068W,YEL012W,0,-0.5425536,0.1380123347043991,0.7609999775886536,0.47530001401901245
YGL077C,YJR077C,0,-0.5427979,0.13798730075359344,0.7609999775886536,0.47540000081062317
YOR205C,YAL053W,0,-0.54302174,0.13796229660511017,0.7609999775886536,0.4754999876022339
YCL063W,YPL019C,1,-0.5432495,0.13811853528022766,0.7620000243186951,0.4754999876022339
YER157W,YML126C,0,-0.54356164,0.1380935162305832,0.7620000243186951,0.475600004196167
YOR064C,YFL018C,0,-0.54390705,0.13806849718093872,0.7620000243186951,0.4756999909877777
YGL175C,YPR029C,0,-0.5441976,0.13804347813129425,0.7620000243186951,0.4758000075817108
YIL143C,YJL112W,0,-0.54480237,0.13801847398281097,0.7620000243186951,0.47589999437332153
YHR082C,YDL065C,0,-0.54481524,0.1379934847354889,0.7620000243186951,0.47600001096725464
YDR263C,YDR052C,0,-0.54587495,0.1379684954881668,0.7620000243186951,0.47609999775886536
YOL003C,YNL262W,0,-0.5459769,0.13794352114200592,0.7620000243186951,0.47620001435279846
YDL236W,YGR157W,0,-0.54606783,0.13791854679584503,0.7620000243186951,0.4763000011444092
YLR045C,YHL027W,0,-0.54629254,0.13789358735084534,0.7620000243186951,0.4763999879360199
YDR476C,YIL143C,0,-0.5468027,0.13786864280700684,0.7620000243186951,0.476500004529953
YDR228C,YKR087C,0,-0.5469697,0.13784369826316833,0.7620000243186951,0.4765999913215637
YCR009C,YGR144W,0,-0.547241,0.13781876862049103,0.7620000243186951,0.4767000079154968
YNL322C,YMR113W,0,-0.54760206,0.13779385387897491,0.7620000243186951,0.47679999470710754
YGR227W,YBR135W,0,-0.5488749,0.1377689391374588,0.7620000243186951,0.47690001130104065
YDR252W,YDL042C,0,-0.54945654,0.13774403929710388,0.7620000243186951,0.47699999809265137
YBR170C,YOL094C,0,-0.54952615,0.13771913945674896,0.7620000243186951,0.4771000146865845
YOR329C,YKL078W,0,-0.55002505,0.13769425451755524,0.7620000243186951,0.4772000014781952
YML114C,YGR239C,0,-0.55015856,0.1376693695783615,0.7620000243186951,0.4772999882698059
YDR164C,YIL065C,0,-0.5523875,0.13764451444149017,0.7620000243186951,0.477400004863739
YOR182C,YER125W,0,-0.55276304,0.13761964440345764,0.7620000243186951,0.47749999165534973
YHR019C,YHR005C-A,0,-0.55300075,0.1375948041677475,0.7620000243186951,0.47760000824928284
YBR012W-B,YNR056C,0,-0.5534848,0.13756996393203735,0.7620000243186951,0.47769999504089355
YJL092W,YPL128C,0,-0.5535051,0.1375451236963272,0.7620000243186951,0.47780001163482666
YGR278W,YOR242C,0,-0.5539066,0.13752029836177826,0.7620000243186951,0.4778999984264374
YCL026C-A,YBR258C,0,-0.5539394,0.1374954879283905,0.7620000243186951,0.4779999852180481
YPL252C,YGR166W,0,-0.554026,0.13747067749500275,0.7620000243186951,0.4781000018119812
YGL201C,YGL001C,0,-0.5541155,0.13744588196277618,0.7620000243186951,0.4781999886035919
YLR064W,YOR144C,0,-0.5541556,0.13742110133171082,0.7620000243186951,0.478300005197525
YHR124W,YCR020C,0,-0.5542295,0.13739632070064545,0.7620000243186951,0.47839999198913574
YAL038W,YOR270C,0,-0.5544553,0.13737155497074127,0.7620000243186951,0.47850000858306885
YBR176W,YJL063C,0,-0.5547452,0.1373467892408371,0.7620000243186951,0.47859999537467957
YFL050C,YHR135C,0,-0.5547765,0.13732203841209412,0.7620000243186951,0.47870001196861267
YER039C,YNL088W,0,-0.55478925,0.13729730248451233,0.7620000243186951,0.4787999987602234
YBR074W,YGL183C,0,-0.5550559,0.13727256655693054,0.7620000243186951,0.4788999855518341
YGR152C,YDR503C,0,-0.5551355,0.13724784553050995,0.7620000243186951,0.4790000021457672
YGR087C,YDR198C,0,-0.55579025,0.13722312450408936,0.7620000243186951,0.47909998893737793
YJL014W,YGL010W,0,-0.5558721,0.13719841837882996,0.7620000243186951,0.47920000553131104
YPL276W,YKL096W,0,-0.55612063,0.13717371225357056,0.7620000243186951,0.47929999232292175
YML030W,YGR071C,0,-0.55613214,0.13714902102947235,0.7620000243186951,0.47940000891685486
YCL038C,YMR246W,0,-0.5561769,0.13712434470653534,0.7620000243186951,0.4794999957084656
YOR190W,YMR276W,0,-0.5563974,0.13709968328475952,0.7620000243186951,0.4796000123023987
YLR191W,YFL054C,0,-0.55662525,0.1370750069618225,0.7620000243186951,0.4796999990940094
YKL061W,YCL050C,0,-0.5568185,0.13705036044120789,0.7620000243186951,0.4797999858856201
YGL216W,YGL032C,0,-0.55695975,0.13702571392059326,0.7620000243186951,0.4799000024795532
YOR099W,YNL077W,0,-0.5572758,0.13700108230113983,0.7620000243186951,0.47999998927116394
YBL036C,YBR200W,0,-0.5573997,0.1369764506816864,0.7620000243186951,0.48010000586509705
YCL063W,YML054C,0,-0.55789286,0.13695183396339417,0.7620000243186951,0.48019999265670776
YPL100W,YOR068C,1,-0.5578989,0.13710692524909973,0.7630000114440918,0.48019999265670776
YDR524C,YKL163W,0,-0.5580794,0.1370822787284851,0.7630000114440918,0.48030000925064087
YJR104C,YGR076C,0,-0.55813277,0.13705766201019287,0.7630000114440918,0.4803999960422516
YPR011C,YFR045W,0,-0.55813736,0.13703304529190063,0.7630000114440918,0.4805000126361847
YCR014C,YCR040W,0,-0.55823356,0.1370084434747696,0.7630000114440918,0.4805999994277954
YDR211W,YEL056W,0,-0.5583431,0.13698384165763855,0.7630000114440918,0.48069998621940613
YDR210W,YJL141C,0,-0.55834323,0.1369592547416687,0.7630000114440918,0.48080000281333923
YKL152C,YMR280C,0,-0.5583601,0.13693466782569885,0.7630000114440918,0.48089998960494995
YER006W,YML027W,0,-0.5584348,0.1369100958108902,0.7630000114440918,0.48100000619888306
YGR209C,YHR138C,1,-0.5587234,0.13706494867801666,0.7639999985694885,0.48100000619888306
YJL100W,YAR018C,0,-0.55883974,0.13704036176204681,0.7639999985694885,0.4810999929904938
YNL116W,YGR162W,0,-0.5591943,0.13701577484607697,0.7639999985694885,0.4812000095844269
YJL151C,YDL103C,0,-0.55920774,0.1369912177324295,0.7639999985694885,0.4812999963760376
YLR440C,YPR052C,0,-0.55956715,0.13696666061878204,0.7639999985694885,0.4814000129699707
YLR027C,YDR341C,0,-0.5596247,0.13694210350513458,0.7639999985694885,0.4814999997615814
YOR179C,YDR495C,0,-0.5602192,0.13691756129264832,0.7639999985694885,0.48159998655319214
YML065W,YAL031C,0,-0.56076455,0.13689303398132324,0.7639999985694885,0.48170000314712524
YOL119C,YLR016C,0,-0.5608023,0.13686850666999817,0.7639999985694885,0.48179998993873596
YER046W,YBL023C,0,-0.56109357,0.1368439942598343,0.7639999985694885,0.48190000653266907
YBR128C,YGR169C,0,-0.5611195,0.1368194818496704,0.7639999985694885,0.4819999933242798
YNL182C,YEL071W,0,-0.56138474,0.13679498434066772,0.7639999985694885,0.4821000099182129
YFL017W-A,YKL126W,0,-0.5613938,0.13677050173282623,0.7639999985694885,0.4821999967098236
YBR021W,YNL309W,0,-0.5614393,0.13674601912498474,0.7639999985694885,0.4823000133037567
YDR101C,YDR456W,0,-0.561507,0.13672155141830444,0.7639999985694885,0.48240000009536743
YDL174C,YMR065W,0,-0.5626593,0.13669708371162415,0.7639999985694885,0.48249998688697815
YIR018W,YGR223C,0,-0.56270427,0.13667263090610504,0.7639999985694885,0.48260000348091125
YCL020W,YPR118W,0,-0.5629801,0.13664817810058594,0.7639999985694885,0.482699990272522
YER146W,YPL030W,0,-0.56316334,0.13662375509738922,0.7639999985694885,0.4828000068664551
YNL136W,YPL208W,0,-0.56351733,0.1365993171930313,0.7639999985694885,0.4828999936580658
YOL031C,YKL001C,0,-0.56362313,0.1365749090909958,0.7639999985694885,0.4830000102519989
YGR278W,YJL177W,0,-0.5643348,0.13655048608779907,0.7639999985694885,0.4830999970436096
YKL025C,YPR198W,0,-0.56434953,0.13652609288692474,0.7639999985694885,0.4832000136375427
YDR448W,YNL279W,0,-0.5643807,0.13650169968605042,0.7639999985694885,0.48330000042915344
YHL016C,YLR398C,0,-0.5656125,0.1364773064851761,0.7639999985694885,0.48339998722076416
YCR098C,YDR258C,0,-0.5657689,0.13645294308662415,0.7639999985694885,0.48350000381469727
YOL075C,YMR184W,0,-0.56592244,0.136428564786911,0.7639999985694885,0.483599990606308
YDR410C,YJL172W,0,-0.5662593,0.13640421628952026,0.7639999985694885,0.4837000072002411
YDR476C,YMR168C,0,-0.5665537,0.13637986779212952,0.7639999985694885,0.4837999939918518
YOL103W,YGR192C,0,-0.56657857,0.13635551929473877,0.7639999985694885,0.4839000105857849
YKL035W,YAR027W,0,-0.5666224,0.13633118569850922,0.7639999985694885,0.48399999737739563
YGL173C,YHR099W,0,-0.56680185,0.13630686700344086,0.7639999985694885,0.48410001397132874
YER052C,YFL002C,0,-0.5669799,0.1362825483083725,0.7639999985694885,0.48420000076293945
YNL125C,YER168C,0,-0.56719047,0.13625824451446533,0.7639999985694885,0.48429998755455017
YGR203W,YOR038C,0,-0.56737846,0.13623395562171936,0.7639999985694885,0.4844000041484833
YJR005W,YPL167C,0,-0.56760126,0.1362096667289734,0.7639999985694885,0.484499990940094
YDL129W,YPL237W,0,-0.56772476,0.13618537783622742,0.7639999985694885,0.4846000075340271
YJL214W,YML126C,0,-0.5679243,0.13616111874580383,0.7639999985694885,0.4846999943256378
YGL141W,YGR106C,0,-0.5681949,0.13613684475421906,0.7639999985694885,0.4848000109195709
YOL145C,YGR177C,0,-0.5684164,0.13611260056495667,0.7639999985694885,0.48489999771118164
YDR369C,YFL050C,0,-0.56905097,0.13608835637569427,0.7639999985694885,0.48500001430511475
YBL002W,YGL257C,0,-0.56936044,0.13606411218643188,0.7639999985694885,0.48510000109672546
YKL022C,YGR281W,0,-0.5693828,0.1360398828983307,0.7639999985694885,0.4851999878883362
YLR090W,YLR158C,0,-0.56951165,0.13601566851139069,0.7639999985694885,0.4853000044822693
YFL057C,YNL003C,0,-0.5696421,0.13599145412445068,0.7639999985694885,0.48539999127388
YOL082W,YDR296W,0,-0.5696925,0.13596725463867188,0.7639999985694885,0.4855000078678131
YDR460W,YOR251C,0,-0.5698752,0.13594305515289307,0.7639999985694885,0.48559999465942383
YNR073C,YPR058W,0,-0.56992453,0.13591887056827545,0.7639999985694885,0.48570001125335693
YEL022W,YBR120C,0,-0.5701433,0.13589470088481903,0.7639999985694885,0.48579999804496765
YOR299W,YJR134C,0,-0.5701931,0.1358705312013626,0.7639999985694885,0.48590001463890076
YHL001W,YGL039W,0,-0.57020676,0.13584637641906738,0.7639999985694885,0.4860000014305115
YDL035C,YDR180W,0,-0.5704835,0.13582222163677216,0.7639999985694885,0.4860999882221222
YEL002C,YBR215W,0,-0.5705214,0.13579808175563812,0.7639999985694885,0.4862000048160553
YER173W,YOL001W,0,-0.5708676,0.1357739418745041,0.7639999985694885,0.486299991607666
YPR058W,YLR119W,0,-0.57096565,0.13574981689453125,0.7639999985694885,0.4864000082015991
YDR477W,YKL148C,0,-0.5710068,0.1357257068157196,0.7639999985694885,0.48649999499320984
YLR307W,YBR245C,0,-0.57152915,0.13570159673690796,0.7639999985694885,0.48660001158714294
YIL142W,YML106W,0,-0.5716091,0.1356775015592575,0.7639999985694885,0.48669999837875366
YER078C,YJL004C,0,-0.5718319,0.13565340638160706,0.7639999985694885,0.4867999851703644
YOR384W,YHR140W,0,-0.57243603,0.1356293261051178,0.7639999985694885,0.4869000017642975
YOR315W,YIL049W,0,-0.57248086,0.13560526072978973,0.7639999985694885,0.4869999885559082
YEL069C,YCR040W,0,-0.57278335,0.13558119535446167,0.7639999985694885,0.4871000051498413
YDR258C,YGR288W,0,-0.57285315,0.1355571299791336,0.7639999985694885,0.487199991941452
YKR002W,YOR373W,0,-0.5734007,0.13553307950496674,0.7639999985694885,0.48730000853538513
YOR070C,YMR011W,0,-0.573487,0.13550904393196106,0.7639999985694885,0.48739999532699585
YNL014W,YJR135W-A,0,-0.5735374,0.13548500835895538,0.7639999985694885,0.48750001192092896
YHR061C,YKL109W,0,-0.5735468,0.1354609876871109,0.7639999985694885,0.4875999987125397
YBR156C,YOR274W,0,-0.5736875,0.1354369819164276,0.7639999985694885,0.4876999855041504
YOR140W,YIL074C,0,-0.57395416,0.13541297614574432,0.7639999985694885,0.4878000020980835
YPL100W,YIL041W,1,-0.57429963,0.13556618988513947,0.7649999856948853,0.4878000020980835
YFL013C,YNL316C,0,-0.57464534,0.13554216921329498,0.7649999856948853,0.4878999888896942
YPL100W,YHR138C,1,-0.57464904,0.13569530844688416,0.765999972820282,0.4878999888896942
YFL062W,YAR003W,0,-0.5750785,0.13567127287387848,0.765999972820282,0.4880000054836273
YJR006W,YPR043W,0,-0.5751756,0.135647252202034,0.765999972820282,0.48809999227523804
YLR014C,YOR173W,0,-0.5752202,0.13562323153018951,0.765999972820282,0.48820000886917114
YPL008W,YDL129W,0,-0.5753173,0.13559922575950623,0.765999972820282,0.48829999566078186
YHR028C,YJR112W,0,-0.5753328,0.13557521998882294,0.765999972820282,0.48840001225471497
YOR138C,YGL174W,0,-0.57551634,0.13555122911930084,0.765999972820282,0.4884999990463257
YGL044C,YBR120C,0,-0.57563704,0.13552725315093994,0.765999972820282,0.4885999858379364
YOR202W,YOL157C,0,-0.5758808,0.13550327718257904,0.765999972820282,0.4887000024318695
YBR205W,YPR133W-A,0,-0.5758915,0.13547930121421814,0.765999972820282,0.4887999892234802
YDR363W-A,YCR034W,0,-0.5761973,0.13545535504817963,0.765999972820282,0.48890000581741333
YAL040C,YNL326C,1,-0.5763794,0.13560819625854492,0.7670000195503235,0.48890000581741333
YJL104W,YLR414C,0,-0.5765486,0.13558423519134521,0.7670000195503235,0.48899999260902405
YLR329W,YHR064C,0,-0.5770552,0.1355602741241455,0.7670000195503235,0.48910000920295715
YHR107C,YFR029W,0,-0.5772505,0.1355363130569458,0.7670000195503235,0.48919999599456787
YJL085W,YIL159W,0,-0.57731104,0.1355123668909073,0.7670000195503235,0.489300012588501
YLL005C,YER119C,0,-0.57767993,0.13548843562602997,0.7670000195503235,0.4893999993801117
YOL086C,YHR124W,0,-0.5777754,0.13546450436115265,0.7670000195503235,0.4894999861717224
YBR196C,YGL209W,0,-0.5779808,0.13544057309627533,0.7670000195503235,0.4896000027656555
YHR051W,YLR130C,0,-0.5783446,0.1354166716337204,0.7670000195503235,0.48969998955726624
YER190W,YER154W,0,-0.57852525,0.13539275527000427,0.7670000195503235,0.48980000615119934
YFR001W,YAR002C-A,0,-0.5788105,0.13536886870861053,0.7670000195503235,0.48989999294281006
YLR275W,YNL322C,0,-0.5792542,0.1353449821472168,0.7670000195503235,0.49000000953674316
YCR097W,YCL032W,0,-0.5796227,0.13532109558582306,0.7670000195503235,0.4900999963283539
YLR329W,YGL147C,0,-0.57982916,0.13529722392559052,0.7670000195503235,0.490200012922287
YPR035W,YBR033W,0,-0.57991636,0.13527336716651917,0.7670000195503235,0.4902999997138977
YLR421C,YBR228W,0,-0.5799875,0.13524951040744781,0.7670000195503235,0.4903999865055084
YOL110W,YDR216W,0,-0.5804908,0.13522566854953766,0.7670000195503235,0.49050000309944153
YKL020C,YHR057C,0,-0.5807498,0.1352018266916275,0.7670000195503235,0.49059998989105225
YBL061C,YBR182C,0,-0.5808964,0.13517799973487854,0.7670000195503235,0.49070000648498535
YMR223W,YDR047W,0,-0.5809606,0.13515418767929077,0.7670000195503235,0.49079999327659607
YDR210W,YLR336C,0,-0.5810866,0.135130375623703,0.7670000195503235,0.4909000098705292
YLR237W,YLR186W,0,-0.58110446,0.13510656356811523,0.7670000195503235,0.4909999966621399
YDR186C,YJR129C,0,-0.5811687,0.13508278131484985,0.7670000195503235,0.491100013256073
YPR035W,YKL160W,0,-0.5813845,0.13505898416042328,0.7670000195503235,0.4912000000476837
YGR096W,YGR035C,0,-0.5815688,0.1350352168083191,0.7670000195503235,0.49129998683929443
YPL266W,YOL017W,0,-0.581597,0.1350114345550537,0.7670000195503235,0.49140000343322754
YBR057C,YOR198C,0,-0.582398,0.13498768210411072,0.7670000195503235,0.49149999022483826
YGL155W,YNL177C,0,-0.58252364,0.13496392965316772,0.7670000195503235,0.49160000681877136
YOL111C,YLR378C,0,-0.58272684,0.13494017720222473,0.7670000195503235,0.4916999936103821
YLR340W,YEL046C,0,-0.5828685,0.13491643965244293,0.7670000195503235,0.4918000102043152
YNR001C,YNL335W,0,-0.58320665,0.13489271700382233,0.7670000195503235,0.4918999969959259
YJR089W,YOR284W,0,-0.58351487,0.13486899435520172,0.7670000195503235,0.492000013589859
YLR029C,YNR060W,0,-0.58355343,0.1348452866077423,0.7670000195503235,0.4921000003814697
YLR022C,YKL161C,0,-0.58360666,0.1348215788602829,0.7670000195503235,0.49219998717308044
YDR126W,YDR229W,1,-0.58368427,0.1349736452102661,0.7680000066757202,0.49219998717308044
YKL025C,YLR027C,0,-0.58395606,0.1349499225616455,0.7680000066757202,0.49230000376701355
YML008C,YAL014C,0,-0.58397925,0.1349262148141861,0.7680000066757202,0.49239999055862427
YKL198C,YHR058C,0,-0.5843332,0.13490250706672668,0.7680000066757202,0.4925000071525574
YPL104W,YLL042C,0,-0.5846242,0.13487881422042847,0.7680000066757202,0.4925999939441681
YPR052C,YOR168W,0,-0.5846461,0.13485513627529144,0.7680000066757202,0.4927000105381012
YOR181W,YKL001C,0,-0.5848045,0.13483145833015442,0.7680000066757202,0.4927999973297119
YIL171W,YMR049C,0,-0.58491796,0.1348077952861786,0.7680000066757202,0.492900013923645
YBR056W,YMR199W,0,-0.5849411,0.13478413224220276,0.7680000066757202,0.49300000071525574
YPR192W,YBL103C,0,-0.58496785,0.13476048409938812,0.7680000066757202,0.49309998750686646
YOR270C,YPL226W,0,-0.5849854,0.1347368359565735,0.7680000066757202,0.49320000410079956
YML088W,YML030W,0,-0.58499056,0.13471320271492004,0.7680000066757202,0.4932999908924103
YLR287C-A,YKL165C,0,-0.58513695,0.1346895843744278,0.7680000066757202,0.4934000074863434
YEL056W,YDR251W,0,-0.58515394,0.13466596603393555,0.7680000066757202,0.4934999942779541
YLR394W,YDR052C,0,-0.5856507,0.1346423625946045,0.7680000066757202,0.4936000108718872
YER160C,YHL016C,0,-0.5857271,0.13461875915527344,0.7680000066757202,0.4936999976634979
YMR289W,YKL173W,0,-0.58590937,0.13459515571594238,0.7680000066757202,0.49380001425743103
YOR239W,YPL030W,0,-0.5862677,0.13457158207893372,0.7680000066757202,0.49390000104904175
YLR148W,YGL212W,1,-0.5864431,0.13472320139408112,0.7689999938011169,0.49390000104904175
YNL077W,YEL030W,0,-0.5866316,0.13469959795475006,0.7689999938011169,0.49399998784065247
YDL075W,YML081C-A,0,-0.58666927,0.1346760094165802,0.7689999938011169,0.49410000443458557
YOR014W,YLR306W,0,-0.5868886,0.13465242087841034,0.7689999938011169,0.4941999912261963
YGR123C,YDL179W,0,-0.58708733,0.13462884724140167,0.7689999938011169,0.4943000078201294
YLR033W,YDR202C,0,-0.58712494,0.1346052885055542,0.7689999938011169,0.4943999946117401
YEL013W,YJL178C,1,-0.5872366,0.13475674390792847,0.7699999809265137,0.4943999946117401
YDR316W,YKR050W,0,-0.5872665,0.1347331553697586,0.7699999809265137,0.4945000112056732
YDL210W,YBR156C,0,-0.58733904,0.13470958173274994,0.7699999809265137,0.49459999799728394
YIL122W,YHR102W,0,-0.58744806,0.13468602299690247,0.7699999809265137,0.49470001459121704
YNR069C,YPL192C,0,-0.58759063,0.134662464261055,0.7699999809265137,0.49480000138282776
YJR034W,YGL095C,0,-0.5879919,0.1346389204263687,0.7699999809265137,0.4948999881744385
YFL008W,YOR063W,0,-0.5885698,0.13461539149284363,0.7699999809265137,0.4950000047683716
YPR043W,YMR042W,0,-0.58899695,0.13459184765815735,0.7699999809265137,0.4950999915599823
YOR138C,YPL084W,0,-0.5891657,0.13456833362579346,0.7699999809265137,0.4952000081539154
YJR149W,YNL229C,0,-0.5897463,0.13454481959342957,0.7699999809265137,0.4952999949455261
YMR024W,YOR194C,0,-0.5901024,0.13452132046222687,0.7699999809265137,0.49540001153945923
YNL322C,YIR007W,0,-0.5901409,0.13449782133102417,0.7699999809265137,0.49549999833106995
YBL074C,YER087W,0,-0.5903147,0.13447432219982147,0.7699999809265137,0.49559998512268066
YHR109W,YBR171W,0,-0.59042376,0.13445085287094116,0.7699999809265137,0.49570000171661377
YNL151C,YMR197C,0,-0.5907852,0.13442736864089966,0.7699999809265137,0.4957999885082245
YCR023C,YGR062C,0,-0.5913266,0.13440391421318054,0.7699999809265137,0.4959000051021576
YDR304C,YGL079W,0,-0.59137326,0.13438045978546143,0.7699999809265137,0.4959999918937683
YOL021C,YLR040C,0,-0.5913904,0.1343570053577423,0.7699999809265137,0.4961000084877014
YDR043C,YGR095C,0,-0.59140396,0.1343335658311844,0.7699999809265137,0.49619999527931213
YJL207C,YNL336W,0,-0.59155715,0.13431014120578766,0.7699999809265137,0.49630001187324524
YPL127C,YDL208W,0,-0.5916411,0.13428671658039093,0.7699999809265137,0.49639999866485596
YMR130W,YIL023C,0,-0.59177995,0.1342632919549942,0.7699999809265137,0.4964999854564667
YAR066W,YIL131C,0,-0.59189373,0.13423988223075867,0.7699999809265137,0.4966000020503998
YDR080W,YER072W,1,-0.5919712,0.13439080119132996,0.7710000276565552,0.4966000020503998
YDR131C,YER007W,0,-0.59224576,0.13436737656593323,0.7710000276565552,0.4966999888420105
YNL284C,YOR353C,0,-0.5923701,0.1343439668416977,0.7710000276565552,0.4968000054359436
YOR293W,YOR381W,0,-0.5924335,0.13432055711746216,0.7710000276565552,0.4968999922275543
YPR103W,YKR026C,0,-0.59247243,0.13429716229438782,0.7710000276565552,0.4970000088214874
YGR048W,YKR028W,0,-0.592597,0.13427376747131348,0.7710000276565552,0.49709999561309814
YFL002W-A,YGR251W,0,-0.59274876,0.13425038754940033,0.7710000276565552,0.49720001220703125
YGL125W,YDL132W,0,-0.592888,0.13422702252864838,0.7710000276565552,0.49729999899864197
YDR534C,YLL012W,0,-0.59293526,0.13420365750789642,0.7710000276565552,0.4973999857902527
YJL047C,YDR226W,0,-0.5934746,0.13418029248714447,0.7710000276565552,0.4975000023841858
YPR079W,YDR137W,0,-0.593545,0.1341569572687149,0.7710000276565552,0.4975999891757965
YPL119C,YMR285C,0,-0.5938708,0.13413360714912415,0.7710000276565552,0.4977000057697296
YJR086W,YOL146W,0,-0.5939537,0.13411028683185577,0.7710000276565552,0.49779999256134033
YLR386W,YPR049C,1,-0.5940083,0.1342608630657196,0.7720000147819519,0.49779999256134033
YPL092W,YNL096C,0,-0.5941155,0.13423752784729004,0.7720000147819519,0.49790000915527344
YJL151C,YDL181W,0,-0.59414595,0.13421419262886047,0.7720000147819519,0.49799999594688416
YMR169C,YDR392W,0,-0.5943128,0.1341908574104309,0.7720000147819519,0.49810001254081726
YFR046C,YLR207W,0,-0.59451437,0.13416753709316254,0.7720000147819519,0.498199999332428
YDL004W,YER052C,0,-0.5948164,0.13414421677589417,0.7720000147819519,0.4982999861240387
YMR284W,YPL281C,0,-0.5950591,0.134120911359787,0.7720000147819519,0.4984000027179718
YMR251W-A,YKR035W-A,0,-0.5951887,0.134097620844841,0.7720000147819519,0.4984999895095825
YHR032W,YNL129W,0,-0.5953377,0.13407433032989502,0.7720000147819519,0.4986000061035156
YOR327C,YNL027W,0,-0.59536976,0.13405105471611023,0.7720000147819519,0.49869999289512634
YJL080C,YBR257W,0,-0.5955031,0.13402777910232544,0.7720000147819519,0.49880000948905945
YKL146W,YOR251C,0,-0.5957925,0.13400451838970184,0.7720000147819519,0.49889999628067017
YOL072W,YJL071W,0,-0.5958875,0.13398125767707825,0.7720000147819519,0.49900001287460327
YGL089C,YDR499W,0,-0.5961996,0.13395801186561584,0.7720000147819519,0.499099999666214
YPL183W-A,YDL217C,0,-0.59624296,0.13393476605415344,0.7720000147819519,0.4991999864578247
YDL028C,YLL013C,0,-0.5963174,0.13391153514385223,0.7720000147819519,0.4993000030517578
YIR005W,YGR276C,0,-0.59676987,0.13388830423355103,0.7720000147819519,0.49939998984336853
YCR071C,YML116W,0,-0.59706706,0.133865088224411,0.7720000147819519,0.49950000643730164
YGR068C,YNL321W,0,-0.59736013,0.1338418871164322,0.7720000147819519,0.49959999322891235
YGR074W,YOR353C,0,-0.59759927,0.13381868600845337,0.7720000147819519,0.49970000982284546
YKL198C,YOL138C,0,-0.59780264,0.13379549980163574,0.7720000147819519,0.4997999966144562
YDL082W,YCR054C,0,-0.59805197,0.13377231359481812,0.7720000147819519,0.4999000132083893
YML077W,YDL039C,0,-0.59826905,0.1337491273880005,0.7720000147819519,0.5
YDR173C,YKL053C-A,0,-0.5985119,0.13372597098350525,0.7720000147819519,0.5001000165939331
YGR220C,YJR066W,0,-0.598533,0.13370279967784882,0.7720000147819519,0.5001999735832214
YNR021W,YLR386W,0,-0.5986953,0.13367965817451477,0.7720000147819519,0.5002999901771545
YLR320W,YCR008W,0,-0.59889,0.13365651667118073,0.7720000147819519,0.5004000067710876
YHL012W,YLR103C,0,-0.59901214,0.13363337516784668,0.7720000147819519,0.5005000233650208
YGL180W,YBR080C,1,-0.5990389,0.13378331065177917,0.7730000019073486,0.5005000233650208
YKL042W,YBR230C,0,-0.59915966,0.13376016914844513,0.7730000019073486,0.5005999803543091
YBR081C,YKL154W,0,-0.5995084,0.13373702764511108,0.7730000019073486,0.5006999969482422
YEL034W,YDR316W,0,-0.5997988,0.13371388614177704,0.7730000019073486,0.5008000135421753
YDR027C,YGR134W,0,-0.5999314,0.1336907595396042,0.7730000019073486,0.5008999705314636
YNR057C,YCR071C,0,-0.6000324,0.13366764783859253,0.7730000019073486,0.5009999871253967
YNL091W,YPL131W,0,-0.6004087,0.13364453613758087,0.7730000019073486,0.5011000037193298
YOL004W,YCL045C,0,-0.6004299,0.1336214393377304,0.7730000019073486,0.5012000203132629
YMR208W,YOR353C,0,-0.6004563,0.13359834253787994,0.7730000019073486,0.5012999773025513
YMR292W,YGL113W,0,-0.6009459,0.13357526063919067,0.7730000019073486,0.5013999938964844
YLR343W,YLR225C,0,-0.60094666,0.1335521787405014,0.7730000019073486,0.5015000104904175
YMR159C,YKL216W,0,-0.60117334,0.13352911174297333,0.7730000019073486,0.5016000270843506
YJR099W,YPL104W,0,-0.601223,0.13350604474544525,0.7730000019073486,0.5016999840736389
YFL034C-B,YHR132C,0,-0.6014629,0.13348299264907837,0.7730000019073486,0.501800000667572
YCR096C,YEL061C,0,-0.6017411,0.1334599405527115,0.7730000019073486,0.5019000172615051
YBL078C,YNR007C,1,-0.6018946,0.13360953330993652,0.7739999890327454,0.5019000172615051
YMR268C,YBR198C,0,-0.6024672,0.13358646631240845,0.7739999890327454,0.5019999742507935
YBL037W,YER130C,0,-0.6032532,0.13356341421604156,0.7739999890327454,0.5020999908447266
YOR144C,YPR145W,0,-0.60362107,0.13354037702083588,0.7739999890327454,0.5022000074386597
YGR194C,YER144C,0,-0.603681,0.1335173398256302,0.7739999890327454,0.5023000240325928
YIL049W,YPR004C,0,-0.6039554,0.1334943026304245,0.7739999890327454,0.5023999810218811
YPL187W,YML074C,0,-0.60424846,0.1334712952375412,0.7739999890327454,0.5024999976158142
YPR060C,YML073C,0,-0.60452276,0.1334482729434967,0.7739999890327454,0.5026000142097473
YLR319C,YJR015W,0,-0.6046931,0.1334252655506134,0.7739999890327454,0.5026999711990356
YJR144W,YPL190C,0,-0.60478264,0.1334022730588913,0.7739999890327454,0.5027999877929688
YLR246W,YLR207W,0,-0.6048661,0.1333792805671692,0.7739999890327454,0.5029000043869019
YJR090C,YOR317W,0,-0.60488075,0.13335630297660828,0.7739999890327454,0.503000020980835
YMR134W,YCL025C,0,-0.6051298,0.13333334028720856,0.7739999890327454,0.5030999779701233
YGR184C,YDR342C,0,-0.6051863,0.13331036269664764,0.7739999890327454,0.5031999945640564
YBR068C,YHR081W,0,-0.6051865,0.13328741490840912,0.7739999890327454,0.5033000111579895
YLR027C,YDL008W,0,-0.60553575,0.1332644671201706,0.7739999890327454,0.5034000277519226
YGL003C,YKL193C,0,-0.60600173,0.13324151933193207,0.7739999890327454,0.5034999847412109
YJR090C,YHL001W,0,-0.6060372,0.13321858644485474,0.7739999890327454,0.503600001335144
YNL073W,YMR061W,0,-0.606041,0.1331956684589386,0.7739999890327454,0.5037000179290771
YNL300W,YPL110C,0,-0.60640335,0.13317275047302246,0.7739999890327454,0.5037999749183655
YIL090W,YJL102W,0,-0.60643315,0.13314983248710632,0.7739999890327454,0.5038999915122986
YKL130C,YOL101C,0,-0.60648906,0.13312692940235138,0.7739999890327454,0.5040000081062317
YPL019C,YDR080W,1,-0.60662705,0.13327601552009583,0.7749999761581421,0.5040000081062317
YOL071W,YOR131C,0,-0.60686326,0.1332530975341797,0.7749999761581421,0.5041000247001648
YLR043C,YKL051W,1,-0.60693973,0.13340209424495697,0.7760000228881836,0.5041000247001648
YMR071C,YFR003C,0,-0.60710126,0.13337916135787964,0.7760000228881836,0.5041999816894531
YDR326C,YEL036C,0,-0.6072059,0.1333562433719635,0.7760000228881836,0.5042999982833862
YHR215W,YLR027C,0,-0.60740954,0.13333334028720856,0.7760000228881836,0.5044000148773193
YLR341W,YDR503C,0,-0.60757,0.13331042230129242,0.7760000228881836,0.5044999718666077
YDR121W,YKL004W,0,-0.60757506,0.13328753411769867,0.7760000228881836,0.5045999884605408
YDR143C,YNR036C,0,-0.6077511,0.13326464593410492,0.7760000228881836,0.5047000050544739
YPL055C,YDR022C,0,-0.6078195,0.13324175775051117,0.7760000228881836,0.504800021648407
YCL069W,YDR146C,0,-0.6081092,0.1332188844680786,0.7760000228881836,0.5048999786376953
YOL004W,YER048W-A,0,-0.60813224,0.13319601118564606,0.7760000228881836,0.5049999952316284
YDR503C,YPL007C,0,-0.60818726,0.1331731528043747,0.7760000228881836,0.5051000118255615
YER173W,YML073C,0,-0.60826993,0.13315030932426453,0.7760000228881836,0.5052000284194946
YDR393W,YDL185W,0,-0.6085343,0.13312746584415436,0.7760000228881836,0.505299985408783
YNL330C,YER048W-A,0,-0.60889393,0.13310463726520538,0.7760000228881836,0.5054000020027161
YBL079W,YMR283C,0,-0.6089162,0.1330818086862564,0.7760000228881836,0.5055000185966492
YGR209C,YGL212W,1,-0.6090881,0.13323044776916504,0.7770000100135803,0.5055000185966492
YLR429W,YJR031C,0,-0.60930806,0.13320761919021606,0.7770000100135803,0.5055999755859375
YLL015W,YFL053W,0,-0.6093427,0.1331847757101059,0.7770000100135803,0.5056999921798706
YDR169C,YJL080C,0,-0.6093779,0.13316194713115692,0.7770000100135803,0.5058000087738037
YLR139C,YDR320C,0,-0.6094855,0.13313913345336914,0.7770000100135803,0.5059000253677368
YML027W,YMR046C,0,-0.6098458,0.13311631977558136,0.7770000100135803,0.5059999823570251
YBR158W,YDR388W,0,-0.6098699,0.13309352099895477,0.7770000100135803,0.5060999989509583
YOR056C,YLR079W,0,-0.61034334,0.13307073712348938,0.7770000100135803,0.5062000155448914
YGL212W,YAL002W,1,-0.6106745,0.1332191824913025,0.777999997138977,0.5062000155448914
YBR289W,YMR268C,0,-0.6108567,0.1331963688135147,0.777999997138977,0.5062999725341797
YPL060W,YNL087W,0,-0.61148185,0.13317357003688812,0.777999997138977,0.5063999891281128
YOR100C,YDR036C,0,-0.6119624,0.13315077126026154,0.777999997138977,0.5065000057220459
YOR304C-A,YDR531W,0,-0.61207515,0.13312798738479614,0.777999997138977,0.506600022315979
YMR231W,YOR326W,1,-0.6121573,0.1332762986421585,0.7789999842643738,0.506600022315979
YJL123C,YPR122W,0,-0.61234844,0.13325349986553192,0.7789999842643738,0.5066999793052673
YPL104W,YPR025C,0,-0.61271966,0.13323071599006653,0.7789999842643738,0.5067999958992004
YPR165W,YAR003W,0,-0.6127798,0.13320793211460114,0.7789999842643738,0.5069000124931335
YLR256W,YJR010C-A,0,-0.61279577,0.13318516314029694,0.7789999842643738,0.5070000290870667
YLR291C,YDR385W,0,-0.6129417,0.13316239416599274,0.7789999842643738,0.507099986076355
YGL233W,YLR295C,0,-0.6130871,0.13313964009284973,0.7789999842643738,0.5072000026702881
YPL151C,YDR298C,0,-0.61335284,0.13311688601970673,0.7789999842643738,0.5073000192642212
YHR115C,YDR498C,0,-0.6134313,0.13309414684772491,0.7789999842643738,0.5073999762535095
YLR314C,YCR017C,0,-0.6134866,0.1330714076757431,0.7789999842643738,0.5074999928474426
YPL228W,YHL008C,0,-0.6135322,0.13304868340492249,0.7789999842643738,0.5076000094413757
YCR037C,YKL166C,0,-0.6135342,0.13302595913410187,0.7789999842643738,0.5077000260353088
YHR164C,YNL080C,0,-0.6141382,0.13300324976444244,0.7789999842643738,0.5077999830245972
YGL136C,YLR165C,0,-0.6150187,0.13298054039478302,0.7789999842643738,0.5078999996185303
YNL015W,YLR093C,1,-0.61510164,0.13312852382659912,0.7799999713897705,0.5078999996185303
YLL040C,YDR330W,0,-0.61519426,0.1331057995557785,0.7799999713897705,0.5080000162124634
YAL016W,YGR229C,0,-0.6154324,0.13308309018611908,0.7799999713897705,0.5080999732017517
YOR017W,YOR089C,0,-0.61544514,0.13306039571762085,0.7799999713897705,0.5081999897956848
YPL020C,YDL014W,0,-0.61558414,0.13303770124912262,0.7799999713897705,0.5083000063896179
YMR021C,YDL015C,0,-0.6156098,0.1330150067806244,0.7799999713897705,0.508400022983551
YOR336W,YJR129C,0,-0.6156946,0.13299232721328735,0.7799999713897705,0.5084999799728394
YOR328W,YNR016C,0,-0.61593914,0.1329696625471115,0.7799999713897705,0.5085999965667725
YGL180W,YBR109C,1,-0.6160414,0.1331174373626709,0.781000018119812,0.5085999965667725
YHR028C,YLR142W,0,-0.6163356,0.13309475779533386,0.781000018119812,0.5087000131607056
YLR008C,YJL033W,0,-0.6167004,0.13307207822799683,0.781000018119812,0.5088000297546387
YKL157W,YKL173W,0,-0.6168594,0.1330493986606598,0.781000018119812,0.508899986743927
YHR209W,YOR355W,0,-0.6170407,0.13302674889564514,0.781000018119812,0.5090000033378601
YJL010C,YAR027W,0,-0.61705154,0.1330040842294693,0.781000018119812,0.5091000199317932
YGL186C,YBR172C,0,-0.617153,0.13298143446445465,0.781000018119812,0.5091999769210815
YKL210W,YDR017C,0,-0.6173922,0.1329587996006012,0.781000018119812,0.5092999935150146
YLR266C,YPL214C,0,-0.6176706,0.13293616473674774,0.781000018119812,0.5094000101089478
YMR038C,YMR086W,0,-0.6177114,0.13291354477405548,0.781000018119812,0.5095000267028809
YLR093C,YBR217W,1,-0.61813515,0.13306108117103577,0.7820000052452087,0.5095000267028809
YJR152W,YAR018C,0,-0.61882836,0.1330384463071823,0.7820000052452087,0.5095999836921692
YBL098W,YBL061C,0,-0.618908,0.13301582634449005,0.7820000052452087,0.5097000002861023
YPR002W,YER138C,0,-0.61954904,0.1329931914806366,0.7820000052452087,0.5098000168800354
YOR020C,YNL122C,0,-0.6198869,0.13297058641910553,0.7820000052452087,0.5098999738693237
YCR024C-A,YMR233W,0,-0.62045056,0.13294798135757446,0.7820000052452087,0.5099999904632568
YIL049W,YLR009W,0,-0.62076265,0.1329253762960434,0.7820000052452087,0.5101000070571899
YBR247C,YOR124C,0,-0.6209272,0.13290278613567352,0.7820000052452087,0.510200023651123
YDR210W,YGL237C,0,-0.6210353,0.13288021087646484,0.7820000052452087,0.5102999806404114
YLR208W,YNL189W,0,-0.6213482,0.13285763561725616,0.7820000052452087,0.5103999972343445
YLL050C,YGL014W,0,-0.6216957,0.13283506035804749,0.7820000052452087,0.5105000138282776
YNL106C,YNR003C,0,-0.621797,0.1328125,0.7820000052452087,0.5105999708175659
YHR174W,YPR049C,1,-0.6218947,0.1329597532749176,0.7829999923706055,0.5105999708175659
YFR005C,YJR016C,0,-0.62194586,0.13293717801570892,0.7829999923706055,0.510699987411499
YLR431C,YDR080W,1,-0.622047,0.13308437168598175,0.7839999794960022,0.510699987411499
YGR255C,YPL266W,0,-0.62240094,0.13306178152561188,0.7839999794960022,0.5108000040054321
YPL095C,YNL191W,0,-0.6226411,0.1330392062664032,0.7839999794960022,0.5109000205993652
YJL178C,YPL100W,1,-0.6227188,0.13318629562854767,0.7850000262260437,0.5109000205993652
YER154W,YLR165C,0,-0.6227331,0.1331637054681778,0.7850000262260437,0.5109999775886536
YMR090W,YHR023W,0,-0.6228352,0.13314111530780792,0.7850000262260437,0.5110999941825867
YNL239W,YOR381W,0,-0.62336206,0.13311854004859924,0.7850000262260437,0.5112000107765198
YMR256C,YIL110W,0,-0.623396,0.13309596478939056,0.7850000262260437,0.5113000273704529
YKL020C,YDR531W,0,-0.6237352,0.13307340443134308,0.7850000262260437,0.5113999843597412
YGR125W,YPL029W,0,-0.6237797,0.1330508440732956,0.7850000262260437,0.5115000009536743
YKL171W,YPR006C,0,-0.6238281,0.1330282986164093,0.7850000262260437,0.5116000175476074
YML077W,YGL123W,0,-0.6238846,0.1330057680606842,0.7850000262260437,0.5116999745368958
YPL019C,YLR386W,1,-0.6240431,0.13315263390541077,0.7860000133514404,0.5116999745368958
YJR066W,YPL033C,0,-0.624111,0.13313008844852448,0.7860000133514404,0.5117999911308289
YJR022W,YOR099W,0,-0.62416756,0.13310754299163818,0.7860000133514404,0.511900007724762
YNL212W,YHR027C,0,-0.6242346,0.1330849975347519,0.7860000133514404,0.5120000243186951
YER086W,YAR008W,0,-0.62434626,0.1330624669790268,0.7860000133514404,0.5120999813079834
YLR151C,YOR307C,0,-0.6244982,0.1330399513244629,0.7860000133514404,0.5121999979019165
YOR022C,YPL129W,0,-0.62452143,0.133017435669899,0.7860000133514404,0.5123000144958496
YOR033C,YGR271C-A,0,-0.62464875,0.13299492001533508,0.7860000133514404,0.5123999714851379
YCL063W,YIL048W,1,-0.62483263,0.13314160704612732,0.7870000004768372,0.5123999714851379
YLR431C,YER072W,1,-0.62491447,0.13328823447227478,0.7879999876022339,0.5123999714851379
YOR301W,YDR254W,0,-0.62495536,0.1332656890153885,0.7879999876022339,0.512499988079071
YDR073W,YDR171W,0,-0.62495637,0.1332431584596634,0.7879999876022339,0.5126000046730042
YIL134W,YBL058W,0,-0.6250035,0.1332206279039383,0.7879999876022339,0.5127000212669373
YGR014W,YOR221C,0,-0.6250096,0.1331981122493744,0.7879999876022339,0.5127999782562256
YJR089W,YBR118W,0,-0.62506247,0.13317559659481049,0.7879999876022339,0.5128999948501587
YMR021C,YDR390C,0,-0.62509954,0.13315309584140778,0.7879999876022339,0.5130000114440918
YCR077C,YPR052C,0,-0.62538975,0.13313059508800507,0.7879999876022339,0.5131000280380249
YPL101W,YCL026C-A,0,-0.6254159,0.13310810923576355,0.7879999876022339,0.5131999850273132
YGR239C,YNL169C,0,-0.62543136,0.13308562338352203,0.7879999876022339,0.5133000016212463
YDR419W,YBL105C,0,-0.6259084,0.1330631524324417,0.7879999876022339,0.5134000182151794
YHR057C,YGL103W,0,-0.62624776,0.1330406814813614,0.7879999876022339,0.5134999752044678
YDL206W,YJL140W,0,-0.62666094,0.13301822543144226,0.7879999876022339,0.5135999917984009
YGL216W,YBR156C,0,-0.6268047,0.13299578428268433,0.7879999876022339,0.513700008392334
YER026C,YKR046C,0,-0.6273039,0.1329733431339264,0.7879999876022339,0.5138000249862671
YGR183C,YKL107W,0,-0.62739843,0.13295090198516846,0.7879999876022339,0.5138999819755554
YNR049C,YPR103W,0,-0.6274506,0.13292847573757172,0.7879999876022339,0.5139999985694885
YOR182C,YCR092C,0,-0.62766266,0.13290604948997498,0.7879999876022339,0.5141000151634216
YPR066W,YDL193W,0,-0.6284149,0.13288363814353943,0.7879999876022339,0.51419997215271
YPR020W,YER075C,0,-0.6284267,0.13286124169826508,0.7879999876022339,0.5142999887466431
YEL026W,YOR123C,0,-0.6287046,0.13283884525299072,0.7879999876022339,0.5144000053405762
YBL101C,YDR418W,0,-0.62878674,0.13281644880771637,0.7879999876022339,0.5145000219345093
YBR247C,YPL091W,0,-0.6288337,0.1327940672636032,0.7879999876022339,0.5145999789237976
YIL044C,YOR278W,0,-0.62896603,0.13277170062065125,0.7879999876022339,0.5146999955177307
YIL041W,YPR049C,1,-0.6290332,0.13291779160499573,0.7889999747276306,0.5146999955177307
YKL024C,YOR270C,0,-0.62913036,0.13289539515972137,0.7889999747276306,0.5148000121116638
YHR067W,YKL071W,0,-0.6292141,0.1328730285167694,0.7889999747276306,0.5149000287055969
YNR002C,YKL071W,0,-0.62929434,0.13285064697265625,0.7889999747276306,0.5149999856948853
YLR301W,YOR297C,0,-0.62947905,0.13282828032970428,0.7889999747276306,0.5151000022888184
YNL116W,YOR304C-A,0,-0.62960106,0.1328059285879135,0.7889999747276306,0.5152000188827515
YBL006C,YGL119W,0,-0.6298535,0.13278357684612274,0.7889999747276306,0.5152999758720398
YNL054W,YIL041W,1,-0.6299928,0.1329295039176941,0.7900000214576721,0.5152999758720398
YLR393W,YJL221C,0,-0.630004,0.13290713727474213,0.7900000214576721,0.5153999924659729
YLR327C,YLR120C,0,-0.63017136,0.13288477063179016,0.7900000214576721,0.515500009059906
YOR076C,YPL088W,0,-0.63051814,0.13286243379116058,0.7900000214576721,0.5156000256538391
YMR241W,YAL040C,0,-0.631393,0.1328400820493698,0.7900000214576721,0.5156999826431274
YHR181W,YOL005C,0,-0.6314471,0.13281776010990143,0.7900000214576721,0.5157999992370605
YKR008W,YOR036W,0,-0.6315598,0.13279542326927185,0.7900000214576721,0.5159000158309937
YPL150W,YML054C,0,-0.6331532,0.13277311623096466,0.7900000214576721,0.515999972820282
YER048W-A,YER171W,0,-0.63391834,0.13275079429149628,0.7900000214576721,0.5160999894142151
YDL150W,YOR231W,0,-0.63427144,0.1327284872531891,0.7900000214576721,0.5162000060081482
YHL020C,YKL107W,0,-0.6344163,0.1327061951160431,0.7900000214576721,0.5163000226020813
YER091C,YOR239W,0,-0.6347706,0.1326839029788971,0.7900000214576721,0.5163999795913696
YLR151C,YPL089C,0,-0.63519984,0.1326616257429123,0.7900000214576721,0.5164999961853027
YML008C,YGL014W,0,-0.63543946,0.1326393485069275,0.7900000214576721,0.5166000127792358
YKL008C,YLR343W,0,-0.6354516,0.13261708617210388,0.7900000214576721,0.516700029373169
YJR007W,YIL108W,0,-0.63566035,0.13259482383728027,0.7900000214576721,0.5167999863624573
YDL149W,YGR209C,1,-0.6358885,0.13274039328098297,0.7910000085830688,0.5167999863624573
YDR080W,YDR495C,1,-0.63606393,0.1328859031200409,0.7919999957084656,0.5167999863624573
YCR046C,YBR186W,0,-0.63634837,0.1328636109828949,0.7919999957084656,0.5169000029563904
YDR170C,YHR134W,0,-0.6366297,0.1328413337469101,0.7919999957084656,0.5170000195503235
YBR080C,YOR393W,0,-0.63668066,0.1328190565109253,0.7919999957084656,0.5170999765396118
YLR431C,YDL077C,1,-0.6369656,0.13296444714069366,0.7929999828338623,0.5170999765396118
YMR302C,YGR206W,0,-0.63711065,0.13294216990470886,0.7929999828338623,0.5171999931335449
YBR118W,YMR029C,0,-0.6374488,0.13291987776756287,0.7929999828338623,0.517300009727478
YHR059W,YJR016C,0,-0.6374703,0.13289760053157806,0.7929999828338623,0.5174000263214111
YNL329C,YPR047W,0,-0.63760704,0.13287533819675446,0.7929999828338623,0.5174999833106995
YOR175C,YLR210W,0,-0.63762695,0.13285307586193085,0.7929999828338623,0.5175999999046326
YLR459W,YOR212W,0,-0.63826495,0.13283081352710724,0.7929999828338623,0.5177000164985657
YCL063W,YNL326C,1,-0.6390068,0.13297605514526367,0.7940000295639038,0.5177000164985657
YLR329W,YMR163C,0,-0.63921034,0.13295377790927887,0.7940000295639038,0.517799973487854
YFR032C-A,YPR048W,0,-0.6394283,0.13293153047561646,0.7940000295639038,0.5178999900817871
YLR320W,YDL080C,0,-0.63978916,0.13290926814079285,0.7940000295639038,0.5180000066757202
YDL212W,YDL147W,0,-0.6398924,0.13288703560829163,0.7940000295639038,0.5181000232696533
YHR176W,YDR462W,0,-0.63992566,0.1328647881746292,0.7940000295639038,0.5181999802589417
YOR205C,YJR137C,0,-0.63995665,0.13284257054328918,0.7940000295639038,0.5182999968528748
YFR051C,YNL099C,0,-0.64000225,0.13282033801078796,0.7940000295639038,0.5184000134468079
YKL127W,YNL327W,0,-0.6403344,0.13279812037944794,0.7940000295639038,0.5184999704360962
YOR167C,YNL035C,0,-0.6403988,0.1327759176492691,0.7940000295639038,0.5185999870300293
YPR145W,YDR198C,0,-0.6407965,0.13275371491909027,0.7940000295639038,0.5187000036239624
YOL021C,YBR031W,0,-0.6408352,0.13273152709007263,0.7940000295639038,0.5188000202178955
YDR043C,YCR081W,0,-0.640854,0.132709339261055,0.7940000295639038,0.5188999772071838
YPL045W,YLR093C,1,-0.64110315,0.13285428285598755,0.7950000166893005,0.5188999772071838
YOR298W,YMR058W,0,-0.64114445,0.13283208012580872,0.7950000166893005,0.5189999938011169
YJR113C,YDR353W,0,-0.6416077,0.13280989229679108,0.7950000166893005,0.51910001039505
YHR056C,YKL109W,0,-0.64163977,0.13278770446777344,0.7950000166893005,0.5192000269889832
YDR369C,YOR288C,0,-0.6417044,0.132765531539917,0.7950000166893005,0.5192999839782715
YML131W,YML037C,0,-0.6420438,0.13274335861206055,0.7950000166893005,0.5194000005722046
YGL055W,YNL069C,0,-0.6421471,0.1327212005853653,0.7950000166893005,0.5195000171661377
YGR144W,YBR155W,0,-0.6426273,0.13269904255867004,0.7950000166893005,0.519599974155426
YDL204W,YDL132W,0,-0.642646,0.132676899433136,0.7950000166893005,0.5196999907493591
YOL103W,YNL080C,0,-0.64284736,0.13265477120876312,0.7950000166893005,0.5198000073432922
YNL242W,YGL180W,1,-0.6428743,0.13279946148395538,0.7960000038146973,0.5198000073432922
YLR447C,YDR492W,0,-0.6432485,0.13277731835842133,0.7960000038146973,0.5199000239372253
YDR126W,YDL077C,1,-0.64397734,0.1329219490289688,0.796999990940094,0.5199000239372253
YKL146W,YJL046W,0,-0.643984,0.13289977610111237,0.796999990940094,0.5199999809265137
YGR188C,YKR097W,0,-0.6440819,0.1328776329755783,0.796999990940094,0.5200999975204468
YLL045C,YJL062W,0,-0.64414686,0.13285547494888306,0.796999990940094,0.5202000141143799
YPL121C,YDL064W,0,-0.6442218,0.132833331823349,0.796999990940094,0.5202999711036682
YKL152C,YDR402C,0,-0.64464194,0.13281120359897614,0.796999990940094,0.5203999876976013
YML028W,YJL079C,0,-0.6446635,0.13278907537460327,0.796999990940094,0.5205000042915344
YLR386W,YHR174W,1,-0.6448151,0.13293352723121643,0.7979999780654907,0.5205000042915344
YKR067W,YEL036C,0,-0.6448707,0.13291139900684357,0.7979999780654907,0.5206000208854675
YCR008W,YPL087W,0,-0.64515954,0.1328892558813095,0.7979999780654907,0.5206999778747559
YOR332W,YLR043C,1,-0.64527816,0.1330336332321167,0.7990000247955322,0.5206999778747559
YBL021C,YOR388C,0,-0.64528567,0.13301149010658264,0.7990000247955322,0.520799994468689
YHR156C,YHR116W,0,-0.6454637,0.13298934698104858,0.7990000247955322,0.5209000110626221
YBL102W,YFL038C,0,-0.6454945,0.13296721875667572,0.7990000247955322,0.5210000276565552
YOR297C,YLR430W,0,-0.64574784,0.13294509053230286,0.7990000247955322,0.5210999846458435
YMR210W,YGR200C,0,-0.6461639,0.1329229772090912,0.7990000247955322,0.5212000012397766
YDR457W,YJL024C,0,-0.6463048,0.13290086388587952,0.7990000247955322,0.5213000178337097
YKR045C,YDL010W,0,-0.6465978,0.13287876546382904,0.7990000247955322,0.521399974822998
YHL027W,YBR288C,0,-0.6466004,0.13285666704177856,0.7990000247955322,0.5214999914169312
YGR028W,YKL119C,0,-0.6468655,0.13283458352088928,0.7990000247955322,0.5216000080108643
YBL098W,YBR081C,0,-0.6468952,0.1328125,0.7990000247955322,0.5217000246047974
YJR088C,YPR178W,0,-0.6470099,0.1327904313802719,0.7990000247955322,0.5217999815940857
YLR399C,YER153C,0,-0.6471464,0.13276836276054382,0.7990000247955322,0.5218999981880188
YIL048W,YER072W,1,-0.64720756,0.13291244208812714,0.800000011920929,0.5218999981880188
YNL015W,YPR049C,1,-0.6479259,0.13305647671222687,0.8009999990463257,0.5218999981880188
YMR079W,YNL327W,0,-0.64792794,0.1330343782901764,0.8009999990463257,0.5220000147819519
YMR293C,YLR013W,0,-0.64798164,0.1330122947692871,0.8009999990463257,0.5220999717712402
YIL042C,YER169W,0,-0.6482597,0.13299021124839783,0.8009999990463257,0.5221999883651733
YDL132W,YBR160W,0,-0.64830744,0.13296812772750854,0.8009999990463257,0.5223000049591064
YHR176W,YNL225C,0,-0.6484378,0.13294605910778046,0.8009999990463257,0.5224000215530396
YPR101W,YGL224C,0,-0.6484503,0.13292399048805237,0.8009999990463257,0.5224999785423279
YDR205W,YLR126C,0,-0.64889795,0.13290193676948547,0.8009999990463257,0.522599995136261
YDR197W,YGL062W,0,-0.6490086,0.13287989795207977,0.8009999990463257,0.5227000117301941
YJL092W,YJR097W,0,-0.6491057,0.13285785913467407,0.8009999990463257,0.5228000283241272
YCL036W,YMR087W,0,-0.64927447,0.13283582031726837,0.8009999990463257,0.5228999853134155
YGR225W,YNR007C,0,-0.6493097,0.13281379640102386,0.8009999990463257,0.5230000019073486
YLR100W,YER122C,0,-0.6493977,0.13279177248477936,0.8009999990463257,0.5231000185012817
YJR076C,YGR246C,0,-0.64968264,0.13276976346969604,0.8009999990463257,0.5231999754905701
YLR163C,YPR190C,0,-0.6496884,0.13274776935577393,0.8009999990463257,0.5232999920845032
YAL001C,YNL213C,0,-0.6497224,0.1327257603406906,0.8009999990463257,0.5234000086784363
YHR021C,YHR153C,0,-0.65028757,0.1327037811279297,0.8009999990463257,0.5235000252723694
YMR170C,YIR034C,0,-0.6506986,0.13268180191516876,0.8009999990463257,0.5235999822616577
YNL101W,YML118W,0,-0.65073794,0.13265982270240784,0.8009999990463257,0.5236999988555908
YDL217C,YKL189W,0,-0.6510615,0.1326378583908081,0.8009999990463257,0.5238000154495239
YOL145C,YCR043C,0,-0.65139824,0.13261589407920837,0.8009999990463257,0.5238999724388123
YBR077C,YMR045C,0,-0.6514259,0.13259394466876984,0.8009999990463257,0.5239999890327454
YPL177C,YPL011C,0,-0.6515007,0.1325719952583313,0.8009999990463257,0.5241000056266785
YJL012C,YLR423C,1,-0.65172935,0.13271553814411163,0.8019999861717224,0.5241000056266785
YOR290C,YMR171C,0,-0.6517368,0.1326935738325119,0.8019999861717224,0.5242000222206116
YNL293W,YOR257W,0,-0.6517672,0.13267162442207336,0.8019999861717224,0.5242999792098999
YIL044C,YCR102C,0,-0.65193933,0.13264968991279602,0.8019999861717224,0.524399995803833
YHR051W,YER180C,0,-0.65198547,0.13262775540351868,0.8019999861717224,0.5245000123977661
YIR025W,YKL101W,0,-0.6519953,0.13260582089424133,0.8019999861717224,0.5246000289916992
YDR446W,YOR219C,0,-0.65201163,0.13258390128612518,0.8019999861717224,0.5246999859809875
YML001W,YLR106C,0,-0.6520379,0.13256198167800903,0.8019999861717224,0.5248000025749207
YPR184W,YKL127W,0,-0.6522929,0.13254007697105408,0.8019999861717224,0.5249000191688538
YLR298C,YDR485C,0,-0.652362,0.13251817226409912,0.8019999861717224,0.5249999761581421
YDR511W,YDR392W,0,-0.6524523,0.13249628245830536,0.8019999861717224,0.5250999927520752
YNR061C,YPL266W,0,-0.65247554,0.1324743926525116,0.8019999861717224,0.5252000093460083
YPL108W,YPL281C,0,-0.65249085,0.13245251774787903,0.8019999861717224,0.5253000259399414
YCL027W,YJL081C,0,-0.65276,0.13243064284324646,0.8019999861717224,0.5253999829292297
YNL075W,YCL074W,0,-0.6528027,0.13240878283977509,0.8019999861717224,0.5254999995231628
YBR080C,YMR231W,1,-0.6529371,0.13255199790000916,0.8029999732971191,0.5254999995231628
YGL050W,YLR439W,0,-0.65303093,0.1325301229953766,0.8029999732971191,0.525600016117096
YGL095C,YDL077C,1,-0.65328217,0.1326732635498047,0.8040000200271606,0.525600016117096
YBR276C,YMR099C,0,-0.6535811,0.13265137374401093,0.8040000200271606,0.5256999731063843
YOL021C,YNL175C,0,-0.65365374,0.13262949883937836,0.8040000200271606,0.5257999897003174
YBR080C,YPL019C,1,-0.6538369,0.1327725499868393,0.8050000071525574,0.5257999897003174
YHL047C,YLR178C,0,-0.6539318,0.13275066018104553,0.8050000071525574,0.5259000062942505
YFL029C,YDR260C,0,-0.65408236,0.13272877037525177,0.8050000071525574,0.5260000228881836
YKL182W,YMR146C,0,-0.6540857,0.1327068954706192,0.8050000071525574,0.5260999798774719
YLR431C,YDL066W,0,-0.6542018,0.13268502056598663,0.8050000071525574,0.526199996471405
YIL139C,YKL109W,0,-0.6549149,0.13266314566135406,0.8050000071525574,0.5263000130653381
YLR141W,YMR193W,0,-0.6550464,0.1326412856578827,0.8050000071525574,0.5264000296592712
YMR068W,YCL010C,0,-0.65543634,0.1326194405555725,0.8050000071525574,0.5264999866485596
YKL003C,YDR156W,0,-0.65573895,0.13259759545326233,0.8050000071525574,0.5266000032424927
YGR278W,YNL301C,0,-0.6558856,0.13257575035095215,0.8050000071525574,0.5267000198364258
YBR289W,YDR536W,0,-0.6560279,0.13255392014980316,0.8050000071525574,0.5267999768257141
YFR055W,YLR350W,0,-0.65634435,0.13253210484981537,0.8050000071525574,0.5268999934196472
YOR367W,YOL027C,0,-0.65635324,0.13251028954982758,0.8050000071525574,0.5270000100135803
YDR424C,YMR200W,0,-0.6565744,0.13248847424983978,0.8050000071525574,0.5271000266075134
YPL065W,YGR087C,0,-0.65697104,0.13246667385101318,0.8050000071525574,0.5271999835968018
YGR203W,YOR202W,0,-0.65718085,0.13244488835334778,0.8050000071525574,0.5273000001907349
YPR073C,YHR019C,0,-0.6571894,0.13242310285568237,0.8050000071525574,0.527400016784668
YPL046C,YKL010C,0,-0.6575052,0.13240131735801697,0.8050000071525574,0.5274999737739563
YPR119W,YGR089W,0,-0.6577382,0.13237954676151276,0.8050000071525574,0.5275999903678894
YPL012W,YOL027C,0,-0.6581965,0.13235777616500854,0.8050000071525574,0.5277000069618225
YCR046C,YJL209W,0,-0.6583822,0.13233602046966553,0.8050000071525574,0.5278000235557556
YPR060C,YEL077C,0,-0.65883106,0.1323142647743225,0.8050000071525574,0.527899980545044
YML088W,YDL010W,0,-0.65908843,0.13229252398014069,0.8050000071525574,0.527999997138977
YNR007C,YLR176C,0,-0.659758,0.13227078318595886,0.8050000071525574,0.5281000137329102
YGR071C,YER166W,0,-0.65988755,0.13224905729293823,0.8050000071525574,0.5281999707221985
YGL095C,YML104C,0,-0.65995795,0.1322273313999176,0.8050000071525574,0.5282999873161316
YNL282W,YCR020W-B,0,-0.6602089,0.13220562040805817,0.8050000071525574,0.5284000039100647
YDL107W,YHL009C,0,-0.66031796,0.13218390941619873,0.8050000071525574,0.5285000205039978
YLR197W,YFR055W,0,-0.6603489,0.1321622133255005,0.8050000071525574,0.5285999774932861
YGL071W,YPR200C,0,-0.66044575,0.13214051723480225,0.8050000071525574,0.5286999940872192
YGL030W,YML025C,0,-0.66046983,0.132118821144104,0.8050000071525574,0.5288000106811523
YNL242W,YJL012C,1,-0.66073924,0.1322612464427948,0.8059999942779541,0.5288000106811523
YGL250W,YDR109C,0,-0.6608086,0.13223953545093536,0.8059999942779541,0.5289000272750854
YDR097C,YPL094C,0,-0.660906,0.13221785426139832,0.8059999942779541,0.5289999842643738
YIL082W-A,YGL084C,0,-0.66109914,0.13219615817070007,0.8059999942779541,0.5291000008583069
YHR032W,YPL129W,0,-0.66173464,0.13217447698116302,0.8059999942779541,0.52920001745224
YNL015W,YAL010C,0,-0.6617395,0.13215281069278717,0.8059999942779541,0.5292999744415283
YLR088W,YKL135C,0,-0.6620084,0.13213114440441132,0.8059999942779541,0.5293999910354614
YBR159W,YIL088C,0,-0.6620271,0.13210949301719666,0.8059999942779541,0.5295000076293945
YNL265C,YGR063C,0,-0.6622607,0.132087841629982,0.8059999942779541,0.5296000242233276
YGR089W,YBL113C,0,-0.6626231,0.13206619024276733,0.8059999942779541,0.529699981212616
YDR403W,YPR054W,0,-0.66264045,0.13204455375671387,0.8059999942779541,0.5297999978065491
YNL015W,YLR431C,1,-0.6629046,0.13218672573566437,0.8069999814033508,0.5297999978065491
YNR073C,YPL214C,0,-0.66306144,0.1321650892496109,0.8069999814033508,0.5299000144004822
YDR415C,YGL039W,0,-0.6631337,0.13214343786239624,0.8069999814033508,0.5299999713897705
YPL143W,YNL262W,0,-0.6637152,0.13212180137634277,0.8069999814033508,0.5300999879837036
YKL013C,YNL281W,0,-0.6639139,0.1321001797914505,0.8069999814033508,0.5302000045776367
YOR306C,YIR028W,0,-0.66464394,0.13207855820655823,0.8069999814033508,0.5303000211715698
YLR357W,YDR332W,0,-0.66465473,0.13205695152282715,0.8069999814033508,0.5303999781608582
YDR356W,YML006C,0,-0.66478974,0.13203534483909607,0.8069999814033508,0.5304999947547913
YAL039C,YML009C,0,-0.6649997,0.132013738155365,0.8069999814033508,0.5306000113487244
YDR031W,YMR017W,0,-0.6651138,0.1319921463727951,0.8069999814033508,0.5307000279426575
YNR020C,YDR425W,0,-0.6656507,0.1319705694913864,0.8069999814033508,0.5307999849319458
YGR275W,YNL127W,0,-0.6657659,0.13194899260997772,0.8069999814033508,0.5309000015258789
YML075C,YLR141W,0,-0.6661311,0.13192741572856903,0.8069999814033508,0.531000018119812
YOR368W,YGR134W,0,-0.6662559,0.13190585374832153,0.8069999814033508,0.5310999751091003
YBR210W,YKR054C,0,-0.6667425,0.13188429176807404,0.8069999814033508,0.5311999917030334
YAL002W,YLR093C,1,-0.66716856,0.13202615082263947,0.8080000281333923,0.5311999917030334
YKL034W,YBL076C,0,-0.66719306,0.13200457394123077,0.8080000281333923,0.5313000082969666
YOR118W,YKL211C,0,-0.6672948,0.13198301196098328,0.8080000281333923,0.5314000248908997
YDR224C,YPL163C,0,-0.6673238,0.13196144998073578,0.8080000281333923,0.531499981880188
YBL020W,YIL131C,0,-0.66736275,0.13193990290164948,0.8080000281333923,0.5315999984741211
YMR030W,YMR114C,0,-0.6675294,0.13191837072372437,0.8080000281333923,0.5317000150680542
YLR040C,YOR388C,0,-0.6677268,0.13189683854579926,0.8080000281333923,0.5317999720573425
YNL307C,YJL122W,0,-0.66782653,0.13187530636787415,0.8080000281333923,0.5318999886512756
YDR240C,YJR053W,0,-0.66788834,0.13185378909111023,0.8080000281333923,0.5320000052452087
YNL264C,YOL133W,0,-0.66799587,0.1318322718143463,0.8080000281333923,0.5321000218391418
YMR045C,YFL016C,0,-0.66799676,0.1318107694387436,0.8080000281333923,0.5321999788284302
YNR040W,YBR271W,0,-0.6682226,0.13178926706314087,0.8080000281333923,0.5322999954223633
YCR081W,YJL165C,0,-0.6682587,0.13176777958869934,0.8080000281333923,0.5324000120162964
YPL096W,YHR102W,0,-0.6682742,0.1317462921142578,0.8080000281333923,0.5325000286102295
YPL160W,YOR197W,0,-0.66830814,0.13172481954097748,0.8080000281333923,0.5325999855995178
YKL042W,YDR071C,0,-0.66842836,0.13170334696769714,0.8080000281333923,0.5327000021934509
YOR175C,YCR030C,0,-0.6686917,0.1316818743944168,0.8080000281333923,0.532800018787384
YEL052W,YDL142C,0,-0.6687253,0.13166041672229767,0.8080000281333923,0.5328999757766724
YOR077W,YNL072W,0,-0.6687498,0.13163897395133972,0.8080000281333923,0.5329999923706055
YPL047W,YDR182W,0,-0.66898686,0.13161753118038177,0.8080000281333923,0.5331000089645386
YMR122W-A,YCR012W,0,-0.6692565,0.13159608840942383,0.8080000281333923,0.5332000255584717
YMR182C,YLR312W-A,0,-0.66945046,0.13157466053962708,0.8080000281333923,0.53329998254776
YGR085C,YGR180C,0,-0.66969013,0.13155323266983032,0.8080000281333923,0.5333999991416931
YPL094C,YKL022C,0,-0.6696911,0.13153181970119476,0.8080000281333923,0.5335000157356262
YBL004W,YMR030W,0,-0.6697918,0.1315104216337204,0.8080000281333923,0.5335999727249146
YPR108W,YLL043W,0,-0.6698119,0.13148900866508484,0.8080000281333923,0.5336999893188477
YER094C,YPL093W,0,-0.66989714,0.13146762549877167,0.8080000281333923,0.5338000059127808
YKL198C,YLL035W,0,-0.6705386,0.1314462274312973,0.8080000281333923,0.5339000225067139
YDR466W,YOR127W,0,-0.67062813,0.13142485916614532,0.8080000281333923,0.5339999794960022
YMR159C,YER090W,0,-0.67070025,0.13140347599983215,0.8080000281333923,0.5340999960899353
YNR036C,YDL078C,0,-0.6707629,0.13138210773468018,0.8080000281333923,0.5342000126838684
YHL036W,YML007W,0,-0.6711566,0.1313607543706894,0.8080000281333923,0.5343000292778015
YDR164C,YOR094W,0,-0.6712436,0.1313394010066986,0.8080000281333923,0.5343999862670898
YKL117W,YDR460W,0,-0.6713212,0.13131806254386902,0.8080000281333923,0.534500002861023
YGR186W,YPL089C,0,-0.67138594,0.13129672408103943,0.8080000281333923,0.534600019454956
YNL126W,YIL094C,0,-0.67142004,0.13127538561820984,0.8080000281333923,0.5346999764442444
YMR065W,YBR070C,0,-0.67167705,0.13125406205654144,0.8080000281333923,0.5347999930381775
YOR391C,YKL135C,0,-0.6719741,0.13123273849487305,0.8080000281333923,0.5349000096321106
YBR260C,YDL111C,0,-0.67242485,0.13121142983436584,0.8080000281333923,0.5350000262260437
YGL019W,YML046W,0,-0.67309433,0.13119012117385864,0.8080000281333923,0.535099983215332
YNL125C,YNL146W,0,-0.6731106,0.13116882741451263,0.8080000281333923,0.5351999998092651
YNL098C,YDR311W,0,-0.6731913,0.13114753365516663,0.8080000281333923,0.5353000164031982
YBR122C,YAL062W,0,-0.6734289,0.1311262547969818,0.8080000281333923,0.5353999733924866
YDL035C,YBR293W,0,-0.67361933,0.131104975938797,0.8080000281333923,0.5354999899864197
YNL212W,YKL089W,0,-0.6737686,0.13108371198177338,0.8080000281333923,0.5356000065803528
YMR070W,YBR030W,0,-0.6739435,0.13106244802474976,0.8080000281333923,0.5357000231742859
YBL069W,YKR030W,0,-0.67421216,0.13104119896888733,0.8080000281333923,0.5357999801635742
YPL023C,YPL187W,0,-0.67460644,0.1310199499130249,0.8080000281333923,0.5358999967575073
YLR304C,YGR231C,0,-0.674922,0.13099870085716248,0.8080000281333923,0.5360000133514404
YIL046W,YMR305C,0,-0.67504793,0.13097746670246124,0.8080000281333923,0.5360999703407288
YPL230W,YLR070C,0,-0.6752035,0.13095623254776,0.8080000281333923,0.5361999869346619
YKL059C,YDL202W,0,-0.6752042,0.13093501329421997,0.8080000281333923,0.536300003528595
YOR338W,YER022W,0,-0.6754362,0.13091380894184113,0.8080000281333923,0.5364000201225281
YCL063W,YKL189W,0,-0.67559165,0.1308925896883011,0.8080000281333923,0.5364999771118164
YMR014W,YMR170C,0,-0.67561847,0.13087140023708344,0.8080000281333923,0.5365999937057495
YJR088C,YNL300W,0,-0.67575145,0.1308501958847046,0.8080000281333923,0.5367000102996826
YLR386W,YHR138C,1,-0.67598987,0.13099093735218048,0.8090000152587891,0.5367000102996826
YDR369C,YER004W,0,-0.6760259,0.13096973299980164,0.8090000152587891,0.5368000268936157
YPL232W,YHR123W,0,-0.6761097,0.1309485286474228,0.8090000152587891,0.536899983882904
YOR070C,YEL062W,0,-0.6766591,0.13092733919620514,0.8090000152587891,0.5370000004768372
YIR002C,YPR182W,0,-0.6766849,0.1309061497449875,0.8090000152587891,0.5371000170707703
YOR298W,YNL267W,0,-0.6773147,0.13088497519493103,0.8090000152587891,0.5371999740600586
YPL241C,YEL003W,0,-0.67764765,0.13086380064487457,0.8090000152587891,0.5372999906539917
YIL010W,YOL133W,0,-0.6782169,0.13084262609481812,0.8090000152587891,0.5374000072479248
YBR298C,YDR099W,0,-0.67830867,0.13082148134708405,0.8090000152587891,0.5375000238418579
YDR214W,YLL029W,0,-0.67846006,0.13080032169818878,0.8090000152587891,0.5375999808311462
YOR360C,YOL112W,0,-0.6785864,0.1307791769504547,0.8090000152587891,0.5376999974250793
YPL269W,YOL027C,0,-0.67861974,0.13075804710388184,0.8090000152587891,0.5378000140190125
YDR231C,YLL051C,0,-0.6787098,0.13073691725730896,0.8090000152587891,0.5378999710083008
YMR047C,YBR288C,0,-0.67876375,0.13071578741073608,0.8090000152587891,0.5379999876022339
YKL007W,YGR047C,0,-0.67878026,0.1306946724653244,0.8090000152587891,0.538100004196167
YCL011C,YER013W,0,-0.67897373,0.13067355751991272,0.8090000152587891,0.5382000207901001
YNL148C,YDR307W,0,-0.6789896,0.13065245747566223,0.8090000152587891,0.5382999777793884
YJR151C,YMR029C,0,-0.6790166,0.13063135743141174,0.8090000152587891,0.5383999943733215
YMR296C,YBR280C,0,-0.67935246,0.13061027228832245,0.8090000152587891,0.5385000109672546
YDR073W,YHR101C,0,-0.67957,0.13058918714523315,0.8090000152587891,0.5386000275611877
YDR322W,YOR303W,0,-0.67997974,0.13056810200214386,0.8090000152587891,0.5386999845504761
YIR002C,YDR404C,0,-0.6803042,0.13054703176021576,0.8090000152587891,0.5388000011444092
YMR098C,YPL196W,0,-0.680574,0.13052597641944885,0.8090000152587891,0.5389000177383423
YOL013C,YAL029C,0,-0.68101525,0.13050492107868195,0.8090000152587891,0.5389999747276306
YJR091C,YBR106W,0,-0.68104535,0.13048386573791504,0.8090000152587891,0.5390999913215637
YHR045W,YMR289W,0,-0.6814832,0.13046282529830933,0.8090000152587891,0.5392000079154968
YNL148C,YBR201W,0,-0.6815134,0.1304417997598648,0.8090000152587891,0.5393000245094299
YKL015W,YOL133W,0,-0.68223476,0.1304207593202591,0.8090000152587891,0.5393999814987183
YCL038C,YML036W,0,-0.6823203,0.13039974868297577,0.8090000152587891,0.5394999980926514
YJR121W,YPR190C,0,-0.6823737,0.13037872314453125,0.8090000152587891,0.5396000146865845
YLR433C,YKL109W,0,-0.68264115,0.13035771250724792,0.8090000152587891,0.5396999716758728
YDR151C,YLR301W,0,-0.68272847,0.1303367167711258,0.8090000152587891,0.5397999882698059
YHR039C-A,YPR182W,0,-0.68290097,0.13031572103500366,0.8090000152587891,0.539900004863739
YPR112C,YPL246C,0,-0.6830101,0.13029474020004272,0.8090000152587891,0.5400000214576721
YGR274C,YER117W,0,-0.683106,0.1302737593650818,0.8090000152587891,0.5400999784469604
YIR028W,YGL084C,0,-0.68364817,0.13025277853012085,0.8090000152587891,0.5401999950408936
YHL012W,YJL050W,0,-0.6837243,0.1302318125963211,0.8090000152587891,0.5403000116348267
YCL034W,YGR067C,0,-0.68383616,0.13021084666252136,0.8090000152587891,0.5404000282287598
YGL128C,YOR020C,0,-0.68394375,0.1301898956298828,0.8090000152587891,0.5404999852180481
YLR148W,YJL178C,1,-0.68405414,0.13032984733581543,0.8100000023841858,0.5404999852180481
YML088W,YLR158C,0,-0.684246,0.13030888140201569,0.8100000023841858,0.5406000018119812
YJL042W,YNR021W,0,-0.68464273,0.13028791546821594,0.8100000023841858,0.5407000184059143
YGL158W,YGR068C,0,-0.684776,0.1302669644355774,0.8100000023841858,0.5407999753952026
YIR013C,YDR326C,0,-0.6848814,0.13024601340293884,0.8100000023841858,0.5408999919891357
YMR323W,YOR351C,0,-0.68492585,0.1302250772714615,0.8100000023841858,0.5410000085830688
YKL056C,YLR117C,0,-0.685654,0.13020414113998413,0.8100000023841858,0.541100025177002
YLR289W,YGR268C,0,-0.6858885,0.13018321990966797,0.8100000023841858,0.5411999821662903
YGR084C,YGR116W,0,-0.6859959,0.1301622986793518,0.8100000023841858,0.5412999987602234
YJL014W,YBR136W,0,-0.68628967,0.13014139235019684,0.8100000023841858,0.5414000153541565
YPL092W,YBR161W,0,-0.68629843,0.13012048602104187,0.8100000023841858,0.5414999723434448
YER122C,YDR071C,0,-0.6863094,0.1300995796918869,0.8100000023841858,0.5415999889373779
YNR044W,YPL083C,0,-0.68636245,0.13007868826389313,0.8100000023841858,0.541700005531311
YER013W,YLR467W,0,-0.6865217,0.13005779683589935,0.8100000023841858,0.5418000221252441
YPL124W,YPL083C,0,-0.68652934,0.13003692030906677,0.8100000023841858,0.5418999791145325
YIL049W,YHR074W,0,-0.6867295,0.13001605868339539,0.8100000023841858,0.5419999957084656
YJL097W,YIL170W,0,-0.6867761,0.1299951821565628,0.8100000023841858,0.5421000123023987
YLR157C,YGL179C,0,-0.68697554,0.12997432053089142,0.8100000023841858,0.5422000288963318
YDL206W,YDR167W,0,-0.6871503,0.12995347380638123,0.8100000023841858,0.5422999858856201
YAL034W-A,YGL200C,0,-0.6873955,0.12993262708187103,0.8100000023841858,0.5424000024795532
YML099C,YNR028W,0,-0.6877195,0.12991179525852203,0.8100000023841858,0.5425000190734863
YER048C,YMR051C,0,-0.68788147,0.12989094853401184,0.8100000023841858,0.5425999760627747
YIL134W,YML009C,0,-0.68852574,0.12987013161182404,0.8100000023841858,0.5426999926567078
YPR103W,YGR239C,0,-0.68853945,0.12984931468963623,0.8100000023841858,0.5428000092506409
YIL026C,YBR061C,0,-0.68857497,0.12982849776744843,0.8100000023841858,0.542900025844574
YIL112W,YKL221W,0,-0.68863493,0.12980769574642181,0.8100000023841858,0.5429999828338623
YJR055W,YPR048W,0,-0.68902236,0.1297868937253952,0.8100000023841858,0.5430999994277954
YMR008C,YLR224W,0,-0.6890926,0.12976610660552979,0.8100000023841858,0.5432000160217285
YLR103C,YJL060W,0,-0.6895036,0.12974531948566437,0.8100000023841858,0.5432999730110168
YDR440W,YML042W,0,-0.6895322,0.12972453236579895,0.8100000023841858,0.54339998960495
YDL201W,YEL062W,0,-0.68997306,0.12970376014709473,0.8100000023841858,0.5435000061988831
YHR115C,YKL113C,0,-0.6900554,0.1296830028295517,0.8100000023841858,0.5436000227928162
YDR419W,YPL059W,0,-0.6902269,0.12966223061084747,0.8100000023841858,0.5436999797821045
YPR081C,YPR094W,0,-0.69027346,0.12964148819446564,0.8100000023841858,0.5437999963760376
YLL045C,YDL178W,0,-0.6906895,0.1296207457780838,0.8100000023841858,0.5439000129699707
YDL144C,YDR294C,0,-0.6907494,0.12960000336170197,0.8100000023841858,0.5440000295639038
YKL074C,YJR015W,0,-0.6908155,0.12957926094532013,0.8100000023841858,0.5440999865531921
YDR166C,YKL188C,0,-0.6911151,0.12955854833126068,0.8100000023841858,0.5442000031471252
YDR143C,YIR038C,0,-0.6913069,0.12953782081604004,0.8100000023841858,0.5443000197410583
YMR231W,YIL112W,0,-0.69164175,0.1295171082019806,0.8100000023841858,0.5443999767303467
YCR072C,YPR005C,0,-0.6917407,0.12949639558792114,0.8100000023841858,0.5444999933242798
YOL090W,YPR063C,0,-0.69180566,0.1294756978750229,0.8100000023841858,0.5446000099182129
YER048W-A,YKL175W,0,-0.692215,0.12945501506328583,0.8100000023841858,0.544700026512146
YDL193W,YEL053C,0,-0.6924788,0.12943431735038757,0.8100000023841858,0.5447999835014343
YEL013W,YPL019C,1,-0.6925866,0.12957341969013214,0.8109999895095825,0.5447999835014343
YDL007W,YOR190W,0,-0.69285697,0.1295527219772339,0.8109999895095825,0.5449000000953674
YHL004W,YOL039W,0,-0.69286203,0.12953202426433563,0.8109999895095825,0.5450000166893005
YFL033C,YDR050C,0,-0.6934512,0.12951134145259857,0.8109999895095825,0.5450999736785889
YNL067W,YIL048W,0,-0.693635,0.1294906586408615,0.8109999895095825,0.545199990272522
YLR160C,YBR118W,0,-0.6937317,0.12946999073028564,0.8109999895095825,0.5453000068664551
YMR036C,YFL038C,0,-0.69376665,0.12944932281970978,0.8109999895095825,0.5454000234603882
YOL112W,YMR016C,0,-0.69408596,0.1294286698102951,0.8109999895095825,0.5454999804496765
YFL008W,YAL062W,0,-0.69410306,0.12940801680088043,0.8109999895095825,0.5455999970436096
YPR201W,YGR256W,0,-0.6947319,0.12938736379146576,0.8109999895095825,0.5457000136375427
YDR334W,YBR281C,0,-0.69512063,0.12936672568321228,0.8109999895095825,0.545799970626831
YLR027C,YKR018C,0,-0.6951965,0.1293460875749588,0.8109999895095825,0.5458999872207642
YJR034W,YPL122C,0,-0.6952644,0.12932546436786652,0.8109999895095825,0.5460000038146973
YML058W,YGL003C,0,-0.69533527,0.12930484116077423,0.8109999895095825,0.5461000204086304
YGR132C,YNR032W,0,-0.69579005,0.12928423285484314,0.8109999895095825,0.5461999773979187
YPL228W,YOR373W,0,-0.69583243,0.12926362454891205,0.8109999895095825,0.5462999939918518
YLL005C,YNL085W,0,-0.69598156,0.12924303114414215,0.8109999895095825,0.5464000105857849
YOR067C,YIL108W,0,-0.6960507,0.12922243773937225,0.8109999895095825,0.546500027179718
YLR148W,YOR326W,1,-0.6962896,0.12936115264892578,0.8119999766349792,0.546500027179718
YNR047W,YPL218W,0,-0.696448,0.12934055924415588,0.8119999766349792,0.5465999841690063
YHR186C,YJL099W,0,-0.6964933,0.1293199509382248,0.8119999766349792,0.5467000007629395
YOR017W,YOR155C,0,-0.6967758,0.1292993575334549,0.8119999766349792,0.5468000173568726
YHR215W,YMR295C,0,-0.69725734,0.1292787790298462,0.8119999766349792,0.5468999743461609
YBR179C,YMR044W,0,-0.6976036,0.1292582005262375,0.8119999766349792,0.546999990940094
YPR159W,YPL007C,0,-0.6976927,0.12923762202262878,0.8119999766349792,0.5471000075340271
YPR065W,YPL258C,0,-0.6979863,0.12921705842018127,0.8119999766349792,0.5472000241279602
YJL048C,YLR073C,0,-0.6982324,0.12919649481773376,0.8119999766349792,0.5472999811172485
YKL046C,YER151C,0,-0.6982793,0.12917594611644745,0.8119999766349792,0.5473999977111816
YPR132W,YPR043W,0,-0.6984691,0.12915539741516113,0.8119999766349792,0.5475000143051147
YPR075C,YPL015C,0,-0.6985641,0.129134863615036,0.8119999766349792,0.5475999712944031
YLR221C,YOR124C,0,-0.6985808,0.1291143298149109,0.8119999766349792,0.5476999878883362
YPR135W,YJL051W,0,-0.69871855,0.12909379601478577,0.8119999766349792,0.5478000044822693
YKL109W,YGR056W,0,-0.6990125,0.12907327711582184,0.8119999766349792,0.5479000210762024
YLR043C,YPR049C,1,-0.6990776,0.1292116940021515,0.8130000233650208,0.5479000210762024
YLR390W,YDL138W,0,-0.6993988,0.12919116020202637,0.8130000233650208,0.5479999780654907
YIL031W,YHR047C,0,-0.6994509,0.12917064130306244,0.8130000233650208,0.5480999946594238
YNR043W,YGR169C,0,-0.6996599,0.1291501224040985,0.8130000233650208,0.5482000112533569
YER004W,YPR103W,0,-0.6999206,0.12912960350513458,0.8130000233650208,0.54830002784729
YDL192W,YGL162W,0,-0.6999574,0.12910909950733185,0.8130000233650208,0.5483999848365784
YDR118W,YDR047W,0,-0.70003116,0.1290885955095291,0.8130000233650208,0.5485000014305115
YDR341C,YJR063W,0,-0.70005685,0.12906810641288757,0.8130000233650208,0.5486000180244446
YJL106W,YOL041C,0,-0.70020884,0.12904761731624603,0.8130000233650208,0.5486999750137329
YCL063W,YGR209C,1,-0.7004237,0.12918584048748016,0.8140000104904175,0.5486999750137329
YGR220C,YJL066C,0,-0.7004468,0.12916535139083862,0.8140000104904175,0.548799991607666
YMR260C,YCL050C,0,-0.700514,0.1291448473930359,0.8140000104904175,0.5489000082015991
YOL010W,YDR341C,0,-0.70073813,0.12912435829639435,0.8140000104904175,0.5490000247955322
YDL085W,YJL062W,0,-0.70110625,0.129103884100914,0.8140000104904175,0.5490999817848206
YDR348C,YLR129W,0,-0.70129186,0.12908340990543365,0.8140000104904175,0.5491999983787537
YOR056C,YPR018W,0,-0.70165366,0.1290629506111145,0.8140000104904175,0.5493000149726868
YCL059C,YOR176W,0,-0.70175993,0.12904249131679535,0.8140000104904175,0.5493999719619751
YPR140W,YLR304C,0,-0.70198137,0.1290220320224762,0.8140000104904175,0.5494999885559082
YDL029W,YPL241C,0,-0.7020102,0.12900158762931824,0.8140000104904175,0.5496000051498413
YHR115C,YJL100W,0,-0.7021599,0.12898114323616028,0.8140000104904175,0.5497000217437744
YGL180W,YKL051W,1,-0.70225996,0.1291191428899765,0.8149999976158142,0.5497000217437744
YER174C,YDR279W,0,-0.7023776,0.12909868359565735,0.8149999976158142,0.5497999787330627
YDL007W,YOR386W,0,-0.70271415,0.1290782392024994,0.8149999976158142,0.5498999953269958
YGL048C,YDL006W,0,-0.70282054,0.12905779480934143,0.8149999976158142,0.550000011920929
YLR386W,YOR068C,1,-0.7031692,0.1291956901550293,0.8159999847412109,0.550000011920929
YGL054C,YPR032W,0,-0.703443,0.12917524576187134,0.8159999847412109,0.5501000285148621
YML063W,YBR296C,0,-0.70358014,0.12915480136871338,0.8159999847412109,0.5501999855041504
YMR160W,YDR315C,0,-0.7039135,0.12913435697555542,0.8159999847412109,0.5503000020980835
YDL149W,YIL041W,1,-0.7039586,0.12927214801311493,0.8169999718666077,0.5503000020980835
YLR393W,YDR123C,0,-0.7039866,0.12925170361995697,0.8169999718666077,0.5504000186920166
YBR283C,YBL099W,0,-0.70501274,0.129231259226799,0.8169999718666077,0.5504999756813049
YBR240C,YGL128C,0,-0.70515877,0.12921081483364105,0.8169999718666077,0.550599992275238
YDL042C,YJL060W,0,-0.70534265,0.1291903853416443,0.8169999718666077,0.5507000088691711
YIL048W,YFL004W,1,-0.7054928,0.12932805716991425,0.8180000185966492,0.5507000088691711
YPL187W,YDL232W,0,-0.706517,0.1293076127767563,0.8180000185966492,0.5508000254631042
YPR121W,YDR034C,0,-0.7067075,0.12928718328475952,0.8180000185966492,0.5508999824523926
YDR052C,YEL054C,0,-0.7068132,0.12926675379276276,0.8180000185966492,0.5509999990463257
YLR097C,YPR033C,0,-0.7070585,0.129246324300766,0.8180000185966492,0.5511000156402588
YGL029W,YDR358W,0,-0.7075396,0.12922590970993042,0.8180000185966492,0.5511999726295471
YJL141C,YNL261W,0,-0.7076054,0.12920549511909485,0.8180000185966492,0.5512999892234802
YJL214W,YBR298C,0,-0.70772606,0.12918509542942047,0.8180000185966492,0.5514000058174133
YDR144C,YLR425W,0,-0.70773715,0.1291646957397461,0.8180000185966492,0.5515000224113464
YDL008W,YMR201C,0,-0.70776784,0.12914429605007172,0.8180000185966492,0.5515999794006348
YPR075C,YNL282W,0,-0.707792,0.12912391126155853,0.8180000185966492,0.5516999959945679
YJL056C,YOR228C,0,-0.7084914,0.12910354137420654,0.8180000185966492,0.551800012588501
YER083C,YML121W,0,-0.70881325,0.12908315658569336,0.8180000185966492,0.5519000291824341
YDR529C,YJL177W,0,-0.70926684,0.12906280159950256,0.8180000185966492,0.5519999861717224
YML001W,YPR049C,1,-0.7096074,0.12920019030570984,0.8190000057220459,0.5519999861717224
YDR079W,YPL134C,0,-0.7098228,0.12917980551719666,0.8190000057220459,0.5521000027656555
YLR151C,YHR207C,0,-0.7098964,0.12915943562984467,0.8190000057220459,0.5522000193595886
YOR307C,YOR381W,0,-0.71022755,0.12913906574249268,0.8190000057220459,0.552299976348877
YDR218C,YJL072C,0,-0.71043533,0.12911871075630188,0.8190000057220459,0.5523999929428101
YJL177W,YDR383C,0,-0.710443,0.12909835577011108,0.8190000057220459,0.5525000095367432
YKL195W,YGL255W,0,-0.71076924,0.12907801568508148,0.8190000057220459,0.5526000261306763
YLR287C-A,YDR296W,0,-0.7107769,0.12905767560005188,0.8190000057220459,0.5526999831199646
YOR251C,YBR160W,0,-0.7109037,0.12903733551502228,0.8190000057220459,0.5527999997138977
YOR017W,YJR047C,0,-0.71092796,0.12901701033115387,0.8190000057220459,0.5529000163078308
YDR177W,YKL073W,0,-0.71099144,0.12899668514728546,0.8190000057220459,0.5529999732971191
YNR032W,YMR283C,0,-0.7110871,0.12897637486457825,0.8190000057220459,0.5530999898910522
YDR524C,YNL298W,0,-0.71130615,0.12895606458187103,0.8190000057220459,0.5532000064849854
YIL047C,YIL115C,0,-0.7113263,0.128935769200325,0.8190000057220459,0.5533000230789185
YOL141W,YBR035C,0,-0.71141976,0.128915473818779,0.8190000057220459,0.5533999800682068
YKL180W,YDL170W,0,-0.71145415,0.12889517843723297,0.8190000057220459,0.5534999966621399
YNL254C,YGR072W,0,-0.71154416,0.12887489795684814,0.8190000057220459,0.553600013256073
YOL149W,YPR036W,0,-0.7118319,0.1288546323776245,0.8190000057220459,0.5536999702453613
YDR180W,YBR120C,0,-0.7119469,0.12883435189723969,0.8190000057220459,0.5537999868392944
YGR223C,YER164W,0,-0.71207434,0.12881408631801605,0.8190000057220459,0.5539000034332275
YBR177C,YNL283C,0,-0.7122361,0.1287938356399536,0.8190000057220459,0.5540000200271606
YLR440C,YHR034C,0,-0.71236044,0.12877358496189117,0.8190000057220459,0.554099977016449
YDR226W,YLR015W,0,-0.7123909,0.12875333428382874,0.8190000057220459,0.5541999936103821
YMR241W,YHR019C,0,-0.71244025,0.1287330985069275,0.8190000057220459,0.5543000102043152
YIL048W,YPL045W,1,-0.7126723,0.12887002527713776,0.8199999928474426,0.5543000102043152
YMR221C,YER090W,0,-0.7129144,0.12884977459907532,0.8199999928474426,0.5544000267982483
YPR101W,YOL030W,0,-0.71327573,0.12882953882217407,0.8199999928474426,0.5544999837875366
YGR089W,YNL097C,0,-0.713986,0.12880930304527283,0.8199999928474426,0.5546000003814697
YBR080C,YOR326W,1,-0.7141996,0.12894612550735474,0.8209999799728394,0.5546000003814697
YMR233W,YLR158C,0,-0.71426314,0.1289258748292923,0.8209999799728394,0.5547000169754028
YHR178W,YKR092C,0,-0.71452695,0.12890563905239105,0.8209999799728394,0.5547999739646912
YJL104W,YKL056C,0,-0.71454996,0.1288854032754898,0.8209999799728394,0.5548999905586243
YDR085C,YGR209C,0,-0.71465105,0.12886516749858856,0.8209999799728394,0.5550000071525574
YER016W,YGL035C,0,-0.71556,0.1288449466228485,0.8209999799728394,0.5551000237464905
YIL129C,YBR125C,0,-0.7160088,0.12882472574710846,0.8209999799728394,0.5551999807357788
YJR144W,YMR113W,0,-0.7161249,0.1288045197725296,0.8209999799728394,0.5552999973297119
YDR239C,YER103W,0,-0.7162209,0.12878431379795074,0.8209999799728394,0.555400013923645
YPL236C,YNL305C,0,-0.7162702,0.12876412272453308,0.8209999799728394,0.5554999709129333
YOR182C,YBR299W,0,-0.7165627,0.12874391674995422,0.8209999799728394,0.5555999875068665
YPL147W,YOL040C,0,-0.71720356,0.12872374057769775,0.8209999799728394,0.5557000041007996
YNL116W,YNL252C,0,-0.71829265,0.12870356440544128,0.8209999799728394,0.5558000206947327
YLR364W,YOR301W,0,-0.7183803,0.12868338823318481,0.8209999799728394,0.555899977684021
YPR168W,YDR013W,0,-0.7192916,0.12866321206092834,0.8209999799728394,0.5559999942779541
YNL209W,YNL093W,0,-0.7193704,0.12864306569099426,0.8209999799728394,0.5561000108718872
YNL129W,YBR012W-B,0,-0.7197426,0.128622904419899,0.8209999799728394,0.5562000274658203
YAR010C,YPL090C,0,-0.719834,0.1286027580499649,0.8209999799728394,0.5562999844551086
YJL053W,YGL136C,0,-0.71983695,0.12858261168003082,0.8209999799728394,0.5564000010490417
YDR006C,YJL145W,0,-0.7199479,0.12856248021125793,0.8209999799728394,0.5565000176429749
YMR211W,YHR001W,0,-0.71998656,0.12854234874248505,0.8209999799728394,0.5565999746322632
YNL092W,YOR215C,0,-0.72002465,0.12852223217487335,0.8209999799728394,0.5566999912261963
YNL091W,YPR178W,0,-0.72012776,0.12850211560726166,0.8209999799728394,0.5568000078201294
YJR105W,YER089C,0,-0.7201349,0.12848199903964996,0.8209999799728394,0.5569000244140625
YNR017W,YOR206W,0,-0.72034115,0.12846189737319946,0.8209999799728394,0.5569999814033508
YDL195W,YOR153W,0,-0.72035974,0.12844179570674896,0.8209999799728394,0.5570999979972839
YDR402C,YNL279W,0,-0.7203632,0.12842170894145966,0.8209999799728394,0.557200014591217
YNL079C,YER072W,1,-0.7206388,0.12855802476406097,0.8220000267028809,0.557200014591217
YHR215W,YDR182W,0,-0.72076464,0.12853792309761047,0.8220000267028809,0.5572999715805054
YFL014W,YMR026C,0,-0.7207934,0.12851782143115997,0.8220000267028809,0.5573999881744385
YGR028W,YML065W,0,-0.7215859,0.12849773466587067,0.8220000267028809,0.5575000047683716
YLR163C,YAL016W,0,-0.722037,0.12847764790058136,0.8220000267028809,0.5576000213623047
YOR216C,YPL259C,0,-0.72206527,0.12845757603645325,0.8220000267028809,0.557699978351593
YOR175C,YIL078W,0,-0.72226304,0.12843750417232513,0.8220000267028809,0.5577999949455261
YFL021W,YLR372W,0,-0.7223465,0.12841743230819702,0.8220000267028809,0.5579000115394592
YKL094W,YJR098C,0,-0.72271985,0.1283973753452301,0.8220000267028809,0.5580000281333923
YOR337W,YGR047C,0,-0.7228983,0.12837731838226318,0.8220000267028809,0.5580999851226807
YIL078W,YLR447C,0,-0.7232798,0.12835727632045746,0.8220000267028809,0.5582000017166138
YOR022C,YJL046W,0,-0.72341704,0.12833723425865173,0.8220000267028809,0.5583000183105469
YIL094C,YEL053C,0,-0.7234906,0.1283172070980072,0.8220000267028809,0.5583999752998352
YPR016C,YOR196C,0,-0.7235541,0.12829717993736267,0.8220000267028809,0.5584999918937683
YMR235C,YAL005C,0,-0.7239459,0.12827715277671814,0.8220000267028809,0.5586000084877014
YNL178W,YHR030C,0,-0.72419345,0.1282571405172348,0.8220000267028809,0.5587000250816345
YPL045W,YGL180W,1,-0.7244932,0.12839312851428986,0.8230000138282776,0.5587000250816345
YDR071C,YNL262W,0,-0.7246242,0.12837310135364532,0.8230000138282776,0.5587999820709229
YMR143W,YGR067C,0,-0.72486615,0.128353089094162,0.8230000138282776,0.558899998664856
YMR058W,YHR023W,0,-0.7250678,0.12833307683467865,0.8230000138282776,0.5590000152587891
YJR051W,YLR071C,0,-0.72521746,0.1283130645751953,0.8230000138282776,0.5590999722480774
YBL050W,YJL178C,1,-0.72524685,0.128448948264122,0.8240000009536743,0.5590999722480774
YDL246C,YPL152W,0,-0.7256773,0.12842892110347748,0.8240000009536743,0.5591999888420105
YGL065C,YLR370C,0,-0.725941,0.12840890884399414,0.8240000009536743,0.5593000054359436
YGR186W,YIL093C,0,-0.7259847,0.128388911485672,0.8240000009536743,0.5594000220298767
YOR194C,YAL023C,0,-0.72614425,0.12836889922618866,0.8240000009536743,0.559499979019165
YOL151W,YOR094W,0,-0.7266274,0.1283489167690277,0.8240000009536743,0.5595999956130981
YHR112C,YNL101W,0,-0.72663456,0.12832891941070557,0.8240000009536743,0.5597000122070312
YPL164C,YOR054C,0,-0.7266621,0.12830893695354462,0.8240000009536743,0.5598000288009644
YOR355W,YCR097W,0,-0.7270038,0.12828895449638367,0.8240000009536743,0.5598999857902527
YML081C-A,YNR015W,0,-0.7271056,0.1282689869403839,0.8240000009536743,0.5600000023841858
YIL046W,YGR215W,0,-0.7271965,0.12824903428554535,0.8240000009536743,0.5601000189781189
YEL013W,YPR049C,1,-0.7276177,0.12838469445705414,0.824999988079071,0.5601000189781189
YDL236W,YDR245W,0,-0.727654,0.1283647119998932,0.824999988079071,0.5601999759674072
YHR164C,YNL293W,0,-0.72785395,0.12834474444389343,0.824999988079071,0.5602999925613403
YDR508C,YGL244W,0,-0.72786504,0.12832477688789368,0.824999988079071,0.5604000091552734
YGR086C,YDR318W,0,-0.7279765,0.12830482423305511,0.824999988079071,0.5605000257492065
YGL136C,YNL090W,0,-0.72813714,0.12828487157821655,0.824999988079071,0.5605999827384949
YDL127W,YDR119W,0,-0.72813857,0.128264918923378,0.824999988079071,0.560699999332428
YCR033W,YEL003W,0,-0.729449,0.12824498116970062,0.824999988079071,0.5608000159263611
YJR047C,YER022W,0,-0.72952276,0.12822505831718445,0.824999988079071,0.5608999729156494
YKL053C-A,YNR063W,0,-0.72964454,0.12820513546466827,0.824999988079071,0.5609999895095825
YJL134W,YCL047C,0,-0.72977227,0.1281852126121521,0.824999988079071,0.5611000061035156
YPR149W,YCL074W,0,-0.7297933,0.12816528975963593,0.824999988079071,0.5612000226974487
YNL073W,YJR090C,0,-0.7299186,0.12814538180828094,0.824999988079071,0.5612999796867371
YOL119C,YNL191W,0,-0.7301233,0.12812548875808716,0.824999988079071,0.5613999962806702
YMR211W,YBR012W-A,0,-0.7302978,0.12810559570789337,0.824999988079071,0.5615000128746033
YIL139C,YGL236C,0,-0.73038334,0.12808570265769958,0.824999988079071,0.5616000294685364
YDR207C,YOR173W,0,-0.73088783,0.128065824508667,0.824999988079071,0.5616999864578247
YPL060W,YDL202W,0,-0.73090285,0.1280459463596344,0.824999988079071,0.5618000030517578
YGL178W,YER168C,0,-0.7310533,0.1280260682106018,0.824999988079071,0.5619000196456909
YOR017W,YLR224W,0,-0.73150027,0.1280062049627304,0.824999988079071,0.5619999766349792
YBR185C,YPR091C,0,-0.7315993,0.127986341714859,0.824999988079071,0.5620999932289124
YER140W,YLR135W,0,-0.7316758,0.1279664933681488,0.824999988079071,0.5622000098228455
YBL078C,YCL063W,1,-0.73171824,0.12810173630714417,0.8259999752044678,0.5622000098228455
YDL114W,YER035W,0,-0.7320127,0.12808187305927277,0.8259999752044678,0.5623000264167786
YKL020C,YHR132C,0,-0.73203653,0.12806200981140137,0.8259999752044678,0.5623999834060669
YLR148W,YDR080W,1,-0.7323265,0.12819717824459076,0.8270000219345093,0.5623999834060669
YPL092W,YJR138W,0,-0.7325167,0.12817731499671936,0.8270000219345093,0.5625
YLR086W,YOL148C,0,-0.73307866,0.12815745174884796,0.8270000219345093,0.5626000165939331
YJL164C,YEL053C,0,-0.73315614,0.12813758850097656,0.8270000219345093,0.5626999735832214
YDL212W,YER137C,0,-0.7331981,0.12811774015426636,0.8270000219345093,0.5627999901771545
YHR042W,YER003C,0,-0.7332526,0.12809789180755615,0.8270000219345093,0.5629000067710876
YNL001W,YDR496C,0,-0.73379433,0.12807805836200714,0.8270000219345093,0.5630000233650208
YBR081C,YGL225W,0,-0.7341772,0.12805822491645813,0.8270000219345093,0.5630999803543091
YOR308C,YPL059W,0,-0.73437303,0.12803839147090912,0.8270000219345093,0.5631999969482422
YPL023C,YGR081C,0,-0.734426,0.1280185729265213,0.8270000219345093,0.5633000135421753
YNL097C,YNL007C,0,-0.7345527,0.12799875438213348,0.8270000219345093,0.5633999705314636
YNL254C,YEL021W,0,-0.7348024,0.12797895073890686,0.8270000219345093,0.5634999871253967
YIR028W,YNL005C,0,-0.73494273,0.12795914709568024,0.8270000219345093,0.5636000037193298
YBL079W,YOR274W,0,-0.7351157,0.1279393583536148,0.8270000219345093,0.5637000203132629
YNL236W,YDR362C,0,-0.7351806,0.12791956961154938,0.8270000219345093,0.5637999773025513
YKL130C,YML087C,0,-0.7353708,0.12789978086948395,0.8270000219345093,0.5638999938964844
YJR126C,YJR070C,0,-0.73543304,0.1278800070285797,0.8270000219345093,0.5640000104904175
YOR206W,YPL158C,0,-0.73554456,0.12786023318767548,0.8270000219345093,0.5641000270843506
YJR103W,YPR036W,0,-0.7356945,0.12784047424793243,0.8270000219345093,0.5641999840736389
YPR073C,YJR147W,0,-0.7358837,0.1278207153081894,0.8270000219345093,0.564300000667572
YKR087C,YMR046C,0,-0.73592836,0.12780095636844635,0.8270000219345093,0.5644000172615051
YER148W,YHR123W,0,-0.7360377,0.1277812123298645,0.8270000219345093,0.5644999742507935
YIL027C,YGL203C,0,-0.7362091,0.12776146829128265,0.8270000219345093,0.5645999908447266
YER039C,YPL110C,0,-0.7362854,0.127741739153862,0.8270000219345093,0.5647000074386597
YDR478W,YML029W,0,-0.7363377,0.12772201001644135,0.8270000219345093,0.5648000240325928
YNL154C,YDR251W,0,-0.73666567,0.1277022808790207,0.8270000219345093,0.5648999810218811
YNL064C,YPL134C,0,-0.7369109,0.12768256664276123,0.8270000219345093,0.5649999976158142
YLR373C,YGR063C,0,-0.7369265,0.12766285240650177,0.8270000219345093,0.5651000142097473
YDL079C,YML052W,0,-0.7370054,0.1276431530714035,0.8270000219345093,0.5651999711990356
YJL080C,YEL062W,0,-0.73713535,0.12762345373630524,0.8270000219345093,0.5652999877929688
YDR497C,YBR229C,0,-0.7372559,0.12760376930236816,0.8270000219345093,0.5654000043869019
YBR132C,YOL072W,0,-0.73758763,0.1275840848684311,0.8270000219345093,0.565500020980835
YER018C,YDL159W,0,-0.738138,0.12756440043449402,0.8270000219345093,0.5655999779701233
YGL095C,YBR080C,1,-0.738296,0.12769895792007446,0.828000009059906,0.5655999779701233
YPL123C,YMR044W,0,-0.7385196,0.1276792585849762,0.828000009059906,0.5656999945640564
YLR233C,YBR082C,0,-0.73857063,0.12765957415103912,0.828000009059906,0.5658000111579895
YGL250W,YDL156W,0,-0.7388982,0.12763988971710205,0.828000009059906,0.5659000277519226
YHL047C,YKL084W,0,-0.73933387,0.12762022018432617,0.828000009059906,0.5659999847412109
YBR080C,YNL009W,0,-0.7393535,0.1276005506515503,0.828000009059906,0.566100001335144
YFL024C,YDL052C,0,-0.73984385,0.1275808960199356,0.828000009059906,0.5662000179290771
YBR289W,YIR033W,0,-0.74020696,0.12756124138832092,0.828000009059906,0.5662999749183655
YCL055W,YLR158C,0,-0.7408661,0.12754158675670624,0.828000009059906,0.5663999915122986
YPL093W,YFR044C,0,-0.74091405,0.12752194702625275,0.828000009059906,0.5665000081062317
YEL022W,YBR175W,0,-0.74099773,0.12750230729579926,0.828000009059906,0.5666000247001648
YNL008C,YGR090W,0,-0.7410743,0.12748268246650696,0.828000009059906,0.5666999816894531
YDR221W,YKL212W,0,-0.7411279,0.12746305763721466,0.828000009059906,0.5667999982833862
YLR316C,YLR138W,0,-0.7411292,0.12744343280792236,0.828000009059906,0.5669000148773193
YNL281W,YKL094W,0,-0.7412266,0.12742382287979126,0.828000009059906,0.5669999718666077
YDL141W,YGL123W,0,-0.7414273,0.12740421295166016,0.828000009059906,0.5670999884605408
YDR281C,YJL156C,0,-0.74154145,0.12738461792469025,0.828000009059906,0.5672000050544739
YLL062C,YNL275W,0,-0.7415709,0.12736502289772034,0.828000009059906,0.567300021648407
YDR163W,YML097C,0,-0.7416379,0.12734542787075043,0.828000009059906,0.5673999786376953
YJL165C,YFL038C,0,-0.74168414,0.1273258477449417,0.828000009059906,0.5674999952316284
YGR194C,YIL124W,0,-0.74174875,0.127306267619133,0.828000009059906,0.5676000118255615
YGR041W,YMR099C,0,-0.74195266,0.12728670239448547,0.828000009059906,0.5677000284194946
YLR210W,YBL005W-A,0,-0.7422573,0.12726713716983795,0.828000009059906,0.567799985408783
YHR079C-A,YLR262C,0,-0.74240315,0.12724758684635162,0.828000009059906,0.5679000020027161
YDL033C,YIL128W,0,-0.7425469,0.1272280216217041,0.828000009059906,0.5680000185966492
YDR253C,YGL047W,0,-0.7427948,0.12720848619937897,0.828000009059906,0.5680999755859375
YOR297C,YGR231C,0,-0.7429844,0.12718893587589264,0.828000009059906,0.5681999921798706
YDR047W,YER180C,0,-0.7430379,0.1271694004535675,0.828000009059906,0.5683000087738037
YPL068C,YMR078C,0,-0.74307495,0.12714987993240356,0.828000009059906,0.5684000253677368
YJR094W-A,YBR271W,0,-0.7431695,0.12713035941123962,0.828000009059906,0.5684999823570251
YLR378C,YMR087W,0,-0.74342126,0.12711083889007568,0.828000009059906,0.5685999989509583
YBR006W,YMR164C,0,-0.743476,0.12709133327007294,0.828000009059906,0.5687000155448914
YDR260C,YOR324C,0,-0.7436898,0.1270718276500702,0.828000009059906,0.5687999725341797
YDL007W,YBR083W,0,-0.7439988,0.12705232203006744,0.828000009059906,0.5688999891281128
YHR215W,YDL008W,0,-0.74416524,0.1270328313112259,0.828000009059906,0.5690000057220459
YPL244C,YGL113W,0,-0.74428517,0.12701334059238434,0.828000009059906,0.569100022315979
YER171W,YMR201C,0,-0.744348,0.12699386477470398,0.828000009059906,0.5691999793052673
YNL088W,YJR095W,0,-0.7444527,0.12697438895702362,0.828000009059906,0.5692999958992004
YJL178C,YBR109C,1,-0.7449062,0.12710824608802795,0.8289999961853027,0.5692999958992004
YER065C,YOL155C,0,-0.744976,0.1270887702703476,0.8289999961853027,0.5694000124931335
YHR098C,YBR238C,0,-0.74504167,0.12706927955150604,0.8289999961853027,0.5695000290870667
YML032C,YOR317W,0,-0.74510485,0.12704980373382568,0.8289999961853027,0.569599986076355
YDR155C,YMR297W,0,-0.7451419,0.12703034281730652,0.8289999961853027,0.5697000026702881
YER011W,YDR429C,0,-0.74539953,0.12701088190078735,0.8289999961853027,0.5698000192642212
YLR090W,YJR064W,0,-0.7455809,0.1269914209842682,0.8289999961853027,0.5698999762535095
YDR173C,YGL210W,0,-0.74578506,0.12697197496891022,0.8289999961853027,0.5699999928474426
YGL168W,YJR055W,0,-0.7458208,0.12695252895355225,0.8289999961853027,0.5701000094413757
YGL148W,YPL024W,0,-0.74590546,0.12693308293819427,0.8289999961853027,0.5702000260353088
YOR212W,YDR510W,0,-0.7459126,0.1269136518239975,0.8289999961853027,0.5702999830245972
YMR231W,YBR217W,1,-0.74602324,0.12704730033874512,0.8299999833106995,0.5702999830245972
YJL207C,YHR172W,0,-0.74614793,0.12702785432338715,0.8299999833106995,0.5703999996185303
YMR032W,YMR203W,0,-0.7465548,0.12700842320919037,0.8299999833106995,0.5705000162124634
YOR312C,YKL078W,0,-0.74662936,0.1269889771938324,0.8299999833106995,0.5705999732017517
YOR214C,YGL208W,0,-0.74663985,0.12696956098079681,0.8299999833106995,0.5706999897956848
YAL055W,YBL005W-A,0,-0.7469899,0.12695014476776123,0.8299999833106995,0.5708000063896179
YOR126C,YDR270W,0,-0.74701136,0.12693072855472565,0.8299999833106995,0.570900022983551
YPR026W,YNL160W,0,-0.74716026,0.12691131234169006,0.8299999833106995,0.5709999799728394
YKL094W,YML014W,0,-0.7473575,0.12689191102981567,0.8299999833106995,0.5710999965667725
YPL068C,YGL178W,0,-0.74754053,0.12687250971794128,0.8299999833106995,0.5712000131607056
YML037C,YMR300C,0,-0.74765635,0.1268531233072281,0.8299999833106995,0.5713000297546387
YMR026C,YPR191W,0,-0.7476956,0.1268337368965149,0.8299999833106995,0.571399986743927
YFR046C,YIR007W,0,-0.7477266,0.1268143653869629,0.8299999833106995,0.5715000033378601
YHR141C,YAL047C,0,-0.74773234,0.1267949938774109,0.8299999833106995,0.5716000199317932
YDR447C,YKR037C,0,-0.74783534,0.1267756223678589,0.8299999833106995,0.5716999769210815
YOL038W,YLL042C,0,-0.74813247,0.12675626575946808,0.8299999833106995,0.5717999935150146
YPR186C,YDR324C,0,-0.7481494,0.12673690915107727,0.8299999833106995,0.5719000101089478
YLR130C,YML081C-A,0,-0.7488311,0.12671755254268646,0.8299999833106995,0.5720000267028809
YOR287C,YIL034C,0,-0.7489709,0.12669821083545685,0.8299999833106995,0.5720999836921692
YAR031W,YNL206C,0,-0.7491418,0.12667888402938843,0.8299999833106995,0.5722000002861023
YLR093C,YHR138C,1,-0.7494218,0.126812145113945,0.8309999704360962,0.5722000002861023
YNL339C,YHR084W,0,-0.74946386,0.1267928034067154,0.8309999704360962,0.5723000168800354
YDL216C,YML085C,0,-0.74949247,0.12677346169948578,0.8309999704360962,0.5723999738693237
YLR321C,YPR043W,0,-0.74962443,0.12675411999225616,0.8309999704360962,0.5724999904632568
YOR323C,YLR425W,0,-0.74967736,0.12673479318618774,0.8309999704360962,0.5726000070571899
YDR197W,YKL135C,0,-0.749835,0.12671546638011932,0.8309999704360962,0.572700023651123
YGR188C,YML118W,0,-0.7501719,0.1266961395740509,0.8309999704360962,0.5727999806404114
YNL229C,YLR088W,0,-0.75033146,0.12667682766914368,0.8309999704360962,0.5728999972343445
YER131W,YJR134C,0,-0.7505948,0.12665751576423645,0.8309999704360962,0.5730000138282776
YKR019C,YKL157W,0,-0.75060266,0.12663821876049042,0.8309999704360962,0.5730999708175659
YER017C,YPR164W,0,-0.7507221,0.12661892175674438,0.8309999704360962,0.573199987411499
YLL003W,YMR288W,0,-0.7507971,0.12659963965415955,0.8309999704360962,0.5733000040054321
YPR183W,YLL029W,0,-0.7509187,0.1265803575515747,0.8309999704360962,0.5734000205993652
YER101C,YNL192W,0,-0.7512591,0.12656107544898987,0.8309999704360962,0.5734999775886536
YHR188C,YMR204C,0,-0.7513504,0.12654179334640503,0.8309999704360962,0.5735999941825867
YMR134W,YKL172W,0,-0.7513777,0.12652252614498138,0.8309999704360962,0.5737000107765198
YKR090W,YMR097C,0,-0.751478,0.12650327384471893,0.8309999704360962,0.5738000273704529
YIL076W,YIR036C,0,-0.75185376,0.12648402154445648,0.8309999704360962,0.5738999843597412
YOR077W,YLR077W,0,-0.7520316,0.12646476924419403,0.8309999704360962,0.5740000009536743
YMR039C,YJL154C,0,-0.7521252,0.12644553184509277,0.8309999704360962,0.5741000175476074
YMR166C,YPL057C,0,-0.75216323,0.12642629444599152,0.8309999704360962,0.5741999745368958
YPR047W,YDL045C,0,-0.7523224,0.12640705704689026,0.8309999704360962,0.5742999911308289
YLR191W,YPR047W,0,-0.7526591,0.1263878345489502,0.8309999704360962,0.574400007724762
YGR157W,YDR017C,0,-0.7527356,0.12636861205101013,0.8309999704360962,0.5745000243186951
YGL226C-A,YGL086W,0,-0.75303286,0.12634940445423126,0.8309999704360962,0.5745999813079834
YOR361C,YCL050C,0,-0.7532025,0.1263301968574524,0.8309999704360962,0.5746999979019165
YDL097C,YKR102W,0,-0.75366956,0.12631098926067352,0.8309999704360962,0.5748000144958496
YKL176C,YOR008C,0,-0.7536749,0.12629179656505585,0.8309999704360962,0.5748999714851379
YER133W,YEL015W,0,-0.7537021,0.12627260386943817,0.8309999704360962,0.574999988079071
YNL073W,YDR400W,0,-0.7538946,0.1262534111738205,0.8309999704360962,0.5751000046730042
YDL204W,YLR341W,0,-0.7539988,0.126234233379364,0.8309999704360962,0.5752000212669373
YGL030W,YKR080W,0,-0.7541675,0.12621507048606873,0.8309999704360962,0.5752999782562256
YBL101C,YDR429C,0,-0.75438553,0.12619589269161224,0.8309999704360962,0.5753999948501587
YBR297W,YPR204W,0,-0.75462633,0.12617674469947815,0.8309999704360962,0.5755000114440918
YMR060C,YER140W,0,-0.75573653,0.12615758180618286,0.8309999704360962,0.5756000280380249
YJL176C,YJL178C,0,-0.7560953,0.12613843381404877,0.8309999704360962,0.5756999850273132
YIL049W,YHR008C,0,-0.7563035,0.12611928582191467,0.8309999704360962,0.5758000016212463
YJR006W,YIL168W,0,-0.7563686,0.12610015273094177,0.8309999704360962,0.5759000182151794
YMR021C,YBR084W,0,-0.75656,0.12608101963996887,0.8309999704360962,0.5759999752044678
YBR008C,YDL069C,0,-0.7566493,0.12606188654899597,0.8309999704360962,0.5760999917984009
YHR085W,YPR165W,0,-0.75668335,0.12604276835918427,0.8309999704360962,0.576200008392334
YBR074W,YJL176C,0,-0.7568565,0.12602366507053375,0.8309999704360962,0.5763000249862671
YHR042W,YGR116W,0,-0.75696254,0.12600454688072205,0.8309999704360962,0.5763999819755554
YGR070W,YPL214C,0,-0.757019,0.12598544359207153,0.8309999704360962,0.5764999985694885
YNL259C,YMR086W,0,-0.7571086,0.12596635520458221,0.8309999704360962,0.5766000151634216
YDR126W,YLR043C,1,-0.7572817,0.12609881162643433,0.8320000171661377,0.5766000151634216
YLR205C,YPR098C,0,-0.7574641,0.1260797083377838,0.8320000171661377,0.57669997215271
YPL022W,YER025W,0,-0.75788945,0.1260606050491333,0.8320000171661377,0.5767999887466431
YLR228C,YMR293C,0,-0.75856125,0.1260415017604828,0.8320000171661377,0.5769000053405762
YFL062W,YMR312W,0,-0.7589583,0.12602241337299347,0.8320000171661377,0.5770000219345093
YBR040W,YPL045W,0,-0.75941116,0.12600332498550415,0.8320000171661377,0.5770999789237976
YDR363W-A,YIL020C,0,-0.75970894,0.12598425149917603,0.8320000171661377,0.5771999955177307
YOL006C,YJL138C,0,-0.7599849,0.1259651780128479,0.8320000171661377,0.5773000121116638
YDL083C,YIL170W,0,-0.76016766,0.12594610452651978,0.8320000171661377,0.5774000287055969
YFL004W,YAL040C,1,-0.76069784,0.12607839703559875,0.8330000042915344,0.5774000287055969
YDR211W,YIL132C,0,-0.7607557,0.12605932354927063,0.8330000042915344,0.5774999856948853
YLR410W,YBR050C,0,-0.7609191,0.1260402500629425,0.8330000042915344,0.5776000022888184
YLR262C,YOR168W,0,-0.76096237,0.12602117657661438,0.8330000042915344,0.5777000188827515
YHR187W,YOL157C,0,-0.76096255,0.12600211799144745,0.8330000042915344,0.5777999758720398
YGR247W,YGR013W,0,-0.76117176,0.12598305940628052,0.8330000042915344,0.5778999924659729
YEL077C,YER018C,0,-0.7617127,0.12596401572227478,0.8330000042915344,0.578000009059906
YDL104C,YIR037W,0,-0.7619612,0.12594497203826904,0.8330000042915344,0.5781000256538391
YHL007C,YKL140W,0,-0.76217633,0.1259259283542633,0.8330000042915344,0.5781999826431274
YBL057C,YDR228C,0,-0.7626141,0.12590689957141876,0.8330000042915344,0.5782999992370605
YIL145C,YEL053C,0,-0.76265246,0.12588787078857422,0.8330000042915344,0.5784000158309937
YDL054C,YKL094W,0,-0.76286906,0.12586884200572968,0.8330000042915344,0.578499972820282
YCR098C,YBL105C,0,-0.76290864,0.12584982812404633,0.8330000042915344,0.5785999894142151
YLR045C,YJR126C,0,-0.7632163,0.12583081424236298,0.8330000042915344,0.5787000060081482
YML001W,YPL100W,1,-0.7633814,0.12596283853054047,0.8339999914169312,0.5787000060081482
YDL044C,YBL003C,0,-0.76358956,0.12594382464885712,0.8339999914169312,0.5788000226020813
YLR348C,YOR188W,0,-0.7636671,0.12592481076717377,0.8339999914169312,0.5788999795913696
YHR209W,YJL219W,0,-0.7638747,0.12590579688549042,0.8339999914169312,0.5789999961853027
YPL122C,YAR035W,0,-0.7638888,0.12588679790496826,0.8339999914169312,0.5791000127792358
YBR039W,YKL112W,0,-0.76400536,0.1258677989244461,0.8339999914169312,0.579200029373169
YNL220W,YLR033W,0,-0.7642738,0.12584879994392395,0.8339999914169312,0.5792999863624573
YDR470C,YOR035C,0,-0.76451993,0.125829815864563,0.8339999914169312,0.5794000029563904
YPL276W,YKL175W,0,-0.76470715,0.12581083178520203,0.8339999914169312,0.5795000195503235
YPL055C,YDR411C,0,-0.764774,0.12579186260700226,0.8339999914169312,0.5795999765396118
YMR182C,YDR242W,0,-0.764774,0.1257728785276413,0.8339999914169312,0.5796999931335449
YER099C,YLR165C,0,-0.76498497,0.12575392425060272,0.8339999914169312,0.579800009727478
YBR273C,YHR161C,0,-0.7649969,0.12573495507240295,0.8339999914169312,0.5799000263214111
YOL067C,YJL102W,0,-0.76513886,0.12571601569652557,0.8339999914169312,0.5799999833106995
YCL059C,YLR103C,0,-0.7653571,0.125697061419487,0.8339999914169312,0.5800999999046326
YGL180W,YMR231W,1,-0.76545364,0.125828817486763,0.8349999785423279,0.5800999999046326
YJR149W,YPL103C,0,-0.7658755,0.12580984830856323,0.8349999785423279,0.5802000164985657
YHL007C,YPL200W,0,-0.76591164,0.12579089403152466,0.8349999785423279,0.580299973487854
YDR267C,YOR353C,0,-0.7661297,0.12577195465564728,0.8349999785423279,0.5803999900817871
YOL149W,YCL032W,0,-0.7663535,0.1257530152797699,0.8349999785423279,0.5805000066757202
YIL126W,YGL232W,0,-0.76690465,0.12573407590389252,0.8349999785423279,0.5806000232696533
YDL174C,YJR155W,0,-0.7669123,0.12571515142917633,0.8349999785423279,0.5806999802589417
YML128C,YHR123W,0,-0.76696736,0.12569622695446014,0.8349999785423279,0.5807999968528748
YCR102C,YIL142W,0,-0.7670626,0.12567730247974396,0.8349999785423279,0.5809000134468079
YLR238W,YOL041C,0,-0.7672602,0.12565839290618896,0.8349999785423279,0.5809999704360962
YOR149C,YPL027W,0,-0.7672758,0.12563948333263397,0.8349999785423279,0.5810999870300293
YMR026C,YIL073C,0,-0.76757723,0.12562057375907898,0.8349999785423279,0.5812000036239624
YHL032C,YNL261W,0,-0.7677546,0.12560167908668518,0.8349999785423279,0.5813000202178955
YGR087C,YJL073W,0,-0.7685339,0.12558279931545258,0.8349999785423279,0.5813999772071838
YBL039C,YDR351W,0,-0.76870286,0.12556390464305878,0.8349999785423279,0.5814999938011169
YPL154C,YOL127W,0,-0.7687747,0.12554502487182617,0.8349999785423279,0.58160001039505
YLL027W,YDR096W,0,-0.76879996,0.12552616000175476,0.8349999785423279,0.5817000269889832
YGL205W,YDL078C,0,-0.7690782,0.12550729513168335,0.8349999785423279,0.5817999839782715
YAL022C,YOR270C,0,-0.7691982,0.12548843026161194,0.8349999785423279,0.5819000005722046
YLR289W,YDR421W,0,-0.7692234,0.12546956539154053,0.8349999785423279,0.5820000171661377
YPR194C,YDL193W,0,-0.769323,0.1254507154226303,0.8349999785423279,0.582099974155426
YGR289C,YNL301C,0,-0.7693929,0.1254318803548813,0.8349999785423279,0.5821999907493591
YDR379W,YFL024C,0,-0.7695303,0.12541303038597107,0.8349999785423279,0.5823000073432922
YER045C,YFL038C,0,-0.77006924,0.12539421021938324,0.8349999785423279,0.5824000239372253
YML099C,YMR285C,0,-0.770243,0.12537537515163422,0.8349999785423279,0.5824999809265137
YDL055C,YLR120C,0,-0.7702667,0.1253565549850464,0.8349999785423279,0.5825999975204468
YOL117W,YBR136W,0,-0.770626,0.12533773481845856,0.8349999785423279,0.5827000141143799
YLR208W,YJL151C,0,-0.771109,0.12531892955303192,0.8349999785423279,0.5827999711036682
YPL252C,YOL138C,0,-0.77130044,0.12530012428760529,0.8349999785423279,0.5828999876976013
YKL144C,YMR143W,0,-0.7715806,0.12528131902217865,0.8349999785423279,0.5830000042915344
YNL075W,YNL163C,0,-0.77171516,0.1252625286579132,0.8349999785423279,0.5831000208854675
YDR293C,YDR236C,0,-0.7718485,0.12524373829364777,0.8349999785423279,0.5831999778747559
YHR115C,YBR204C,0,-0.771903,0.12522494792938232,0.8349999785423279,0.583299994468689
YLL002W,YOR010C,0,-0.7722693,0.12520617246627808,0.8349999785423279,0.5834000110626221
YDL207W,YLR158C,0,-0.77228576,0.12518741190433502,0.8349999785423279,0.5835000276565552
YOR037W,YHR102W,0,-0.77260286,0.12516863644123077,0.8349999785423279,0.5835999846458435
YJR009C,YIL150C,0,-0.7726223,0.12514987587928772,0.8349999785423279,0.5837000012397766
YGL180W,YAL040C,1,-0.77300626,0.1252809762954712,0.8360000252723694,0.5837000012397766
YMR231W,YNL326C,1,-0.77302843,0.12541204690933228,0.8370000123977661,0.5837000012397766
YCL010C,YBL005W-A,0,-0.77321345,0.12539325654506683,0.8370000123977661,0.5838000178337097
YGL055W,YDL017W,0,-0.7734421,0.12537448108196259,0.8370000123977661,0.583899974822998
YKL089W,YDR453C,0,-0.7737836,0.12535570561885834,0.8370000123977661,0.5839999914169312
YHR092C,YJL104W,0,-0.7738668,0.1253369301557541,0.8370000123977661,0.5841000080108643
YLR410W,YJL170C,0,-0.7738841,0.12531815469264984,0.8370000123977661,0.5842000246047974
YER020W,YDL039C,0,-0.77394336,0.1252993941307068,0.8370000123977661,0.5842999815940857
YDL138W,YPL084W,0,-0.7744685,0.12528064846992493,0.8370000123977661,0.5843999981880188
YKL101W,YKL176C,0,-0.7745052,0.12526190280914307,0.8370000123977661,0.5845000147819519
YBR022W,YGL086W,0,-0.7746776,0.1252431571483612,0.8370000123977661,0.5845999717712402
YGR163W,YKL139W,0,-0.774886,0.12522441148757935,0.8370000123977661,0.5846999883651733
YPL059W,YGR171C,0,-0.7753466,0.12520568072795868,0.8370000123977661,0.5848000049591064
YGR118W,YJL151C,0,-0.7753536,0.1251869648694992,0.8370000123977661,0.5849000215530396
YOL127W,YJR139C,0,-0.7754622,0.12516823410987854,0.8370000123977661,0.5849999785423279
YLR256W,YGL222C,0,-0.77546567,0.12514951825141907,0.8370000123977661,0.585099995136261
YML115C,YNR016C,0,-0.7756927,0.1251308172941208,0.8370000123977661,0.5852000117301941
YHR070W,YKL073W,0,-0.775802,0.12511210143566132,0.8370000123977661,0.5853000283241272
YDR143C,YIR034C,0,-0.7760656,0.12509341537952423,0.8370000123977661,0.5853999853134155
YGR092W,YLL038C,0,-0.7761726,0.12507471442222595,0.8370000123977661,0.5855000019073486
YPL124W,YFL024C,0,-0.7763956,0.12505602836608887,0.8370000123977661,0.5856000185012817
YNL224C,YDR138W,0,-0.77648336,0.12503734230995178,0.8370000123977661,0.5856999754905701
YKR010C,YGR071C,0,-0.77653545,0.1250186711549759,0.8370000123977661,0.5857999920845032
YGL226C-A,YOR349W,0,-0.7767535,0.125,0.8370000123977661,0.5859000086784363
YCR042C,YCL074W,0,-0.7768667,0.1249813362956047,0.8370000123977661,0.5860000252723694
YOL102C,YDR253C,0,-0.7774076,0.12496267259120941,0.8370000123977661,0.5860999822616577
YDR466W,YDR394W,0,-0.77765006,0.12494402378797531,0.8370000123977661,0.5861999988555908
YLR396C,YHR039C-A,1,-0.7778738,0.1250746250152588,0.8379999995231628,0.5861999988555908
YKL020C,YJR077C,0,-0.7779558,0.1250559687614441,0.8379999995231628,0.5863000154495239
YDL029W,YML106W,0,-0.77797645,0.1250372976064682,0.8379999995231628,0.5863999724388123
YHR181W,YIL150C,0,-0.77808857,0.1250186413526535,0.8379999995231628,0.5864999890327454
YBL021C,YDL010W,0,-0.7785058,0.125,0.8379999995231628,0.5866000056266785
YJR094W-A,YLL004W,0,-0.77867395,0.1249813586473465,0.8379999995231628,0.5867000222206116
YHR039C,YNR010W,0,-0.7788649,0.124962717294693,0.8379999995231628,0.5867999792098999
YML058W,YJL092W,0,-0.77896196,0.12494409084320068,0.8379999995231628,0.586899995803833
YFL066C,YJR063W,0,-0.7790447,0.12492546439170837,0.8379999995231628,0.5870000123977661
YDR470C,YNL284C,0,-0.77908283,0.12490683794021606,0.8379999995231628,0.5871000289916992
YKL053C-A,YKL012W,0,-0.7791834,0.12488822638988495,0.8379999995231628,0.5871999859809875
YOL008W,YHR099W,0,-0.77985287,0.12486961483955383,0.8379999995231628,0.5873000025749207
YML054C,YNL152W,0,-0.77990896,0.12485101073980331,0.8379999995231628,0.5874000191688538
YGR295C,YLL054C,0,-0.780118,0.12483241409063339,0.8379999995231628,0.5874999761581421
YKR045C,YBL064C,0,-0.7804429,0.12481382489204407,0.8379999995231628,0.5875999927520752
YIL041W,YHR039C-A,1,-0.78047997,0.12494415789842606,0.8389999866485596,0.5875999927520752
YGR246C,YAL023C,0,-0.78055745,0.12492555379867554,0.8389999866485596,0.5877000093460083
YPR065W,YKR087C,0,-0.7809691,0.12490694969892502,0.8389999866485596,0.5878000259399414
YOR210W,YLR225C,0,-0.7811397,0.1248883605003357,0.8389999866485596,0.5878999829292297
YHR051W,YML006C,0,-0.7816729,0.12486977130174637,0.8389999866485596,0.5879999995231628
YJR127C,YOR284W,0,-0.7816873,0.12485118955373764,0.8389999866485596,0.588100016117096
YBR012W-B,YHR018C,0,-0.781914,0.12483261525630951,0.8389999866485596,0.5881999731063843
YIL093C,YGL062W,0,-0.781954,0.12481404095888138,0.8389999866485596,0.5882999897003174
YNL154C,YBR088C,0,-0.78238755,0.12479548156261444,0.8389999866485596,0.5884000062942505
YMR115W,YJL076W,0,-0.78264445,0.1247769221663475,0.8389999866485596,0.5885000228881836
YGR286C,YHR109W,0,-0.7827195,0.12475836277008057,0.8389999866485596,0.5885999798774719
YDR425W,YHR047C,0,-0.78281224,0.12473981827497482,0.8389999866485596,0.588699996471405
YOR269W,YJR133W,0,-0.7828509,0.12472127377986908,0.8389999866485596,0.5888000130653381
YJL221C,YNR020C,0,-0.7830884,0.12470273673534393,0.8389999866485596,0.5889000296592712
YHR077C,YBR296C,0,-0.7832446,0.12468419969081879,0.8389999866485596,0.5889999866485596
YDR487C,YDR339C,0,-0.7833964,0.12466567754745483,0.8389999866485596,0.5891000032424927
YNL166C,YOR388C,0,-0.783418,0.12464715540409088,0.8389999866485596,0.5892000198364258
YFR005C,YDL085W,0,-0.78343517,0.12462864071130753,0.8389999866485596,0.5892999768257141
YDR476C,YHL018W,0,-0.78352374,0.12461012601852417,0.8389999866485596,0.5893999934196472
YPL055C,YNR028W,0,-0.7837575,0.12459162622690201,0.8389999866485596,0.5895000100135803
YKL015W,YDL130W,0,-0.7844914,0.12457312643527985,0.8389999866485596,0.5896000266075134
YKR014C,YKL117W,0,-0.7846371,0.12455463409423828,0.8389999866485596,0.5896999835968018
YOR293W,YBL023C,0,-0.7847931,0.12453614175319672,0.8389999866485596,0.5898000001907349
YLR441C,YNR041C,0,-0.7850729,0.12451766431331635,0.8389999866485596,0.589900016784668
YOR377W,YOR206W,0,-0.7857513,0.12449918687343597,0.8389999866485596,0.5899999737739563
YLR096W,YDL069C,0,-0.7859252,0.1244807094335556,0.8389999866485596,0.5900999903678894
YJR051W,YNL189W,0,-0.7860212,0.12446224689483643,0.8389999866485596,0.5902000069618225
YBR154C,YNL272C,0,-0.7864754,0.12444378435611725,0.8389999866485596,0.5903000235557556
YDR207C,YPL214C,0,-0.7868508,0.12442532926797867,0.8389999866485596,0.590399980545044
YHR032W,YLR165C,0,-0.78688115,0.12440688163042068,0.8389999866485596,0.590499997138977
YJL164C,YNL163C,0,-0.7870478,0.1243884339928627,0.8389999866485596,0.5906000137329102
YBR093C,YKL096W-A,0,-0.7871861,0.12436999380588531,0.8389999866485596,0.5906999707221985
YCR102C,YNL069C,0,-0.78764063,0.12435156106948853,0.8389999866485596,0.5907999873161316
YOR057W,YIR008C,0,-0.78772837,0.12433313578367233,0.8389999866485596,0.5909000039100647
YFL039C,YBR061C,0,-0.787764,0.12431471049785614,0.8389999866485596,0.5910000205039978
YOL109W,YHR036W,0,-0.78826785,0.12429629266262054,0.8389999866485596,0.5910999774932861
YAR031W,YMR049C,0,-0.78842264,0.12427788227796555,0.8389999866485596,0.5911999940872192
YDR351W,YHR067W,0,-0.78844726,0.12425947934389114,0.8389999866485596,0.5913000106811523
YNR072W,YGL172W,0,-0.7885456,0.12424107640981674,0.8389999866485596,0.5914000272750854
YNR007C,YGL180W,1,-0.78867793,0.1243707463145256,0.8399999737739563,0.5914000272750854
YER157W,YLR077W,0,-0.7886994,0.12435232847929001,0.8399999737739563,0.5914999842643738
YLR027C,YMR116C,0,-0.7887295,0.1243339255452156,0.8399999737739563,0.5916000008583069
YJL112W,YPL046C,0,-0.7887638,0.1243155226111412,0.8399999737739563,0.59170001745224
YJR022W,YOL068C,0,-0.7889498,0.1242971271276474,0.8399999737739563,0.5917999744415283
YGR189C,YDR239C,0,-0.7894717,0.12427873909473419,0.8399999737739563,0.5918999910354614
YGL055W,YNL152W,0,-0.78954655,0.12426035851240158,0.8399999737739563,0.5920000076293945
YOR194C,YMR216C,0,-0.78973645,0.12424197793006897,0.8399999737739563,0.5921000242233276
YGR162W,YDR498C,0,-0.7904465,0.12422360479831696,0.8399999737739563,0.592199981212616
YLR089C,YBL076C,0,-0.79055285,0.12420523166656494,0.8399999737739563,0.5922999978065491
YJL207C,YGL119W,0,-0.7908108,0.12418687343597412,0.8399999737739563,0.5924000144004822
YNR004W,YBR175W,0,-0.7911679,0.1241685152053833,0.8399999737739563,0.5924999713897705
YOL092W,YIL026C,0,-0.79122126,0.12415016442537308,0.8399999737739563,0.5925999879837036
YLR433C,YFR051C,0,-0.7915657,0.12413181364536285,0.8399999737739563,0.5927000045776367
YPR032W,YNL086W,0,-0.7916165,0.12411347776651382,0.8399999737739563,0.5928000211715698
YIL135C,YLR318W,0,-0.7916686,0.1240951418876648,0.8399999737739563,0.5928999781608582
YHR141C,YER078C,0,-0.7918944,0.12407680600881577,0.8399999737739563,0.5929999947547913
YLR008C,YKL095W,0,-0.79222226,0.12405848503112793,0.8399999737739563,0.5931000113487244
YFL009W,YPL083C,0,-0.79232246,0.1240401640534401,0.8399999737739563,0.5932000279426575
YJL123C,YBR161W,0,-0.792455,0.12402185052633286,0.8399999737739563,0.5932999849319458
YMR051C,YDR299W,0,-0.7924561,0.12400354444980621,0.8399999737739563,0.5934000015258789
YDL188C,YMR229C,0,-0.79245883,0.12398523837327957,0.8399999737739563,0.593500018119812
YKL089W,YML113W,0,-0.79257953,0.12396693974733353,0.8399999737739563,0.5935999751091003
YJL140W,YCL010C,0,-0.7926447,0.12394864857196808,0.8399999737739563,0.5936999917030334
YNL185C,YDR099W,0,-0.7927096,0.12393036484718323,0.8399999737739563,0.5938000082969666
YGR200C,YOR123C,0,-0.79273003,0.12391208112239838,0.8399999737739563,0.5939000248908997
YBR006W,YDR460W,0,-0.7928895,0.12389380484819412,0.8399999737739563,0.593999981880188
YER091C,YDR415C,0,-0.7929166,0.12387553602457047,0.8399999737739563,0.5940999984741211
YKL127W,YHR079C,0,-0.79335254,0.12385726720094681,0.8399999737739563,0.5942000150680542
YNR022C,YNL090W,0,-0.7933572,0.12383900582790375,0.8399999737739563,0.5942999720573425
YML072C,YEL037C,0,-0.79340297,0.12382075190544128,0.8399999737739563,0.5943999886512756
YLR015W,YJL158C,0,-0.79359066,0.12380250543355942,0.8399999737739563,0.5945000052452087
YHR121W,YER003C,0,-0.7939208,0.12378425896167755,0.8399999737739563,0.5946000218391418
YHR123W,YDR480W,0,-0.79435754,0.12376601994037628,0.8399999737739563,0.5946999788284302
YOR304C-A,YNL049C,0,-0.79462475,0.12374778836965561,0.8399999737739563,0.5947999954223633
YOR070C,YDR533C,0,-0.79510003,0.12372956424951553,0.8399999737739563,0.5949000120162964
YKL117W,YER111C,0,-0.7951456,0.12371134012937546,0.8399999737739563,0.5950000286102295
YGL043W,YHR013C,0,-0.7952814,0.12369312345981598,0.8399999737739563,0.5950999855995178
YKR061W,YML010W,0,-0.79535633,0.1236749142408371,0.8399999737739563,0.5952000021934509
YGL038C,YHR079C,0,-0.7953822,0.12365670502185822,0.8399999737739563,0.595300018787384
YLR449W,YMR097C,0,-0.79549116,0.12363850325345993,0.8399999737739563,0.5953999757766724
YCL063W,YDR126W,1,-0.795615,0.12376747280359268,0.8410000205039978,0.5953999757766724
YLR160C,YEL053C,0,-0.79606444,0.1237492635846138,0.8410000205039978,0.5954999923706055
YER004W,YLL019C,0,-0.79611623,0.12373105436563492,0.8410000205039978,0.5956000089645386
YKR087C,YGR218W,0,-0.79652625,0.12371286004781723,0.8410000205039978,0.5957000255584717
YMR295C,YML015C,0,-0.7966677,0.12369465827941895,0.8410000205039978,0.59579998254776
YNL227C,YHR203C,0,-0.7969113,0.12367647141218185,0.8410000205039978,0.5958999991416931
YDL082W,YOR080W,0,-0.7969871,0.12365828454494476,0.8410000205039978,0.5960000157356262
YJL198W,YGR268C,0,-0.7971874,0.12364010512828827,0.8410000205039978,0.5960999727249146
YGL095C,YER072W,1,-0.7972247,0.12376892566680908,0.8420000076293945,0.5960999727249146
YLR343W,YEL009C,0,-0.79752344,0.1237507313489914,0.8420000076293945,0.5961999893188477
YFR046C,YFR018C,0,-0.7975592,0.1237325519323349,0.8420000076293945,0.5963000059127808
YDR138W,YGR124W,0,-0.7977517,0.1237143725156784,0.8420000076293945,0.5964000225067139
YDL159W,YNL261W,0,-0.7980917,0.12369619309902191,0.8420000076293945,0.5964999794960022
YDR265W,YGR216C,0,-0.7982977,0.12367802858352661,0.8420000076293945,0.5965999960899353
YLR032W,YOR388C,0,-0.7983165,0.12365986406803131,0.8420000076293945,0.5967000126838684
YER044C,YGL011C,0,-0.79848415,0.12364170700311661,0.8420000076293945,0.5968000292778015
YDL075W,YML124C,0,-0.798677,0.1236235499382019,0.8420000076293945,0.5968999862670898
YCR020W-B,YNL080C,0,-0.7987457,0.1236054003238678,0.8420000076293945,0.597000002861023
YDR260C,YAL024C,0,-0.7987532,0.12358725816011429,0.8420000076293945,0.597100019454956
YLR396C,YOL090W,0,-0.7992357,0.12356912344694138,0.8420000076293945,0.5971999764442444
YMR260C,YNL284C,0,-0.7994682,0.12355098873376846,0.8420000076293945,0.5972999930381775
YGL089C,YGR067C,0,-0.7994701,0.12353286147117615,0.8420000076293945,0.5974000096321106
YNL091W,YMR083W,0,-0.7995054,0.12351474165916443,0.8420000076293945,0.5975000262260437
YLL032C,YDL194W,0,-0.79951364,0.1234966292977333,0.8420000076293945,0.597599983215332
YDR229W,YLR093C,1,-0.79964787,0.12362516671419144,0.8429999947547913,0.597599983215332
YER126C,YDL035C,0,-0.79979175,0.12360703945159912,0.8429999947547913,0.5976999998092651
YAR066W,YDL148C,0,-0.80006856,0.1235889196395874,0.8429999947547913,0.5978000164031982
YOR201C,YPL059W,0,-0.8003044,0.12357079982757568,0.8429999947547913,0.5978999733924866
YDR266C,YPR023C,0,-0.80045146,0.12355268746614456,0.8429999947547913,0.5979999899864197
YKL116C,YPL149W,0,-0.80058366,0.12353458255529404,0.8429999947547913,0.5981000065803528
YER114C,YLR438C-A,0,-0.80073875,0.12351648509502411,0.8429999947547913,0.5982000231742859
YMR221C,YDR222W,0,-0.80081755,0.12349838763475418,0.8429999947547913,0.5982999801635742
YER046W,YCR047C,0,-0.8008422,0.12348029762506485,0.8429999947547913,0.5983999967575073
YMR231W,YCR098C,0,-0.80160356,0.12346221506595612,0.8429999947547913,0.5985000133514404
YBL040C,YML074C,0,-0.8018466,0.12344413250684738,0.8429999947547913,0.5985999703407288
YPL108W,YNL012W,0,-0.8022673,0.12342606484889984,0.8429999947547913,0.5986999869346619
YBL006C,YOR181W,0,-0.8024983,0.1234079897403717,0.8429999947547913,0.598800003528595
YIL047C,YDL225W,0,-0.80318916,0.12338992953300476,0.8429999947547913,0.5989000201225281
YJL166W,YNL270C,0,-0.8034119,0.12337186932563782,0.8429999947547913,0.5989999771118164
YPR065W,YOL140W,0,-0.8038128,0.12335381656885147,0.8429999947547913,0.5990999937057495
YDL060W,YDR180W,0,-0.80390817,0.12333577126264572,0.8429999947547913,0.5992000102996826
YJL080C,YOR080W,0,-0.8042318,0.12331772595643997,0.8429999947547913,0.5993000268936157
YOR092W,YGR123C,0,-0.80424255,0.12329969555139542,0.8429999947547913,0.599399983882904
YJL154C,YIL172C,0,-0.8043911,0.12328165769577026,0.8429999947547913,0.5995000004768372
YBL112C,YDR044W,0,-0.8049086,0.1232636347413063,0.8429999947547913,0.5996000170707703
YFR003C,YKL085W,0,-0.8049375,0.12324561178684235,0.8429999947547913,0.5996999740600586
YER110C,YGR171C,0,-0.80519205,0.12322759628295898,0.8429999947547913,0.5997999906539917
YML121W,YPL170W,0,-0.8055144,0.12320958822965622,0.8429999947547913,0.5999000072479248
YOL066C,YDL056W,0,-0.8055687,0.12319158017635345,0.8429999947547913,0.6000000238418579
YLR222C,YDR254W,0,-0.80586445,0.12317357957363129,0.8429999947547913,0.6000999808311462
YLR022C,YIL080W,0,-0.8060482,0.12315558642148972,0.8429999947547913,0.6001999974250793
YPL098C,YHL032C,0,-0.8060841,0.12313760071992874,0.8429999947547913,0.6003000140190125
YLL003W,YDR169C,0,-0.8064634,0.12311961501836777,0.8429999947547913,0.6003999710083008
YLR308W,YLR448W,0,-0.80663604,0.12310163676738739,0.8429999947547913,0.6004999876022339
YIR007W,YMR044W,0,-0.8066905,0.12308365851640701,0.8429999947547913,0.600600004196167
YJL123C,YOL040C,0,-0.80690485,0.12306569516658783,0.8429999947547913,0.6007000207901001
YHR112C,YNL127W,0,-0.80713505,0.12304773181676865,0.8429999947547913,0.6007999777793884
YCR012W,YLR430W,0,-0.80767286,0.12302977591753006,0.8429999947547913,0.6008999943733215
YLR208W,YCL061C,0,-0.8079306,0.12301182001829147,0.8429999947547913,0.6010000109672546
YFL036W,YCL050C,0,-0.8079397,0.12299387156963348,0.8429999947547913,0.6011000275611877
YKL042W,YLR178C,0,-0.8083187,0.12297593057155609,0.8429999947547913,0.6011999845504761
YGR284C,YBR281C,0,-0.80836767,0.1229579895734787,0.8429999947547913,0.6013000011444092
YEL077C,YOR028C,0,-0.8084021,0.1229400634765625,0.8429999947547913,0.6014000177383423
YPL167C,YBR008C,0,-0.80852026,0.1229221373796463,0.8429999947547913,0.6014999747276306
YDR393W,YGR154C,0,-0.8086372,0.1229042112827301,0.8429999947547913,0.6015999913215637
YOL105C,YMR123W,0,-0.80995655,0.1228863000869751,0.8429999947547913,0.6017000079154968
YDR076W,YHR047C,0,-0.8100368,0.12286838889122009,0.8429999947547913,0.6018000245094299
YLL052C,YER138C,0,-0.8100489,0.12285047769546509,0.8429999947547913,0.6018999814987183
YKR059W,YDR012W,0,-0.81019384,0.12283258140087128,0.8429999947547913,0.6019999980926514
YJL178C,YNL242W,1,-0.8103227,0.12296037375926971,0.843999981880188,0.6019999980926514
YHR101C,YMR182C,0,-0.81061083,0.12294246256351471,0.843999981880188,0.6021000146865845
YKL017C,YKR029C,0,-0.81083363,0.1229245588183403,0.843999981880188,0.6021999716758728
YNR013C,YGR116W,0,-0.81161356,0.1229066550731659,0.843999981880188,0.6022999882698059
YLR157C,YDR211W,0,-0.81172264,0.12288875877857208,0.843999981880188,0.602400004863739
YOL021C,YML036W,0,-0.81202185,0.12287086993455887,0.843999981880188,0.6025000214576721
YIL111W,YPL027W,0,-0.8121802,0.12285298109054565,0.843999981880188,0.6025999784469604
YOR310C,YOR304C-A,0,-0.8124953,0.12283510714769363,0.843999981880188,0.6026999950408936
YPR066W,YBR008C,0,-0.81259763,0.12281722575426102,0.843999981880188,0.6028000116348267
YLR139C,YML093W,0,-0.8130159,0.1227993592619896,0.843999981880188,0.6029000282287598
YER164W,YHR135C,0,-0.81312555,0.12278149276971817,0.843999981880188,0.6029999852180481
YDL044C,YHR203C,0,-0.813237,0.12276363372802734,0.843999981880188,0.6031000018119812
YGR214W,YOR339C,0,-0.8136305,0.12274578213691711,0.843999981880188,0.6032000184059143
YDR294C,YER117W,0,-0.8137144,0.12272793054580688,0.843999981880188,0.6032999753952026
YMR080C,YJL033W,0,-0.813719,0.12271009385585785,0.843999981880188,0.6033999919891357
YMR043W,YJR056C,0,-0.81385696,0.12269224971532822,0.843999981880188,0.6035000085830688
YNL330C,YOR270C,0,-0.81398934,0.12267442047595978,0.843999981880188,0.603600025177002
YMR032W,YOR265W,0,-0.81400603,0.12265659123659134,0.843999981880188,0.6036999821662903
YDR167W,YER138C,0,-0.81404424,0.1226387694478035,0.843999981880188,0.6037999987602234
YDR224C,YOL091W,0,-0.81405264,0.12262094765901566,0.843999981880188,0.6039000153541565
YJL092W,YFL039C,0,-0.81428367,0.12260314077138901,0.843999981880188,0.6039999723434448
YGR013W,YHR063C,0,-0.81466085,0.12258533388376236,0.843999981880188,0.6040999889373779
YMR179W,YPL249C-A,0,-0.8147707,0.12256752699613571,0.843999981880188,0.604200005531311
YLR157C,YHR066W,0,-0.81487966,0.12254973500967026,0.843999981880188,0.6043000221252441
YNL270C,YHR123W,0,-0.8151191,0.1225319430232048,0.843999981880188,0.6043999791145325
YLL028W,YJR047C,0,-0.8152707,0.12251415103673935,0.843999981880188,0.6044999957084656
YNL239W,YAL061W,0,-0.81538194,0.12249637395143509,0.843999981880188,0.6046000123023987
YOL158C,YOR066W,0,-0.81550914,0.12247859686613083,0.843999981880188,0.6047000288963318
YNL007C,YLR071C,0,-0.8155332,0.12246082723140717,0.843999981880188,0.6047999858856201
YBR192W,YBL003C,0,-0.8161445,0.1224430575966835,0.843999981880188,0.6049000024795532
YAL053W,YOR151C,0,-0.81643087,0.12242529541254044,0.843999981880188,0.6050000190734863
YDR481C,YGR225W,0,-0.8165086,0.12240754067897797,0.843999981880188,0.6050999760627747
YNL097C,YHR012W,0,-0.81652415,0.1223897933959961,0.843999981880188,0.6051999926567078
YOL103W,YOR056C,0,-0.81669265,0.12237204611301422,0.843999981880188,0.6053000092506409
YOR022C,YOL006C,0,-0.81684285,0.12235430628061295,0.843999981880188,0.605400025844574
YDR079W,YNL077W,0,-0.81705934,0.12233657389879227,0.843999981880188,0.6054999828338623
YPL132W,YJL036W,0,-0.8172259,0.12231884151697159,0.843999981880188,0.6055999994277954
YKR039W,YMR106C,0,-0.8173991,0.1223011165857315,0.843999981880188,0.6057000160217285
YMR025W,YKL022C,0,-0.81751376,0.12228339910507202,0.843999981880188,0.6057999730110168
YDR281C,YHR057C,0,-0.8179803,0.12226568162441254,0.843999981880188,0.60589998960495
YDL097C,YNR016C,0,-0.8180597,0.12224797159433365,0.843999981880188,0.6060000061988831
YGL035C,YIR034C,0,-0.8183945,0.12223026901483536,0.843999981880188,0.6061000227928162
YNL306W,YPL059W,0,-0.81917506,0.12221256643533707,0.843999981880188,0.6061999797821045
YPL151C,YLR336C,0,-0.81965804,0.12219487130641937,0.843999981880188,0.6062999963760376
YMR083W,YDR368W,0,-0.81977063,0.12217718362808228,0.843999981880188,0.6064000129699707
YJR013W,YDR299W,0,-0.81990486,0.12215950340032578,0.843999981880188,0.6065000295639038
YJR160C,YCR073C,0,-0.8200152,0.12214182317256927,0.843999981880188,0.6065999865531921
YMR136W,YLR144C,0,-0.8201082,0.12212415039539337,0.843999981880188,0.6067000031471252
YNL274C,YHL008C,0,-0.8203465,0.12210648506879807,0.843999981880188,0.6068000197410583
YBR012W-A,YIR017C,0,-0.8205665,0.12208881974220276,0.843999981880188,0.6068999767303467
YBR276C,YIL067C,0,-0.8209594,0.12207116186618805,0.843999981880188,0.6069999933242798
YJR107W,YGR062C,0,-0.82108265,0.12205350399017334,0.843999981880188,0.6071000099182129
YDL133C-A,YPL190C,0,-0.82128096,0.12203586101531982,0.843999981880188,0.607200026512146
YKL003C,YLR197W,0,-0.82167727,0.12201821804046631,0.843999981880188,0.6072999835014343
YGL083W,YIL016W,0,-0.8218439,0.12200057506561279,0.843999981880188,0.6074000000953674
YPL022W,YJL157C,0,-0.8218529,0.12198294699192047,0.843999981880188,0.6075000166893005
YNL124W,YOL146W,0,-0.8219241,0.12196531891822815,0.843999981880188,0.6075999736785889
YDR164C,YCR083W,0,-0.822263,0.12194769829511642,0.843999981880188,0.607699990272522
YDL149W,YMR231W,1,-0.82304263,0.12207454442977905,0.8450000286102295,0.607699990272522
YJL092W,YGR047C,0,-0.8230683,0.12205690890550613,0.8450000286102295,0.6078000068664551
YOR351C,YDL171C,0,-0.8231008,0.12203928083181381,0.8450000286102295,0.6079000234603882
YIL099W,YGR035C,0,-0.8231363,0.12202166020870209,0.8450000286102295,0.6079999804496765
YDR080W,YOR068C,1,-0.8232643,0.12214842438697815,0.8460000157356262,0.6079999804496765
YOR293W,YGR101W,0,-0.82350916,0.12213078886270523,0.8460000157356262,0.6080999970436096
YOR071C,YMR266W,0,-0.8238631,0.12211316078901291,0.8460000157356262,0.6082000136375427
YJL153C,YJR053W,0,-0.8242148,0.12209554016590118,0.8460000157356262,0.608299970626831
YML094W,YGL004C,0,-0.8243901,0.12207791954278946,0.8460000157356262,0.6083999872207642
YOR077W,YMR278W,0,-0.8249734,0.12206030637025833,0.8460000157356262,0.6085000038146973
YKL127W,YGL253W,0,-0.8253311,0.1220427006483078,0.8460000157356262,0.6086000204086304
YOL125W,YGL084C,0,-0.82550704,0.12202509492635727,0.8460000157356262,0.6086999773979187
YHR012W,YLR158C,0,-0.8257325,0.12200749665498734,0.8460000157356262,0.6087999939918518
YPL104W,YDR411C,0,-0.8258066,0.121989905834198,0.8460000157356262,0.6089000105857849
YER151C,YDR291W,0,-0.82596844,0.12197231501340866,0.8460000157356262,0.609000027179718
YDR307W,YNR045W,0,-0.82602,0.12195473909378052,0.8460000157356262,0.6090999841690063
YER095W,YOL093W,0,-0.82611334,0.12193715572357178,0.8460000157356262,0.6092000007629395
YBL019W,YPR001W,0,-0.82691944,0.12191958725452423,0.8460000157356262,0.6093000173568726
YML022W,YNR023W,0,-0.82700604,0.12190201878547668,0.8460000157356262,0.6093999743461609
YOL113W,YNL261W,0,-0.82704484,0.12188445776700974,0.8460000157356262,0.609499990940094
YBR286W,YOR371C,0,-0.82707757,0.12186689674854279,0.8460000157356262,0.6096000075340271
YKR019C,YNR018W,0,-0.82729656,0.12184934318065643,0.8460000157356262,0.6097000241279602
YPR162C,YKL205W,0,-0.82730407,0.12183179706335068,0.8460000157356262,0.6097999811172485
YOL021C,YJL085W,0,-0.8274792,0.12181425839662552,0.8460000157356262,0.6098999977111816
YGL054C,YPR166C,0,-0.82785004,0.12179671972990036,0.8460000157356262,0.6100000143051147
YDR279W,YKL018W,0,-0.8278745,0.1217791885137558,0.8460000157356262,0.6100999712944031
YML012W,YLR278C,0,-0.8281147,0.12176165729761124,0.8460000157356262,0.6101999878883362
YCL020W,YDL067C,0,-0.8281756,0.12174413353204727,0.8460000157356262,0.6103000044822693
YJR143C,YDR143C,0,-0.8281804,0.1217266172170639,0.8460000157356262,0.6104000210762024
YBR192W,YJR107W,0,-0.8285622,0.12170910835266113,0.8460000157356262,0.6104999780654907
YJL029C,YLR158C,0,-0.82867205,0.12169159948825836,0.8460000157356262,0.6105999946594238
YDL168W,YOR123C,0,-0.8287154,0.12167409807443619,0.8460000157356262,0.6107000112533569
YKL093W,YLR350W,0,-0.82881695,0.12165660411119461,0.8460000157356262,0.61080002784729
YKR071C,YDR390C,0,-0.82925135,0.12163911014795303,0.8460000157356262,0.6108999848365784
YER027C,YIL157C,0,-0.82935095,0.12162162363529205,0.8460000157356262,0.6110000014305115
YCL063W,YNR007C,1,-0.8293898,0.12174788117408752,0.847000002861023,0.6110000014305115
YAL033W,YLL054C,0,-0.8295567,0.12173037976026535,0.847000002861023,0.6111000180244446
YOL110W,YER087W,0,-0.82962596,0.12171289324760437,0.847000002861023,0.6111999750137329
YDR134C,YNL185C,0,-0.8300356,0.12169539928436279,0.847000002861023,0.611299991607666
YMR008C,YOR106W,0,-0.8302611,0.12167792022228241,0.847000002861023,0.6114000082015991
YHR086W,YIL006W,0,-0.8302663,0.12166044116020203,0.847000002861023,0.6115000247955322
YNL071W,YKL154W,0,-0.8308114,0.12164296954870224,0.847000002861023,0.6115999817848206
YOL090W,YLR201C,0,-0.8308603,0.12162550538778305,0.847000002861023,0.6116999983787537
YNL209W,YCR033W,0,-0.831117,0.12160804122686386,0.847000002861023,0.6118000149726868
YDR293C,YCR014C,0,-0.83111745,0.12159058451652527,0.847000002861023,0.6118999719619751
YGL205W,YMR197C,0,-0.83123004,0.12157312780618668,0.847000002861023,0.6119999885559082
YOL120C,YPL083C,0,-0.8313001,0.12155568599700928,0.847000002861023,0.6121000051498413
YMR136W,YDR368W,0,-0.8315587,0.12153824418783188,0.847000002861023,0.6122000217437744
YCL031C,YDL061C,0,-0.8316256,0.12152080237865448,0.847000002861023,0.6122999787330627
YDR532C,YDR003W,0,-0.8316799,0.12150336802005768,0.847000002861023,0.6123999953269958
YKL003C,YOR150W,0,-0.8317362,0.12148594111204147,0.847000002861023,0.612500011920929
YNL107W,YBR033W,0,-0.8319189,0.12146852165460587,0.847000002861023,0.6126000285148621
YBR033W,YLL004W,0,-0.8322856,0.12145110219717026,0.847000002861023,0.6126999855041504
YPR192W,YNL122C,0,-0.83244747,0.12143369019031525,0.847000002861023,0.6128000020980835
YPR140W,YIR017C,0,-0.8325791,0.12141628563404083,0.847000002861023,0.6129000186920166
YLR297W,YMR281W,0,-0.83263487,0.12139888107776642,0.847000002861023,0.6129999756813049
YCL045C,YOR210W,0,-0.8327182,0.1213814839720726,0.847000002861023,0.613099992275238
YDR084C,YNL050C,0,-0.8329522,0.12136409431695938,0.847000002861023,0.6132000088691711
YLR238W,YIL117C,0,-0.8335585,0.12134670466184616,0.847000002861023,0.6133000254631042
YBR084C-A,YOR332W,0,-0.83372396,0.12132932245731354,0.847000002861023,0.6133999824523926
YOR301W,YNL229C,0,-0.8337941,0.12131194770336151,0.847000002861023,0.6134999990463257
YIL115C,YOL043C,0,-0.83387244,0.12129457294940948,0.847000002861023,0.6136000156402588
YJL221C,YOL128C,0,-0.83426464,0.12127720564603806,0.847000002861023,0.6136999726295471
YGR032W,YMR038C,0,-0.83466697,0.12125984579324722,0.847000002861023,0.6137999892234802
YPR018W,YJL191W,0,-0.8349913,0.12124248594045639,0.847000002861023,0.6139000058174133
YLR431C,YLR093C,1,-0.8350181,0.12136825174093246,0.8479999899864197,0.6139000058174133
YJL116C,YNL147W,0,-0.8351772,0.12135088443756104,0.8479999899864197,0.6140000224113464
YDR126W,YLR386W,1,-0.835604,0.12147660553455353,0.8489999771118164,0.6140000224113464
YBR240C,YOL148C,0,-0.83561075,0.1214592307806015,0.8489999771118164,0.6140999794006348
YPL283C,YLR163C,0,-0.83579254,0.12144185602664948,0.8489999771118164,0.6141999959945679
YCL063W,YOR332W,1,-0.8358564,0.121567502617836,0.8500000238418579,0.6141999959945679
YMR241W,YEL038W,0,-0.8360786,0.12155012041330338,0.8500000238418579,0.614300012588501
YKL183W,YER017C,0,-0.8360861,0.12153274565935135,0.8500000238418579,0.6144000291824341
YML060W,YML048W,0,-0.8369558,0.12151537090539932,0.8500000238418579,0.6144999861717224
YJL025W,YPL281C,0,-0.8369717,0.1214979961514473,0.8500000238418579,0.6146000027656555
YKL042W,YOL157C,0,-0.8371957,0.12148063629865646,0.8500000238418579,0.6147000193595886
YKR048C,YGL181W,0,-0.8373159,0.12146327644586563,0.8500000238418579,0.614799976348877
YLR078C,YLL061W,0,-0.8377343,0.1214459240436554,0.8500000238418579,0.6148999929428101
YKL001C,YHR200W,0,-0.83780134,0.12142857164144516,0.8500000238418579,0.6150000095367432
YDR205W,YDR055W,0,-0.8379292,0.12141122668981552,0.8500000238418579,0.6151000261306763
YGR215W,YHR084W,0,-0.8379613,0.12139388918876648,0.8500000238418579,0.6151999831199646
YNL229C,YKL088W,0,-0.8381704,0.12137655168771744,0.8500000238418579,0.6152999997138977
YLR164W,YGL011C,0,-0.83833885,0.12135922163724899,0.8500000238418579,0.6154000163078308
YMR038C,YKL156W,0,-0.8385272,0.12134189903736115,0.8500000238418579,0.6154999732971191
YCL063W,YDL077C,1,-0.8388886,0.12146731466054916,0.8510000109672546,0.6154999732971191
YMR260C,YHR059W,0,-0.83894116,0.12144997715950012,0.8510000109672546,0.6155999898910522
YKR055W,YBR055C,0,-0.83926636,0.12143264710903168,0.8510000109672546,0.6157000064849854
YOL058W,YKR055W,0,-0.8393829,0.12141532450914383,0.8510000109672546,0.6158000230789185
YOR143C,YNL210W,0,-0.839628,0.12139800190925598,0.8510000109672546,0.6158999800682068
YMR204C,YER103W,0,-0.8397595,0.12138068675994873,0.8510000109672546,0.6159999966621399
YOL107W,YAL061W,0,-0.8397744,0.12136337906122208,0.8510000109672546,0.616100013256073
YMR161W,YDR380W,0,-0.839791,0.12134607136249542,0.8510000109672546,0.6161999702453613
YKL176C,YML106W,0,-0.8400721,0.12132877111434937,0.8510000109672546,0.6162999868392944
YAL017W,YLR272C,0,-0.8403736,0.1213114783167839,0.8510000109672546,0.6164000034332275
YLR005W,YJR130C,0,-0.8408526,0.12129418551921844,0.8510000109672546,0.6165000200271606
YJR103W,YIL084C,0,-0.84088224,0.12127690017223358,0.8510000109672546,0.616599977016449
YLR099C,YML007W,0,-0.8409601,0.12125961482524872,0.8510000109672546,0.6166999936103821
YOR338W,YMR060C,0,-0.8412114,0.12124234437942505,0.8510000109672546,0.6168000102043152
YGL050W,YBL058W,0,-0.84159905,0.12122507393360138,0.8510000109672546,0.6169000267982483
YDR267C,YER035W,0,-0.8419163,0.12120780348777771,0.8510000109672546,0.6169999837875366
YPL020C,YOR084W,0,-0.84207964,0.12119054049253464,0.8510000109672546,0.6171000003814697
YCL020W,YEL016C,0,-0.84213215,0.12117328494787216,0.8510000109672546,0.6172000169754028
YNR017W,YGL022W,0,-0.84213674,0.12115603685379028,0.8510000109672546,0.6172999739646912
YJR068W,YDR109C,0,-0.8423522,0.1211387887597084,0.8510000109672546,0.6173999905586243
YDR400W,YLR077W,0,-0.84260684,0.12112154811620712,0.8510000109672546,0.6175000071525574
YJR129C,YOL156W,0,-0.84331757,0.12110431492328644,0.8510000109672546,0.6176000237464905
YDR182W,YDR518W,0,-0.84334975,0.12108708173036575,0.8510000109672546,0.6176999807357788
YLR362W,YNL035C,0,-0.8436833,0.12106985598802567,0.8510000109672546,0.6177999973297119
YNL322C,YPL008W,0,-0.8436842,0.12105263024568558,0.8510000109672546,0.617900013923645
YIL066C,YJR016C,0,-0.84371513,0.12103541195392609,0.8510000109672546,0.6179999709129333
YDR128W,YBR238C,0,-0.8439459,0.12101820111274719,0.8510000109672546,0.6180999875068665
YGR033C,YKL135C,0,-0.8441517,0.1210009977221489,0.8510000109672546,0.6182000041007996
YHR003C,YGL017W,0,-0.8442505,0.1209837943315506,0.8510000109672546,0.6183000206947327
YJL019W,YDR488C,0,-0.84468895,0.1209665983915329,0.8510000109672546,0.618399977684021
YMR080C,YEL021W,0,-0.8447332,0.1209494024515152,0.8510000109672546,0.6184999942779541
YLR275W,YDL052C,0,-0.8448923,0.1209322139620781,0.8510000109672546,0.6186000108718872
YDR036C,YER068W,0,-0.844968,0.12091503292322159,0.8510000109672546,0.6187000274658203
YOL049W,YMR308C,0,-0.8456741,0.12089785188436508,0.8510000109672546,0.6187999844551086
YDL077C,YBR109C,1,-0.8457795,0.12102272361516953,0.8519999980926514,0.6187999844551086
YOL149W,YOL031C,0,-0.84645426,0.12100554257631302,0.8519999980926514,0.6189000010490417
YFR046C,YDR119W,0,-0.84671754,0.12098835408687592,0.8519999980926514,0.6190000176429749
YMR146C,YBR166C,0,-0.8470086,0.1209711804986,0.8519999980926514,0.6190999746322632
YNL217W,YNR050C,0,-0.84707624,0.1209540069103241,0.8519999980926514,0.6191999912261963
YPL276W,YIR009W,0,-0.8471294,0.12093683332204819,0.8519999980926514,0.6193000078201294
YIL063C,YGR081C,0,-0.8472538,0.12091966718435287,0.8519999980926514,0.6194000244140625
YOL057W,YGR215W,0,-0.84727836,0.12090250849723816,0.8519999980926514,0.6194999814033508
YNL212W,YGR177C,0,-0.8472939,0.12088535726070404,0.8519999980926514,0.6195999979972839
YLR370C,YOR234C,0,-0.8472939,0.12086820602416992,0.8519999980926514,0.619700014591217
YER114C,YDL171C,0,-0.84817857,0.1208510622382164,0.8519999980926514,0.6197999715805054
YHR077C,YDR027C,0,-0.8482034,0.12083392590284348,0.8519999980926514,0.6198999881744385
YNL227C,YGL162W,0,-0.84844,0.12081678956747055,0.8519999980926514,0.6200000047683716
YGL119W,YCL034W,0,-0.8486082,0.12079966068267822,0.8519999980926514,0.6201000213623047
YOR275C,YKL065C,0,-0.849047,0.1207825317978859,0.8519999980926514,0.620199978351593
YPL051W,YNL192W,0,-0.84979945,0.12076541781425476,0.8519999980926514,0.6202999949455261
YNL207W,YOL040C,0,-0.84985095,0.12074829638004303,0.8519999980926514,0.6204000115394592
YGR140W,YJR107W,0,-0.8499329,0.12073118984699249,0.8519999980926514,0.6205000281333923
YHR060W,YBR264C,0,-0.8500058,0.12071408331394196,0.8519999980926514,0.6205999851226807
YLR141W,YML025C,0,-0.8500188,0.12069698423147202,0.8519999980926514,0.6207000017166138
YPR047W,YML114C,0,-0.85028714,0.12067988514900208,0.8519999980926514,0.6208000183105469
YBL105C,YBR275C,0,-0.8503304,0.12066279351711273,0.8519999980926514,0.6208999752998352
YNR002C,YDR248C,0,-0.85053486,0.12064570933580399,0.8519999980926514,0.6209999918937683
YDL077C,YDR229W,1,-0.85073733,0.12077020853757858,0.8529999852180481,0.6209999918937683
YER083C,YDR518W,0,-0.85089785,0.12075311690568924,0.8529999852180481,0.6211000084877014
YBL046W,YGL227W,0,-0.8512323,0.1207360252737999,0.8529999852180481,0.6212000250816345
YJR025C,YGR292W,0,-0.852243,0.12071893364191055,0.8529999852180481,0.6212999820709229
YPR181C,YKR104W,0,-0.85280037,0.1207018569111824,0.8529999852180481,0.621399998664856
YDR072C,YDR144C,0,-0.8530194,0.12068478018045425,0.8529999852180481,0.6215000152587891
YDR497C,YLR113W,0,-0.85303193,0.1206677034497261,0.8529999852180481,0.6215999722480774
YNL127W,YKR028W,0,-0.8535337,0.12065063416957855,0.8529999852180481,0.6216999888420105
YOL049W,YPR186C,0,-0.8537639,0.1206335723400116,0.8529999852180481,0.6218000054359436
YPL020C,YDR364C,0,-0.8539525,0.12061651796102524,0.8529999852180481,0.6219000220298767
YDR218C,YDR408C,0,-0.8542648,0.12059946358203888,0.8529999852180481,0.621999979019165
YNL116W,YPR049C,0,-0.85444903,0.12058241665363312,0.8529999852180481,0.6220999956130981
YER153C,YNL280C,0,-0.85464245,0.12056536972522736,0.8529999852180481,0.6222000122070312
YOR187W,YBR291C,0,-0.8549129,0.12054833024740219,0.8529999852180481,0.6223000288009644
YBL054W,YOR386W,0,-0.8549169,0.12053129822015762,0.8529999852180481,0.6223999857902527
YKL198C,YKL046C,0,-0.85497755,0.12051426619291306,0.8529999852180481,0.6225000023841858
YDL112W,YIL040W,0,-0.8554131,0.12049724906682968,0.8529999852180481,0.6226000189781189
YPL143W,YLR010C,0,-0.85545915,0.12048022449016571,0.8529999852180481,0.6226999759674072
YER052C,YHR140W,0,-0.8556787,0.12046321481466293,0.8529999852180481,0.6227999925613403
YFR015C,YNL002C,0,-0.85593945,0.12044620513916016,0.8529999852180481,0.6229000091552734
YHR128W,YNR056C,0,-0.85634476,0.12042919546365738,0.8529999852180481,0.6230000257492065
YLR449W,YBR084C-A,0,-0.8567055,0.1204121932387352,0.8529999852180481,0.6230999827384949
YJR149W,YPL050C,0,-0.8569023,0.12039519846439362,0.8529999852180481,0.623199999332428
YLR386W,YDR495C,1,-0.8572288,0.12051933258771896,0.8539999723434448,0.623199999332428
YMR233W,YKR057W,0,-0.8573119,0.12050233036279678,0.8539999723434448,0.6233000159263611
YLR188W,YNR010W,0,-0.8575495,0.1204853281378746,0.8539999723434448,0.6233999729156494
YPL206C,YDR191W,0,-0.8577107,0.12046833336353302,0.8539999723434448,0.6234999895095825
YDR447C,YMR026C,0,-0.8581403,0.12045133858919144,0.8539999723434448,0.6236000061035156
YHR174W,YGR159C,0,-0.8585976,0.12043435126543045,0.8539999723434448,0.6237000226974487
YKL020C,YPL281C,0,-0.8586729,0.12041737139225006,0.8539999723434448,0.6237999796867371
YNL212W,YLR178C,0,-0.8586945,0.12040039151906967,0.8539999723434448,0.6238999962806702
YEL040W,YPL212C,0,-0.85893166,0.12038341909646988,0.8539999723434448,0.6240000128746033
YPR166C,YLR016C,0,-0.8590062,0.12036645412445068,0.8539999723434448,0.6241000294685364
YKL124W,YLR372W,0,-0.85913235,0.12034948915243149,0.8539999723434448,0.6241999864578247
YLR201C,YAR003W,0,-0.85951126,0.12033253163099289,0.8539999723434448,0.6243000030517578
YER045C,YFL045C,0,-0.8597215,0.12031558156013489,0.8539999723434448,0.6244000196456909
YDL149W,YPR049C,1,-0.8598948,0.12043949961662292,0.8550000190734863,0.6244000196456909
YIL129C,YER048W-A,0,-0.8603064,0.12042253464460373,0.8550000190734863,0.6244999766349792
YLR297W,YOL111C,0,-0.8604048,0.12040557712316513,0.8550000190734863,0.6245999932289124
YCL038C,YJR133W,0,-0.8605985,0.12038861960172653,0.8550000190734863,0.6247000098228455
YDR079W,YPL096W,0,-0.8606144,0.12037167698144913,0.8550000190734863,0.6248000264167786
YLR201C,YFL001W,0,-0.86069304,0.12035472691059113,0.8550000190734863,0.6248999834060669
YNL008C,YLR145W,0,-0.86096746,0.12033779174089432,0.8550000190734863,0.625
YDR211W,YNL175C,0,-0.861076,0.12032085657119751,0.8550000190734863,0.6251000165939331
YMR060C,YML078W,0,-0.8610863,0.1203039288520813,0.8550000190734863,0.6251999735832214
YMR199W,YNL284C,0,-0.8612794,0.12028700113296509,0.8550000190734863,0.6252999901771545
YHR092C,YNL160W,0,-0.86175513,0.12027008086442947,0.8550000190734863,0.6254000067710876
YOR210W,YML129C,0,-0.8622356,0.12025316804647446,0.8550000190734863,0.6255000233650208
YHR147C,YDL043C,0,-0.86229086,0.12023625522851944,0.8550000190734863,0.6255999803543091
YER042W,YBL067C,0,-0.86232877,0.12021934986114502,0.8550000190734863,0.6256999969482422
YNL092W,YLR251W,0,-0.862445,0.1202024444937706,0.8550000190734863,0.6258000135421753
YDL055C,YDR480W,0,-0.86257714,0.12018554657697678,0.8550000190734863,0.6258999705314636
YLR154C,YJL225C,0,-0.8626831,0.12016865611076355,0.8550000190734863,0.6259999871253967
YKR024C,YJR033C,0,-0.86276895,0.12015177309513092,0.8550000190734863,0.6261000037193298
YBL068W,YLR165C,0,-0.862808,0.12013489007949829,0.8550000190734863,0.6262000203132629
YHR134W,YPR156C,0,-0.8629636,0.12011800706386566,0.8550000190734863,0.6262999773025513
YBR093C,YNL049C,0,-0.8632062,0.12010113894939423,0.8550000190734863,0.6263999938964844
YBR009C,YMR306W,0,-0.86326087,0.12008427083492279,0.8550000190734863,0.6265000104904175
YNL053W,YDL080C,0,-0.8634353,0.12006740272045135,0.8550000190734863,0.6266000270843506
YDR062W,YJL090C,0,-0.8638386,0.12005054950714111,0.8550000190734863,0.6266999840736389
YFR009W,YER018C,0,-0.8638635,0.12003369629383087,0.8550000190734863,0.626800000667572
YDR046C,YCR040W,0,-0.8639926,0.12001684308052063,0.8550000190734863,0.6269000172615051
YER022W,YKR030W,0,-0.86414427,0.11999999731779099,0.8550000190734863,0.6269999742507935
YJL011C,YLR077W,0,-0.8641718,0.11998315900564194,0.8550000190734863,0.6270999908447266
YLR110C,YBR265W,0,-0.86424905,0.11996632814407349,0.8550000190734863,0.6272000074386597
YNL305C,YKL167C,0,-0.8643547,0.11994949728250504,0.8550000190734863,0.6273000240325928
YOL092W,YGL112C,0,-0.8645321,0.11993266642093658,0.8550000190734863,0.6273999810218811
YKL208W,YOR080W,0,-0.8645982,0.11991585046052933,0.8550000190734863,0.6274999976158142
YGR264C,YKL201C,0,-0.8646718,0.11989903450012207,0.8550000190734863,0.6276000142097473
YNR007C,YBR080C,1,-0.8650976,0.12002243101596832,0.8560000061988831,0.6276000142097473
YBR058C,YKL022C,0,-0.86516494,0.12000560760498047,0.8560000061988831,0.6276999711990356
YKL130C,YPR025C,0,-0.86526597,0.11998878419399261,0.8560000061988831,0.6277999877929688
YOR332W,YNL054W,1,-0.86545116,0.12011212110519409,0.8569999933242798,0.6277999877929688
YIL079C,YER018C,0,-0.86555994,0.12009529024362564,0.8569999933242798,0.6279000043869019
YDR109C,YLR084C,0,-0.8656996,0.12007846683263779,0.8569999933242798,0.628000020980835
YMR231W,YNL054W,1,-0.86574906,0.12020173668861389,0.8579999804496765,0.628000020980835
YIR038C,YIL088C,0,-0.8667318,0.12018489837646484,0.8579999804496765,0.6280999779701233
YLR272C,YPR101W,0,-0.8673216,0.12016806751489639,0.8579999804496765,0.6281999945640564
YMR203W,YOR008C,0,-0.86736137,0.12015123665332794,0.8579999804496765,0.6283000111579895
YLR024C,YBL067C,0,-0.86737376,0.12013441324234009,0.8579999804496765,0.6284000277519226
YCR079W,YIL157C,0,-0.8677506,0.12011759728193283,0.8579999804496765,0.6284999847412109
YGL048C,YNR023W,0,-0.86793405,0.12010078132152557,0.8579999804496765,0.628600001335144
YDL205C,YPL110C,0,-0.8680055,0.12008397281169891,0.8579999804496765,0.6287000179290771
YMR171C,YKL222C,0,-0.86802006,0.12006717175245285,0.8579999804496765,0.6287999749183655
YOR295W,YMR083W,0,-0.8683097,0.12005037069320679,0.8579999804496765,0.6288999915122986
YIL132C,YJL191W,0,-0.8683212,0.12003357708454132,0.8579999804496765,0.6290000081062317
YMR004W,YHR079C,0,-0.8683995,0.12001678347587585,0.8579999804496765,0.6291000247001648
YDR126W,YOR068C,1,-0.86863863,0.12013985961675644,0.859000027179718,0.6291000247001648
YMR307W,YDR012W,0,-0.86880267,0.12012305855751038,0.859000027179718,0.6291999816894531
YBR012W-A,YJR155W,0,-0.8688508,0.12010626494884491,0.859000027179718,0.6292999982833862
YER048W-A,YMR065W,0,-0.8689523,0.12008947134017944,0.859000027179718,0.6294000148773193
YOR182C,YIL040W,0,-0.8689599,0.12007268518209457,0.859000027179718,0.6294999718666077
YGR179C,YJR060W,0,-0.86913973,0.1200559064745903,0.859000027179718,0.6295999884605408
YGR189C,YLR145W,0,-0.8692396,0.12003912776708603,0.859000027179718,0.6297000050544739
YFL022C,YOR290C,0,-0.8695571,0.12002235651016235,0.859000027179718,0.629800021648407
YNL027W,YLR165C,0,-0.8696086,0.12000558525323868,0.859000027179718,0.6298999786376953
YOR039W,YLR069C,0,-0.8696659,0.1199888288974762,0.859000027179718,0.6299999952316284
YMR164C,YLR095C,0,-0.8697342,0.11997206509113312,0.859000027179718,0.6301000118255615
YOR224C,YBR179C,0,-0.86974835,0.11995531618595123,0.859000027179718,0.6302000284194946
YKL181W,YGR222W,0,-0.869891,0.11993856728076935,0.859000027179718,0.630299985408783
YIL110W,YKR060W,0,-0.87028366,0.11992181837558746,0.859000027179718,0.6304000020027161
YPR066W,YPL190C,0,-0.870405,0.11990508437156677,0.859000027179718,0.6305000185966492
YDR473C,YKL206C,0,-0.8704209,0.11988834291696548,0.859000027179718,0.6305999755859375
YNR013C,YDL232W,0,-0.87051314,0.11987161636352539,0.859000027179718,0.6306999921798706
YGL003C,YBR166C,0,-0.8705341,0.1198548898100853,0.859000027179718,0.6308000087738037
YIL171W,YLR098C,0,-0.8705618,0.1198381707072258,0.859000027179718,0.6309000253677368
YBR239C,YOR063W,0,-0.8709866,0.1198214516043663,0.859000027179718,0.6309999823570251
YPR145W,YPL108W,0,-0.8711776,0.1198047399520874,0.859000027179718,0.6310999989509583
YGR222W,YOR265W,0,-0.87138563,0.1197880357503891,0.859000027179718,0.6312000155448914
YIL035C,YBR210W,0,-0.87152976,0.1197713315486908,0.859000027179718,0.6312999725341797
YDL077C,YAL040C,1,-0.87157094,0.11989405006170273,0.8600000143051147,0.6312999725341797
YNL219C,YJR053W,0,-0.87187403,0.11987733840942383,0.8600000143051147,0.6313999891281128
YOR346W,YLR073C,0,-0.8721638,0.11986062675714493,0.8600000143051147,0.6315000057220459
YOR232W,YJL004C,0,-0.8722154,0.11984392255544662,0.8600000143051147,0.631600022315979
YCR077C,YJR143C,0,-0.87260157,0.11982722580432892,0.8600000143051147,0.6316999793052673
YLR186W,YDR020C,0,-0.87283885,0.11981052905321121,0.8600000143051147,0.6317999958992004
YGR167W,YER087C-B,0,-0.8734038,0.1197938397526741,0.8600000143051147,0.6319000124931335
YBR128C,YKL007W,0,-0.8742241,0.11977715790271759,0.8600000143051147,0.6320000290870667
YKL113C,YDL191W,0,-0.8743602,0.11976047605276108,0.8600000143051147,0.632099986076355
YNL162W,YOL003C,0,-0.8744182,0.11974380165338516,0.8600000143051147,0.6322000026702881
YGR287C,YDR440W,0,-0.8746944,0.11972713470458984,0.8600000143051147,0.6323000192642212
YDR472W,YNL202W,0,-0.8749917,0.11971046775579453,0.8600000143051147,0.6323999762535095
YML005W,YNL210W,0,-0.87530804,0.1196938082575798,0.8600000143051147,0.6324999928474426
YJR075W,YIL051C,0,-0.8755222,0.11967714875936508,0.8600000143051147,0.6326000094413757
YML075C,YNL314W,0,-0.87558633,0.11966049671173096,0.8600000143051147,0.6327000260353088
YMR099C,YGR169C,0,-0.8761543,0.11964385211467743,0.8600000143051147,0.6327999830245972
YOR361C,YKR028W,0,-0.8764089,0.1196272075176239,0.8600000143051147,0.6328999996185303
YNL067W,YLR439W,0,-0.87648475,0.11961057037115097,0.8600000143051147,0.6330000162124634
YOR371C,YDR104C,0,-0.8770512,0.11959393322467804,0.8600000143051147,0.6330999732017517
YKR020W,YDL035C,0,-0.8771768,0.1195773109793663,0.8600000143051147,0.6331999897956848
YIL113W,YLR151C,0,-0.8772523,0.11956068128347397,0.8600000143051147,0.6333000063896179
YDL193W,YNL122C,0,-0.87738425,0.11954406648874283,0.8600000143051147,0.633400022983551
YNL311C,YLR079W,0,-0.8778274,0.11952745169401169,0.8600000143051147,0.6334999799728394
YDR082W,YHR101C,0,-0.8779503,0.11951083689928055,0.8600000143051147,0.6335999965667725
YHR107C,YDR047W,0,-0.8779892,0.1194942370057106,0.8600000143051147,0.6337000131607056
YNL239W,YLR136C,0,-0.87911004,0.11947762966156006,0.8600000143051147,0.6338000297546387
YJL014W,YGR278W,0,-0.87938935,0.11946103721857071,0.8600000143051147,0.633899986743927
YDR067C,YJR047C,0,-0.8796603,0.11944444477558136,0.8600000143051147,0.6340000033378601
YBL078C,YPL100W,1,-0.87974054,0.11956672370433807,0.8610000014305115,0.6340000033378601
YHR207C,YPL030W,0,-0.87974924,0.11955012381076813,0.8610000014305115,0.6341000199317932
YHL047C,YGL004C,0,-0.88024783,0.11953353136777878,0.8610000014305115,0.6341999769210815
YBR080C,YOL138C,0,-0.8805166,0.11951693147420883,0.8610000014305115,0.6342999935150146
YGL009C,YHR079C,0,-0.8807871,0.11950034648180008,0.8610000014305115,0.6344000101089478
YHR176W,YMR307W,0,-0.8807923,0.11948376148939133,0.8610000014305115,0.6345000267028809
YML099C,YMR054W,0,-0.88083106,0.11946718394756317,0.8610000014305115,0.6345999836921692
YKL179C,YOR313C,0,-0.8810546,0.11945061385631561,0.8610000014305115,0.6347000002861023
YPL242C,YHR200W,0,-0.8813628,0.11943404376506805,0.8610000014305115,0.6348000168800354
YPR002W,YLR355C,0,-0.8815505,0.1194174736738205,0.8610000014305115,0.6348999738693237
YFL039C,YPL019C,1,-0.8816344,0.11953958868980408,0.8619999885559082,0.6348999738693237
YDL085W,YKL090W,0,-0.88164455,0.11952301859855652,0.8619999885559082,0.6349999904632568
YDR263C,YCL024W,0,-0.881937,0.11950644850730896,0.8619999885559082,0.6351000070571899
YLR042C,YCL032W,0,-0.8822075,0.1194898784160614,0.8619999885559082,0.635200023651123
YDR006C,YLL038C,0,-0.882415,0.11947331577539444,0.8619999885559082,0.6352999806404114
YLR147C,YPR182W,0,-0.88246447,0.11945676058530807,0.8619999885559082,0.6353999972343445
YPL195W,YJR040W,0,-0.88253546,0.11944021284580231,0.8619999885559082,0.6355000138282776
YNL289W,YJL213W,0,-0.88317865,0.11942366510629654,0.8619999885559082,0.6355999708175659
YDR247W,YLR121C,0,-0.8834494,0.11940711736679077,0.8619999885559082,0.635699987411499
YJR022W,YDL236W,0,-0.8838759,0.1193905845284462,0.8619999885559082,0.6358000040054321
YBR280C,YDR465C,0,-0.884602,0.11937404423952103,0.8619999885559082,0.6359000205993652
YCR067C,YPL005W,0,-0.884633,0.11935751885175705,0.8619999885559082,0.6359999775886536
YMR123W,YOL138C,0,-0.88479114,0.11934099346399307,0.8619999885559082,0.6360999941825867
YBR077C,YOR035C,0,-0.8848137,0.11932447552680969,0.8619999885559082,0.6362000107765198
YDR296W,YLR142W,0,-0.8856814,0.11930795758962631,0.8619999885559082,0.6363000273704529
YGR023W,YMR164C,0,-0.88636345,0.11929144710302353,0.8619999885559082,0.6363999843597412
YKL195W,YML029W,0,-0.88677055,0.11927494406700134,0.8619999885559082,0.6365000009536743
YBR196C,YMR223W,0,-0.88756365,0.11925844103097916,0.8619999885559082,0.6366000175476074
YBL075C,YPR091C,0,-0.8878152,0.11924194544553757,0.8619999885559082,0.6366999745368958
YKL025C,YNR043W,0,-0.8878946,0.11922544986009598,0.8619999885559082,0.6367999911308289
YDR408C,YHR063C,0,-0.8879114,0.11920896172523499,0.8619999885559082,0.636900007724762
YDR077W,YMR013C,0,-0.888026,0.11919248104095459,0.8619999885559082,0.6370000243186951
YDR358W,YKL163W,0,-0.888527,0.1191760003566742,0.8619999885559082,0.6370999813079834
YPL256C,YDR062W,0,-0.8887922,0.1191595271229744,0.8619999885559082,0.6371999979019165
YJL178C,YJL012C,1,-0.88880104,0.11928126960992813,0.8629999756813049,0.6371999979019165
YIL090W,YPR033C,0,-0.8890752,0.11926478892564774,0.8629999756813049,0.6373000144958496
YIR013C,YNL001W,0,-0.8894499,0.11924830824136734,0.8629999756813049,0.6373999714851379
YPL003W,YLL019C,0,-0.8895218,0.11923183500766754,0.8629999756813049,0.637499988079071
YDL077C,YKL135C,0,-0.8896591,0.11921536177396774,0.8629999756813049,0.6376000046730042
YOR174W,YBR172C,0,-0.8899955,0.11919889599084854,0.8629999756813049,0.6377000212669373
YNR057C,YEL050C,0,-0.8900291,0.11918243020772934,0.8629999756813049,0.6377999782562256
YCL011C,YLR278C,0,-0.89006394,0.11916597932577133,0.8629999756813049,0.6378999948501587
YLR285W,YFR007W,0,-0.8900772,0.11914952099323273,0.8629999756813049,0.6380000114440918
YJR126C,YDR137W,0,-0.89023197,0.11913307756185532,0.8629999756813049,0.6381000280380249
YER091C,YPR043W,0,-0.8903993,0.1191166341304779,0.8629999756813049,0.6381999850273132
YPR032W,YLR452C,0,-0.8905077,0.1191001906991005,0.8629999756813049,0.6383000016212463
YMR032W,YHL033C,0,-0.89052814,0.11908376216888428,0.8629999756813049,0.6384000182151794
YMR011W,YDR483W,0,-0.89075,0.11906732618808746,0.8629999756813049,0.6384999752044678
YKL113C,YBR059C,0,-0.89111966,0.11905090510845184,0.8629999756813049,0.6385999917984009
YLR421C,YJR026W,0,-0.89121985,0.11903448402881622,0.8629999756813049,0.638700008392334
YBL027W,YNL085W,0,-0.8912265,0.1190180629491806,0.8629999756813049,0.6388000249862671
YPR026W,YAL062W,0,-0.89176863,0.11900165677070618,0.8629999756813049,0.6388999819755554
YBR187W,YOR039W,0,-0.89199585,0.11898525059223175,0.8629999756813049,0.6389999985694885
YLR320W,YOR389W,0,-0.8921392,0.11896884441375732,0.8629999756813049,0.6391000151634216
YPL019C,YER072W,1,-0.8924715,0.11909028142690659,0.8640000224113464,0.6391000151634216
YDL207W,YLR033W,0,-0.89271027,0.11907386779785156,0.8640000224113464,0.63919997215271
YPL227C,YML125C,0,-0.8927935,0.11905746161937714,0.8640000224113464,0.6392999887466431
YNL079C,YPR049C,1,-0.8928349,0.11917883902788162,0.8650000095367432,0.6392999887466431
YGL119W,YJR129C,0,-0.893008,0.119162417948246,0.8650000095367432,0.6394000053405762
YIL072W,YDR222W,0,-0.8931566,0.11914600431919098,0.8650000095367432,0.6395000219345093
YER069W,YML077W,0,-0.8932825,0.11912959814071655,0.8650000095367432,0.6395999789237976
YLR396C,YPL208W,0,-0.89333427,0.11911319196224213,0.8650000095367432,0.6396999955177307
YDL232W,YKL173W,0,-0.8933769,0.1190967932343483,0.8650000095367432,0.6398000121116638
YBR227C,YNR026C,0,-0.89373225,0.11908039450645447,0.8650000095367432,0.6399000287055969
YER130C,YMR213W,0,-0.8941123,0.11906400322914124,0.8650000095367432,0.6399999856948853
YFL048C,YGL011C,0,-0.89435506,0.1190476194024086,0.8650000095367432,0.6401000022888184
YPR036W,YBR258C,0,-0.8952514,0.11903123557567596,0.8650000095367432,0.6402000188827515
YNL306W,YAR071W,0,-0.89527994,0.11901485919952393,0.8650000095367432,0.6402999758720398
YDR296W,YGL023C,0,-0.8953729,0.11899849027395248,0.8650000095367432,0.6403999924659729
YBR167C,YLR078C,0,-0.89549726,0.11898212134838104,0.8650000095367432,0.640500009059906
YLR320W,YKR098C,0,-0.8955366,0.1189657524228096,0.8650000095367432,0.6406000256538391
YFL018C,YIL061C,0,-0.8955733,0.11894939839839935,0.8650000095367432,0.6406999826431274
YOL017W,YMR164C,0,-0.89569885,0.11893303692340851,0.8650000095367432,0.6407999992370605
YOR332W,YGR254W,1,-0.8957897,0.1190541684627533,0.8659999966621399,0.6407999992370605
YGR263C,YBL026W,0,-0.89580464,0.11903779953718185,0.8659999966621399,0.6409000158309937
YPR145W,YER001W,0,-0.896228,0.11902143806219101,0.8659999966621399,0.640999972820282
YLR330W,YGL023C,0,-0.89667875,0.11900508403778076,0.8659999966621399,0.6410999894142151
YKR048C,YDL052C,0,-0.8969862,0.11898873001337051,0.8659999966621399,0.6412000060081482
YOR322C,YPL134C,0,-0.8974262,0.11897238343954086,0.8659999966621399,0.6413000226020813
YOR326W,YNL054W,1,-0.8975709,0.1190934032201767,0.8669999837875366,0.6413000226020813
YOL066C,YLR229C,0,-0.89794034,0.11907704919576645,0.8669999837875366,0.6413999795913696
YKL174C,YHR207C,0,-0.89809173,0.1190606951713562,0.8669999837875366,0.6414999961853027
YKR062W,YDR334W,0,-0.89860517,0.11904434859752655,0.8669999837875366,0.6416000127792358
YOL117W,YPR028W,0,-0.89940804,0.1190280094742775,0.8669999837875366,0.641700029373169
YIL048W,YKR086W,0,-0.8997341,0.11901167035102844,0.8669999837875366,0.6417999863624573
YGR072W,YBR204C,0,-0.8997437,0.11899533122777939,0.8669999837875366,0.6419000029563904
YBR195C,YCL014W,0,-0.8998417,0.11897900700569153,0.8669999837875366,0.6420000195503235
YLR396C,YKL051W,1,-0.8999298,0.11909989267587662,0.8679999709129333,0.6420000195503235
YEL038W,YPL237W,0,-0.89995897,0.11908355355262756,0.8679999709129333,0.6420999765396118
YNL273W,YLR113W,0,-0.9001001,0.11906721442937851,0.8679999709129333,0.6421999931335449
YNR049C,YKL173W,0,-0.9002673,0.11905088275671005,0.8679999709129333,0.642300009727478
YJR047C,YCR094W,0,-0.9007053,0.11903455853462219,0.8679999709129333,0.6424000263214111
YBL040C,YOL054W,0,-0.9010488,0.11901823431253433,0.8679999709129333,0.6424999833106995
YNL107W,YBR293W,0,-0.90118545,0.11900191754102707,0.8679999709129333,0.6425999999046326
YLR228C,YLR308W,0,-0.9015055,0.1189856082201004,0.8679999709129333,0.6427000164985657
YBR077C,YFR021W,0,-0.90174454,0.11896929889917374,0.8679999709129333,0.642799973487854
YHR186C,YBR281C,0,-0.9019538,0.11895299702882767,0.8679999709129333,0.6428999900817871
YKL163W,YMR121C,0,-0.9022017,0.1189366951584816,0.8679999709129333,0.6430000066757202
YLR393W,YDR138W,0,-0.90231824,0.11892040073871613,0.8679999709129333,0.6431000232696533
YDR126W,YGL095C,1,-0.90248764,0.1190410926938057,0.8690000176429749,0.6431000232696533
YNL072W,YFR032C-A,0,-0.902574,0.11902479082345963,0.8690000176429749,0.6431999802589417
YBR240C,YHL024W,0,-0.9026436,0.11900848895311356,0.8690000176429749,0.6432999968528748
YLL055W,YMR210W,0,-0.90295535,0.11899219453334808,0.8690000176429749,0.6434000134468079
YPR132W,YDR097C,0,-0.90321934,0.11897590011358261,0.8690000176429749,0.6434999704360962
YHR215W,YPR091C,0,-0.90323937,0.11895961314439774,0.8690000176429749,0.6435999870300293
YLR064W,YJL006C,0,-0.90372866,0.11894333362579346,0.8690000176429749,0.6437000036239624
YIL168W,YPL227C,0,-0.9039334,0.11892705410718918,0.8690000176429749,0.6438000202178955
YNL093W,YLR418C,0,-0.903935,0.1189107820391655,0.8690000176429749,0.6438999772071838
YLR285W,YDR382W,0,-0.9040645,0.11889450997114182,0.8690000176429749,0.6439999938011169
YPL096W,YGR076C,0,-0.9041355,0.11887824535369873,0.8690000176429749,0.64410001039505
YNL112W,YIL093C,0,-0.90432554,0.11886198818683624,0.8690000176429749,0.6442000269889832
YKL208W,YOL044W,0,-0.90433586,0.11884573101997375,0.8690000176429749,0.6442999839782715
YDR131C,YGR252W,0,-0.9051005,0.11882948130369186,0.8690000176429749,0.6444000005722046
YLR307W,YLR291C,0,-0.9052733,0.11881323158740997,0.8690000176429749,0.6445000171661377
YGR091W,YHR121W,0,-0.9062099,0.11879698932170868,0.8690000176429749,0.644599974155426
YOL066C,YPR001W,0,-0.90636545,0.11878075450658798,0.8690000176429749,0.6446999907493591
YMR295C,YDR254W,0,-0.90695864,0.11876451969146729,0.8690000176429749,0.6448000073432922
YOR328W,YCR014C,0,-0.90729517,0.11874829232692719,0.8690000176429749,0.6449000239372253
YKL171W,YDR017C,0,-0.907891,0.11873206496238708,0.8690000176429749,0.6449999809265137
YLR210W,YIL177C,0,-0.9080138,0.11871584504842758,0.8690000176429749,0.6450999975204468
YOR131C,YPL065W,0,-0.9081617,0.11869963258504868,0.8690000176429749,0.6452000141143799
YJL102W,YPL240C,0,-0.9086616,0.11868342012166977,0.8690000176429749,0.6452999711036682
YGL060W,YMR130W,0,-0.90871376,0.11866721510887146,0.8690000176429749,0.6453999876976013
YIL110W,YHR109W,0,-0.9092079,0.11865101009607315,0.8690000176429749,0.6455000042915344
YOR360C,YMR080C,0,-0.9094202,0.11863481253385544,0.8690000176429749,0.6456000208854675
YMR087W,YDR520C,0,-0.9095559,0.11861861497163773,0.8690000176429749,0.6456999778747559
YOL111C,YKL154W,0,-0.9098349,0.11860243231058121,0.8690000176429749,0.645799994468689
YPL024W,YNL256W,0,-0.90990764,0.11858624219894409,0.8690000176429749,0.6459000110626221
YOR336W,YER048W-A,0,-0.9099697,0.11857006698846817,0.8690000176429749,0.6460000276565552
YDR341C,YBR237W,0,-0.9099872,0.11855389177799225,0.8690000176429749,0.6460999846458435
YHR161C,YER124C,0,-0.9101902,0.11853771656751633,0.8690000176429749,0.6462000012397766
YJL006C,YLR009W,0,-0.91035527,0.118521548807621,0.8690000176429749,0.6463000178337097
YJR075W,YIL128W,0,-0.9103927,0.11850538849830627,0.8690000176429749,0.646399974822998
YCL063W,YNL242W,1,-0.9105843,0.11862558126449585,0.8700000047683716,0.646399974822998
YML110C,YNR045W,0,-0.9109425,0.11860940605401993,0.8700000047683716,0.6464999914169312
YAL022C,YIR028W,0,-0.9109588,0.1185932382941246,0.8700000047683716,0.6466000080108643
YCL011C,YOR338W,0,-0.9110122,0.11857707798480988,0.8700000047683716,0.6467000246047974
YNL314W,YKL001C,0,-0.91147804,0.11856091767549515,0.8700000047683716,0.6467999815940857
YIL129C,YOR381W,0,-0.91193205,0.11854475736618042,0.8700000047683716,0.6468999981880188
YLR381W,YDR251W,0,-0.9119721,0.11852861195802689,0.8700000047683716,0.6470000147819519
YDR206W,YER190W,0,-0.91214186,0.11851246654987335,0.8700000047683716,0.6470999717712402
YLR183C,YKR057W,0,-0.9121801,0.11849632114171982,0.8700000047683716,0.6471999883651733
YAL031C,YOR274W,0,-0.912221,0.11848018318414688,0.8700000047683716,0.6473000049591064
YGL216W,YOL068C,0,-0.9123815,0.11846405267715454,0.8700000047683716,0.6474000215530396
YBR227C,YNL032W,0,-0.9128526,0.1184479221701622,0.8700000047683716,0.6474999785423279
YGL047W,YPL128C,0,-0.9130313,0.11843179911375046,0.8700000047683716,0.647599995136261
YPL240C,YLR439W,0,-0.913127,0.11841568350791931,0.8700000047683716,0.6477000117301941
YCR040W,YDR342C,0,-0.9132493,0.11839956790208817,0.8700000047683716,0.6478000283241272
YAL041W,YLR132C,0,-0.9133554,0.11838345229625702,0.8700000047683716,0.6478999853134155
YGL158W,YIL140W,0,-0.91383535,0.11836734414100647,0.8700000047683716,0.6480000019073486
YPL181W,YNL122C,0,-0.9140293,0.11835124343633652,0.8700000047683716,0.6481000185012817
YNL304W,YGL209W,0,-0.9150644,0.11833515018224716,0.8700000047683716,0.6481999754905701
YLR045C,YAR003W,0,-0.9150881,0.1183190569281578,0.8700000047683716,0.6482999920845032
YML087C,YHR143W,0,-0.91529375,0.11830296367406845,0.8700000047683716,0.6484000086784363
YIR007W,YOR389W,0,-0.91553074,0.11828687787055969,0.8700000047683716,0.6485000252723694
YHL036W,YPL134C,0,-0.9157167,0.11827079951763153,0.8700000047683716,0.6485999822616577
YDR279W,YKL164C,0,-0.91571754,0.11825472116470337,0.8700000047683716,0.6486999988555908
YOR245C,YBR036C,0,-0.9166984,0.1182386502623558,0.8700000047683716,0.6488000154495239
YLR191W,YPR111W,0,-0.9171178,0.11822258681058884,0.8700000047683716,0.6488999724388123
YMR025W,YHR018C,0,-0.9172016,0.11820652335882187,0.8700000047683716,0.6489999890327454
YHR109W,YDR208W,0,-0.9172563,0.1181904599070549,0.8700000047683716,0.6491000056266785
YLR157C,YLR133W,0,-0.9173251,0.11817441135644913,0.8700000047683716,0.6492000222206116
YGR092W,YNL222W,0,-0.91740316,0.11815836280584335,0.8700000047683716,0.6492999792098999
YDR099W,YDR450W,0,-0.9176535,0.11814231425523758,0.8700000047683716,0.649399995803833
YGL186C,YOR389W,0,-0.91770804,0.1181262731552124,0.8700000047683716,0.6495000123977661
YPR112C,YGL084C,0,-0.9180189,0.11811023950576782,0.8700000047683716,0.6496000289916992
YGL131C,YGL050W,0,-0.9180618,0.11809420585632324,0.8700000047683716,0.6496999859809875
YLR119W,YMR276W,0,-0.91808015,0.11807817220687866,0.8700000047683716,0.6498000025749207
YEL030W,YCL018W,0,-0.91824865,0.11806215345859528,0.8700000047683716,0.6499000191688538
YIL009C-A,YDR324C,0,-0.9183329,0.11804613471031189,0.8700000047683716,0.6499999761581421
YHL044W,YNL102W,0,-0.9185829,0.1180301159620285,0.8700000047683716,0.6500999927520752
YMR280C,YOL001W,0,-0.9190053,0.11801410466432571,0.8700000047683716,0.6502000093460083
YNR006W,YER095W,0,-0.9191017,0.11799810081720352,0.8700000047683716,0.6503000259399414
YOR182C,YEL050C,0,-0.9193359,0.11798209697008133,0.8700000047683716,0.6503999829292297
YOL038W,YPR079W,0,-0.91940004,0.11796610057353973,0.8700000047683716,0.6504999995231628
YLR266C,YNL279W,0,-0.9197702,0.11795011162757874,0.8700000047683716,0.650600016117096
YDR085C,YER168C,0,-0.9197852,0.11793412268161774,0.8700000047683716,0.6506999731063843
YHL001W,YNL090W,0,-0.9206889,0.11791813373565674,0.8700000047683716,0.6507999897003174
YDR170C,YPL227C,0,-0.9209273,0.11790215224027634,0.8700000047683716,0.6509000062942505
YIL044C,YGR215W,0,-0.92103094,0.11788617819547653,0.8700000047683716,0.6510000228881836
YPR054W,YCR069W,0,-0.92146724,0.11787020415067673,0.8700000047683716,0.6510999798774719
YIL132C,YGR262C,0,-0.9216004,0.11785423755645752,0.8700000047683716,0.651199996471405
YNL030W,YNR023W,0,-0.92175394,0.11783827841281891,0.8700000047683716,0.6513000130653381
YLR285W,YER036C,0,-0.92188424,0.1178223192691803,0.8700000047683716,0.6514000296592712
YGL153W,YNL147W,0,-0.9221265,0.11780636757612228,0.8700000047683716,0.6514999866485596
YHR102W,YKL135C,0,-0.9223121,0.11779041588306427,0.8700000047683716,0.6516000032424927
YCL033C,YIL023C,0,-0.92244536,0.11777447164058685,0.8700000047683716,0.6517000198364258
YHR086W,YDR172W,0,-0.9225696,0.11775852739810944,0.8700000047683716,0.6517999768257141
YML029W,YDR313C,0,-0.9226058,0.11774259060621262,0.8700000047683716,0.6518999934196472
YPL195W,YPL188W,0,-0.92281103,0.11772666126489639,0.8700000047683716,0.6520000100135803
YPR022C,YDR306C,0,-0.9229861,0.11771073192358017,0.8700000047683716,0.6521000266075134
YGR264C,YHR081W,0,-0.9233758,0.11769480258226395,0.8700000047683716,0.6521999835968018
YFL039C,YOR326W,1,-0.92355067,0.11781414598226547,0.8709999918937683,0.6521999835968018
YDL148C,YML014W,0,-0.9235857,0.11779821664094925,0.8709999918937683,0.6523000001907349
YAL022C,YEL071W,0,-0.923855,0.11778228729963303,0.8709999918937683,0.652400016784668
YCL050C,YJR002W,0,-0.9240504,0.1177663579583168,0.8709999918937683,0.6524999737739563
YEL052W,YGR185C,0,-0.9240963,0.11775043606758118,0.8709999918937683,0.6525999903678894
YKL046C,YHR109W,0,-0.92423934,0.11773452162742615,0.8709999918937683,0.6527000069618225
YOR361C,YDR297W,0,-0.92425436,0.11771860718727112,0.8709999918937683,0.6528000235557556
YIR002C,YMR264W,0,-0.92439955,0.11770270019769669,0.8709999918937683,0.652899980545044
YDR221W,YBR040W,0,-0.9244869,0.11768680065870285,0.8709999918937683,0.652999997138977
YAL008W,YMR127C,0,-0.92455727,0.11767090111970901,0.8709999918937683,0.6531000137329102
YKL051W,YHR138C,1,-0.9246456,0.117790088057518,0.871999979019165,0.6531000137329102
YHR121W,YDL067C,0,-0.92477477,0.11777417361736298,0.871999979019165,0.6531999707221985
YNL016W,YLR113W,0,-0.9247925,0.11775827407836914,0.871999979019165,0.6532999873161316
YPL150W,YDR116C,0,-0.9250859,0.1177423745393753,0.871999979019165,0.6534000039100647
YER117W,YER151C,0,-0.9253599,0.11772647500038147,0.871999979019165,0.6535000205039978
YOL021C,YOL082W,0,-0.9254229,0.11771058291196823,0.871999979019165,0.6535999774932861
YBR077C,YGL077C,0,-0.9256907,0.11769469827413559,0.871999979019165,0.6536999940872192
YIL006W,YGL249W,0,-0.92581594,0.11767881363630295,0.871999979019165,0.6538000106811523
YDL017W,YDL191W,0,-0.92583466,0.1176629364490509,0.871999979019165,0.6539000272750854
YPR061C,YHL007C,0,-0.9258618,0.11764705926179886,0.871999979019165,0.6539999842643738
YGL062W,YKL073W,0,-0.92648596,0.11763118952512741,0.871999979019165,0.6541000008583069
YGL211W,YBR283C,0,-0.9271328,0.11761531978845596,0.871999979019165,0.65420001745224
YGR144W,YGL010W,0,-0.927259,0.11759945750236511,0.871999979019165,0.6542999744415283
YNL075W,YMR287C,0,-0.92745805,0.11758360266685486,0.871999979019165,0.6543999910354614
YDR478W,YNL158W,0,-0.92771596,0.1175677478313446,0.871999979019165,0.6545000076293945
YBL050W,YDL149W,1,-0.92778724,0.11768671125173569,0.8730000257492065,0.6545000076293945
YMR134W,YDR392W,0,-0.9278716,0.11767084151506424,0.8730000257492065,0.6546000242233276
YJR010C-A,YNR010W,0,-0.9279253,0.11765498667955399,0.8730000257492065,0.654699981212616
YNL208W,YLR187W,0,-0.92810225,0.11763913184404373,0.8730000257492065,0.6547999978065491
YLR117C,YOL080C,0,-0.9286198,0.11762328445911407,0.8730000257492065,0.6549000144004822
YMR214W,YMR086W,0,-0.92916197,0.11760743707418442,0.8730000257492065,0.6549999713897705
YPR033C,YKL127W,0,-0.9291751,0.11759159713983536,0.8730000257492065,0.6550999879837036
YOR288C,YGL190C,0,-0.92956585,0.1175757572054863,0.8730000257492065,0.6552000045776367
YJR006W,YKR003W,0,-0.9295994,0.11755992472171783,0.8730000257492065,0.6553000211715698
YIL114C,YGL124C,0,-0.92964715,0.11754409223794937,0.8730000257492065,0.6553999781608582
YGL169W,YLR264W,0,-0.9296564,0.1175282746553421,0.8730000257492065,0.6554999947547913
YML075C,YPL153C,0,-0.9296691,0.11751244962215424,0.8730000257492065,0.6556000113487244
YMR008C,YJL076W,0,-0.9299625,0.11749663203954697,0.8730000257492065,0.6557000279426575
YOL107W,YDL142C,0,-0.9304398,0.1174808219075203,0.8730000257492065,0.6557999849319458
YFR008W,YDL140C,0,-0.9305492,0.11746501922607422,0.8730000257492065,0.6559000015258789
YJR040W,YKR013W,0,-0.9313332,0.11744921654462814,0.8730000257492065,0.656000018119812
YIL132C,YNR061C,0,-0.93180364,0.11743341386318207,0.8730000257492065,0.6560999751091003
YDL064W,YGL233W,0,-0.9336614,0.11741761863231659,0.8730000257492065,0.6561999917030334
YDR038C,YMR030W,0,-0.9336726,0.11740183085203171,0.8730000257492065,0.6563000082969666
YCR048W,YKR105C,0,-0.9337262,0.11738604307174683,0.8730000257492065,0.6564000248908997
YKR090W,YIL142W,0,-0.93390787,0.11737026274204254,0.8730000257492065,0.656499981880188
YNR007C,YLR386W,1,-0.9342142,0.11748891323804855,0.8740000128746033,0.656499981880188
YLR452C,YBL050W,0,-0.93423194,0.11747311800718307,0.8740000128746033,0.6565999984741211
YBR251W,YPL017C,0,-0.9344477,0.1174573302268982,0.8740000128746033,0.6567000150680542
YOR017W,YIR009W,0,-0.9344916,0.11744154989719391,0.8740000128746033,0.6567999720573425
YPR030W,YDL140C,0,-0.93471676,0.11742576956748962,0.8740000128746033,0.6568999886512756
YCR057C,YCR039C,0,-0.9347174,0.11740999668836594,0.8740000128746033,0.6570000052452087
YML125C,YMR246W,0,-0.93471897,0.11739422380924225,0.8740000128746033,0.6571000218391418
YDR385W,YBR166C,0,-0.93488806,0.11737845838069916,0.8740000128746033,0.6571999788284302
YDR126W,YPL100W,1,-0.9350871,0.11749698221683502,0.875,0.6571999788284302
YAL044C,YPR112C,0,-0.9353739,0.11748120188713074,0.875,0.6572999954223633
YGL095C,YDR080W,1,-0.9354382,0.11759968101978302,0.8759999871253967,0.6572999954223633
YMR168C,YLR029C,0,-0.9357829,0.11758389323949814,0.8759999871253967,0.6574000120162964
YGR206W,YMR067C,0,-0.9360199,0.11756811290979385,0.8759999871253967,0.6575000286102295
YIL066C,YIL134W,0,-0.9360764,0.11755233258008957,0.8759999871253967,0.6575999855995178
YDL104C,YDR486C,0,-0.93639594,0.11753655970096588,0.8759999871253967,0.6577000021934509
YOL090W,YMR013C,0,-0.93680537,0.11752079427242279,0.8759999871253967,0.657800018787384
YGR029W,YMR033W,0,-0.9372869,0.1175050288438797,0.8759999871253967,0.6578999757766724
YGL113W,YER184C,0,-0.93769056,0.1174892708659172,0.8759999871253967,0.6579999923706055
YKR002W,YPL033C,0,-0.93780977,0.11747351288795471,0.8759999871253967,0.6581000089645386
YLR219W,YPL276W,0,-0.9381165,0.11745776236057281,0.8759999871253967,0.6582000255584717
YHR032W,YBR155W,0,-0.93864346,0.11744201928377151,0.8759999871253967,0.65829998254776
YDL074C,YER122C,0,-0.9387424,0.11742627620697021,0.8759999871253967,0.6583999991416931
YGL155W,YDR126W,0,-0.9389247,0.11741053313016891,0.8759999871253967,0.6585000157356262
YBR009C,YKR026C,0,-0.93898624,0.11739479750394821,0.8759999871253967,0.6585999727249146
YGL119W,YHR135C,0,-0.939376,0.1173790693283081,0.8759999871253967,0.6586999893188477
YOR187W,YJL214W,0,-0.9397268,0.117363341152668,0.8759999871253967,0.6588000059127808
YAR010C,YLR038C,0,-0.9397776,0.11734762042760849,0.8759999871253967,0.6589000225067139
YHR019C,YCR033W,0,-0.94052523,0.11733190715312958,0.8759999871253967,0.6589999794960022
YGL157W,YNL279W,0,-0.94060594,0.11731619387865067,0.8759999871253967,0.6590999960899353
YDR131C,YBL057C,0,-0.9407115,0.11730048060417175,0.8759999871253967,0.6592000126838684
YEL027W,YOR326W,1,-0.94089323,0.11741866171360016,0.8769999742507935,0.6592000126838684
YOL157C,YDR299W,0,-0.94116145,0.11740294843912125,0.8769999742507935,0.6593000292778015
YEL020C,YGR101W,0,-0.9412553,0.11738722771406174,0.8769999742507935,0.6593999862670898
YAL005C,YDR432W,0,-0.9413888,0.11737152189016342,0.8769999742507935,0.659500002861023
YDR117C,YAL010C,0,-0.9415197,0.1173558160662651,0.8769999742507935,0.659600019454956
YGL003C,YPL240C,0,-0.9415594,0.11734011024236679,0.8769999742507935,0.6596999764442444
YDR508C,YER165W,0,-0.94161946,0.11732441186904907,0.8769999742507935,0.6597999930381775
YPL124W,YJL140W,0,-0.9417419,0.11730872094631195,0.8769999742507935,0.6599000096321106
YML043C,YNL298W,0,-0.9417439,0.11729303002357483,0.8769999742507935,0.6600000262260437
YOL145C,YCR027C,0,-0.9418102,0.1172773465514183,0.8769999742507935,0.660099983215332
YML029W,YIR023W,0,-0.9418573,0.11726166307926178,0.8769999742507935,0.6601999998092651
YLR139C,YCR020W-B,0,-0.9419217,0.11724598705768585,0.8769999742507935,0.6603000164031982
YER065C,YIL124W,0,-0.9422696,0.11723031848669052,0.8769999742507935,0.6603999733924866
YLR383W,YNL259C,0,-0.9422808,0.11721464991569519,0.8769999742507935,0.6604999899864197
YPL177C,YJL093C,0,-0.9423714,0.11719898134469986,0.8769999742507935,0.6606000065803528
YKL203C,YPL255W,0,-0.9425263,0.11718332767486572,0.8769999742507935,0.6607000231742859
YGR112W,YKL146W,0,-0.9431024,0.11716766655445099,0.8769999742507935,0.6607999801635742
YNR002C,YDR444W,0,-0.94322675,0.11715202033519745,0.8769999742507935,0.6608999967575073
YPL163C,YOL129W,0,-0.9434259,0.11713636666536331,0.8769999742507935,0.6610000133514404
YOR056C,YOR329C,0,-0.9436938,0.11712072789669037,0.8769999742507935,0.6610999703407288
YLL035W,YMR288W,0,-0.94387317,0.11710508912801743,0.8769999742507935,0.6611999869346619
YPR035W,YBR084W,0,-0.9439373,0.11708945035934448,0.8769999742507935,0.661300003528595
YBR192W,YGL213C,0,-0.9439542,0.11707381904125214,0.8769999742507935,0.6614000201225281
YJL192C,YHR084W,0,-0.9442176,0.11705819517374039,0.8769999742507935,0.6614999771118164
YKR071C,YDR293C,0,-0.9456659,0.11704257130622864,0.8769999742507935,0.6615999937057495
YJL191W,YMR012W,0,-0.9465435,0.11702695488929749,0.8769999742507935,0.6617000102996826
YHR043C,YNL158W,0,-0.94678384,0.11701133847236633,0.8769999742507935,0.6618000268936157
YCR009C,YDR099W,0,-0.94682544,0.11699572950601578,0.8769999742507935,0.661899983882904
YGL212W,YDR229W,1,-0.9470987,0.11711351573467255,0.878000020980835,0.661899983882904
YKR065C,YML109W,0,-0.94712716,0.1170978918671608,0.878000020980835,0.6620000004768372
YJL103C,YLR219W,0,-0.94751775,0.11708227545022964,0.878000020980835,0.6621000170707703
YNL163C,YHR023W,0,-0.94752795,0.11706666648387909,0.878000020980835,0.6621999740600586
YBR198C,YGR104C,0,-0.9475491,0.11705105751752853,0.878000020980835,0.6622999906539917
YBR068C,YLR204W,0,-0.9476012,0.11703545600175858,0.878000020980835,0.6624000072479248
YHR079C-A,YPL088W,0,-0.9480182,0.11701986193656921,0.878000020980835,0.6625000238418579
YNL306W,YLR233C,0,-0.94808656,0.11700426787137985,0.878000020980835,0.6625999808311462
YDR307W,YKR009C,0,-0.94820803,0.11698867380619049,0.878000020980835,0.6626999974250793
YER001W,YDR354W,0,-0.9484804,0.11697308719158173,0.878000020980835,0.6628000140190125
YER049W,YGR231C,0,-0.9489373,0.11695750802755356,0.878000020980835,0.6628999710083008
YGR163W,YER029C,0,-0.9491956,0.11694192886352539,0.878000020980835,0.6629999876022339
YDR084C,YEL042W,0,-0.94922286,0.11692635715007782,0.878000020980835,0.663100004196167
YDR506C,YER111C,0,-0.949264,0.11691078543663025,0.878000020980835,0.6632000207901001
YOL103W,YOL112W,0,-0.94952434,0.11689522117376328,0.878000020980835,0.6632999777793884
YHR105W,YLR158C,0,-0.9499463,0.1168796569108963,0.878000020980835,0.6633999943733215
YLR100W,YOR369C,0,-0.95004815,0.11686410009860992,0.878000020980835,0.6635000109672546
YJR032W,YML022W,0,-0.95046836,0.11684855073690414,0.878000020980835,0.6636000275611877
YJL113W,YGL210W,0,-0.95054907,0.11683300137519836,0.878000020980835,0.6636999845504761
YKL181W,YAL013W,0,-0.9506762,0.11681745946407318,0.878000020980835,0.6638000011444092
YER045C,YDL181W,0,-0.95086324,0.116801917552948,0.878000020980835,0.6639000177383423
YKL028W,YBR102C,0,-0.9511972,0.11678637564182281,0.878000020980835,0.6639999747276306
YHR166C,YER111C,0,-0.95136875,0.11677084863185883,0.878000020980835,0.6640999913215637
YPL119C,YGR166W,0,-0.9514446,0.11675532162189484,0.878000020980835,0.6642000079154968
YGL130W,YPL259C,0,-0.95163316,0.11673979461193085,0.878000020980835,0.6643000245094299
YDR065W,YDL165W,0,-0.9516478,0.11672427505254745,0.878000020980835,0.6643999814987183
YGL237C,YPL213W,0,-0.95178455,0.11670876294374466,0.878000020980835,0.6644999980926514
YOR327C,YDR402C,0,-0.9517972,0.11669325083494186,0.878000020980835,0.6646000146865845
YOL140W,YJR135C,0,-0.95182675,0.11667773872613907,0.878000020980835,0.6646999716758728
YHR179W,YLR385C,0,-0.9522583,0.11666223406791687,0.878000020980835,0.6647999882698059
YBL078C,YPR049C,1,-0.95232326,0.11677959561347961,0.8790000081062317,0.6647999882698059
YMR172W,YGL174W,0,-0.9524783,0.11676408350467682,0.8790000081062317,0.664900004863739
YNR067C,YGL123W,0,-0.9524931,0.11674857139587402,0.8790000081062317,0.6650000214576721
YNR018W,YPL072W,0,-0.95267683,0.11673306673765182,0.8790000081062317,0.6650999784469604
YIL145C,YCL061C,0,-0.9527015,0.11671756953001022,0.8790000081062317,0.6651999950408936
YHL047C,YER175C,0,-0.9527257,0.11670207232236862,0.8790000081062317,0.6653000116348267
YOR308C,YMR135C,0,-0.95323044,0.11668658256530762,0.8790000081062317,0.6654000282287598
YML056C,YLL011W,0,-0.9537832,0.11667109280824661,0.8790000081062317,0.6654999852180481
YNL309W,YAL013W,0,-0.9539305,0.1166556105017662,0.8790000081062317,0.6656000018119812
YBL006C,YPL152W,0,-0.95401376,0.1166401281952858,0.8790000081062317,0.6657000184059143
YKL160W,YKR080W,0,-0.9541438,0.11662465333938599,0.8790000081062317,0.6657999753952026
YDL092W,YMR054W,0,-0.9544373,0.11660917848348618,0.8790000081062317,0.6658999919891357
YJR032W,YHR064C,0,-0.954598,0.11659371107816696,0.8790000081062317,0.6660000085830688
YJL160C,YJR063W,0,-0.95466244,0.11657825112342834,0.8790000081062317,0.666100025177002
YMR263W,YFL002C,0,-0.9547205,0.11656279116868973,0.8790000081062317,0.6661999821662903
YDR079W,YOL017W,0,-0.9549034,0.11654733121395111,0.8790000081062317,0.6662999987602234
YDL185W,YMR276W,0,-0.9552277,0.11653188616037369,0.8790000081062317,0.6664000153541565
YER004W,YLR240W,0,-0.95536774,0.11651643365621567,0.8790000081062317,0.6664999723434448
YNL280C,YKR044W,0,-0.9556793,0.11650099605321884,0.8790000081062317,0.6665999889373779
YLR287C-A,YAR019C,0,-0.9561706,0.11648555845022202,0.8790000081062317,0.666700005531311
YNL153C,YLR119W,0,-0.95640284,0.11647012084722519,0.8790000081062317,0.6668000221252441
YMR288W,YER171W,0,-0.9564824,0.11645469069480896,0.8790000081062317,0.6668999791145325
YDR207C,YPL090C,0,-0.95658404,0.11643926054239273,0.8790000081062317,0.6669999957084656
YFL036W,YPL096W,0,-0.9570211,0.1164238378405571,0.8790000081062317,0.6671000123023987
YIL040W,YHR002W,0,-0.9572949,0.11640842258930206,0.8790000081062317,0.6672000288963318
YLR240W,YOL065C,0,-0.9575797,0.11639300733804703,0.8790000081062317,0.6672999858856201
YLR051C,YLR197W,0,-0.9575815,0.11637759953737259,0.8790000081062317,0.6674000024795532
YER150W,YGR221C,0,-0.9577802,0.11636219173669815,0.8790000081062317,0.6675000190734863
YPR025C,YLR342W,0,-0.95794964,0.11634679138660431,0.8790000081062317,0.6675999760627747
YBR227C,YKL182W,0,-0.9586354,0.11633139103651047,0.8790000081062317,0.6676999926567078
YPL057C,YDR093W,0,-0.9586532,0.11631599813699722,0.8790000081062317,0.6678000092506409
YGR288W,YFL024C,0,-0.9591351,0.11630060523748398,0.8790000081062317,0.667900025844574
YDL120W,YIR023W,0,-0.9593322,0.11628521978855133,0.8790000081062317,0.6679999828338623
YJL171C,YGL099W,0,-0.95956165,0.11626984179019928,0.8790000081062317,0.6680999994277954
YER039C,YER124C,0,-0.95991284,0.11625446379184723,0.8790000081062317,0.6682000160217285
YMR079W,YML095C,0,-0.9603576,0.11623909324407578,0.8790000081062317,0.6682999730110168
YNL162W,YHR051W,0,-0.96072537,0.11622372269630432,0.8790000081062317,0.66839998960495
YPL273W,YDL245C,0,-0.96073765,0.11620835214853287,0.8790000081062317,0.6685000061988831
YJR028W,YLR222C,0,-0.9611526,0.11619299650192261,0.8790000081062317,0.6686000227928162
YNL012W,YEL036C,0,-0.9612703,0.11617763340473175,0.8790000081062317,0.6686999797821045
YOR310C,YJR138W,0,-0.9615723,0.11616228520870209,0.8790000081062317,0.6687999963760376
YML054C,YOR303W,0,-0.96187025,0.11614693701267242,0.8790000081062317,0.6689000129699707
YGL032C,YPL281C,0,-0.9618842,0.11613158881664276,0.8790000081062317,0.6690000295639038
YMR094W,YGL168W,0,-0.96195227,0.1161162480711937,0.8790000081062317,0.6690999865531921
YCR033W,YBL106C,0,-0.96206504,0.11610091477632523,0.8790000081062317,0.6692000031471252
YOL145C,YHR160C,0,-0.9621224,0.11608558148145676,0.8790000081062317,0.6693000197410583
YPR049C,YBR067C,0,-0.96264917,0.11607024818658829,0.8790000081062317,0.6693999767303467
YDL054C,YIL083C,0,-0.9627249,0.11605492234230042,0.8790000081062317,0.6694999933242798
YAL039C,YNL213C,0,-0.9629138,0.11603960394859314,0.8790000081062317,0.6696000099182129
YNL186W,YMR030W,0,-0.9630936,0.11602428555488586,0.8790000081062317,0.669700026512146
YGL249W,YNR041C,0,-0.9632341,0.11600897461175919,0.8790000081062317,0.6697999835014343
YBR110W,YLR406C,0,-0.9633609,0.11599366366863251,0.8790000081062317,0.6699000000953674
YPL024W,YFR045W,0,-0.96340394,0.11597836017608643,0.8790000081062317,0.6700000166893005
YJL109C,YDR538W,0,-0.9636041,0.11596306413412094,0.8790000081062317,0.6700999736785889
YJL121C,YDR052C,0,-0.96372,0.11594776064157486,0.8790000081062317,0.670199990272522
YPR041W,YDR120C,0,-0.96375376,0.11593247205018997,0.8790000081062317,0.6703000068664551
YLR401C,YNL134C,0,-0.9638069,0.11591718345880508,0.8790000081062317,0.6704000234603882
YPR171W,YOL030W,0,-0.96458226,0.1159019023180008,0.8790000081062317,0.6704999804496765
YOR153W,YNR063W,0,-0.9646101,0.1158866211771965,0.8790000081062317,0.6705999970436096
YJL116C,YJL165C,0,-0.9648639,0.11587134003639221,0.8790000081062317,0.6707000136375427
YBL064C,YHR030C,0,-0.9649173,0.11585606634616852,0.8790000081062317,0.670799970626831
YJL073W,YCL032W,0,-0.9656575,0.11584080010652542,0.8790000081062317,0.6708999872207642
YNL129W,YOR190W,0,-0.96599954,0.11582553386688232,0.8790000081062317,0.6710000038146973
YPL118W,YOR348C,0,-0.96600366,0.11581027507781982,0.8790000081062317,0.6711000204086304
YOR237W,YDR389W,0,-0.9662356,0.11579502373933792,0.8790000081062317,0.6711999773979187
YJR092W,YGR177C,0,-0.9663794,0.11577976495027542,0.8790000081062317,0.6712999939918518
YLR270W,YIL125W,0,-0.96651274,0.11576452106237411,0.8790000081062317,0.6714000105857849
YPL065W,YBR213W,0,-0.9665456,0.11574927717447281,0.8790000081062317,0.671500027179718
YNL212W,YDR288W,0,-0.9666297,0.1157340332865715,0.8790000081062317,0.6715999841690063
YHR036W,YGL004C,0,-0.96717525,0.1157187968492508,0.8790000081062317,0.6717000007629395
YDR253C,YHR002W,0,-0.9671935,0.11570356786251068,0.8790000081062317,0.6718000173568726
YCL055W,YGL097W,0,-0.96763664,0.11568833887577057,0.8790000081062317,0.6718999743461609
YEL061C,YKL089W,0,-0.96788114,0.11567311733961105,0.8790000081062317,0.671999990940094
YNL280C,YER175C,0,-0.9680747,0.11565789580345154,0.8790000081062317,0.6721000075340271
YEL013W,YDL077C,1,-0.96844655,0.1157742366194725,0.8799999952316284,0.6721000075340271
YPL268W,YOR025W,0,-0.968555,0.11575900763273239,0.8799999952316284,0.6722000241279602
YPL160W,YMR305C,0,-0.96870404,0.11574378609657288,0.8799999952316284,0.6722999811172485
YKR066C,YDL161W,0,-0.9688366,0.11572856456041336,0.8799999952316284,0.6723999977111816
YHR079C-A,YOR221C,0,-0.96894836,0.11571334302425385,0.8799999952316284,0.6725000143051147
YNL162W,YOR339C,0,-0.9691544,0.11569813638925552,0.8799999952316284,0.6725999712944031
YLR057W,YJL090C,0,-0.96929777,0.1156829223036766,0.8799999952316284,0.6726999878883362
YOL102C,YER170W,0,-0.9697117,0.11566771566867828,0.8799999952316284,0.6728000044822693
YKL009W,YMR163C,0,-0.96973366,0.11565251648426056,0.8799999952316284,0.6729000210762024
YGR274C,YMR210W,0,-0.9700164,0.11563731729984283,0.8799999952316284,0.6729999780654907
YJR149W,YOR256C,0,-0.9703264,0.1156221255660057,0.8799999952316284,0.6730999946594238
YDR077W,YMR210W,0,-0.97059995,0.11560693383216858,0.8799999952316284,0.6732000112533569
YLR431C,YLR386W,1,-0.9707419,0.11572310328483582,0.8809999823570251,0.6732000112533569
YOR355W,YHR184W,0,-0.970829,0.11570790410041809,0.8809999823570251,0.67330002784729
YKL055C,YDL150W,0,-0.97089785,0.11569271236658096,0.8809999823570251,0.6733999848365784
YMR162C,YDL197C,0,-0.9714237,0.11567752063274384,0.8809999823570251,0.6735000014305115
YGL002W,YAR010C,0,-0.9716156,0.1156623363494873,0.8809999823570251,0.6736000180244446
YIL070C,YJL198W,0,-0.97165066,0.11564715206623077,0.8809999823570251,0.6736999750137329
YPR031W,YGR134W,0,-0.97177917,0.11563197523355484,0.8809999823570251,0.673799991607666
YGR056W,YFR028C,0,-0.97209364,0.1156167984008789,0.8809999823570251,0.6739000082015991
YJR001W,YOL005C,0,-0.972253,0.11560162901878357,0.8809999823570251,0.6740000247955322
YBR139W,YDR120C,0,-0.97235984,0.11558645963668823,0.8809999823570251,0.6740999817848206
YDR060W,YLR086W,0,-0.9725221,0.11557129770517349,0.8809999823570251,0.6741999983787537
YJR119C,YML039W,0,-0.9727922,0.11555613577365875,0.8809999823570251,0.6743000149726868
YNR007C,YDR229W,1,-0.9729251,0.11567213386297226,0.8820000290870667,0.6743000149726868
YPL026C,YMR238W,0,-0.97302896,0.11565696448087692,0.8820000290870667,0.6743999719619751
YOR338W,YIL073C,0,-0.9732395,0.11564180254936218,0.8820000290870667,0.6744999885559082
YKL093W,YDR260C,0,-0.9735219,0.11562664061784744,0.8820000290870667,0.6746000051498413
YOR083W,YNL242W,0,-0.9738406,0.1156114861369133,0.8820000290870667,0.6747000217437744
YNL064C,YJR098C,0,-0.9745191,0.11559633165597916,0.8820000290870667,0.6747999787330627
YCL074W,YHR021C,0,-0.97456545,0.11558118462562561,0.8820000290870667,0.6748999953269958
YFL050C,YJR126C,0,-0.9747172,0.11556603759527206,0.8820000290870667,0.675000011920929
YLR071C,YDR518W,0,-0.9747271,0.11555089801549911,0.8820000290870667,0.6751000285148621
YLR332W,YOR037W,0,-0.97495496,0.11553575843572617,0.8820000290870667,0.6751999855041504
YDR519W,YML037C,0,-0.97496396,0.11552062630653381,0.8820000290870667,0.6753000020980835
YHR086W,YNR017W,0,-0.9750071,0.11550550162792206,0.8820000290870667,0.6754000186920166
YIR028W,YOR168W,0,-0.97509164,0.1154903769493103,0.8820000290870667,0.6754999756813049
YDR410C,YGR191W,0,-0.975606,0.11547525227069855,0.8820000290870667,0.675599992275238
YGR123C,YKL179C,0,-0.9756929,0.11546013504266739,0.8820000290870667,0.6757000088691711
YOR368W,YAL013W,0,-0.9763312,0.11544502526521683,0.8820000290870667,0.6758000254631042
YMR080C,YMR288W,0,-0.9764552,0.11542991548776627,0.8820000290870667,0.6758999824523926
YGL071W,YDR022C,0,-0.9764979,0.1154148131608963,0.8820000290870667,0.6759999990463257
YOL033W,YOL002C,0,-0.97666925,0.11539971083402634,0.8820000290870667,0.6761000156402588
YDR126W,YBL050W,1,-0.97737855,0.11551543325185776,0.8830000162124634,0.6761000156402588
YDR457W,YLR431C,0,-0.9775619,0.1155003234744072,0.8830000162124634,0.6761999726295471
YKL015W,YNL327W,0,-0.97763485,0.11548522114753723,0.8830000162124634,0.6762999892234802
YMR087W,YMR017W,0,-0.97778964,0.11547011882066727,0.8830000162124634,0.6764000058174133
YLR421C,YMR282C,0,-0.9778989,0.1154550239443779,0.8830000162124634,0.6765000224113464
YNL316C,YBR095C,0,-0.9784467,0.11543992906808853,0.8830000162124634,0.6765999794006348
YAR007C,YOL136C,0,-0.9785854,0.11542483419179916,0.8830000162124634,0.6766999959945679
YKL049C,YPL227C,0,-0.9786057,0.1154097467660904,0.8830000162124634,0.676800012588501
YPL188W,YKL135C,0,-0.97864205,0.11539466679096222,0.8830000162124634,0.6769000291824341
YBR179C,YML110C,0,-0.978846,0.11537958681583405,0.8830000162124634,0.6769999861717224
YKL009W,YNL030W,0,-0.9789614,0.11536451429128647,0.8830000162124634,0.6771000027656555
YOR315W,YIL070C,0,-0.9791413,0.11534944176673889,0.8830000162124634,0.6772000193595886
YDR405W,YPL028W,0,-0.9794232,0.11533437669277191,0.8830000162124634,0.677299976348877
YPL031C,YGR098C,0,-0.9794695,0.11531931906938553,0.8830000162124634,0.6773999929428101
YCL063W,YHR172W,0,-0.9800561,0.11530425399541855,0.8830000162124634,0.6775000095367432
YNL270C,YER125W,0,-0.9801164,0.11528920382261276,0.8830000162124634,0.6776000261306763
YJL081C,YDR310C,0,-0.9801933,0.11527415364980698,0.8830000162124634,0.6776999831199646
YGL141W,YJL190C,0,-0.9806481,0.11525910347700119,0.8830000162124634,0.6777999997138977
YPR058W,YPL213W,0,-0.98096883,0.115244060754776,0.8830000162124634,0.6779000163078308
YLR314C,YLR203C,0,-0.98134446,0.11522902548313141,0.8830000162124634,0.6779999732971191
YAR015W,YNR057C,0,-0.98153096,0.11521399021148682,0.8830000162124634,0.6780999898910522
YER012W,YGR169C,0,-0.9816603,0.11519895493984222,0.8830000162124634,0.6782000064849854
YML039W,YKL189W,0,-0.9816606,0.11518392711877823,0.8830000162124634,0.6783000230789185
YPL095C,YDR121W,0,-0.9816943,0.11516890674829483,0.8830000162124634,0.6783999800682068
YDR159W,YGR159C,0,-0.9819793,0.11515388637781143,0.8830000162124634,0.6784999966621399
YOL030W,YIL159W,0,-0.98258847,0.11513887345790863,0.8830000162124634,0.678600013256073
YDL137W,YJL133W,0,-0.98284763,0.11512386053800583,0.8830000162124634,0.6786999702453613
YKL095W,YBL088C,0,-0.9830885,0.11510885506868362,0.8830000162124634,0.6787999868392944
YPL047W,YJR055W,0,-0.98333055,0.11509384959936142,0.8830000162124634,0.6789000034332275
YOR214C,YNL274C,0,-0.98366314,0.11507885158061981,0.8830000162124634,0.6790000200271606
YML069W,YAL035W,0,-0.9838868,0.1150638535618782,0.8830000162124634,0.679099977016449
YAR007C,YKR081C,0,-0.9841368,0.1150488629937172,0.8830000162124634,0.6791999936103821
YIL048W,YDL077C,1,-0.98503697,0.1151641458272934,0.8840000033378601,0.6791999936103821
YOL123W,YNR070W,0,-0.98515624,0.11514914780855179,0.8840000033378601,0.6793000102043152
YPR033C,YEL038W,0,-0.9852045,0.11513414978981018,0.8840000033378601,0.6794000267982483
YBL085W,YBR082C,0,-0.9852161,0.11511915922164917,0.8840000033378601,0.6794999837875366
YDL044C,YDR332W,0,-0.9852996,0.11510416865348816,0.8840000033378601,0.6796000003814697
YHR057C,YEL003W,0,-0.98530906,0.11508917808532715,0.8840000033378601,0.6797000169754028
YKL020C,YGR154C,0,-0.98546046,0.11507420241832733,0.8840000033378601,0.6797999739646912
YLR364W,YPL011C,0,-0.9855078,0.11505921930074692,0.8840000033378601,0.6798999905586243
YOR304W,YGR081C,0,-0.9855388,0.1150442510843277,0.8840000033378601,0.6800000071525574
YHR032W,YGL161C,0,-0.98559755,0.11502927541732788,0.8840000033378601,0.6801000237464905
YGL065C,YJL111W,0,-0.9860546,0.11501431465148926,0.8840000033378601,0.6801999807357788
YDL019C,YLR318W,0,-0.98612136,0.11499934643507004,0.8840000033378601,0.6802999973297119
YML069W,YDR139C,0,-0.98689216,0.11498439311981201,0.8840000033378601,0.680400013923645
YOR206W,YBR186W,0,-0.9870379,0.11496943980455399,0.8840000033378601,0.6804999709129333
YDR118W,YML116W,0,-0.98713607,0.11495448648929596,0.8840000033378601,0.6805999875068665
YDR322W,YNL069C,0,-0.98714894,0.11493954062461853,0.8840000033378601,0.6807000041007996
YJL056C,YOR036W,0,-0.9871611,0.1149245947599411,0.8840000033378601,0.6808000206947327
YDR207C,YJR134C,0,-0.9871626,0.11490965634584427,0.8840000033378601,0.680899977684021
YPL244C,YER114C,0,-0.98735446,0.11489472538232803,0.8840000033378601,0.6809999942779541
YOR224C,YNL158W,0,-0.9873865,0.1148797944188118,0.8840000033378601,0.6811000108718872
YER162C,YPL170W,0,-0.98783123,0.11486486345529556,0.8840000033378601,0.6812000274658203
YBL097W,YCR008W,0,-0.9879201,0.11484993994235992,0.8840000033378601,0.6812999844551086
YGL011C,YBR041W,0,-0.988177,0.11483502388000488,0.8840000033378601,0.6814000010490417
YNL224C,YNL218W,0,-0.98832136,0.11482010781764984,0.8840000033378601,0.6815000176429749
YGR132C,YIL172C,0,-0.98849016,0.1148051917552948,0.8840000033378601,0.6815999746322632
YDL017W,YLR319C,0,-0.9886333,0.11479029059410095,0.8840000033378601,0.6816999912261963
YIL073C,YJR134C,0,-0.9887766,0.11477538198232651,0.8840000033378601,0.6818000078201294
YFR036W,YMR078C,0,-0.9891276,0.11476048082113266,0.8840000033378601,0.6819000244140625
YAL002W,YMR231W,1,-0.9895611,0.11487539112567902,0.8849999904632568,0.6819000244140625
YMR113W,YGR284C,0,-0.9899475,0.11486048251390457,0.8849999904632568,0.6819999814033508
YDR419W,YDR202C,0,-0.989985,0.11484557390213013,0.8849999904632568,0.6820999979972839
YJL014W,YOR074C,0,-0.9901697,0.11483067274093628,0.8849999904632568,0.682200014591217
YCR087C-A,YDL006W,0,-0.99032277,0.11481577903032303,0.8849999904632568,0.6822999715805054
YNR040W,YDR432W,0,-0.99040926,0.11480088531970978,0.8849999904632568,0.6823999881744385
YLR129W,YMR104C,0,-0.9905027,0.11478599160909653,0.8849999904632568,0.6825000047683716
YKR098C,YGL249W,0,-0.9906186,0.11477110534906387,0.8849999904632568,0.6826000213623047
YDL060W,YHR002W,0,-0.990666,0.11475622653961182,0.8849999904632568,0.682699978351593
YKL139W,YCR092C,0,-0.9909834,0.11474134773015976,0.8849999904632568,0.6827999949455261
YCL074W,YOL044W,0,-0.99104136,0.1147264689207077,0.8849999904632568,0.6829000115394592
YOR116C,YEL002C,0,-0.9910626,0.11471159756183624,0.8849999904632568,0.6830000281333923
YGR090W,YLR116W,0,-0.99162287,0.11469673365354538,0.8849999904632568,0.6830999851226807
YJR068W,YLR088W,0,-0.9918865,0.11468186974525452,0.8849999904632568,0.6832000017166138
YML075C,YML104C,0,-0.991895,0.11466701328754425,0.8849999904632568,0.6833000183105469
YFL008W,YML063W,0,-0.9920645,0.11465215682983398,0.8849999904632568,0.6833999752998352
YEL020C,YNL003C,0,-0.9923116,0.11463730782270432,0.8849999904632568,0.6834999918937683
YPR029C,YBR154C,0,-0.99267656,0.11462245881557465,0.8849999904632568,0.6836000084877014
YGL124C,YNR051C,0,-0.99267876,0.11460761725902557,0.8849999904632568,0.6837000250816345
YDR400W,YML007W,0,-0.99299556,0.1145927757024765,0.8849999904632568,0.6837999820709229
YJL151C,YJL030W,0,-0.99311763,0.11457794159650803,0.8849999904632568,0.683899998664856
YIL048W,YBR080C,1,-0.99322325,0.1146925538778305,0.8859999775886536,0.683899998664856
YNL101W,YDR410C,0,-0.9934628,0.11467771232128143,0.8859999775886536,0.6840000152587891
YAL029C,YBR123C,0,-0.99353355,0.11466287076473236,0.8859999775886536,0.6840999722480774
YLR229C,YLR439W,0,-0.993543,0.11464803665876389,0.8859999775886536,0.6841999888420105
YDR109C,YPL246C,0,-0.99405617,0.11463320255279541,0.8859999775886536,0.6843000054359436
YKL108W,YMR194W,0,-0.9941482,0.11461836844682693,0.8859999775886536,0.6844000220298767
YIR015W,YDL215C,0,-0.99448675,0.11460354179143906,0.8859999775886536,0.684499979019165
YBL019W,YPL059W,0,-0.9947389,0.11458872258663177,0.8859999775886536,0.6845999956130981
YLR406C,YOR020C,0,-0.99480605,0.1145739033818245,0.8859999775886536,0.6847000122070312
YIL084C,YHR025W,0,-0.99507135,0.11455909162759781,0.8859999775886536,0.6848000288009644
YOL071W,YBL064C,0,-0.9952453,0.11454427987337112,0.8859999775886536,0.6848999857902527
YLR309C,YER073W,0,-0.99575883,0.11452947556972504,0.8859999775886536,0.6850000023841858
YLR419W,YMR312W,0,-0.9962116,0.11451467126607895,0.8859999775886536,0.6851000189781189
YNR032W,YIL159W,0,-0.9966602,0.11449987441301346,0.8859999775886536,0.6851999759674072
YLR298C,YGR032W,0,-0.9969361,0.11448507755994797,0.8859999775886536,0.6852999925613403
YDR267C,YDR454C,0,-0.99748844,0.11447028070688248,0.8859999775886536,0.6854000091552734
YBR135W,YEL015W,0,-0.9979449,0.11445549875497818,0.8859999775886536,0.6855000257492065
YBL078C,YGL124C,0,-0.9983975,0.11444070935249329,0.8859999775886536,0.6855999827384949
YLR192C,YPR041W,0,-0.9986085,0.11442593485116959,0.8859999775886536,0.685699999332428
YDR262W,YMR173W,0,-0.99884063,0.11441116034984589,0.8859999775886536,0.6858000159263611
YML115C,YPL011C,0,-0.99906945,0.11439638584852219,0.8859999775886536,0.6858999729156494
YJL051W,YBR057C,0,-0.9992936,0.11438161879777908,0.8859999775886536,0.6859999895095825
YGR010W,YMR309C,0,-0.9992936,0.11436685174703598,0.8859999775886536,0.6861000061035156
YJR028W,YLR203C,0,-0.9993951,0.11435209214687347,0.8859999775886536,0.6862000226974487
YPL153C,YDR387C,0,-0.9994911,0.11433733254671097,0.8859999775886536,0.6862999796867371
YJL115W,YIR038C,0,-0.99964416,0.11432258039712906,0.8859999775886536,0.6863999962806702
YOR095C,YGL225W,0,-0.9996671,0.11430782824754715,0.8859999775886536,0.6865000128746033
YPL096W,YBR155W,0,-1.0000668,0.11429308354854584,0.8859999775886536,0.6866000294685364
YNL257C,YDL005C,0,-1.0008578,0.11427834630012512,0.8859999775886536,0.6866999864578247
YDR293C,YCR073C,0,-1.0009158,0.1142636090517044,0.8859999775886536,0.6868000030517578
YAL035W,YOL031C,0,-1.0011653,0.11424887180328369,0.8859999775886536,0.6869000196456909
YDR131C,YPR006C,0,-1.0012352,0.11423414200544357,0.8859999775886536,0.6869999766349792
YDL212W,YBL064C,0,-1.0013118,0.11421941220760345,0.8859999775886536,0.6870999932289124
YDL170W,YDR410C,0,-1.0022523,0.11420468986034393,0.8859999775886536,0.6872000098228455
YDL149W,YDL077C,1,-1.0027026,0.1143188551068306,0.8870000243186951,0.6872000098228455
YPL164C,YNL039W,0,-1.002778,0.11430412530899048,0.8870000243186951,0.6873000264167786
YDR159W,YDL140C,0,-1.0029148,0.11428939551115036,0.8870000243186951,0.6873999834060669
YHR032W,YPL086C,0,-1.0034071,0.11427467316389084,0.8870000243186951,0.6875
YDL092W,YKL216W,0,-1.0034245,0.11425995081663132,0.8870000243186951,0.6876000165939331
YBL005W-B,YGL223C,0,-1.0036196,0.11424523591995239,0.8870000243186951,0.6876999735832214
YGL212W,YHR138C,1,-1.0042162,0.1143593043088913,0.8880000114440918,0.6876999735832214
YOR351C,YDR394W,0,-1.0044404,0.11434458196163177,0.8880000114440918,0.6877999901771545
YNL315C,YER160C,0,-1.0044959,0.11432985961437225,0.8880000114440918,0.6879000067710876
YKL046C,YJL189W,0,-1.0045458,0.11431513726711273,0.8880000114440918,0.6880000233650208
YOR067C,YJL122W,0,-1.0048019,0.11430042237043381,0.8880000114440918,0.6880999803543091
YOR149C,YIL140W,0,-1.004849,0.11428571492433548,0.8880000114440918,0.6881999969482422
YPL172C,YER087C-A,0,-1.0051805,0.11427100747823715,0.8880000114440918,0.6883000135421753
YFL034C-B,YPR031W,0,-1.0052699,0.11425630748271942,0.8880000114440918,0.6883999705314636
YCR039C,YDR465C,0,-1.0056225,0.11424160748720169,0.8880000114440918,0.6884999871253967
YDR044W,YOL136C,0,-1.0061003,0.11422690749168396,0.8880000114440918,0.6886000037193298
YMR213W,YKR042W,0,-1.0062864,0.11421221494674683,0.8880000114440918,0.6887000203132629
YLR423C,YPR049C,1,-1.0067321,0.11432613432407379,0.8889999985694885,0.6887000203132629
YCL063W,YLR396C,1,-1.0067796,0.11444001644849777,0.8899999856948853,0.6887000203132629
YPR144C,YBL076C,0,-1.0068015,0.11442530155181885,0.8899999856948853,0.6887999773025513
YNL259C,YCL010C,0,-1.0068084,0.11441059410572052,0.8899999856948853,0.6888999938964844
YJL178C,YLR396C,1,-1.007082,0.11452442407608032,0.890999972820282,0.6888999938964844
YKL172W,YER089C,0,-1.0071136,0.1145097017288208,0.890999972820282,0.6890000104904175
YFL048C,YDL015C,0,-1.0071385,0.11449498683214188,0.890999972820282,0.6891000270843506
YER157W,YEL077C,0,-1.0073717,0.11448027938604355,0.890999972820282,0.6891999840736389
YBL091C-A,YMR210W,0,-1.0076193,0.11446557193994522,0.890999972820282,0.689300000667572
YDL054C,YBR229C,0,-1.0077635,0.1144508644938469,0.890999972820282,0.6894000172615051
YNL268W,YPL139C,0,-1.0081215,0.11443616449832916,0.890999972820282,0.6894999742507935
YGR089W,YOR388C,0,-1.0083185,0.11442147195339203,0.890999972820282,0.6895999908447266
YGR095C,YOL158C,0,-1.0083582,0.1144067794084549,0.890999972820282,0.6897000074386597
YPR081C,YDR394W,0,-1.008566,0.11439209431409836,0.890999972820282,0.6898000240325928
YAL003W,YER087C-A,0,-1.0087007,0.11437740921974182,0.890999972820282,0.6898999810218811
YGL157W,YOR304W,0,-1.0091463,0.11436272412538528,0.890999972820282,0.6899999976158142
YGR183C,YML097C,0,-1.009298,0.11434804648160934,0.890999972820282,0.6901000142097473
YJL050W,YJR053W,0,-1.0094227,0.114333376288414,0.890999972820282,0.6901999711990356
YLR103C,YIL135C,0,-1.0096081,0.11431870609521866,0.890999972820282,0.6902999877929688
YML073C,YIL061C,0,-1.0096816,0.11430404335260391,0.890999972820282,0.6904000043869019
YEL029C,YEL037C,0,-1.0097415,0.11428938060998917,0.890999972820282,0.690500020980835
YOL062C,YOR036W,0,-1.0105579,0.11427471786737442,0.890999972820282,0.6905999779701233
YDR496C,YEL055C,0,-1.0106485,0.11426007002592087,0.890999972820282,0.6906999945640564
YDR218C,YHR119W,0,-1.0107205,0.11424541473388672,0.890999972820282,0.6908000111579895
YDR311W,YDL231C,0,-1.0111039,0.11423076689243317,0.890999972820282,0.6909000277519226
YBR198C,YOR297C,0,-1.0112761,0.11421612650156021,0.890999972820282,0.6909999847412109
YDR096W,YBR150C,0,-1.0114552,0.11420148611068726,0.890999972820282,0.691100001335144
YDL164C,YDR205W,0,-1.0116442,0.1141868531703949,0.890999972820282,0.6912000179290771
YOR067C,YGL040C,0,-1.0117031,0.11417222023010254,0.890999972820282,0.6912999749183655
YPL009C,YOL007C,0,-1.0117834,0.11415759474039078,0.890999972820282,0.6913999915122986
YNR067C,YMR167W,0,-1.0118126,0.11414296925067902,0.890999972820282,0.6915000081062317
YIR021W,YPL007C,0,-1.0118275,0.11412834376096725,0.890999972820282,0.6916000247001648
YOL128C,YBR238C,0,-1.0120322,0.11411373317241669,0.890999972820282,0.6916999816894531
YOR022C,YNL282W,0,-1.0127932,0.11409911513328552,0.890999972820282,0.6917999982833862
YNL073W,YLR386W,0,-1.0128946,0.11408450454473495,0.890999972820282,0.6919000148773193
YLR383W,YLR048W,0,-1.0132271,0.11406990140676498,0.890999972820282,0.6919999718666077
YLR237W,YMR287C,0,-1.0133646,0.11405529826879501,0.890999972820282,0.6920999884605408
YDR390C,YOL018C,0,-1.0133884,0.11404070258140564,0.890999972820282,0.6922000050544739
YHR061C,YOR243C,0,-1.0135254,0.11402610689401627,0.890999972820282,0.692300021648407
YDL146W,YEL021W,0,-1.0140315,0.11401151865720749,0.890999972820282,0.6923999786376953
YBR276C,YFR042W,0,-1.0140543,0.11399693042039871,0.890999972820282,0.6924999952316284
YGL158W,YBR179C,0,-1.0142188,0.11398234963417053,0.890999972820282,0.6926000118255615
YFR036W,YDR047W,0,-1.0143962,0.11396776884794235,0.890999972820282,0.6927000284194946
YGL106W,YOR313C,0,-1.0144526,0.11395318806171417,0.890999972820282,0.692799985408783
YNL097C,YOL080C,0,-1.0147549,0.11393862217664719,0.890999972820282,0.6929000020027161
YNL259C,YJR093C,0,-1.0150107,0.1139240488409996,0.890999972820282,0.6930000185966492
YBL088C,YLR240W,0,-1.0150586,0.11390948295593262,0.890999972820282,0.6930999755859375
YLR163C,YGL153W,0,-1.0150813,0.11389492452144623,0.890999972820282,0.6931999921798706
YNL272C,YBR036C,0,-1.0152261,0.11388036608695984,0.890999972820282,0.6933000087738037
YDR262W,YMR019W,0,-1.0153831,0.11386581510305405,0.890999972820282,0.6934000253677368
YGR188C,YPR019W,0,-1.0156616,0.11385126411914825,0.890999972820282,0.6934999823570251
YLR040C,YLR327C,0,-1.0159268,0.11383672058582306,0.890999972820282,0.6935999989509583
YLR237W,YBR106W,0,-1.0166951,0.11382217705249786,0.890999972820282,0.6937000155448914
YDR506C,YEL053C,0,-1.0167446,0.11380764096975327,0.890999972820282,0.6937999725341797
YMR280C,YDR465C,0,-1.0170462,0.11379310488700867,0.890999972820282,0.6938999891281128
YMR202W,YKR028W,0,-1.0171164,0.11377856880426407,0.890999972820282,0.6940000057220459
YPL050C,YPR163C,0,-1.0173286,0.11376404762268066,0.890999972820282,0.694100022315979
YMR004W,YBR273C,0,-1.0174627,0.11374951899051666,0.890999972820282,0.6941999793052673
YDR228C,YDL226C,0,-1.0174826,0.11373499780893326,0.890999972820282,0.6942999958992004
YML080W,YGR295C,0,-1.0177151,0.11372048407793045,0.890999972820282,0.6944000124931335
YDR508C,YPL007C,0,-1.0182798,0.11370597034692764,0.890999972820282,0.6945000290870667
YDR494W,YMR012W,0,-1.0190645,0.11369146406650543,0.890999972820282,0.694599986076355
YML112W,YHL016C,0,-1.0190964,0.11367695778608322,0.890999972820282,0.6947000026702881
YCR079W,YJL002C,0,-1.0194589,0.11366245895624161,0.890999972820282,0.6948000192642212
YGL166W,YIL112W,0,-1.0194961,0.1136479601264,0.890999972820282,0.6948999762535095
YDR251W,YNR056C,0,-1.0196625,0.11363346874713898,0.890999972820282,0.6949999928474426
YDR322W,YIL004C,0,-1.0198432,0.11361897736787796,0.890999972820282,0.6951000094413757
YML088W,YGR169C,0,-1.0198921,0.11360448598861694,0.890999972820282,0.6952000260353088
YBL021C,YLL028W,0,-1.0199003,0.11359000205993652,0.890999972820282,0.6952999830245972
YMR032W,YOL148C,0,-1.0200099,0.1135755255818367,0.890999972820282,0.6953999996185303
YLR396C,YOR179C,0,-1.020022,0.11356104910373688,0.890999972820282,0.6955000162124634
YKL003C,YBR129C,0,-1.0203553,0.11354658007621765,0.890999972820282,0.6955999732017517
YLR088W,YBL103C,0,-1.0203975,0.11353211104869843,0.890999972820282,0.6956999897956848
YBL061C,YKR104W,0,-1.0204096,0.1135176420211792,0.890999972820282,0.6958000063896179
YDL015C,YER030W,0,-1.0207322,0.11350318789482117,0.890999972820282,0.695900022983551
YIL049W,YJL144W,0,-1.0209206,0.11348872631788254,0.890999972820282,0.6959999799728394
YPL202C,YMR137C,0,-1.0211829,0.1134742721915245,0.890999972820282,0.6960999965667725
YLL045C,YNL284C,0,-1.0215483,0.11345982551574707,0.890999972820282,0.6962000131607056
YPR072W,YDR077W,0,-1.021831,0.11344537883996964,0.890999972820282,0.6963000297546387
YIL094C,YDL191W,0,-1.0220976,0.1134309321641922,0.890999972820282,0.696399986743927
YPL055C,YGL168W,0,-1.0224469,0.11341650038957596,0.890999972820282,0.6965000033378601
YCL036W,YDR016C,0,-1.0226747,0.11340206116437912,0.890999972820282,0.6966000199317932
YGL106W,YHR076W,0,-1.023197,0.11338762938976288,0.890999972820282,0.6966999769210815
YJL036W,YNL087W,0,-1.0233808,0.11337320506572723,0.890999972820282,0.6967999935150146
YBR128C,YAL014C,0,-1.0235747,0.11335878074169159,0.890999972820282,0.6969000101089478
YGR028W,YER122C,0,-1.0236572,0.11334435641765594,0.890999972820282,0.6970000267028809
YGL209W,YOL045W,0,-1.0236622,0.1133299395442009,0.890999972820282,0.6970999836921692
YPL132W,YKL085W,0,-1.0242549,0.11331553012132645,0.890999972820282,0.6972000002861023
YDL213C,YDR480W,0,-1.024328,0.113301120698452,0.890999972820282,0.6973000168800354
YER133W,YGL241W,0,-1.0246543,0.11328671127557755,0.890999972820282,0.6973999738693237
YJR044C,YBR004C,0,-1.0248004,0.11327230930328369,0.890999972820282,0.6974999904632568
YDL205C,YCL032W,0,-1.0249643,0.11325791478157043,0.890999972820282,0.6976000070571899
YPR125W,YOR007C,0,-1.0250254,0.11324352025985718,0.890999972820282,0.697700023651123
YCR054C,YGL023C,0,-1.0252048,0.11322912573814392,0.890999972820282,0.6977999806404114
YMR235C,YDR013W,0,-1.0256507,0.11321473866701126,0.890999972820282,0.6978999972343445
YGL131C,YOR291W,0,-1.0261818,0.1132003590464592,0.890999972820282,0.6980000138282776
YJL087C,YKR020W,0,-1.0262187,0.11318597197532654,0.890999972820282,0.6980999708175659
YJR094W-A,YBR106W,0,-1.0265412,0.11317159980535507,0.890999972820282,0.698199987411499
YCR024C-A,YGR001C,0,-1.0265738,0.1131572276353836,0.890999972820282,0.6983000040054321
YJR145C,YDR494W,0,-1.0267233,0.11314285546541214,0.890999972820282,0.6984000205993652
YML063W,YCR088W,0,-1.0273274,0.11312849074602127,0.890999972820282,0.6984999775886536
YDR419W,YKL096W-A,0,-1.0274531,0.1131141260266304,0.890999972820282,0.6985999941825867
YER148W,YGR157W,0,-1.027461,0.11309976875782013,0.890999972820282,0.6987000107765198
YGR084C,YPR163C,0,-1.0277867,0.11308541893959045,0.890999972820282,0.6988000273704529
YHR152W,YDL194W,0,-1.028232,0.11307106912136078,0.890999972820282,0.6988999843597412
YDL077C,YDR080W,1,-1.0285703,0.11318360269069672,0.8920000195503235,0.6988999843597412
YHR105W,YKR103W,0,-1.0286034,0.11316924542188644,0.8920000195503235,0.6990000009536743
YBR192W,YNL078W,0,-1.028683,0.11315488815307617,0.8920000195503235,0.6991000175476074
YKR090W,YAL040C,0,-1.0290519,0.1131405383348465,0.8920000195503235,0.6991999745368958
YBL105C,YLR265C,0,-1.0291969,0.11312618851661682,0.8920000195503235,0.6992999911308289
YLR128W,YOR180C,0,-1.0293034,0.11311184614896774,0.8920000195503235,0.699400007724762
YJL112W,YKL188C,0,-1.0295037,0.11309750378131866,0.8920000195503235,0.6995000243186951
YGL089C,YJR137C,0,-1.0295587,0.11308316141366959,0.8920000195503235,0.6995999813079834
YER061C,YPR113W,0,-1.0296156,0.1130688264966011,0.8920000195503235,0.6996999979019165
YFL057C,YPR102C,0,-1.0297444,0.11305449903011322,0.8920000195503235,0.6998000144958496
YLR459W,YDR231C,0,-1.0297698,0.11304017156362534,0.8920000195503235,0.6998999714851379
YPR022C,YGR218W,0,-1.030099,0.11302585154771805,0.8920000195503235,0.699999988079071
YDR530C,YCR003W,0,-1.0304068,0.11301153153181076,0.8920000195503235,0.7001000046730042
YLR130C,YGR218W,0,-1.0305997,0.11299721151590347,0.8920000195503235,0.7002000212669373
YKL175W,YPR023C,0,-1.0310214,0.11298289895057678,0.8920000195503235,0.7002999782562256
YKR013W,YDR202C,0,-1.0311021,0.11296859383583069,0.8920000195503235,0.7003999948501587
YGL157W,YPL101W,0,-1.0315248,0.1129542887210846,0.8920000195503235,0.7005000114440918
YPR149W,YLR278C,0,-1.0316964,0.1129399836063385,0.8920000195503235,0.7006000280380249
YCL059C,YNL281W,0,-1.0321944,0.112925685942173,0.8920000195503235,0.7006999850273132
YLR100W,YBR073W,0,-1.0324355,0.1129113957285881,0.8920000195503235,0.7008000016212463
YER113C,YDL231C,0,-1.0326246,0.11289709806442261,0.8920000195503235,0.7009000182151794
YKL208W,YLR383W,0,-1.0326515,0.1128828153014183,0.8920000195503235,0.7009999752044678
YCL014W,YDR047W,0,-1.0327977,0.112868532538414,0.8920000195503235,0.7010999917984009
YMR032W,YOR384W,0,-1.0329403,0.1128542497754097,0.8920000195503235,0.701200008392334
YNL107W,YKR059W,0,-1.0331892,0.11283997446298599,0.8920000195503235,0.7013000249862671
YPL042C,YDR237W,0,-1.0334831,0.11282569915056229,0.8920000195503235,0.7013999819755554
YER118C,YOR246C,0,-1.0336474,0.11281143128871918,0.8920000195503235,0.7014999985694885
YNR073C,YLL013C,0,-1.033779,0.11279717087745667,0.8920000195503235,0.7016000151634216
YLR431C,YJL012C,1,-1.033867,0.11290934681892395,0.8930000066757202,0.7016000151634216
YOR074C,YKR006C,0,-1.0346956,0.11289507150650024,0.8930000066757202,0.70169997215271
YNR004W,YDL215C,0,-1.0347337,0.11288079619407654,0.8930000066757202,0.7017999887466431
YER115C,YMR034C,0,-1.0348221,0.11286652833223343,0.8930000066757202,0.7019000053405762
YDL104C,YML106W,0,-1.0348536,0.11285226792097092,0.8930000066757202,0.7020000219345093
YDR169C,YDR362C,0,-1.035087,0.1128380075097084,0.8930000066757202,0.7020999789237976
YJL065C,YBR236C,0,-1.035365,0.11282375454902649,0.8930000066757202,0.7021999955177307
YBR136W,YDR172W,0,-1.0357491,0.11280950158834457,0.8930000066757202,0.7023000121116638
YLR305C,YMR272C,0,-1.0358307,0.11279524862766266,0.8930000066757202,0.7024000287055969
YOL119C,YPR009W,0,-1.0362058,0.11278100311756134,0.8930000066757202,0.7024999856948853
YKL164C,YPL132W,0,-1.0363859,0.11276676505804062,0.8930000066757202,0.7026000022888184
YGR285C,YGL100W,0,-1.0364678,0.1127525269985199,0.8930000066757202,0.7027000188827515
YMR197C,YBR258C,0,-1.0365165,0.11273828893899918,0.8930000066757202,0.7027999758720398
YLR164W,YLL029W,0,-1.0366275,0.11272405833005905,0.8930000066757202,0.7028999924659729
YPR031W,YJR095W,0,-1.0375752,0.11270983517169952,0.8930000066757202,0.703000009059906
YGR096W,YGL011C,0,-1.0375892,0.1126956045627594,0.8930000066757202,0.7031000256538391
YDR497C,YPR125W,0,-1.0376604,0.11268138885498047,0.8930000066757202,0.7031999826431274
YAL001C,YMR086W,0,-1.0377148,0.11266717314720154,0.8930000066757202,0.7032999992370605
YMR150C,YNL189W,0,-1.0378764,0.11265295743942261,0.8930000066757202,0.7034000158309937
YOR287C,YGL043W,0,-1.0379035,0.11263874918222427,0.8930000066757202,0.703499972820282
YML093W,YPL098C,0,-1.0379095,0.11262454092502594,0.8930000066757202,0.7035999894142151
YCR030C,YER082C,0,-1.0383646,0.1126103401184082,0.8930000066757202,0.7037000060081482
YPR001W,YNL152W,0,-1.0388911,0.11259613931179047,0.8930000066757202,0.7038000226020813
YLR216C,YNL182C,0,-1.0393015,0.11258194595575333,0.8930000066757202,0.7038999795913696
YFR004W,YPR048W,0,-1.039317,0.11256775259971619,0.8930000066757202,0.7039999961853027
YLR221C,YMR319C,0,-1.0397197,0.11255356669425964,0.8930000066757202,0.7041000127792358
YBR243C,YHR011W,0,-1.0397648,0.1125393807888031,0.8930000066757202,0.704200029373169
YBR276C,YOR244W,0,-1.0400082,0.11252520233392715,0.8930000066757202,0.7042999863624573
YFR052W,YCL004W,0,-1.0401076,0.11251102387905121,0.8930000066757202,0.7044000029563904
YAL042W,YBR221C,0,-1.0401331,0.11249685287475586,0.8930000066757202,0.7045000195503235
YNL207W,YIR006C,0,-1.0402058,0.11248268187046051,0.8930000066757202,0.7045999765396118
YLR314C,YOL133W,0,-1.0402792,0.11246851086616516,0.8930000066757202,0.7046999931335449
YMR025W,YLL051C,0,-1.0404651,0.11245434731245041,0.8930000066757202,0.704800009727478
YAL012W,YLR147C,0,-1.040466,0.11244019120931625,0.8930000066757202,0.7049000263214111
YER172C,YIL042C,0,-1.0407441,0.1124260351061821,0.8930000066757202,0.7049999833106995
YKR055W,YGR006W,0,-1.0409865,0.11241188645362854,0.8930000066757202,0.7050999999046326
YCR087C-A,YLR029C,0,-1.0410434,0.11239773780107498,0.8930000066757202,0.7052000164985657
YOL008W,YKL109W,0,-1.0412153,0.11238358914852142,0.8930000066757202,0.705299973487854
YPL085W,YOR211C,0,-1.0412749,0.11236944794654846,0.8930000066757202,0.7053999900817871
YML080W,YPL131W,0,-1.0414203,0.1123553067445755,0.8930000066757202,0.7055000066757202
YHR161C,YAL062W,0,-1.0416104,0.11234117299318314,0.8930000066757202,0.7056000232696533
YGL009C,YHR134W,0,-1.0423378,0.11232704669237137,0.8930000066757202,0.7056999802589417
YLR421C,YDR238C,0,-1.0426506,0.112312912940979,0.8930000066757202,0.7057999968528748
YGR023W,YBR008C,0,-1.042744,0.11229879409074783,0.8930000066757202,0.7059000134468079
YAL042W,YLR197W,0,-1.0431961,0.11228467524051666,0.8930000066757202,0.7059999704360962
YDR404C,YOL001W,0,-1.0432307,0.11227055639028549,0.8930000066757202,0.7060999870300293
YFL004W,YJL178C,1,-1.0436987,0.11238215118646622,0.8939999938011169,0.7060999870300293
YDR449C,YDR003W,0,-1.043867,0.11236802488565445,0.8939999938011169,0.7062000036239624
YGR229C,YDL166C,0,-1.043917,0.11235389858484268,0.8939999938011169,0.7063000202178955
YLR047C,YHR002W,0,-1.0440487,0.11233978718519211,0.8939999938011169,0.7063999772071838
YBL010C,YLR113W,0,-1.0443721,0.11232566833496094,0.8939999938011169,0.7064999938011169
YDL029W,YLR153C,0,-1.0446934,0.11231155693531036,0.8939999938011169,0.70660001039505
YPL112C,YKR029C,0,-1.0452173,0.11229745298624039,0.8939999938011169,0.7067000269889832
YHR156C,YOR179C,0,-1.0454053,0.11228334903717041,0.8939999938011169,0.7067999839782715
YBR079C,YLR353W,0,-1.0457579,0.11226924508810043,0.8939999938011169,0.7069000005722046
YNL210W,YKR050W,0,-1.0461482,0.11225514858961105,0.8939999938011169,0.7070000171661377
YOL040C,YIR012W,0,-1.0462428,0.11224105209112167,0.8939999938011169,0.707099974155426
YJR051W,YJR029W,0,-1.046739,0.11222696304321289,0.8939999938011169,0.7071999907493591
YMR172W,YMR268C,0,-1.0469183,0.1122128814458847,0.8939999938011169,0.7073000073432922
YDR363W,YDL141W,0,-1.0472326,0.11219879239797592,0.8939999938011169,0.7074000239372253
YPL194W,YHR032W,0,-1.0473714,0.11218471825122833,0.8939999938011169,0.7074999809265137
YBR105C,YBR080C,1,-1.0475758,0.11229611188173294,0.8949999809265137,0.7074999809265137
YBR014C,YKL021C,0,-1.0476842,0.11228202283382416,0.8949999809265137,0.7075999975204468
YDR191W,YLL051C,0,-1.0477085,0.11226794123649597,0.8949999809265137,0.7077000141143799
YJR065C,YGR166W,0,-1.0477234,0.11225385963916779,0.8949999809265137,0.7077999711036682
YFL039C,YGR254W,1,-1.0477321,0.11236518621444702,0.8960000276565552,0.7077999711036682
YDR126W,YPR049C,1,-1.048004,0.11247649043798447,0.8970000147819519,0.7077999711036682
YOL033W,YMR276W,0,-1.0483407,0.11246238648891449,0.8970000147819519,0.7078999876976013
YER029C,YBL028C,0,-1.0485398,0.11244828999042511,0.8970000147819519,0.7080000042915344
YPL236C,YJL122W,0,-1.0485526,0.11243419349193573,0.8970000147819519,0.7081000208854675
YPL124W,YDR116C,0,-1.0487274,0.11242010444402695,0.8970000147819519,0.7081999778747559
YDR478W,YPL078C,0,-1.0489994,0.11240601539611816,0.8970000147819519,0.708299994468689
YKR102W,YML104C,0,-1.0490401,0.11239193379878998,0.8970000147819519,0.7084000110626221
YJL170C,YGR282C,0,-1.049061,0.11237785220146179,0.8970000147819519,0.7085000276565552
YLR222C,YGL068W,0,-1.0492355,0.1123637706041336,0.8970000147819519,0.7085999846458435
YML128C,YBR139W,0,-1.0496551,0.11234969645738602,0.8970000147819519,0.7087000012397766
YIL122W,YDL008W,0,-1.049899,0.11233562976121902,0.8970000147819519,0.7088000178337097
YML064C,YCR028C-A,0,-1.0505706,0.11232156306505203,0.8970000147819519,0.708899974822998
YNR054C,YMR127C,0,-1.0507606,0.11230749636888504,0.8970000147819519,0.7089999914169312
YFL057C,YDR518W,0,-1.0508133,0.11229343712329865,0.8970000147819519,0.7091000080108643
YBR152W,YLR300W,0,-1.0509399,0.11227938532829285,0.8970000147819519,0.7092000246047974
YHR083W,YNL050C,0,-1.0515488,0.11226533353328705,0.8970000147819519,0.7092999815940857
YJR103W,YJL171C,0,-1.0516545,0.11225128173828125,0.8970000147819519,0.7093999981880188
YDR499W,YOR362C,0,-1.0521262,0.11223723739385605,0.8970000147819519,0.7095000147819519
YOR336W,YLR197W,0,-1.0521928,0.11222319304943085,0.8970000147819519,0.7095999717712402
YCL050C,YPL204W,0,-1.0525604,0.11220915615558624,0.8970000147819519,0.7096999883651733
YJR083C,YMR197C,0,-1.0529088,0.11219511926174164,0.8970000147819519,0.7098000049591064
YJL178C,YMR231W,1,-1.0530475,0.1123061552643776,0.8980000019073486,0.7098000049591064
YPL153C,YDL227C,0,-1.0532283,0.11229211091995239,0.8980000019073486,0.7099000215530396
YKL003C,YER145C,0,-1.0532732,0.11227806657552719,0.8980000019073486,0.7099999785423279
YML081C-A,YPR006C,0,-1.0535268,0.11226402968168259,0.8980000019073486,0.710099995136261
YER148W,YCR010C,0,-1.0536278,0.11225000023841858,0.8980000019073486,0.7102000117301941
YMR238W,YLR119W,0,-1.0538046,0.11223597079515457,0.8980000019073486,0.7103000283241272
YDR404C,YPR112C,0,-1.0542861,0.11222194135189056,0.8980000019073486,0.7103999853134155
YOL092W,YER165W,0,-1.0545732,0.11220791935920715,0.8980000019073486,0.7105000019073486
YKL086W,YOR233W,0,-1.0546218,0.11219390481710434,0.8980000019073486,0.7106000185012817
YBR132C,YJL060W,0,-1.0548071,0.11217989027500153,0.8980000019073486,0.7106999754905701
YKL213C,YAL023C,0,-1.0550699,0.11216587573289871,0.8980000019073486,0.7107999920845032
YBR283C,YKR057W,0,-1.0550742,0.1121518686413765,0.8980000019073486,0.7109000086784363
YKR056W,YDL161W,0,-1.0554445,0.11213786154985428,0.8980000019073486,0.7110000252723694
YOR073W,YKL161C,0,-1.0555571,0.11212386190891266,0.8980000019073486,0.7110999822616577
YKL116C,YDR432W,0,-1.0555964,0.11210986226797104,0.8980000019073486,0.7111999988555908
YFL055W,YML124C,0,-1.0557461,0.11209587007761002,0.8980000019073486,0.7113000154495239
YGL226C-A,YOR159C,0,-1.055857,0.11208187788724899,0.8980000019073486,0.7113999724388123
YNL290W,YOR131C,0,-1.0558897,0.11206789314746857,0.8980000019073486,0.7114999890327454
YER006W,YOR234C,0,-1.0559171,0.11205390840768814,0.8980000019073486,0.7116000056266785
YOL057W,YLR113W,0,-1.0560154,0.11203992366790771,0.8980000019073486,0.7117000222206116
YHR156C,YFL053W,0,-1.0560703,0.11202594637870789,0.8980000019073486,0.7117999792098999
YNL291C,YNL300W,0,-1.0562701,0.11201197654008865,0.8980000019073486,0.711899995803833
YOL102C,YNL163C,0,-1.0563531,0.11199800670146942,0.8980000019073486,0.7120000123977661
YPR149W,YOL115W,0,-1.0567082,0.11198403686285019,0.8980000019073486,0.7121000289916992
YLR126C,YPL098C,0,-1.0573308,0.11197007447481155,0.8980000019073486,0.7121999859809875
YMR042W,YIL121W,0,-1.0575985,0.11195611208677292,0.8980000019073486,0.7123000025749207
YGR028W,YDR177W,0,-1.0580121,0.11194215714931488,0.8980000019073486,0.7124000191688538
YDL092W,YHL012W,0,-1.0581373,0.11192820966243744,0.8980000019073486,0.7124999761581421
YLR385C,YDR531W,0,-1.0582222,0.1119142547249794,0.8980000019073486,0.7125999927520752
YPL150W,YKL173W,0,-1.0588022,0.11190031468868256,0.8980000019073486,0.7127000093460083
YDL142C,YBR166C,0,-1.0588461,0.11188636720180511,0.8980000019073486,0.7128000259399414
YDR240C,YPR145W,0,-1.0588571,0.11187242716550827,0.8980000019073486,0.7128999829292297
YPR042C,YBR128C,0,-1.0589012,0.11185849457979202,0.8980000019073486,0.7129999995231628
YOL103W,YDR044W,0,-1.0591654,0.11184456199407578,0.8980000019073486,0.713100016117096
YPL122C,YNR047W,0,-1.0593461,0.11183063685894012,0.8980000019073486,0.7131999731063843
YDR304C,YDL069C,0,-1.0596087,0.11181671172380447,0.8980000019073486,0.7132999897003174
YOR361C,YGL169W,0,-1.0596825,0.11180278658866882,0.8980000019073486,0.7134000062942505
YGL220W,YDL045C,0,-1.0598404,0.11178886890411377,0.8980000019073486,0.7135000228881836
YPL249C,YHR005C-A,0,-1.0598655,0.11177495867013931,0.8980000019073486,0.7135999798774719
YBR210W,YLR166C,0,-1.0604169,0.11176104843616486,0.8980000019073486,0.713699996471405
YFR021W,YJR045C,0,-1.0604824,0.1117471382021904,0.8980000019073486,0.7138000130653381
YGR089W,YNR047W,0,-1.0607365,0.11173323541879654,0.8980000019073486,0.7139000296592712
YDL107W,YPL110C,0,-1.0610102,0.11171933263540268,0.8980000019073486,0.7139999866485596
YDR283C,YGR087C,0,-1.061051,0.11170543730258942,0.8980000019073486,0.7141000032424927
YCR048W,YBL020W,0,-1.0613637,0.11169154196977615,0.8980000019073486,0.7142000198364258
YFL050C,YMR145C,0,-1.062044,0.11167765408754349,0.8980000019073486,0.7142999768257141
YDR060W,YDL112W,0,-1.0628113,0.11166376620531082,0.8980000019073486,0.7143999934196472
YML129C,YDL126C,0,-1.0628659,0.11164987832307816,0.8980000019073486,0.7145000100135803
YJL221C,YBR172C,0,-1.0628879,0.11163600534200668,0.8980000019073486,0.7146000266075134
YBR223C,YGR222W,0,-1.0629421,0.11162212491035461,0.8980000019073486,0.7146999835968018
YJR068W,YMR047C,0,-1.0629803,0.11160825192928314,0.8980000019073486,0.7148000001907349
YFR052W,YDR313C,0,-1.0640248,0.11159438639879227,0.8980000019073486,0.714900016784668
YPL057C,YOR369C,0,-1.0642926,0.1115805134177208,0.8980000019073486,0.7149999737739563
YBL089W,YBR179C,0,-1.0648152,0.11156665533781052,0.8980000019073486,0.7150999903678894
YBR033W,YNL182C,0,-1.0651419,0.11155279725790024,0.8980000019073486,0.7152000069618225
YDR519W,YER112W,0,-1.0653558,0.11153893917798996,0.8980000019073486,0.7153000235557556
YOL054W,YBR291C,0,-1.0655849,0.11152508854866028,0.8980000019073486,0.715399980545044
YDL156W,YCR023C,0,-1.0657612,0.1115112379193306,0.8980000019073486,0.715499997138977
YCL045C,YDR281C,0,-1.0666871,0.11149739474058151,0.8980000019073486,0.7156000137329102
YJL005W,YJR060W,0,-1.0668231,0.11148355156183243,0.8980000019073486,0.7156999707221985
YOR301W,YNL163C,0,-1.0669724,0.11146970838308334,0.8980000019073486,0.7157999873161316
YGR049W,YNL282W,0,-1.0671395,0.11145588010549545,0.8980000019073486,0.7159000039100647
YNR072W,YBR187W,0,-1.0676237,0.11144204437732697,0.8980000019073486,0.7160000205039978
YBL021C,YGL236C,0,-1.0676317,0.11142821609973907,0.8980000019073486,0.7160999774932861
YLR148W,YJL012C,1,-1.0679498,0.11153846234083176,0.8989999890327454,0.7160999774932861
YDR379W,YMR184W,0,-1.0682117,0.11152462661266327,0.8989999890327454,0.7161999940872192
YJR160C,YGR271C-A,0,-1.0686182,0.11151079088449478,0.8989999890327454,0.7163000106811523
YLR300W,YOR179C,0,-1.0686945,0.11149696260690689,0.8989999890327454,0.7164000272750854
YOL141W,YDL025C,0,-1.0688276,0.111483134329319,0.8989999890327454,0.7164999842643738
YDR065W,YML091C,0,-1.0692376,0.1114693135023117,0.8989999890327454,0.7166000008583069
YER175C,YDR236C,0,-1.0696515,0.11145549267530441,0.8989999890327454,0.71670001745224
YLR135W,YHR084W,0,-1.0696682,0.11144167929887772,0.8989999890327454,0.7167999744415283
YBL060W,YLR106C,0,-1.0696917,0.11142786592245102,0.8989999890327454,0.7168999910354614
YJL200C,YDR139C,0,-1.0697907,0.11141405254602432,0.8989999890327454,0.7170000076293945
YNL264C,YKL084W,0,-1.0699202,0.11140024662017822,0.8989999890327454,0.7171000242233276
YIL085C,YDR202C,0,-1.0699397,0.11138644814491272,0.8989999890327454,0.717199981212616
YER087C-A,YBR171W,0,-1.0699764,0.11137264966964722,0.8989999890327454,0.7172999978065491
YGL163C,YHR211W,0,-1.0699778,0.11135885119438171,0.8989999890327454,0.7174000144004822
YMR008C,YDR101C,0,-1.070144,0.11134506016969681,0.8989999890327454,0.7174999713897705
YJL139C,YNL058C,0,-1.0701581,0.1113312691450119,0.8989999890327454,0.7175999879837036
YPR156C,YLR350W,0,-1.0702455,0.11131748557090759,0.8989999890327454,0.7177000045776367
YAL044C,YBR061C,0,-1.0704663,0.11130370199680328,0.8989999890327454,0.7178000211715698
YLL001W,YBR155W,0,-1.070474,0.11128992587327957,0.8989999890327454,0.7178999781608582
YBL023C,YJL159W,0,-1.0707338,0.11127614974975586,0.8989999890327454,0.7179999947547913
YOR332W,YHR039C-A,1,-1.070784,0.11138613522052765,0.8999999761581421,0.7179999947547913
YOR315W,YOL064C,0,-1.0709891,0.11137235164642334,0.8999999761581421,0.7181000113487244
YMR134W,YDL059C,0,-1.0721658,0.11135857552289963,0.8999999761581421,0.7182000279426575
YML054C,YMR004W,0,-1.0721723,0.11134479939937592,0.8999999761581421,0.7182999849319458
YMR049C,YOR242C,0,-1.0722364,0.1113310232758522,0.8999999761581421,0.7184000015258789
YGR156W,YEL036C,0,-1.0724105,0.11131725460290909,0.8999999761581421,0.718500018119812
YKL218C,YHR069C,0,-1.0726031,0.11130348592996597,0.8999999761581421,0.7185999751091003
YBR217W,YPR049C,1,-1.0726787,0.1114133819937706,0.9010000228881836,0.7185999751091003
YJR092W,YMR216C,0,-1.0726827,0.11139960587024689,0.9010000228881836,0.7186999917030334
YHL001W,YBR030W,0,-1.0731587,0.11138582974672318,0.9010000228881836,0.7188000082969666
YKL025C,YOR284W,0,-1.0732304,0.11137206107378006,0.9010000228881836,0.7189000248908997
YMR173W,YNL279W,0,-1.0737702,0.11135829985141754,0.9010000228881836,0.718999981880188
YBR097W,YJL154C,0,-1.0737745,0.11134453862905502,0.9010000228881836,0.7190999984741211
YLR014C,YER006W,0,-1.0738822,0.1113307774066925,0.9010000228881836,0.7192000150680542
YOL006C,YOL080C,0,-1.0746458,0.11131702363491058,0.9010000228881836,0.7192999720573425
YPR029C,YBR267W,0,-1.0747819,0.11130327731370926,0.9010000228881836,0.7193999886512756
YEL021W,YBR166C,0,-1.0748044,0.11128952354192734,0.9010000228881836,0.7195000052452087
YPR033C,YGL086W,0,-1.0749317,0.11127578467130661,0.9010000228881836,0.7196000218391418
YHR046C,YDR311W,0,-1.0750285,0.11126203835010529,0.9010000228881836,0.7196999788284302
YKR087C,YIL140W,0,-1.0750437,0.11124829947948456,0.9010000228881836,0.7197999954223633
YBL004W,YBR058C,0,-1.0751094,0.11123456805944443,0.9010000228881836,0.7199000120162964
YLR287C-A,YML064C,0,-1.0754026,0.1112208366394043,0.9010000228881836,0.7200000286102295
YJL125C,YOR033C,0,-1.075611,0.11120711266994476,0.9010000228881836,0.7200999855995178
YML078W,YDR518W,0,-1.0756332,0.11119338870048523,0.9010000228881836,0.7202000021934509
YLR132C,YDR311W,0,-1.0756961,0.1111796647310257,0.9010000228881836,0.720300018787384
YFR006W,YGR134W,0,-1.0758739,0.11116594821214676,0.9010000228881836,0.7203999757766724
YGR140W,YDR390C,0,-1.0761052,0.11115223169326782,0.9010000228881836,0.7204999923706055
YJL109C,YBL022C,0,-1.0761186,0.11113852262496948,0.9010000228881836,0.7206000089645386
YJR160C,YPL158C,0,-1.0761982,0.11112481355667114,0.9010000228881836,0.7207000255584717
YDR140W,YPL030W,0,-1.0762326,0.1111111119389534,0.9010000228881836,0.72079998254776
YBR164C,YIL073C,0,-1.0763068,0.11109741032123566,0.9010000228881836,0.7208999991416931
YOL130W,YKL011C,0,-1.0764312,0.11108371615409851,0.9010000228881836,0.7210000157356262
YBL004W,YIL105C,0,-1.0766894,0.11107002198696136,0.9010000228881836,0.7210999727249146
YER061C,YKL056C,0,-1.0768048,0.11105632781982422,0.9010000228881836,0.7211999893188477
YNL080C,YMR283C,0,-1.076837,0.11104264110326767,0.9010000228881836,0.7213000059127808
YPL092W,YGL009C,0,-1.0769237,0.11102896183729172,0.9010000228881836,0.7214000225067139
YJR009C,YML113W,0,-1.0769268,0.11101527512073517,0.9010000228881836,0.7214999794960022
YPL045W,YLR386W,1,-1.0778419,0.11112479865550995,0.9020000100135803,0.7214999794960022
YGR071C,YOL005C,0,-1.0779204,0.1111111119389534,0.9020000100135803,0.7215999960899353
YML109W,YKL007W,0,-1.078276,0.11109742522239685,0.9020000100135803,0.7217000126838684
YJL145W,YLR073C,0,-1.0783914,0.1110837459564209,0.9020000100135803,0.7218000292778015
YAR014C,YDR037W,0,-1.0786048,0.11107006669044495,0.9020000100135803,0.7218999862670898
YNR012W,YJR083C,0,-1.0787272,0.111056387424469,0.9020000100135803,0.722000002861023
YGR263C,YLR276C,0,-1.078861,0.11104271560907364,0.9020000100135803,0.722100019454956
YGR256W,YAL060W,0,-1.0796854,0.11102905124425888,0.9020000100135803,0.7221999764442444
YER157W,YBR236C,0,-1.0802697,0.11101538687944412,0.9020000100135803,0.7222999930381775
YCR040W,YGL125W,0,-1.0810529,0.11100172251462936,0.9020000100135803,0.7224000096321106
YFR018C,YOR180C,0,-1.0811127,0.1109880656003952,0.9020000100135803,0.7225000262260437
YPR024W,YHR160C,0,-1.0812613,0.11097440868616104,0.9020000100135803,0.722599983215332
YLR396C,YIL138C,1,-1.0816246,0.11108377575874329,0.902999997138977,0.722599983215332
YEL041W,YLR191W,0,-1.0816561,0.11107011139392853,0.902999997138977,0.7226999998092651
YNL162W,YAL029C,0,-1.0816706,0.11105644702911377,0.902999997138977,0.7228000164031982
YNR067C,YDL190C,0,-1.0817655,0.1110427975654602,0.902999997138977,0.7228999733924866
YOR039W,YDR411C,0,-1.0817835,0.11102914065122604,0.902999997138977,0.7229999899864197
YOR287C,YGR252W,0,-1.0824946,0.11101549118757248,0.902999997138977,0.7231000065803528
YGL023C,YML124C,0,-1.0826169,0.11100184172391891,0.902999997138977,0.7232000231742859
YGL173C,YGR227W,0,-1.0833266,0.11098819971084595,0.902999997138977,0.7232999801635742
YIL015W,YLR325C,0,-1.0833975,0.11097455769777298,0.902999997138977,0.7233999967575073
YML022W,YDR016C,0,-1.083627,0.11096092313528061,0.902999997138977,0.7235000133514404
YDR163W,YHR061C,0,-1.0841304,0.11094728857278824,0.902999997138977,0.7235999703407288
YLR262C,YER145C,0,-1.0846539,0.11093366146087646,0.902999997138977,0.7236999869346619
YHR156C,YOR377W,0,-1.0847361,0.11092003434896469,0.902999997138977,0.723800003528595
YKR024C,YML109W,0,-1.085099,0.11090641468763351,0.902999997138977,0.7239000201225281
YOR100C,YJL071W,0,-1.085291,0.11089279502630234,0.902999997138977,0.7239999771118164
YER011W,YNL121C,0,-1.0854263,0.11087917536497116,0.902999997138977,0.7240999937057495
YNL210W,YHR084W,0,-1.0855047,0.11086556315422058,0.902999997138977,0.7242000102996826
YDR226W,YDR409W,0,-1.0855392,0.11085195094347,0.902999997138977,0.7243000268936157
YBR260C,YDR480W,0,-1.0857954,0.11083834618330002,0.902999997138977,0.724399983882904
YIL093C,YCR094W,0,-1.0866483,0.11082474142313004,0.902999997138977,0.7245000004768372
YCR066W,YOR231W,0,-1.0866692,0.11081114411354065,0.902999997138977,0.7246000170707703
YJR077C,YNL301C,0,-1.0868434,0.11079754680395126,0.902999997138977,0.7246999740600586
YOR295W,YGR023W,0,-1.0869575,0.11078394949436188,0.902999997138977,0.7247999906539917
YML112W,YGR068C,0,-1.0870444,0.11077035963535309,0.902999997138977,0.7249000072479248
YKL174C,YFL029C,0,-1.0873467,0.1107567772269249,0.902999997138977,0.7250000238418579
YJL111W,YEL037C,0,-1.0874025,0.1107431948184967,0.902999997138977,0.7250999808311462
YNR035C,YDL179W,0,-1.0882753,0.11072961241006851,0.902999997138977,0.7251999974250793
YGL054C,YDL007W,0,-1.0885962,0.11071603745222092,0.902999997138977,0.7253000140190125
YOR251C,YGR292W,0,-1.0886849,0.11070246249437332,0.902999997138977,0.7253999710083008
YER086W,YDR415C,0,-1.088754,0.11068889498710632,0.902999997138977,0.7254999876022339
YKR080W,YOR339C,0,-1.0888333,0.11067532747983932,0.902999997138977,0.725600004196167
YKL220C,YPL152W,0,-1.0888525,0.11066176742315292,0.902999997138977,0.7257000207901001
YLR394W,YBR084C-A,0,-1.0890746,0.11064820736646652,0.902999997138977,0.7257999777793884
YJL010C,YBR154C,0,-1.0891137,0.11063464730978012,0.902999997138977,0.7258999943733215
YOR304W,YGL079W,0,-1.0891596,0.11062109470367432,0.902999997138977,0.7260000109672546
YDR052C,YAL040C,0,-1.0892344,0.11060754209756851,0.902999997138977,0.7261000275611877
YMR306W,YMR016C,0,-1.0892369,0.1105939969420433,0.902999997138977,0.7261999845504761
YLR401C,YMR065W,0,-1.0895866,0.1105804592370987,0.902999997138977,0.7263000011444092
YIL126W,YMR143W,0,-1.0899814,0.11056691408157349,0.902999997138977,0.7264000177383423
YBR145W,YGR177C,0,-1.090548,0.11055337637662888,0.902999997138977,0.7264999747276306
YJR159W,YJR129C,0,-1.0905906,0.11053984612226486,0.902999997138977,0.7265999913215637
YLR172C,YDL067C,0,-1.0906748,0.11052631586790085,0.902999997138977,0.7267000079154968
YHR086W,YDR473C,0,-1.0908731,0.11051278561353683,0.902999997138977,0.7268000245094299
YGL095C,YPL019C,1,-1.0908864,0.1106216311454773,0.9039999842643738,0.7268000245094299
YDR142C,YGL090W,0,-1.0911185,0.11060810089111328,0.9039999842643738,0.7268999814987183
YJL118W,YDR026C,0,-1.0917733,0.11059457063674927,0.9039999842643738,0.7269999980926514
YML054C,YOR148C,0,-1.092272,0.11058104038238525,0.9039999842643738,0.7271000146865845
YIL103W,YOR336W,0,-1.0922872,0.11056751757860184,0.9039999842643738,0.7271999716758728
YER042W,YOR142W,0,-1.0926093,0.11055399477481842,0.9039999842643738,0.7272999882698059
YHR089C,YER099C,0,-1.0929319,0.110540471971035,0.9039999842643738,0.727400004863739
YHR081W,YOL039W,0,-1.0929353,0.11052695661783218,0.9039999842643738,0.7275000214576721
YPL111W,YGL181W,0,-1.0932539,0.11051344871520996,0.9039999842643738,0.7275999784469604
YOR106W,YIR023W,0,-1.0941106,0.11049994081258774,0.9039999842643738,0.7276999950408936
YBR227C,YLR357W,0,-1.0943481,0.11048643290996552,0.9039999842643738,0.7278000116348267
YHR010W,YHR027C,0,-1.0944165,0.11047293245792389,0.9039999842643738,0.7279000282287598
YNR054C,YGL253W,0,-1.0944571,0.11045943200588226,0.9039999842643738,0.7279999852180481
YOR092W,YMR295C,0,-1.0948099,0.11044593900442123,0.9039999842643738,0.7281000018119812
YBL036C,YNL069C,0,-1.0948287,0.1104324460029602,0.9039999842643738,0.7282000184059143
YGL065C,YER171W,0,-1.0956186,0.11041896045207977,0.9039999842643738,0.7282999753952026
YHL034C,YGR227W,0,-1.0956445,0.11040547490119934,0.9039999842643738,0.7283999919891357
YOR089C,YML006C,0,-1.0957783,0.11039198935031891,0.9039999842643738,0.7285000085830688
YML123C,YBR202W,0,-1.0957865,0.11037851125001907,0.9039999842643738,0.728600025177002
YCR073C,YMR016C,0,-1.096016,0.11036503314971924,0.9039999842643738,0.7286999821662903
YLL019C,YHR032W,0,-1.0962561,0.1103515625,0.9039999842643738,0.7287999987602234
YLR133W,YGR063C,0,-1.0962691,0.11033809185028076,0.9039999842643738,0.7289000153541565
YIL132C,YMR086W,0,-1.0962709,0.11032462865114212,0.9039999842643738,0.7289999723434448
YCL075W,YLR378C,0,-1.0969024,0.11031116545200348,0.9039999842643738,0.7290999889373779
YBR021W,YLL043W,0,-1.0969743,0.11029770970344543,0.9039999842643738,0.729200005531311
YER161C,YHR017W,0,-1.0970302,0.11028425395488739,0.9039999842643738,0.7293000221252441
YOR075W,YLR359W,0,-1.097061,0.11027079820632935,0.9039999842643738,0.7293999791145325
YHR066W,YBR182C,0,-1.0973037,0.1102573499083519,0.9039999842643738,0.7294999957084656
YLR212C,YBL106C,0,-1.0975373,0.11024390161037445,0.9039999842643738,0.7296000123023987
YOL034W,YLR298C,0,-1.097696,0.1102304607629776,0.9039999842643738,0.7297000288963318
YHR098C,YGR271C-A,0,-1.0979024,0.11021701991558075,0.9039999842643738,0.7297999858856201
YOR096W,YKL170W,0,-1.0985137,0.1102035865187645,0.9039999842643738,0.7299000024795532
YPR004C,YPL152W,0,-1.0985444,0.11019015312194824,0.9039999842643738,0.7300000190734863
YLR078C,YMR257C,0,-1.098711,0.11017671972513199,0.9039999842643738,0.7300999760627747
YPR060C,YBR152W,0,-1.0993081,0.11016329377889633,0.9039999842643738,0.7301999926567078
YKL160W,YDR531W,0,-1.0994638,0.11014987528324127,0.9039999842643738,0.7303000092506409
YCR072C,YDL084W,0,-1.0994711,0.11013644933700562,0.9039999842643738,0.730400025844574
YKL074C,YDL052C,0,-1.1000501,0.11012303829193115,0.9039999842643738,0.7304999828338623
YKR025W,YGL031C,0,-1.1001629,0.11010961979627609,0.9039999842643738,0.7305999994277954
YMR154C,YGL022W,0,-1.1003944,0.11009620875120163,0.9039999842643738,0.7307000160217285
YNR069C,YMR013C,0,-1.1005069,0.11008280515670776,0.9039999842643738,0.7307999730110168
YHR191C,YMR182C,0,-1.1006328,0.1100694015622139,0.9039999842643738,0.73089998960495
YDL077C,YHR138C,1,-1.1006559,0.11017774790525436,0.9049999713897705,0.73089998960495
YKR002W,YGR282C,0,-1.1007065,0.1101643368601799,0.9049999713897705,0.7310000061988831
YOR304C-A,YBR175W,0,-1.1016084,0.11015092581510544,0.9049999713897705,0.7311000227928162
YDR126W,YNL326C,1,-1.1016899,0.11025922000408173,0.906000018119812,0.7311000227928162
YIL132C,YIR039C,0,-1.1017781,0.11024580150842667,0.906000018119812,0.7311999797821045
YNL112W,YBL036C,0,-1.1019882,0.1102323904633522,0.906000018119812,0.7312999963760376
YOL021C,YER141W,0,-1.101992,0.11021897941827774,0.906000018119812,0.7314000129699707
YJR076C,YGL233W,0,-1.1025014,0.11020556837320328,0.906000018119812,0.7315000295639038
YBL004W,YML116W,0,-1.1029245,0.11019216477870941,0.906000018119812,0.7315999865531921
YKL042W,YDR488C,0,-1.1030594,0.11017876863479614,0.906000018119812,0.7317000031471252
YCL059C,YLR071C,0,-1.1032959,0.11016537249088287,0.906000018119812,0.7318000197410583
YLR228C,YPL009C,0,-1.1033779,0.1101519763469696,0.906000018119812,0.7318999767303467
YBL085W,YOR056C,0,-1.1036751,0.11013858765363693,0.906000018119812,0.7319999933242798
YMR214W,YHR039C-A,0,-1.1036878,0.11012519896030426,0.906000018119812,0.7321000099182129
YOR229W,YFR029W,0,-1.1042784,0.11011181026697159,0.906000018119812,0.732200026512146
YNL002C,YGR054W,0,-1.1043729,0.11009842902421951,0.906000018119812,0.7322999835014343
YML118W,YDR538W,0,-1.1043835,0.11008505523204803,0.906000018119812,0.7324000000953674
YIL157C,YHR178W,0,-1.105214,0.11007168143987656,0.906000018119812,0.7325000166893005
YDR252W,YNL207W,0,-1.1052644,0.11005830764770508,0.906000018119812,0.7325999736785889
YDR211W,YDL137W,0,-1.1053624,0.1100449413061142,0.906000018119812,0.732699990272522
YML080W,YOL018C,0,-1.105626,0.11003157496452332,0.906000018119812,0.7328000068664551
YCR071C,YFL052W,0,-1.1056564,0.11001821607351303,0.906000018119812,0.7329000234603882
YCR053W,YFR029W,0,-1.1056986,0.11000485718250275,0.906000018119812,0.7329999804496765
YAL002W,YDR080W,1,-1.1062537,0.11011290550231934,0.9070000052452087,0.7329999804496765
YAL035W,YMR273C,0,-1.1062882,0.11009953916072845,0.9070000052452087,0.7330999970436096
YML056C,YOR234C,0,-1.1067911,0.11008617281913757,0.9070000052452087,0.7332000136375427
YJL160C,YLR005W,0,-1.1068529,0.11007281392812729,0.9070000052452087,0.733299970626831
YBR273C,YOR329C,0,-1.1069745,0.1100594624876976,0.9070000052452087,0.7333999872207642
YKR006C,YBL042C,0,-1.1072587,0.11004610359668732,0.9070000052452087,0.7335000038146973
YJR094W-A,YGL183C,0,-1.1075491,0.11003275215625763,0.9070000052452087,0.7336000204086304
YHL033C,YIL016W,0,-1.1076815,0.11001940816640854,0.9070000052452087,0.7336999773979187
YBL050W,YPL100W,1,-1.1077276,0.11012735217809677,0.9079999923706055,0.7336999773979187
YLR327C,YOL104C,0,-1.1077968,0.11011399328708649,0.9079999923706055,0.7337999939918518
YOR205C,YBR096W,0,-1.1078124,0.1101006418466568,0.9079999923706055,0.7339000105857849
YPL019C,YAL040C,1,-1.1082958,0.11020853370428085,0.9089999794960022,0.7339000105857849
YCR034W,YDL202W,0,-1.1084572,0.11019517481327057,0.9089999794960022,0.734000027179718
YLR332W,YBL061C,0,-1.1087049,0.11018181592226028,0.9089999794960022,0.7340999841690063
YLL035W,YOR025W,0,-1.1091636,0.1101684644818306,0.9089999794960022,0.7342000007629395
YDR484W,YER025W,0,-1.1092645,0.11015511304140091,0.9089999794960022,0.7343000173568726
YMR321C,YBR216C,0,-1.1095579,0.11014176905155182,0.9089999794960022,0.7343999743461609
YJL178C,YLR093C,1,-1.1097139,0.1102495789527893,0.9100000262260437,0.7343999743461609
YFL057C,YMR142C,0,-1.1097478,0.11023622006177902,0.9100000262260437,0.734499990940094
YMR218C,YPR031W,0,-1.1097835,0.11022286862134933,0.9100000262260437,0.7346000075340271
YDR297W,YEL054C,0,-1.109916,0.11020951718091965,0.9100000262260437,0.7347000241279602
YCR046C,YBR239C,0,-1.1099787,0.11019617319107056,0.9100000262260437,0.7347999811172485
YPL055C,YMR030W,0,-1.1100165,0.11018282920122147,0.9100000262260437,0.7348999977111816
YDR376W,YGL009C,0,-1.1102843,0.11016949266195297,0.9100000262260437,0.7350000143051147
YOR232W,YLR095C,0,-1.1112708,0.11015615612268448,0.9100000262260437,0.7350999712944031
YER075C,YPL128C,0,-1.1116909,0.11014281958341599,0.9100000262260437,0.7351999878883362
YIL020C,YPL074W,0,-1.1119629,0.11012949049472809,0.9100000262260437,0.7353000044822693
YAL058W,YGR200C,0,-1.1120597,0.11011616885662079,0.9100000262260437,0.7354000210762024
YKR068C,YNR026C,0,-1.1122975,0.11010283976793289,0.9100000262260437,0.7354999780654907
YOR362C,YKL082C,0,-1.1125152,0.11008952558040619,0.9100000262260437,0.7355999946594238
YFR051C,YLR010C,0,-1.1125475,0.11007620394229889,0.9100000262260437,0.7357000112533569
YLR330W,YDR392W,0,-1.1127867,0.11006288975477219,0.9100000262260437,0.73580002784729
YDR363W,YGR289C,0,-1.1129705,0.11004958301782608,0.9100000262260437,0.7358999848365784
YKR013W,YOR061W,0,-1.1132113,0.11003627628087997,0.9100000262260437,0.7360000014305115
YHR064C,YDR137W,0,-1.1136009,0.11002296954393387,0.9100000262260437,0.7361000180244446
YMR280C,YOL128C,0,-1.1137706,0.11000967025756836,0.9100000262260437,0.7361999750137329
YBL075C,YOL091W,0,-1.113866,0.10999637097120285,0.9100000262260437,0.736299991607666
YMR079W,YGL156W,0,-1.1145035,0.10998307913541794,0.9100000262260437,0.7364000082015991
YML069W,YOL090W,0,-1.1146067,0.10996978729963303,0.9100000262260437,0.7365000247955322
YBR021W,YDL061C,0,-1.1146468,0.10995650291442871,0.9100000262260437,0.7365999817848206
YDL028C,YLR221C,0,-1.1149403,0.1099432185292244,0.9100000262260437,0.7366999983787537
YHR052W,YPL007C,0,-1.1151112,0.10992993414402008,0.9100000262260437,0.7368000149726868
YDR452W,YDR352W,0,-1.1151474,0.10991665720939636,0.9100000262260437,0.7368999719619751
YBR132C,YEL012W,0,-1.1152346,0.10990338027477264,0.9100000262260437,0.7369999885559082
YLR121C,YPL190C,0,-1.1154442,0.10989011079072952,0.9100000262260437,0.7371000051498413
YEL052W,YOR242C,0,-1.1164726,0.1098768413066864,0.9100000262260437,0.7372000217437744
YMR021C,YNL102W,0,-1.1166931,0.10986357927322388,0.9100000262260437,0.7372999787330627
YMR170C,YOR321W,0,-1.1166939,0.10985031723976135,0.9100000262260437,0.7373999953269958
YPL266W,YGR038W,0,-1.1167411,0.10983705520629883,0.9100000262260437,0.737500011920929
YEL029C,YGL161C,0,-1.1167948,0.1098238006234169,0.9100000262260437,0.7376000285148621
YPR035W,YLR197W,0,-1.1172602,0.10981054604053497,0.9100000262260437,0.7376999855041504
YHR025W,YGL013C,0,-1.1172757,0.10979729890823364,0.9100000262260437,0.7378000020980835
YLR074C,YBL112C,0,-1.1173905,0.10978405177593231,0.9100000262260437,0.7379000186920166
YGL250W,YGL186C,0,-1.1175117,0.10977080464363098,0.9100000262260437,0.7379999756813049
YDL149W,YJL178C,1,-1.1176664,0.10987818241119385,0.9110000133514404,0.7379999756813049
YDR452W,YPR122W,0,-1.1181552,0.10986492782831192,0.9110000133514404,0.738099992275238
YAL002W,YOR326W,1,-1.1189381,0.1099722683429718,0.9120000004768372,0.738099992275238
YMR130W,YDR180W,0,-1.1195198,0.10995900630950928,0.9120000004768372,0.7382000088691711
YDL127W,YNL245C,0,-1.1197542,0.10994575172662735,0.9120000004768372,0.7383000254631042
YEL013W,YAL002W,1,-1.119908,0.11005304008722305,0.9129999876022339,0.7383000254631042
YLR045C,YLL017W,0,-1.1200615,0.11003977060317993,0.9129999876022339,0.7383999824523926
YIL035C,YBR237W,0,-1.1208886,0.110026516020298,0.9129999876022339,0.7384999990463257
YFL004W,YNL242W,1,-1.120937,0.11013375222682953,0.9139999747276306,0.7384999990463257
YLR275W,YDR511W,0,-1.1211573,0.11012048274278641,0.9139999747276306,0.7386000156402588
YJL011C,YKR060W,0,-1.1212376,0.11010721325874329,0.9139999747276306,0.7386999726295471
YDR448W,YOR054C,0,-1.1213204,0.11009395122528076,0.9139999747276306,0.7387999892234802
YMR251W-A,YNL061W,0,-1.1219162,0.11008069664239883,0.9139999747276306,0.7389000058174133
YMR307W,YPL200W,0,-1.1220117,0.11006743460893631,0.9139999747276306,0.7390000224113464
YBL082C,YIL002C,0,-1.122259,0.11005418747663498,0.9139999747276306,0.7390999794006348
YDR389W,YNL058C,0,-1.1223313,0.11004093289375305,0.9139999747276306,0.7391999959945679
YBR274W,YOR056C,0,-1.1223608,0.11002768576145172,0.9139999747276306,0.739300012588501
YLL004W,YDL095W,0,-1.1224853,0.11001444607973099,0.9139999747276306,0.7394000291824341
YPL118W,YER168C,0,-1.1224859,0.11000120639801025,0.9139999747276306,0.7394999861717224
YKL109W,YBL076C,0,-1.1225404,0.10998796671628952,0.9139999747276306,0.7396000027656555
YMR268C,YNL185C,0,-1.1228255,0.10997473448514938,0.9139999747276306,0.7397000193595886
YDR462W,YMR203W,0,-1.1231449,0.10996150225400925,0.9139999747276306,0.739799976348877
YEL043W,YDL129W,0,-1.1231463,0.10994827747344971,0.9139999747276306,0.7398999929428101
YHL044W,YOR274W,0,-1.1234403,0.10993505269289017,0.9139999747276306,0.7400000095367432
YLR042C,YOR361C,0,-1.1240124,0.10992182791233063,0.9139999747276306,0.7401000261306763
YLR026C,YDR081C,0,-1.1240742,0.10990861058235168,0.9139999747276306,0.7401999831199646
YDL065C,YGL123W,0,-1.1243396,0.10989539325237274,0.9139999747276306,0.7402999997138977
YOR116C,YAR050W,0,-1.1246105,0.1098821833729744,0.9139999747276306,0.7404000163078308
YOR145C,YBR156C,0,-1.1246625,0.10986897349357605,0.9139999747276306,0.7404999732971191
YDR167W,YFL034C-A,0,-1.1252238,0.1098557710647583,0.9139999747276306,0.7405999898910522
YDR476C,YOR057W,0,-1.1252645,0.10984256863594055,0.9139999747276306,0.7407000064849854
YOR322C,YOR080W,0,-1.1252857,0.1098293662071228,0.9139999747276306,0.7408000230789185
YMR273C,YNL052W,0,-1.1253088,0.10981617122888565,0.9139999747276306,0.7408999800682068
YNL290W,YLR214W,0,-1.1254946,0.1098029762506485,0.9139999747276306,0.7409999966621399
YDR016C,YDR081C,0,-1.1255174,0.10978978872299194,0.9139999747276306,0.741100013256073
YBR019C,YPR144C,0,-1.1255645,0.10977660119533539,0.9139999747276306,0.7411999702453613
YCL063W,YDR495C,1,-1.1257395,0.10988350957632065,0.9150000214576721,0.7411999702453613
YDR229W,YAL001C,0,-1.1257972,0.1098703145980835,0.9150000214576721,0.7412999868392944
YOL018C,YDR507C,0,-1.1261022,0.10985712707042694,0.9150000214576721,0.7414000034332275
YJL002C,YOR311C,0,-1.1266061,0.10984393954277039,0.9150000214576721,0.7415000200271606
YDR296W,YDL133C-A,0,-1.1270674,0.10983075201511383,0.9150000214576721,0.741599977016449
YDR093W,YAR019C,0,-1.1271813,0.10981757193803787,0.9150000214576721,0.7416999936103821
YHR119W,YPL237W,0,-1.1271853,0.10980439186096191,0.9150000214576721,0.7418000102043152
YDR452W,YOR033C,0,-1.1273578,0.10979121923446655,0.9150000214576721,0.7419000267982483
YER027C,YDL030W,0,-1.1274935,0.10977804660797119,0.9150000214576721,0.7419999837875366
YHR164C,YNL311C,0,-1.1275189,0.10976487398147583,0.9150000214576721,0.7421000003814697
YGR179C,YPR048W,0,-1.1277268,0.10975170880556107,0.9150000214576721,0.7422000169754028
YGR262C,YNR043W,0,-1.1278648,0.1097385436296463,0.9150000214576721,0.7422999739646912
YLR373C,YAL038W,0,-1.1279205,0.10972538590431213,0.9150000214576721,0.7423999905586243
YER055C,YHR023W,0,-1.1293869,0.10971222817897797,0.9150000214576721,0.7425000071525574
YJR015W,YNR051C,0,-1.1297153,0.1096990779042244,0.9150000214576721,0.7426000237464905
YMR270C,YDR237W,0,-1.1297745,0.10968592762947083,0.9150000214576721,0.7426999807357788
YBR115C,YNL122C,0,-1.1299068,0.10967277735471725,0.9150000214576721,0.7427999973297119
YJL104W,YOR058C,0,-1.1300739,0.10965963453054428,0.9150000214576721,0.742900013923645
YOL158C,YBR123C,0,-1.1301135,0.10964649170637131,0.9150000214576721,0.7429999709129333
YDR265W,YMR094W,0,-1.1303526,0.10963335633277893,0.9150000214576721,0.7430999875068665
YPR165W,YBR072W,0,-1.130803,0.10962022095918655,0.9150000214576721,0.7432000041007996
YHR072W,YOR206W,0,-1.1308885,0.10960709303617477,0.9150000214576721,0.7433000206947327
YOL149W,YHR167W,0,-1.1310633,0.109593965113163,0.9150000214576721,0.743399977684021
YLR459W,YBL016W,0,-1.1311065,0.10958083719015121,0.9150000214576721,0.7434999942779541
YKL086W,YJL148W,0,-1.1311923,0.10956771671772003,0.9150000214576721,0.7436000108718872
YER013W,YFL008W,0,-1.1312538,0.10955459624528885,0.9150000214576721,0.7437000274658203
YML069W,YIR005W,0,-1.1315676,0.10954148322343826,0.9150000214576721,0.7437999844551086
YKL101W,YGL259W,0,-1.131822,0.10952837020158768,0.9150000214576721,0.7439000010490417
YJL101C,YKR024C,0,-1.1319952,0.10951525717973709,0.9150000214576721,0.7440000176429749
YLR301W,YLR325C,0,-1.1320523,0.1095021516084671,0.9150000214576721,0.7440999746322632
YKL125W,YDL147W,0,-1.1320747,0.10948905348777771,0.9150000214576721,0.7441999912261963
YLL040C,YLR350W,0,-1.1322755,0.10947594791650772,0.9150000214576721,0.7443000078201294
YJL044C,YHR167W,0,-1.1329451,0.10946285724639893,0.9150000214576721,0.7444000244140625
YAR007C,YHR099W,0,-1.1330523,0.10944975912570953,0.9150000214576721,0.7444999814033508
YOR327C,YMR034C,0,-1.1334909,0.10943666845560074,0.9150000214576721,0.7445999979972839
YCR096C,YCR034W,0,-1.1337192,0.10942358523607254,0.9150000214576721,0.744700014591217
YCR096C,YGR216C,0,-1.1345284,0.10941050201654434,0.9150000214576721,0.7447999715805054
YDL195W,YHR021C,0,-1.1346842,0.10939741879701614,0.9150000214576721,0.7448999881744385
YDR001C,YNL116W,0,-1.135068,0.10938434302806854,0.9150000214576721,0.7450000047683716
YLR287C-A,YDR478W,0,-1.1351758,0.10937126725912094,0.9150000214576721,0.7451000213623047
YDR394W,YHR002W,0,-1.1352316,0.10935819149017334,0.9150000214576721,0.745199978351593
YCL063W,YKL051W,1,-1.1352768,0.109464630484581,0.9160000085830688,0.745199978351593
YKL108W,YNL061W,0,-1.1358215,0.1094515472650528,0.9160000085830688,0.7452999949455261
YPL143W,YJL158C,0,-1.1360687,0.1094384714961052,0.9160000085830688,0.7454000115394592
YDR038C,YCL047C,0,-1.1365131,0.10942539572715759,0.9160000085830688,0.7455000281333923
YGR027C,YIL159W,0,-1.1373843,0.10941232740879059,0.9160000085830688,0.7455999851226807
YDR096W,YLR090W,0,-1.1375338,0.10939925909042358,0.9160000085830688,0.7457000017166138
YJL112W,YKL093W,0,-1.1376038,0.10938619822263718,0.9160000085830688,0.7458000183105469
YPL027W,YBL103C,0,-1.137632,0.10937313735485077,0.9160000085830688,0.7458999752998352
YNL107W,YJL095W,0,-1.1378568,0.10936007648706436,0.9160000085830688,0.7459999918937683
YFL008W,YML112W,0,-1.1379982,0.10934702306985855,0.9160000085830688,0.7461000084877014
YPL016W,YEL015W,0,-1.1385405,0.10933396965265274,0.9160000085830688,0.7462000250816345
YNR057C,YOR244W,0,-1.1385813,0.10932092368602753,0.9160000085830688,0.7462999820709229
YDR054C,YOR196C,0,-1.1387216,0.10930787771940231,0.9160000085830688,0.746399998664856
YNL314W,YHL016C,0,-1.1388949,0.1092948317527771,0.9160000085830688,0.7465000152587891
YDR119W,YNL230C,0,-1.1390752,0.10928179323673248,0.9160000085830688,0.7465999722480774
YGR091W,YFR004W,0,-1.139113,0.10926875472068787,0.9160000085830688,0.7466999888420105
YPR042C,YBR198C,0,-1.1395106,0.10925572365522385,0.9160000085830688,0.7468000054359436
YGL180W,YPL100W,1,-1.1395833,0.10936195403337479,0.9169999957084656,0.7468000054359436
YLR401C,YOR145C,0,-1.1401161,0.10934891551733017,0.9169999957084656,0.7469000220298767
YCL055W,YBL020W,0,-1.1403176,0.10933587700128555,0.9169999957084656,0.746999979019165
YKR059W,YMR039C,0,-1.140319,0.10932283848524094,0.9169999957084656,0.7470999956130981
YLR319C,YAL062W,0,-1.140363,0.10930980741977692,0.9169999957084656,0.7472000122070312
YER042W,YMR093W,0,-1.140457,0.1092967838048935,0.9169999957084656,0.7473000288009644
YBR158W,YIL078W,0,-1.1404572,0.10928375273942947,0.9169999957084656,0.7473999857902527
YDL168W,YPL060W,0,-1.140983,0.10927073657512665,0.9169999957084656,0.7475000023841858
YER054C,YOL152W,0,-1.1411759,0.10925771296024323,0.9169999957084656,0.7476000189781189
YPL042C,YLR357W,0,-1.1412169,0.1092446967959404,0.9169999957084656,0.7476999759674072
YPR168W,YDR371W,0,-1.141348,0.10923168808221817,0.9169999957084656,0.7477999925613403
YKL015W,YLR064W,0,-1.1414026,0.10921867191791534,0.9169999957084656,0.7479000091552734
YDR226W,YBR115C,0,-1.1415943,0.10920567065477371,0.9169999957084656,0.7480000257492065
YCR081W,YPL150W,0,-1.1417291,0.10919266194105148,0.9169999957084656,0.7480999827384949
YPR103W,YDR198C,0,-1.1424621,0.10917966067790985,0.9169999957084656,0.748199999332428
YLL050C,YCR024C-A,0,-1.142468,0.10916666686534882,0.9169999957084656,0.7483000159263611
YNR050C,YKL175W,0,-1.142478,0.10915367305278778,0.9169999957084656,0.7483999729156494
YNL311C,YKL163W,0,-1.1426905,0.10914067924022675,0.9169999957084656,0.7484999895095825
YOL038W,YOR054C,0,-1.1428583,0.10912769287824631,0.9169999957084656,0.7486000061035156
YML034W,YBR058C,0,-1.1431122,0.10911470651626587,0.9169999957084656,0.7487000226974487
YBR084C-A,YPL099C,0,-1.143204,0.10910172760486603,0.9169999957084656,0.7487999796867371
YIL048W,YIL094C,0,-1.1432976,0.10908874869346619,0.9169999957084656,0.7488999962806702
YDL174C,YER114C,0,-1.1433828,0.10907576978206635,0.9169999957084656,0.7490000128746033
YML111W,YLR201C,0,-1.1435264,0.1090627983212471,0.9169999957084656,0.7491000294685364
YML099C,YNL049C,0,-1.1435574,0.10904982686042786,0.9169999957084656,0.7491999864578247
YPR079W,YDL132W,0,-1.1435711,0.10903686285018921,0.9169999957084656,0.7493000030517578
YGR167W,YLR048W,0,-1.1436439,0.10902389883995056,0.9169999957084656,0.7494000196456909
YLR336C,YOL080C,0,-1.1438124,0.10901093482971191,0.9169999957084656,0.7494999766349792
YBR059C,YNL016W,0,-1.143869,0.10899797827005386,0.9169999957084656,0.7495999932289124
YPR168W,YLR266C,0,-1.1440398,0.10898502171039581,0.9169999957084656,0.7497000098228455
YLR401C,YML111W,0,-1.1441615,0.10897207260131836,0.9169999957084656,0.7498000264167786
YBR066C,YKL125W,0,-1.1443245,0.1089591234922409,0.9169999957084656,0.7498999834060669
YPR036W,YHR211W,0,-1.1445462,0.10894618183374405,0.9169999957084656,0.75
YJL036W,YLL015W,0,-1.144646,0.10893324017524719,0.9169999957084656,0.7501000165939331
YDR400W,YNL169C,0,-1.1448635,0.10892029851675034,0.9169999957084656,0.7501999735832214
YHR179W,YDL064W,0,-1.1450564,0.10890736430883408,0.9169999957084656,0.7502999901771545
YGR163W,YJR017C,0,-1.1451956,0.10889443010091782,0.9169999957084656,0.7504000067710876
YFL050C,YJL177W,0,-1.1454164,0.10888150334358215,0.9169999957084656,0.7505000233650208
YIL046W,YGL113W,0,-1.1459874,0.10886857658624649,0.9169999957084656,0.7505999803543091
YPR049C,YDL040C,0,-1.1461742,0.10885564982891083,0.9169999957084656,0.7506999969482422
YML066C,YMR075W,0,-1.1466542,0.10884273052215576,0.9169999957084656,0.7508000135421753
YGL249W,YKL010C,0,-1.14686,0.1088298112154007,0.9169999957084656,0.7508999705314636
YOL034W,YFR055W,0,-1.1472988,0.10881689935922623,0.9169999957084656,0.7509999871253967
YGR134W,YLR372W,0,-1.1474254,0.10880398750305176,0.9169999957084656,0.7511000037193298
YDR373W,YPR112C,0,-1.1476918,0.10879107564687729,0.9169999957084656,0.7512000203132629
YNL209W,YDR298C,0,-1.1477195,0.10877817124128342,0.9169999957084656,0.7512999773025513
YDR523C,YOL043C,0,-1.1477765,0.10876527428627014,0.9169999957084656,0.7513999938964844
YOR175C,YER157W,0,-1.1479408,0.10875236988067627,0.9169999957084656,0.7515000104904175
YML024W,YKR024C,0,-1.1480273,0.108739472925663,0.9169999957084656,0.7516000270843506
YEL034W,YJR028W,0,-1.1484185,0.10872658342123032,0.9169999957084656,0.7516999840736389
YDR131C,YOL142W,0,-1.1488582,0.10871369391679764,0.9169999957084656,0.751800000667572
YGL153W,YAL063C,0,-1.149073,0.10870080441236496,0.9169999957084656,0.7519000172615051
YIL004C,YOL062C,0,-1.1492212,0.10868792235851288,0.9169999957084656,0.7519999742507935
YPR096C,YJL030W,0,-1.149273,0.1086750403046608,0.9169999957084656,0.7520999908447266
YJL097W,YPR189W,0,-1.1495792,0.10866216570138931,0.9169999957084656,0.7522000074386597
YBR067C,YLR369W,0,-1.1503519,0.10864929109811783,0.9169999957084656,0.7523000240325928
YCL075W,YDR144C,0,-1.1504223,0.10863641649484634,0.9169999957084656,0.7523999810218811
YNL107W,YIL105C,0,-1.1505272,0.10862354934215546,0.9169999957084656,0.7524999976158142
YPR026W,YMR087W,0,-1.1512923,0.10861068218946457,0.9169999957084656,0.7526000142097473
YGL150C,YNL311C,0,-1.1513765,0.10859782248735428,0.9169999957084656,0.7526999711990356
YGL077C,YNL270C,0,-1.1513858,0.10858496278524399,0.9169999957084656,0.7527999877929688
YJL192C,YBR106W,0,-1.1519431,0.1085721030831337,0.9169999957084656,0.7529000043869019
YPL255W,YHR013C,0,-1.1520576,0.108559250831604,0.9169999957084656,0.753000020980835
YJR017C,YNL259C,0,-1.152167,0.10854639858007431,0.9169999957084656,0.7530999779701233
YMR089C,YDR454C,0,-1.1522486,0.10853355377912521,0.9169999957084656,0.7531999945640564
YBR177C,YHL016C,0,-1.152264,0.10852070897817612,0.9169999957084656,0.7533000111579895
YOR071C,YJR078W,0,-1.1523908,0.10850787162780762,0.9169999957084656,0.7534000277519226
YJR139C,YKR026C,0,-1.152471,0.10849503427743912,0.9169999957084656,0.7534999847412109
YDR522C,YNL088W,0,-1.152501,0.10848219692707062,0.9169999957084656,0.753600001335144
YLR070C,YPL015C,0,-1.152979,0.10846936702728271,0.9169999957084656,0.7537000179290771
YMR284W,YFR029W,0,-1.1532146,0.10845653712749481,0.9169999957084656,0.7537999749183655
YKR046C,YGR158C,0,-1.1533043,0.10844370722770691,0.9169999957084656,0.7538999915122986
YPR042C,YHR002W,0,-1.1533263,0.1084308847784996,0.9169999957084656,0.7540000081062317
YML009C,YJR083C,0,-1.153696,0.1084180623292923,0.9169999957084656,0.7541000247001648
YOL045W,YFL024C,0,-1.1540383,0.10840524733066559,0.9169999957084656,0.7541999816894531
YNL232W,YMR303C,0,-1.1544728,0.10839243233203888,0.9169999957084656,0.7542999982833862
YHR116W,YNL095C,0,-1.1545719,0.10837962478399277,0.9169999957084656,0.7544000148773193
YCL031C,YDL040C,0,-1.1547431,0.10836681723594666,0.9169999957084656,0.7544999718666077
YLR155C,YJR025C,0,-1.1548862,0.10835400968790054,0.9169999957084656,0.7545999884605408
YNL220W,YNL166C,0,-1.1549352,0.10834120959043503,0.9169999957084656,0.7547000050544739
YBR128C,YJR112W,0,-1.1549567,0.10832840949296951,0.9169999957084656,0.754800021648407
YOR190W,YAR003W,0,-1.1553113,0.1083156168460846,0.9169999957084656,0.7548999786376953
YJR095W,YKL165C,0,-1.1553742,0.10830282419919968,0.9169999957084656,0.7549999952316284
YBR141C,YMR164C,0,-1.1557297,0.10829003155231476,0.9169999957084656,0.7551000118255615
YNL314W,YDR206W,0,-1.1564366,0.10827724635601044,0.9169999957084656,0.7552000284194946
YBL100W-A,YJR099W,0,-1.1566579,0.10826446115970612,0.9169999957084656,0.755299985408783
YFL039C,YLR013W,0,-1.1567752,0.10825168341398239,0.9169999957084656,0.7554000020027161
YOR003W,YKR036C,0,-1.1567875,0.10823890566825867,0.9169999957084656,0.7555000185966492
YMR113W,YFL010W-A,0,-1.1569303,0.10822612792253494,0.9169999957084656,0.7555999755859375
YLR285W,YBR236C,0,-1.1571158,0.10821335762739182,0.9169999957084656,0.7556999921798706
YIL095W,YER089C,0,-1.1573216,0.10820058733224869,0.9169999957084656,0.7558000087738037
YPR006C,YHR046C,0,-1.1578275,0.10818782448768616,0.9169999957084656,0.7559000253677368
YIR007W,YMR228W,0,-1.1581312,0.10817506164312363,0.9169999957084656,0.7559999823570251
YGL225W,YDL015C,0,-1.1582566,0.1081622987985611,0.9169999957084656,0.7560999989509583
YKL074C,YJR002W,0,-1.1586591,0.10814954340457916,0.9169999957084656,0.7562000155448914
YML040W,YLR389C,0,-1.1587701,0.10813679546117783,0.9169999957084656,0.7562999725341797
YPR001W,YCR088W,0,-1.1593088,0.10812404006719589,0.9169999957084656,0.7563999891281128
YOR374W,YHR128W,0,-1.1594424,0.10811129212379456,0.9169999957084656,0.7565000057220459
YOR301W,YJR053W,0,-1.1595501,0.10809855163097382,0.9169999957084656,0.756600022315979
YNL208W,YDR297W,0,-1.1599792,0.10808581113815308,0.9169999957084656,0.7566999793052673
YLR134W,YMR166C,0,-1.1605133,0.10807307064533234,0.9169999957084656,0.7567999958992004
YML060W,YLR144C,0,-1.1610414,0.1080603376030922,0.9169999957084656,0.7569000124931335
YKL188C,YDR020C,0,-1.1614288,0.10804760456085205,0.9169999957084656,0.7570000290870667
YOL100W,YIL093C,0,-1.1614624,0.10803487151861191,0.9169999957084656,0.757099986076355
YCR010C,YOR061W,0,-1.1614653,0.10802214592695236,0.9169999957084656,0.7572000026702881
YNL026W,YMR017W,0,-1.1615726,0.10800942033529282,0.9169999957084656,0.7573000192642212
YOR178C,YNL310C,0,-1.1622671,0.10799670219421387,0.9169999957084656,0.7573999762535095
YCR046C,YJL095W,0,-1.1627136,0.10798398405313492,0.9169999957084656,0.7574999928474426
YMR200W,YNL231C,0,-1.1630205,0.10797127336263657,0.9169999957084656,0.7576000094413757
YJR033C,YFL002C,0,-1.1632594,0.10795856267213821,0.9169999957084656,0.7577000260353088
YLR024C,YMR270C,0,-1.163647,0.10794585198163986,0.9169999957084656,0.7577999830245972
YIL051C,YDL130W-A,0,-1.1638738,0.10793314129114151,0.9169999957084656,0.7578999996185303
YAR015W,YJR158W,0,-1.1639785,0.10792044550180435,0.9169999957084656,0.7580000162124634
YLR308W,YOL039W,0,-1.1640404,0.1079077422618866,0.9169999957084656,0.7580999732017517
YGR027C,YHR023W,0,-1.1640474,0.10789504647254944,0.9169999957084656,0.7581999897956848
YDR058C,YLR071C,0,-1.1640778,0.10788235068321228,0.9169999957084656,0.7583000063896179
YPR054W,YAL061W,0,-1.1643016,0.10786966234445572,0.9169999957084656,0.758400022983551
YLR453C,YNR022C,0,-1.1654019,0.10785697400569916,0.9169999957084656,0.7584999799728394
YMR227C,YNL218W,0,-1.1654022,0.1078442931175232,0.9169999957084656,0.7585999965667725
YDL198C,YMR142C,0,-1.1663493,0.10783161222934723,0.9169999957084656,0.7587000131607056
YOR255W,YDR298C,0,-1.1663784,0.10781893134117126,0.9169999957084656,0.7588000297546387
YMR241W,YMR179W,0,-1.1664819,0.1078062579035759,0.9169999957084656,0.758899986743927
YAR003W,YMR309C,0,-1.1666867,0.10779358446598053,0.9169999957084656,0.7590000033378601
YCR009C,YLR380W,0,-1.1669015,0.10778091102838516,0.9169999957084656,0.7591000199317932
YML038C,YOR351C,0,-1.1669892,0.10776824504137039,0.9169999957084656,0.7591999769210815
YDR497C,YOR098C,0,-1.1671954,0.10775557905435562,0.9169999957084656,0.7592999935150146
YDR470C,YOR083W,0,-1.1673449,0.10774292051792145,0.9169999957084656,0.7594000101089478
YOR332W,YJL012C,1,-1.1674037,0.10784774273633957,0.9179999828338623,0.7594000101089478
YBR253W,YBR004C,0,-1.1677555,0.1078350767493248,0.9179999828338623,0.7595000267028809
YOL086C,YOR123C,0,-1.1679076,0.10782241076231003,0.9179999828338623,0.7595999836921692
YIL078W,YIL128W,0,-1.1683325,0.10780974477529526,0.9179999828338623,0.7597000002861023
YIL083C,YDR320C,0,-1.1689317,0.10779708623886108,0.9179999828338623,0.7598000168800354
YLR396C,YPR049C,1,-1.1690115,0.10790184140205383,0.9190000295639038,0.7598000168800354
YJR144W,YDR253C,0,-1.1692866,0.10788917541503906,0.9190000295639038,0.7598999738693237
YOR131C,YOR130C,0,-1.1693776,0.10787650942802429,0.9190000295639038,0.7599999904632568
YOL071W,YFR019W,0,-1.1694838,0.10786385089159012,0.9190000295639038,0.7601000070571899
YIL073C,YHR135C,0,-1.1696136,0.10785119235515594,0.9190000295639038,0.760200023651123
YJL102W,YFR019W,0,-1.1698757,0.10783853381872177,0.9190000295639038,0.7602999806404114
YFL054C,YJR129C,0,-1.1700665,0.1078258827328682,0.9190000295639038,0.7603999972343445
YPL009C,YDR495C,0,-1.1704446,0.10781323164701462,0.9190000295639038,0.7605000138282776
YCL059C,YLR386W,0,-1.1704472,0.10780058801174164,0.9190000295639038,0.7605999708175659
YER106W,YDR353W,0,-1.170587,0.10778794437646866,0.9190000295639038,0.760699987411499
YHR072W,YKL027W,0,-1.1706263,0.10777530074119568,0.9190000295639038,0.7608000040054321
YNL322C,YKR026C,0,-1.1706859,0.1077626645565033,0.9190000295639038,0.7609000205993652
YBL019W,YNR007C,0,-1.1710533,0.10775002837181091,0.9190000295639038,0.7609999775886536
YDL245C,YDR324C,0,-1.1711727,0.10773739963769913,0.9190000295639038,0.7610999941825867
YGR085C,YOR115C,0,-1.1712035,0.10772477090358734,0.9190000295639038,0.7612000107765198
YJL034W,YLR153C,0,-1.171273,0.10771214216947556,0.9190000295639038,0.7613000273704529
YDR499W,YEL042W,0,-1.171433,0.10769952088594437,0.9190000295639038,0.7613999843597412
YLR291C,YHR123W,0,-1.1718667,0.10768689960241318,0.9190000295639038,0.7615000009536743
YDR073W,YFR042W,0,-1.1719755,0.10767428576946259,0.9190000295639038,0.7616000175476074
YNL139C,YCL025C,0,-1.1720428,0.107661671936512,0.9190000295639038,0.7616999745368958
YIR025W,YEL063C,0,-1.1727096,0.1076490581035614,0.9190000295639038,0.7617999911308289
YPR124W,YNL213C,0,-1.1732227,0.1076364517211914,0.9190000295639038,0.761900007724762
YHR167W,YGL232W,0,-1.1732519,0.10762384533882141,0.9190000295639038,0.7620000243186951
YGR089W,YJR098C,0,-1.1736726,0.10761123895645142,0.9190000295639038,0.7620999813079834
YMR184W,YDR003W,0,-1.1737088,0.10759864002466202,0.9190000295639038,0.7621999979019165
YLR029C,YNL323W,0,-1.1740527,0.10758604854345322,0.9190000295639038,0.7623000144958496
YGR179C,YBR019C,0,-1.1747979,0.10757344961166382,0.9190000295639038,0.7623999714851379
YDR174W,YKR013W,0,-1.1751354,0.10756085813045502,0.9190000295639038,0.762499988079071
YPR022C,YHR011W,0,-1.175401,0.10754827409982681,0.9190000295639038,0.7626000046730042
YDR081C,YKL021C,0,-1.1756364,0.10753569006919861,0.9190000295639038,0.7627000212669373
YLR408C,YMR170C,0,-1.1757354,0.1075231060385704,0.9190000295639038,0.7627999782562256
YBL100W-A,YGR124W,0,-1.1757413,0.1075105294585228,0.9190000295639038,0.7628999948501587
YOL148C,YOR242C,0,-1.1757964,0.10749795287847519,0.9190000295639038,0.7630000114440918
YBL002W,YEL037C,0,-1.1759332,0.10748538374900818,0.9190000295639038,0.7631000280380249
YFL023W,YOR329C,0,-1.175986,0.10747280716896057,0.9190000295639038,0.7631999850273132
YJL012C,YNL054W,1,-1.1762608,0.10757717490196228,0.9200000166893005,0.7631999850273132
YIR028W,YGL010W,0,-1.1764222,0.10756459832191467,0.9200000166893005,0.7633000016212463
YEL063C,YLR278C,0,-1.1764712,0.10755202174186707,0.9200000166893005,0.7634000182151794
YEL021W,YJR147W,0,-1.17649,0.10753945261240005,0.9200000166893005,0.7634999752044678
YPL092W,YDL025C,0,-1.1771625,0.10752688348293304,0.9200000166893005,0.7635999917984009
YCR067C,YHL009C,0,-1.1774337,0.10751431435346603,0.9200000166893005,0.763700008392334
YNR032W,YGL086W,0,-1.177879,0.10750175267457962,0.9200000166893005,0.7638000249862671
YDL205C,YAL053W,0,-1.1779094,0.1074891909956932,0.9200000166893005,0.7638999819755554
YGL172W,YPR118W,0,-1.1779574,0.10747663676738739,0.9200000166893005,0.7639999985694885
YNL309W,YDL103C,0,-1.1781216,0.10746408253908157,0.9200000166893005,0.7641000151634216
YEL022W,YKR037C,0,-1.1781617,0.10745152831077576,0.9200000166893005,0.76419997215271
YDR498C,YJR140C,0,-1.1784242,0.10743898153305054,0.9200000166893005,0.7642999887466431
YBR278W,YNL149C,0,-1.1784607,0.10742643475532532,0.9200000166893005,0.7644000053405762
YDR260C,YLR371W,0,-1.1785294,0.1074138954281807,0.9200000166893005,0.7645000219345093
YCR028C,YDR020C,0,-1.178736,0.10740135610103607,0.9200000166893005,0.7645999789237976
YLR275W,YAL035W,0,-1.1789689,0.10738881677389145,0.9200000166893005,0.7646999955177307
YOL067C,YOR329C,0,-1.1791958,0.10737628489732742,0.9200000166893005,0.7648000121116638
YGL095C,YJL178C,1,-1.1795255,0.10748045146465302,0.9210000038146973,0.7648000121116638
YIL048W,YPL086C,0,-1.1797835,0.10746791213750839,0.9210000038146973,0.7649000287055969
YJL116C,YOL149W,0,-1.1802393,0.10745537281036377,0.9210000038146973,0.7649999856948853
YLR378C,YDL210W,0,-1.1803577,0.10744283348321915,0.9210000038146973,0.7651000022888184
YIL067C,YOR007C,0,-1.1803724,0.10743030160665512,0.9210000038146973,0.7652000188827515
YMR137C,YIL027C,0,-1.1805228,0.10741777718067169,0.9210000038146973,0.7652999758720398
YGR264C,YLR385C,0,-1.1809704,0.10740524530410767,0.9210000038146973,0.7653999924659729
YOR044W,YDR205W,0,-1.1811196,0.10739272087812424,0.9210000038146973,0.765500009059906
YHR058C,YDL207W,0,-1.181525,0.1073802039027214,0.9210000038146973,0.7656000256538391
YLR449W,YHR129C,0,-1.1818377,0.10736768692731857,0.9210000038146973,0.7656999826431274
YGL172W,YLR047C,0,-1.1825825,0.10735516995191574,0.9210000038146973,0.7657999992370605
YEL071W,YNR051C,0,-1.1828359,0.1073426604270935,0.9210000038146973,0.7659000158309937
YLR332W,YCL045C,0,-1.1831988,0.10733015090227127,0.9210000038146973,0.765999972820282
YOL013C,YNL134C,0,-1.1836383,0.10731764137744904,0.9210000038146973,0.7660999894142151
YBR105C,YAL002W,1,-1.1837555,0.1074216440320015,0.921999990940094,0.7660999894142151
YPL218W,YKL100C,0,-1.1840405,0.10740913450717926,0.921999990940094,0.7662000060081482
YDR281C,YOL128C,0,-1.1840695,0.10739662498235703,0.921999990940094,0.7663000226020813
YMR233W,YGR029W,0,-1.1849504,0.10738411545753479,0.921999990940094,0.7663999795913696
YDR371W,YKL172W,0,-1.1852183,0.10737160593271255,0.921999990940094,0.7664999961853027
YGL150C,YMR128W,0,-1.1855297,0.10735910385847092,0.921999990940094,0.7666000127792358
YNL117W,YMR165C,0,-1.1863698,0.10734660923480988,0.921999990940094,0.766700029373169
YOR356W,YDR236C,0,-1.1867051,0.10733410716056824,0.921999990940094,0.7667999863624573
YJL103C,YPL152W,0,-1.1870469,0.1073216125369072,0.921999990940094,0.7669000029563904
YML049C,YDR409W,0,-1.1877134,0.10730912536382675,0.921999990940094,0.7670000195503235
YHR156C,YAL040C,0,-1.1881794,0.10729663819074631,0.921999990940094,0.7670999765396118
YOL021C,YGR215W,0,-1.1885809,0.10728415101766586,0.921999990940094,0.7671999931335449
YNL329C,YHR052W,0,-1.1886033,0.10727167129516602,0.921999990940094,0.767300009727478
YNL097C,YHR079C,0,-1.1891627,0.10725919157266617,0.921999990940094,0.7674000263214111
YLR319C,YKL168C,0,-1.1892694,0.10724671185016632,0.921999990940094,0.7674999833106995
YNL330C,YPL072W,0,-1.1896552,0.10723423957824707,0.921999990940094,0.7675999999046326
YAL040C,YHR039C-A,1,-1.189732,0.1073380634188652,0.9229999780654907,0.7675999999046326
YBR021W,YNL244C,0,-1.1898842,0.10732558369636536,0.9229999780654907,0.7677000164985657
YCR072C,YGL191W,0,-1.1899749,0.10731310397386551,0.9229999780654907,0.767799973487854
YNL292W,YOR131C,0,-1.1903845,0.10730062425136566,0.9229999780654907,0.7678999900817871
YLR148W,YDL077C,1,-1.1903945,0.10740439593791962,0.9240000247955322,0.7678999900817871
YJL192C,YGL137W,0,-1.1908944,0.10739190876483917,0.9240000247955322,0.7680000066757202
YAL029C,YLR212C,0,-1.1909951,0.10737942904233932,0.9240000247955322,0.7681000232696533
YMR213W,YER170W,0,-1.1912829,0.10736695677042007,0.9240000247955322,0.7681999802589417
YAL014C,YLL052C,0,-1.191789,0.10735447704792023,0.9240000247955322,0.7682999968528748
YAL041W,YDL236W,0,-1.1920811,0.10734200477600098,0.9240000247955322,0.7684000134468079
YDR027C,YGR036C,0,-1.1921383,0.10732953995466232,0.9240000247955322,0.7684999704360962
YDR320C,YJL177W,0,-1.1925967,0.10731707513332367,0.9240000247955322,0.7685999870300293
YMR023C,YMR042W,0,-1.1931401,0.10730461031198502,0.9240000247955322,0.7687000036239624
YBL037W,YIL061C,0,-1.1936122,0.10729215294122696,0.9240000247955322,0.7688000202178955
YER019C-A,YML106W,0,-1.19392,0.1072796955704689,0.9240000247955322,0.7688999772071838
YNL207W,YLR119W,0,-1.1939781,0.10726723819971085,0.9240000247955322,0.7689999938011169
YDR460W,YHR166C,0,-1.19479,0.10725478827953339,0.9240000247955322,0.76910001039505
YNL330C,YER088C,0,-1.1950336,0.10724233835935593,0.9240000247955322,0.7692000269889832
YLR155C,YMR290C,0,-1.1950997,0.10722989588975906,0.9240000247955322,0.7692999839782715
YDL121C,YMR293C,0,-1.1952659,0.1072174534201622,0.9240000247955322,0.7694000005722046
YNR057C,YKR102W,0,-1.1957009,0.10720501095056534,0.9240000247955322,0.7695000171661377
YBR141C,YJL076W,0,-1.195803,0.10719257593154907,0.9240000247955322,0.769599974155426
YDR484W,YAL062W,0,-1.1959187,0.1071801409125328,0.9240000247955322,0.7696999907493591
YKL061W,YGR191W,0,-1.1960977,0.10716771334409714,0.9240000247955322,0.7698000073432922
YJR017C,YKR018C,0,-1.196334,0.10715528577566147,0.9240000247955322,0.7699000239372253
YDR523C,YNL009W,0,-1.197247,0.1071428582072258,0.9240000247955322,0.7699999809265137
YDR143C,YMR304W,0,-1.1973017,0.10713043808937073,0.9240000247955322,0.7700999975204468
YML065W,YHR091C,0,-1.1976331,0.10711801797151566,0.9240000247955322,0.7702000141143799
YDR126W,YLR093C,1,-1.1984016,0.10722151398658752,0.925000011920929,0.7702000141143799
YJL011C,YOR008C,0,-1.199015,0.10720908641815186,0.925000011920929,0.7702999711036682
YAL022C,YBL042C,0,-1.1993723,0.10719665884971619,0.925000011920929,0.7703999876976013
YML130C,YOR377W,0,-1.1995546,0.10718423873186111,0.925000011920929,0.7705000042915344
YPR132W,YER171W,0,-1.199906,0.10717182606458664,0.925000011920929,0.7706000208854675
YJL047C,YBR158W,0,-1.2012824,0.10715940594673157,0.925000011920929,0.7706999778747559
YDL028C,YMR017W,0,-1.2015145,0.10714699327945709,0.925000011920929,0.770799994468689
YOR145C,YDR393W,0,-1.2015699,0.10713458061218262,0.925000011920929,0.7709000110626221
YDR130C,YEL012W,0,-1.2016636,0.10712217539548874,0.925000011920929,0.7710000276565552
YNR039C,YGL244W,0,-1.2023638,0.10710977017879486,0.925000011920929,0.7710999846458435
YHR066W,YGL124C,0,-1.2026886,0.10709737241268158,0.925000011920929,0.7712000012397766
YGL065C,YDR531W,0,-1.2031381,0.1070849746465683,0.925000011920929,0.7713000178337097
YHL033C,YDR373W,0,-1.2033124,0.10707257688045502,0.925000011920929,0.771399974822998
YHR007C,YOR150W,0,-1.2039618,0.10706018656492233,0.925000011920929,0.7714999914169312
YER174C,YEL016C,0,-1.204336,0.10704779624938965,0.925000011920929,0.7716000080108643
YDR096W,YNL329C,0,-1.2045863,0.10703540593385696,0.925000011920929,0.7717000246047974
YBR142W,YGR098C,0,-1.2050189,0.10702302306890488,0.925000011920929,0.7717999815940857
YLR297W,YNL310C,0,-1.2051889,0.10701064020395279,0.925000011920929,0.7718999981880188
YKR042W,YLL038C,0,-1.205297,0.1069982647895813,0.925000011920929,0.7720000147819519
YOR222W,YDR119W,0,-1.2053884,0.10698588937520981,0.925000011920929,0.7720999717712402
YCR066W,YNL202W,0,-1.2054088,0.10697351396083832,0.925000011920929,0.7721999883651733
YER137C,YMR075W,0,-1.2054139,0.10696114599704742,0.925000011920929,0.7723000049591064
YBR177C,YIL132C,0,-1.2055104,0.10694877803325653,0.925000011920929,0.7724000215530396
YNL321W,YNL050C,0,-1.206122,0.10693641752004623,0.925000011920929,0.7724999785423279
YDR225W,YGR240C,0,-1.2063578,0.10692405700683594,0.925000011920929,0.772599995136261
YFR036W,YMR067C,0,-1.2070421,0.10691169649362564,0.925000011920929,0.7727000117301941
YKL195W,YBL050W,0,-1.2074577,0.10689934343099594,0.925000011920929,0.7728000283241272
YLR430W,YLR353W,0,-1.2075292,0.10688699036836624,0.925000011920929,0.7728999853134155
YNL139C,YIL040W,0,-1.2078615,0.10687463730573654,0.925000011920929,0.7730000019073486
YLR309C,YLR310C,0,-1.2079083,0.10686229169368744,0.925000011920929,0.7731000185012817
YMR052W,YOR151C,0,-1.2080624,0.10684994608163834,0.925000011920929,0.7731999754905701
YOR208W,YKL027W,0,-1.2086848,0.10683760792016983,0.925000011920929,0.7732999920845032
YCL011C,YMR016C,0,-1.2092904,0.10682526975870132,0.925000011920929,0.7734000086784363
YPL127C,YDL213C,0,-1.2095973,0.10681293159723282,0.925000011920929,0.7735000252723694
YJL025W,YGR156W,0,-1.2095988,0.10680060088634491,0.925000011920929,0.7735999822616577
YNR035C,YKR001C,0,-1.2100154,0.106788270175457,0.925000011920929,0.7736999988555908
YDR205W,YHR123W,0,-1.2102301,0.10677594691514969,0.925000011920929,0.7738000154495239
YPR196W,YNL227C,0,-1.2103535,0.10676361620426178,0.925000011920929,0.7738999724388123
YAL047C,YOR388C,0,-1.2104243,0.10675130039453506,0.925000011920929,0.7739999890327454
YER007W,YMR285C,0,-1.2104591,0.10673897713422775,0.925000011920929,0.7741000056266785
YJL194W,YDR221W,0,-1.2106477,0.10672666132450104,0.925000011920929,0.7742000222206116
YNR016C,YMR142C,0,-1.210827,0.10671435296535492,0.925000011920929,0.7742999792098999
YLR237W,YBR241C,0,-1.2108605,0.1067020446062088,0.925000011920929,0.774399995803833
YLR264W,YNL245C,0,-1.2108766,0.10668973624706268,0.925000011920929,0.7745000123977661
YDR449C,YMR090W,0,-1.2110672,0.10667742788791656,0.925000011920929,0.7746000289916992
YNL273W,YOR168W,0,-1.2111536,0.10666512697935104,0.925000011920929,0.7746999859809875
YBR004C,YHR153C,0,-1.2112309,0.10665283352136612,0.925000011920929,0.7748000025749207
YPL104W,YIL170W,0,-1.2112784,0.1066405326128006,0.925000011920929,0.7749000191688538
YOL139C,YBR118W,0,-1.2114831,0.10662823915481567,0.925000011920929,0.7749999761581421
YIL048W,YIL138C,1,-1.2117828,0.10673121362924576,0.9259999990463257,0.7749999761581421
YJR005W,YML030W,0,-1.2121102,0.10671891272068024,0.9259999990463257,0.7750999927520752
YBR213W,YDR128W,0,-1.2129531,0.10670661181211472,0.9259999990463257,0.7752000093460083
YNL054W,YNL326C,1,-1.2130456,0.10680954158306122,0.9269999861717224,0.7752000093460083
YML022W,YLR228C,0,-1.2133199,0.1067972332239151,0.9269999861717224,0.7753000259399414
YMR260C,YBL004W,0,-1.2134899,0.10678493231534958,0.9269999861717224,0.7753999829292297
YOR155C,YBR172C,0,-1.2135804,0.10677263140678406,0.9269999861717224,0.7754999995231628
YMR143W,YPR082C,0,-1.2136583,0.10676033794879913,0.9269999861717224,0.775600016117096
YLR207W,YDL207W,0,-1.2138051,0.10674804449081421,0.9269999861717224,0.7756999731063843
YML124C,YLR088W,0,-1.2148823,0.10673575103282928,0.9269999861717224,0.7757999897003174
YOL141W,YCR033W,0,-1.2149163,0.10672346502542496,0.9269999861717224,0.7759000062942505
YDR512C,YGR167W,0,-1.2154052,0.10671117901802063,0.9269999861717224,0.7760000228881836
YKR010C,YOL057W,0,-1.2154638,0.1066988930106163,0.9269999861717224,0.7760999798774719
YML088W,YER146W,0,-1.2155211,0.10668661445379257,0.9269999861717224,0.776199996471405
YJR137C,YJR158W,0,-1.2157797,0.10667433589696884,0.9269999861717224,0.7763000130653381
YGL043W,YBR074W,0,-1.2159626,0.10666206479072571,0.9269999861717224,0.7764000296592712
YJL113W,YOL019W,0,-1.216031,0.10664979368448257,0.9269999861717224,0.7764999866485596
YMR060C,YGR116W,0,-1.2162175,0.10663752257823944,0.9269999861717224,0.7766000032424927
YLL045C,YOL097C,0,-1.2162744,0.1066252589225769,0.9269999861717224,0.7767000198364258
YDR126W,YIL041W,1,-1.2167209,0.10672800242900848,0.9279999732971191,0.7767000198364258
YDR419W,YNL264C,0,-1.2167295,0.10671573132276535,0.9279999732971191,0.7767999768257141
YOR126C,YMR036C,0,-1.2169763,0.10670346021652222,0.9279999732971191,0.7768999934196472
YMR306W,YER115C,0,-1.217042,0.10669119656085968,0.9279999732971191,0.7770000100135803
YHL007C,YDR291W,0,-1.2170509,0.10667892545461655,0.9279999732971191,0.7771000266075134
YMR301C,YPR111W,0,-1.2172366,0.1066666692495346,0.9279999732971191,0.7771999835968018
YIL139C,YOR126C,0,-1.217383,0.10665440559387207,0.9279999732971191,0.7773000001907349
YPL159C,YBR155W,0,-1.2175335,0.10664214938879013,0.9279999732971191,0.777400016784668
YDR055W,YPL218W,0,-1.2177151,0.10662990063428879,0.9279999732971191,0.7774999737739563
YGL256W,YPR121W,0,-1.218396,0.10661764442920685,0.9279999732971191,0.7775999903678894
YGR216C,YJL090C,0,-1.2185868,0.1066053956747055,0.9279999732971191,0.7777000069618225
YER106W,YPL151C,0,-1.2188103,0.10659315437078476,0.9279999732971191,0.7778000235557556
YCR098C,YCL061C,0,-1.2188705,0.10658091306686401,0.9279999732971191,0.777899980545044
YPL046C,YEL053C,0,-1.2189044,0.10656867176294327,0.9279999732971191,0.777999997138977
YDR156W,YLR045C,0,-1.2189789,0.10655643790960312,0.9279999732971191,0.7781000137329102
YOL157C,YER096W,0,-1.2191906,0.10654420405626297,0.9279999732971191,0.7781999707221985
YPL101W,YPL106C,0,-1.21921,0.10653197020292282,0.9279999732971191,0.7782999873161316
YJR022W,YAL033W,0,-1.2195401,0.10651974380016327,0.9279999732971191,0.7784000039100647
YDL121C,YHR023W,0,-1.2202934,0.10650751739740372,0.9279999732971191,0.7785000205039978
YPL172C,YOL128C,0,-1.2203792,0.10649529844522476,0.9279999732971191,0.7785999774932861
YBR096W,YGL203C,0,-1.2205039,0.10648307204246521,0.9279999732971191,0.7786999940872192
YDR314C,YPL050C,0,-1.2205179,0.10647086054086685,0.9279999732971191,0.7788000106811523
YMR211W,YGR118W,0,-1.2207447,0.1064586415886879,0.9279999732971191,0.7789000272750854
YJL066C,YOL152W,0,-1.2207566,0.10644643008708954,0.9279999732971191,0.7789999842643738
YIL066C,YLR424W,0,-1.2209758,0.10643422603607178,0.9279999732971191,0.7791000008583069
YDL077C,YLR084C,0,-1.2216948,0.10642202198505402,0.9279999732971191,0.77920001745224
YDR236C,YCR017C,0,-1.221763,0.10640981793403625,0.9279999732971191,0.7792999744415283
YPL118W,YOR028C,0,-1.2219639,0.1063976138830185,0.9279999732971191,0.7793999910354614
YBR158W,YJR044C,0,-1.2220668,0.10638541728258133,0.9279999732971191,0.7795000076293945
YGR092W,YDL121C,0,-1.2222332,0.10637322068214417,0.9279999732971191,0.7796000242233276
YDR420W,YKL041W,0,-1.2223428,0.1063610315322876,0.9279999732971191,0.779699981212616
YCL069W,YDL192W,0,-1.2231029,0.10634884238243103,0.9279999732971191,0.7797999978065491
YBR077C,YNL053W,0,-1.2237513,0.10633665323257446,0.9279999732971191,0.7799000144004822
YGL153W,YER148W,0,-1.2241305,0.10632447153329849,0.9279999732971191,0.7799999713897705
YNL026W,YOR297C,0,-1.2242345,0.10631228983402252,0.9279999732971191,0.7800999879837036
YGL033W,YLL054C,0,-1.2244366,0.10630011558532715,0.9279999732971191,0.7802000045776367
YOL005C,YMR043W,0,-1.224446,0.10628794133663177,0.9279999732971191,0.7803000211715698
YML038C,YEL036C,0,-1.2245151,0.1062757670879364,0.9279999732971191,0.7803999781608582
YLR399C,YGR101W,0,-1.2248924,0.10626360028982162,0.9279999732971191,0.7804999947547913
YOR327C,YBL054W,0,-1.225366,0.10625143349170685,0.9279999732971191,0.7806000113487244
YKL051W,YPR049C,1,-1.2257291,0.1063537523150444,0.9290000200271606,0.7806000113487244
YLR332W,YDL197C,0,-1.2260724,0.10634157806634903,0.9290000200271606,0.7807000279426575
YIL105C,YOL027C,0,-1.2266103,0.10632940381765366,0.9290000200271606,0.7807999849319458
YOL045W,YBL009W,0,-1.2266458,0.10631723701953888,0.9290000200271606,0.7809000015258789
YLR148W,YPL100W,1,-1.2267997,0.10641949623823166,0.9300000071525574,0.7809000015258789
YKR071C,YIL157C,0,-1.2269872,0.10640732198953629,0.9300000071525574,0.781000018119812
YPL112C,YHR002W,0,-1.2283747,0.10639514774084091,0.9300000071525574,0.7810999751091003
YPR060C,YNL267W,0,-1.2284423,0.10638298094272614,0.9300000071525574,0.7811999917030334
YJR022W,YDR302W,0,-1.2286319,0.10637081414461136,0.9300000071525574,0.7813000082969666
YER049W,YML125C,0,-1.2287477,0.10635864734649658,0.9300000071525574,0.7814000248908997
YEL031W,YLR088W,0,-1.2287849,0.1063464805483818,0.9300000071525574,0.781499981880188
YGL147C,YGL122C,0,-1.2289503,0.10633432120084763,0.9300000071525574,0.7815999984741211
YBR265W,YMR283C,0,-1.2291936,0.10632216930389404,0.9300000071525574,0.7817000150680542
YFR052W,YMR012W,0,-1.2293931,0.10631001740694046,0.9300000071525574,0.7817999720573425
YAL053W,YDR473C,0,-1.2294077,0.10629786550998688,0.9300000071525574,0.7818999886512756
YOL123W,YOR242C,0,-1.2295461,0.1062857136130333,0.9300000071525574,0.7820000052452087
YBR192W,YHR064C,0,-1.2295827,0.10627356916666031,0.9300000071525574,0.7821000218391418
YJL025W,YDL045C,0,-1.2301238,0.10626142472028732,0.9300000071525574,0.7821999788284302
YLR219W,YOL070C,0,-1.2303227,0.10624928772449493,0.9300000071525574,0.7822999954223633
YJR097W,YOR008C,0,-1.2304635,0.10623715072870255,0.9300000071525574,0.7824000120162964
YHR039C,YNL047C,0,-1.2305207,0.10622501373291016,0.9300000071525574,0.7825000286102295
YHL040C,YNL261W,0,-1.2309071,0.10621288418769836,0.9300000071525574,0.7825999855995178
YGR172C,YNL275W,0,-1.2311571,0.10620075464248657,0.9300000071525574,0.7827000021934509
YDL153C,YAR035W,0,-1.2314559,0.10618862509727478,0.9300000071525574,0.782800018787384
YCL059C,YNR016C,0,-1.2314878,0.10617650300264359,0.9300000071525574,0.7828999757766724
YNR050C,YBR261C,0,-1.2314913,0.10616438090801239,0.9300000071525574,0.7829999923706055
YDR380W,YLR371W,0,-1.2317477,0.10615226626396179,0.9300000071525574,0.7831000089645386
YGR258C,YHR203C,0,-1.2324196,0.1061401516199112,0.9300000071525574,0.7832000255584717
YER106W,YHL047C,0,-1.2326517,0.1061280369758606,0.9300000071525574,0.78329998254776
YLR212C,YHR132C,0,-1.2327905,0.1061159297823906,0.9300000071525574,0.7833999991416931
YOR106W,YBR293W,0,-1.2331499,0.1061038225889206,0.9300000071525574,0.7835000157356262
YHR025W,YNL325C,0,-1.2331583,0.10609171539545059,0.9300000071525574,0.7835999727249146
YBR084C-A,YDR107C,0,-1.2332293,0.10607961565256119,0.9300000071525574,0.7836999893188477
YBR271W,YDL147W,0,-1.2333609,0.10606751590967178,0.9300000071525574,0.7838000059127808
YOR338W,YML063W,0,-1.2336189,0.10605542361736298,0.9300000071525574,0.7839000225067139
YMR042W,YGR271W,0,-1.2336954,0.10604333132505417,0.9300000071525574,0.7839999794960022
YOL008W,YOR149C,0,-1.2337964,0.10603123903274536,0.9300000071525574,0.7840999960899353
YKR065C,YGR034W,0,-1.233804,0.10601915419101715,0.9300000071525574,0.7842000126838684
YDL150W,YLR316C,0,-1.2340835,0.10600706934928894,0.9300000071525574,0.7843000292778015
YOR288C,YDR264C,0,-1.2345304,0.10599498450756073,0.9300000071525574,0.7843999862670898
YPL275W,YKR050W,0,-1.234711,0.10598290711641312,0.9300000071525574,0.784500002861023
YIL079C,YFL021W,0,-1.2349566,0.1059708297252655,0.9300000071525574,0.784600019454956
YPR204W,YDR484W,0,-1.2350422,0.10595875233411789,0.9300000071525574,0.7846999764442444
YHL047C,YFL001W,0,-1.235252,0.10594668239355087,0.9300000071525574,0.7847999930381775
YOL028C,YLR172C,0,-1.2354323,0.10593461990356445,0.9300000071525574,0.7849000096321106
YJL006C,YKL167C,0,-1.2356801,0.10592254996299744,0.9300000071525574,0.7850000262260437
YER110C,YGR229C,0,-1.2358735,0.10591048747301102,0.9300000071525574,0.785099983215332
YPL153C,YKL179C,0,-1.2358891,0.1058984249830246,0.9300000071525574,0.7851999998092651
YMR239C,YDR302W,0,-1.236606,0.10588636994361877,0.9300000071525574,0.7853000164031982
YNL002C,YOR290C,0,-1.2368491,0.10587431490421295,0.9300000071525574,0.7853999733924866
YNL154C,YEL059C-A,0,-1.2370583,0.10586226731538773,0.9300000071525574,0.7854999899864197
YPL128C,YLR158C,0,-1.2370698,0.1058502197265625,0.9300000071525574,0.7856000065803528
YGR037C,YBR166C,0,-1.2371732,0.10583817213773727,0.9300000071525574,0.7857000231742859
YDR358W,YHR116W,0,-1.2372056,0.10582612454891205,0.9300000071525574,0.7857999801635742
YMR079W,YBR271W,0,-1.2372922,0.10581408441066742,0.9300000071525574,0.7858999967575073
YGL011C,YLL029W,0,-1.2373651,0.10580204427242279,0.9300000071525574,0.7860000133514404
YOL103W,YML112W,0,-1.2373904,0.10579001158475876,0.9300000071525574,0.7860999703407288
YIL113W,YNL299W,0,-1.2375242,0.10577797889709473,0.9300000071525574,0.7861999869346619
YAL002W,YNL326C,1,-1.2380797,0.10587967932224274,0.9309999942779541,0.7861999869346619
YKL049C,YLL015W,0,-1.238355,0.10586763918399811,0.9309999942779541,0.786300003528595
YCR003W,YGL033W,0,-1.2388588,0.10585559904575348,0.9309999942779541,0.7864000201225281
YJR066W,YDR090C,0,-1.2396213,0.10584356635808945,0.9309999942779541,0.7864999771118164
YJL225C,YNL230C,0,-1.2396923,0.10583153367042542,0.9309999942779541,0.7865999937057495
YJR057W,YMR104C,0,-1.2401696,0.10581950098276138,0.9309999942779541,0.7867000102996826
YDR255C,YBL042C,0,-1.2402735,0.10580747574567795,0.9309999942779541,0.7868000268936157
YLR291C,YIL066C,0,-1.2403525,0.10579545795917511,0.9309999942779541,0.786899983882904
YML130C,YGR036C,0,-1.2405273,0.10578343272209167,0.9309999942779541,0.7870000004768372
YIL006W,YHR017W,0,-1.2406313,0.10577141493558884,0.9309999942779541,0.7871000170707703
YOR033C,YIL101C,0,-1.2411826,0.105759397149086,0.9309999942779541,0.7871999740600586
YNL239W,YDR184C,0,-1.241525,0.10574738681316376,0.9309999942779541,0.7872999906539917
YOR126C,YER166W,0,-1.2415622,0.10573537647724152,0.9309999942779541,0.7874000072479248
YCR060W,YBR084W,0,-1.2422191,0.10572337359189987,0.9309999942779541,0.7875000238418579
YBR214W,YGR281W,0,-1.2422391,0.10571136325597763,0.9309999942779541,0.7875999808311462
YOL149W,YCR073C,0,-1.2424308,0.10569936782121658,0.9309999942779541,0.7876999974250793
YPL019C,YOR326W,1,-1.2425135,0.10580088198184967,0.9319999814033508,0.7876999974250793
YNR036C,YBL068W,0,-1.2430738,0.10578887909650803,0.9319999814033508,0.7878000140190125
YDR432W,YDR483W,0,-1.2431647,0.10577686876058578,0.9319999814033508,0.7878999710083008
YKL208W,YER118C,0,-1.2438084,0.10576486587524414,0.9319999814033508,0.7879999876022339
YGR152C,YKL024C,0,-1.2441415,0.1057528629899025,0.9319999814033508,0.788100004196167
YHR077C,YDL140C,0,-1.244285,0.10574086755514145,0.9319999814033508,0.7882000207901001
YPL085W,YJR093C,0,-1.2450441,0.1057288721203804,0.9319999814033508,0.7882999777793884
YFL029C,YDR146C,0,-1.245052,0.10571687668561935,0.9319999814033508,0.7883999943733215
YLR139C,YDR520C,0,-1.2451668,0.1057048887014389,0.9319999814033508,0.7885000109672546
YPR112C,YIR033W,0,-1.2455424,0.10569290071725845,0.9319999814033508,0.7886000275611877
YCR023C,YOL146W,0,-1.2455529,0.105680912733078,0.9319999814033508,0.7886999845504761
YGL180W,YGL212W,1,-1.2456225,0.10578231513500214,0.9330000281333923,0.7886999845504761
YJL113W,YOR283W,0,-1.2462494,0.10577031970024109,0.9330000281333923,0.7888000011444092
YPR009W,YDL148C,0,-1.2466334,0.10575833171606064,0.9330000281333923,0.7889000177383423
YER069W,YNL070W,0,-1.2467363,0.10574634373188019,0.9330000281333923,0.7889999747276306
YHR105W,YGL156W,0,-1.2470976,0.10573436319828033,0.9330000281333923,0.7890999913215637
YDL149W,YNL015W,1,-1.2476903,0.1058356910943985,0.9340000152587891,0.7890999913215637
YDL205C,YNL218W,0,-1.2483736,0.10582370311021805,0.9340000152587891,0.7892000079154968
YGR023W,YBR241C,0,-1.2488939,0.1058117151260376,0.9340000152587891,0.7893000245094299
YKR071C,YPL266W,0,-1.2490245,0.10579972714185715,0.9340000152587891,0.7893999814987183
YOR037W,YDR139C,0,-1.2495708,0.1057877466082573,0.9340000152587891,0.7894999980926514
YMR269W,YDR311W,0,-1.249704,0.10577576607465744,0.9340000152587891,0.7896000146865845
YNL046W,YDR495C,0,-1.2501471,0.10576378554105759,0.9340000152587891,0.7896999716758728
YBR128C,YAL017W,0,-1.2501906,0.10575181245803833,0.9340000152587891,0.7897999882698059
YDR051C,YPR049C,0,-1.2501911,0.10573983937501907,0.9340000152587891,0.789900004863739
YBR265W,YJL020C,0,-1.2504784,0.10572786629199982,0.9340000152587891,0.7900000214576721
YOR315W,YER048C,0,-1.2507123,0.10571590065956116,0.9340000152587891,0.7900999784469604
YOR389W,YDR531W,0,-1.2511702,0.1057039350271225,0.9340000152587891,0.7901999950408936
YPR192W,YML095C,0,-1.2517651,0.10569197684526443,0.9340000152587891,0.7903000116348267
YER078C,YPL139C,0,-1.2526121,0.10568001866340637,0.9340000152587891,0.7904000282287598
YOL077C,YOR085W,0,-1.2526225,0.10566806048154831,0.9340000152587891,0.7904999852180481
YLR127C,YLR355C,0,-1.253077,0.10565610975027084,0.9340000152587891,0.7906000018119812
YOL092W,YDR400W,0,-1.2537426,0.10564415901899338,0.9340000152587891,0.7907000184059143
YNL001W,YLR138W,0,-1.2549738,0.10563220828771591,0.9340000152587891,0.7907999753952026
YMR235C,YBR026C,0,-1.2549933,0.10562026500701904,0.9340000152587891,0.7908999919891357
YOR178C,YNL149C,0,-1.2552766,0.10560832172632217,0.9340000152587891,0.7910000085830688
YOR150W,YPR070W,0,-1.2555177,0.1055963784456253,0.9340000152587891,0.791100025177002
YBR041W,YML091C,0,-1.2558142,0.10558444261550903,0.9340000152587891,0.7911999821662903
YER169W,YKL004W,0,-1.2560748,0.10557250678539276,0.9340000152587891,0.7912999987602234
YOL066C,YOR174W,0,-1.2562152,0.10556057840585709,0.9340000152587891,0.7914000153541565
YAL034W-A,YGR106C,0,-1.2562721,0.10554865002632141,0.9340000152587891,0.7914999723434448
YDR104C,YMR114C,0,-1.2562927,0.10553672164678574,0.9340000152587891,0.7915999889373779
YHR079C-A,YML115C,0,-1.256368,0.10552480071783066,0.9340000152587891,0.791700005531311
YOR084W,YCL066W,0,-1.2567577,0.10551287978887558,0.9340000152587891,0.7918000221252441
YJL099W,YHR143W,0,-1.2572618,0.1055009588599205,0.9340000152587891,0.7918999791145325
YHR052W,YLR138W,0,-1.2575252,0.10548904538154602,0.9340000152587891,0.7919999957084656
YDL092W,YGL020C,0,-1.2576631,0.10547713190317154,0.9340000152587891,0.7921000123023987
YNL154C,YPR082C,0,-1.257847,0.10546521842479706,0.9340000152587891,0.7922000288963318
YLR440C,YPL270W,0,-1.2584026,0.10545331239700317,0.9340000152587891,0.7922999858856201
YMR065W,YPR189W,0,-1.258519,0.10544140636920929,0.9340000152587891,0.7924000024795532
YOR130C,YLR145W,0,-1.2587054,0.105429507791996,0.9340000152587891,0.7925000190734863
YIL129C,YDR077W,0,-1.258768,0.10541760921478271,0.9340000152587891,0.7925999760627747
YDL007W,YMR014W,0,-1.2592098,0.10540571063756943,0.9340000152587891,0.7926999926567078
YMR150C,YOR226C,0,-1.2592889,0.10539381951093674,0.9340000152587891,0.7928000092506409
YBR042C,YJR090C,0,-1.2595866,0.10538192838430405,0.9340000152587891,0.792900025844574
YGR074W,YPR137W,0,-1.2599777,0.10537003725767136,0.9340000152587891,0.7929999828338623
YNL189W,YER021W,0,-1.2601796,0.10535815358161926,0.9340000152587891,0.7930999994277954
YOR256C,YDR139C,0,-1.2605464,0.10534626990556717,0.9340000152587891,0.7932000160217285
YGR155W,YNL339C,0,-1.2605711,0.10533438622951508,0.9340000152587891,0.7932999730110168
YMR307W,YNL064C,0,-1.2611517,0.10532251000404358,0.9340000152587891,0.79339998960495
YIL085C,YBL106C,0,-1.261885,0.10531063377857208,0.9340000152587891,0.7935000061988831
YKR080W,YKR050W,0,-1.2619084,0.10529875755310059,0.9340000152587891,0.7936000227928162
YDR126W,YHR138C,1,-1.2624872,0.10539961606264114,0.9350000023841858,0.7936000227928162
YDR210W,YBR093C,0,-1.2625664,0.10538773983716965,0.9350000023841858,0.7936999797821045
YPR058W,YFL010W-A,0,-1.2628292,0.10537585616111755,0.9350000023841858,0.7937999963760376
YOL117W,YPL192C,0,-1.2630472,0.10536398738622665,0.9350000023841858,0.7939000129699707
YDR486C,YNL189W,0,-1.2631315,0.10535211116075516,0.9350000023841858,0.7940000295639038
YKL124W,YGR239C,0,-1.2642347,0.10534024238586426,0.9350000023841858,0.7940999865531921
YPL038W,YDR310C,0,-1.2643485,0.10532837361097336,0.9350000023841858,0.7942000031471252
YJL178C,YAL002W,1,-1.2645088,0.10542915016412735,0.9359999895095825,0.7942000031471252
YFL034C-B,YBR280C,0,-1.2647728,0.10541727393865585,0.9359999895095825,0.7943000197410583
YPR101W,YPL274W,0,-1.264898,0.10540540516376495,0.9359999895095825,0.7943999767303467
YER150W,YNL092W,0,-1.2651485,0.10539353638887405,0.9359999895095825,0.7944999933242798
YKL195W,YLR103C,0,-1.265323,0.10538166761398315,0.9359999895095825,0.7946000099182129
YPL069C,YHR021C,0,-1.2653657,0.10536980628967285,0.9359999895095825,0.794700026512146
YIL082W-A,YPL231W,0,-1.265457,0.10535794496536255,0.9359999895095825,0.7947999835014343
YDR443C,YDR454C,0,-1.2657307,0.10534609109163284,0.9359999895095825,0.7949000000953674
YBR087W,YDL039C,0,-1.2658958,0.10533423721790314,0.9359999895095825,0.7950000166893005
YOL038W,YER007W,0,-1.2659339,0.10532238334417343,0.9359999895095825,0.7950999736785889
YOR346W,YDL043C,0,-1.266083,0.10531052947044373,0.9359999895095825,0.795199990272522
YIL127C,YPL155C,0,-1.2662023,0.10529868304729462,0.9359999895095825,0.7953000068664551
YDR126W,YKL051W,1,-1.2662454,0.10539932548999786,0.9369999766349792,0.7953000068664551
YNL139C,YBL084C,0,-1.2664384,0.10538747161626816,0.9369999766349792,0.7954000234603882
YOR143C,YIL150C,0,-1.2664964,0.10537561774253845,0.9369999766349792,0.7954999804496765
YJR032W,YLR009W,0,-1.2665875,0.10536377131938934,0.9369999766349792,0.7955999970436096
YBR004C,YBL058W,0,-1.2672267,0.10535192489624023,0.9369999766349792,0.7957000136375427
YNL128W,YOR028C,0,-1.2675009,0.10534007847309113,0.9369999766349792,0.795799970626831
YPR201W,YJL204C,0,-1.267588,0.10532823950052261,0.9369999766349792,0.7958999872207642
YGR128C,YER171W,0,-1.2683538,0.1053164005279541,0.9369999766349792,0.7960000038146973
YDR522C,YKL082C,0,-1.2690674,0.10530456155538559,0.9369999766349792,0.7961000204086304
YJL143W,YJR033C,0,-1.2694304,0.10529273003339767,0.9369999766349792,0.7961999773979187
YNL209W,YAL040C,0,-1.2694639,0.10528089851140976,0.9369999766349792,0.7962999939918518
YMR218C,YER180C,0,-1.2705775,0.10526907444000244,0.9369999766349792,0.7964000105857849
YDL077C,YPL100W,1,-1.2712259,0.10536958277225494,0.9380000233650208,0.7964000105857849
YNL293W,YLL023C,0,-1.2718494,0.10535774379968643,0.9380000233650208,0.796500027179718
YPL118W,YMR228W,0,-1.2718855,0.10534591227769852,0.9380000233650208,0.7965999841690063
YPL244C,YLL045C,0,-1.2724193,0.1053340807557106,0.9380000233650208,0.7967000007629395
YFL050C,YJL191W,0,-1.2729024,0.10532225668430328,0.9380000233650208,0.7968000173568726
YKL100C,YHL008C,0,-1.2731191,0.10531043261289597,0.9380000233650208,0.7968999743461609
YCR048W,YGL001C,0,-1.2735339,0.10529860854148865,0.9380000233650208,0.796999990940094
YBR207W,YLR278C,0,-1.2735447,0.10528679192066193,0.9380000233650208,0.7971000075340271
YDR322W,YBR243C,0,-1.2739583,0.1052749752998352,0.9380000233650208,0.7972000241279602
YLR093C,YPR049C,1,-1.274676,0.10537537932395935,0.9390000104904175,0.7972000241279602
YGL213C,YNL191W,0,-1.2753735,0.10536355525255203,0.9390000104904175,0.7972999811172485
YLR182W,YLR244C,0,-1.2753798,0.10535173118114471,0.9390000104904175,0.7973999977111816
YMR311C,YMR123W,0,-1.2758328,0.105339914560318,0.9390000104904175,0.7975000143051147
YML125C,YER003C,0,-1.275965,0.10532809793949127,0.9390000104904175,0.7975999712944031
YOR085W,YLR098C,0,-1.2762661,0.10531628876924515,0.9390000104904175,0.7976999878883362
YDL201W,YDL143W,0,-1.2766079,0.10530447214841843,0.9390000104904175,0.7978000044822693
YJR015W,YOR270C,0,-1.2772199,0.1052926629781723,0.9390000104904175,0.7979000210762024
YBL054W,YHR200W,0,-1.2778516,0.10528086125850677,0.9390000104904175,0.7979999780654907
YOR346W,YMR305C,0,-1.2778707,0.10526905953884125,0.9390000104904175,0.7980999946594238
YLR147C,YER120W,0,-1.2781043,0.10525725781917572,0.9390000104904175,0.7982000112533569
YBL100W-A,YOL010W,0,-1.2784917,0.10524546355009079,0.9390000104904175,0.79830002784729
YNL197C,YEL043W,0,-1.2786211,0.10523366928100586,0.9390000104904175,0.7983999848365784
YOL028C,YKR013W,0,-1.2788337,0.10522187501192093,0.9390000104904175,0.7985000014305115
YBR068C,YPR048W,0,-1.2791513,0.105210080742836,0.9390000104904175,0.7986000180244446
YJR051W,YLR405W,0,-1.2798401,0.10519829392433167,0.9390000104904175,0.7986999750137329
YOR076C,YLR009W,0,-1.2803692,0.10518651455640793,0.9390000104904175,0.798799991607666
YAL035W,YOR344C,0,-1.2803774,0.1051747277379036,0.9390000104904175,0.7989000082015991
YDR499W,YBR237W,0,-1.2804685,0.10516295582056046,0.9390000104904175,0.7990000247955322
YKR020W,YML097C,0,-1.2808611,0.10515117645263672,0.9390000104904175,0.7990999817848206
YGR188C,YNL159C,0,-1.2818046,0.10513940453529358,0.9390000104904175,0.7991999983787537
YDL127W,YDR432W,0,-1.2825667,0.10512763261795044,0.9390000104904175,0.7993000149726868
YDR331W,YBR080C,0,-1.2827531,0.1051158607006073,0.9390000104904175,0.7993999719619751
YJL072C,YDR339C,0,-1.2832724,0.10510409623384476,0.9390000104904175,0.7994999885559082
YHR121W,YOR080W,0,-1.2832844,0.10509233176708221,0.9390000104904175,0.7996000051498413
YGR287C,YLR136C,0,-1.2835457,0.10508057475090027,0.9390000104904175,0.7997000217437744
YDR126W,YOR326W,1,-1.2837182,0.10518071055412292,0.9399999976158142,0.7997000217437744
YLR005W,YDL064W,0,-1.283815,0.10516893863677979,0.9399999976158142,0.7997999787330627
YLR096W,YNL244C,0,-1.2840089,0.10515717417001724,0.9399999976158142,0.7998999953269958
YBR275C,YML015C,0,-1.2851014,0.1051454171538353,0.9399999976158142,0.800000011920929
YGR184C,YJR137C,0,-1.2853212,0.10513365268707275,0.9399999976158142,0.8001000285148621
YJR126C,YER002W,0,-1.2854848,0.10512189567089081,0.9399999976158142,0.8001999855041504
YOR243C,YJR021C,0,-1.2864012,0.10511013865470886,0.9399999976158142,0.8003000020980835
YBR002C,YPR022C,0,-1.2864313,0.10509838908910751,0.9399999976158142,0.8004000186920166
YDR126W,YJL012C,1,-1.2865002,0.105198435485363,0.9409999847412109,0.8004000186920166
YGL094C,YBR257W,0,-1.2870468,0.10518667846918106,0.9409999847412109,0.8004999756813049
YDR083W,YML085C,0,-1.2870675,0.10517492145299911,0.9409999847412109,0.800599992275238
YLR228C,YGR171C,0,-1.287104,0.10516316443681717,0.9409999847412109,0.8007000088691711
YDR228C,YDR534C,0,-1.2874459,0.10515141487121582,0.9409999847412109,0.8008000254631042
YKL038W,YFR046C,0,-1.2875935,0.10513966530561447,0.9409999847412109,0.8008999824523926
YMR128W,YMR146C,0,-1.287765,0.10512791574001312,0.9409999847412109,0.8009999990463257
YJL187C,YIL168W,0,-1.2888801,0.10511617362499237,0.9409999847412109,0.8011000156402588
YGL060W,YBL066C,0,-1.2892256,0.10510443150997162,0.9409999847412109,0.8011999726295471
YCR011C,YOL093W,0,-1.289251,0.10509269684553146,0.9409999847412109,0.8012999892234802
YHR186C,YDR487C,0,-1.2898622,0.10508096218109131,0.9409999847412109,0.8014000058174133
YDL058W,YHR062C,0,-1.2902596,0.10506922751665115,0.9409999847412109,0.8015000224113464
YPL047W,YLR144C,0,-1.2903105,0.1050575003027916,0.9409999847412109,0.8015999794006348
YMR160W,YGL227W,0,-1.2907895,0.10504576563835144,0.9409999847412109,0.8016999959945679
YLR396C,YDR495C,1,-1.2913705,0.105145663022995,0.9419999718666077,0.8016999959945679
YKR105C,YPL083C,0,-1.2914029,0.10513392835855484,0.9419999718666077,0.801800012588501
YBR088C,YPL177C,0,-1.2914497,0.10512219369411469,0.9419999718666077,0.8019000291824341
YBL106C,YEL054C,0,-1.2914771,0.10511046648025513,0.9419999718666077,0.8019999861717224
YIL134W,YPL212C,0,-1.2925153,0.10509873926639557,0.9419999718666077,0.8021000027656555
YPL026C,YGR148C,0,-1.2925354,0.10508701205253601,0.9419999718666077,0.8022000193595886
YDL168W,YMR171C,0,-1.2928053,0.10507529228925705,0.9419999718666077,0.802299976348877
YMR154C,YNL330C,0,-1.2928275,0.10506357252597809,0.9419999718666077,0.8023999929428101
YOR116C,YOL155C,0,-1.2937307,0.10505186021327972,0.9419999718666077,0.8025000095367432
YEL034W,YJL047C,0,-1.2938244,0.10504014045000076,0.9419999718666077,0.8026000261306763
YGR013W,YDR486C,0,-1.2941225,0.1050284281373024,0.9419999718666077,0.8026999831199646
YOR188W,YOR228C,0,-1.2941614,0.10501672327518463,0.9419999718666077,0.8027999997138977
YGR188C,YGL148W,0,-1.294695,0.10500501841306686,0.9419999718666077,0.8029000163078308
YOR126C,YBR126C,0,-1.2947513,0.1049933135509491,0.9419999718666077,0.8029999732971191
YCL063W,YDR080W,1,-1.2951807,0.10509305447340012,0.9430000185966492,0.8029999732971191
YPL065W,YDR520C,0,-1.2952832,0.10508134961128235,0.9430000185966492,0.8030999898910522
YGR159C,YHR179W,0,-1.2953736,0.10506963729858398,0.9430000185966492,0.8032000064849854
YPL022W,YJL014W,0,-1.2954923,0.10505793243646622,0.9430000185966492,0.8033000230789185
YNL271C,YIL078W,0,-1.2958068,0.10504622757434845,0.9430000185966492,0.8033999800682068
YJR139C,YMR309C,0,-1.2958083,0.10503453016281128,0.9430000185966492,0.8034999966621399
YGR143W,YDR147W,0,-1.2961468,0.10502283275127411,0.9430000185966492,0.803600013256073
YIL079C,YOL108C,0,-1.2962475,0.10501113533973694,0.9430000185966492,0.8036999702453613
YIR018W,YOR106W,0,-1.2966453,0.10499944537878036,0.9430000185966492,0.8037999868392944
YNL101W,YBR008C,0,-1.296704,0.10498775541782379,0.9430000185966492,0.8039000034332275
YLR396C,YDL014W,0,-1.297411,0.10497606545686722,0.9430000185966492,0.8040000200271606
YFL022C,YGL137W,0,-1.2974838,0.10496438294649124,0.9430000185966492,0.804099977016449
YCR067C,YPL048W,0,-1.2985036,0.10495270043611526,0.9430000185966492,0.8041999936103821
YGR076C,YIL128W,0,-1.2986408,0.10494101792573929,0.9430000185966492,0.8043000102043152
YBR068C,YGR215W,0,-1.2989441,0.10492934286594391,0.9430000185966492,0.8044000267982483
YHR066W,YDR251W,0,-1.2989764,0.10491766780614853,0.9430000185966492,0.8044999837875366
YIL039W,YOL093W,0,-1.2990556,0.10490599274635315,0.9430000185966492,0.8046000003814697
YKL042W,YDR022C,0,-1.2991513,0.10489432513713837,0.9430000185966492,0.8047000169754028
YGL141W,YIL127C,0,-1.299575,0.10488265752792358,0.9430000185966492,0.8047999739646912
YOL028C,YPL240C,0,-1.2996551,0.1048709973692894,0.9430000185966492,0.8048999905586243
YAL038W,YLL054C,0,-1.2996924,0.10485933721065521,0.9430000185966492,0.8050000071525574
YER140W,YEL053C,0,-1.29987,0.10484767705202103,0.9430000185966492,0.8051000237464905
YKL024C,YEL021W,0,-1.3000695,0.10483601689338684,0.9430000185966492,0.8051999807357788
YAL047C,YOR368W,0,-1.3008837,0.10482436418533325,0.9430000185966492,0.8052999973297119
YNL280C,YAL022C,0,-1.3009484,0.10481271892786026,0.9430000185966492,0.805400013923645
YNL015W,YOR388C,0,-1.3010216,0.10480106621980667,0.9430000185966492,0.8054999709129333
YLR086W,YFR041C,0,-1.3011736,0.10478942096233368,0.9430000185966492,0.8055999875068665
YLR289W,YLR128W,0,-1.3013278,0.10477777570486069,0.9430000185966492,0.8057000041007996
YGR121C,YMR094W,0,-1.3013409,0.10476613789796829,0.9430000185966492,0.8058000206947327
YJR159W,YIR035C,0,-1.3014176,0.1047545000910759,0.9430000185966492,0.805899977684021
YLR404W,YMR016C,0,-1.3015947,0.1047428622841835,0.9430000185966492,0.8059999942779541
YMR093W,YDR524C,0,-1.3018101,0.1047312319278717,0.9430000185966492,0.8061000108718872
YDR527W,YER162C,0,-1.302302,0.1047196015715599,0.9430000185966492,0.8062000274658203
YKR044W,YNR041C,0,-1.3027962,0.10470797121524811,0.9430000185966492,0.8062999844551086
YOR389W,YPL208W,0,-1.3028356,0.1046963483095169,0.9430000185966492,0.8064000010490417
YDR415C,YAL023C,0,-1.3030086,0.1046847254037857,0.9430000185966492,0.8065000176429749
YBR258C,YDL231C,0,-1.3030111,0.1046731024980545,0.9430000185966492,0.8065999746322632
YOL091W,YJR101W,0,-1.3031248,0.1046614870429039,0.9430000185966492,0.8066999912261963
YPR079W,YMR169C,0,-1.3031772,0.1046498715877533,0.9430000185966492,0.8068000078201294
YFR005C,YLL012W,0,-1.3034229,0.10463826358318329,0.9430000185966492,0.8069000244140625
YMR285C,YDR488C,0,-1.3042288,0.10462664812803268,0.9430000185966492,0.8069999814033508
YNR041C,YPR098C,0,-1.3044555,0.10461504012346268,0.9430000185966492,0.8070999979972839
YER148W,YMR087W,0,-1.3045248,0.10460343956947327,0.9430000185966492,0.807200014591217
YNL147W,YFR041C,0,-1.304772,0.10459183901548386,0.9430000185966492,0.8072999715805054
YDL104C,YLR077W,0,-1.3047733,0.10458023846149445,0.9430000185966492,0.8073999881744385
YDL055C,YIL026C,0,-1.304833,0.10456863790750504,0.9430000185966492,0.8075000047683716
YOR003W,YNR028W,0,-1.3056647,0.10455704480409622,0.9430000185966492,0.8076000213623047
YNL270C,YOL101C,0,-1.3058246,0.10454545170068741,0.9430000185966492,0.807699978351593
YPR081C,YNL227C,0,-1.3058655,0.10453386604785919,0.9430000185966492,0.8077999949455261
YPL268W,YDR128W,0,-1.3060311,0.10452228039503098,0.9430000185966492,0.8079000115394592
YMR100W,YGR216C,0,-1.3061503,0.10451069474220276,0.9430000185966492,0.8080000281333923
YMR217W,YNL058C,0,-1.3063209,0.10449911653995514,0.9430000185966492,0.8080999851226807
YJR099W,YOR075W,0,-1.3063849,0.10448753833770752,0.9430000185966492,0.8082000017166138
YOR071C,YPL027W,0,-1.3065796,0.1044759601354599,0.9430000185966492,0.8083000183105469
YJL051W,YKR018C,0,-1.3079911,0.10446438193321228,0.9430000185966492,0.8083999752998352
YNL282W,YHR072W,0,-1.3080398,0.10445281118154526,0.9430000185966492,0.8084999918937683
YHL012W,YJL060W,0,-1.3082716,0.10444124788045883,0.9430000185966492,0.8086000084877014
YLR040C,YMR106C,0,-1.3084024,0.10442967712879181,0.9430000185966492,0.8087000250816345
YDR126W,YNL054W,1,-1.3099772,0.10452884435653687,0.9440000057220459,0.8087000250816345
YGL055W,YPL002C,0,-1.310387,0.10451727360486984,0.9440000057220459,0.8087999820709229
YDL029W,YJL034W,0,-1.3105131,0.10450570285320282,0.9440000057220459,0.808899998664856
YMR321C,YNL222W,0,-1.3114327,0.1044941321015358,0.9440000057220459,0.8090000152587891
YJL124C,YGR036C,0,-1.3114518,0.10448256880044937,0.9440000057220459,0.8090999722480774
YKL212W,YDL171C,0,-1.3114836,0.10447100549936295,0.9440000057220459,0.8091999888420105
YBR109C,YER072W,1,-1.3120226,0.10457009822130203,0.9449999928474426,0.8091999888420105
YNL101W,YIL128W,0,-1.3131173,0.10455852746963501,0.9449999928474426,0.8093000054359436
YBR192W,YML022W,0,-1.3133153,0.10454696416854858,0.9449999928474426,0.8094000220298767
YGR068C,YDR104C,0,-1.3135846,0.10453540086746216,0.9449999928474426,0.809499979019165
YNR017W,YGR159C,0,-1.3137546,0.10452383756637573,0.9449999928474426,0.8095999956130981
YFL039C,YPR049C,1,-1.3137647,0.10462287068367004,0.9459999799728394,0.8095999956130981
YIL041W,YER072W,1,-1.3141668,0.10472188144922256,0.9470000267028809,0.8095999956130981
YKL096W,YNL310C,0,-1.3143398,0.10471030324697495,0.9470000267028809,0.8097000122070312
YNL322C,YLR020C,0,-1.3151602,0.10469872504472733,0.9470000267028809,0.8098000288009644
YHR166C,YDR483W,0,-1.3153957,0.1046871542930603,0.9470000267028809,0.8098999857902527
YMR199W,YNL149C,0,-1.3153977,0.10467558354139328,0.9470000267028809,0.8100000023841858
YOR361C,YDR351W,0,-1.3154141,0.10466401278972626,0.9470000267028809,0.8101000189781189
YOR346W,YDL137W,0,-1.3158203,0.10465244948863983,0.9470000267028809,0.8101999759674072
YKL182W,YOL146W,0,-1.315821,0.1046408861875534,0.9470000267028809,0.8102999925613403
YHR152W,YHR052W,0,-1.3159626,0.10462932288646698,0.9470000267028809,0.8104000091552734
YML093W,YJL154C,0,-1.3161298,0.10461776703596115,0.9470000267028809,0.8105000257492065
YGL120C,YBR236C,0,-1.3166913,0.10460621118545532,0.9470000267028809,0.8105999827384949
YNL236W,YML046W,0,-1.3166928,0.1045946553349495,0.9470000267028809,0.810699999332428
YPL038W,YDR510W,0,-1.3173945,0.10458310693502426,0.9470000267028809,0.8108000159263611
YPL149W,YOR256C,0,-1.318075,0.10457155108451843,0.9470000267028809,0.8108999729156494
YPL008W,YLR212C,0,-1.3182852,0.1045600101351738,0.9470000267028809,0.8109999895095825
YML060W,YIL065C,0,-1.3185315,0.10454846173524857,0.9470000267028809,0.8111000061035156
YGR128C,YOL060C,0,-1.3192018,0.10453692823648453,0.9470000267028809,0.8112000226974487
YMR288W,YML042W,0,-1.319422,0.10452538728713989,0.9470000267028809,0.8112999796867371
YOR373W,YNL305C,0,-1.3194484,0.10451385378837585,0.9470000267028809,0.8113999962806702
YLR305C,YJL158C,0,-1.3198204,0.10450232028961182,0.9470000267028809,0.8115000128746033
YNL297C,YFR019W,0,-1.3199699,0.10449078679084778,0.9470000267028809,0.8116000294685364
YMR022W,YPL246C,0,-1.3201832,0.10447926074266434,0.9470000267028809,0.8116999864578247
YJL123C,YDL112W,0,-1.3202976,0.1044677346944809,0.9470000267028809,0.8118000030517578
YDR218C,YOL077C,0,-1.3205487,0.10445620864629745,0.9470000267028809,0.8119000196456909
YDR140W,YKR037C,0,-1.3205652,0.10444469004869461,0.9470000267028809,0.8119999766349792
YNL116W,YMR266W,0,-1.3208448,0.10443317145109177,0.9470000267028809,0.8120999932289124
YDR501W,YOL072W,0,-1.3214312,0.10442165285348892,0.9470000267028809,0.8122000098228455
YER016W,YBR171W,0,-1.3216254,0.10441014170646667,0.9470000267028809,0.8123000264167786
YDR421W,YKL021C,0,-1.3221836,0.10439863055944443,0.9470000267028809,0.8123999834060669
YDR354W,YOR377W,0,-1.3222154,0.10438712686300278,0.9470000267028809,0.8125
YEL061C,YMR223W,0,-1.3225902,0.10437562316656113,0.9470000267028809,0.8126000165939331
YHR058C,YCR054C,0,-1.3226489,0.10436411947011948,0.9470000267028809,0.8126999735832214
YLR304C,YNR015W,0,-1.3230964,0.10435261577367783,0.9470000267028809,0.8127999901771545
YBR068C,YGR175C,0,-1.3239782,0.10434111952781677,0.9470000267028809,0.8129000067710876
YOL103W,YPL069C,0,-1.3241686,0.10432962328195572,0.9470000267028809,0.8130000233650208
YPL112C,YLR213C,0,-1.3242847,0.10431813448667526,0.9470000267028809,0.8130999803543091
YJR004C,YOL006C,0,-1.3245479,0.10430663824081421,0.9470000267028809,0.8131999969482422
YJL125C,YMR199W,0,-1.325228,0.10429515689611435,0.9470000267028809,0.8133000135421753
YOL149W,YBR258C,0,-1.3254427,0.10428366810083389,0.9470000267028809,0.8133999705314636
YOL109W,YMR004W,0,-1.3261915,0.10427218675613403,0.9470000267028809,0.8134999871253967
YHR143W-A,YKR013W,0,-1.3262337,0.10426070541143417,0.9470000267028809,0.8136000037193298
YGR095C,YMR068W,0,-1.3262804,0.10424923151731491,0.9470000267028809,0.8137000203132629
YDR172W,YEL036C,0,-1.3265074,0.10423775762319565,0.9470000267028809,0.8137999773025513
YKL091C,YFL003C,0,-1.3268989,0.10422628372907639,0.9470000267028809,0.8138999938964844
YDL142C,YBR126C,0,-1.3271327,0.10421480983495712,0.9470000267028809,0.8140000104904175
YGL163C,YFR042W,0,-1.3273833,0.10420334339141846,0.9470000267028809,0.8141000270843506
YDR079W,YLR015W,0,-1.3279095,0.10419187694787979,0.9470000267028809,0.8141999840736389
YMR235C,YMR078C,0,-1.3279854,0.10418041795492172,0.9470000267028809,0.814300000667572
YBR021W,YNL080C,0,-1.328043,0.10416895896196365,0.9470000267028809,0.8144000172615051
YJL087C,YCR014C,0,-1.329108,0.10415749996900558,0.9470000267028809,0.8144999742507935
YBR098W,YKL059C,0,-1.3293437,0.10414604842662811,0.9470000267028809,0.8145999908447266
YHR128W,YPL252C,0,-1.3297453,0.10413459688425064,0.9470000267028809,0.8147000074386597
YOR301W,YKR002W,0,-1.3297924,0.10412314534187317,0.9470000267028809,0.8148000240325928
YJR032W,YNL289W,0,-1.3298113,0.1041116937994957,0.9470000267028809,0.8148999810218811
YOR077W,YNL259C,0,-1.329894,0.10410024970769882,0.9470000267028809,0.8149999976158142
YJL062W,YML032C,0,-1.329997,0.10408881306648254,0.9470000267028809,0.8151000142097473
YHR152W,YFL052W,0,-1.330056,0.10407736897468567,0.9470000267028809,0.8151999711990356
YFL008W,YDR020C,0,-1.3302906,0.10406593233346939,0.9470000267028809,0.8152999877929688
YMR172W,YJR002W,0,-1.3306733,0.10405450314283371,0.9470000267028809,0.8154000043869019
YOL147C,YJL036W,0,-1.3309014,0.10404306650161743,0.9470000267028809,0.815500020980835
YHR043C,YOR388C,0,-1.3310128,0.10403163731098175,0.9470000267028809,0.8155999779701233
YJL140W,YNL122C,0,-1.3311509,0.10402020812034607,0.9470000267028809,0.8156999945640564
YIL020C,YJL053W,0,-1.3312594,0.10400878638029099,0.9470000267028809,0.8158000111579895
YNR067C,YKR006C,0,-1.3315922,0.1039973646402359,0.9470000267028809,0.8159000277519226
YIR021W,YDL121C,0,-1.331705,0.10398594290018082,0.9470000267028809,0.8159999847412109
YBR286W,YNL085W,0,-1.3320884,0.10397452861070633,0.9470000267028809,0.816100001335144
YBR077C,YOL093W,0,-1.3323272,0.10396311432123184,0.9470000267028809,0.8162000179290771
YPL066W,YOR354C,0,-1.3323878,0.10395170003175735,0.9470000267028809,0.8162999749183655
YCL019W,YEL059C-A,0,-1.3324319,0.10394029319286346,0.9470000267028809,0.8163999915122986
YCR053W,YJR060W,0,-1.3326552,0.10392888635396957,0.9470000267028809,0.8165000081062317
YOR017W,YOL006C,0,-1.3330294,0.10391747951507568,0.9470000267028809,0.8166000247001648
YDR076W,YIL099W,0,-1.3330942,0.10390608012676239,0.9470000267028809,0.8166999816894531
YGL201C,YNR032W,0,-1.3331903,0.1038946807384491,0.9470000267028809,0.8167999982833862
YGR162W,YOL129W,0,-1.3340036,0.1038832813501358,0.9470000267028809,0.8169000148773193
YJL005W,YGR071C,0,-1.334263,0.1038718894124031,0.9470000267028809,0.8169999718666077
YNL326C,YOR226C,0,-1.3346403,0.10386049747467041,0.9470000267028809,0.8170999884605408
YNR054C,YLR135W,0,-1.3351059,0.10384910553693771,0.9470000267028809,0.8172000050544739
YBR012W-B,YML071C,0,-1.3353245,0.10383772104978561,0.9470000267028809,0.817300021648407
YKR010C,YGL128C,0,-1.3353375,0.10382633656263351,0.9470000267028809,0.8173999786376953
YNR018W,YPL226W,0,-1.3368616,0.10381495207548141,0.9470000267028809,0.8174999952316284
YLR378C,YGL033W,0,-1.3370715,0.10380357503890991,0.9470000267028809,0.8176000118255615
YDR330W,YNL128W,0,-1.3374082,0.10379219800233841,0.9470000267028809,0.8177000284194946
YCL027W,YKL186C,0,-1.3380976,0.1037808209657669,0.9470000267028809,0.817799985408783
YCL033C,YJL093C,0,-1.3381376,0.103769451379776,0.9470000267028809,0.8179000020027161
YMR045C,YIL067C,0,-1.3382083,0.1037580817937851,0.9470000267028809,0.8180000185966492
YJR094W-A,YDL056W,0,-1.3382232,0.10374671220779419,0.9470000267028809,0.8180999755859375
YDR508C,YJL046W,0,-1.3384408,0.10373535007238388,0.9470000267028809,0.8181999921798706
YBL112C,YOR083W,0,-1.3390394,0.10372398793697357,0.9470000267028809,0.8183000087738037
YCL063W,YNL054W,1,-1.3390932,0.10382214188575745,0.9480000138282776,0.8183000087738037
YOR076C,YLR216C,0,-1.3392756,0.10381077229976654,0.9480000138282776,0.8184000253677368
YJR092W,YDL207W,0,-1.3393995,0.10379941016435623,0.9480000138282776,0.8184999823570251
YOR145C,YJR032W,0,-1.3397139,0.10378804802894592,0.9480000138282776,0.8185999989509583
YOL142W,YOR231W,0,-1.3400513,0.10377668589353561,0.9480000138282776,0.8187000155448914
YDR312W,YMR083W,0,-1.3404328,0.1037653237581253,0.9480000138282776,0.8187999725341797
YNL339C,YGR276C,0,-1.3405772,0.1037539690732956,0.9480000138282776,0.8188999891281128
YGR128C,YHR172W,0,-1.3407903,0.10374261438846588,0.9480000138282776,0.8190000057220459
YOR355W,YDR453C,0,-1.3409513,0.10373125970363617,0.9480000138282776,0.819100022315979
YOR306C,YJR010C-A,0,-1.3416812,0.10371991246938705,0.9480000138282776,0.8191999793052673
YDR033W,YMR303C,0,-1.3420385,0.10370856523513794,0.9480000138282776,0.8192999958992004
YJR070C,YNL238W,0,-1.3420705,0.10369721800088882,0.9480000138282776,0.8194000124931335
YNL139C,YDR062W,0,-1.3421549,0.1036858782172203,0.9480000138282776,0.8195000290870667
YJR075W,YBL097W,0,-1.342291,0.10367453843355179,0.9480000138282776,0.819599986076355
YMR113W,YMR075W,0,-1.3426739,0.10366320610046387,0.9480000138282776,0.8197000026702881
YNL182C,YER025W,0,-1.3429495,0.10365186631679535,0.9480000138282776,0.8198000192642212
YDL043C,YMR033W,0,-1.3430281,0.10364054143428802,0.9480000138282776,0.8198999762535095
YBR231C,YNL169C,0,-1.3434365,0.1036292091012001,0.9480000138282776,0.8199999928474426
YOL052C,YNL153C,0,-1.3436602,0.10361788421869278,0.9480000138282776,0.8201000094413757
YLR074C,YEL004W,0,-1.3436941,0.10360655933618546,0.9480000138282776,0.8202000260353088
YML125C,YNL264C,0,-1.3440753,0.10359523445367813,0.9480000138282776,0.8202999830245972
YDL137W,YKR045C,0,-1.3446803,0.1035839170217514,0.9480000138282776,0.8203999996185303
YBR068C,YHR084W,0,-1.3453695,0.10357259958982468,0.9480000138282776,0.8205000162124634
YKL009W,YAL038W,0,-1.3454765,0.10356128215789795,0.9480000138282776,0.8205999732017517
YHR206W,YKR025W,0,-1.3461744,0.10354997217655182,0.9480000138282776,0.8206999897956848
YER006W,YJR058C,0,-1.3466033,0.10353866219520569,0.9480000138282776,0.8208000063896179
YER074W,YBR021W,0,-1.346639,0.10352735966444016,0.9480000138282776,0.820900022983551
YDR524C,YLR357W,0,-1.346928,0.10351604968309402,0.9480000138282776,0.8209999799728394
YGL254W,YLR034C,0,-1.346949,0.10350474715232849,0.9480000138282776,0.8210999965667725
YOL070C,YAR003W,0,-1.3473185,0.10349345207214355,0.9480000138282776,0.8212000131607056
YEL022W,YLR357W,0,-1.3475384,0.10348214954137802,0.9480000138282776,0.8213000297546387
YIL061C,YBR238C,0,-1.3475617,0.10347085446119308,0.9480000138282776,0.821399986743927
YOR141C,YGR241C,0,-1.347651,0.10345956683158875,0.9480000138282776,0.8215000033378601
YOR231W,YKR001C,0,-1.347677,0.1034482792019844,0.9480000138282776,0.8216000199317932
YJL056C,YOR075W,0,-1.3480576,0.10343699157238007,0.9480000138282776,0.8216999769210815
YOR315W,YPL101W,0,-1.3481313,0.10342570394277573,0.9480000138282776,0.8217999935150146
YKL198C,YKR067W,0,-1.3482741,0.10341442376375198,0.9480000138282776,0.8219000101089478
YOR298C-A,YLR070C,0,-1.3483542,0.10340314358472824,0.9480000138282776,0.8220000267028809
YMR130W,YML026C,0,-1.3486909,0.1033918634057045,0.9480000138282776,0.8220999836921692
YKR010C,YPL211W,0,-1.3487233,0.10338059067726135,0.9480000138282776,0.8222000002861023
YLR057W,YOR257W,0,-1.3487606,0.1033693179488182,0.9480000138282776,0.8223000168800354
YAL021C,YKL112W,0,-1.3487648,0.10335804522037506,0.9480000138282776,0.8223999738693237
YPL124W,YKL089W,0,-1.349743,0.10334677994251251,0.9480000138282776,0.8224999904632568
YNL329C,YKR002W,0,-1.3515059,0.10333551466464996,0.9480000138282776,0.8226000070571899
YDR080W,YNL326C,1,-1.3515323,0.10343324393033981,0.9490000009536743,0.8226000070571899
YOR066W,YDL202W,0,-1.3517689,0.10342197120189667,0.9490000009536743,0.822700023651123
YJR005W,YDR311W,0,-1.3520056,0.10341069847345352,0.9490000009536743,0.8227999806404114
YHR057C,YHR123W,0,-1.3531958,0.10339943319559097,0.9490000009536743,0.8228999972343445
YLR008C,YCR094W,0,-1.3532515,0.10338816791772842,0.9490000009536743,0.8230000138282776
YNL030W,YNR011C,0,-1.3533052,0.10337690263986588,0.9490000009536743,0.8230999708175659
YBR079C,YDL129W,0,-1.3536073,0.10336564481258392,0.9490000009536743,0.823199987411499
YLR385C,YNL339C,0,-1.3537108,0.10335438698530197,0.9490000009536743,0.8233000040054321
YJL002C,YDR180W,0,-1.3538008,0.10334313660860062,0.9490000009536743,0.8234000205993652
YJR065C,YOR188W,0,-1.3539255,0.10333187878131866,0.9490000009536743,0.8234999775886536
YJL104W,YGR200C,0,-1.3539368,0.10332062840461731,0.9490000009536743,0.8235999941825867
YDL130W,YHR216W,0,-1.3541274,0.10330938547849655,0.9490000009536743,0.8237000107765198
YFL010W-A,YEL029C,0,-1.3545107,0.1032981351017952,0.9490000009536743,0.8238000273704529
YPR201W,YJL006C,0,-1.354622,0.10328689962625504,0.9490000009536743,0.8238999843597412
YOR030W,YPR058W,0,-1.3547529,0.10327565670013428,0.9490000009536743,0.8240000009536743
YIL110W,YNL077W,0,-1.3549432,0.10326442122459412,0.9490000009536743,0.8241000175476074
YDR409W,YBL005W-B,0,-1.3551117,0.10325318574905396,0.9490000009536743,0.8241999745368958
YMR128W,YGR268C,0,-1.355267,0.1032419502735138,0.9490000009536743,0.8242999911308289
YDR143C,YOL019W,0,-1.3557249,0.10323072224855423,0.9490000009536743,0.824400007724762
YLR051C,YER083C,0,-1.3559464,0.10321949422359467,0.9490000009536743,0.8245000243186951
YCL027W,YJL138C,0,-1.3562346,0.1032082661986351,0.9490000009536743,0.8245999813079834
YER110C,YGL208W,0,-1.3565186,0.10319704562425613,0.9490000009536743,0.8246999979019165
YJL109C,YMR106C,0,-1.3568927,0.10318582504987717,0.9490000009536743,0.8248000144958496
YDR312W,YKL211C,0,-1.357423,0.1031746044754982,0.9490000009536743,0.8248999714851379
YOR100C,YJL210W,0,-1.3582579,0.10316338390111923,0.9490000009536743,0.824999988079071
YOR047C,YML095C,0,-1.3590307,0.10315217077732086,0.9490000009536743,0.8251000046730042
YOR030W,YFL033C,0,-1.3592814,0.10314096510410309,0.9490000009536743,0.8252000212669373
YHR077C,YDR373W,0,-1.3593894,0.10312975198030472,0.9490000009536743,0.8252999782562256
YPR061C,YGL203C,0,-1.3595923,0.10311854630708694,0.9490000009536743,0.8253999948501587
YOR336W,YDL045C,0,-1.3596892,0.10310734808444977,0.9490000009536743,0.8255000114440918
YPL124W,YAL062W,0,-1.3599788,0.103096142411232,0.9490000009536743,0.8256000280380249
YKL007W,YFR028C,0,-1.3599838,0.10308494418859482,0.9490000009536743,0.8256999850273132
YNL037C,YBR139W,0,-1.3613518,0.10307374596595764,0.9490000009536743,0.8258000016212463
YPR043W,YOR179C,0,-1.3619441,0.10306255519390106,0.9490000009536743,0.8259000182151794
YJL090C,YKR080W,0,-1.3621231,0.10305136442184448,0.9490000009536743,0.8259999752044678
YLL035W,YBR092C,0,-1.3622849,0.1030401736497879,0.9490000009536743,0.8260999917984009
YBR066C,YBR123C,0,-1.3624493,0.10302899032831192,0.9490000009536743,0.826200008392334
YGL133W,YDR224C,0,-1.3626326,0.10301779955625534,0.9490000009536743,0.8263000249862671
YDR067C,YPR122W,0,-1.3626643,0.10300662368535995,0.9490000009536743,0.8263999819755554
YLR074C,YCR034W,0,-1.3631026,0.10299544036388397,0.9490000009536743,0.8264999985694885
YPR096C,YDR084C,0,-1.3640429,0.10298426449298859,0.9490000009536743,0.8266000151634216
YFL021W,YNL151C,0,-1.3645824,0.1029730886220932,0.9490000009536743,0.82669997215271
YJR057W,YJR013W,0,-1.3649975,0.10296192020177841,0.9490000009536743,0.8267999887466431
YOR229W,YPL204W,0,-1.3656346,0.10295075178146362,0.9490000009536743,0.8269000053405762
YIL138C,YLR385C,0,-1.3658253,0.10293958336114883,0.9490000009536743,0.8270000219345093
YKL108W,YDL010W,0,-1.3659741,0.10292841494083405,0.9490000009536743,0.8270999789237976
YOR201C,YER164W,0,-1.3662112,0.10291725397109985,0.9490000009536743,0.8271999955177307
YCL031C,YOL005C,0,-1.366418,0.10290609300136566,0.9490000009536743,0.8273000121116638
YOR010C,YNL099C,0,-1.3666376,0.10289493948221207,0.9490000009536743,0.8274000287055969
YMR291W,YMR235C,0,-1.3667907,0.10288377851247787,0.9490000009536743,0.8274999856948853
YJL178C,YDR229W,1,-1.3676866,0.10298103094100952,0.949999988079071,0.8274999856948853
YHL034C,YDR310C,0,-1.3677263,0.10296986997127533,0.949999988079071,0.8276000022888184
YJR083C,YPR111W,0,-1.3678855,0.10295870900154114,0.949999988079071,0.8277000188827515
YLR086W,YDR067C,0,-1.3680185,0.10294754803180695,0.949999988079071,0.8277999758720398
YBR135W,YPR070W,0,-1.3681848,0.10293639451265335,0.949999988079071,0.8278999924659729
YBR172C,YNL127W,0,-1.3685907,0.10292524099349976,0.949999988079071,0.828000009059906
YDR337W,YDR086C,0,-1.3695474,0.10291409492492676,0.949999988079071,0.8281000256538391
YDL051W,YLR264W,0,-1.3701297,0.10290294885635376,0.949999988079071,0.8281999826431274
YJL190C,YMR257C,0,-1.3701686,0.10289180278778076,0.949999988079071,0.8282999992370605
YGR052W,YCL024W,0,-1.3702575,0.10288065671920776,0.949999988079071,0.8284000158309937
YNR007C,YBL050W,1,-1.3707658,0.10297780483961105,0.9509999752044678,0.8284000158309937
YFL039C,YAL024C,0,-1.3711636,0.10296665132045746,0.9509999752044678,0.828499972820282
YOL054W,YGR268C,0,-1.371199,0.10295550525188446,0.9509999752044678,0.8285999894142151
YCL063W,YML001W,1,-1.3719612,0.10305260866880417,0.9520000219345093,0.8285999894142151
YDR084C,YBR215W,0,-1.371991,0.10304145514965057,0.9520000219345093,0.8287000060081482
YBR176W,YKR009C,0,-1.372218,0.10303030163049698,0.9520000219345093,0.8288000226020813
YLR105C,YJR002W,0,-1.3723236,0.10301915556192398,0.9520000219345093,0.8288999795913696
YGL121C,YBR294W,0,-1.3725685,0.10300800949335098,0.9520000219345093,0.8289999961853027
YGL172W,YDR362C,0,-1.3729185,0.10299686342477798,0.9520000219345093,0.8291000127792358
YLL013C,YJR125C,0,-1.3733481,0.10298571735620499,0.9520000219345093,0.829200029373169
YAL039C,YMR190C,0,-1.3734695,0.10297457873821259,0.9520000219345093,0.8292999863624573
YNR073C,YCR073C,0,-1.3740324,0.10296344012022018,0.9520000219345093,0.8294000029563904
YPL026C,YMR019W,0,-1.3741765,0.10295230895280838,0.9520000219345093,0.8295000195503235
YOR179C,YDL010W,0,-1.3746794,0.10294117778539658,0.9520000219345093,0.8295999765396118
YKR022C,YKL049C,0,-1.3753949,0.10293004661798477,0.9520000219345093,0.8296999931335449
YBR118W,YNL213C,0,-1.3756493,0.10291891545057297,0.9520000219345093,0.829800009727478
YPR119W,YDL179W,0,-1.3760271,0.10290779173374176,0.9520000219345093,0.8299000263214111
YJL184W,YMR276W,0,-1.3761227,0.10289666801691055,0.9520000219345093,0.8299999833106995
YPL037C,YMR116C,0,-1.3766713,0.10288555175065994,0.9520000219345093,0.8300999999046326
YLR147C,YLR386W,0,-1.3767549,0.10287443548440933,0.9520000219345093,0.8302000164985657
YDR330W,YER169W,0,-1.3771318,0.10286331921815872,0.9520000219345093,0.830299973487854
YLR016C,YPL027W,0,-1.3772582,0.10285220295190811,0.9520000219345093,0.8303999900817871
YOR039W,YGR026W,0,-1.3774346,0.1028410941362381,0.9520000219345093,0.8305000066757202
YPR072W,YDR143C,0,-1.3776783,0.10282998532056808,0.9520000219345093,0.8306000232696533
YML065W,YLR106C,0,-1.3778251,0.10281887650489807,0.9520000219345093,0.8306999802589417
YOR125C,YCL061C,0,-1.3782938,0.10280777513980865,0.9520000219345093,0.8307999968528748
YBL002W,YML113W,0,-1.3782948,0.10279667377471924,0.9520000219345093,0.8309000134468079
YBR002C,YDR067C,0,-1.3792094,0.10278557240962982,0.9520000219345093,0.8309999704360962
YLR222C,YOR206W,0,-1.3793308,0.102774478495121,0.9520000219345093,0.8310999870300293
YMR319C,YDL213C,0,-1.379486,0.10276338458061218,0.9520000219345093,0.8312000036239624
YGR162W,YER012W,0,-1.3796395,0.10275229066610336,0.9520000219345093,0.8313000202178955
YER078C,YKL074C,0,-1.3803014,0.10274120420217514,0.9520000219345093,0.8313999772071838
YOL142W,YML106W,0,-1.3803836,0.10273011773824692,0.9520000219345093,0.8314999938011169
YPL255W,YDR316W,0,-1.380545,0.1027190312743187,0.9520000219345093,0.83160001039505
YCL008C,YDR237W,0,-1.381581,0.10270795226097107,0.9520000219345093,0.8317000269889832
YDR060W,YBR287W,0,-1.3817445,0.10269687324762344,0.9520000219345093,0.8317999839782715
YGR275W,YEL056W,0,-1.382164,0.10268579423427582,0.9520000219345093,0.8319000005722046
YPR135W,YEL042W,0,-1.382348,0.10267472267150879,0.9520000219345093,0.8320000171661377
YLR064W,YOR058C,0,-1.3823869,0.10266364365816116,0.9520000219345093,0.832099974155426
YDR452W,YJL128C,0,-1.3823916,0.10265257954597473,0.9520000219345093,0.8321999907493591
YDR420W,YER073W,0,-1.3827968,0.1026415079832077,0.9520000219345093,0.8323000073432922
YOL021C,YOR324C,0,-1.3828098,0.10263044387102127,0.9520000219345093,0.8324000239372253
YER072W,YGR254W,1,-1.3829445,0.10272717475891113,0.953000009059906,0.8324000239372253
YNL254C,YBR136W,0,-1.3830551,0.1027161031961441,0.953000009059906,0.8324999809265137
YKR069W,YGL099W,0,-1.3830578,0.10270503163337708,0.953000009059906,0.8325999975204468
YGL166W,YJR083C,0,-1.3834578,0.10269396752119064,0.953000009059906,0.8327000141143799
YLL043W,YML126C,0,-1.3843662,0.10268290340900421,0.953000009059906,0.8327999711036682
YDR170C,YER160C,0,-1.3844796,0.10267183929681778,0.953000009059906,0.8328999876976013
YDR476C,YLR414C,0,-1.384772,0.10266077518463135,0.953000009059906,0.8330000042915344
YDR446W,YDL028C,0,-1.3855189,0.10264971852302551,0.953000009059906,0.8331000208854675
YHR119W,YLR371W,0,-1.3859614,0.10263866186141968,0.953000009059906,0.8331999778747559
YCR003W,YMR029C,0,-1.3862791,0.10262761265039444,0.953000009059906,0.833299994468689
YCL027W,YKL113C,0,-1.3868023,0.1026165634393692,0.953000009059906,0.8334000110626221
YMR199W,YBR172C,0,-1.386928,0.10260551422834396,0.953000009059906,0.8335000276565552
YMR179W,YER112W,0,-1.3870424,0.10259446501731873,0.953000009059906,0.8335999846458435
YGL201C,YER002W,0,-1.3872367,0.10258342325687408,0.953000009059906,0.8337000012397766
YAL043C,YOR307C,0,-1.389464,0.10257238149642944,0.953000009059906,0.8338000178337097
YOL006C,YAL021C,0,-1.389486,0.1025613397359848,0.953000009059906,0.833899974822998
YER173W,YGL180W,0,-1.3895754,0.10255030542612076,0.953000009059906,0.8339999914169312
YDR446W,YHR025W,0,-1.3896785,0.10253927111625671,0.953000009059906,0.8341000080108643
YOR205C,YPL012W,0,-1.3898255,0.10252824425697327,0.953000009059906,0.8342000246047974
YNL213C,YLR205C,0,-1.3900132,0.10251720994710922,0.953000009059906,0.8342999815940857
YDR404C,YDR288W,0,-1.3900262,0.10250618308782578,0.953000009059906,0.8343999981880188
YKL055C,YEL062W,0,-1.3905958,0.10249516367912292,0.953000009059906,0.8345000147819519
YFR055W,YGL097W,0,-1.3908273,0.10248413681983948,0.953000009059906,0.8345999717712402
YML037C,YDR206W,0,-1.3912042,0.10247311741113663,0.953000009059906,0.8346999883651733
YGR286C,YGR206W,0,-1.3918608,0.10246209800243378,0.953000009059906,0.8348000049591064
YLR298C,YJL140W,0,-1.3922206,0.10245108604431152,0.953000009059906,0.8349000215530396
YKR097W,YMR277W,0,-1.3923503,0.10244007408618927,0.953000009059906,0.8349999785423279
YDR141C,YOL080C,0,-1.39265,0.10242906212806702,0.953000009059906,0.835099995136261
YGR009C,YBR136W,0,-1.392685,0.10241805762052536,0.953000009059906,0.8352000117301941
YHR064C,YDL005C,0,-1.392753,0.1024070456624031,0.953000009059906,0.8353000283241272
YPL123C,YER042W,0,-1.393196,0.10239604860544205,0.953000009059906,0.8353999853134155
YGR059W,YNR001C,0,-1.3931997,0.10238504409790039,0.953000009059906,0.8355000019073486
YDR405W,YLR126C,0,-1.3934602,0.10237404704093933,0.953000009059906,0.8356000185012817
YLR321C,YAL041W,0,-1.3935348,0.10236304998397827,0.953000009059906,0.8356999754905701
YGR207C,YKL113C,0,-1.3937068,0.10235206037759781,0.953000009059906,0.8357999920845032
YDL136W,YKR061W,0,-1.393766,0.10234106332063675,0.953000009059906,0.8359000086784363
YLR153C,YJL219W,0,-1.3938252,0.10233007371425629,0.953000009059906,0.8360000252723694
YNL326C,YIL040W,0,-1.39416,0.10231909155845642,0.953000009059906,0.8360999822616577
YNL254C,YPR118W,0,-1.3942889,0.10230810195207596,0.953000009059906,0.8361999988555908
YMR246W,YNL058C,0,-1.3946666,0.10229711979627609,0.953000009059906,0.8363000154495239
YJR001W,YOR089C,0,-1.3948735,0.10228614509105682,0.953000009059906,0.8363999724388123
YKL061W,YBR061C,0,-1.3948897,0.10227516293525696,0.953000009059906,0.8364999890327454
YDR050C,YDR245W,0,-1.3949233,0.10226418823003769,0.953000009059906,0.8366000056266785
YPR001W,YBR290W,0,-1.3954865,0.10225322097539902,0.953000009059906,0.8367000222206116
YPR181C,YMR004W,0,-1.3955104,0.10224224627017975,0.953000009059906,0.8367999792098999
YKL034W,YMR300C,0,-1.3960398,0.10223127901554108,0.953000009059906,0.836899995803833
YML049C,YOR290C,0,-1.3961546,0.1022203117609024,0.953000009059906,0.8370000123977661
YML040W,YDR460W,0,-1.3972088,0.10220935195684433,0.953000009059906,0.8371000289916992
YMR233W,YPL188W,0,-1.3974127,0.10219839215278625,0.953000009059906,0.8371999859809875
YBR009C,YML009C,0,-1.3975952,0.10218743234872818,0.953000009059906,0.8373000025749207
YHR047C,YKL090W,0,-1.3976295,0.1021764799952507,0.953000009059906,0.8374000191688538
YDL007W,YDL084W,0,-1.3979719,0.10216552019119263,0.953000009059906,0.8374999761581421
YMR200W,YLR410W,0,-1.3982393,0.10215457528829575,0.953000009059906,0.8375999927520752
YJL012C,YOR068C,1,-1.398343,0.10225080698728561,0.9539999961853027,0.8375999927520752
YLR045C,YFL053W,0,-1.3990977,0.10223984718322754,0.9539999961853027,0.8377000093460083
YBL106C,YOL002C,0,-1.4001939,0.10222888737916946,0.9539999961853027,0.8378000259399414
YIL136W,YHL008C,0,-1.4003292,0.10221793502569199,0.9539999961853027,0.8378999829292297
YBR135W,YPL208W,0,-1.4005879,0.10220698267221451,0.9539999961853027,0.8379999995231628
YKL203C,YGL122C,0,-1.4006726,0.10219603776931763,0.9539999961853027,0.838100016117096
YLR383W,YDL111C,0,-1.400806,0.10218509286642075,0.9539999961853027,0.8381999731063843
YHR176W,YOR261C,0,-1.400921,0.10217414796352386,0.9539999961853027,0.8382999897003174
YNL315C,YMR097C,0,-1.4014007,0.10216320306062698,0.9539999961853027,0.8384000062942505
YNL117W,YPL212C,0,-1.4022375,0.1021522656083107,0.9539999961853027,0.8385000228881836
YBR247C,YLR033W,0,-1.4023489,0.10214132815599442,0.9539999961853027,0.8385999798774719
YDR198C,YLR386W,0,-1.4027299,0.10213039070367813,0.9539999961853027,0.838699996471405
YOL052C,YNR011C,0,-1.402929,0.10211946070194244,0.9539999961853027,0.8388000130653381
YNL046W,YOR246C,0,-1.4035408,0.10210853070020676,0.9539999961853027,0.8389000296592712
YGR095C,YIR036C,0,-1.4036008,0.10209760069847107,0.9539999961853027,0.8389999866485596
YPL273W,YBR136W,0,-1.4037644,0.10208667814731598,0.9539999961853027,0.8391000032424927
YER027C,YHL032C,0,-1.4040608,0.10207575559616089,0.9539999961853027,0.8392000198364258
YBR159W,YEL004W,0,-1.4043418,0.1020648330450058,0.9539999961853027,0.8392999768257141
YMR130W,YMR150C,0,-1.4048243,0.1020539179444313,0.9539999961853027,0.8393999934196472
YJR103W,YGL009C,0,-1.4053389,0.10204300284385681,0.9539999961853027,0.8395000100135803
YIR003W,YKL078W,0,-1.4054166,0.10203208774328232,0.9539999961853027,0.8396000266075134
YLR357W,YMR314W,0,-1.405698,0.10202117264270782,0.9539999961853027,0.8396999835968018
YIL132C,YKL046C,0,-1.4057174,0.10201026499271393,0.9539999961853027,0.8398000001907349
YLR057W,YKR104W,0,-1.4057735,0.10199935734272003,0.9539999961853027,0.839900016784668
YGL131C,YLR429W,0,-1.405949,0.10198845714330673,0.9539999961853027,0.8399999737739563
YBR164C,YDR532C,0,-1.4059654,0.10197754949331284,0.9539999961853027,0.8400999903678894
YDL108W,YLR073C,0,-1.4066682,0.10196664929389954,0.9539999961853027,0.8402000069618225
YNL271C,YOL140W,0,-1.4066688,0.10195575654506683,0.9539999961853027,0.8403000235557556
YER164W,YCR052W,0,-1.4066863,0.10194485634565353,0.9539999961853027,0.840399980545044
YGR009C,YDR291W,0,-1.4071724,0.10193396359682083,0.9539999961853027,0.840499997138977
YLR449W,YLR142W,0,-1.4071873,0.10192307829856873,0.9539999961853027,0.8406000137329102
YER074W,YKL061W,0,-1.4073695,0.10191218554973602,0.9539999961853027,0.8406999707221985
YDR527W,YPL106C,0,-1.4075593,0.10190130025148392,0.9539999961853027,0.8407999873161316
YLR332W,YMR227C,0,-1.4078504,0.10189042240381241,0.9539999961853027,0.8409000039100647
YJL097W,YMR283C,0,-1.4079745,0.1018795371055603,0.9539999961853027,0.8410000205039978
YDR368W,YJL028W,0,-1.4080957,0.1018686592578888,0.9539999961853027,0.8410999774932861
YKR065C,YPL087W,0,-1.4082135,0.10185778141021729,0.9539999961853027,0.8411999940872192
YGL225W,YER045C,0,-1.4088895,0.10184691101312637,0.9539999961853027,0.8413000106811523
YHR176W,YDL147W,0,-1.409624,0.10183604061603546,0.9539999961853027,0.8414000272750854
YJL103C,YKL143W,0,-1.4097866,0.10182517021894455,0.9539999961853027,0.8414999842643738
YLR182W,YOR389W,0,-1.409879,0.10181429982185364,0.9539999961853027,0.8416000008583069
YCR057C,YMR014W,0,-1.4100741,0.10180343687534332,0.9539999961853027,0.84170001745224
YER004W,YBL045C,0,-1.4103464,0.10179257392883301,0.9539999961853027,0.8417999744415283
YBR243C,YKL190W,0,-1.4107032,0.10178171098232269,0.9539999961853027,0.8418999910354614
YMR019W,YHR013C,0,-1.410729,0.10177085548639297,0.9539999961853027,0.8420000076293945
YBR271W,YOL142W,0,-1.4112557,0.10175999999046326,0.9539999961853027,0.8421000242233276
YIL016W,YJR095W,0,-1.4117703,0.10174914449453354,0.9539999961853027,0.842199981212616
YPL131W,YNL248C,0,-1.4117831,0.10173829644918442,0.9539999961853027,0.8422999978065491
YOR159C,YKL222C,0,-1.4119352,0.1017274484038353,0.9539999961853027,0.8424000144004822
YER137C,YJR010W,0,-1.4119362,0.10171660035848618,0.9539999961853027,0.8424999713897705
YNL162W,YAL038W,0,-1.412002,0.10170575976371765,0.9539999961853027,0.8425999879837036
YLR449W,YDL179W,0,-1.4124372,0.10169491171836853,0.9539999961853027,0.8427000045776367
YOR038C,YJR058C,0,-1.4126695,0.1016840785741806,0.9539999961853027,0.8428000211715698
YLR005W,YLR178C,0,-1.4129795,0.10167323797941208,0.9539999961853027,0.8428999781608582
YML038C,YMR295C,0,-1.4130456,0.10166240483522415,0.9539999961853027,0.8429999947547913
YMR269W,YLL038C,0,-1.4132403,0.10165157169103622,0.9539999961853027,0.8431000113487244
YJR127C,YGR089W,0,-1.4142764,0.1016407385468483,0.9539999961853027,0.8432000279426575
YDR496C,YLR079W,0,-1.4143959,0.10162991285324097,0.9539999961853027,0.8432999849319458
YOL077C,YNR016C,0,-1.4145161,0.10161908715963364,0.9539999961853027,0.8434000015258789
YGR188C,YOL056W,0,-1.4145578,0.1016082614660263,0.9539999961853027,0.843500018119812
YGL166W,YMR127C,0,-1.4148949,0.10159744322299957,0.9539999961853027,0.8435999751091003
YGR074W,YML126C,0,-1.4151059,0.10158662497997284,0.9539999961853027,0.8436999917030334
YLR276C,YGL236C,0,-1.4155582,0.1015758067369461,0.9539999961853027,0.8438000082969666
YHR081W,YMR288W,0,-1.4155728,0.10156499594449997,0.9539999961853027,0.8439000248908997
YML009C,YPR018W,0,-1.4155957,0.10155418515205383,0.9539999961853027,0.843999981880188
YIL048W,YOR326W,1,-1.4161428,0.10164981335401535,0.9549999833106995,0.843999981880188
YLR233C,YBR260C,0,-1.4167889,0.10163899511098862,0.9549999833106995,0.8440999984741211
YJL065C,YGR184C,0,-1.4169095,0.10162817686796188,0.9549999833106995,0.8442000150680542
YOR224C,YJR058C,0,-1.416942,0.10161736607551575,0.9549999833106995,0.8442999720573425
YML093W,YIL076W,0,-1.4170505,0.10160655528306961,0.9549999833106995,0.8443999886512756
YKL203C,YOL002C,0,-1.4172673,0.10159574449062347,0.9549999833106995,0.8445000052452087
YNL092W,YBL068W,0,-1.4173205,0.10158494114875793,0.9549999833106995,0.8446000218391418
YBL024W,YCR002C,0,-1.4175242,0.1015741303563118,0.9549999833106995,0.8446999788284302
YLR329W,YPL144W,0,-1.4178764,0.10156333446502686,0.9549999833106995,0.8447999954223633
YKR036C,YNL119W,0,-1.4179962,0.10155253112316132,0.9549999833106995,0.8449000120162964
YIR023W,YPL157W,0,-1.4180354,0.10154173523187637,0.9549999833106995,0.8450000286102295
YDR403W,YDR267C,0,-1.4180529,0.10153093934059143,0.9549999833106995,0.8450999855995178
YMR075W,YPL128C,0,-1.418448,0.10152014344930649,0.9549999833106995,0.8452000021934509
YDR373W,YNL110C,0,-1.4185184,0.10150935500860214,0.9549999833106995,0.845300018787384
YFL033C,YLR446W,0,-1.4187216,0.1014985665678978,0.9549999833106995,0.8453999757766724
YMR314W,YMR309C,0,-1.4187658,0.10148777812719345,0.9549999833106995,0.8454999923706055
YPR063C,YNL099C,0,-1.4190713,0.1014769971370697,0.9549999833106995,0.8456000089645386
YOL092W,YGL023C,0,-1.4191169,0.10146621614694595,0.9549999833106995,0.8457000255584717
YLR205C,YMR017W,0,-1.4195992,0.1014554351568222,0.9549999833106995,0.84579998254776
YML015C,YGR271C-A,0,-1.4200221,0.10144465416669846,0.9549999833106995,0.8458999991416931
YJL024C,YPR033C,0,-1.420247,0.1014338806271553,0.9549999833106995,0.8460000157356262
YKL015W,YLR135W,0,-1.4204177,0.10142310708761215,0.9549999833106995,0.8460999727249146
YMR269W,YKL175W,0,-1.4204708,0.1014123409986496,0.9549999833106995,0.8461999893188477
YOR022C,YJR076C,0,-1.4210302,0.10140157490968704,0.9549999833106995,0.8463000059127808
YDR538W,YLR357W,0,-1.4214792,0.10139080882072449,0.9549999833106995,0.8464000225067139
YDR405W,YMR121C,0,-1.4218508,0.10138004273176193,0.9549999833106995,0.8464999794960022
YDR387C,YNL202W,0,-1.4222813,0.10136928409337997,0.9549999833106995,0.8465999960899353
YLR246W,YDL042C,0,-1.4224181,0.10135852545499802,0.9549999833106995,0.8467000126838684
YJR092W,YBR055C,0,-1.4225382,0.10134776681661606,0.9549999833106995,0.8468000292778015
YLR128W,YKR060W,0,-1.422697,0.1013370081782341,0.9549999833106995,0.8468999862670898
YLR449W,YOR324C,0,-1.4228753,0.10132625699043274,0.9549999833106995,0.847000002861023
YDR153C,YPL074W,0,-1.423446,0.10131551325321198,0.9549999833106995,0.847100019454956
YML123C,YLR129W,0,-1.42405,0.10130476206541061,0.9549999833106995,0.8471999764442444
YHR211W,YGR280C,0,-1.4240556,0.10129401832818985,0.9549999833106995,0.8472999930381775
YGR152C,YMR159C,0,-1.4241451,0.10128327459096909,0.9549999833106995,0.8474000096321106
YDR354W,YGR123C,0,-1.4250587,0.10127253085374832,0.9549999833106995,0.8475000262260437
YBR030W,YML015C,0,-1.425094,0.10126179456710815,0.9549999833106995,0.847599983215332
YKL166C,YNL265C,0,-1.4252132,0.10125105828046799,0.9549999833106995,0.8476999998092651
YKL166C,YBR247C,0,-1.4252137,0.10124032944440842,0.9549999833106995,0.8478000164031982
YPL012W,YOL043C,0,-1.4254911,0.10122959315776825,0.9549999833106995,0.8478999733924866
YAL029C,YDR071C,0,-1.425759,0.10121886432170868,0.9549999833106995,0.8479999899864197
YKL156W,YEL015W,0,-1.4269196,0.10120813548564911,0.9549999833106995,0.8481000065803528
YGR264C,YML006C,0,-1.4274157,0.10119741410017014,0.9549999833106995,0.8482000231742859
YKL181W,YML046W,0,-1.4275589,0.10118669271469116,0.9549999833106995,0.8482999801635742
YIL006W,YOR066W,0,-1.4278432,0.10117597132921219,0.9549999833106995,0.8483999967575073
YGR203W,YCR096C,0,-1.4281484,0.10116525739431381,0.9549999833106995,0.8485000133514404
YHR207C,YDR266C,0,-1.428213,0.10115453600883484,0.9549999833106995,0.8485999703407288
YER098W,YGR240C,0,-1.4282677,0.10114382207393646,0.9549999833106995,0.8486999869346619
YFL001W,YGL086W,0,-1.428424,0.10113311558961868,0.9549999833106995,0.848800003528595
YAL023C,YMR116C,0,-1.4286736,0.1011224091053009,0.9549999833106995,0.8489000201225281
YIL079C,YML115C,0,-1.4289293,0.10111170262098312,0.9549999833106995,0.8489999771118164
YLL035W,YDR414C,0,-1.4295101,0.10110099613666534,0.9549999833106995,0.8490999937057495
YDR496C,YPL059W,0,-1.4295124,0.10109028965234756,0.9549999833106995,0.8492000102996826
YGL226C-A,YMR283C,0,-1.429581,0.10107959061861038,0.9549999833106995,0.8493000268936157
YAR015W,YAL024C,0,-1.43004,0.1010688990354538,0.9549999833106995,0.849399983882904
YDR030C,YDR444W,0,-1.4302183,0.10105820000171661,0.9549999833106995,0.8495000004768372
YBR077C,YPL042C,0,-1.430272,0.10104750841856003,0.9549999833106995,0.8496000170707703
YML005W,YOR025W,0,-1.4306817,0.10103681683540344,0.9549999833106995,0.8496999740600586
YLR268W,YML007W,0,-1.4311086,0.10102613270282745,0.9549999833106995,0.8497999906539917
YNL330C,YDL141W,0,-1.4316088,0.10101544111967087,0.9549999833106995,0.8499000072479248
YMR026C,YGR184C,0,-1.4317364,0.10100475698709488,0.9549999833106995,0.8500000238418579
YMR197C,YLR336C,0,-1.431767,0.10099408030509949,0.9549999833106995,0.8500999808311462
YPR026W,YGR086C,0,-1.4317827,0.1009833961725235,0.9549999833106995,0.8501999974250793
YHL033C,YLL054C,0,-1.4318515,0.1009727194905281,0.9549999833106995,0.8503000140190125
YHL027W,YMR094W,0,-1.4318832,0.10096205025911331,0.9549999833106995,0.8503999710083008
YBL068W,YGR158C,0,-1.4319038,0.10095137357711792,0.9549999833106995,0.8504999876022339
YLL013C,YJL190C,0,-1.4321896,0.10094070434570312,0.9549999833106995,0.850600004196167
YGR033C,YBR055C,0,-1.4322888,0.10093003511428833,0.9549999833106995,0.8507000207901001
YMR137C,YMR128W,0,-1.4325515,0.10091937333345413,0.9549999833106995,0.8507999777793884
YCL063W,YPR049C,1,-1.4329656,0.10101436823606491,0.9559999704360962,0.8507999777793884
YLR192C,YNR070W,0,-1.4333729,0.10100369900465012,0.9559999704360962,0.8508999943733215
YIL090W,YNL186W,0,-1.4334931,0.10099302977323532,0.9559999704360962,0.8510000109672546
YDL150W,YCR042C,0,-1.4335321,0.10098236054182053,0.9559999704360962,0.8511000275611877
YMR323W,YML095C,0,-1.4336797,0.10097169131040573,0.9559999704360962,0.8511999845504761
YNR054C,YPL155C,0,-1.4337023,0.10096102952957153,0.9559999704360962,0.8513000011444092
YMR188C,YML060W,0,-1.4340628,0.10095036774873734,0.9559999704360962,0.8514000177383423
YDL095W,YPL139C,0,-1.4340907,0.10093971341848373,0.9559999704360962,0.8514999747276306
YOR145C,YLR372W,0,-1.4345437,0.10092905163764954,0.9559999704360962,0.8515999913215637
YOR255W,YHR064C,0,-1.4353017,0.10091839730739594,0.9559999704360962,0.8517000079154968
YBR195C,YMR163C,0,-1.4354173,0.10090775042772293,0.9559999704360962,0.8518000245094299
YDR380W,YDR242W,0,-1.4355361,0.10089709609746933,0.9559999704360962,0.8518999814987183
YCR068W,YDL159W,0,-1.4355626,0.10088644921779633,0.9559999704360962,0.8519999980926514
YBR133C,YHL047C,0,-1.4358398,0.10087580233812332,0.9559999704360962,0.8521000146865845
YLR022C,YAL040C,0,-1.4362379,0.10086516290903091,0.9559999704360962,0.8521999716758728
YOL054W,YKL173W,0,-1.4362541,0.10085452347993851,0.9559999704360962,0.8522999882698059
YKL198C,YHR076W,0,-1.436351,0.1008438840508461,0.9559999704360962,0.852400004863739
YBL010C,YDR411C,0,-1.4373826,0.10083324462175369,0.9559999704360962,0.8525000214576721
YMR200W,YBR030W,0,-1.4374238,0.10082261264324188,0.9559999704360962,0.8525999784469604
YJR017C,YIL177C,0,-1.4375144,0.10081198066473007,0.9559999704360962,0.8526999950408936
YBL046W,YOL124C,0,-1.4378191,0.10080134868621826,0.9559999704360962,0.8528000116348267
YOR307C,YHR059W,0,-1.4381231,0.10079072415828705,0.9559999704360962,0.8529000282287598
YDL022W,YOR377W,0,-1.4381888,0.10078009963035583,0.9559999704360962,0.8529999852180481
YNL315C,YOR083W,0,-1.4384168,0.10076947510242462,0.9559999704360962,0.8531000018119812
YMR241W,YBR014C,0,-1.4386557,0.10075885057449341,0.9559999704360962,0.8532000184059143
YDR166C,YMR216C,0,-1.4388579,0.10074823349714279,0.9559999704360962,0.8532999753952026
YMR004W,YJL213W,0,-1.439231,0.10073761641979218,0.9559999704360962,0.8533999919891357
YDL019C,YBR093C,0,-1.4394624,0.10072700679302216,0.9559999704360962,0.8535000085830688
YHR153C,YGR062C,0,-1.4395049,0.10071638971567154,0.9559999704360962,0.853600025177002
YLR015W,YKL206C,0,-1.4399534,0.10070578008890152,0.9559999704360962,0.8536999821662903
YOR362C,YOR168W,0,-1.4399811,0.1006951779127121,0.9559999704360962,0.8537999987602234
YLR022C,YNL264C,0,-1.4405249,0.10068456828594208,0.9559999704360962,0.8539000153541565
YOR074C,YBR041W,0,-1.4409537,0.10067396610975266,0.9559999704360962,0.8539999723434448
YMR290C,YNL218W,0,-1.442077,0.10066336393356323,0.9559999704360962,0.8540999889373779
YDR050C,YLL012W,0,-1.4430996,0.1006527692079544,0.9559999704360962,0.854200005531311
YLR147C,YAR018C,0,-1.443359,0.10064217448234558,0.9559999704360962,0.8543000221252441
YLR286C,YOR393W,0,-1.443431,0.10063157975673676,0.9559999704360962,0.8543999791145325
YNL152W,YNL325C,0,-1.4434584,0.10062098503112793,0.9559999704360962,0.8544999957084656
YCL020W,YNL329C,0,-1.4435385,0.1006103977560997,0.9559999704360962,0.8546000123023987
YKR060W,YBR044C,0,-1.4437009,0.10059981048107147,0.9559999704360962,0.8547000288963318
YDR146C,YGR134W,0,-1.4440497,0.10058922320604324,0.9559999704360962,0.8547999858856201
YER110C,YKL135C,0,-1.4441719,0.10057864338159561,0.9559999704360962,0.8549000024795532
YLR305C,YNL218W,0,-1.4441836,0.10056806355714798,0.9559999704360962,0.8550000190734863
YCL063W,YAL040C,1,-1.44426,0.10066267102956772,0.9570000171661377,0.8550000190734863
YAL044C,YNR017W,0,-1.4444464,0.10065208375453949,0.9570000171661377,0.8550999760627747
YNL080C,YOR123C,0,-1.4446266,0.10064149647951126,0.9570000171661377,0.8551999926567078
YHR105W,YPL162C,0,-1.4447093,0.10063091665506363,0.9570000171661377,0.8553000092506409
YPL081W,YIL040W,0,-1.4453292,0.100620336830616,0.9570000171661377,0.855400025844574
YDR432W,YJR093C,0,-1.4453944,0.10060975700616837,0.9570000171661377,0.8554999828338623
YMR161W,YLR015W,0,-1.4455476,0.10059917718172073,0.9570000171661377,0.8555999994277954
YPR080W,YLR222C,0,-1.4457976,0.1005886048078537,0.9570000171661377,0.8557000160217285
YLR398C,YNL261W,0,-1.4466668,0.10057803243398666,0.9570000171661377,0.8557999730110168
YMR136W,YCL066W,0,-1.446688,0.10056746751070023,0.9570000171661377,0.85589998960495
YPR024W,YGR041W,0,-1.4471332,0.10055689513683319,0.9570000171661377,0.8560000061988831
YDL033C,YBR264C,0,-1.4479638,0.10054633021354675,0.9570000171661377,0.8561000227928162
YNL046W,YOL112W,0,-1.4511095,0.10053577274084091,0.9570000171661377,0.8561999797821045
YLR242C,YDR326C,0,-1.4511446,0.10052520781755447,0.9570000171661377,0.8562999963760376
YLR233C,YJL200C,0,-1.4516002,0.10051465034484863,0.9570000171661377,0.8564000129699707
YDR058C,YCL061C,0,-1.4518007,0.10050409287214279,0.9570000171661377,0.8565000295639038
YPR060C,YDR326C,0,-1.452078,0.10049354285001755,0.9570000171661377,0.8565999865531921
YDR527W,YJL194W,0,-1.4524744,0.1004829928278923,0.9570000171661377,0.8567000031471252
YOR340C,YBR160W,0,-1.4527342,0.10047244280576706,0.9570000171661377,0.8568000197410583
YIL158W,YPL163C,0,-1.4531616,0.10046189278364182,0.9570000171661377,0.8568999767303467
YGR195W,YOR069W,0,-1.453436,0.10045135021209717,0.9570000171661377,0.8569999933242798
YKL172W,YDR313C,0,-1.453978,0.10044080764055252,0.9570000171661377,0.8571000099182129
YJL118W,YPL030W,0,-1.4539992,0.10043026506900787,0.9570000171661377,0.857200026512146
YCR028C,YER056C-A,0,-1.454222,0.10041972994804382,0.9570000171661377,0.8572999835014343
YDR171W,YLR276C,0,-1.4544984,0.10040918737649918,0.9570000171661377,0.8574000000953674
YPL012W,YOR324C,0,-1.4547895,0.10039865970611572,0.9570000171661377,0.8575000166893005
YPL100W,YNL326C,1,-1.4549485,0.10049302130937576,0.9580000042915344,0.8575000166893005
YLL027W,YDR121W,0,-1.4551207,0.10048248618841171,0.9580000042915344,0.8575999736785889
YLR051C,YLL043W,0,-1.4553019,0.10047194361686707,0.9580000042915344,0.857699990272522
YDR415C,YLL051C,0,-1.4555876,0.10046140849590302,0.9580000042915344,0.8578000068664551
YGL172W,YOL045W,0,-1.4565817,0.10045087337493896,0.9580000042915344,0.8579000234603882
YKL168C,YJL137C,0,-1.4566712,0.10044034570455551,0.9580000042915344,0.8579999804496765
YMR312W,YNL325C,0,-1.4567729,0.10042981803417206,0.9580000042915344,0.8580999970436096
YCR053W,YGL039W,0,-1.4567767,0.1004192903637886,0.9580000042915344,0.8582000136375427
YOL077C,YGL179C,0,-1.4569002,0.10040876269340515,0.9580000042915344,0.858299970626831
YLR163C,YER048C,0,-1.4571358,0.1003982424736023,0.9580000042915344,0.8583999872207642
YOR208W,YJR140C,0,-1.4578196,0.10038772225379944,0.9580000042915344,0.8585000038146973
YPR121W,YKL220C,0,-1.457909,0.10037720203399658,0.9580000042915344,0.8586000204086304
YDR418W,YPL149W,0,-1.4579989,0.10036668181419373,0.9580000042915344,0.8586999773979187
YPL149W,YJL050W,0,-1.4580325,0.10035616904497147,0.9580000042915344,0.8587999939918518
YCR072C,YHL013C,0,-1.45829,0.1003456562757492,0.9580000042915344,0.8589000105857849
YLR050C,YHR030C,0,-1.4588623,0.10033515095710754,0.9580000042915344,0.859000027179718
YOL041C,YPL011C,0,-1.4590203,0.10032463818788528,0.9580000042915344,0.8590999841690063
YDR248C,YPL155C,0,-1.4595367,0.10031413286924362,0.9580000042915344,0.8592000007629395
YDR501W,YDR130C,0,-1.459645,0.10030363500118256,0.9580000042915344,0.8593000173568726
YNL026W,YMR012W,0,-1.4596773,0.1002931296825409,0.9580000042915344,0.8593999743461609
YBL050W,YPR049C,1,-1.4602239,0.10038731247186661,0.9589999914169312,0.8593999743461609
YGR128C,YHR161C,0,-1.4606994,0.10037680715322495,0.9589999914169312,0.859499990940094
YBR059C,YJL033W,0,-1.4610937,0.10036630183458328,0.9589999914169312,0.8596000075340271
YOL068C,YBR236C,0,-1.461151,0.10035579651594162,0.9589999914169312,0.8597000241279602
YOR283W,YKR086W,0,-1.4615403,0.10034529864788055,0.9589999914169312,0.8597999811172485
YOL072W,YOR141C,0,-1.4619329,0.10033480077981949,0.9589999914169312,0.8598999977111816
YGR085C,YDL066W,0,-1.4631623,0.10032430291175842,0.9589999914169312,0.8600000143051147
YPL150W,YER111C,0,-1.4634327,0.10031380504369736,0.9589999914169312,0.8600999712944031
YDR173C,YNL001W,0,-1.4647743,0.10030331462621689,0.9589999914169312,0.8601999878883362
YOR058C,YOR057W,0,-1.4649072,0.10029282420873642,0.9589999914169312,0.8603000044822693
YLR449W,YOR323C,0,-1.4653577,0.10028234124183655,0.9589999914169312,0.8604000210762024
YJL109C,YOL146W,0,-1.4655957,0.10027185082435608,0.9589999914169312,0.8604999780654907
YBR077C,YOR075W,0,-1.465959,0.10026136785745621,0.9589999914169312,0.8605999946594238
YJL012C,YDR080W,1,-1.4661115,0.10035542398691177,0.9599999785423279,0.8605999946594238
YHR176W,YPL213W,0,-1.4667989,0.1003449335694313,0.9599999785423279,0.8607000112533569
YLL052C,YBR067C,0,-1.4668484,0.10033445060253143,0.9599999785423279,0.86080002784729
YLR304C,YMR145C,0,-1.4670349,0.10032396018505096,0.9599999785423279,0.8608999848365784
YOL067C,YIL125W,0,-1.4670519,0.10031347721815109,0.9599999785423279,0.8610000014305115
YDR534C,YAL058W,0,-1.4671845,0.10030300170183182,0.9599999785423279,0.8611000180244446
YLR383W,YGL156W,0,-1.4675893,0.10029251873493195,0.9599999785423279,0.8611999750137329
YLR396C,YNL326C,1,-1.4678719,0.10038650035858154,0.9610000252723694,0.8611999750137329
YDR496C,YOR127W,0,-1.4685607,0.10037601739168167,0.9610000252723694,0.861299991607666
YOR190W,YAL023C,0,-1.4690372,0.1003655344247818,0.9610000252723694,0.8614000082015991
YIL048W,YDR126W,1,-1.4693592,0.10045947879552841,0.9620000123977661,0.8614000082015991
YCL004W,YJL153C,0,-1.4703149,0.10044899582862854,0.9620000123977661,0.8615000247955322
YOR116C,YDR410C,0,-1.4705814,0.10043850541114807,0.9620000123977661,0.8615999817848206
YNR073C,YGL254W,0,-1.4708418,0.1004280224442482,0.9620000123977661,0.8616999983787537
YLR074C,YOR133W,0,-1.4714785,0.10041753947734833,0.9620000123977661,0.8618000149726868
YBL112C,YMR277W,0,-1.4716092,0.10040705651044846,0.9620000123977661,0.8618999719619751
YDL126C,YNL245C,0,-1.4721586,0.10039657354354858,0.9620000123977661,0.8619999885559082
YMR075W,YJL028W,0,-1.4723,0.10038609802722931,0.9620000123977661,0.8621000051498413
YJR135C,YOR388C,0,-1.4724742,0.10037562251091003,0.9620000123977661,0.8622000217437744
YML112W,YBL061C,0,-1.4724847,0.10036515444517136,0.9620000123977661,0.8622999787330627
YPR187W,YPL226W,0,-1.4728055,0.10035468637943268,0.9620000123977661,0.8623999953269958
YDR530C,YGR009C,0,-1.4732314,0.100344218313694,0.9620000123977661,0.862500011920929
YIL131C,YMR289W,0,-1.4735976,0.10033375024795532,0.9620000123977661,0.8626000285148621
YMR308C,YGR076C,0,-1.4738197,0.10032328963279724,0.9620000123977661,0.8626999855041504
YOR313C,YDR531W,0,-1.4738508,0.10031282901763916,0.9620000123977661,0.8628000020980835
YJL010C,YLR208W,0,-1.4740962,0.10030236840248108,0.9620000123977661,0.8629000186920166
YML065W,YMR013C,0,-1.4745855,0.100291907787323,0.9620000123977661,0.8629999756813049
YHR174W,YBL024W,0,-1.4746314,0.10028145462274551,0.9620000123977661,0.863099992275238
YOR187W,YMR210W,0,-1.4750133,0.10027100145816803,0.9620000123977661,0.8632000088691711
YOR219C,YGR054W,0,-1.4755423,0.10026055574417114,0.9620000123977661,0.8633000254631042
YDL149W,YOR326W,1,-1.4758404,0.10035431385040283,0.9629999995231628,0.8633000254631042
YLR424W,YML062C,0,-1.4763511,0.10034386068582535,0.9629999995231628,0.8633999824523926
YJR007W,YHR203C,0,-1.4768437,0.10033340007066727,0.9629999995231628,0.8634999990463257
YHR187W,YER122C,0,-1.4769008,0.10032294690608978,0.9629999995231628,0.8636000156402588
YNL300W,YDR032C,0,-1.4773208,0.1003125011920929,0.9629999995231628,0.8636999726295471
YLR364W,YDL190C,0,-1.477837,0.10030205547809601,0.9629999995231628,0.8637999892234802
YGR207C,YOL115W,0,-1.478024,0.10029160231351852,0.9629999995231628,0.8639000058174133
YOR153W,YBR156C,0,-1.4786412,0.10028116405010223,0.9629999995231628,0.8640000224113464
YNL258C,YFL009W,0,-1.4790412,0.10027071833610535,0.9629999995231628,0.8640999794006348
YIL138C,YER051W,0,-1.4792286,0.10026028007268906,0.9629999995231628,0.8641999959945679
YOR355W,YBL068W,0,-1.4797174,0.10024984180927277,0.9629999995231628,0.864300012588501
YJL087C,YJR095W,0,-1.4799532,0.10023941099643707,0.9629999995231628,0.8644000291824341
YNL299W,YDL225W,0,-1.4801306,0.10022897273302078,0.9629999995231628,0.8644999861717224
YDR173C,YDL044C,0,-1.4803585,0.10021854192018509,0.9629999995231628,0.8646000027656555
YGL083W,YLR210W,0,-1.4809794,0.10020811855792999,0.9629999995231628,0.8647000193595886
YPL226W,YGR002C,0,-1.481022,0.1001976877450943,0.9629999995231628,0.864799976348877
YMR312W,YKR038C,0,-1.4823059,0.1001872643828392,0.9629999995231628,0.8648999929428101
YBR158W,YHR058C,0,-1.4826058,0.1001768410205841,0.9629999995231628,0.8650000095367432
YCL008C,YNR031C,0,-1.482788,0.1001664251089096,0.9629999995231628,0.8651000261306763
YBR103W,YPR041W,0,-1.4828457,0.10015600919723511,0.9629999995231628,0.8651999831199646
YOR340C,YDL231C,0,-1.4836167,0.10014559328556061,0.9629999995231628,0.8652999997138977
YNR013C,YGL062W,0,-1.4837781,0.10013517737388611,0.9629999995231628,0.8654000163078308
YEL034W,YJL028W,0,-1.4844966,0.1001247689127922,0.9629999995231628,0.8654999732971191
YBR141C,YMR186W,0,-1.4857417,0.1001143604516983,0.9629999995231628,0.8655999898910522
YLR014C,YIL046W,0,-1.4858519,0.1001039519906044,0.9629999995231628,0.8657000064849854
YDL070W,YMR228W,0,-1.4859627,0.1000935435295105,0.9629999995231628,0.8658000230789185
YDR096W,YOL158C,0,-1.4870886,0.10008314251899719,0.9629999995231628,0.8658999800682068
YIR010W,YKL193C,0,-1.4874264,0.10007274150848389,0.9629999995231628,0.8659999966621399
YLR306W,YKR037C,0,-1.4878095,0.10006234049797058,0.9629999995231628,0.866100013256073
YOR269W,YPR070W,0,-1.4879129,0.10005194693803787,0.9629999995231628,0.8661999702453613
YKL074C,YGL136C,0,-1.488073,0.10004155337810516,0.9629999995231628,0.8662999868392944
YEL055C,YFL055W,0,-1.4882272,0.10003115981817245,0.9629999995231628,0.8664000034332275
YPL244C,YLR233C,0,-1.4885556,0.10002077370882034,0.9629999995231628,0.8665000200271606
YNL186W,YLR238W,0,-1.4892807,0.10001038759946823,0.9629999995231628,0.866599977016449
YNL121C,YKL101W,0,-1.4893144,0.10000000149011612,0.9629999995231628,0.8666999936103821
YKR002W,YOR244W,0,-1.4901623,0.09998961538076401,0.9629999995231628,0.8668000102043152
YPL007C,YMR114C,0,-1.49078,0.09997923672199249,0.9629999995231628,0.8669000267982483
YDR016C,YMR179W,0,-1.4914162,0.09996885806322098,0.9629999995231628,0.8669999837875366
YKL125W,YCR028C,0,-1.4919059,0.09995847940444946,0.9629999995231628,0.8671000003814697
YAR015W,YGR041W,0,-1.4928724,0.09994810819625854,0.9629999995231628,0.8672000169754028
YDL028C,YMR099C,0,-1.4930658,0.09993773698806763,0.9629999995231628,0.8672999739646912
YBL098W,YDR126W,0,-1.4930798,0.09992736577987671,0.9629999995231628,0.8673999905586243
YNR039C,YDR117C,0,-1.4932932,0.09991699457168579,0.9629999995231628,0.8675000071525574
YOR046C,YOR010C,0,-1.4933196,0.09990663081407547,0.9629999995231628,0.8676000237464905
YJL118W,YMR321C,0,-1.4933318,0.09989626705646515,0.9629999995231628,0.8676999807357788
YPL242C,YBR042C,0,-1.4936787,0.09988590329885483,0.9629999995231628,0.8677999973297119
YOR329C,YDR302W,0,-1.4939383,0.0998755469918251,0.9629999995231628,0.867900013923645
YDR218C,YJR007W,0,-1.4942465,0.09986519068479538,0.9629999995231628,0.8679999709129333
YPR002W,YLR073C,0,-1.4946152,0.09985483437776566,0.9629999995231628,0.8680999875068665
YLR088W,YNL085W,0,-1.4954829,0.09984447807073593,0.9629999995231628,0.8682000041007996
YLR310C,YPL037C,0,-1.4955813,0.0998341292142868,0.9629999995231628,0.8683000206947327
YFR013W,YDR086C,0,-1.4957515,0.09982378035783768,0.9629999995231628,0.868399977684021
YDL056W,YGR163W,0,-1.4958417,0.09981343150138855,0.9629999995231628,0.8684999942779541
YOR243C,YDR460W,0,-1.4960295,0.09980309009552002,0.9629999995231628,0.8686000108718872
YMR019W,YIL095W,0,-1.4960778,0.09979274868965149,0.9629999995231628,0.8687000274658203
YGR274C,YOL136C,0,-1.4960934,0.09978240728378296,0.9629999995231628,0.8687999844551086
YMR260C,YLR386W,0,-1.4963787,0.09977206587791443,0.9629999995231628,0.8689000010490417
YKL166C,YEL029C,0,-1.4967579,0.0997617319226265,0.9629999995231628,0.8690000176429749
YOR304W,YMR127C,0,-1.4968354,0.09975139796733856,0.9629999995231628,0.8690999746322632
YJR125C,YMR070W,0,-1.4970522,0.09974106401205063,0.9629999995231628,0.8691999912261963
YML064C,YLR357W,0,-1.4984635,0.09973073750734329,0.9629999995231628,0.8693000078201294
YMR046C,YOR061W,0,-1.4984647,0.09972041100263596,0.9629999995231628,0.8694000244140625
YGL112C,YKR010C,0,-1.4996864,0.09971008449792862,0.9629999995231628,0.8694999814033508
YGR104C,YPR048W,0,-1.499815,0.09969976544380188,0.9629999995231628,0.8695999979972839
YHL040C,YDR454C,0,-1.500091,0.09968943893909454,0.9629999995231628,0.869700014591217
YGL205W,YDR524C,0,-1.5008425,0.0996791198849678,0.9629999995231628,0.8697999715805054
YKR042W,YCL026C-A,0,-1.5009509,0.09966880828142166,0.9629999995231628,0.8698999881744385
YJR144W,YDL047W,0,-1.5014657,0.09965848922729492,0.9629999995231628,0.8700000047683716
YKR086W,YDR147W,0,-1.5018781,0.09964817762374878,0.9629999995231628,0.8701000213623047
YJR082C,YHR011W,0,-1.5019313,0.09963786602020264,0.9629999995231628,0.870199978351593
YPR043W,YOL010W,0,-1.5022569,0.09962756186723709,0.9629999995231628,0.8702999949455261
YDL120W,YPL086C,0,-1.5024731,0.09961725771427155,0.9629999995231628,0.8704000115394592
YNL188W,YOR054C,0,-1.5027388,0.099606953561306,0.9629999995231628,0.8705000281333923
YKL125W,YNR060W,0,-1.5046067,0.09959664940834045,0.9629999995231628,0.8705999851226807
YHR187W,YLR396C,0,-1.505766,0.0995863527059555,0.9629999995231628,0.8707000017166138
YJR070C,YGR241C,0,-1.5057738,0.09957604855298996,0.9629999995231628,0.8708000183105469
YNL322C,YDR141C,0,-1.5059519,0.09956575930118561,0.9629999995231628,0.8708999752998352
YML071C,YMR246W,0,-1.50623,0.09955546259880066,0.9629999995231628,0.8709999918937683
YHR206W,YMR067C,0,-1.5066695,0.09954517334699631,0.9629999995231628,0.8711000084877014
YDR126W,YDR080W,1,-1.5070223,0.09963824599981308,0.9639999866485596,0.8711000084877014
YDL122W,YMR247C,0,-1.5071405,0.09962794184684753,0.9639999866485596,0.8712000250816345
YGL050W,YNL218W,0,-1.5072836,0.09961765259504318,0.9639999866485596,0.8712999820709229
YLR134W,YHR119W,0,-1.508845,0.09960735589265823,0.9639999866485596,0.871399998664856
YML080W,YLL011W,0,-1.5090461,0.09959706664085388,0.9639999866485596,0.8715000152587891
YPL094C,YPL143W,0,-1.5092367,0.09958677738904953,0.9639999866485596,0.8715999722480774
YLR278C,YBL103C,0,-1.5093142,0.09957648813724518,0.9639999866485596,0.8716999888420105
YOR005C,YHR063C,0,-1.5095142,0.09956620633602142,0.9639999866485596,0.8718000054359436
YDR507C,YLR025W,0,-1.5096658,0.09955592453479767,0.9639999866485596,0.8719000220298767
YBR217W,YJL191W,0,-1.5098095,0.09954564273357391,0.9639999866485596,0.871999979019165
YKR105C,YJR098C,0,-1.5107636,0.09953536093235016,0.9639999866485596,0.8720999956130981
YCR072C,YMR024W,0,-1.5109091,0.099525086581707,0.9639999866485596,0.8722000122070312
YBR073W,YOR178C,0,-1.5111872,0.09951481223106384,0.9639999866485596,0.8723000288009644
YBL046W,YPR009W,0,-1.5113798,0.09950454533100128,0.9639999866485596,0.8723999857902527
YNL299W,YOR381W,0,-1.511834,0.09949427098035812,0.9639999866485596,0.8725000023841858
YPL100W,YDR495C,1,-1.5122949,0.09958720207214355,0.9649999737739563,0.8725000023841858
YML062C,YLR034C,0,-1.5129613,0.0995769277215004,0.9649999737739563,0.8726000189781189
YBR280C,YLR178C,0,-1.5147542,0.09956665337085724,0.9649999737739563,0.8726999759674072
YPR112C,YER118C,0,-1.5149245,0.09955637902021408,0.9649999737739563,0.8727999925613403
YGR221C,YKR087C,0,-1.515532,0.09954611212015152,0.9649999737739563,0.8729000091552734
YGR252W,YJR028W,0,-1.5156754,0.09953584522008896,0.9649999737739563,0.8730000257492065
YJL006C,YKR026C,0,-1.516183,0.0995255783200264,0.9649999737739563,0.8730999827384949
YOR295W,YLL034C,0,-1.5163099,0.09951531141996384,0.9649999737739563,0.873199999332428
YNL185C,YPR019W,0,-1.5163622,0.09950505197048187,0.9649999737739563,0.8733000159263611
YDR144C,YDR291W,0,-1.517508,0.09949479252099991,0.9649999737739563,0.8733999729156494
YFL039C,YDR080W,1,-1.5176742,0.09958762675523758,0.9660000205039978,0.8733999729156494
YDL042C,YOR010C,0,-1.519856,0.09957735985517502,0.9660000205039978,0.8734999895095825
YOL111C,YLR214W,0,-1.520116,0.09956710040569305,0.9660000205039978,0.8736000061035156
YDR356W,YML007W,0,-1.5207344,0.09955684095621109,0.9660000205039978,0.8737000226974487
YIL049W,YGL014W,0,-1.5210522,0.09954658150672913,0.9660000205039978,0.8737999796867371
YBR274W,YEL036C,0,-1.5210732,0.09953632205724716,0.9660000205039978,0.8738999962806702
YCR054C,YNL244C,0,-1.5211465,0.0995260700583458,0.9660000205039978,0.8740000128746033
YHR072W,YOL043C,0,-1.5226084,0.09951581060886383,0.9660000205039978,0.8741000294685364
YLL033W,YGL099W,0,-1.5234834,0.09950556606054306,0.9660000205039978,0.8741999864578247
YMR030W,YBR257W,0,-1.5234975,0.0994953140616417,0.9660000205039978,0.8743000030517578
YFL033C,YMR203W,0,-1.5238734,0.09948506951332092,0.9660000205039978,0.8744000196456909
YHR152W,YJL143W,0,-1.5245742,0.09947482496500015,0.9660000205039978,0.8744999766349792
YGL211W,YHR061C,0,-1.5248594,0.09946458041667938,0.9660000205039978,0.8745999932289124
YBR158W,YER018C,0,-1.525402,0.09945433586835861,0.9660000205039978,0.8747000098228455
YMR284W,YDL006W,0,-1.5254493,0.09944409877061844,0.9660000205039978,0.8748000264167786
YNL091W,YPL181W,0,-1.5257024,0.09943386167287827,0.9660000205039978,0.8748999834060669
YNL232W,YPL227C,0,-1.5257322,0.09942363202571869,0.9660000205039978,0.875
YER160C,YDR480W,0,-1.5259923,0.09941340237855911,0.9660000205039978,0.8751000165939331
YDR294C,YML109W,0,-1.526675,0.09940317273139954,0.9660000205039978,0.8751999735832214
YER171W,YHR166C,0,-1.5270962,0.09939294308423996,0.9660000205039978,0.8752999901771545
YDR419W,YKL166C,0,-1.5271314,0.09938271343708038,0.9660000205039978,0.8754000067710876
YFL036W,YJL104W,0,-1.5273623,0.0993724912405014,0.9660000205039978,0.8755000233650208
YOR106W,YER056C-A,0,-1.5278913,0.09936226904392242,0.9660000205039978,0.8755999803543091
YFR008W,YNR015W,0,-1.5282007,0.09935205429792404,0.9660000205039978,0.8756999969482422
YAL034W-A,YEL036C,0,-1.528233,0.09934183210134506,0.9660000205039978,0.8758000135421753
YOR269W,YDR348C,0,-1.5282348,0.09933161735534668,0.9660000205039978,0.8758999705314636
YML009C,YOL006C,0,-1.5286094,0.0993214100599289,0.9660000205039978,0.8759999871253967
YHR091C,YNL227C,0,-1.5288538,0.09931119531393051,0.9660000205039978,0.8761000037193298
YPR065W,YHR066W,0,-1.5294455,0.09930098801851273,0.9660000205039978,0.8762000203132629
YKL152C,YGR282C,0,-1.529646,0.09929078072309494,0.9660000205039978,0.8762999773025513
YMR263W,YNL289W,0,-1.5297314,0.09928057342767715,0.9660000205039978,0.8763999938964844
YDR115W,YOR324C,0,-1.530156,0.09927037358283997,0.9660000205039978,0.8765000104904175
YDL201W,YOL133W,0,-1.5303087,0.09926017373800278,0.9660000205039978,0.8766000270843506
YOR303W,YFL053W,0,-1.5314108,0.09924997389316559,0.9660000205039978,0.8766999840736389
YOR310C,YNL044W,0,-1.5325536,0.099239781498909,0.9660000205039978,0.876800000667572
YOR229W,YMR004W,0,-1.5332975,0.09922958165407181,0.9660000205039978,0.8769000172615051
YJL106W,YMR297W,0,-1.5343016,0.09921938925981522,0.9660000205039978,0.8769999742507935
YLR155C,YGR133W,0,-1.5346099,0.09920920431613922,0.9660000205039978,0.8770999908447266
YGR091W,YMR078C,0,-1.5354027,0.09919901192188263,0.9660000205039978,0.8772000074386597
YOR092W,YHR105W,0,-1.5354048,0.09918882697820663,0.9660000205039978,0.8773000240325928
YEL061C,YMR146C,0,-1.5355417,0.09917864203453064,0.9660000205039978,0.8773999810218811
YMR180C,YCR073C,0,-1.5357529,0.09916846454143524,0.9660000205039978,0.8774999976158142
YLR344W,YNL110C,0,-1.5361354,0.09915828704833984,0.9660000205039978,0.8776000142097473
YBR058C,YIR023W,0,-1.5364132,0.09914810955524445,0.9660000205039978,0.8776999711990356
YGL086W,YAL021C,0,-1.536488,0.09913793206214905,0.9660000205039978,0.8777999877929688
YDR073W,YBR237W,0,-1.5365161,0.09912775456905365,0.9660000205039978,0.8779000043869019
YOR092W,YCL061C,0,-1.5376128,0.09911758452653885,0.9660000205039978,0.878000020980835
YPR083W,YER146W,0,-1.538154,0.09910741448402405,0.9660000205039978,0.8780999779701233
YJL062W,YGR159C,0,-1.5390877,0.09909725189208984,0.9660000205039978,0.8781999945640564
YDR166C,YDR329C,0,-1.539514,0.09908708930015564,0.9660000205039978,0.8783000111579895
YOR351C,YML052W,0,-1.5398682,0.09907692670822144,0.9660000205039978,0.8784000277519226
YLR425W,YNR011C,0,-1.5412424,0.09906676411628723,0.9660000205039978,0.8784999847412109
YOR279C,YNL012W,0,-1.5413517,0.09905660152435303,0.9660000205039978,0.878600001335144
YLR032W,YMR201C,0,-1.5422709,0.09904644638299942,0.9660000205039978,0.8787000179290771
YGL155W,YJR028W,0,-1.5422779,0.09903629124164581,0.9660000205039978,0.8787999749183655
YDR479C,YHR140W,0,-1.5422941,0.0990261435508728,0.9660000205039978,0.8788999915122986
YHR136C,YGR200C,0,-1.543617,0.0990159884095192,0.9660000205039978,0.8790000081062317
YEL040W,YNL008C,0,-1.543856,0.09900584071874619,0.9660000205039978,0.8791000247001648
YKR003W,YNR051C,0,-1.5439785,0.09899569302797318,0.9660000205039978,0.8791999816894531
YML049C,YER164W,0,-1.5441386,0.09898555278778076,0.9660000205039978,0.8792999982833862
YIL103W,YGR049W,0,-1.5444702,0.09897541254758835,0.9660000205039978,0.8794000148773193
YNL154C,YMR216C,0,-1.544676,0.09896527230739594,0.9660000205039978,0.8794999718666077
YMR119W,YDR520C,0,-1.5448552,0.09895513206720352,0.9660000205039978,0.8795999884605408
YPL252C,YNL010W,0,-1.5449421,0.0989449992775917,0.9660000205039978,0.8797000050544739
YER157W,YBL106C,0,-1.5456051,0.09893485903739929,0.9660000205039978,0.879800021648407
YPL111W,YMR176W,0,-1.5465261,0.09892473369836807,0.9660000205039978,0.8798999786376953
YMR113W,YML097C,0,-1.546659,0.09891460090875626,0.9660000205039978,0.8799999952316284
YMR150C,YJL172W,0,-1.5469356,0.09890447556972504,0.9660000205039978,0.8801000118255615
YMR089C,YLR088W,0,-1.5470234,0.09889435023069382,0.9660000205039978,0.8802000284194946
YCR033W,YPL074W,0,-1.5473325,0.0988842248916626,0.9660000205039978,0.880299985408783
YEL027W,YHR174W,1,-1.5476507,0.09897645562887192,0.9670000076293945,0.880299985408783
YMR229C,YDR139C,0,-1.5478903,0.0989663302898407,0.9670000076293945,0.8804000020027161
YPL024W,YPR066W,0,-1.5491151,0.09895620495080948,0.9670000076293945,0.8805000185966492
YOL044W,YDR013W,0,-1.5492599,0.09894607961177826,0.9670000076293945,0.8805999755859375
YDR304C,YLL050C,0,-1.5499965,0.09893595427274704,0.9670000076293945,0.8806999921798706
YOR303W,YDR461W,0,-1.550212,0.09892582893371582,0.9670000076293945,0.8808000087738037
YGL019W,YGR278W,0,-1.551272,0.0989157110452652,0.9670000076293945,0.8809000253677368
YLR427W,YPL110C,0,-1.5515195,0.09890559315681458,0.9670000076293945,0.8809999823570251
YBL112C,YGR081C,0,-1.5515561,0.09889548271894455,0.9670000076293945,0.8810999989509583
YJR025C,YGR162W,0,-1.5516161,0.09888536483049393,0.9670000076293945,0.8812000155448914
YGR135W,YGR231C,0,-1.551727,0.0988752543926239,0.9670000076293945,0.8812999725341797
YMR263W,YNL153C,0,-1.551839,0.09886514395475388,0.9670000076293945,0.8813999891281128
YDL056W,YDL108W,0,-1.5519001,0.09885504096746445,0.9670000076293945,0.8815000057220459
YDR451C,YDR139C,0,-1.5523878,0.09884493798017502,0.9670000076293945,0.881600022315979
YFL037W,YOR005C,0,-1.5528029,0.09883483499288559,0.9670000076293945,0.8816999793052673
YDR476C,YML112W,0,-1.5530189,0.09882473200559616,0.9670000076293945,0.8817999958992004
YDL004W,YGL148W,0,-1.5532345,0.09881463646888733,0.9670000076293945,0.8819000124931335
YHL024W,YGR171C,0,-1.5534096,0.0988045334815979,0.9670000076293945,0.8820000290870667
YFR051C,YNL182C,0,-1.5537679,0.09879444539546967,0.9670000076293945,0.882099986076355
YNL254C,YNL220W,0,-1.5551364,0.09878434985876083,0.9670000076293945,0.8822000026702881
YOR167C,YBR247C,0,-1.5559663,0.0987742617726326,0.9670000076293945,0.8823000192642212
YBR070C,YGL095C,0,-1.5560914,0.09876417368650436,0.9670000076293945,0.8823999762535095
YPL064C,YER013W,0,-1.5565952,0.09875408560037613,0.9670000076293945,0.8824999928474426
YOL101C,YGR222W,0,-1.5568408,0.0987439975142479,0.9670000076293945,0.8826000094413757
YDR055W,YDR302W,0,-1.5570825,0.09873391687870026,0.9670000076293945,0.8827000260353088
YJL102W,YDL222C,0,-1.557263,0.09872383624315262,0.9670000076293945,0.8827999830245972
YDL033C,YPR190C,0,-1.5583093,0.09871376305818558,0.9670000076293945,0.8828999996185303
YDL077C,YML065W,0,-1.5590298,0.09870368242263794,0.9670000076293945,0.8830000162124634
YPL057C,YOR168W,0,-1.5600051,0.0986936092376709,0.9670000076293945,0.8830999732017517
YPL202C,YNL030W,0,-1.5603493,0.09868353605270386,0.9670000076293945,0.8831999897956848
YGR184C,YLR028C,0,-1.5607125,0.09867347031831741,0.9670000076293945,0.8833000063896179
YDR156W,YDL082W,0,-1.5607212,0.09866340458393097,0.9670000076293945,0.883400022983551
YLR197W,YAL020C,0,-1.5608922,0.09865333884954453,0.9670000076293945,0.8834999799728394
YKR062W,YDR020C,0,-1.5609024,0.09864327311515808,0.9670000076293945,0.8835999965667725
YKL175W,YOR036W,0,-1.5611411,0.09863320738077164,0.9670000076293945,0.8837000131607056
YDL153C,YGL253W,0,-1.5614792,0.09862314909696579,0.9670000076293945,0.8838000297546387
YGL003C,YGL183C,0,-1.561614,0.09861309081315994,0.9670000076293945,0.883899986743927
YPR005C,YIL136W,0,-1.5621208,0.09860303997993469,0.9670000076293945,0.8840000033378601
YDR519W,YHR064C,0,-1.5629061,0.09859298169612885,0.9670000076293945,0.8841000199317932
YOR197W,YNR063W,0,-1.563738,0.0985829308629036,0.9670000076293945,0.8841999769210815
YDR147W,YER002W,0,-1.5637401,0.09857288748025894,0.9670000076293945,0.8842999935150146
YDR030C,YNR003C,0,-1.5639236,0.09856283664703369,0.9670000076293945,0.8844000101089478
YDR143C,YJL122W,0,-1.5639814,0.09855279326438904,0.9670000076293945,0.8845000267028809
YPR033C,YPL275W,0,-1.5641259,0.09854274988174438,0.9670000076293945,0.8845999836921692
YDL099W,YFL022C,0,-1.5641508,0.09853270649909973,0.9670000076293945,0.8847000002861023
YDL069C,YNL261W,0,-1.5654136,0.09852267056703568,0.9670000076293945,0.8848000168800354
YPL110C,YLR073C,0,-1.5662678,0.09851263463497162,0.9670000076293945,0.8848999738693237
YER001W,YNL052W,0,-1.5663004,0.09850259870290756,0.9670000076293945,0.8849999904632568
YGL001C,YBR154C,0,-1.5663067,0.0984925627708435,0.9670000076293945,0.8851000070571899
YLR305C,YPL268W,0,-1.5667974,0.09848253428936005,0.9670000076293945,0.885200023651123
YBL101C,YDL185W,0,-1.5673064,0.09847250580787659,0.9670000076293945,0.8852999806404114
YOL149W,YPR112C,0,-1.5673082,0.09846247732639313,0.9670000076293945,0.8853999972343445
YCR054C,YER122C,0,-1.5675021,0.09845245629549026,0.9670000076293945,0.8855000138282776
YEL017C-A,YBR092C,0,-1.5681334,0.0984424278140068,0.9670000076293945,0.8855999708175659
YGR054W,YBR004C,0,-1.5684787,0.09843240678310394,0.9670000076293945,0.885699987411499
YGR077C,YJR155W,0,-1.5693129,0.09842239320278168,0.9670000076293945,0.8858000040054321
YNL001W,YLR221C,0,-1.5695769,0.09841237217187881,0.9670000076293945,0.8859000205993652
YHR016C,YPL015C,0,-1.570058,0.09840235859155655,0.9670000076293945,0.8859999775886536
YLR182W,YGL010W,0,-1.5701895,0.09839234501123428,0.9670000076293945,0.8860999941825867
YPL108W,YGL079W,0,-1.570359,0.09838233888149261,0.9670000076293945,0.8862000107765198
YJL004C,YDL111C,0,-1.5718514,0.09837233275175095,0.9670000076293945,0.8863000273704529
YLR192C,YMR121C,0,-1.5725695,0.09836232662200928,0.9670000076293945,0.8863999843597412
YOL021C,YGL079W,0,-1.5730172,0.09835232049226761,0.9670000076293945,0.8865000009536743
YPL089C,YHR109W,0,-1.5732716,0.09834231436252594,0.9670000076293945,0.8866000175476074
YML056C,YBR281C,0,-1.5733529,0.09833231568336487,0.9670000076293945,0.8866999745368958
YPL147W,YDL122W,0,-1.5734534,0.0983223170042038,0.9670000076293945,0.8867999911308289
YHR156C,YLR079W,0,-1.5745032,0.09831232577562332,0.9670000076293945,0.886900007724762
YBR244W,YPL274W,0,-1.574896,0.09830232709646225,0.9670000076293945,0.8870000243186951
YDL104C,YJL034W,0,-1.5757662,0.09829233586788177,0.9670000076293945,0.8870999813079834
YLR183C,YBR235W,0,-1.5774347,0.0982823446393013,0.9670000076293945,0.8871999979019165
YMR302C,YCR023C,0,-1.577854,0.09827236086130142,0.9670000076293945,0.8873000144958496
YDR001C,YKL146W,0,-1.5780975,0.09826236963272095,0.9670000076293945,0.8873999714851379
YBL061C,YGL232W,0,-1.5783621,0.09825238585472107,0.9670000076293945,0.887499988079071
YJR129C,YBR290W,0,-1.5784141,0.09824240207672119,0.9670000076293945,0.8876000046730042
YCR067C,YGR282C,0,-1.5793424,0.09823242574930191,0.9670000076293945,0.8877000212669373
YMR269W,YGL019W,0,-1.5796448,0.09822244942188263,0.9670000076293945,0.8877999782562256
YJL014W,YLR304C,0,-1.5800906,0.09821247309446335,0.9670000076293945,0.8878999948501587
YFL008W,YDL205C,0,-1.5802466,0.09820249676704407,0.9670000076293945,0.8880000114440918
YPR162C,YKL021C,0,-1.5802585,0.09819252789020538,0.9670000076293945,0.8881000280380249
YOR256C,YLR343W,0,-1.5805773,0.0981825590133667,0.9670000076293945,0.8881999850273132
YBR170C,YMR023C,0,-1.5815786,0.09817259013652802,0.9670000076293945,0.8883000016212463
YNL292W,YJL071W,0,-1.5817586,0.09816262125968933,0.9670000076293945,0.8884000182151794
YGL190C,YOL080C,0,-1.5820137,0.09815265983343124,0.9670000076293945,0.8884999752044678
YJR160C,YKL173W,0,-1.5826811,0.09814269840717316,0.9670000076293945,0.8885999917984009
YMR121C,YBR288C,0,-1.5830603,0.09813273698091507,0.9670000076293945,0.888700008392334
YLR090W,YOR007C,0,-1.5831417,0.09812278300523758,0.9670000076293945,0.8888000249862671
YMR228W,YLR336C,0,-1.5836364,0.09811282157897949,0.9670000076293945,0.8888999819755554
YOR360C,YDR172W,0,-1.5840064,0.098102867603302,0.9670000076293945,0.8889999985694885
YNL273W,YMR280C,0,-1.5854315,0.09809292107820511,0.9670000076293945,0.8891000151634216
YBR115C,YJL073W,0,-1.5858401,0.09808296710252762,0.9670000076293945,0.88919997215271
YFL055W,YNL163C,0,-1.5862683,0.09807302057743073,0.9670000076293945,0.8892999887466431
YJR138W,YBL084C,0,-1.5870031,0.09806307405233383,0.9670000076293945,0.8894000053405762
YNL306W,YBR037C,0,-1.5871766,0.09805313497781754,0.9670000076293945,0.8895000219345093
YLR316C,YJR098C,0,-1.5877479,0.09804318845272064,0.9670000076293945,0.8895999789237976
YEL061C,YPL051W,0,-1.587988,0.09803324937820435,0.9670000076293945,0.8896999955177307
YLR320W,YER161C,0,-1.5882021,0.09802331775426865,0.9670000076293945,0.8898000121116638
YOL119C,YDR348C,0,-1.5882429,0.09801337867975235,0.9670000076293945,0.8899000287055969
YOR295W,YDL056W,0,-1.5890203,0.09800344705581665,0.9670000076293945,0.8899999856948853
YFR036W,YJR047C,0,-1.5893859,0.09799351543188095,0.9670000076293945,0.8901000022888184
YPL038W,YPR152C,0,-1.5895115,0.09798358380794525,0.9670000076293945,0.8902000188827515
YBR156C,YPR183W,0,-1.5900944,0.09797365963459015,0.9670000076293945,0.8902999758720398
YBL005W-A,YER138C,0,-1.5910735,0.09796373546123505,0.9670000076293945,0.8903999924659729
YDL097C,YER012W,0,-1.5911269,0.09795381128787994,0.9670000076293945,0.890500009059906
YNR049C,YGL039W,0,-1.5911969,0.09794388711452484,0.9670000076293945,0.8906000256538391
YDR073W,YLL011W,0,-1.5916269,0.09793397039175034,0.9670000076293945,0.8906999826431274
YER042W,YNL310C,0,-1.5918237,0.09792405366897583,0.9670000076293945,0.8907999992370605
YDR527W,YGR010W,0,-1.592526,0.09791413694620132,0.9670000076293945,0.8909000158309937
YPL244C,YGR229C,0,-1.5927447,0.09790422022342682,0.9670000076293945,0.890999972820282
YLR148W,YOL041C,0,-1.5936033,0.09789431095123291,0.9670000076293945,0.8910999894142151
YLR449W,YNL146W,0,-1.5938867,0.097884401679039,0.9670000076293945,0.8912000060081482
YCR020C,YKR009C,0,-1.5940026,0.09787449240684509,0.9670000076293945,0.8913000226020813
YDL136W,YOL044W,0,-1.5940496,0.09786459058523178,0.9670000076293945,0.8913999795913696
YDR026C,YER145C,0,-1.5950419,0.09785468876361847,0.9670000076293945,0.8914999961853027
YBL057C,YML037C,0,-1.5953406,0.09784478694200516,0.9670000076293945,0.8916000127792358
YKL082C,YJL072C,0,-1.5961193,0.09783488512039185,0.9670000076293945,0.891700029373169
YJL005W,YLR071C,0,-1.5963054,0.09782499074935913,0.9670000076293945,0.8917999863624573
YOR094W,YML018C,0,-1.5972074,0.09781508892774582,0.9670000076293945,0.8919000029563904
YHR156C,YJR147W,0,-1.5974756,0.0978052020072937,0.9670000076293945,0.8920000195503235
YNL075W,YJR060W,0,-1.5978196,0.09779530763626099,0.9670000076293945,0.8920999765396118
YAL042W,YLR154C,0,-1.5985364,0.09778542071580887,0.9670000076293945,0.8921999931335449
YPR041W,YNR035C,0,-1.5990735,0.09777553379535675,0.9670000076293945,0.892300009727478
YJL008C,YLR418C,0,-1.600088,0.09776564687490463,0.9670000076293945,0.8924000263214111
YBR058C,YPL079W,0,-1.6003602,0.09775575995445251,0.9670000076293945,0.8924999833106995
YGL163C,YLR138W,0,-1.6003807,0.097745880484581,0.9670000076293945,0.8925999999046326
YOR308C,YCR010C,0,-1.6004819,0.09773600101470947,0.9670000076293945,0.8927000164985657
YDR423C,YPL108W,0,-1.6008136,0.09772612154483795,0.9670000076293945,0.892799973487854
YPL194W,YOR245C,0,-1.6008526,0.09771624952554703,0.9670000076293945,0.8928999900817871
YIL122W,YMR277W,0,-1.6008822,0.0977063775062561,0.9670000076293945,0.8930000066757202
YDR388W,YMR094W,0,-1.6009749,0.09769650548696518,0.9670000076293945,0.8931000232696533
YEL060C,YMR128W,0,-1.6014466,0.09768663346767426,0.9670000076293945,0.8931999802589417
YLR029C,YDR198C,0,-1.6014504,0.09767676889896393,0.9670000076293945,0.8932999968528748
YKL015W,YJL115W,0,-1.6017569,0.0976669043302536,0.9670000076293945,0.8934000134468079
YIL134W,YBR135W,0,-1.602498,0.09765703976154327,0.9670000076293945,0.8934999704360962
YMR284W,YJL019W,0,-1.602645,0.09764717519283295,0.9670000076293945,0.8935999870300293
YHL044W,YPL128C,0,-1.6027293,0.09763731807470322,0.9670000076293945,0.8937000036239624
YNL224C,YBL076C,0,-1.6032337,0.09762746095657349,0.9670000076293945,0.8938000202178955
YDR214W,YJR014W,0,-1.6035364,0.09761760383844376,0.9670000076293945,0.8938999772071838
YLR395C,YGL123W,0,-1.6037248,0.09760775417089462,0.9670000076293945,0.8939999938011169
YBR084C-A,YEL059C-A,0,-1.6044236,0.09759789705276489,0.9670000076293945,0.89410001039505
YLL050C,YDR012W,0,-1.605107,0.09758805483579636,0.9670000076293945,0.8942000269889832
YJR034W,YOL124C,0,-1.606159,0.09757820516824722,0.9670000076293945,0.8942999839782715
YKL109W,YJR097W,0,-1.6065325,0.09756835550069809,0.9670000076293945,0.8944000005722046
YLR304C,YML027W,0,-1.6068238,0.09755851328372955,0.9670000076293945,0.8945000171661377
YML132W,YOR178C,0,-1.6074651,0.09754867106676102,0.9670000076293945,0.894599974155426
YGR162W,YPR140W,0,-1.6082569,0.09753883630037308,0.9670000076293945,0.8946999907493591
YEL063C,YJR140C,0,-1.6086375,0.09752899408340454,0.9670000076293945,0.8948000073432922
YDL005C,YLR226W,0,-1.6087611,0.0975191593170166,0.9670000076293945,0.8949000239372253
YOL103W,YGL222C,0,-1.6094059,0.09750932455062866,0.9670000076293945,0.8949999809265137
YGL190C,YGR271C-A,0,-1.6098152,0.09749949723482132,0.9670000076293945,0.8950999975204468
YER101C,YBR070C,0,-1.6102549,0.09748966991901398,0.9670000076293945,0.8952000141143799
YMR037C,YHR123W,0,-1.6104728,0.09747983515262604,0.9670000076293945,0.8952999711036682
YIR002C,YMR213W,0,-1.6119986,0.09747001528739929,0.9670000076293945,0.8953999876976013
YML056C,YJL102W,0,-1.6125565,0.09746018797159195,0.9670000076293945,0.8955000042915344
YLR329W,YJR067C,0,-1.6129895,0.0974503681063652,0.9670000076293945,0.8956000208854675
YGL209W,YDR198C,0,-1.613046,0.09744054824113846,0.9670000076293945,0.8956999778747559
YDR059C,YBR008C,0,-1.613715,0.09743072837591171,0.9670000076293945,0.895799994468689
YJL011C,YIL020C,0,-1.6141318,0.09742091596126556,0.9670000076293945,0.8959000110626221
YAL022C,YNL206C,0,-1.6146917,0.09741110354661942,0.9670000076293945,0.8960000276565552
YDR043C,YLR040C,0,-1.6155119,0.09740129113197327,0.9670000076293945,0.8960999846458435
YMR260C,YBL027W,0,-1.61557,0.09739147871732712,0.9670000076293945,0.8962000012397766
YOR326W,YER072W,1,-1.6163667,0.09748237580060959,0.9679999947547913,0.8962000012397766
YOR205C,YGR104C,0,-1.6163783,0.09747256338596344,0.9679999947547913,0.8963000178337097
YOR332W,YEL027W,1,-1.6174803,0.09756343066692352,0.968999981880188,0.8963000178337097
YPL012W,YGL223C,0,-1.6182715,0.09755361080169678,0.968999981880188,0.896399974822998
YOL158C,YPR026W,0,-1.6184924,0.09754379093647003,0.968999981880188,0.8964999914169312
YGL206C,YIL133C,0,-1.6187438,0.09753397107124329,0.968999981880188,0.8966000080108643
YJL062W,YBR216C,0,-1.6188143,0.09752415120601654,0.968999981880188,0.8967000246047974
YLR418C,YOR115C,0,-1.6201762,0.09751433879137039,0.968999981880188,0.8967999815940857
YOR005C,YBR276C,0,-1.6209167,0.09750452637672424,0.968999981880188,0.8968999981880188
YMR296C,YGL203C,0,-1.6210266,0.09749472141265869,0.968999981880188,0.8970000147819519
YOR182C,YGR177C,0,-1.6211574,0.09748490899801254,0.968999981880188,0.8970999717712402
YKL186C,YER180C,0,-1.6212455,0.09747510403394699,0.968999981880188,0.8971999883651733
YGL089C,YML118W,0,-1.621292,0.09746529906988144,0.968999981880188,0.8973000049591064
YDL194W,YML018C,0,-1.621415,0.09745549410581589,0.968999981880188,0.8974000215530396
YGR104C,YHR069C,0,-1.621518,0.09744569659233093,0.968999981880188,0.8974999785423279
YIL091C,YKL186C,0,-1.6229193,0.09743589907884598,0.968999981880188,0.897599995136261
YNL158W,YLR176C,0,-1.623084,0.09742610156536102,0.968999981880188,0.8977000117301941
YMR109W,YDR508C,0,-1.623714,0.09741630405187607,0.968999981880188,0.8978000283241272
YIL023C,YJL213W,0,-1.6238207,0.09740651398897171,0.968999981880188,0.8978999853134155
YPL121C,YJR045C,0,-1.6242954,0.09739672392606735,0.968999981880188,0.8980000019073486
YKL082C,YER151C,0,-1.6247182,0.097386933863163,0.968999981880188,0.8981000185012817
YOR290C,YPL110C,0,-1.6247514,0.09737715125083923,0.968999981880188,0.8981999754905701
YEL022W,YCL059C,0,-1.6260573,0.09736736118793488,0.968999981880188,0.8982999920845032
YER019W,YPR023C,0,-1.626809,0.09735757857561111,0.968999981880188,0.8984000086784363
YFL004W,YJL012C,1,-1.62703,0.09744825959205627,0.9700000286102295,0.8984000086784363
YNL091W,YOL045W,0,-1.6272646,0.09743846952915192,0.9700000286102295,0.8985000252723694
YGR257C,YLR099C,0,-1.6282982,0.09742868691682816,0.9700000286102295,0.8985999822616577
YGR152C,YGL048C,0,-1.6284722,0.0974189043045044,0.9700000286102295,0.8986999988555908
YOR326W,YPR049C,1,-1.6288261,0.09750954061746597,0.9710000157356262,0.8986999988555908
YNL096C,YBR024W,0,-1.6290761,0.09749975055456161,0.9710000157356262,0.8988000154495239
YLR305C,YBR260C,0,-1.6291357,0.09748996049165726,0.9710000157356262,0.8988999724388123
YGL255W,YNR026C,0,-1.6291614,0.0974801704287529,0.9710000157356262,0.8989999890327454
YGR229C,YOR180C,0,-1.6292485,0.09747038781642914,0.9710000157356262,0.8991000056266785
YBR195C,YER172C,0,-1.6292697,0.09746060520410538,0.9710000157356262,0.8992000222206116
YIL113W,YLL023C,0,-1.629651,0.09745082259178162,0.9710000157356262,0.8992999792098999
YGR274C,YDR077W,0,-1.6298796,0.09744103997945786,0.9710000157356262,0.899399995803833
YLR221C,YCR052W,0,-1.6300491,0.09743126481771469,0.9710000157356262,0.8995000123977661
YPL122C,YNR041C,0,-1.6300602,0.09742148965597153,0.9710000157356262,0.8996000289916992
YHR039C,YER146W,0,-1.6300772,0.09741171449422836,0.9710000157356262,0.8996999859809875
YOR243C,YBR216C,0,-1.6300894,0.0974019467830658,0.9710000157356262,0.8998000025749207
YOR106W,YKL078W,0,-1.6302778,0.09739217907190323,0.9710000157356262,0.8999000191688538
YDR218C,YDR444W,0,-1.6308662,0.09738241136074066,0.9710000157356262,0.8999999761581421
YBR238C,YDR195W,0,-1.6315073,0.0973726436495781,0.9710000157356262,0.9000999927520752
YMR051C,YBR061C,0,-1.6317979,0.09736288338899612,0.9710000157356262,0.9002000093460083
YLR207W,YER180C,0,-1.6322479,0.09735311567783356,0.9710000157356262,0.9003000259399414
YAR014C,YER114C,0,-1.6326289,0.09734335541725159,0.9710000157356262,0.9003999829292297
YPR047W,YDR362C,0,-1.6335263,0.09733360260725021,0.9710000157356262,0.9004999995231628
YDL007W,YFL022C,0,-1.6341901,0.09732384234666824,0.9710000157356262,0.900600016117096
YLR278C,YNL298W,0,-1.6350313,0.09731408953666687,0.9710000157356262,0.9006999731063843
YLR074C,YLR285W,0,-1.6352652,0.0973043367266655,0.9710000157356262,0.9007999897003174
YBR154C,YDL193W,0,-1.6357316,0.09729459136724472,0.9710000157356262,0.9009000062942505
YER049W,YDL010W,0,-1.6358689,0.09728483855724335,0.9710000157356262,0.9010000228881836
YPR073C,YBL010C,0,-1.6364095,0.09727509319782257,0.9710000157356262,0.9010999798774719
YMR139W,YOR106W,0,-1.6375102,0.0972653478384018,0.9710000157356262,0.901199996471405
YDL014W,YJL030W,0,-1.6377774,0.09725560992956161,0.9710000157356262,0.9013000130653381
YBL105C,YLR032W,0,-1.6380794,0.09724587202072144,0.9710000157356262,0.9014000296592712
YKR105C,YFL052W,0,-1.6380862,0.09723613411188126,0.9710000157356262,0.9014999866485596
YNL267W,YPL218W,0,-1.6382853,0.09722639620304108,0.9710000157356262,0.9016000032424927
YMR266W,YCR002C,0,-1.6385962,0.0972166582942009,0.9710000157356262,0.9017000198364258
YCL030C,YNL210W,0,-1.6393719,0.09720692783594131,0.9710000157356262,0.9017999768257141
YGR084C,YPR048W,0,-1.6398685,0.09719719737768173,0.9710000157356262,0.9018999934196472
YCL011C,YBR238C,0,-1.6400037,0.09718746691942215,0.9710000157356262,0.9020000100135803
YBR097W,YJR040W,0,-1.6400684,0.09717774391174316,0.9710000157356262,0.9021000266075134
YDR348C,YGR036C,0,-1.6403533,0.09716802090406418,0.9710000157356262,0.9021999835968018
YDR470C,YDL055C,0,-1.6413888,0.09715829789638519,0.9710000157356262,0.9023000001907349
YER157W,YAR008W,0,-1.6416049,0.09714857488870621,0.9710000157356262,0.902400016784668
YMR278W,YKL090W,0,-1.6417103,0.09713885188102722,0.9710000157356262,0.9024999737739563
YGL210W,YOR188W,0,-1.641764,0.09712913632392883,0.9710000157356262,0.9025999903678894
YAL002W,YNL054W,1,-1.6418253,0.09721944481134415,0.972000002861023,0.9025999903678894
YJR068W,YHR052W,0,-1.6420066,0.09720972180366516,0.972000002861023,0.9027000069618225
YMR020W,YGL099W,0,-1.6430558,0.09719999879598618,0.972000002861023,0.9028000235557556
YOR384W,YLR371W,0,-1.6438452,0.09719028323888779,0.972000002861023,0.902899980545044
YMR184W,YPL230W,0,-1.6454006,0.0971805602312088,0.972000002861023,0.902999997138977
YDR118W,YNL085W,0,-1.6461732,0.09717085212469101,0.972000002861023,0.9031000137329102
YGR085C,YNL185C,0,-1.6463804,0.09716113656759262,0.972000002861023,0.9031999707221985
YGL054C,YDR101C,0,-1.6463989,0.09715142101049423,0.972000002861023,0.9032999873161316
YJL198W,YLR447C,0,-1.6470398,0.09714171290397644,0.972000002861023,0.9034000039100647
YLR002C,YPR102C,0,-1.6470948,0.09713200479745865,0.972000002861023,0.9035000205039978
YCR053W,YJL008C,0,-1.6483557,0.09712230414152145,0.972000002861023,0.9035999774932861
YBR296C,YLR264W,0,-1.6495768,0.09711259603500366,0.972000002861023,0.9036999940872192
YCR057C,YLL032C,0,-1.6507887,0.09710289537906647,0.972000002861023,0.9038000106811523
YMR022W,YOR224C,0,-1.6545421,0.09709319472312927,0.972000002861023,0.9039000272750854
YOL030W,YPL134C,0,-1.6547093,0.09708350151777267,0.972000002861023,0.9039999842643738
YOR311C,YDR109C,0,-1.6547859,0.09707380086183548,0.972000002861023,0.9041000008583069
YGR264C,YDL006W,0,-1.6549348,0.09706410765647888,0.972000002861023,0.90420001745224
YDR082W,YLR403W,0,-1.6554269,0.09705442190170288,0.972000002861023,0.9042999744415283
YBR105C,YOL138C,0,-1.6563084,0.09704472869634628,0.972000002861023,0.9043999910354614
YLR096W,YIL131C,0,-1.6563675,0.09703504294157028,0.972000002861023,0.9045000076293945
YML064C,YPL217C,0,-1.6565791,0.09702535718679428,0.972000002861023,0.9046000242233276
YOL103W,YBR105C,0,-1.656756,0.09701567143201828,0.972000002861023,0.904699981212616
YOR295W,YNL207W,0,-1.6567736,0.09700598567724228,0.972000002861023,0.9047999978065491
YOR222W,YNL325C,0,-1.6570684,0.09699630737304688,0.972000002861023,0.9049000144004822
YDR084C,YIL085C,0,-1.6578909,0.09698662906885147,0.972000002861023,0.9049999713897705
YMR214W,YJL024C,0,-1.658706,0.09697695076465607,0.972000002861023,0.9050999879837036
YER045C,YOR257W,0,-1.6588889,0.09696727991104126,0.972000002861023,0.9052000045776367
YBL088C,YPL086C,0,-1.6589898,0.09695760905742645,0.972000002861023,0.9053000211715698
YGR172C,YGR271C-A,0,-1.660437,0.09694793820381165,0.972000002861023,0.9053999781608582
YKL218C,YCL024W,0,-1.6605445,0.09693826735019684,0.972000002861023,0.9054999947547913
YPR125W,YMR036C,0,-1.6607347,0.09692859649658203,0.972000002861023,0.9056000113487244
YER045C,YBR055C,0,-1.6607895,0.09691893309354782,0.972000002861023,0.9057000279426575
YDR191W,YPL212C,0,-1.660817,0.09690926969051361,0.972000002861023,0.9057999849319458
YMR236W,YGL039W,0,-1.6610194,0.09689961373806,0.972000002861023,0.9059000015258789
YBL100W-A,YLR205C,0,-1.6610442,0.09688995033502579,0.972000002861023,0.906000018119812
YHR032W,YKL143W,0,-1.6611425,0.09688029438257217,0.972000002861023,0.9060999751091003
YBR161W,YDR147W,0,-1.6615884,0.09687063843011856,0.972000002861023,0.9061999917030334
YDR229W,YPR049C,1,-1.6623832,0.0969606414437294,0.9729999899864197,0.9061999917030334
YNL149C,YBR200W,0,-1.6631474,0.09695097804069519,0.9729999899864197,0.9063000082969666
YOR155C,YLR222C,0,-1.663272,0.09694131463766098,0.9729999899864197,0.9064000248908997
YJL102W,YDR026C,0,-1.6640741,0.09693165868520737,0.9729999899864197,0.906499981880188
YMR271C,YDR195W,0,-1.6643325,0.09692200273275375,0.9729999899864197,0.9065999984741211
YOR140W,YMR288W,0,-1.6648058,0.09691235423088074,0.9729999899864197,0.9067000150680542
YNR017W,YNL270C,0,-1.6656421,0.09690269827842712,0.9729999899864197,0.9067999720573425
YPL079W,YDR299W,0,-1.6662132,0.09689304977655411,0.9729999899864197,0.9068999886512756
YLR459W,YDR206W,0,-1.6664095,0.09688340127468109,0.9729999899864197,0.9070000052452087
YIL103W,YLL038C,0,-1.6671942,0.09687375277280807,0.9729999899864197,0.9071000218391418
YGL216W,YLR120C,0,-1.66854,0.09686411172151566,0.9729999899864197,0.9071999788284302
YMR093W,YBR067C,0,-1.6690565,0.09685447067022324,0.9729999899864197,0.9072999954223633
YDR194C,YDR254W,0,-1.6693007,0.09684482961893082,0.9729999899864197,0.9074000120162964
YLR176C,YMR278W,0,-1.6716073,0.0968351885676384,0.9729999899864197,0.9075000286102295
YIR021W,YER029C,0,-1.6721109,0.09682555496692657,0.9729999899864197,0.9075999855995178
YBL019W,YER070W,0,-1.6729349,0.09681592136621475,0.9729999899864197,0.9077000021934509
YDR196C,YMR127C,0,-1.6729782,0.09680628776550293,0.9729999899864197,0.907800018787384
YNL116W,YML129C,0,-1.6734289,0.09679665416479111,0.9729999899864197,0.9078999757766724
YKR029C,YLR222C,0,-1.673499,0.09678702801465988,0.9729999899864197,0.9079999923706055
YKL175W,YOR047C,0,-1.6736232,0.09677740186452866,0.9729999899864197,0.9081000089645386
YPL241C,YOL018C,0,-1.6744322,0.09676777571439743,0.9729999899864197,0.9082000255584717
YPL045W,YNL326C,1,-1.674545,0.09685759991407394,0.9739999771118164,0.9082000255584717
YAL044C,YLR452C,0,-1.6748117,0.09684796631336212,0.9739999771118164,0.90829998254776
YOL124C,YPR019W,0,-1.6763811,0.0968383401632309,0.9739999771118164,0.9083999991416931
YDL150W,YHR058C,0,-1.6767176,0.09682871401309967,0.9739999771118164,0.9085000157356262
YGR067C,YOR317W,0,-1.6775665,0.09681908786296844,0.9739999771118164,0.9085999727249146
YNL126W,YLL055W,0,-1.6780354,0.09680946171283722,0.9739999771118164,0.9086999893188477
YLR355C,YML129C,0,-1.6788706,0.09679984301328659,0.9739999771118164,0.9088000059127808
YKL166C,YGR104C,0,-1.6799747,0.09679022431373596,0.9739999771118164,0.9089000225067139
YJL042W,YNL202W,0,-1.6804038,0.09678060561418533,0.9739999771118164,0.9089999794960022
YBL010C,YMR021C,0,-1.6818811,0.0967709869146347,0.9739999771118164,0.9090999960899353
YAR010C,YGL001C,0,-1.6824542,0.09676137566566467,0.9739999771118164,0.9092000126838684
YNL148C,YJR026W,0,-1.682904,0.09675176441669464,0.9739999771118164,0.9093000292778015
YKL181W,YDR020C,0,-1.6830369,0.09674215316772461,0.9739999771118164,0.9093999862670898
YOL010W,YEL036C,0,-1.6835841,0.09673254191875458,0.9739999771118164,0.909500002861023
YNL241C,YGR054W,0,-1.6839515,0.09672293812036514,0.9739999771118164,0.909600019454956
YMR287C,YBR084W,0,-1.6845781,0.09671333432197571,0.9739999771118164,0.9096999764442444
YNL330C,YFR028C,0,-1.6853809,0.09670373052358627,0.9739999771118164,0.9097999930381775
YPL196W,YGR271C-A,0,-1.6854317,0.09669413417577744,0.9739999771118164,0.9099000096321106
YLR172C,YPL059W,0,-1.6857941,0.0966845378279686,0.9739999771118164,0.9100000262260437
YML088W,YIL047C,0,-1.6866949,0.09667494148015976,0.9739999771118164,0.910099983215332
YFR009W,YBR264C,0,-1.6870581,0.09666534513235092,0.9739999771118164,0.9101999998092651
YBR236C,YLL011W,0,-1.6874429,0.09665574878454208,0.9739999771118164,0.9103000164031982
YOR182C,YDL166C,0,-1.6879009,0.09664615988731384,0.9739999771118164,0.9103999733924866
YNR047W,YMR285C,0,-1.6880661,0.0966365709900856,0.9739999771118164,0.9104999899864197
YER113C,YDR196C,0,-1.6884524,0.09662698209285736,0.9739999771118164,0.9106000065803528
YOR143C,YHR167W,0,-1.689385,0.09661740064620972,0.9739999771118164,0.9107000231742859
YCR024C-A,YNL110C,0,-1.6899742,0.09660781919956207,0.9739999771118164,0.9107999801635742
YLR320W,YLR272C,0,-1.6901327,0.09659823775291443,0.9739999771118164,0.9108999967575073
YNR067C,YJL114W,0,-1.6903802,0.09658865630626678,0.9739999771118164,0.9110000133514404
YPL269W,YDL166C,0,-1.691663,0.09657907485961914,0.9739999771118164,0.9110999703407288
YHR176W,YLR319C,0,-1.6917766,0.0965695008635521,0.9739999771118164,0.9111999869346619
YOR138C,YER175C,0,-1.6918961,0.09655992686748505,0.9739999771118164,0.911300003528595
YJR034W,YAL025C,0,-1.6922411,0.0965503603219986,0.9739999771118164,0.9114000201225281
YOR326W,YAL040C,1,-1.6930357,0.09663990139961243,0.9750000238418579,0.9114000201225281
YGL133W,YDR017C,0,-1.6931762,0.09663032740354538,0.9750000238418579,0.9114999771118164
YDR348C,YML027W,0,-1.6934137,0.09662075340747833,0.9750000238418579,0.9115999937057495
YML123C,YML074C,0,-1.6935773,0.09661117941141129,0.9750000238418579,0.9117000102996826
YOL086C,YDR014W,0,-1.6936052,0.09660160541534424,0.9750000238418579,0.9118000268936157
YNL096C,YFL038C,0,-1.6937422,0.09659203141927719,0.9750000238418579,0.911899983882904
YKR060W,YER029C,0,-1.6940206,0.09658246487379074,0.9750000238418579,0.9120000004768372
YBR230C,YDR479C,0,-1.6944529,0.09657289832830429,0.9750000238418579,0.9121000170707703
YAL047C,YMR013C,0,-1.6961411,0.09656333923339844,0.9750000238418579,0.9121999740600586
YIR010W,YKR038C,0,-1.696987,0.09655377268791199,0.9750000238418579,0.9122999906539917
YOR346W,YEL009C,0,-1.697476,0.09654421359300613,0.9750000238418579,0.9124000072479248
YDR079W,YDR062W,0,-1.6980835,0.09653465449810028,0.9750000238418579,0.9125000238418579
YNL299W,YKL222C,0,-1.6982385,0.09652509540319443,0.9750000238418579,0.9125999808311462
YDR166C,YPL181W,0,-1.69859,0.09651554375886917,0.9750000238418579,0.9126999974250793
YML029W,YPL152W,0,-1.6987189,0.09650598466396332,0.9750000238418579,0.9128000140190125
YDR206W,YMR301C,0,-1.6987679,0.09649644047021866,0.9750000238418579,0.9128999710083008
YBR057C,YNL275W,0,-1.6993207,0.0964868888258934,0.9750000238418579,0.9129999876022339
YMR188C,YML005W,0,-1.6993507,0.09647733718156815,0.9750000238418579,0.913100004196167
YOR224C,YPR075C,0,-1.700094,0.09646779298782349,0.9750000238418579,0.9132000207901001
YJR002W,YIL127C,0,-1.7002144,0.09645824879407883,0.9750000238418579,0.9132999777793884
YPR060C,YJR056C,0,-1.7010405,0.09644871205091476,0.9750000238418579,0.9133999943733215
YGL019W,YDR224C,0,-1.7022047,0.0964391678571701,0.9750000238418579,0.9135000109672546
YDL077C,YAL002W,1,-1.7029802,0.09652853012084961,0.9760000109672546,0.9135000109672546
YIL031W,YER002W,0,-1.7038969,0.09651898592710495,0.9760000109672546,0.9136000275611877
YOL130W,YGL227W,0,-1.7041912,0.09650944173336029,0.9760000109672546,0.9136999845504761
YNL270C,YGL095C,0,-1.7043945,0.09649989753961563,0.9760000109672546,0.9138000011444092
YNL314W,YPL217C,0,-1.7053069,0.09649036079645157,0.9760000109672546,0.9139000177383423
YPR112C,YOL003C,0,-1.7054261,0.0964808240532875,0.9760000109672546,0.9139999747276306
YCR053W,YPL217C,0,-1.706163,0.09647128731012344,0.9760000109672546,0.9140999913215637
YGL013C,YER002W,0,-1.7062023,0.09646175056695938,0.9760000109672546,0.9142000079154968
YDL074C,YKL179C,0,-1.706452,0.09645222127437592,0.9760000109672546,0.9143000245094299
YFR037C,YLR403W,0,-1.7081445,0.09644268453121185,0.9760000109672546,0.9143999814987183
YOR229W,YCR010C,0,-1.7082468,0.09643315523862839,0.9760000109672546,0.9144999980926514
YER069W,YER175C,0,-1.7084701,0.09642363339662552,0.9760000109672546,0.9146000146865845
YPR112C,YDR383C,0,-1.7087022,0.09641410410404205,0.9760000109672546,0.9146999716758728
YLR373C,YLR022C,0,-1.7088389,0.09640458226203918,0.9760000109672546,0.9147999882698059
YPL129W,YMR121C,0,-1.7089862,0.09639506042003632,0.9760000109672546,0.914900004863739
YER018C,YOR353C,0,-1.7092812,0.09638553857803345,0.9760000109672546,0.9150000214576721
YDR016C,YBL076C,0,-1.709308,0.09637602418661118,0.9760000109672546,0.9150999784469604
YGR014W,YER087W,0,-1.7100283,0.0963665097951889,0.9760000109672546,0.9151999950408936
YBR105C,YPR049C,1,-1.7100669,0.09645572304725647,0.9769999980926514,0.9151999950408936
YNL312W,YJR135C,0,-1.7101007,0.0964462012052536,0.9769999980926514,0.9153000116348267
YDR477W,YJR033C,0,-1.7126173,0.09643667936325073,0.9769999980926514,0.9154000282287598
YKL024C,YEL054C,0,-1.7137908,0.09642716497182846,0.9769999980926514,0.9154999852180481
YKR028W,YML014W,0,-1.715553,0.09641764312982559,0.9769999980926514,0.9156000018119812
YOR295W,YHR156C,0,-1.7156167,0.09640812873840332,0.9769999980926514,0.9157000184059143
YKL203C,YNL101W,0,-1.7159505,0.09639862179756165,0.9769999980926514,0.9157999753952026
YBR142W,YDR177W,0,-1.7171723,0.09638910740613937,0.9769999980926514,0.9158999919891357
YMR288W,YNL177C,0,-1.7178408,0.0963796004652977,0.9769999980926514,0.9160000085830688
YLL039C,YGR281W,0,-1.7181169,0.09637009352445602,0.9769999980926514,0.916100025177002
YDL225W,YKR025W,0,-1.7186979,0.09636058658361435,0.9769999980926514,0.9161999821662903
YOR046C,YGR027C,0,-1.7195431,0.09635108709335327,0.9769999980926514,0.9162999987602234
YGL213C,YJL129C,0,-1.7204634,0.0963415801525116,0.9769999980926514,0.9164000153541565
YML109W,YLR225C,0,-1.7227156,0.09633208811283112,0.9769999980926514,0.9164999723434448
YPR096C,YPR058W,0,-1.7228316,0.09632258862257004,0.9769999980926514,0.9165999889373779
YBL009W,YHR172W,0,-1.7237364,0.09631308913230896,0.9769999980926514,0.916700005531311
YBR298C,YJL159W,0,-1.7245759,0.09630359709262848,0.9769999980926514,0.9168000221252441
YEL027W,YLR043C,1,-1.7248079,0.0963926687836647,0.9779999852180481,0.9168000221252441
YDL065C,YER082C,0,-1.7249309,0.09638316929340363,0.9779999852180481,0.9168999791145325
YAL017W,YNR003C,0,-1.7250439,0.09637366980314255,0.9779999852180481,0.9169999957084656
YNL256W,YDR020C,0,-1.7250541,0.09636417031288147,0.9779999852180481,0.9171000123023987
YLR244C,YML124C,0,-1.7260828,0.09635467827320099,0.9779999852180481,0.9172000288963318
YML060W,YNL008C,0,-1.7261798,0.09634518623352051,0.9779999852180481,0.9172999858856201
YGR166W,YJL184W,0,-1.7263783,0.09633569419384003,0.9779999852180481,0.9174000024795532
YCR039C,YPL181W,0,-1.7265698,0.09632620960474014,0.9779999852180481,0.9175000190734863
YGL169W,YML032C,0,-1.7266368,0.09631672501564026,0.9779999852180481,0.9175999760627747
YDR519W,YNR040W,0,-1.7269304,0.09630724042654037,0.9779999852180481,0.9176999926567078
YDR226W,YJR105W,0,-1.7281361,0.09629775583744049,0.9779999852180481,0.9178000092506409
YMR211W,YJL095W,0,-1.7284701,0.0962882712483406,0.9779999852180481,0.917900025844574
YFL004W,YOR326W,1,-1.7289218,0.09637723863124847,0.9789999723434448,0.917900025844574
YEL027W,YFL039C,1,-1.7306772,0.09646619111299515,0.9800000190734863,0.917900025844574
YER016W,YMR236W,0,-1.7323,0.09645669162273407,0.9800000190734863,0.9179999828338623
YMR305C,YLL011W,0,-1.7328031,0.09644719958305359,0.9800000190734863,0.9180999994277954
YDR409W,YHR069C,0,-1.7330824,0.09643770754337311,0.9800000190734863,0.9182000160217285
YPL211W,YMR135C,0,-1.7330841,0.09642822295427322,0.9800000190734863,0.9182999730110168
YGL038C,YJL073W,0,-1.7332368,0.09641873091459274,0.9800000190734863,0.91839998960495
YDL239C,YMR281W,0,-1.733241,0.09640924632549286,0.9800000190734863,0.9185000061988831
YLR408C,YNL206C,0,-1.7334979,0.09639976173639297,0.9800000190734863,0.9186000227928162
YDR211W,YOL045W,0,-1.7335215,0.09639028459787369,0.9800000190734863,0.9186999797821045
YGR263C,YJL073W,0,-1.7337918,0.0963808000087738,0.9800000190734863,0.9187999963760376
YPR194C,YPL134C,0,-1.7352065,0.09637132287025452,0.9800000190734863,0.9189000129699707
YOL155C,YHR143W-A,0,-1.7357279,0.09636184573173523,0.9800000190734863,0.9190000295639038
YLL001W,YJL213W,0,-1.7358512,0.09635237604379654,0.9800000190734863,0.9190999865531921
YLR005W,YGR171C,0,-1.7364646,0.09634289890527725,0.9800000190734863,0.9192000031471252
YPL111W,YML118W,0,-1.7378745,0.09633342921733856,0.9800000190734863,0.9193000197410583
YDR030C,YDR392W,0,-1.7380687,0.09632395952939987,0.9800000190734863,0.9193999767303467
YMR218C,YOR115C,0,-1.7390916,0.09631449729204178,0.9800000190734863,0.9194999933242798
YLR332W,YNL007C,0,-1.7397349,0.09630503505468369,0.9800000190734863,0.9196000099182129
YKL179C,YBR237W,0,-1.739968,0.096295565366745,0.9800000190734863,0.919700026512146
YAL040C,YNL191W,0,-1.7400206,0.0962861105799675,0.9800000190734863,0.9197999835014343
YGR028W,YOL104C,0,-1.7402829,0.0962766483426094,0.9800000190734863,0.9199000000953674
YFL017W-A,YOR064C,0,-1.7415195,0.09626719355583191,0.9800000190734863,0.9200000166893005
YJR043C,YLR210W,0,-1.7424597,0.09625773131847382,0.9800000190734863,0.9200999736785889
YOR181W,YGL207W,0,-1.74329,0.09624828398227692,0.9800000190734863,0.920199990272522
YLR233C,YOR196C,0,-1.7433213,0.09623882919549942,0.9800000190734863,0.9203000068664551
YOR005C,YJL042W,0,-1.7435151,0.09622938185930252,0.9800000190734863,0.9204000234603882
YNL312W,YPR025C,0,-1.7440115,0.09621993452310562,0.9800000190734863,0.9204999804496765
YPL252C,YOR326W,0,-1.7441036,0.09621048718690872,0.9800000190734863,0.9205999970436096
YBR087W,YKR048C,0,-1.7445985,0.09620103985071182,0.9800000190734863,0.9207000136375427
YER029C,YML037C,0,-1.7450817,0.09619159996509552,0.9800000190734863,0.920799970626831
YDR501W,YLR403W,0,-1.7451562,0.09618216007947922,0.9800000190734863,0.9208999872207642
YPL093W,YER025W,0,-1.745175,0.09617272019386292,0.9800000190734863,0.9210000038146973
YJR068W,YMR142C,0,-1.7452368,0.09616328030824661,0.9800000190734863,0.9211000204086304
YOL068C,YGR061C,0,-1.7455353,0.09615384787321091,0.9800000190734863,0.9211999773979187
YPR056W,YHR023W,0,-1.7465965,0.0961444154381752,0.9800000190734863,0.9212999939918518
YMR077C,YOR007C,0,-1.7466865,0.0961349830031395,0.9800000190734863,0.9214000105857849
YFL036W,YMR080C,0,-1.7467133,0.09612555056810379,0.9800000190734863,0.921500027179718
YML028W,YKL156W,0,-1.7469143,0.09611612558364868,0.9800000190734863,0.9215999841690063
YLR246W,YNR022C,0,-1.7473145,0.09610670059919357,0.9800000190734863,0.9217000007629395
YLR401C,YLR224W,0,-1.7476271,0.09609727561473846,0.9800000190734863,0.9218000173568726
YDR210W,YGR041W,0,-1.7480345,0.09608785063028336,0.9800000190734863,0.9218999743461609
YOL026C,YPL208W,0,-1.7481642,0.09607843309640884,0.9800000190734863,0.921999990940094
YEL040W,YDR494W,0,-1.7485329,0.09606901556253433,0.9800000190734863,0.9221000075340271
YFR041C,YJL033W,0,-1.7490293,0.09605959802865982,0.9800000190734863,0.9222000241279602
YLR214W,YOR028C,0,-1.7490379,0.09605018049478531,0.9800000190734863,0.9222999811172485
YML069W,YHR069C,0,-1.7495056,0.0960407704114914,0.9800000190734863,0.9223999977111816
YAL029C,YDR341C,0,-1.7496581,0.09603136032819748,0.9800000190734863,0.9225000143051147
YPR166C,YOR340C,0,-1.7499976,0.09602195024490356,0.9800000190734863,0.9225999712944031
YNL271C,YKL021C,0,-1.7515997,0.09601254016160965,0.9800000190734863,0.9226999878883362
YDL201W,YBR202W,0,-1.7538117,0.09600313752889633,0.9800000190734863,0.9228000044822693
YDR354W,YNL300W,0,-1.7540888,0.09599372744560242,0.9800000190734863,0.9229000210762024
YLR188W,YLR148W,0,-1.7553312,0.0959843322634697,0.9800000190734863,0.9229999780654907
YMR039C,YOL080C,0,-1.7557007,0.09597492963075638,0.9800000190734863,0.9230999946594238
YCR012W,YGR292W,0,-1.7574769,0.09596553444862366,0.9800000190734863,0.9232000112533569
YJL012C,YLR043C,1,-1.7582636,0.09605404734611511,0.9810000061988831,0.9232000112533569
YMR005W,YGR134W,0,-1.7583553,0.0960446447134018,0.9810000061988831,0.92330002784729
YPL055C,YDL143W,0,-1.7587599,0.09603524208068848,0.9810000061988831,0.9233999848365784
YOL112W,YJR098C,0,-1.759497,0.09602583944797516,0.9810000061988831,0.9235000014305115
YJR145C,YOL115W,0,-1.760131,0.09601644426584244,0.9810000061988831,0.9236000180244446
YHR069C,YNL009W,0,-1.761226,0.09600704908370972,0.9810000061988831,0.9236999750137329
YNR011C,YEL042W,0,-1.7613817,0.095997653901577,0.9810000061988831,0.923799991607666
YPL172C,YLR226W,0,-1.7614391,0.09598825871944427,0.9810000061988831,0.9239000082015991
YPR125W,YBR171W,0,-1.7614466,0.09597886353731155,0.9810000061988831,0.9240000247955322
YPL098C,YBR154C,0,-1.7617236,0.09596947580575943,0.9810000061988831,0.9240999817848206
YJR070C,YFL031W,0,-1.7631795,0.0959600880742073,0.9810000061988831,0.9241999983787537
YJL079C,YAL040C,0,-1.7631837,0.09595070779323578,0.9810000061988831,0.9243000149726868
YOL038W,YCR057C,0,-1.7634294,0.09594132006168365,0.9810000061988831,0.9243999719619751
YJL115W,YOR147W,0,-1.7645831,0.09593193978071213,0.9810000061988831,0.9244999885559082
YOL010W,YGR157W,0,-1.7646255,0.0959225594997406,0.9810000061988831,0.9246000051498413
YJL136C,YDL055C,0,-1.7647265,0.09591317921876907,0.9810000061988831,0.9247000217437744
YLR405W,YBL067C,0,-1.7647384,0.09590380638837814,0.9810000061988831,0.9247999787330627
YBR080C,YPR049C,1,-1.7647771,0.09599217772483826,0.9819999933242798,0.9247999787330627
YDR076W,YOR076C,0,-1.764803,0.09598279744386673,0.9819999933242798,0.9248999953269958
YKL195W,YPL223C,0,-1.7659551,0.0959734171628952,0.9819999933242798,0.925000011920929
YDR415C,YLR278C,0,-1.7666181,0.09596403688192368,0.9819999933242798,0.9251000285148621
YPR103W,YNR063W,0,-1.7667965,0.09595466405153275,0.9819999933242798,0.9251999855041504
YNR015W,YPL086C,0,-1.7674512,0.09594528377056122,0.9819999933242798,0.9253000020980835
YJR028W,YNL154C,0,-1.7677943,0.09593591094017029,0.9819999933242798,0.9254000186920166
YIL035C,YHR181W,0,-1.7680222,0.09592653810977936,0.9819999933242798,0.9254999756813049
YJR028W,YDL066W,0,-1.7684002,0.09591717272996902,0.9819999933242798,0.925599992275238
YEL040W,YOR150W,0,-1.7684613,0.0959077998995781,0.9819999933242798,0.9257000088691711
YLR142W,YBR264C,0,-1.7698625,0.09589843451976776,0.9819999933242798,0.9258000254631042
YDR383C,YGL079W,0,-1.7702173,0.09588907659053802,0.9819999933242798,0.9258999824523926
YJL034W,YOR378W,0,-1.7707609,0.09587971121072769,0.9819999933242798,0.9259999990463257
YDR255C,YML099C,0,-1.7708571,0.09587035328149796,0.9819999933242798,0.9261000156402588
YDR533C,YOL030W,0,-1.7712737,0.09586099535226822,0.9819999933242798,0.9261999726295471
YPL256C,YBR088C,0,-1.7714146,0.09585163742303848,0.9819999933242798,0.9262999892234802
YNL112W,YPR189W,0,-1.771735,0.09584227949380875,0.9819999933242798,0.9264000058174133
YLR051C,YBL046W,0,-1.7721084,0.0958329290151596,0.9819999933242798,0.9265000224113464
YJL034W,YLR385C,0,-1.7722025,0.09582357853651047,0.9819999933242798,0.9265999794006348
YOR148C,YMR004W,0,-1.7723778,0.09581422805786133,0.9819999933242798,0.9266999959945679
YBL089W,YMR288W,0,-1.7728412,0.09580487757921219,0.9819999933242798,0.926800012588501
YCL008C,YNL206C,0,-1.7730626,0.09579553455114365,0.9819999933242798,0.9269000291824341
YKL186C,YDR318W,0,-1.7732202,0.0957861915230751,0.9819999933242798,0.9269999861717224
YDL092W,YDL208W,0,-1.7751147,0.09577684849500656,0.9819999933242798,0.9271000027656555
YCR011C,YJL033W,0,-1.7754802,0.09576750546693802,0.9819999933242798,0.9272000193595886
YHR070W,YJR014W,0,-1.7760128,0.09575816988945007,0.9819999933242798,0.927299976348877
YGR087C,YLL015W,0,-1.7762089,0.09574882686138153,0.9819999933242798,0.9273999929428101
YPL032C,YDR492W,0,-1.7762948,0.09573949128389359,0.9819999933242798,0.9275000095367432
YCL069W,YLR016C,0,-1.7764287,0.09573016315698624,0.9819999933242798,0.9276000261306763
YJL051W,YJR043C,0,-1.7782313,0.09572082757949829,0.9819999933242798,0.9276999831199646
YKL156W,YPL281C,0,-1.7784373,0.09571149945259094,0.9819999933242798,0.9277999997138977
YMR019W,YNL163C,0,-1.7799618,0.0957021713256836,0.9819999933242798,0.9279000163078308
YBR271W,YIL085C,0,-1.7809836,0.09569285064935684,0.9819999933242798,0.9279999732971191
YNL309W,YNL169C,0,-1.7811383,0.0956835225224495,0.9819999933242798,0.9280999898910522
YAR050W,YJL129C,0,-1.781574,0.09567420184612274,0.9819999933242798,0.9282000064849854
YML014W,YGR214W,0,-1.7821902,0.09566488116979599,0.9819999933242798,0.9283000230789185
YDR478W,YPR072W,0,-1.7823545,0.09565556049346924,0.9819999933242798,0.9283999800682068
YLR396C,YFR055W,0,-1.7829099,0.09564624726772308,0.9819999933242798,0.9284999966621399
YHR082C,YPL093W,0,-1.7855045,0.09563692659139633,0.9819999933242798,0.928600013256073
YDR497C,YDR485C,0,-1.7857354,0.09562762081623077,0.9819999933242798,0.9286999702453613
YGR144W,YBR281C,0,-1.7861001,0.09561830759048462,0.9819999933242798,0.9287999868392944
YOR073W,YPR052C,0,-1.7862638,0.09560899436473846,0.9819999933242798,0.9289000034332275
YNL053W,YOR043W,0,-1.7863402,0.0955996885895729,0.9819999933242798,0.9290000200271606
YOR095C,YBR097W,0,-1.7867577,0.09559038281440735,0.9819999933242798,0.929099977016449
YKR024C,YDR416W,0,-1.7869942,0.09558107703924179,0.9819999933242798,0.9291999936103821
YJR006W,YNL189W,0,-1.7871454,0.09557177871465683,0.9819999933242798,0.9293000102043152
YGR036C,YIL142W,0,-1.7878615,0.09556247293949127,0.9819999933242798,0.9294000267982483
YBL082C,YFR037C,0,-1.7881943,0.09555317461490631,0.9819999933242798,0.9294999837875366
YHR187W,YOR174W,0,-1.7889054,0.09554388374090195,0.9819999933242798,0.9296000003814697
YER045C,YPL011C,0,-1.7898922,0.09553458541631699,0.9819999933242798,0.9297000169754028
YER061C,YBR221C,0,-1.7915787,0.09552529454231262,0.9819999933242798,0.9297999739646912
YIL035C,YDR173C,0,-1.791978,0.09551600366830826,0.9819999933242798,0.9298999905586243
YOL072W,YPR144C,0,-1.7923132,0.0955067127943039,0.9819999933242798,0.9300000071525574
YPL194W,YDR285W,0,-1.7924975,0.09549742192029953,0.9819999933242798,0.9301000237464905
YPL255W,YJR101W,0,-1.7943468,0.09548813849687576,0.9819999933242798,0.9301999807357788
YLR298C,YDL065C,0,-1.7947035,0.095478855073452,0.9819999933242798,0.9302999973297119
YER027C,YLR116W,0,-1.7953655,0.09546957165002823,0.9819999933242798,0.930400013923645
YNL232W,YCL024W,0,-1.7955211,0.09546028822660446,0.9819999933242798,0.9304999709129333
YHR206W,YMR146C,0,-1.7955283,0.09545101225376129,0.9819999933242798,0.9305999875068665
YML094W,YAL024C,0,-1.7962905,0.09544173628091812,0.9819999933242798,0.9307000041007996
YJR022W,YJR067C,0,-1.7968253,0.09543246030807495,0.9819999933242798,0.9308000206947327
YML001W,YNR027W,0,-1.7976295,0.09542318433523178,0.9819999933242798,0.930899977684021
YOR340C,YLR226W,0,-1.7977172,0.09541391581296921,0.9819999933242798,0.9309999942779541
YIL090W,YGR163W,0,-1.7979611,0.09540464729070663,0.9819999933242798,0.9311000108718872
YCR077C,YGR054W,0,-1.7984521,0.09539537876844406,0.9819999933242798,0.9312000274658203
YPL045W,YDL077C,1,-1.7989031,0.09548324346542358,0.9829999804496765,0.9312000274658203
YOL043C,YOR094W,0,-1.7990516,0.09547396749258041,0.9829999804496765,0.9312999844551086
YPR022C,YOR150W,0,-1.7991564,0.09546469897031784,0.9829999804496765,0.9314000010490417
YCL027W,YJR070C,0,-1.799451,0.09545543044805527,0.9829999804496765,0.9315000176429749
YDL077C,YDR495C,1,-1.8005399,0.0955432578921318,0.984000027179718,0.9315000176429749
YOR255W,YMR217W,0,-1.8018751,0.09553398191928864,0.984000027179718,0.9315999746322632
YBR024W,YPL163C,0,-1.8022352,0.09552470594644547,0.984000027179718,0.9316999912261963
YIL091C,YKR029C,0,-1.8028644,0.09551543742418289,0.984000027179718,0.9318000078201294
YJR133W,YOR378W,0,-1.8033165,0.09550616145133972,0.984000027179718,0.9319000244140625
YLR105C,YLR423C,0,-1.8039843,0.09549689292907715,0.984000027179718,0.9319999814033508
YDL084W,YBR238C,0,-1.8043264,0.09548762440681458,0.984000027179718,0.9320999979972839
YOR003W,YMR135C,0,-1.8043824,0.0954783633351326,0.984000027179718,0.932200014591217
YPL206C,YDR140W,0,-1.8052822,0.09546910226345062,0.984000027179718,0.9322999715805054
YDR079W,YKL125W,0,-1.8053534,0.09545983374118805,0.984000027179718,0.9323999881744385
YGL241W,YJL178C,0,-1.8053612,0.09545058012008667,0.984000027179718,0.9325000047683716
YGR028W,YLR404W,0,-1.806013,0.0954413190484047,0.984000027179718,0.9326000213623047
YJR022W,YLR209C,0,-1.8066297,0.09543206542730331,0.984000027179718,0.932699978351593
YIL145C,YKL182W,0,-1.8074504,0.09542281180620193,0.984000027179718,0.9327999949455261
YBL055C,YER073W,0,-1.8077216,0.09541355818510056,0.984000027179718,0.9329000115394592
YOL130W,YKL010C,0,-1.8086542,0.09540430456399918,0.984000027179718,0.9330000281333923
YDR163W,YNR054C,0,-1.8098578,0.0953950583934784,0.984000027179718,0.9330999851226807
YML056C,YDR233C,0,-1.8099046,0.09538580477237701,0.984000027179718,0.9332000017166138
YBR080C,YNL054W,1,-1.8099774,0.09547349065542221,0.9850000143051147,0.9332000017166138
YIL002C,YPL143W,0,-1.8104914,0.09546423703432083,0.9850000143051147,0.9333000183105469
YGL071W,YHR032W,0,-1.8106394,0.09545498341321945,0.9850000143051147,0.9333999752998352
YOL151W,YLR121C,0,-1.8107623,0.09544573724269867,0.9850000143051147,0.9334999918937683
YLR256W,YPL069C,0,-1.8112446,0.09543649107217789,0.9850000143051147,0.9336000084877014
YPR061C,YBR061C,0,-1.8118483,0.0954272449016571,0.9850000143051147,0.9337000250816345
YDR228C,YLR078C,0,-1.8130101,0.09541799873113632,0.9850000143051147,0.9337999820709229
YKL020C,YLL010C,0,-1.8135444,0.09540876001119614,0.9850000143051147,0.933899998664856
YER036C,YPL200W,0,-1.813596,0.09539951384067535,0.9850000143051147,0.9340000152587891
YMR288W,YLR441C,0,-1.8138407,0.09539027512073517,0.9850000143051147,0.9340999722480774
YMR088C,YPL147W,0,-1.8144685,0.09538103640079498,0.9850000143051147,0.9341999888420105
YLR032W,YLR214W,0,-1.815473,0.0953718051314354,0.9850000143051147,0.9343000054359436
YGL257C,YLR214W,0,-1.8160545,0.0953625738620758,0.9850000143051147,0.9344000220298767
YJL187C,YJR101W,0,-1.8169187,0.09535334259271622,0.9850000143051147,0.934499979019165
YGL148W,YFR028C,0,-1.8175427,0.09534411132335663,0.9850000143051147,0.9345999956130981
YCL069W,YMR321C,0,-1.8176174,0.09533488005399704,0.9850000143051147,0.9347000122070312
YPL242C,YHR129C,0,-1.8179626,0.09532565623521805,0.9850000143051147,0.9348000288009644
YOL031C,YER002W,0,-1.8179927,0.09531643241643906,0.9850000143051147,0.9348999857902527
YPR101W,YPR070W,0,-1.8182921,0.09530720859766006,0.9850000143051147,0.9350000023841858
YLL008W,YGR002C,0,-1.8191296,0.09529798477888107,0.9850000143051147,0.9351000189781189
YML009C,YGR280C,0,-1.8191586,0.09528876841068268,0.9850000143051147,0.9351999759674072
YPR033C,YCR098C,0,-1.8195496,0.09527955204248428,0.9850000143051147,0.9352999925613403
YNL162W,YOL077C,0,-1.8199877,0.09527033567428589,0.9850000143051147,0.9354000091552734
YER075C,YDR339C,0,-1.8205787,0.0952611193060875,0.9850000143051147,0.9355000257492065
YHR028C,YPR196W,0,-1.8206115,0.0952519103884697,0.9850000143051147,0.9355999827384949
YNL146W,YOL142W,0,-1.8206404,0.0952427014708519,0.9850000143051147,0.935699999332428
YOL031C,YOL124C,0,-1.8212956,0.0952334925532341,0.9850000143051147,0.9358000159263611
YCR034W,YPL268W,0,-1.8215019,0.0952242836356163,0.9850000143051147,0.9358999729156494
YKL108W,YDR083W,0,-1.8216509,0.0952150821685791,0.9850000143051147,0.9359999895095825
YJL012C,YLR396C,1,-1.8218442,0.0953025296330452,0.9860000014305115,0.9359999895095825
YEL026W,YNR054C,0,-1.8223245,0.0952933207154274,0.9860000014305115,0.9361000061035156
YMR022W,YBR167C,0,-1.8224424,0.0952841117978096,0.9860000014305115,0.9362000226974487
YPL164C,YPR144C,0,-1.8227204,0.0952749028801918,0.9860000014305115,0.9362999796867371
YAL002W,YLR386W,1,-1.8238518,0.09536232054233551,0.9869999885559082,0.9362999796867371
YMR214W,YJR091C,0,-1.8250909,0.09535310417413712,0.9869999885559082,0.9363999962806702
YLR148W,YGR145W,0,-1.8256608,0.09534389525651932,0.9869999885559082,0.9365000128746033
YPL256C,YDR118W,0,-1.8262825,0.09533468633890152,0.9869999885559082,0.9366000294685364
YIL168W,YOL101C,0,-1.826377,0.09532547742128372,0.9869999885559082,0.9366999864578247
YJL184W,YML018C,0,-1.8274809,0.09531627595424652,0.9869999885559082,0.9368000030517578
YMR023C,YBL042C,0,-1.8294193,0.09530706703662872,0.9869999885559082,0.9369000196456909
YEL061C,YPR113W,0,-1.8296851,0.09529786556959152,0.9869999885559082,0.9369999766349792
YKL056C,YLR278C,0,-1.8297588,0.09528866410255432,0.9869999885559082,0.9370999932289124
YJL047C,YMR005W,0,-1.8315996,0.09527947008609772,0.9869999885559082,0.9372000098228455
YBR176W,YEL003W,0,-1.832435,0.09527026861906052,0.9869999885559082,0.9373000264167786
YDL201W,YNR054C,0,-1.8327264,0.09526107460260391,0.9869999885559082,0.9373999834060669
YPR159W,YFL010W-A,0,-1.8331596,0.09525188058614731,0.9869999885559082,0.9375
YPL009C,YKR050W,0,-1.8332664,0.0952426940202713,0.9869999885559082,0.9376000165939331
YIL112W,YFR029W,0,-1.8338275,0.0952335000038147,0.9869999885559082,0.9376999735832214
YOR246C,YLR222C,0,-1.8341454,0.09522431343793869,0.9869999885559082,0.9377999901771545
YOL070C,YPL033C,0,-1.8346301,0.09521512687206268,0.9869999885559082,0.9379000067710876
YGR048W,YGR175C,0,-1.8352176,0.09520594030618668,0.9869999885559082,0.9380000233650208
YDL122W,YPL281C,0,-1.8358538,0.09519676119089127,0.9869999885559082,0.9380999803543091
YLR353W,YOR094W,0,-1.8367242,0.09518758207559586,0.9869999885559082,0.9381999969482422
YLR404W,YBL084C,0,-1.8375329,0.09517839550971985,0.9869999885559082,0.9383000135421753
YPL022W,YDR351W,0,-1.8377221,0.09516922384500504,0.9869999885559082,0.9383999705314636
YOR322C,YDR262W,0,-1.8381325,0.09516004472970963,0.9869999885559082,0.9384999871253967
YBR084C-A,YKL206C,0,-1.8390677,0.09515087306499481,0.9869999885559082,0.9386000037193298
YLR321C,YMR301C,0,-1.8392669,0.09514170140028,0.9869999885559082,0.9387000203132629
YML113W,YKL004W,0,-1.8398683,0.09513252973556519,0.9869999885559082,0.9387999773025513
YDR103W,YGR229C,0,-1.8405493,0.09512335807085037,0.9869999885559082,0.9388999938964844
YER083C,YLR403W,0,-1.8406316,0.09511419385671616,0.9869999885559082,0.9390000104904175
YNR013C,YGR098C,0,-1.8410062,0.09510502964258194,0.9869999885559082,0.9391000270843506
YOR044W,YJL108C,0,-1.8413541,0.09509586542844772,0.9869999885559082,0.9391999840736389
YDR527W,YLR314C,0,-1.8416742,0.0950867086648941,0.9869999885559082,0.939300000667572
YDR062W,YCR027C,0,-1.8420054,0.09507754445075989,0.9869999885559082,0.9394000172615051
YPL151C,YKR048C,0,-1.8433932,0.09506838768720627,0.9869999885559082,0.9394999742507935
YPL082C,YGR159C,0,-1.8437041,0.09505923092365265,0.9869999885559082,0.9395999908447266
YJL200C,YDR429C,0,-1.843761,0.09505007416009903,0.9869999885559082,0.9397000074386597
YMR011W,YGR214W,0,-1.8456601,0.09504092484712601,0.9869999885559082,0.9398000240325928
YER086W,YKL001C,0,-1.8459312,0.09503177553415298,0.9869999885559082,0.9398999810218811
YML077W,YNL189W,0,-1.8459722,0.09502262622117996,0.9869999885559082,0.9399999976158142
YGR077C,YPL086C,0,-1.8462803,0.09501347690820694,0.9869999885559082,0.9401000142097473
YDR147W,YKR026C,0,-1.8467156,0.09500433504581451,0.9869999885559082,0.9401999711990356
YKL120W,YDR162C,0,-1.8470844,0.09499518573284149,0.9869999885559082,0.9402999877929688
YHL044W,YCL031C,0,-1.8488021,0.09498604387044907,0.9869999885559082,0.9404000043869019
YDR027C,YNL119W,0,-1.8493698,0.09497690200805664,0.9869999885559082,0.940500020980835
YHR027C,YAR019C,0,-1.8499777,0.09496776759624481,0.9869999885559082,0.9405999779701233
YML008C,YBR142W,0,-1.8506104,0.09495863318443298,0.9869999885559082,0.9406999945640564
YJR063W,YBL099W,0,-1.8507278,0.09494949132204056,0.9869999885559082,0.9408000111579895
YLR191W,YOR210W,0,-1.8510269,0.09494036436080933,0.9869999885559082,0.9409000277519226
YDR228C,YNL027W,0,-1.8510925,0.0949312299489975,0.9869999885559082,0.9409999847412109
YGR166W,YJL062W,0,-1.8511713,0.09492210298776627,0.9869999885559082,0.941100001335144
YMR136W,YOR106W,0,-1.8513855,0.09491297602653503,0.9869999885559082,0.9412000179290771
YCL063W,YJL178C,1,-1.8515095,0.0949999988079071,0.9879999756813049,0.9412000179290771
YLR405W,YKL041W,0,-1.8523358,0.09499086439609528,0.9879999756813049,0.9412999749183655
YMR112C,YLL042C,0,-1.8536515,0.09498173743486404,0.9879999756813049,0.9413999915122986
YML069W,YLR272C,0,-1.8539773,0.09497260302305222,0.9879999756813049,0.9415000081062317
YOR201C,YDL112W,0,-1.8544271,0.09496347606182098,0.9879999756813049,0.9416000247001648
YPL096W,YCR028C,0,-1.8563794,0.09495434910058975,0.9879999756813049,0.9416999816894531
YIL078W,YGR148C,0,-1.8564095,0.09494522213935852,0.9879999756813049,0.9417999982833862
YPL094C,YLL061W,0,-1.8568482,0.09493610262870789,0.9879999756813049,0.9419000148773193
YMR260C,YOL125W,0,-1.8573205,0.09492697566747665,0.9879999756813049,0.9419999718666077
YHR191C,YJL006C,0,-1.8579696,0.09491785615682602,0.9879999756813049,0.9420999884605408
YOL119C,YOR337W,0,-1.859243,0.09490874409675598,0.9879999756813049,0.9422000050544739
YJR121W,YCL074W,0,-1.8594714,0.09489962458610535,0.9879999756813049,0.942300021648407
YMR292W,YLR385C,0,-1.8603176,0.09489051252603531,0.9879999756813049,0.9423999786376953
YML075C,YGR054W,0,-1.8607901,0.09488140046596527,0.9879999756813049,0.9424999952316284
YKR061W,YOR297C,0,-1.8610171,0.09487228840589523,0.9879999756813049,0.9426000118255615
YDL044C,YML125C,0,-1.8630872,0.0948631763458252,0.9879999756813049,0.9427000284194946
YJR009C,YOR234C,0,-1.8643812,0.09485407173633575,0.9879999756813049,0.942799985408783
YNR039C,YHR166C,0,-1.86491,0.09484496712684631,0.9879999756813049,0.9429000020027161
YOL088C,YKR080W,0,-1.8651108,0.09483586251735687,0.9879999756813049,0.9430000185966492
YPR096C,YMR054W,0,-1.8657256,0.09482675790786743,0.9879999756813049,0.9430999755859375
YOR046C,YHR042W,0,-1.8657607,0.09481766074895859,0.9879999756813049,0.9431999921798706
YLR010C,YBR260C,0,-1.8661067,0.09480855613946915,0.9879999756813049,0.9433000087738037
YNL147W,YOR057W,0,-1.8661722,0.0947994589805603,0.9879999756813049,0.9434000253677368
YLR449W,YMR306W,0,-1.8678398,0.09479036927223206,0.9879999756813049,0.9434999823570251
YNL336W,YFR001W,0,-1.8685554,0.09478127211332321,0.9879999756813049,0.9435999989509583
YMR112C,YER124C,0,-1.8689313,0.09477218240499496,0.9879999756813049,0.9437000155448914
YJL012C,YBR080C,1,-1.8695279,0.09485900402069092,0.9890000224113464,0.9437000155448914
YOR168W,YMR056C,0,-1.8702084,0.09484990686178207,0.9890000224113464,0.9437999725341797
YDL127W,YFR036W,0,-1.8702292,0.09484080970287323,0.9890000224113464,0.9438999891281128
YMR006C,YOR229W,0,-1.870672,0.09483171999454498,0.9890000224113464,0.9440000057220459
YGL106W,YCL036W,0,-1.8708452,0.09482263028621674,0.9890000224113464,0.944100022315979
YGL222C,YLR172C,0,-1.872255,0.09481353312730789,0.9890000224113464,0.9441999793052673
YLR449W,YBR238C,0,-1.8733612,0.09480445086956024,0.9890000224113464,0.9442999958992004
YKL139W,YJL074C,0,-1.8766303,0.094795361161232,0.9890000224113464,0.9444000124931335
YKL125W,YGL244W,0,-1.8768479,0.09478627890348434,0.9890000224113464,0.9445000290870667
YOR245C,YPL152W,0,-1.876939,0.0947771891951561,0.9890000224113464,0.944599986076355
YDR349C,YCL074W,0,-1.8788763,0.09476810693740845,0.9890000224113464,0.9447000026702881
YCL047C,YPL007C,0,-1.8806823,0.0947590321302414,0.9890000224113464,0.9448000192642212
YLR129W,YHR168W,0,-1.8808602,0.09474994987249374,0.9890000224113464,0.9448999762535095
YKL170W,YOR233W,0,-1.8810252,0.09474087506532669,0.9890000224113464,0.9449999928474426
YKR071C,YML010W,0,-1.8812561,0.09473180025815964,0.9890000224113464,0.9451000094413757
YBR092C,YHR021C,0,-1.8819891,0.09472272545099258,0.9890000224113464,0.9452000260353088
YIL099W,YNL037C,0,-1.8855385,0.09471365809440613,0.9890000224113464,0.9452999830245972
YER153C,YFR037C,0,-1.8859147,0.09470458328723907,0.9890000224113464,0.9453999996185303
YPL092W,YIR005W,0,-1.8868257,0.09469551593065262,0.9890000224113464,0.9455000162124634
YAL038W,YGR214W,0,-1.8888477,0.09468645602464676,0.9890000224113464,0.9455999732017517
YHR070W,YER165W,0,-1.889218,0.0946773886680603,0.9890000224113464,0.9456999897956848
YLR406C,YDL226C,0,-1.8904711,0.09466832876205444,0.9890000224113464,0.9458000063896179
YMR005W,YDL020C,0,-1.8913052,0.09465926140546799,0.9890000224113464,0.945900022983551
YKL172W,YLR116W,0,-1.8916656,0.09465020895004272,0.9890000224113464,0.9459999799728394
YMR214W,YMR301C,0,-1.8918823,0.09464114904403687,0.9890000224113464,0.9460999965667725
YNL021W,YDL015C,0,-1.8920704,0.094632089138031,0.9890000224113464,0.9462000131607056
YJR160C,YLR073C,0,-1.8923074,0.09462303668260574,0.9890000224113464,0.9463000297546387
YDR184C,YER002W,0,-1.8953712,0.09461398422718048,0.9890000224113464,0.946399986743927
YIL117C,YBR175W,0,-1.8954793,0.09460493922233582,0.9890000224113464,0.9465000033378601
YDR197W,YPR021C,0,-1.8958342,0.09459588676691055,0.9890000224113464,0.9466000199317932
YNL113W,YGL079W,0,-1.8960415,0.09458684176206589,0.9890000224113464,0.9466999769210815
YBL006C,YDL108W,0,-1.896387,0.09457779675722122,0.9890000224113464,0.9467999935150146
YOL070C,YKL116C,0,-1.8974222,0.09456875175237656,0.9890000224113464,0.9469000101089478
YER101C,YNL298W,0,-1.8980348,0.09455970674753189,0.9890000224113464,0.9470000267028809
YJR075W,YBR018C,0,-1.8981379,0.09455066919326782,0.9890000224113464,0.9470999836921692
YPL008W,YLR073C,0,-1.8982403,0.09454163163900375,0.9890000224113464,0.9472000002861023
YNL252C,YHR059W,0,-1.8987322,0.09453259408473969,0.9890000224113464,0.9473000168800354
YDL054C,YNL270C,0,-1.8997321,0.09452355653047562,0.9890000224113464,0.9473999738693237
YJR127C,YPR048W,0,-1.8997465,0.09451452642679214,0.9890000224113464,0.9474999904632568
YGL106W,YMR236W,0,-1.8997474,0.09450549632310867,0.9890000224113464,0.9476000070571899
YPL081W,YML106W,0,-1.9012215,0.0944964662194252,0.9890000224113464,0.947700023651123
YPL060W,YNL248C,0,-1.9026005,0.09448743611574173,0.9890000224113464,0.9477999806404114
YLR406C,YBL005W-A,0,-1.9045991,0.09447841346263885,0.9890000224113464,0.9478999972343445
YDR447C,YJR070C,0,-1.90728,0.09446938335895538,0.9890000224113464,0.9480000138282776
YKR024C,YOR344C,0,-1.908178,0.09446036070585251,0.9890000224113464,0.9480999708175659
YPL066W,YEL056W,0,-1.909026,0.09445134550333023,0.9890000224113464,0.948199987411499
YKL020C,YAL043C,0,-1.9095285,0.09444232285022736,0.9890000224113464,0.9483000040054321
YMR302C,YEL056W,0,-1.9105109,0.09443330764770508,0.9890000224113464,0.9484000205993652
YMR014W,YFR029W,0,-1.9106137,0.0944242849946022,0.9890000224113464,0.9484999775886536
YJL125C,YDR408C,0,-1.9108028,0.09441527724266052,0.9890000224113464,0.9485999941825867
YLR221C,YOL044W,0,-1.9119704,0.09440626204013824,0.9890000224113464,0.9487000107765198
YKL003C,YOR373W,0,-1.9123074,0.09439725428819656,0.9890000224113464,0.9488000273704529
YPR190C,YLR427W,0,-1.9143964,0.09438823908567429,0.9890000224113464,0.9488999843597412
YJR140C,YCR073C,0,-1.914843,0.0943792313337326,0.9890000224113464,0.9490000009536743
YKL001C,YGR106C,0,-1.9152513,0.09437023103237152,0.9890000224113464,0.9491000175476074
YMR094W,YJL177W,0,-1.9152865,0.09436122328042984,0.9890000224113464,0.9491999745368958
YHL033C,YPL268W,0,-1.9160416,0.09435222297906876,0.9890000224113464,0.9492999911308289
YJL133W,YOR151C,0,-1.9161458,0.09434322267770767,0.9890000224113464,0.949400007724762
YMR168C,YMR045C,0,-1.9166678,0.09433422237634659,0.9890000224113464,0.9495000243186951
YDR373W,YDR465C,0,-1.9171845,0.0943252295255661,0.9890000224113464,0.9495999813079834
YOR174W,YOL124C,0,-1.9175082,0.09431622922420502,0.9890000224113464,0.9496999979019165
YJR107W,YER114C,0,-1.9182432,0.09430723637342453,0.9890000224113464,0.9498000144958496
YJL012C,YDL077C,1,-1.9183346,0.09439359605312347,0.9900000095367432,0.9498000144958496
YAR008W,YLL011W,0,-1.9193343,0.09438459575176239,0.9900000095367432,0.9498999714851379
YDR527W,YBL084C,0,-1.919623,0.0943755954504013,0.9900000095367432,0.949999988079071
YHR191C,YOL115W,0,-1.9217073,0.09436660259962082,0.9900000095367432,0.9501000046730042
YEL055C,YOL156W,0,-1.922684,0.09435760229825974,0.9900000095367432,0.9502000212669373
YJL102W,YOR095C,0,-1.9228565,0.09434861689805984,0.9900000095367432,0.9502999782562256
YOR301W,YPR016C,0,-1.9231775,0.09433962404727936,0.9900000095367432,0.9503999948501587
YJL024C,YDL140C,0,-1.9240413,0.09433063119649887,0.9900000095367432,0.9505000114440918
YOR106W,YMR227C,0,-1.9260398,0.09432164579629898,0.9900000095367432,0.9506000280380249
YDL035C,YML010W,0,-1.9265963,0.09431266039609909,0.9900000095367432,0.9506999850273132
YMR295C,YDL084W,0,-1.9271102,0.0943036749958992,0.9900000095367432,0.9508000016212463
YKL101W,YCR054C,0,-1.9278185,0.09429469704627991,0.9900000095367432,0.9509000182151794
YML043C,YOL165C,0,-1.9313908,0.09428571164608002,0.9900000095367432,0.9509999752044678
YLR309C,YOL007C,0,-1.9349838,0.09427673369646072,0.9900000095367432,0.9510999917984009
YLL035W,YMR293C,0,-1.9352322,0.09426775574684143,0.9900000095367432,0.951200008392334
YPR145W,YOR327C,0,-1.935967,0.09425878524780273,0.9900000095367432,0.9513000249862671
YIL091C,YNL191W,0,-1.9377497,0.09424980729818344,0.9900000095367432,0.9513999819755554
YHR032W,YJL191W,0,-1.9398254,0.09424083679914474,0.9900000095367432,0.9514999985694885
YHR056C,YNL110C,0,-1.9427544,0.09423186630010605,0.9900000095367432,0.9516000151634216
YLR319C,YIL172C,0,-1.9431581,0.09422289580106735,0.9900000095367432,0.95169997215271
YGL172W,YGR169C,0,-1.9437107,0.09421393275260925,0.9900000095367432,0.9517999887466431
YMR154C,YLR307W,0,-1.9437935,0.09420496970415115,0.9900000095367432,0.9519000053405762
YJR068W,YNL001W,0,-1.9447373,0.09419600665569305,0.9900000095367432,0.9520000219345093
YNL254C,YNL027W,0,-1.9456288,0.09418704360723495,0.9900000095367432,0.9520999789237976
YGL019W,YDR429C,0,-1.946172,0.09417808055877686,0.9900000095367432,0.9521999955177307
YOL056W,YGR134W,0,-1.9468088,0.09416912496089935,0.9900000095367432,0.9523000121116638
YPL108W,YOR008C,0,-1.9479192,0.09416016936302185,0.9900000095367432,0.9524000287055969
YHR136C,YLR364W,0,-1.9481472,0.09415121376514435,0.9900000095367432,0.9524999856948853
YGR028W,YNL256W,0,-1.94931,0.09414225816726685,0.9900000095367432,0.9526000022888184
YOR208W,YLL011W,0,-1.9504917,0.09413331001996994,0.9900000095367432,0.9527000188827515
YOR127W,YBR061C,0,-1.95121,0.09412436187267303,0.9900000095367432,0.9527999758720398
YEL055C,YNL049C,0,-1.9514354,0.09411541372537613,0.9900000095367432,0.9528999924659729
YJL118W,YER113C,0,-1.9517114,0.09410646557807922,0.9900000095367432,0.953000009059906
YIL079C,YKL061W,0,-1.9524802,0.09409751743078232,0.9900000095367432,0.9531000256538391
YOR209C,YOL019W,0,-1.9528044,0.09408857673406601,0.9900000095367432,0.9531999826431274
YDL210W,YDR184C,0,-1.9543235,0.0940796360373497,0.9900000095367432,0.9532999992370605
YGL050W,YHR070W,0,-1.9543604,0.09407069534063339,0.9900000095367432,0.9534000158309937
YML094W,YER099C,0,-1.9545039,0.09406175464391708,0.9900000095367432,0.953499972820282
YBR187W,YKR104W,0,-1.9548464,0.09405282139778137,0.9900000095367432,0.9535999894142151
YDL143W,YGR184C,0,-1.9558128,0.09404388815164566,0.9900000095367432,0.9537000060081482
YKL015W,YHR156C,0,-1.956433,0.09403495490550995,0.9900000095367432,0.9538000226020813
YLR128W,YML097C,0,-1.9576858,0.09402602165937424,0.9900000095367432,0.9538999795913696
YFL013C,YLR228C,0,-1.95805,0.09401709586381912,0.9900000095367432,0.9539999961853027
YLR064W,YDR480W,0,-1.958418,0.09400817006826401,0.9900000095367432,0.9541000127792358
YNL172W,YER049W,0,-1.9584662,0.0939992368221283,0.9900000095367432,0.954200029373169
YKL175W,YLR210W,0,-1.9596746,0.09399031847715378,0.9900000095367432,0.9542999863624573
YJL006C,YLR226W,0,-1.9597423,0.09398139268159866,0.9900000095367432,0.9544000029563904
YDL198C,YPR145W,0,-1.9619952,0.09397247433662415,0.9900000095367432,0.9545000195503235
YLR222C,YML015C,0,-1.9623047,0.09396355599164963,0.9900000095367432,0.9545999765396118
YDR524C,YOL146W,0,-1.9623914,0.09395463764667511,0.9900000095367432,0.9546999931335449
YDR126W,YBR080C,1,-1.9633176,0.09404061734676361,0.9909999966621399,0.9546999931335449
YML080W,YCR060W,0,-1.963509,0.0940316915512085,0.9909999966621399,0.954800009727478
YML036W,YLR240W,0,-1.9643908,0.09402277320623398,0.9909999966621399,0.9549000263214111
YGR145W,YGL161C,0,-1.9648718,0.09401384741067886,0.9909999966621399,0.9549999833106995
YGL099W,YFL024C,0,-1.9653724,0.09400492906570435,0.9909999966621399,0.9550999999046326
YLR090W,YNL124W,0,-1.9655817,0.09399601817131042,0.9909999966621399,0.9552000164985657
YKR025W,YFL053W,0,-1.9682449,0.09398709982633591,0.9909999966621399,0.955299973487854
YOL103W,YOL145C,0,-1.9689306,0.09397818893194199,0.9909999966621399,0.9553999900817871
YER118C,YLR369W,0,-1.9699973,0.09396927803754807,0.9909999966621399,0.9555000066757202
YKL010C,YLR385C,0,-1.9725369,0.09396036714315414,0.9909999966621399,0.9556000232696533
YMR256C,YNL182C,0,-1.972991,0.09395146369934082,0.9909999966621399,0.9556999802589417
YJL080C,YPL275W,0,-1.974439,0.0939425528049469,0.9909999966621399,0.9557999968528748
YJL133W,YAR003W,0,-1.975062,0.09393364936113358,0.9909999966621399,0.9559000134468079
YLR186W,YJL063C,0,-1.975688,0.09392474591732025,0.9909999966621399,0.9559999704360962
YHR187W,YML046W,0,-1.9757425,0.09391584247350693,0.9909999966621399,0.9560999870300293
YBL101C,YEL046C,0,-1.9759618,0.0939069464802742,0.9909999966621399,0.9562000036239624
YDL166C,YER112W,0,-1.9769231,0.09389805048704147,0.9909999966621399,0.9563000202178955
YIL050W,YNL227C,0,-1.9777998,0.09388915449380875,0.9909999966621399,0.9563999772071838
YKR003W,YER119C,0,-1.9778105,0.09388025850057602,0.9909999966621399,0.9564999938011169
YHR065C,YMR093W,0,-1.9782002,0.09387136250734329,0.9909999966621399,0.95660001039505
YLR074C,YGR075C,0,-1.9784293,0.09386247396469116,0.9909999966621399,0.9567000269889832
YJL116C,YCR052W,0,-1.9803882,0.09385358542203903,0.9909999966621399,0.9567999839782715
YPL227C,YDL225W,0,-1.9816496,0.0938446968793869,0.9909999966621399,0.9569000005722046
YAL012W,YGL137W,0,-1.9822989,0.09383580833673477,0.9909999966621399,0.9570000171661377
YMR239C,YHR070W,0,-1.9829017,0.09382692724466324,0.9909999966621399,0.957099974155426
YAL054C,YGR268C,0,-1.9830251,0.0938180461525917,0.9909999966621399,0.9571999907493591
YLR357W,YBR237W,0,-1.9837677,0.09380916506052017,0.9909999966621399,0.9573000073432922
YOL092W,YML113W,0,-1.9842511,0.09380028396844864,0.9909999966621399,0.9574000239372253
YEL061C,YGL119W,0,-1.9860121,0.0937914028763771,0.9909999966621399,0.9574999809265137
YNL264C,YMR128W,0,-1.9866705,0.09378252923488617,0.9909999966621399,0.9575999975204468
YGR135W,YER051W,0,-1.9869696,0.09377365559339523,0.9909999966621399,0.9577000141143799
YHR004C,YOL124C,0,-1.987049,0.0937647819519043,0.9909999966621399,0.9577999711036682
YJR149W,YMR171C,0,-1.9885384,0.09375591576099396,0.9909999966621399,0.9578999876976013
YGR095C,YNL021W,0,-1.989682,0.09374704211950302,0.9909999966621399,0.9580000042915344
YDL166C,YNL166C,0,-1.9904898,0.09373817592859268,0.9909999966621399,0.9581000208854675
YOR243C,YKR048C,0,-1.9908187,0.09372930973768234,0.9909999966621399,0.9581999778747559
YGR166W,YBR247C,0,-1.9932345,0.093720443546772,0.9909999966621399,0.958299994468689
YPL045W,YPR049C,1,-1.9936718,0.09380614757537842,0.9919999837875366,0.958299994468689
YLR394W,YLR020C,0,-1.9937683,0.09379727393388748,0.9919999837875366,0.9584000110626221
YKR014C,YCL061C,0,-1.9944425,0.09378840774297714,0.9919999837875366,0.9585000276565552
YGR109C,YGR063C,0,-1.9949545,0.0937795415520668,0.9919999837875366,0.9585999846458435
YOL125W,YLR166C,0,-1.9959255,0.09377067536115646,0.9919999837875366,0.9587000012397766
YDR532C,YHR119W,0,-1.997183,0.09376181662082672,0.9919999837875366,0.9588000178337097
YOR210W,YOR180C,0,-1.9972903,0.09375295042991638,0.9919999837875366,0.958899974822998
YHR143W-A,YCR073C,0,-1.997368,0.09374409168958664,0.9919999837875366,0.9589999914169312
YLR147C,YKR026C,0,-1.997542,0.0937352329492569,0.9919999837875366,0.9591000080108643
YMR256C,YOL119C,0,-1.9979073,0.09372638165950775,0.9919999837875366,0.9592000246047974
YKL018W,YDL036C,0,-1.9983219,0.09371752291917801,0.9919999837875366,0.9592999815940857
YOR332W,YER072W,1,-1.9999474,0.09380313754081726,0.9929999709129333,0.9592999815940857
YKL213C,YOR377W,0,-1.9999634,0.09379427880048752,0.9929999709129333,0.9593999981880188
YLR069C,YBR041W,0,-2.0027306,0.09378542006015778,0.9929999709129333,0.9595000147819519
YLR154C,YPL144W,0,-2.0028145,0.09377656131982803,0.9929999709129333,0.9595999717712402
YJL090C,YOL080C,0,-2.003777,0.09376770257949829,0.9929999709129333,0.9596999883651733
YHR085W,YPL266W,0,-2.0057223,0.09375885128974915,0.9929999709129333,0.9598000049591064
YOR229W,YHR023W,0,-2.005841,0.09375,0.9929999709129333,0.9599000215530396
YAL039C,YOL056W,0,-2.0066597,0.09374114871025085,0.9929999709129333,0.9599999785423279
YKR081C,YDR465C,0,-2.0068111,0.0937323048710823,0.9929999709129333,0.960099995136261
YDL017W,YOL124C,0,-2.0073576,0.09372345358133316,0.9929999709129333,0.9602000117301941
YER061C,YML065W,0,-2.008484,0.09371460974216461,0.9929999709129333,0.9603000283241272
YGR134W,YOR245C,0,-2.00917,0.09370576590299606,0.9929999709129333,0.9603999853134155
YJL010C,YML130C,0,-2.0094042,0.09369692206382751,0.9929999709129333,0.9605000019073486
YCR002C,YPR041W,0,-2.009526,0.09368808567523956,0.9929999709129333,0.9606000185012817
YER171W,YMR030W,0,-2.0110457,0.09367924183607101,0.9929999709129333,0.9606999754905701
YGL185C,YPR187W,0,-2.0112698,0.09367040544748306,0.9929999709129333,0.9607999920845032
YNL153C,YOR089C,0,-2.0122542,0.09366157650947571,0.9929999709129333,0.9609000086784363
YML074C,YJR002W,0,-2.0127265,0.09365274012088776,0.9929999709129333,0.9610000252723694
YGR241C,YER112W,0,-2.0134425,0.0936439111828804,0.9929999709129333,0.9610999822616577
YNL049C,YOR233W,0,-2.0144079,0.09363507479429245,0.9929999709129333,0.9611999988555908
YJL143W,YHR188C,0,-2.0155694,0.0936262458562851,0.9929999709129333,0.9613000154495239
YBR236C,YPL237W,0,-2.0166833,0.09361742436885834,0.9929999709129333,0.9613999724388123
YOL104C,YNL012W,0,-2.0168612,0.09360859543085098,0.9929999709129333,0.9614999890327454
YLR298C,YDL213C,0,-2.0170722,0.09359977394342422,0.9929999709129333,0.9616000056266785
YGR113W,YJR155W,0,-2.018434,0.09359095245599747,0.9929999709129333,0.9617000222206116
YGR140W,YHR081W,0,-2.01845,0.09358213096857071,0.9929999709129333,0.9617999792098999
YOR096W,YOR205C,0,-2.019395,0.09357331693172455,0.9929999709129333,0.961899995803833
YGR198W,YAL025C,0,-2.0197563,0.09356449544429779,0.9929999709129333,0.9620000123977661
YDL137W,YMR312W,0,-2.01988,0.09355568140745163,0.9929999709129333,0.9621000289916992
YDR101C,YHL019C,0,-2.0201411,0.09354686737060547,0.9929999709129333,0.9621999859809875
YOL092W,YNR027W,0,-2.0241156,0.09353805333375931,0.9929999709129333,0.9623000025749207
YER118C,YCL032W,0,-2.024292,0.09352924674749374,0.9929999709129333,0.9624000191688538
YCR072C,YML093W,0,-2.0257418,0.09352044016122818,0.9929999709129333,0.9624999761581421
YOR307C,YPL074W,0,-2.0260425,0.09351163357496262,0.9929999709129333,0.9625999927520752
YLR026C,YOL010W,0,-2.0260687,0.09350282698869705,0.9929999709129333,0.9627000093460083
YGL112C,YLR066W,0,-2.0261395,0.09349402040243149,0.9929999709129333,0.9628000259399414
YBR267W,YNR054C,0,-2.0266652,0.09348522126674652,0.9929999709129333,0.9628999829292297
YIL085C,YNL222W,0,-2.028263,0.09347642213106155,0.9929999709129333,0.9629999995231628
YKL205W,YBR237W,0,-2.0283904,0.09346762299537659,0.9929999709129333,0.963100016117096
YMR154C,YJR149W,0,-2.029951,0.09345882385969162,0.9929999709129333,0.9631999731063843
YOR294W,YKL148C,0,-2.030737,0.09345002472400665,0.9929999709129333,0.9632999897003174
YJL176C,YNL009W,0,-2.0309105,0.09344123303890228,0.9929999709129333,0.9634000062942505
YAL012W,YOR198C,0,-2.0311894,0.09343244135379791,0.9929999709129333,0.9635000228881836
YNR007C,YBL075C,0,-2.031369,0.09342364966869354,0.9929999709129333,0.9635999798774719
YHL012W,YOL057W,0,-2.0317607,0.09341486543416977,0.9929999709129333,0.963699996471405
YCR094W,YLR071C,0,-2.0322793,0.0934060737490654,0.9929999709129333,0.9638000130653381
YHR070W,YMR199W,0,-2.0329823,0.09339728951454163,0.9929999709129333,0.9639000296592712
YOL094C,YHR069C,0,-2.0335302,0.09338850528001785,0.9929999709129333,0.9639999866485596
YML099C,YMR278W,0,-2.0349584,0.09337972849607468,0.9929999709129333,0.9641000032424927
YFL017W-A,YHL013C,0,-2.0355957,0.0933709442615509,0.9929999709129333,0.9642000198364258
YJL047C,YPL030W,0,-2.0378318,0.09336216747760773,0.9929999709129333,0.9642999768257141
YLR029C,YLR344W,0,-2.0390122,0.09335339069366455,0.9929999709129333,0.9643999934196472
YGR166W,YNL264C,0,-2.0390365,0.09334461390972137,0.9929999709129333,0.9645000100135803
YNL046W,YLR205C,0,-2.0399985,0.0933358371257782,0.9929999709129333,0.9646000266075134
YOR283W,YBR135W,0,-2.0402708,0.09332706779241562,0.9929999709129333,0.9646999835968018
YDL232W,YLR088W,0,-2.0411472,0.09331829845905304,0.9929999709129333,0.9648000001907349
YMR211W,YDR237W,0,-2.042346,0.09330952912569046,0.9929999709129333,0.964900016784668
YHR089C,YDL192W,0,-2.0431137,0.09330075979232788,0.9929999709129333,0.9649999737739563
YNL083W,YBL054W,0,-2.0439956,0.0932919979095459,0.9929999709129333,0.9650999903678894
YNR012W,YIR012W,0,-2.0443685,0.09328322857618332,0.9929999709129333,0.9652000069618225
YGL216W,YKR026C,0,-2.0453768,0.09327446669340134,0.9929999709129333,0.9653000235557556
YEL065W,YKL221W,0,-2.0461812,0.09326571226119995,0.9929999709129333,0.965399980545044
YJL008C,YML074C,0,-2.0490036,0.09325695037841797,0.9929999709129333,0.965499997138977
YBR297W,YGL029W,0,-2.049894,0.09324819594621658,0.9929999709129333,0.9656000137329102
YLR139C,YMR023C,0,-2.054375,0.0932394340634346,0.9929999709129333,0.9656999707221985
YIL090W,YLR305C,0,-2.0544133,0.09323067963123322,0.9929999709129333,0.9657999873161316
YLR320W,YDR143C,0,-2.055243,0.09322193264961243,0.9929999709129333,0.9659000039100647
YLR266C,YOR056C,0,-2.055478,0.09321317821741104,0.9929999709129333,0.9660000205039978
YLR032W,YMR033W,0,-2.0555112,0.09320443123579025,0.9929999709129333,0.9660999774932861
YLR385C,YNL177C,0,-2.056072,0.09319568425416946,0.9929999709129333,0.9661999940872192
YPR006C,YPL212C,0,-2.056523,0.09318693727254868,0.9929999709129333,0.9663000106811523
YHL013C,YDR084C,0,-2.0587554,0.09317819029092789,0.9929999709129333,0.9664000272750854
YMR088C,YLL017W,0,-2.0588944,0.0931694507598877,0.9929999709129333,0.9664999842643738
YDR083W,YNR041C,0,-2.0598004,0.0931607112288475,0.9929999709129333,0.9666000008583069
YAL039C,YDR012W,0,-2.0606446,0.09315197169780731,0.9929999709129333,0.96670001745224
YOR361C,YBL067C,0,-2.0610662,0.09314323216676712,0.9929999709129333,0.9667999744415283
YGL209W,YGL203C,0,-2.0622792,0.09313449263572693,0.9929999709129333,0.9668999910354614
YBR097W,YMR029C,0,-2.0625708,0.09312576055526733,0.9929999709129333,0.9670000076293945
YNL092W,YLL036C,0,-2.065102,0.09311702847480774,0.9929999709129333,0.9671000242233276
YDR376W,YBL042C,0,-2.0656877,0.09310829639434814,0.9929999709129333,0.967199981212616
YLR170C,YLR385C,0,-2.0664952,0.09309957176446915,0.9929999709129333,0.9672999978065491
YMR213W,YJR036C,0,-2.0681658,0.09309083968400955,0.9929999709129333,0.9674000144004822
YKR062W,YLR226W,0,-2.0684223,0.09308211505413055,0.9929999709129333,0.9674999713897705
YMR100W,YKR028W,0,-2.0685732,0.09307339042425156,0.9929999709129333,0.9675999879837036
YER050C,YNL308C,0,-2.0699773,0.09306466579437256,0.9929999709129333,0.9677000045776367
YJL050W,YBR171W,0,-2.0705075,0.09305594861507416,0.9929999709129333,0.9678000211715698
YOR228C,YER168C,0,-2.071518,0.09304722398519516,0.9929999709129333,0.9678999781608582
YML099C,YLR116W,0,-2.0719028,0.09303850680589676,0.9929999709129333,0.9679999947547913
YJR058C,YKR092C,0,-2.072147,0.09302978962659836,0.9929999709129333,0.9681000113487244
YNL182C,YMR305C,0,-2.0743566,0.09302107989788055,0.9929999709129333,0.9682000279426575
YML012W,YML026C,0,-2.0747826,0.09301236271858215,0.9929999709129333,0.9682999849319458
YPL188W,YMR309C,0,-2.0755754,0.09300365298986435,0.9929999709129333,0.9684000015258789
YGL071W,YOL080C,0,-2.076417,0.09299494326114655,0.9929999709129333,0.968500018119812
YML114C,YNL222W,0,-2.0765254,0.09298623353242874,0.9929999709129333,0.9685999751091003
YER137C,YLR147C,0,-2.077736,0.09297753125429153,0.9929999709129333,0.9686999917030334
YML056C,YDR382W,0,-2.0783327,0.09296882152557373,0.9929999709129333,0.9688000082969666
YBR061C,YMR308C,0,-2.081148,0.09296011924743652,0.9929999709129333,0.9689000248908997
YGL216W,YJL184W,0,-2.0823417,0.09295141696929932,0.9929999709129333,0.968999981880188
YLR005W,YNL256W,0,-2.0826526,0.09294271469116211,0.9929999709129333,0.9690999984741211
YJL047C,YLR009W,0,-2.0827594,0.0929340198636055,0.9929999709129333,0.9692000150680542
YCL036W,YDL200C,0,-2.0852144,0.09292532503604889,0.9929999709129333,0.9692999720573425
YBR247C,YKR068C,0,-2.0859962,0.09291663020849228,0.9929999709129333,0.9693999886512756
YER161C,YBR061C,0,-2.087808,0.09290793538093567,0.9929999709129333,0.9695000052452087
YLR222C,YPL139C,0,-2.0882106,0.09289924055337906,0.9929999709129333,0.9696000218391418
YOR069W,YKL027W,0,-2.0884976,0.09289055317640305,0.9929999709129333,0.9696999788284302
YFR037C,YMR094W,0,-2.0886226,0.09288186579942703,0.9929999709129333,0.9697999954223633
YJL010C,YKR081C,0,-2.0902364,0.09287317842245102,0.9929999709129333,0.9699000120162964
YGL147C,YCR024C-A,0,-2.0910459,0.092864491045475,0.9929999709129333,0.9700000286102295
YJL087C,YPR122W,0,-2.0925202,0.09285580366849899,0.9929999709129333,0.9700999855995178
YGR048W,YLR009W,0,-2.0942218,0.09284712374210358,0.9929999709129333,0.9702000021934509
YOR232W,YJR007W,0,-2.0944684,0.09283844381570816,0.9929999709129333,0.970300018787384
YLR309C,YNL222W,0,-2.0948157,0.09282976388931274,0.9929999709129333,0.9703999757766724
YHR058C,YNL311C,0,-2.0969596,0.09282109141349792,0.9929999709129333,0.9704999923706055
YDR393W,YDR090C,0,-2.0971813,0.09281241148710251,0.9929999709129333,0.9706000089645386
YGL155W,YML049C,0,-2.0979648,0.09280373901128769,0.9929999709129333,0.9707000255584717
YIL004C,YHR166C,0,-2.104964,0.09279506653547287,0.9929999709129333,0.97079998254776
YOR096W,YBR202W,0,-2.105635,0.09278639405965805,0.9929999709129333,0.9708999991416931
YJR044C,YLR073C,0,-2.106718,0.09277772903442383,0.9929999709129333,0.9710000157356262
YKL028W,YCR027C,0,-2.109099,0.09276905655860901,0.9929999709129333,0.9710999727249146
YBR267W,YLL035W,0,-2.1092885,0.09276039153337479,0.9929999709129333,0.9711999893188477
YIL112W,YMR045C,0,-2.110878,0.09275172650814056,0.9929999709129333,0.9713000059127808
YPL066W,YER115C,0,-2.1109433,0.09274306893348694,0.9929999709129333,0.9714000225067139
YIL138C,YPR049C,1,-2.1112742,0.09282778948545456,0.9940000176429749,0.9714000225067139
YDR151C,YKL201C,0,-2.111434,0.09281912446022034,0.9940000176429749,0.9714999794960022
YML056C,YFL023W,0,-2.1133823,0.09281045943498611,0.9940000176429749,0.9715999960899353
YJL024C,YKL021C,0,-2.1152148,0.09280179440975189,0.9940000176429749,0.9717000126838684
YJR089W,YDR448W,0,-2.1153235,0.09279312938451767,0.9940000176429749,0.9718000292778015
YIL049W,YHR042W,0,-2.1169665,0.09278446435928345,0.9940000176429749,0.9718999862670898
YNL026W,YGR263C,0,-2.1180456,0.09277580678462982,0.9940000176429749,0.972000002861023
YIL091C,YJL004C,0,-2.1204913,0.0927671492099762,0.9940000176429749,0.972100019454956
YDR033W,YER030W,0,-2.122271,0.09275849163532257,0.9940000176429749,0.9721999764442444
YBL061C,YKL201C,0,-2.1223044,0.09274983406066895,0.9940000176429749,0.9722999930381775
YDR093W,YOL128C,0,-2.1225843,0.09274118393659592,0.9940000176429749,0.9724000096321106
YPL090C,YLL038C,0,-2.122757,0.09273253381252289,0.9940000176429749,0.9725000262260437
YHR211W,YNL256W,0,-2.1246037,0.09272388368844986,0.9940000176429749,0.972599983215332
YOL068C,YOR356W,0,-2.1254134,0.09271523356437683,0.9940000176429749,0.9726999998092651
YBL021C,YNL172W,0,-2.126019,0.0927065834403038,0.9940000176429749,0.9728000164031982
YJL200C,YGL013C,0,-2.1316748,0.09269794076681137,0.9940000176429749,0.9728999733924866
YEL050C,YLL042C,0,-2.1325438,0.09268929809331894,0.9940000176429749,0.9729999899864197
YML094W,YOL041C,0,-2.1334367,0.09268065541982651,0.9940000176429749,0.9731000065803528
YOL056W,YDR440W,0,-2.1338196,0.09267201274633408,0.9940000176429749,0.9732000231742859
YLR008C,YBR251W,0,-2.1399097,0.09266337007284164,0.9940000176429749,0.9732999801635742
YBR020W,YML114C,0,-2.1423573,0.09265473484992981,0.9940000176429749,0.9733999967575073
YKL144C,YBL010C,0,-2.1468472,0.09264609962701797,0.9940000176429749,0.9735000133514404
YLR453C,YDR507C,0,-2.1472669,0.09263746440410614,0.9940000176429749,0.9735999703407288
YHR167W,YDR339C,0,-2.150733,0.0926288291811943,0.9940000176429749,0.9736999869346619
YDL092W,YBR154C,0,-2.15075,0.09262020140886307,0.9940000176429749,0.973800003528595
YPR016C,YOR085W,0,-2.150824,0.09261157363653183,0.9940000176429749,0.9739000201225281
YLR229C,YJL122W,0,-2.1513271,0.09260294586420059,0.9940000176429749,0.9739999771118164
YPL090C,YPR164W,0,-2.1539807,0.09259431809186935,0.9940000176429749,0.9740999937057495
YIL039W,YGL233W,0,-2.1547809,0.09258569031953812,0.9940000176429749,0.9742000102996826
YPL093W,YGR001C,0,-2.1576698,0.09257706999778748,0.9940000176429749,0.9743000268936157
YGL071W,YCR014C,0,-2.1601112,0.09256844967603683,0.9940000176429749,0.974399983882904
YBR210W,YDR485C,0,-2.161013,0.0925598293542862,0.9940000176429749,0.9745000004768372
YLR057W,YNL309W,0,-2.161956,0.09255120903253555,0.9940000176429749,0.9746000170707703
YMR288W,YGL095C,0,-2.1630313,0.09254259616136551,0.9940000176429749,0.9746999740600586
YLR433C,YBR288C,0,-2.1661193,0.09253397583961487,0.9940000176429749,0.9747999906539917
YDR067C,YPL128C,0,-2.1681108,0.09252536296844482,0.9940000176429749,0.9749000072479248
YJL097W,YOR075W,0,-2.1682749,0.09251675009727478,0.9940000176429749,0.9750000238418579
YFL013C,YKR036C,0,-2.1692252,0.09250814467668533,0.9940000176429749,0.9750999808311462
YBL021C,YPR107C,0,-2.1693597,0.09249953180551529,0.9940000176429749,0.9751999974250793
YJL011C,YGL257C,0,-2.1695094,0.09249092638492584,0.9940000176429749,0.9753000140190125
YDR429C,YHR041C,0,-2.1696076,0.0924823209643364,0.9940000176429749,0.9753999710083008
YJL014W,YPL217C,0,-2.1698077,0.09247371554374695,0.9940000176429749,0.9754999876022339
YKL046C,YHR084W,0,-2.1698136,0.0924651175737381,0.9940000176429749,0.975600004196167
YJL109C,YML032C,0,-2.1724973,0.09245651215314865,0.9940000176429749,0.9757000207901001
YBR059C,YJL073W,0,-2.176715,0.0924479141831398,0.9940000176429749,0.9757999777793884
YER082C,YBR257W,0,-2.1786675,0.09243931621313095,0.9940000176429749,0.9758999943733215
YGL100W,YIL158W,0,-2.179678,0.0924307256937027,0.9940000176429749,0.9760000109672546
YGR185C,YHR184W,0,-2.1838326,0.09242212772369385,0.9940000176429749,0.9761000275611877
YDR083W,YJR135C,0,-2.1842859,0.0924135372042656,0.9940000176429749,0.9761999845504761
YOL097C,YDR495C,0,-2.1883063,0.09240494668483734,0.9940000176429749,0.9763000011444092
YKL144C,YBL105C,0,-2.1931827,0.09239635616540909,0.9940000176429749,0.9764000177383423
YPL033C,YNL035C,0,-2.1943336,0.09238776564598083,0.9940000176429749,0.9764999747276306
YEL061C,YKL120W,0,-2.194368,0.09237918257713318,0.9940000176429749,0.9765999913215637
YGL077C,YJL149W,0,-2.194423,0.09237059950828552,0.9940000176429749,0.9767000079154968
YMR019W,YKL018W,0,-2.1977158,0.09236201643943787,0.9940000176429749,0.9768000245094299
YLR127C,YMR112C,0,-2.198527,0.09235343337059021,0.9940000176429749,0.9768999814987183
YDR508C,YJL082W,0,-2.1990063,0.09234485030174255,0.9940000176429749,0.9769999980926514
YPL202C,YML106W,0,-2.199959,0.0923362746834755,0.9940000176429749,0.9771000146865845
YML109W,YLR264W,0,-2.201896,0.09232769906520844,0.9940000176429749,0.9771999716758728
YCR048W,YOL057W,0,-2.202934,0.09231912344694138,0.9940000176429749,0.9772999882698059
YLR321C,YPL180W,0,-2.2034037,0.09231054782867432,0.9940000176429749,0.977400004863739
YOR303W,YBR258C,0,-2.207778,0.09230197966098785,0.9940000176429749,0.9775000214576721
YNL001W,YAL009W,0,-2.2094038,0.0922934040427208,0.9940000176429749,0.9775999784469604
YKR020W,YGL169W,0,-2.2101347,0.09228483587503433,0.9940000176429749,0.9776999950408936
YGR152C,YIL010W,0,-2.210549,0.09227627515792847,0.9940000176429749,0.9778000116348267
YOL021C,YPR006C,0,-2.2139397,0.092267706990242,0.9940000176429749,0.9779000282287598
YBL085W,YLR272C,0,-2.2147045,0.09225913882255554,0.9940000176429749,0.9779999852180481
YBR267W,YJL050W,0,-2.2150326,0.09225057810544968,0.9940000176429749,0.9781000018119812
YCL036W,YHR129C,0,-2.2173085,0.09224201738834381,0.9940000176429749,0.9782000184059143
YOR377W,YOL003C,0,-2.2180045,0.09223345667123795,0.9940000176429749,0.9782999753952026
YDR498C,YPL051W,0,-2.2202122,0.09222490340471268,0.9940000176429749,0.9783999919891357
YOR308C,YNL177C,0,-2.221517,0.09221635013818741,0.9940000176429749,0.9785000085830688
YBL057C,YDR167W,0,-2.2227993,0.09220778942108154,0.9940000176429749,0.978600025177002
YPR018W,YML015C,0,-2.2228136,0.09219923615455627,0.9940000176429749,0.9786999821662903
YLR219W,YLR020C,0,-2.224152,0.0921906903386116,0.9940000176429749,0.9787999987602234
YNL070W,YDL079C,0,-2.2259555,0.09218213707208633,0.9940000176429749,0.9789000153541565
YJR152W,YJL051W,0,-2.2260916,0.09217359125614166,0.9940000176429749,0.9789999723434448
YKL009W,YJL158C,0,-2.2261047,0.09216504544019699,0.9940000176429749,0.9790999889373779
YPL127C,YIR037W,0,-2.2282994,0.09215649962425232,0.9940000176429749,0.979200005531311
YLR057W,YOR244W,0,-2.2291174,0.09214795380830765,0.9940000176429749,0.9793000221252441
YKR087C,YLR403W,0,-2.2328513,0.09213941544294357,0.9940000176429749,0.9793999791145325
YBR057C,YML114C,0,-2.2363327,0.0921308770775795,0.9940000176429749,0.9794999957084656
YOR332W,YFL039C,1,-2.2398088,0.09221501648426056,0.9950000047683716,0.9794999957084656
YOR174W,YDR103W,0,-2.2426834,0.09220647066831589,0.9950000047683716,0.9796000123023987
YKL120W,YER030W,0,-2.2431765,0.09219792485237122,0.9950000047683716,0.9797000288963318
YGL234W,YDR454C,0,-2.2436485,0.09218937903642654,0.9950000047683716,0.9797999858856201
YOR076C,YER082C,0,-2.2505758,0.09218084067106247,0.9950000047683716,0.9799000024795532
YPR054W,YNL329C,0,-2.2512023,0.0921723023056984,0.9950000047683716,0.9800000190734863
YHR089C,YOR344C,0,-2.2516146,0.09216376394033432,0.9950000047683716,0.9800999760627747
YDL232W,YDR299W,0,-2.2523327,0.09215522557497025,0.9950000047683716,0.9801999926567078
YLR221C,YDR153C,0,-2.2533433,0.09214669466018677,0.9950000047683716,0.9803000092506409
YNL291C,YNL245C,0,-2.255114,0.09213816374540329,0.9950000047683716,0.980400025844574
YDR447C,YHR077C,0,-2.2559476,0.09212963283061981,0.9950000047683716,0.9804999828338623
YLR291C,YBR135W,0,-2.2569394,0.09212110191583633,0.9950000047683716,0.9805999994277954
YIL160C,YNL239W,0,-2.2582264,0.09211257100105286,0.9950000047683716,0.9807000160217285
YMR285C,YJL072C,0,-2.2589588,0.09210404753684998,0.9950000047683716,0.9807999730110168
YDR069C,YBR092C,0,-2.259697,0.0920955166220665,0.9950000047683716,0.98089998960495
YER172C,YOL115W,0,-2.260394,0.09208699315786362,0.9950000047683716,0.9810000061988831
YOR064C,YGR134W,0,-2.2612991,0.09207847714424133,0.9950000047683716,0.9811000227928162
YOR038C,YDR405W,0,-2.2643285,0.09206995368003845,0.9950000047683716,0.9811999797821045
YHR215W,YMR116C,0,-2.2650576,0.09206143766641617,0.9950000047683716,0.9812999963760376
YFR036W,YNL308C,0,-2.2655873,0.09205292165279388,0.9950000047683716,0.9814000129699707
YDR229W,YMR114C,0,-2.265638,0.0920444056391716,0.9950000047683716,0.9815000295639038
YKL144C,YBL037W,0,-2.2670457,0.09203588962554932,0.9950000047683716,0.9815999865531921
YDR339C,YPL269W,0,-2.2673802,0.09202737361192703,0.9950000047683716,0.9817000031471252
YOR148C,YJL203W,0,-2.2690454,0.09201886504888535,0.9950000047683716,0.9818000197410583
YPL082C,YMR046C,0,-2.2715154,0.09201035648584366,0.9950000047683716,0.9818999767303467
YDR140W,YOL115W,0,-2.271801,0.09200184792280197,0.9950000047683716,0.9819999933242798
YKR059W,YPL019C,0,-2.2738752,0.09199334681034088,0.9950000047683716,0.9821000099182129
YML024W,YDR014W,0,-2.276875,0.0919848382472992,0.9950000047683716,0.982200026512146
YPL008W,YKR026C,0,-2.2791023,0.0919763371348381,0.9950000047683716,0.9822999835014343
YAL041W,YLR138W,0,-2.2818532,0.09196783602237701,0.9950000047683716,0.9824000000953674
YLR107W,YOR080W,0,-2.281953,0.09195933490991592,0.9950000047683716,0.9825000166893005
YMR292W,YNL282W,0,-2.28407,0.09195083379745483,0.9950000047683716,0.9825999736785889
YGL233W,YCR052W,0,-2.2906907,0.09194234013557434,0.9950000047683716,0.982699990272522
YNL292W,YJR140C,0,-2.2949278,0.09193384647369385,0.9950000047683716,0.9828000068664551
YHL013C,YNL122C,0,-2.2967753,0.09192535281181335,0.9950000047683716,0.9829000234603882
YLR298C,YMR270C,0,-2.2979774,0.09191685914993286,0.9950000047683716,0.9829999804496765
YDL201W,YOL123W,0,-2.2986035,0.09190836548805237,0.9950000047683716,0.9830999970436096
YBL082C,YJL121C,0,-2.2986593,0.09189987927675247,0.9950000047683716,0.9832000136375427
YPR049C,YMR034C,0,-2.2987542,0.09189139306545258,0.9950000047683716,0.983299970626831
YGR264C,YOR128C,0,-2.3016527,0.09188290685415268,0.9950000047683716,0.9833999872207642
YIL079C,YKR014C,0,-2.303658,0.09187442064285278,0.9950000047683716,0.9835000038146973
YOL066C,YBL102W,0,-2.3072658,0.09186594188213348,0.9950000047683716,0.9836000204086304
YOL139C,YLR344W,0,-2.3073816,0.09185745567083359,0.9950000047683716,0.9836999773979187
YMR032W,YDR167W,0,-2.3100815,0.09184897691011429,0.9950000047683716,0.9837999939918518
YNL178W,YLR357W,0,-2.3107197,0.09184050559997559,0.9950000047683716,0.9839000105857849
YFL009W,YLR224W,0,-2.312654,0.09183202683925629,0.9950000047683716,0.984000027179718
YLR079W,YOR033C,0,-2.3147488,0.09182354807853699,0.9950000047683716,0.9840999841690063
YOR147W,YKR024C,0,-2.3150778,0.09181507676839828,0.9950000047683716,0.9842000007629395
YBR088C,YNL242W,0,-2.3169408,0.09180660545825958,0.9950000047683716,0.9843000173568726
YLR207W,YER082C,0,-2.319395,0.09179813414812088,0.9950000047683716,0.9843999743461609
YML038C,YMR024W,0,-2.3205156,0.09178967028856277,0.9950000047683716,0.984499990940094
YMR221C,YPL024W,0,-2.32611,0.09178119897842407,0.9950000047683716,0.9846000075340271
YHL009C,YKR024C,0,-2.3296576,0.09177273511886597,0.9950000047683716,0.9847000241279602
YOR145C,YLR395C,0,-2.330094,0.09176427125930786,0.9950000047683716,0.9847999811172485
YBL060W,YGR206W,0,-2.3335953,0.09175580739974976,0.9950000047683716,0.9848999977111816
YJR063W,YHR211W,0,-2.3375726,0.09174735099077225,0.9950000047683716,0.9850000143051147
YDL153C,YOR080W,0,-2.3412113,0.09173888713121414,0.9950000047683716,0.9850999712944031
YBR087W,YBR287W,0,-2.3463817,0.09173043072223663,0.9950000047683716,0.9851999878883362
YML080W,YLR298C,0,-2.3464708,0.09172197431325912,0.9950000047683716,0.9853000044822693
YMR214W,YLR424W,0,-2.3499372,0.09171352535486221,0.9950000047683716,0.9854000210762024
YPR056W,YJR140C,0,-2.3515582,0.0917050689458847,0.9950000047683716,0.9854999780654907
YOL034W,YKR025W,0,-2.3520496,0.09169661998748779,0.9950000047683716,0.9855999946594238
YNL147W,YGL123W,0,-2.3528073,0.09168817102909088,0.9950000047683716,0.9857000112533569
YPR079W,YBR237W,0,-2.356255,0.09167972207069397,0.9950000047683716,0.98580002784729
YAL039C,YLL004W,0,-2.3598874,0.09167127311229706,0.9950000047683716,0.9858999848365784
YER126C,YGL068W,0,-2.3600118,0.09166283160448074,0.9950000047683716,0.9860000014305115
YPL266W,YOL045W,0,-2.3630705,0.09165438264608383,0.9950000047683716,0.9861000180244446
YNL220W,YDR198C,0,-2.3664532,0.09164594113826752,0.9950000047683716,0.9861999750137329
YLR398C,YDR288W,0,-2.3764925,0.0916374996304512,0.9950000047683716,0.986299991607666
YDR211W,YLR057W,0,-2.37788,0.09162906557321548,0.9950000047683716,0.9864000082015991
YBL090W,YDR184C,0,-2.3807876,0.09162062406539917,0.9950000047683716,0.9865000247955322
YJL117W,YDL084W,0,-2.382123,0.09161219000816345,0.9950000047683716,0.9865999817848206
YDR449C,YPL227C,0,-2.388134,0.09160375595092773,0.9950000047683716,0.9866999983787537
YMR172W,YML095C,0,-2.3909516,0.09159532189369202,0.9950000047683716,0.9868000149726868
YER104W,YNL175C,0,-2.3961706,0.0915868952870369,0.9950000047683716,0.9868999719619751
YJR138W,YKL084W,0,-2.3964622,0.09157846122980118,0.9950000047683716,0.9869999885559082
YLR314C,YGR251W,0,-2.3964844,0.09157003462314606,0.9950000047683716,0.9871000051498413
YGR048W,YPL246C,0,-2.3970942,0.09156160801649094,0.9950000047683716,0.9872000217437744
YLR010C,YDR139C,0,-2.4031882,0.09155318140983582,0.9950000047683716,0.9872999787330627
YMR014W,YOR094W,0,-2.406985,0.09154476225376129,0.9950000047683716,0.9873999953269958
YDL056W,YHR066W,0,-2.4101074,0.09153633564710617,0.9950000047683716,0.987500011920929
YBR125C,YHR081W,0,-2.411467,0.09152791649103165,0.9950000047683716,0.9876000285148621
YBL039C,YJL206C,0,-2.4123816,0.09151949733495712,0.9950000047683716,0.9876999855041504
YMR100W,YJR129C,0,-2.4124079,0.0915110856294632,0.9950000047683716,0.9878000020980835
YDR101C,YIR021W,0,-2.4130564,0.09150266647338867,0.9950000047683716,0.9879000186920166
YIR022W,YOR094W,0,-2.4149957,0.09149425476789474,0.9950000047683716,0.9879999756813049
YOL102C,YPR190C,0,-2.4162638,0.09148584306240082,0.9950000047683716,0.988099992275238
YLR419W,YJL209W,0,-2.4209032,0.09147743135690689,0.9950000047683716,0.9882000088691711
YDR118W,YNL191W,0,-2.4215455,0.09146901965141296,0.9950000047683716,0.9883000254631042
YHR143W-A,YNR010W,0,-2.4236245,0.09146061539649963,0.9950000047683716,0.9883999824523926
YER082C,YDL067C,0,-2.42491,0.0914522036910057,0.9950000047683716,0.9884999990463257
YFR009W,YIR012W,0,-2.4255314,0.09144379943609238,0.9950000047683716,0.9886000156402588
YOR196C,YPL005W,0,-2.4300718,0.09143539518117905,0.9950000047683716,0.9886999726295471
YDR060W,YNL220W,0,-2.4388537,0.09142699837684631,0.9950000047683716,0.9887999892234802
YOR138C,YAL041W,0,-2.4404602,0.09141859412193298,0.9950000047683716,0.9889000058174133
YPL217C,YPL005W,0,-2.465116,0.09141019731760025,0.9950000047683716,0.9890000224113464
YOL125W,YLR353W,0,-2.4672709,0.09140180051326752,0.9950000047683716,0.9890999794006348
YBR195C,YKL168C,0,-2.470256,0.09139340370893478,0.9950000047683716,0.9891999959945679
YOL128C,YPL002C,0,-2.4711895,0.09138501435518265,0.9950000047683716,0.989300012588501
YDL103C,YBR258C,0,-2.471863,0.09137661755084991,0.9950000047683716,0.9894000291824341
YOR095C,YOL005C,0,-2.4728284,0.09136822819709778,0.9950000047683716,0.9894999861717224
YOR269W,YLR117C,0,-2.4738822,0.09135983884334564,0.9950000047683716,0.9896000027656555
YJL012C,YPL019C,1,-2.4807136,0.0914432629942894,0.9959999918937683,0.9896000027656555
YDR130C,YNL159C,0,-2.486133,0.09143486618995667,0.9959999918937683,0.9897000193595886
YLR314C,YBR104W,0,-2.4898996,0.09142647683620453,0.9959999918937683,0.989799976348877
YGR123C,YJL020C,0,-2.4913151,0.0914180800318718,0.9959999918937683,0.9898999929428101
YPR009W,YJR112W,0,-2.498255,0.09140969067811966,0.9959999918937683,0.9900000095367432
YJR089W,YOL145C,0,-2.5008216,0.09140130132436752,0.9959999918937683,0.9901000261306763
YPL129W,YNL050C,0,-2.50109,0.09139291942119598,0.9959999918937683,0.9901999831199646
YDR126W,YBR105C,1,-2.5013194,0.09147628396749496,0.996999979019165,0.9901999831199646
YKL004W,YLR025W,0,-2.5019906,0.09146788716316223,0.996999979019165,0.9902999997138977
YOR180C,YOR094W,0,-2.5030904,0.0914594978094101,0.996999979019165,0.9904000163078308
YKL082C,YDR146C,0,-2.5053754,0.09145110845565796,0.996999979019165,0.9904999732971191
YPR145W,YMR094W,0,-2.5082166,0.09144271910190582,0.996999979019165,0.9905999898910522
YIR012W,YBL042C,0,-2.5086207,0.09143433719873428,0.996999979019165,0.9907000064849854
YNL001W,YMR150C,0,-2.5118637,0.09142594784498215,0.996999979019165,0.9908000230789185
YBR155W,YNL300W,0,-2.5126274,0.09141756594181061,0.996999979019165,0.9908999800682068
YJL012C,YER072W,1,-2.5244637,0.09150087088346481,0.9980000257492065,0.9908999800682068
YPL211W,YOR094W,0,-2.5280714,0.09149248152971268,0.9980000257492065,0.9909999966621399
YCR046C,YLR285W,0,-2.5296633,0.09148409217596054,0.9980000257492065,0.991100013256073
YNL119W,YMR146C,0,-2.5326257,0.091475710272789,0.9980000257492065,0.9911999702453613
YKL125W,YEL061C,0,-2.5352182,0.09146732836961746,0.9980000257492065,0.9912999868392944
YML032C,YDR364C,0,-2.5469213,0.09145894646644592,0.9980000257492065,0.9914000034332275
YKR056W,YDL192W,0,-2.554361,0.09145056456327438,0.9980000257492065,0.9915000200271606
YNL175C,YHR168W,0,-2.5547383,0.09144218266010284,0.9980000257492065,0.991599977016449
YBL028C,YIL172C,0,-2.559874,0.0914338082075119,0.9980000257492065,0.9916999936103821
YCR026C,YDL036C,0,-2.560109,0.09142543375492096,0.9980000257492065,0.9918000102043152
YKR056W,YOR084W,0,-2.5767117,0.09141705930233002,0.9980000257492065,0.9919000267982483
YNL292W,YOL005C,0,-2.5841172,0.09140868484973907,0.9980000257492065,0.9919999837875366
YJR152W,YPL086C,0,-2.5884817,0.09140031039714813,0.9980000257492065,0.9921000003814697
YKL143W,YGR169C,0,-2.5928903,0.09139194339513779,0.9980000257492065,0.9922000169754028
YLR246W,YKR050W,0,-2.5933352,0.09138357639312744,0.9980000257492065,0.9922999739646912
YMR295C,YKL078W,0,-2.5952406,0.0913752093911171,0.9980000257492065,0.9923999905586243
YOR284W,YOR003W,0,-2.5954123,0.09136684238910675,0.9980000257492065,0.9925000071525574
YNR027W,YMR295C,0,-2.5997326,0.0913584753870964,0.9980000257492065,0.9926000237464905
YLR357W,YKL018W,0,-2.6009488,0.09135011583566666,0.9980000257492065,0.9926999807357788
YBR074W,YGL205W,0,-2.6101665,0.09134175628423691,0.9980000257492065,0.9927999973297119
YFR013W,YPR121W,0,-2.6126184,0.09133339673280716,0.9980000257492065,0.992900013923645
YLR321C,YLR256W,0,-2.615246,0.09132503718137741,0.9980000257492065,0.9929999709129333
YMR093W,YGL224C,0,-2.6172066,0.09131667762994766,0.9980000257492065,0.9930999875068665
YPL055C,YDR394W,0,-2.6258452,0.09130832552909851,0.9980000257492065,0.9932000041007996
YHR065C,YNL147W,0,-2.6293983,0.09129997342824936,0.9980000257492065,0.9933000206947327
YIL010W,YMR277W,0,-2.631443,0.09129162132740021,0.9980000257492065,0.993399977684021
YNL075W,YMR204C,0,-2.6341605,0.09128326922655106,0.9980000257492065,0.9934999942779541
YBR213W,YJL121C,0,-2.6358309,0.0912749245762825,0.9980000257492065,0.9936000108718872
YJR092W,YNL110C,0,-2.641563,0.09126657247543335,0.9980000257492065,0.9937000274658203
YMR221C,YPL139C,0,-2.6428604,0.0912582278251648,0.9980000257492065,0.9937999844551086
YDR496C,YDR495C,0,-2.6479418,0.09124988317489624,0.9980000257492065,0.9939000010490417
YBR141C,YLR222C,0,-2.6596825,0.09124154597520828,0.9980000257492065,0.9940000176429749
YDR033W,YOL120C,0,-2.661677,0.09123320132493973,0.9980000257492065,0.9940999746322632
YDR324C,YMR171C,0,-2.6652288,0.09122486412525177,0.9980000257492065,0.9941999912261963
YCR066W,YMR123W,0,-2.6835394,0.09121652692556381,0.9980000257492065,0.9943000078201294
YDR079W,YBR271W,0,-2.6877148,0.09120818972587585,0.9980000257492065,0.9944000244140625
YJL042W,YBL009W,0,-2.68806,0.0911998525261879,0.9980000257492065,0.9944999814033508
YDL207W,YNL050C,0,-2.6882286,0.09119152277708054,0.9980000257492065,0.9945999979972839
YBL090W,YOL080C,0,-2.695676,0.09118318557739258,0.9980000257492065,0.994700014591217
YML019W,YGL033W,0,-2.6991458,0.09117485582828522,0.9980000257492065,0.9947999715805054
YHR034C,YNR013C,0,-2.7032304,0.09116652607917786,0.9980000257492065,0.9948999881744385
YJR092W,YLR419W,0,-2.7095675,0.09115820378065109,0.9980000257492065,0.9950000047683716
YIL143C,YER049W,0,-2.7128057,0.09114987403154373,0.9980000257492065,0.9951000213623047
YPL283C,YIL093C,0,-2.7163894,0.09114155173301697,0.9980000257492065,0.995199978351593
YLR305C,YJR067C,0,-2.7165835,0.0911332294344902,0.9980000257492065,0.9952999949455261
YJL012C,YOR326W,1,-2.7166042,0.09121621400117874,0.9990000128746033,0.9952999949455261
YNR017W,YDR297W,0,-2.721042,0.09120789170265198,0.9990000128746033,0.9954000115394592
YBL016W,YFL022C,0,-2.7225575,0.09119956195354462,0.9990000128746033,0.9955000281333923
YKR056W,YOR340C,0,-2.737442,0.09119123965501785,0.9990000128746033,0.9955999851226807
YLR396C,YLL008W,0,-2.740737,0.09118290990591049,0.9990000128746033,0.9957000017166138
YLR246W,YIL046W,0,-2.7416482,0.09117459505796432,0.9990000128746033,0.9958000183105469
YOL155C,YOL041C,0,-2.7617114,0.09116627275943756,0.9990000128746033,0.9958999752998352
YDR103W,YPL112C,0,-2.7720056,0.0911579504609108,0.9990000128746033,0.9959999918937683
YNL308C,YDL069C,0,-2.7780356,0.09114963561296463,0.9990000128746033,0.9961000084877014
YAR008W,YBR061C,0,-2.7783136,0.09114132076501846,0.9990000128746033,0.9962000250816345
YHR168W,YDR346C,0,-2.7786684,0.0911330059170723,0.9990000128746033,0.9962999820709229
YJL051W,YNL182C,0,-2.793816,0.09112469106912613,0.9990000128746033,0.996399998664856
YBR141C,YGR095C,0,-2.7944076,0.09111638367176056,0.9990000128746033,0.9965000152587891
YOR039W,YHR079C,0,-2.810233,0.09110806882381439,0.9990000128746033,0.9965999722480774
YNL207W,YDR184C,0,-2.8138566,0.09109976142644882,0.9990000128746033,0.9966999888420105
YKL172W,YAL025C,0,-2.813994,0.09109145402908325,0.9990000128746033,0.9968000054359436
YNL326C,YDR052C,0,-2.8208065,0.09108315408229828,0.9990000128746033,0.9969000220298767
YDR478W,YOL146W,0,-2.820866,0.09107484668493271,0.9990000128746033,0.996999979019165
YBL082C,YJL190C,0,-2.842804,0.09106654673814774,0.9990000128746033,0.9970999956130981
YBL057C,YBL082C,0,-2.8463416,0.09105824679136276,0.9990000128746033,0.9972000122070312
YJR107W,YIL128W,0,-2.882686,0.09104994684457779,0.9990000128746033,0.9973000288009644
YMR214W,YER112W,0,-2.8916578,0.09104164689779282,0.9990000128746033,0.9973999857902527
YHR187W,YOR089C,0,-2.8952134,0.09103335440158844,0.9990000128746033,0.9975000023841858
YLR449W,YKR086W,0,-2.9243999,0.09102505445480347,0.9990000128746033,0.9976000189781189
YBR261C,YBR238C,0,-2.9284105,0.09101676195859909,0.9990000128746033,0.9976999759674072
YMR238W,YIL020C,0,-2.9294677,0.09100846946239471,0.9990000128746033,0.9977999925613403
YJR022W,YER118C,0,-2.931836,0.09100018441677094,0.9990000128746033,0.9979000091552734
YOR056C,YOR251C,0,-2.9678102,0.09099189192056656,0.9990000128746033,0.9980000257492065
YDL201W,YKL206C,0,-2.9828086,0.09098360687494278,0.9990000128746033,0.9980999827384949
YER061C,YMR128W,0,-2.986126,0.090975321829319,0.9990000128746033,0.998199999332428
YJR056C,YLR371W,0,-2.9998193,0.09096703678369522,0.9990000128746033,0.9983000159263611
YMR269W,YDR013W,0,-3.0072954,0.09095875173807144,0.9990000128746033,0.9983999729156494
YLR045C,YNR015W,0,-3.0179684,0.09095047414302826,0.9990000128746033,0.9984999895095825
YHL044W,YOR287C,0,-3.040531,0.09094219654798508,0.9990000128746033,0.9986000061035156
YLR364W,YLR142W,0,-3.053193,0.0909339189529419,0.9990000128746033,0.9987000226974487
YMR269W,YMR054W,0,-3.0823112,0.09092564135789871,0.9990000128746033,0.9987999796867371
YNL110C,YMR257C,0,-3.0833874,0.09091736376285553,0.9990000128746033,0.9988999962806702
YKL074C,YMR029C,0,-3.0880728,0.09090909361839294,0.9990000128746033,0.9990000128746033
YFR009W,YNL248C,0,-3.1045723,0.09090081602334976,0.9990000128746033,0.9991000294685364
YIL091C,YBL042C,0,-3.1080494,0.09089254587888718,0.9990000128746033,0.9991999864578247
YMR176W,YKR038C,0,-3.121395,0.09088428318500519,0.9990000128746033,0.9993000030517578
YKL183W,YLR154C,0,-3.226704,0.0908760130405426,0.9990000128746033,0.9994000196456909
YGL029W,YJR040W,0,-3.2440073,0.09086774289608002,0.9990000128746033,0.9994999766349792
YML038C,YLR424W,0,-3.3370805,0.09085948020219803,0.9990000128746033,0.9995999932289124
YJL178C,YNL326C,1,-3.3429708,0.09094215929508209,1.0,0.9995999932289124
YNL220W,YOL124C,0,-3.3787785,0.0909338891506195,1.0,0.9997000098228455
YBR002C,YER180C,0,-3.7422388,0.09092562645673752,1.0,0.9998000264167786
YIL126W,YKR054C,0,-3.9913075,0.09091735631227493,1.0,0.9998999834060669
YNL112W,YGL033W,0,-6.617931,0.09090909361839294,1.0,1.0
