Gene A,Gene B,Label,Score,Precision,Recall,False Positive Rate
YLR448W,YML073C,1,14.999009,1.0,0.0009970089886337519,0.0
YNL002C,YNL110C,1,14.924814,1.0,0.0019940179772675037,0.0
YLL008W,YNL110C,1,14.4687,1.0,0.0029910269659012556,0.0
YER126C,YOL077C,1,14.394186,1.0,0.0039880359545350075,0.0
YER126C,YAL025C,1,14.328371,1.0,0.004985044710338116,0.0
YLR009W,YNL110C,1,14.316249,1.0,0.005982053931802511,0.0
YNL002C,YOL077C,1,14.31402,1.0,0.006979062687605619,0.0
YLR009W,YLR276C,1,14.226423,1.0,0.007976071909070015,0.0
YOL077C,YGL078C,1,14.204922,1.0,0.008973080664873123,0.0
YKL009W,YNL110C,1,14.098295,1.0,0.009970089420676231,0.0
YCL054W,YNL110C,1,14.092596,1.0,0.010967099107801914,0.0
YDR101C,YNL182C,1,14.0068035,1.0,0.011964107863605022,0.0
YAL025C,YOL077C,1,13.929859,1.0,0.01296111661940813,0.0
YJL122W,YOL077C,1,13.811104,1.0,0.013958125375211239,0.0
YER126C,YGR085C,1,13.803095,1.0,0.014955134131014347,0.0
YCR072C,YLL008W,1,13.748333,1.0,0.01595214381814003,0.0
YER126C,YLR009W,1,13.702367,1.0,0.016949152573943138,0.0
YCL054W,YLR009W,1,13.683561,1.0,0.017946161329746246,0.0
YNL182C,YAL025C,1,13.672576,1.0,0.018943170085549355,0.0
YLR009W,YHR052W,1,13.621912,1.0,0.019940178841352463,0.0
YLR009W,YLL008W,1,13.559465,1.0,0.02093718759715557,0.0
YJL122W,YDR101C,1,13.42365,1.0,0.02193419821560383,0.0
YLR009W,YPL146C,1,13.388876,1.0,0.022931206971406937,0.0
YKR081C,YOL077C,1,13.386095,1.0,0.023928215727210045,0.0
YCR072C,YOL077C,1,13.362688,1.0,0.024925224483013153,0.0
YNL110C,YAL025C,1,13.274811,1.0,0.02592223323881626,0.0
YGL111W,YGL078C,1,13.239742,1.0,0.02691924199461937,0.0
YGL111W,YER126C,1,13.198568,1.0,0.027916250750422478,0.0
YLL008W,YNL182C,1,13.186598,1.0,0.028913259506225586,0.0
YMR229C,YNL110C,1,13.164007,1.0,0.029910268262028694,0.0
YKR081C,YAL025C,1,13.163422,1.0,0.03090727888047695,0.0
YLR448W,YNL002C,1,13.089438,1.0,0.03190428763628006,0.0
YGR103W,YOL077C,1,13.06987,1.0,0.03290129452943802,0.0
YLR009W,YMR229C,1,13.039294,1.0,0.033898305147886276,0.0
YGL120C,YHR088W,1,13.024412,1.0,0.034895315766334534,0.0
YHR170W,YGL078C,1,12.991188,1.0,0.03589232265949249,0.0
YCR072C,YDL031W,1,12.958113,1.0,0.03688933327794075,0.0
YKL009W,YLR276C,1,12.923662,1.0,0.03788634017109871,0.0
YCR072C,YKR024C,1,12.905157,1.0,0.03888335078954697,0.0
YJL122W,YPL211W,1,12.860219,1.0,0.039880357682704926,0.0
YCR072C,YPL146C,1,12.719757,1.0,0.04087736830115318,0.0
YER126C,YGR245C,1,12.711695,1.0,0.04187437519431114,0.0
YOR272W,YER126C,1,12.710762,1.0,0.0428713858127594,0.0
YGR245C,YHR170W,1,12.679026,1.0,0.04386839643120766,0.0
YNL110C,YGL078C,1,12.654835,1.0,0.044865403324365616,0.0
YER126C,YKL082C,1,12.623638,1.0,0.04586241394281387,0.0
YJL122W,YNL182C,1,12.590479,1.0,0.04685942083597183,0.0
YOR272W,YCR072C,1,12.566317,1.0,0.04785643145442009,0.0
YDR101C,YCR072C,1,12.483974,1.0,0.04885343834757805,0.0
YOR272W,YLL008W,1,12.432076,1.0,0.049850448966026306,0.0
YBR267W,YOL077C,1,12.428213,1.0,0.050847455859184265,0.0
YNL002C,YKL009W,1,12.388753,1.0,0.05184446647763252,0.0
YKR081C,YFR001W,1,12.378536,1.0,0.05284147709608078,0.0
YNL182C,YGL078C,1,12.367556,1.0,0.05383848398923874,0.0
YHR170W,YCR072C,1,12.347652,1.0,0.054835494607686996,0.0
YBL039C,YER006W,0,12.313877,0.9821428656578064,0.054835494607686996,0.00010003001079894602
YNL110C,YGR103W,1,12.278132,0.9824561476707458,0.055832501500844955,0.00010003001079894602
YPL146C,YAL025C,1,12.263542,0.982758641242981,0.05682951211929321,0.00010003001079894602
YPL146C,YGL078C,1,12.262736,0.9830508232116699,0.05782651901245117,0.00010003001079894602
YKR024C,YHR052W,1,12.235098,0.9833333492279053,0.05882352963089943,0.00010003001079894602
YER126C,YHR170W,1,12.216568,0.9836065769195557,0.05982053652405739,0.00010003001079894602
YGR085C,YNL002C,1,12.200997,0.9838709831237793,0.060817547142505646,0.00010003001079894602
YOR272W,YKR081C,1,12.158182,0.9841269850730896,0.0618145577609539,0.00010003001079894602
YOR272W,YJL122W,1,12.14292,0.984375,0.06281156837940216,0.00010003001079894602
YGR085C,YFR001W,1,12.047354,0.9846153855323792,0.06380857527256012,0.00010003001079894602
YOR063W,YNL002C,1,12.045766,0.9848484992980957,0.06480558216571808,0.00010003001079894602
YCR072C,YHR052W,1,12.015603,0.9850746393203735,0.06580258905887604,0.00010003001079894602
YIR012W,YOL077C,1,12.013916,0.9852941036224365,0.0667996034026146,0.00010003001079894602
YKL082C,YOL077C,1,12.01149,0.9855072498321533,0.06779661029577255,0.00010003001079894602
YHR170W,YDL031W,1,11.959665,0.9857142567634583,0.06879361718893051,0.00010003001079894602
YNL182C,YKR024C,1,11.953138,0.98591548204422,0.06979063153266907,0.00010003001079894602
YER126C,YOL080C,1,11.945717,0.9861111044883728,0.07078763842582703,0.00010003001079894602
YNL002C,YER002W,1,11.9435215,0.9863013625144958,0.07178464531898499,0.00010003001079894602
YLR009W,YPL093W,1,11.9420395,0.9864864945411682,0.07278165221214294,0.00010003001079894602
YLL008W,YDL031W,1,11.935936,0.9866666793823242,0.0737786665558815,0.00010003001079894602
YGR103W,YDL031W,1,11.873449,0.9868420958518982,0.07477567344903946,0.00010003001079894602
YGR103W,YAL025C,1,11.857379,0.9870129823684692,0.07577268034219742,0.00010003001079894602
YCR072C,YKL021C,1,11.807934,0.9871794581413269,0.07676968723535538,0.00010003001079894602
YLL008W,YNL002C,1,11.790433,0.9873417615890503,0.07776670157909393,0.00010003001079894602
YLL008W,YDR101C,1,11.762959,0.987500011920929,0.07876370847225189,0.00010003001079894602
YLR009W,YDL031W,1,11.758903,0.9876543283462524,0.07976071536540985,0.00010003001079894602
YKL009W,YCR072C,1,11.751951,0.9878048896789551,0.08075772970914841,0.00010003001079894602
YER126C,YDR060W,1,11.746492,0.9879518151283264,0.08175473660230637,0.00010003001079894602
YNL182C,YFR001W,1,11.7419405,0.988095223903656,0.08275174349546432,0.00010003001079894602
YLR009W,YHR085W,1,11.740257,0.9882352948188782,0.08374875038862228,0.00010003001079894602
YKR024C,YHR088W,1,11.738049,0.9883720874786377,0.08474576473236084,0.00010003001079894602
YGL120C,YOL077C,1,11.735309,0.9885057210922241,0.0857427716255188,0.00010003001079894602
YHR170W,YKR024C,1,11.720058,0.9886363744735718,0.08673977851867676,0.00010003001079894602
YKR081C,YHR052W,1,11.717352,0.9887640476226807,0.08773679286241531,0.00010003001079894602
YOR272W,YIR012W,1,11.70495,0.9888888597488403,0.08873379975557327,0.00010003001079894602
YLR009W,YGR085C,1,11.685001,0.9890109896659851,0.08973080664873123,0.00010003001079894602
YBR267W,YKL021C,1,11.680244,0.989130437374115,0.09072781354188919,0.00010003001079894602
YNL110C,YPL146C,1,11.650568,0.9892473220825195,0.09172482788562775,0.00010003001079894602
YGR085C,YLR276C,1,11.648054,0.9893617033958435,0.0927218347787857,0.00010003001079894602
YPR102C,YNL002C,1,11.639416,0.9894737005233765,0.09371884167194366,0.00010003001079894602
YGR085C,YHR052W,1,11.636761,0.9895833134651184,0.09471585601568222,0.00010003001079894602
YMR229C,YDL031W,1,11.617619,0.9896907210350037,0.09571286290884018,0.00010003001079894602
YLR276C,YAL025C,1,11.615899,0.9897959232330322,0.09670986980199814,0.00010003001079894602
YHR066W,YJL122W,1,11.607697,0.9898989796638489,0.0977068766951561,0.00010003001079894602
YNL002C,YLR221C,1,11.603086,0.9900000095367432,0.09870389103889465,0.00010003001079894602
YKL009W,YGL078C,1,11.562506,0.9900990128517151,0.09970089793205261,0.00010003001079894602
YLR276C,YGL078C,1,11.549671,0.9901960492134094,0.10069790482521057,0.00010003001079894602
YOL080C,YKR056W,0,11.5134535,0.9805825352668762,0.10069790482521057,0.00020006002159789205
YOL077C,YOL080C,1,11.5082855,0.9807692170143127,0.10169491171836853,0.00020006002159789205
YEL054C,YLR009W,1,11.497871,0.9809523820877075,0.10269192606210709,0.00020006002159789205
YKL009W,YKL082C,1,11.485558,0.9811320900917053,0.10368893295526505,0.00020006002159789205
YNL002C,YFR001W,1,11.485002,0.9813084006309509,0.104685939848423,0.00020006002159789205
YCL054W,YKL009W,1,11.444986,0.9814814925193787,0.10568295419216156,0.00020006002159789205
YPR102C,YAL025C,1,11.430468,0.9816513657569885,0.10667996108531952,0.00020006002159789205
YBR142W,YAL025C,1,11.410467,0.9818181991577148,0.10767696797847748,0.00020006002159789205
YGR085C,YKL082C,1,11.3918915,0.9819819927215576,0.10867397487163544,0.00020006002159789205
YOL077C,YHR088W,1,11.365259,0.9821428656578064,0.10967098921537399,0.00020006002159789205
YKR081C,YNL002C,1,11.364315,0.982300877571106,0.11066799610853195,0.00020006002159789205
YER126C,YDR091C,1,11.3521,0.9824561476707458,0.11166500300168991,0.00020006002159789205
YIR012W,YGL078C,1,11.343229,0.9826086759567261,0.11266201734542847,0.00020006002159789205
YBR267W,YKR024C,1,11.303233,0.982758641242981,0.11365902423858643,0.00020006002159789205
YKR081C,YJL122W,1,11.285868,0.9829059839248657,0.11465603113174438,0.00020006002159789205
YLL008W,YHR052W,1,11.2806225,0.9830508232116699,0.11565303802490234,0.00020006002159789205
YKR081C,YDL031W,1,11.269903,0.9831932783126831,0.1166500523686409,0.00020006002159789205
YOR272W,YNL110C,1,11.268733,0.9833333492279053,0.11764705926179886,0.00020006002159789205
YER126C,YCR072C,1,11.264277,0.9834710955619812,0.11864406615495682,0.00020006002159789205
YHR052W,YPL093W,1,11.255913,0.9836065769195557,0.11964107304811478,0.00020006002159789205
YLR009W,YNL002C,1,11.237316,0.9837398529052734,0.12063808739185333,0.00020006002159789205
YMR229C,YLR276C,1,11.215567,0.9838709831237793,0.12163509428501129,0.00020006002159789205
YML073C,YNL002C,1,11.199743,0.984000027179718,0.12263210117816925,0.00020006002159789205
YCR072C,YDR312W,1,11.183318,0.9841269850730896,0.1236291155219078,0.00020006002159789205
YAL025C,YOL080C,1,11.1581,0.9842519760131836,0.12462612241506577,0.00020006002159789205
YOR272W,YCL054W,1,11.1522665,0.984375,0.12562313675880432,0.00020006002159789205
YLR009W,YOL080C,1,11.143583,0.9844961166381836,0.12662014365196228,0.00020006002159789205
YCL054W,YNL182C,1,11.128297,0.9846153855323792,0.12761715054512024,0.00020006002159789205
YOR272W,YGR245C,1,11.102882,0.9847328066825867,0.1286141574382782,0.00020006002159789205
YCL054W,YOL077C,1,11.067794,0.9848484992980957,0.12961116433143616,0.00020006002159789205
YCR072C,YGL078C,1,11.042416,0.9849624037742615,0.13060817122459412,0.00020006002159789205
YOR293W,YNL002C,0,11.039405,0.9776119589805603,0.13060817122459412,0.00030009003239683807
YNL002C,YKL082C,1,11.024719,0.9777777791023254,0.13160517811775208,0.00030009003239683807
YML073C,YNL182C,1,11.008724,0.9779411554336548,0.13260219991207123,0.00030009003239683807
YNL182C,YBR267W,1,11.003836,0.9781022071838379,0.1335992068052292,0.00030009003239683807
YLL008W,YKL009W,1,10.999765,0.97826087474823,0.13459621369838715,0.00030009003239683807
YLL008W,YOL080C,1,10.991373,0.9784172773361206,0.1355932205915451,0.00030009003239683807
YCR072C,YGR103W,1,10.983455,0.9785714149475098,0.13659022748470306,0.00030009003239683807
YGL120C,YLR009W,1,10.978999,0.978723406791687,0.13758723437786102,0.00030009003239683807
YPL146C,YKR024C,1,10.969177,0.9788732528686523,0.13858424127101898,0.00030009003239683807
YNL182C,YLR276C,1,10.928043,0.9790209531784058,0.13958126306533813,0.00030009003239683807
YHR066W,YKL082C,1,10.922832,0.9791666865348816,0.1405782699584961,0.00030009003239683807
YGR103W,YHR052W,1,10.915811,0.9793103337287903,0.14157527685165405,0.00030009003239683807
YEL054C,YCL054W,1,10.913742,0.9794520735740662,0.142572283744812,0.00030009003239683807
YFL002C,YER126C,1,10.913687,0.9795918464660645,0.14356929063796997,0.00030009003239683807
YCL054W,YKL082C,1,10.904077,0.9797297120094299,0.14456629753112793,0.00030009003239683807
YGR085C,YKR081C,1,10.903495,0.9798657894134521,0.1455633044242859,0.00030009003239683807
YGL120C,YCR072C,1,10.869507,0.9800000190734863,0.14656032621860504,0.00030009003239683807
YDR101C,YNL002C,1,10.866123,0.9801324605941772,0.147557333111763,0.00030009003239683807
YGL111W,YFR001W,1,10.855319,0.9802631735801697,0.14855434000492096,0.00030009003239683807
YOR150W,YPL146C,1,10.854256,0.9803921580314636,0.14955134689807892,0.00030009003239683807
YLR340W,YCL054W,1,10.850311,0.9805194735527039,0.15054835379123688,0.00030009003239683807
YCR072C,YLR276C,1,10.849546,0.9806451797485352,0.15154536068439484,0.00030009003239683807
YGL111W,YGR245C,1,10.837331,0.9807692170143127,0.1525423675775528,0.00030009003239683807
YOL080C,YHR088W,1,10.836975,0.9808917045593262,0.15353937447071075,0.00030009003239683807
YOR150W,YDR101C,1,10.83675,0.9810126423835754,0.1545363962650299,0.00030009003239683807
YPL131W,YER126C,1,10.820429,0.9811320900917053,0.15553340315818787,0.00030009003239683807
YDR060W,YMR229C,1,10.814945,0.981249988079071,0.15653041005134583,0.00030009003239683807
YGL111W,YKR081C,1,10.814888,0.9813664555549622,0.15752741694450378,0.00030009003239683807
YGR085C,YGR103W,1,10.8080435,0.9814814925193787,0.15852442383766174,0.00030009003239683807
YHR088W,YHR052W,1,10.800169,0.9815950989723206,0.1595214307308197,0.00030009003239683807
YHR170W,YBR267W,1,10.796073,0.9817073345184326,0.16051843762397766,0.00030009003239683807
YLR448W,YGR085C,1,10.794343,0.9818181991577148,0.16151545941829681,0.00030009003239683807
YKR081C,YKR024C,1,10.789799,0.9819276928901672,0.16251246631145477,0.00030009003239683807
YHR170W,YHR052W,1,10.786676,0.9820359349250793,0.16350947320461273,0.00030009003239683807
YLR448W,YDR101C,1,10.77084,0.9821428656578064,0.1645064800977707,0.00030009003239683807
YER126C,YPL093W,1,10.762226,0.9822485446929932,0.16550348699092865,0.00030009003239683807
YNL182C,YHR088W,1,10.754282,0.9823529124259949,0.1665004938840866,0.00030009003239683807
YER126C,YIR012W,1,10.74743,0.9824561476707458,0.16749750077724457,0.00030009003239683807
YOL077C,YKR024C,1,10.727822,0.9825581312179565,0.16849452257156372,0.00030009003239683807
YGR085C,YLR221C,1,10.724061,0.9826589822769165,0.16949152946472168,0.00030009003239683807
YJR094W-A,YDR064W,0,10.721632,0.977011501789093,0.16949152946472168,0.0004001200431957841
YKR081C,YOL080C,1,10.715701,0.977142870426178,0.17048853635787964,0.0004001200431957841
YBR267W,YFR001W,1,10.704134,0.9772727489471436,0.1714855432510376,0.0004001200431957841
YIR012W,YDL031W,1,10.69977,0.9774011373519897,0.17248255014419556,0.0004001200431957841
YLR276C,YBR267W,1,10.693243,0.9775280952453613,0.17347955703735352,0.0004001200431957841
YNL182C,YKL021C,1,10.688044,0.9776536226272583,0.17447656393051147,0.0004001200431957841
YOL077C,YPL093W,1,10.674303,0.9777777791023254,0.17547358572483063,0.0004001200431957841
YOR272W,YOL077C,1,10.645147,0.9779005646705627,0.1764705926179886,0.0004001200431957841
YLL008W,YPL093W,1,10.636845,0.9780219793319702,0.17746759951114655,0.0004001200431957841
YOL077C,YDL031W,1,10.621382,0.9781420826911926,0.1784646064043045,0.0004001200431957841
YGL111W,YKL082C,1,10.59577,0.97826087474823,0.17946161329746246,0.0004001200431957841
YBR267W,YHR088W,1,10.589376,0.9783783555030823,0.18045862019062042,0.0004001200431957841
YKR081C,YKL082C,1,10.549431,0.9784946441650391,0.18145562708377838,0.0004001200431957841
YER126C,YLR448W,1,10.538917,0.9786096215248108,0.18245264887809753,0.0004001200431957841
YGR245C,YCR072C,1,10.527962,0.978723406791687,0.1834496557712555,0.0004001200431957841
YLR009W,YHR170W,1,10.516328,0.9788359999656677,0.18444666266441345,0.0004001200431957841
YCL054W,YIR012W,1,10.513333,0.9789473414421082,0.1854436695575714,0.0004001200431957841
YLR009W,YKL082C,1,10.508851,0.9790576100349426,0.18644067645072937,0.0004001200431957841
YHR085W,YNL182C,1,10.487212,0.9791666865348816,0.18743768334388733,0.0004001200431957841
YOR272W,YHR085W,1,10.485533,0.9792746305465698,0.1884346902370453,0.0004001200431957841
YIR012W,YGR245C,1,10.477194,0.9793814420700073,0.18943171203136444,0.0004001200431957841
YPR143W,YHR088W,1,10.477193,0.9794871807098389,0.1904287189245224,0.0004001200431957841
YGL111W,YGR103W,1,10.472223,0.9795918464660645,0.19142572581768036,0.0004001200431957841
YLR276C,YKL021C,1,10.46678,0.9796954393386841,0.19242273271083832,0.0004001200431957841
YOL127W,YKL082C,1,10.465349,0.9797979593276978,0.19341973960399628,0.0004001200431957841
YJL122W,YPL093W,1,10.460577,0.979899525642395,0.19441674649715424,0.0004001200431957841
YLR448W,YNL182C,1,10.4424515,0.9800000190734863,0.1954137533903122,0.0004001200431957841
YNL002C,YGR103W,1,10.43955,0.9800994992256165,0.19641076028347015,0.0004001200431957841
YJL122W,YOL080C,1,10.435915,0.9801980257034302,0.1974077820777893,0.0004001200431957841
YJL122W,YKL021C,1,10.430717,0.9802955389022827,0.19840478897094727,0.0004001200431957841
YKR081C,YHR088W,1,10.430321,0.9803921580314636,0.19940179586410522,0.0004001200431957841
YKL009W,YHR052W,1,10.427546,0.9804878234863281,0.20039880275726318,0.0004001200431957841
YGL120C,YDL031W,1,10.418644,0.9805825352668762,0.20139580965042114,0.0004001200431957841
YGL111W,YAL025C,1,10.413082,0.9806763529777527,0.2023928165435791,0.0004001200431957841
YGR085C,YBR142W,1,10.391236,0.9807692170143127,0.20338982343673706,0.0004001200431957841
YCL054W,YDR060W,1,10.375793,0.980861246585846,0.2043868452310562,0.0004001200431957841
YLR276C,YFR001W,1,10.363641,0.9809523820877075,0.20538385212421417,0.0004001200431957841
YNL182C,YDR418W,1,10.356379,0.9810426831245422,0.20638085901737213,0.0004001200431957841
YDR101C,YKR024C,1,10.350811,0.9811320900917053,0.2073778659105301,0.0004001200431957841
YCL054W,YOR063W,1,10.345152,0.9812206625938416,0.20837487280368805,0.0004001200431957841
YLR221C,YGR103W,1,10.335473,0.9813084006309509,0.209371879696846,0.0004001200431957841
YHR066W,YDR418W,1,10.32066,0.9813953638076782,0.21036888659000397,0.0004001200431957841
YEL054C,YFR001W,1,10.317129,0.9814814925193787,0.21136590838432312,0.0004001200431957841
YHR170W,YOL080C,1,10.29842,0.981566846370697,0.21236291527748108,0.0004001200431957841
YDR101C,YDL031W,1,10.293967,0.9816513657569885,0.21335992217063904,0.0004001200431957841
YBR267W,YOL080C,1,10.292446,0.9817351698875427,0.214356929063797,0.0004001200431957841
YOR272W,YNL182C,1,10.280523,0.9818181991577148,0.21535393595695496,0.0004001200431957841
YFR001W,YER002W,1,10.270121,0.9819004535675049,0.21635094285011292,0.0004001200431957841
YHR085W,YHR088W,1,10.257946,0.9819819927215576,0.21734794974327087,0.0004001200431957841
YEL054C,YPL131W,1,10.253885,0.9820627570152283,0.21834497153759003,0.0004001200431957841
YHR170W,YKL082C,1,10.253815,0.9821428656578064,0.21934197843074799,0.0004001200431957841
YBR267W,YER002W,1,10.252413,0.9822221994400024,0.22033898532390594,0.0004001200431957841
YOR272W,YGL078C,1,10.24856,0.982300877571106,0.2213359922170639,0.0004001200431957841
YOL127W,YGL078C,1,10.227375,0.9823788404464722,0.22233299911022186,0.0004001200431957841
YJL122W,YKL082C,1,10.225441,0.9824561476707458,0.22333000600337982,0.0004001200431957841
YJL122W,YPL146C,1,10.212673,0.9825327396392822,0.22432701289653778,0.0004001200431957841
YGR245C,YDL031W,1,10.208881,0.9826086759567261,0.22532403469085693,0.0004001200431957841
YLR221C,YER002W,1,10.192684,0.9826839566230774,0.2263210415840149,0.0004001200431957841
YLR340W,YLR009W,1,10.187388,0.982758641242981,0.22731804847717285,0.0004001200431957841
YFL002C,YDR101C,1,10.162873,0.9828326106071472,0.2283150553703308,0.0004001200431957841
YOR272W,YDR101C,1,10.150007,0.9829059839248657,0.22931206226348877,0.0004001200431957841
YHR197W,YHR088W,1,10.149254,0.9829787015914917,0.23030906915664673,0.0004001200431957841
YGR085C,YAL025C,1,10.147084,0.9830508232116699,0.2313060760498047,0.0004001200431957841
YLR448W,YGR103W,1,10.143826,0.9831223487854004,0.23230309784412384,0.0004001200431957841
YGR245C,YGR220C,1,10.126491,0.9831932783126831,0.2333001047372818,0.0004001200431957841
YIR012W,YJL122W,1,10.109306,0.9832636117935181,0.23429711163043976,0.0004001200431957841
YPL146C,YOL080C,1,10.078111,0.9833333492279053,0.23529411852359772,0.0004001200431957841
YGL120C,YNL002C,1,10.0746765,0.9834024906158447,0.23629112541675568,0.0004001200431957841
YOR150W,YNL182C,1,10.074398,0.9834710955619812,0.23728813230991364,0.0004001200431957841
YLL008W,YOR150W,1,10.04632,0.9835391044616699,0.2382851392030716,0.0004001200431957841
YLR221C,YOL077C,1,10.012037,0.9836065769195557,0.23928214609622955,0.0004001200431957841
YLR009W,YGR245C,1,10.007564,0.9836734533309937,0.2402791678905487,0.0004001200431957841
YNL110C,YPL093W,1,9.997377,0.9837398529052734,0.24127617478370667,0.0004001200431957841
YER126C,YFR001W,1,9.997164,0.9838056564331055,0.24227318167686462,0.0004001200431957841
YNL002C,YHR088W,1,9.990912,0.9838709831237793,0.24327018857002258,0.0004001200431957841
YHR085W,YFR001W,1,9.990345,0.9839357137680054,0.24426719546318054,0.0004001200431957841
YLR448W,YMR229C,1,9.982893,0.984000027179718,0.2452642023563385,0.0004001200431957841
YHR170W,YKL021C,1,9.981249,0.9840637445449829,0.24626120924949646,0.0004001200431957841
YGR085C,YCR072C,1,9.970003,0.9841269850730896,0.2472582310438156,0.0004001200431957841
YHR170W,YML025C,1,9.960627,0.9841897487640381,0.24825523793697357,0.0004001200431957841
YOL127W,YCR072C,1,9.9569,0.9842519760131836,0.24925224483013153,0.0004001200431957841
YKR081C,YDR312W,1,9.952318,0.9843137264251709,0.2502492666244507,0.0004001200431957841
YJL122W,YOR150W,1,9.940567,0.984375,0.25124627351760864,0.0004001200431957841
YPL131W,YCL054W,1,9.939657,0.9844357967376709,0.2522432804107666,0.0004001200431957841
YDR101C,YGR103W,1,9.912548,0.9844961166381836,0.25324028730392456,0.0004001200431957841
YMR229C,YFR001W,1,9.8986435,0.9845559597015381,0.2542372941970825,0.0004001200431957841
YDR312W,YDL031W,1,9.889633,0.9846153855323792,0.2552343010902405,0.0004001200431957841
YHR170W,YKL009W,1,9.8876915,0.984674334526062,0.25623130798339844,0.0004001200431957841
YHR066W,YML073C,1,9.886421,0.9847328066825867,0.2572283148765564,0.0004001200431957841
YGL120C,YKL009W,1,9.866079,0.9847908616065979,0.25822532176971436,0.0004001200431957841
YGL120C,YMR229C,1,9.853024,0.9848484992980957,0.2592223286628723,0.0004001200431957841
YGR245C,YER002W,1,9.849025,0.9849056601524353,0.2602193355560303,0.0004001200431957841
YDR060W,YOL077C,1,9.84612,0.9849624037742615,0.26121634244918823,0.0004001200431957841
YLL008W,YKR024C,1,9.845584,0.9850187301635742,0.2622133493423462,0.0004001200431957841
YJL122W,YFR001W,1,9.83637,0.9850746393203735,0.26321035623550415,0.0004001200431957841
YHR066W,YFR001W,1,9.822112,0.9851301312446594,0.2642073631286621,0.0004001200431957841
YOL127W,YNL182C,1,9.819305,0.9851852059364319,0.26520439982414246,0.0004001200431957841
YNL110C,YKL021C,1,9.811928,0.9852398633956909,0.2662014067173004,0.0004001200431957841
YJL122W,YNL002C,1,9.800112,0.9852941036224365,0.2671984136104584,0.0004001200431957841
YLL008W,YBR142W,1,9.797719,0.9853479862213135,0.26819542050361633,0.0004001200431957841
YHR066W,YLR009W,1,9.791309,0.985401451587677,0.2691924273967743,0.0004001200431957841
YIR012W,YDR312W,1,9.787659,0.9854545593261719,0.27018943428993225,0.0004001200431957841
YGL120C,YGR245C,1,9.783524,0.9855072498321533,0.2711864411830902,0.0004001200431957841
YGR085C,YOL077C,1,9.767193,0.9855595827102661,0.27218344807624817,0.0004001200431957841
YLR009W,YKL009W,1,9.753784,0.9856114983558655,0.27318045496940613,0.0004001200431957841
YKR024C,YFR001W,1,9.746076,0.9856630563735962,0.2741774618625641,0.0004001200431957841
YHR066W,YOR063W,1,9.745041,0.9857142567634583,0.27517446875572205,0.0004001200431957841
YNL163C,YHR170W,1,9.743465,0.9857650995254517,0.27617147564888,0.0004001200431957841
YOR150W,YMR229C,1,9.719153,0.9858155846595764,0.27716848254203796,0.0004001200431957841
YDR101C,YKL009W,1,9.688349,0.9858657121658325,0.2781654894351959,0.0004001200431957841
YOR150W,YKL009W,1,9.688306,0.98591548204422,0.27916252613067627,0.0004001200431957841
YKL021C,YKR024C,1,9.684266,0.9859648942947388,0.28015953302383423,0.0004001200431957841
YLR009W,YDR312W,1,9.6821,0.9860140085220337,0.2811565399169922,0.0004001200431957841
YLR340W,YHR052W,1,9.6812,0.9860627055168152,0.28215354681015015,0.0004001200431957841
YOR063W,YAL025C,1,9.6739,0.9861111044883728,0.2831505537033081,0.0004001200431957841
YOL127W,YFR001W,1,9.669033,0.9861591458320618,0.28414756059646606,0.0004001200431957841
YGL111W,YDL031W,1,9.667723,0.9862068891525269,0.285144567489624,0.0004001200431957841
YHR085W,YPL146C,1,9.665079,0.9862542748451233,0.286141574382782,0.0004001200431957841
YCL054W,YDR101C,1,9.662434,0.9863013625144958,0.28713858127593994,0.0004001200431957841
YGR085C,YGR245C,1,9.656387,0.9863481521606445,0.2881355881690979,0.0004001200431957841
YBR142W,YKL009W,1,9.65243,0.9863945841789246,0.28913259506225586,0.0004001200431957841
YBR267W,YPL146C,1,9.631388,0.9864406585693359,0.2901296019554138,0.0004001200431957841
YMR146C,YOL077C,0,9.62834,0.9831081032752991,0.2901296019554138,0.0005001500248908997
YEL054C,YGL120C,1,9.593063,0.9831649661064148,0.2911266088485718,0.0005001500248908997
YKL009W,YDR060W,1,9.565016,0.9832214713096619,0.29212361574172974,0.0005001500248908997
YDR312W,YHR088W,1,9.561773,0.9832776188850403,0.2931206524372101,0.0005001500248908997
YLR009W,YDR418W,1,9.543158,0.9833333492279053,0.29411765933036804,0.0005001500248908997
YHR085W,YLR221C,1,9.541547,0.9833887219429016,0.295114666223526,0.0005001500248908997
YPR143W,YML073C,1,9.538286,0.9834437370300293,0.29611167311668396,0.0005001500248908997
YGL111W,YKR024C,1,9.537001,0.9834983348846436,0.2971086800098419,0.0005001500248908997
YPL131W,YLR276C,1,9.533766,0.9835526347160339,0.2981056869029999,0.0005001500248908997
YFL002C,YHR170W,1,9.530714,0.9836065769195557,0.29910269379615784,0.0005001500248908997
YOR063W,YNL110C,1,9.5285225,0.983660101890564,0.3000997006893158,0.0005001500248908997
YOR063W,YPR143W,1,9.527866,0.9837133288383484,0.30109670758247375,0.0005001500248908997
YOR063W,YCR072C,1,9.527799,0.9837662577629089,0.3020937144756317,0.0005001500248908997
YBR142W,YGR103W,1,9.52076,0.983818769454956,0.3030907213687897,0.0005001500248908997
YHR066W,YDR101C,1,9.517596,0.9838709831237793,0.30408772826194763,0.0005001500248908997
YOR063W,YDR060W,1,9.503271,0.9839228391647339,0.3050847351551056,0.0005001500248908997
YIR012W,YGR103W,1,9.497592,0.9839743375778198,0.30608174204826355,0.0005001500248908997
YLL008W,YPL146C,1,9.482262,0.9840255379676819,0.3070787489414215,0.0005001500248908997
YOL127W,YJL122W,1,9.480642,0.9840764403343201,0.30807578563690186,0.0005001500248908997
YCL054W,YNL002C,1,9.471528,0.9841269850730896,0.3090727925300598,0.0005001500248908997
YOR063W,YHR052W,1,9.470766,0.9841772317886353,0.3100697994232178,0.0005001500248908997
YEL054C,YPR102C,1,9.468744,0.9842271208763123,0.31106680631637573,0.0005001500248908997
YOR150W,YNL110C,1,9.463692,0.9842767119407654,0.3120638132095337,0.0005001500248908997
YOR150W,YKL082C,1,9.440428,0.9843260049819946,0.31306082010269165,0.0005001500248908997
YML073C,YLR276C,1,9.427998,0.984375,0.3140578269958496,0.0005001500248908997
YHR170W,YLR221C,1,9.427567,0.9844236969947815,0.31505483388900757,0.0005001500248908997
YMR229C,YKL021C,1,9.4249935,0.9844720363616943,0.3160518407821655,0.0005001500248908997
YNL182C,YLR221C,1,9.413555,0.9845201373100281,0.3170488476753235,0.0005001500248908997
YML025C,YGR103W,1,9.405165,0.9845678806304932,0.31804585456848145,0.0005001500248908997
YLR448W,YLR009W,1,9.393103,0.9846153855323792,0.3190428614616394,0.0005001500248908997
YIR012W,YKL021C,1,9.378418,0.9846625924110413,0.32003986835479736,0.0005001500248908997
YPR102C,YLR276C,1,9.376467,0.9847095012664795,0.3210368752479553,0.0005001500248908997
YHR085W,YKR024C,1,9.369384,0.9847561120986938,0.32203391194343567,0.0005001500248908997
YCL054W,YBR142W,1,9.360031,0.9848024249076843,0.32303091883659363,0.0005001500248908997
YGL078C,YER002W,1,9.336752,0.9848484992980957,0.3240279257297516,0.0005001500248908997
YLR221C,YGL078C,1,9.335054,0.9848942756652832,0.32502493262290955,0.0005001500248908997
YGL111W,YER002W,1,9.332817,0.9849397540092468,0.3260219395160675,0.0005001500248908997
YOR272W,YDR060W,1,9.323732,0.9849849939346313,0.32701894640922546,0.0005001500248908997
YPR102C,YPL146C,1,9.321234,0.985029935836792,0.3280159533023834,0.0005001500248908997
YGL111W,YFL002C,1,9.311815,0.9850746393203735,0.3290129601955414,0.0005001500248908997
YML073C,YHR052W,1,9.307307,0.9851190447807312,0.33000996708869934,0.0005001500248908997
YLR448W,YDR060W,1,9.303162,0.9851632118225098,0.3310069739818573,0.0005001500248908997
YGR245C,YKL021C,1,9.301036,0.9852070808410645,0.33200398087501526,0.0005001500248908997
YKL172W,YPL211W,0,9.295557,0.982300877571106,0.33200398087501526,0.0006001800647936761
YEL054C,YGR245C,1,9.29542,0.9823529124259949,0.3330009877681732,0.0006001800647936761
YCL054W,YHR052W,1,9.286981,0.9824047088623047,0.3339979946613312,0.0006001800647936761
YLR276C,YDR312W,1,9.283782,0.9824561476707458,0.33499500155448914,0.0006001800647936761
YEL054C,YML073C,1,9.282827,0.9825072884559631,0.3359920382499695,0.0006001800647936761
YLR340W,YHR066W,1,9.280428,0.9825581312179565,0.33698904514312744,0.0006001800647936761
YDR418W,YKL082C,1,9.279726,0.9826086759567261,0.3379860520362854,0.0006001800647936761
YLR075W,YNL002C,1,9.273394,0.9826589822769165,0.33898305892944336,0.0006001800647936761
YDR101C,YML025C,1,9.265927,0.9827089309692383,0.3399800658226013,0.0006001800647936761
YGR245C,YKL082C,1,9.264648,0.982758641242981,0.3409770727157593,0.0006001800647936761
YCL054W,YOR150W,1,9.258898,0.982807993888855,0.34197407960891724,0.0006001800647936761
YLR448W,YOL080C,1,9.256142,0.9828571677207947,0.3429710865020752,0.0006001800647936761
YNL182C,YGR103W,1,9.252012,0.9829059839248657,0.34396809339523315,0.0006001800647936761
YPR102C,YPR143W,1,9.244294,0.9829545617103577,0.3449651002883911,0.0006001800647936761
YIR012W,YBR267W,1,9.241987,0.9830028414726257,0.3459621071815491,0.0006001800647936761
YEL054C,YCR072C,1,9.235868,0.9830508232116699,0.34695911407470703,0.0006001800647936761
YFL002C,YCR072C,1,9.231079,0.983098566532135,0.347956120967865,0.0006001800647936761
YPR143W,YGR103W,1,9.2201805,0.983146071434021,0.34895312786102295,0.0006001800647936761
YHR170W,YDR312W,1,9.219955,0.9831932783126831,0.3499501347541809,0.0006001800647936761
YDR060W,YOL080C,1,9.206692,0.9832402467727661,0.35094717144966125,0.0006001800647936761
YLR009W,YPR143W,1,9.189758,0.9832869172096252,0.3519441783428192,0.0006001800647936761
YCL054W,YKL021C,1,9.18411,0.9833333492279053,0.3529411852359772,0.0006001800647936761
YDR418W,YGL078C,1,9.165819,0.9833794832229614,0.35393819212913513,0.0006001800647936761
YLR340W,YBR142W,1,9.164864,0.9834254384040833,0.3549351990222931,0.0006001800647936761
YCR072C,YER002W,1,9.14687,0.9834710955619812,0.35593220591545105,0.0006001800647936761
YLR009W,YHR197W,1,9.1322975,0.9835164546966553,0.356929212808609,0.0006001800647936761
YOL127W,YPR102C,1,9.115979,0.983561635017395,0.35792621970176697,0.0006001800647936761
YML073C,YGL078C,1,9.110819,0.9836065769195557,0.3589232265949249,0.0006001800647936761
YAL025C,YPL093W,1,9.100332,0.9836512207984924,0.3599202334880829,0.0006001800647936761
YKR081C,YER002W,1,9.090223,0.9836956262588501,0.36091724038124084,0.0006001800647936761
YJL122W,YDR312W,1,9.0882225,0.9837398529052734,0.3619142472743988,0.0006001800647936761
YPL211W,YFR001W,1,9.07537,0.9837837815284729,0.36291125416755676,0.0006001800647936761
YOR150W,YLR221C,1,9.074805,0.9838274717330933,0.3639082610607147,0.0006001800647936761
YGL111W,YDR312W,1,9.069218,0.9838709831237793,0.36490529775619507,0.0006001800647936761
YLR340W,YLR448W,1,9.0651,0.9839141964912415,0.365902304649353,0.0006001800647936761
YPL131W,YLL008W,1,9.05217,0.9839572310447693,0.366899311542511,0.0006001800647936761
YGL111W,YHR085W,1,9.035328,0.984000027179718,0.36789631843566895,0.0006001800647936761
YLR340W,YJL122W,1,9.017328,0.9840425252914429,0.3688933253288269,0.0006001800647936761
YKR081C,YML073C,1,8.993756,0.9840849041938782,0.36989033222198486,0.0006001800647936761
YPL146C,YOL077C,1,8.993196,0.9841269850730896,0.3708873391151428,0.0006001800647936761
YML073C,YBR267W,1,8.982147,0.9841688871383667,0.3718843460083008,0.0006001800647936761
YEL054C,YFL002C,1,8.977385,0.9842105507850647,0.37288135290145874,0.0006001800647936761
YKL014C,YMR229C,1,8.973675,0.9842519760131836,0.3738783597946167,0.0006001800647936761
YPL131W,YLR009W,1,8.962743,0.9842932224273682,0.37487536668777466,0.0006001800647936761
YHR085W,YKL009W,1,8.961813,0.9843342304229736,0.3758723735809326,0.0006001800647936761
YCL054W,YDR312W,1,8.96172,0.984375,0.3768693804740906,0.0006001800647936761
YEL054C,YMR229C,1,8.957972,0.984415590763092,0.37786638736724854,0.0006001800647936761
YLR221C,YOL080C,1,8.95747,0.984455943107605,0.3788634240627289,0.0006001800647936761
YGL111W,YKL009W,1,8.952702,0.9844961166381836,0.37986043095588684,0.0006001800647936761
YGL111W,YKL021C,1,8.94725,0.9845361113548279,0.3808574378490448,0.0006001800647936761
YHR085W,YKL082C,1,8.946722,0.9845758080482483,0.38185444474220276,0.0006001800647936761
YOR272W,YPR143W,1,8.933238,0.9846153855323792,0.3828514516353607,0.0006001800647936761
YHR170W,YER002W,1,8.926634,0.9846547245979309,0.3838484585285187,0.0006001800647936761
YML025C,YGL078C,1,8.922262,0.9846938848495483,0.38484546542167664,0.0006001800647936761
YPL131W,YPR102C,1,8.903372,0.9847328066825867,0.3858424723148346,0.0006001800647936761
YPL093W,YJL177W,0,8.88303,0.9822335243225098,0.3858424723148346,0.0007002100464887917
YML073C,YOL077C,1,8.882948,0.9822784662246704,0.38683947920799255,0.0007002100464887917
YPR143W,YFR001W,1,8.87544,0.9823232293128967,0.3878364861011505,0.0007002100464887917
YEL054C,YBR267W,1,8.875275,0.982367753982544,0.38883349299430847,0.0007002100464887917
YDR418W,YHR088W,1,8.875065,0.9824120402336121,0.38983049988746643,0.0007002100464887917
YLR340W,YGR085C,1,8.8709955,0.9824561476707458,0.3908275067806244,0.0007002100464887917
YPL131W,YNL182C,1,8.861109,0.9825000166893005,0.39182451367378235,0.0007002100464887917
YML073C,YHR088W,1,8.853694,0.9825436472892761,0.3928215205669403,0.0007002100464887917
YDR312W,YOL080C,1,8.850351,0.9825870394706726,0.39381855726242065,0.0007002100464887917
YLR340W,YOL077C,1,8.846849,0.9826302528381348,0.3948155641555786,0.0007002100464887917
YLR340W,YLR221C,1,8.836645,0.9826732873916626,0.3958125710487366,0.0007002100464887917
YOR063W,YNL182C,1,8.830437,0.9827160239219666,0.39680957794189453,0.0007002100464887917
YDR312W,YFR001W,1,8.827758,0.982758641242981,0.3978065848350525,0.0007002100464887917
YLR075W,YCR072C,1,8.816919,0.9828009605407715,0.39880359172821045,0.0007002100464887917
YML073C,YPL146C,1,8.811335,0.9828431606292725,0.3998005986213684,0.0007002100464887917
YHR066W,YOL127W,1,8.805933,0.9828850626945496,0.40079760551452637,0.0007002100464887917
YKR081C,YLR106C,1,8.80558,0.9829268455505371,0.4017946124076843,0.0007002100464887917
YGL120C,YAL025C,1,8.801205,0.9829683899879456,0.4027916193008423,0.0007002100464887917
YEL054C,YPL093W,1,8.800502,0.9830096960067749,0.40378862619400024,0.0007002100464887917
YPL146C,YHR088W,1,8.795297,0.9830508232116699,0.4047856330871582,0.0007002100464887917
YBR142W,YDR418W,1,8.78662,0.9830917716026306,0.40578263998031616,0.0007002100464887917
YNL163C,YHR052W,1,8.784853,0.983132541179657,0.4067796468734741,0.0007002100464887917
YGR085C,YLR022C,1,8.78014,0.9831730723381042,0.40777668356895447,0.0007002100464887917
YGR245C,YBR267W,1,8.772505,0.9832134246826172,0.4087736904621124,0.0007002100464887917
YHR197W,YOL077C,1,8.769253,0.9832535982131958,0.4097706973552704,0.0007002100464887917
YOR272W,YKL009W,1,8.767948,0.9832935333251953,0.41076770424842834,0.0007002100464887917
YKR081C,YDR418W,1,8.759669,0.9833333492279053,0.4117647111415863,0.0007002100464887917
YLR340W,YGL111W,1,8.753315,0.9833729267120361,0.41276171803474426,0.0007002100464887917
YOR272W,YER002W,1,8.752858,0.9834123253822327,0.4137587249279022,0.0007002100464887917
YLR221C,YAL025C,1,8.750888,0.9834515452384949,0.4147557318210602,0.0007002100464887917
YHR066W,YCL054W,1,8.7430935,0.9834905862808228,0.41575273871421814,0.0007002100464887917
YOL127W,YHR088W,1,8.730455,0.9835293889045715,0.4167497456073761,0.0007002100464887917
YOR150W,YHR088W,1,8.719625,0.9835680723190308,0.41774675250053406,0.0007002100464887917
YPR102C,YNL182C,1,8.717884,0.9836065769195557,0.418743759393692,0.0007002100464887917
YOL127W,YNL110C,1,8.707916,0.9836448431015015,0.41974076628685,0.0007002100464887917
YGL111W,YOL080C,1,8.700866,0.9836829900741577,0.42073777318000793,0.0007002100464887917
YLR221C,YLR276C,1,8.695551,0.9837209582328796,0.4217348098754883,0.0007002100464887917
YHR085W,YGR103W,1,8.694836,0.9837586879730225,0.42273181676864624,0.0007002100464887917
YLR340W,YDR060W,1,8.69412,0.9837962985038757,0.4237288236618042,0.0007002100464887917
YLR075W,YHR052W,1,8.68821,0.9838337302207947,0.42472583055496216,0.0007002100464887917
YMR229C,YOL080C,1,8.674522,0.9838709831237793,0.4257228374481201,0.0007002100464887917
YOR063W,YGL078C,1,8.673679,0.9839080572128296,0.4267198443412781,0.0007002100464887917
YPL131W,YOL077C,1,8.670588,0.9839449524879456,0.42771685123443604,0.0007002100464887917
YNL163C,YOL077C,1,8.66541,0.9839816689491272,0.428713858127594,0.0007002100464887917
YBR267W,YDR312W,1,8.623598,0.9840182662010193,0.42971086502075195,0.0007002100464887917
YJL122W,YER002W,1,8.6229725,0.984054684638977,0.4307078719139099,0.0007002100464887917
YPR143W,YBR142W,1,8.619716,0.9840909242630005,0.43170487880706787,0.0007002100464887917
YER126C,YGR220C,1,8.61334,0.9841269850730896,0.43270188570022583,0.0007002100464887917
YPL131W,YJL122W,1,8.612919,0.9841628670692444,0.4336988925933838,0.0007002100464887917
YJL122W,YBR142W,1,8.604748,0.9841986298561096,0.43469589948654175,0.0007002100464887917
YLR340W,YAL025C,1,8.603254,0.9842342138290405,0.4356929063796997,0.0007002100464887917
YGL111W,YDR101C,1,8.591366,0.9842696785926819,0.43668994307518005,0.0007002100464887917
YPL146C,YFR001W,1,8.578775,0.9843049049377441,0.437686949968338,0.0007002100464887917
YFL002C,YKR024C,1,8.577022,0.9843400716781616,0.43868395686149597,0.0007002100464887917
YML073C,YHR170W,1,8.569445,0.984375,0.43968096375465393,0.0007002100464887917
YOL127W,YPL146C,1,8.554512,0.9844098091125488,0.4406779706478119,0.0007002100464887917
YOL127W,YDR060W,1,8.5533085,0.9844444394111633,0.44167497754096985,0.0007002100464887917
YPR102C,YGR103W,1,8.549881,0.9844789505004883,0.4426719844341278,0.0007002100464887917
YNL002C,YBR267W,1,8.546019,0.9845132827758789,0.44366899132728577,0.0007002100464887917
YNR038W,YOL077C,1,8.538395,0.9845474362373352,0.4446659982204437,0.0007002100464887917
YPR143W,YDR101C,1,8.53831,0.984581470489502,0.4456630051136017,0.0007002100464887917
YPL131W,YGR085C,1,8.524968,0.9846153855323792,0.44666001200675964,0.0007002100464887917
YOR272W,YAL025C,1,8.51994,0.984649121761322,0.4476570188999176,0.0007002100464887917
YHR066W,YGL111W,1,8.5189295,0.9846827387809753,0.44865402579307556,0.0007002100464887917
YGR085C,YDR101C,1,8.506839,0.9847161769866943,0.4496510326862335,0.0007002100464887917
YLR009W,YML073C,1,8.495531,0.984749436378479,0.45064806938171387,0.0007002100464887917
YKL021C,YPL146C,1,8.49377,0.9847826361656189,0.4516450762748718,0.0007002100464887917
YML073C,YGR103W,1,8.490599,0.9848155975341797,0.4526420831680298,0.0007002100464887917
YOR272W,YGR220C,1,8.480195,0.9848484992980957,0.45363909006118774,0.0007002100464887917
YPL211W,YMR229C,1,8.477375,0.9848812222480774,0.4546360969543457,0.0007002100464887917
YLL008W,YDR418W,1,8.462673,0.9849137663841248,0.45563310384750366,0.0007002100464887917
YIR012W,YKL082C,1,8.456707,0.9849462509155273,0.4566301107406616,0.0007002100464887917
YGL111W,YPR016C,1,8.456341,0.9849785566329956,0.4576271176338196,0.0007002100464887917
YHR085W,YKL021C,1,8.448784,0.9850106835365295,0.45862412452697754,0.0007002100464887917
YGR245C,YLR221C,1,8.443159,0.9850427508354187,0.4596211314201355,0.0007002100464887917
YOR150W,YDL031W,1,8.43988,0.9850746393203735,0.46061813831329346,0.0007002100464887917
YKL009W,YBR267W,1,8.437197,0.9851064085960388,0.4616151452064514,0.0007002100464887917
YLR340W,YBR267W,1,8.432489,0.9851379990577698,0.4626121520996094,0.0007002100464887917
YOR063W,YBR142W,1,8.43005,0.9851694703102112,0.46360915899276733,0.0007002100464887917
YDR060W,YGR103W,1,8.42333,0.985200822353363,0.4646061956882477,0.0007002100464887917
YOL080C,YKR024C,1,8.409918,0.9852320551872253,0.46560320258140564,0.0007002100464887917
YPL211W,YPL093W,1,8.408636,0.9852631688117981,0.4666002094745636,0.0007002100464887917
YHR066W,YER002W,1,8.4009,0.9852941036224365,0.46759721636772156,0.0007002100464887917
YGL120C,YNL182C,1,8.400236,0.9853249192237854,0.4685942232608795,0.0007002100464887917
YIR012W,YHR085W,1,8.398621,0.9853556752204895,0.4695912301540375,0.0007002100464887917
YHR197W,YDL031W,1,8.396547,0.9853861927986145,0.47058823704719543,0.0007002100464887917
YHR085W,YDR101C,1,8.386461,0.9854166507720947,0.4715852439403534,0.0007002100464887917
YGL111W,YPL146C,1,8.380249,0.9854469895362854,0.47258225083351135,0.0007002100464887917
YGL120C,YPR143W,1,8.380046,0.9854771494865417,0.4735792577266693,0.0007002100464887917
YOR272W,YLR106C,1,8.379525,0.9855072498321533,0.47457626461982727,0.0007002100464887917
YPL131W,YNL110C,1,8.3657875,0.9855371713638306,0.47557327151298523,0.0007002100464887917
YML073C,YBR142W,1,8.357054,0.985567033290863,0.4765702784061432,0.0007002100464887917
YOR272W,YHR066W,1,8.355776,0.9855967164039612,0.47756728529930115,0.0007002100464887917
YLR009W,YDR060W,1,8.353454,0.9856262803077698,0.4785642921924591,0.0007002100464887917
YMR229C,YGR103W,1,8.347092,0.9856557250022888,0.47956132888793945,0.0007002100464887917
YPL211W,YPL146C,1,8.345734,0.9856850504875183,0.4805583357810974,0.0007002100464887917
YNL182C,YKL082C,1,8.335729,0.9857142567634583,0.48155534267425537,0.0007002100464887917
YDR060W,YGL078C,1,8.3186245,0.9857434034347534,0.48255234956741333,0.0007002100464887917
YDR101C,YHR197W,1,8.318298,0.9857723712921143,0.4835493564605713,0.0007002100464887917
YKL082C,YDL031W,1,8.303495,0.9858012199401855,0.48454636335372925,0.0007002100464887917
YEL054C,YOL080C,1,8.278025,0.9858299493789673,0.4855433702468872,0.0007002100464887917
YJL122W,YLR221C,1,8.273752,0.9858585596084595,0.48654037714004517,0.0007002100464887917
YLR022C,YLR276C,1,8.258841,0.9858871102333069,0.4875373840332031,0.0007002100464887917
YGR245C,YHR085W,1,8.257374,0.98591548204422,0.4885343909263611,0.0007002100464887917
YOL144W,YAL025C,1,8.241135,0.9859437942504883,0.48953139781951904,0.0007002100464887917
YKL009W,YER002W,1,8.238318,0.9859719276428223,0.490528404712677,0.0007002100464887917
YLR197W,YGL031C,0,8.234688,0.984000027179718,0.490528404712677,0.0008002400863915682
YPR102C,YFR001W,1,8.231932,0.9840319156646729,0.49152541160583496,0.0008002400863915682
YNL110C,YOR096W,0,8.223148,0.9820716977119446,0.49152541160583496,0.0009002700680866838
YLR340W,YPL211W,1,8.216221,0.9821073412895203,0.4925224184989929,0.0009002700680866838
YHR170W,YDR418W,1,8.208385,0.9821428656578064,0.49351945519447327,0.0009002700680866838
YLR448W,YKR024C,1,8.206291,0.9821782112121582,0.4945164620876312,0.0009002700680866838
YLR340W,YKL082C,1,8.1904545,0.9822134375572205,0.4955134689807892,0.0009002700680866838
YIR012W,YBR142W,1,8.190264,0.9822485446929932,0.49651047587394714,0.0009002700680866838
YHR066W,YCR072C,1,8.188342,0.9822834730148315,0.4975074827671051,0.0009002700680866838
YGL078C,YGR220C,1,8.171966,0.9823182821273804,0.49850448966026306,0.0009002700680866838
YGR085C,YOL080C,1,8.161505,0.9823529124259949,0.499501496553421,0.0009002700680866838
YBR142W,YDR312W,1,8.148369,0.9823874831199646,0.5004985332489014,0.0009002700680866838
YNR038W,YHR170W,1,8.143537,0.982421875,0.5014955401420593,0.0009002700680866838
YNL163C,YDR101C,1,8.1391735,0.9824561476707458,0.5024925470352173,0.0009002700680866838
YKL082C,YER002W,1,8.138319,0.9824903011322021,0.5034895539283752,0.0009002700680866838
YCL054W,YPL211W,1,8.135376,0.9825242757797241,0.5044865608215332,0.0009002700680866838
YGR085C,YKL009W,1,8.135302,0.9825581312179565,0.5054835677146912,0.0009002700680866838
YGR085C,YML073C,1,8.1312895,0.9825918674468994,0.5064805746078491,0.0009002700680866838
YLR009W,YOR150W,1,8.125589,0.9826254844665527,0.5074775815010071,0.0009002700680866838
YDR418W,YNL110C,1,8.07305,0.9826589822769165,0.508474588394165,0.0009002700680866838
YCL054W,YML025C,1,8.062143,0.982692301273346,0.509471595287323,0.0009002700680866838
YLL034C,YAL025C,0,8.049259,0.9808061122894287,0.509471595287323,0.0010003000497817993
YLL008W,YPR102C,1,8.046297,0.9808428883552551,0.510468602180481,0.0010003000497817993
YNL163C,YGR085C,1,8.04528,0.980879545211792,0.5114656090736389,0.0010003000497817993
YDR060W,YKL082C,1,8.028834,0.9809160232543945,0.5124626159667969,0.0010003000497817993
YDR312W,YAL025C,1,8.02294,0.9809523820877075,0.5134596228599548,0.0010003000497817993
YDL213C,YCL059C,0,8.02246,0.9790874719619751,0.5134596228599548,0.0011003301478922367
YDR060W,YPL093W,1,7.997369,0.9791271090507507,0.5144566297531128,0.0011003301478922367
YBR142W,YOR150W,1,7.9967046,0.9791666865348816,0.5154536366462708,0.0011003301478922367
YLL008W,YOL127W,1,7.9912357,0.9792060256004333,0.5164506435394287,0.0011003301478922367
YJL122W,YDR418W,1,7.98953,0.9792453050613403,0.5174476504325867,0.0011003301478922367
YGR085C,YHR197W,1,7.982963,0.9792843461036682,0.5184446573257446,0.0011003301478922367
YLL008W,YHR197W,1,7.959156,0.9793233275413513,0.5194416642189026,0.0011003301478922367
YLR129W,YIL133C,0,7.956821,0.9774859547615051,0.5194416642189026,0.0012003601295873523
YPL146C,YHR052W,1,7.951086,0.9775280952453613,0.5204386711120605,0.0012003601295873523
YGR245C,YNL182C,1,7.949137,0.977570116519928,0.5214356780052185,0.0012003601295873523
YFL002C,YJL122W,1,7.941944,0.9776119589805603,0.5224326848983765,0.0012003601295873523
YGR280C,YER165W,0,7.9361258,0.9757914543151855,0.5224326848983765,0.0013003901112824678
YLR009W,YLR022C,1,7.9341106,0.975836455821991,0.5234296917915344,0.0013003901112824678
YPR102C,YDR060W,1,7.924119,0.9758812785148621,0.5244266986846924,0.0013003901112824678
YKR081C,YDR060W,1,7.8934546,0.9759259223937988,0.5254237055778503,0.0013003901112824678
YOL127W,YPL211W,1,7.8923187,0.975970447063446,0.5264207124710083,0.0013003901112824678
YOL144W,YHR052W,1,7.8914037,0.9760147333145142,0.5274177193641663,0.0013003901112824678
YOR272W,YLR221C,1,7.886985,0.9760589599609375,0.5284147262573242,0.0013003901112824678
YPR143W,YLR075W,1,7.8805275,0.9761029481887817,0.529411792755127,0.0013003901112824678
YHR085W,YHR197W,1,7.87541,0.9761468172073364,0.5304087996482849,0.0013003901112824678
YLR106C,YOL077C,1,7.874112,0.976190447807312,0.5314058065414429,0.0013003901112824678
YNR038W,YPL211W,1,7.8625274,0.9762340188026428,0.5324028134346008,0.0013003901112824678
YPR016C,YOL077C,1,7.8577557,0.9762773513793945,0.5333998203277588,0.0013003901112824678
YPL211W,YGR220C,1,7.8461328,0.9763205647468567,0.5343968272209167,0.0013003901112824678
YBL064C,YNL015W,0,7.8249054,0.9745454788208008,0.5343968272209167,0.0014004200929775834
YOR272W,YDR312W,1,7.821562,0.9745916724205017,0.5353938341140747,0.0014004200929775834
YKR060W,YOL120C,0,7.8132167,0.9728260636329651,0.5353938341140747,0.0015004501910880208
YGR103W,YGR220C,1,7.8128157,0.9728752374649048,0.5363908410072327,0.0015004501910880208
YOL127W,YPL093W,1,7.812149,0.9729241728782654,0.5373878479003906,0.0015004501910880208
YHR085W,YDR312W,1,7.8037004,0.9729729890823364,0.5383848547935486,0.0015004501910880208
YOL127W,YDR312W,1,7.803072,0.9730215668678284,0.5393818616867065,0.0015004501910880208
YHR066W,YLR075W,1,7.7886887,0.9730700254440308,0.5403788685798645,0.0015004501910880208
YKL082C,YKL021C,1,7.779092,0.9731183052062988,0.5413758754730225,0.0015004501910880208
YPR102C,YOL080C,1,7.77538,0.9731663465499878,0.5423728823661804,0.0015004501910880208
YKL021C,YPL093W,1,7.7391815,0.9732142686843872,0.5433698892593384,0.0015004501910880208
YNL163C,YGR103W,1,7.736121,0.9732620120048523,0.5443668961524963,0.0015004501910880208
YLR448W,YPL211W,1,7.7353406,0.9733096361160278,0.5453639030456543,0.0015004501910880208
YGL111W,YMR229C,1,7.734369,0.9733570218086243,0.5463609099388123,0.0015004501910880208
YEL054C,YDR312W,1,7.7131596,0.9734042286872864,0.5473579168319702,0.0015004501910880208
YLL008W,YLR106C,1,7.7090945,0.9734513163566589,0.5483549237251282,0.0015004501910880208
YPL143W,YMR229C,0,7.705393,0.971731424331665,0.5483549237251282,0.0016004801727831364
YDL031W,YPL093W,1,7.69675,0.971781313419342,0.5493519306182861,0.0016004801727831364
YGL111W,YDR060W,1,7.688856,0.9718309640884399,0.5503489375114441,0.0016004801727831364
YLR009W,YGR220C,1,7.6841793,0.9718804955482483,0.551345944404602,0.0016004801727831364
YGR245C,YOL127W,1,7.6814756,0.9719298481941223,0.55234295129776,0.0016004801727831364
YGL120C,YML073C,1,7.6738806,0.9719789624214172,0.553339958190918,0.0016004801727831364
YDR091C,YIR012W,1,7.6690044,0.9720279574394226,0.5543369650840759,0.0016004801727831364
YPL131W,YDL031W,1,7.6631145,0.9720767736434937,0.5553339719772339,0.0016004801727831364
YDR101C,YLR075W,1,7.662854,0.9721254110336304,0.5563309788703918,0.0016004801727831364
YOR063W,YGR245C,1,7.650236,0.9721739292144775,0.5573280453681946,0.0016004801727831364
YGR085C,YKL021C,1,7.6413364,0.9722222089767456,0.5583250522613525,0.0016004801727831364
YLR372W,YBR079C,0,7.6336346,0.9705372452735901,0.5583250522613525,0.001700510154478252
YOR150W,YPL211W,1,7.6226063,0.970588207244873,0.5593220591545105,0.001700510154478252
YDR418W,YKR024C,1,7.6144066,0.9706390500068665,0.5603190660476685,0.001700510154478252
YFL002C,YKL021C,1,7.6079865,0.9706896543502808,0.5613160729408264,0.001700510154478252
YCR072C,YLR221C,1,7.6040597,0.9707400798797607,0.5623130798339844,0.001700510154478252
YHR085W,YPL211W,1,7.603634,0.9707903861999512,0.5633100867271423,0.001700510154478252
YNR012W,YJL191W,0,7.6017265,0.9691252112388611,0.5633100867271423,0.0018005401361733675
YLR009W,YNL227C,1,7.59578,0.9691780805587769,0.5643070936203003,0.0018005401361733675
YPL131W,YGR103W,1,7.589884,0.9692307710647583,0.5653041005134583,0.0018005401361733675
YKL009W,YPL146C,1,7.5623713,0.9692832827568054,0.5663011074066162,0.0018005401361733675
YHR066W,YHR197W,1,7.55256,0.9693356156349182,0.5672981142997742,0.0018005401361733675
YNL151C,YDR064W,0,7.54323,0.9676870703697205,0.5672981142997742,0.001900570117868483
YNL182C,YML025C,1,7.534917,0.9677419066429138,0.5682951211929321,0.001900570117868483
YNR038W,YIR012W,1,7.534408,0.9677966237068176,0.5692921280860901,0.001900570117868483
YOR063W,YPL211W,1,7.533199,0.9678511023521423,0.570289134979248,0.001900570117868483
YHR197W,YAL025C,1,7.531245,0.9679054021835327,0.571286141872406,0.001900570117868483
YLR106C,YNL110C,1,7.521313,0.9679595232009888,0.572283148765564,0.001900570117868483
YNR038W,YCR072C,1,7.5196476,0.9680134654045105,0.5732801556587219,0.001900570117868483
YLR221C,YBR267W,1,7.5117636,0.9680672287940979,0.5742771625518799,0.001900570117868483
YLR276C,YPL093W,1,7.5062222,0.968120813369751,0.5752741694450378,0.001900570117868483
YLR448W,YCR072C,1,7.501118,0.9681742191314697,0.5762711763381958,0.001900570117868483
YLR340W,YKL009W,1,7.495576,0.9682274460792542,0.5772681832313538,0.001900570117868483
YHR066W,YPL131W,1,7.4870977,0.9682804942131042,0.5782651901245117,0.001900570117868483
YPR102C,YDL031W,1,7.4855776,0.9683333039283752,0.5792621970176697,0.001900570117868483
YEL054C,YLR340W,1,7.4848137,0.9683859944343567,0.5802592039108276,0.001900570117868483
YBL024W,YMR229C,0,7.479259,0.9667773842811584,0.5802592039108276,0.0020006000995635986
YFL002C,YDR312W,1,7.4553576,0.9668325185775757,0.5812562108039856,0.0020006000995635986
YGL246C,YNL182C,1,7.4422884,0.9668874144554138,0.5822532176971436,0.0020006000995635986
YOR272W,YLR448W,1,7.4235797,0.9669421315193176,0.5832502245903015,0.0020006000995635986
YDR060W,YFR001W,1,7.4228735,0.9669967293739319,0.5842472314834595,0.0020006000995635986
YNL182C,YGR220C,1,7.4129543,0.967051088809967,0.5852442383766174,0.0020006000995635986
YDR418W,YOL080C,1,7.41018,0.9671052694320679,0.5862413048744202,0.0020006000995635986
YGL147C,YMR142C,0,7.4034743,0.9655172228813171,0.5862413048744202,0.002100630197674036
YHR197W,YBR267W,1,7.401067,0.965573787689209,0.5872383117675781,0.002100630197674036
YPL131W,YPL211W,1,7.3973575,0.9656301140785217,0.5882353186607361,0.002100630197674036
YGL111W,YPR102C,1,7.3963113,0.9656862616539001,0.589232325553894,0.002100630197674036
YFL002C,YGR245C,1,7.3951025,0.9657422304153442,0.590229332447052,0.002100630197674036
YCL054W,YNL163C,1,7.392625,0.965798020362854,0.59122633934021,0.002100630197674036
YPL131W,YDR060W,1,7.389064,0.9658536314964294,0.5922233462333679,0.002100630197674036
YLR022C,YHR170W,1,7.384987,0.9659090638160706,0.5932203531265259,0.002100630197674036
YLR340W,YDR312W,1,7.3747354,0.9659643173217773,0.5942173600196838,0.002100630197674036
YLR022C,YDR060W,1,7.3693614,0.9660193920135498,0.5952143669128418,0.002100630197674036
YPR102C,YML073C,1,7.3690624,0.9660742878913879,0.5962113738059998,0.002100630197674036
YFL002C,YHR085W,1,7.3619757,0.9661290049552917,0.5972083806991577,0.002100630197674036
YDR418W,YLR221C,1,7.3588643,0.966183602809906,0.5982053875923157,0.002100630197674036
YHR197W,YKR024C,1,7.357692,0.9662379622459412,0.5992023944854736,0.002100630197674036
YOR150W,YFR001W,1,7.3517427,0.966292142868042,0.6001994013786316,0.002100630197674036
YPR143W,YDL031W,1,7.3455734,0.9663461446762085,0.6011964082717896,0.002100630197674036
YML025C,YOL077C,1,7.3368216,0.9664000272750854,0.6021934151649475,0.002100630197674036
YFL002C,YIR012W,1,7.3354754,0.9664536714553833,0.6031904220581055,0.002100630197674036
YIR012W,YPR143W,1,7.3299875,0.9665071964263916,0.6041874289512634,0.002100630197674036
YIR012W,YOR150W,1,7.298991,0.9665604829788208,0.6051844358444214,0.002100630197674036
YLR340W,YGR103W,1,7.294739,0.9666136503219604,0.6061814427375793,0.002100630197674036
YNR054C,YNL186W,0,7.279562,0.9650793671607971,0.6061814427375793,0.0022006602957844734
YPR102C,YPL211W,1,7.252932,0.9651346802711487,0.6071784496307373,0.0022006602957844734
YLR197W,YGR034W,0,7.2509165,0.9636076092720032,0.6071784496307373,0.002300690161064267
YFL002C,YPL093W,1,7.2466693,0.9636650681495667,0.6081754565238953,0.002300690161064267
YPR102C,YHR170W,1,7.246519,0.9637224078178406,0.6091724634170532,0.002300690161064267
YGR214W,YGR081C,0,7.2403326,0.9622046947479248,0.6091724634170532,0.0024007202591747046
YPL131W,YBR267W,1,7.2354126,0.9622641801834106,0.6101694703102112,0.0024007202591747046
YDL031W,YKR024C,1,7.23334,0.9623233675956726,0.6111664772033691,0.0024007202591747046
YLR448W,YLR221C,1,7.230311,0.962382435798645,0.6121634840965271,0.0024007202591747046
YLR075W,YNL110C,1,7.2237043,0.9624413251876831,0.6131604909896851,0.0024007202591747046
YPR143W,YKR024C,1,7.213282,0.9624999761581421,0.614157497882843,0.0024007202591747046
YKL009W,YGR220C,1,7.2127256,0.9625585079193115,0.6151545643806458,0.0024007202591747046
YGR245C,YPL146C,1,7.208211,0.9626168012619019,0.6161515712738037,0.0024007202591747046
YMR250W,YML054C,0,7.2014413,0.9611197710037231,0.6161515712738037,0.0025007501244544983
YER074W,YLR340W,0,7.2002053,0.9596273303031921,0.6161515712738037,0.0026007802225649357
YMR229C,YKR024C,1,7.184343,0.9596899151802063,0.6171485781669617,0.0026007802225649357
YDR418W,YPL093W,1,7.1782217,0.9597523212432861,0.6181455850601196,0.0026007802225649357
YLR221C,YKR024C,1,7.1721573,0.9598145484924316,0.6191425919532776,0.0026007802225649357
YKL009W,YHR197W,1,7.1647587,0.959876537322998,0.6201395988464355,0.0026007802225649357
YLR075W,YBR267W,1,7.1643906,0.9599383473396301,0.6211366057395935,0.0026007802225649357
YDR060W,YPL146C,1,7.154148,0.9599999785423279,0.6221336126327515,0.0026007802225649357
YML025C,YAL025C,1,7.1528416,0.9600614309310913,0.6231306195259094,0.0026007802225649357
YKL021C,YER002W,1,7.145714,0.9601227045059204,0.6241276264190674,0.0026007802225649357
YGR103W,YKR024C,1,7.1446137,0.9601837396621704,0.6251246333122253,0.0026007802225649357
YGR103W,YPL093W,1,7.13772,0.9602446556091309,0.6261216402053833,0.0026007802225649357
YMR229C,YDR418W,1,7.1179113,0.9603053331375122,0.6271186470985413,0.0026007802225649357
YML025C,YPL093W,1,7.117112,0.9603658318519592,0.6281156539916992,0.0026007802225649357
YLR022C,YDR418W,1,7.107994,0.9604261517524719,0.6291126608848572,0.0026007802225649357
YGR085C,YHR085W,1,7.104251,0.9604862928390503,0.6301096677780151,0.0026007802225649357
YLR022C,YNL002C,1,7.097145,0.9605462551116943,0.6311066746711731,0.0026007802225649357
YOR272W,YFL002C,1,7.0720453,0.960606038570404,0.632103681564331,0.0026007802225649357
YPR187W,YBL039C,0,7.0400944,0.9591528177261353,0.632103681564331,0.002700810320675373
YNR038W,YDR101C,1,7.0383053,0.9592145085334778,0.633100688457489,0.002700810320675373
YOL144W,YBR267W,1,7.021908,0.959276020526886,0.634097695350647,0.002700810320675373
YKR081C,YOR150W,1,7.0211945,0.9593373537063599,0.6350947022438049,0.002700810320675373
YLR022C,YBR267W,1,7.013423,0.9593985080718994,0.6360917091369629,0.002700810320675373
YLR106C,YKL009W,1,7.0057273,0.9594594836235046,0.6370887160301208,0.002700810320675373
YPL131W,YNL163C,1,6.983146,0.9595202207565308,0.6380857229232788,0.002700810320675373
YOR150W,YAL025C,1,6.979147,0.9595808386802673,0.6390827298164368,0.002700810320675373
YOL144W,YNL110C,1,6.976624,0.9596412777900696,0.6400797367095947,0.002700810320675373
YNR038W,YPL146C,1,6.9684534,0.9597014784812927,0.6410767436027527,0.002700810320675373
YPR016C,YDR101C,1,6.966899,0.9597615599632263,0.6420737504959106,0.002700810320675373
YER126C,YML025C,1,6.943551,0.9598214030265808,0.6430708169937134,0.002700810320675373
YLR022C,YHR052W,1,6.942253,0.9598811268806458,0.6440678238868713,0.002700810320675373
YHR170W,YLR075W,1,6.937149,0.9599406719207764,0.6450648307800293,0.002700810320675373
YEL054C,YNL163C,1,6.9147005,0.9599999785423279,0.6460618376731873,0.002700810320675373
YGL111W,YLR022C,1,6.913617,0.9600591659545898,0.6470588445663452,0.002700810320675373
YML073C,YLR340W,1,6.8959074,0.9601181745529175,0.6480558514595032,0.002700810320675373
YLR340W,YML073C,1,6.8959074,0.9601770043373108,0.6490528583526611,0.002700810320675373
YKL021C,YDR312W,1,6.8931713,0.9602356553077698,0.6500498652458191,0.002700810320675373
YPL131W,YMR229C,1,6.885827,0.9602941274642944,0.651046872138977,0.002700810320675373
YML025C,YNL110C,1,6.8801756,0.9603524208068848,0.652043879032135,0.002700810320675373
YLR106C,YGR103W,1,6.8792725,0.9604105353355408,0.653040885925293,0.002700810320675373
YIR012W,YGR085C,1,6.8781567,0.9604685306549072,0.6540378928184509,0.002700810320675373
YOL144W,YKR081C,1,6.875365,0.9605262875556946,0.6550348997116089,0.002700810320675373
YLR340W,YHR085W,1,6.874201,0.9605839252471924,0.6560319066047668,0.002700810320675373
YGR085C,YOL127W,1,6.8707476,0.9606413841247559,0.6570289134979248,0.002700810320675373
YNL175C,YNL252C,0,6.835844,0.9592430591583252,0.6570289134979248,0.002800840185955167
YLR448W,YDR312W,1,6.83041,0.9593023061752319,0.6580259203910828,0.002800840185955167
YHR197W,YDR312W,1,6.817404,0.9593613743782043,0.6590229272842407,0.002800840185955167
YOR272W,YPR102C,1,6.8069406,0.9594202637672424,0.6600199341773987,0.002800840185955167
YJR077C,YKL082C,0,6.779028,0.9580318331718445,0.6600199341773987,0.002900870284065604
YOL144W,YHR170W,1,6.774964,0.9580925107002258,0.6610169410705566,0.002900870284065604
YFL002C,YGL120C,1,6.7646074,0.9581529498100281,0.6620139479637146,0.002900870284065604
YLR106C,YKL021C,1,6.764432,0.9582132697105408,0.6630109548568726,0.002900870284065604
YDR091C,YPL146C,1,6.710773,0.9582734107971191,0.6640079617500305,0.002900870284065604
YPL266W,YPL090C,0,6.7087584,0.9568965435028076,0.6640079617500305,0.0030009003821760416
YPR016C,YPL093W,1,6.701576,0.9569584131240845,0.6650049686431885,0.0030009003821760416
YNL227C,YOR310C,0,6.6838713,0.9555873870849609,0.6650049686431885,0.0031009302474558353
YFL002C,YOL127W,1,6.6760235,0.9556509256362915,0.6660019755363464,0.0031009302474558353
YPL211W,YKL021C,1,6.671647,0.9557142853736877,0.6669989824295044,0.0031009302474558353
YNL163C,YDL031W,1,6.6585693,0.9557774662971497,0.6679959893226624,0.0031009302474558353
YLR221C,YKL078W,0,6.658549,0.9544159770011902,0.6679959893226624,0.0032009603455662727
YLR106C,YDR418W,1,6.637636,0.954480767250061,0.6689929962158203,0.0032009603455662727
YPL131W,YML073C,1,6.631345,0.9545454382896423,0.6699900031089783,0.0032009603455662727
YOR063W,YBR267W,1,6.6251297,0.9546099305152893,0.6709870100021362,0.0032009603455662727
YDR091C,YKL082C,1,6.621011,0.954674243927002,0.671984076499939,0.0032009603455662727
YKR081C,YGR220C,1,6.619381,0.9547383189201355,0.6729810833930969,0.0032009603455662727
YLR075W,YLR221C,1,6.61273,0.9548022747039795,0.6739780902862549,0.0032009603455662727
YOL120C,YOR095C,0,6.611895,0.9534555673599243,0.6739780902862549,0.0033009902108460665
YNR038W,YMR229C,1,6.6076374,0.9535211324691772,0.6749750971794128,0.0033009902108460665
YOL144W,YLR009W,1,6.6057725,0.9535865187644958,0.6759721040725708,0.0033009902108460665
YPL131W,YPL093W,1,6.604529,0.9536516666412354,0.6769691109657288,0.0033009902108460665
YDR116C,YOR294W,0,6.5945415,0.9523141384124756,0.6769691109657288,0.003401020308956504
YHL001W,YPL143W,0,6.574132,0.9509803652763367,0.6769691109657288,0.0035010504070669413
YCR046C,YKL009W,0,6.563201,0.9496503472328186,0.6769691109657288,0.003601080272346735
YPL146C,YDL031W,1,6.550812,0.9497206807136536,0.6779661178588867,0.003601080272346735
YNR038W,YGL111W,1,6.5506115,0.9497907757759094,0.6789631247520447,0.003601080272346735
YDR465C,YPR043W,0,6.548861,0.9484679698944092,0.6789631247520447,0.0037011103704571724
YPL211W,YHR197W,1,6.537751,0.9485396146774292,0.6799601316452026,0.0037011103704571724
YOR063W,YER002W,1,6.5363846,0.9486111402511597,0.6809571385383606,0.0037011103704571724
YDL136W,YLL008W,0,6.5238686,0.9472954273223877,0.6809571385383606,0.003801140235736966
YFL002C,YPL211W,1,6.5221815,0.9473684430122375,0.6819541454315186,0.003801140235736966
YPR143W,YBR267W,1,6.518465,0.9474412202835083,0.6829511523246765,0.003801140235736966
YNR038W,YGL078C,1,6.508116,0.9475138187408447,0.6839481592178345,0.003801140235736966
YHR196W,YER002W,0,6.5056105,0.9462068676948547,0.6839481592178345,0.0039011703338474035
YPL131W,YDR418W,1,6.486346,0.9462810158729553,0.6849451661109924,0.0039011703338474035
YCR072C,YNL227C,1,6.4714875,0.946354866027832,0.6859421730041504,0.0039011703338474035
YLR022C,YNL182C,1,6.465273,0.9464285969734192,0.6869391798973083,0.0039011703338474035
YML073C,YDR418W,1,6.462431,0.9465020298957825,0.6879361867904663,0.0039011703338474035
YPR102C,YHR085W,1,6.4594345,0.9465753436088562,0.6889331936836243,0.0039011703338474035
YML073C,YPL093W,1,6.422214,0.9466484189033508,0.6899302005767822,0.0039011703338474035
YHR066W,YPR143W,1,6.406747,0.9467213153839111,0.6909272074699402,0.0039011703338474035
YOR063W,YHR085W,1,6.4059477,0.9467939734458923,0.6919242143630981,0.0039011703338474035
YLR106C,YAL025C,1,6.3905168,0.946866512298584,0.6929212212562561,0.0039011703338474035
YAL003W,YDL060W,0,6.388829,0.9455782175064087,0.6929212212562561,0.004001200199127197
YGR008C,YML054C,0,6.387211,0.9442934989929199,0.6929212212562561,0.004101230297237635
YOL127W,YKR024C,1,6.3649883,0.9443690776824951,0.6939182281494141,0.004101230297237635
YGL120C,YOR063W,1,6.3643494,0.9444444179534912,0.694915235042572,0.004101230297237635
YKL014C,YDR101C,1,6.361086,0.9445196390151978,0.69591224193573,0.004101230297237635
YLR106C,YPL211W,1,6.355753,0.9445946216583252,0.6969092488288879,0.004101230297237635
YDR060W,YKL021C,1,6.350665,0.9446693658828735,0.6979062557220459,0.004101230297237635
YGL120C,YDR418W,1,6.3415403,0.9447439312934875,0.6989032626152039,0.004101230297237635
YFL002C,YDL031W,1,6.334749,0.9448183178901672,0.6999002695083618,0.004101230297237635
YOL144W,YMR229C,1,6.3342466,0.9448924660682678,0.7008973360061646,0.004101230297237635
YHR203C,YBR048W,0,6.3300486,0.9436241388320923,0.7008973360061646,0.004201260395348072
YNL163C,YKL021C,1,6.32952,0.9436997175216675,0.7018943428993225,0.004201260395348072
YOL127W,YHR197W,1,6.321982,0.9437751173973083,0.7028913497924805,0.004201260395348072
YEL054C,YIR012W,1,6.3211193,0.9438502788543701,0.7038883566856384,0.004201260395348072
YDR091C,YBR142W,1,6.295697,0.9439252614974976,0.7048853635787964,0.004201260395348072
YDR101C,YML043C,0,6.249462,0.9426666498184204,0.7048853635787964,0.0043012904934585094
YOL127W,YKL021C,1,6.2403703,0.9427430033683777,0.7058823704719543,0.0043012904934585094
YKL014C,YAL025C,1,6.2388735,0.9428191781044006,0.7068793773651123,0.0043012904934585094
YML073C,YDR312W,1,6.2244616,0.9428951144218445,0.7078763842582703,0.0043012904934585094
YOL144W,YKL021C,1,6.2193627,0.9429708123207092,0.7088733911514282,0.0043012904934585094
YLR048W,YPR144C,0,6.217293,0.9417218565940857,0.7088733911514282,0.004401320591568947
YLR340W,YPL093W,1,6.215582,0.9417989253997803,0.7098703980445862,0.004401320591568947
YDR237W,YJL122W,0,6.212513,0.9405547976493835,0.7098703980445862,0.004501350224018097
YML073C,YKL009W,1,6.20062,0.940633237361908,0.7108674049377441,0.004501350224018097
YFL002C,YBR267W,1,6.200021,0.9407114386558533,0.7118644118309021,0.004501350224018097
YHR052W,YGR220C,1,6.1915817,0.9407894611358643,0.7128614187240601,0.004501350224018097
YOL144W,YGR103W,1,6.1895905,0.9408673048019409,0.713858425617218,0.004501350224018097
YDL031W,YGR220C,1,6.182452,0.9409449100494385,0.714855432510376,0.004501350224018097
YNL163C,YGL120C,1,6.1764793,0.9410222768783569,0.7158524394035339,0.004501350224018097
YKL014C,YOL077C,1,6.1661673,0.9410994648933411,0.7168494462966919,0.004501350224018097
YEL054C,YHR085W,1,6.164376,0.9411764740943909,0.7178464531898499,0.004501350224018097
YLR022C,YBR142W,1,6.164252,0.9412532448768616,0.7188434600830078,0.004501350224018097
YKL014C,YKL082C,1,6.149045,0.941329836845398,0.7198404669761658,0.004501350224018097
YIR012W,YLR106C,1,6.122922,0.94140625,0.7208374738693237,0.004501350224018097
YGL111W,YDR091C,1,6.1184835,0.941482424736023,0.7218344807624817,0.004501350224018097
YGL111W,YML025C,1,6.0783997,0.9415584206581116,0.7228314876556396,0.004501350224018097
YGR245C,YLR022C,1,6.0637903,0.9416342377662659,0.7238284945487976,0.004501350224018097
YHR066W,YNL227C,1,6.0593667,0.9417098164558411,0.7248255014419556,0.004501350224018097
YNL163C,YLL008W,1,6.056876,0.9417852759361267,0.7258225083351135,0.004501350224018097
YHR170W,YNL227C,1,6.0456963,0.9418604373931885,0.7268195152282715,0.004501350224018097
YOL144W,YDR101C,1,6.037653,0.9419354796409607,0.7278165221214294,0.004501350224018097
YNL061W,YLR172C,0,6.0362983,0.9407216310501099,0.7278165221214294,0.004601380322128534
YNL227C,YFR001W,1,6.028395,0.9407979249954224,0.7288135886192322,0.004601380322128534
YDR012W,YKR024C,0,6.022337,0.9395886659622192,0.7288135886192322,0.004701410420238972
YLR406C,YJL122W,0,6.0126133,0.9383825659751892,0.7288135886192322,0.004801440518349409
YDR091C,YLL008W,1,6.006313,0.9384615421295166,0.7298105955123901,0.004801440518349409
YGL120C,YML025C,1,5.9957776,0.9385403394699097,0.7308076024055481,0.004801440518349409
YNL248C,YJL189W,0,5.9663258,0.9373401403427124,0.7308076024055481,0.0049014706164598465
YNL227C,YMR229C,1,5.9626503,0.9374201893806458,0.731804609298706,0.0049014706164598465
YOL127W,YHR085W,1,5.9423666,0.9375,0.732801616191864,0.0049014706164598465
YBR079C,YOR096W,0,5.9404497,0.9363057613372803,0.732801616191864,0.005001500248908997
YIR012W,YML025C,1,5.90791,0.93638676404953,0.733798623085022,0.005001500248908997
YLR221C,YGR220C,1,5.9058886,0.9364675879478455,0.7347956299781799,0.005001500248908997
YML024W,YJL122W,0,5.8953285,0.9352791905403137,0.7347956299781799,0.005101530347019434
YPR016C,YOL127W,1,5.891339,0.9353612065315247,0.7357926368713379,0.005101530347019434
YNL227C,YOL080C,1,5.889045,0.9354430437088013,0.7367896437644958,0.005101530347019434
YEL054C,YKL021C,1,5.887874,0.9355246424674988,0.7377866506576538,0.005101530347019434
YBR142W,YDR060W,1,5.8823256,0.935606062412262,0.7387836575508118,0.005101530347019434
YOR272W,YOL144W,1,5.8788357,0.935687243938446,0.7397806644439697,0.005101530347019434
YBR142W,YLR075W,1,5.8769636,0.9357682466506958,0.7407776713371277,0.005101530347019434
YER002W,YGR220C,1,5.8636837,0.9358490705490112,0.7417746782302856,0.005101530347019434
YNL002C,YHR197W,1,5.8624573,0.9359296560287476,0.7427716851234436,0.005101530347019434
YOR098C,YGR090W,0,5.8522706,0.9347553253173828,0.7427716851234436,0.005201560445129871
YPR016C,YPL146C,1,5.849215,0.9348371028900146,0.7437686920166016,0.005201560445129871
YOL144W,YIR012W,1,5.8369217,0.9349186420440674,0.7447656989097595,0.005201560445129871
YPR143W,YHR170W,1,5.815524,0.9350000023841858,0.7457627058029175,0.005201560445129871
YHR197W,YPL146C,1,5.815236,0.9350811243057251,0.7467597126960754,0.005201560445129871
YHR088W,YGR220C,1,5.811615,0.9351620674133301,0.7477567195892334,0.005201560445129871
YFR001W,YGR220C,1,5.806221,0.9352428317070007,0.7487537264823914,0.005201560445129871
YNR038W,YGR103W,1,5.8045707,0.9353233575820923,0.7497507333755493,0.005201560445129871
YEL054C,YER002W,1,5.783447,0.9354037046432495,0.7507477402687073,0.005201560445129871
YER056C-A,YJL189W,0,5.768956,0.9342432022094727,0.7507477402687073,0.005301590543240309
YHR197W,YGR103W,1,5.7646084,0.9343246817588806,0.7517447471618652,0.005301590543240309
YPR016C,YBR142W,1,5.7552032,0.9344059228897095,0.7527417540550232,0.005301590543240309
YNR038W,YLL008W,1,5.74863,0.9344870448112488,0.7537387609481812,0.005301590543240309
YOR150W,YDR060W,1,5.748263,0.934567928314209,0.7547357678413391,0.005301590543240309
YLR221C,YML025C,1,5.7432294,0.9346485733985901,0.7557327747344971,0.005301590543240309
YPR016C,YGR085C,1,5.7331085,0.9347290396690369,0.756729781627655,0.005301590543240309
YER126C,YGL246C,1,5.727151,0.9348093271255493,0.7577268481254578,0.005301590543240309
YLR448W,YKL021C,1,5.7238297,0.9348894357681274,0.7587238550186157,0.005301590543240309
YFL002C,YOR063W,1,5.695068,0.9349693059921265,0.7597208619117737,0.005301590543240309
YPR187W,YGR145W,0,5.6934624,0.9338235259056091,0.7597208619117737,0.005401620641350746
YLR448W,YHR085W,1,5.683363,0.9339045286178589,0.7607178688049316,0.005401620641350746
YIR012W,YML073C,1,5.6828847,0.9339853525161743,0.7617148756980896,0.005401620641350746
YOL039W,YKR056W,0,5.6649446,0.9328449368476868,0.7617148756980896,0.005501650273799896
YPR016C,YKL009W,1,5.6643825,0.9329268336296082,0.7627118825912476,0.005501650273799896
YPL131W,YHR197W,1,5.633935,0.9330085515975952,0.7637088894844055,0.005501650273799896
YLR022C,YFR001W,1,5.6270514,0.9330900311470032,0.7647058963775635,0.005501650273799896
YBL054W,YDL082W,0,5.6136694,0.9319562315940857,0.7647058963775635,0.005601680371910334
YML073C,YHR085W,1,5.6007643,0.9320388436317444,0.7657029032707214,0.005601680371910334
YLR075W,YPL093W,1,5.5984898,0.932121217250824,0.7666999101638794,0.005601680371910334
YLR022C,YKL009W,1,5.591319,0.9322034120559692,0.7676969170570374,0.005601680371910334
YPR016C,YML073C,1,5.5893564,0.9322853684425354,0.7686939239501953,0.005601680371910334
YDR091C,YJL122W,1,5.559287,0.9323671460151672,0.7696909308433533,0.005601680371910334
YLR340W,YER002W,1,5.5580645,0.9324487447738647,0.7706879377365112,0.005601680371910334
YNL163C,YHR085W,1,5.5512786,0.9325301051139832,0.7716849446296692,0.005601680371910334
YKL014C,YKL009W,1,5.533869,0.9326112866401672,0.7726819515228271,0.005601680371910334
YOL144W,YPL146C,1,5.5064096,0.932692289352417,0.7736789584159851,0.005601680371910334
YOR063W,YKL021C,1,5.5040655,0.9327731132507324,0.7746759653091431,0.005601680371910334
YOR272W,YLR075W,1,5.4887056,0.9328536987304688,0.775672972202301,0.005601680371910334
YNR038W,YFR001W,1,5.4789267,0.9329341053962708,0.776669979095459,0.005601680371910334
YFL002C,YGR085C,1,5.4646406,0.9330143332481384,0.7776669859886169,0.005601680371910334
YDR060W,YLR221C,1,5.4644017,0.9330943822860718,0.7786639928817749,0.005601680371910334
YOL097C,YDL061C,0,5.4590397,0.9319809079170227,0.7786639928817749,0.005701710470020771
YNR038W,YKR081C,1,5.4386177,0.9320619702339172,0.7796609997749329,0.005701710470020771
YLR448W,YOR168W,0,5.43783,0.9309523701667786,0.7796609997749329,0.005801740568131208
YLR022C,YHR089C,0,5.434472,0.92984539270401,0.7796609997749329,0.005901770666241646
YOR206W,YDR447C,0,5.4309864,0.9287410974502563,0.7796609997749329,0.006001800764352083
YLR221C,YDR312W,1,5.4256945,0.9288256168365479,0.7806580066680908,0.006001800764352083
YLR448W,YML025C,1,5.414015,0.928909957408905,0.7816550135612488,0.006001800764352083
YOR063W,YGR220C,1,5.411562,0.9289940595626831,0.7826520204544067,0.006001800764352083
YJL011C,YDR382W,0,5.40357,0.9278959631919861,0.7826520204544067,0.006101830396801233
YLR075W,YER002W,1,5.3924847,0.9279811382293701,0.7836490273475647,0.006101830396801233
YHR066W,YGL246C,1,5.386069,0.9280660152435303,0.7846460342407227,0.006101830396801233
YIR012W,YLR340W,1,5.3852644,0.9281507730484009,0.7856430411338806,0.006101830396801233
YNR038W,YGL120C,1,5.3849487,0.9282352924346924,0.7866401076316833,0.006101830396801233
YOR369C,YNL256W,0,5.3782005,0.9271445274353027,0.7866401076316833,0.006201860494911671
YIR012W,YOL127W,1,5.3773575,0.9272300601005554,0.7876371145248413,0.006201860494911671
YLR106C,YPL146C,1,5.375151,0.927315354347229,0.7886341214179993,0.006201860494911671
YFL002C,YDR418W,1,5.3719244,0.9274004697799683,0.7896311283111572,0.006201860494911671
YKL014C,YHR052W,1,5.3651605,0.9274854063987732,0.7906281352043152,0.006201860494911671
YOL144W,YOL080C,1,5.360676,0.927570104598999,0.7916251420974731,0.006201860494911671
YPR016C,YHR170W,1,5.3522954,0.9276546239852905,0.7926221489906311,0.006201860494911671
YHR197W,YPL093W,1,5.3409195,0.9277389049530029,0.7936191558837891,0.006201860494911671
YKL014C,YHR170W,1,5.3257236,0.9278230667114258,0.794616162776947,0.006201860494911671
YNR038W,YPL093W,1,5.31837,0.9279069900512695,0.795613169670105,0.006201860494911671
YPR143W,YPL093W,1,5.3162436,0.927990734577179,0.7966101765632629,0.006201860494911671
YHR066W,YDR312W,1,5.29355,0.9280742406845093,0.7976071834564209,0.006201860494911671
YKL009W,YNL227C,1,5.272373,0.9281575679779053,0.7986041903495789,0.006201860494911671
YLR340W,YOL127W,1,5.2687197,0.9282407164573669,0.7996011972427368,0.006201860494911671
YPR016C,YER002W,1,5.2525826,0.9283236861228943,0.8005982041358948,0.006201860494911671
YML026C,YER002W,0,5.2515755,0.9272517561912537,0.8005982041358948,0.006301890593022108
YNL227C,YER002W,1,5.243681,0.9273356199264526,0.8015952110290527,0.006301890593022108
YGL246C,YBR267W,1,5.2424464,0.9274193644523621,0.8025922179222107,0.006301890593022108
YLR448W,YDR091C,1,5.2335987,0.9275028705596924,0.8035892248153687,0.006301890593022108
YLR106C,YOL080C,1,5.224901,0.9275861978530884,0.8045862317085266,0.006301890593022108
YOL144W,YGR245C,1,5.2223926,0.92766934633255,0.8055832386016846,0.006301890593022108
YDL204W,YGR052W,0,5.2123203,0.9266055226325989,0.8055832386016846,0.0064019206911325455
YOL120C,YDR120C,0,5.2067003,0.9255440831184387,0.8055832386016846,0.006501950789242983
YML025C,YDL031W,1,5.183707,0.9256293177604675,0.8065802454948425,0.006501950789242983
YPR016C,YLR221C,1,5.177904,0.9257143139839172,0.8075772523880005,0.006501950789242983
YDR418W,YHR197W,1,5.1747546,0.9257990717887878,0.8085742592811584,0.006501950789242983
YDR091C,YKR024C,1,5.169551,0.9258837103843689,0.8095712661743164,0.006501950789242983
YNL175C,YNL149C,0,5.154563,0.9248291850090027,0.8095712661743164,0.006601980421692133
YKL014C,YPL131W,1,5.1534863,0.9249146580696106,0.8105682730674744,0.006601980421692133
YBR048W,YLR003C,0,5.1531296,0.9238636493682861,0.8105682730674744,0.00670201051980257
YDR091C,YGL078C,1,5.144422,0.9239500761032104,0.8115652799606323,0.00670201051980257
YOL144W,YER002W,1,5.1431346,0.9240362644195557,0.8125622868537903,0.00670201051980257
YOL125W,YNL256W,0,5.1409597,0.9229897856712341,0.8125622868537903,0.006802040617913008
YDR091C,YPL093W,1,5.140705,0.9230769276618958,0.8135592937469482,0.006802040617913008
YPR080W,YGR145W,0,5.140541,0.9220339059829712,0.8135592937469482,0.006902070716023445
YLR022C,YPL093W,1,5.1261907,0.9221218824386597,0.814556360244751,0.006902070716023445
YEL040W,YPR118W,0,5.1255608,0.9210823178291321,0.814556360244751,0.0070021008141338825
YPR016C,YHR085W,1,5.119479,0.9211711883544922,0.8155533671379089,0.0070021008141338825
YCL054W,YNL227C,1,5.1053443,0.9212598204612732,0.8165503740310669,0.0070021008141338825
YPL211W,YLR221C,1,5.101519,0.9213483333587646,0.8175473809242249,0.0070021008141338825
YPL131W,YLR106C,1,5.0869246,0.921436607837677,0.8185443878173828,0.0070021008141338825
YNL075W,YNR001C,0,5.039491,0.9204035997390747,0.8185443878173828,0.007102130446583033
YOL144W,YBR142W,1,5.031783,0.9204927086830139,0.8195413947105408,0.007102130446583033
YFL002C,YDR060W,1,5.0311136,0.9205816388130188,0.8205384016036987,0.007102130446583033
YNL227C,YLR221C,1,5.0224433,0.9206703901290894,0.8215354084968567,0.007102130446583033
YPL093W,YKR057W,0,5.003458,0.9196428656578064,0.8215354084968567,0.00720216054469347
YFL002C,YBR142W,1,4.999969,0.9197324514389038,0.8225324153900146,0.00720216054469347
YNL163C,YMR229C,1,4.98281,0.9198217988014221,0.8235294222831726,0.00720216054469347
YGL111W,YNL227C,1,4.976487,0.9199110269546509,0.8245264291763306,0.00720216054469347
YKL093W,YBL028C,0,4.966181,0.9188888669013977,0.8245264291763306,0.007302190642803907
YKL014C,YPL093W,1,4.963852,0.9189789295196533,0.8255234360694885,0.007302190642803907
YFL002C,YLR075W,1,4.932765,0.9190687537193298,0.8265204429626465,0.007302190642803907
YOR063W,YLR022C,1,4.9318542,0.9191583395004272,0.8275174498558044,0.007302190642803907
YPR016C,YHR052W,1,4.9215183,0.9192478060722351,0.8285144567489624,0.007302190642803907
YLR022C,YER002W,1,4.9191074,0.9193370342254639,0.8295114636421204,0.007302190642803907
YDR091C,YDR060W,1,4.9188843,0.9194260239601135,0.8305084705352783,0.007302190642803907
YPL131W,YLR022C,1,4.9169273,0.9195148944854736,0.8315054774284363,0.007302190642803907
YDR060W,YDR312W,1,4.9163446,0.9196035265922546,0.8325024843215942,0.007302190642803907
YHR066W,YOL144W,1,4.9022827,0.9196919798851013,0.8334994912147522,0.007302190642803907
YBR084W,YPR043W,0,4.872362,0.9186813235282898,0.8334994912147522,0.007402220740914345
YLR022C,YBR079C,0,4.85742,0.917672872543335,0.8334994912147522,0.007502250839024782
YMR123W,YGR145W,0,4.8559103,0.9166666865348816,0.8334994912147522,0.007602280471473932
YBR155W,YNL162W,0,4.8536057,0.9156626462936401,0.8334994912147522,0.00770231056958437
YPR016C,YKL082C,1,4.8486934,0.9157549142837524,0.8344964981079102,0.00770231056958437
YOL144W,YDR060W,1,4.8473926,0.9158470034599304,0.8354935050010681,0.00770231056958437
YNR038W,YBR142W,1,4.844511,0.9159388542175293,0.8364905118942261,0.00770231056958437
YPR016C,YOL080C,1,4.8363237,0.9160305261611938,0.837487518787384,0.00770231056958437
YHR203C,YDL208W,0,4.835266,0.915032684803009,0.837487518787384,0.007802340667694807
YNR038W,YGR085C,1,4.825239,0.9151251316070557,0.838484525680542,0.007802340667694807
YPR016C,YPR102C,1,4.825217,0.915217399597168,0.8394815325737,0.007802340667694807
YDR060W,YER002W,1,4.821099,0.9153094291687012,0.8404785394668579,0.007802340667694807
YOL144W,YDL031W,1,4.815106,0.9154012799263,0.8414755463600159,0.007802340667694807
YNR038W,YDR312W,1,4.814658,0.9154929518699646,0.8424725532531738,0.007802340667694807
YJL109C,YOR167C,0,4.805064,0.9145021438598633,0.8424725532531738,0.007902370765805244
YNR038W,YHR052W,1,4.798767,0.9145945906639099,0.8434696197509766,0.007902370765805244
YKL014C,YIR012W,1,4.7973433,0.9146867990493774,0.8444666266441345,0.007902370765805244
YLR009W,YGL246C,1,4.791048,0.9147788286209106,0.8454636335372925,0.007902370765805244
YEL054C,YNL227C,1,4.7809234,0.9148706793785095,0.8464606404304504,0.007902370765805244
YLR340W,YKL021C,1,4.7642703,0.9149623513221741,0.8474576473236084,0.007902370765805244
YDR060W,YML025C,1,4.7630644,0.9150537848472595,0.8484546542167664,0.007902370765805244
YHR066W,YNL163C,1,4.7511578,0.9151449799537659,0.8494516611099243,0.007902370765805244
YNL163C,YOR150W,1,4.750095,0.9152360558509827,0.8504486680030823,0.007902370765805244
YNL302C,YDR449C,0,4.7429476,0.9142550826072693,0.8504486680030823,0.008002400398254395
YOL144W,YLR022C,1,4.7414794,0.9143468737602234,0.8514456748962402,0.008002400398254395
YDR115W,YKR081C,0,4.7401447,0.9133689999580383,0.8514456748962402,0.00810243096202612
YGL111W,YOL144W,1,4.7358,0.9134615659713745,0.8524426817893982,0.00810243096202612
YGR085C,YML025C,1,4.7155075,0.9135538935661316,0.8534396886825562,0.00810243096202612
YGR220C,YPL093W,1,4.707811,0.9136460423469543,0.8544366955757141,0.00810243096202612
YFL002C,YLR448W,1,4.7018166,0.9137380123138428,0.8554337024688721,0.00810243096202612
YEL054C,YNR038W,1,4.689622,0.9138298034667969,0.85643070936203,0.00810243096202612
YML025C,YKR024C,1,4.6686,0.9139213562011719,0.857427716255188,0.00810243096202612
YLR340W,YFL002C,1,4.659605,0.9140127301216125,0.858424723148346,0.00810243096202612
YPR102C,YKL021C,1,4.6566057,0.9141039252281189,0.8594217300415039,0.00810243096202612
YPL131W,YFL002C,1,4.641247,0.9141949415206909,0.8604187369346619,0.00810243096202612
YHR019C,YDR064W,0,4.640806,0.9132274985313416,0.8604187369346619,0.00820246059447527
YKL014C,YGR085C,1,4.622074,0.9133192300796509,0.8614157438278198,0.00820246059447527
YPR080W,YMR014W,0,4.619569,0.9123548269271851,0.8614157438278198,0.008302491158246994
YNR038W,YDR091C,1,4.611797,0.9124472737312317,0.8624127507209778,0.008302491158246994
YKL082C,YHL004W,0,4.610268,0.9114857912063599,0.8624127507209778,0.008402520790696144
YGL246C,YNL002C,1,4.5797386,0.9115789532661438,0.8634097576141357,0.008402520790696144
YMR143W,YML025C,0,4.5743647,0.910620391368866,0.8634097576141357,0.008502550423145294
YOL127W,YML025C,1,4.5394316,0.9107142686843872,0.8644067645072937,0.008502550423145294
YNR038W,YLR221C,1,4.5391626,0.9108079671859741,0.8654037714004517,0.008502550423145294
YKR094C,YER036C,0,4.5216084,0.9098532199859619,0.8654037714004517,0.008602580986917019
YGL246C,YHR052W,1,4.5211596,0.9099476337432861,0.8664007782936096,0.008602580986917019
YLR022C,YNL227C,1,4.452628,0.910041868686676,0.8673977851867676,0.008602580986917019
YOR063W,YHR197W,1,4.436291,0.9101358652114868,0.8683947920799255,0.008602580986917019
YOR063W,YOR150W,1,4.4361634,0.9102296233177185,0.8693917989730835,0.008602580986917019
YGL246C,YOL077C,1,4.4264517,0.9103232622146606,0.8703888058662415,0.008602580986917019
YNL227C,YPL211W,1,4.4185543,0.9104166626930237,0.8713858127593994,0.008602580986917019
YJL011C,YNL232W,0,4.4180956,0.9094693064689636,0.8713858127593994,0.008702610619366169
YJR113C,YDL082W,0,4.412218,0.9085239171981812,0.8713858127593994,0.008802641183137894
YDR091C,YHR085W,1,4.4105234,0.9086189270019531,0.8723828792572021,0.008802641183137894
YGR008C,YMR139W,0,4.4065857,0.9076763391494751,0.8723828792572021,0.008902670815587044
YPL131W,YOL127W,1,4.403221,0.9077720046043396,0.8733798861503601,0.008902670815587044
YDR418W,YML025C,1,4.391305,0.9078674912452698,0.8743768930435181,0.008902670815587044
YNR038W,YNL163C,1,4.382681,0.9079627990722656,0.875373899936676,0.008902670815587044
YOL041C,YHR081W,0,4.377289,0.9070248007774353,0.875373899936676,0.009002700448036194
YLR022C,YPL193W,1,4.3555493,0.9071207642555237,0.876370906829834,0.009002700448036194
YML073C,YER002W,1,4.3463306,0.907216489315033,0.8773679137229919,0.009002700448036194
YMR301C,YGR061C,0,4.3409433,0.9062821865081787,0.8773679137229919,0.009102731011807919
YNR038W,YKL009W,1,4.3198566,0.9063786268234253,0.8783649206161499,0.009102731011807919
YML073C,YOR150W,1,4.318733,0.9064748287200928,0.8793619275093079,0.009102731011807919
YKL014C,YDR312W,1,4.3178954,0.9065708518028259,0.8803589344024658,0.009102731011807919
YNR038W,YOR150W,1,4.307003,0.9066666960716248,0.8813559412956238,0.009102731011807919
YOR063W,YML025C,1,4.2893267,0.9067623019218445,0.8823529481887817,0.009102731011807919
YOR098C,YGL120C,0,4.284848,0.9058341979980469,0.8823529481887817,0.009202760644257069
YLR022C,YLR075W,1,4.2724237,0.9059304594993591,0.8833499550819397,0.009202760644257069
YHR085W,YPL193W,1,4.258095,0.9060265421867371,0.8843469619750977,0.009202760644257069
YGL099W,YJL138C,0,4.2576275,0.905102014541626,0.8843469619750977,0.009302791208028793
YJR016C,YLR009W,0,4.251825,0.9041793942451477,0.8843469619750977,0.009402820840477943
YOL144W,YFR001W,1,4.2436285,0.904276967048645,0.8853439688682556,0.009402820840477943
YPR102C,YOR150W,1,4.1990085,0.904374361038208,0.8863409757614136,0.009402820840477943
YLR022C,YGL246C,1,4.195642,0.9044715166091919,0.8873379826545715,0.009402820840477943
YNL163C,YKR024C,1,4.1894083,0.9045685529708862,0.8883349895477295,0.009402820840477943
YNR038W,YPL131W,1,4.1860104,0.9046652913093567,0.8893319964408875,0.009402820840477943
YMR260C,YJR064W,0,4.177601,0.9037487506866455,0.8893319964408875,0.009502850472927094
YDR171W,YPL230W,0,4.153039,0.9028339982032776,0.8893319964408875,0.009602881036698818
YPL193W,YHR052W,1,4.1515703,0.9029322266578674,0.8903290033340454,0.009602881036698818
YLR075W,YDR060W,1,4.1321125,0.903030276298523,0.8913260102272034,0.009602881036698818
YHR085W,YLR106C,1,4.120249,0.9031281471252441,0.8923230171203613,0.009602881036698818
YGL246C,YHR085W,1,4.1192093,0.9032257795333862,0.8933200240135193,0.009602881036698818
YOR187W,YMR093W,0,4.1161804,0.9023162126541138,0.8933200240135193,0.009702910669147968
YNL163C,YLR106C,1,4.113005,0.9024145007133484,0.8943170309066772,0.009702910669147968
YOL144W,YPR143W,1,4.105154,0.9025125503540039,0.8953140377998352,0.009702910669147968
YBR072W,YIL111W,0,4.099599,0.9016064405441284,0.8953140377998352,0.009802941232919693
YLR388W,YJL104W,0,4.085657,0.9007021188735962,0.8953140377998352,0.009902970865368843
YDR083W,YKL154W,0,4.0771885,0.8997995853424072,0.8953140377998352,0.010003000497817993
YLR244C,YGL029W,0,4.0582166,0.8988988995552063,0.8953140377998352,0.010103031061589718
YPL131W,YGR220C,1,4.0190926,0.8989999890327454,0.8963110446929932,0.010103031061589718
YOL041C,YJL198W,0,3.9476535,0.8981019258499146,0.8963110446929932,0.010203060694038868
YNR038W,YML073C,1,3.9473283,0.8982036113739014,0.8973080515861511,0.010203060694038868
YPL157W,YOL080C,0,3.9394882,0.8973080515861511,0.8973080515861511,0.010303091257810593
YAR008W,YFR001W,0,3.9259238,0.8964143395423889,0.8973080515861511,0.010403120890259743
YKL014C,YOL144W,1,3.9252152,0.8965173959732056,0.8983050584793091,0.010403120890259743
YBL036C,YBL028C,0,3.9248152,0.8956262469291687,0.8983050584793091,0.010503150522708893
YLR448W,YNL227C,1,3.900631,0.8957298994064331,0.899302065372467,0.010503150522708893
YNR020C,YJL158C,0,3.8621597,0.8948412537574768,0.899302065372467,0.010603181086480618
YMR308C,YDR101C,0,3.860856,0.8939543962478638,0.899302065372467,0.010703210718929768
YOL144W,YGR085C,1,3.8598483,0.894059419631958,0.9002991318702698,0.010703210718929768
YLR340W,YPR016C,1,3.8558636,0.8941642045974731,0.9012961387634277,0.010703210718929768
YPL193W,YKR024C,1,3.855512,0.8942687511444092,0.9022931456565857,0.010703210718929768
YBL024W,YJR064W,0,3.8396435,0.8933860063552856,0.9022931456565857,0.010803241282701492
YOL039W,YBL004W,0,3.8359973,0.8925049304962158,0.9022931456565857,0.010903270915150642
YDR091C,YPR102C,1,3.8280864,0.8926108479499817,0.9032901525497437,0.010903270915150642
YNL231C,YOR096W,0,3.822784,0.8917322754859924,0.9032901525497437,0.011003300547599792
YPR102C,YGR220C,1,3.8216014,0.8918387293815613,0.9042871594429016,0.011003300547599792
YKL014C,YLR276C,1,3.8172188,0.8919450044631958,0.9052841663360596,0.011003300547599792
YNL248C,YGL169W,0,3.8078294,0.8910696506500244,0.9052841663360596,0.011103331111371517
YER036C,YHL033C,0,3.803255,0.8901960849761963,0.9052841663360596,0.011203360743820667
YJR014W,YGL031C,0,3.7901678,0.8893241882324219,0.9052841663360596,0.011303391307592392
YKL065C,YFR003C,0,3.7851124,0.888454020023346,0.9052841663360596,0.011403420940041542
YPR016C,YDR060W,1,3.7749257,0.8885630369186401,0.9062811732292175,0.011403420940041542
YNR038W,YLR022C,1,3.7656388,0.888671875,0.9072781801223755,0.011403420940041542
YDR091C,YPR016C,1,3.7647247,0.8887804746627808,0.9082751870155334,0.011403420940041542
YKL014C,YHR085W,1,3.762025,0.8888888955116272,0.9092721939086914,0.011403420940041542
YDR101C,YPL193W,1,3.745742,0.8889970779418945,0.9102692008018494,0.011403420940041542
YDR091C,YML025C,1,3.742525,0.8891050815582275,0.9112662076950073,0.011403420940041542
YKL014C,YOR063W,1,3.7307887,0.8892128467559814,0.9122632145881653,0.011403420940041542
YML025C,YER002W,1,3.7298412,0.8893203735351562,0.9132602214813232,0.011403420940041542
YGL148W,YKR025W,0,3.722659,0.8884578347206116,0.9132602214813232,0.011503450572490692
YLR448W,YLR106C,1,3.7204306,0.8885658979415894,0.9142572283744812,0.011503450572490692
YOL144W,YPR102C,1,3.7166505,0.8886737823486328,0.9152542352676392,0.011503450572490692
YDL153C,YJL052W,0,3.7117178,0.8878143429756165,0.9152542352676392,0.011603481136262417
YER118C,YGR148C,0,3.700224,0.886956512928009,0.9152542352676392,0.011703510768711567
YDR134C,YKL172W,0,3.696495,0.8861004114151001,0.9152542352676392,0.011803541332483292
YIL158W,YBR010W,0,3.6883667,0.8852459192276001,0.9152542352676392,0.011903570964932442
YLR448W,YOL144W,1,3.6882703,0.8853564262390137,0.9162512421607971,0.011903570964932442
YGL121C,YER150W,0,3.686675,0.8845043182373047,0.9162512421607971,0.012003601528704166
YHR010W,YML080W,0,3.6698084,0.8836538195610046,0.9162512421607971,0.012103631161153316
YOR133W,YHR128W,0,3.6635275,0.8828049898147583,0.9162512421607971,0.012203660793602467
YOR285W,YLR178C,0,3.6517324,0.8819577693939209,0.9162512421607971,0.012303691357374191
YNR038W,YGR220C,1,3.637323,0.8820709586143494,0.9172482490539551,0.012303691357374191
YNL302C,YOR116C,0,3.6243312,0.8812260627746582,0.9172482490539551,0.012403720989823341
YOL127W,YOR150W,1,3.6232152,0.8813397288322449,0.918245255947113,0.012403720989823341
YLL034C,YMR143W,0,3.6112165,0.8804971575737,0.918245255947113,0.012503751553595066
YNR038W,YLR106C,1,3.602666,0.8806112408638,0.919242262840271,0.012503751553595066
YOL041C,YDR462W,0,3.590468,0.8797709941864014,0.919242262840271,0.012603781186044216
YFL002C,YPR016C,1,3.5596366,0.8798856139183044,0.920239269733429,0.012603781186044216
YNL163C,YLR221C,1,3.556171,0.8799999952316284,0.9212362766265869,0.012603781186044216
YGL246C,YHR088W,1,3.548775,0.8801141977310181,0.9222332835197449,0.012603781186044216
YDL039C,YBR037C,0,3.5394216,0.8792775869369507,0.9222332835197449,0.012703810818493366
YKL113C,YHL033C,0,3.5339046,0.8784425258636475,0.9222332835197449,0.012803841382265091
YPL193W,YLR276C,1,3.5200665,0.8785578608512878,0.9232302904129028,0.012803841382265091
YFL036W,YNR046W,0,3.520049,0.8777251243591309,0.9232302904129028,0.012903871014714241
YDL019C,YGR145W,0,3.5131135,0.876893937587738,0.9232302904129028,0.013003901578485966
YBR030W,YNL301C,0,3.5108128,0.8760643601417542,0.9232302904129028,0.013103931210935116
YGL097W,YNL096C,0,3.494095,0.8752362728118896,0.9232302904129028,0.013203960843384266
YNL177C,YHR066W,0,3.492052,0.8744097948074341,0.9232302904129028,0.01330399140715599
YDR174W,YHR141C,0,3.4724493,0.8735849261283875,0.9232302904129028,0.01340402103960514
YGR288W,YGL156W,0,3.4631581,0.8727615475654602,0.9232302904129028,0.013504051603376865
YDL202W,YOR243C,0,3.4598591,0.8719397187232971,0.9232302904129028,0.013604081235826015
YKL170W,YGR159C,0,3.4359393,0.871119499206543,0.9232302904129028,0.013704110868275166
YLR048W,YNL315C,0,3.4352667,0.8703007698059082,0.9232302904129028,0.01380414143204689
YNL163C,YER002W,1,3.4023676,0.8704225420951843,0.9242272973060608,0.01380414143204689
YKL143W,YFR037C,0,3.3974442,0.8696060180664062,0.9242272973060608,0.01390417106449604
YKL014C,YNL002C,1,3.3898032,0.8697282075881958,0.9252243041992188,0.01390417106449604
YDR527W,YDR339C,0,3.3823595,0.8689138293266296,0.9252243041992188,0.014004201628267765
YOR375C,YML093W,0,3.382121,0.8681010007858276,0.9252243041992188,0.014104231260716915
YKL181W,YPL265W,0,3.3715634,0.8672897219657898,0.9252243041992188,0.014204260893166065
YIR012W,YLR075W,1,3.359064,0.8674136400222778,0.9262213110923767,0.014204260893166065
YOR272W,YPR016C,1,3.3556004,0.8675373196601868,0.9272183179855347,0.014204260893166065
YKL014C,YLR106C,1,3.3336067,0.8676607608795166,0.9282153248786926,0.014204260893166065
YLR448W,YLR022C,1,3.3072357,0.8677839636802673,0.9292123913764954,0.014204260893166065
YMR241W,YMR229C,0,3.2820666,0.8669767379760742,0.9292123913764954,0.01430429145693779
YOL144W,YNL227C,1,3.2780952,0.8671003580093384,0.9302093982696533,0.01430429145693779
YLL008W,YPL193W,1,3.248806,0.8672237992286682,0.9312064051628113,0.01430429145693779
YJL102W,YPL244C,0,3.2288582,0.8664193153381348,0.9312064051628113,0.01440432108938694
YOL127W,YGR220C,1,3.2127612,0.8665431141853333,0.9322034120559692,0.01440432108938694
YMR014W,YMR302C,0,3.2119203,0.8657407164573669,0.9322034120559692,0.014504351653158665
YEL054C,YPL193W,1,3.2089095,0.8658649325370789,0.9332004189491272,0.014504351653158665
YGR280C,YFL022C,0,3.2072272,0.8650646805763245,0.9332004189491272,0.014604381285607815
YGR034W,YGL209W,0,3.2055638,0.8642659187316895,0.9332004189491272,0.014704410918056965
YOR063W,YNL227C,1,3.1842358,0.8643911480903625,0.9341974258422852,0.014704410918056965
YNL227C,YPL193W,1,3.133913,0.8645161390304565,0.9351944327354431,0.014704410918056965
YBR093C,YJR104C,0,3.1192584,0.8637200593948364,0.9351944327354431,0.01480444148182869
YOR210W,YKL056C,0,3.1134872,0.8629254698753357,0.9351944327354431,0.01490447111427784
YDL229W,YLR074C,0,3.096489,0.8621323704719543,0.9351944327354431,0.015004501678049564
YDL229W,YEL026W,0,3.0763817,0.8613407015800476,0.9351944327354431,0.015104531310498714
YDR074W,YKL168C,0,3.0718768,0.8605504631996155,0.9351944327354431,0.015204560942947865
YLR304C,YJR002W,0,3.0590541,0.8597617149353027,0.9351944327354431,0.01530459150671959
YGL246C,YDR060W,1,3.0444627,0.8598901033401489,0.9361914396286011,0.01530459150671959
YDR091C,YHR197W,1,3.0326035,0.8600183129310608,0.937188446521759,0.01530459150671959
YKR006C,YNL162W,0,3.0246968,0.8592321872711182,0.937188446521759,0.01540462113916874
YOR096W,YDR316W,0,3.0230021,0.8584474921226501,0.937188446521759,0.015504651702940464
YOL144W,YPR016C,1,3.0226433,0.8585766553878784,0.938185453414917,0.015504651702940464
YKL014C,YOR150W,1,3.0094829,0.8587055802345276,0.939182460308075,0.015504651702940464
YPL131W,YGL246C,1,3.0076065,0.8588342666625977,0.9401794672012329,0.015504651702940464
YGR245C,YPL193W,1,3.0004885,0.8589627146720886,0.9411764740943909,0.015504651702940464
YER036C,YKL144C,0,2.9915917,0.8581818342208862,0.9411764740943909,0.015604681335389614
YOL144W,YML025C,1,2.9703672,0.8583106398582458,0.9421734809875488,0.015604681335389614
YLR204W,YNL162W,0,2.961527,0.8575317859649658,0.9421734809875488,0.01570471189916134
YLR340W,YOL144W,1,2.9557652,0.8576609492301941,0.9431704878807068,0.01570471189916134
YNL163C,YLR022C,1,2.9480636,0.8577898740768433,0.9441674947738647,0.01570471189916134
YDR322W,YNR046W,0,2.94134,0.8570135831832886,0.9441674947738647,0.01580474153161049
YNL207W,YML018C,0,2.910379,0.8562387228012085,0.9441674947738647,0.01590477116405964
YDR450W,YNL315C,0,2.9051318,0.8554652333259583,0.9441674947738647,0.01600480079650879
YOR188W,YLR264W,0,2.904437,0.8546931147575378,0.9441674947738647,0.01610483229160309
YHR104W,YBR139W,0,2.9013438,0.853922426700592,0.9441674947738647,0.01620486192405224
YLR287C-A,YOL010W,0,2.898127,0.8531531691551208,0.9441674947738647,0.01630489155650139
YJL122W,YGL246C,1,2.8819556,0.8532853126525879,0.9451645016670227,0.01630489155650139
YNL002C,YPL193W,1,2.874853,0.8534172773361206,0.9461615085601807,0.01630489155650139
YJR064W,YOR168W,0,2.8664336,0.85265052318573,0.9461615085601807,0.01640492118895054
YFL002C,YNL227C,1,2.8647485,0.8527827858924866,0.9471585154533386,0.01640492118895054
YOR188W,YOL039W,0,2.8590236,0.8520179390907288,0.9471585154533386,0.01650495082139969
YDR184C,YMR267W,0,2.8582492,0.8512544631958008,0.9471585154533386,0.016604982316493988
YOR151C,YJL190C,0,2.8544018,0.8504924178123474,0.9471585154533386,0.016705011948943138
YOL144W,YOR063W,1,2.845347,0.8506261110305786,0.9481555223464966,0.016705011948943138
YFL002C,YOL144W,1,2.8291793,0.8507596254348755,0.9491525292396545,0.016705011948943138
YEL042W,YBR187W,0,2.8272195,0.8500000238418579,0.9491525292396545,0.016805041581392288
YMR100W,YAR071W,0,2.7978888,0.8492417335510254,0.9491525292396545,0.01690507121384144
YLR075W,YNL227C,1,2.7875957,0.8493761420249939,0.9501495361328125,0.01690507121384144
YML009C,YLR312W-A,0,2.7832406,0.8486197590827942,0.9501495361328125,0.01700510084629059
YHR170W,YPL193W,1,2.7826552,0.8487544655799866,0.9511465430259705,0.01700510084629059
YKL014C,YGR245C,1,2.7806978,0.8488888740539551,0.9521435499191284,0.01700510084629059
YLR449W,YDL179W,0,2.7335465,0.8481349945068359,0.9521435499191284,0.017105132341384888
YML097C,YDR382W,0,2.7328916,0.8473824262619019,0.9521435499191284,0.017205161973834038
YML129C,YGR221C,0,2.723444,0.8466312289237976,0.9521435499191284,0.017305191606283188
YKL014C,YKR024C,1,2.7068658,0.8467670679092407,0.9531405568122864,0.017305191606283188
YPR132W,YKL021C,0,2.7055712,0.8460177183151245,0.9531405568122864,0.017405221238732338
YGR061C,YLL036C,0,2.7026377,0.8452696800231934,0.9531405568122864,0.017505250871181488
YNR020C,YGL030W,0,2.6872516,0.8445229530334473,0.9531405568122864,0.017605282366275787
YKL183W,YJL177W,0,2.683576,0.843777596950531,0.9531405568122864,0.017705311998724937
YLR356W,YGL156W,0,2.6497,0.843033492565155,0.9531405568122864,0.017805341631174088
YPL193W,YAL025C,1,2.640234,0.8431718349456787,0.9541375637054443,0.017805341631174088
YJR101W,YLR439W,0,2.618856,0.8424295783042908,0.9541375637054443,0.017905371263623238
YGL187C,YLR401C,0,2.6115448,0.8416886329650879,0.9541375637054443,0.018005400896072388
YOL144W,YOL127W,1,2.604424,0.8418277502059937,0.9551345705986023,0.018005400896072388
YML024W,YLR015W,0,2.594603,0.8410886526107788,0.9551345705986023,0.018105432391166687
YML106W,YBL076C,0,2.5883126,0.840350866317749,0.9551345705986023,0.018205462023615837
YDR091C,YOR150W,1,2.586143,0.8404908180236816,0.9561315774917603,0.018205462023615837
YKL021C,YMR246W,0,2.5657299,0.8397548198699951,0.9561315774917603,0.018305491656064987
YNR001C,YLR197W,0,2.5583491,0.8390201330184937,0.9561315774917603,0.018405521288514137
YOR217W,YLR051C,0,2.55824,0.8382866978645325,0.9561315774917603,0.018505550920963287
YOR187W,YOR315W,0,2.5577881,0.8375545740127563,0.9561315774917603,0.018605582416057587
YPR137W,YDR296W,0,2.5567226,0.8368237614631653,0.9561315774917603,0.018705612048506737
YOL080C,YGL169W,0,2.5480165,0.8360941410064697,0.9561315774917603,0.018805641680955887
YLR192C,YMR239C,0,2.5423555,0.8353658318519592,0.9561315774917603,0.018905671313405037
YLR244C,YNL315C,0,2.5286913,0.8346388339996338,0.9561315774917603,0.019005700945854187
YPL193W,YKL082C,1,2.521178,0.834782600402832,0.9571285843849182,0.019005700945854187
YFR007W,YDR083W,0,2.520021,0.8340573310852051,0.9571285843849182,0.019105732440948486
YGR085C,YPL193W,1,2.5070477,0.8342013955116272,0.958125650882721,0.019105732440948486
YPL193W,YGL078C,1,2.5026097,0.8343451619148254,0.9591226577758789,0.019105732440948486
YDR440W,YDR172W,0,2.4818416,0.8336221575737,0.9591226577758789,0.019205762073397636
YLR221C,YPL252C,0,2.4706848,0.8329004049301147,0.9591226577758789,0.019305791705846786
YNR002C,YPL123C,0,2.4700637,0.8321799039840698,0.9591226577758789,0.019405821338295937
YPL193W,YHR088W,1,2.4621863,0.8323249816894531,0.9601196646690369,0.019405821338295937
YLL045C,YMR188C,0,2.4549165,0.8316062092781067,0.9601196646690369,0.019505850970745087
YER053C,YBR006W,0,2.4445696,0.8308886885643005,0.9601196646690369,0.019605882465839386
YGR076C,YJL125C,0,2.4389486,0.8301724195480347,0.9601196646690369,0.019705912098288536
YAR008W,YML026C,0,2.431858,0.8294573426246643,0.9601196646690369,0.019805941730737686
YNL121C,YLR009W,0,2.431171,0.8287435173988342,0.9601196646690369,0.019905971363186836
YNL112W,YBR009C,0,2.431147,0.8280309438705444,0.9601196646690369,0.020006000995635986
YHL008C,YLR297W,0,2.4293208,0.8273195624351501,0.9601196646690369,0.020106032490730286
YJR097W,YLR129W,0,2.428483,0.8266094326972961,0.9601196646690369,0.020206062123179436
YBR072W,YLL019C,0,2.4278064,0.8259004950523376,0.9601196646690369,0.020306091755628586
YGL246C,YLR106C,1,2.4262424,0.8260496854782104,0.9611166715621948,0.020306091755628586
YGL246C,YDL031W,1,2.4212422,0.8261986374855042,0.9621136784553528,0.020306091755628586
YCR003W,YMR142C,0,2.409131,0.8254918456077576,0.9621136784553528,0.020406121388077736
YHR143W-A,YDR194C,0,2.4066257,0.8247863054275513,0.9621136784553528,0.020506151020526886
YMR090W,YDR031W,0,2.400024,0.8240819573402405,0.9621136784553528,0.020606182515621185
YMR188C,YGR123C,0,2.385243,0.82337886095047,0.9621136784553528,0.020706212148070335
YOR144C,YML024W,0,2.3648605,0.8226768970489502,0.9621136784553528,0.020806241780519485
YOL144W,YLR075W,1,2.362504,0.822827935218811,0.9631106853485107,0.020806241780519485
YEL011W,YKL095W,0,2.362386,0.822127640247345,0.9631106853485107,0.020906271412968636
YKR067W,YOR056C,0,2.357873,0.8214285969734192,0.9631106853485107,0.021006301045417786
YKL014C,YLR448W,1,2.333459,0.8215802907943726,0.9641076922416687,0.021006301045417786
YMR202W,YKL078W,0,2.3281565,0.8208828568458557,0.9641076922416687,0.021106332540512085
YLR075W,YML025C,1,2.32351,0.8210347890853882,0.9651046991348267,0.021106332540512085
YNR038W,YPR016C,1,2.305769,0.8211864233016968,0.9661017060279846,0.021106332540512085
YPR190C,YNL005C,0,2.3040938,0.8204911351203918,0.9661017060279846,0.021206362172961235
YDR211W,YBR271W,0,2.2842565,0.8197969794273376,0.9661017060279846,0.021306391805410385
YDR224C,YGL050W,0,2.2497218,0.8191039562225342,0.9661017060279846,0.021406421437859535
YOR233W,YJR031C,0,2.2457154,0.818412184715271,0.9661017060279846,0.021506451070308685
YIL122W,YBL068W,0,2.2420208,0.8177215456962585,0.9661017060279846,0.021606482565402985
YBR302C,YKL193C,0,2.2323425,0.8170320391654968,0.9661017060279846,0.021706512197852135
YOR294W,YDL202W,0,2.227068,0.8163437247276306,0.9661017060279846,0.021806541830301285
YLR340W,YOR150W,1,2.211215,0.816498339176178,0.9670987129211426,0.021806541830301285
YAL039C,YLR009W,0,2.2094073,0.8158116340637207,0.9670987129211426,0.021906571462750435
YJR031C,YJL191W,0,2.199172,0.8151260614395142,0.9670987129211426,0.022006601095199585
YBR120C,YMR305C,0,2.1906714,0.8144416213035583,0.9670987129211426,0.022106632590293884
YNL061W,YER094C,0,2.1856236,0.813758373260498,0.9670987129211426,0.022206662222743034
YPR016C,YML025C,1,2.1802442,0.8139144778251648,0.9680957198143005,0.022206662222743034
YDL082W,YJL200C,0,2.1708126,0.8132328391075134,0.9680957198143005,0.022306691855192184
YGL246C,YOR150W,1,2.152341,0.8133891224861145,0.9690927267074585,0.022306691855192184
YCL063W,YMR194W,0,2.1400967,0.8127090334892273,0.9690927267074585,0.022406721487641335
YOL141W,YER087W,0,2.121178,0.8120300769805908,0.9690927267074585,0.022506751120090485
YOR063W,YPL193W,1,2.11543,0.8121869564056396,0.9700897336006165,0.022506751120090485
YPL108W,YKL180W,0,2.1120625,0.8115096092224121,0.9700897336006165,0.022606782615184784
YOR369C,YHL004W,0,2.109527,0.8108333349227905,0.9700897336006165,0.022706812247633934
YHL004W,YCR034W,0,2.1091094,0.8101581931114197,0.9700897336006165,0.022806841880083084
YDL083C,YJR076C,0,2.0909572,0.8094841837882996,0.9700897336006165,0.022906871512532234
YIL079C,YBR039W,0,2.081323,0.8088113069534302,0.9700897336006165,0.023006901144981384
YJL225C,YMR239C,0,2.0798264,0.8081395626068115,0.9700897336006165,0.023106932640075684
YER029C,YPL037C,0,2.079377,0.8074688911437988,0.9700897336006165,0.023206962272524834
YDR496C,YJR127C,0,2.0731397,0.8067993521690369,0.9700897336006165,0.023306991904973984
YBR010W,YMR194W,0,2.0587506,0.8061308860778809,0.9700897336006165,0.023407021537423134
YEL040W,YLR378C,0,2.0532763,0.8054635524749756,0.9700897336006165,0.023507053032517433
YMR049C,YBR009C,0,2.0364957,0.804797351360321,0.9700897336006165,0.023607082664966583
YLL012W,YBR132C,0,2.0353432,0.8041322231292725,0.9700897336006165,0.023707112297415733
YGL008C,YJL051W,0,2.0350244,0.8034682273864746,0.9700897336006165,0.023807141929864883
YOR283W,YNL069C,0,2.034299,0.8028053045272827,0.9700897336006165,0.023907171562314034
YBL042C,YMR241W,0,2.0333228,0.8021434545516968,0.9700897336006165,0.024007203057408333
YBR172C,YML106W,0,2.0285857,0.8014826774597168,0.9700897336006165,0.024107232689857483
YHR143W-A,YDR245W,0,2.0280616,0.8008230328559875,0.9700897336006165,0.024207262322306633
YDL075W,YGR251W,0,2.0262651,0.8001644611358643,0.9700897336006165,0.024307291954755783
YGR194C,YDL150W,0,2.0220728,0.7995069622993469,0.9700897336006165,0.024407321587204933
YML024W,YPR140W,0,1.9992961,0.7988505959510803,0.9700897336006165,0.024507353082299232
YOR272W,YPL193W,1,1.9923418,0.7990155816078186,0.9710867404937744,0.024507353082299232
YGR239C,YLR182W,0,1.9902635,0.7983606457710266,0.9710867404937744,0.024607382714748383
YOL130W,YKR002W,0,1.982418,0.7977067828178406,0.9710867404937744,0.024707412347197533
YGL111W,YGL246C,1,1.9769418,0.7978723645210266,0.9720837473869324,0.024707412347197533
YPL193W,YGR220C,1,1.9705398,0.798037588596344,0.9730807542800903,0.024707412347197533
YMR145C,YOR095C,0,1.9607673,0.7973856329917908,0.9730807542800903,0.024807441979646683
YLR372W,YGR140W,0,1.9293838,0.7967346906661987,0.9730807542800903,0.024907471612095833
YLR080W,YDR077W,0,1.9236956,0.7960848212242126,0.9730807542800903,0.025007503107190132
YML065W,YIL047C,0,1.9236321,0.7954360246658325,0.9730807542800903,0.025107532739639282
YGL180W,YOR028C,0,1.9193923,0.7947883009910583,0.9730807542800903,0.025207562372088432
YER087W,YER049W,0,1.9129105,0.7941415905952454,0.9730807542800903,0.025307592004537582
YNL131W,YHR005C-A,0,1.9009552,0.7934959530830383,0.9730807542800903,0.025407621636986732
YLR355C,YHR183W,0,1.893111,0.7928513288497925,0.9730807542800903,0.025507653132081032
YMR033W,YOL021C,0,1.8743286,0.7922077775001526,0.9730807542800903,0.025607682764530182
YBR026C,YEL011W,0,1.8730845,0.7915652990341187,0.9730807542800903,0.025707712396979332
YHR065C,YDR353W,0,1.863494,0.7909238338470459,0.9730807542800903,0.025807742029428482
YHR203C,YPL030W,0,1.8617587,0.7902833819389343,0.9730807542800903,0.025907771661877632
YOR173W,YOL129W,0,1.8538917,0.7896440029144287,0.9730807542800903,0.02600780315697193
YNL262W,YAR066W,0,1.850132,0.7890056371688843,0.9730807542800903,0.02610783278942108
YGR282C,YHR136C,0,1.8449777,0.7883683443069458,0.9730807542800903,0.02620786242187023
YOL039W,YKR080W,0,1.8351781,0.7877320647239685,0.9730807542800903,0.02630789205431938
YOR230W,YGL089C,0,1.8308067,0.7870967984199524,0.9730807542800903,0.026407921686768532
YGR215W,YPR080W,0,1.8103797,0.7864625453948975,0.9730807542800903,0.02650795318186283
YOR039W,YGL131C,0,1.8096147,0.7858293056488037,0.9730807542800903,0.02660798281431198
YDR342C,YEL055C,0,1.8019395,0.7851970791816711,0.9730807542800903,0.02670801244676113
YML097C,YHR025W,0,1.7989872,0.7845659255981445,0.9730807542800903,0.02680804207921028
YGL037C,YOR047C,0,1.7958951,0.7839357256889343,0.9730807542800903,0.02690807171165943
YNL151C,YOL005C,0,1.7769146,0.7833065986633301,0.9730807542800903,0.02700810320675373
YLL017W,YLR414C,0,1.7763422,0.7826784253120422,0.9730807542800903,0.02710813283920288
YLR276C,YGL106W,0,1.7724713,0.7820512652397156,0.9730807542800903,0.02720816247165203
YML056C,YLL004W,0,1.7669132,0.7814251184463501,0.9730807542800903,0.02730819210410118
YGL099W,YER094C,0,1.761765,0.7807999849319458,0.9730807542800903,0.02740822173655033
YOL080C,YHR025W,0,1.7556181,0.7801758646965027,0.9730807542800903,0.02750825323164463
YBR150C,YNL256W,0,1.7480617,0.779552698135376,0.9730807542800903,0.02760828286409378
YLR441C,YLR430W,0,1.7468204,0.7789305448532104,0.9730807542800903,0.02770831249654293
YDR060W,YBR291C,0,1.7324797,0.7783094048500061,0.9730807542800903,0.02780834212899208
YOL149W,YML008C,0,1.7287073,0.7776892185211182,0.9730807542800903,0.02790837176144123
YDR069C,YLL035W,0,1.7263316,0.7770700454711914,0.9730807542800903,0.02800840325653553
YIL125W,YDR449C,0,1.7228787,0.7764518857002258,0.9730807542800903,0.02810843288898468
YDL184C,YOL139C,0,1.7179759,0.7758346796035767,0.9730807542800903,0.02820846252143383
YBR280C,YBR126C,0,1.703604,0.7752184271812439,0.9730807542800903,0.02830849215388298
YOR187W,YOR094W,0,1.6927729,0.7746031880378723,0.9730807542800903,0.02840852178633213
YER029C,YDL130W,0,1.6879468,0.7739889025688171,0.9730807542800903,0.02850855328142643
YCR088W,YMR291W,0,1.6776803,0.7733755707740784,0.9730807542800903,0.02860858291387558
YMR046C,YPR063C,0,1.675652,0.7727632522583008,0.9730807542800903,0.02870861254632473
YIL035C,YER117W,0,1.6595552,0.7721518874168396,0.9730807542800903,0.02880864217877388
YOR287C,YBR092C,0,1.659169,0.7715414762496948,0.9730807542800903,0.02890867181122303
YOL071W,YPL096W,0,1.6588228,0.7709320783615112,0.9730807542800903,0.02900870330631733
YOR313C,YNL044W,0,1.6540879,0.7703235745429993,0.9730807542800903,0.02910873293876648
YPR016C,YGL246C,1,1.6449096,0.7705047130584717,0.9740777611732483,0.02910873293876648
YLR291C,YLL011W,0,1.6448448,0.7698975801467896,0.9740777611732483,0.02920876257121563
YOL052C,YDR312W,0,1.6428567,0.769291341304779,0.9740777611732483,0.02930879220366478
YBR283C,YBR084W,0,1.6400477,0.768686056137085,0.9740777611732483,0.02940882183611393
YFR001W,YDR440W,0,1.6200246,0.768081784248352,0.9740777611732483,0.02950885333120823
YGL246C,YLR276C,1,1.6155243,0.7682639360427856,0.9750747680664062,0.02950885333120823
YLR050C,YIL126W,0,1.6154678,0.767660915851593,0.9750747680664062,0.02960888296365738
YPR016C,YGR220C,1,1.613183,0.7678431272506714,0.9760717749595642,0.02960888296365738
YDR099W,YDR436W,0,1.6079671,0.767241358757019,0.9760717749595642,0.02970891259610653
YGR264C,YHR019C,0,1.6008964,0.7666405439376831,0.9760717749595642,0.02980894222855568
YML075C,YNR041C,0,1.6006904,0.7660406827926636,0.9760717749595642,0.02990897186100483
YGL246C,YPL093W,1,1.5961864,0.7662236094474792,0.9770687818527222,0.02990897186100483
YLR342W,YOR151C,0,1.5915263,0.765625,0.9770687818527222,0.03000900335609913
YDR418W,YGR220C,1,1.5854169,0.7658079862594604,0.9780657887458801,0.03000900335609913
YOR095C,YMR267W,0,1.5677733,0.7652106285095215,0.9780657887458801,0.03010903298854828
YGL246C,YNL227C,1,1.5627565,0.7653936147689819,0.9790627956390381,0.03010903298854828
YDR299W,YNL166C,0,1.5552511,0.7647975087165833,0.9790627956390381,0.03020906262099743
YGR214W,YHL007C,0,1.5512221,0.764202356338501,0.9790627956390381,0.03030909225344658
YGL029W,YJR127C,0,1.5484532,0.7636080980300903,0.9790627956390381,0.03040912188589573
YHR085W,YOR150W,1,1.5459604,0.7637917399406433,0.980059802532196,0.03040912188589573
YLL045C,YNL327W,0,1.539505,0.763198733329773,0.980059802532196,0.03050915338099003
YOL144W,YDR091C,1,1.5377212,0.7633824944496155,0.981056809425354,0.03050915338099003
YKL014C,YER002W,1,1.5349127,0.7635658979415894,0.982053816318512,0.03050915338099003
YNL192W,YHR135C,0,1.5342255,0.7629744410514832,0.982053816318512,0.03060918301343918
YOR287C,YOL049W,0,1.5305033,0.7623838782310486,0.982053816318512,0.03070921264588833
YFL002C,YGL246C,1,1.5286927,0.7625676989555359,0.9830508232116699,0.03070921264588833
YDR492W,YJR009C,0,1.528359,0.7619783878326416,0.9830508232116699,0.03080924227833748
YNR021W,YHR066W,0,1.5257044,0.761389970779419,0.9830508232116699,0.03090927191078663
YLL011W,YNL122C,0,1.5051348,0.7608024477958679,0.9830508232116699,0.031009303405880928
YMR217W,YFR045W,0,1.4815843,0.7602158784866333,0.9830508232116699,0.031109333038330078
YNR018W,YLR285W,0,1.4814835,0.7596302032470703,0.9830508232116699,0.031209362670779228
YJR145C,YOR168W,0,1.4753006,0.759045422077179,0.9830508232116699,0.03130939230322838
YPL131W,YNL227C,1,1.4736941,0.7592307925224304,0.9840478301048279,0.03130939230322838
YDL192W,YOR063W,0,1.44607,0.7586472034454346,0.9840478301048279,0.03140942379832268
YJL104W,YKL096W-A,0,1.4392891,0.7580645084381104,0.9840478301048279,0.03150945156812668
YOR373W,YJL125C,0,1.4350078,0.7574827075004578,0.9840478301048279,0.03160948306322098
YNR001C,YDR512C,0,1.4294236,0.7569018602371216,0.9840478301048279,0.03170951455831528
YPL093W,YLR305C,0,1.4276156,0.7563218474388123,0.9840478301048279,0.03180954232811928
YOR346W,YMR216C,0,1.4241574,0.7557427287101746,0.9840478301048279,0.03190957382321358
YLR210W,YEL054C,0,1.3976591,0.7551645040512085,0.9840478301048279,0.03200960159301758
YKL148C,YIL110W,0,1.3905185,0.7545871734619141,0.9840478301048279,0.03210963308811188
YKL172W,YOR142W,0,1.3863003,0.7540106773376465,0.9840478301048279,0.03220966458320618
YPR060C,YJR121W,0,1.3814034,0.7534351348876953,0.9840478301048279,0.03230969235301018
YPL154C,YML106W,0,1.3768868,0.752860426902771,0.9840478301048279,0.03240972384810448
YBR172C,YOR187W,0,1.3749144,0.7522866129875183,0.9840478301048279,0.03250975161790848
YGR049W,YKR037C,0,1.3706084,0.7517136335372925,0.9840478301048279,0.03260978311300278
YFR055W,YIL131C,0,1.3633935,0.7511415481567383,0.9840478301048279,0.032709814608097076
YGL246C,YML073C,1,1.3552458,0.7513307929039001,0.9850448369979858,0.032709814608097076
YDL060W,YNL327W,0,1.3501283,0.7507598996162415,0.9850448369979858,0.03280984237790108
YEL054C,YGL246C,1,1.346685,0.7509491443634033,0.9860419034957886,0.03280984237790108
YDL075W,YBR092C,0,1.3359156,0.7503793835639954,0.9860419034957886,0.03290987387299538
YNL163C,YJR077C,0,1.3354853,0.7498104572296143,0.9860419034957886,0.03300990164279938
YMR211W,YAL035W,0,1.3303847,0.7492424249649048,0.9860419034957886,0.03310993313789368
YDL229W,YHL013C,0,1.3295487,0.7486752271652222,0.9860419034957886,0.033209964632987976
YEL042W,YAL038W,0,1.3291829,0.7481089234352112,0.9860419034957886,0.03330999240279198
YLR340W,YJL203W,0,1.3245019,0.747543454170227,0.9860419034957886,0.033410023897886276
YOR167C,YMR307W,0,1.3225951,0.7469788789749146,0.9860419034957886,0.03351005166769028
YLR219W,YMR302C,0,1.3185909,0.7464150786399841,0.9860419034957886,0.033610083162784576
YLR448W,YOR150W,1,1.316525,0.7466063499450684,0.9870389103889465,0.033610083162784576
YMR201C,YIL111W,0,1.3146336,0.7460436820983887,0.9870389103889465,0.033710114657878876
YOR167C,YPL128C,0,1.3142405,0.7454819083213806,0.9870389103889465,0.03381014242768288
YJL025W,YML129C,0,1.306485,0.7449209690093994,0.9870389103889465,0.033910173922777176
YKL082C,YGL106W,0,1.3041339,0.7443609237670898,0.9870389103889465,0.03401020169258118
YDR224C,YHR141C,0,1.3029501,0.7438016533851624,0.9870389103889465,0.034110233187675476
YPL159C,YKL140W,0,1.2960333,0.7432432174682617,0.9870389103889465,0.034210264682769775
YHR168W,YNL316C,0,1.2921824,0.7426856756210327,0.9870389103889465,0.034310292452573776
YDR496C,YPL172C,0,1.2899935,0.7421289086341858,0.9870389103889465,0.034410323947668076
YJR036C,YER103W,0,1.2864127,0.7415730357170105,0.9870389103889465,0.034510351717472076
YOL033W,YIL127C,0,1.2824965,0.7410179376602173,0.9870389103889465,0.034610383212566376
YLR320W,YML093W,0,1.2791631,0.7404637336730957,0.9870389103889465,0.034710414707660675
YJL136C,YPR118W,0,1.275337,0.7399103045463562,0.9870389103889465,0.034810442477464676
YPR016C,YOR150W,1,1.2751884,0.7401045560836792,0.9880359172821045,0.034810442477464676
YGL225W,YPL220W,0,1.2718433,0.7395522594451904,0.9880359172821045,0.034910473972558975
YNL102W,YDR312W,0,1.2687361,0.7390007376670837,0.9880359172821045,0.035010501742362976
YNL206C,YLR029C,0,1.2677673,0.7384500503540039,0.9880359172821045,0.035110533237457275
YML026C,YGR084C,0,1.2662281,0.7379001975059509,0.9880359172821045,0.035210564732551575
YPL088W,YDR182W,0,1.2579558,0.7373511791229248,0.9880359172821045,0.035310592502355576
YGR047C,YNR057C,0,1.2576938,0.7368029952049255,0.9880359172821045,0.035410623997449875
YDR330W,YJL050W,0,1.2437465,0.7362555861473083,0.9880359172821045,0.035510651767253876
YJR063W,YGL206C,0,1.2328973,0.735709011554718,0.9880359172821045,0.035610683262348175
YJR067C,YFL002C,0,1.226152,0.7351632118225098,0.9880359172821045,0.035710714757442474
YGL153W,YLR121C,0,1.2254599,0.7346182465553284,0.9880359172821045,0.035810742527246475
YGR239C,YCL025C,0,1.2242036,0.734074056148529,0.9880359172821045,0.035910774022340775
YOL129W,YHR209W,0,1.2153451,0.7335307002067566,0.9880359172821045,0.036010801792144775
YML077W,YOR063W,0,1.2094262,0.732988178730011,0.9880359172821045,0.036110833287239075
YOR182C,YGR262C,0,1.2089347,0.7324464321136475,0.9880359172821045,0.036210864782333374
YJL145W,YLR134W,0,1.2018516,0.731905460357666,0.9880359172821045,0.036310892552137375
YDL143W,YOL124C,0,1.1969502,0.7313653230667114,0.9880359172821045,0.036410924047231674
YMR127C,YGR192C,0,1.1719086,0.7308259606361389,0.9880359172821045,0.036510951817035675
YBR185C,YBL027W,0,1.1696287,0.7302873730659485,0.9880359172821045,0.036610983312129974
YBL021C,YDL130W,0,1.1640813,0.7297496199607849,0.9880359172821045,0.036711014807224274
YFR009W,YLR401C,0,1.1624856,0.7292126417160034,0.9880359172821045,0.036811042577028275
YOR373W,YER006W,0,1.1590663,0.7286764979362488,0.9880359172821045,0.036911074072122574
YDR312W,YKR036C,0,1.1529069,0.7281410694122314,0.9880359172821045,0.037011101841926575
YPL256C,YNL284C,0,1.1516234,0.727606475353241,0.9880359172821045,0.037111133337020874
YOR150W,YGR220C,1,1.1464224,0.7278063297271729,0.9890329241752625,0.037111133337020874
YNL002C,YDL078C,0,1.1461463,0.7272727489471436,0.9890329241752625,0.03721116483211517
YPR102C,YDR139C,0,1.1425209,0.7267399430274963,0.9890329241752625,0.037311192601919174
YPL042C,YML097C,0,1.1240495,0.7262079119682312,0.9890329241752625,0.037411224097013474
YOR369C,YFL036W,0,1.1196048,0.7256766557693481,0.9890329241752625,0.037511251866817474
YLL045C,YDL047W,0,1.1093267,0.7251461744308472,0.9890329241752625,0.037611283361911774
YJR101W,YJL148W,0,1.1076143,0.724616527557373,0.9890329241752625,0.03771131485700607
YLR304C,YGR095C,0,1.102452,0.7240875959396362,0.9890329241752625,0.037811342626810074
YPL108W,YJL148W,0,1.0942267,0.7235594391822815,0.9890329241752625,0.03791137412190437
YPR143W,YPL193W,1,1.0919367,0.7237609624862671,0.9900299310684204,0.03791137412190437
YDL060W,YDR266C,0,1.0858362,0.7232338190078735,0.9900299310684204,0.038011401891708374
YIR038C,YDR382W,0,1.082739,0.7227074503898621,0.9900299310684204,0.03811143338680267
YOR204W,YHL012W,0,1.0771873,0.7221817970275879,0.9900299310684204,0.03821146488189697
YNL300W,YER145C,0,1.0748751,0.7216569781303406,0.9900299310684204,0.038311492651700974
YBR271W,YMR235C,0,1.0597066,0.7211328744888306,0.9900299310684204,0.03841152414679527
YGR183C,YDR031W,0,1.0586457,0.7206096053123474,0.9900299310684204,0.038511551916599274
YHR058C,YDL022W,0,1.0553493,0.7200869917869568,0.9900299310684204,0.03861158341169357
YFL001W,YPR190C,0,1.0544772,0.719565212726593,0.9900299310684204,0.03871161490678787
YMR309C,YOR061W,0,1.0500658,0.7190441489219666,0.9900299310684204,0.03881164267659187
YDR385W,YOL125W,0,1.047561,0.7185238599777222,0.9900299310684204,0.03891167417168617
YJL164C,YHR140W,0,1.0457484,0.7180043458938599,0.9900299310684204,0.03901170194149017
YML110C,YCR004C,0,1.0366164,0.7174855470657349,0.9900299310684204,0.03911173343658447
YCR008W,YMR142C,0,1.0320401,0.7169675230979919,0.9900299310684204,0.03921176493167877
YBR024W,YKL181W,0,1.027165,0.7164502143859863,0.9900299310684204,0.03931179270148277
YKL091C,YOR145C,0,1.0094488,0.7159336805343628,0.9900299310684204,0.03941182419657707
YGL246C,YGR220C,1,1.0033877,0.7161383032798767,0.9910269379615784,0.03941182419657707
YML024W,YBR104W,0,0.9976686,0.7156227231025696,0.9910269379615784,0.03951185196638107
YMR321C,YOR120W,0,0.9953,0.7151079177856445,0.9910269379615784,0.03961188346147537
YKL065C,YGR194C,0,0.99004793,0.7145938277244568,0.9910269379615784,0.03971191495656967
YDL192W,YGL254W,0,0.97355056,0.7140804529190063,0.9910269379615784,0.03981194272637367
YFR009W,YNL282W,0,0.9720597,0.713567852973938,0.9910269379615784,0.03991197422146797
YPR016C,YNL227C,1,0.97043914,0.7137733101844788,0.9920239448547363,0.03991197422146797
YLR398C,YNL067W,0,0.9620277,0.7132616639137268,0.9920239448547363,0.04001200199127197
YLR078C,YER019C-A,0,0.96073306,0.7127507328987122,0.9920239448547363,0.04011203348636627
YPL131W,YMR012W,0,0.95847744,0.7122405171394348,0.9920239448547363,0.04021206498146057
YLR080W,YLR128W,0,0.95638037,0.7117310166358948,0.9920239448547363,0.04031209275126457
YGR027C,YNL268W,0,0.95248866,0.7112222909927368,0.9920239448547363,0.04041212424635887
YJL194W,YGL169W,0,0.9495537,0.7107142806053162,0.9920239448547363,0.04051215201616287
YML028W,YLL022C,0,0.9445275,0.7102069854736328,0.9920239448547363,0.04061218351125717
YJR159W,YFR032C-A,0,0.9424248,0.7097004055976868,0.9920239448547363,0.04071221500635147
YDR527W,YGL233W,0,0.9354674,0.7091946005821228,0.9920239448547363,0.04081224277615547
YLL041C,YMR086W,0,0.9241247,0.7086894512176514,0.9920239448547363,0.04091227427124977
YOL156W,YDR440W,0,0.9109156,0.708185076713562,0.9920239448547363,0.04101230204105377
YHR143W,YDR534C,0,0.90288985,0.7076813578605652,0.9920239448547363,0.04111233353614807
YDR197W,YPL211W,0,0.89854985,0.7071784138679504,0.9920239448547363,0.04121236503124237
YIL136W,YOR044W,0,0.8980017,0.7066761255264282,0.9920239448547363,0.04131239280104637
YGR280C,YDR337W,0,0.88696355,0.7061746120452881,0.9920239448547363,0.04141242429614067
YBR183W,YOL077C,0,0.88515985,0.7056737542152405,0.9920239448547363,0.04151245206594467
YGR140W,YDL082W,0,0.88273317,0.7051736116409302,0.9920239448547363,0.04161248356103897
YHR021C,YMR032W,0,0.87711746,0.704674243927002,0.9920239448547363,0.04171251505613327
YOL140W,YDR237W,0,0.8737806,0.7041755318641663,0.9920239448547363,0.04181254282593727
YPL270W,YBR271W,0,0.8697902,0.7036775350570679,0.9920239448547363,0.04191257432103157
YLR395C,YLR233C,0,0.86921763,0.703180193901062,0.9920239448547363,0.04201260209083557
YDL060W,YJR059W,0,0.86287236,0.7026836276054382,0.9920239448547363,0.04211263358592987
YKL181W,YCR043C,0,0.86112434,0.702187716960907,0.9920239448547363,0.04221266508102417
YJL041W,YJL148W,0,0.8529608,0.701692521572113,0.9920239448547363,0.04231269285082817
YMR202W,YKR059W,0,0.8526472,0.7011980414390564,0.9920239448547363,0.04241272434592247
YPL212C,YOR222W,0,0.84420794,0.7007042169570923,0.9920239448547363,0.04251275211572647
YHR069C,YLR439W,0,0.836004,0.7002111077308655,0.9920239448547363,0.04261278361082077
YBR261C,YJL177W,0,0.83272886,0.699718713760376,0.9920239448547363,0.04271281510591507
YDR492W,YLR025W,0,0.82786816,0.699226975440979,0.9920239448547363,0.04281284287571907
YIL023C,YCR079W,0,0.8209725,0.6987359523773193,0.9920239448547363,0.04291287437081337
YLR221C,YDL040C,0,0.8189925,0.6982455849647522,0.9920239448547363,0.04301290214061737
YPR102C,YPL249C-A,0,0.8167873,0.6977559328079224,0.9920239448547363,0.04311293363571167
YJR107W,YJL214W,0,0.814441,0.6972669959068298,0.9920239448547363,0.04321296513080597
YOL140W,YIL121W,0,0.8130436,0.6967787146568298,0.9920239448547363,0.04331299290060997
YLL034C,YHR061C,0,0.8017422,0.6962910890579224,0.9920239448547363,0.04341302439570427
YLR197W,YKR065C,0,0.78023064,0.6958041787147522,0.9920239448547363,0.04351305216550827
YML010W,YKR060W,0,0.7630238,0.6953179836273193,0.9920239448547363,0.04361308366060257
YDR423C,YOR035C,0,0.7545265,0.6948323845863342,0.9920239448547363,0.04371311515569687
YDR418W,YBL030C,0,0.7544048,0.6943475008010864,0.9920239448547363,0.04381314292550087
YNL325C,YGL004C,0,0.75051826,0.6938633322715759,0.9920239448547363,0.04391317442059517
YCL018W,YPL227C,0,0.7412523,0.693379819393158,0.9920239448547363,0.04401320219039917
YAL021C,YAL042W,0,0.7396345,0.6928969621658325,0.9920239448547363,0.04411323368549347
YMR179W,YKL181W,0,0.7359451,0.6924147605895996,0.9920239448547363,0.04421326518058777
YHR209W,YNL208W,0,0.7341718,0.6919332146644592,0.9920239448547363,0.04431329295039177
YOR143C,YKR044W,0,0.7287604,0.6914523839950562,0.9920239448547363,0.04441332444548607
YML008C,YJR064W,0,0.72545856,0.6909722089767456,0.9920239448547363,0.04451335221529007
YJL145W,YNL306W,0,0.7245192,0.6904926896095276,0.9920239448547363,0.04461338371038437
YPL093W,YFR015C,0,0.71559864,0.6900138854980469,0.9920239448547363,0.04471341520547867
YDL201W,YJL052W,0,0.7137587,0.6895356774330139,0.9920239448547363,0.04481344297528267
YFL018C,YGR081C,0,0.71323115,0.6890581846237183,0.9920239448547363,0.04491347447037697
YGL097W,YHR164C,0,0.70844185,0.6885812878608704,0.9920239448547363,0.04501350224018097
YJL041W,YJL198W,0,0.70556843,0.6881051063537598,0.9920239448547363,0.04511353373527527
YHR084W,YPR118W,0,0.70524335,0.6876295804977417,0.9920239448547363,0.04521356523036957
YGR090W,YMR083W,0,0.7051025,0.6871547102928162,0.9920239448547363,0.04531359300017357
YNL163C,YER148W,0,0.7030751,0.6866804957389832,0.9920239448547363,0.04541362449526787
YGR280C,YML030W,0,0.7026662,0.6862068772315979,0.9920239448547363,0.04551365226507187
YER151C,YDR418W,0,0.6890646,0.68573397397995,0.9920239448547363,0.04561368376016617
YDL201W,YHR043C,0,0.6867115,0.6852617263793945,0.9920239448547363,0.04571371525526047
YKL014C,YNL227C,1,0.6840231,0.6854783296585083,0.9930209517478943,0.04571371525526047
YJR094W-A,YOR073W,0,0.6833718,0.685006856918335,0.9930209517478943,0.04581374302506447
YBR126C,YDR524C,0,0.6816549,0.6845360994338989,0.9930209517478943,0.04591377452015877
YBR182C,YDR069C,0,0.67532873,0.6840659379959106,0.9930209517478943,0.04601380228996277
YJR147W,YOL033W,0,0.6712923,0.6835964322090149,0.9930209517478943,0.04611383378505707
YGL147C,YEL036C,0,0.6696937,0.6831275820732117,0.9930209517478943,0.04621386528015137
YJL076W,YGR177C,0,0.66941005,0.6826593279838562,0.9930209517478943,0.04631389304995537
YLL012W,YPL231W,0,0.6550131,0.682191789150238,0.9930209517478943,0.04641392454504967
YLR097C,YGR052W,0,0.6548579,0.6817248463630676,0.9930209517478943,0.04651395604014397
YJL019W,YGL003C,0,0.6471606,0.6812585592269897,0.9930209517478943,0.04661398380994797
YNL248C,YDR156W,0,0.6467299,0.6807928681373596,0.9930209517478943,0.04671401530504227
YDR281C,YMR202W,0,0.6436159,0.6803278923034668,0.9930209517478943,0.04681404307484627
YKL021C,YPL129W,0,0.6411859,0.679863452911377,0.9930209517478943,0.04691407456994057
YKL193C,YGL124C,0,0.6384786,0.6793997287750244,0.9930209517478943,0.047014106065034866
YJR140C,YIL128W,0,0.6353313,0.6789366006851196,0.9930209517478943,0.04711413383483887
YOR150W,YPL193W,1,0.6286041,0.6791552901268005,0.9940179586410522,0.04711413383483887
YOR167C,YBL052C,0,0.62368184,0.6786929965019226,0.9940179586410522,0.047214165329933167
YOL094C,YGL135W,0,0.62159383,0.6782312989234924,0.9940179586410522,0.04731419309973717
YNR012W,YBR177C,0,0.61829776,0.67777019739151,0.9940179586410522,0.04741422459483147
YJR007W,YGR071C,0,0.6159867,0.6773098111152649,0.9940179586410522,0.047514256089925766
YIL131C,YMR033W,0,0.61326385,0.6768499612808228,0.9940179586410522,0.04761428385972977
YDR266C,YDR156W,0,0.61145544,0.6763907670974731,0.9940179586410522,0.047714315354824066
YLR197W,YNR040W,0,0.60896003,0.6759322285652161,0.9940179586410522,0.04781434312462807
YCR087C-A,YHR141C,0,0.6088671,0.675474226474762,0.9940179586410522,0.047914374619722366
YNL075W,YHR041C,0,0.6078212,0.6750169396400452,0.9940179586410522,0.048014406114816666
YOR315W,YLR203C,0,0.6063322,0.6745601892471313,0.9940179586410522,0.048114433884620667
YOR144C,YPL153C,0,0.59975815,0.6741041541099548,0.9940179586410522,0.048214465379714966
YNL188W,YER180C,0,0.5994255,0.6736486554145813,0.9940179586410522,0.04831449314951897
YJR014W,YLR222C,0,0.5951967,0.6731938123703003,0.9940179586410522,0.048414524644613266
YDL232W,YML130C,0,0.5930307,0.672739565372467,0.9940179586410522,0.048514556139707565
YNL175C,YBL011W,0,0.58596516,0.6722859144210815,0.9940179586410522,0.048614583909511566
YPR113W,YML052W,0,0.5816922,0.6718328595161438,0.9940179586410522,0.048714615404605865
YDR512C,YNL009W,0,0.5806376,0.6713804602622986,0.9940179586410522,0.048814643174409866
YLR291C,YJR112W,0,0.5791204,0.6709286570549011,0.9940179586410522,0.048914674669504166
YNL300W,YMR032W,0,0.57829404,0.6704774498939514,0.9940179586410522,0.049014706164598465
YDL127W,YNL030W,0,0.5769288,0.6700268983840942,0.9940179586410522,0.049114733934402466
YJL102W,YHL047C,0,0.57510567,0.66957688331604,0.9940179586410522,0.049214765429496765
YNL117W,YHR161C,0,0.5698797,0.6691275238990784,0.9940179586410522,0.049314793199300766
YJR143C,YPR060C,0,0.5698072,0.6686787605285645,0.9940179586410522,0.049414824694395065
YNR063W,YPR185W,0,0.5570678,0.6682305335998535,0.9940179586410522,0.049514856189489365
YNR041C,YMR024W,0,0.5550576,0.6677829623222351,0.9940179586410522,0.049614883959293365
YOR133W,YJL209W,0,0.5543179,0.6673359870910645,0.9940179586410522,0.049714915454387665
YEL055C,YOR326W,0,0.5540801,0.6668896079063416,0.9940179586410522,0.049814943224191666
YOR224C,YFL037W,0,0.55352336,0.6664438247680664,0.9940179586410522,0.049914974719285965
YKL014C,YPR016C,1,0.5532361,0.6666666865348816,0.9950149655342102,0.049914974719285965
YOR143C,YBR291C,0,0.5488352,0.6662216186523438,0.9950149655342102,0.050015006214380264
YDL136W,YLR139C,0,0.53831494,0.6657772064208984,0.9950149655342102,0.050115033984184265
YMR229C,YML032C,0,0.5376092,0.6653333306312561,0.9950149655342102,0.050215065479278564
YBL004W,YCR053W,0,0.5367292,0.6648900508880615,0.9950149655342102,0.050315093249082565
YOR222W,YNL112W,0,0.52301705,0.6644474267959595,0.9950149655342102,0.050415124744176865
YMR278W,YIL125W,0,0.5194013,0.6640053391456604,0.9950149655342102,0.050515156239271164
YDR020C,YML063W,0,0.5086311,0.6635638475418091,0.9950149655342102,0.050615184009075165
YKL183W,YLR204W,0,0.50655466,0.6631229519844055,0.9950149655342102,0.050715215504169464
YOR205C,YMR061W,0,0.50143796,0.6626825928688049,0.9950149655342102,0.050815243273973465
YNL207W,YHR187W,0,0.49614435,0.6622428894042969,0.9950149655342102,0.050915274769067764
YBR294W,YHL036W,0,0.49327654,0.6618037223815918,0.9950149655342102,0.051015306264162064
YMR189W,YMR143W,0,0.49324548,0.6613651514053345,0.9950149655342102,0.051115334033966064
YGR014W,YMR231W,0,0.4888089,0.6609271764755249,0.9950149655342102,0.051215365529060364
YGR249W,YCL052C,0,0.48725185,0.6604897379875183,0.9950149655342102,0.051315393298864365
YNL206C,YLR448W,0,0.4859101,0.6600528955459595,0.9950149655342102,0.051415424793958664
YPR125W,YNL021W,0,0.47427848,0.6596166491508484,0.9950149655342102,0.05151545628905296
YOL008W,YNL058C,0,0.4589037,0.6591809988021851,0.9950149655342102,0.051615484058856964
YDR139C,YOL077C,0,0.44966376,0.6587458848953247,0.9950149655342102,0.05171551555395126
YLR207W,YDL039C,0,0.44477916,0.6583113670349121,0.9950149655342102,0.051815543323755264
YGL031C,YOL066C,0,0.43476236,0.6578773856163025,0.9950149655342102,0.051915574818849564
YMR012W,YGL099W,0,0.43019706,0.6574440002441406,0.9950149655342102,0.05201560631394386
YLR013W,YLR265C,0,0.42529017,0.6570112109184265,0.9950149655342102,0.052115634083747864
YLR448W,YEL022W,0,0.4244987,0.6565789580345154,0.9950149655342102,0.05221566557884216
YJL148W,YGL050W,0,0.41866022,0.656147301197052,0.9950149655342102,0.052315693348646164
YNL311C,YER172C,0,0.41599584,0.6557161808013916,0.9950149655342102,0.05241572484374046
YDL191W,YER160C,0,0.4062384,0.6552855968475342,0.9950149655342102,0.05251575633883476
YGR285C,YJL187C,0,0.4057858,0.6548556685447693,0.9950149655342102,0.05261578410863876
YIR032C,YGR038W,0,0.40476814,0.6544262170791626,0.9950149655342102,0.05271581560373306
YGR191W,YDR115W,0,0.40341127,0.6539973616600037,0.9950149655342102,0.052815843373537064
YOL127W,YOL067C,0,0.39988297,0.6535691022872925,0.9950149655342102,0.05291587486863136
YDR060W,YOR047C,0,0.3946525,0.6531413793563843,0.9950149655342102,0.05301590636372566
YIR012W,YAL061W,0,0.3926466,0.652714192867279,0.9950149655342102,0.05311593413352966
YOR293W,YPL172C,0,0.3882463,0.6522876024246216,0.9950149655342102,0.05321596562862396
YCR096C,YIR038C,0,0.38657635,0.6518615484237671,0.9950149655342102,0.05331599339842796
YMR045C,YLR145W,0,0.38540846,0.6514360308647156,0.9950149655342102,0.05341602489352226
YLR048W,YOR375C,0,0.3769006,0.6510111093521118,0.9950149655342102,0.05351605638861656
YGR027C,YOR046C,0,0.36454585,0.650586724281311,0.9950149655342102,0.05361608415842056
YDL153C,YLR270W,0,0.35998163,0.6501628756523132,0.9950149655342102,0.05371611565351486
YCR040W,YJL008C,0,0.35925308,0.6497395634651184,0.9950149655342102,0.05381614342331886
YGR109C,YBL092W,0,0.3546517,0.6493168473243713,0.9950149655342102,0.05391617491841316
YDL055C,YFR041C,0,0.35414523,0.6488946676254272,0.9950149655342102,0.05401620641350746
YBR238C,YAR050W,0,0.34593445,0.6484730243682861,0.9950149655342102,0.05411623418331146
YPR112C,YHR184W,0,0.3433257,0.6480519771575928,0.9950149655342102,0.05421626567840576
YOR025W,YPR198W,0,0.34172523,0.6476314067840576,0.9950149655342102,0.05431629344820976
YDR082W,YCL075W,0,0.3404412,0.6472114324569702,0.9950149655342102,0.05441632494330406
YBR179C,YJR002W,0,0.3381034,0.646791934967041,0.9950149655342102,0.05451635643839836
YNL206C,YDL055C,0,0.33686304,0.6463730335235596,0.9950149655342102,0.05461638420820236
YBR214W,YBR093C,0,0.33644664,0.6459546685218811,0.9950149655342102,0.05471641570329666
YKL011C,YHR098C,0,0.33276004,0.6455368399620056,0.9950149655342102,0.05481644347310066
YDR451C,YCL063W,0,0.3202688,0.6451196074485779,0.9950149655342102,0.05491647496819496
YLR406C,YDR167W,0,0.3188105,0.6447028517723083,0.9950149655342102,0.05501650646328926
YCL025C,YLL008W,0,0.31702584,0.6442866325378418,0.9950149655342102,0.05511653423309326
YBR115C,YFL036W,0,0.31526577,0.6438709497451782,0.9950149655342102,0.05521656572818756
YOL123W,YLR172C,0,0.31164387,0.6434558629989624,0.9950149655342102,0.05531659349799156
YOR115C,YOR214C,0,0.30704725,0.6430412530899048,0.9950149655342102,0.05541662499308586
YHR023W,YPR035W,0,0.30564767,0.6426271796226501,0.9950149655342102,0.05551665648818016
YPR047W,YDL191W,0,0.30564004,0.6422136425971985,0.9950149655342102,0.05561668425798416
YJL151C,YIL111W,0,0.30337352,0.6418006420135498,0.9950149655342102,0.05571671575307846
YLR286C,YMR257C,0,0.30270433,0.6413881778717041,0.9950149655342102,0.05581674352288246
YLL038C,YMR256C,0,0.29809216,0.6409762501716614,0.9950149655342102,0.05591677501797676
YGR223C,YGL004C,0,0.29559466,0.6405647993087769,0.9950149655342102,0.05601680651307106
YGR123C,YMR193W,0,0.2948166,0.6401539444923401,0.9950149655342102,0.05611683428287506
YIL076W,YPR103W,0,0.2917795,0.6397435665130615,0.9950149655342102,0.05621686577796936
YLR002C,YDR073W,0,0.28984508,0.6393337845802307,0.9950149655342102,0.05631689354777336
YIR013C,YMR264W,0,0.28978342,0.6389244794845581,0.9950149655342102,0.05641692504286766
YEL004W,YPR163C,0,0.2896483,0.6385156512260437,0.9950149655342102,0.05651695653796196
YKR003W,YMR128W,0,0.28672236,0.638107419013977,0.9950149655342102,0.05661698430776596
YBR158W,YMR130W,0,0.28530467,0.6376996636390686,0.9950149655342102,0.05671701580286026
YOL026C,YGL255W,0,0.28072235,0.6372924447059631,0.9950149655342102,0.05681704357266426
YOR224C,YAL044C,0,0.27973792,0.6368857622146606,0.9950149655342102,0.05691707506775856
YNL312W,YLR035C-A,0,0.27877653,0.6364796161651611,0.9950149655342102,0.05701710656285286
YLL022C,YIL110W,0,0.27685744,0.6360739469528198,0.9950149655342102,0.05711713433265686
YEL054C,YNR028W,0,0.27471408,0.6356688141822815,0.9950149655342102,0.05721716582775116
YCR024C-A,YBR084C-A,0,0.27237734,0.6352641582489014,0.9950149655342102,0.05731719359755516
YCR083W,YDL222C,0,0.2702292,0.6348600387573242,0.9950149655342102,0.05741722509264946
YPR021C,YPL104W,0,0.26880097,0.63445645570755,0.9950149655342102,0.05751725658774376
YOL149W,YNR046W,0,0.26846278,0.6340533494949341,0.9950149655342102,0.05761728435754776
YOR122C,YML056C,0,0.26629514,0.6336507797241211,0.9950149655342102,0.05771731585264206
YPR018W,YBR031W,0,0.26359513,0.6332487463951111,0.9950149655342102,0.05781734362244606
YER131W,YBL005W-A,0,0.2619745,0.6328471899032593,0.9950149655342102,0.05791737511754036
YPL212C,YDL227C,0,0.25880036,0.6324461102485657,0.9950149655342102,0.05801740661263466
YER171W,YML014W,0,0.25512367,0.6320456266403198,0.9950149655342102,0.05811743438243866
YJR056C,YML018C,0,0.2523275,0.6316455602645874,0.9950149655342102,0.05821746587753296
YNL300W,YDR449C,0,0.24107435,0.631246030330658,0.9950149655342102,0.05831749364733696
YLR390W,YGL031C,0,0.24038261,0.6308470368385315,0.9950149655342102,0.05841752514243126
YLR419W,YNL256W,0,0.24027413,0.6304485201835632,0.9950149655342102,0.05851755663752556
YPR137W,YDR238C,0,0.23673505,0.6300504803657532,0.9950149655342102,0.05861758440732956
YDL164C,YML018C,0,0.23326825,0.6296529769897461,0.9950149655342102,0.05871761590242386
YEL009C,YDL121C,0,0.23139286,0.629256010055542,0.9950149655342102,0.05881764367222786
YML104C,YER049W,0,0.23004952,0.6288594603538513,0.9950149655342102,0.05891767516732216
YOR346W,YPR048W,0,0.22664785,0.6284634470939636,0.9950149655342102,0.05901770666241646
YGR280C,YKL210W,0,0.2217105,0.6280679702758789,0.9950149655342102,0.05911773443222046
YFL033C,YIL083C,0,0.21674715,0.6276729702949524,0.9950149655342102,0.05921776592731476
YJL111W,YDR522C,0,0.21653116,0.6272784471511841,0.9950149655342102,0.05931779369711876
YER146W,YPL129W,0,0.2159709,0.626884400844574,0.9950149655342102,0.05941782519221306
YOL039W,YJL157C,0,0.21471268,0.6264908909797668,0.9950149655342102,0.05951785668730736
YBR012W-A,YPL124W,0,0.2142956,0.6260978579521179,0.9950149655342102,0.05961788445711136
YPL033C,YPL265W,0,0.21421482,0.6257053017616272,0.9950149655342102,0.05971791595220566
YGR179C,YER161C,0,0.2106684,0.6253132820129395,0.9950149655342102,0.05981794372200966
YNL177C,YBR276C,0,0.21058571,0.6249217391014099,0.9950149655342102,0.05991797521710396
YDR231C,YAL061W,0,0.20639937,0.6245306730270386,0.9950149655342102,0.06001800671219826
YMR316W,YFL029C,0,0.20199594,0.6241400837898254,0.9950149655342102,0.06011803448200226
YPL002C,YDR058C,0,0.2009847,0.6237499713897705,0.9950149655342102,0.06021806597709656
YGL103W,YOL145C,0,0.19756025,0.6233603954315186,0.9950149655342102,0.06031809374690056
YDR174W,YJR105W,0,0.19400382,0.6229712963104248,0.9950149655342102,0.06041812524199486
YHR129C,YDR064W,0,0.19288775,0.6225826740264893,0.9950149655342102,0.06051815673708916
YDR088C,YJR059W,0,0.19202778,0.6221945285797119,0.9950149655342102,0.06061818450689316
YDR536W,YIR006C,0,0.18898559,0.6218068599700928,0.9950149655342102,0.06071821600198746
YKL152C,YOL130W,0,0.18801469,0.6214196681976318,0.9950149655342102,0.06081824377179146
YGL175C,YIL159W,0,0.18718311,0.6210329532623291,0.9950149655342102,0.06091827526688576
YKL181W,YIR034C,0,0.18667719,0.6206467747688293,0.9950149655342102,0.06101830676198006
YMR260C,YHR152W,0,0.18600473,0.620261013507843,0.9950149655342102,0.06111833453178406
YIL020C,YOL082W,0,0.18209217,0.6198757886886597,0.9950149655342102,0.06121836602687836
YML024W,YER019C-A,0,0.1773791,0.6194909811019897,0.9950149655342102,0.06131839379668236
YER002W,YCR012W,0,0.1770997,0.6191067099571228,0.9950149655342102,0.06141842529177666
YBR290W,YDR380W,0,0.17412771,0.6187228560447693,0.9950149655342102,0.061518456786870956
YPR163C,YPL244C,0,0.17168172,0.6183395385742188,0.9950149655342102,0.06161848455667496
YJL158C,YHL033C,0,0.16797689,0.6179566383361816,0.9950149655342102,0.06171851605176926
YPR137W,YAR035W,0,0.16796735,0.6175742745399475,0.9950149655342102,0.06181854382157326
YNL046W,YCL026C-A,0,0.16479115,0.6171923279762268,0.9950149655342102,0.06191857531666756
YNL310C,YGR145W,0,0.1637736,0.6168108582496643,0.9950149655342102,0.062018606811761856
YOR066W,YLR297W,0,0.16334543,0.61642986536026,0.9950149655342102,0.06211863458156586
YJR032W,YOL139C,0,0.16066334,0.6160494089126587,0.9950149655342102,0.062218666076660156
YLR383W,YGR177C,0,0.1586704,0.6156693696975708,0.9950149655342102,0.06231869384646416
YOL045W,YJR110W,0,0.1570522,0.6152897477149963,0.9950149655342102,0.062418725341558456
YGR264C,YMR303C,0,0.15386793,0.6149106621742249,0.9950149655342102,0.06251875311136246
YDR001C,YGR251W,0,0.15013438,0.6145319938659668,0.9950149655342102,0.06261878460645676
YGL031C,YHR136C,0,0.149068,0.6141538619995117,0.9950149655342102,0.06271881610155106
YKL101W,YDL064W,0,0.1488032,0.6137761473655701,0.9950149655342102,0.06281884759664536
YDR158W,YLR051C,0,0.14849027,0.6133989095687866,0.9950149655342102,0.06291887909173965
YDR037W,YGR001C,0,0.14564425,0.6130220890045166,0.9950149655342102,0.06301890313625336
YIL127C,YMR285C,0,0.14398605,0.6126458048820496,0.9950149655342102,0.06311893463134766
YLR106C,YPL193W,1,0.1370668,0.612883448600769,0.9960119724273682,0.06311893463134766
YLR383W,YGR054W,0,0.13524233,0.6125076413154602,0.9960119724273682,0.06321896612644196
YDR346C,YKL113C,0,0.12548439,0.6121323704719543,0.9960119724273682,0.06331899762153625
YBR040W,YNR016C,0,0.124696374,0.6117575168609619,0.9960119724273682,0.06341902911663055
YDL204W,YDR172W,0,0.12186082,0.6113830804824829,0.9960119724273682,0.06351905316114426
YGL043W,YGL113W,0,0.120321915,0.6110091805458069,0.9960119724273682,0.06361908465623856
YKL144C,YPR011C,0,0.11401335,0.6106356978416443,0.9960119724273682,0.06371911615133286
YIL097W,YLR414C,0,0.113920294,0.6102626919746399,0.9960119724273682,0.06381914764642715
YDL208W,YNL339C,0,0.10499045,0.6098901033401489,0.9960119724273682,0.06391917914152145
YGL003C,YIL150C,0,0.10467303,0.6095179915428162,0.9960119724273682,0.06401920318603516
YMR017W,YIL047C,0,0.10156009,0.6091463565826416,0.9960119724273682,0.06411923468112946
YOR354C,YGR084C,0,0.09850283,0.6087751388549805,0.9960119724273682,0.06421926617622375
YDR492W,YNL339C,0,0.095340535,0.6084043979644775,0.9960119724273682,0.06431929767131805
YPL008W,YNL178W,0,0.09322623,0.608034074306488,0.9960119724273682,0.06441932916641235
YLR222C,YDR414C,0,0.09059675,0.6076642274856567,0.9960119724273682,0.06451935321092606
YMR291W,YKL007W,0,0.08609585,0.6072948575019836,0.9960119724273682,0.06461938470602036
YLR163C,YER126C,0,0.08445847,0.606925904750824,0.9960119724273682,0.06471941620111465
YDL246C,YJR055W,0,0.0829529,0.6065573692321777,0.9960119724273682,0.06481944769620895
YBR293W,YDL022W,0,0.08265844,0.6061893105506897,0.9960119724273682,0.06491947919130325
YKL166C,YNL186W,0,0.079442814,0.6058217287063599,0.9960119724273682,0.06501950323581696
YDR460W,YAR071W,0,0.07868576,0.6054545640945435,0.9960119724273682,0.06511953473091125
YDL201W,YGL008C,0,0.075112015,0.6050878167152405,0.9960119724273682,0.06521956622600555
YLR406C,YKR068C,0,0.07333712,0.6047215461730957,0.9960119724273682,0.06531959772109985
YBL106C,YOR083W,0,0.0650266,0.6043556928634644,0.9960119724273682,0.06541962921619415
YMR199W,YDL130W,0,0.061485253,0.6039903163909912,0.9960119724273682,0.06551965326070786
YHR140W,YER020W,0,0.06112113,0.6036253571510315,0.9960119724273682,0.06561968475580215
YBL082C,YGL135W,0,0.05908981,0.60326087474823,0.9960119724273682,0.06571971625089645
YDL075W,YJL130C,0,0.05864898,0.6028968095779419,0.9960119724273682,0.06581974774599075
YDR281C,YPL015C,0,0.05834019,0.6025331616401672,0.9960119724273682,0.06591977924108505
YGL147C,YBR037C,0,0.058157578,0.6021699905395508,0.9960119724273682,0.06601980328559875
YGL133W,YIL082W-A,0,0.056674406,0.6018072366714478,0.9960119724273682,0.06611983478069305
YBR204C,YDR096W,0,0.054637313,0.6014449000358582,0.9960119724273682,0.06621986627578735
YLR452C,YOR151C,0,0.04895991,0.6010830402374268,0.9960119724273682,0.06631989777088165
YJL090C,YLR134W,0,0.04031968,0.6007215976715088,0.9960119724273682,0.06641992926597595
YJR070C,YOR226C,0,0.039738655,0.6003605723381042,0.9960119724273682,0.06651995331048965
YDL021W,YJL020C,0,0.038446724,0.6000000238418579,0.9960119724273682,0.06661998480558395
YLR256W,YPR063C,0,0.036014035,0.5996398329734802,0.9960119724273682,0.06672001630067825
YKR048C,YMR186W,0,0.03281203,0.5992801189422607,0.9960119724273682,0.06682004779577255
YGR200C,YDR079W,0,0.031195521,0.5989208817481995,0.9960119724273682,0.06692007929086685
YNL061W,YDR085C,0,0.03042519,0.5985620021820068,0.9960119724273682,0.06702010333538055
YLR244C,YDR197W,0,0.029545724,0.5982035994529724,0.9960119724273682,0.06712013483047485
YPL271W,YLR051C,0,0.025322832,0.5978456139564514,0.9960119724273682,0.06722016632556915
YIL143C,YDL194W,0,0.024891432,0.5974880456924438,0.9960119724273682,0.06732019782066345
YPL223C,YPL005W,0,0.022258364,0.5971308946609497,0.9960119724273682,0.06742022931575775
YJR028W,YIL085C,0,0.020967342,0.5967742204666138,0.9960119724273682,0.06752025336027145
YOL016C,YBR299W,0,0.012611732,0.5964179039001465,0.9960119724273682,0.06762028485536575
YHL022C,YBR298C,0,0.011922762,0.5960620641708374,0.9960119724273682,0.06772031635046005
YDR022C,YPL170W,0,0.011817463,0.5957066416740417,0.9960119724273682,0.06782034784555435
YDR198C,YJL144W,0,0.009869114,0.5953516364097595,0.9960119724273682,0.06792037934064865
YGR263C,YMR281W,0,0.009302586,0.5949970483779907,0.9960119724273682,0.06802040338516235
YAL047C,YCL059C,0,0.009137541,0.5946428775787354,0.9960119724273682,0.06812043488025665
YFR028C,YGL100W,0,0.0065490194,0.5942891240119934,0.9960119724273682,0.06822046637535095
YPR119W,YJR047C,0,0.0005609095,0.5939357876777649,0.9960119724273682,0.06832049787044525
YBL026W,YLR268W,0,-0.0029135048,0.5935828685760498,0.9960119724273682,0.06842052936553955
YGL051W,YNL093W,0,-0.006665515,0.5932304263114929,0.9960119724273682,0.06852055341005325
YJL207C,YMR277W,0,-0.011492334,0.5928783416748047,0.9960119724273682,0.06862058490514755
YDL055C,YDR404C,0,-0.013763547,0.5925266742706299,0.9960119724273682,0.06872061640024185
YML022W,YHR044C,0,-0.015050694,0.5921754837036133,0.9960119724273682,0.06882064789533615
YOR188W,YOL157C,0,-0.0174269,0.5918246507644653,0.9960119724273682,0.06892067939043045
YGR180C,YIL065C,0,-0.022705376,0.5914742350578308,0.9960119724273682,0.06902070343494415
YDR143C,YJL113W,0,-0.022785217,0.5911242365837097,0.9960119724273682,0.06912073493003845
YEL030W,YPL252C,0,-0.024037242,0.5907747149467468,0.9960119724273682,0.06922076642513275
YOR292C,YLR401C,0,-0.025519267,0.5904255509376526,0.9960119724273682,0.06932079792022705
YPL127C,YPL183W-A,0,-0.03128794,0.5900768041610718,0.9960119724273682,0.06942082941532135
YLR268W,YKL164C,0,-0.03342858,0.5897284746170044,0.9960119724273682,0.06952085345983505
YKL065C,YOR288C,0,-0.037419915,0.5893805027008057,0.9960119724273682,0.06962088495492935
YFL001W,YPL032C,0,-0.03812428,0.5890330076217651,0.9960119724273682,0.06972091645002365
YIL155C,YBR247C,0,-0.038381547,0.588685929775238,0.9960119724273682,0.06982094794511795
YDL039C,YBR166C,0,-0.038762644,0.5883392095565796,0.9960119724273682,0.06992097944021225
YGL191W,YDL054C,0,-0.039651938,0.5879929661750793,0.9960119724273682,0.07002100348472595
YDR224C,YNL149C,0,-0.045054242,0.5876470804214478,0.9960119724273682,0.07012103497982025
YLR433C,YDR511W,0,-0.045725815,0.5873016119003296,0.9960119724273682,0.07022106647491455
YNL169C,YPL050C,0,-0.048264757,0.5869565010070801,0.9960119724273682,0.07032109797000885
YDL111C,YBR044C,0,-0.05143141,0.5866118669509888,0.9960119724273682,0.07042112946510315
YHR160C,YDR242W,0,-0.05187718,0.5862675905227661,0.9960119724273682,0.07052115350961685
YER026C,YLR073C,0,-0.05703022,0.5859237313270569,0.9960119724273682,0.07062118500471115
YPL273W,YMR046C,0,-0.0578631,0.5855802893638611,0.9960119724273682,0.07072121649980545
YMR116C,YIR009W,0,-0.058830783,0.5852372646331787,0.9960119724273682,0.07082124799489975
YJR147W,YBR202W,0,-0.061442435,0.584894597530365,0.9960119724273682,0.07092127948999405
YDL185W,YOL013C,0,-0.06193492,0.5845523476600647,0.9960119724273682,0.07102130353450775
YPL016W,YER118C,0,-0.063260086,0.5842105150222778,0.9960119724273682,0.07112133502960205
YNL075W,YFR042W,0,-0.06501366,0.5838690996170044,0.9960119724273682,0.07122136652469635
YDR153C,YPL211W,0,-0.06650555,0.5835280418395996,0.9960119724273682,0.07132139801979065
YER056C-A,YNL005C,0,-0.068318605,0.5831874012947083,0.9960119724273682,0.07142142951488495
YLR340W,YGL246C,1,-0.06913998,0.5834305882453918,0.9970089793205261,0.07142142951488495
YDL101C,YER148W,0,-0.07357207,0.5830903649330139,0.9970089793205261,0.07152145355939865
YDR126W,YDR182W,0,-0.074337445,0.5827505588531494,0.9970089793205261,0.07162148505449295
YDL049C,YER012W,0,-0.075113624,0.5824111700057983,0.9970089793205261,0.07172151654958725
YMR217W,YPL227C,0,-0.07949314,0.5820721983909607,0.9970089793205261,0.07182154804468155
YJR068W,YOL155C,0,-0.07992609,0.5817335844039917,0.9970089793205261,0.07192157953977585
YOR187W,YCL031C,0,-0.081439435,0.5813953280448914,0.9970089793205261,0.07202160358428955
YHR005C-A,YGR162W,0,-0.08392584,0.5810575485229492,0.9970089793205261,0.07212163507938385
YDR385W,YGR218W,0,-0.09363397,0.580720067024231,0.9970089793205261,0.07222166657447815
YOL146W,YHR216W,0,-0.09627468,0.5803830623626709,0.9970089793205261,0.07232169806957245
YOL100W,YOR237W,0,-0.09637064,0.5800464153289795,0.9970089793205261,0.07242172956466675
YJL010C,YBL082C,0,-0.096982,0.5797101259231567,0.9970089793205261,0.07252175360918045
YKL143W,YLR015W,0,-0.0986259,0.5793742537498474,0.9970089793205261,0.07262178510427475
YJL008C,YMR104C,0,-0.10009895,0.5790387988090515,0.9970089793205261,0.07272181659936905
YML060W,YMR033W,0,-0.100343116,0.5787037014961243,0.9970089793205261,0.07282184809446335
YDR424C,YML097C,0,-0.10128547,0.5783690214157104,0.9970089793205261,0.07292187958955765
YOL017W,YOR230W,0,-0.10448473,0.5780346989631653,0.9970089793205261,0.07302190363407135
YDR378C,YFL039C,0,-0.10679157,0.5777007341384888,0.9970089793205261,0.07312193512916565
YMR121C,YML039W,0,-0.10795794,0.5773671865463257,0.9970089793205261,0.07322196662425995
YBR115C,YPL037C,0,-0.108463,0.577034056186676,0.9970089793205261,0.07332199811935425
YLR126C,YAL038W,0,-0.11124797,0.576701283454895,0.9970089793205261,0.07342202961444855
YLR192C,YCR087C-A,0,-0.11247231,0.5763688683509827,0.9970089793205261,0.07352205365896225
YLR304C,YPR119W,0,-0.11465892,0.5760368704795837,0.9970089793205261,0.07362208515405655
YMR217W,YDR342C,0,-0.115509614,0.5757052302360535,0.9970089793205261,0.07372211664915085
YKL201C,YPL086C,0,-0.1170426,0.5753740072250366,0.9970089793205261,0.07382214814424515
YCL030C,YML093W,0,-0.1189073,0.5750431418418884,0.9970089793205261,0.07392217963933945
YOR293W,YML118W,0,-0.12492746,0.5747126340866089,0.9970089793205261,0.07402220368385315
YJL005W,YOR237W,0,-0.12522876,0.5743825435638428,0.9970089793205261,0.07412223517894745
YNL154C,YGL026C,0,-0.12539428,0.5740528106689453,0.9970089793205261,0.07422226667404175
YML097C,YMR160W,0,-0.12949911,0.5737234950065613,0.9970089793205261,0.07432229816913605
YOR058C,YOR303W,0,-0.12955347,0.5733944773674011,0.9970089793205261,0.07442232966423035
YIL010W,YFR003C,0,-0.13710529,0.5730658769607544,0.9970089793205261,0.07452235370874405
YNL110C,YDR062W,0,-0.13865262,0.5727376937866211,0.9970089793205261,0.07462238520383835
YGR215W,YKL144C,0,-0.1390987,0.5724098682403564,0.9970089793205261,0.07472241669893265
YMR179W,YBR267W,0,-0.1429916,0.5720824003219604,0.9970089793205261,0.07482244819402695
YDR258C,YDL148C,0,-0.14687139,0.5717552900314331,0.9970089793205261,0.07492247968912125
YGR222W,YIL065C,0,-0.15213847,0.5714285969734192,0.9970089793205261,0.07502250373363495
YGR118W,YGR089W,0,-0.15289675,0.5711022019386292,0.9970089793205261,0.07512253522872925
YGR087C,YKR056W,0,-0.15375343,0.5707762837409973,0.9970089793205261,0.07522256672382355
YDR036C,YER141W,0,-0.1549013,0.5704506635665894,0.9970089793205261,0.07532259821891785
YLR192C,YNL069C,0,-0.15707156,0.57012540102005,0.9970089793205261,0.07542262971401215
YOR153W,YLR139C,0,-0.15734763,0.5698005557060242,0.9970089793205261,0.07552265375852585
YJL074C,YML014W,0,-0.16052769,0.5694760680198669,0.9970089793205261,0.07562268525362015
YIL094C,YMR051C,0,-0.16154104,0.5691519379615784,0.9970089793205261,0.07572271674871445
YHR206W,YBR037C,0,-0.16380352,0.5688282251358032,0.9970089793205261,0.07582274824380875
YHR041C,YPR056W,0,-0.16555569,0.568504810333252,0.9970089793205261,0.07592277973890305
YOR228C,YOL060C,0,-0.16783938,0.5681818127632141,0.9970089793205261,0.07602280378341675
YFL018C,YJR056C,0,-0.16799156,0.5678591728210449,0.9970089793205261,0.07612283527851105
YAL044C,YMR204C,0,-0.1685046,0.5675368905067444,0.9970089793205261,0.07622286677360535
YNL113W,YGL203C,0,-0.16891748,0.5672149658203125,0.9970089793205261,0.07632289826869965
YKL042W,YDL148C,0,-0.17147464,0.5668933987617493,0.9970089793205261,0.07642292976379395
YDR448W,YKR038C,0,-0.17297243,0.5665722489356995,0.9970089793205261,0.07652295380830765
YDR258C,YBR104W,0,-0.17493036,0.5662513971328735,0.9970089793205261,0.07662298530340195
YPR132W,YKL212W,0,-0.17686029,0.565930962562561,0.9970089793205261,0.07672301679849625
YJR066W,YDR101C,0,-0.17968221,0.5656108856201172,0.9970089793205261,0.07682304829359055
YBR150C,YLR009W,0,-0.1859129,0.5652911067008972,0.9970089793205261,0.07692307978868484
YGL244W,YHR065C,0,-0.18792701,0.5649717450141907,0.9970089793205261,0.07702310383319855
YGR054W,YGL021W,0,-0.18882164,0.5646527409553528,0.9970089793205261,0.07712313532829285
YAL062W,YGL200C,0,-0.18968916,0.5643340945243835,0.9970089793205261,0.07722316682338715
YBL018C,YJR047C,0,-0.19145903,0.564015805721283,0.9970089793205261,0.07732319831848145
YHL001W,YJR093C,0,-0.1964887,0.563697874546051,0.9970089793205261,0.07742322981357574
YKL209C,YLR307W,0,-0.19795522,0.5633803009986877,0.9970089793205261,0.07752325385808945
YGL256W,YDR026C,0,-0.1997203,0.5630630850791931,0.9970089793205261,0.07762328535318375
YBR141C,YDR050C,0,-0.20293832,0.5627462267875671,0.9970089793205261,0.07772331684827805
YDR210W,YER153C,0,-0.20561023,0.562429666519165,0.9970089793205261,0.07782334834337234
YJR043C,YBR009C,0,-0.2079259,0.5621135234832764,0.9970089793205261,0.07792337983846664
YGL097W,YHR183W,0,-0.21503012,0.5617977380752563,0.9970089793205261,0.07802340388298035
YLR015W,YDR297W,0,-0.21620053,0.561482310295105,0.9970089793205261,0.07812343537807465
YBR150C,YKL078W,0,-0.21739867,0.5611672401428223,0.9970089793205261,0.07822346687316895
YHL022C,YGR282C,0,-0.21813753,0.5608524680137634,0.9970089793205261,0.07832349836826324
YIL114C,YDL130W,0,-0.22036085,0.560538113117218,0.9970089793205261,0.07842352986335754
YDR184C,YPR063C,0,-0.22300689,0.5602241158485413,0.9970089793205261,0.07852355390787125
YGL121C,YPL271W,0,-0.22531074,0.5599104166030884,0.9970089793205261,0.07862358540296555
YIR014W,YBL089W,0,-0.22726989,0.5595970749855042,0.9970089793205261,0.07872361689805984
YLR378C,YDL040C,0,-0.23337531,0.5592840909957886,0.9970089793205261,0.07882364839315414
YBR004C,YDR330W,0,-0.23590589,0.5589714646339417,0.9970089793205261,0.07892367988824844
YBR170C,YOL065C,0,-0.23722501,0.5586591958999634,0.9970089793205261,0.07902370393276215
YJR007W,YAL058W,0,-0.24069324,0.5583472847938538,0.9970089793205261,0.07912373542785645
YCL018W,YPL090C,0,-0.24480888,0.5580357313156128,0.9970089793205261,0.07922376692295074
YPL217C,YDR225W,0,-0.24803498,0.5577244758605957,0.9970089793205261,0.07932379841804504
YHR143W-A,YMR061W,0,-0.24804392,0.5574135780334473,0.9970089793205261,0.07942382991313934
YBR020W,YDR429C,0,-0.24877098,0.5571030378341675,0.9970089793205261,0.07952385395765305
YER004W,YJL082W,0,-0.25238693,0.5567928552627563,0.9970089793205261,0.07962388545274734
YJL036W,YFL014W,0,-0.25447595,0.5564830303192139,0.9970089793205261,0.07972391694784164
YDL136W,YDR195W,0,-0.25716245,0.5561735033988953,0.9970089793205261,0.07982394844293594
YHR143W-A,YGL014W,0,-0.2608256,0.5558643937110901,0.9970089793205261,0.07992397993803024
YHR143W-A,YPR001W,0,-0.26281807,0.5555555820465088,0.9970089793205261,0.08002400398254395
YOR069W,YPL066W,0,-0.26282436,0.5552470684051514,0.9970089793205261,0.08012403547763824
YAR027W,YGR194C,0,-0.2650153,0.5549389719963074,0.9970089793205261,0.08022406697273254
YOL140W,YLR027C,0,-0.26600367,0.5546311736106873,0.9970089793205261,0.08032409846782684
YGL048C,YHR039C,0,-0.26962918,0.5543237328529358,0.9970089793205261,0.08042412996292114
YOR145C,YER020W,0,-0.26968357,0.554016649723053,0.9970089793205261,0.08052415400743484
YER162C,YBR222C,0,-0.27111247,0.553709864616394,0.9970089793205261,0.08062418550252914
YPL159C,YMR139W,0,-0.27304986,0.5534034371376038,0.9970089793205261,0.08072421699762344
YGR200C,YMR292W,0,-0.27313405,0.5530973672866821,0.9970089793205261,0.08082424849271774
YDR279W,YGL147C,0,-0.27480158,0.5527915954589844,0.9970089793205261,0.08092427998781204
YGR276C,YJL050W,0,-0.27503705,0.5524861812591553,0.9970089793205261,0.08102430403232574
YPL157W,YHR167W,0,-0.27524024,0.5521811246871948,0.9970089793205261,0.08112433552742004
YJR143C,YLR355C,0,-0.27848008,0.5518763661384583,0.9970089793205261,0.08122436702251434
YEL042W,YBR261C,0,-0.28195757,0.5515719652175903,0.9970089793205261,0.08132439851760864
YCR096C,YML131W,0,-0.28253937,0.5512679219245911,0.9970089793205261,0.08142443001270294
YOR287C,YGR207C,0,-0.28292978,0.5509641766548157,0.9970089793205261,0.08152445405721664
YMR309C,YER145C,0,-0.2839479,0.5506607890129089,0.9970089793205261,0.08162448555231094
YDL192W,YLR229C,0,-0.28558004,0.5503577589988708,0.9970089793205261,0.08172451704740524
YDL156W,YNL241C,0,-0.28612518,0.5500550270080566,0.9970089793205261,0.08182454854249954
YDL192W,YJL025W,0,-0.28772402,0.5497525930404663,0.9970089793205261,0.08192458003759384
YOL082W,YGL008C,0,-0.2881326,0.5494505763053894,0.9970089793205261,0.08202460408210754
YPR033C,YDL033C,0,-0.28820777,0.5491487979888916,0.9970089793205261,0.08212463557720184
YPL273W,YER169W,0,-0.2922138,0.5488474369049072,0.9970089793205261,0.08222466707229614
YLR136C,YDR031W,0,-0.29226804,0.5485463738441467,0.9970089793205261,0.08232469856739044
YLR057W,YDR011W,0,-0.2930537,0.5482456088066101,0.9970089793205261,0.08242473006248474
YNL329C,YBR125C,0,-0.29549944,0.5479452013969421,0.9970089793205261,0.08252475410699844
YPR184W,YPL196W,0,-0.29580066,0.5476451516151428,0.9970089793205261,0.08262478560209274
YKL186C,YGL191W,0,-0.29597092,0.5473453998565674,0.9970089793205261,0.08272481709718704
YKR066C,YML018C,0,-0.29613817,0.5470459461212158,0.9970089793205261,0.08282484859228134
YER053C,YJL087C,0,-0.29736286,0.5467468500137329,0.9970089793205261,0.08292488008737564
YOR123C,YJL148W,0,-0.30008033,0.5464481115341187,0.9970089793205261,0.08302490413188934
YLR070C,YDL051W,0,-0.30082512,0.5461496710777283,0.9970089793205261,0.08312493562698364
YER036C,YMR104C,0,-0.30089694,0.5458515286445618,0.9970089793205261,0.08322496712207794
YIL145C,YGL161C,0,-0.30109647,0.5455537438392639,0.9970089793205261,0.08332499861717224
YKL160W,YHR085W,0,-0.3014416,0.5452562570571899,0.9970089793205261,0.08342503011226654
YMR308C,YLR419W,0,-0.30190188,0.5449591279029846,0.9970089793205261,0.08352505415678024
YFL018C,YPL017C,0,-0.31319493,0.5446622967720032,0.9970089793205261,0.08362508565187454
YMR312W,YPL244C,0,-0.31521472,0.5443658232688904,0.9970089793205261,0.08372511714696884
YHL040C,YJR090C,0,-0.31636813,0.5440696477890015,0.9970089793205261,0.08382514864206314
YLR210W,YER011W,0,-0.32077312,0.5437737703323364,0.9970089793205261,0.08392518013715744
YER019C-A,YPL268W,0,-0.32136902,0.54347825050354,0.9970089793205261,0.08402520418167114
YER016W,YDL198C,0,-0.32170725,0.5431830286979675,0.9970089793205261,0.08412523567676544
YJR147W,YKL018W,0,-0.32228643,0.5428881645202637,0.9970089793205261,0.08422526717185974
YHR058C,YPL005W,0,-0.3236655,0.5425935983657837,0.9970089793205261,0.08432529866695404
YJL095W,YLR439W,0,-0.32463005,0.5422993302345276,0.9970089793205261,0.08442533016204834
YNL151C,YCL008C,0,-0.3249906,0.5420054197311401,0.9970089793205261,0.08452535420656204
YLR219W,YDR058C,0,-0.32619148,0.5417118072509766,0.9970089793205261,0.08462538570165634
YJR056C,YJR065C,0,-0.32672825,0.5414184927940369,0.9970089793205261,0.08472541719675064
YNL113W,YJL140W,0,-0.3313377,0.5411255359649658,0.9970089793205261,0.08482544869184494
YKL020C,YOR202W,0,-0.3319689,0.5408328771591187,0.9970089793205261,0.08492548018693924
YCR020W-B,YML113W,0,-0.33234107,0.5405405163764954,0.9970089793205261,0.08502550423145294
YOR143C,YEL030W,0,-0.3335268,0.5402485132217407,0.9970089793205261,0.08512553572654724
YML014W,YPR119W,0,-0.33398435,0.53995680809021,0.9970089793205261,0.08522556722164154
YPL281C,YJL144W,0,-0.33468762,0.5396654009819031,0.9970089793205261,0.08532559871673584
YOR308C,YAR015W,0,-0.3347196,0.5393743515014648,0.9970089793205261,0.08542563021183014
YLR106C,YOR150W,1,-0.3359838,0.5396226644515991,0.9980059862136841,0.08542563021183014
YER035W,YDL025C,0,-0.33932018,0.5393319129943848,0.9980059862136841,0.08552565425634384
YLR226W,YDL130W,0,-0.34283257,0.5390414595603943,0.9980059862136841,0.08562568575143814
YKL112W,YDL074C,0,-0.34423807,0.5387513637542725,0.9980059862136841,0.08572571724653244
YMR308C,YKL164C,0,-0.34654433,0.5384615659713745,0.9980059862136841,0.08582574874162674
YOR298W,YIR039C,0,-0.34714374,0.5381720662117004,0.9980059862136841,0.08592578023672104
YGR077C,YLL052C,0,-0.34742182,0.5378828644752502,0.9980059862136841,0.08602580428123474
YKL156W,YNL073W,0,-0.35249937,0.5375939607620239,0.9980059862136841,0.08612583577632904
YNL219C,YML043C,0,-0.35634816,0.5373054146766663,0.9980059862136841,0.08622586727142334
YLR057W,YLR276C,0,-0.35937387,0.5370171666145325,0.9980059862136841,0.08632589876651764
YIL117C,YDR456W,0,-0.35954073,0.5367292165756226,0.9980059862136841,0.08642593026161194
YKL107W,YPR156C,0,-0.36036742,0.5364415645599365,0.9980059862136841,0.08652595430612564
YMR293C,YKR059W,0,-0.360906,0.5361542701721191,0.9980059862136841,0.08662598580121994
YGR090W,YJL184W,0,-0.36273983,0.5358672142028809,0.9980059862136841,0.08672601729631424
YHR061C,YDR382W,0,-0.3658387,0.5355805158615112,0.9980059862136841,0.08682604879140854
YER053C,YDL128W,0,-0.36844546,0.5352941155433655,0.9980059862136841,0.08692608028650284
YMR179W,YOL077C,0,-0.3724149,0.5350080132484436,0.9980059862136841,0.08702610433101654
YJR143C,YNL153C,0,-0.37250626,0.5347222089767456,0.9980059862136841,0.08712613582611084
YDR306C,YLR009W,0,-0.3739072,0.5344367027282715,0.9980059862136841,0.08722616732120514
YGL047W,YJR161C,0,-0.37918887,0.534151554107666,0.9980059862136841,0.08732619881629944
YJR095W,YDR214W,0,-0.38096622,0.5338666439056396,0.9980059862136841,0.08742623031139374
YDR171W,YOR237W,0,-0.38296667,0.5335820913314819,0.9980059862136841,0.08752625435590744
YGL022W,YDL122W,0,-0.38564974,0.5332978367805481,0.9980059862136841,0.08762628585100174
YJL225C,YHR081W,0,-0.39151374,0.5330138206481934,0.9980059862136841,0.08772631734609604
YOR020C,YDL213C,0,-0.39541128,0.5327301621437073,0.9980059862136841,0.08782634884119034
YCR020C,YDR541C,0,-0.39593333,0.5324468016624451,0.9980059862136841,0.08792638033628464
YHR215W,YLR079W,0,-0.3960083,0.5321637392044067,0.9980059862136841,0.08802640438079834
YER075C,YDL144C,0,-0.39676523,0.5318809747695923,0.9980059862136841,0.08812643587589264
YIL136W,YGR075C,0,-0.39915127,0.5315985083580017,0.9980059862136841,0.08822646737098694
YDR258C,YOR374W,0,-0.39996904,0.531316339969635,0.9980059862136841,0.08832649886608124
YBR239C,YNR049C,0,-0.40325823,0.5310344696044922,0.9980059862136841,0.08842653036117554
YPL011C,YDL055C,0,-0.40343133,0.5307528972625732,0.9980059862136841,0.08852655440568924
YGL032C,YER160C,0,-0.4038468,0.5304716229438782,0.9980059862136841,0.08862658590078354
YDL056W,YMR307W,0,-0.40476465,0.5301907062530518,0.9980059862136841,0.08872661739587784
YDL171C,YBR115C,0,-0.40648603,0.5299100279808044,0.9980059862136841,0.08882664889097214
YLR127C,YHR141C,0,-0.4073538,0.529629647731781,0.9980059862136841,0.08892668038606644
YBR004C,YBR118W,0,-0.40999323,0.5293495655059814,0.9980059862136841,0.08902670443058014
YGR085C,YKL053C-A,0,-0.41152436,0.5290697813034058,0.9980059862136841,0.08912673592567444
YJR021C,YGR166W,0,-0.41461033,0.528790295124054,0.9980059862136841,0.08922676742076874
YBR104W,YGL033W,0,-0.41757828,0.528511106967926,0.9980059862136841,0.08932679891586304
YLR224W,YOR118W,0,-0.42045212,0.528232216835022,0.9980059862136841,0.08942683041095734
YPL143W,YPR181C,0,-0.4204989,0.527953565120697,0.9980059862136841,0.08952685445547104
YFL062W,YJL056C,0,-0.42050156,0.5276752710342407,0.9980059862136841,0.08962688595056534
YPR104C,YPL265W,0,-0.4216395,0.5273972749710083,0.9980059862136841,0.08972691744565964
YOL006C,YOR206W,0,-0.4224023,0.527119517326355,0.9980059862136841,0.08982694894075394
YKR098C,YNL210W,0,-0.42322606,0.5268421173095703,0.9980059862136841,0.08992698043584824
YDR322C-A,YER095W,0,-0.42352563,0.5265649557113647,0.9980059862136841,0.09002700448036194
YLR020C,YOL092W,0,-0.4285437,0.5262880921363831,0.9980059862136841,0.09012703597545624
YHR140W,YOR182C,0,-0.42930326,0.52601158618927,0.9980059862136841,0.09022706747055054
YOL016C,YGL014W,0,-0.43208796,0.5257353186607361,0.9980059862136841,0.09032709896564484
YER022W,YPR035W,0,-0.43261468,0.5254592895507812,0.9980059862136841,0.09042713046073914
YNL280C,YOL136C,0,-0.43610042,0.5251836180686951,0.9980059862136841,0.09052715450525284
YOR312C,YJR092W,0,-0.43815252,0.5249082446098328,0.9980059862136841,0.09062718600034714
YMR301C,YHR051W,0,-0.44748238,0.5246331095695496,0.9980059862136841,0.09072721749544144
YOL006C,YJR043C,0,-0.44772726,0.524358332157135,0.9980059862136841,0.09082724899053574
YKL103C,YJL087C,0,-0.4506889,0.5240837931632996,0.9980059862136841,0.09092728048563004
YDR044W,YML040W,0,-0.45331794,0.523809552192688,0.9980059862136841,0.09102730453014374
YDR389W,YGL077C,0,-0.4543102,0.5235355496406555,0.9980059862136841,0.09112733602523804
YIL122W,YDR245W,0,-0.45451787,0.5232619047164917,0.9980059862136841,0.09122736752033234
YMR033W,YLR134W,0,-0.45462483,0.522988498210907,0.9980059862136841,0.09132739901542664
YJL090C,YPL082C,0,-0.45751613,0.5227153897285461,0.9980059862136841,0.09142743051052094
YBR087W,YJL209W,0,-0.46155494,0.5224425792694092,0.9980059862136841,0.09152745455503464
YIR037W,YOL141W,0,-0.46234348,0.5221700668334961,0.9980059862136841,0.09162748605012894
YNL082W,YNL067W,0,-0.46582228,0.5218977928161621,0.9980059862136841,0.09172751754522324
YKL091C,YPL266W,0,-0.46863252,0.5216258764266968,0.9980059862136841,0.09182754904031754
YOR386W,YHR124W,0,-0.471268,0.5213541388511658,0.9980059862136841,0.09192758053541183
YOR131C,YOR237W,0,-0.47133255,0.5210827589035034,0.9980059862136841,0.09202760457992554
YDL192W,YGL200C,0,-0.471821,0.5208116769790649,0.9980059862136841,0.09212763607501984
YDL136W,YDR197W,0,-0.4767927,0.5205408334732056,0.9980059862136841,0.09222766757011414
YGR251W,YER172C,0,-0.47700468,0.5202702879905701,0.9980059862136841,0.09232769906520844
YOL156W,YKL154W,0,-0.47963938,0.5199999809265137,0.9980059862136841,0.09242773056030273
YOR373W,YNL096C,0,-0.48002607,0.5197300314903259,0.9980059862136841,0.09252775460481644
YDR001C,YOR237W,0,-0.48033157,0.5194603204727173,0.9980059862136841,0.09262778609991074
YLR226W,YLR439W,0,-0.48275957,0.5191908478736877,0.9980059862136841,0.09272781759500504
YIL155C,YCL038C,0,-0.48805895,0.5189217329025269,0.9980059862136841,0.09282784909009933
YDR453C,YLR350W,0,-0.4886158,0.5186528563499451,0.9980059862136841,0.09292788058519363
YAL054C,YGR077C,0,-0.48995602,0.5183842778205872,0.9980059862136841,0.09302791208028793
YER133W,YBR082C,0,-0.49036318,0.5181159377098083,0.9980059862136841,0.09312793612480164
YPL121C,YPR075C,0,-0.49076062,0.5178478956222534,0.9980059862136841,0.09322796761989594
YLR325C,YGR252W,0,-0.49525318,0.5175801515579224,0.9980059862136841,0.09332799911499023
YKL125W,YMR152W,0,-0.49532464,0.5173126459121704,0.9980059862136841,0.09342803061008453
YKL152C,YCL036W,0,-0.49713916,0.5170454382896423,0.9980059862136841,0.09352806210517883
YMR269W,YKR008W,0,-0.49894103,0.5167785286903381,0.9980059862136841,0.09362808614969254
YHR132C,YGL039W,0,-0.4989467,0.516511857509613,0.9980059862136841,0.09372811764478683
YLR424W,YLR295C,0,-0.5009534,0.5162454843521118,0.9980059862136841,0.09382814913988113
YKL109W,YLR297W,0,-0.5037892,0.5159794092178345,0.9980059862136841,0.09392818063497543
YPR189W,YNL151C,0,-0.5050369,0.5157135725021362,0.9980059862136841,0.09402821213006973
YLR035C-A,YDR245W,0,-0.5056758,0.5154479742050171,0.9980059862136841,0.09412823617458344
YDR496C,YPL232W,0,-0.50601685,0.5151827335357666,0.9980059862136841,0.09422826766967773
YPL226W,YPL153C,0,-0.507251,0.5149176716804504,0.9980059862136841,0.09432829916477203
YPR137W,YNL016W,0,-0.5086175,0.5146529674530029,0.9980059862136841,0.09442833065986633
YGR067C,YOR168W,0,-0.5091706,0.5143885016441345,0.9980059862136841,0.09452836215496063
YKL053C-A,YDL227C,0,-0.50947046,0.5141242742538452,0.9980059862136841,0.09462838619947433
YLR438C-A,YCR047C,0,-0.50955665,0.5138603448867798,0.9980059862136841,0.09472841769456863
YKL101W,YAR015W,0,-0.51105726,0.5135967135429382,0.9980059862136841,0.09482844918966293
YCR060W,YLR113W,0,-0.5121172,0.5133333206176758,0.9980059862136841,0.09492848068475723
YBR057C,YJR121W,0,-0.51278746,0.5130702257156372,0.9980059862136841,0.09502851217985153
YBL097W,YDR347W,0,-0.51580876,0.5128073692321777,0.9980059862136841,0.09512853622436523
YGL030W,YEL036C,0,-0.5188363,0.5125448107719421,0.9980059862136841,0.09522856771945953
YGR109C,YML052W,0,-0.51952416,0.5122824907302856,0.9980059862136841,0.09532859921455383
YHR164C,YJR034W,0,-0.52119464,0.512020468711853,0.9980059862136841,0.09542863070964813
YGL123W,YEL043W,0,-0.52533656,0.5117586851119995,0.9980059862136841,0.09552866220474243
YGR262C,YMR024W,0,-0.52712107,0.5114971995353699,0.9980059862136841,0.09562868624925613
YJL034W,YER049W,0,-0.5278677,0.5112359523773193,0.9980059862136841,0.09572871774435043
YKL210W,YDR414C,0,-0.5296776,0.5109750032424927,0.9980059862136841,0.09582874923944473
YKL212W,YDL133C-A,0,-0.5328386,0.5107142925262451,0.9980059862136841,0.09592878073453903
YNL268W,YPL211W,0,-0.53336847,0.5104538798332214,0.9980059862136841,0.09602881222963333
YGR167W,YIL133C,0,-0.5344194,0.5101937055587769,0.9980059862136841,0.09612883627414703
YGL216W,YLR318W,0,-0.53530157,0.5099337697029114,0.9980059862136841,0.09622886776924133
YNL151C,YFR003C,0,-0.53714406,0.5096741318702698,0.9980059862136841,0.09632889926433563
YNL262W,YFL053W,0,-0.53852504,0.5094147324562073,0.9980059862136841,0.09642893075942993
YDL007W,YGR035C,0,-0.5469378,0.5091556310653687,0.9980059862136841,0.09652896225452423
YAL060W,YKL004W,0,-0.54877025,0.5088967680931091,0.9980059862136841,0.09662898629903793
YPR025C,YIR011C,0,-0.55171126,0.5086382031440735,0.9980059862136841,0.09672901779413223
YOL145C,YNL070W,0,-0.5540796,0.5083798766136169,0.9980059862136841,0.09682904928922653
YER086W,YOR142W,0,-0.5541822,0.5081218481063843,0.9980059862136841,0.09692908078432083
YDL039C,YOR322C,0,-0.55737185,0.5078640580177307,0.9980059862136841,0.09702911227941513
YNL267W,YNR046W,0,-0.5595374,0.5076065063476562,0.9980059862136841,0.09712913632392883
YOR092W,YNL301C,0,-0.5628286,0.5073491930961609,0.9980059862136841,0.09722916781902313
YCL038C,YGL047W,0,-0.563717,0.5070921778678894,0.9980059862136841,0.09732919931411743
YML114C,YER126C,0,-0.5669982,0.5068354606628418,0.9980059862136841,0.09742923080921173
YGL251C,YOR391C,0,-0.5702877,0.5065789222717285,0.9980059862136841,0.09752926230430603
YOL070C,YGL203C,0,-0.5713586,0.5063226819038391,0.9980059862136841,0.09762928634881973
YLR160C,YOR377W,0,-0.5714196,0.5060667395591736,0.9980059862136841,0.09772931784391403
YDL024C,YEL070W,0,-0.57414234,0.5058110356330872,0.9980059862136841,0.09782934933900833
YJL117W,YKL056C,0,-0.5764134,0.5055555701255798,0.9980059862136841,0.09792938083410263
YPL240C,YBR021W,0,-0.5776198,0.5053003430366516,0.9980059862136841,0.09802941232919693
YPL099C,YPL266W,0,-0.5776931,0.5050454139709473,0.9980059862136841,0.09812943637371063
YBL010C,YMR051C,0,-0.5778083,0.504790723323822,0.9980059862136841,0.09822946786880493
YHR060W,YHR167W,0,-0.57808924,0.5045362710952759,0.9980059862136841,0.09832949936389923
YHR061C,YOR243C,0,-0.58259076,0.5042821168899536,0.9980059862136841,0.09842953085899353
YOR340C,YPL270W,0,-0.5860035,0.5040282011032104,0.9980059862136841,0.09852956235408783
YLR130C,YJL198W,0,-0.5883281,0.5037745237350464,0.9980059862136841,0.09862958639860153
YMR304W,YNL139C,0,-0.5891387,0.5035211443901062,0.9980059862136841,0.09872961789369583
YKR048C,YML077W,0,-0.5905779,0.5032680034637451,0.9980059862136841,0.09882964938879013
YBL022C,YML094W,0,-0.5949961,0.5030151009559631,0.9980059862136841,0.09892968088388443
YMR203W,YJR006W,0,-0.5999422,0.5027624368667603,0.9980059862136841,0.09902971237897873
YGL253W,YER048W-A,0,-0.6015795,0.5025100111961365,0.9980059862136841,0.09912973642349243
YPL212C,YDR279W,0,-0.6030803,0.5022578835487366,0.9980059862136841,0.09922976791858673
YMR070W,YHR184W,0,-0.6047376,0.5020059943199158,0.9980059862136841,0.09932979941368103
YOL018C,YCL032W,0,-0.60481375,0.5017544031143188,0.9980059862136841,0.09942983090877533
YOR133W,YNR016C,0,-0.60570097,0.5015029907226562,0.9980059862136841,0.09952986240386963
YNL238W,YNR063W,0,-0.6069969,0.5012518763542175,0.9980059862136841,0.09962988644838333
YGR071C,YPL249C-A,0,-0.60722214,0.5010010004043579,0.9980059862136841,0.09972991794347763
YNL035C,YNL267W,0,-0.6077142,0.5007503628730774,0.9980059862136841,0.09982994943857193
YMR137C,YGL180W,0,-0.60856026,0.5005000233650208,0.9980059862136841,0.09992998093366623
YER046W,YGR006W,0,-0.60893536,0.5002498626708984,0.9980059862136841,0.10003001242876053
YJL056C,YIL044C,0,-0.6126622,0.5,0.9980059862136841,0.10013003647327423
YIL115C,YMR309C,0,-0.613823,0.49975037574768066,0.9980059862136841,0.10023006796836853
YJL025W,YOR375C,0,-0.6145358,0.49950098991394043,0.9980059862136841,0.10033009946346283
YOR233W,YER125W,0,-0.6146266,0.4992518723011017,0.9980059862136841,0.10043013095855713
YLR183C,YMR060C,0,-0.61637664,0.49900299310684204,0.9980059862136841,0.10053016245365143
YEL009C,YER168C,0,-0.61647606,0.4987543523311615,0.9980059862136841,0.10063018649816513
YDL194W,YDR524C,0,-0.6166112,0.49850597977638245,0.9980059862136841,0.10073021799325943
YBR159W,YML009C,0,-0.61944133,0.4982578456401825,0.9980059862136841,0.10083024948835373
YBL034C,YBR283C,0,-0.6229656,0.49800994992256165,0.9980059862136841,0.10093028098344803
YER115C,YHR085W,0,-0.6236103,0.4977622926235199,0.9980059862136841,0.10103031247854233
YLR206W,YBR287W,0,-0.62924194,0.49751490354537964,0.9980059862136841,0.10113033652305603
YER001W,YLR128W,0,-0.6306218,0.4972677528858185,0.9980059862136841,0.10123036801815033
YGL225W,YHR002W,0,-0.6323826,0.4970208406448364,0.9980059862136841,0.10133039951324463
YOR274W,YML042W,0,-0.63585883,0.49677419662475586,0.9980059862136841,0.10143043100833893
YBR008C,YIR015W,0,-0.63657486,0.4965277910232544,0.9980059862136841,0.10153046250343323
YIL078W,YNL254C,0,-0.63767046,0.49628159403800964,0.9980059862136841,0.10163048654794693
YNL002C,YJL118W,0,-0.6414609,0.4960356652736664,0.9980059862136841,0.10173051804304123
YHR070W,YGR132C,0,-0.6427561,0.4957900047302246,0.9980059862136841,0.10183054953813553
YMR298W,YMR210W,0,-0.64947134,0.49554455280303955,0.9980059862136841,0.10193058103322983
YKL152C,YBL068W,0,-0.65079355,0.495299369096756,0.9980059862136841,0.10203061252832413
YJL112W,YDL004W,0,-0.6531325,0.4950543940067291,0.9980059862136841,0.10213063657283783
YLR327C,YER113C,0,-0.65320253,0.49480968713760376,0.9980059862136841,0.10223066806793213
YGR090W,YMR188C,0,-0.65368867,0.4945652186870575,0.9980059862136841,0.10233069956302643
YNL309W,YJR077C,0,-0.65524536,0.49432098865509033,0.9980059862136841,0.10243073105812073
YBR012W-B,YPL007C,0,-0.6570734,0.49407699704170227,0.9980059862136841,0.10253076255321503
YOL054W,YLR210W,0,-0.65772384,0.4938332438468933,0.9980059862136841,0.10263078659772873
YBR271W,YIL035C,0,-0.6584121,0.49358972907066345,0.9980059862136841,0.10273081809282303
YKL065C,YLR240W,0,-0.6588196,0.4933464825153351,0.9980059862136841,0.10283084958791733
YML110C,YGL008C,0,-0.65977216,0.4931034445762634,0.9980059862136841,0.10293088108301163
YKL183W,YNL256W,0,-0.66409576,0.4928606450557709,0.9980059862136841,0.10303091257810593
YJR143C,YIL159W,0,-0.6678561,0.4926181137561798,0.9980059862136841,0.10313093662261963
YPR096C,YJR137C,0,-0.672714,0.49237579107284546,0.9980059862136841,0.10323096811771393
YHR016C,YNL007C,0,-0.67456806,0.4921337366104126,0.9980059862136841,0.10333099961280823
YDL004W,YNL254C,0,-0.67678744,0.49189189076423645,0.9980059862136841,0.10343103110790253
YIL117C,YLR356W,0,-0.6786744,0.4916502833366394,0.9980059862136841,0.10353106260299683
YBL090W,YNL244C,0,-0.6792354,0.49140894412994385,0.9980059862136841,0.10363108664751053
YGR036C,YHR036W,0,-0.6802576,0.491167813539505,0.9980059862136841,0.10373111814260483
YGL008C,YJL062W,0,-0.68225396,0.49092692136764526,0.9980059862136841,0.10383114963769913
YMR045C,YKL135C,0,-0.6846645,0.4906862676143646,0.9980059862136841,0.10393118113279343
YML036W,YLR003C,0,-0.68584603,0.4904458522796631,0.9980059862136841,0.10403121262788773
YDL140C,YAL063C,0,-0.6871283,0.49020567536354065,0.9980059862136841,0.10413123667240143
YLL034C,YNL129W,0,-0.6895044,0.4899657368659973,0.9980059862136841,0.10423126816749573
YLR399C,YJR070C,0,-0.6901938,0.4897260367870331,0.9980059862136841,0.10433129966259003
YDR342C,YOR204W,0,-0.69324684,0.48948654532432556,0.9980059862136841,0.10443133115768433
YBL099W,YGR098C,0,-0.6935627,0.48924732208251953,0.9980059862136841,0.10453136265277863
YEL042W,YLR210W,0,-0.69488484,0.4890083074569702,0.9980059862136841,0.10463138669729233
YOL027C,YDL133C-A,0,-0.6949579,0.48876953125,0.9980059862136841,0.10473141819238663
YLR307W,YPL227C,0,-0.69800663,0.4885309934616089,0.9980059862136841,0.10483144968748093
YOR230W,YLR433C,0,-0.69980955,0.4882926940917969,0.9980059862136841,0.10493148118257523
YNR075W,YMR171C,0,-0.70489895,0.4880546033382416,0.9980059862136841,0.10503151267766953
YAR018C,YPL081W,0,-0.7091799,0.4878167510032654,0.9980059862136841,0.10513153672218323
YBR159W,YNL110C,0,-0.70995736,0.4875791668891907,0.9980059862136841,0.10523156821727753
YDR012W,YMR130W,0,-0.7103857,0.4873417615890503,0.9980059862136841,0.10533159971237183
YJL048C,YDL025C,0,-0.7107577,0.4871046245098114,0.9980059862136841,0.10543163120746613
YCR077C,YER019W,0,-0.7108475,0.4868676960468292,0.9980059862136841,0.10553166270256042
YOR204W,YML109W,0,-0.71124935,0.48663100600242615,0.9980059862136841,0.10563168674707413
YOR283W,YOR212W,0,-0.71163845,0.4863945543766022,0.9980059862136841,0.10573171824216843
YJR095W,YBR298C,0,-0.715258,0.4861583411693573,0.9980059862136841,0.10583174973726273
YAL054C,YBR105C,0,-0.7155771,0.48592233657836914,0.9980059862136841,0.10593178123235703
YOL004W,YLR319C,0,-0.71614724,0.4856865704059601,0.9980059862136841,0.10603181272745132
YKR066C,YML054C,0,-0.71853065,0.48545101284980774,0.9980059862136841,0.10613183677196503
YLR276C,YGL162W,0,-0.71895456,0.4852156937122345,0.9980059862136841,0.10623186826705933
YBR031W,YPL082C,0,-0.7200505,0.48498061299324036,0.9980059862136841,0.10633189976215363
YDL225W,YMR049C,0,-0.72103465,0.4847457706928253,0.9980059862136841,0.10643193125724792
YLR047C,YJR032W,0,-0.72271454,0.484511137008667,0.9980059862136841,0.10653196275234222
YPL050C,YMR142C,0,-0.7251445,0.48427674174308777,0.9980059862136841,0.10663198679685593
YLR029C,YJR075W,0,-0.72558963,0.48404255509376526,0.9980059862136841,0.10673201829195023
YJR119C,YBR118W,0,-0.72590137,0.48380860686302185,0.9980059862136841,0.10683204978704453
YHR001W,YLR028C,0,-0.7261902,0.48357486724853516,0.9980059862136841,0.10693208128213882
YDR436W,YJR059W,0,-0.7287165,0.48334139585494995,0.9980059862136841,0.10703211277723312
YDR099W,YJL187C,0,-0.7294108,0.4831081032752991,0.9980059862136841,0.10713213682174683
YIL145C,YIL162W,0,-0.73070866,0.4828750491142273,0.9980059862136841,0.10723216831684113
YOL100W,YOL067C,0,-0.7308754,0.4826422333717346,0.9980059862136841,0.10733219981193542
YJR036C,YBR201W,0,-0.73317266,0.48240962624549866,0.9980059862136841,0.10743223130702972
YNR039C,YKL148C,0,-0.733246,0.4821772575378418,0.9980059862136841,0.10753226280212402
YDR281C,YOR222W,0,-0.73535025,0.48194512724876404,0.9980059862136841,0.10763228684663773
YJR155W,YPL123C,0,-0.7360502,0.4817131757736206,0.9980059862136841,0.10773231834173203
YPR098C,YOR099W,0,-0.73816,0.48148149251937866,0.9980059862136841,0.10783234983682632
YDR037W,YPR056W,0,-0.73821324,0.48124998807907104,0.9980059862136841,0.10793238133192062
YGL122C,YOR063W,0,-0.7402237,0.4810187518596649,0.9980059862136841,0.10803241282701492
YDR052C,YDL164C,0,-0.74036014,0.4807876944541931,0.9980059862136841,0.10813243687152863
YPR125W,YKL109W,0,-0.7417912,0.4805568754673004,0.9980059862136841,0.10823246836662292
YOR323C,YLR325C,0,-0.74263656,0.4803262948989868,0.9980059862136841,0.10833249986171722
YBR004C,YEL022W,0,-0.7453262,0.48009592294692993,0.9980059862136841,0.10843253135681152
YJL200C,YHR057C,0,-0.7483752,0.47986575961112976,0.9980059862136841,0.10853256285190582
YHR079C,YGR292W,0,-0.75005907,0.4796358346939087,0.9980059862136841,0.10863258689641953
YDR082W,YNL289W,0,-0.7522226,0.47940611839294434,0.9980059862136841,0.10873261839151382
YNR003C,YEL061C,0,-0.7533327,0.4791766405105591,0.9980059862136841,0.10883264988660812
YIR035C,YMR323W,0,-0.75372934,0.47894737124443054,0.9980059862136841,0.10893268138170242
YMR239C,YDL217C,0,-0.75522876,0.4787183105945587,0.9980059862136841,0.10903271287679672
YDR251W,YER007W,0,-0.7565201,0.478489488363266,0.9980059862136841,0.10913273692131042
YKR044W,YGR067C,0,-0.7567546,0.47826087474823,0.9980059862136841,0.10923276841640472
YGR032W,YNL230C,0,-0.75975347,0.4780324697494507,0.9980059862136841,0.10933279991149902
YOR354C,YGL030W,0,-0.7615697,0.4778043031692505,0.9980059862136841,0.10943283140659332
YFR013W,YDR050C,0,-0.7615955,0.477576345205307,0.9980059862136841,0.10953286290168762
YPR021C,YNL030W,0,-0.7615974,0.47734859585762024,0.9980059862136841,0.10963288694620132
YPL162C,YGR002C,0,-0.76223385,0.4771210551261902,0.9980059862136841,0.10973291844129562
YBL042C,YAL033W,0,-0.7628821,0.47689375281333923,0.9980059862136841,0.10983294993638992
YKL091C,YMR087W,0,-0.7637636,0.476666659116745,0.9980059862136841,0.10993298143148422
YMR198W,YJL158C,0,-0.76439154,0.47643980383872986,0.9980059862136841,0.11003301292657852
YPL118W,YNL098C,0,-0.76619595,0.47621312737464905,0.9980059862136841,0.11013303697109222
YEL021W,YNL283C,0,-0.76708156,0.47598668932914734,0.9980059862136841,0.11023306846618652
YOR089C,YDR077W,0,-0.7672293,0.47576045989990234,0.9980059862136841,0.11033309996128082
YDR116C,YIL040W,0,-0.7688267,0.47553443908691406,0.9980059862136841,0.11043313145637512
YNR018W,YNL098C,0,-0.770172,0.4753086566925049,0.9980059862136841,0.11053316295146942
YLR022C,YML025C,1,-0.77157307,0.4755576550960541,0.999002993106842,0.11053316295146942
YBR070C,YPL208W,0,-0.77268517,0.4753320813179016,0.999002993106842,0.11063318699598312
YBL084C,YPL064C,0,-0.772839,0.47510668635368347,0.999002993106842,0.11073321849107742
YMR213W,YKR060W,0,-0.7737008,0.47488152980804443,0.999002993106842,0.11083324998617172
YJR028W,YNL225C,0,-0.77593946,0.4746565520763397,0.999002993106842,0.11093328148126602
YDR081C,YGR162W,0,-0.7762658,0.4744318127632141,0.999002993106842,0.11103331297636032
YEL071W,YDR538W,0,-0.7781625,0.4742072820663452,0.999002993106842,0.11113333702087402
YLR187W,YCL036W,0,-0.7799468,0.47398295998573303,0.999002993106842,0.11123336851596832
YIL158W,YPR063C,0,-0.7810366,0.47375887632369995,0.999002993106842,0.11133340001106262
YOR106W,YIL070C,0,-0.78196955,0.4735349714756012,0.999002993106842,0.11143343150615692
YBR106W,YNL070W,0,-0.78297544,0.47331127524375916,0.999002993106842,0.11153346300125122
YEL042W,YNL079C,0,-0.7867495,0.4730878174304962,0.999002993106842,0.11163348704576492
YNR043W,YJL209W,0,-0.79124737,0.47286456823349,0.999002993106842,0.11173351854085922
YJR095W,YOL137W,0,-0.79571354,0.4726414978504181,0.999002993106842,0.11183355003595352
YGL158W,YPL079W,0,-0.79640555,0.4724186658859253,0.999002993106842,0.11193358153104782
YGL123W,YFR005C,0,-0.79847866,0.4721960425376892,0.999002993106842,0.11203361302614212
YBR280C,YDR288W,0,-0.800682,0.47197362780570984,0.999002993106842,0.11213363707065582
YPL190C,YBR010W,0,-0.8036955,0.4717514216899872,0.999002993106842,0.11223366856575012
YJL029C,YHL001W,0,-0.8041101,0.47152942419052124,0.999002993106842,0.11233370006084442
YHR030C,YJR004C,0,-0.8067198,0.4713076055049896,0.999002993106842,0.11243373155593872
YDL201W,YPR024W,0,-0.8085849,0.4710860252380371,0.999002993106842,0.11253376305103302
YDR266C,YML129C,0,-0.81129426,0.4708646535873413,0.999002993106842,0.11263378709554672
YER141W,YOR142W,0,-0.8116299,0.4706434905529022,0.999002993106842,0.11273381859064102
YKL108W,YFL038C,0,-0.8118798,0.47042253613471985,0.999002993106842,0.11283385008573532
YDL042C,YLR389C,0,-0.8127557,0.4702017903327942,0.999002993106842,0.11293388158082962
YML123C,YHL002W,0,-0.81776226,0.46998125314712524,0.999002993106842,0.11303391307592392
YJL113W,YMR086W,0,-0.81893486,0.4697608947753906,0.999002993106842,0.11313393712043762
YPL038W,YER145C,0,-0.82184017,0.4695407748222351,0.999002993106842,0.11323396861553192
YLL039C,YMR080C,0,-0.82844794,0.4693208336830139,0.999002993106842,0.11333400011062622
YJL121C,YAL023C,0,-0.8297842,0.4691011309623718,0.999002993106842,0.11343403160572052
YDR117C,YHR018C,0,-0.8312341,0.46888160705566406,0.999002993106842,0.11353406310081482
YNL223W,YBR201W,0,-0.8319051,0.468662291765213,0.999002993106842,0.11363408714532852
YCL004W,YGR034W,0,-0.8321018,0.4684431850910187,0.999002993106842,0.11373411864042282
YIL085C,YLL054C,0,-0.83378756,0.46822428703308105,0.999002993106842,0.11383415013551712
YMR051C,YGL100W,0,-0.8342332,0.46800559759140015,0.999002993106842,0.11393418163061142
YNL325C,YDL159W,0,-0.8348689,0.46778711676597595,0.999002993106842,0.11403421312570572
YMR221C,YNL283C,0,-0.83566236,0.4675688147544861,0.999002993106842,0.11413423717021942
YPR119W,YER094C,0,-0.8371587,0.4673507511615753,0.999002993106842,0.11423426866531372
YDR385W,YOL007C,0,-0.8377296,0.4671328663825989,0.999002993106842,0.11433430016040802
YKL024C,YDR296W,0,-0.83787644,0.46691519021987915,0.999002993106842,0.11443433165550232
YOR176W,YER099C,0,-0.8380102,0.46669772267341614,0.999002993106842,0.11453436315059662
YBR058C-A,YJL198W,0,-0.83849084,0.46648043394088745,0.999002993106842,0.11463438719511032
YLL013C,YDL225W,0,-0.8403441,0.46626338362693787,0.999002993106842,0.11473441869020462
YPL122C,YOL142W,0,-0.8410371,0.4660465121269226,0.999002993106842,0.11483445018529892
YNL154C,YHR031C,0,-0.84138,0.46582984924316406,0.999002993106842,0.11493448168039322
YDR151C,YJL219W,0,-0.8417757,0.46561339497566223,0.999002993106842,0.11503451317548752
YER042W,YNL090W,0,-0.8418368,0.4653971195220947,0.999002993106842,0.11513453722000122
YMR045C,YIL158W,0,-0.8460306,0.46518105268478394,0.999002993106842,0.11523456871509552
YGL136C,YGL112C,0,-0.84794784,0.46496519446372986,0.999002993106842,0.11533460021018982
YPL227C,YIR011C,0,-0.85099816,0.4647495448589325,0.999002993106842,0.11543463170528412
YDR224C,YDR147W,0,-0.8517969,0.46453407406806946,0.999002993106842,0.11553466320037842
YOL109W,YPL101W,0,-0.8556837,0.46431881189346313,0.999002993106842,0.11563468724489212
YHR023W,YPL009C,0,-0.85701203,0.4641037583351135,0.999002993106842,0.11573471873998642
YLR201C,YBR093C,0,-0.8573059,0.46388888359069824,0.999002993106842,0.11583475023508072
YGL137W,YMR130W,0,-0.8573999,0.4636742174625397,0.999002993106842,0.11593478173017502
YDR171W,YHR176W,0,-0.8574749,0.4634597599506378,0.999002993106842,0.11603481322526932
YFR015C,YGR222W,0,-0.8577656,0.4632454812526703,0.999002993106842,0.11613483726978302
YDR140W,YLR305C,0,-0.8585018,0.4630314111709595,0.999002993106842,0.11623486876487732
YJR083C,YGR189C,0,-0.86066103,0.46281754970550537,0.999002993106842,0.11633490025997162
YPR144C,YJL082W,0,-0.86077917,0.4626038670539856,0.999002993106842,0.11643493175506592
YDR099W,YOR124C,0,-0.8616974,0.46239039301872253,0.999002993106842,0.11653496325016022
YFR042W,YJL160C,0,-0.8620375,0.4621771275997162,0.999002993106842,0.11663498729467392
YDL136W,YER087C-A,0,-0.8632443,0.46196404099464417,0.999002993106842,0.11673501878976822
YNL308C,YHR129C,0,-0.86420965,0.46175116300582886,0.999002993106842,0.11683505028486252
YFL023W,YLR020C,0,-0.8647003,0.4615384638309479,0.999002993106842,0.11693508177995682
YPL150W,YGR175C,0,-0.86770356,0.4613259732723236,0.999002993106842,0.11703511327505112
YPL081W,YOL067C,0,-0.86935174,0.46111366152763367,0.999002993106842,0.11713513731956482
YDR492W,YJR016C,0,-0.86949986,0.46090155839920044,0.999002993106842,0.11723516881465912
YKL056C,YHR136C,0,-0.86954606,0.4606896638870239,0.999002993106842,0.11733520030975342
YOR377W,YIR018W,0,-0.8713088,0.46047794818878174,0.999002993106842,0.11743523180484772
YGR285C,YPL283C,0,-0.871663,0.4602664113044739,0.999002993106842,0.11753526329994202
YCR040W,YDR117C,0,-0.87706035,0.46005508303642273,0.999002993106842,0.11763528734445572
YCR060W,YNR041C,0,-0.8771944,0.4598439633846283,0.999002993106842,0.11773531883955002
YJR075W,YDR529C,0,-0.88174903,0.4596330225467682,0.999002993106842,0.11783535033464432
YOR212W,YEL003W,0,-0.8825985,0.4594222903251648,0.999002993106842,0.11793538182973862
YKR065C,YNL197C,0,-0.8854831,0.4592117369174957,0.999002993106842,0.11803541332483292
YPR018W,YNL166C,0,-0.8870017,0.459001362323761,0.999002993106842,0.11813543736934662
YNL279W,YGL050W,0,-0.887079,0.45879119634628296,0.999002993106842,0.11823546886444092
YIL101C,YNL083W,0,-0.8894956,0.45858123898506165,0.999002993106842,0.11833550035953522
YNL241C,YBR037C,0,-0.8896213,0.45837146043777466,0.999002993106842,0.11843553185462952
YER029C,YPL158C,0,-0.89161414,0.458161860704422,0.999002993106842,0.11853556334972382
YNL177C,YKL084W,0,-0.89194024,0.45795246958732605,0.999002993106842,0.11863558739423752
YJR066W,YOL077C,0,-0.89551383,0.45774325728416443,0.999002993106842,0.11873561888933182
YKL021C,YMR210W,0,-0.8964546,0.4575342535972595,0.999002993106842,0.11883565038442612
YJR121W,YER087C-B,0,-0.8966853,0.45732542872428894,0.999002993106842,0.11893568187952042
YER110C,YLR274W,0,-0.89739466,0.4571167826652527,0.999002993106842,0.11903571337461472
YLR157C,YBR287W,0,-0.9017104,0.45690834522247314,0.999002993106842,0.11913573741912842
YNL336W,YJL141C,0,-0.9051727,0.45670008659362793,0.999002993106842,0.11923576891422272
YGR063C,YNL147W,0,-0.90785444,0.45649203658103943,0.999002993106842,0.11933580040931702
YIL044C,YNL117W,0,-0.9091612,0.45628416538238525,0.999002993106842,0.11943583190441132
YDR281C,YJL024C,0,-0.9092337,0.4560764729976654,0.999002993106842,0.11953586339950562
YPL002C,YGL033W,0,-0.9123236,0.4558689594268799,0.999002993106842,0.11963588744401932
YKR010C,YHR013C,0,-0.9136721,0.4556616544723511,0.999002993106842,0.11973591893911362
YLR028C,YHR066W,0,-0.9157939,0.455454558134079,0.999002993106842,0.11983595043420792
YNL185C,YDL061C,0,-0.9168164,0.4552476108074188,0.999002993106842,0.11993598192930222
YJL048C,YEL054C,0,-0.92084455,0.4550408720970154,0.999002993106842,0.12003601342439651
YDL127W,YLL040C,0,-0.92476946,0.45483431220054626,0.999002993106842,0.12013603746891022
YGR203W,YBL112C,0,-0.92819417,0.45462796092033386,0.999002993106842,0.12023606896400452
YLR370C,YPL055C,0,-0.9283649,0.4544217586517334,0.999002993106842,0.12033610045909882
YKL011C,YDL146W,0,-0.93037903,0.45421576499938965,0.999002993106842,0.12043613195419312
YEL070W,YOL140W,0,-0.9316768,0.4540099799633026,0.999002993106842,0.12053616344928741
YNL153C,YNR051C,0,-0.932938,0.4538043439388275,0.999002993106842,0.12063618749380112
YHR117W,YDR440W,0,-0.9360272,0.45359891653060913,0.999002993106842,0.12073621898889542
YNL088W,YHR116W,0,-0.9360349,0.4533936679363251,0.999002993106842,0.12083625048398972
YJR005W,YLR051C,0,-0.936931,0.45318859815597534,0.999002993106842,0.12093628197908401
YBL084C,YHR051W,0,-0.9386475,0.4529837369918823,0.999002993106842,0.12103631347417831
YDL040C,YFR005C,0,-0.93996215,0.45277902483940125,0.999002993106842,0.12113633751869202
YGL206C,YGR184C,0,-0.9405128,0.4525745213031769,0.999002993106842,0.12123636901378632
YHR025W,YDL174C,0,-0.9426833,0.45237019658088684,0.999002993106842,0.12133640050888062
YJL104W,YNL129W,0,-0.94383657,0.45216605067253113,0.999002993106842,0.12143643200397491
YLR026C,YOR315W,0,-0.94480217,0.45196211338043213,0.999002993106842,0.12153646349906921
YGR105W,YKR065C,0,-0.94493234,0.45175835490226746,0.999002993106842,0.12163648754358292
YLR103C,YJL187C,0,-0.9463515,0.4515547454357147,0.999002993106842,0.12173651903867722
YER151C,YDR153C,0,-0.9468714,0.4513513445854187,0.999002993106842,0.12183655053377151
YBR042C,YOL021C,0,-0.9484691,0.451148122549057,0.999002993106842,0.12193658202886581
YKL059C,YEL053C,0,-0.950775,0.450945109128952,0.999002993106842,0.12203661352396011
YKR103W,YLR051C,0,-0.95334935,0.450742244720459,0.999002993106842,0.12213663756847382
YBL100W-A,YHR039C,0,-0.9552746,0.45053955912590027,0.999002993106842,0.12223666906356812
YLR405W,YLR353W,0,-0.9560406,0.45033708214759827,0.999002993106842,0.12233670055866241
YLR307W,YCL011C,0,-0.9567781,0.4501347839832306,0.999002993106842,0.12243673205375671
YKL161C,YBR077C,0,-0.95766884,0.44993263483047485,0.999002993106842,0.12253676354885101
YFL050C,YNL213C,0,-0.9578235,0.44973069429397583,0.999002993106842,0.12263678759336472
YKR048C,YDR044W,0,-0.9589152,0.44952893257141113,0.999002993106842,0.12273681908845901
YNL012W,YDR085C,0,-0.9596417,0.44932734966278076,0.999002993106842,0.12283685058355331
YBR074W,YOL092W,0,-0.96089697,0.4491259455680847,0.999002993106842,0.12293688207864761
YGL211W,YGL255W,0,-0.961252,0.448924720287323,0.999002993106842,0.12303691357374191
YAR019C,YOR010C,0,-0.96131414,0.448723703622818,0.999002993106842,0.12313693761825562
YJR112W,YHR036W,0,-0.9614397,0.4485228359699249,0.999002993106842,0.12323696911334991
YMR075W,YBR296C,0,-0.96159685,0.4483221471309662,0.999002993106842,0.12333700060844421
YHR105W,YPL240C,0,-0.9639524,0.4481216371059418,0.999002993106842,0.12343703210353851
YHR077C,YNL197C,0,-0.96515214,0.4479213356971741,0.999002993106842,0.12353706359863281
YIL066C,YML075C,0,-0.9651574,0.4477211833000183,0.999002993106842,0.12363708764314651
YMR293C,YMR012W,0,-0.9652944,0.4475212097167969,0.999002993106842,0.12373711913824081
YML125C,YNL186W,0,-0.96690416,0.44732141494750977,0.999002993106842,0.12383715063333511
YDR448W,YDL213C,0,-0.96822804,0.44712182879447937,0.999002993106842,0.12393718212842941
YCL074W,YHR058C,0,-0.9738819,0.4469223916530609,0.999002993106842,0.12403721362352371
YJL095W,YBR020W,0,-0.9761643,0.4467231333255768,0.999002993106842,0.12413723766803741
YMR217W,YNL058C,0,-0.97741514,0.446524053812027,0.999002993106842,0.12423726916313171
YBR067C,YCR073C,0,-0.9795787,0.4463251531124115,0.999002993106842,0.12433730065822601
YNR070W,YDR119W,0,-0.9797432,0.44612646102905273,0.999002993106842,0.12443733215332031
YPR133W-A,YKR103W,0,-0.98139906,0.4459279179573059,0.999002993106842,0.12453736364841461
YOR145C,YGR062C,0,-0.9819572,0.445729523897171,0.999002993106842,0.12463738769292831
YFL047W,YML069W,0,-0.98199356,0.44553133845329285,0.999002993106842,0.12473741918802261
YOR245C,YHR002W,0,-0.98226875,0.445333331823349,0.999002993106842,0.12483745068311691
YDR026C,YER014C-A,0,-0.9823952,0.4451355040073395,0.999002993106842,0.12493748217821121
YML028W,YLR210W,0,-0.9825573,0.4449378252029419,0.999002993106842,0.12503750622272491
YNL208W,YLL009C,0,-0.9837838,0.444740355014801,0.999002993106842,0.1251375377178192
YKL211C,YBL006C,0,-0.98598456,0.4445430338382721,0.999002993106842,0.1252375692129135
YBR012W-B,YOR130C,0,-0.9866973,0.4443458914756775,0.999002993106842,0.1253376007080078
YGR194C,YMR239C,0,-0.98670554,0.4441489279270172,0.999002993106842,0.1254376322031021
YPL226W,YHR121W,0,-0.9867308,0.44395214319229126,0.999002993106842,0.1255376636981964
YML081C-A,YEL063C,0,-0.9868622,0.44375553727149963,0.999002993106842,0.1256376951932907
YPR137W,YDR113C,0,-0.98944324,0.44355911016464233,0.999002993106842,0.125737726688385
YNL252C,YHR031C,0,-0.9899538,0.443362832069397,0.999002993106842,0.1258377581834793
YNR017W,YAL044C,0,-0.994234,0.44316673278808594,0.999002993106842,0.12593777477741241
YMR179W,YIR021W,0,-0.99848485,0.44297081232070923,0.999002993106842,0.1260378062725067
YLR201C,YGL030W,0,-1.0001357,0.44277507066726685,0.999002993106842,0.126137837767601
YER011W,YHR018C,0,-1.0002422,0.4425795078277588,0.999002993106842,0.1262378692626953
YBR161W,YNL311C,0,-1.0026206,0.44238409399986267,0.999002993106842,0.1263379007577896
YER114C,YGR112W,0,-1.0029542,0.44218888878822327,0.999002993106842,0.1264379322528839
YMR080C,YBL079W,0,-1.0040114,0.4419938325881958,0.999002993106842,0.1265379637479782
YDR017C,YDR126W,0,-1.0040299,0.44179895520210266,0.999002993106842,0.1266379952430725
YOL112W,YHR215W,0,-1.0046303,0.44160422682762146,0.999002993106842,0.1267380267381668
YGR047C,YLR121C,0,-1.0060202,0.4414096772670746,0.999002993106842,0.1268380582332611
YDR022C,YBR084W,0,-1.0065866,0.4412153363227844,0.999002993106842,0.1269380748271942
YBR010W,YBL102W,0,-1.007028,0.4410211145877838,0.999002993106842,0.1270381063222885
YCR072C,YNR011C,0,-1.0109557,0.4408271014690399,0.999002993106842,0.1271381378173828
YJL198W,YMR182C,0,-1.0136564,0.44063323736190796,0.999002993106842,0.1272381693124771
YNL182C,YBL082C,0,-1.0148116,0.4404395520687103,0.999002993106842,0.1273382008075714
YDL110C,YPL095C,0,-1.0160466,0.440246045589447,0.999002993106842,0.1274382323026657
YDL083C,YIL159W,0,-1.0167781,0.44005268812179565,0.999002993106842,0.12753826379776
YGL023C,YOR099W,0,-1.0175805,0.439859539270401,0.999002993106842,0.1276382952928543
YDR034C-D,YGR038W,0,-1.0184768,0.4396665096282959,0.999002993106842,0.1277383267879486
YNR041C,YJL125C,0,-1.0200658,0.4394736886024475,0.999002993106842,0.1278383582830429
YPR111W,YOR208W,0,-1.0262523,0.43928101658821106,0.999002993106842,0.127938374876976
YBR125C,YOL104C,0,-1.0263762,0.43908852338790894,0.999002993106842,0.1280384063720703
YML009C,YDL166C,0,-1.0327427,0.43889617919921875,0.999002993106842,0.1281384378671646
YOR294W,YBR280C,0,-1.0336303,0.4387040138244629,0.999002993106842,0.1282384693622589
YPL283C,YCL031C,0,-1.0348564,0.43851202726364136,0.999002993106842,0.1283385008573532
YFL066C,YLR141W,0,-1.035852,0.43832021951675415,0.999002993106842,0.1284385323524475
YNL312W,YNR067C,0,-1.0372603,0.4381285607814789,0.999002993106842,0.1285385638475418
YDR116C,YML038C,0,-1.0372643,0.43793705105781555,0.999002993106842,0.1286385953426361
YER137C,YNL098C,0,-1.0379193,0.43774574995040894,0.999002993106842,0.1287386268377304
YPL046C,YML130C,0,-1.038583,0.43755459785461426,0.999002993106842,0.1288386583328247
YNR051C,YLR318W,0,-1.0409567,0.4373635947704315,0.999002993106842,0.1289386749267578
YDR083W,YGR086C,0,-1.0415292,0.4371727705001831,0.999002993106842,0.1290387064218521
YCL020W,YMR142C,0,-1.0426984,0.436982125043869,0.999002993106842,0.1291387379169464
YPL038W,YER103W,0,-1.0438457,0.43679162859916687,0.999002993106842,0.1292387694120407
YPR002W,YBR135W,0,-1.0453192,0.43660131096839905,0.999002993106842,0.129338800907135
YLR129W,YMR305C,0,-1.0456012,0.43641114234924316,0.999002993106842,0.1294388324022293
YOR360C,YBL011W,0,-1.0493798,0.4362211525440216,0.999002993106842,0.1295388638973236
YHR143W-A,YOL156W,0,-1.0512085,0.4360313415527344,0.999002993106842,0.1296388953924179
YNL115C,YMR086W,0,-1.0516803,0.4358416795730591,0.999002993106842,0.1297389268875122
YHR109W,YGR132C,0,-1.0521494,0.4356521666049957,0.999002993106842,0.1298389583826065
YJR078W,YDR338C,0,-1.0530714,0.4354628324508667,0.999002993106842,0.1299389749765396
YMR273C,YOR243C,0,-1.0537468,0.435273677110672,0.999002993106842,0.1300390064716339
YDR211W,YML087C,0,-1.0537987,0.43508467078208923,0.999002993106842,0.1301390379667282
YLR246W,YJL214W,0,-1.0540078,0.4348958432674408,0.999002993106842,0.1302390694618225
YJR031C,YOR150W,0,-1.0550494,0.4347071647644043,0.999002993106842,0.1303391009569168
YPR047W,YPR009W,0,-1.0550522,0.43451863527297974,0.999002993106842,0.1304391324520111
YMR214W,YDR402C,0,-1.0569769,0.4343302845954895,0.999002993106842,0.1305391639471054
YKL143W,YBL069W,0,-1.0577878,0.4341421127319336,0.999002993106842,0.1306391954421997
YPL258C,YGR038C-A,0,-1.0594254,0.4339540898799896,0.999002993106842,0.130739226937294
YJL109C,YBL066C,0,-1.0602455,0.43376624584198,0.999002993106842,0.1308392584323883
YHR156C,YBL005W-A,0,-1.0626616,0.4335785508155823,0.999002993106842,0.1309392750263214
YGR166W,YER173W,0,-1.0633098,0.4333910048007965,0.999002993106842,0.1310393065214157
YMR068W,YIL133C,0,-1.0649005,0.43320363759994507,0.999002993106842,0.13113933801651
YJL219W,YBR213W,0,-1.0656338,0.43301641941070557,0.999002993106842,0.1312393695116043
YIL049W,YBR092C,0,-1.0673184,0.4328293800354004,0.999002993106842,0.1313394010066986
YBR171W,YPR132W,0,-1.0681918,0.43264248967170715,0.999002993106842,0.1314394325017929
YGR105W,YJL014W,0,-1.0685759,0.43245574831962585,0.999002993106842,0.1315394639968872
YGR077C,YMR152W,0,-1.0688227,0.4322691857814789,0.999002993106842,0.1316394954919815
YDR497C,YHR092C,0,-1.0703274,0.43208280205726624,0.999002993106842,0.1317395269870758
YER120W,YIL133C,0,-1.0710375,0.43189653754234314,0.999002993106842,0.1318395584821701
YGR183C,YLR020C,0,-1.0710483,0.43171048164367676,0.999002993106842,0.1319395750761032
YNL102W,YFL018C,0,-1.0720974,0.4315245449542999,0.999002993106842,0.1320396065711975
YJL111W,YNR020C,0,-1.0721524,0.4313387870788574,0.999002993106842,0.1321396380662918
YLR208W,YLR110C,0,-1.0722024,0.43115317821502686,0.999002993106842,0.1322396695613861
YML022W,YOR128C,0,-1.0736407,0.4309677481651306,0.999002993106842,0.1323397010564804
YEL034W,YHR136C,0,-1.0751262,0.4307824671268463,0.999002993106842,0.1324397325515747
YMR280C,YDR210W,0,-1.0763457,0.43059733510017395,0.999002993106842,0.132539764046669
YDR331W,YAL012W,0,-1.0778062,0.4304123818874359,0.999002993106842,0.1326397955417633
YLL017W,YOR361C,0,-1.0778345,0.4302275776863098,0.999002993106842,0.1327398270368576
YER138C,YGL100W,0,-1.0787979,0.43004292249679565,0.999002993106842,0.1328398585319519
YEL054C,YDR013W,0,-1.0790704,0.42985841631889343,0.999002993106842,0.132939875125885
YBL099W,YGR177C,0,-1.0794771,0.42967408895492554,0.999002993106842,0.1330399066209793
YDR536W,YJL116C,0,-1.0806091,0.42948994040489197,0.999002993106842,0.1331399381160736
YLR410W-B,YMR045C,0,-1.0817509,0.42930591106414795,0.999002993106842,0.1332399696111679
YPL212C,YGR132C,0,-1.0821518,0.42912206053733826,0.999002993106842,0.1333400011062622
YJR019C,YHR044C,0,-1.0848746,0.4289383590221405,0.999002993106842,0.1334400326013565
YBR097W,YFL002W-A,0,-1.0869758,0.4287548065185547,0.999002993106842,0.1335400640964508
YLR160C,YBR195C,0,-1.0882628,0.4285714328289032,0.999002993106842,0.1336400955915451
YJR090C,YER049W,0,-1.0912915,0.42838820815086365,0.999002993106842,0.1337401270866394
YJL008C,YJL213W,0,-1.0916703,0.42820513248443604,0.999002993106842,0.1338401585817337
YKR009C,YDR452W,0,-1.09336,0.42802220582962036,0.999002993106842,0.1339401751756668
YIL143C,YIL133C,0,-1.0977573,0.427839457988739,0.999002993106842,0.1340402066707611
YNL080C,YJL033W,0,-1.0977969,0.4276568591594696,0.999002993106842,0.1341402381658554
YLR126C,YDR018C,0,-1.0991699,0.42747440934181213,0.999002993106842,0.1342402696609497
YMR046C,YDR498C,0,-1.1029582,0.4272921085357666,0.999002993106842,0.134340301156044
YDL054C,YOR175C,0,-1.1043595,0.4271099865436554,0.999002993106842,0.1344403326511383
YPL160W,YJL176C,0,-1.1046143,0.42692798376083374,0.999002993106842,0.1345403641462326
YLR071C,YJL125C,0,-1.1050419,0.4267461597919464,0.999002993106842,0.1346403956413269
YDR448W,YLR166C,0,-1.1053828,0.426564484834671,0.999002993106842,0.1347404271364212
YPL206C,YDR126W,0,-1.1084137,0.42638298869132996,0.999002993106842,0.1348404586315155
YPL143W,YMR054W,0,-1.1119058,0.42620161175727844,0.999002993106842,0.1349404752254486
YPL074W,YLR035C,0,-1.1127868,0.42602041363716125,0.999002993106842,0.1350405067205429
YNL241C,YGR216C,0,-1.119969,0.425839364528656,0.999002993106842,0.1351405382156372
YPR138C,YNL169C,0,-1.1205525,0.4256584644317627,0.999002993106842,0.1352405697107315
YGR033C,YML058W-A,0,-1.1207309,0.4254777133464813,0.999002993106842,0.1353406012058258
YKL210W,YNL052W,0,-1.121407,0.4252971112728119,0.999002993106842,0.1354406327009201
YNL075W,YLR176C,0,-1.1214412,0.4251166880130768,0.999002993106842,0.1355406641960144
YGR263C,YGL131C,0,-1.1227268,0.4249363839626312,0.999002993106842,0.1356406956911087
YOL070C,YLR034C,0,-1.1230154,0.42475625872612,0.999002993106842,0.135740727186203
YGL083W,YJL080C,0,-1.123921,0.4245762825012207,0.999002993106842,0.1358407586812973
YCR004C,YNL092W,0,-1.1283686,0.42439645528793335,0.999002993106842,0.1359407752752304
YJR095W,YJL144W,0,-1.129055,0.42421677708625793,0.999002993106842,0.1360408067703247
YLR192C,YJR031C,0,-1.1299914,0.42403724789619446,0.999002993106842,0.136140838265419
YOR138C,YFL052W,0,-1.1318426,0.4238578677177429,0.999002993106842,0.1362408697605133
YGR262C,YKL170W,0,-1.1327136,0.4236786365509033,0.999002993106842,0.1363409012556076
YDR478W,YPL030W,0,-1.1327989,0.42349958419799805,0.999002993106842,0.1364409327507019
YDR052C,YJR009C,0,-1.1334664,0.4233206510543823,0.999002993106842,0.1365409642457962
YLR138W,YHL032C,0,-1.1352469,0.4231418967247009,0.999002993106842,0.1366409957408905
YDL216C,YDR379W,0,-1.1356639,0.4229632616043091,0.999002993106842,0.1367410272359848
YCL063W,YMR024W,0,-1.1364049,0.42278480529785156,0.999002993106842,0.1368410587310791
YLR226W,YLR340W,0,-1.1392806,0.422606498003006,0.999002993106842,0.1369410753250122
YNL291C,YGR229C,0,-1.1393712,0.42242833971977234,0.999002993106842,0.1370411068201065
YGR049W,YJL178C,0,-1.1415557,0.42225033044815063,0.999002993106842,0.1371411383152008
YLR452C,YHR143W-A,0,-1.1416631,0.4220724403858185,0.999002993106842,0.1372411698102951
YDR003W,YDR142C,0,-1.1419641,0.42189472913742065,0.999002993106842,0.1373412013053894
YMR047C,YMR164C,0,-1.1425959,0.42171716690063477,0.999002993106842,0.1374412328004837
YBL091C-A,YPL202C,0,-1.1434575,0.4215397536754608,0.999002993106842,0.137541264295578
YGL032C,YNL054W-B,0,-1.1478057,0.4213624894618988,0.999002993106842,0.1376412957906723
YNL300W,YPL072W,0,-1.1585519,0.42118537425994873,0.999002993106842,0.1377413272857666
YKL165C,YKR013W,0,-1.1602128,0.4210084080696106,0.999002993106842,0.1378413587808609
YNL162W,YPL200W,0,-1.1602513,0.4208315908908844,0.999002993106842,0.137941375374794
YHR143W-A,YNL007C,0,-1.160296,0.42065492272377014,0.999002993106842,0.1380414068698883
YLR298C,YMR094W,0,-1.1623439,0.42047837376594543,0.999002993106842,0.1381414383649826
YLR330W,YBR296C,0,-1.163233,0.42030200362205505,0.999002993106842,0.1382414698600769
YIL039W,YLR035C-A,0,-1.1635388,0.4201257824897766,0.999002993106842,0.1383415013551712
YPR024W,YOL128C,0,-1.1670167,0.4199497103691101,0.999002993106842,0.1384415328502655
YBL021C,YNL302C,0,-1.1675118,0.41977378726005554,0.999002993106842,0.1385415643453598
YPR005C,YGR256W,0,-1.1684679,0.4195979833602905,0.999002993106842,0.1386415958404541
YLR423C,YML094W,0,-1.1686019,0.41942235827445984,0.999002993106842,0.1387416273355484
YGL083W,YHR025W,0,-1.168992,0.4192468523979187,0.999002993106842,0.1388416588306427
YGR014W,YER087C-B,0,-1.1700315,0.4190715253353119,0.999002993106842,0.1389416754245758
YGL155W,YLR242C,0,-1.1711457,0.41889631748199463,0.999002993106842,0.1390417069196701
YJL076W,YLL052C,0,-1.1741226,0.4187212586402893,0.999002993106842,0.1391417384147644
YMR247C,YPR019W,0,-1.1744449,0.4185463786125183,0.999002993106842,0.1392417699098587
YJR017C,YIL109C,0,-1.1755726,0.41837161779403687,0.999002993106842,0.139341801404953
YDL103C,YER172C,0,-1.177016,0.41819700598716736,0.999002993106842,0.1394418329000473
YOR115C,YKR059W,0,-1.177375,0.4180225133895874,0.999002993106842,0.1395418643951416
YJL111W,YGL209W,0,-1.1774707,0.4178481996059418,0.999002993106842,0.1396418958902359
YFL009W,YGL234W,0,-1.1780528,0.4176740348339081,0.999002993106842,0.1397419273853302
YFL001W,YJL102W,0,-1.1781079,0.41749998927116394,0.999002993106842,0.1398419588804245
YOR198C,YLR040C,0,-1.1796247,0.4173261225223541,0.999002993106842,0.1399419754743576
YER090W,YDL174C,0,-1.1797526,0.41715237498283386,0.999002993106842,0.1400420069694519
YER104W,YMR104C,0,-1.1807697,0.41697877645492554,0.999002993106842,0.1401420384645462
YAR018C,YOL064C,0,-1.1812816,0.41680532693862915,0.999002993106842,0.1402420699596405
YCL014W,YDR529C,0,-1.1821535,0.4166320264339447,0.999002993106842,0.1403421014547348
YLR240W,YMR139W,0,-1.1864569,0.4164588451385498,0.999002993106842,0.1404421329498291
YGR038C-B,YLR385C,0,-1.18684,0.41628584265708923,0.999002993106842,0.1405421644449234
YKR018C,YDR030C,0,-1.1873095,0.4161129593849182,0.999002993106842,0.1406421959400177
YGR239C,YOL103W,0,-1.1891592,0.41594022512435913,0.999002993106842,0.140742227435112
YCR089W,YLR297W,0,-1.19075,0.415767639875412,0.999002993106842,0.1408422589302063
YNR027W,YOL026C,0,-1.1915807,0.4155951738357544,0.999002993106842,0.1409422755241394
YNR035C,YMR128W,0,-1.1937084,0.41542288661003113,0.999002993106842,0.1410423070192337
YDR472W,YPL111W,0,-1.1950817,0.4152507185935974,0.999002993106842,0.141142338514328
YHR178W,YJL060W,0,-1.196189,0.41507869958877563,0.999002993106842,0.1412423700094223
YDR432W,YGL010W,0,-1.1965098,0.4149068295955658,0.999002993106842,0.1413424015045166
YEL021W,YML074C,0,-1.197873,0.4147351086139679,0.999002993106842,0.1414424329996109
YOL004W,YFL034C-B,0,-1.198542,0.41456350684165955,0.999002993106842,0.1415424644947052
YER160C,YMR306W,0,-1.1990112,0.41439205408096313,0.999002993106842,0.1416424959897995
YHR042W,YDR329C,0,-1.1991773,0.41422075033187866,0.999002993106842,0.1417425274848938
YNR002C,YFR046C,0,-1.1995351,0.41404959559440613,0.999002993106842,0.1418425589799881
YDR206W,YBR177C,0,-1.2008392,0.41387856006622314,0.999002993106842,0.1419425755739212
YDL033C,YNR046W,0,-1.202577,0.4137076735496521,0.999002993106842,0.1420426070690155
YDR107C,YKL078W,0,-1.2030356,0.413536936044693,0.999002993106842,0.1421426385641098
YIR017C,YDL126C,0,-1.2046825,0.4133663475513458,0.999002993106842,0.1422426700592041
YGL216W,YML063W,0,-1.2047598,0.4131958782672882,0.999002993106842,0.1423427015542984
YLR312W-A,YMR292W,0,-1.2051194,0.41302555799484253,0.999002993106842,0.1424427330493927
YLR020C,YCR043C,0,-1.2069077,0.4128553867340088,0.999002993106842,0.142542764544487
YIL020C,YLR206W,0,-1.2078778,0.4126853346824646,0.999002993106842,0.1426427960395813
YOL156W,YHR066W,0,-1.209685,0.41251543164253235,0.999002993106842,0.1427428275346756
YDL138W,YKL206C,0,-1.2117364,0.41234567761421204,0.999002993106842,0.1428428590297699
YDR086C,YGR216C,0,-1.2122219,0.41217607259750366,0.999002993106842,0.142942875623703
YDL227C,YMR246W,0,-1.2124908,0.41200658679008484,0.999002993106842,0.1430429071187973
YPL226W,YOR285W,0,-1.213788,0.41183724999427795,0.999002993106842,0.1431429386138916
YDR436W,YHR002W,0,-1.2151747,0.4116680324077606,0.999002993106842,0.1432429701089859
YLL022C,YPR118W,0,-1.2157959,0.4114989638328552,0.999002993106842,0.1433430016040802
YER173W,YAL061W,0,-1.2159107,0.41133004426956177,0.999002993106842,0.1434430330991745
YBR072W,YGL183C,0,-1.2164086,0.41116127371788025,0.999002993106842,0.1435430645942688
YPL196W,YNL112W,0,-1.2173908,0.4109926223754883,0.999002993106842,0.1436430960893631
YKL176C,YBL034C,0,-1.2190577,0.41082412004470825,0.999002993106842,0.1437431275844574
YPL187W,YLR154C,0,-1.219158,0.4106557369232178,0.999002993106842,0.1438431590795517
YKL209C,YJR105W,0,-1.2198964,0.41048750281333923,0.999002993106842,0.1439431756734848
YDR205W,YOR299W,0,-1.2202089,0.41031941771507263,0.999002993106842,0.1440432071685791
YOR275C,YJL190C,0,-1.2204165,0.4101514518260956,0.999002993106842,0.1441432386636734
YDL002C,YIR039C,0,-1.2212222,0.40998363494873047,0.999002993106842,0.1442432701587677
YBR082C,YNL069C,0,-1.2214488,0.4098159372806549,0.999002993106842,0.144343301653862
YFR007W,YLR201C,0,-1.2233666,0.40964841842651367,0.999002993106842,0.1444433331489563
YOR122C,YLR264W,0,-1.2237175,0.4094809889793396,0.999002993106842,0.1445433646440506
YPL257W-B,YMR188C,0,-1.2241349,0.40931373834609985,0.999002993106842,0.1446433961391449
YPR072W,YGR161C-C,0,-1.2245086,0.40914657711982727,0.999002993106842,0.1447434276342392
YJL143W,YKL181W,0,-1.2249076,0.408979594707489,0.999002993106842,0.1448434591293335
YMR171C,YJL072C,0,-1.2253548,0.4088127315044403,0.999002993106842,0.1449434757232666
YLR441C,YOR332W,0,-1.2258255,0.40864601731300354,0.999002993106842,0.1450435072183609
YML046W,YPL249C-A,0,-1.2288,0.4084794223308563,0.999002993106842,0.1451435387134552
YHR156C,YBR302C,0,-1.2290409,0.40831294655799866,0.999002993106842,0.1452435702085495
YDL122W,YLR264W,0,-1.2317646,0.4081466495990753,0.999002993106842,0.1453436017036438
YHR147C,YOR222W,0,-1.2327847,0.40798044204711914,0.999002993106842,0.1454436331987381
YEL009C,YJL140W,0,-1.2336864,0.4078144133090973,0.999002993106842,0.1455436646938324
YGR279C,YDR451C,0,-1.2344539,0.407648503780365,0.999002993106842,0.1456436961889267
YHR117W,YKR103W,0,-1.2351764,0.40748271346092224,0.999002993106842,0.145743727684021
YPR190C,YOL005C,0,-1.2354839,0.40731707215309143,0.999002993106842,0.1458437591791153
YIL097W,YOL028C,0,-1.2363728,0.40715155005455017,0.999002993106842,0.1459437757730484
YDR099W,YDR130C,0,-1.2368279,0.40698617696762085,0.999002993106842,0.1460438072681427
YMR135C,YDR538W,0,-1.2368848,0.40682095289230347,0.999002993106842,0.146143838763237
YGR071C,YLL008W,0,-1.2374179,0.40665584802627563,0.999002993106842,0.1462438702583313
YPR127W,YPL051W,0,-1.2392994,0.40649086236953735,0.999002993106842,0.1463439017534256
YDR017C,YHR031C,0,-1.2419934,0.406326025724411,0.999002993106842,0.1464439332485199
YMR189W,YGR221C,0,-1.2423279,0.4061613380908966,0.999002993106842,0.1465439647436142
YGR295C,YER095W,0,-1.2424737,0.40599676966667175,0.999002993106842,0.1466439962387085
YNL124W,YCL018W,0,-1.243019,0.40583232045173645,0.999002993106842,0.1467440277338028
YOL054W,YJR158W,0,-1.243232,0.4056680202484131,0.999002993106842,0.1468440592288971
YIL171W,YOL100W,0,-1.2460229,0.4055038392543793,0.999002993106842,0.1469440758228302
YHR025W,YAL035W,0,-1.2467973,0.4053398072719574,0.999002993106842,0.1470441073179245
YPL226W,YOL157C,0,-1.246848,0.4051758944988251,0.999002993106842,0.1471441388130188
YBL010C,YJL166W,0,-1.2473103,0.4050121307373047,0.999002993106842,0.1472441703081131
YBR012W-A,YBL105C,0,-1.2483563,0.40484848618507385,0.999002993106842,0.1473442018032074
YDL085W,YGL033W,0,-1.2492745,0.40468499064445496,0.999002993106842,0.1474442332983017
YMR173W,YJL033W,0,-1.2517197,0.4045215845108032,0.999002993106842,0.147544264793396
YPL236C,YNR063W,0,-1.2518406,0.4043583571910858,0.999002993106842,0.1476442962884903
YOR130C,YPR159W,0,-1.252651,0.40419524908065796,0.999002993106842,0.1477443277835846
YMR146C,YJL041W,0,-1.2531943,0.40403226017951965,0.999002993106842,0.1478443592786789
YBL006C,YOR391C,0,-1.2536244,0.4038694202899933,0.999002993106842,0.147944375872612
YIL079C,YNL218W,0,-1.2558916,0.40370669960975647,0.999002993106842,0.1480444073677063
YOR295W,YLL036C,0,-1.2562474,0.4035440981388092,0.999002993106842,0.1481444388628006
YHR143W-A,YHL012W,0,-1.2567323,0.4033816456794739,0.999002993106842,0.1482444703578949
YOR312C,YDL092W,0,-1.2572662,0.4032193124294281,0.999002993106842,0.1483445018529892
YHR030C,YKL178C,0,-1.2577567,0.40305712819099426,0.999002993106842,0.1484445333480835
YML071C,YER111C,0,-1.2577626,0.40289506316185,0.999002993106842,0.1485445648431778
YLL004W,YMR303C,0,-1.2621595,0.40273311734199524,0.999002993106842,0.1486445963382721
YFL033C,YCR097W,0,-1.2628286,0.40257132053375244,0.999002993106842,0.1487446278333664
YDR432W,YCR073C,0,-1.2646428,0.4024096429347992,0.999002993106842,0.1488446593284607
YGR191W,YPL283C,0,-1.2692994,0.4022480845451355,0.999002993106842,0.148944690823555
YPR036W,YCR057C,0,-1.2706401,0.40208667516708374,0.999002993106842,0.1490447074174881
YDR071C,YOR308C,0,-1.2712239,0.40192538499832153,0.999002993106842,0.1491447389125824
YNL275W,YCL057C-A,0,-1.2712255,0.40176424384117126,0.999002993106842,0.1492447704076767
YCL024W,YHR064C,0,-1.2715117,0.40160319209098816,0.999002993106842,0.149344801902771
YER019C-A,YJR047C,0,-1.2719388,0.4014423191547394,0.999002993106842,0.1494448333978653
YHR056C,YBR122C,0,-1.2723457,0.40128153562545776,0.999002993106842,0.1495448648929596
YBR041W,YNL311C,0,-1.2724483,0.4011209011077881,0.999002993106842,0.1496448963880539
YLR028C,YDL112W,0,-1.2744622,0.40096038579940796,0.999002993106842,0.1497449278831482
YDR478W,YPL242C,0,-1.2746003,0.4007999897003174,0.999002993106842,0.1498449593782425
YKL096W,YOR216C,0,-1.2754331,0.40063974261283875,0.999002993106842,0.1499449908733368
YHR121W,YIL159W,0,-1.275532,0.40047961473464966,0.999002993106842,0.1500450074672699
YGR175C,YMR276W,0,-1.276185,0.4003196060657501,0.999002993106842,0.1501450389623642
YDL114W,YBL054W,0,-1.2774115,0.4001597464084625,0.999002993106842,0.1502450704574585
YDL150W,YER183C,0,-1.2774636,0.4000000059604645,0.999002993106842,0.1503451019525528
YNR021W,YNL124W,0,-1.2779101,0.399840384721756,0.999002993106842,0.1504451334476471
YIL095W,YCL057C-A,0,-1.2781191,0.39968088269233704,0.999002993106842,0.1505451649427414
YNL189W,YJR077C,0,-1.2781858,0.39952152967453003,0.999002993106842,0.1506451964378357
YDR238C,YHR112C,0,-1.2789506,0.3993622958660126,0.999002993106842,0.15074522793293
YDL030W,YDR060W,0,-1.280334,0.39920318126678467,0.999002993106842,0.1508452594280243
YML036W,YDR037W,0,-1.2803824,0.3990442156791687,0.999002993106842,0.1509452909231186
YBR231C,YHR011W,0,-1.2814761,0.3988853394985199,0.999002993106842,0.1510453075170517
YGR105W,YPL051W,0,-1.2821463,0.39872661232948303,0.999002993106842,0.151145339012146
YDL245C,YIL143C,0,-1.2834275,0.3985680043697357,0.999002993106842,0.1512453705072403
YGR071C,YER025W,0,-1.2838006,0.39840954542160034,0.999002993106842,0.1513454020023346
YML085C,YPL162C,0,-1.2844148,0.3982512056827545,0.999002993106842,0.1514454334974289
YMR121C,YLR103C,0,-1.2845936,0.39809295535087585,0.999002993106842,0.1515454649925232
YMR202W,YOR373W,0,-1.2849355,0.3979348838329315,0.999002993106842,0.1516454964876175
YFL034C-A,YIL139C,0,-1.2849456,0.39777690172195435,0.999002993106842,0.1517455279827118
YMR301C,YFL044C,0,-1.2874775,0.3976190388202667,0.999002993106842,0.1518455594778061
YNR008W,YIL103W,0,-1.2884321,0.39746132493019104,0.999002993106842,0.1519455909729004
YEL042W,YNL121C,0,-1.2890756,0.3973037302494049,0.999002993106842,0.1520456075668335
YML097C,YER183C,0,-1.2899497,0.3971462547779083,0.999002993106842,0.1521456390619278
YBR286W,YKR104W,0,-1.2902548,0.3969888985157013,0.999002993106842,0.1522456705570221
YKL148C,YFR052W,0,-1.2902883,0.3968316912651062,0.999002993106842,0.1523457020521164
YAL055W,YGR206W,0,-1.291229,0.39667457342147827,0.999002993106842,0.1524457335472107
YER089C,YNL087W,0,-1.2916728,0.3965176045894623,0.999002993106842,0.152545765042305
YJR095W,YGR249W,0,-1.2932011,0.39636075496673584,0.999002993106842,0.1526457965373993
YDL020C,YDR184C,0,-1.2933899,0.39620402455329895,0.999002993106842,0.1527458280324936
YOR155C,YJR044C,0,-1.2936292,0.396047443151474,0.999002993106842,0.1528458595275879
YJL099W,YDR402C,0,-1.2955806,0.3958909511566162,0.999002993106842,0.1529458910226822
YPL217C,YAR050W,0,-1.2962033,0.39573460817337036,0.999002993106842,0.1530459076166153
YGL032C,YGL222C,0,-1.2973903,0.3955783545970917,0.999002993106842,0.1531459391117096
YGR038C-B,YBR081C,0,-1.299143,0.3954222500324249,0.999002993106842,0.1532459706068039
YNL242W,YCR028C,0,-1.300802,0.39526626467704773,0.999002993106842,0.1533460021018982
YPR020W,YHR046C,0,-1.3008032,0.3951103985309601,0.999002993106842,0.1534460335969925
YMR198W,YHR032W,0,-1.3014652,0.3949546813964844,0.999002993106842,0.1535460650920868
YKL125W,YGR252W,0,-1.3015358,0.39479905366897583,0.999002993106842,0.1536460965871811
YJL221C,YER007W,0,-1.3016546,0.3946435749530792,0.999002993106842,0.1537461280822754
YDR043C,YGR070W,0,-1.3017025,0.3944881856441498,0.999002993106842,0.1538461595773697
YPL180W,YBL004W,0,-1.3027372,0.3943329453468323,0.999002993106842,0.153946191072464
YCL074W,YNL197C,0,-1.3046994,0.3941778242588043,0.999002993106842,0.1540462076663971
YNL244C,YBL005W-A,0,-1.304949,0.3940228223800659,0.999002993106842,0.1541462391614914
YER150W,YHR176W,0,-1.308357,0.3938679099082947,0.999002993106842,0.1542462706565857
YER170W,YOL019W,0,-1.3085859,0.39371317625045776,0.999002993106842,0.15434630215168
YJL101C,YDL047W,0,-1.3090591,0.393558531999588,0.999002993106842,0.1544463336467743
YPL072W,YMR300C,0,-1.3108991,0.3934040069580078,0.999002993106842,0.1545463651418686
YDL164C,YGR056W,0,-1.3121535,0.39324960112571716,0.999002993106842,0.1546463966369629
YNL113W,YJR140C,0,-1.3123932,0.39309534430503845,0.999002993106842,0.1547464281320572
YBR014C,YPR091C,0,-1.3138028,0.3929411768913269,0.999002993106842,0.1548464596271515
YMR288W,YOR056C,0,-1.3140355,0.3927871286869049,0.999002993106842,0.1549464911222458
YJR119C,YJL190C,0,-1.314228,0.39263322949409485,0.999002993106842,0.1550465077161789
YCL019W,YJR088C,0,-1.3143711,0.39247944951057434,0.999002993106842,0.1551465392112732
YLL034C,YOR106W,0,-1.3157015,0.392325758934021,0.999002993106842,0.1552465707063675
YIL155C,YGL227W,0,-1.3160402,0.3921722173690796,0.999002993106842,0.1553466022014618
YDR341C,YCR079W,0,-1.3164437,0.39201876521110535,0.999002993106842,0.1554466336965561
YCR079W,YFR051C,0,-1.3174757,0.39186546206474304,0.999002993106842,0.1555466651916504
YHR060W,YHR072W-A,0,-1.3188417,0.3917122781276703,0.999002993106842,0.1556466966867447
YDR119W,YDL055C,0,-1.3205807,0.3915592133998871,0.999002993106842,0.155746728181839
YKL172W,YKL094W,0,-1.3209083,0.39140623807907104,0.999002993106842,0.1558467596769333
YBL066C,YER144C,0,-1.3212801,0.39125341176986694,0.999002993106842,0.1559467911720276
YOR348C,YKL170W,0,-1.3230354,0.3911007046699524,0.999002993106842,0.1560468077659607
YAL041W,YHR215W,0,-1.3240695,0.3909481167793274,0.999002993106842,0.156146839261055
YDL114W,YHR156C,0,-1.3255879,0.39079561829566956,0.999002993106842,0.1562468707561493
YLR130C,YER099C,0,-1.3267558,0.39064326882362366,0.999002993106842,0.1563469022512436
YBL004W,YGR132C,0,-1.3288474,0.3904910385608673,0.999002993106842,0.1564469337463379
YJR133W,YER007W,0,-1.3290716,0.3903389275074005,0.999002993106842,0.1565469652414322
YNL311C,YNL009W,0,-1.3302546,0.3901869058609009,0.999002993106842,0.1566469967365265
YGL103W,YLR203C,0,-1.3308632,0.3900350332260132,0.999002993106842,0.1567470282316208
YDR086C,YIL138C,0,-1.3326406,0.38988327980041504,0.999002993106842,0.1568470597267151
YAL001C,YEL012W,0,-1.3349278,0.38973161578178406,0.999002993106842,0.1569470912218094
YPR104C,YBL005W-B,0,-1.3353837,0.389580100774765,0.999002993106842,0.1570471078157425
YGR249W,YDR507C,0,-1.3353944,0.38942867517471313,0.999002993106842,0.1571471393108368
YDL043C,YKL117W,0,-1.337457,0.3892773985862732,0.999002993106842,0.1572471708059311
YGR010W,YER144C,0,-1.3384427,0.3891262114048004,0.999002993106842,0.1573472023010254
YDR322W,YBR092C,0,-1.3401165,0.3889751434326172,0.999002993106842,0.1574472337961197
YCR014C,YJR110W,0,-1.3408328,0.3888242244720459,0.999002993106842,0.157547265291214
YNL075W,YOL002C,0,-1.3409724,0.3886733949184418,0.999002993106842,0.1576472967863083
YPL027W,YOL091W,0,-1.3413448,0.3885226845741272,0.999002993106842,0.1577473282814026
YOL018C,YAL010C,0,-1.3418748,0.3883720934391022,0.999002993106842,0.1578473597764969
YOL156W,YBL105C,0,-1.3420916,0.3882216215133667,0.999002993106842,0.1579473912715912
YDR032C,YCL027W,0,-1.3424225,0.3880712687969208,0.999002993106842,0.1580474078655243
YPR052C,YDR446W,0,-1.342779,0.3879210352897644,0.999002993106842,0.1581474393606186
YPL122C,YJR144W,0,-1.344366,0.3877708911895752,0.999002993106842,0.1582474708557129
YMR201C,YBL112C,0,-1.3446068,0.3876208961009979,0.999002993106842,0.1583475023508072
YEL029C,YER087C-B,0,-1.3471173,0.3874709904193878,0.999002993106842,0.1584475338459015
YBR302C,YNL138W,0,-1.3472136,0.38732123374938965,0.999002993106842,0.1585475653409958
YGL137W,YLR145W,0,-1.3490678,0.38717156648635864,0.999002993106842,0.1586475968360901
YGR047C,YPR022C,0,-1.3492299,0.3870220184326172,0.999002993106842,0.1587476283311844
YNL220W,YJR105W,0,-1.3499572,0.3868725895881653,0.999002993106842,0.1588476598262787
YJR093C,YDR312W,0,-1.350285,0.38672327995300293,0.999002993106842,0.15894769132137299
YJL103C,YNR043W,0,-1.3518461,0.38657405972480774,0.999002993106842,0.1590477079153061
YPL026C,YOL019W,0,-1.3522592,0.3864249885082245,0.999002993106842,0.1591477394104004
YOR020C,YDR079W,0,-1.3531857,0.3862760066986084,0.999002993106842,0.1592477709054947
YLR307W,YBR001C,0,-1.3544328,0.38612717390060425,0.999002993106842,0.159347802400589
YMR104C,YEL012W,0,-1.355072,0.38597843050956726,0.999002993106842,0.1594478338956833
YOR174W,YBL091C-A,0,-1.3592361,0.3858298063278198,0.999002993106842,0.1595478653907776
YLL043W,YOR308C,0,-1.3597711,0.38568130135536194,0.999002993106842,0.1596478968858719
YDR489W,YJR014W,0,-1.3599136,0.3855328857898712,0.999002993106842,0.1597479283809662
YOR274W,YBR150C,0,-1.3604774,0.38538461923599243,0.999002993106842,0.15984795987606049
YDR316W-A,YDR210W-B,0,-1.3611934,0.3852364420890808,0.999002993106842,0.15994799137115479
YMR154C,YPL110C,0,-1.3617928,0.38508838415145874,0.999002993106842,0.1600480079650879
YJL115W,YNR017W,0,-1.3619243,0.3849404454231262,0.999002993106842,0.1601480394601822
YOR347C,YFR003C,0,-1.3625814,0.38479262590408325,0.999002993106842,0.1602480709552765
YMR214W,YDR210W-A,0,-1.3650367,0.38464492559432983,0.999002993106842,0.1603481024503708
YMR150C,YER045C,0,-1.3658302,0.3844973146915436,0.999002993106842,0.1604481339454651
YGR286C,YDR207C,0,-1.3661435,0.3843498229980469,0.999002993106842,0.1605481654405594
YGL032C,YPR158W-A,0,-1.3670723,0.3842024505138397,0.999002993106842,0.1606481969356537
YLR182W,YPR158W-A,0,-1.367831,0.3840551972389221,0.999002993106842,0.16074822843074799
YGL244W,YJL172W,0,-1.369231,0.3839080333709717,0.999002993106842,0.16084825992584229
YPL266W,YLL042C,0,-1.3706555,0.3837610185146332,0.999002993106842,0.16094829142093658
YGR287C,YKL013C,0,-1.370876,0.38361409306526184,0.999002993106842,0.1610483080148697
YDL084W,YPL131W,0,-1.3737198,0.38346728682518005,0.999002993106842,0.161148339509964
YDR206W,YBR041W,0,-1.3742342,0.38332056999206543,0.999002993106842,0.1612483710050583
YDL171C,YOR153W,0,-1.3742998,0.38317400217056274,0.999002993106842,0.1613484025001526
YPL149W,YFR008W,0,-1.3744344,0.3830275237560272,0.999002993106842,0.1614484339952469
YBL098W,YNL273W,0,-1.3754646,0.38288116455078125,0.999002993106842,0.1615484654903412
YLR066W,YHR183W,0,-1.3769636,0.38273492455482483,0.999002993106842,0.16164849698543549
YDR194C,YMR211W,0,-1.3769867,0.38258877396583557,0.999002993106842,0.16174852848052979
YIL066C,YDR499W,0,-1.3809187,0.38244274258613586,0.999002993106842,0.16184855997562408
YBR142W,YKR054C,0,-1.3809519,0.3822968304157257,0.999002993106842,0.16194859147071838
YGR167W,YNL315C,0,-1.3810946,0.3821510374546051,0.999002993106842,0.1620486080646515
YOL151W,YOR035C,0,-1.381273,0.38200533390045166,0.999002993106842,0.1621486395597458
YPL163C,YER003C,0,-1.3814027,0.38185974955558777,0.999002993106842,0.1622486710548401
YIR038C,YGL134W,0,-1.3815788,0.3817142844200134,0.999002993106842,0.1623487025499344
YOR324C,YDR046C,0,-1.3821542,0.38156893849372864,0.999002993106842,0.1624487340450287
YBR012W-B,YEL004W,0,-1.3844889,0.381423681974411,0.999002993106842,0.16254876554012299
YBL076C,YDR310C,0,-1.3845229,0.38127854466438293,0.999002993106842,0.16264879703521729
YGL178W,YGR125W,0,-1.3850646,0.381133496761322,0.999002993106842,0.16274882853031158
YPR065W,YJR068W,0,-1.3860052,0.38098859786987305,0.999002993106842,0.16284886002540588
YDR206W,YLR340W,0,-1.3881683,0.38084378838539124,0.999002993106842,0.16294889152050018
YGL137W,YPL188W,0,-1.3888518,0.380699098110199,0.999002993106842,0.1630489081144333
YDR076W,YDL159W,0,-1.3906757,0.3805544972419739,0.999002993106842,0.1631489396095276
YML028W,YPL032C,0,-1.3908379,0.38041001558303833,0.999002993106842,0.1632489711046219
YPR043W,YPL087W,0,-1.3914447,0.38026565313339233,0.999002993106842,0.1633490025997162
YKL171W,YNL322C,0,-1.396006,0.3801214098930359,0.999002993106842,0.16344903409481049
YPR047W,YLR134W,0,-1.3961096,0.3799772560596466,0.999002993106842,0.16354906558990479
YGR001C,YKR059W,0,-1.3985356,0.3798332214355469,0.999002993106842,0.16364909708499908
YML075C,YPL132W,0,-1.3990469,0.3796892762184143,0.999002993106842,0.16374912858009338
YNR069C,YGR287C,0,-1.3993489,0.3795454502105713,0.999002993106842,0.16384916007518768
YJR149W,YPL019C,0,-1.3999053,0.3794017434120178,0.999002993106842,0.16394919157028198
YBR127C,YJL177W,0,-1.4015876,0.3792581260204315,0.999002993106842,0.1640492081642151
YBL020W,YMR122W-A,0,-1.4020662,0.37911462783813477,0.999002993106842,0.1641492396593094
YER050C,YLL061W,0,-1.4029617,0.37897124886512756,0.999002993106842,0.1642492711544037
YDR170W-A,YOR175C,0,-1.405107,0.3788279891014099,0.999002993106842,0.16434930264949799
YML124C,YML022W,0,-1.4067626,0.3786848187446594,0.999002993106842,0.16444933414459229
YGR090W,YOR197W,0,-1.4079212,0.3785417377948761,0.999002993106842,0.16454936563968658
YKR067W,YOR377W,0,-1.4085456,0.3783988058567047,0.999002993106842,0.16464939713478088
YHR072W,YMR282C,0,-1.4101173,0.3782559335231781,0.999002993106842,0.16474942862987518
YJL076W,YGR241C,0,-1.4111019,0.3781132102012634,0.999002993106842,0.16484946012496948
YNR020C,YMR134W,0,-1.4124998,0.3779705762863159,0.999002993106842,0.16494949162006378
YHR203C,YGR166W,0,-1.4125395,0.37782806158065796,0.999002993106842,0.1650495082139969
YGR014W,YKR038C,0,-1.4138112,0.37768563628196716,0.999002993106842,0.1651495397090912
YPR041W,YNL015W,0,-1.4162843,0.3775433301925659,0.999002993106842,0.16524957120418549
YDR115W,YER018C,0,-1.4174485,0.3774011433124542,0.999002993106842,0.16534960269927979
YDL039C,YDR026C,0,-1.4190183,0.3772590458393097,0.999002993106842,0.16544963419437408
YGL212W,YOL092W,0,-1.4204456,0.3771170377731323,0.999002993106842,0.16554966568946838
YDR116C,YDR373W,0,-1.4209046,0.3769751787185669,0.999002993106842,0.16564969718456268
YEL009C,YMR314W,0,-1.4231163,0.37683340907096863,0.999002993106842,0.16574972867965698
YDL215C,YJL048C,0,-1.4241552,0.3766917288303375,0.999002993106842,0.16584976017475128
YNL002C,YHL009W-A,0,-1.4252653,0.37655016779899597,0.999002993106842,0.16594979166984558
YDL024C,YPL259C,0,-1.42748,0.37640872597694397,0.999002993106842,0.1660498082637787
YEL030W,YPL240C,0,-1.4297135,0.37626737356185913,0.999002993106842,0.16614983975887299
YER171W,YDR444W,0,-1.4306154,0.37612614035606384,0.999002993106842,0.16624987125396729
YPR167C,YNL009W,0,-1.4322966,0.3759849965572357,0.999002993106842,0.16634990274906158
YIL073C,YGL145W,0,-1.4338686,0.37584397196769714,0.999002993106842,0.16644993424415588
YHR121W,YOL103W-B,0,-1.4338775,0.37570303678512573,0.999002993106842,0.16654996573925018
YOR128C,YNL119W,0,-1.4340904,0.37556222081184387,0.999002993106842,0.16664999723434448
YKL208W,YMR282C,0,-1.4347801,0.3754214942455292,0.999002993106842,0.16675002872943878
YNL008C,YHR072W-A,0,-1.4351804,0.37528088688850403,0.999002993106842,0.16685006022453308
YMR086W,YML018C,0,-1.4357617,0.37514039874076843,0.999002993106842,0.16695009171962738
YPR101W,YCL018W,0,-1.4366678,0.375,0.999002993106842,0.16705010831356049
YKL096W-A,YHR167W,0,-1.4370012,0.3748597204685211,0.999002993106842,0.16715013980865479
YML093W,YBR198C,0,-1.4384872,0.3747195303440094,0.999002993106842,0.16725017130374908
YER171W,YGR140W,0,-1.4391179,0.37457942962646484,0.999002993106842,0.16735020279884338
YLR421C,YGL131C,0,-1.4394524,0.37443944811820984,0.999002993106842,0.16745023429393768
YPL257W-B,YER118C,0,-1.4398701,0.3742995858192444,0.999002993106842,0.16755026578903198
YJL200C,YGL010W,0,-1.4401554,0.3741598129272461,0.999002993106842,0.16765029728412628
YLR370C,YER090W,0,-1.4409647,0.37402015924453735,0.999002993106842,0.16775032877922058
YOR044W,YOR142W-A,0,-1.4414289,0.3738805949687958,0.999002993106842,0.16785036027431488
YLR364W,YIL015W,0,-1.4418305,0.37374114990234375,0.999002993106842,0.16795039176940918
YHR203C,YLR256W,0,-1.4419069,0.3736017942428589,0.999002993106842,0.16805040836334229
YIL015W,YPR083W,0,-1.4426708,0.3734625279903412,0.999002993106842,0.16815043985843658
YOL077W-A,YKR102W,0,-1.4428616,0.3733234107494354,0.999002993106842,0.16825047135353088
YBR082C,YHR046C,0,-1.4439604,0.37318435311317444,0.999002993106842,0.16835050284862518
YLR342W,YLR024C,0,-1.4455041,0.373045414686203,0.999002993106842,0.16845053434371948
YAL054C,YNL052W,0,-1.4459121,0.3729065954685211,0.999002993106842,0.16855056583881378
YDR425W,YOR130C,0,-1.4464779,0.3727678656578064,0.999002993106842,0.16865059733390808
YIL094C,YGL190C,0,-1.4485242,0.37262922525405884,0.999002993106842,0.16875062882900238
YBR135W,YNL275W,0,-1.449171,0.37249070405960083,0.999002993106842,0.16885066032409668
YER001W,YOL145C,0,-1.4501755,0.37235227227211,0.999002993106842,0.16895069181919098
YOR098C,YOR190W,0,-1.4506426,0.3722139596939087,0.999002993106842,0.16905070841312408
YBR257W,YOR150W,0,-1.4513028,0.37207576632499695,0.999002993106842,0.16915073990821838
YBL090W,YGL012W,0,-1.4513199,0.37193763256073,0.999002993106842,0.16925077140331268
YNR012W,YHR160C,0,-1.4517447,0.37179961800575256,0.999002993106842,0.16935080289840698
YCL011C,YGR275W,0,-1.4530962,0.3716617226600647,0.999002993106842,0.16945083439350128
YBR014C,YIL010W,0,-1.4531459,0.371523916721344,0.999002993106842,0.16955086588859558
YDL191W,YKR008W,0,-1.4569561,0.37138620018959045,0.999002993106842,0.16965089738368988
YBR135W,YKR054C,0,-1.457051,0.37124860286712646,0.999002993106842,0.16975092887878418
YBL021C,YPR102C,0,-1.4577353,0.371111124753952,0.999002993106842,0.16985096037387848
YMR152W,YNL037C,0,-1.4578273,0.37097370624542236,0.999002993106842,0.16995099186897278
YGR268C,YDR446W,0,-1.4589229,0.37083640694618225,0.999002993106842,0.17005100846290588
YNL154C,YER002W,0,-1.4643776,0.3706992268562317,0.999002993106842,0.17015103995800018
YFL014W,YHL009W-A,0,-1.4648442,0.3705621361732483,0.999002993106842,0.17025107145309448
YAL032C,YOR308C,0,-1.4657722,0.37042513489723206,0.999002993106842,0.17035110294818878
YDL191W,YNR063W,0,-1.4666083,0.37028825283050537,0.999002993106842,0.17045113444328308
YJR058C,YPL159C,0,-1.4681585,0.37015146017074585,0.999002993106842,0.17055116593837738
YKL009W,YPL227C,0,-1.4698293,0.3700147569179535,0.999002993106842,0.17065119743347168
YLR147C,YKL160W,0,-1.4708942,0.3698781728744507,0.999002993106842,0.17075122892856598
YLR098C,YBL113C,0,-1.4713514,0.3697417080402374,0.999002993106842,0.17085126042366028
YIR002C,YLR453C,0,-1.4735448,0.36960530281066895,0.999002993106842,0.17095129191875458
YOL058W,YDR219C,0,-1.4741186,0.36946901679039,0.999002993106842,0.17105130851268768
YPL128C,YLL008W,0,-1.4747217,0.36933284997940063,0.999002993106842,0.17115134000778198
YPR119W,YLR447C,0,-1.4749079,0.36919674277305603,0.999002993106842,0.17125137150287628
YFL041W,YIL072W,0,-1.4761733,0.36906078457832336,0.999002993106842,0.17135140299797058
YBR167C,YOL155C,0,-1.4768438,0.3689248859882355,0.999002993106842,0.17145143449306488
YKL011C,YJL189W,0,-1.4784207,0.36878910660743713,0.999002993106842,0.17155146598815918
YDR383C,YLR170C,0,-1.4787287,0.36865341663360596,0.999002993106842,0.17165149748325348
YOR014W,YKL095W,0,-1.4794297,0.36851784586906433,0.999002993106842,0.17175152897834778
YBR161W,YMR037C,0,-1.4796152,0.36838236451148987,0.999002993106842,0.17185156047344208
YOR142W,YPL275W,0,-1.4803964,0.36824697256088257,0.999002993106842,0.17195159196853638
YKL109W,YHR072W-A,0,-1.4808155,0.36811167001724243,0.999002993106842,0.17205160856246948
YHR066W,YBR021W,0,-1.4809401,0.36797648668289185,0.999002993106842,0.17215164005756378
YPL098C,YHR041C,0,-1.4810787,0.3678414225578308,0.999002993106842,0.17225167155265808
YBR299W,YDR348C,0,-1.4813056,0.36770641803741455,0.999002993106842,0.17235170304775238
YNL218W,YMR065W,0,-1.4840937,0.36757153272628784,0.999002993106842,0.17245173454284668
YGL083W,YNR075W,0,-1.484246,0.3674367368221283,0.999002993106842,0.17255176603794098
YER151C,YER145C,0,-1.4847332,0.3673020601272583,0.999002993106842,0.17265179753303528
YNL210W,YOR246C,0,-1.4852326,0.36716747283935547,0.999002993106842,0.17275182902812958
YBR185C,YBL071W-A,0,-1.4862142,0.3670329749584198,0.999002993106842,0.17285186052322388
YDR091C,YPL193W,1,-1.486816,0.3672647476196289,1.0,0.17285186052322388
YIL066C,YLL008W,0,-1.4876256,0.367130309343338,1.0,0.17295189201831818
YPL046C,YOR190W,0,-1.4897985,0.3669959604740143,1.0,0.17305190861225128
YPL183W-A,YNL085W,0,-1.4903328,0.3668617308139801,1.0,0.17315194010734558
YDR224C,YBR179C,0,-1.4906678,0.3667275905609131,1.0,0.17325197160243988
YGL227W,YNL268W,0,-1.4909713,0.3665935695171356,1.0,0.17335200309753418
YDR320C,YER117W,0,-1.491235,0.3664596378803253,1.0,0.17345203459262848
YHR094C,YKL022C,0,-1.4914049,0.3663257956504822,1.0,0.17355206608772278
YBR031W,YML048W,0,-1.491536,0.3661920428276062,1.0,0.17365209758281708
YKR068C,YNR056C,0,-1.4923203,0.3660583794116974,1.0,0.17375212907791138
YDL229W,YDR363W-A,0,-1.493056,0.3659248352050781,1.0,0.17385216057300568
YML062C,YCR012W,0,-1.4943867,0.365791380405426,1.0,0.17395219206809998
YPL046C,YDL130W-A,0,-1.4946027,0.3656580448150635,1.0,0.17405220866203308
YLR141W,YEL026W,0,-1.4973618,0.3655247688293457,1.0,0.17415224015712738
YGR240C,YGR247W,0,-1.4986706,0.3653916120529175,1.0,0.17425227165222168
YMR067C,YGR162W,0,-1.5008389,0.3652585446834564,1.0,0.17435230314731598
YFL066C,YDR382W,0,-1.5013694,0.3651255965232849,1.0,0.17445233464241028
YHR099W,YNL312W,0,-1.5018623,0.3649927079677582,1.0,0.17455236613750458
YEL052W,YJL020C,0,-1.5024278,0.364859938621521,1.0,0.17465239763259888
YGR041W,YCL057C-A,0,-1.5037982,0.364727258682251,1.0,0.17475242912769318
YNL086W,YJL187C,0,-1.5050765,0.3645946979522705,1.0,0.17485246062278748
YIL159W,YDR210W-B,0,-1.5052884,0.3644621968269348,1.0,0.17495249211788177
YOL142W,YIL026C,0,-1.5068413,0.36432981491088867,1.0,0.17505250871181488
YBR035C,YKL013C,0,-1.5070926,0.3641975224018097,1.0,0.17515254020690918
YKR066C,YPR144C,0,-1.5074327,0.36406534910202026,1.0,0.17525257170200348
YOR233W,YHR084W,0,-1.5100152,0.3639332354068756,1.0,0.17535260319709778
YPR133W-A,YOL115W,0,-1.5112855,0.3638012409210205,1.0,0.17545263469219208
YJL011C,YIR010W,0,-1.5123488,0.36366933584213257,1.0,0.17555266618728638
YCL057C-A,YCL057W,0,-1.5127484,0.3635375201702118,1.0,0.17565269768238068
YLR227W-B,YOR274W,0,-1.5133247,0.3634057939052582,1.0,0.17575272917747498
YEL016C,YDR492W,0,-1.514081,0.3632741868495941,1.0,0.17585276067256927
YHR153C,YHR184W,0,-1.5142701,0.36314263939857483,1.0,0.17595279216766357
YNL149C,YPL255W,0,-1.51437,0.3630112111568451,1.0,0.17605280876159668
YGR180C,YLR145W,0,-1.5157413,0.3628798723220825,1.0,0.17615284025669098
YCR097W,YOR142W-A,0,-1.5162749,0.3627486526966095,1.0,0.17625287175178528
YDR267C,YIL132C,0,-1.5183123,0.36261749267578125,1.0,0.17635290324687958
YHR030C,YGR027W-A,0,-1.5183697,0.36248645186424255,1.0,0.17645293474197388
YBR243C,YJR047C,0,-1.5232657,0.362355500459671,1.0,0.17655296623706818
YCR052W,YLR134W,0,-1.5233204,0.36222463846206665,1.0,0.17665299773216248
YPR137W,YJL008C,0,-1.5234809,0.36209386587142944,1.0,0.17675302922725677
YKL103C,YGR287C,0,-1.5235257,0.3619631826877594,1.0,0.17685306072235107
YLR028C,YMR269W,0,-1.52372,0.3618326187133789,1.0,0.17695309221744537
YDR174W,YMR303C,0,-1.5249022,0.3617021143436432,1.0,0.17705310881137848
YPL206C,YGL065C,0,-1.525569,0.361571729183197,1.0,0.17715314030647278
YBR238C,YEL034W,0,-1.5259928,0.361441433429718,1.0,0.17725317180156708
YER078C,YDL014W,0,-1.5261449,0.3613112270832062,1.0,0.17735320329666138
YMR127C,YER011W,0,-1.5270233,0.3611811399459839,1.0,0.17745323479175568
YNL054W-B,YBL009W,0,-1.5270983,0.36105111241340637,1.0,0.17755326628684998
YPL190C,YJR145C,0,-1.5284526,0.3609212040901184,1.0,0.17765329778194427
YLR399C,YJR016C,0,-1.5291431,0.3607913553714752,1.0,0.17775332927703857
YKL190W,YDR210C-C,0,-1.5292573,0.3606616258621216,1.0,0.17785336077213287
YER068W,YLR385C,0,-1.5309551,0.3605319857597351,1.0,0.17795339226722717
YHR079C,YMR200W,0,-1.5310571,0.3604024350643158,1.0,0.17805340886116028
YOL003C,YPR166C,0,-1.5314015,0.36027297377586365,1.0,0.17815344035625458
YGR058W,YGL106W,0,-1.5331566,0.36014363169670105,1.0,0.17825347185134888
YIL125W,YDR013W,0,-1.533472,0.3600143492221832,1.0,0.17835350334644318
YIL020C,YKL064W,0,-1.5341613,0.35988518595695496,1.0,0.17845353484153748
YKL182W,YDR373W,0,-1.5342252,0.35975611209869385,1.0,0.17855356633663177
YML037C,YPL037C,0,-1.5348284,0.3596270978450775,1.0,0.17865359783172607
YFL045C,YDR088C,0,-1.5350853,0.35949820280075073,1.0,0.17875362932682037
YGL225W,YHR017W,0,-1.535191,0.3593693971633911,1.0,0.17885366082191467
YDR167W,YOR116C,0,-1.5355289,0.35924068093299866,1.0,0.17895369231700897
YNL271C,YMR296C,0,-1.5380975,0.35911205410957336,1.0,0.17905370891094208
YPR166C,YPR158W-A,0,-1.5383883,0.3589835464954376,1.0,0.17915374040603638
YIL136W,YGL179C,0,-1.539548,0.35885509848594666,1.0,0.17925377190113068
YDL148C,YJL047C,0,-1.5396427,0.35872673988342285,1.0,0.17935380339622498
YAL008W,YOR126C,0,-1.5411968,0.3585985004901886,1.0,0.17945383489131927
YNL113W,YDR138W,0,-1.5420579,0.3584703505039215,1.0,0.17955386638641357
YIL171W,YEL041W,0,-1.5423647,0.3583422601222992,1.0,0.17965389788150787
YBR186W,YLL035W,0,-1.5424798,0.35821428894996643,1.0,0.17975392937660217
YER112W,YGR038C-A,0,-1.5428183,0.35808640718460083,1.0,0.17985396087169647
YDR408C,YIR034C,0,-1.5428811,0.3579586148262024,1.0,0.17995399236679077
YMR014W,YGL019W,0,-1.5430378,0.35783088207244873,1.0,0.18005400896072388
YOL064C,YHR018C,0,-1.5446843,0.3577032685279846,1.0,0.18015404045581818
YGR033C,YOR080W,0,-1.5470123,0.35757574439048767,1.0,0.18025407195091248
YLR287C-A,YLR105C,0,-1.5471861,0.3574483394622803,1.0,0.18035410344600677
YER082C,YJL062W-A,0,-1.5476953,0.35732099413871765,1.0,0.18045413494110107
YPL060W,YDR403W,0,-1.5476961,0.3571937382221222,1.0,0.18055416643619537
YLR390W,YBR187W,0,-1.5481791,0.3570665717124939,1.0,0.18065419793128967
YJL010C,YCR004C,0,-1.5492694,0.35693949460983276,1.0,0.18075422942638397
YIL126W,YNR023W,0,-1.5496004,0.3568125367164612,1.0,0.18085426092147827
YLL011W,YJR133W,0,-1.5498374,0.3566856384277344,1.0,0.18095429241657257
YDR451C,YEL058W,0,-1.5498886,0.35655882954597473,1.0,0.18105430901050568
YCL069W,YLR015W,0,-1.550357,0.35643213987350464,1.0,0.18115434050559998
YDR489W,YJR135W-A,0,-1.5516514,0.3563055098056793,1.0,0.18125437200069427
YJL062W-A,YAL053W,0,-1.5520842,0.35617896914482117,1.0,0.18135440349578857
YHR059W,YPL101W,0,-1.5522923,0.35605254769325256,1.0,0.18145443499088287
YCR040W,YDR022C,0,-1.5523723,0.35592618584632874,1.0,0.18155446648597717
YML093W,YFR041C,0,-1.5548441,0.35579994320869446,1.0,0.18165449798107147
YEL037C,YER014C-A,0,-1.5574853,0.35567376017570496,1.0,0.18175452947616577
YHR060W,YHR062C,0,-1.5579449,0.3555476665496826,1.0,0.18185456097126007
YDL103C,YMR128W,0,-1.5593255,0.35542169213294983,1.0,0.18195459246635437
YLR126C,YFL010W-A,0,-1.5612347,0.3552957773208618,1.0,0.18205460906028748
YMR182C,YIR011C,0,-1.5618593,0.35516998171806335,1.0,0.18215464055538177
YGL147C,YBL066C,0,-1.5641453,0.35504424571990967,1.0,0.18225467205047607
YJL019W,YOR025W,0,-1.5645078,0.35491859912872314,1.0,0.18235470354557037
YFR018C,YKR050W,0,-1.5652137,0.35479307174682617,1.0,0.18245473504066467
YMR014W,YCL063W,0,-1.5657382,0.354667603969574,1.0,0.18255476653575897
YLR081W,YOR142W-A,0,-1.5662367,0.35454225540161133,1.0,0.18265479803085327
YBL066C,YOR297C,0,-1.5664188,0.35441696643829346,1.0,0.18275482952594757
YDR194C,YGR112W,0,-1.5668628,0.35429176688194275,1.0,0.18285486102104187
YGR038C-A,YGR096W,0,-1.5673056,0.3541666567325592,1.0,0.18295489251613617
YBR135W,YLR206W,0,-1.5674682,0.3540416657924652,1.0,0.18305490911006927
YCR048W,YNR013C,0,-1.567769,0.353916734457016,1.0,0.18315494060516357
YPL196W,YGL255W,0,-1.5677989,0.35379189252853394,1.0,0.18325497210025787
YIR036C,YMR284W,0,-1.5689929,0.35366714000701904,1.0,0.18335500359535217
YDL195W,YML066C,0,-1.570282,0.3535424768924713,1.0,0.18345503509044647
YNL012W,YOR054C,0,-1.5720108,0.35341790318489075,1.0,0.18355506658554077
YOR338W,YPL240C,0,-1.5721428,0.35329341888427734,1.0,0.18365509808063507
YNL213C,YER056C-A,0,-1.5722243,0.3531690239906311,1.0,0.18375512957572937
YPR194C,YML073C,0,-1.575231,0.35304468870162964,1.0,0.18385516107082367
YOR373W,YDR194C,0,-1.575316,0.3529204726219177,1.0,0.18395519256591797
YJL141C,YMR114C,0,-1.5762908,0.352796345949173,1.0,0.18405520915985107
YGL059W,YOR303W,0,-1.5770762,0.352672278881073,1.0,0.18415524065494537
YDR342C,YGL112C,0,-1.5771921,0.3525483310222626,1.0,0.18425527215003967
YPL064C,YDR195W,0,-1.5780134,0.3524244427680969,1.0,0.18435530364513397
YLR233C,YER166W,0,-1.5785794,0.3523006737232208,1.0,0.18445533514022827
YER138C,YGL050W,0,-1.5793082,0.3521769642829895,1.0,0.18455536663532257
YOR317W,YDR082W,0,-1.5815219,0.35205334424972534,1.0,0.18465539813041687
YDR074W,YOR339C,0,-1.5816166,0.35192981362342834,1.0,0.18475542962551117
YBR282W,YDR339C,0,-1.5819383,0.3518063724040985,1.0,0.18485546112060547
YIL085C,YDR402C,0,-1.5826998,0.35168302059173584,1.0,0.18495549261569977
YMR266W,YNL304W,0,-1.583067,0.35155975818634033,1.0,0.18505550920963287
YGR106C,YGR096W,0,-1.584568,0.351436585187912,1.0,0.18515554070472717
YJL177W,YER098W,0,-1.5846751,0.3513134717941284,1.0,0.18525557219982147
YNL102W,YPL072W,0,-1.5852033,0.3511904776096344,1.0,0.18535560369491577
YML112W,YBL028C,0,-1.5868006,0.35106754302978516,1.0,0.18545563519001007
YOL101C,YFR018C,0,-1.5873492,0.35094472765922546,1.0,0.18555566668510437
YML111W,YGR158C,0,-1.5878823,0.35082197189331055,1.0,0.18565569818019867
YMR019W,YPL160W,0,-1.5878925,0.3506993055343628,1.0,0.18575572967529297
YOL045W,YJL062W-A,0,-1.5885435,0.3505767285823822,1.0,0.18585576117038727
YLR182W,YKL144C,0,-1.5903945,0.3504542410373688,1.0,0.18595579266548157
YOR306C,YML042W,0,-1.5904413,0.3503318130970001,1.0,0.18605582416057587
YLR398C,YMR216C,0,-1.5913304,0.350209504365921,1.0,0.18615584075450897
YNL050C,YDR194C,0,-1.5924652,0.3500872552394867,1.0,0.18625587224960327
YDR394W,YCR048W,0,-1.5946715,0.34996509552001953,1.0,0.18635590374469757
YMR092C,YGR223C,0,-1.5950682,0.3498430550098419,1.0,0.18645593523979187
YAR071W,YNR035C,0,-1.5952356,0.3497210741043091,1.0,0.18655596673488617
YKL152C,YDR050C,0,-1.5963199,0.349599152803421,1.0,0.18665599822998047
YMR298W,YER130C,0,-1.5978092,0.3494773507118225,1.0,0.18675602972507477
YMR134W,YLR450W,0,-1.5984826,0.34935563802719116,1.0,0.18685606122016907
YPR119W,YEL061C,0,-1.5986462,0.3492339849472046,1.0,0.18695609271526337
YPR201W,YBR227C,0,-1.5989203,0.3491124212741852,1.0,0.18705612421035767
YOR378W,YJL044C,0,-1.5997307,0.34899094700813293,1.0,0.18715614080429077
YLR227W-B,YMR052W,0,-1.5998209,0.34886956214904785,1.0,0.18725617229938507
YOR074C,YOR192C-B,0,-1.6001892,0.34874826669692993,1.0,0.18735620379447937
YOR192C-A,YNL046W,0,-1.6016991,0.3486270308494568,1.0,0.18745623528957367
YJR040W,YNL148C,0,-1.6030102,0.3485059142112732,1.0,0.18755626678466797
YDL120W,YKL201C,0,-1.6045828,0.3483848571777344,1.0,0.18765629827976227
YOL093W,YDR062W,0,-1.6049278,0.3482638895511627,1.0,0.18775632977485657
YGR241C,YDL166C,0,-1.6049409,0.3481430113315582,1.0,0.18785636126995087
YKL181W,YIL031W,0,-1.6059847,0.3480221927165985,1.0,0.18795639276504517
YDR423C,YDL079C,0,-1.606178,0.34790149331092834,1.0,0.18805642426013947
YKL101W,YOR270C,0,-1.6068712,0.34778085350990295,1.0,0.18815644085407257
YDL208W,YPL257W-A,0,-1.6069033,0.3476603031158447,1.0,0.18825647234916687
YDL029W,YBL029C-A,0,-1.6069435,0.34753984212875366,1.0,0.18835650384426117
YBL082C,YBL092W,0,-1.607498,0.34741947054862976,1.0,0.18845653533935547
YKR002W,YPL128C,0,-1.6078415,0.34729915857315063,1.0,0.18855656683444977
YOR332W,YGL209W,0,-1.6085494,0.34717896580696106,1.0,0.18865659832954407
YMR013C,YLR206W,0,-1.6095272,0.34705883264541626,1.0,0.18875662982463837
YPR052C,YHL012W,0,-1.6096059,0.3469387888908386,1.0,0.18885666131973267
YDR293C,YKL082C,0,-1.6097324,0.34681880474090576,1.0,0.18895669281482697
YBR205W,YNL210W,0,-1.6102064,0.34669893980026245,1.0,0.18905672430992126
YDR155C,YPR082C,0,-1.6107714,0.3465791344642639,1.0,0.18915674090385437
YLR096W,YLR024C,0,-1.6110849,0.34645941853523254,1.0,0.18925677239894867
YKL130C,YOL142W,0,-1.611567,0.34633979201316833,1.0,0.18935680389404297
YBL018C,YKL124W,0,-1.6127108,0.3462202250957489,1.0,0.18945683538913727
YIR012W,YOR360C,0,-1.61301,0.34610074758529663,1.0,0.18955686688423157
YDL064W,YMR264W,0,-1.6130149,0.3459813594818115,1.0,0.18965689837932587
YNR072W,YGR056W,0,-1.6133485,0.3458620607852936,1.0,0.18975692987442017
YKL190W,YPL183W-A,0,-1.6134865,0.3457428514957428,1.0,0.18985696136951447
YDL156W,YHR203C,0,-1.6139189,0.3456237018108368,1.0,0.18995699286460876
YOR210W,YCR043C,0,-1.616643,0.34550464153289795,1.0,0.19005702435970306
YJL062W-A,YOL067C,0,-1.6173112,0.34538567066192627,1.0,0.19015704095363617
YJL052W,YHR036W,0,-1.6182551,0.34526678919792175,1.0,0.19025707244873047
YNL322C,YCL026C-B,0,-1.6206422,0.345147967338562,1.0,0.19035710394382477
YLR369W,YKR036C,0,-1.6209393,0.34502923488616943,1.0,0.19045713543891907
YFL021W,YLR015W,0,-1.6235436,0.344910591840744,1.0,0.19055716693401337
YPL271W,YBR265W,0,-1.6237202,0.34479203820228577,1.0,0.19065719842910767
YMR283C,YDR487C,0,-1.6239879,0.3446735441684723,1.0,0.19075722992420197
YOR153W,YLR385C,0,-1.6241627,0.344555139541626,1.0,0.19085726141929626
YDR261W-A,YNL290W,0,-1.6242688,0.3444368243217468,1.0,0.19095729291439056
YOR106W,YDR180W,0,-1.6246138,0.34431856870651245,1.0,0.19105732440948486
YBL101C,YMR197C,0,-1.6246371,0.34420040249824524,1.0,0.19115734100341797
YGR209C,YPL050C,0,-1.6246579,0.3440823256969452,1.0,0.19125737249851227
YMR186W,YGL234W,0,-1.6252655,0.3439643383026123,1.0,0.19135740399360657
YIR013C,YER147C,0,-1.6270084,0.3438464105129242,1.0,0.19145743548870087
YMR213W,YOL103W-B,0,-1.6293018,0.34372857213020325,1.0,0.19155746698379517
YOR008C,YOR344C,0,-1.6309431,0.34361082315444946,1.0,0.19165749847888947
YKL067W,YNL093W,0,-1.6313553,0.34349316358566284,1.0,0.19175752997398376
YGR188C,YJR002W,0,-1.6313586,0.343375563621521,1.0,0.19185756146907806
YJL108C,YFL029C,0,-1.631454,0.3432580530643463,1.0,0.19195759296417236
YPL256C,YNL135C,0,-1.6333154,0.3431406021118164,1.0,0.19205762445926666
YOR126C,YOL043C,0,-1.6333225,0.34302327036857605,1.0,0.19215764105319977
YNL054W-B,YJR088C,0,-1.6339412,0.3429059684276581,1.0,0.19225767254829407
YDR146C,YKR045C,0,-1.6349831,0.34278878569602966,1.0,0.19235770404338837
YOR229W,YLR084C,0,-1.6365361,0.3426716923713684,1.0,0.19245773553848267
YER019W,YDL222C,0,-1.6367644,0.34255465865135193,1.0,0.19255776703357697
YDL216C,YLR256W-A,0,-1.6383938,0.3424376845359802,1.0,0.19265779852867126
YBL036C,YNL119W,0,-1.6386733,0.34232082962989807,1.0,0.19275783002376556
YDR496C,YGR052W,0,-1.6390015,0.3422040343284607,1.0,0.19285786151885986
YOR043W,YDL122W,0,-1.6409183,0.3420872986316681,1.0,0.19295789301395416
YGL203C,YML033W,0,-1.6410197,0.34197068214416504,1.0,0.19305792450904846
YHR079C,YDR077W,0,-1.6413913,0.34185412526130676,1.0,0.19315794110298157
YLR009W,YNL139C,0,-1.6420333,0.34173765778541565,1.0,0.19325797259807587
YCL026C-B,YLR242C,0,-1.6424516,0.3416212499141693,1.0,0.19335800409317017
YOL077W-A,YMR142C,0,-1.6428626,0.34150493144989014,1.0,0.19345803558826447
YJL002C,YBR084W,0,-1.6435363,0.3413887023925781,1.0,0.19355806708335876
YEL009C,YBL055C,0,-1.6455517,0.3412725329399109,1.0,0.19365809857845306
YHR011W,YDR348C,0,-1.6456254,0.3411564528942108,1.0,0.19375813007354736
YPL283C,YNL284C-A,0,-1.6466902,0.3410404622554779,1.0,0.19385816156864166
YJR144W,YER019W,0,-1.6467208,0.34092453122138977,1.0,0.19395819306373596
YDL120W,YER006W,0,-1.6469274,0.3408086895942688,1.0,0.19405822455883026
YAL005C,YCL024W,0,-1.6472616,0.340692937374115,1.0,0.19415824115276337
YKL120W,YBL020W,0,-1.6476707,0.34057724475860596,1.0,0.19425827264785767
YNL310C,YIR012W,0,-1.6479813,0.3404616415500641,1.0,0.19435830414295197
YBR280C,YDR077W,0,-1.6481385,0.3403461277484894,1.0,0.19445833563804626
YCR046C,YDL004W,0,-1.6504943,0.34023067355155945,1.0,0.19455836713314056
YDR079C-A,YJR006W,0,-1.6505392,0.3401152789592743,1.0,0.19465839862823486
YGR255C,YFL002W-B,0,-1.6517057,0.3400000035762787,1.0,0.19475843012332916
YIR008C,YNL124W,0,-1.6522892,0.33988478779792786,1.0,0.19485846161842346
YPL092W,YOR269W,0,-1.6524861,0.3397696614265442,1.0,0.19495849311351776
YDR484W,YLR268W,0,-1.6527944,0.3396545946598053,1.0,0.19505852460861206
YNL154C,YKR036C,0,-1.6528294,0.33953961730003357,1.0,0.19515854120254517
YPR167C,YMR077C,0,-1.654542,0.3394246995449066,1.0,0.19525857269763947
YPL015C,YMR186W,0,-1.6548561,0.3393098711967468,1.0,0.19535860419273376
YDL140C,YDL180W,0,-1.6549945,0.3391951322555542,1.0,0.19545863568782806
YPL147W,YER148W,0,-1.6566586,0.33908045291900635,1.0,0.19555866718292236
YBR026C,YDR267C,0,-1.6586959,0.33896586298942566,1.0,0.19565869867801666
YFL047W,YMR024W,0,-1.6593678,0.33885136246681213,1.0,0.19575873017311096
YPL147W,YBR155W,0,-1.6601113,0.3387369215488434,1.0,0.19585876166820526
YKR037C,YPR016C,0,-1.660169,0.3386225402355194,1.0,0.19595879316329956
YGR257C,YKL096W-A,0,-1.6607823,0.338508278131485,1.0,0.19605882465839386
YLR268W,YDR316W,0,-1.6614664,0.33839407563209534,1.0,0.19615884125232697
YEL070W,YDR363W-A,0,-1.6615291,0.33827993273735046,1.0,0.19625887274742126
YHR094C,YAL013W,0,-1.661828,0.33816587924957275,1.0,0.19635890424251556
YMR168C,YDR014W,0,-1.662173,0.3380519151687622,1.0,0.19645893573760986
YDL077C,YDR419W,0,-1.6626502,0.33793801069259644,1.0,0.19655896723270416
YGR155W,YLR410W-B,0,-1.6627522,0.3378241956233978,1.0,0.19665899872779846
YER052C,YJL154C,0,-1.664382,0.337710440158844,1.0,0.19675903022289276
YJL044C,YPL246C,0,-1.6648362,0.3375967741012573,1.0,0.19685906171798706
YOL151W,YBR257W,0,-1.6652787,0.33748316764831543,1.0,0.19695909321308136
YLR066W,YDR385W,0,-1.6653903,0.3373696506023407,1.0,0.19705912470817566
YGR144W,YGL205W,0,-1.6658638,0.33725622296333313,1.0,0.19715914130210876
YPL038W,YNL102W,0,-1.6671895,0.33714285492897034,1.0,0.19725917279720306
YLR307W,YLR113W,0,-1.6675785,0.3370295763015747,1.0,0.19735920429229736
YKL183W,YOL064C,0,-1.6676581,0.33691635727882385,1.0,0.19745923578739166
YKL195W,YMR038C,0,-1.6677722,0.33680322766304016,1.0,0.19755926728248596
YNL163C,YBR179C,0,-1.6685598,0.33669015765190125,1.0,0.19765929877758026
YGL055W,YGR048W,0,-1.6701741,0.3365771770477295,1.0,0.19775933027267456
YLL011W,YDL232W,0,-1.6704364,0.3364642858505249,1.0,0.19785936176776886
YDL140C,YIL139C,0,-1.6732496,0.3363514542579651,1.0,0.19795939326286316
YMR113W,YAL053W,0,-1.6732965,0.33623868227005005,1.0,0.19805942475795746
YKR066C,YFL029C,0,-1.6742641,0.3361259996891022,1.0,0.19815944135189056
YPR042C,YKL022C,0,-1.6748611,0.33601340651512146,1.0,0.19825947284698486
YLR449W,YIL051C,0,-1.6754727,0.3359008729457855,1.0,0.19835950434207916
YJL144W,YGL039W,0,-1.6759448,0.33578842878341675,1.0,0.19845953583717346
YDL130W-A,YKR103W,0,-1.6785483,0.33567604422569275,1.0,0.19855956733226776
YIL026C,YGR145W,0,-1.6788677,0.3355637192726135,1.0,0.19865959882736206
YCL062W,YLR376C,0,-1.6792418,0.33545151352882385,1.0,0.19875963032245636
YJL103C,YOR066W,0,-1.6793188,0.33533933758735657,1.0,0.19885966181755066
YMR044W,YIL131C,0,-1.6796538,0.33522728085517883,1.0,0.19895969331264496
YLR341W,YOL133W,0,-1.6804752,0.3351152837276459,1.0,0.19905972480773926
YPL281C,YDR253C,0,-1.6812198,0.3350033462047577,1.0,0.19915974140167236
YDR101C,YGR056W,0,-1.6821656,0.33489149808883667,1.0,0.19925977289676666
YKL064W,YFR003C,0,-1.682246,0.3347797095775604,1.0,0.19935980439186096
YNR057C,YDR485C,0,-1.6825222,0.33466801047325134,1.0,0.19945983588695526
YGL047W,YOR142W-A,0,-1.6827261,0.33455637097358704,1.0,0.19955986738204956
YDR216W,YJL177W,0,-1.6829066,0.3344448208808899,1.0,0.19965989887714386
YDR224C,YDR056C,0,-1.6832069,0.3343333303928375,1.0,0.19975993037223816
YML114C,YDR353W,0,-1.6840851,0.3342219293117523,1.0,0.19985996186733246
YKL167C,YIL128W,0,-1.6844823,0.3341105878353119,1.0,0.19995999336242676
YKL190W,YCL026C-B,0,-1.6860288,0.3339993357658386,1.0,0.20006002485752106
YIL049W,YHR119W,0,-1.6862664,0.33388814330101013,1.0,0.20016004145145416
YNL090W,YHR061C,0,-1.6870487,0.3337770402431488,1.0,0.20026007294654846
YOL039W,YLR013W,0,-1.6872828,0.33366599678993225,1.0,0.20036010444164276
YDL005C,YPR158W-A,0,-1.6873217,0.33355504274368286,1.0,0.20046013593673706
YFR042W,YDR050C,0,-1.6878512,0.33344414830207825,1.0,0.20056016743183136
YDR264C,YDR261C-C,0,-1.6881872,0.3333333432674408,1.0,0.20066019892692566
YDR258C,YOR162C,0,-1.6888111,0.3332225978374481,1.0,0.20076023042201996
YJL194W,YBR127C,0,-1.6894691,0.3331119120121002,1.0,0.20086026191711426
YIL128W,YGR034W,0,-1.6895784,0.3330013155937195,1.0,0.20096029341220856
YIL049W,YNL116W,0,-1.6902382,0.3328908085823059,1.0,0.20106032490730286
YBL093C,YCL031C,0,-1.6902838,0.3327803611755371,1.0,0.20116034150123596
YHL022C,YFL002W-B,0,-1.6905538,0.3326699733734131,1.0,0.20126037299633026
YDR153C,YJR063W,0,-1.6907308,0.3325596749782562,1.0,0.20136040449142456
YOR219C,YMR281W,0,-1.6913567,0.33244946599006653,1.0,0.20146043598651886
YCL047C,YBR202W,0,-1.6939526,0.3323392868041992,1.0,0.20156046748161316
YCR048W,YMR268C,0,-1.6943512,0.33222922682762146,1.0,0.20166049897670746
YGR249W,YGL046W,0,-1.6960006,0.3321191966533661,1.0,0.20176053047180176
YBL101W-B,YPR125W,0,-1.6968329,0.3320092558860779,1.0,0.20186056196689606
YHR058C,YDR142C,0,-1.6975667,0.33189940452575684,1.0,0.20196059346199036
YIR006C,YPL241C,0,-1.6998949,0.33178961277008057,1.0,0.20206062495708466
YBL071W-A,YGL160W,0,-1.7001548,0.3316798806190491,1.0,0.20216064155101776
YMR092C,YMR042W,0,-1.7003205,0.33157023787498474,1.0,0.20226067304611206
YPR158C-C,YOL165C,0,-1.7004461,0.3314606845378876,1.0,0.20236070454120636
YBR040W,YBL005W-A,0,-1.7022909,0.3313511610031128,1.0,0.20246073603630066
YJL076W,YPR063C,0,-1.7039504,0.33124175667762756,1.0,0.20256076753139496
YGL172W,YCL027W,0,-1.7045631,0.3311323821544647,1.0,0.20266079902648926
YIL094C,YBR106W,0,-1.7051245,0.33102309703826904,1.0,0.20276083052158356
YDR432W,YDR297W,0,-1.7061523,0.3309139013290405,1.0,0.20286086201667786
YER137C-A,YDL143W,0,-1.7065712,0.3308047354221344,1.0,0.20296089351177216
YDR233C,YHR005C-A,0,-1.7090003,0.3306956887245178,1.0,0.20306092500686646
YJL079C,YDL207W,0,-1.709636,0.33058667182922363,1.0,0.20316094160079956
YLR005W,YOR061W,0,-1.7098501,0.330477774143219,1.0,0.20326097309589386
YBR260C,YMR281W,0,-1.7100322,0.33036890625953674,1.0,0.20336100459098816
YDR060W,YBL105C,0,-1.7108437,0.33026012778282166,1.0,0.20346103608608246
YBL029C-A,YJR089W,0,-1.7123833,0.33015140891075134,1.0,0.20356106758117676
YBR234C,YBR104W,0,-1.7130091,0.3300427794456482,1.0,0.20366109907627106
YPR171W,YPR158C-D,0,-1.7143168,0.3299342095851898,1.0,0.20376113057136536
YMR123W,YOL077W-A,0,-1.7145401,0.3298257291316986,1.0,0.20386116206645966
YDL059C,YHL012W,0,-1.7153159,0.3297172784805298,1.0,0.20396119356155396
YFL031W,YDR252W,0,-1.7162616,0.3296089470386505,1.0,0.20406122505664825
YNR032W,YPR061C,0,-1.7171645,0.32950064539909363,1.0,0.20416124165058136
YHR203C,YGR172C,0,-1.7181443,0.3293924331665039,1.0,0.20426127314567566
YJL050W,YGR038W,0,-1.7182012,0.32928431034088135,1.0,0.20436130464076996
YJR160C,YNL162W,0,-1.7186381,0.32917624711990356,1.0,0.20446133613586426
YPL273W,YML125C,0,-1.7186935,0.32906824350357056,1.0,0.20456136763095856
YDR079C-A,YDL181W,0,-1.7187204,0.3289603292942047,1.0,0.20466139912605286
YKL182W,YHR214C-B,0,-1.7200615,0.32885244488716125,1.0,0.20476143062114716
YJL121C,YCR097WB,0,-1.7200685,0.32874467968940735,1.0,0.20486146211624146
YHR011W,YGR124W,0,-1.7203871,0.3286369740962982,1.0,0.20496149361133575
YBL071W-A,YCL063W,0,-1.7208776,0.32852932810783386,1.0,0.20506152510643005
YJL092W,YLR256W-A,0,-1.7213863,0.3284217417240143,1.0,0.20516154170036316
YGR272C,YNL272C,0,-1.7218372,0.32831424474716187,1.0,0.20526157319545746
YNL284C-A,YNR043W,0,-1.7219149,0.3282068073749542,1.0,0.20536160469055176
YJL025W,YMR304W,0,-1.7231634,0.32809942960739136,1.0,0.20546163618564606
YLR028C,YER074W-A,0,-1.7235067,0.32799214124679565,1.0,0.20556166768074036
YGR227W,YBR037C,0,-1.7237594,0.3278849422931671,1.0,0.20566169917583466
YPL064C,YJL191W,0,-1.7239187,0.32777777314186096,1.0,0.20576173067092896
YLR391W,YER113C,0,-1.7244022,0.327670693397522,1.0,0.20586176216602325
YDL039C,YDR416W,0,-1.725399,0.32756367325782776,1.0,0.20596179366111755
YDR184C,YFL035C,0,-1.7254466,0.3274567425251007,1.0,0.20606182515621185
YBL071W-A,YFR001W,0,-1.7257087,0.32734987139701843,1.0,0.20616184175014496
YDL033C,YLL036C,0,-1.7266021,0.32724305987358093,1.0,0.20626187324523926
YDR159W,YLR024C,0,-1.7270532,0.3271363377571106,1.0,0.20636190474033356
YLR399C,YCL031C,0,-1.7271953,0.32702967524528503,1.0,0.20646193623542786
YPR160W,YMR164C,0,-1.7274234,0.32692307233810425,1.0,0.20656196773052216
YMR043W,YGL046W,0,-1.7281642,0.3268165588378906,1.0,0.20666199922561646
YCL025C,YAR035W,0,-1.7284884,0.3267101049423218,1.0,0.20676203072071075
YLR441C,YLR212C,0,-1.7289,0.3266037106513977,1.0,0.20686206221580505
YPR137C-B,YBR239C,0,-1.7303827,0.3264974057674408,1.0,0.20696209371089935
YDL245C,YFR008W,0,-1.7304251,0.32639116048812866,1.0,0.20706212520599365
YGR215W,YDL047W,0,-1.731184,0.3262849748134613,1.0,0.20716214179992676
YNR002C,YGR075C,0,-1.7328125,0.3261788487434387,1.0,0.20726217329502106
YJL048C,YNR015W,0,-1.7328942,0.3260728120803833,1.0,0.20736220479011536
YER145C,YDR180W,0,-1.7334434,0.32596686482429504,1.0,0.20746223628520966
YNL134C,YCR028C,0,-1.7335343,0.3258609473705292,1.0,0.20756226778030396
YNL284C-A,YOL080C,0,-1.7343446,0.32575511932373047,1.0,0.20766229927539825
YDR184C,YHR206W,0,-1.7347803,0.32564935088157654,1.0,0.20776233077049255
YIL027C,YGR087C,0,-1.7357235,0.3255436420440674,1.0,0.20786236226558685
YJR067C,YCL069W,0,-1.7360587,0.3254380226135254,1.0,0.20796239376068115
YDR079C-A,YBL068W,0,-1.7370794,0.3253324627876282,1.0,0.20806242525577545
YMR154C,YBL029C-A,0,-1.737575,0.3252269923686981,1.0,0.20816244184970856
YMR263W,YHR045W,0,-1.7381477,0.32512155175209045,1.0,0.20826247334480286
YIL172C,YKL073W,0,-1.739822,0.32501620054244995,1.0,0.20836250483989716
YCR040W,YIL009C-A,0,-1.740339,0.3249109089374542,1.0,0.20846253633499146
YOL077W-A,YDR380W,0,-1.7403896,0.32480570673942566,1.0,0.20856256783008575
YLR337W,YMR164C,0,-1.7411076,0.32470056414604187,1.0,0.20866259932518005
YOL077W-A,YML074C,0,-1.7412486,0.32459548115730286,1.0,0.20876263082027435
YNL274C,YFR008W,0,-1.7418363,0.3244904577732086,1.0,0.20886266231536865
YLR224W,YDR403W,0,-1.7424281,0.32438552379608154,1.0,0.20896269381046295
YOR192C-B,YKR042W,0,-1.7433823,0.32428061962127686,1.0,0.20906272530555725
YNL339C,YGL135W,0,-1.7441297,0.3241758346557617,1.0,0.20916274189949036
YAR066W,YGR027W-A,0,-1.7450128,0.32407107949256897,1.0,0.20926277339458466
YGL003C,YOR343W-B,0,-1.745848,0.3239664137363434,1.0,0.20936280488967896
YJL056C,YGR002C,0,-1.7458603,0.3238618075847626,1.0,0.20946283638477325
YML045W-A,YPR079W,0,-1.7467198,0.32375726103782654,1.0,0.20956286787986755
YOR291W,YJR077C,0,-1.7476814,0.32365280389785767,1.0,0.20966289937496185
YGL046W,YPR023C,0,-1.7481565,0.3235483765602112,1.0,0.20976293087005615
YCL055W,YIL132C,0,-1.7491071,0.32344403862953186,1.0,0.20986296236515045
YPR112C,YOR147W,0,-1.7497187,0.3233397901058197,1.0,0.20996299386024475
YFR046C,YIL080W,0,-1.7504529,0.32323557138442993,1.0,0.21006302535533905
YLR069C,YER007W,0,-1.7513107,0.3231314420700073,1.0,0.21016304194927216
YGR177C,YNL007C,0,-1.7522837,0.3230273723602295,1.0,0.21026307344436646
YAL058W,YDR534C,0,-1.7523415,0.32292336225509644,1.0,0.21036310493946075
YDL056W,YJL062W-A,0,-1.7531093,0.32281944155693054,1.0,0.21046313643455505
YFR044C,YGR144W,0,-1.7541833,0.3227155804634094,1.0,0.21056316792964935
YLR057W,YHR061C,0,-1.7543304,0.3226117789745331,1.0,0.21066319942474365
YDL246C,YBL090W,0,-1.7547708,0.3225080370903015,1.0,0.21076323091983795
YHR134W,YCL026C-B,0,-1.7550373,0.3224043846130371,1.0,0.21086326241493225
YIL155C,YHL009W-A,0,-1.7552781,0.3223007619380951,1.0,0.21096329391002655
YLR378C,YHR026W,0,-1.7552795,0.32219722867012024,1.0,0.21106332540512085
YOR240W,YBR222C,0,-1.7557764,0.32209378480911255,1.0,0.21116334199905396
YPR024W,YOR061W,0,-1.7558737,0.32199037075042725,1.0,0.21126337349414825
YPL060W,YKL020C,0,-1.7562641,0.3218870460987091,1.0,0.21136340498924255
YGR061C,YKR008W,0,-1.7566056,0.32178378105163574,1.0,0.21146343648433685
YCL060C,YNL231C,0,-1.7567034,0.32168057560920715,1.0,0.21156346797943115
YIL172C,YDR137W,0,-1.7575029,0.32157742977142334,1.0,0.21166349947452545
YGL112C,YDR210W-B,0,-1.7593645,0.3214743733406067,1.0,0.21176353096961975
YNL116W,YJL102W,0,-1.759633,0.3213713467121124,1.0,0.21186356246471405
YDR240C,YNL009W,0,-1.7598963,0.3212684094905853,1.0,0.21196359395980835
YML121W,YPL106C,0,-1.7621291,0.321165531873703,1.0,0.21206362545490265
YMR305C,YGR038C-A,0,-1.7622547,0.32106274366378784,1.0,0.21216364204883575
YLR419W,YJL080C,0,-1.7629926,0.32095998525619507,1.0,0.21226367354393005
YDR064W,YLR295C,0,-1.7633753,0.32085731625556946,1.0,0.21236370503902435
YPL042C,YER074W-A,0,-1.7635528,0.3207547068595886,1.0,0.21246373653411865
YBR215W,YMR305C,0,-1.7643874,0.32065218687057495,1.0,0.21256376802921295
YOR308C,YBR207W,0,-1.7646546,0.32054969668388367,1.0,0.21266379952430725
YLR246W,YLR256W-A,0,-1.7663877,0.32044729590415955,1.0,0.21276383101940155
YJR028W,YLR391W,0,-1.7667625,0.3203449249267578,1.0,0.21286386251449585
YGL055W,YPR103W,0,-1.767045,0.32024264335632324,1.0,0.21296389400959015
YBR021W,YHR051W,0,-1.768834,0.32014045119285583,1.0,0.21306392550468445
YPR196W,YMR267W,0,-1.7695727,0.3200382888317108,1.0,0.21316394209861755
YEL062W,YOR322C,0,-1.7703052,0.31993621587753296,1.0,0.21326397359371185
YER171W,YER183C,0,-1.7708323,0.3198341727256775,1.0,0.21336400508880615
YMR290C,YEL071W,0,-1.7710066,0.3197322189807892,1.0,0.21346403658390045
YHR065C,YIR037W,0,-1.7711029,0.31963032484054565,1.0,0.21356406807899475
YER138C,YNR012W,0,-1.772058,0.3195285201072693,1.0,0.21366409957408905
YGL060W,YJR009C,0,-1.7737551,0.3194267451763153,1.0,0.21376413106918335
YGR179C,YHR116W,0,-1.774018,0.3193250596523285,1.0,0.21386416256427765
YKL024C,YER159C-A,0,-1.7748768,0.31922343373298645,1.0,0.21396419405937195
YKL011C,YMR122W-A,0,-1.7749975,0.3191218674182892,1.0,0.21406422555446625
YKR006C,YDL045W-A,0,-1.7755046,0.3190203607082367,1.0,0.21416424214839935
YJL060W,YCR070W,0,-1.7758033,0.318918913602829,1.0,0.21426427364349365
YCR027C,YPL101W,0,-1.7759576,0.3188175559043884,1.0,0.21436430513858795
YAL012W,YGL004C,0,-1.7770848,0.31871622800827026,1.0,0.21446433663368225
YGL234W,YFL038C,0,-1.7775502,0.31861498951911926,1.0,0.21456436812877655
YBL101W-B,YCL032W,0,-1.7779132,0.31851381063461304,1.0,0.21466439962387085
YOR373W,YOL090W,0,-1.7779483,0.3184126913547516,1.0,0.21476443111896515
YOR384W,YPL123C,0,-1.7791173,0.3183116614818573,1.0,0.21486446261405945
YML036W,YKL009W,0,-1.7793679,0.3182106614112854,1.0,0.21496449410915375
YPR137C-B,YJL155C,0,-1.779943,0.31810975074768066,1.0,0.21506452560424805
YLR405W,YNL238W,0,-1.7804246,0.3180088698863983,1.0,0.21516454219818115
YDR451C,YLR224W,0,-1.7806041,0.31790807843208313,1.0,0.21526457369327545
YHL009W-A,YDR402C,0,-1.7807921,0.3178073465824127,1.0,0.21536460518836975
YDR444W,YGR081C,0,-1.7811552,0.3177066743373871,1.0,0.21546463668346405
YGR279C,YDL042C,0,-1.7812515,0.3176060914993286,1.0,0.21556466817855835
YER096W,YOR202W,0,-1.7825109,0.31750553846359253,1.0,0.21566469967365265
YDR153C,YBR075W,0,-1.7828878,0.3174050748348236,1.0,0.21576473116874695
YAL055W,YKL199C,0,-1.78327,0.3173046410083771,1.0,0.21586476266384125
YPR082C,YLL008W,0,-1.784134,0.3172042965888977,1.0,0.21596479415893555
YPL259C,YAL010C,0,-1.7842009,0.3171040117740631,1.0,0.21606482565402985
YLR410W,YKL042W,0,-1.7864192,0.3170037865638733,1.0,0.21616484224796295
YNL241C,YDR062W,0,-1.7867026,0.31690362095832825,1.0,0.21626487374305725
YER052C,YNL339C,0,-1.7867756,0.31680354475975037,1.0,0.21636490523815155
YHR030C,YLR337W,0,-1.7868953,0.3167034983634949,1.0,0.21646493673324585
YAL047C,YOR270C,0,-1.7870985,0.31660354137420654,1.0,0.21656496822834015
YOR176W,YOR142W-A,0,-1.7881792,0.3165036141872406,1.0,0.21666499972343445
YPR149W,YDL025C,0,-1.7885807,0.3164037764072418,1.0,0.21676503121852875
YIL171W,YDR218C,0,-1.7887053,0.3163039982318878,1.0,0.21686506271362305
YMR117C,YHL009W-A,0,-1.7897222,0.3162042796611786,1.0,0.21696509420871735
YBL075C,YGL254W,0,-1.7899655,0.31610462069511414,1.0,0.21706512570381165
YBL078C,YBR207W,0,-1.7900023,0.31600505113601685,1.0,0.21716514229774475
YDR211W,YOR308C,0,-1.7903024,0.31590551137924194,1.0,0.21726517379283905
YOL027C,YOL075C,0,-1.791456,0.3158060312271118,1.0,0.21736520528793335
YJR055W,YLR002C,0,-1.7919881,0.31570664048194885,1.0,0.21746523678302765
YDR116C,YPR186C,0,-1.7921156,0.31560730934143066,1.0,0.21756526827812195
YLR308W,YPL028W,0,-1.7921177,0.31550800800323486,1.0,0.21766529977321625
YKR090W,YOL077C,0,-1.792731,0.3154087960720062,1.0,0.21776533126831055
YDR144C,YER069W,0,-1.7940085,0.31530964374542236,1.0,0.21786536276340485
YHR107C,YML073C,0,-1.7944716,0.3152105510234833,1.0,0.21796539425849915
YOR194C,YBR142W,0,-1.7945311,0.31511151790618896,1.0,0.21806542575359344
YDL229W,YOR088W,0,-1.7945656,0.3150125741958618,1.0,0.21816544234752655
YDR001C,YLR197W,0,-1.7945845,0.31491366028785706,1.0,0.21826547384262085
YBL054W,YGR038C-B,0,-1.7948697,0.31481480598449707,1.0,0.21836550533771515
YOR188W,YGR215W,0,-1.7949148,0.31471604108810425,1.0,0.21846553683280945
YNL054W-B,YDR139C,0,-1.795219,0.3146173059940338,1.0,0.21856556832790375
YHR039C-B,YER162C,0,-1.7954621,0.31451866030693054,1.0,0.21866559982299805
YDR017C,YBL028C,0,-1.7956829,0.31442007422447205,1.0,0.21876563131809235
YOR212W,YKL158W,0,-1.7958715,0.31432151794433594,1.0,0.21886566281318665
YLR210W,YNR031C,0,-1.7962377,0.314223051071167,1.0,0.21896569430828094
YDR059C,YIL048W,0,-1.7974079,0.3141246438026428,1.0,0.21906572580337524
YBR022W,YDL083C,0,-1.7979689,0.3140262961387634,1.0,0.21916574239730835
YPL144W,YNR046W,0,-1.798414,0.3139280080795288,1.0,0.21926577389240265
YGL256W,YLR308W,0,-1.7987113,0.31382977962493896,1.0,0.21936580538749695
YCR033W,YML064C,0,-1.7988205,0.3137316107749939,1.0,0.21946583688259125
YCR040W,YOR362C,0,-1.7993402,0.313633531332016,1.0,0.21956586837768555
YMR022W,YMR097C,0,-1.7994924,0.3135354816913605,1.0,0.21966589987277985
YJR077C,YMR307W,0,-1.799747,0.31343749165534973,1.0,0.21976593136787415
YGR156W,YDR210W-B,0,-1.8000143,0.31333959102630615,1.0,0.21986596286296844
YLR163C,YHR094C,0,-1.8001902,0.31324172019958496,1.0,0.21996599435806274
YMR071C,YCL057C-A,0,-1.8010231,0.31314393877983093,1.0,0.22006602585315704
YHR036W,YFL002W-B,0,-1.8019661,0.3130461871623993,1.0,0.22016604244709015
YJL145W,YOR084W,0,-1.8021467,0.3129485249519348,1.0,0.22026607394218445
YDR216W,YCL026C-B,0,-1.802921,0.3128508925437927,1.0,0.22036610543727875
YDR224C,YMR047C,0,-1.803981,0.3127533495426178,1.0,0.22046613693237305
YDR393W,YGL021W,0,-1.8040001,0.31265586614608765,1.0,0.22056616842746735
YMR154C,YPL031C,0,-1.806003,0.31255844235420227,1.0,0.22066619992256165
YGR084C,YDR093W,0,-1.806783,0.3124610483646393,1.0,0.22076623141765594
YFL055W,YNR069C,0,-1.8070371,0.31236374378204346,1.0,0.22086626291275024
YLR337W,YLR228C,0,-1.8072727,0.3122664988040924,1.0,0.22096629440784454
YKL020C,YMR277W,0,-1.8078135,0.31216931343078613,1.0,0.22106632590293884
YBR152W,YDR421W,0,-1.8079259,0.31207218766212463,1.0,0.22116634249687195
YNL079C,YJR070C,0,-1.8089507,0.3119751214981079,1.0,0.22126637399196625
YGL173C,YKL206C,0,-1.8094423,0.31187811493873596,1.0,0.22136640548706055
YGR076C,YFL004W,0,-1.8098583,0.3117811679840088,1.0,0.22146643698215485
YBR281C,YPL009C,0,-1.8104275,0.3116842806339264,1.0,0.22156646847724915
YPL032C,YIR023W,0,-1.8106041,0.31158745288848877,1.0,0.22166649997234344
YGL046W,YOR288C,0,-1.8111217,0.3114906847476959,1.0,0.22176653146743774
YAR008W,YER074W-A,0,-1.8111922,0.31139397621154785,1.0,0.22186656296253204
YPL065W,YML054C,0,-1.8118658,0.31129732728004456,1.0,0.22196659445762634
YLR090W,YGL225W,0,-1.8136497,0.31120073795318604,1.0,0.22206662595272064
YBL021C,YJL122W,0,-1.8136506,0.3111042082309723,1.0,0.22216664254665375
YPL104W,YDR507C,0,-1.8146185,0.3110077381134033,1.0,0.22226667404174805
YDR034C-C,YPL227C,0,-1.8149854,0.3109113574028015,1.0,0.22236670553684235
YHR186C,YIL126W,0,-1.8151084,0.3108150064945221,1.0,0.22246673703193665
YMR227C,YLL009C,0,-1.8154542,0.31071871519088745,1.0,0.22256676852703094
YGL212W,YDR031W,0,-1.8158503,0.3106224834918976,1.0,0.22266680002212524
YGR133W,YGL155W,0,-1.8161572,0.3105263113975525,1.0,0.22276683151721954
YPL218W,YJL018W,0,-1.8174628,0.3104301989078522,1.0,0.22286686301231384
YLL062C,YHL009W-A,0,-1.8181534,0.31033414602279663,1.0,0.22296689450740814
YPL283C,YPR166C,0,-1.8188615,0.31023818254470825,1.0,0.22306692600250244
YLR452C,YPR185W,0,-1.8203166,0.31014224886894226,1.0,0.22316695749759674
YEL069C,YER074W-A,0,-1.820755,0.31004637479782104,1.0,0.22326697409152985
YOL119C,YDR316W-A,0,-1.8212935,0.3099505603313446,1.0,0.22336700558662415
YOL091W,YDR529C,0,-1.8215482,0.30985480546951294,1.0,0.22346703708171844
YIR028W,YPL257W-A,0,-1.8216128,0.30975911021232605,1.0,0.22356706857681274
YPL155C,YDR316W-A,0,-1.8222382,0.30966347455978394,1.0,0.22366710007190704
YDR206W,YKL199C,0,-1.8237445,0.3095678985118866,1.0,0.22376713156700134
YKL059C,YDR210W-B,0,-1.8241439,0.30947238206863403,1.0,0.22386716306209564
YJR064W,YKL199C,0,-1.8261347,0.30937692523002625,1.0,0.22396719455718994
YBR296C,YBL106C,0,-1.8268249,0.30928152799606323,1.0,0.22406722605228424
YOR198C,YPL200W,0,-1.8271916,0.309186190366745,1.0,0.22416725754737854
YER087C-A,YDR440W,0,-1.827205,0.30909091234207153,1.0,0.22426727414131165
YDR182W,YCL003W,0,-1.8281806,0.30899569392204285,1.0,0.22436730563640594
YLR136C,YFL002W-B,0,-1.8283869,0.30890053510665894,1.0,0.22446733713150024
YOL060C,YLR157C-B,0,-1.8285074,0.3088054060935974,1.0,0.22456736862659454
YDR261C-D,YOR211C,0,-1.8286223,0.30871036648750305,1.0,0.22466740012168884
YBR202W,YGR033C,0,-1.8287458,0.30861538648605347,1.0,0.22476743161678314
YPR072W,YHR072W-A,0,-1.8288412,0.30852046608924866,1.0,0.22486746311187744
YBL064C,YPR158W-A,0,-1.8294992,0.30842557549476624,1.0,0.22496749460697174
YNL284C-A,YLR304C,0,-1.8309188,0.308330774307251,1.0,0.22506752610206604
YNL212W,YCR033W,0,-1.8315916,0.3082360029220581,1.0,0.22516755759716034
YNL169C,YGL170C,0,-1.8316495,0.3081413209438324,1.0,0.22526757419109344
YOR089C,YJL166W,0,-1.8320291,0.3080466687679291,1.0,0.22536760568618774
YCR039C,YMR201C,0,-1.8322058,0.3079521059989929,1.0,0.22546763718128204
YOR382W,YER090W,0,-1.8324885,0.30785757303237915,1.0,0.22556766867637634
YBL101W-B,YGL125W,0,-1.8338069,0.30776312947273254,1.0,0.22566770017147064
YBR231C,YNL112W,0,-1.8353481,0.3076687157154083,1.0,0.22576773166656494
YIL109C,YHL019C,0,-1.8357084,0.3075743615627289,1.0,0.22586776316165924
YDR261W-A,YHR002W,0,-1.8369203,0.3074800670146942,1.0,0.22596779465675354
YBR083W,YJR076C,0,-1.8389504,0.3073858320713043,1.0,0.22606782615184784
YLR186W,YML030W,0,-1.8397627,0.3072916567325592,1.0,0.22616785764694214
YGL097W,YHR206W,0,-1.8400362,0.30719754099845886,1.0,0.22626787424087524
YNL210W,YPR140W,0,-1.8404112,0.3071034848690033,1.0,0.22636790573596954
YAL003W,YJL143W,0,-1.8426008,0.3070094883441925,1.0,0.22646793723106384
YPL037C,YKR097W,0,-1.8426237,0.3069155514240265,1.0,0.22656796872615814
YGL040C,YNL282W,0,-1.8444148,0.30682164430618286,1.0,0.22666800022125244
YBL071W-A,YLR073C,0,-1.8445046,0.3067278265953064,1.0,0.22676803171634674
YGR156W,YJL006C,0,-1.8446125,0.3066340684890747,1.0,0.22686806321144104
YAR044W,YPR192W,0,-1.8448298,0.3065403401851654,1.0,0.22696809470653534
YBR059C,YBL074C,0,-1.8449594,0.3064466714859009,1.0,0.22706812620162964
YJR098C,YKL085W,0,-1.8450944,0.3063530921936035,1.0,0.22716815769672394
YAR066W,YEL055C,0,-1.8452741,0.30625954270362854,1.0,0.22726817429065704
YCR080W,YBR207W,0,-1.8456995,0.30616605281829834,1.0,0.22736820578575134
YJL041W,YHR051W,0,-1.8468709,0.3060726225376129,1.0,0.22746823728084564
YDR052C,YER087C-A,0,-1.8477793,0.30597925186157227,1.0,0.22756826877593994
YIL126W,YHR187W,0,-1.8485963,0.3058859407901764,1.0,0.22766830027103424
YOR142W-B,YPR035W,0,-1.8490844,0.3057926893234253,1.0,0.22776833176612854
YNL112W,YER168C,0,-1.8496058,0.3056994676589966,1.0,0.22786836326122284
YAL001C,YOR151C,0,-1.8499445,0.30560633540153503,1.0,0.22796839475631714
YIR013C,YOR047C,0,-1.8500305,0.30551326274871826,1.0,0.22806842625141144
YMR161W,YJL018W,0,-1.8504946,0.3054202198982239,1.0,0.22816845774650574
YGR032W,YFL002W-B,0,-1.8509259,0.30532723665237427,1.0,0.22826847434043884
YOR064C,YPL009C,0,-1.8515289,0.30523431301116943,1.0,0.22836850583553314
YMR285C,YNL098C,0,-1.8551192,0.30514147877693176,1.0,0.22846853733062744
YOL033W,YLR337W,0,-1.855729,0.3050486743450165,1.0,0.22856856882572174
YHR147C,YHR069C,0,-1.8563166,0.3049558997154236,1.0,0.22866860032081604
YHR042W,YCL031C,0,-1.8565658,0.30486321449279785,1.0,0.22876863181591034
YPR121W,YDR228C,0,-1.8568809,0.3047705888748169,1.0,0.22886866331100464
YBR293W,YMR122W-A,0,-1.8572861,0.3046779930591583,1.0,0.22896869480609894
YCR070W,YOR375C,0,-1.8583597,0.3045854866504669,1.0,0.22906872630119324
YPR162C,YER074W-A,0,-1.8590667,0.3044930100440979,1.0,0.22916875779628754
YHR065C,YBL057C,0,-1.8593334,0.30440059304237366,1.0,0.22926877439022064
YKL176C,YAR066W,0,-1.8602691,0.3043082654476166,1.0,0.22936880588531494
YDR454C,YFL037W,0,-1.8603858,0.3042159676551819,1.0,0.22946883738040924
YNL159C,YBR166C,0,-1.861271,0.3041236996650696,1.0,0.22956886887550354
YOR378W,YGL185C,0,-1.8624477,0.30403152108192444,1.0,0.22966890037059784
YOR174W,YOR007C,0,-1.8628802,0.3039394021034241,1.0,0.22976893186569214
YOL113W,YOR088W,0,-1.8641164,0.3038473129272461,1.0,0.22986896336078644
YIL126W,YEL034W,0,-1.8645767,0.3037553131580353,1.0,0.22996899485588074
YLR107W,YMR122W-A,0,-1.8652167,0.30366334319114685,1.0,0.23006902635097504
YDR376W,YOR202W,0,-1.8655026,0.3035714328289032,1.0,0.23016905784606934
YDR139C,YER074W-A,0,-1.865655,0.3034795820713043,1.0,0.23026907444000244
YDR315C,YMR122W-A,0,-1.8657527,0.3033877909183502,1.0,0.23036910593509674
YPR137C-B,YLR222C,0,-1.8658551,0.3032960295677185,1.0,0.23046913743019104
YBR014C,YPR073C,0,-1.8659301,0.30320435762405396,1.0,0.23056916892528534
YOR122C,YGR098C,0,-1.8672601,0.3031127154827118,1.0,0.23066920042037964
YJR152W,YFL041W,0,-1.8680007,0.3030211627483368,1.0,0.23076923191547394
YBR035C,YHL009W-B,0,-1.8681163,0.3029296398162842,1.0,0.23086926341056824
YPL204W,YEL034W,0,-1.8682325,0.30283817648887634,1.0,0.23096929490566254
YOR304W,YOL086C,0,-1.8685001,0.3027467429637909,1.0,0.23106932640075684
YOR306C,YLR117C,0,-1.8692665,0.3026553988456726,1.0,0.23116935789585114
YOR173W,YBR240C,0,-1.8693454,0.3025641143321991,1.0,0.23126937448978424
YLR390W,YKL120W,0,-1.8703897,0.302472859621048,1.0,0.23136940598487854
YMR024W,YLR228C,0,-1.8719311,0.3023816645145416,1.0,0.23146943747997284
YJL010C,YBL071W-A,0,-1.8726015,0.30229052901268005,1.0,0.23156946897506714
YNR003C,YGL112C,0,-1.8728111,0.30219945311546326,1.0,0.23166950047016144
YGR067C,YMR239C,0,-1.8753316,0.30210843682289124,1.0,0.23176953196525574
YCR097WB,YKR014C,0,-1.8754114,0.3020174503326416,1.0,0.23186956346035004
YPR171W,YHR167W,0,-1.8759372,0.30192655324935913,1.0,0.23196959495544434
YGL048C,YHL009W-A,0,-1.876698,0.30183568596839905,1.0,0.23206962645053864
YPR058W,YIL017W,0,-1.8776968,0.30174487829208374,1.0,0.23216965794563293
YDL036C,YGL237C,0,-1.8782496,0.3016541302204132,1.0,0.23226967453956604
YER185W,YNL281W,0,-1.8784469,0.30156344175338745,1.0,0.23236970603466034
YDR255C,YGL079W,0,-1.8788109,0.30147281289100647,1.0,0.23246973752975464
YMR319C,YKL199C,0,-1.8791871,0.3013822138309479,1.0,0.23256976902484894
YER126C,YKL097W-A,0,-1.8819001,0.30129167437553406,1.0,0.23266980051994324
YPL060C-A,YOR142W-B,0,-1.881913,0.301201194524765,1.0,0.23276983201503754
YLR128W,YLR459W,0,-1.8820302,0.30111077427864075,1.0,0.23286986351013184
YGL185C,YFR052W,0,-1.8843277,0.30102041363716125,1.0,0.23296989500522614
YGL245W,YHR200W,0,-1.8846111,0.30093008279800415,1.0,0.23306992650032043
YDR403W,YDR210C-C,0,-1.8854252,0.3008398413658142,1.0,0.23316995799541473
YNL097C,YKR081C,0,-1.8859284,0.30074962973594666,1.0,0.23326997458934784
YJR029W,YJL170C,0,-1.8865439,0.3006594777107239,1.0,0.23337000608444214
YNL075W,YIL145C,0,-1.8882315,0.3005693852901459,1.0,0.23347003757953644
YDR016C,YOR202W,0,-1.8886323,0.30047932267189026,1.0,0.23357006907463074
YMR016C,YOR256C,0,-1.8888922,0.3003893494606018,1.0,0.23367010056972504
YJL191W,YCL060C,0,-1.8912084,0.30029940605163574,1.0,0.23377013206481934
YMR287C,YHR072W-A,0,-1.8913364,0.30020952224731445,1.0,0.23387016355991364
YNL163C,YLR214W,0,-1.8916395,0.30011969804763794,1.0,0.23397019505500793
YDR144C,YER074W-A,0,-1.8918695,0.3000299036502838,1.0,0.23407022655010223
YML124C,YNL206C,0,-1.8921392,0.29994019865989685,1.0,0.23417025804519653
YFL021W,YBR050C,0,-1.8931749,0.2998505234718323,1.0,0.23427027463912964
YBL045C,YFR021W,0,-1.8932874,0.2997609078884125,1.0,0.23437030613422394
YHR107C,YPR058W,0,-1.8934677,0.29967135190963745,1.0,0.23447033762931824
YKL200C,YOR294W,0,-1.8938408,0.2995818257331848,1.0,0.23457036912441254
YOR088W,YLR310C,0,-1.8943354,0.29949238896369934,1.0,0.23467040061950684
YGL157W,YNL030W,0,-1.8946557,0.29940298199653625,1.0,0.23477043211460114
YGR091W,YDR195W,0,-1.894982,0.29931363463401794,1.0,0.23487046360969543
YHR206W,YMR061W,0,-1.8950963,0.2992243468761444,1.0,0.23497049510478973
YPL246C,YLR439W,0,-1.8951478,0.29913508892059326,1.0,0.23507052659988403
YOL077W-A,YLR286C,0,-1.895247,0.2990459203720093,1.0,0.23517055809497833
YGR054W,YCR097WB,0,-1.8958783,0.2989567816257477,1.0,0.23527057468891144
YER052C,YOR127W,0,-1.8960602,0.29886770248413086,1.0,0.23537060618400574
YFL045C,YML008C,0,-1.8962388,0.2987786829471588,1.0,0.23547063767910004
YKL065C,YDL043C,0,-1.8997769,0.29868969321250916,1.0,0.23557066917419434
YBR087W,YLR330W,0,-1.9002268,0.2986007630825043,1.0,0.23567070066928864
YER185W,YDR096W,0,-1.9011544,0.29851189255714417,1.0,0.23577073216438293
YAR044W,YKL199C,0,-1.9013159,0.29842308163642883,1.0,0.23587076365947723
YPL081W,YGR068C,0,-1.9014602,0.2983343303203583,1.0,0.23597079515457153
YJL219W,YGR247W,0,-1.9018757,0.2982456088066101,1.0,0.23607082664966583
YDR254W,YMR052W,0,-1.9030497,0.2981569468975067,1.0,0.23617085814476013
YJR031C,YBR030W,0,-1.9037248,0.2980683445930481,1.0,0.23627087473869324
YAR044W,YGR081C,0,-1.9046433,0.29797980189323425,1.0,0.23637090623378754
YDL226C,YPL269W,0,-1.9053981,0.2978912889957428,1.0,0.23647093772888184
YDR489W,YNL262W,0,-1.9061401,0.2978028357028961,1.0,0.23657096922397614
YIL016W,YKL097W-A,0,-1.9067369,0.2977144420146942,1.0,0.23667100071907043
YHR039C-B,YIL168W,0,-1.9073949,0.2976261079311371,1.0,0.23677103221416473
YJL121C,YHR136C,0,-1.9083688,0.29753783345222473,1.0,0.23687106370925903
YHR094C,YGL130W,0,-1.9083846,0.29744958877563477,1.0,0.23697109520435333
YML024W,YDL005C,0,-1.9085604,0.2973614037036896,1.0,0.23707112669944763
YHL022C,YPL160W,0,-1.9086348,0.29727327823638916,1.0,0.23717115819454193
YGL201C,YOR217W,0,-1.9088013,0.29718518257141113,1.0,0.23727117478847504
YAL043C,YER126C,0,-1.9098796,0.2970971465110779,1.0,0.23737120628356934
YPL045W,YGR161C-C,0,-1.9099867,0.2970091700553894,1.0,0.23747123777866364
YJL157C,YLR343W,0,-1.9111165,0.2969212532043457,1.0,0.23757126927375793
YHR030C,YMR136W,0,-1.9119865,0.2968333959579468,1.0,0.23767130076885223
YIL122W,YLR391W,0,-1.9134936,0.29674556851387024,1.0,0.23777133226394653
YGL032C,YGL207W,0,-1.9134979,0.2966578006744385,1.0,0.23787136375904083
YJL138C,YLR393W,0,-1.9152316,0.2965700626373291,1.0,0.23797139525413513
YNL311C,YHR042W,0,-1.9154696,0.2964824140071869,1.0,0.23807142674922943
YBR158W,YEL026W,0,-1.9158202,0.29639479517936707,1.0,0.23817145824432373
YKL209C,YHR101C,0,-1.9176161,0.296307235956192,1.0,0.23827147483825684
YAR050W,YDL067C,0,-1.9181516,0.29621973633766174,1.0,0.23837150633335114
YJL018W,YOR337W,0,-1.9200524,0.29613226652145386,1.0,0.23847153782844543
YOR133W,YDR155C,0,-1.920569,0.29604485630989075,1.0,0.23857156932353973
YDR365W-B,YCR008W,0,-1.921489,0.2959575057029724,1.0,0.23867160081863403
YGR179C,YDL036C,0,-1.9231151,0.29587021470069885,1.0,0.23877163231372833
YNL259C,YHR039C-A,0,-1.9240878,0.2957829535007477,1.0,0.23887166380882263
YJR090C,YIL150C,0,-1.9264215,0.2956957519054413,1.0,0.23897169530391693
YFR009W,YIL017W,0,-1.9266273,0.29560860991477966,1.0,0.23907172679901123
YEL059C-A,YOR142W-A,0,-1.9274244,0.29552149772644043,1.0,0.23917175829410553
YML088W,YBR173C,0,-1.9274819,0.29543447494506836,1.0,0.23927177488803864
YNR070W,YLR040C,0,-1.9275159,0.2953474819660187,1.0,0.23937180638313293
YBR088C,YHL009W-B,0,-1.9283948,0.2952605187892914,1.0,0.23947183787822723
YMR054W,YGR032W,0,-1.9297798,0.29517364501953125,1.0,0.23957186937332153
YFL066C,YGR158C,0,-1.930086,0.2950868010520935,1.0,0.23967190086841583
YPR137C-B,YDL020C,0,-1.9308699,0.29499998688697815,1.0,0.23977193236351013
YNL283C,YJL018W,0,-1.9312822,0.29491326212882996,1.0,0.23987196385860443
YOL101C,YDR096W,0,-1.9319149,0.29482656717300415,1.0,0.23997199535369873
YKL089W,YMR308C,0,-1.9322066,0.2947399318218231,1.0,0.24007202684879303
YOL138C,YCL066W,0,-1.9323133,0.29465335607528687,1.0,0.24017205834388733
YBR240C,YGL160W,0,-1.9325279,0.294566810131073,1.0,0.24027207493782043
YOL155C,YBR039W,0,-1.9325631,0.2944803237915039,1.0,0.24037210643291473
YOR353C,YPR070W,0,-1.9328032,0.2943938970565796,1.0,0.24047213792800903
YOR240W,YLR433C,0,-1.9330177,0.29430750012397766,1.0,0.24057216942310333
YCL060C,YNL119W,0,-1.934344,0.2942211925983429,1.0,0.24067220091819763
YPL011C,YDR062W,0,-1.9347997,0.29413488507270813,1.0,0.24077223241329193
YDL204W,YOR269W,0,-1.9357284,0.2940486669540405,1.0,0.24087226390838623
YCR080W,YEL020C,0,-1.9370999,0.2939624786376953,1.0,0.24097229540348053
YNR072W,YPL009C,0,-1.9396498,0.2938763499259949,1.0,0.24107232689857483
YDR071C,YGL222C,0,-1.9398766,0.2937902808189392,1.0,0.24117235839366913
YKR069W,YOR237W,0,-1.9398906,0.29370424151420593,1.0,0.24127237498760223
YDR206W,YIL090W,0,-1.9405047,0.29361826181411743,1.0,0.24137240648269653
YDL207W,YOR057W,0,-1.9405649,0.2935323417186737,1.0,0.24147243797779083
YOR292C,YHL008C,0,-1.9406402,0.29344645142555237,1.0,0.24157246947288513
YDR320C-A,YDL083C,0,-1.9407643,0.2933606207370758,1.0,0.24167250096797943
YOL016C,YDR210C-C,0,-1.9409096,0.293274849653244,1.0,0.24177253246307373
YLR138W,YDR034C-D,0,-1.9412754,0.293189138174057,1.0,0.24187256395816803
YGL012W,YPR135W,0,-1.9426734,0.2931034564971924,1.0,0.24197259545326233
YDR320C-A,YBR186W,0,-1.9433861,0.29301783442497253,1.0,0.24207262694835663
YPR138C,YDR044W,0,-1.9435029,0.2929322421550751,1.0,0.24217265844345093
YNL321W,YDR483W,0,-1.9438796,0.2928467094898224,1.0,0.24227267503738403
YPR137C-B,YNL095C,0,-1.9439157,0.2927612364292145,1.0,0.24237270653247833
YDL214C,YOR069W,0,-1.9448464,0.29267582297325134,1.0,0.24247273802757263
YJL192C,YOR056C,0,-1.9455571,0.2925904393196106,1.0,0.24257276952266693
YDR047W,YHR206W,0,-1.9458905,0.2925051152706146,1.0,0.24267280101776123
YOR343W-A,YHR167W,0,-1.9459658,0.29241982102394104,1.0,0.24277283251285553
YEL015W,YCR070W,0,-1.9461266,0.29233458638191223,1.0,0.24287286400794983
YHR206W,YLR298C,0,-1.9470398,0.2922494113445282,1.0,0.24297289550304413
YJR144W,YLR398C,0,-1.9479927,0.29216429591178894,1.0,0.24307292699813843
YOR143C,YML075C,0,-1.9480584,0.29207921028137207,1.0,0.24317295849323273
YOR122C,YNL208W,0,-1.9483709,0.2919941842556,1.0,0.24327297508716583
YHL032C,YGL029W,0,-1.9485598,0.29190918803215027,1.0,0.24337300658226013
YER074W-A,YPL031C,0,-1.948909,0.29182425141334534,1.0,0.24347303807735443
YPL196W,YLR119W,0,-1.9499434,0.2917393743991852,1.0,0.24357306957244873
YPR137C-B,YOR106W,0,-1.9503827,0.2916545569896698,1.0,0.24367310106754303
YGR008C,YDR219C,0,-1.9506756,0.2915697693824768,1.0,0.24377313256263733
YOL018C,YML128C,0,-1.9507512,0.2914850413799286,1.0,0.24387316405773163
YBL021C,YPR060C,0,-1.9514318,0.29140034317970276,1.0,0.24397319555282593
YJL155C,YOR351C,0,-1.9532359,0.2913157045841217,1.0,0.24407322704792023
YIL039W,YHR034C,0,-1.9532852,0.2912311255931854,1.0,0.24417325854301453
YBR202W,YDR353W,0,-1.9537327,0.29114657640457153,1.0,0.24427327513694763
YJR068W,YNL162W,0,-1.9539174,0.2910620868206024,1.0,0.24437330663204193
YMR150C,YLL040C,0,-1.9554114,0.2909776568412781,1.0,0.24447333812713623
YCL060C,YDR382W,0,-1.9554522,0.2908932566642761,1.0,0.24457336962223053
YJR063W,YPR094W,0,-1.9559925,0.29080891609191895,1.0,0.24467340111732483
YMR173W,YPL134C,0,-1.9561241,0.29072463512420654,1.0,0.24477343261241913
YNL336W,YFL002W-A,0,-1.9583211,0.29064038395881653,1.0,0.24487346410751343
YIR014W,YML046W,0,-1.9591899,0.2905561923980713,1.0,0.24497349560260773
YNR015W,YCR080W,0,-1.9594511,0.2904720604419708,1.0,0.24507352709770203
YMR305C,YPR158C-D,0,-1.9601418,0.29038795828819275,1.0,0.24517355859279633
YLR410W-B,YOL138C,0,-1.960228,0.29030391573905945,1.0,0.24527357518672943
YDR253C,YJL159W,0,-1.9606571,0.29021990299224854,1.0,0.24537360668182373
YJR026W,YCR087C-A,0,-1.9607615,0.2901359498500824,1.0,0.24547363817691803
YDR123C,YGR070W,0,-1.9610524,0.29005205631256104,1.0,0.24557366967201233
YDL058W,YMR056C,0,-1.961158,0.28996819257736206,1.0,0.24567370116710663
YGL019W,YDR540C,0,-1.9612238,0.28988438844680786,1.0,0.24577373266220093
YIL074C,YBL098W,0,-1.9618415,0.28980064392089844,1.0,0.24587376415729523
YHL044W,YPR070W,0,-1.962847,0.2897169291973114,1.0,0.24597379565238953
YBL045C,YMR280C,0,-1.9633386,0.28963327407836914,1.0,0.24607382714748383
YGL244W,YOR092W,0,-1.9637759,0.28954964876174927,1.0,0.24617385864257812
YGR157W,YNR061C,0,-1.964241,0.28946608304977417,1.0,0.24627387523651123
YCR070W,YGL224C,0,-1.9645568,0.28938257694244385,1.0,0.24637390673160553
YGL174W,YGR077C,0,-1.9647214,0.2892991006374359,1.0,0.24647393822669983
YDL015C,YPL090C,0,-1.9650301,0.28921568393707275,1.0,0.24657396972179413
YCR097WB,YER006W,0,-1.965422,0.28913232684135437,1.0,0.24667400121688843
YMR026C,YHR041C,0,-1.9658546,0.2890489995479584,1.0,0.24677403271198273
YML121W,YPL249C-A,0,-1.9660363,0.28896570205688477,1.0,0.24687406420707703
YDR130C,YGR109W-B,0,-1.9661322,0.2888824939727783,1.0,0.24697409570217133
YBL101W-B,YPR108W,0,-1.9670472,0.28879931569099426,1.0,0.24707412719726562
YDR365W-B,YLL036C,0,-1.9679885,0.2887161672115326,1.0,0.24717415869235992
YBR210W,YJL130C,0,-1.9685606,0.2886331081390381,1.0,0.24727417528629303
YLR452C,YAL014C,0,-1.9687915,0.2885500490665436,1.0,0.24737420678138733
YNL064C,YJR155W,0,-1.9689567,0.28846707940101624,1.0,0.24747423827648163
YNL283C,YNL327W,0,-1.9690511,0.2883841395378113,1.0,0.24757426977157593
YIL042C,YGR161C-C,0,-1.969621,0.2883012294769287,1.0,0.24767430126667023
YLR410W-B,YBR183W,0,-1.9720148,0.2882183790206909,1.0,0.24777433276176453
YOR292C,YIL044C,0,-1.9729433,0.2881355881690979,1.0,0.24787436425685883
YJL030W,YDR093W,0,-1.9735019,0.28805285692214966,1.0,0.24797439575195312
YKL221W,YBL078C,0,-1.9740831,0.2879701554775238,1.0,0.24807442724704742
YLR227W-B,YPL160W,0,-1.9741341,0.28788748383522034,1.0,0.24817445874214172
YLL027W,YDR316W-A,0,-1.9744021,0.28780487179756165,1.0,0.24827447533607483
YMR109W,YIL109C,0,-1.9755614,0.28772231936454773,1.0,0.24837450683116913
YJL143W,YDR448W,0,-1.9761605,0.2876397967338562,1.0,0.24847453832626343
YGL210W-A,YPR190C,0,-1.9764373,0.28755733370780945,1.0,0.24857456982135773
YOR240W,YAR070W-A,0,-1.9764373,0.28747493028640747,1.0,0.24867460131645203
YDR014W-A,YNL322C,0,-1.9764373,0.2873925566673279,1.0,0.24877463281154633
YOR389W,YGR031C-A,0,-1.9764373,0.2873102128505707,1.0,0.24887466430664062
YIL108W,YGL258W-A,0,-1.9764373,0.28722795844078064,1.0,0.24897469580173492
YMR184W,YCR029C-A,0,-1.9764373,0.287145733833313,1.0,0.24907472729682922
YLR154W-A,YHR039C,0,-1.9764373,0.2870635390281677,1.0,0.24917475879192352
YCR029C-A,YER153C,0,-1.9764373,0.28698140382766724,1.0,0.24927477538585663
YNL138W-A,YEL064C,0,-1.9764373,0.2868993282318115,1.0,0.24937480688095093
YNL138W-A,YFR001W,0,-1.9764373,0.2868172824382782,1.0,0.24947483837604523
YCL048W-A,YPR103W,0,-1.9764373,0.28673526644706726,1.0,0.24957486987113953
YCL048W-A,YPL256C,0,-1.9764373,0.2866533398628235,1.0,0.24967490136623383
YDR030C,YHR214W-G,0,-1.9764373,0.2865714430809021,1.0,0.24977493286132812
YNL138W-A,YDL170W,0,-1.9764373,0.2864895761013031,1.0,0.24987496435642242
YKR099C-A,YOR168W,0,-1.9764373,0.2864077687263489,1.0,0.24997499585151672
YNL336W,YOL053C-A,0,-1.9764373,0.28632602095603943,1.0,0.25007501244544983
YJL151C,YCL027C-A,0,-1.9764373,0.28624430298805237,1.0,0.2501750588417053
YKR022C,YGL210W-A,0,-1.9764373,0.2861626148223877,1.0,0.2502750754356384
YNL222W,YCR055C,0,-1.9764373,0.2860810160636902,1.0,0.2503751218318939
YHR109W,YCR029C-A,0,-1.9764373,0.2859994173049927,1.0,0.250475138425827
YDR318W,YOR343C-B,0,-1.9764373,0.28591790795326233,1.0,0.2505751848220825
YOL152W,YOR343C-B,0,-1.9764373,0.28583642840385437,1.0,0.2506752014160156
YDR016C,YOL053C-A,0,-1.9764373,0.2857549786567688,1.0,0.25077521800994873
YLR154W-A,YLR238W,0,-1.9764373,0.285673588514328,1.0,0.2508752644062042
YMR052W,YDR210W-D,0,-1.9764373,0.285592257976532,1.0,0.25097528100013733
YCR054C,YJL012C-A,0,-1.9764373,0.28551095724105835,1.0,0.2510753273963928
YPL121C,YCR029C-A,0,-1.9764373,0.2854297161102295,1.0,0.2511753439903259
YGR031C-A,YKR029C,0,-1.9764373,0.285348504781723,1.0,0.2512753903865814
YCL048W-A,YAL012W,0,-1.9764373,0.28526735305786133,1.0,0.2513754069805145
YML071C,YOR343C-B,0,-1.9764373,0.285186231136322,1.0,0.25147545337677
YGL210W-A,YIR018W,0,-1.9764373,0.2851051688194275,1.0,0.2515754699707031
YLL032C,YJL018W,0,-1.9764373,0.28502416610717773,1.0,0.2516755163669586
YGR280C,YLR312C-B,0,-1.9764373,0.28494319319725037,1.0,0.2517755329608917
YDL038C,YOR351C,0,-1.9764373,0.2848622500896454,1.0,0.25187554955482483
YPL096C-A,YPR082C,0,-1.9764373,0.2847813665866852,1.0,0.2519755959510803
YBL008W-A,YML069W,0,-1.9764373,0.28470054268836975,1.0,0.2520756125450134
YNL138W-A,YDR380W,0,-1.9764373,0.2846197485923767,1.0,0.2521756589412689
YMR142C,YKR099C-A,0,-1.9764373,0.28453901410102844,1.0,0.252275675535202
YER096W,YBR111W-A,0,-1.9764373,0.28445830941200256,1.0,0.2523757219314575
YPL096C-A,YJL099W,0,-1.9764373,0.28437766432762146,1.0,0.2524757385253906
YOL077W-A,YML033W,0,-1.9764373,0.28429704904556274,1.0,0.2525757849216461
YNL024C-A,YGR087C,0,-1.9764373,0.2842164933681488,1.0,0.2526758015155792
YBL008W-A,YBR055C,0,-1.9764373,0.28413596749305725,1.0,0.25277581810951233
YDR248C,YKL158W,0,-1.9764373,0.2840555012226105,1.0,0.2528758645057678
YCL060C,YKR099C-A,0,-1.9764373,0.28397509455680847,1.0,0.2529758810997009
YNL024C-A,YOL067C,0,-1.9764373,0.28389471769332886,1.0,0.2530759274959564
YPL131W,YBR111W-A,0,-1.9764373,0.28381437063217163,1.0,0.2531759440898895
YOL016C,YML033W,0,-1.9764373,0.2837340831756592,1.0,0.253275990486145
YDL038C,YOR100C,0,-1.9764373,0.2836538553237915,1.0,0.2533760070800781
YGR272C,YGR038C-B,0,-1.9764373,0.2835736572742462,1.0,0.2534760534763336
YLR391W-A,YDR155C,0,-1.9764373,0.2834934890270233,1.0,0.2535760700702667
YCL027C-A,YIR035C,0,-1.9764373,0.2834133803844452,1.0,0.2536761164665222
YCR046C,YCL048W-A,0,-1.9764373,0.28333333134651184,1.0,0.2537761330604553
YGL258W-A,YDR404C,0,-1.9764373,0.2832533121109009,1.0,0.2538761496543884
YKR099C-A,YKL137W,0,-1.9764373,0.2831733524799347,1.0,0.2539761960506439
YMR127C,YOL053C-A,0,-1.9764373,0.2830934226512909,1.0,0.254076212644577
YGL258W-A,YJR103W,0,-1.9764373,0.28301355242729187,1.0,0.2541762590408325
YCL048W-A,YDR380W,0,-1.9764373,0.28293371200561523,1.0,0.2542762756347656
YNL232W,YJL012C-A,0,-1.9764373,0.2828539311885834,1.0,0.2543763220310211
YPL189C-A,YBR026C,0,-1.9764373,0.2827741801738739,1.0,0.2544763386249542
YPL096C-A,YLR226W,0,-1.9764373,0.2826944887638092,1.0,0.2545763850212097
YPL271W,YOR396W,0,-1.9764373,0.2826148271560669,1.0,0.2546764016151428
YPL096C-A,YNL086W,0,-1.9764373,0.28253522515296936,1.0,0.2547764182090759
YDL038C,YOR094W,0,-1.9764373,0.2824556529521942,1.0,0.2548764646053314
YGL258W-A,YGR184C,0,-1.9764373,0.28237614035606384,1.0,0.2549764811992645
YCR079W,YDR210W-D,0,-1.9764373,0.28229665756225586,1.0,0.25507652759552
YCL048W-A,YLL035W,0,-1.9764373,0.28221723437309265,1.0,0.2551765441894531
YGL232W,YDR524C-B,0,-1.9764373,0.28213784098625183,1.0,0.2552765905857086
YBL008W-A,YJL082W,0,-1.9764373,0.2820585072040558,1.0,0.2553766071796417
YDR210W-D,YIL135C,0,-1.9764373,0.28197920322418213,1.0,0.2554766535758972
YPL257W-B,YNL024C-A,0,-1.9764373,0.28189992904663086,1.0,0.2555766701698303
YHR109W,YGL210W-A,0,-1.9764373,0.28182074427604675,1.0,0.2556767165660858
YLR391W-A,YDR014W-A,0,-1.9764373,0.28174155950546265,1.0,0.2557767331600189
YFR001W,YBR111W-A,0,-1.9764373,0.2816624641418457,1.0,0.255876749753952
YIL101C,YBL008W-A,0,-1.9764373,0.28158336877822876,1.0,0.2559767961502075
YDR173C,YCL048W-A,0,-1.9764373,0.281504362821579,1.0,0.2560768127441406
YNL138W-A,YBR201W,0,-1.9764373,0.2814253568649292,1.0,0.2561768591403961
YCR029C-A,YOL044W,0,-1.9764373,0.2813464105129242,1.0,0.2562768757343292
YLR391W-A,YGR059W,0,-1.9764373,0.28126752376556396,1.0,0.2563769221305847
YKL053C-A,YAR070W-A,0,-1.9764373,0.2811886668205261,1.0,0.2564769387245178
YDR499W,YOR343C-B,0,-1.9764373,0.28110986948013306,1.0,0.2565769851207733
YCL048W-A,YBL113C,0,-1.9764373,0.2810311019420624,1.0,0.2566770017147064
YJL036W,YGR031C-A,0,-1.9764373,0.2809523940086365,1.0,0.2567770183086395
YDR465C,YOR343C-B,0,-1.9764373,0.28087371587753296,1.0,0.256877064704895
YOL125W,YCR029C-A,0,-1.9764373,0.28079506754875183,1.0,0.2569770812988281
YLR154W-A,YOL103W,0,-1.9764373,0.2807164788246155,1.0,0.2570771276950836
YHL034C,YHR214W-G,0,-1.9764373,0.2806379497051239,1.0,0.2571771442890167
YFL011W-A,YNR072W,0,-1.9764373,0.2805594503879547,1.0,0.2572771906852722
YLR391W-A,YJR059W,0,-1.9764373,0.2804809808731079,1.0,0.2573772072792053
YOR043W,YOL053C-A,0,-1.9764373,0.2804025709629059,1.0,0.2574772536754608
YGL210W-A,YLR309C,0,-1.9764373,0.28032419085502625,1.0,0.2575772702693939
YFL011W-A,YBL061C,0,-1.9764373,0.2802458703517914,1.0,0.2576773166656494
YHR214W-G,YJL129C,0,-1.9764373,0.2801676094532013,1.0,0.2577773332595825
YDR365W-B,YLR312C-B,0,-1.9764373,0.2800893485546112,1.0,0.2578773498535156
YKR099C-A,YKL097W-A,0,-1.9764373,0.2800111770629883,1.0,0.2579773962497711
YHR179W,YHR214W-G,0,-1.9764373,0.27993300557136536,1.0,0.2580774128437042
YDL038C,YDR218C,0,-1.9764373,0.2798549234867096,1.0,0.2581774592399597
YLR391W-A,YML022W,0,-1.9764373,0.27977684140205383,1.0,0.2582774758338928
YCR048W,YCR029C-A,0,-1.9764373,0.27969881892204285,1.0,0.2583775222301483
YGL210W-A,YGR087C,0,-1.9764373,0.27962085604667664,1.0,0.2584775388240814
YCR029C-A,YBR204C,0,-1.9764373,0.2795429229736328,1.0,0.2585775852203369
YLR391W-A,YDR424C,0,-1.9764373,0.2794650197029114,1.0,0.25867760181427
YBR207W,YDR524C-B,0,-1.9764373,0.2793871760368347,1.0,0.2587776184082031
YBR302C,YLR312C-B,0,-1.9764373,0.27930939197540283,1.0,0.2588776648044586
YOR240W,YML094W,0,-1.9764373,0.27923163771629333,1.0,0.2589776813983917
YHR061C,YLR312C-B,0,-1.9764373,0.2791539132595062,1.0,0.2590777277946472
YJR055W,YLR312C-B,0,-1.9764373,0.2790762484073639,1.0,0.2591777443885803
YOR188W,YNL024C-A,0,-1.9764373,0.27899861335754395,1.0,0.2592777907848358
YDL038C,YPL223C,0,-1.9764373,0.2789210379123688,1.0,0.2593778073787689
YHR214W-G,YNL127W,0,-1.9764373,0.278843492269516,1.0,0.2594778537750244
YNL032W,YHR214W-G,0,-1.9764373,0.2787659764289856,1.0,0.2595778703689575
YJR083C,YCR029C-A,0,-1.9764373,0.2786885201931,1.0,0.259677916765213
YHR214W-G,YGL237C,0,-1.9764373,0.27861112356185913,1.0,0.2597779333591461
YPR168W,YLR312C-B,0,-1.9764373,0.2785337269306183,1.0,0.2598779499530792
YDR523C,YDR524C-B,0,-1.9764373,0.2784564197063446,1.0,0.2599779963493347
YOR343C-B,YGL017W,0,-1.9764373,0.2783791422843933,1.0,0.2600780129432678
YFR009W,YPL189C-A,0,-1.9764373,0.2783018946647644,1.0,0.2601780593395233
YGL051W,YDR524C-B,0,-1.9764373,0.2782246768474579,1.0,0.2602780759334564
YGL258W-A,YDR146C,0,-1.9764373,0.27814751863479614,1.0,0.2603781223297119
YPL096C-A,YJR159W,0,-1.9764373,0.2780704200267792,1.0,0.260478138923645
YDL038C,YJR077C,0,-1.9764373,0.2779933512210846,1.0,0.2605781853199005
YBR129C,YCR029C-A,0,-1.9764373,0.2779163122177124,1.0,0.2606782019138336
YNL024C-A,YNL292W,0,-1.9764373,0.277839332818985,1.0,0.2607782483100891
YFL066C,YBR111W-A,0,-1.9764373,0.27776238322257996,1.0,0.2608782649040222
YHR109W,YKR099C-A,0,-1.9764373,0.2776854932308197,1.0,0.2609782814979553
YFL011W-A,YMR184W,0,-1.9764373,0.27760863304138184,1.0,0.2610783278942108
YOR010C,YLR312C-B,0,-1.9764373,0.27753183245658875,1.0,0.2611783444881439
YCL027C-A,YKL010C,0,-1.9764373,0.27745506167411804,1.0,0.2612783908843994
YMR037C,YNL138W-A,0,-1.9764373,0.2773783206939697,1.0,0.2613784074783325
YOR176W,YBL008W-A,0,-1.9764373,0.2773016393184662,1.0,0.261478453874588
YGL258W-A,YNL290W,0,-1.9764373,0.27722498774528503,1.0,0.2615784704685211
YPL096C-A,YPL236C,0,-1.9764373,0.27714839577674866,1.0,0.2616785168647766
YDL038C,YCL033C,0,-1.9764373,0.27707183361053467,1.0,0.2617785334587097
YCR029C-A,YOL104C,0,-1.9764373,0.27699530124664307,1.0,0.2618785500526428
YPL252C,YDR524C-B,0,-1.9764373,0.27691882848739624,1.0,0.2619785964488983
YLR312C-B,YLR164W,0,-1.9764373,0.2768423855304718,1.0,0.2620786130428314
YJR066W,YBR075W,0,-1.9764373,0.27676600217819214,1.0,0.2621786594390869
YIL048W,YLR312C-B,0,-1.9764373,0.27668964862823486,1.0,0.26227867603302
YGL258W-A,YMR136W,0,-1.9764373,0.27661335468292236,1.0,0.2623787224292755
YGR031C-A,YPR178W,0,-1.9764373,0.27653709053993225,1.0,0.2624787390232086
YGL210W-A,YDR034C,0,-1.9764373,0.2764608561992645,1.0,0.2625787854194641
YNL225C,YMR268W-A,0,-1.9764373,0.2763846814632416,1.0,0.2626788020133972
YFL011W-A,YLL002W,0,-1.9764373,0.276308536529541,1.0,0.2627788484096527
YFL011W-A,YGL212W,0,-1.9764373,0.27623245120048523,1.0,0.2628788650035858
YLR391W-A,YDR083W,0,-1.9764373,0.27615639567375183,1.0,0.2629788815975189
YGL046W,YMR047C,0,-1.9764373,0.2760803699493408,1.0,0.2630789279937744
YDR014W-A,YCR087C-A,0,-1.9764373,0.2760044038295746,1.0,0.2631789445877075
YLR154W-A,YGL046W,0,-1.9764373,0.27592846751213074,1.0,0.263278990983963
YDL038C,YHL033C,0,-1.9764373,0.27585259079933167,1.0,0.2633790075778961
YPL259C,YLR312C-B,0,-1.9764373,0.275776743888855,1.0,0.2634790539741516
YBL030C,YDR524C-B,0,-1.9764373,0.2757009267807007,1.0,0.2635790705680847
YGL210W-A,YGL148W,0,-1.9764373,0.27562516927719116,1.0,0.2636791169643402
YGR001C,YHR214W-G,0,-1.9764373,0.27554944157600403,1.0,0.2637791335582733
YLR406C,YPL096C-A,0,-1.9764373,0.27547377347946167,1.0,0.2638791501522064
YBR111W-A,YHL009W-B,0,-1.9764373,0.2753981351852417,1.0,0.2639791965484619
YFL011W-A,YMR168C,0,-1.9764373,0.2753225266933441,1.0,0.264079213142395
YLR431C,YOR396W,0,-1.9764373,0.2752469778060913,1.0,0.2641792595386505
YLR337W,YPL085W,0,-1.9764373,0.2751714587211609,1.0,0.2642792761325836
YNL153C,YCL027C-A,0,-1.9764373,0.27509599924087524,1.0,0.2643793225288391
YGL046W,YDR296W,0,-1.9764373,0.275020569562912,1.0,0.2644793391227722
YFL033C,YOR343C-B,0,-1.9764373,0.2749451696872711,1.0,0.2645793855190277
YPL096C-A,YDL129W,0,-1.9764373,0.274869829416275,1.0,0.2646794021129608
YDR210W-D,YDR270W,0,-1.9764373,0.2747945189476013,1.0,0.2647794485092163
YMR268W-A,YOR168W,0,-1.9764373,0.2747192680835724,1.0,0.2648794651031494
YDR381C-A,YJL018W,0,-1.9764373,0.27464401721954346,1.0,0.2649794816970825
YCL048W-A,YPL162C,0,-1.9764373,0.2745688557624817,1.0,0.265079528093338
YBL101W-B,YKR050W,0,-1.9764373,0.2744936943054199,1.0,0.2651795446872711
YIL074C,YBL101W-A,0,-1.9764373,0.27441859245300293,1.0,0.2652795910835266
YAR070W-A,YMR042W,0,-1.9764373,0.2743435502052307,1.0,0.2653796076774597
YGL054C,YBR088C,0,-1.9773986,0.2742685377597809,1.0,0.2654796540737152
YNL239W,YGL003C,0,-1.9778767,0.27419355511665344,1.0,0.2655796706676483
YGL046W,YKL148C,0,-1.9780295,0.2741186022758484,1.0,0.2656797170639038
YLR032W,YGL203C,0,-1.9800806,0.2740437090396881,1.0,0.2657797336578369
YDL200C,YNL007C,0,-1.9803774,0.2739688754081726,1.0,0.26587975025177
YJL041W,YPR070W,0,-1.9809266,0.2738940417766571,1.0,0.2659797966480255
YPL217C,YBR136W,0,-1.9809387,0.2738192677497864,1.0,0.2660798132419586
YDR231C,YCR080W,0,-1.9817967,0.2737445533275604,1.0,0.2661798596382141
YMR046C,YHR036W,0,-1.9821627,0.2736698389053345,1.0,0.2662798762321472
YER058W,YDL055C,0,-1.9822345,0.2735952138900757,1.0,0.2663799226284027
YCR020W-B,YOR354C,0,-1.9833628,0.2735205888748169,1.0,0.2664799392223358
YDR311W,YOR088W,0,-1.9834051,0.2734460234642029,1.0,0.2665799856185913
YCL057C-A,YGL160W,0,-1.9835968,0.27337148785591125,1.0,0.2666800022125244
YNR004W,YGR047C,0,-1.9841146,0.2732970118522644,1.0,0.2667800486087799
YKL205W,YDR479C,0,-1.9844799,0.27322256565093994,1.0,0.266880065202713
YGR218W,YBL027W,0,-1.9851938,0.27314814925193787,1.0,0.2669800817966461
YJL207C,YJR110W,0,-1.9857187,0.27307379245758057,1.0,0.2670801281929016
YPR137C-A,YDR207C,0,-1.986326,0.27299946546554565,1.0,0.2671801447868347
YPR002W,YHR214C-B,0,-1.9865727,0.27292516827583313,1.0,0.2672801911830902
YGR207C,YNR036C,0,-1.987061,0.2728509306907654,1.0,0.2673802077770233
YJL118W,YJL041W,0,-1.9874678,0.27277672290802,1.0,0.2674802541732788
YLR147C,YLR410W-A,0,-1.9884566,0.27270254492759705,1.0,0.2675802707672119
YOR178C,YGR276C,0,-1.9886864,0.27262842655181885,1.0,0.2676803171634674
YDR261C-C,YLL005C,0,-1.9899015,0.27255433797836304,1.0,0.2677803337574005
YNL072W,YER074W-A,0,-1.9904193,0.272480309009552,1.0,0.2678803503513336
YER106W,YOL077W-A,0,-1.9911143,0.27240630984306335,1.0,0.2679803967475891
YDL051W,YOR374W,0,-1.991376,0.2723323404788971,1.0,0.2680804133415222
YNL261W,YBL092W,0,-1.9916452,0.2722584009170532,1.0,0.2681804597377777
YIR013C,YDR316W,0,-1.9916815,0.2721845209598541,1.0,0.2682804763317108
YJR016C,YGR161C-C,0,-1.9923431,0.2721107006072998,1.0,0.2683805227279663
YER029C,YDR261W-A,0,-1.9935949,0.2720368802547455,1.0,0.2684805393218994
YGR134W,YJL139C,0,-1.9938109,0.27196311950683594,1.0,0.2685805857181549
YGL011C,YAR066W,0,-1.9940588,0.2718893885612488,1.0,0.268680602312088
YGR256W,YKL171W,0,-1.9941454,0.2718157172203064,1.0,0.2687806487083435
YLR138W,YOR054C,0,-1.9951999,0.2717420756816864,1.0,0.2688806653022766
YPR080W,YLR086W,0,-1.9956527,0.2716684639453888,1.0,0.2689806818962097
YBL034C,YGL170C,0,-1.9962059,0.27159491181373596,1.0,0.2690807282924652
YPL079W,YLR028C,0,-1.9962778,0.2715213894844055,1.0,0.2691807448863983
YGL236C,YPL128C,0,-1.997284,0.27144789695739746,1.0,0.2692807912826538
YNL016W,YER014C-A,0,-1.9975681,0.2713744640350342,1.0,0.2693808078765869
YBR010W,YCL003W,0,-1.9978178,0.2713010609149933,1.0,0.2694808542728424
YAR044W,YLR353W,0,-1.997894,0.2712276875972748,1.0,0.2695808708667755
YBL054W,YCL060C,0,-1.9986606,0.27115437388420105,1.0,0.269680917263031
YGL162W,YER070W,0,-1.9990036,0.2710810899734497,1.0,0.2697809338569641
YDL077C,YOR058C,0,-1.9994001,0.27100783586502075,1.0,0.2698809504508972
YMR260C,YPR135W,0,-1.9994029,0.2709346413612366,1.0,0.2699809968471527
YDR245W,YHR018C,0,-1.9998989,0.2708614766597748,1.0,0.2700810134410858
YKL140W,YGR161C-C,0,-2.0000496,0.2707883417606354,1.0,0.2701810598373413
YFL023W,YER111C,0,-2.0003667,0.27071523666381836,1.0,0.2702810764312744
YPL172C,YKL216W,0,-2.0004196,0.2706421911716461,1.0,0.2703811228275299
YDR483W,YDR072C,0,-2.0007865,0.27056920528411865,1.0,0.270481139421463
YGL046W,YGL124C,0,-2.0011644,0.2704962193965912,1.0,0.2705811858177185
YDR424C,YMR098C,0,-2.001285,0.2704232931137085,1.0,0.2706812024116516
YNL129W,YNL069C,0,-2.001493,0.2703503966331482,1.0,0.2707812488079071
YKL027W,YNR046W,0,-2.0018008,0.27027755975723267,1.0,0.2708812654018402
YNL012W,YOR035C,0,-2.0026422,0.2702047526836395,1.0,0.2709812819957733
YPL188W,YBR104W,0,-2.0030499,0.2701319754123688,1.0,0.2710813283920288
YJR053W,YHR209W,0,-2.003243,0.2700592279434204,1.0,0.2711813449859619
YBL054W,YHR008C,0,-2.003498,0.2699865400791168,1.0,0.2712813913822174
YMR289W,YJR059W,0,-2.0037417,0.2699138820171356,1.0,0.2713814079761505
YKL093W,YFL021W,0,-2.0039575,0.2698412835597992,1.0,0.271481454372406
YGR195W,YDL190C,0,-2.0039601,0.26976868510246277,1.0,0.2715814709663391
YFR007W,YHR005C-A,0,-2.0052037,0.2696961462497711,1.0,0.2716815173625946
YDL246C,YDR254W,0,-2.0053816,0.26962366700172424,1.0,0.2717815339565277
YGL033W,YDR339C,0,-2.0055213,0.26955118775367737,1.0,0.2718815505504608
YDR261C-D,YGR252W,0,-2.0062265,0.26947876811027527,1.0,0.2719815969467163
YBR286W,YGR222W,0,-2.0073314,0.26940637826919556,1.0,0.2720816135406494
YMR287C,YFL066C,0,-2.0073586,0.2693340480327606,1.0,0.2721816599369049
YPL112C,YOR084W,0,-2.0075893,0.26926174759864807,1.0,0.272281676530838
YGR132C,YDR130C,0,-2.0076072,0.2691894769668579,1.0,0.2723817229270935
YER012W,YJL191W,0,-2.0077317,0.2691172659397125,1.0,0.2724817395210266
YDR373W,YMR142C,0,-2.008078,0.26904505491256714,1.0,0.2725817859172821
YML081C-A,YOR080W,0,-2.008991,0.26897290349006653,1.0,0.2726818025112152
YJL122W,YPR158W-A,0,-2.008992,0.2689008116722107,1.0,0.2727818489074707
YCR042C,YPL110C,0,-2.00929,0.26882871985435486,1.0,0.2728818655014038
YFR003C,YOR003W,0,-2.0093746,0.2687566876411438,1.0,0.2729818820953369
YHR039C-B,YAL022C,0,-2.0100102,0.2686847150325775,1.0,0.2730819284915924
YLR306W,YLR010C,0,-2.0100374,0.26861274242401123,1.0,0.2731819450855255
YOL158C,YJL018W,0,-2.010433,0.2685408294200897,1.0,0.273281991481781
YDR461W,YNR015W,0,-2.0104928,0.2684689462184906,1.0,0.2733820080757141
YDL143W,YDR302W,0,-2.0107021,0.26839712262153625,1.0,0.2734820544719696
YNL265C,YML051W,0,-2.0107799,0.2683252990245819,1.0,0.2735820710659027
YGL048C,YBR066C,0,-2.0110025,0.26825353503227234,1.0,0.2736821174621582
YDR448W,YPL016W,0,-2.0115843,0.26818183064460754,1.0,0.2737821340560913
YDR079C-A,YMR159C,0,-2.0128038,0.26811012625694275,1.0,0.2738821506500244
YHL009W-A,YMR282C,0,-2.0145602,0.26803848147392273,1.0,0.2739821970462799
YJL099W,YJL047C,0,-2.0151298,0.2679668664932251,1.0,0.274082213640213
YHR143W-A,YJR075W,0,-2.0157454,0.26789531111717224,1.0,0.2741822600364685
YOR343W-A,YPR152C,0,-2.0157697,0.2678237557411194,1.0,0.2742822766304016
YGL068W,YGR222W,0,-2.01632,0.2677522599697113,1.0,0.2743823230266571
YDR320C-A,YBR103W,0,-2.0169296,0.267680823802948,1.0,0.2744823396205902
YMR201C,YFR004W,0,-2.0171673,0.2676093876361847,1.0,0.2745823860168457
YJL071W,YMR012W,0,-2.018145,0.26753801107406616,1.0,0.2746824026107788
YGL155W,YPR158C-C,0,-2.0190234,0.26746666431427,1.0,0.2747824490070343
YNR060W,YLR431C,0,-2.0199935,0.26739534735679626,1.0,0.2748824656009674
YDR224C,YHR191C,0,-2.0203538,0.2673240900039673,1.0,0.2749824821949005
YJR044C,YDR318W,0,-2.0207772,0.2672528624534607,1.0,0.275082528591156
YBR104W,YKR018C,0,-2.020951,0.2671816647052765,1.0,0.2751825451850891
YOL147C,YDR261W-B,0,-2.020981,0.26711052656173706,1.0,0.2752825915813446
YPR049C,YJR088C,0,-2.021987,0.26703941822052,1.0,0.2753826081752777
YLR337W,YDL166C,0,-2.022325,0.26696833968162537,1.0,0.2754826545715332
YJL111W,YLR410W-B,0,-2.0226817,0.2668972909450531,1.0,0.2755826711654663
YBL099W,YJR161C,0,-2.0227895,0.2668262720108032,1.0,0.2756827175617218
YLR188W,YDR261C-C,0,-2.0231388,0.2667553126811981,1.0,0.2757827341556549
YNL054W-B,YPR018W,0,-2.0232835,0.2666843831539154,1.0,0.275882750749588
YBR210W,YKL206C,0,-2.0240283,0.26661351323127747,1.0,0.2759827971458435
YAL012W,YOL104C,0,-2.024497,0.2665426433086395,1.0,0.2760828137397766
YPL180W,YIL126W,0,-2.0249834,0.26647183299064636,1.0,0.2761828601360321
YGR161W-B,YDR353W,0,-2.025299,0.2664010524749756,1.0,0.2762828767299652
YOR338W,YKL093W,0,-2.026389,0.2663303315639496,1.0,0.2763829231262207
YLR121C,YHR002W,0,-2.026989,0.2662596106529236,1.0,0.2764829397201538
YLR050C,YLL050C,0,-2.0271075,0.26618894934654236,1.0,0.2765829861164093
YPL121C,YGL004C,0,-2.0273917,0.2661183476448059,1.0,0.2766830027103424
YKL143W,YGR038C-A,0,-2.0280013,0.26604774594306946,1.0,0.2767830491065979
YGL133W,YGL014W,0,-2.0300074,0.2659772038459778,1.0,0.276883065700531
YCR048W,YOL155C,0,-2.030816,0.2659066915512085,1.0,0.2769830822944641
YLR130C,YLR337W,0,-2.0309763,0.2658362090587616,1.0,0.2770831286907196
YJR130C,YKL164C,0,-2.0327153,0.2657657563686371,1.0,0.2771831452846527
YNR027W,YLR256W-A,0,-2.033265,0.26569536328315735,1.0,0.2772831916809082
YJR067C,YOL103W-B,0,-2.033396,0.265625,1.0,0.2773832082748413
YKR028W,YEL055C,0,-2.035746,0.26555466651916504,1.0,0.2774832546710968
YOR373W,YIL017W,0,-2.035789,0.26548439264297485,1.0,0.2775832712650299
YCR080W,YMR315W,0,-2.0360749,0.26541411876678467,1.0,0.2776833176612854
YNR074C,YNR011C,0,-2.0361896,0.26534390449523926,1.0,0.2777833342552185
YBL017C,YKL199C,0,-2.0370426,0.2652737498283386,1.0,0.2778833508491516
YMR046C,YOL072W,0,-2.037222,0.265203595161438,1.0,0.2779833972454071
YDL101C,YNL292W,0,-2.037579,0.26513350009918213,1.0,0.2780834138393402
YKL221W,YEL011W,0,-2.037597,0.26506343483924866,1.0,0.2781834602355957
YOL018C,YNL027W,0,-2.0379071,0.2649933993816376,1.0,0.2782834768295288
YDR147W,YJL046W,0,-2.0383887,0.2649233937263489,1.0,0.2783835232257843
YGR038C-A,YKL140W,0,-2.038855,0.26485344767570496,1.0,0.2784835398197174
YOR369C,YDR510W,0,-2.039444,0.2647835314273834,1.0,0.2785835862159729
YBL026W,YBR075W,0,-2.0400624,0.2647136449813843,1.0,0.278683602809906
YPL190C,YLR391W,0,-2.0414102,0.2646437883377075,1.0,0.2787836492061615
YCR052W,YBR257W,0,-2.043334,0.26457399129867554,1.0,0.2788836658000946
YLR410W-B,YOR339C,0,-2.0436797,0.26450422406196594,1.0,0.2789836823940277
YJR091C,YCR023C,0,-2.044332,0.26443448662757874,1.0,0.2790837287902832
YOR088W,YDR288W,0,-2.0449598,0.2643647789955139,1.0,0.2791837453842163
YJL052W,YJL066C,0,-2.0456972,0.26429513096809387,1.0,0.2792837917804718
YHR004C,YKL199C,0,-2.045882,0.2642255127429962,1.0,0.2793838083744049
YCR102C,YLR157C-B,0,-2.0460234,0.26415592432022095,1.0,0.2794838547706604
YDL056W,YLR318W,0,-2.0467799,0.26408636569976807,1.0,0.2795838713645935
YJL103C,YLR227W-B,0,-2.0467982,0.2640168368816376,1.0,0.279683917760849
YDR097C,YNL146W,0,-2.0478356,0.26394736766815186,1.0,0.2797839343547821
YDR390C,YBR075W,0,-2.047901,0.2638779282569885,1.0,0.2798839509487152
YKL120W,YNL092W,0,-2.0480878,0.2638085186481476,1.0,0.2799839973449707
YNL284C-A,YKR080W,0,-2.048545,0.26373913884162903,1.0,0.2800840139389038
YER171W,YOL145C,0,-2.0485873,0.26366981863975525,1.0,0.2801840603351593
YNL206C,YCL004W,0,-2.0485895,0.26360052824020386,1.0,0.2802840769290924
YBR104W,YPR049C,0,-2.049534,0.26353126764297485,1.0,0.2803841233253479
YKR019C,YDR316W-A,0,-2.0497456,0.26346203684806824,1.0,0.280484139919281
YPR137C-A,YKL148C,0,-2.050335,0.2633928656578064,1.0,0.2805841863155365
YBR044C,YHR025W,0,-2.050684,0.26332369446754456,1.0,0.2806842029094696
YCR039C,YJL170C,0,-2.051345,0.2632545828819275,1.0,0.2807842493057251
YGR133W,YDR126W,0,-2.0519145,0.2631855010986328,1.0,0.2808842658996582
YLR047C,YHR094C,0,-2.0520198,0.2631164789199829,1.0,0.2809842824935913
YGL038C,YGL161C,0,-2.0522184,0.263047456741333,1.0,0.2810843288898468
YKL089W,YPR060C,0,-2.0523713,0.2629784941673279,1.0,0.2811843454837799
YER159C-A,YGR263C,0,-2.0541592,0.26290956139564514,1.0,0.2812843918800354
YOR222W,YDR172W,0,-2.054181,0.2628406584262848,1.0,0.2813844084739685
YOL071W,YDR218C,0,-2.0543826,0.2627718150615692,1.0,0.281484454870224
YBR048W,YKL020C,0,-2.0544634,0.26270297169685364,1.0,0.2815844714641571
YGR175C,YDR418W,0,-2.0546231,0.26263418793678284,1.0,0.2816845178604126
YPL257W-B,YKL009W,0,-2.0558164,0.2625654339790344,1.0,0.2817845344543457
YHR061C,YCL075W,0,-2.0558696,0.2624967396259308,1.0,0.2818845510482788
YIL093C,YCR070W,0,-2.056265,0.26242804527282715,1.0,0.2819845974445343
YCL074W,YDL140C,0,-2.0576916,0.2623594105243683,1.0,0.2820846140384674
YDL064W,YBR122C,0,-2.0583014,0.2622908055782318,1.0,0.2821846604347229
YGL223C,YCR042C,0,-2.0586205,0.2622222304344177,1.0,0.282284677028656
YAL008W,YCL052C,0,-2.0594983,0.262153685092926,1.0,0.2823847234249115
YNR067C,YMR087W,0,-2.059781,0.2620851695537567,1.0,0.2824847400188446
YDL065C,YCL060C,0,-2.0598392,0.2620167136192322,1.0,0.2825847864151001
YKL024C,YMR166C,0,-2.060195,0.26194828748703003,1.0,0.2826848030090332
YPR026W,YOL103W-B,0,-2.0603285,0.26187989115715027,1.0,0.2827848494052887
YCR008W,YJL041W,0,-2.0603926,0.2618115246295929,1.0,0.2828848659992218
YFL037W,YDL047W,0,-2.060798,0.2617432177066803,1.0,0.2829848825931549
YOR142W-B,YOR351C,0,-2.0611076,0.2616749405860901,1.0,0.2830849289894104
YFR007W,YOR391C,0,-2.061267,0.2616066634654999,1.0,0.2831849455833435
YOR240W,YGL004C,0,-2.0619473,0.26153847575187683,1.0,0.283284991979599
YMR311C,YPL257W-A,0,-2.0620418,0.2614702880382538,1.0,0.2833850085735321
YLR086W,YLR088W,0,-2.06253,0.2614021301269531,1.0,0.2834850549697876
YBR276C,YER014C-A,0,-2.0626602,0.26133403182029724,1.0,0.2835850715637207
YMR278W,YNL112W,0,-2.063314,0.26126596331596375,1.0,0.2836851179599762
YGR199W,YPL208W,0,-2.063745,0.26119792461395264,1.0,0.2837851345539093
YOL030W,YBR195C,0,-2.0639014,0.2611299157142639,1.0,0.2838851511478424
YGR132C,YNL073W,0,-2.0640678,0.2610619366168976,1.0,0.2839851975440979
YJL117W,YOL107W,0,-2.0657902,0.260994017124176,1.0,0.284085214138031
YDR541C,YHR018C,0,-2.0662246,0.26092612743377686,1.0,0.2841852605342865
YGR047C,YGL131C,0,-2.0664458,0.2608582675457001,1.0,0.2842852771282196
YCR010C,YBR201W,0,-2.0666733,0.2607904374599457,1.0,0.2843853235244751
YHR153C,YNR010W,0,-2.0675342,0.26072263717651367,1.0,0.2844853401184082
YNL321W,YGL178W,0,-2.0676122,0.26065489649772644,1.0,0.2845853865146637
YDL130W,YDR044W,0,-2.0676637,0.2605871558189392,1.0,0.2846854031085968
YGL259W,YOR142W-B,0,-2.0676866,0.26051947474479675,1.0,0.2847854495048523
YNR015W,YGR184C,0,-2.0684671,0.2604518234729767,1.0,0.2848854660987854
YBL018C,YBR052C,0,-2.069199,0.260384202003479,1.0,0.2849854826927185
YNL270C,YBR075W,0,-2.0695999,0.2603166401386261,1.0,0.285085529088974
YBR239C,YML075C,0,-2.0712337,0.2602490782737732,1.0,0.2851855456829071
YDR088C,YJL018W,0,-2.0715165,0.26018157601356506,1.0,0.2852855920791626
YNL329C,YJL051W,0,-2.0721548,0.2601141035556793,1.0,0.2853856086730957
YIL073C,YDR067C,0,-2.072258,0.26004666090011597,1.0,0.2854856550693512
YGR227W,YBR075W,0,-2.072509,0.2599792778491974,1.0,0.2855856716632843
YPR137C-B,YIR008C,0,-2.0736945,0.2599118947982788,1.0,0.2856857180595398
YCL060C,YLR225C,0,-2.0737636,0.259844571352005,1.0,0.2857857346534729
YMR080C,YBR276C,0,-2.0740302,0.2597772479057312,1.0,0.285885751247406
YML037C,YKL164C,0,-2.074328,0.2597099840641022,1.0,0.2859857976436615
YEL026W,YPR158W-A,0,-2.076208,0.25964275002479553,1.0,0.2860858142375946
YML097C,YDR085C,0,-2.0763247,0.25957557559013367,1.0,0.2861858606338501
YGL244W,YNL027W,0,-2.078361,0.2595084011554718,1.0,0.2862858772277832
YPL104W,YBL079W,0,-2.0790172,0.2594412863254547,1.0,0.2863859236240387
YML071C,YNL298W,0,-2.080288,0.25937420129776,1.0,0.2864859402179718
YDR226W,YKR090W,0,-2.0803483,0.2593071460723877,1.0,0.2865859866142273
YGR249W,YHR002W,0,-2.0806036,0.25924012064933777,1.0,0.2866860032081604
YJL115W,YBR083W,0,-2.0807924,0.25917312502861023,1.0,0.2867860496044159
YHR181W,YNR031C,0,-2.0809572,0.25910618901252747,1.0,0.286886066198349
YIL170W,YMR235C,0,-2.081516,0.2590392529964447,1.0,0.2869860827922821
YGR113W,YDL137W,0,-2.0818162,0.2589723765850067,1.0,0.2870861291885376
YLR197W,YJR060W,0,-2.0828068,0.2589055299758911,1.0,0.2871861457824707
YBL004W,YNL230C,0,-2.0838366,0.2588387131690979,1.0,0.2872861921787262
YNL279W,YKR046C,0,-2.083939,0.2587719261646271,1.0,0.2873862087726593
YER055C,YOR142W-B,0,-2.0845544,0.258705198764801,1.0,0.2874862551689148
YOR321W,YIL125W,0,-2.0848,0.258638471364975,1.0,0.2875862717628479
YEL016C,YHR211W,0,-2.0851443,0.2585718035697937,1.0,0.2876863181591034
YJL018W,YLR295C,0,-2.0853002,0.2585051655769348,1.0,0.2877863347530365
YDR484W,YGR112W,0,-2.0856483,0.2584385573863983,1.0,0.2878863513469696
YDR159W,YFL002W-B,0,-2.0867157,0.2583719789981842,1.0,0.2879863977432251
YNL223W,YOL103W-B,0,-2.0874307,0.2583054304122925,1.0,0.2880864143371582
YKL021C,YGR038C-A,0,-2.087909,0.25823894143104553,1.0,0.2881864607334137
YBR240C,YKL199C,0,-2.0880818,0.2581724524497986,1.0,0.2882864773273468
YLR157C-B,YDL122W,0,-2.0881114,0.2581060230731964,1.0,0.2883865237236023
YNR061C,YGR161C-C,0,-2.0882463,0.2580396234989166,1.0,0.2884865403175354
YDR261W-A,YNL306W,0,-2.0891125,0.25797325372695923,1.0,0.2885865867137909
YOL149W,YBL020W,0,-2.0892038,0.2579069137573242,1.0,0.288686603307724
YER104W,YER160C,0,-2.0897057,0.2578406035900116,1.0,0.2887866497039795
YER137C-A,YNL257C,0,-2.0899472,0.25777435302734375,1.0,0.2888866662979126
YNL077W,YHR206W,0,-2.0909033,0.2577081322669983,1.0,0.2889866828918457
YDR394W,YDR534C,0,-2.0912232,0.25764191150665283,1.0,0.2890867292881012
YGL229C,YEL020C,0,-2.0912757,0.25757575035095215,1.0,0.2891867458820343
YPR111W,YLR099C,0,-2.0931492,0.25750961899757385,1.0,0.2892867922782898
YJL004C,YOR343W-B,0,-2.093747,0.25744351744651794,1.0,0.2893868088722229
YBL009W,YDR400W,0,-2.0950763,0.2573774755001068,1.0,0.2894868552684784
YNL002C,YGR033C,0,-2.095955,0.2573114335536957,1.0,0.2895868718624115
YLL041C,YGL236C,0,-2.0962589,0.2572454512119293,1.0,0.289686918258667
YGR134W,YDR376W,0,-2.0963368,0.25717949867248535,1.0,0.2897869348526001
YHR016C,YPL249C,0,-2.0964785,0.2571135461330414,1.0,0.2898869514465332
YBR261C,YPR066W,0,-2.0972397,0.2570476531982422,1.0,0.2899869978427887
YIL139C,YMR229C,0,-2.0976658,0.25698181986808777,1.0,0.2900870144367218
YGR063C,YNL010W,0,-2.097869,0.25691598653793335,1.0,0.2901870608329773
YDR073W,YCL062W,0,-2.101245,0.2568501830101013,1.0,0.2902870774269104
YLL027W,YCL003W,0,-2.1015413,0.25678443908691406,1.0,0.2903871238231659
YOR153W,YML115C,0,-2.1022334,0.2567186951637268,1.0,0.290487140417099
YDR069C,YPL027W,0,-2.102498,0.2566530108451843,1.0,0.2905871868133545
YPL246C,YPL084W,0,-2.1026642,0.25658735632896423,1.0,0.2906872034072876
YGR036C,YIL065C,0,-2.1030703,0.25652173161506653,1.0,0.2907872498035431
YKL165C,YHR116W,0,-2.103303,0.2564561367034912,1.0,0.2908872663974762
YDL004W,YIR038C,0,-2.1043112,0.25639060139656067,1.0,0.2909872829914093
YDR472W,YKR025W,0,-2.1050415,0.2563250660896301,1.0,0.2910873293876648
YPR004C,YBR282W,0,-2.1052232,0.25625959038734436,1.0,0.2911873459815979
YKL199C,YKL175W,0,-2.1055646,0.2561941146850586,1.0,0.2912873923778534
YLR197W,YDR261W-B,0,-2.1056688,0.2561286985874176,1.0,0.2913874089717865
YFL053W,YLL027W,0,-2.10633,0.256063312292099,1.0,0.291487455368042
YMR293C,YLR013W,0,-2.1067412,0.2559979557991028,1.0,0.2915874719619751
YGR169C,YOL097C,0,-2.1069825,0.25593262910842896,1.0,0.2916875183582306
YPL016W,YNL245C,0,-2.1070852,0.2558673322200775,1.0,0.2917875349521637
YPL242C,YCL036W,0,-2.1072865,0.25580209493637085,1.0,0.2918875515460968
YDR046C,YKR061W,0,-2.1074548,0.2557368576526642,1.0,0.2919875979423523
YLR320W,YOL157C,0,-2.107509,0.2556716799736023,1.0,0.2920876145362854
YNL314W,YPL055C,0,-2.1078663,0.2556065320968628,1.0,0.2921876609325409
YEL009C,YPL163C,0,-2.1084728,0.2555414140224457,1.0,0.292287677526474
YLR186W,YOR198C,0,-2.1085172,0.25547632575035095,1.0,0.2923877239227295
YOL089C,YCL052C,0,-2.1085985,0.2554112672805786,1.0,0.2924877405166626
YJL133W,YLR010C,0,-2.1087127,0.25534623861312866,1.0,0.2925877869129181
YPL174C,YCL060C,0,-2.1094375,0.2552812397480011,1.0,0.2926878035068512
YBR234C,YBR264C,0,-2.109939,0.2552162706851959,1.0,0.2927878499031067
YOR130C,YBR273C,0,-2.110097,0.2551513612270355,1.0,0.2928878664970398
YGR186W,YLR401C,0,-2.1102579,0.2550864815711975,1.0,0.2929878830909729
YOR301W,YDL164C,0,-2.110971,0.2550216019153595,1.0,0.2930879294872284
YKL089W,YKL097W-A,0,-2.1111152,0.25495678186416626,1.0,0.2931879460811615
YPL101W,YDL122W,0,-2.1115575,0.2548919916152954,1.0,0.293287992477417
YOR100C,YBR258C,0,-2.1116638,0.25482723116874695,1.0,0.2933880090713501
YOR381W,YCR047C,0,-2.11249,0.2547625005245209,1.0,0.2934880554676056
YIR021W,YMR065W,0,-2.1144085,0.2546978294849396,1.0,0.2935880720615387
YHR027C,YOR205C,0,-2.1149845,0.2546331584453583,1.0,0.2936881184577942
YDR247W,YDR085C,0,-2.1155705,0.25456851720809937,1.0,0.2937881350517273
YPL057C,YDR034C-D,0,-2.115798,0.25450393557548523,1.0,0.2938881516456604
YNL271C,YLR045C,0,-2.1165752,0.2544393837451935,1.0,0.2939881980419159
YMR263W,YLR298C,0,-2.11791,0.25437483191490173,1.0,0.294088214635849
YDR097C,YDR531W,0,-2.1180553,0.25431033968925476,1.0,0.2941882610321045
YBR087W,YGR171C,0,-2.1185472,0.2542458772659302,1.0,0.2942882776260376
YKL178C,YDL044C,0,-2.11855,0.254181444644928,1.0,0.2943883240222931
YJL123C,YDR261W-B,0,-2.1188679,0.25411704182624817,1.0,0.2944883406162262
YHR184W,YNR031C,0,-2.119205,0.25405269861221313,1.0,0.2945883870124817
YLR391W,YPL200W,0,-2.119597,0.2539883553981781,1.0,0.2946884036064148
YOR384W,YOR337W,0,-2.1200967,0.25392404198646545,1.0,0.2947884500026703
YPL241C,YGR241C,0,-2.120313,0.2538597881793976,1.0,0.2948884665966034
YCR055C,YER113C,0,-2.1212907,0.2537955343723297,1.0,0.2949884831905365
YFR051C,YIL172C,0,-2.1217437,0.2537313401699066,1.0,0.295088529586792
YDR421W,YOL104C,0,-2.1221404,0.2536671757698059,1.0,0.2951885461807251
YKL119C,YGR161C-C,0,-2.12229,0.2536030411720276,1.0,0.2952885925769806
YLR070C,YLR157C-A,0,-2.1224246,0.25353893637657166,1.0,0.2953886091709137
YKL209C,YCR043C,0,-2.1240454,0.2534748613834381,1.0,0.2954886555671692
YJR130C,YOL146W,0,-2.125368,0.25341081619262695,1.0,0.2955886721611023
YNL044W,YCL003W,0,-2.125403,0.2533468008041382,1.0,0.2956887185573578
YOR142W-A,YLR035C,0,-2.1257184,0.2532828152179718,1.0,0.2957887351512909
YMR020W,YMR289W,0,-2.125844,0.2532188892364502,1.0,0.295888751745224
YOR301W,YLR157C-A,0,-2.1262195,0.2531549632549286,1.0,0.2959887981414795
YNL207W,YAR035W,0,-2.1263778,0.25309109687805176,1.0,0.2960888147354126
YHR039C-B,YGL083W,0,-2.12698,0.2530272305011749,1.0,0.2961888611316681
YJR133W,YDR310C,0,-2.128652,0.25296342372894287,1.0,0.2962888777256012
YHL024W,YGR161C-C,0,-2.128903,0.2528996467590332,1.0,0.2963889241218567
YMR210W,YCL036W,0,-2.1289606,0.2528358995914459,1.0,0.2964889407157898
YGR200C,YIL047C,0,-2.1291065,0.25277218222618103,1.0,0.2965889871120453
YFR044C,YHR008C,0,-2.1291203,0.2527084946632385,1.0,0.2966890037059784
YAL038W,YHR200W,0,-2.130043,0.2526448369026184,1.0,0.2967890501022339
YIR007W,YPR152C,0,-2.1316664,0.2525812089443207,1.0,0.296889066696167
YMR013C,YDR237W,0,-2.131926,0.25251761078834534,1.0,0.2969890832901001
YOL102C,YHR152W,0,-2.1320734,0.25245407223701477,1.0,0.2970891296863556
YMR127C,YBR079C,0,-2.132544,0.2523905336856842,1.0,0.2971891462802887
YMR164C,YNL256W,0,-2.1328015,0.2523270547389984,1.0,0.2972891926765442
YDR071C,YMR104C,0,-2.1333842,0.2522635757923126,1.0,0.2973892092704773
YOR338W,YGR013W,0,-2.1343398,0.2522001564502716,1.0,0.2974892556667328
YFR044C,YOR322C,0,-2.1346061,0.252136766910553,1.0,0.2975892722606659
YOR153W,YNR046W,0,-2.1354759,0.25207337737083435,1.0,0.2976893186569214
YOR324C,YJL114W,0,-2.1355186,0.2520100474357605,1.0,0.2977893352508545
YCR048W,YER051W,0,-2.1356132,0.25194674730300903,1.0,0.29788938164711
YCL047C,YDR456W,0,-2.1368906,0.25188347697257996,1.0,0.2979893982410431
YJR112W,YDR153C,0,-2.1372826,0.25182023644447327,1.0,0.2980894148349762
YMR161W,YOL038W,0,-2.137873,0.25175702571868896,1.0,0.2981894612312317
YBR302C,YHL019C,0,-2.1378896,0.25169384479522705,1.0,0.2982894778251648
YDR036C,YDR169C,0,-2.1379218,0.2516306936740875,1.0,0.2983895242214203
YOL103W,YMR300C,0,-2.1385202,0.2515676021575928,1.0,0.2984895408153534
YMR179W,YPL118W,0,-2.1419454,0.251504510641098,1.0,0.2985895872116089
YNL087W,YHR098C,0,-2.1432142,0.25144147872924805,1.0,0.298689603805542
YEL017C-A,YIL080W,0,-2.1432557,0.25137844681739807,1.0,0.2987896502017975
YJL118W,YDR510W,0,-2.143292,0.25131547451019287,1.0,0.2988896667957306
YGR231C,YDR534C,0,-2.144,0.25125250220298767,1.0,0.2989896833896637
YAL043C,YHR039C-B,0,-2.1443863,0.25118958950042725,1.0,0.2990897297859192
YLR227W-B,YGR098C,0,-2.1446643,0.2511266767978668,1.0,0.2991897463798523
YPL150W,YDR210W-B,0,-2.1446948,0.25106382369995117,1.0,0.2992897927761078
YGL123W,YGR104C,0,-2.1450095,0.2510010004043579,1.0,0.2993898093700409
YPR080W,YJL018W,0,-2.1450717,0.25093820691108704,1.0,0.2994898557662964
YBR080C,YGL014W,0,-2.1460187,0.25087544322013855,1.0,0.2995898723602295
YDR518W,YML058W,0,-2.1462264,0.25081270933151245,1.0,0.299689918756485
YKL042W,YIL063C,0,-2.1465883,0.25075000524520874,1.0,0.2997899353504181
YGL055W,YOR226C,0,-2.1466131,0.2506873309612274,1.0,0.2998899817466736
YOR155C,YPL162C,0,-2.147339,0.2506246864795685,1.0,0.2999899983406067
YBL101C,YCL060C,0,-2.1473649,0.25056207180023193,1.0,0.3000900149345398
YBR286W,YGR262C,0,-2.1474247,0.2504994869232178,1.0,0.3001900613307953
YNL091W,YDL130W-A,0,-2.1489773,0.2504369616508484,1.0,0.3002900779247284
YJL066C,YNL254C,0,-2.1490016,0.250374436378479,1.0,0.3003901243209839
YBR127C,YKL056C,0,-2.1493196,0.250311940908432,1.0,0.300490140914917
YLR429W,YMR301C,0,-2.149338,0.2502495050430298,1.0,0.3005901873111725
YDR306C,YPR145W,0,-2.1500533,0.25018706917762756,1.0,0.3006902039051056
YLR329W,YER012W,0,-2.1507256,0.2501246929168701,1.0,0.3007902503013611
YGR009C,YMR311C,0,-2.1513438,0.25006231665611267,1.0,0.3008902668952942
YPL131W,YPL259C,0,-2.1515443,0.25,1.0,0.3009902834892273
YGR161W-B,YPR016C,0,-2.1515741,0.24993769824504852,1.0,0.3010903298854828
YJR053W,YNL220W,0,-2.151907,0.24987544119358063,1.0,0.3011903464794159
YLR135W,YDR456W,0,-2.151963,0.24981319904327393,1.0,0.3012903928756714
YLR057W,YFL008W,0,-2.152708,0.2497510015964508,1.0,0.3013904094696045
YDL039C,YNL307C,0,-2.1530578,0.24968881905078888,1.0,0.30149045586586
YLR157C-B,YJL130C,0,-2.1533828,0.24962668120861053,1.0,0.3015904724597931
YPL257W-B,YDL206W,0,-2.1534243,0.24956457316875458,1.0,0.3016905188560486
YGL256W,YBR236C,0,-2.1535113,0.249502494931221,1.0,0.3017905354499817
YNR022C,YDR034C-D,0,-2.1545105,0.24944043159484863,1.0,0.3018905818462372
YKL015W,YLR410W-A,0,-2.155127,0.24937841296195984,1.0,0.3019905984401703
YGL175C,YER022W,0,-2.1556041,0.24931642413139343,1.0,0.3020906150341034
YCL050C,YDR210W-B,0,-2.1556108,0.2492544800043106,1.0,0.3021906614303589
YLR410W-B,YGL155W,0,-2.1558838,0.24919255077838898,1.0,0.302290678024292
YGL236C,YNL080C,0,-2.1558993,0.24913065135478973,1.0,0.3023907244205475
YPL060C-A,YHR001W,0,-2.1560936,0.24906878173351288,1.0,0.3024907410144806
YDR208W,YIL039W,0,-2.156114,0.2490069568157196,1.0,0.3025907874107361
YOR338W,YDR510W,0,-2.1563857,0.24894514679908752,1.0,0.3026908040046692
YHR039C-B,YBR073W,0,-2.1571174,0.24888338148593903,1.0,0.3027908504009247
YMR006C,YDL166C,0,-2.1585333,0.24882163107395172,1.0,0.3028908669948578
YIL177C,YLR427W,0,-2.1599066,0.248759925365448,1.0,0.3029908835887909
YKL200C,YKR065C,0,-2.1611857,0.24869823455810547,1.0,0.3030909299850464
YKL084W,YDR533C,0,-2.161201,0.24863658845424652,1.0,0.3031909465789795
YLR256W-A,YGR077C,0,-2.1612277,0.24857497215270996,1.0,0.303290992975235
YJR112W,YGR109W-B,0,-2.161661,0.2485133856534958,1.0,0.3033910095691681
YOR245C,YOR274W,0,-2.161745,0.2484518140554428,1.0,0.3034910559654236
YNL166C,YOL056W,0,-2.1626816,0.2483902871608734,1.0,0.3035910725593567
YAR003W,YDR403W,0,-2.1637185,0.2483287900686264,1.0,0.3036911189556122
YMR280C,YNL117W,0,-2.1639025,0.24826732277870178,1.0,0.3037911355495453
YGR065C,YNL290W,0,-2.164275,0.24820588529109955,1.0,0.3038911819458008
YKL200C,YER119C,0,-2.1645393,0.2481444776058197,1.0,0.3039911985397339
YGL180W,YNR043W,0,-2.1647053,0.24808309972286224,1.0,0.304091215133667
YDL126C,YAL009W,0,-2.1659002,0.24802176654338837,1.0,0.3041912615299225
YPL181W,YGR088W,0,-2.1662705,0.24796044826507568,1.0,0.3042912781238556
YDR126W,YLL010C,0,-2.1673284,0.2478991597890854,1.0,0.3043913245201111
YJR160C,YMR092C,0,-2.1689873,0.24783790111541748,1.0,0.3044913411140442
YJR002W,YMR122W-A,0,-2.1701837,0.24777668714523315,1.0,0.3045913875102997
YHR160C,YJL060W,0,-2.1706793,0.24771548807621002,1.0,0.3046914041042328
YNL099C,YPR184W,0,-2.171001,0.24765431880950928,1.0,0.3047914505004883
YNL274C,YKL184W,0,-2.1710808,0.24759319424629211,1.0,0.3048914670944214
YNL097C,YOR234C,0,-2.171266,0.24753208458423615,1.0,0.3049914836883545
YJL036W,YLR341W,0,-2.171956,0.24747100472450256,1.0,0.30509153008461
YPL276W,YML046W,0,-2.1733198,0.24740996956825256,1.0,0.3051915466785431
YLR419W,YBL113C,0,-2.174554,0.24734894931316376,1.0,0.3052915930747986
YHR200W,YLR154C,0,-2.175038,0.24728797376155853,1.0,0.3053916096687317
YML130C,YHR032W,0,-2.1765432,0.2472270131111145,1.0,0.3054916560649872
YBR286W,YLL035W,0,-2.17664,0.24716609716415405,1.0,0.3055916726589203
YDR318W,YLL023C,0,-2.17725,0.2471051961183548,1.0,0.3056917190551758
YKL210W,YBL042C,0,-2.1789594,0.24704433977603912,1.0,0.3057917356491089
YCR075C,YGL236C,0,-2.1797998,0.24698349833488464,1.0,0.3058917820453644
YJL071W,YHR152W,0,-2.1802938,0.24692270159721375,1.0,0.3059917986392975
YLR342W,YPR158C-D,0,-2.1804447,0.24686191976070404,1.0,0.3060918152332306
YPL186C,YNL037C,0,-2.1805878,0.24680118262767792,1.0,0.3061918616294861
YBL037W,YBR122C,0,-2.180763,0.246740460395813,1.0,0.3062918782234192
YHR211W,YIL139C,0,-2.1817036,0.24667978286743164,1.0,0.3063919246196747
YKR105C,YMR186W,0,-2.182593,0.24661913514137268,1.0,0.3064919412136078
YGL256W,YGL134W,0,-2.1828413,0.24655850231647491,1.0,0.3065919876098633
YGR284C,YBR132C,0,-2.1838608,0.24649791419506073,1.0,0.3066920042037964
YDR454C,YER001W,0,-2.1845984,0.24643734097480774,1.0,0.3067920506000519
YDR496C,YKL061W,0,-2.1858883,0.24637681245803833,1.0,0.306892067193985
YBR207W,YPL265W,0,-2.1859639,0.2463163137435913,1.0,0.3069920837879181
YFL066C,YPR158C-D,0,-2.1860514,0.24625582993030548,1.0,0.3070921301841736
YER112W,YMR112C,0,-2.1868165,0.24619539082050323,1.0,0.3071921467781067
YLR448W,YKR103W,0,-2.187354,0.24613496661186218,1.0,0.3072921931743622
YDR373W,YBR040W,0,-2.1877735,0.2460745871067047,1.0,0.3073922097682953
YHR179W,YCL031C,0,-2.188776,0.24601422250270844,1.0,0.3074922561645508
YDR153C,YHR167W,0,-2.1888044,0.24595390260219574,1.0,0.3075922727584839
YDR260C,YCL059C,0,-2.189794,0.24589359760284424,1.0,0.3076923191547394
YOR369C,YMR016C,0,-2.1901648,0.24583333730697632,1.0,0.3077923357486725
YJR070C,YKL212W,0,-2.1902087,0.2457730919122696,1.0,0.307892382144928
YGL046W,YJL206C,0,-2.1902804,0.24571289122104645,1.0,0.3079923987388611
YMR276W,YPL227C,0,-2.1905456,0.2456527054309845,1.0,0.3080924153327942
YPL078C,YHL016C,0,-2.1915317,0.24559254944324493,1.0,0.3081924617290497
YGL089C,YNR046W,0,-2.1917686,0.24553243815898895,1.0,0.3082924783229828
YDL115C,YDR529C,0,-2.1921706,0.24547234177589417,1.0,0.3083925247192383
YLL004W,YPL072W,0,-2.1939447,0.24541229009628296,1.0,0.3084925413131714
YIL171W,YOR240W,0,-2.1939545,0.24535225331783295,1.0,0.3085925877094269
YER137C-A,YDR414C,0,-2.1949782,0.24529224634170532,1.0,0.30869260430336
YNL090W,YDL132W,0,-2.195125,0.24523226916790009,1.0,0.3087926506996155
YML065W,YBR171W,0,-2.1954882,0.24517233669757843,1.0,0.3088926672935486
YOR301W,YPL028W,0,-2.1960466,0.24511241912841797,1.0,0.3089926838874817
YGR038C-B,YLL035W,0,-2.1961253,0.2450525313615799,1.0,0.3090927302837372
YGR194C,YLR256W-A,0,-2.1965504,0.2449926733970642,1.0,0.3091927468776703
YNL054W-B,YBR280C,0,-2.1969228,0.2449328452348709,1.0,0.3092927932739258
YNR006W,YER022W,0,-2.1976528,0.244873046875,1.0,0.3093928098678589
YGR183C,YOR120W,0,-2.1977377,0.24481327831745148,1.0,0.3094928562641144
YDR251W,YBL005W-A,0,-2.1980202,0.24475353956222534,1.0,0.3095928728580475
YKR066C,YDR258C,0,-2.198501,0.2446938306093216,1.0,0.309692919254303
YGR227W,YPL158C,0,-2.198515,0.24463415145874023,1.0,0.3097929358482361
YDL146W,YMR005W,0,-2.1987906,0.24457448720932007,1.0,0.3098929822444916
YPL003W,YGR227W,0,-2.1996021,0.24451486766338348,1.0,0.3099929988384247
YDL207W,YAL035W,0,-2.2000647,0.2444552779197693,1.0,0.3100930154323578
YPR028W,YGR144W,0,-2.2000732,0.24439571797847748,1.0,0.3101930618286133
YKR058W,YJR082C,0,-2.2005706,0.24433617293834686,1.0,0.3102930784225464
YMR217W,YOL103W-B,0,-2.200706,0.24427667260169983,1.0,0.3103931248188019
YBR104W,YFL066C,0,-2.2008042,0.244217187166214,1.0,0.310493141412735
YFL062W,YJL198W,0,-2.2009869,0.24415774643421173,1.0,0.3105931878089905
YKR001C,YOR343W-A,0,-2.2010133,0.24409832060337067,1.0,0.3106932044029236
YOR155C,YOR047C,0,-2.20113,0.244038924574852,1.0,0.3107932507991791
YGR167W,YOR142W-A,0,-2.202085,0.2439795732498169,1.0,0.3108932673931122
YPL121C,YDR527W,0,-2.2027278,0.243920236825943,1.0,0.3109932839870453
YGR061C,YPR168W,0,-2.2032554,0.24386093020439148,1.0,0.3110933303833008
YPR137C-B,YBR278W,0,-2.2044954,0.24380165338516235,1.0,0.3111933469772339
YMR244C-A,YPR145W,0,-2.2046156,0.24374240636825562,1.0,0.3112933933734894
YOL108C,YML125C,0,-2.2046926,0.24368318915367126,1.0,0.3113934099674225
YNL262W,YLR286C,0,-2.2048202,0.2436240017414093,1.0,0.311493456363678
YDR302W,YPL024W,0,-2.2079186,0.24356484413146973,1.0,0.3115934729576111
YDR059C,YDR210W-A,0,-2.2087278,0.24350570142269135,1.0,0.3116935193538666
YKL200C,YJL052W,0,-2.2099438,0.24344660341739655,1.0,0.3117935359477997
YDR291W,YDR480W,0,-2.2100558,0.24338752031326294,1.0,0.3118935823440552
YNL163C,YDR113C,0,-2.2101603,0.24332848191261292,1.0,0.3119935989379883
YBR289W,YMR291W,0,-2.2108583,0.24326945841312408,1.0,0.3120936155319214
YNL071W,YBL024W,0,-2.211742,0.24321047961711884,1.0,0.3121936619281769
YPL029W,YDL232W,0,-2.211802,0.24315151572227478,1.0,0.31229367852211
YGR191W,YJL154C,0,-2.2121766,0.2430925816297531,1.0,0.3123937249183655
YER185W,YDR044W,0,-2.2127864,0.24303367733955383,1.0,0.3124937415122986
YBR275C,YDR316W-A,0,-2.2127898,0.24297480285167694,1.0,0.3125937879085541
YGL225W,YLR157C-B,0,-2.2131796,0.24291595816612244,1.0,0.3126938045024872
YNL329C,YPR178W,0,-2.215739,0.24285714328289032,1.0,0.3127938508987427
YPL103C,YDR170W-A,0,-2.215902,0.2427983582019806,1.0,0.3128938674926758
YEL062W,YLR256W-A,0,-2.215992,0.24273958802223206,1.0,0.3129938840866089
YPL134C,YPR158W-A,0,-2.2164545,0.2426808625459671,1.0,0.3130939304828644
YPR075C,YBR202W,0,-2.2165442,0.24262215197086334,1.0,0.3131939470767975
YJL112W,YER050C,0,-2.216555,0.24256348609924316,1.0,0.313293993473053
YPL098C,YER019C-A,0,-2.2168052,0.24250483512878418,1.0,0.3133940100669861
YOR182C,YMR145C,0,-2.217056,0.24244621396064758,1.0,0.3134940564632416
YGL128C,YIL117C,0,-2.217099,0.24238762259483337,1.0,0.3135940730571747
YER168C,YJR127C,0,-2.2174675,0.24232906103134155,1.0,0.3136941194534302
YLR410W-B,YNL302C,0,-2.2183142,0.24227052927017212,1.0,0.3137941360473633
YOR240W,YGR058W,0,-2.2183938,0.24221202731132507,1.0,0.3138941824436188
YLR286C,YDL179W,0,-2.2184613,0.24215355515480042,1.0,0.3139941990375519
YNL322C,YGL089C,0,-2.218482,0.24209509789943695,1.0,0.314094215631485
YOR211C,YGR145W,0,-2.2185879,0.24203668534755707,1.0,0.3141942620277405
YPL008W,YOR142W-A,0,-2.2188697,0.24197828769683838,1.0,0.3142942786216736
YER118C,YFR013W,0,-2.220255,0.24191991984844208,1.0,0.3143943250179291
YML095C,YMR023C,0,-2.2222226,0.24186158180236816,1.0,0.3144943416118622
YLR298C,YJL144W,0,-2.222372,0.24180327355861664,1.0,0.3145943880081177
YER124C,YJR043C,0,-2.2223887,0.2417449951171875,1.0,0.3146944046020508
YNL087W,YGR023W,0,-2.2226377,0.24168674647808075,1.0,0.3147944509983063
YDL195W,YLR318W,0,-2.2231295,0.2416285276412964,1.0,0.3148944675922394
YIL073C,YLR178C,0,-2.2238393,0.24157032370567322,1.0,0.3149944841861725
YDL153C,YIL017W,0,-2.225019,0.24151216447353363,1.0,0.315094530582428
YHR003C,YNL078W,0,-2.2255182,0.24145402014255524,1.0,0.3151945471763611
YHR039C-B,YOL064C,0,-2.2263606,0.24139590561389923,1.0,0.3152945935726166
YER068W,YHR021C,0,-2.2280607,0.2413378208875656,1.0,0.3153946101665497
YOR315W,YAL061W,0,-2.2298927,0.24127976596355438,1.0,0.3154946565628052
YOR287C,YKR003W,0,-2.2299254,0.24122174084186554,1.0,0.3155946731567383
YJL156C,YFL002W-A,0,-2.2302074,0.24116374552249908,1.0,0.3156947195529938
YOR275C,YMR295C,0,-2.2304673,0.24110576510429382,1.0,0.3157947361469269
YLR047C,YMR228W,0,-2.2316198,0.24104782938957214,1.0,0.3158947825431824
YLR342W,YMR193W,0,-2.2317457,0.24098990857601166,1.0,0.3159947991371155
YHR174W,YOR356W,0,-2.2326806,0.24093201756477356,1.0,0.3160948157310486
YLR399C,YHL040C,0,-2.2328653,0.24087415635585785,1.0,0.3161948621273041
YDR261C-C,YJR121W,0,-2.2333035,0.24081632494926453,1.0,0.3162948787212372
YNL175C,YNL039W,0,-2.2334728,0.2407585233449936,1.0,0.3163949251174927
YBL101W-B,YHR167W,0,-2.2341738,0.24070073664188385,1.0,0.3164949417114258
YPL180W,YCR043C,0,-2.2349393,0.2406429946422577,1.0,0.3165949881076813
YGR227W,YMR166C,0,-2.235868,0.24058526754379272,1.0,0.3166950047016144
YDR210W-B,YLR077W,0,-2.2361088,0.24052758514881134,1.0,0.3167950510978699
YMR012W,YOL057W,0,-2.2365475,0.24046991765499115,1.0,0.316895067691803
YML081C-A,YLR010C,0,-2.2373466,0.24041226506233215,1.0,0.3169950842857361
YOR343W-A,YGL203C,0,-2.2378945,0.24035465717315674,1.0,0.3170951306819916
YJL042W,YLR042C,0,-2.2380595,0.2402970790863037,1.0,0.3171951472759247
YDR258C,YPL051W,0,-2.2381363,0.24023951590061188,1.0,0.3172951936721802
YDR443C,YBR261C,0,-2.2384322,0.24018199741840363,1.0,0.3173952102661133
YDR239C,YOL040C,0,-2.2394552,0.24012449383735657,1.0,0.3174952566623688
YPR004C,YKR054C,0,-2.2398162,0.2400670200586319,1.0,0.3175952732563019
YPR054W,YMR142C,0,-2.240735,0.24000957608222961,1.0,0.3176953196525574
YCR017C,YDL136W,0,-2.2415483,0.23995214700698853,1.0,0.3177953362464905
YHR216W,YHR036W,0,-2.2416477,0.23989476263523102,1.0,0.31789538264274597
YPR167C,YKL184W,0,-2.2422523,0.2398373931646347,1.0,0.3179953992366791
YML033W,YLR034C,0,-2.2429383,0.23978006839752197,1.0,0.3180954158306122
YPR021C,YBL101C,0,-2.2433152,0.23972275853157043,1.0,0.3181954622268677
YLR028C,YDL191W,0,-2.2435188,0.23966547846794128,1.0,0.3182954788208008
YDL036C,YPL103C,0,-2.243573,0.23960821330547333,1.0,0.3183955252170563
YPL230W,YNL311C,0,-2.244443,0.23955099284648895,1.0,0.3184955418109894
YJR010C-A,YDR410C,0,-2.245557,0.23949378728866577,1.0,0.3185955882072449
YKR008W,YPL153C,0,-2.245634,0.23943662643432617,1.0,0.318695604801178
YOL125W,YAL009W,0,-2.2472897,0.23937948048114777,1.0,0.31879565119743347
YLR329W,YBR105C,0,-2.2479935,0.23932236433029175,1.0,0.3188956677913666
YMR296C,YBR173C,0,-2.248144,0.23926526308059692,1.0,0.3189956843852997
YOR239W,YGR035C,0,-2.2500458,0.23920820653438568,1.0,0.3190957307815552
YGL055W,YEL041W,0,-2.2500906,0.23915116488933563,1.0,0.3191957473754883
YEL022W,YLR010C,0,-2.2506473,0.23909415304660797,1.0,0.3192957937717438
YER068W,YBR243C,0,-2.2528024,0.2390371710062027,1.0,0.3193958103656769
YHR196W,YMR182C,0,-2.2528565,0.2389802187681198,1.0,0.3194958567619324
YPR187W,YKR039W,0,-2.2542975,0.23892329633235931,1.0,0.3195958733558655
YBR127C,YDR356W,0,-2.257213,0.2388664036989212,1.0,0.31969591975212097
YBR236C,YML033W,0,-2.257977,0.2388095259666443,1.0,0.3197959363460541
YAR019C,YGR008C,0,-2.2579966,0.23875267803668976,1.0,0.31989598274230957
YOR317W,YDR239C,0,-2.259327,0.23869585990905762,1.0,0.3199959993362427
YKL053C-A,YNR050C,0,-2.2605114,0.23863907158374786,1.0,0.3200960159301758
YPL187W,YMR142C,0,-2.2607985,0.2385822981595993,1.0,0.3201960623264313
YDL085W,YPL174C,0,-2.2617054,0.23852556943893433,1.0,0.3202960789203644
YOL082W,YML097C,0,-2.2617912,0.23846885561943054,1.0,0.3203961253166199
YGL148W,YGR038C-B,0,-2.2623596,0.23841217160224915,1.0,0.320496141910553
YJR155W,YLR368W,0,-2.264066,0.23835551738739014,1.0,0.32059618830680847
YER054C,YHR181W,0,-2.2643683,0.23829887807369232,1.0,0.3206962049007416
YNL298W,YER019W,0,-2.2652612,0.2382422834634781,1.0,0.32079625129699707
YDR365W-B,YPL088W,0,-2.2657347,0.23818570375442505,1.0,0.3208962678909302
YOR192C-B,YBR103W,0,-2.2661302,0.2381291538476944,1.0,0.3209962844848633
YLR410W-A,YOR036W,0,-2.2691572,0.23807263374328613,1.0,0.3210963308811188
YCR024C-A,YCR003W,0,-2.2693052,0.23801614344120026,1.0,0.3211963474750519
YGL185C,YHR039C,0,-2.269771,0.23795966804027557,1.0,0.3212963938713074
YGR108W,YML074C,0,-2.27046,0.23790322244167328,1.0,0.3213964104652405
YDR233C,YBL098W,0,-2.2705567,0.23784680664539337,1.0,0.32149645686149597
YDR054C,YDR487C,0,-2.2708132,0.23779042065143585,1.0,0.3215964734554291
YOR196C,YPR032W,0,-2.2709608,0.23773406445980072,1.0,0.32169651985168457
YMR315W,YML033W,0,-2.2713668,0.23767772316932678,1.0,0.3217965364456177
YER048W-A,YBR291C,0,-2.2716987,0.23762141168117523,1.0,0.32189658284187317
YDR523C,YGR012W,0,-2.272413,0.23756512999534607,1.0,0.3219965994358063
YGR264C,YCL008C,0,-2.2728472,0.2375088781118393,1.0,0.3220966160297394
YLR227W-B,YGR207C,0,-2.2734253,0.2374526560306549,1.0,0.3221966624259949
YNL284C-A,YFR004W,0,-2.2735715,0.2373964488506317,1.0,0.322296679019928
YLR070C,YOL101C,0,-2.27368,0.2373402714729309,1.0,0.32239672541618347
YMR296C,YPR079W,0,-2.2738307,0.2372841238975525,1.0,0.3224967420101166
YPR167C,YGR038C-B,0,-2.273902,0.23722800612449646,1.0,0.32259678840637207
YLR332W,YGL131C,0,-2.2739506,0.23717190325260162,1.0,0.3226968050003052
YOR118W,YCL003W,0,-2.2746966,0.23711584508419037,1.0,0.32279685139656067
YMR058W,YFR037C,0,-2.275445,0.2370598018169403,1.0,0.3228968679904938
YMR198W,YHR065C,0,-2.2766938,0.23700377345085144,1.0,0.3229968845844269
YFL001W,YDR172W,0,-2.2772675,0.23694778978824615,1.0,0.3230969309806824
YGR105W,YJL130C,0,-2.2792213,0.23689182102680206,1.0,0.3231969475746155
YLR438C-A,YOR094W,0,-2.2793853,0.23683589696884155,1.0,0.32329699397087097
YJL047C,YER014C-A,0,-2.279479,0.23677998781204224,1.0,0.3233970105648041
YAR014C,YPR132W,0,-2.2796903,0.2367240935564041,1.0,0.32349705696105957
YML005W,YKL059C,0,-2.2807841,0.23666824400424957,1.0,0.3235970735549927
YOR054C,YPR191W,0,-2.2812707,0.23661240935325623,1.0,0.32369711995124817
YML062C,YGL259W,0,-2.2817545,0.23655660450458527,1.0,0.3237971365451813
YDR134C,YNR017W,0,-2.282681,0.2365008294582367,1.0,0.32389718294143677
YOR196C,YNL316C,0,-2.2829852,0.23644506931304932,1.0,0.3239971995353699
YPL276W,YCL027W,0,-2.283792,0.23638935387134552,1.0,0.324097216129303
YOR384W,YOL040C,0,-2.28442,0.23633365333080292,1.0,0.32419726252555847
YBR258C,YOL040C,0,-2.284778,0.2362779676914215,1.0,0.3242972791194916
YLR348C,YDL074C,0,-2.2857614,0.23622232675552368,1.0,0.32439732551574707
YNL218W,YBR126C,0,-2.2857957,0.23616670072078705,1.0,0.3244973421096802
YGL084C,YDR494W,0,-2.2862358,0.2361111044883728,1.0,0.32459738850593567
YML008C,YBR210W,0,-2.2865186,0.23605553805828094,1.0,0.3246974050998688
YLL038C,YAL014C,0,-2.2870731,0.23600000143051147,1.0,0.32479745149612427
YNR039C,YGR109W-B,0,-2.2873971,0.2359444797039032,1.0,0.3248974680900574
YOR393W,YJL041W,0,-2.2874274,0.2358889877796173,1.0,0.3249974846839905
YOR167C,YLR113W,0,-2.2879105,0.2358335256576538,1.0,0.32509753108024597
YBR158W,YML129C,0,-2.2899826,0.2357780933380127,1.0,0.3251975476741791
YMR293C,YIL079C,0,-2.2902446,0.23572267591953278,1.0,0.32529759407043457
YLR359W,YIL041W,0,-2.2906656,0.23566728830337524,1.0,0.3253976106643677
YKL210W,YBR213W,0,-2.2908497,0.2356119304895401,1.0,0.32549765706062317
YPR005C,YER035W,0,-2.2921774,0.23555660247802734,1.0,0.3255976736545563
YFR051C,YAL042W,0,-2.292444,0.23550128936767578,1.0,0.32569772005081177
YNL307C,YHR031C,0,-2.2927094,0.2354460060596466,1.0,0.3257977366447449
YKR103W,YJL209W,0,-2.2928565,0.23539075255393982,1.0,0.32589778304100037
YOL056W,YBL046W,0,-2.2931895,0.23533552885055542,1.0,0.32599779963493347
YIL020C,YDL156W,0,-2.2932496,0.23528032004833221,1.0,0.3260978162288666
YKL182W,YDR364C,0,-2.2933068,0.2352251410484314,1.0,0.32619786262512207
YHR079C-A,YNL107W,0,-2.2933564,0.23516999185085297,1.0,0.3262978792190552
YLL038C,YDR466W,0,-2.2935104,0.23511485755443573,1.0,0.32639792561531067
YKR046C,YML048W,0,-2.2940154,0.23505976796150208,1.0,0.3264979422092438
YLR410W-B,YOR244W,0,-2.294877,0.23500469326972961,1.0,0.32659798860549927
YNL032W,YCR004C,0,-2.2960556,0.23494963347911835,1.0,0.3266980051994324
YMR202W,YOL136C,0,-2.2967849,0.23489461839199066,1.0,0.32679805159568787
YAR035W,YLR355C,0,-2.2968009,0.23483961820602417,1.0,0.32689806818962097
YMR168C,YOR022C,0,-2.2989664,0.23478464782238007,1.0,0.3269980847835541
YJR010W,YCR043C,0,-2.3002331,0.23472969233989716,1.0,0.32709813117980957
YML051W,YJR110W,0,-2.3002734,0.23467478156089783,1.0,0.3271981477737427
YDR487C,YPL265W,0,-2.3005497,0.2346198856830597,1.0,0.32729819416999817
YMR109W,YDR378C,0,-2.3007612,0.23456501960754395,1.0,0.3273982107639313
YLR307W,YER087C-A,0,-2.3018818,0.2345101684331894,1.0,0.32749825716018677
YOR176W,YDR043C,0,-2.30192,0.23445534706115723,1.0,0.3275982737541199
YNR032W,YGL065C,0,-2.3032303,0.23440055549144745,1.0,0.32769832015037537
YGL022W,YLR295C,0,-2.3033438,0.23434579372406006,1.0,0.32779833674430847
YER018C,YMR194W,0,-2.3034515,0.23429104685783386,1.0,0.32789838314056396
YMR034C,YPL005W,0,-2.3034618,0.23423634469509125,1.0,0.32799839973449707
YJR044C,YMR139W,0,-2.304101,0.23418164253234863,1.0,0.3280984163284302
YNL284C-A,YER095W,0,-2.3044229,0.2341269850730896,1.0,0.32819846272468567
YGL059W,YIR032C,0,-2.30443,0.23407234251499176,1.0,0.3282984793186188
YKL130C,YPL016W,0,-2.305034,0.2340177297592163,1.0,0.32839852571487427
YPL113C,YFL002W-B,0,-2.3054333,0.23396314680576324,1.0,0.3284985423088074
YBL090W,YOR239W,0,-2.3057375,0.23390857875347137,1.0,0.32859858870506287
YOL018C,YLL032C,0,-2.3058753,0.2338540405035019,1.0,0.32869860529899597
YKL046C,YPR041W,0,-2.3058825,0.2337995320558548,1.0,0.32879865169525146
YNR001C,YNL223W,0,-2.3062124,0.2337450534105301,1.0,0.32889866828918457
YEL058W,YJL100W,0,-2.3062344,0.23369058966636658,1.0,0.3289986848831177
YDR478W,YJL071W,0,-2.3065248,0.23363615572452545,1.0,0.32909873127937317
YAL003W,YML066C,0,-2.3068461,0.23358173668384552,1.0,0.3291987478733063
YKL193C,YKL041W,0,-2.3070278,0.23352736234664917,1.0,0.32929879426956177
YAR002C-A,YMR267W,0,-2.3071647,0.233473002910614,1.0,0.3293988108634949
YDR466W,YGL185C,0,-2.3074687,0.23341865837574005,1.0,0.32949885725975037
YOL052C,YNL197C,0,-2.3085344,0.23336435854434967,1.0,0.32959887385368347
YNL271C,YKR065C,0,-2.309159,0.23331007361412048,1.0,0.32969892024993896
YOR074C,YBL079W,0,-2.3097672,0.23325581848621368,1.0,0.32979893684387207
YDR446W,YNL070W,0,-2.3097734,0.23320157825946808,1.0,0.32989898324012756
YPR005C,YBR026C,0,-2.3099108,0.23314736783504486,1.0,0.32999899983406067
YDR405W,YLR439W,0,-2.312114,0.23309318721294403,1.0,0.3300990164279938
YJR022W,YHR172W,0,-2.3133245,0.2330390363931656,1.0,0.33019906282424927
YNL016W,YOR265W,0,-2.31562,0.23298490047454834,1.0,0.3302990794181824
YGR183C,YMR180C,0,-2.316677,0.23293079435825348,1.0,0.33039912581443787
YJR152W,YJL204C,0,-2.3174272,0.232876718044281,1.0,0.33049914240837097
YNL054W-B,YNL264C,0,-2.3180137,0.23282265663146973,1.0,0.33059918880462646
YPR032W,YKL195W,0,-2.3182135,0.23276862502098083,1.0,0.33069920539855957
YLR440C,YFR001W,0,-2.3198214,0.23271462321281433,1.0,0.33079925179481506
YJR147W,YNL106C,0,-2.3199964,0.23266063630580902,1.0,0.33089926838874817
YGR135W,YDR522C,0,-2.3203273,0.2326066792011261,1.0,0.3309992849826813
YJL103C,YPR186C,0,-2.3209338,0.23255275189876556,1.0,0.33109933137893677
YDL165W,YCL057C-A,0,-2.3212256,0.23249883949756622,1.0,0.3311993479728699
YDR389W,YJR092W,0,-2.3212888,0.23244495689868927,1.0,0.33129939436912537
YPL157W,YMR038C,0,-2.3216414,0.2323911041021347,1.0,0.33139941096305847
YMR298W,YJL153C,0,-2.3227956,0.23233726620674133,1.0,0.33149945735931396
YLR264W,YCR033W,0,-2.323415,0.23228345811367035,1.0,0.33159947395324707
YDR457W,YDR228C,0,-2.3236322,0.23222967982292175,1.0,0.33169952034950256
YDL045W-A,YLR154C,0,-2.324854,0.23217593133449554,1.0,0.33179953694343567
YGL099W,YJL082W,0,-2.3253427,0.23212219774723053,1.0,0.33189958333969116
YMR291W,YPL019C,0,-2.3256497,0.2320684939622879,1.0,0.33199959993362427
YJR031C,YLR203C,0,-2.327993,0.23201480507850647,1.0,0.3320996165275574
YDR226W,YDR079W,0,-2.328765,0.23196114599704742,1.0,0.33219966292381287
YMR256C,YMR223W,0,-2.328803,0.23190751671791077,1.0,0.33229967951774597
YFL037W,YDR128W,0,-2.3290982,0.2318539023399353,1.0,0.33239972591400146
YLR204W,YKR036C,0,-2.3294497,0.23180031776428223,1.0,0.33249974250793457
YAL014C,YDR338C,0,-2.3299024,0.23174676299095154,1.0,0.33259978890419006
YJL113W,YML025C,0,-2.3299546,0.23169323801994324,1.0,0.33269980549812317
YER137C-A,YNL092W,0,-2.3301735,0.23163972795009613,1.0,0.33279985189437866
YNL192W,YPL065W,0,-2.3310616,0.23158623278141022,1.0,0.33289986848831177
YDL208W,YPL274W,0,-2.3313806,0.23153278231620789,1.0,0.3329998850822449
YHR041C,YMR276W,0,-2.331852,0.23147934675216675,1.0,0.33309993147850037
YPR149W,YKL074C,0,-2.3321946,0.231425940990448,1.0,0.33319994807243347
YMR029C,YOR182C,0,-2.3322873,0.23137255012989044,1.0,0.33329999446868896
YAR018C,YGL019W,0,-2.3325315,0.23131918907165527,1.0,0.33340001106262207
YDR038C,YFR003C,0,-2.3326406,0.2312658578157425,1.0,0.33350005745887756
YKR086W,YER014C-A,0,-2.3328853,0.2312125414609909,1.0,0.33360007405281067
YAR018C,YNL245C,0,-2.3331366,0.2311592549085617,1.0,0.33370012044906616
YOL017W,YBR155W,0,-2.3353987,0.2311059981584549,1.0,0.33380013704299927
YPL060C-A,YPL050C,0,-2.335617,0.23105275630950928,1.0,0.33390018343925476
YER068W,YJR031C,0,-2.33674,0.23099954426288605,1.0,0.33400020003318787
YGR271C-A,YJL176C,0,-2.3377357,0.230946347117424,1.0,0.33410021662712097
YER119C,YKL206C,0,-2.3389075,0.23089317977428436,1.0,0.33420026302337646
YOR194C,YLL032C,0,-2.3401656,0.2308400422334671,1.0,0.33430027961730957
YNL129W,YKL113C,0,-2.3411894,0.23078693449497223,1.0,0.33440032601356506
YNL166C,YIL172C,0,-2.3412433,0.23073384165763855,1.0,0.33450034260749817
YGL011C,YPR049C,0,-2.3422813,0.23068077862262726,1.0,0.33460038900375366
YDL126C,YCL026C-A,0,-2.3423872,0.23062773048877716,1.0,0.33470040559768677
YOL145C,YCL020W,0,-2.344222,0.23057471215724945,1.0,0.33480045199394226
YER159C-A,YGR159C,0,-2.3443036,0.23052172362804413,1.0,0.33490046858787537
YFL045C,YML045W-A,0,-2.3446956,0.23046875,1.0,0.33500051498413086
YJR105W,YER003C,0,-2.3453305,0.23041580617427826,1.0,0.33510053157806396
YNL035C,YOR187W,0,-2.3466558,0.2303628921508789,1.0,0.33520054817199707
YNL086W,YOL128C,0,-2.3473282,0.23030999302864075,1.0,0.33530059456825256
YDR452W,YDL022W,0,-2.3479023,0.23025712370872498,1.0,0.33540061116218567
YMR098C,YER137C,0,-2.3482645,0.2302042692899704,1.0,0.33550065755844116
YMR301C,YGL077C,0,-2.3488226,0.2301514446735382,1.0,0.33560067415237427
YER044C,YMR184W,0,-2.3490071,0.2300986498594284,1.0,0.33570072054862976
YLR057W,YMR061W,0,-2.3494256,0.2300458699464798,1.0,0.33580073714256287
YDR167W,YNL050C,0,-2.3504157,0.22999311983585358,1.0,0.33590078353881836
YER120W,YMR204C,0,-2.351474,0.22994039952754974,1.0,0.33600080013275146
YML115C,YCR093W,0,-2.3521147,0.2298876941204071,1.0,0.33610081672668457
YNR041C,YLL003W,0,-2.352455,0.22983501851558685,1.0,0.33620086312294006
YLR364W,YKR013W,0,-2.3532429,0.2297823578119278,1.0,0.33630087971687317
YKL126W,YKL028W,0,-2.3536842,0.22972972691059113,1.0,0.33640092611312866
YLR128W,YMR208W,0,-2.354662,0.22967712581157684,1.0,0.33650094270706177
YNL039W,YPL068C,0,-2.3575864,0.22962453961372375,1.0,0.33660098910331726
YDL045C,YOR219C,0,-2.3578358,0.22957198321819305,1.0,0.33670100569725037
YDR424C,YHR116W,0,-2.3584266,0.22951945662498474,1.0,0.33680105209350586
YFR006W,YMR079W,0,-2.3594747,0.22946694493293762,1.0,0.33690106868743896
YCR023C,YAL061W,0,-2.3598962,0.2294144630432129,1.0,0.33700111508369446
YGL175C,YHR070W,0,-2.3604503,0.22936199605464935,1.0,0.33710113167762756
YDL191W,YEL070W,0,-2.3605757,0.2293095588684082,1.0,0.33720114827156067
YLR336C,YDL161W,0,-2.3608885,0.22925713658332825,1.0,0.33730119466781616
YOR098C,YLR433C,0,-2.3612127,0.22920475900173187,1.0,0.33740121126174927
YLR244C,YLR132C,0,-2.3613281,0.2291523814201355,1.0,0.33750125765800476
YGL200C,YIL150C,0,-2.362646,0.2291000485420227,1.0,0.33760127425193787
YLR069C,YPL085W,0,-2.3628414,0.2290477305650711,1.0,0.33770132064819336
YFL052W,YNL241C,0,-2.3630488,0.2289954274892807,1.0,0.33780133724212646
YGR194C,YHL034C,0,-2.3631594,0.22894316911697388,1.0,0.33790138363838196
YPR061C,YPR073C,0,-2.3636348,0.22889091074466705,1.0,0.33800140023231506
YPL078C,YMR130W,0,-2.3644714,0.2288386970758438,1.0,0.33810141682624817
YOR178C,YGR052W,0,-2.3654542,0.22878649830818176,1.0,0.33820146322250366
YGR166W,YER103W,0,-2.365985,0.2287343144416809,1.0,0.33830147981643677
YPL181W,YDR085C,0,-2.3670964,0.22868217527866364,1.0,0.33840152621269226
YOR291W,YDR261W-A,0,-2.3672755,0.22863003611564636,1.0,0.33850154280662537
YJR098C,YLR121C,0,-2.36776,0.22857794165611267,1.0,0.33860158920288086
YEL009C,YKL119C,0,-2.3683965,0.22852586209774017,1.0,0.33870160579681396
YML030W,YDL130W,0,-2.368578,0.22847379744052887,1.0,0.33880165219306946
YFL010W-A,YGL155W,0,-2.368761,0.22842177748680115,1.0,0.33890166878700256
YDL216C,YKR046C,0,-2.3691025,0.22836975753307343,1.0,0.33900171518325806
YNL061W,YPL099C,0,-2.3711858,0.22831778228282928,1.0,0.33910173177719116
YDR210W-A,YDL112W,0,-2.3714097,0.22826582193374634,1.0,0.33920174837112427
YML123C,YBR150C,0,-2.3722405,0.22821387648582458,1.0,0.33930179476737976
YDR034C-C,YOR046C,0,-2.3735845,0.22816196084022522,1.0,0.33940181136131287
YBR258C,YAL023C,0,-2.3739045,0.22811007499694824,1.0,0.33950185775756836
YDR410C,YBR198C,0,-2.3741255,0.22805820405483246,1.0,0.33960187435150146
YKR018C,YHR077C,0,-2.374227,0.22800636291503906,1.0,0.33970192074775696
YIR003W,YOL152W,0,-2.3748026,0.22795455157756805,1.0,0.33980193734169006
YBR093C,YAL035W,0,-2.37527,0.22790275514125824,1.0,0.33990198373794556
YGR118W,YOR288C,0,-2.375283,0.22785097360610962,1.0,0.34000200033187866
YJL042W,YBR293W,0,-2.3755417,0.2277992218732834,1.0,0.34010201692581177
YPL099C,YKL107W,0,-2.37563,0.22774749994277954,1.0,0.34020206332206726
YLR135W,YDR414C,0,-2.375713,0.2276957929134369,1.0,0.34030207991600037
YPL060C-A,YMR184W,0,-2.3761,0.22764411568641663,1.0,0.34040212631225586
YDR064W,YBR175W,0,-2.3772216,0.22759246826171875,1.0,0.34050214290618896
YJL103C,YDR494W,0,-2.37808,0.22754083573818207,1.0,0.34060218930244446
YCR079W,YLR319C,0,-2.3782024,0.22748923301696777,1.0,0.34070220589637756
YLR206W,YOL152W,0,-2.3787594,0.22743764519691467,1.0,0.34080225229263306
YPR137C-B,YKR059W,0,-2.3788314,0.22738608717918396,1.0,0.34090226888656616
YGR028W,YER048W-A,0,-2.378836,0.22733454406261444,1.0,0.34100231528282166
YPL042C,YLR238W,0,-2.3801603,0.2272830307483673,1.0,0.34110233187675476
YMR238W,YKR094C,0,-2.3830795,0.22723153233528137,1.0,0.34120234847068787
YEL053C,YER087W,0,-2.3830945,0.22718006372451782,1.0,0.34130239486694336
YJL194W,YIL035C,0,-2.3839478,0.22712862491607666,1.0,0.34140241146087646
YER137C-A,YDL042C,0,-2.3841126,0.2270772010087967,1.0,0.34150245785713196
YOR378W,YML074C,0,-2.3841944,0.2270258069038391,1.0,0.34160247445106506
YJL090C,YPL257W-A,0,-2.3846562,0.22697442770004272,1.0,0.34170252084732056
YNL061W,YLR286C,0,-2.387001,0.22692307829856873,1.0,0.34180253744125366
YNR072W,YDR322C-A,0,-2.3879395,0.22687174379825592,1.0,0.34190258383750916
YIL093C,YBR234C,0,-2.3904877,0.2268204391002655,1.0,0.34200260043144226
YEL002C,YDR448W,0,-2.391036,0.22676916420459747,1.0,0.34210261702537537
YJL014W,YNL309W,0,-2.3910646,0.22671790421009064,1.0,0.34220266342163086
YLR045C,YGR020C,0,-2.391673,0.2266666740179062,1.0,0.34230268001556396
YBL058W,YGR065C,0,-2.3928452,0.22661545872688293,1.0,0.34240272641181946
YNL311C,YGL017W,0,-2.3928647,0.22656425833702087,1.0,0.34250274300575256
YOR205C,YER087W,0,-2.3932128,0.2265131026506424,1.0,0.34260278940200806
YDR153C,YLR121C,0,-2.393223,0.2264619618654251,1.0,0.34270280599594116
YOR115C,YOR153W,0,-2.393505,0.22641083598136902,1.0,0.34280285239219666
YMR166C,YOR084W,0,-2.3941317,0.22635973989963531,1.0,0.34290286898612976
YLR158C,YBR002C,0,-2.3942833,0.2263086587190628,1.0,0.34300291538238525
YAL005C,YER019W,0,-2.3944492,0.22625760734081268,1.0,0.34310293197631836
YJL071W,YDL133C-A,0,-2.3949146,0.22620658576488495,1.0,0.34320294857025146
YIL097W,YNL335W,0,-2.3957014,0.2261555790901184,1.0,0.34330299496650696
YJR107W,YKL170W,0,-2.396084,0.22610460221767426,1.0,0.34340301156044006
YJR140C,YLL042C,0,-2.3964703,0.2260536402463913,1.0,0.34350305795669556
YNR032W,YER125W,0,-2.3975992,0.22600270807743073,1.0,0.34360307455062866
YFL034C-A,YHR031C,0,-2.3977664,0.22595179080963135,1.0,0.34370312094688416
YFL062W,YGR048W,0,-2.3977985,0.22590090334415436,1.0,0.34380313754081726
YIL044C,YLR394W,0,-2.3983974,0.22585003077983856,1.0,0.34390318393707275
YGL026C,YOR343W-B,0,-2.3986554,0.22579918801784515,1.0,0.34400320053100586
YDR483W,YDR410C,0,-2.3990247,0.22574837505817413,1.0,0.34410321712493896
YDR261C-D,YOL044W,0,-2.3990288,0.2256975769996643,1.0,0.34420326352119446
YKL182W,YHL047C,0,-2.3992445,0.22564679384231567,1.0,0.34430328011512756
YPR024W,YCR047C,0,-2.400557,0.22559604048728943,1.0,0.34440332651138306
YDR146C,YKL165C,0,-2.400786,0.22554531693458557,1.0,0.34450334310531616
YDR003W,YPR160W,0,-2.400804,0.2254946082830429,1.0,0.34460338950157166
YCL019W,YPL266W,0,-2.4012718,0.22544391453266144,1.0,0.34470340609550476
YDR315C,YLL042C,0,-2.4015968,0.22539326548576355,1.0,0.34480345249176025
YOR149C,YIR018W,0,-2.4016414,0.22534261643886566,1.0,0.34490346908569336
YOL108C,YKL010C,0,-2.4017897,0.22529199719429016,1.0,0.34500351548194885
YCR037C,YOR074C,0,-2.40383,0.22524140775203705,1.0,0.34510353207588196
YDR536W,YDR390C,0,-2.404737,0.22519083321094513,1.0,0.34520354866981506
YDR470C,YCL004W,0,-2.405201,0.2251402884721756,1.0,0.34530359506607056
YCR081W,YDL140C,0,-2.4057913,0.22508977353572845,1.0,0.34540361166000366
YDR261C-D,YBR298C,0,-2.406454,0.2250392585992813,1.0,0.34550365805625916
YDR207C,YJL100W,0,-2.4065757,0.22498878836631775,1.0,0.34560367465019226
YIL095W,YNR040W,0,-2.407485,0.22493833303451538,1.0,0.34570372104644775
YPR009W,YDR362C,0,-2.4079535,0.2248878926038742,1.0,0.34580373764038086
YGL187C,YKR014C,0,-2.4081879,0.22483748197555542,1.0,0.34590378403663635
YOR030W,YBL039C,0,-2.4082613,0.22478708624839783,1.0,0.34600380063056946
YPL257W-B,YGR227W,0,-2.4086523,0.22473672032356262,1.0,0.34610381722450256
YIR017C,YNL148C,0,-2.4091887,0.2246863842010498,1.0,0.34620386362075806
YLR307W,YJR010C-A,0,-2.4095945,0.22463606297969818,1.0,0.34630388021469116
YFL002W-A,YLR027C,0,-2.4106603,0.22458575665950775,1.0,0.34640392661094666
YPL088W,YNL128W,0,-2.4117362,0.2245354801416397,1.0,0.34650394320487976
YIL073C,YER061C,0,-2.4124,0.22448523342609406,1.0,0.34660398960113525
YER017C,YIR006C,0,-2.4124446,0.2244350016117096,1.0,0.34670400619506836
YDR481C,YFL002W-B,0,-2.4126263,0.22438478469848633,1.0,0.34680405259132385
YOR290C,YNL119W,0,-2.4131289,0.22433459758758545,1.0,0.34690406918525696
YJR097W,YPL091W,0,-2.4133232,0.22428444027900696,1.0,0.34700411558151245
YKR097W,YGL113W,0,-2.4143608,0.22423429787158966,1.0,0.34710413217544556
YIL050W,YMR200W,0,-2.4150891,0.22418417036533356,1.0,0.34720414876937866
YER170W,YHR069C,0,-2.4152281,0.22413407266139984,1.0,0.34730419516563416
YDR076W,YPR158C-D,0,-2.4154494,0.2240840047597885,1.0,0.34740421175956726
YDR371W,YCR094W,0,-2.4156055,0.22403395175933838,1.0,0.34750425815582275
YPR061C,YML045W-A,0,-2.416346,0.22398392856121063,1.0,0.34760427474975586
YFR001W,YNL217W,0,-2.4176233,0.22393392026424408,1.0,0.34770432114601135
YLR410W-A,YIL034C,0,-2.417718,0.22388392686843872,1.0,0.34780433773994446
YDR205W,YDR210W-B,0,-2.4177508,0.22383396327495575,1.0,0.34790438413619995
YFL031W,YER012W,0,-2.4198985,0.22378402948379517,1.0,0.34800440073013306
YNL044W,YMR204C,0,-2.4212608,0.22373411059379578,1.0,0.34810441732406616
YHR128W,YOR080W,0,-2.4215412,0.22368420660495758,1.0,0.34820446372032166
YER030W,YBR093C,0,-2.4215648,0.22363433241844177,1.0,0.34830448031425476
YNL075W,YKL188C,0,-2.4221292,0.22358448803424835,1.0,0.34840452671051025
YMR043W,YNR046W,0,-2.4222615,0.22353465855121613,1.0,0.34850454330444336
YDR351W,YOR226C,0,-2.4230518,0.2234848439693451,1.0,0.34860458970069885
YJR016C,YHL002W,0,-2.42331,0.22343505918979645,1.0,0.34870460629463196
YJL151C,YOR036W,0,-2.4245439,0.2233853042125702,1.0,0.34880465269088745
YBR200W,YML115C,0,-2.4259038,0.22333556413650513,1.0,0.34890466928482056
YDL236W,YBR261C,0,-2.4259136,0.22328583896160126,1.0,0.34900471568107605
YDL127W,YKL170W,0,-2.426434,0.22323614358901978,1.0,0.34910473227500916
YDR388W,YBR302C,0,-2.4275987,0.22318647801876068,1.0,0.34920474886894226
YOR212W,YPL167C,0,-2.4285116,0.2231368124485016,1.0,0.34930479526519775
YOL031C,YFR042W,0,-2.4298887,0.22308719158172607,1.0,0.34940481185913086
YLR035C-A,YHR081W,0,-2.4299831,0.22303758561611176,1.0,0.34950485825538635
YNR013C,YMR231W,0,-2.4307196,0.22298799455165863,1.0,0.34960487484931946
YHR105W,YPL087W,0,-2.4308884,0.2229384332895279,1.0,0.34970492124557495
YGR200C,YKL157W,0,-2.430922,0.22288888692855835,1.0,0.34980493783950806
YDL195W,YOL147C,0,-2.4318924,0.2228393703699112,1.0,0.34990498423576355
YMR112C,YGR101W,0,-2.4333272,0.22278986871242523,1.0,0.35000500082969666
YMR017W,YLR297W,0,-2.4336557,0.22274039685726166,1.0,0.35010501742362976
YHR101C,YGL046W,0,-2.4341826,0.22269093990325928,1.0,0.35020506381988525
YGR074W,YPR058W,0,-2.4348698,0.22264151275157928,1.0,0.35030508041381836
YJL028W,YKL113C,0,-2.4349108,0.22259210050106049,1.0,0.35040512681007385
YFL013C,YER039C,0,-2.4364657,0.22254271805286407,1.0,0.35050514340400696
YAL034W-A,YDR085C,0,-2.437076,0.22249335050582886,1.0,0.35060518980026245
YJR101W,YJR082C,0,-2.4377265,0.22244399785995483,1.0,0.35070520639419556
YEL009C,YPR052C,0,-2.4383311,0.2223946750164032,1.0,0.35080525279045105
YHR003C,YLR327C,0,-2.438623,0.22234538197517395,1.0,0.35090526938438416
YDR298C,YBR073W,0,-2.4387493,0.2222961038351059,1.0,0.35100531578063965
YLR410W-A,YDL168W,0,-2.4387746,0.22224684059619904,1.0,0.35110533237457275
YOR196C,YMR038C,0,-2.438843,0.22219760715961456,1.0,0.35120534896850586
YHR211W,YMR052W,0,-2.4398024,0.22214838862419128,1.0,0.35130539536476135
YGR191W,YDR261W-A,0,-2.4402761,0.2220991998910904,1.0,0.35140541195869446
YLR186W,YHR042W,0,-2.4408956,0.2220500260591507,1.0,0.35150545835494995
YGR286C,YEL043W,0,-2.4427707,0.2220008820295334,1.0,0.35160547494888306
YKL008C,YLR003C,0,-2.4428318,0.22195175290107727,1.0,0.35170552134513855
YPL163C,YPR158W-A,0,-2.4432673,0.22190265357494354,1.0,0.35180553793907166
YJL213W,YKR035W-A,0,-2.44339,0.221853569149971,1.0,0.35190558433532715
YOR322C,YJR056C,0,-2.4440718,0.22180451452732086,1.0,0.35200560092926025
YBL090W,YGR038W,0,-2.4446137,0.2217554748058319,1.0,0.35210561752319336
YPR125W,YKR010C,0,-2.4452705,0.22170644998550415,1.0,0.35220566391944885
YJL121C,YKL116C,0,-2.446415,0.22165745496749878,1.0,0.35230568051338196
YDL055C,YOR106W,0,-2.4464645,0.2216084897518158,1.0,0.35240572690963745
YGR191W,YER122C,0,-2.446576,0.2215595245361328,1.0,0.35250574350357056
YMR046C,YOR128C,0,-2.4469647,0.2215106040239334,1.0,0.35260578989982605
YDR536W,YLL010C,0,-2.447935,0.2214616984128952,1.0,0.35270580649375916
YOR192C-A,YGR109W-B,0,-2.4485245,0.2214128077030182,1.0,0.35280585289001465
YKL222C,YDR210C-C,0,-2.4490352,0.22136393189430237,1.0,0.35290586948394775
YOR171C,YOR308C,0,-2.4495735,0.22131508588790894,1.0,0.35300591588020325
YDR461W,YOR377W,0,-2.4496653,0.2212662696838379,1.0,0.35310593247413635
YLR300W,YKL027W,0,-2.4504356,0.22121746838092804,1.0,0.35320594906806946
YNL090W,YHR116W,0,-2.450548,0.22116868197917938,1.0,0.35330599546432495
YBL003C,YPR158C-D,0,-2.451202,0.2211199253797531,1.0,0.35340601205825806
YKR038C,YFL031W,0,-2.4513092,0.22107119858264923,1.0,0.35350605845451355
YLR066W,YLR357W,0,-2.4514084,0.22102247178554535,1.0,0.35360607504844666
YNL035C,YGL037C,0,-2.4518714,0.22097378969192505,1.0,0.35370612144470215
YOR228C,YGL095C,0,-2.4524844,0.22092510759830475,1.0,0.35380613803863525
YNL087W,YPR168W,0,-2.4537427,0.22087645530700684,1.0,0.35390618443489075
YIL091C,YDR497C,0,-2.453745,0.2208278328180313,1.0,0.35400620102882385
YDL095W,YNR022C,0,-2.4538822,0.22077922523021698,1.0,0.35410621762275696
YPR122W,YDR219C,0,-2.4548545,0.22073063254356384,1.0,0.35420626401901245
YOR361C,YML034W,0,-2.4556727,0.2206820696592331,1.0,0.35430628061294556
YLR064W,YMR201C,0,-2.455686,0.22063352167606354,1.0,0.35440632700920105
YPL231W,YJR126C,0,-2.4562812,0.22058500349521637,1.0,0.35450634360313416
YIL160C,YGL249W,0,-2.4563074,0.2205365002155304,1.0,0.35460638999938965
YDR017C,YER147C,0,-2.4566648,0.2204880267381668,1.0,0.35470640659332275
YOR209C,YJL124C,0,-2.4568105,0.22043955326080322,1.0,0.35480645298957825
YDR358W,YDR520C,0,-2.457036,0.22039112448692322,1.0,0.35490646958351135
YNL052W,YGL009C,0,-2.4573169,0.2203427106142044,1.0,0.35500651597976685
YIR006C,YKL084W,0,-2.4575615,0.2202943116426468,1.0,0.35510653257369995
YDR034C-C,YBR048W,0,-2.4587336,0.22024594247341156,1.0,0.35520654916763306
YFL053W,YDR519W,0,-2.4587543,0.22019758820533752,1.0,0.35530659556388855
YER114C,YER168C,0,-2.4590943,0.22014924883842468,1.0,0.35540661215782166
YGL145W,YLR308W,0,-2.4592695,0.22010093927383423,1.0,0.35550665855407715
YBR210W,YIR038C,0,-2.4597409,0.22005265951156616,1.0,0.35560667514801025
YIL035C,YGL050W,0,-2.4602046,0.2200043797492981,1.0,0.35570672154426575
YGL180W,YKL140W,0,-2.460741,0.2199561446905136,1.0,0.35580673813819885
YIR003W,YDL097C,0,-2.4608572,0.21990790963172913,1.0,0.35590678453445435
YKR001C,YGR263C,0,-2.4613042,0.21985970437526703,1.0,0.35600680112838745
YOR204W,YGR221C,0,-2.4614477,0.21981152892112732,1.0,0.35610681772232056
YHL008C,YKL193C,0,-2.461802,0.2197633683681488,1.0,0.35620686411857605
YPL148C,YPL128C,0,-2.4619734,0.21971522271633148,1.0,0.35630688071250916
YNL099C,YFL031W,0,-2.462315,0.21966710686683655,1.0,0.35640692710876465
YJL117W,YPL064C,0,-2.463193,0.2196190059185028,1.0,0.35650694370269775
YMR100W,YPL060W,0,-2.464562,0.21957093477249146,1.0,0.35660699009895325
YGR065C,YOR216C,0,-2.4647555,0.2195228785276413,1.0,0.35670700669288635
YLR130C,YKL009W,0,-2.4649782,0.21947483718395233,1.0,0.35680705308914185
YLR099C,YKL146W,0,-2.4649863,0.21942682564258575,1.0,0.35690706968307495
YPR028W,YNR049C,0,-2.4650865,0.21937882900238037,1.0,0.35700711607933044
YCR052W,YGR171C,0,-2.4677033,0.21933086216449738,1.0,0.35710713267326355
YDR365W-B,YPL134C,0,-2.4683404,0.21928291022777557,1.0,0.35720714926719666
YOR355W,YER130C,0,-2.4683754,0.21923497319221497,1.0,0.35730719566345215
YDR261W-B,YJL198W,0,-2.4689445,0.21918706595897675,1.0,0.35740721225738525
YOL052C,YIL132C,0,-2.4695506,0.21913917362689972,1.0,0.35750725865364075
YEL053C,YNR040W,0,-2.4702206,0.21909131109714508,1.0,0.35760727524757385
YOR209C,YDR418W,0,-2.4714174,0.21904346346855164,1.0,0.35770732164382935
YOL068C,YBR237W,0,-2.4718795,0.21899563074111938,1.0,0.35780733823776245
YDR332W,YLL054C,0,-2.4727685,0.21894782781600952,1.0,0.35790738463401794
YKR010C,YNL189W,0,-2.4734225,0.21890003979206085,1.0,0.35800740122795105
YHR085W,YER065C,0,-2.4734974,0.21885228157043457,1.0,0.35810741782188416
YPR026W,YNR036C,0,-2.4747486,0.21880453824996948,1.0,0.35820746421813965
YOL149W,YHR011W,0,-2.4750385,0.2187568098306656,1.0,0.35830748081207275
YJL029C,YGL251C,0,-2.4761446,0.21870911121368408,1.0,0.35840752720832825
YOL007C,YGR218W,0,-2.4764876,0.21866142749786377,1.0,0.35850754380226135
YJL025W,YMR176W,0,-2.477189,0.21861377358436584,1.0,0.35860759019851685
YMR321C,YKR071C,0,-2.477752,0.2185661345720291,1.0,0.35870760679244995
YPL206C,YNL322C,0,-2.4777808,0.21851852536201477,1.0,0.35880765318870544
YLR028C,YDL205C,0,-2.4779458,0.21847091615200043,1.0,0.35890766978263855
YJR143C,YKL015W,0,-2.4779472,0.21842335164546967,1.0,0.35900771617889404
YOL002C,YGR006W,0,-2.4784486,0.2183757871389389,1.0,0.35910773277282715
YOL033W,YOR204W,0,-2.4785264,0.21832825243473053,1.0,0.35920774936676025
YML054C,YPR158C-C,0,-2.4789495,0.21828073263168335,1.0,0.35930779576301575
YOR384W,YHR034C,0,-2.479197,0.21823324263095856,1.0,0.35940781235694885
YNL309W,YOR246C,0,-2.4798942,0.21818576753139496,1.0,0.35950785875320435
YBR244W,YKL061W,0,-2.4799335,0.21813832223415375,1.0,0.35960787534713745
YLR066W,YNL322C,0,-2.4803627,0.21809089183807373,1.0,0.35970792174339294
YBL020W,YGL021W,0,-2.4806104,0.2180434763431549,1.0,0.35980793833732605
YNL122C,YJR129C,0,-2.4810915,0.21799609065055847,1.0,0.35990798473358154
YLR135W,YOL157C,0,-2.4813776,0.21794871985912323,1.0,0.36000800132751465
YPL003W,YDL146W,0,-2.483186,0.21790136396884918,1.0,0.36010801792144775
YPL088W,YPL164C,0,-2.4833682,0.21785403788089752,1.0,0.36020806431770325
YEL059C-A,YCL052C,0,-2.4849987,0.21780672669410706,1.0,0.36030808091163635
YGR220C,YMR289W,0,-2.4851468,0.21775944530963898,1.0,0.36040812730789185
YOL058W,YKR104W,0,-2.4853206,0.2177121788263321,1.0,0.36050814390182495
YDR326C,YLR157C,0,-2.4861917,0.2176649272441864,1.0,0.36060819029808044
YKL205W,YER154W,0,-2.4864876,0.2176177054643631,1.0,0.36070820689201355
YJR036C,YLL001W,0,-2.4866314,0.217570498585701,1.0,0.36080825328826904
YDR341C,YDR210W-B,0,-2.487619,0.21752330660820007,1.0,0.36090826988220215
YNL149C,YEL061C,0,-2.488059,0.21747614443302155,1.0,0.36100831627845764
YOR294W,YOL067C,0,-2.4888597,0.2174290120601654,1.0,0.36110833287239075
YOR038C,YJR127C,0,-2.490035,0.21738187968730927,1.0,0.36120834946632385
YLR449W,YGL001C,0,-2.4908066,0.2173347771167755,1.0,0.36130839586257935
YDL200C,YEL046C,0,-2.491128,0.21728768944740295,1.0,0.36140841245651245
YPR021C,YPL159C,0,-2.4913325,0.21724063158035278,1.0,0.36150845885276794
YLR119W,YBR050C,0,-2.4916167,0.2171935886144638,1.0,0.36160847544670105
YDR392W,YLR165C,0,-2.4926615,0.21714657545089722,1.0,0.36170852184295654
YMR045C,YCR066W,0,-2.492728,0.21709956228733063,1.0,0.36180853843688965
YHR141C,YJR135C,0,-2.4927857,0.21705257892608643,1.0,0.36190858483314514
YJL019W,YDR329C,0,-2.4930172,0.2170056253671646,1.0,0.36200860142707825
YER061C,YNL049C,0,-2.4931378,0.216958686709404,1.0,0.36210861802101135
YAR014C,YKL198C,0,-2.4941897,0.21691176295280457,1.0,0.36220866441726685
YMR017W,YHR206W,0,-2.4946237,0.21686486899852753,1.0,0.36230868101119995
YLR207W,YLR425W,0,-2.4950063,0.21681798994541168,1.0,0.36240872740745544
YPR178W,YIR011C,0,-2.4960308,0.21677112579345703,1.0,0.36250874400138855
YLR362W,YDR408C,0,-2.4963212,0.21672429144382477,1.0,0.36260879039764404
YGL175C,YHR209W,0,-2.4966598,0.2166774719953537,1.0,0.36270880699157715
YHL034C,YPL129W,0,-2.4968352,0.21663066744804382,1.0,0.36280885338783264
YML130C,YLR213C,0,-2.4974236,0.21658389270305634,1.0,0.36290886998176575
YDL077C,YMR088C,0,-2.4979837,0.21653713285923004,1.0,0.36300891637802124
YLR421C,YML012W,0,-2.4980166,0.21649038791656494,1.0,0.36310893297195435
YDR198C,YLL023C,0,-2.4990997,0.21644367277622223,1.0,0.36320894956588745
YGL062W,YGR216C,0,-2.499198,0.2163969725370407,1.0,0.36330899596214294
YHR109W,YDL079C,0,-2.49932,0.21635030210018158,1.0,0.36340901255607605
YEL009C,YPR166C,0,-2.4993987,0.21630364656448364,1.0,0.36350905895233154
YMR061W,YML128C,0,-2.49984,0.2162570059299469,1.0,0.36360907554626465
YHR074W,YLR270W,0,-2.4998434,0.21621039509773254,1.0,0.36370912194252014
YLR404W,YDR118W,0,-2.5004482,0.21616379916667938,1.0,0.36380913853645325
YML008C,YGR075C,0,-2.5010967,0.21611721813678741,1.0,0.36390918493270874
YDR120C,YDR487C,0,-2.5012338,0.21607065200805664,1.0,0.36400920152664185
YPR001W,YHR060W,0,-2.501464,0.21602411568164825,1.0,0.36410921812057495
YPR167C,YLR467W,0,-2.5030499,0.21597760915756226,1.0,0.36420926451683044
YBL099W,YLR309C,0,-2.5032482,0.21593110263347626,1.0,0.36430928111076355
YDL170W,YLR079W,0,-2.5037968,0.21588462591171265,1.0,0.36440932750701904
YDR315C,YMR139W,0,-2.5039442,0.21583817899227142,1.0,0.36450934410095215
YML093W,YHL024W,0,-2.5042877,0.2157917320728302,1.0,0.36460939049720764
YDL060W,YER166W,0,-2.5049717,0.21574531495571136,1.0,0.36470940709114075
YGL170C,YKL013C,0,-2.505416,0.21569892764091492,1.0,0.36480945348739624
YMR273C,YAR071W,0,-2.50603,0.21565255522727966,1.0,0.36490947008132935
YGL181W,YGL003C,0,-2.5065675,0.2156061977148056,1.0,0.36500951647758484
YHL019C,YGL099W,0,-2.5074923,0.21555985510349274,1.0,0.36510953307151794
YDL080C,YGR143W,0,-2.5084062,0.21551354229450226,1.0,0.36520954966545105
YLR270W,YDR163W,0,-2.5087924,0.21546724438667297,1.0,0.36530959606170654
YBR283C,YKR056W,0,-2.5096354,0.21542096138000488,1.0,0.36540961265563965
YMR145C,YPR152C,0,-2.5098171,0.21537470817565918,1.0,0.36550965905189514
YOR192C-A,YNL002C,0,-2.5102253,0.21532846987247467,1.0,0.36560967564582825
YPL273W,YBR126C,0,-2.5102496,0.21528224647045135,1.0,0.36570972204208374
YJR095W,YER008C,0,-2.5105023,0.21523605287075043,1.0,0.36580973863601685
YPL048W,YDR480W,0,-2.5110016,0.2151898741722107,1.0,0.36590978503227234
YDR311W,YHR081W,0,-2.5111625,0.21514371037483215,1.0,0.36600980162620544
YGR177C,YKR062W,0,-2.5119681,0.215097576379776,1.0,0.36610981822013855
YJL091C,YNL093W,0,-2.512592,0.21505145728588104,1.0,0.36620986461639404
YDR363W,YOR351C,0,-2.5131543,0.21500535309314728,1.0,0.36630988121032715
YNR008W,YIL125W,0,-2.5137577,0.2149592787027359,1.0,0.36640992760658264
YHL044W,YGR023W,0,-2.5140095,0.21491321921348572,1.0,0.36650994420051575
YOR337W,YDR156W,0,-2.5140586,0.21486717462539673,1.0,0.36660999059677124
YNR057C,YJR088C,0,-2.5146103,0.21482115983963013,1.0,0.36671000719070435
YGL206C,YPL132W,0,-2.517188,0.21477515995502472,1.0,0.36681005358695984
YGL103W,YOR388C,0,-2.5178227,0.2147291749715805,1.0,0.36691007018089294
YKL085W,YOR167C,0,-2.5183058,0.21468321979045868,1.0,0.36701011657714844
YLR362W,YOL141W,0,-2.5197017,0.21463727951049805,1.0,0.36711013317108154
YGL001C,YMR087W,0,-2.5197046,0.2145913541316986,1.0,0.36721014976501465
YOR047C,YLR305C,0,-2.5199325,0.21454545855522156,1.0,0.36731019616127014
YPR201W,YLR298C,0,-2.5212748,0.2144995778799057,1.0,0.36741021275520325
YPR185W,YOL052C,0,-2.521789,0.21445371210575104,1.0,0.36751025915145874
YKL130C,YBR080C,0,-2.52229,0.21440786123275757,1.0,0.36761027574539185
YER001W,YKR081C,0,-2.5235395,0.2143620401620865,1.0,0.36771032214164734
YLR057W,YOL105C,0,-2.5252957,0.2143162339925766,1.0,0.36781033873558044
YLR105C,YCR028C,0,-2.5277548,0.2142704576253891,1.0,0.36791038513183594
YCR040W,YCL036W,0,-2.5291939,0.2142246961593628,1.0,0.36801040172576904
YAL001C,YDR163W,0,-2.5292401,0.21417894959449768,1.0,0.36811041831970215
YBR127C,YBR296C,0,-2.5298884,0.21413321793079376,1.0,0.36821046471595764
YOR211C,YDR414C,0,-2.530956,0.21408751606941223,1.0,0.36831048130989075
YML081C-A,YGR058W,0,-2.5313163,0.2140418291091919,1.0,0.36841052770614624
YGL136C,YKL206C,0,-2.5320778,0.21399615705013275,1.0,0.36851054430007935
YOR340C,YPL085W,0,-2.5323322,0.213950514793396,1.0,0.36861059069633484
YDR224C,YNR061C,0,-2.5323603,0.21390488743782043,1.0,0.36871060729026794
YPL143W,YGR167W,0,-2.5323825,0.21385927498340607,1.0,0.36881065368652344
YML081C-A,YHL009W-A,0,-2.5325675,0.2138136923313141,1.0,0.36891067028045654
YOR378W,YGR121C,0,-2.5340676,0.2137681096792221,1.0,0.36901071667671204
YBL106C,YPR168W,0,-2.5360012,0.2137225717306137,1.0,0.36911073327064514
YLR320W,YOR269W,0,-2.53621,0.2136770337820053,1.0,0.36921074986457825
YJL065C,YIR005W,0,-2.5362668,0.2136315256357193,1.0,0.36931079626083374
YMR291W,YKL046C,0,-2.537895,0.21358603239059448,1.0,0.36941081285476685
YBR014C,YGR268C,0,-2.537908,0.21354055404663086,1.0,0.36951085925102234
YBL103C,YHR216W,0,-2.5383642,0.21349510550498962,1.0,0.36961087584495544
YDR480W,YIR032C,0,-2.5384388,0.21344967186450958,1.0,0.36971092224121094
YHR010W,YEL047C,0,-2.5399873,0.21340425312519073,1.0,0.36981093883514404
YML019W,YOL019W,0,-2.5413523,0.21335886418819427,1.0,0.36991098523139954
YDR473C,YHR136C,0,-2.5415957,0.213313490152359,1.0,0.37001100182533264
YAR007C,YLR172C,0,-2.5427976,0.21326813101768494,1.0,0.37011101841926575
YLR300W,YGL029W,0,-2.5438437,0.21322278678417206,1.0,0.37021106481552124
YER003C,YCL075W,0,-2.5444102,0.21317747235298157,1.0,0.37031108140945435
YGL244W,YPL031C,0,-2.5447514,0.21313217282295227,1.0,0.37041112780570984
YDL024C,YMR014W,0,-2.5451841,0.21308688819408417,1.0,0.37051114439964294
YER042W,YNL101W,0,-2.5455656,0.21304163336753845,1.0,0.37061119079589844
YML007W,YDR195W,0,-2.5472264,0.21299639344215393,1.0,0.37071120738983154
YJL112W,YJL047C,0,-2.5485985,0.2129511684179306,1.0,0.37081125378608704
YLR390W,YBR052C,0,-2.5490804,0.21290595829486847,1.0,0.37091127038002014
YKL084W,YOL117W,0,-2.5491002,0.21286077797412872,1.0,0.37101131677627563
YMR013C,YPR022C,0,-2.5495038,0.21281561255455017,1.0,0.37111133337020874
YOR162C,YCR054C,0,-2.5497563,0.212770476937294,1.0,0.37121134996414185
YEL002C,YPR035W,0,-2.5500546,0.21272534132003784,1.0,0.37131139636039734
YDR115W,YNR011C,0,-2.5514252,0.21268023550510406,1.0,0.37141141295433044
YOL156W,YDL170W,0,-2.5518427,0.21263514459133148,1.0,0.37151145935058594
YIR008C,YOL090W,0,-2.5527878,0.2125900834798813,1.0,0.37161147594451904
YIL067C,YNL124W,0,-2.553359,0.21254503726959229,1.0,0.37171152234077454
YLR399C,YLR344W,0,-2.5547724,0.21250000596046448,1.0,0.37181153893470764
YHL034C,YLR219W,0,-2.5548787,0.21245498955249786,1.0,0.37191158533096313
YHL009W-A,YHR050W,0,-2.5549297,0.21241000294685364,1.0,0.37201160192489624
YBL018C,YGL026C,0,-2.5549462,0.2123650163412094,1.0,0.37211164832115173
YHR188C,YGR189C,0,-2.556254,0.21232007443904877,1.0,0.37221166491508484
YML027W,YBL042C,0,-2.5562644,0.21227513253688812,1.0,0.37231168150901794
YFR001W,YMR319C,0,-2.5573733,0.21223022043704987,1.0,0.37241172790527344
YMR217W,YLL023C,0,-2.5577097,0.2121853232383728,1.0,0.37251174449920654
YGR277C,YPL144W,0,-2.5578647,0.21214044094085693,1.0,0.37261179089546204
YJL225C,YDR411C,0,-2.560482,0.21209557354450226,1.0,0.37271180748939514
YDR027C,YKL020C,0,-2.560492,0.21205073595046997,1.0,0.37281185388565063
YLR025W,YFL002W-A,0,-2.560564,0.21200591325759888,1.0,0.37291187047958374
YNL131W,YER007W,0,-2.5630324,0.21196112036705017,1.0,0.37301191687583923
YNR072W,YER018C,0,-2.564594,0.21191632747650146,1.0,0.37311193346977234
YJR029W,YIL065C,0,-2.565823,0.21187156438827515,1.0,0.37321195006370544
YKL082C,YJL082W,0,-2.5674238,0.21182681620121002,1.0,0.37331199645996094
YMR026C,YLR038C,0,-2.5686958,0.21178209781646729,1.0,0.37341201305389404
YHR056C,YJL050W,0,-2.5688415,0.21173737943172455,1.0,0.37351205945014954
YGR246C,YKL170W,0,-2.5690541,0.2116926908493042,1.0,0.37361207604408264
YLL001W,YPR158W-A,0,-2.5692344,0.21164803206920624,1.0,0.37371212244033813
YMR289W,YCL075W,0,-2.5694337,0.21160337328910828,1.0,0.37381213903427124
YER162C,YKL212W,0,-2.5711417,0.2115587443113327,1.0,0.37391218543052673
YDL084W,YGL047W,0,-2.5713525,0.21151413023471832,1.0,0.37401220202445984
YOR174W,YJR158W,0,-2.571762,0.21146953105926514,1.0,0.37411224842071533
YNL309W,YIL082W-A,0,-2.5721908,0.21142496168613434,1.0,0.37421226501464844
YER042W,YDR065W,0,-2.5721912,0.21138040721416473,1.0,0.37431228160858154
YML038C,YPL112C,0,-2.573353,0.21133586764335632,1.0,0.37441232800483704
YDR266C,YIR023W,0,-2.5740247,0.2112913429737091,1.0,0.37451234459877014
YHR178W,YGR106C,0,-2.575287,0.21124684810638428,1.0,0.37461239099502563
YPL192C,YGL019W,0,-2.57558,0.21120235323905945,1.0,0.37471240758895874
YOR014W,YHR027C,0,-2.5761456,0.211157888174057,1.0,0.37481245398521423
YDL067C,YOL090W,0,-2.5771718,0.21111345291137695,1.0,0.37491247057914734
YKR010C,YBR039W,0,-2.5774808,0.2110690176486969,1.0,0.37501251697540283
YER042W,YLR394W,0,-2.5776033,0.21102461218833923,1.0,0.37511253356933594
YMR247C,YOR061W,0,-2.577753,0.21098022162914276,1.0,0.37521255016326904
YFL001W,YGR032W,0,-2.5782828,0.21093586087226868,1.0,0.37531259655952454
YDL207W,YKR038C,0,-2.578634,0.2108915001153946,1.0,0.37541261315345764
YER104W,YJL160C,0,-2.578948,0.2108471691608429,1.0,0.37551265954971313
YGR227W,YGL226C-A,0,-2.5796623,0.2108028531074524,1.0,0.37561267614364624
YPL089C,YML037C,0,-2.5801163,0.21075856685638428,1.0,0.37571272253990173
YLR410W-B,YPL081W,0,-2.580457,0.21071428060531616,1.0,0.37581273913383484
YDR496C,YNL218W,0,-2.5810728,0.21067002415657043,1.0,0.37591278553009033
YHR209W,YGL205W,0,-2.5814786,0.2106257826089859,1.0,0.37601280212402344
YPL217C,YLR064W,0,-2.5816808,0.21058157086372375,1.0,0.37611284852027893
YLR425W,YIL080W,0,-2.5822096,0.2105373591184616,1.0,0.37621286511421204
YDR233C,YIL020C,0,-2.582229,0.21049317717552185,1.0,0.37631288170814514
YGL123W,YFL002W-B,0,-2.5822573,0.2104490101337433,1.0,0.37641292810440063
YBR177C,YHR175W,0,-2.5831048,0.2104048728942871,1.0,0.37651294469833374
YLR035C-A,YBL016W,0,-2.583495,0.21036073565483093,1.0,0.37661299109458923
YLR133W,YOL149W,0,-2.5846648,0.21031662821769714,1.0,0.37671300768852234
YPL022W,YPL227C,0,-2.5855312,0.21027253568172455,1.0,0.37681305408477783
YJL103C,YIR003W,0,-2.585919,0.21022845804691315,1.0,0.37691307067871094
YMR013C,YLR327C,0,-2.586937,0.21018441021442413,1.0,0.37701311707496643
YOR270C,YOR168W,0,-2.5878043,0.2101403772830963,1.0,0.37711313366889954
YOR058C,YDR156W,0,-2.5879827,0.2100963592529297,1.0,0.37721315026283264
YHR109W,YGL227W,0,-2.588087,0.21005235612392426,1.0,0.37731319665908813
YER053C,YLR276C,0,-2.5891328,0.21000836789608002,1.0,0.37741321325302124
YNL267W,YKL195W,0,-2.5891638,0.20996440947055817,1.0,0.37751325964927673
YOR122C,YHR030C,0,-2.5892775,0.2099204659461975,1.0,0.37761327624320984
YDR121W,YPL016W,0,-2.590797,0.20987653732299805,1.0,0.37771332263946533
YPR026W,YJL171C,0,-2.5917082,0.20983263850212097,1.0,0.37781333923339844
YOR362C,YNR013C,0,-2.5918212,0.2097887396812439,1.0,0.37791338562965393
YLR213C,YDR011W,0,-2.5920045,0.2097448706626892,1.0,0.37801340222358704
YGR167W,YMR319C,0,-2.592157,0.2097010314464569,1.0,0.37811344861984253
YIL084C,YKL088W,0,-2.5923884,0.2096571922302246,1.0,0.37821346521377563
YKL053C-A,YER172C,0,-2.592503,0.2096133679151535,1.0,0.37831348180770874
YER115C,YOR283W,0,-2.593092,0.20956957340240479,1.0,0.37841352820396423
YGR135W,YKR045C,0,-2.593483,0.20952579379081726,1.0,0.37851354479789734
YOR106W,YMR042W,0,-2.5938537,0.20948204398155212,1.0,0.37861359119415283
YFR013W,YLR304C,0,-2.5940151,0.209438294172287,1.0,0.37871360778808594
YPR125W,YMR190C,0,-2.594316,0.20939457416534424,1.0,0.37881365418434143
YOR343W-A,YOR284W,0,-2.5965476,0.20935086905956268,1.0,0.37891367077827454
YOL151W,YHR042W,0,-2.5977144,0.20930717885494232,1.0,0.37901371717453003
YDR443C,YJR051W,0,-2.5987988,0.20926350355148315,1.0,0.37911373376846313
YER074W,YOR290C,0,-2.6004705,0.20921985805034637,1.0,0.37921375036239624
YGR071C,YDR261W-B,0,-2.601512,0.2091762274503708,1.0,0.37931379675865173
YPL038W,YLR077W,0,-2.602255,0.2091326117515564,1.0,0.37941381335258484
YLR233C,YJR119C,0,-2.602859,0.2090890109539032,1.0,0.37951385974884033
YBR006W,YLR205C,0,-2.6031833,0.2090454399585724,1.0,0.37961387634277344
YPL045W,YOL130W,0,-2.6049716,0.20900186896324158,1.0,0.37971392273902893
YDR489W,YER019W,0,-2.6057374,0.20895832777023315,1.0,0.37981393933296204
YGL178W,YCR054C,0,-2.6061025,0.20891481637954712,1.0,0.37991398572921753
YIL126W,YGL203C,0,-2.6068597,0.20887130498886108,1.0,0.38001400232315063
YDL159W,YGR095C,0,-2.6073794,0.20882780849933624,1.0,0.38011404871940613
YNL219C,YKL100C,0,-2.6087625,0.2087843418121338,1.0,0.38021406531333923
YKL220C,YJR135W-A,0,-2.6087627,0.20874089002609253,1.0,0.38031408190727234
YMR134W,YPR178W,0,-2.609079,0.20869746804237366,1.0,0.38041412830352783
YMR019W,YBR166C,0,-2.6095567,0.20865404605865479,1.0,0.38051414489746094
YKR010C,YDR524C,0,-2.6096022,0.2086106538772583,1.0,0.38061419129371643
YDR027C,YIL040W,0,-2.610863,0.208567276597023,1.0,0.38071420788764954
YOR198C,YDL213C,0,-2.6114578,0.2085239142179489,1.0,0.38081425428390503
YGR258C,YLL040C,0,-2.6116848,0.208480566740036,1.0,0.38091427087783813
YDR123C,YER045C,0,-2.611967,0.2084372341632843,1.0,0.38101431727409363
YIL140W,YOL034W,0,-2.6120596,0.20839393138885498,1.0,0.38111433386802673
YDL212W,YOR214C,0,-2.6122127,0.20835064351558685,1.0,0.38121435046195984
YKL015W,YHR051W,0,-2.612226,0.20830737054347992,1.0,0.38131439685821533
YDL215C,YJR059W,0,-2.6122715,0.20826411247253418,1.0,0.38141441345214844
YJR026W,YKR006C,0,-2.612329,0.20822088420391083,1.0,0.38151445984840393
YHR132C,YLR275W,0,-2.6124017,0.20817767083644867,1.0,0.38161447644233704
YPR138C,YDL122W,0,-2.6126049,0.2081344723701477,1.0,0.38171452283859253
YGR195W,YKL001C,0,-2.612662,0.20809128880500793,1.0,0.38181453943252563
YMR291W,YGL136C,0,-2.6126776,0.20804812014102936,1.0,0.38191458582878113
YDR186C,YCR066W,0,-2.6131165,0.20800498127937317,1.0,0.38201460242271423
YDR488C,YLR251W,0,-2.6134543,0.20796184241771698,1.0,0.3821146488189697
YBL054W,YJR088C,0,-2.614438,0.20791873335838318,1.0,0.38221466541290283
YOR384W,YJR133W,0,-2.6144428,0.20787565410137177,1.0,0.38231468200683594
YIR012W,YOL156W,0,-2.6156793,0.20783257484436035,1.0,0.38241472840309143
YNL321W,YFL062W,0,-2.6159482,0.20778951048851013,1.0,0.38251474499702454
YGL044C,YDL136W,0,-2.6160026,0.2077464759349823,1.0,0.38261479139328003
YOR217W,YDL155W,0,-2.6169524,0.20770345628261566,1.0,0.38271480798721313
YFL002W-A,YER090W,0,-2.6172373,0.20766045153141022,1.0,0.38281485438346863
YOR343W-B,YGR086C,0,-2.6174576,0.20761747658252716,1.0,0.38291487097740173
YPR103W,YAL031C,0,-2.6177764,0.2075745016336441,1.0,0.3830149173736572
YDL058W,YMR047C,0,-2.6178937,0.20753155648708344,1.0,0.38311493396759033
YJR077C,YBL016W,0,-2.617992,0.20748862624168396,1.0,0.38321495056152344
YDR362C,YBL113C,0,-2.61856,0.20744571089744568,1.0,0.38331499695777893
YER114C,YLR035C-A,0,-2.6187315,0.2074028104543686,1.0,0.38341501355171204
YPL204W,YER172C,0,-2.6203918,0.2073599398136139,1.0,0.38351505994796753
YGR077C,YHL019C,0,-2.620492,0.2073170691728592,1.0,0.38361507654190063
YGL175C,YOR144C,0,-2.6217723,0.20727422833442688,1.0,0.38371512293815613
YDL231C,YPL104W,0,-2.6222904,0.20723140239715576,1.0,0.38381513953208923
YOR127W,YOR373W,0,-2.6227026,0.20718859136104584,1.0,0.3839151859283447
YDL179W,YJR029W,0,-2.6230268,0.2071458101272583,1.0,0.38401520252227783
YNL298W,YBR215W,0,-2.6237435,0.20710302889347076,1.0,0.3841152489185333
YBR066C,YGR006W,0,-2.6248512,0.20706027746200562,1.0,0.38421526551246643
YDR488C,YJL112W,0,-2.6251338,0.20701754093170166,1.0,0.38431528210639954
YKL163W,YNL273W,0,-2.6253946,0.2069748193025589,1.0,0.38441532850265503
YER083C,YOR118W,0,-2.6255634,0.20693212747573853,1.0,0.38451534509658813
YDL079C,YNL147W,0,-2.6256917,0.20688943564891815,1.0,0.38461539149284363
YDR436W,YNL128W,0,-2.6259742,0.20684677362442017,1.0,0.38471540808677673
YMR016C,YDL095W,0,-2.6261485,0.20680412650108337,1.0,0.3848154544830322
YER114C,YHR098C,0,-2.628264,0.20676149427890778,1.0,0.38491547107696533
YBL097W,YJL125C,0,-2.628316,0.20671887695789337,1.0,0.3850155174732208
YPL281C,YDR174W,0,-2.628372,0.20667628943920135,1.0,0.38511553406715393
YJL156C,YNR061C,0,-2.6311057,0.20663370192050934,1.0,0.38521555066108704
YLL001W,YPL183W-A,0,-2.6312916,0.2065911442041397,1.0,0.38531559705734253
YOR323C,YML058W,0,-2.6319985,0.20654860138893127,1.0,0.38541561365127563
YMR179W,YDL079C,0,-2.6327477,0.20650607347488403,1.0,0.38551566004753113
YBL093C,YGL180W,0,-2.6345382,0.20646356046199799,1.0,0.38561567664146423
YEL059C-A,YPR028W,0,-2.636796,0.20642107725143433,1.0,0.3857157230377197
YBR001C,YOR008C,0,-2.637082,0.20637859404087067,1.0,0.38581573963165283
YPR158C-C,YJR047C,0,-2.6373725,0.2063361406326294,1.0,0.3859157860279083
YBR280C,YMR026C,0,-2.6378846,0.20629370212554932,1.0,0.38601580262184143
YGR161W-B,YOR270C,0,-2.6384075,0.20625127851963043,1.0,0.3861158490180969
YDR411C,YMR256C,0,-2.6385403,0.20620888471603394,1.0,0.38621586561203003
YEL030W,YGR096W,0,-2.6386147,0.20616649091243744,1.0,0.38631588220596313
YPL180W,YJL091C,0,-2.6387882,0.20612412691116333,1.0,0.38641592860221863
YGL158W,YDR261W-A,0,-2.6392713,0.20608177781105042,1.0,0.38651594519615173
YKL213C,YCL075W,0,-2.6392956,0.2060394436120987,1.0,0.3866159915924072
YDR121W,YDL121C,0,-2.6394815,0.20599712431430817,1.0,0.38671600818634033
YKL181W,YLL005C,0,-2.6404428,0.20595481991767883,1.0,0.3868160545825958
YCR052W,YDR322W,0,-2.6405997,0.2059125453233719,1.0,0.38691607117652893
YPL249C-A,YHR200W,0,-2.6407833,0.20587028563022614,1.0,0.3870161175727844
YOR356W,YMR122W-A,0,-2.6410398,0.20582802593708038,1.0,0.38711613416671753
YIL115C,YIL082W-A,0,-2.6433172,0.20578579604625702,1.0,0.38721615076065063
YGR282C,YOR179C,0,-2.6434453,0.20574359595775604,1.0,0.38731619715690613
YBR217W,YBL006C,0,-2.6438484,0.20570139586925507,1.0,0.38741621375083923
YEL042W,YIL095W,0,-2.6442919,0.20565921068191528,1.0,0.3875162601470947
YDR421W,YGL095C,0,-2.645348,0.2056170552968979,1.0,0.38761627674102783
YJL051W,YHR098C,0,-2.6459641,0.2055749148130417,1.0,0.3877163231372833
YDL104C,YKR057W,0,-2.646595,0.20553278923034668,1.0,0.38781633973121643
YLR135W,YIL080W,0,-2.6483755,0.20549067854881287,1.0,0.3879163861274719
YNL082W,YPL167C,0,-2.6485405,0.20544858276844025,1.0,0.38801640272140503
YMR289W,YBR154C,0,-2.6499612,0.20540651679039001,1.0,0.3881164491176605
YDR144C,YDR487C,0,-2.650952,0.20536445081233978,1.0,0.38821646571159363
YLR084C,YER050C,0,-2.6519117,0.20532241463661194,1.0,0.38831648230552673
YKL167C,YLR350W,0,-2.65219,0.2052803933620453,1.0,0.3884165287017822
YNL241C,YGL050W,0,-2.6525168,0.20523838698863983,1.0,0.38851654529571533
YPL108W,YKL055C,0,-2.6525455,0.20519639551639557,1.0,0.3886165916919708
YNL026W,YDL136W,0,-2.6525512,0.2051544338464737,1.0,0.38871660828590393
YLR145W,YGL206C,0,-2.653215,0.20511247217655182,1.0,0.3888166546821594
YDR247W,YLR216C,0,-2.653645,0.20507054030895233,1.0,0.38891667127609253
YML008C,YLR157C-A,0,-2.6547282,0.20502862334251404,1.0,0.389016717672348
YFR028C,YER019W,0,-2.6551914,0.20498672127723694,1.0,0.38911673426628113
YMR173W,YOR328W,0,-2.6564898,0.20494483411312103,1.0,0.38921675086021423
YMR287C,YJL157C,0,-2.6572332,0.20490296185016632,1.0,0.3893167972564697
YDL028C,YOR332W,0,-2.6578565,0.2048611044883728,1.0,0.38941681385040283
YLR368W,YML052W,0,-2.6578612,0.20481927692890167,1.0,0.3895168602466583
YKR087C,YMR184W,0,-2.658007,0.20477746427059174,1.0,0.38961687684059143
YLR066W,YNL268W,0,-2.6587505,0.204735666513443,1.0,0.3897169232368469
YFR051C,YKL073W,0,-2.6587791,0.20469388365745544,1.0,0.38981693983078003
YBL005W-B,YML077W,0,-2.6593518,0.2046521157026291,1.0,0.3899169862270355
YBR240C,YBR299W,0,-2.6612155,0.20461036264896393,1.0,0.39001700282096863
YNL329C,YJL063C,0,-2.6616545,0.20456862449645996,1.0,0.3901170492172241
YJL074C,YGR087C,0,-2.6623626,0.20452691614627838,1.0,0.3902170658111572
YBR275C,YOR179C,0,-2.662852,0.204485222697258,1.0,0.39031708240509033
YBR072W,YOR377W,0,-2.6629312,0.2044435441493988,1.0,0.3904171288013458
YGR048W,YNL006W,0,-2.663548,0.2044018805027008,1.0,0.39051714539527893
YNL223W,YDR156W,0,-2.6644306,0.204360231757164,1.0,0.3906171917915344
YDR258C,YDR419W,0,-2.6654282,0.2043185979127884,1.0,0.39071720838546753
YIR023W,YCL075W,0,-2.6677594,0.20427697896957397,1.0,0.390817254781723
YJR055W,YOR343W-A,0,-2.667872,0.20423538982868195,1.0,0.39091727137565613
YHR034C,YMR067C,0,-2.6681838,0.2041938155889511,1.0,0.3910173177719116
YER140W,YML030W,0,-2.6687045,0.20415225625038147,1.0,0.3911173343658447
YJL071W,YPR132W,0,-2.6696262,0.20411069691181183,1.0,0.39121735095977783
YGR215W,YLR319C,0,-2.6712313,0.20406918227672577,1.0,0.3913173973560333
YHR105W,YER069W,0,-2.671325,0.2040276676416397,1.0,0.39141741394996643
YBR057C,YJL178C,0,-2.6733348,0.20398616790771484,1.0,0.3915174603462219
YKL183W,YEL077C,0,-2.6761696,0.20394469797611237,1.0,0.39161747694015503
YJL005W,YDL022W,0,-2.6764255,0.2039032280445099,1.0,0.3917175233364105
YKL108W,YLR274W,0,-2.676746,0.2038617879152298,1.0,0.39181753993034363
YDR495C,YDR126W,0,-2.6769896,0.2038203626871109,1.0,0.3919175863265991
YGR118W,YER003C,0,-2.677518,0.2037789523601532,1.0,0.3920176029205322
YDR310C,YGL099W,0,-2.6778636,0.2037375569343567,1.0,0.3921176493167877
YCL034W,YMR266W,0,-2.6800303,0.20369617640972137,1.0,0.3922176659107208
YLR145W,YGR123C,0,-2.6805959,0.20365482568740845,1.0,0.39231768250465393
YDL213C,YER014C-A,0,-2.6808767,0.20361347496509552,1.0,0.3924177289009094
YDR448W,YPR145W,0,-2.6824098,0.20357215404510498,1.0,0.39251774549484253
YKL011C,YOR085W,0,-2.682531,0.20353084802627563,1.0,0.392617791891098
YMR263W,YHR077C,0,-2.6831326,0.20348955690860748,1.0,0.39271780848503113
YMR296C,YNL262W,0,-2.6832435,0.20344828069210052,1.0,0.3928178548812866
YEL042W,YHR032W,0,-2.6845627,0.20340701937675476,1.0,0.3929178714752197
YCR008W,YNR011C,0,-2.685193,0.2033657729625702,1.0,0.3930179178714752
YNL158W,YAL029C,0,-2.6853998,0.203324556350708,1.0,0.3931179344654083
YGL043W,YDR058C,0,-2.6855533,0.20328333973884583,1.0,0.39321795105934143
YJL140W,YOR367W,0,-2.685627,0.20324215292930603,1.0,0.3933179974555969
YFR008W,YDR380W,0,-2.685938,0.20320096611976624,1.0,0.39341801404953003
YMR077C,YLR467W,0,-2.6860294,0.20315980911254883,1.0,0.3935180604457855
YDR496C,YIL168W,0,-2.6863568,0.20311866700649261,1.0,0.39361807703971863
YJR160C,YOL152W,0,-2.6864069,0.2030775398015976,1.0,0.3937181234359741
YDR346C,YHL036W,0,-2.6880195,0.20303644239902496,1.0,0.3938181400299072
YKR098C,YHR171W,0,-2.691419,0.20299534499645233,1.0,0.3939181864261627
YGL155W,YER087W,0,-2.6928415,0.2029542624950409,1.0,0.3940182030200958
YBR097W,YHL002W,0,-2.693492,0.20291320979595184,1.0,0.3941182494163513
YDL059C,YCR012W,0,-2.6940572,0.202872171998024,1.0,0.3942182660102844
YOR382W,YOR284W,0,-2.6942315,0.20283114910125732,1.0,0.39431828260421753
YLR381W,YCL055W,0,-2.69491,0.20279012620449066,1.0,0.394418329000473
YJL053W,YDL170W,0,-2.6954648,0.20274914801120758,1.0,0.39451834559440613
YNR072W,YLR355C,0,-2.6965647,0.2027081698179245,1.0,0.3946183919906616
YDR128W,YMR264W,0,-2.6965938,0.2026672065258026,1.0,0.3947184085845947
YJR015W,YKL193C,0,-2.698184,0.20262625813484192,1.0,0.3948184549808502
YNL086W,YJR135W-A,0,-2.6983695,0.2025853395462036,1.0,0.3949184715747833
YOR162C,YMR223W,0,-2.6984162,0.2025444209575653,1.0,0.3950185179710388
YER120W,YJR060W,0,-2.6997683,0.2025035321712494,1.0,0.3951185345649719
YNL166C,YDR476C,0,-2.7012892,0.20246265828609467,1.0,0.39521855115890503
YCR068W,YER117W,0,-2.7023103,0.20242179930210114,1.0,0.3953185975551605
YMR115W,YML058W-A,0,-2.7027895,0.2023809552192688,1.0,0.39541861414909363
YPR002W,YHR211W,0,-2.7030964,0.20234012603759766,1.0,0.3955186605453491
YBR135W,YPL163C,0,-2.7037282,0.2022993117570877,1.0,0.3956186771392822
YBR092C,YIL088C,0,-2.7044,0.20225852727890015,1.0,0.3957187235355377
YDR086C,YPR127W,0,-2.7046711,0.20221774280071259,1.0,0.3958187401294708
YPL190C,YJR063W,0,-2.7053246,0.20217697322368622,1.0,0.3959187865257263
YER140W,YGL162W,0,-2.705614,0.20213623344898224,1.0,0.3960188031196594
YOR014W,YHL027W,0,-2.7058496,0.20209550857543945,1.0,0.3961188495159149
YFL017W-A,YKL198C,0,-2.7065272,0.20205479860305786,1.0,0.396218866109848
YLR307W,YMR127C,0,-2.7087584,0.20201410353183746,1.0,0.39631888270378113
YDR099W,YML034W,0,-2.7104344,0.20197342336177826,1.0,0.3964189291000366
YJL025W,YGR276C,0,-2.711018,0.20193275809288025,1.0,0.3965189456939697
YNL175C,YBL066C,0,-2.7112718,0.20189210772514343,1.0,0.3966189920902252
YNL044W,YBR299W,0,-2.712258,0.2018514722585678,1.0,0.3967190086841583
YML030W,YHR025W,0,-2.7123673,0.20181086659431458,1.0,0.3968190550804138
YKL065C,YHR115C,0,-2.7127986,0.20177026093006134,1.0,0.3969190716743469
YOR367W,YPL249C-A,0,-2.713127,0.2017296850681305,1.0,0.3970191180706024
YDR315C,YLR069C,0,-2.7135236,0.20168912410736084,1.0,0.3971191346645355
YOR069W,YOL043C,0,-2.7159104,0.20164857804775238,1.0,0.39721915125846863
YBR267W,YCR073C,0,-2.7160673,0.20160804688930511,1.0,0.3973191976547241
YLL001W,YOR211C,0,-2.7171733,0.20156753063201904,1.0,0.3974192142486572
YLR174W,YER056C-A,0,-2.7171755,0.20152702927589417,1.0,0.3975192606449127
YLR342W,YJL030W,0,-2.7174149,0.20148654282093048,1.0,0.3976192772388458
YDR389W,YLR414C,0,-2.7178528,0.201446071267128,1.0,0.3977193236351013
YLR064W,YPL275W,0,-2.7187366,0.2014056295156479,1.0,0.3978193402290344
YCR067C,YPL274W,0,-2.7188253,0.20136518776416779,1.0,0.3979193866252899
YHR083W,YKR101W,0,-2.7205853,0.20132477581501007,1.0,0.398019403219223
YFL047W,YDR182W,0,-2.720684,0.20128436386585236,1.0,0.3981194496154785
YLR081W,YBR192W,0,-2.7208147,0.20124398171901703,1.0,0.3982194662094116
YOL088C,YKL004W,0,-2.7212133,0.2012036144733429,1.0,0.3983194828033447
YMR109W,YKL074C,0,-2.7219152,0.20116326212882996,1.0,0.3984195291996002
YER082C,YLR278C,0,-2.7219846,0.2011229246854782,1.0,0.3985195457935333
YBR183W,YJL033W,0,-2.7236972,0.20108260214328766,1.0,0.3986195921897888
YCL040W,YNL224C,0,-2.725037,0.2010422945022583,1.0,0.3987196087837219
YJL036W,YOR204W,0,-2.7254503,0.20100200176239014,1.0,0.3988196551799774
YHR092C,YMR235C,0,-2.725986,0.20096172392368317,1.0,0.3989196717739105
YPR026W,YOR138C,0,-2.7262428,0.20092147588729858,1.0,0.399019718170166
YNR003C,YMR314W,0,-2.726307,0.200881227850914,1.0,0.3991197347640991
YGL128C,YCL004W,0,-2.726905,0.2008410096168518,1.0,0.3992197513580322
YDR186C,YHR077C,0,-2.7272818,0.2008008062839508,1.0,0.3993197977542877
YER138C,YDL059C,0,-2.7278147,0.2007606029510498,1.0,0.3994198143482208
YHR153C,YDL217C,0,-2.7282271,0.2007204294204712,1.0,0.3995198607444763
YDR031W,YBR247C,0,-2.7296124,0.20068027079105377,1.0,0.3996198773384094
YKL184W,YOR388C,0,-2.7299967,0.20064012706279755,1.0,0.3997199237346649
YLR047C,YLR405W,0,-2.730009,0.20059999823570251,1.0,0.399819940328598
YOR043W,YLR430W,0,-2.7302127,0.20055988430976868,1.0,0.3999199867248535
YCL019W,YKL195W,0,-2.7303712,0.20051978528499603,1.0,0.4000200033187866
YNL298W,YBR079C,0,-2.7322235,0.20047971606254578,1.0,0.4001200497150421
YLR070C,YLR225C,0,-2.7329922,0.20043964684009552,1.0,0.4002200663089752
YGL026C,YPL227C,0,-2.7332523,0.20039960741996765,1.0,0.4003200829029083
YPL274W,YOR303W,0,-2.7349234,0.20035956799983978,1.0,0.4004201292991638
YDL044C,YDR392W,0,-2.735992,0.2003195583820343,1.0,0.4005201458930969
YMR013C,YHR121W,0,-2.7362862,0.20027954876422882,1.0,0.4006201922893524
YBL018C,YPR119W,0,-2.7365794,0.20023956894874573,1.0,0.4007202088832855
YKR038C,YBL105C,0,-2.7366486,0.20019960403442383,1.0,0.400820255279541
YBL064C,YMR211W,0,-2.7369757,0.20015965402126312,1.0,0.4009202718734741
YLR246W,YJR015W,0,-2.737,0.2001197189092636,1.0,0.4010203182697296
YIL023C,YHR188C,0,-2.7388759,0.2000797986984253,1.0,0.4011203348636627
YOR371C,YOR221C,0,-2.739045,0.20003989338874817,1.0,0.4012203514575958
YDL030W,YGR001C,0,-2.7394104,0.20000000298023224,1.0,0.4013203978538513
YNL325C,YHR215W,0,-2.740191,0.1999601274728775,1.0,0.4014204144477844
YMR119W,YBR044C,0,-2.7412534,0.19992026686668396,1.0,0.4015204608440399
YNR008W,YIL027C,0,-2.7414565,0.1998804360628128,1.0,0.401620477437973
YOR354C,YGL089C,0,-2.7418973,0.19984060525894165,1.0,0.4017205238342285
YIL157C,YML128C,0,-2.742416,0.19980080425739288,1.0,0.4018205404281616
YLR095C,YOR315W,0,-2.7430365,0.19976100325584412,1.0,0.4019205868244171
YNR008W,YDR218C,0,-2.7431564,0.19972123205661774,1.0,0.4020206034183502
YDR261W-B,YMR316W,0,-2.743402,0.19968146085739136,1.0,0.4021206498146057
YER044C,YEL026W,0,-2.7435303,0.19964171946048737,1.0,0.4022206664085388
YFR008W,YJL056C,0,-2.743674,0.19960199296474457,1.0,0.4023206830024719
YGR156W,YJL165C,0,-2.744208,0.19956228137016296,1.0,0.4024207293987274
YDR027C,YIL047C,0,-2.7445855,0.19952258467674255,1.0,0.4025207459926605
YBR070C,YGR222W,0,-2.7451468,0.19948290288448334,1.0,0.402620792388916
YKR061W,YGR282C,0,-2.7452505,0.19944323599338531,1.0,0.4027208089828491
YDR389W,YBR044C,0,-2.7453907,0.1994035840034485,1.0,0.4028208553791046
YHL022C,YDR473C,0,-2.7463484,0.19936394691467285,1.0,0.4029208719730377
YJR113C,YBR302C,0,-2.746807,0.1993243247270584,1.0,0.4030209183692932
YJR015W,YGL084C,0,-2.7474968,0.19928471744060516,1.0,0.4031209349632263
YGL147C,YLR095C,0,-2.7490888,0.1992451399564743,1.0,0.4032209515571594
YNL012W,YIL080W,0,-2.7498322,0.19920556247234344,1.0,0.4033209979534149
YPL045W,YPL164C,0,-2.7498426,0.19916599988937378,1.0,0.403421014547348
YHR016C,YML087C,0,-2.7498946,0.1991264671087265,1.0,0.4035210609436035
YDR155C,YOL041C,0,-2.749896,0.19908693432807922,1.0,0.4036210775375366
YLL039C,YDR481C,0,-2.7515254,0.19904743134975433,1.0,0.4037211239337921
YBR040W,YER183C,0,-2.7530406,0.19900794327259064,1.0,0.4038211405277252
YDR251W,YLR308W,0,-2.7532773,0.19896845519542694,1.0,0.4039211869239807
YER151C,YOL002C,0,-2.7536006,0.19892899692058563,1.0,0.4040212035179138
YDL138W,YDR363W-A,0,-2.754529,0.19888955354690552,1.0,0.4041212499141693
YFR009W,YMR244C-A,0,-2.7550082,0.1988501250743866,1.0,0.4042212665081024
YDR224C,YDR240C,0,-2.7564707,0.19881069660186768,1.0,0.4043212831020355
YAR031W,YGL213C,0,-2.7569382,0.19877129793167114,1.0,0.404421329498291
YAL016W,YHR134W,0,-2.7574337,0.1987319141626358,1.0,0.4045213460922241
YHR043C,YBL002W,0,-2.7574391,0.19869254529476166,1.0,0.4046213924884796
YNL086W,YER019W,0,-2.7577417,0.1986531913280487,1.0,0.4047214090824127
YNR060W,YHR060W,0,-2.7578259,0.19861386716365814,1.0,0.4048214554786682
YPR094W,YDL144C,0,-2.7578845,0.19857454299926758,1.0,0.4049214720726013
YGL244W,YGL148W,0,-2.7579765,0.1985352337360382,1.0,0.4050215184688568
YMR251W-A,YPR111W,0,-2.7582562,0.19849593937397003,1.0,0.4051215350627899
YKL101W,YPL027W,0,-2.7583742,0.19845667481422424,1.0,0.405221551656723
YHR074W,YPL255W,0,-2.7593303,0.19841741025447845,1.0,0.4053215980529785
YOR198C,YBR096W,0,-2.7597947,0.19837816059589386,1.0,0.4054216146469116
YMR080C,YDL065C,0,-2.7607782,0.19833894073963165,1.0,0.4055216610431671
YML037C,YIL088C,0,-2.7615154,0.19829972088336945,1.0,0.4056216776371002
YJL071W,YOL056W,0,-2.7621207,0.19826053082942963,1.0,0.4057217240333557
YFL016C,YJR135W-A,0,-2.7625108,0.1982213407754898,1.0,0.4058217406272888
YOL054W,YMR182C,0,-2.7627146,0.19818218052387238,1.0,0.4059217870235443
YFR045W,YLR285W,0,-2.7631512,0.19814302027225494,1.0,0.4060218036174774
YJL034W,YGL050W,0,-2.765048,0.1981038898229599,1.0,0.4061218500137329
YDR140W,YER088C,0,-2.7661352,0.19806477427482605,1.0,0.406221866607666
YDL229W,YJL153C,0,-2.7680128,0.1980256736278534,1.0,0.4063218832015991
YDR261W-A,YBR291C,0,-2.7692575,0.19798657298088074,1.0,0.4064219295978546
YOL137W,YNL058C,0,-2.7699387,0.19794750213623047,1.0,0.4065219461917877
YDL130W,YBR081C,0,-2.770135,0.1979084461927414,1.0,0.4066219925880432
YLR219W,YJR004C,0,-2.77059,0.1978694051504135,1.0,0.4067220091819763
YLR028C,YHR084W,0,-2.7706892,0.19783037900924683,1.0,0.4068220555782318
YEL077C,YCR073C,0,-2.7708008,0.19779136776924133,1.0,0.4069220721721649
YDR405W,YPL020C,0,-2.7718742,0.19775237143039703,1.0,0.4070221185684204
YGR288W,YDR318W,0,-2.7718854,0.19771338999271393,1.0,0.4071221351623535
YGR188C,YPL079W,0,-2.7728934,0.19767442345619202,1.0,0.4072221517562866
YPR201W,YCL050C,0,-2.7734957,0.1976354718208313,1.0,0.4073221981525421
YLR095C,YHR039C,0,-2.7742755,0.19759653508663177,1.0,0.4074222147464752
YLR359W,YBL052C,0,-2.7744052,0.19755761325359344,1.0,0.4075222611427307
YGR278W,YFL014W,0,-2.774655,0.1975187063217163,1.0,0.4076222777366638
YDL239C,YDL007W,0,-2.7769847,0.19747981429100037,1.0,0.4077223241329193
YIL020C,YIL170W,0,-2.7775414,0.1974409520626068,1.0,0.4078223407268524
YGR271W,YGR221C,0,-2.7778163,0.19740208983421326,1.0,0.4079223871231079
YPR151C,YGR072W,0,-2.778085,0.1973632425069809,1.0,0.408022403717041
YPR201W,YHR129C,0,-2.7780867,0.19732441008090973,1.0,0.4081224501132965
YBR294W,YER020W,0,-2.7789423,0.19728560745716095,1.0,0.4082224667072296
YJL044C,YIL017C,0,-2.7789588,0.19724680483341217,1.0,0.4083224833011627
YKL165C,YPL163C,0,-2.7790608,0.19720801711082458,1.0,0.4084225296974182
YNL282W,YKR103W,0,-2.7807255,0.1971692591905594,1.0,0.4085225462913513
YPR020W,YJR135W-A,0,-2.7808783,0.1971305012702942,1.0,0.4086225926876068
YCL047C,YGR048W,0,-2.7808862,0.19709177315235138,1.0,0.4087226092815399
YIL084C,YMR160W,0,-2.782394,0.19705304503440857,1.0,0.4088226556777954
YMR180C,YDL042C,0,-2.7835395,0.19701433181762695,1.0,0.4089226722717285
YDR130C,YGL191W,0,-2.7840438,0.19697564840316772,1.0,0.409022718667984
YLL038C,YDR072C,0,-2.7841237,0.1969369649887085,1.0,0.4091227352619171
YDR507C,YML131W,0,-2.7843707,0.19689831137657166,1.0,0.4092227816581726
YDR258C,YBL041W,0,-2.784401,0.196859672665596,1.0,0.4093227982521057
YDR523C,YDR071C,0,-2.7844052,0.19682103395462036,1.0,0.4094228148460388
YDR210W-A,YPL048W,0,-2.784472,0.1967824250459671,1.0,0.4095228612422943
YDL120W,YMR186W,0,-2.7845964,0.19674381613731384,1.0,0.4096228778362274
YKL004W,YGL170C,0,-2.7850478,0.19670523703098297,1.0,0.4097229242324829
YHR166C,YDR429C,0,-2.7855933,0.1966666728258133,1.0,0.409822940826416
YOR323C,YLR203C,0,-2.786189,0.19662810862064362,1.0,0.4099229872226715
YPR112C,YML062C,0,-2.7862973,0.19658957421779633,1.0,0.4100230038166046
YLR206W,YDR058C,0,-2.7875795,0.19655105471611023,1.0,0.4101230502128601
YIL050W,YHL009W-A,0,-2.7882674,0.19651253521442413,1.0,0.4102230668067932
YKL065C,YGR258C,0,-2.7883558,0.19647404551506042,1.0,0.4103230834007263
YDR240C,YPR158C-D,0,-2.7890432,0.1964355707168579,1.0,0.4104231297969818
YGL033W,YDR238C,0,-2.7893975,0.1963970959186554,1.0,0.4105231463909149
YJR028W,YOR057W,0,-2.7899156,0.19635865092277527,1.0,0.4106231927871704
YDR523C,YDR118W,0,-2.7906795,0.19632022082805634,1.0,0.4107232093811035
YHR143W,YJR051W,0,-2.792019,0.1962818056344986,1.0,0.410823255777359
YOR361C,YDL194W,0,-2.7943592,0.19624339044094086,1.0,0.4109232723712921
YPL180W,YMR269W,0,-2.7950895,0.1962050050497055,1.0,0.4110233187675476
YGL032C,YGR132C,0,-2.7961044,0.19616663455963135,1.0,0.4111233353614807
YMR293C,YNL258C,0,-2.7961798,0.19612827897071838,1.0,0.4112233817577362
YGR215W,YOR175C,0,-2.7966895,0.1960899382829666,1.0,0.4113233983516693
YCL074W,YLR207W,0,-2.7973433,0.19605159759521484,1.0,0.4114234149456024
YNL035C,YLR357W,0,-2.7973847,0.19601328670978546,1.0,0.4115234613418579
YHL027W,YDL155W,0,-2.798139,0.19597499072551727,1.0,0.411623477935791
YOR089C,YMR039C,0,-2.7984853,0.19593670964241028,1.0,0.4117235243320465
YMR217W,YER101C,0,-2.7987132,0.19589844346046448,1.0,0.4118235409259796
YGL203C,YJR075W,0,-2.7997344,0.19586017727851868,1.0,0.4119235873222351
YER050C,YGR112W,0,-2.799872,0.19582194089889526,1.0,0.4120236039161682
YFL033C,YCL027W,0,-2.7999935,0.19578371942043304,1.0,0.4121236503124237
YER111C,YLR071C,0,-2.8002665,0.19574551284313202,1.0,0.4122236669063568
YDR208W,YNL052W,0,-2.80048,0.1957073211669922,1.0,0.4123236835002899
YOR069W,YHR021C,0,-2.800489,0.19566914439201355,1.0,0.4124237298965454
YDR371W,YCR034W,0,-2.8007429,0.1956309676170349,1.0,0.4125237464904785
YDR258C,YGR135W,0,-2.8018422,0.19559282064437866,1.0,0.412623792886734
YLR357W,YBR159W,0,-2.802533,0.1955546885728836,1.0,0.4127238094806671
YKR035W-A,YBR020W,0,-2.8030083,0.19551657140254974,1.0,0.4128238558769226
YEL017C-A,YOL038W,0,-2.8050263,0.19547846913337708,1.0,0.4129238724708557
YBR042C,YMR292W,0,-2.8050408,0.1954403668642044,1.0,0.4130239188671112
YKL074C,YMR171C,0,-2.805233,0.19540229439735413,1.0,0.4131239354610443
YJR155W,YNR075W,0,-2.8058279,0.19536423683166504,1.0,0.4132239818572998
YBR141C,YDR067C,0,-2.806654,0.19532619416713715,1.0,0.4133239984512329
YKL056C,YGR038C-A,0,-2.8079734,0.19528816640377045,1.0,0.413424015045166
YOL054W,YHR209W,0,-2.8084402,0.19525013864040375,1.0,0.4135240614414215
YBL024W,YGR277C,0,-2.808683,0.19521214067935944,1.0,0.4136240780353546
YBR243C,YPL256C,0,-2.8090296,0.19517415761947632,1.0,0.4137241244316101
YMR049C,YCR088W,0,-2.8099911,0.1951361894607544,1.0,0.4138241410255432
YIL049W,YKL092C,0,-2.8124437,0.19509823620319366,1.0,0.4139241874217987
YJL151C,YCL055W,0,-2.8128443,0.19506028294563293,1.0,0.4140242040157318
YNL210W,YLR116W,0,-2.8142962,0.1950223594903946,1.0,0.4141242504119873
YAL014C,YOL108C,0,-2.8151512,0.19498445093631744,1.0,0.4142242670059204
YLR201C,YDR520C,0,-2.815583,0.1949465572834015,1.0,0.4143242835998535
YAL012W,YML048W,0,-2.8156838,0.19490866363048553,1.0,0.414424329996109
YBR152W,YHR047C,0,-2.8165874,0.19487079977989197,1.0,0.4145243465900421
YNL125C,YIL044C,0,-2.8168514,0.1948329508304596,1.0,0.4146243929862976
YDR119W,YLR389C,0,-2.817224,0.19479510188102722,1.0,0.4147244095802307
YML034W,YDR324C,0,-2.8174922,0.19475728273391724,1.0,0.4148244559764862
YHR143W-A,YBR093C,0,-2.8176498,0.19471947848796844,1.0,0.4149244725704193
YLR265C,YDR141C,0,-2.8182874,0.19468167424201965,1.0,0.4150245189666748
YLR222C,YDL047W,0,-2.8194108,0.19464389979839325,1.0,0.4151245355606079
YNL098C,YNL300W,0,-2.8194885,0.19460612535476685,1.0,0.4152245819568634
YKL175W,YDR304C,0,-2.8195205,0.19456838071346283,1.0,0.4153245985507965
YEL040W,YJL065C,0,-2.8202052,0.19453065097332,1.0,0.4154246151447296
YBR068C,YPL206C,0,-2.8203492,0.19449292123317719,1.0,0.4155246615409851
YNL336W,YGR081C,0,-2.8217397,0.19445522129535675,1.0,0.4156246781349182
YGR189C,YMR005W,0,-2.8220565,0.19441752135753632,1.0,0.4157247245311737
YDR206W,YGR287C,0,-2.822464,0.19437985122203827,1.0,0.4158247411251068
YIL090W,YIL132C,0,-2.8238585,0.19434218108654022,1.0,0.4159247875213623
YHR003C,YNL135C,0,-2.8251417,0.19430452585220337,1.0,0.4160248041152954
YKL186C,YML078W,0,-2.8254774,0.1942669004201889,1.0,0.4161248505115509
YDR171W,YPL194W,0,-2.8264673,0.19422927498817444,1.0,0.416224867105484
YOL093W,YLL052C,0,-2.8266983,0.19419167935848236,1.0,0.4163248836994171
YDL161W,YJL190C,0,-2.8276188,0.19415408372879028,1.0,0.4164249300956726
YAL014C,YHR092C,0,-2.8280764,0.1941165030002594,1.0,0.4165249466896057
YGR206W,YLR117C,0,-2.8283567,0.1940789520740509,1.0,0.4166249930858612
YGR013W,YKL168C,0,-2.8285728,0.1940414011478424,1.0,0.4167250096797943
YNL053W,YJR112W,0,-2.8288064,0.1940038651227951,1.0,0.4168250560760498
YBL085W,YNL241C,0,-2.8289213,0.193966343998909,1.0,0.4169250726699829
YGR156W,YJR043C,0,-2.8298843,0.19392885267734528,1.0,0.4170251190662384
YAL032C,YOR224C,0,-2.8302364,0.19389136135578156,1.0,0.4171251356601715
YIL115C,YDR163W,0,-2.8315632,0.19385388493537903,1.0,0.417225182056427
YDL200C,YBR288C,0,-2.8317552,0.1938164234161377,1.0,0.4173251986503601
YAR010C,YNL300W,0,-2.8325243,0.19377897679805756,1.0,0.4174252152442932
YFR032C-A,YBR104W,0,-2.8337255,0.1937415450811386,1.0,0.4175252616405487
YMR005W,YHR129C,0,-2.835499,0.19370412826538086,1.0,0.4176252782344818
YDL080C,YKL042W,0,-2.8358989,0.1936667263507843,1.0,0.4177253246307373
YKL184W,YLR157C,0,-2.8361993,0.19362933933734894,1.0,0.4178253412246704
YNL316C,YDR507C,0,-2.836248,0.19359196722507477,1.0,0.4179253876209259
YGR037C,YJL063C,0,-2.8364513,0.1935546100139618,1.0,0.418025404214859
YDR221W,YMR170C,0,-2.836555,0.19351726770401,1.0,0.4181254506111145
YDL216C,YPR183W,0,-2.8371606,0.19347994029521942,1.0,0.4182254672050476
YCR043C,YIR009W,0,-2.8375506,0.19344262778759003,1.0,0.4183254837989807
YKL088W,YLR071C,0,-2.8377573,0.19340531527996063,1.0,0.4184255301952362
YML045W-A,YEL034W,0,-2.838911,0.19336803257465363,1.0,0.4185255467891693
YIL124W,YFR005C,0,-2.8390746,0.1933307647705078,1.0,0.4186255931854248
YGR238C,YBR022W,0,-2.839227,0.1932935118675232,1.0,0.4187256097793579
YDR153C,YOL056W,0,-2.8399386,0.19325625896453857,1.0,0.4188256561756134
YFL047W,YDR014W,0,-2.8410475,0.19321903586387634,1.0,0.4189256727695465
YNR036C,YDR137W,0,-2.8427505,0.1931818127632141,1.0,0.419025719165802
YER018C,YDR031W,0,-2.8430722,0.19314461946487427,1.0,0.4191257357597351
YHR132C,YCR069W,0,-2.8431125,0.19310742616653442,1.0,0.4192257821559906
YGR143W,YBL084C,0,-2.8434324,0.19307026267051697,1.0,0.4193257987499237
YNL210W,YMR171C,0,-2.8443627,0.1930330991744995,1.0,0.4194258153438568
YDL132W,YER019W,0,-2.8444257,0.19299596548080444,1.0,0.4195258617401123
YGL055W,YCR002C,0,-2.8448792,0.19295883178710938,1.0,0.4196258783340454
YCR012W,YBR187W,0,-2.8457265,0.1929217129945755,1.0,0.4197259247303009
YOL058W,YBR061C,0,-2.8458896,0.19288460910320282,1.0,0.419825941324234
YHR060W,YOL030W,0,-2.8467944,0.19284753501415253,1.0,0.4199259877204895
YDL019C,YPL249C-A,0,-2.8468242,0.19281046092510223,1.0,0.4200260043144226
YER050C,YKL127W,0,-2.847433,0.19277340173721313,1.0,0.4201260507106781
YDR109C,YHR179W,0,-2.8478189,0.19273635745048523,1.0,0.4202260673046112
YJL044C,YIL170W,0,-2.848562,0.19269932806491852,1.0,0.4203260838985443
YJR026W,YIL124W,0,-2.8488278,0.192662313580513,1.0,0.4204261302947998
YLR408C,YFL016C,0,-2.8500605,0.19262531399726868,1.0,0.4205261468887329
YMR184W,YLL054C,0,-2.850683,0.19258832931518555,1.0,0.4206261932849884
YGR012W,YFR003C,0,-2.8515363,0.1925513595342636,1.0,0.4207262098789215
YMR214W,YMR273C,0,-2.8519235,0.19251438975334167,1.0,0.420826256275177
YGR249W,YPL096W,0,-2.8532934,0.19247744977474213,1.0,0.4209262728691101
YOR176W,YHR143W,0,-2.854175,0.19244052469730377,1.0,0.4210263192653656
YPR060C,YGL089C,0,-2.8542652,0.19240359961986542,1.0,0.4211263358592987
YJR090C,YDR473C,0,-2.8543212,0.19236670434474945,1.0,0.4212263822555542
YAL054C,YDL180W,0,-2.856123,0.19232982397079468,1.0,0.4213263988494873
YJL210W,YLR213C,0,-2.8563876,0.1922929435968399,1.0,0.4214264154434204
YOR292C,YOR221C,0,-2.8567035,0.19225609302520752,1.0,0.4215264618396759
YMR127C,YER020W,0,-2.8572373,0.19221924245357513,1.0,0.421626478433609
YGR013W,YMR229C,0,-2.858292,0.19218240678310394,1.0,0.4217265248298645
YBR018C,YDR348C,0,-2.858801,0.19214560091495514,1.0,0.4218265414237976
YOR122C,YJL140W,0,-2.8592553,0.19210879504680634,1.0,0.4219265878200531
YDR043C,YDR072C,0,-2.8607328,0.19207200407981873,1.0,0.4220266044139862
YHR010W,YHR166C,0,-2.8607624,0.1920352280139923,1.0,0.4221266508102417
YPL273W,YLR097C,0,-2.8608382,0.1919984668493271,1.0,0.4222266674041748
YLR467W,YBR009C,0,-2.862064,0.19196172058582306,1.0,0.4223266839981079
YOR228C,YDR369C,0,-2.8620982,0.19192498922348022,1.0,0.4224267303943634
YER045C,YER029C,0,-2.8621187,0.19188827276229858,1.0,0.4225267469882965
YIL139C,YKR056W,0,-2.8622048,0.19185157120227814,1.0,0.422626793384552
YOR283W,YIL021W,0,-2.8622718,0.19181488454341888,1.0,0.4227268099784851
YLR370C,YHR124W,0,-2.8634825,0.19177819788455963,1.0,0.4228268563747406
YLR229C,YGR038W,0,-2.8648763,0.19174154102802277,1.0,0.4229268729686737
YJR040W,YGL183C,0,-2.8656654,0.1917048990726471,1.0,0.4230269193649292
YOL004W,YDR238C,0,-2.8666682,0.19166825711727142,1.0,0.4231269359588623
YOL017W,YGR257C,0,-2.8672276,0.19163164496421814,1.0,0.4232269823551178
YPL003W,YOR295W,0,-2.867768,0.19159503281116486,1.0,0.4233269989490509
YGR191W,YIL041W,0,-2.8691387,0.19155843555927277,1.0,0.423427015542984
YGR177C,YNL148C,0,-2.8713927,0.19152186810970306,1.0,0.4235270619392395
YLR050C,YBR126C,0,-2.8730755,0.19148530066013336,1.0,0.4236270785331726
YMR008C,YDL159W,0,-2.8732715,0.19144874811172485,1.0,0.4237271249294281
YDL017W,YOR201C,0,-2.8734055,0.19141221046447754,1.0,0.4238271415233612
YHR079C-A,YOR216C,0,-2.8745575,0.19137568771839142,1.0,0.4239271879196167
YHR056C,YGL100W,0,-2.8760333,0.1913391798734665,1.0,0.4240272045135498
YOL039W,YDR082W,0,-2.8760989,0.19130268692970276,1.0,0.4241272509098053
YBL089W,YPR020W,0,-2.8761559,0.19126620888710022,1.0,0.4242272675037384
YNL229C,YLR225C,0,-2.8764963,0.19122974574565887,1.0,0.4243272840976715
YFL023W,YNL147W,0,-2.8779154,0.19119329750537872,1.0,0.424427330493927
YNL280C,YGR289C,0,-2.8781705,0.19115684926509857,1.0,0.4245273470878601
YLR353W,YAL020C,0,-2.8791041,0.1911204308271408,1.0,0.4246273934841156
YER148W,YLR289W,0,-2.8791714,0.19108401238918304,1.0,0.4247274100780487
YGR104C,YBL066C,0,-2.8792596,0.19104762375354767,1.0,0.4248274564743042
YER140W,YMR104C,0,-2.8793807,0.1910112351179123,1.0,0.4249274730682373
YGR109W-B,YER073W,0,-2.8803296,0.1909748613834381,1.0,0.4250275194644928
YGR155W,YPR029C,0,-2.8807952,0.19093851745128632,1.0,0.4251275360584259
YPL174C,YKL020C,0,-2.8811443,0.19090217351913452,1.0,0.4252275824546814
YDR036C,YER133W,0,-2.8812828,0.19086584448814392,1.0,0.4253275990486145
YOL102C,YOL152W,0,-2.881721,0.19082953035831451,1.0,0.4254276156425476
YMR119W,YML029W,0,-2.8818154,0.1907932311296463,1.0,0.4255276620388031
YGL084C,YPL174C,0,-2.882539,0.19075694680213928,1.0,0.4256276786327362
YLR078C,YPL258C,0,-2.882588,0.19072066247463226,1.0,0.4257277250289917
YMR088C,YDR369C,0,-2.8840666,0.19068440794944763,1.0,0.4258277416229248
YGR056W,YBR175W,0,-2.8843236,0.1906481683254242,1.0,0.4259277880191803
YLR364W,YOR219C,0,-2.8856463,0.19061192870140076,1.0,0.4260278046131134
YNL275W,YOL165C,0,-2.8859894,0.1905757188796997,1.0,0.4261278510093689
YNR008W,YHR179W,0,-2.8860366,0.19053950905799866,1.0,0.426227867603302
YBR095C,YDL147W,0,-2.8862307,0.19050332903862,1.0,0.4263278841972351
YPR098C,YDL201W,0,-2.8876681,0.19046714901924133,1.0,0.4264279305934906
YBL050W,YNL117W,0,-2.887941,0.19043098390102386,1.0,0.4265279471874237
YLR047C,YPL195W,0,-2.8890996,0.1903948336839676,1.0,0.4266279935836792
YNR045W,YLR398C,0,-2.8895593,0.1903586983680725,1.0,0.4267280101776123
YMR283C,YMR130W,0,-2.890012,0.19032257795333862,1.0,0.4268280565738678
YHR039C-A,YIL134W,0,-2.8900318,0.19028647243976593,1.0,0.4269280731678009
YOL147C,YLL045C,0,-2.8903046,0.19025038182735443,1.0,0.4270281195640564
YBR152W,YOR162C,0,-2.890661,0.19021430611610413,1.0,0.4271281361579895
YLR066W,YOL148C,0,-2.8911343,0.19017823040485382,1.0,0.427228182554245
YKR037C,YJR017C,0,-2.8911438,0.1901421844959259,1.0,0.4273281991481781
YNL086W,YOR008C,0,-2.8918138,0.19010613858699799,1.0,0.4274282157421112
YBR022W,YAL012W,0,-2.892352,0.19007012248039246,1.0,0.4275282621383667
YDR423C,YDL132W,0,-2.8932714,0.19003410637378693,1.0,0.4276282787322998
YCL040W,YOL158C,0,-2.8938775,0.1899981051683426,1.0,0.4277283251285553
YKL126W,YOR299W,0,-2.8944554,0.18996211886405945,1.0,0.4278283417224884
YJL002C,YGR109W-B,0,-2.8949614,0.1899261474609375,1.0,0.4279283881187439
YMR264W,YNL331C,0,-2.8950033,0.18989019095897675,1.0,0.428028404712677
YLR010C,YGR162W,0,-2.8960872,0.18985424935817719,1.0,0.4281284511089325
YNL077W,YDR067C,0,-2.8967156,0.18981832265853882,1.0,0.4282284677028656
YNL218W,YML097C,0,-2.8974137,0.18978239595890045,1.0,0.4283284842967987
YCR067C,YNR031C,0,-2.897551,0.18974649906158447,1.0,0.4284285306930542
YDR424C,YMR113W,0,-2.897642,0.1897106170654297,1.0,0.4285285472869873
YLR410W-B,YNL307C,0,-2.898141,0.1896747350692749,1.0,0.4286285936832428
YPR201W,YIL049W,0,-2.8988745,0.1896388679742813,1.0,0.4287286102771759
YOR233W,YLR010C,0,-2.9004626,0.1896030306816101,1.0,0.4288286566734314
YPL281C,YHR007C,0,-2.9004867,0.1895671933889389,1.0,0.4289286732673645
YOL090W,YFL034C-B,0,-2.9005046,0.1895313709974289,1.0,0.42902871966362
YOL004W,YER146W,0,-2.9012516,0.18949556350708008,1.0,0.4291287362575531
YOR043W,YPR082C,0,-2.902184,0.18945977091789246,1.0,0.4292287826538086
YLR319C,YCR009C,0,-2.9031012,0.18942397832870483,1.0,0.4293287992477417
YJL073W,YDR219C,0,-2.9031835,0.1893882155418396,1.0,0.4294288158416748
YDR293C,YML058W-A,0,-2.9032507,0.18935246765613556,1.0,0.4295288622379303
YAR019C,YPR186C,0,-2.904131,0.18931671977043152,1.0,0.4296288788318634
YPL057C,YNL207W,0,-2.9042652,0.18928100168704987,1.0,0.4297289252281189
YIL094C,YMR162C,0,-2.9045362,0.1892452836036682,1.0,0.429828941822052
YBR141C,YJL151C,0,-2.9060273,0.18920958042144775,1.0,0.4299289882183075
YDR510W,YOR148C,0,-2.9082093,0.1891738921403885,1.0,0.4300290048122406
YGR061C,YNL297C,0,-2.9083705,0.18913821876049042,1.0,0.4301290512084961
YMR293C,YHR172W,0,-2.9093823,0.18910256028175354,1.0,0.4302290678024292
YBR195C,YDR402C,0,-2.9102643,0.18906691670417786,1.0,0.4303290843963623
YFL066C,YHL033C,0,-2.9103012,0.18903128802776337,1.0,0.4304291307926178
YFL054C,YDR498C,0,-2.9125981,0.18899565935134888,1.0,0.4305291473865509
YCR073C,YNL037C,0,-2.913707,0.18896006047725677,1.0,0.4306291937828064
YGR012W,YHR004C,0,-2.9140701,0.18892446160316467,1.0,0.4307292103767395
YGL044C,YCR069W,0,-2.9141045,0.18888889253139496,1.0,0.430829256772995
YBR004C,YDR349C,0,-2.915321,0.18885332345962524,1.0,0.4309292733669281
YOR178C,YJR082C,0,-2.9157834,0.18881776928901672,1.0,0.4310293197631836
YDR331W,YKL003C,0,-2.9160376,0.1887822300195694,1.0,0.4311293363571167
YNL265C,YDL058W,0,-2.9161246,0.18874670565128326,1.0,0.4312293827533722
YNL035C,YGL205W,0,-2.9177866,0.18871119618415833,1.0,0.4313293993473053
YOR070C,YPR081C,0,-2.9183512,0.18867570161819458,1.0,0.4314294159412384
YBR150C,YER099C,0,-2.91841,0.18864020705223083,1.0,0.4315294623374939
YLR157C-B,YOR257W,0,-2.9191718,0.18860474228858948,1.0,0.431629478931427
YDR337W,YFR015C,0,-2.9214802,0.18856927752494812,1.0,0.4317295253276825
YGL181W,YPR113W,0,-2.9215407,0.18853382766246796,1.0,0.4318295419216156
YLR191W,YOL157C,0,-2.923565,0.18849840760231018,1.0,0.4319295883178711
YDR315C,YGL250W,0,-2.9245658,0.1884629875421524,1.0,0.4320296049118042
YBR213W,YIL026C,0,-2.9252145,0.18842758238315582,1.0,0.4321296513080597
YLR262C,YDR444W,0,-2.9253874,0.18839219212532043,1.0,0.4322296679019928
YDR083W,YER174C,0,-2.9257035,0.18835680186748505,1.0,0.4323296844959259
YPR196W,YBL091C-A,0,-2.9265985,0.18832144141197205,1.0,0.4324297308921814
YER114C,YGL206C,0,-2.9267306,0.18828609585762024,1.0,0.4325297474861145
YNL279W,YGR109W-B,0,-2.9269233,0.18825075030326843,1.0,0.43262979388237
YLR050C,YOL092W,0,-2.9272742,0.18821541965007782,1.0,0.4327298104763031
YDL060W,YOR393W,0,-2.927556,0.1881801187992096,1.0,0.4328298568725586
YPL190C,YDL200C,0,-2.9276118,0.18814481794834137,1.0,0.4329298734664917
YEL059C-A,YDR512C,0,-2.9286127,0.18810953199863434,1.0,0.4330299198627472
YHR153C,YDR296W,0,-2.9307036,0.1880742609500885,1.0,0.4331299364566803
YDR279W,YML091C,0,-2.931448,0.18803898990154266,1.0,0.4332299828529358
YIL050W,YLL061W,0,-2.9315753,0.1880037486553192,1.0,0.4333299994468689
YHR164C,YBL068W,0,-2.9327054,0.18796852231025696,1.0,0.433430016040802
YBR164C,YPL112C,0,-2.933484,0.1879332959651947,1.0,0.4335300624370575
YJR067C,YPR183W,0,-2.9338908,0.18789808452129364,1.0,0.4336300790309906
YDR088C,YPR171W,0,-2.9349456,0.18786290287971497,1.0,0.4337301254272461
YCR020W-B,YFR033C,0,-2.9355247,0.1878277212381363,1.0,0.4338301420211792
YKL205W,YKL089W,0,-2.9359884,0.1877925544977188,1.0,0.4339301884174347
YLR300W,YPL236C,0,-2.9363742,0.18775738775730133,1.0,0.4340302050113678
YDL044C,YJR105W,0,-2.9363847,0.18772225081920624,1.0,0.4341302514076233
YBR012W-B,YER030W,0,-2.9372776,0.18768712878227234,1.0,0.4342302680015564
YBR251W,YMR211W,0,-2.938467,0.18765200674533844,1.0,0.4343302845954895
YDL232W,YMR023C,0,-2.9389522,0.18761691451072693,1.0,0.434430330991745
YBR014C,YHR036W,0,-2.9399219,0.18758182227611542,1.0,0.4345303475856781
YJL203W,YDR529C,0,-2.9423265,0.1875467449426651,1.0,0.4346303939819336
YGR258C,YIL080W,0,-2.9424498,0.18751168251037598,1.0,0.4347304105758667
YOR269W,YCR073C,0,-2.9426677,0.18747663497924805,1.0,0.4348304569721222
YGR203W,YGL090W,0,-2.943122,0.1874416023492813,1.0,0.4349304735660553
YJL149W,YNL015W,0,-2.9431283,0.18740656971931458,1.0,0.4350305199623108
YJL106W,YGR279C,0,-2.9441652,0.18737156689167023,1.0,0.4351305365562439
YKL148C,YNL245C,0,-2.94451,0.18733656406402588,1.0,0.4352305829524994
YIL063C,YOR028C,0,-2.9447932,0.18730159103870392,1.0,0.4353305995464325
YDL069C,YLR106C,0,-2.9448137,0.18726661801338196,1.0,0.4354306161403656
YDL146W,YPL033C,0,-2.9459198,0.1872316598892212,1.0,0.4355306625366211
YHR082C,YMR246W,0,-2.9476542,0.18719671666622162,1.0,0.4356306791305542
YLR276C,YGR056W,0,-2.9478064,0.18716178834438324,1.0,0.4357307255268097
YIR005W,YCR069W,0,-2.9478297,0.18712686002254486,1.0,0.4358307421207428
YDR466W,YLR274W,0,-2.948166,0.18709196150302887,1.0,0.4359307885169983
YER133W,YCL061C,0,-2.948987,0.18705706298351288,1.0,0.4360308051109314
YIL031W,YAL009W,0,-2.9497623,0.18702219426631927,1.0,0.4361308515071869
YDL120W,YPL090C,0,-2.9505572,0.18698732554912567,1.0,0.43623086810112
YDR527W,YBR203W,0,-2.9511175,0.18695247173309326,1.0,0.4363308846950531
YBR217W,YDL239C,0,-2.9515152,0.18691763281822205,1.0,0.4364309310913086
YBR044C,YBR096W,0,-2.953031,0.18688280880451202,1.0,0.4365309476852417
YLR100W,YHR094C,0,-2.9538317,0.186847984790802,1.0,0.4366309940814972
YLR438C-A,YMR044W,0,-2.9547663,0.18681319057941437,1.0,0.4367310106754303
YJR076C,YLR024C,0,-2.9548244,0.18677839636802673,1.0,0.4368310570716858
YHR060W,YKR068C,0,-2.9553514,0.1867436170578003,1.0,0.4369310736656189
YBL085W,YGL077C,0,-2.9559133,0.18670886754989624,1.0,0.4370311200618744
YDR020C,YJR051W,0,-2.9566097,0.1866741180419922,1.0,0.4371311366558075
YDR331W,YLR312W-A,0,-2.9574437,0.18663936853408813,1.0,0.437231183052063
YDR263C,YHR184W,0,-2.9577265,0.18660464882850647,1.0,0.4373311996459961
YGR071C,YMR216C,0,-2.9586494,0.186569944024086,1.0,0.4374312162399292
YPL103C,YPR058W,0,-2.9590743,0.18653523921966553,1.0,0.4375312626361847
YPR006C,YEL021W,0,-2.9591622,0.18650056421756744,1.0,0.4376312792301178
YLL011W,YGL044C,0,-2.9597206,0.18646588921546936,1.0,0.4377313256263733
YLR070C,YLR160C,0,-2.9598346,0.18643122911453247,1.0,0.4378313422203064
YCR027C,YMR246W,0,-2.9599247,0.18639658391475677,1.0,0.4379313886165619
YLR222C,YHR082C,0,-2.961269,0.18636195361614227,1.0,0.438031405210495
YLR405W,YBL089W,0,-2.961604,0.18632732331752777,1.0,0.4381314516067505
YHR045W,YCR089W,0,-2.9619794,0.18629272282123566,1.0,0.4382314682006836
YER104W,YCR097W,0,-2.9627876,0.18625812232494354,1.0,0.4383314847946167
YBR221C,YJR070C,0,-2.9655888,0.18622353672981262,1.0,0.4384315311908722
YNL154C,YML051W,0,-2.9659204,0.1861889660358429,1.0,0.4385315477848053
YLL012W,YDR191W,0,-2.9661217,0.18615441024303436,1.0,0.4386315941810608
YDL236W,YBR135W,0,-2.9663033,0.18611986935138702,1.0,0.4387316107749939
YKL109W,YFL041W,0,-2.9669137,0.18608534336090088,1.0,0.4388316571712494
YPR009W,YHR018C,0,-2.967067,0.18605083227157593,1.0,0.4389316737651825
YKL203C,YGR036C,0,-2.9677935,0.18601632118225098,1.0,0.439031720161438
YPL095C,YML052W,0,-2.9679904,0.18598182499408722,1.0,0.4391317367553711
YLR307W,YDR473C,0,-2.9680805,0.18594734370708466,1.0,0.4392317831516266
YHR134W,YFL010W-A,0,-2.969118,0.1859128773212433,1.0,0.4393317997455597
YPL093W,YBL091C-A,0,-2.9692302,0.1858784258365631,1.0,0.4394318163394928
YLR385C,YIL103W,0,-2.96941,0.18584398925304413,1.0,0.4395318627357483
YLR138W,YDR167W,0,-2.969541,0.18580955266952515,1.0,0.4396318793296814
YOR278W,YOL038W,0,-2.969871,0.18577514588832855,1.0,0.4397319257259369
YLR378C,YJL203W,0,-2.9709868,0.18574073910713196,1.0,0.43983194231987
YKR022C,YNL315C,0,-2.9713159,0.18570634722709656,1.0,0.4399319887161255
YKL208W,YKL217W,0,-2.9721339,0.18567197024822235,1.0,0.4400320053100586
YDR456W,YBL084C,0,-2.9727576,0.18563760817050934,1.0,0.4401320517063141
YIR011C,YKL094W,0,-2.9752398,0.18560326099395752,1.0,0.4402320683002472
YFL054C,YOL043C,0,-2.9770389,0.1855689138174057,1.0,0.4403320848941803
YPL187W,YBR231C,0,-2.978191,0.18553459644317627,1.0,0.4404321312904358
YDR492W,YNR031C,0,-2.9793363,0.18550027906894684,1.0,0.4405321478843689
YLR086W,YOL104C,0,-2.980503,0.1854659765958786,1.0,0.4406321942806244
YLR070C,YMR194W,0,-2.9812417,0.18543168902397156,1.0,0.4407322108745575
YNR072W,YPL072W,0,-2.981503,0.1853974163532257,1.0,0.440832257270813
YLR410W-A,YOR123C,0,-2.98202,0.18536314368247986,1.0,0.4409322738647461
YER146W,YOL019W,0,-2.9826026,0.1853289008140564,1.0,0.4410323202610016
YDR472W,YDR342C,0,-2.9828138,0.18529465794563293,1.0,0.4411323368549347
YPL104W,YGL037C,0,-2.98294,0.18526042997837067,1.0,0.4412323832511902
YDL188C,YDR014W,0,-2.9833903,0.1852262169122696,1.0,0.4413323998451233
YPR006C,YGL095C,0,-2.9834223,0.1851920187473297,1.0,0.4414324164390564
YGR180C,YIL040W,0,-2.9835272,0.18515783548355103,1.0,0.4415324628353119
YFR055W,YGR274C,0,-2.9835358,0.18512366712093353,1.0,0.441632479429245
YLR372W,YMR306W,0,-2.9842322,0.18508949875831604,1.0,0.4417325258255005
YLR427W,YGR112W,0,-2.9859715,0.18505534529685974,1.0,0.4418325424194336
YPR032W,YNL087W,0,-2.986932,0.18502120673656464,1.0,0.4419325888156891
YMR301C,YOL026C,0,-2.9873533,0.18498708307743073,1.0,0.4420326054096222
YBR057C,YDR418W,0,-2.9887354,0.184952974319458,1.0,0.4421326518058777
YDR162C,YIL159W,0,-2.988914,0.18491888046264648,1.0,0.4422326683998108
YDL069C,YNL300W,0,-2.9895256,0.18488478660583496,1.0,0.4423326849937439
YML099C,YKR036C,0,-2.9899883,0.18485072255134583,1.0,0.4424327313899994
YLR100W,YOL004W,0,-2.9915612,0.1848166584968567,1.0,0.4425327479839325
YNL325C,YJR047C,0,-2.9919684,0.18478260934352875,1.0,0.442632794380188
YKR044W,YGR070W,0,-2.992121,0.184748575091362,1.0,0.4427328109741211
YJR019C,YHR031C,0,-2.99301,0.18471455574035645,1.0,0.4428328573703766
YKL135C,YMR171C,0,-2.9932647,0.1846805363893509,1.0,0.4429328739643097
YEL069C,YCL027W,0,-2.994007,0.18464653193950653,1.0,0.4430329203605652
YMR165C,YDR324C,0,-2.9968004,0.18461255729198456,1.0,0.4431329369544983
YNL258C,YNR067C,0,-2.9971228,0.18457858264446259,1.0,0.4432329833507538
YLR090W,YML091C,0,-2.9971628,0.1845446228981018,1.0,0.4433329999446869
YPR043W,YBR299W,0,-2.9979844,0.18451066315174103,1.0,0.44343301653862
YPL060W,YOL007C,0,-2.9980912,0.18447673320770264,1.0,0.4435330629348755
YOL031C,YKR038C,0,-2.9980993,0.18444280326366425,1.0,0.4436330795288086
YIL155C,YER073W,0,-3.000764,0.18440890312194824,1.0,0.4437331259250641
YGR271C-A,YLL010C,0,-3.000866,0.18437500298023224,1.0,0.4438331425189972
YDR252W,YEL020C,0,-3.001565,0.18434111773967743,1.0,0.4439331889152527
YDL168W,YLR318W,0,-3.0018613,0.1843072474002838,1.0,0.4440332055091858
YMR049C,YBR227C,0,-3.002102,0.1842733770608902,1.0,0.4441332519054413
YNL192W,YNL093W,0,-3.0027008,0.18423953652381897,1.0,0.4442332684993744
YDR477W,YNL021W,0,-3.0028238,0.18420569598674774,1.0,0.4443332850933075
YGR090W,YOL065C,0,-3.0046864,0.1841718703508377,1.0,0.444433331489563
YDR167W,YJR044C,0,-3.0051079,0.18413805961608887,1.0,0.4445333480834961
YML104C,YLR024C,0,-3.0052567,0.18410426378250122,1.0,0.4446333944797516
YKR035W-A,YNL146W,0,-3.0053744,0.18407046794891357,1.0,0.4447334110736847
YCR098C,YIL090W,0,-3.005807,0.18403670191764832,1.0,0.4448334574699402
YDR383C,YMR238W,0,-3.005963,0.18400293588638306,1.0,0.4449334740638733
YGR271C-A,YIL050W,0,-3.0063891,0.183969184756279,1.0,0.4450335204601288
YOR192C-B,YHR021C,0,-3.0066285,0.18393544852733612,1.0,0.4451335370540619
YBR202W,YPL227C,0,-3.0072026,0.18390172719955444,1.0,0.4452335834503174
YLL052C,YOR377W,0,-3.0075607,0.18386800587177277,1.0,0.4453336000442505
YER161C,YDR302W,0,-3.0102143,0.18383431434631348,1.0,0.4454336166381836
YDR394W,YHL036W,0,-3.010325,0.1838006228208542,1.0,0.4455336630344391
YEL021W,YGR086C,0,-3.0108306,0.1837669461965561,1.0,0.4456336796283722
YJL048C,YDR218C,0,-3.0122287,0.1837332844734192,1.0,0.4457337260246277
YGR249W,YDL127W,0,-3.0123255,0.18369963765144348,1.0,0.4458337426185608
YPL259C,YPR121W,0,-3.0127711,0.18366599082946777,1.0,0.4459337890148163
YNL169C,YBR009C,0,-3.0134501,0.18363237380981445,1.0,0.4460338056087494
YNL259C,YHR167W,0,-3.014102,0.18359875679016113,1.0,0.4461338520050049
YDR214W,YER090W,0,-3.0147367,0.183565154671669,1.0,0.446233868598938
YPL124W,YPL028W,0,-3.0161786,0.18353156745433807,1.0,0.4463339149951935
YNL298W,YIL097W,0,-3.0167036,0.18349798023700714,1.0,0.4464339315891266
YKL222C,YAR035W,0,-3.0173979,0.1834644228219986,1.0,0.4465339481830597
YPL092W,YOR118W,0,-3.0180001,0.18343086540699005,1.0,0.4466339945793152
YKL166C,YMR323W,0,-3.0186248,0.1833973377943039,1.0,0.4467340111732483
YPR135W,YGL112C,0,-3.0191593,0.18336379528045654,1.0,0.4468340575695038
YDR527W,YLR113W,0,-3.0197284,0.18333028256893158,1.0,0.4469340741634369
YBR275C,YCR024C-A,0,-3.0197313,0.1832967847585678,1.0,0.4470341205596924
YIL095W,YBL017C,0,-3.0200653,0.18326328694820404,1.0,0.4471341371536255
YJL103C,YFL034C-A,0,-3.0210505,0.18322981894016266,1.0,0.447234183549881
YIL047C,YPL151C,0,-3.0220277,0.18319635093212128,1.0,0.4473342001438141
YDR073W,YER022W,0,-3.0227277,0.1831628978252411,1.0,0.4474342167377472
YJL008C,YER170W,0,-3.0229492,0.1831294447183609,1.0,0.4475342631340027
YMR042W,YNR011C,0,-3.0230787,0.1830960214138031,1.0,0.4476342797279358
YBL021C,YDR159W,0,-3.0231774,0.1830625981092453,1.0,0.4477343261241913
YDL142C,YHL002W,0,-3.023482,0.1830291897058487,1.0,0.4478343427181244
YMR293C,YAL044C,0,-3.023698,0.18299581110477448,1.0,0.4479343891143799
YNL116W,YGL203C,0,-3.0238104,0.18296241760253906,1.0,0.448034405708313
YJL091C,YFL001W,0,-3.0248961,0.18292905390262604,1.0,0.4481344521045685
YDR408C,YCR012W,0,-3.0255868,0.182895690202713,1.0,0.4482344686985016
YGL023C,YHL047C,0,-3.0256045,0.18286235630512238,1.0,0.4483345150947571
YDR247W,YFR051C,0,-3.0260057,0.18282902240753174,1.0,0.4484345316886902
YKL152C,YLR332W,0,-3.0268989,0.1827957034111023,1.0,0.4485345482826233
YGL044C,YGL113W,0,-3.0269108,0.18276238441467285,1.0,0.4486345946788788
YDL195W,YLR096W,0,-3.0270152,0.1827290952205658,1.0,0.4487346112728119
YJL095W,YIL051C,0,-3.027349,0.18269580602645874,1.0,0.4488346576690674
YMR077C,YOR337W,0,-3.028699,0.18266253173351288,1.0,0.4489346742630005
YOL062C,YMR098C,0,-3.028808,0.1826292723417282,1.0,0.449034720659256
YDR443C,YKR058W,0,-3.0288157,0.18259602785110474,1.0,0.4491347372531891
YNL309W,YOR337W,0,-3.0303636,0.18256279826164246,1.0,0.4492347836494446
YPR191W,YMR097C,0,-3.0308418,0.18252956867218018,1.0,0.4493348002433777
YDL084W,YER011W,0,-3.0315273,0.1824963539838791,1.0,0.4494348168373108
YHR047C,YDR362C,0,-3.0337014,0.1824631690979004,1.0,0.4495348632335663
YDR262W,YPL240C,0,-3.0337796,0.1824299693107605,1.0,0.4496348798274994
YJL029C,YFL039C,0,-3.0338674,0.182396799325943,1.0,0.4497349262237549
YPR144C,YGR038C-B,0,-3.0341008,0.1823636293411255,1.0,0.449834942817688
YIL076W,YBL098W,0,-3.0343647,0.18233048915863037,1.0,0.4499349892139435
YMR061W,YPR094W,0,-3.0345993,0.18229734897613525,1.0,0.4500350058078766
YER068W,YNL326C,0,-3.0346022,0.18226422369480133,1.0,0.4501350522041321
YBR186W,YKR048C,0,-3.034896,0.1822310984134674,1.0,0.4502350687980652
YKL085W,YMR046C,0,-3.036686,0.18219800293445587,1.0,0.4503351151943207
YIL048W,YIR018W,0,-3.037458,0.18216490745544434,1.0,0.4504351317882538
YER086W,YAR002C-A,0,-3.0383117,0.182131826877594,1.0,0.4505351483821869
YMR088C,YLR035C,0,-3.03864,0.18209876120090485,1.0,0.4506351947784424
YHR164C,YMR182C,0,-3.038721,0.1820657104253769,1.0,0.4507352113723755
YMR184W,YMR164C,0,-3.0394049,0.18203267455101013,1.0,0.450835257768631
YHR119W,YDL217C,0,-3.0394301,0.18199963867664337,1.0,0.4509352743625641
YGR041W,YBL046W,0,-3.0400317,0.1819666177034378,1.0,0.4510353207588196
YGR186W,YLR225C,0,-3.0412421,0.18193361163139343,1.0,0.4511353373527527
YDR363W-A,YCR094W,0,-3.0417042,0.18190062046051025,1.0,0.4512353837490082
YKL163W,YOR150W,0,-3.0422606,0.18186762928962708,1.0,0.4513354003429413
YNR004W,YDR085C,0,-3.042634,0.18183466792106628,1.0,0.4514354169368744
YDL246C,YDR312W,0,-3.0438225,0.1818017065525055,1.0,0.4515354633331299
YOR293W,YBL069W,0,-3.0453773,0.1817687600851059,1.0,0.451635479927063
YPR032W,YPR042C,0,-3.045414,0.1817358285188675,1.0,0.4517355263233185
YOL072W,YPL132W,0,-3.0456731,0.1817028969526291,1.0,0.4518355429172516
YLR283W,YLR276C,0,-3.046524,0.18166998028755188,1.0,0.4519355893135071
YOR155C,YDR349C,0,-3.0469651,0.18163709342479706,1.0,0.4520356059074402
YPR103W,YKL164C,0,-3.0483804,0.18160420656204224,1.0,0.4521356523036957
YIR006C,YOR124C,0,-3.0487518,0.18157131969928741,1.0,0.4522356688976288
YHR001W,YBR257W,0,-3.04883,0.18153846263885498,1.0,0.4523357152938843
YKL120W,YHR039C,0,-3.0490417,0.18150560557842255,1.0,0.4524357318878174
YBR257W,YGR035C,0,-3.0499005,0.1814727634191513,1.0,0.4525357484817505
YDR043C,YML080W,0,-3.0501556,0.18143993616104126,1.0,0.452635794878006
YFL009W,YDL022W,0,-3.0501633,0.1814071238040924,1.0,0.4527358114719391
YDR073W,YPL047W,0,-3.050417,0.18137432634830475,1.0,0.4528358578681946
YOR039W,YPL195W,0,-3.0504558,0.1813415288925171,1.0,0.4529358744621277
YBR048W,YOR084W,0,-3.0509758,0.18130874633789062,1.0,0.4530359208583832
YJR045C,YIL080W,0,-3.0513368,0.18127597868442535,1.0,0.4531359374523163
YLL038C,YKR086W,0,-3.052742,0.18124322593212128,1.0,0.4532359838485718
YLR107W,YDR253C,0,-3.052977,0.1812104731798172,1.0,0.4533360004425049
YHR184W,YOL003C,0,-3.0534263,0.1811777502298355,1.0,0.453436017036438
YOR384W,YOR233W,0,-3.0543044,0.18114502727985382,1.0,0.4535360634326935
YER114C,YPL255W,0,-3.055076,0.18111231923103333,1.0,0.4536360800266266
YEL022W,YDR194C,0,-3.0551972,0.18107961118221283,1.0,0.4537361264228821
YDR146C,YMR112C,0,-3.055221,0.18104693293571472,1.0,0.4538361430168152
YPR149W,YDR520C,0,-3.0563235,0.1810142546892166,1.0,0.4539361894130707
YPL045W,YDL083C,0,-3.056619,0.1809815913438797,1.0,0.4540362060070038
YMR127C,YIL168W,0,-3.0572915,0.18094894289970398,1.0,0.4541362524032593
YDR457W,YMR038C,0,-3.057715,0.18091630935668945,1.0,0.4542362689971924
YLR138W,YJR082C,0,-3.0580494,0.18088367581367493,1.0,0.4543363153934479
YLR016C,YKR094C,0,-3.0593426,0.1808510571718216,1.0,0.454436331987381
YOR126C,YGL065C,0,-3.059372,0.18081845343112946,1.0,0.4545363485813141
YHR216W,YPR081C,0,-3.0599113,0.1807858645915985,1.0,0.4546363949775696
YGL039W,YAL025C,0,-3.0608053,0.18075329065322876,1.0,0.4547364115715027
YCR069W,YMR036C,0,-3.0626898,0.180720716714859,1.0,0.4548364579677582
YER161C,YAR002C-A,0,-3.062841,0.18068815767765045,1.0,0.4549364745616913
YBR077C,YCR028C,0,-3.0642576,0.1806556135416031,1.0,0.4550365209579468
YEL042W,YJL178C,0,-3.0653162,0.18062308430671692,1.0,0.4551365375518799
YFL039C,YPL232W,0,-3.0655851,0.18059056997299194,1.0,0.4552365839481354
YGR157W,YOR290C,0,-3.06561,0.18055805563926697,1.0,0.4553366005420685
YDR017C,YLR151C,0,-3.0665226,0.18052555620670319,1.0,0.4554366171360016
YBR172C,YMR104C,0,-3.0667543,0.1804930716753006,1.0,0.4555366635322571
YDR326C,YDR296W,0,-3.0667815,0.1804606020450592,1.0,0.4556366801261902
YJL207C,YLR371W,0,-3.0668654,0.1804281324148178,1.0,0.4557367265224457
YKL107W,YLR318W,0,-3.0671482,0.1803956776857376,1.0,0.4558367431163788
YDR356W,YDL052C,0,-3.0676627,0.1803632378578186,1.0,0.4559367895126343
YJL019W,YKL124W,0,-3.068186,0.1803308129310608,1.0,0.4560368061065674
YNR061C,YOR201C,0,-3.0683715,0.18029840290546417,1.0,0.4561368525028229
YPL139C,YGR198W,0,-3.0685258,0.18026599287986755,1.0,0.456236869096756
YGR200C,YBR201W,0,-3.0687857,0.18023359775543213,1.0,0.4563369154930115
YGR179C,YLR316C,0,-3.070341,0.1802012175321579,1.0,0.4564369320869446
YBR200W,YDR373W,0,-3.0705495,0.18016885221004486,1.0,0.4565369486808777
YAR066W,YMR032W,0,-3.0705938,0.18013648688793182,1.0,0.4566369950771332
YOL156W,YER087C-B,0,-3.0708437,0.18010415136814117,1.0,0.4567370116710663
YPR189W,YJR107W,0,-3.071023,0.18007181584835052,1.0,0.4568370580673218
YBR216C,YLL054C,0,-3.0712295,0.18003949522972107,1.0,0.4569370746612549
YAL001C,YPL064C,0,-3.0723014,0.1800071746110916,1.0,0.4570371210575104
YNR040W,YBR195C,0,-3.0728092,0.17997488379478455,1.0,0.4571371376514435
YDL216C,YMR079W,0,-3.0744143,0.17994259297847748,1.0,0.457237184047699
YER096W,YLR174W,0,-3.0749078,0.1799103170633316,1.0,0.4573372006416321
YOR346W,YPL271W,0,-3.0754952,0.17987805604934692,1.0,0.4574372172355652
YHR166C,YGL059W,0,-3.0757384,0.17984579503536224,1.0,0.4575372636318207
YNL284C-A,YDL061C,0,-3.07636,0.17981354892253876,1.0,0.4576372802257538
YGR271W,YGR251W,0,-3.0767841,0.17978131771087646,1.0,0.4577373266220093
YBL064C,YJL198W,0,-3.0775747,0.17974910140037537,1.0,0.4578373432159424
YKL156W,YPL066W,0,-3.0778604,0.17971689999103546,1.0,0.4579373896121979
YBR127C,YLR348C,0,-3.0779047,0.17968469858169556,1.0,0.458037406206131
YLL039C,YJR010C-A,0,-3.0782127,0.17965251207351685,1.0,0.4581374526023865
YIL027C,YKL003C,0,-3.078659,0.17962034046649933,1.0,0.4582374691963196
YDL232W,YNR013C,0,-3.0797386,0.179588183760643,1.0,0.4583375155925751
YIR039C,YOR269W,0,-3.079961,0.17955602705478668,1.0,0.4584375321865082
YER068W,YLR268W,0,-3.0800667,0.17952390015125275,1.0,0.4585375487804413
YPL242C,YPR094W,0,-3.0807867,0.1794917732477188,1.0,0.4586375951766968
YKL009W,YDL035C,0,-3.0813665,0.17945964634418488,1.0,0.4587376117706299
YML071C,YHR051W,0,-3.0813859,0.17942754924297333,1.0,0.4588376581668854
YPL098C,YLR071C,0,-3.0814812,0.17939545214176178,1.0,0.4589376747608185
YNL073W,YNL304W,0,-3.082552,0.17936336994171143,1.0,0.459037721157074
YKR069W,YOR038C,0,-3.0831647,0.17933130264282227,1.0,0.4591377377510071
YBR289W,YGR109W-B,0,-3.0833905,0.1792992502450943,1.0,0.4592377841472626
YHR168W,YLL008W,0,-3.0836267,0.17926719784736633,1.0,0.4593378007411957
YGR105W,YIR009W,0,-3.0838757,0.17923517525196075,1.0,0.4594378173351288
YDR376W,YNL106C,0,-3.0839183,0.17920313775539398,1.0,0.4595378637313843
YDL107W,YJL065C,0,-3.084456,0.1791711300611496,1.0,0.4596378803253174
YOR197W,YBR203W,0,-3.0845327,0.1791391372680664,1.0,0.4597379267215729
YMR283C,YCL069W,0,-3.0851035,0.17910714447498322,1.0,0.459837943315506
YDR492W,YKL201C,0,-3.0854602,0.17907516658306122,1.0,0.4599379897117615
YPL283C,YDL190C,0,-3.085887,0.17904320359230042,1.0,0.4600380063056946
YKL008C,YNL113W,0,-3.0861769,0.1790112406015396,1.0,0.4601380527019501
YOL102C,YDL008W,0,-3.086423,0.1789793074131012,1.0,0.4602380692958832
YDR196C,YOR327C,0,-3.0869522,0.17894737422466278,1.0,0.46033811569213867
YOR356W,YNL292W,0,-3.0870457,0.17891544103622437,1.0,0.4604381322860718
YMR269W,YPR135W,0,-3.0880885,0.17888353765010834,1.0,0.4605381488800049
YNL213C,YOR168W,0,-3.088274,0.1788516342639923,1.0,0.4606381952762604
YDR457W,YLR020C,0,-3.0883827,0.17881976068019867,1.0,0.4607382118701935
YLR370C,YKL117W,0,-3.0884142,0.17878787219524384,1.0,0.460838258266449
YNR032W,YJR057W,0,-3.0886886,0.1787560135126114,1.0,0.4609382748603821
YHR211W,YGR258C,0,-3.0906549,0.17872416973114014,1.0,0.4610383212566376
YBR123C,YJL097W,0,-3.090673,0.17869232594966888,1.0,0.4611383378505707
YLR040C,YJL214W,0,-3.0922184,0.17866049706935883,1.0,0.46123838424682617
YDR388W,YDR288W,0,-3.0923338,0.17862866818904877,1.0,0.4613384008407593
YGR255C,YER051W,0,-3.092722,0.1785968691110611,1.0,0.4614384174346924
YFR032C-A,YLR216C,0,-3.0936337,0.17856507003307343,1.0,0.4615384638309479
YJL079C,YMR022W,0,-3.0938444,0.17853328585624695,1.0,0.461638480424881
YEL030W,YOR232W,0,-3.094403,0.17850151658058167,1.0,0.4617385268211365
YER106W,YLL061W,0,-3.0949636,0.17846974730491638,1.0,0.4618385434150696
YDR130C,YPL183W-A,0,-3.0950778,0.1784379929304123,1.0,0.4619385898113251
YER078C,YBL097W,0,-3.0951316,0.1784062683582306,1.0,0.4620386064052582
YDL185W,YKL206C,0,-3.0953,0.1783745288848877,1.0,0.46213865280151367
YMR197C,YCL055W,0,-3.0955644,0.1783428192138672,1.0,0.4622386693954468
YPL089C,YBL068W,0,-3.0960488,0.17831110954284668,1.0,0.46233871579170227
YLL001W,YHR036W,0,-3.0961714,0.17827941477298737,1.0,0.4624387323856354
YGL250W,YPL132W,0,-3.0964165,0.17824773490428925,1.0,0.4625387489795685
YDR341C,YKR045C,0,-3.0968232,0.17821606993675232,1.0,0.462638795375824
YER160C,YOL043C,0,-3.0981514,0.1781844049692154,1.0,0.4627388119697571
YBR264C,YNL172W,0,-3.0989387,0.17815275490283966,1.0,0.4628388583660126
YIL083C,YDL210W,0,-3.099296,0.17812111973762512,1.0,0.4629388749599457
YKR068C,YDR018C,0,-3.1007156,0.17808948457241058,1.0,0.46303892135620117
YNL291C,YMR314W,0,-3.1020846,0.17805787920951843,1.0,0.4631389379501343
YPR028W,YGR128C,0,-3.1022828,0.17802627384662628,1.0,0.46323898434638977
YNR012W,YEL029C,0,-3.1027973,0.17799468338489532,1.0,0.4633390009403229
YDL129W,YMR210W,0,-3.1028533,0.17796309292316437,1.0,0.463439017534256
YPR138C,YMR060C,0,-3.1033502,0.1779315173625946,1.0,0.4635390639305115
YPR073C,YGL227W,0,-3.1036034,0.17789997160434723,1.0,0.4636390805244446
YMR005W,YEL069C,0,-3.1037693,0.17786841094493866,1.0,0.4637391269207001
YDR239C,YNL113W,0,-3.1039503,0.17783688008785248,1.0,0.4638391435146332
YNR018W,YGL255W,0,-3.1050854,0.1778053492307663,1.0,0.46393918991088867
YPR073C,YJR135C,0,-3.105886,0.1777738332748413,1.0,0.4640392065048218
YDL104C,YML048W,0,-3.1061573,0.17774233222007751,1.0,0.46413925290107727
YML111W,YOL128C,0,-3.1067634,0.17771084606647491,1.0,0.4642392694950104
YPL147W,YBL098W,0,-3.1079326,0.17767935991287231,1.0,0.46433931589126587
YJL024C,YMR106C,0,-3.108901,0.1776478886604309,1.0,0.464439332485199
YCR083W,YPL240C,0,-3.1096473,0.1776164323091507,1.0,0.4645393490791321
YJL166W,YCR102C,0,-3.1098657,0.17758499085903168,1.0,0.4646393954753876
YPL232W,YDR314C,0,-3.1102858,0.17755354940891266,1.0,0.4647394120693207
YLL039C,YNR013C,0,-3.1113205,0.17752212285995483,1.0,0.46483945846557617
YGR034W,YKR050W,0,-3.1113222,0.1774907112121582,1.0,0.4649394750595093
YIL095W,YLL061W,0,-3.1117475,0.17745929956436157,1.0,0.46503952145576477
YDL127W,YFL018C,0,-3.111941,0.17742791771888733,1.0,0.4651395380496979
YER001W,YJL198W,0,-3.1133685,0.17739653587341309,1.0,0.46523958444595337
YPL246C,YDR067C,0,-3.1139555,0.17736516892910004,1.0,0.4653396010398865
YGR033C,YGR054W,0,-3.113999,0.177333801984787,1.0,0.4654396176338196
YBR073W,YCL059C,0,-3.1141918,0.17730244994163513,1.0,0.4655396640300751
YMR115W,YDR369C,0,-3.1145585,0.17727112770080566,1.0,0.4656396806240082
YHR215W,YPL214C,0,-3.114975,0.177239790558815,1.0,0.46573972702026367
YBR145W,YBL074C,0,-3.1154451,0.17720848321914673,1.0,0.4658397436141968
YBR156C,YBR207W,0,-3.1159296,0.17717717587947845,1.0,0.46593979001045227
YJR010C-A,YKL055C,0,-3.116507,0.17714588344097137,1.0,0.4660398066043854
YLR107W,YGR257C,0,-3.1170752,0.1771146059036255,1.0,0.46613985300064087
YDL147W,YMR087W,0,-3.1176438,0.1770833283662796,1.0,0.466239869594574
YOL026C,YJL072C,0,-3.1186504,0.1770520806312561,1.0,0.46633991599082947
YOR140W,YMR020W,0,-3.1202474,0.1770208328962326,1.0,0.4664399325847626
YKR061W,YML069W,0,-3.1212554,0.1769895851612091,1.0,0.4665399491786957
YDL110C,YFL029C,0,-3.1213114,0.176958367228508,1.0,0.46663999557495117
YBL021C,YHR098C,0,-3.1214447,0.17692714929580688,1.0,0.4667400121688843
YBR290W,YKR050W,0,-3.1227546,0.17689594626426697,1.0,0.46684005856513977
YBR185C,YNL153C,0,-3.1237226,0.17686474323272705,1.0,0.4669400751590729
YFL054C,YLL032C,0,-3.1238377,0.17683357000350952,1.0,0.46704012155532837
YMR312W,YGL210W,0,-3.1253693,0.176802396774292,1.0,0.4671401381492615
YGR239C,YCR023C,0,-3.1261823,0.17677123844623566,1.0,0.46724018454551697
YPR163C,YDR456W,0,-3.127696,0.17674009501934052,1.0,0.4673402011394501
YBL103C,YIR010W,0,-3.1277647,0.17670895159244537,1.0,0.4674402177333832
YBR098W,YBL005W-B,0,-3.1286626,0.17667782306671143,1.0,0.46754026412963867
YDL239C,YBR058C-A,0,-3.128996,0.17664670944213867,1.0,0.4676402807235718
YFL047W,YOR304W,0,-3.1290455,0.17661559581756592,1.0,0.46774032711982727
YHR056C,YPL066W,0,-3.1305928,0.17658451199531555,1.0,0.4678403437137604
YBL028C,YOL066C,0,-3.1319063,0.17655342817306519,1.0,0.46794039011001587
YDR283C,YNL292W,0,-3.1321387,0.17652234435081482,1.0,0.468040406703949
YAL032C,YHR183W,0,-3.1322215,0.17649129033088684,1.0,0.46814045310020447
YPL283C,YDR262W,0,-3.1323524,0.17646023631095886,1.0,0.4682404696941376
YJL154C,YHR104W,0,-3.1336198,0.17642919719219208,1.0,0.46834051609039307
YOL125W,YNL003C,0,-3.1344981,0.1763981729745865,1.0,0.46844053268432617
YDL085W,YHR031C,0,-3.1347804,0.1763671487569809,1.0,0.4685405492782593
YJR140C,YDL205C,0,-3.1357825,0.1763361394405365,1.0,0.46864059567451477
YLR246W,YNL006W,0,-3.1361673,0.1763051450252533,1.0,0.4687406122684479
YNL299W,YGR288W,0,-3.1363275,0.1762741655111313,1.0,0.46884065866470337
YHR077C,YDR141C,0,-3.136343,0.17624318599700928,1.0,0.4689406752586365
YMR083W,YER012W,0,-3.1368897,0.17621222138404846,1.0,0.46904072165489197
YOR159C,YLR138W,0,-3.1373029,0.17618127167224884,1.0,0.4691407382488251
YIL139C,YBR093C,0,-3.1385498,0.1761503368616104,1.0,0.46924078464508057
YIL027C,YMR244C-A,0,-3.138701,0.17611940205097198,1.0,0.46934080123901367
YEL058W,YBR033W,0,-3.1387305,0.17608848214149475,1.0,0.4694408178329468
YJR013W,YBR156C,0,-3.139041,0.1760575771331787,1.0,0.46954086422920227
YLR341W,YKR054C,0,-3.1397524,0.17602667212486267,1.0,0.4696408808231354
YOR098C,YOL082W,0,-3.1404188,0.17599578201770782,1.0,0.46974092721939087
YOR251C,YBR186W,0,-3.141047,0.17596490681171417,1.0,0.469840943813324
YOL080C,YJL034W,0,-3.1415439,0.1759340465068817,1.0,0.46994099020957947
YPL180W,YKR062W,0,-3.1422915,0.17590318620204926,1.0,0.4700410068035126
YOR069W,YIL134W,0,-3.1440127,0.175872340798378,1.0,0.47014105319976807
YHR084W,YJL034W,0,-3.1441984,0.17584151029586792,1.0,0.47024106979370117
YOR174W,YNL327W,0,-3.144275,0.17581069469451904,1.0,0.47034111618995667
YOL123W,YPL110C,0,-3.1443539,0.17577987909317017,1.0,0.47044113278388977
YDR085C,YER153C,0,-3.1451166,0.17574907839298248,1.0,0.4705411493778229
YLR342W,YHR057C,0,-3.145587,0.175718292593956,1.0,0.47064119577407837
YJR031C,YJL204C,0,-3.1460915,0.1756875067949295,1.0,0.4707412123680115
YLR308W,YMR204C,0,-3.1462088,0.1756567358970642,1.0,0.47084125876426697
YNL336W,YCR072C,0,-3.146374,0.1756259799003601,1.0,0.4709412753582001
YML123C,YLR116W,0,-3.1470838,0.1755952388048172,1.0,0.47104132175445557
YDL043C,YDL225W,0,-3.1470983,0.1755644977092743,1.0,0.47114133834838867
YNL099C,YOR039W,0,-3.1485412,0.17553377151489258,1.0,0.47124138474464417
YCR057C,YLR157C-A,0,-3.148606,0.17550306022167206,1.0,0.47134140133857727
YJL024C,YNL297C,0,-3.1487498,0.17547236382961273,1.0,0.4714414179325104
YLR319C,YBR271W,0,-3.1488676,0.1754416674375534,1.0,0.47154146432876587
YGL012W,YOL155C,0,-3.1488795,0.17541098594665527,1.0,0.471641480922699
YGL162W,YHL019C,0,-3.1491618,0.17538030445575714,1.0,0.47174152731895447
YJR053W,YOR382W,0,-3.150223,0.1753496527671814,1.0,0.4718415439128876
YGR285C,YLR095C,0,-3.1511142,0.17531900107860565,1.0,0.47194159030914307
YLR370C,YDR107C,0,-3.1511877,0.1752883642911911,1.0,0.47204160690307617
YHR123W,YJL066C,0,-3.1512702,0.17525772750377655,1.0,0.47214165329933167
YDR311W,YBR240C,0,-3.1516514,0.1752271205186844,1.0,0.47224166989326477
YDR501W,YOR388C,0,-3.151659,0.17519651353359222,1.0,0.47234171628952026
YML015C,YPR061C,0,-3.151671,0.17516590654850006,1.0,0.47244173288345337
YOR244W,YCR079W,0,-3.1520927,0.17513532936573029,1.0,0.4725417494773865
YJL052W,YMR078C,0,-3.154758,0.1751047521829605,1.0,0.47264179587364197
YBL074C,YHR098C,0,-3.1555958,0.17507418990135193,1.0,0.4727418124675751
YPL268W,YDR228C,0,-3.1557813,0.17504362761974335,1.0,0.47284185886383057
YDL111C,YOL064C,0,-3.156684,0.17501308023929596,1.0,0.47294187545776367
YKR003W,YIL132C,0,-3.1570802,0.17498254776000977,1.0,0.47304192185401917
YLL039C,YGR123C,0,-3.1574144,0.17495203018188477,1.0,0.47314193844795227
YBL002W,YMR182C,0,-3.1578436,0.17492152750492096,1.0,0.47324198484420776
YBR072W,YNR047W,0,-3.158111,0.17489102482795715,1.0,0.47334200143814087
YPR192W,YOL133W,0,-3.1582603,0.17486053705215454,1.0,0.473442018032074
YDR307W,YLR047C,0,-3.1586642,0.17483004927635193,1.0,0.47354206442832947
YAR031W,YGR012W,0,-3.1590638,0.1747995764017105,1.0,0.4736420810222626
YOR221C,YLR135W,0,-3.1611018,0.17476911842823029,1.0,0.47374212741851807
YJL099W,YGL009C,0,-3.1615338,0.17473867535591125,1.0,0.47384214401245117
YML010W,YMR034C,0,-3.1616983,0.17470823228359222,1.0,0.47394219040870667
YDR523C,YBR273C,0,-3.1617274,0.17467781901359558,1.0,0.47404220700263977
YFL047W,YGL166W,0,-3.1624424,0.17464739084243774,1.0,0.47414225339889526
YCR088W,YDR251W,0,-3.1624558,0.1746169924736023,1.0,0.47424226999282837
YNR032W,YCR083W,0,-3.1643977,0.17458659410476685,1.0,0.47434231638908386
YKL007W,YMR116C,0,-3.1647763,0.1745562106370926,1.0,0.47444233298301697
YLR064W,YJL219W,0,-3.1653376,0.17452584207057953,1.0,0.4745423495769501
YDL147W,YHR039C,0,-3.166385,0.17449547350406647,1.0,0.47464239597320557
YBL026W,YJR158W,0,-3.1676311,0.1744651198387146,1.0,0.47474241256713867
YER114C,YDR020C,0,-3.1681628,0.17443478107452393,1.0,0.47484245896339417
YBR244W,YKL186C,0,-3.1685786,0.17440445721149445,1.0,0.47494247555732727
YGL002W,YPL050C,0,-3.169058,0.17437413334846497,1.0,0.47504252195358276
YDR489W,YHR167W,0,-3.1690977,0.17434382438659668,1.0,0.47514253854751587
YDR389W,YML115C,0,-3.1691873,0.1743135154247284,1.0,0.47524258494377136
YBR238C,YMR042W,0,-3.1693287,0.1742832362651825,1.0,0.47534260153770447
YHR156C,YDR420W,0,-3.1693363,0.1742529571056366,1.0,0.4754426181316376
YLR399C,YBR044C,0,-3.1705976,0.1742226928472519,1.0,0.47554266452789307
YDR508C,YPL110C,0,-3.1708164,0.1741924285888672,1.0,0.47564268112182617
YLR070C,YLL032C,0,-3.1714103,0.17416217923164368,1.0,0.47574272751808167
YOR301W,YJR063W,0,-3.1718693,0.17413194477558136,1.0,0.47584274411201477
YNL248C,YHR094C,0,-3.171907,0.17410172522068024,1.0,0.47594279050827026
YER124C,YBR132C,0,-3.1719718,0.1740715056657791,1.0,0.47604280710220337
YNL122C,YDR130C,0,-3.172474,0.17404130101203918,1.0,0.47614285349845886
YCR077C,YPL084W,0,-3.172607,0.17401109635829926,1.0,0.47624287009239197
YOL034W,YIL132C,0,-3.1735501,0.1739809215068817,1.0,0.47634291648864746
YBL103C,YHR083W,0,-3.1740108,0.17395074665546417,1.0,0.47644293308258057
YDR140W,YLR081W,0,-3.1742046,0.17392058670520782,1.0,0.47654294967651367
YKL107W,YMR268C,0,-3.174255,0.17389042675495148,1.0,0.47664299607276917
YDR356W,YPL065W,0,-3.1748853,0.17386028170585632,1.0,0.47674301266670227
YCL057C-A,YDR055W,0,-3.1752248,0.17383015155792236,1.0,0.47684305906295776
YEL047C,YGL037C,0,-3.1752887,0.1738000363111496,1.0,0.47694307565689087
YDR014W,YER049W,0,-3.1752992,0.17376992106437683,1.0,0.47704312205314636
YKR022C,YDR126W,0,-3.17554,0.17373982071876526,1.0,0.47714313864707947
YNR021W,YHR092C,0,-3.1760993,0.17370973527431488,1.0,0.47724318504333496
YPL113C,YLR433C,0,-3.176859,0.1736796498298645,1.0,0.47734320163726807
YPR151C,YEL046C,0,-3.177685,0.17364957928657532,1.0,0.47744321823120117
YKL166C,YER154W,0,-3.178771,0.17361952364444733,1.0,0.47754326462745667
YJR119C,YBR026C,0,-3.1795487,0.17358948290348053,1.0,0.47764328122138977
YBR271W,YLR024C,0,-3.179852,0.17355944216251373,1.0,0.47774332761764526
YHL009C,YBL037W,0,-3.1804655,0.17352941632270813,1.0,0.47784334421157837
YLR353W,YFL053W,0,-3.1808462,0.17349939048290253,1.0,0.47794339060783386
YJR133W,YNL106C,0,-3.181072,0.1734693944454193,1.0,0.47804340720176697
YDR486C,YHR036W,0,-3.1812222,0.1734393984079361,1.0,0.47814345359802246
YBR221C,YPR004C,0,-3.1814466,0.17340940237045288,1.0,0.47824347019195557
YAR003W,YMR214W,0,-3.1820335,0.17337943613529205,1.0,0.47834351658821106
YJR034W,YHL004W,0,-3.183011,0.17334946990013123,1.0,0.47844353318214417
YDR177W,YBR257W,0,-3.1832914,0.1733195036649704,1.0,0.47854354977607727
YBR223C,YNL005C,0,-3.184196,0.17328956723213196,1.0,0.47864359617233276
YFL009W,YHR141C,0,-3.1842382,0.17325963079929352,1.0,0.47874361276626587
YGR292W,YJR103W,0,-3.18429,0.17322970926761627,1.0,0.47884365916252136
YBR282W,YDR349C,0,-3.1848817,0.17319978773593903,1.0,0.47894367575645447
YGL128C,YBR302C,0,-3.1853335,0.17316989600658417,1.0,0.47904372215270996
YBR102C,YGL211W,0,-3.1864445,0.17313998937606812,1.0,0.47914373874664307
YCR083W,YGL160W,0,-3.1866775,0.17311011254787445,1.0,0.47924378514289856
YLL052C,YHR069C,0,-3.1871562,0.1730802357196808,1.0,0.47934380173683167
YNL325C,YDR082W,0,-3.1873746,0.17305037379264832,1.0,0.47944381833076477
YOL112W,YER001W,0,-3.1874664,0.17302052676677704,1.0,0.47954386472702026
YDL194W,YOR125C,0,-3.1876001,0.17299067974090576,1.0,0.47964388132095337
YPR104C,YJL024C,0,-3.1878667,0.17296086251735687,1.0,0.47974392771720886
YMR190C,YOL040C,0,-3.18806,0.1729310303926468,1.0,0.47984394431114197
YDR298C,YBL030C,0,-3.1880932,0.1729012280702591,1.0,0.47994399070739746
YBL101C,YDR144C,0,-3.1882732,0.1728714257478714,1.0,0.48004400730133057
YGL236C,YNL241C,0,-3.188405,0.1728416383266449,1.0,0.48014405369758606
YNL283C,YDL174C,0,-3.1884193,0.1728118509054184,1.0,0.48024407029151917
YHL040C,YOR391C,0,-3.190506,0.1727820783853531,1.0,0.48034411668777466
YLR097C,YGL191W,0,-3.1917543,0.17275232076644897,1.0,0.48044413328170776
YHL022C,YOR324C,0,-3.191774,0.17272257804870605,1.0,0.48054414987564087
YOL033W,YLR251W,0,-3.1928244,0.17269283533096313,1.0,0.48064419627189636
YHR104W,YLR355C,0,-3.1929846,0.1726631075143814,1.0,0.48074421286582947
YNL177C,YBR286W,0,-3.1947343,0.17263339459896088,1.0,0.48084425926208496
YPR009W,YBR179C,0,-3.195866,0.17260368168354034,1.0,0.48094427585601807
YMR256C,YER153C,0,-3.1965353,0.172573983669281,1.0,0.48104432225227356
YPL026C,YFL021W,0,-3.1967335,0.17254430055618286,1.0,0.48114433884620667
YBL021C,YLR024C,0,-3.1987767,0.17251461744308472,1.0,0.48124438524246216
YER068W,YDR239C,0,-3.1989977,0.17248494923114777,1.0,0.48134440183639526
YER091C,YIL080W,0,-3.1990905,0.172455295920372,1.0,0.48144441843032837
YHR012W,YDR151C,0,-3.1992755,0.17242564260959625,1.0,0.48154446482658386
YCR004C,YHR025W,0,-3.2000785,0.17239601910114288,1.0,0.48164448142051697
YBR205W,YLR014C,0,-3.2001877,0.17236638069152832,1.0,0.48174452781677246
YJR098C,YDL146W,0,-3.2009172,0.17233677208423615,1.0,0.48184454441070557
YER075C,YJR125C,0,-3.201399,0.17230716347694397,1.0,0.48194459080696106
YNR008W,YKL125W,0,-3.2015035,0.172277569770813,1.0,0.48204460740089417
YLR452C,YOR384W,0,-3.2017941,0.172247976064682,1.0,0.48214465379714966
YGL213C,YDR409W,0,-3.2018018,0.1722184121608734,1.0,0.48224467039108276
YFL033C,YLR038C,0,-3.2024097,0.17218884825706482,1.0,0.48234471678733826
YDL015C,YDR101C,0,-3.2026782,0.17215928435325623,1.0,0.48244473338127136
YIL171W,YKR008W,0,-3.2027147,0.17212973535060883,1.0,0.48254474997520447
YHR107C,YML112W,0,-3.203024,0.17210020124912262,1.0,0.48264479637145996
YML075C,YIL034C,0,-3.2031662,0.1720706820487976,1.0,0.48274481296539307
YBR093C,YPR156C,0,-3.203466,0.1720411628484726,1.0,0.48284485936164856
YLL033W,YKL213C,0,-3.2036078,0.17201165854930878,1.0,0.48294487595558167
YOL033W,YMR127C,0,-3.204188,0.17198216915130615,1.0,0.48304492235183716
YDL165W,YBL052C,0,-3.2043362,0.17195267975330353,1.0,0.48314493894577026
YBR192W,YNL147W,0,-3.2048254,0.1719232052564621,1.0,0.48324498534202576
YLR098C,YBR141C,0,-3.205049,0.17189374566078186,1.0,0.48334500193595886
YGL094C,YER169W,0,-3.2051444,0.17186428606510162,1.0,0.48344504833221436
YBR171W,YJL137C,0,-3.2055006,0.17183484137058258,1.0,0.48354506492614746
YKR001C,YIR028W,0,-3.20684,0.17180541157722473,1.0,0.48364508152008057
YKL167C,YHL007C,0,-3.2074163,0.17177598178386688,1.0,0.48374512791633606
YJR036C,YKR045C,0,-3.2075782,0.17174658179283142,1.0,0.48384514451026917
YNL061W,YCR017C,0,-3.2077465,0.17171716690063477,1.0,0.48394519090652466
YGL180W,YHR002W,0,-3.2080023,0.1716877818107605,1.0,0.48404520750045776
YNR026C,YDR452W,0,-3.2086651,0.17165839672088623,1.0,0.48414525389671326
YOL049W,YDL213C,0,-3.208981,0.17162902653217316,1.0,0.48424527049064636
YLR158C,YGR113W,0,-3.2092404,0.17159965634346008,1.0,0.48434531688690186
YHR211W,YLR342W,0,-3.209629,0.1715703010559082,1.0,0.48444533348083496
YOL109W,YJL100W,0,-3.209999,0.17154096066951752,1.0,0.48454535007476807
YCR068W,YOR057W,0,-3.2101524,0.17151163518428802,1.0,0.48464539647102356
YGL259W,YML074C,0,-3.2102299,0.17148230969905853,1.0,0.48474541306495667
YML037C,YEL029C,0,-3.2102315,0.17145298421382904,1.0,0.48484545946121216
YKR086W,YKR061W,0,-3.210256,0.17142368853092194,1.0,0.48494547605514526
YJL203W,YMR171C,0,-3.2109957,0.17139439284801483,1.0,0.48504552245140076
YOR044W,YML034W,0,-3.2113516,0.17136511206626892,1.0,0.48514553904533386
YNL230C,YAL023C,0,-3.212512,0.1713358461856842,1.0,0.48524558544158936
YOR230W,YLR035C,0,-3.213018,0.1713065803050995,1.0,0.48534560203552246
YDR425W,YOL117W,0,-3.2131107,0.17127732932567596,1.0,0.48544564843177795
YDR115W,YCR096C,0,-3.2133484,0.17124807834625244,1.0,0.48554566502571106
YDL208W,YCL055W,0,-3.213488,0.1712188422679901,1.0,0.48564568161964417
YHR203C,YDR403W,0,-3.2145185,0.17118962109088898,1.0,0.48574572801589966
YLL028W,YMR285C,0,-3.2145276,0.17116041481494904,1.0,0.48584574460983276
YER138C,YCR039C,0,-3.215817,0.1711312085390091,1.0,0.48594579100608826
YKR020W,YLR355C,0,-3.2161918,0.17110201716423035,1.0,0.48604580760002136
YCL066W,YER078C,0,-3.2166367,0.1710728257894516,1.0,0.48614585399627686
YDR523C,YPR166C,0,-3.2169018,0.17104364931583405,1.0,0.48624587059020996
YOR221C,YER145C,0,-3.2169743,0.17101448774337769,1.0,0.48634591698646545
YGR278W,YBR287W,0,-3.2179308,0.17098534107208252,1.0,0.48644593358039856
YML078W,YLR275W,0,-3.2187343,0.17095619440078735,1.0,0.48654595017433167
YOR329C,YBR283C,0,-3.2187948,0.17092706263065338,1.0,0.48664599657058716
YJR137C,YDR402C,0,-3.219746,0.1708979457616806,1.0,0.48674601316452026
YJL165C,YER172C,0,-3.219819,0.17086882889270782,1.0,0.48684605956077576
YDR354W,YOR242C,0,-3.2200246,0.17083972692489624,1.0,0.48694607615470886
YJR016C,YNL106C,0,-3.2204823,0.17081062495708466,1.0,0.48704612255096436
YDL225W,YAL040C,0,-3.2210221,0.17078153789043427,1.0,0.48714613914489746
YGL040C,YBR081C,0,-3.2211342,0.17075246572494507,1.0,0.48724618554115295
YJL213W,YNL273W,0,-3.2213001,0.17072340846061707,1.0,0.48734620213508606
YNL280C,YFR037C,0,-3.2213893,0.17069435119628906,1.0,0.48744624853134155
YLR329W,YGR166W,0,-3.221462,0.17066530883312225,1.0,0.48754626512527466
YNL158W,YCR030C,0,-3.2216797,0.17063626646995544,1.0,0.48764628171920776
YDL195W,YHR129C,0,-3.22229,0.17060723900794983,1.0,0.48774632811546326
YIR012W,YOL151W,0,-3.2222981,0.1705782264471054,1.0,0.48784634470939636
YDR158W,YMR223W,0,-3.2228076,0.17054922878742218,1.0,0.48794639110565186
YDL109C,YOR274W,0,-3.2230477,0.17052023112773895,1.0,0.48804640769958496
YDR394W,YHR188C,0,-3.2246466,0.17049124836921692,1.0,0.48814645409584045
YPR163C,YHR074W,0,-3.224648,0.17046226561069489,1.0,0.48824647068977356
YOR198C,YDR054C,0,-3.2259197,0.17043329775333405,1.0,0.48834651708602905
YIL015W,YER070W,0,-3.2266927,0.1704043447971344,1.0,0.48844653367996216
YDR077W,YGR171C,0,-3.2269135,0.17037540674209595,1.0,0.48854655027389526
YLR342W,YDR392W,0,-3.2271366,0.1703464686870575,1.0,0.48864659667015076
YMR070W,YOR279C,0,-3.22859,0.17031754553318024,1.0,0.48874661326408386
YBR207W,YHR191C,0,-3.2289495,0.17028862237930298,1.0,0.48884665966033936
YNL178W,YOR256C,0,-3.2289598,0.17025971412658691,1.0,0.48894667625427246
YPL007C,YDR031W,0,-3.229016,0.17023082077503204,1.0,0.48904672265052795
YIL050W,YNL135C,0,-3.229169,0.17020192742347717,1.0,0.48914673924446106
YER124C,YJR127C,0,-3.2296908,0.1701730638742447,1.0,0.48924678564071655
YML058W,YBR176W,0,-3.2298303,0.170144185423851,1.0,0.48934680223464966
YDR531W,YJL165C,0,-3.2303207,0.17011533677577972,1.0,0.48944684863090515
YOL004W,YLR128W,0,-3.2309353,0.17008648812770844,1.0,0.48954686522483826
YGL153W,YDR538W,0,-3.2317653,0.17005763947963715,1.0,0.48964688181877136
YOR229W,YNL267W,0,-3.2325754,0.17002882063388824,1.0,0.48974692821502686
YPL003W,YDR231C,0,-3.2336233,0.17000000178813934,1.0,0.48984694480895996
YNL153C,YBR033W,0,-3.2337291,0.16997119784355164,1.0,0.48994699120521545
YCR039C,YDL144C,0,-3.234151,0.16994239389896393,1.0,0.49004700779914856
YNL311C,YDR379W,0,-3.2341926,0.16991360485553741,1.0,0.49014705419540405
YGL021W,YDR144C,0,-3.234819,0.1698848307132721,1.0,0.49024707078933716
YOR098C,YEL036C,0,-3.2350273,0.16985605657100677,1.0,0.49034711718559265
YPR026W,YCR096C,0,-3.2355697,0.16982729732990265,1.0,0.49044713377952576
YLR459W,YBL030C,0,-3.2359958,0.16979853808879852,1.0,0.49054715037345886
YIL083C,YNR045W,0,-3.2369165,0.16976980865001678,1.0,0.49064719676971436
YPR042C,YBR055C,0,-3.2373655,0.16974107921123505,1.0,0.49074721336364746
YDR506C,YLR449W,0,-3.237546,0.1697123497724533,1.0,0.49084725975990295
YOR187W,YNL138W,0,-3.2382436,0.16968363523483276,1.0,0.49094727635383606
YIL114C,YDR494W,0,-3.2385757,0.1696549355983734,1.0,0.49104732275009155
YPL187W,YAR018C,0,-3.2425332,0.16962625086307526,1.0,0.49114733934402466
YMR127C,YKR045C,0,-3.2434134,0.1695975661277771,1.0,0.49124738574028015
YGL026C,YML037C,0,-3.2434266,0.16956889629364014,1.0,0.49134740233421326
YDR226W,YLR421C,0,-3.2438989,0.16954022645950317,1.0,0.49144744873046875
YOR378W,YGL089C,0,-3.244133,0.1695115715265274,1.0,0.49154746532440186
YML123C,YBR227C,0,-3.2446008,0.16948293149471283,1.0,0.49164748191833496
YCR047C,YBL005W-A,0,-3.2448206,0.16945430636405945,1.0,0.49174752831459045
YNL039W,YBR020W,0,-3.2448766,0.16942568123340607,1.0,0.49184754490852356
YKR102W,YHR135C,0,-3.2450285,0.16939705610275269,1.0,0.49194759130477905
YLR186W,YDR390C,0,-3.2450867,0.1693684607744217,1.0,0.49204760789871216
YDL045W-A,YLL061W,0,-3.2453961,0.1693398654460907,1.0,0.49214765429496765
YDR086C,YDL024C,0,-3.2455807,0.1693112701177597,1.0,0.49224767088890076
YKL025C,YPR072W,0,-3.245944,0.1692827045917511,1.0,0.49234771728515625
YJL081C,YOR190W,0,-3.24635,0.1692541390657425,1.0,0.49244773387908936
YER089C,YDL103C,0,-3.2468455,0.1692255735397339,1.0,0.49254775047302246
YNR004W,YPR020W,0,-3.2472527,0.16919703781604767,1.0,0.49264779686927795
YOR089C,YBL100W-A,0,-3.248676,0.16916848719120026,1.0,0.49274781346321106
YHR109W,YDL200C,0,-3.2493038,0.16913996636867523,1.0,0.49284785985946655
YLR287C-A,YOL105C,0,-3.2494104,0.1691114455461502,1.0,0.49294787645339966
YGR014W,YJR092W,0,-3.2494612,0.16908293962478638,1.0,0.49304792284965515
YER052C,YDR494W,0,-3.2505436,0.16905444860458374,1.0,0.49314793944358826
YLR307W,YOR084W,0,-3.250553,0.1690259575843811,1.0,0.49324798583984375
YDL129W,YGL038C,0,-3.2516117,0.16899746656417847,1.0,0.49334800243377686
YBR289W,YHL007C,0,-3.2518907,0.16896900534629822,1.0,0.49344804883003235
YLR064W,YHL033C,0,-3.252098,0.16894054412841797,1.0,0.49354806542396545
YOR140W,YGL013C,0,-3.2524285,0.1689120978116989,1.0,0.49364808201789856
YDR159W,YOR311C,0,-3.2529697,0.16888365149497986,1.0,0.49374812841415405
YER091C,YJL200C,0,-3.2530124,0.168855220079422,1.0,0.49384814500808716
YGR263C,YPL087W,0,-3.2541509,0.16882680356502533,1.0,0.49394819140434265
YLR187W,YMR223W,0,-3.2551227,0.16879838705062866,1.0,0.49404820799827576
YMR227C,YOR201C,0,-3.2563403,0.1687699854373932,1.0,0.49414825439453125
YGL216W,YPL051W,0,-3.2571092,0.16874158382415771,1.0,0.49424827098846436
YML115C,YMR086W,0,-3.2571585,0.16871319711208344,1.0,0.49434831738471985
YGL055W,YJL051W,0,-3.2579312,0.16868482530117035,1.0,0.49444833397865295
YNR075W,YIL125W,0,-3.2592626,0.16865646839141846,1.0,0.49454835057258606
YOR181W,YCR092C,0,-3.261198,0.16862811148166656,1.0,0.49464839696884155
YGL170C,YGL050W,0,-3.261425,0.16859976947307587,1.0,0.49474841356277466
YPR125W,YLR209C,0,-3.2625163,0.16857142746448517,1.0,0.49484845995903015
YPR083W,YBR156C,0,-3.263567,0.16854310035705566,1.0,0.49494847655296326
YLR133W,YIR007W,0,-3.2637024,0.16851478815078735,1.0,0.49504852294921875
YDR155C,YLR029C,0,-3.2641048,0.16848647594451904,1.0,0.49514853954315186
YJL143W,YDL217C,0,-3.2647715,0.16845817863941193,1.0,0.49524858593940735
YOR145C,YGL125W,0,-3.2648826,0.168429896235466,1.0,0.49534860253334045
YKL008C,YJL200C,0,-3.2663214,0.16840161383152008,1.0,0.49544864892959595
YOR292C,YGR275W,0,-3.267101,0.16837334632873535,1.0,0.49554866552352905
YOR338W,YGL209W,0,-3.2673354,0.16834507882595062,1.0,0.49564868211746216
YLR403W,YMR229C,0,-3.2675447,0.1683168262243271,1.0,0.49574872851371765
YFL009W,YOR126C,0,-3.2685428,0.16828858852386475,1.0,0.49584874510765076
YDR291W,YDR498C,0,-3.2693903,0.1682603657245636,1.0,0.49594879150390625
YBR001C,YOL056W,0,-3.2704802,0.16823214292526245,1.0,0.49604880809783936
YDL171C,YNL107W,0,-3.270957,0.1682039201259613,1.0,0.49614885449409485
YBL069W,YOR243C,0,-3.2728486,0.16817572712898254,1.0,0.49624887108802795
YPL181W,YOL017W,0,-3.2733583,0.16814753413200378,1.0,0.49634891748428345
YLR399C,YEL034W,0,-3.2738008,0.16811934113502502,1.0,0.49644893407821655
YHR214C-B,YLR309C,0,-3.2758214,0.16809116303920746,1.0,0.49654895067214966
YNL186W,YIL135C,0,-3.2767363,0.1680629998445511,1.0,0.49664899706840515
YIL083C,YMR054W,0,-3.2769322,0.1680348515510559,1.0,0.49674901366233826
YHL022C,YPL042C,0,-3.2773495,0.16800670325756073,1.0,0.49684906005859375
YDL095W,YLR224W,0,-3.2773914,0.16797856986522675,1.0,0.49694907665252686
YGL055W,YMR160W,0,-3.2777443,0.16795043647289276,1.0,0.49704912304878235
YGL229C,YHL032C,0,-3.2809362,0.16792231798171997,1.0,0.49714913964271545
YHR172W,YCL050C,0,-3.2812102,0.16789421439170837,1.0,0.49724918603897095
YOR311C,YHR098C,0,-3.2818503,0.16786611080169678,1.0,0.49734920263290405
YDR060W,YAL010C,0,-3.2820802,0.16783802211284637,1.0,0.49744924902915955
YKR010C,YNL152W,0,-3.2835283,0.16780993342399597,1.0,0.49754926562309265
YLR086W,YLR116W,0,-3.2838264,0.16778185963630676,1.0,0.49764928221702576
YJR093C,YKL168C,0,-3.2838445,0.16775380074977875,1.0,0.49774932861328125
YDR117C,YHR028C,0,-3.2840135,0.16772575676441193,1.0,0.49784934520721436
YLL032C,YGL184C,0,-3.2846103,0.1676977127790451,1.0,0.49794939160346985
YLL012W,YOR181W,0,-3.284851,0.16766966879367828,1.0,0.49804940819740295
YHR092C,YML052W,0,-3.2861562,0.16764165461063385,1.0,0.49814945459365845
YNL021W,YAL063C,0,-3.2864087,0.16761364042758942,1.0,0.49824947118759155
YMR199W,YOL067C,0,-3.2865467,0.16758562624454498,1.0,0.49834951758384705
YMR121C,YKL017C,0,-3.2869792,0.16755764186382294,1.0,0.49844953417778015
YBR195C,YNL083W,0,-3.2870402,0.1675296425819397,1.0,0.49854955077171326
YDR311W,YAL014C,0,-3.2887402,0.16750167310237885,1.0,0.49864959716796875
YFL057C,YER094C,0,-3.2893906,0.167473703622818,1.0,0.49874961376190186
YJL116C,YLR467W,0,-3.2896328,0.16744574904441833,1.0,0.49884966015815735
YPL092W,YHR089C,0,-3.2897534,0.16741779446601868,1.0,0.49894967675209045
YIL170W,YDR195W,0,-3.2903795,0.1673898547887802,1.0,0.49904972314834595
YIL084C,YLR268W,0,-3.2912998,0.16736191511154175,1.0,0.49914973974227905
YBR142W,YPL099C,0,-3.2915769,0.16733400523662567,1.0,0.49924978613853455
YJL103C,YGR036C,0,-3.2927337,0.1673060953617096,1.0,0.49934980273246765
YAR066W,YLR467W,0,-3.2932577,0.16727818548679352,1.0,0.49944984912872314
YGL175C,YGR091W,0,-3.2934427,0.16725029051303864,1.0,0.49954986572265625
YOR194C,YFL062W,0,-3.294578,0.16722241044044495,1.0,0.49964988231658936
YBL113C,YHR098C,0,-3.2949831,0.16719453036785126,1.0,0.49974992871284485
YER045C,YDL070W,0,-3.296605,0.16716666519641876,1.0,0.49984994530677795
YBR294W,YOL124C,0,-3.2969198,0.16713881492614746,1.0,0.49994999170303345
YBR236C,YGR261C,0,-3.2978168,0.16711096465587616,1.0,0.5000500082969666
YHR134W,YJL104W,0,-3.2981951,0.16708312928676605,1.0,0.5001500248908997
YFR044C,YKL021C,0,-3.300037,0.16705529391765594,1.0,0.5002501010894775
YFL031W,YDL121C,0,-3.3004622,0.16702747344970703,1.0,0.5003501176834106
YPL094C,YHR077C,0,-3.3010933,0.1669996678829193,1.0,0.5004501342773438
YDR403W,YJR105W,0,-3.3012471,0.1669718623161316,1.0,0.5005501508712769
YPR073C,YKL198C,0,-3.3020535,0.16694407165050507,1.0,0.50065016746521
YNL330C,YER049W,0,-3.3030946,0.16691629588603973,1.0,0.5007502436637878
YOR215C,YER115C,0,-3.3033404,0.1668885201215744,1.0,0.500850260257721
YJR152W,YJR005W,0,-3.3053021,0.16686075925827026,1.0,0.500950276851654
YPR162C,YMR088C,0,-3.305754,0.16683299839496613,1.0,0.5010502934455872
YGR249W,YPL060W,0,-3.3064642,0.16680525243282318,1.0,0.501150369644165
YHR168W,YNL032W,0,-3.306605,0.16677752137184143,1.0,0.5012503862380981
YPR164W,YKL220C,0,-3.3067846,0.16674979031085968,1.0,0.5013504028320312
YDL245C,YKL096W-A,0,-3.3068712,0.16672207415103912,1.0,0.5014504194259644
YBL036C,YLR141W,0,-3.3083892,0.16669437289237976,1.0,0.5015504360198975
YLR057W,YJR088C,0,-3.3090034,0.1666666716337204,1.0,0.5016505122184753
YBR129C,YPL271W,0,-3.30905,0.16663897037506104,1.0,0.5017505288124084
YPR032W,YPL144W,0,-3.3090792,0.16661129891872406,1.0,0.5018505454063416
YFL036W,YMR231W,0,-3.311627,0.16658362746238708,1.0,0.5019505620002747
YNL227C,YER030W,0,-3.3117185,0.1665559560060501,1.0,0.5020506381988525
YHR140W,YLR113W,0,-3.312069,0.16652831435203552,1.0,0.5021506547927856
YBR084W,YBR298C,0,-3.312215,0.16650065779685974,1.0,0.5022506713867188
YDL033C,YPL271W,0,-3.3144157,0.16647303104400635,1.0,0.5023506879806519
YMR115W,YGR077C,0,-3.314622,0.16644540429115295,1.0,0.5024507641792297
YBR106W,YJR013W,0,-3.3155713,0.16641779243946075,1.0,0.5025507807731628
YNR045W,YMR022W,0,-3.3156962,0.16639018058776855,1.0,0.502650797367096
YJR066W,YJR019C,0,-3.3159964,0.16636258363723755,1.0,0.502750813961029
YER007W,YJR110W,0,-3.3164713,0.16633498668670654,1.0,0.5028508305549622
YOR215C,YEL053C,0,-3.3168862,0.16630740463733673,1.0,0.50295090675354
YBR079C,YPL151C,0,-3.3173475,0.1662798374891281,1.0,0.5030509233474731
YDL067C,YDL202W,0,-3.3174462,0.1662522852420807,1.0,0.5031509399414062
YLR423C,YER065C,0,-3.3175082,0.16622473299503326,1.0,0.5032509565353394
YPL190C,YLR287C-A,0,-3.318175,0.16619718074798584,1.0,0.5033510327339172
YDR174W,YDR376W,0,-3.3181953,0.1661696434020996,1.0,0.5034510493278503
YEL021W,YER008C,0,-3.3186355,0.16614212095737457,1.0,0.5035510659217834
YJR078W,YCR094W,0,-3.319518,0.16611461341381073,1.0,0.5036510825157166
YFR028C,YNL312W,0,-3.3202353,0.1660871058702469,1.0,0.5037510991096497
YJL172W,YOR022C,0,-3.3214836,0.16605959832668304,1.0,0.5038511753082275
YPR149W,YPL162C,0,-3.3215609,0.1660321205854416,1.0,0.5039511919021606
YKR038C,YLR453C,0,-3.3219943,0.16600462794303894,1.0,0.5040512084960938
YBL075C,YFR008W,0,-3.3222642,0.16597716510295868,1.0,0.5041512250900269
YOL062C,YIL023C,0,-3.3225121,0.16594970226287842,1.0,0.5042513012886047
YBR297W,YJL160C,0,-3.3234305,0.16592225432395935,1.0,0.5043513178825378
YDR279W,YDR003W,0,-3.3242097,0.16589480638504028,1.0,0.504451334476471
YPL015C,YGL059W,0,-3.3243885,0.1658673733472824,1.0,0.504551351070404
YPR196W,YEL041W,0,-3.3248415,0.16583994030952454,1.0,0.5046513676643372
YNR026C,YCL055W,0,-3.3266284,0.16581253707408905,1.0,0.504751443862915
YPR162C,YOR127W,0,-3.3278642,0.16578511893749237,1.0,0.5048514604568481
YKL085W,YKR086W,0,-3.3281069,0.16575773060321808,1.0,0.5049514770507812
YDR120C,YIR009W,0,-3.3282108,0.1657303422689438,1.0,0.5050514936447144
YBR044C,YDL155W,0,-3.3287473,0.1657029539346695,1.0,0.5051515698432922
YLR372W,YOL146W,0,-3.330265,0.1656755805015564,1.0,0.5052515864372253
YER184C,YDR118W,0,-3.3303487,0.1656482219696045,1.0,0.5053516030311584
YLR182W,YHR027C,0,-3.3305283,0.16562087833881378,1.0,0.5054516196250916
YIL094C,YPL275W,0,-3.331739,0.16559353470802307,1.0,0.5055516362190247
YDR206W,YHR039C,0,-3.3318987,0.16556619107723236,1.0,0.5056517124176025
YGL009C,YMR204C,0,-3.3332505,0.16553886234760284,1.0,0.5057517290115356
YDL075W,YJL139C,0,-3.3339245,0.16551154851913452,1.0,0.5058517456054688
YBR122C,YDR018C,0,-3.3339891,0.1654842495918274,1.0,0.5059517621994019
YMR092C,YJR119C,0,-3.3351178,0.16545695066452026,1.0,0.5060518383979797
YDR267C,YEL071W,0,-3.3366752,0.16542965173721313,1.0,0.5061518549919128
YCR081W,YMR321C,0,-3.3387794,0.1654023677110672,1.0,0.506251871585846
YKL096W,YJL100W,0,-3.3395953,0.16537509858608246,1.0,0.506351888179779
YKL025C,YPL103C,0,-3.3403025,0.1653478443622589,1.0,0.5064519643783569
YDL130W-A,YDR404C,0,-3.3413177,0.16532059013843536,1.0,0.50655198097229
YPR122W,YDR146C,0,-3.343122,0.16529333591461182,1.0,0.5066519975662231
YOL002C,YOL013C,0,-3.344923,0.16526611149311066,1.0,0.5067520141601562
YKL176C,YBR155W,0,-3.3458068,0.1652388870716095,1.0,0.5068520307540894
YLR304C,YGR275W,0,-3.347012,0.16521166265010834,1.0,0.5069521069526672
YGR001C,YFL021W,0,-3.3478994,0.16518445312976837,1.0,0.5070521235466003
YBR240C,YOR391C,0,-3.3481858,0.1651572585105896,1.0,0.5071521401405334
YLR287C-A,YNR011C,0,-3.348433,0.16513006389141083,1.0,0.5072521567344666
YOR127W,YJR133W,0,-3.3486886,0.16510288417339325,1.0,0.5073522329330444
YOR313C,YOR255W,0,-3.3487036,0.16507570445537567,1.0,0.5074522495269775
YJL092W,YBR258C,0,-3.3489206,0.1650485396385193,1.0,0.5075522661209106
YKR081C,YLR286C,0,-3.3491096,0.1650213897228241,1.0,0.5076522827148438
YNL227C,YOR162C,0,-3.3491411,0.1649942398071289,1.0,0.5077522993087769
YHR067W,YDL065C,0,-3.34937,0.1649671047925949,1.0,0.5078523755073547
YJR133W,YGR166W,0,-3.349701,0.1649399697780609,1.0,0.5079523921012878
YPL093W,YKL184W,0,-3.3497612,0.1649128645658493,1.0,0.508052408695221
YMR227C,YOL065C,0,-3.3502908,0.1648857444524765,1.0,0.508152425289154
YBL036C,YGR065C,0,-3.3515515,0.1648586392402649,1.0,0.5082525014877319
YOR141C,YHR089C,0,-3.3515687,0.16483154892921448,1.0,0.508352518081665
YHR032W,YGR095C,0,-3.352705,0.16480447351932526,1.0,0.5084525346755981
YHR091C,YGR255C,0,-3.352713,0.16477739810943604,1.0,0.5085525512695312
YML095C,YNL119W,0,-3.3530838,0.16475032269954681,1.0,0.5086525678634644
YLR330W,YEL060C,0,-3.3533669,0.16472327709197998,1.0,0.5087526440620422
YBR245C,YDL007W,0,-3.353632,0.16469621658325195,1.0,0.5088526606559753
YER125W,YAL038W,0,-3.353749,0.1646691858768463,1.0,0.5089526772499084
YGR191W,YIL050W,0,-3.3549974,0.16464215517044067,1.0,0.5090526938438416
YBR215W,YDR342C,0,-3.3568597,0.16461513936519623,1.0,0.5091527700424194
YNL227C,YOR255W,0,-3.3570712,0.16458812355995178,1.0,0.5092527866363525
YNL073W,YJR059W,0,-3.3572505,0.16456112265586853,1.0,0.5093528032302856
YJL225C,YGR077C,0,-3.3576858,0.16453412175178528,1.0,0.5094528198242188
YDL084W,YMR113W,0,-3.3577733,0.16450713574886322,1.0,0.5095528364181519
YIL009C-A,YBL105C,0,-3.3581698,0.16448016464710236,1.0,0.5096529126167297
YDR173C,YDR079W,0,-3.3586032,0.1644531935453415,1.0,0.5097529292106628
YGL208W,YNL301C,0,-3.359799,0.16442622244358063,1.0,0.509852945804596
YMR090W,YKR065C,0,-3.3598228,0.16439928114414215,1.0,0.509952962398529
YLR226W,YJR015W,0,-3.359994,0.16437233984470367,1.0,0.5100530385971069
YLR081W,YCL004W,0,-3.3609934,0.1643453985452652,1.0,0.51015305519104
YFR009W,YER183C,0,-3.3611343,0.1643184870481491,1.0,0.5102530717849731
YHR016C,YPR075C,0,-3.3615603,0.16429156064987183,1.0,0.5103530883789062
YML036W,YMR098C,0,-3.3619323,0.16426466405391693,1.0,0.5104531645774841
YBR102C,YDR146C,0,-3.3619514,0.16423775255680084,1.0,0.5105531811714172
YDL191W,YDL067C,0,-3.3620849,0.16421087086200714,1.0,0.5106531977653503
YER114C,YJL123C,0,-3.3623834,0.16418398916721344,1.0,0.5107532143592834
YIR007W,YDR440W,0,-3.3628407,0.16415712237358093,1.0,0.5108532309532166
YGR134W,YDL188C,0,-3.364119,0.16413025557994843,1.0,0.5109533071517944
YGR023W,YOR351C,0,-3.3646975,0.1641034036874771,1.0,0.5110533237457275
YOR293W,YLR256W,0,-3.365554,0.1640765517950058,1.0,0.5111533403396606
YDR322C-A,YOR076C,0,-3.3667407,0.16404971480369568,1.0,0.5112533569335938
YML027W,YOL140W,0,-3.3671653,0.16402289271354675,1.0,0.5113534331321716
YPL017C,YKL013C,0,-3.367203,0.16399607062339783,1.0,0.5114534497261047
YER025W,YKR035W-A,0,-3.3675141,0.1639692634344101,1.0,0.5115534663200378
YHR064C,YBR132C,0,-3.3688097,0.16394247114658356,1.0,0.511653482913971
YLR040C,YGL068W,0,-3.3688428,0.16391567885875702,1.0,0.511753499507904
YLR265C,YMR223W,0,-3.369195,0.16388888657093048,1.0,0.5118535757064819
YOR035C,YHR076W,0,-3.3696394,0.16386210918426514,1.0,0.511953592300415
YBR041W,YGR287C,0,-3.3702345,0.163835346698761,1.0,0.5120536088943481
YFL036W,YKL170W,0,-3.3704023,0.16380858421325684,1.0,0.5121536254882812
YHR166C,YMR097C,0,-3.3704376,0.16378183662891388,1.0,0.5122537016868591
YML049C,YDR050C,0,-3.3716996,0.16375510394573212,1.0,0.5123537182807922
YHR206W,YJR013W,0,-3.3721564,0.16372837126255035,1.0,0.5124537348747253
YOL082W,YFR031C,0,-3.3736112,0.16370165348052979,1.0,0.5125537514686584
YHL013C,YGL131C,0,-3.373906,0.16367493569850922,1.0,0.5126537680625916
YDR072C,YBR204C,0,-3.3748145,0.16364823281764984,1.0,0.5127538442611694
YJL116C,YDL092W,0,-3.3753562,0.16362152993679047,1.0,0.5128538608551025
YKL152C,YGR125W,0,-3.3757691,0.16359484195709229,1.0,0.5129538774490356
YDR531W,YML019W,0,-3.3767204,0.1635681688785553,1.0,0.5130538940429688
YLR440C,YBR154C,0,-3.3768346,0.1635414958000183,1.0,0.5131539702415466
YLR188W,YIL150C,0,-3.3777986,0.16351483762264252,1.0,0.5132539868354797
YNL232W,YGL090W,0,-3.3778193,0.16348817944526672,1.0,0.5133540034294128
YPR002W,YOR308C,0,-3.3786285,0.16346153616905212,1.0,0.513454020023346
YOR389W,YGL153W,0,-3.3790774,0.16343490779399872,1.0,0.513554036617279
YPL236C,YFL045C,0,-3.3791811,0.1634082794189453,1.0,0.5136541128158569
YDL075W,YDL067C,0,-3.3795085,0.1633816510438919,1.0,0.51375412940979
YDR472W,YDR298C,0,-3.379766,0.1633550524711609,1.0,0.5138541460037231
YBR253W,YCR034W,0,-3.3799348,0.16332845389842987,1.0,0.5139541625976562
YIR033W,YPR058W,0,-3.3803813,0.16330185532569885,1.0,0.5140542387962341
YNL136W,YGL213C,0,-3.382969,0.16327527165412903,1.0,0.5141542553901672
YNL153C,YGR058W,0,-3.383768,0.1632487028837204,1.0,0.5142542719841003
YIL009C-A,YDR403W,0,-3.3839784,0.16322213411331177,1.0,0.5143542885780334
YER115C,YKL195W,0,-3.3846745,0.16319558024406433,1.0,0.5144543647766113
YDR423C,YDR239C,0,-3.3859398,0.1631690263748169,1.0,0.5145543813705444
YGL020C,YNL312W,0,-3.3868434,0.16314248740673065,1.0,0.5146543979644775
YIL171W,YNL158W,0,-3.3869624,0.1631159484386444,1.0,0.5147544145584106
YMR106C,YFR041C,0,-3.388225,0.16308942437171936,1.0,0.5148544311523438
YAR010C,YOR355W,0,-3.3884892,0.1630629152059555,1.0,0.5149545073509216
YNL213C,YOR288C,0,-3.3889914,0.16303640604019165,1.0,0.5150545239448547
YLL039C,YCR028C-A,0,-3.391385,0.163009911775589,1.0,0.5151545405387878
YAL022C,YOL075C,0,-3.3918304,0.16298343241214752,1.0,0.515254557132721
YER078C,YMR098C,0,-3.3918467,0.16295693814754486,1.0,0.5153546333312988
YHR079C-A,YGR229C,0,-3.3931618,0.1629304736852646,1.0,0.5154546499252319
YDR425W,YKR060W,0,-3.3936934,0.16290400922298431,1.0,0.515554666519165
YDR383C,YLR128W,0,-3.3937259,0.16287755966186523,1.0,0.5156546831130981
YLL032C,YML060W,0,-3.394043,0.16285111010074615,1.0,0.5157546997070312
YDR479C,YHL040C,0,-3.3944702,0.16282467544078827,1.0,0.5158547759056091
YLR332W,YJL204C,0,-3.3957417,0.16279824078083038,1.0,0.5159547924995422
YJR068W,YBR288C,0,-3.3970404,0.1627718210220337,1.0,0.5160548090934753
YGR292W,YLR321C,0,-3.3978205,0.1627454161643982,1.0,0.5161548256874084
YGR280C,YPR066W,0,-3.3995383,0.1627190113067627,1.0,0.5162549018859863
YDR058C,YOR339C,0,-3.3997552,0.1626926213502884,1.0,0.5163549184799194
YJL108C,YIL026C,0,-3.4016013,0.1626662313938141,1.0,0.5164549350738525
YGL054C,YMR090W,0,-3.401986,0.16263985633850098,1.0,0.5165549516677856
YFR036W,YMR060C,0,-3.4022517,0.16261349618434906,1.0,0.5166549682617188
YNL072W,YOR351C,0,-3.4029324,0.16258713603019714,1.0,0.5167550444602966
YDR523C,YPR103W,0,-3.402998,0.16256077587604523,1.0,0.5168550610542297
YDR065W,YBR061C,0,-3.4044158,0.1625344306230545,1.0,0.5169550776481628
YMR247C,YOL104C,0,-3.404716,0.16250810027122498,1.0,0.517055094242096
YEL062W,YMR161W,0,-3.404977,0.16248176991939545,1.0,0.5171551704406738
YAL039C,YPL162C,0,-3.4058852,0.1624554544687271,1.0,0.5172551870346069
YPL194W,YKL013C,0,-3.40629,0.16242915391921997,1.0,0.51735520362854
YHR112C,YEL050C,0,-3.406856,0.16240285336971283,1.0,0.5174552202224731
YDR291W,YHR046C,0,-3.4070814,0.1623765528202057,1.0,0.5175552368164062
YMR283C,YNL128W,0,-3.4082549,0.16235028207302094,1.0,0.5176553130149841
YCL034W,YKL222C,0,-3.4084773,0.162323996424675,1.0,0.5177553296089172
YLR207W,YBL016W,0,-3.4090571,0.16229774057865143,1.0,0.5178553462028503
YDR137W,YCL055W,0,-3.4094768,0.16227146983146667,1.0,0.5179553627967834
YCR089W,YOR288C,0,-3.4095159,0.1622452288866043,1.0,0.5180554389953613
YGR166W,YPL170W,0,-3.4103155,0.16221898794174194,1.0,0.5181554555892944
YDR447C,YOL105C,0,-3.4104004,0.16219276189804077,1.0,0.5182554721832275
YPL187W,YFL014W,0,-3.4104524,0.1621665358543396,1.0,0.5183554887771606
YGR041W,YOL092W,0,-3.410768,0.16214030981063843,1.0,0.5184555649757385
YGL244W,YLR051C,0,-3.4109118,0.16211411356925964,1.0,0.5185555815696716
YNL242W,YDR239C,0,-3.4115744,0.16208791732788086,1.0,0.5186555981636047
YOR353C,YPR047W,0,-3.4119778,0.16206172108650208,1.0,0.5187556147575378
YGL084C,YER011W,0,-3.4120483,0.16203553974628448,1.0,0.518855631351471
YHR178W,YKL220C,0,-3.4127488,0.1620093733072281,1.0,0.5189557075500488
YOL054W,YDR498C,0,-3.413004,0.1619832068681717,1.0,0.5190557241439819
YBL042C,YGL001C,0,-3.4136724,0.1619570553302765,1.0,0.519155740737915
YMR071C,YDL212W,0,-3.413713,0.1619309037923813,1.0,0.5192557573318481
YBR154C,YDL159W,0,-3.4141307,0.16190476715564728,1.0,0.519355833530426
YDR462W,YCL075W,0,-3.4141352,0.16187863051891327,1.0,0.5194558501243591
YGL083W,YMR054W,0,-3.414465,0.16185250878334045,1.0,0.5195558667182922
YBR142W,YLL010C,0,-3.4170523,0.16182640194892883,1.0,0.5196558833122253
YLR098C,YJR140C,0,-3.4174585,0.1618002951145172,1.0,0.5197558999061584
YPL094C,YLR035C-A,0,-3.4176688,0.1617741882801056,1.0,0.5198559761047363
YNR069C,YOR008C,0,-3.4177318,0.16174811124801636,1.0,0.5199559926986694
YBR006W,YKR002W,0,-3.4178028,0.16172201931476593,1.0,0.5200560092926025
YLR449W,YHR112C,0,-3.4188209,0.1616959571838379,1.0,0.5201560258865356
YPL059W,YOR228C,0,-3.4190853,0.16166989505290985,1.0,0.5202561020851135
YDR017C,YDR081C,0,-3.4200559,0.1616438329219818,1.0,0.5203561186790466
YOR389W,YHR092C,0,-3.4202094,0.16161778569221497,1.0,0.5204561352729797
YJR058C,YBR030W,0,-3.420473,0.16159175336360931,1.0,0.5205561518669128
YMR100W,YNL304W,0,-3.4210694,0.16156572103500366,1.0,0.520656168460846
YDR492W,YJR063W,0,-3.4217172,0.1615397036075592,1.0,0.5207562446594238
YML113W,YKL024C,0,-3.4217615,0.16151368618011475,1.0,0.5208562612533569
YBR152W,YNR043W,0,-3.4218183,0.16148768365383148,1.0,0.52095627784729
YLR027C,YPL028W,0,-3.422548,0.16146168112754822,1.0,0.5210562944412231
YAR014C,YCR054C,0,-3.424739,0.16143569350242615,1.0,0.521156370639801
YGL145W,YIL065C,0,-3.4248533,0.16140972077846527,1.0,0.5212563872337341
YPL195W,YNL239W,0,-3.4255204,0.1613837480545044,1.0,0.5213564038276672
YGR156W,YNL092W,0,-3.4262533,0.1613577902317047,1.0,0.5214564204216003
YDL245C,YKL001C,0,-3.426941,0.16133183240890503,1.0,0.5215564966201782
YMR280C,YCR079W,0,-3.4269547,0.16130588948726654,1.0,0.5216565132141113
YOR378W,YNL309W,0,-3.428,0.16127994656562805,1.0,0.5217565298080444
YPR061C,YMR106C,0,-3.4280972,0.16125401854515076,1.0,0.5218565464019775
YER074W,YBR227C,0,-3.4281068,0.16122810542583466,1.0,0.5219565629959106
YFR045W,YBR213W,0,-3.4285014,0.16120219230651855,1.0,0.5220566391944885
YDR363W,YDR306C,0,-3.4286227,0.16117627918720245,1.0,0.5221566557884216
YLR080W,YOL165C,0,-3.4289932,0.16115038096904755,1.0,0.5222566723823547
YKL216W,YER125W,0,-3.4290714,0.16112449765205383,1.0,0.5223566889762878
YMR080C,YCR017C,0,-3.4320955,0.16109861433506012,1.0,0.5224567651748657
YMR288W,YDR318W,0,-3.4335835,0.1610727459192276,1.0,0.5225567817687988
YPL232W,YJL028W,0,-3.433844,0.16104689240455627,1.0,0.5226567983627319
YNL323W,YLR121C,0,-3.4343886,0.16102102398872375,1.0,0.522756814956665
YGR133W,YKL139W,0,-3.4347413,0.16099518537521362,1.0,0.5228568315505981
YKL119C,YJL033W,0,-3.43477,0.1609693467617035,1.0,0.522956907749176
YPL038W,YDL217C,0,-3.4349046,0.16094352304935455,1.0,0.5230569243431091
YBR289W,YNL178W,0,-3.4357429,0.16091769933700562,1.0,0.5231569409370422
YBR216C,YGL178W,0,-3.436905,0.16089189052581787,1.0,0.5232569575309753
YOR290C,YGL170C,0,-3.438685,0.16086608171463013,1.0,0.5233570337295532
YOR010C,YFR006W,0,-3.4402113,0.16084028780460358,1.0,0.5234570503234863
YPR186C,YJR135W-A,0,-3.4408493,0.16081449389457703,1.0,0.5235570669174194
YKL065C,YMR061W,0,-3.4414763,0.16078871488571167,1.0,0.5236570835113525
YKL119C,YPR043W,0,-3.4425511,0.1607629358768463,1.0,0.5237571001052856
YHR168W,YER130C,0,-3.4425666,0.16073718667030334,1.0,0.5238571763038635
YNL087W,YBR273C,0,-3.4428236,0.16071142256259918,1.0,0.5239571928977966
YPL019C,YCR093W,0,-3.4429843,0.1606856733560562,1.0,0.5240572094917297
YDR245W,YIL111W,0,-3.4430575,0.16065993905067444,1.0,0.5241572260856628
YKL195W,YJL206C,0,-3.4433134,0.16063420474529266,1.0,0.5242573022842407
YER114C,YDR364C,0,-3.443953,0.16060848534107208,1.0,0.5243573188781738
YOR229W,YPL188W,0,-3.4441247,0.1605827659368515,1.0,0.5244573354721069
YIL067C,YAR018C,0,-3.4441586,0.16055706143379211,1.0,0.52455735206604
YKL198C,YIL016W,0,-3.4442291,0.16053137183189392,1.0,0.5246573686599731
YBR222C,YDR334W,0,-3.4444432,0.16050568222999573,1.0,0.524757444858551
YIL101C,YPL188W,0,-3.4445662,0.16047999262809753,1.0,0.5248574614524841
YLR318W,YKL001C,0,-3.4451325,0.16045433282852173,1.0,0.5249574780464172
YDL049C,YGL033W,0,-3.4453735,0.16042865812778473,1.0,0.5250574946403503
YKL161C,YFL031W,0,-3.446165,0.16040301322937012,1.0,0.5251575708389282
YBL067C,YNL293W,0,-3.4463902,0.1603773534297943,1.0,0.5252575874328613
YGR012W,YGR037C,0,-3.4474194,0.1603517234325409,1.0,0.5253576040267944
YDR470C,YPL090C,0,-3.4476748,0.16032609343528748,1.0,0.5254576206207275
YER126C,YMR281W,0,-3.4478967,0.16030046343803406,1.0,0.5255576968193054
YBR238C,YPR049C,0,-3.448132,0.16027484834194183,1.0,0.5256577134132385
YKR101W,YBR010W,0,-3.448278,0.1602492481470108,1.0,0.5257577300071716
YDL077C,YMR135C,0,-3.4486113,0.16022364795207977,1.0,0.5258577466011047
YCR088W,YCR066W,0,-3.4494286,0.16019804775714874,1.0,0.5259577631950378
YLR158C,YNL230C,0,-3.4498224,0.1601724624633789,1.0,0.5260578393936157
YAL029C,YOR179C,0,-3.4503148,0.16014689207077026,1.0,0.5261578559875488
YDR140W,YMR180C,0,-3.4503236,0.16012132167816162,1.0,0.5262578725814819
YOR005C,YKL055C,0,-3.4506316,0.16009576618671417,1.0,0.526357889175415
YOR181W,YOR141C,0,-3.451105,0.16007022559642792,1.0,0.5264579653739929
YDR017C,YBL023C,0,-3.4511166,0.16004468500614166,1.0,0.526557981967926
YJR051W,YDR363W-A,0,-3.4517324,0.1600191444158554,1.0,0.5266579985618591
YHL008C,YOR393W,0,-3.4519823,0.15999361872673035,1.0,0.5267580151557922
YIL015W,YDL078C,0,-3.4521818,0.15996810793876648,1.0,0.5268580317497253
YAL016W,YLR295C,0,-3.4524965,0.1599425971508026,1.0,0.5269581079483032
YOR391C,YER147C,0,-3.4547594,0.15991708636283875,1.0,0.5270581245422363
YNL006W,YGL136C,0,-3.455048,0.15989160537719727,1.0,0.5271581411361694
YIL002C,YOR085W,0,-3.4566038,0.1598661094903946,1.0,0.5272581577301025
YDR403W,YNL335W,0,-3.4567332,0.1598406434059143,1.0,0.5273582339286804
YOR198C,YBR004C,0,-3.4570355,0.15981516242027283,1.0,0.5274582505226135
YOR077W,YMR224C,0,-3.4580688,0.15978971123695374,1.0,0.5275582671165466
YJL029C,YBR239C,0,-3.458109,0.15976426005363464,1.0,0.5276582837104797
YLR204W,YHR098C,0,-3.459363,0.15973880887031555,1.0,0.5277583003044128
YDR461W,YDR518W,0,-3.4594193,0.15971337258815765,1.0,0.5278583765029907
YOR384W,YCR097W,0,-3.461153,0.15968795120716095,1.0,0.5279583930969238
YNL189W,YFL053W,0,-3.4615207,0.15966252982616425,1.0,0.5280584096908569
YHR011W,YDL130W-A,0,-3.4622214,0.15963712334632874,1.0,0.52815842628479
YGR249W,YCL014W,0,-3.4629555,0.15961171686649323,1.0,0.5282585024833679
YPL230W,YPR056W,0,-3.463051,0.15958631038665771,1.0,0.528358519077301
YBR167C,YNL080C,0,-3.4637017,0.1595609337091446,1.0,0.5284585356712341
YDR531W,YMR142C,0,-3.4637165,0.15953554213047028,1.0,0.5285585522651672
YGR108W,YPR182W,0,-3.4639757,0.15951018035411835,1.0,0.5286585688591003
YPR091C,YER144C,0,-3.4644907,0.15948481857776642,1.0,0.5287586450576782
YOR140W,YLR160C,0,-3.4658704,0.1594594568014145,1.0,0.5288586616516113
YFR033C,YHR058C,0,-3.4667811,0.15943410992622375,1.0,0.5289586782455444
YDR211W,YCR077C,0,-3.46743,0.1594087779521942,1.0,0.5290586948394775
YDL164C,YJL048C,0,-3.4677868,0.15938344597816467,1.0,0.5291587710380554
YMR115W,YLR268W,0,-3.4692693,0.15935811400413513,1.0,0.5292587876319885
YDR354W,YDR172W,0,-3.4694948,0.15933279693126678,1.0,0.5293588042259216
YKL148C,YMR316W,0,-3.4707017,0.15930749475955963,1.0,0.5294588208198547
YGL033W,YDR022C,0,-3.471313,0.15928219258785248,1.0,0.5295588970184326
YDR408C,YMR137C,0,-3.472417,0.15925690531730652,1.0,0.5296589136123657
YOR058C,YDR320C,0,-3.4743648,0.15923161804676056,1.0,0.5297589302062988
YMR043W,YDR479C,0,-3.475287,0.1592063456773758,1.0,0.5298589468002319
YOR317W,YNL125C,0,-3.4757261,0.15918108820915222,1.0,0.529958963394165
YCR024C-A,YML132W,0,-3.4758525,0.15915583074092865,1.0,0.5300590395927429
YJR099W,YLL051C,0,-3.476021,0.15913057327270508,1.0,0.530159056186676
YDR362C,YBL112C,0,-3.4767084,0.1591053307056427,1.0,0.5302590727806091
YIR017C,YGL181W,0,-3.4768143,0.15908008813858032,1.0,0.5303590893745422
YDR229W,YHR003C,0,-3.478857,0.15905487537384033,1.0,0.5304591655731201
YNL158W,YDR240C,0,-3.4795702,0.15902964770793915,1.0,0.5305591821670532
YDR086C,YMR163C,0,-3.4809914,0.15900443494319916,1.0,0.5306591987609863
YCR014C,YDR197W,0,-3.4816885,0.15897923707962036,1.0,0.5307592153549194
YGR280C,YIR036C,0,-3.4842393,0.15895403921604156,1.0,0.5308592319488525
YKL022C,YMR304W,0,-3.4843292,0.15892885625362396,1.0,0.5309593081474304
YKL025C,YMR277W,0,-3.4845724,0.15890367329120636,1.0,0.5310593247413635
YDR151C,YLR401C,0,-3.4846802,0.15887850522994995,1.0,0.5311593413352966
YGL054C,YEL053C,0,-3.485789,0.15885333716869354,1.0,0.5312593579292297
YBL036C,YDR368W,0,-3.4866147,0.15882818400859833,1.0,0.5313594341278076
YOL031C,YDL080C,0,-3.4868484,0.1588030457496643,1.0,0.5314594507217407
YLR080W,YOL111C,0,-3.4887364,0.15877790749073029,1.0,0.5315594673156738
YPR033C,YLR212C,0,-3.4888873,0.15875276923179626,1.0,0.5316594839096069
YDR425W,YMR100W,0,-3.4891305,0.15872764587402344,1.0,0.53175950050354
YDR351W,YBR105C,0,-3.4893105,0.1587025374174118,1.0,0.5318595767021179
YMR043W,YMR061W,0,-3.4904532,0.15867742896080017,1.0,0.531959593296051
YER075C,YPR149W,0,-3.4907856,0.15865232050418854,1.0,0.5320596098899841
YMR287C,YBL068W,0,-3.49117,0.1586272269487381,1.0,0.5321596264839172
YDL129W,YPR022C,0,-3.491986,0.15860214829444885,1.0,0.5322597026824951
YIL109C,YLR396C,0,-3.4922647,0.1585770696401596,1.0,0.5323597192764282
YKL025C,YLR264W,0,-3.4923072,0.15855200588703156,1.0,0.5324597358703613
YIL026C,YAL042W,0,-3.4932463,0.1585269421339035,1.0,0.5325597524642944
YDL030W,YIL039W,0,-3.494209,0.15850189328193665,1.0,0.5326597690582275
YGR206W,YDR251W,0,-3.4942408,0.15847685933113098,1.0,0.5327598452568054
YBR044C,YNL162W,0,-3.4945488,0.15845181047916412,1.0,0.5328598618507385
YKL126W,YOR175C,0,-3.4947953,0.15842679142951965,1.0,0.5329598784446716
YCR060W,YKR003W,0,-3.4948754,0.15840177237987518,1.0,0.5330598950386047
YER074W,YPL149W,0,-3.4953656,0.1583767533302307,1.0,0.5331599712371826
YJR076C,YDR510W,0,-3.4957707,0.15835174918174744,1.0,0.5332599878311157
YOL109W,YPR166C,0,-3.4959922,0.15832675993442535,1.0,0.5333600044250488
YLR406C,YJL139C,0,-3.4965136,0.15830177068710327,1.0,0.5334600210189819
YGR238C,YPL009C,0,-3.4965277,0.1582767814397812,1.0,0.5335600972175598
YEL056W,YNR006W,0,-3.4965506,0.1582518070936203,1.0,0.5336601138114929
YKL165C,YOL104C,0,-3.496705,0.1582268476486206,1.0,0.533760130405426
YHL047C,YBR081C,0,-3.4978862,0.1582018882036209,1.0,0.5338601469993591
YEL059C-A,YLR192C,0,-3.4985762,0.1581769436597824,1.0,0.5339601635932922
YLR186W,YMR163C,0,-3.4988554,0.1581519991159439,1.0,0.5340602397918701
YJR098C,YKL008C,0,-3.499477,0.1581270694732666,1.0,0.5341602563858032
YKL112W,YAL022C,0,-3.4997926,0.1581021398305893,1.0,0.5342602729797363
YDL065C,YER137C,0,-3.4999173,0.15807722508907318,1.0,0.5343602895736694
YOR244W,YNL314W,0,-3.4999506,0.15805231034755707,1.0,0.5344603657722473
YIL076W,YKR087C,0,-3.500812,0.15802741050720215,1.0,0.5345603823661804
YAL038W,YPL134C,0,-3.5010772,0.15800252556800842,1.0,0.5346603989601135
YML001W,YLR285W,0,-3.5011387,0.1579776406288147,1.0,0.5347604155540466
YDR311W,YLR342W,0,-3.5011978,0.15795275568962097,1.0,0.5348604321479797
YIL004C,YER130C,0,-3.5018125,0.15792788565158844,1.0,0.5349605083465576
YOR071C,YGR068C,0,-3.5018241,0.1579030156135559,1.0,0.5350605249404907
YHR017W,YDR485C,0,-3.5021384,0.15787816047668457,1.0,0.5351605415344238
YNL335W,YGR095C,0,-3.5025835,0.15785332024097443,1.0,0.5352605581283569
YDL156W,YDR166C,0,-3.5032034,0.15782848000526428,1.0,0.5353606343269348
YDR531W,YLR183C,0,-3.5039232,0.15780365467071533,1.0,0.5354606509208679
YML073C,YKR008W,0,-3.504004,0.15777882933616638,1.0,0.535560667514801
YEL034W,YKL013C,0,-3.5047698,0.15775400400161743,1.0,0.5356606841087341
YDR153C,YKL049C,0,-3.5051303,0.15772920846939087,1.0,0.5357607007026672
YNL265C,YDR446W,0,-3.5054893,0.1577043980360031,1.0,0.5358607769012451
YJR017C,YHR160C,0,-3.505509,0.15767961740493774,1.0,0.5359607934951782
YKR019C,YOL064C,0,-3.5058837,0.15765482187271118,1.0,0.5360608100891113
YDR421W,YML007W,0,-3.5059886,0.157630056142807,1.0,0.5361608266830444
YLR449W,YGL220W,0,-3.5063171,0.15760527551174164,1.0,0.5362609028816223
YHR181W,YDR485C,0,-3.5064561,0.15758052468299866,1.0,0.5363609194755554
YOL102C,YBR039W,0,-3.506764,0.15755575895309448,1.0,0.5364609360694885
YKR044W,YFL055W,0,-3.5069904,0.1575310230255127,1.0,0.5365609526634216
YLR395C,YHR034C,0,-3.5070872,0.1575062870979309,1.0,0.5366609692573547
YIR036C,YAL058W,0,-3.5084958,0.15748155117034912,1.0,0.5367610454559326
YOR058C,YMR272C,0,-3.5085561,0.15745683014392853,1.0,0.5368610620498657
YOR069W,YLR151C,0,-3.5097976,0.15743210911750793,1.0,0.5369610786437988
YLR066W,YMR029C,0,-3.509892,0.15740740299224854,1.0,0.5370610952377319
YDR255C,YGR286C,0,-3.5099378,0.15738271176815033,1.0,0.5371611714363098
YBR097W,YDR349C,0,-3.5102787,0.15735802054405212,1.0,0.5372611880302429
YNR039C,YMR283C,0,-3.510295,0.15733332931995392,1.0,0.537361204624176
YAL003W,YJL071W,0,-3.5107827,0.1573086529970169,1.0,0.5374612212181091
YDR488C,YNL192W,0,-3.5109038,0.1572839915752411,1.0,0.537561297416687
YNR026C,YKL140W,0,-3.5109744,0.15725933015346527,1.0,0.5376613140106201
YHR058C,YOL066C,0,-3.5109763,0.15723468363285065,1.0,0.5377613306045532
YBR275C,YOR285W,0,-3.5113933,0.15721003711223602,1.0,0.5378613471984863
YER141W,YMR182C,0,-3.5114787,0.1571853905916214,1.0,0.5379613637924194
YNL271C,YIR013C,0,-3.511781,0.15716075897216797,1.0,0.5380614399909973
YDL095W,YIR010W,0,-3.5122614,0.15713614225387573,1.0,0.5381614565849304
YMR045C,YIR005W,0,-3.5124006,0.1571115255355835,1.0,0.5382614731788635
YBR012W-B,YHR051W,0,-3.5126445,0.15708692371845245,1.0,0.5383614897727966
YDR103W,YJL050W,0,-3.5129595,0.1570623219013214,1.0,0.5384615659713745
YNL014W,YGL119W,0,-3.5136604,0.15703773498535156,1.0,0.5385615825653076
YDR470C,YLR214W,0,-3.5136657,0.1570131480693817,1.0,0.5386615991592407
YJL052W,YGL212W,0,-3.5140572,0.15698857605457306,1.0,0.5387616157531738
YML026C,YNL095C,0,-3.5148637,0.1569640040397644,1.0,0.5388616323471069
YJL112W,YFR037C,0,-3.5153189,0.15693944692611694,1.0,0.5389617085456848
YKL139W,YIL088C,0,-3.516037,0.15691488981246948,1.0,0.5390617251396179
YGR200C,YMR086W,0,-3.516214,0.15689034759998322,1.0,0.539161741733551
YJL019W,YCR087C-A,0,-3.5165122,0.15686580538749695,1.0,0.5392617583274841
YJR031C,YGL033W,0,-3.516979,0.15684127807617188,1.0,0.539361834526062
YGL175C,YEL004W,0,-3.518611,0.156816765666008,1.0,0.5394618511199951
YBR172C,YGR203W,0,-3.51891,0.15679225325584412,1.0,0.5395618677139282
YDR222W,YPL032C,0,-3.5195043,0.15676774084568024,1.0,0.5396618843078613
YPR028W,YLR289W,0,-3.5200212,0.15674324333667755,1.0,0.5397619009017944
YDR060W,YOR083W,0,-3.521287,0.15671874582767487,1.0,0.5398619771003723
YJR076C,YPR145W,0,-3.5226078,0.15669426321983337,1.0,0.5399619936943054
YNL154C,YPL268W,0,-3.5227373,0.15666979551315308,1.0,0.5400620102882385
YDR236C,YNL305C,0,-3.5229967,0.15664532780647278,1.0,0.5401620268821716
YAL021C,YGL136C,0,-3.5234072,0.15662086009979248,1.0,0.5402621030807495
YDR260C,YBR061C,0,-3.5241618,0.15659640729427338,1.0,0.5403621196746826
YPL022W,YKL198C,0,-3.5242412,0.15657196938991547,1.0,0.5404621362686157
YNR020C,YKR037C,0,-3.5242462,0.15654753148555756,1.0,0.5405621528625488
YCR060W,YGR106C,0,-3.5251288,0.15652309358119965,1.0,0.5406621694564819
YDL069C,YMR116C,0,-3.5257602,0.15649867057800293,1.0,0.5407622456550598
YGL183C,YMR089C,0,-3.5259488,0.1564742624759674,1.0,0.5408622622489929
YJL025W,YEL030W,0,-3.5266335,0.15644985437393188,1.0,0.540962278842926
YPL187W,YOR010C,0,-3.5275645,0.15642544627189636,1.0,0.5410622954368591
YIL117C,YGR263C,0,-3.5278902,0.15640105307102203,1.0,0.541162371635437
YLR272C,YNR010W,0,-3.5279994,0.1563766747713089,1.0,0.5412623882293701
YLR275W,YDR461W,0,-3.5282588,0.15635229647159576,1.0,0.5413624048233032
YPL083C,YKL035W,0,-3.5283732,0.15632793307304382,1.0,0.5414624214172363
YML078W,YNR013C,0,-3.5286028,0.15630356967449188,1.0,0.5415624976158142
YLR148W,YLR208W,0,-3.5290189,0.15627922117710114,1.0,0.5416625142097473
YNL032W,YLL054C,0,-3.5291448,0.1562548726797104,1.0,0.5417625308036804
YKL046C,YGR203W,0,-3.5293283,0.15623052418231964,1.0,0.5418625473976135
YDR210W,YGL170C,0,-3.530287,0.15620620548725128,1.0,0.5419625639915466
YJL101C,YIR013C,0,-3.5305476,0.15618187189102173,1.0,0.5420626401901245
YDR443C,YLR040C,0,-3.5318253,0.15615755319595337,1.0,0.5421626567840576
YGL175C,YBR275C,0,-3.5322635,0.1561332494020462,1.0,0.5422626733779907
YPR028W,YPR121W,0,-3.532532,0.15610894560813904,1.0,0.5423626899719238
YOL129W,YMR079W,0,-3.5335608,0.15608465671539307,1.0,0.5424627661705017
YNR013C,YPR171W,0,-3.5344377,0.1560603678226471,1.0,0.5425627827644348
YDL109C,YPL174C,0,-3.534534,0.15603609383106232,1.0,0.5426627993583679
YLL017W,YOR125C,0,-3.5361528,0.15601181983947754,1.0,0.542762815952301
YBR041W,YBR283C,0,-3.5377092,0.15598756074905396,1.0,0.5428628325462341
YDR236C,YMR297W,0,-3.5383115,0.15596330165863037,1.0,0.542962908744812
YAL039C,YDL095W,0,-3.5389948,0.15593905746936798,1.0,0.5430629253387451
YPL147W,YBR173C,0,-3.5390925,0.1559148132801056,1.0,0.5431629419326782
YKL056C,YDL159W,0,-3.5393548,0.1558905839920044,1.0,0.5432629585266113
YGR054W,YKL020C,0,-3.539423,0.1558663547039032,1.0,0.5433630347251892
YOR190W,YPL032C,0,-3.5411634,0.1558421403169632,1.0,0.5434630513191223
YGR280C,YLR246W,0,-3.5415797,0.1558179259300232,1.0,0.5435630679130554
YML027W,YBL046W,0,-3.5430374,0.15579372644424438,1.0,0.5436630845069885
YDR322W,YER172C,0,-3.5431604,0.15576952695846558,1.0,0.5437631011009216
YMR198W,YKL164C,0,-3.5437348,0.15574534237384796,1.0,0.5438631772994995
YIL143C,YNL220W,0,-3.544754,0.15572115778923035,1.0,0.5439631938934326
YMR150C,YML024W,0,-3.5449245,0.15569698810577393,1.0,0.5440632104873657
YCL010C,YDR059C,0,-3.5450032,0.1556728184223175,1.0,0.5441632270812988
YOR275C,YDR313C,0,-3.545695,0.15564866364002228,1.0,0.5442633032798767
YBR055C,YDR353W,0,-3.5458505,0.15562450885772705,1.0,0.5443633198738098
YJL085W,YHL019C,0,-3.5458906,0.15560036897659302,1.0,0.5444633364677429
YOR100C,YGL130W,0,-3.5464773,0.15557624399662018,1.0,0.544563353061676
YMR291W,YOR008C,0,-3.546715,0.15555210411548615,1.0,0.5446633696556091
YGL208W,YPL194W,0,-3.5470204,0.1555279940366745,1.0,0.544763445854187
YLR381W,YCL004W,0,-3.547387,0.15550386905670166,1.0,0.5448634624481201
YIL067C,YBL009W,0,-3.5482545,0.1554797738790512,1.0,0.5449634790420532
YGL201C,YGL241W,0,-3.5488653,0.15545567870140076,1.0,0.5450634956359863
YDL194W,YDR038C,0,-3.5491428,0.1554315835237503,1.0,0.5451635718345642
YPL078C,YOR311C,0,-3.549191,0.15540750324726105,1.0,0.5452635884284973
YGL174W,YBR001C,0,-3.5505438,0.1553834229707718,1.0,0.5453636050224304
YKR066C,YMR078C,0,-3.550631,0.15535935759544373,1.0,0.5454636216163635
YJL194W,YPL151C,0,-3.5528255,0.15533529222011566,1.0,0.5455636978149414
YGR118W,YMR164C,0,-3.5536296,0.1553112417459488,1.0,0.5456637144088745
YNL224C,YLR316C,0,-3.5537925,0.15528719127178192,1.0,0.5457637310028076
YDL215C,YDR103W,0,-3.5545046,0.15526315569877625,1.0,0.5458637475967407
YDR492W,YHR209W,0,-3.5546274,0.15523912012577057,1.0,0.5459637641906738
YIL006W,YER088C,0,-3.5548062,0.1552150994539261,1.0,0.5460638403892517
YNL097C,YIL126W,0,-3.5561452,0.1551910936832428,1.0,0.5461638569831848
YLR396C,YIL103W,0,-3.5562344,0.15516707301139832,1.0,0.5462638735771179
YMR162C,YGL183C,0,-3.5574577,0.15514308214187622,1.0,0.546363890171051
YOR196C,YBR183W,0,-3.5578303,0.15511909127235413,1.0,0.5464639663696289
YFL039C,YBR128C,0,-3.5579875,0.15509510040283203,1.0,0.546563982963562
YGR001C,YDR013W,0,-3.5580587,0.15507112443447113,1.0,0.5466639995574951
YBR161W,YER115C,0,-3.5586019,0.15504714846611023,1.0,0.5467640161514282
YMR070W,YHR166C,0,-3.5588248,0.15502318739891052,1.0,0.5468640327453613
YNL086W,YLL040C,0,-3.5588279,0.15499922633171082,1.0,0.5469641089439392
YJR160C,YNL323W,0,-3.5599978,0.1549752801656723,1.0,0.5470641255378723
YHL036W,YJR033C,0,-3.5601132,0.1549513339996338,1.0,0.5471641421318054
YPL226W,YER001W,0,-3.5612893,0.15492740273475647,1.0,0.5472641587257385
YML113W,YLR364W,0,-3.5613556,0.15490347146987915,1.0,0.5473642349243164
YCR071C,YGL050W,0,-3.5614707,0.15487955510616302,1.0,0.5474642515182495
YNL271C,YFR036W,0,-3.5617127,0.1548556387424469,1.0,0.5475642681121826
YIL109C,YDR450W,0,-3.5621724,0.15483173727989197,1.0,0.5476642847061157
YBR044C,YNL213C,0,-3.5622187,0.15480783581733704,1.0,0.5477643013000488
YMR100W,YER019C-A,0,-3.5623395,0.1547839492559433,1.0,0.5478643774986267
YNL272C,YDL133C-A,0,-3.5626862,0.15476006269454956,1.0,0.5479643940925598
YBR264C,YPR103W,0,-3.5627537,0.15473619103431702,1.0,0.5480644106864929
YLR308W,YMR235C,0,-3.5631166,0.15471231937408447,1.0,0.548164427280426
YIL027C,YDR214W,0,-3.564446,0.15468846261501312,1.0,0.5482645034790039
YOL149W,YMR223W,0,-3.5645156,0.15466460585594177,1.0,0.548364520072937
YLR099C,YNL197C,0,-3.5650978,0.15464076399803162,1.0,0.5484645366668701
YDR229W,YOR037W,0,-3.565286,0.15461692214012146,1.0,0.5485645532608032
YIL097W,YOR142W,0,-3.5656614,0.1545930951833725,1.0,0.5486645698547363
YMR256C,YPR204W,0,-3.5657973,0.15456926822662354,1.0,0.5487646460533142
YDR123C,YML051W,0,-3.565866,0.15454545617103577,1.0,0.5488646626472473
YDR182W,YLR439W,0,-3.5665386,0.154521644115448,1.0,0.5489646792411804
YOL017W,YBR030W,0,-3.566557,0.15449784696102142,1.0,0.5490646958351135
YMR176W,YML007W,0,-3.5665858,0.15447404980659485,1.0,0.5491647720336914
YJR159W,YNR018W,0,-3.5668263,0.15445026755332947,1.0,0.5492647886276245
YER146W,YML066C,0,-3.5676503,0.1544264853000641,1.0,0.5493648052215576
YCR020W-B,YGR199W,0,-3.569144,0.1544027030467987,1.0,0.5494648218154907
YDL201W,YJR135C,0,-3.569664,0.1543789505958557,1.0,0.5495648980140686
YGL133W,YOL105C,0,-3.5703578,0.15435518324375153,1.0,0.5496649146080017
YNL153C,YOL057W,0,-3.5707288,0.15433143079280853,1.0,0.5497649312019348
YIL020C,YKL220C,0,-3.5715902,0.15430769324302673,1.0,0.5498649477958679
YNL053W,YAR002C-A,0,-3.5719044,0.15428395569324493,1.0,0.549964964389801
YPL074W,YMR208W,0,-3.5719922,0.15426023304462433,1.0,0.5500650405883789
YIL113W,YBR040W,0,-3.5730596,0.15423651039600372,1.0,0.550165057182312
YPR065W,YGR257C,0,-3.5731406,0.15421278774738312,1.0,0.5502650737762451
YER001W,YOR239W,0,-3.5732312,0.1541890799999237,1.0,0.5503650903701782
YBL075C,YBR145W,0,-3.5732384,0.1541653871536255,1.0,0.5504651665687561
YKL025C,YNL093W,0,-3.5744638,0.15414169430732727,1.0,0.5505651831626892
YOL008W,YOR056C,0,-3.5748765,0.15411800146102905,1.0,0.5506651997566223
YJL029C,YNL126W,0,-3.5759892,0.15409432351589203,1.0,0.5507652163505554
YNR013C,YPL048W,0,-3.5770018,0.1540706604719162,1.0,0.5508652329444885
YCR011C,YJL200C,0,-3.5774317,0.15404699742794037,1.0,0.5509653091430664
YDR022C,YOL136C,0,-3.578145,0.15402333438396454,1.0,0.5510653257369995
YNL026W,YDR424C,0,-3.5782096,0.1539996862411499,1.0,0.5511653423309326
YLR371W,YBR287W,0,-3.5798113,0.15397605299949646,1.0,0.5512653589248657
YLR364W,YGR221C,0,-3.5803432,0.15395241975784302,1.0,0.5513654351234436
YPL181W,YER162C,0,-3.5804067,0.15392878651618958,1.0,0.5514654517173767
YBL069W,YGR143W,0,-3.5807605,0.15390516817569733,1.0,0.5515654683113098
YLL039C,YDR229W,0,-3.5810833,0.15388156473636627,1.0,0.5516654849052429
YMR227C,YGL175C,0,-3.5812407,0.15385794639587402,1.0,0.551765501499176
YGR207C,YFR003C,0,-3.5812736,0.15383435785770416,1.0,0.5518655776977539
YBR186W,YGR125W,0,-3.5833993,0.1538107693195343,1.0,0.551965594291687
YDL015C,YNL275W,0,-3.5834932,0.15378718078136444,1.0,0.5520656108856201
YDL107W,YJR032W,0,-3.5857577,0.15376360714435577,1.0,0.5521656274795532
YDR236C,YPR004C,0,-3.5865479,0.1537400335073471,1.0,0.5522657036781311
YIL136W,YFR019W,0,-3.586652,0.15371647477149963,1.0,0.5523657202720642
YHR143W-A,YOR244W,0,-3.5867367,0.15369291603565216,1.0,0.5524657368659973
YMR176W,YNL047C,0,-3.5871391,0.15366937220096588,1.0,0.5525657534599304
YMR257C,YER087C-A,0,-3.5889468,0.1536458283662796,1.0,0.5526657700538635
YNL265C,YJL085W,0,-3.5893092,0.15362229943275452,1.0,0.5527658462524414
YOR237W,YGL135W,0,-3.5896456,0.15359877049922943,1.0,0.5528658628463745
YOL136C,YGR002C,0,-3.5899105,0.15357525646686554,1.0,0.5529658794403076
YDR373W,YLL005C,0,-3.590393,0.15355174243450165,1.0,0.5530658960342407
YBR239C,YIR015W,0,-3.5904675,0.15352824330329895,1.0,0.5531659722328186
YMR080C,YML027W,0,-3.5919733,0.15350474417209625,1.0,0.5532659888267517
YDL107W,YER190W,0,-3.5920699,0.15348125994205475,1.0,0.5533660054206848
YBL036C,YJL165C,0,-3.592633,0.15345777571201324,1.0,0.5534660220146179
YDR266C,YEL050C,0,-3.5928006,0.15343429148197174,1.0,0.5535660982131958
YLR080W,YMR176W,0,-3.5931606,0.15341082215309143,1.0,0.5536661148071289
YPL074W,YGR287C,0,-3.5934825,0.15338736772537231,1.0,0.553766131401062
YDR470C,YKR050W,0,-3.5940623,0.1533639132976532,1.0,0.5538661479949951
YPR063C,YDL174C,0,-3.5942142,0.15334047377109528,1.0,0.5539661645889282
YLR142W,YER148W,0,-3.595607,0.15331703424453735,1.0,0.5540662407875061
YNL087W,YHR060W,0,-3.5971174,0.15329359471797943,1.0,0.5541662573814392
YMR068W,YCR077C,0,-3.5972576,0.1532701700925827,1.0,0.5542662739753723
YKL015W,YGR058W,0,-3.599088,0.15324676036834717,1.0,0.5543662905693054
YEL062W,YER021W,0,-3.599092,0.15322333574295044,1.0,0.5544663667678833
YOR346W,YER172C,0,-3.5993745,0.1531999409198761,1.0,0.5545663833618164
YBR186W,YHR076W,0,-3.5995216,0.15317654609680176,1.0,0.5546663999557495
YCL010C,YOL117W,0,-3.6002028,0.15315315127372742,1.0,0.5547664165496826
YNL182C,YPL163C,0,-3.6016114,0.15312977135181427,1.0,0.5548664331436157
YDR202C,YPL283C,0,-3.6020806,0.15310639142990112,1.0,0.5549665093421936
YDR073W,YJR086W,0,-3.602231,0.15308302640914917,1.0,0.5550665259361267
YBR281C,YLR305C,0,-3.602521,0.15305966138839722,1.0,0.5551665425300598
YLR362W,YOR308C,0,-3.6048157,0.15303631126880646,1.0,0.5552665591239929
YLR089C,YMR277W,0,-3.6049113,0.1530129611492157,1.0,0.5553666353225708
YLR278C,YML111W,0,-3.605166,0.15298962593078613,1.0,0.5554666519165039
YNL064C,YGL003C,0,-3.6053052,0.15296629071235657,1.0,0.555566668510437
YLR135W,YNL073W,0,-3.6053176,0.1529429703950882,1.0,0.5556666851043701
YJL117W,YAL041W,0,-3.6056147,0.15291965007781982,1.0,0.5557667016983032
YJR078W,YGR086C,0,-3.605721,0.15289634466171265,1.0,0.5558667778968811
YOR190W,YBR044C,0,-3.6057358,0.15287303924560547,1.0,0.5559667944908142
YJL053W,YMR106C,0,-3.6062226,0.1528497338294983,1.0,0.5560668110847473
YJR092W,YLR401C,0,-3.6062746,0.1528264582157135,1.0,0.5561668276786804
YPR138C,YBL091C-A,0,-3.6069098,0.15280316770076752,1.0,0.5562669038772583
YHR079C-A,YOR326W,0,-3.6071377,0.15277989208698273,1.0,0.5563669204711914
YPL069C,YPL269W,0,-3.6073823,0.15275663137435913,1.0,0.5564669370651245
YDL036C,YOR008C,0,-3.6074958,0.15273337066173553,1.0,0.5565669536590576
YOR360C,YHL013C,0,-3.6083221,0.15271010994911194,1.0,0.5566670298576355
YIL034C,YML022W,0,-3.608755,0.15268686413764954,1.0,0.5567670464515686
YOR198C,YHR005C-A,0,-3.6092703,0.15266361832618713,1.0,0.5568670630455017
YJR066W,YIR015W,0,-3.6109319,0.15264038741588593,1.0,0.5569670796394348
YNL117W,YER148W,0,-3.611867,0.15261715650558472,1.0,0.5570670962333679
YOL100W,YNL290W,0,-3.6119986,0.1525939404964447,1.0,0.5571671724319458
YDR167W,YPR072W,0,-3.6128101,0.15257073938846588,1.0,0.5572671890258789
YBR095C,YML006C,0,-3.6130128,0.15254752337932587,1.0,0.557367205619812
YOR067C,YLL017W,0,-3.6145954,0.15252433717250824,1.0,0.5574672222137451
YKL176C,YDL056W,0,-3.6146975,0.15250113606452942,1.0,0.557567298412323
YOR155C,YNL086W,0,-3.614818,0.1524779498577118,1.0,0.5576673150062561
YHR074W,YFR041C,0,-3.614874,0.15245477855205536,1.0,0.5577673316001892
YDR130C,YNL327W,0,-3.6152573,0.15243160724639893,1.0,0.5578673481941223
YIL155C,YHR085W,0,-3.6157866,0.1524084508419037,1.0,0.5579673647880554
YPL083C,YHR061C,0,-3.6167355,0.15238529443740845,1.0,0.5580674409866333
YIL023C,YCR028C-A,0,-3.6172876,0.1523621380329132,1.0,0.5581674575805664
YKL209C,YMR167W,0,-3.617703,0.15233899652957916,1.0,0.5582674741744995
YNL265C,YPR111W,0,-3.617943,0.1523158699274063,1.0,0.5583674907684326
YPR052C,YMR060C,0,-3.618617,0.15229274332523346,1.0,0.5584675669670105
YHR175W,YEL054C,0,-3.6197953,0.1522696167230606,1.0,0.5585675835609436
YKL184W,YJL046W,0,-3.6206002,0.15224650502204895,1.0,0.5586676001548767
YOR270C,YDL133C-A,0,-3.621049,0.1522234082221985,1.0,0.5587676167488098
YML070W,YER036C,0,-3.6212025,0.15220029652118683,1.0,0.5588676333427429
YKL089W,YBR276C,0,-3.622613,0.15217721462249756,1.0,0.5589677095413208
YFL004W,YDR486C,0,-3.622713,0.1521541327238083,1.0,0.5590677261352539
YMR240C,YJL156C,0,-3.623403,0.15213105082511902,1.0,0.559167742729187
YKL008C,YNL301C,0,-3.6239307,0.15210798382759094,1.0,0.5592677593231201
YER114C,YDR347W,0,-3.624403,0.15208491683006287,1.0,0.559367835521698
YER054C,YGR128C,0,-3.6246605,0.1520618498325348,1.0,0.5594678521156311
YJL002C,YOL141W,0,-3.6249437,0.1520388126373291,1.0,0.5595678687095642
YBR097W,YGR218W,0,-3.6256611,0.15201576054096222,1.0,0.5596678853034973
YPL033C,YDR142C,0,-3.6268067,0.15199272334575653,1.0,0.5597679018974304
YMR309C,YPL028W,0,-3.6278539,0.15196970105171204,1.0,0.5598679780960083
YCL038C,YGL200C,0,-3.628261,0.15194667875766754,1.0,0.5599679946899414
YLR096W,YJR032W,0,-3.6290739,0.15192365646362305,1.0,0.5600680112838745
YER166W,YMR167W,0,-3.6292558,0.15190064907073975,1.0,0.5601680278778076
YER042W,YJR001W,0,-3.6295443,0.15187765657901764,1.0,0.5602681040763855
YGL173C,YER022W,0,-3.629809,0.15185464918613434,1.0,0.5603681206703186
YKR030W,YPR140W,0,-3.6301484,0.15183167159557343,1.0,0.5604681372642517
YIL124W,YNL096C,0,-3.6305737,0.1518086940050125,1.0,0.5605681538581848
YMR298W,YOR244W,0,-3.6309748,0.1517857164144516,1.0,0.5606682300567627
YPR006C,YLR447C,0,-3.6315355,0.15176275372505188,1.0,0.5607682466506958
YPL032C,YER173W,0,-3.631654,0.15173979103565216,1.0,0.5608682632446289
YLR064W,YNL248C,0,-3.6320004,0.15171682834625244,1.0,0.560968279838562
YOL110W,YOL149W,0,-3.6335135,0.1516938954591751,1.0,0.5610682964324951
YDR060W,YER173W,0,-3.633768,0.15167094767093658,1.0,0.561168372631073
YOR174W,YJL066C,0,-3.6340656,0.15164801478385925,1.0,0.5612683892250061
YGR076C,YGL212W,0,-3.6346018,0.15162509679794312,1.0,0.5613684058189392
YPL123C,YBL084C,0,-3.6352527,0.15160217881202698,1.0,0.5614684224128723
YPL046C,YGR077C,0,-3.635457,0.15157926082611084,1.0,0.5615684986114502
YKR069W,YGL068W,0,-3.6357107,0.1515563577413559,1.0,0.5616685152053833
YDL101C,YBL054W,0,-3.6359646,0.15153346955776215,1.0,0.5617685317993164
YDL002C,YKR098C,0,-3.636772,0.1515105813741684,1.0,0.5618685483932495
YBR067C,YIL044C,0,-3.6369786,0.15148769319057465,1.0,0.5619685649871826
YMR296C,YKL206C,0,-3.6372962,0.1514648199081421,1.0,0.5620686411857605
YIL109C,YDR047W,0,-3.637966,0.15144194662570953,1.0,0.5621686577796936
YKL074C,YER027C,0,-3.63804,0.15141908824443817,1.0,0.5622686743736267
YLR308W,YDR013W,0,-3.6396298,0.1513962298631668,1.0,0.5623686909675598
YER082C,YJR022W,0,-3.640418,0.15137337148189545,1.0,0.5624687671661377
YPL149W,YLR178C,0,-3.6405883,0.15135054290294647,1.0,0.5625687837600708
YDR239C,YDR038C,0,-3.6426024,0.1513276994228363,1.0,0.5626688003540039
YLR025W,YKL116C,0,-3.6432304,0.15130487084388733,1.0,0.562768816947937
YPR102C,YOR367W,0,-3.6437764,0.15128205716609955,1.0,0.5628688335418701
YFL048C,YLL033W,0,-3.6441894,0.15125924348831177,1.0,0.562968909740448
YNL232W,YKR080W,0,-3.6442816,0.151236429810524,1.0,0.5630689263343811
YKR038C,YLR381W,0,-3.6442962,0.1512136310338974,1.0,0.5631689429283142
YNL153C,YLR316C,0,-3.6445982,0.1511908322572708,1.0,0.5632689595222473
YMR037C,YGR271C-A,0,-3.6452267,0.15116804838180542,1.0,0.5633690357208252
YGR118W,YGR225W,0,-3.6461115,0.15114526450634003,1.0,0.5634690523147583
YFL053W,YNR006W,0,-3.6478853,0.15112249553203583,1.0,0.5635690689086914
YPL045W,YOR116C,0,-3.648315,0.15109972655773163,1.0,0.5636690855026245
YLR446W,YBR105C,0,-3.6486344,0.15107697248458862,1.0,0.5637691020965576
YDR298C,YHR207C,0,-3.6490188,0.15105421841144562,1.0,0.5638691782951355
YKR105C,YJL148W,0,-3.649106,0.1510314643383026,1.0,0.5639691948890686
YNL090W,YCL010C,0,-3.6491814,0.1510087251663208,1.0,0.5640692114830017
YER026C,YOR388C,0,-3.6492722,0.15098600089550018,1.0,0.5641692280769348
YFL034C-A,YAL053W,0,-3.6493387,0.15096327662467957,1.0,0.5642693042755127
YPL079W,YMR200W,0,-3.6493762,0.15094055235385895,1.0,0.5643693208694458
YNL110C,YER019W,0,-3.6494021,0.15091784298419952,1.0,0.5644693374633789
YGR013W,YMR051C,0,-3.6503062,0.1508951336145401,1.0,0.564569354057312
YGL137W,YLR389C,0,-3.6503096,0.15087243914604187,1.0,0.5646694302558899
YPR082C,YIL103W,0,-3.6525798,0.15084974467754364,1.0,0.564769446849823
YBR083W,YPL068C,0,-3.6528852,0.1508270651102066,1.0,0.5648694634437561
YCL018W,YBL098W,0,-3.6532311,0.15080438554286957,1.0,0.5649694800376892
YDL005C,YNR046W,0,-3.6534843,0.15078172087669373,1.0,0.5650694966316223
YDL025C,YOL043C,0,-3.6553526,0.15075905621051788,1.0,0.5651695728302002
YBR215W,YKL096W-A,0,-3.6554675,0.15073640644550323,1.0,0.5652695894241333
YDR371W,YPL086C,0,-3.6556878,0.1507137417793274,1.0,0.5653696060180664
YKL186C,YDL080C,0,-3.6559138,0.15069110691547394,1.0,0.5654696226119995
YOL004W,YBL079W,0,-3.6560483,0.15066847205162048,1.0,0.5655696988105774
YOR239W,YLR153C,0,-3.6562643,0.15064583718776703,1.0,0.5656697154045105
YEL052W,YEL013W,0,-3.6562738,0.15062321722507477,1.0,0.5657697319984436
YOR346W,YNL281W,0,-3.6564593,0.1506005972623825,1.0,0.5658697485923767
YPL155C,YPR025C,0,-3.6567445,0.15057799220085144,1.0,0.5659697651863098
YIL115C,YKR087C,0,-3.6572518,0.15055538713932037,1.0,0.5660698413848877
YCL047C,YIL159W,0,-3.6580005,0.1505327969789505,1.0,0.5661698579788208
YMR099C,YER118C,0,-3.6581597,0.15051020681858063,1.0,0.5662698745727539
YDR512C,YMR164C,0,-3.6581962,0.15048761665821075,1.0,0.566369891166687
YJR036C,YDR101C,0,-3.6589813,0.15046504139900208,1.0,0.5664699673652649
YLL034C,YDL197C,0,-3.6590939,0.1504424810409546,1.0,0.566569983959198
YJL010C,YKR105C,0,-3.6592836,0.1504199206829071,1.0,0.5666700005531311
YHR081W,YIR009W,0,-3.6593008,0.15039736032485962,1.0,0.5667700171470642
YCL032W,YDR056C,0,-3.6597414,0.15037481486797333,1.0,0.5668700337409973
YBR215W,YIL044C,0,-3.6600552,0.15035226941108704,1.0,0.5669701099395752
YER162C,YPL271W,0,-3.6603503,0.15032973885536194,1.0,0.5670701265335083
YJL042W,YFR046C,0,-3.6605153,0.15030720829963684,1.0,0.5671701431274414
YNL148C,YOR168W,0,-3.660597,0.15028469264507294,1.0,0.5672701597213745
YNL101W,YPR080W,0,-3.661089,0.15026217699050903,1.0,0.5673702359199524
YGL158W,YOL066C,0,-3.6611862,0.15023966133594513,1.0,0.5674702525138855
YDR146C,YDR138W,0,-3.661727,0.15021716058254242,1.0,0.5675702691078186
YER045C,YKR097W,0,-3.6619313,0.1501946747303009,1.0,0.5676702857017517
YGR183C,YDR126W,0,-3.6620493,0.1501721888780594,1.0,0.5677703022956848
YPL026C,YGL150C,0,-3.662413,0.15014970302581787,1.0,0.5678703784942627
YBR264C,YHR025W,0,-3.6627574,0.15012723207473755,1.0,0.5679703950881958
YFL009W,YDL194W,0,-3.663061,0.15010476112365723,1.0,0.5680704116821289
YOL004W,YKL007W,0,-3.6640453,0.1500823050737381,1.0,0.568170428276062
YGL208W,YIL031W,0,-3.6646402,0.15005984902381897,1.0,0.5682705044746399
YPR119W,YER019W,0,-3.6665797,0.15003739297389984,1.0,0.568370521068573
YJR010W,YBR187W,0,-3.6668856,0.1500149518251419,1.0,0.5684705376625061
YBR231C,YIL113W,0,-3.6674109,0.14999252557754517,1.0,0.5685705542564392
YEL030W,YDR419W,0,-3.6690307,0.14997009932994843,1.0,0.5686706304550171
YPL149W,YMR061W,0,-3.6695678,0.14994767308235168,1.0,0.5687706470489502
YHR019C,YDR013W,0,-3.670127,0.14992526173591614,1.0,0.5688706636428833
YBR096W,YNL047C,0,-3.6701977,0.1499028503894806,1.0,0.5689706802368164
YDL104C,YNL293W,0,-3.671968,0.14988045394420624,1.0,0.5690706968307495
YOR162C,YJR082C,0,-3.6735198,0.14985805749893188,1.0,0.5691707730293274
YCR069W,YOR303W,0,-3.6737223,0.14983567595481873,1.0,0.5692707896232605
YLR201C,YGL017W,0,-3.6740289,0.14981329441070557,1.0,0.5693708062171936
YCR023C,YEL036C,0,-3.6746922,0.1497909128665924,1.0,0.5694708228111267
YGL031C,YGR121C,0,-3.67485,0.14976854622364044,1.0,0.5695708990097046
YOR251C,YJL165C,0,-3.6749196,0.14974619448184967,1.0,0.5696709156036377
YHR036W,YGR222W,0,-3.6763015,0.1497238427400589,1.0,0.5697709321975708
YDR347W,YDR522C,0,-3.676588,0.14970149099826813,1.0,0.5698709487915039
YFL057C,YBR274W,0,-3.6769052,0.14967915415763855,1.0,0.569970965385437
YCR052W,YEL026W,0,-3.6772914,0.14965681731700897,1.0,0.5700710415840149
YDR240C,YLL009C,0,-3.6773262,0.1496344953775406,1.0,0.570171058177948
YBR223C,YGL210W,0,-3.6782393,0.1496121734380722,1.0,0.5702710747718811
YKL164C,YPL153C,0,-3.678378,0.14958985149860382,1.0,0.5703710913658142
YOR178C,YOL158C,0,-3.6790268,0.14956754446029663,1.0,0.5704711675643921
YDR153C,YDR143C,0,-3.6797798,0.14954525232315063,1.0,0.5705711841583252
YOR197W,YHR176W,0,-3.680385,0.14952296018600464,1.0,0.5706712007522583
YMR288W,YOL133W,0,-3.6807828,0.14950066804885864,1.0,0.5707712173461914
YHR105W,YMR070W,0,-3.6809843,0.14947839081287384,1.0,0.5708712339401245
YBL093C,YDL061C,0,-3.6810212,0.14945611357688904,1.0,0.5709713101387024
YHR153C,YJL219W,0,-3.6811175,0.14943385124206543,1.0,0.5710713267326355
YJL048C,YNR057C,0,-3.6812663,0.14941158890724182,1.0,0.5711713433265686
YNR072W,YGL001C,0,-3.6819606,0.1493893414735794,1.0,0.5712713599205017
YOR208W,YDR195W,0,-3.6831784,0.149367094039917,1.0,0.5713714361190796
YDL205C,YLR453C,0,-3.683234,0.14934484660625458,1.0,0.5714714527130127
YJR040W,YFR001W,0,-3.683301,0.14932261407375336,1.0,0.5715714693069458
YML129C,YML051W,0,-3.6837144,0.14930038154125214,1.0,0.5716714859008789
YBR058C,YMR282C,0,-3.684867,0.1492781639099121,1.0,0.571771502494812
YBR058C,YKL082C,0,-3.6851027,0.14925594627857208,1.0,0.5718715786933899
YDR486C,YJL189W,0,-3.686572,0.14923374354839325,1.0,0.571971595287323
YJR031C,YHR135C,0,-3.686918,0.14921154081821442,1.0,0.5720716118812561
YDR294C,YOR287C,0,-3.6870492,0.14918935298919678,1.0,0.5721716284751892
YJL092W,YCR087C-A,0,-3.687379,0.14916716516017914,1.0,0.5722717046737671
YLR424W,YLR332W,0,-3.6875226,0.1491449773311615,1.0,0.5723717212677002
YDR358W,YLR192C,0,-3.6879659,0.14912280440330505,1.0,0.5724717378616333
YNR044W,YOR304C-A,0,-3.6895733,0.1491006463766098,1.0,0.5725717544555664
YOL112W,YHR064C,0,-3.6922193,0.14907847344875336,1.0,0.5726718306541443
YGR133W,YOR307C,0,-3.6923246,0.1490563303232193,1.0,0.5727718472480774
YPR149W,YOR148C,0,-3.6932335,0.14903417229652405,1.0,0.5728718638420105
YBR106W,YCL061C,0,-3.6934824,0.14901202917099,1.0,0.5729718804359436
YGL183C,YMR319C,0,-3.6937113,0.14898990094661713,1.0,0.5730718970298767
YGR203W,YKL001C,0,-3.6938887,0.14896777272224426,1.0,0.5731719732284546
YKL067W,YER051W,0,-3.6945488,0.1489456444978714,1.0,0.5732719898223877
YMR117C,YDL047W,0,-3.6945987,0.14892353117465973,1.0,0.5733720064163208
YJR138W,YIL122W,0,-3.694757,0.14890141785144806,1.0,0.5734720230102539
YDL190C,YEL058W,0,-3.6950035,0.14887931942939758,1.0,0.5735720992088318
YLR332W,YOL034W,0,-3.695483,0.1488572210073471,1.0,0.5736721158027649
YIL074C,YOR182C,0,-3.695928,0.14883513748645782,1.0,0.573772132396698
YDR076W,YLR106C,0,-3.6959894,0.14881305396556854,1.0,0.5738721489906311
YPR125W,YFR036W,0,-3.6964445,0.14879098534584045,1.0,0.5739721655845642
YDL045W-A,YPR025C,0,-3.6966329,0.14876891672611237,1.0,0.5740722417831421
YIR012W,YBR105C,0,-3.6970088,0.14874684810638428,1.0,0.5741722583770752
YDR247W,YLR298C,0,-3.6975682,0.14872479438781738,1.0,0.5742722749710083
YNL265C,YMR037C,0,-3.698475,0.1487027406692505,1.0,0.5743722915649414
YLR100W,YML077W,0,-3.699341,0.1486807018518448,1.0,0.5744723677635193
YER147C,YPR029C,0,-3.6994267,0.1486586630344391,1.0,0.5745723843574524
YDR162C,YNL244C,0,-3.7000651,0.14863663911819458,1.0,0.5746724009513855
YDL066W,YNL152W,0,-3.7002892,0.14861461520195007,1.0,0.5747724175453186
YIL128W,YBR093C,0,-3.700409,0.14859259128570557,1.0,0.5748724341392517
YGL086W,YBR213W,0,-3.7024765,0.14857058227062225,1.0,0.5749725103378296
YBR145W,YKL020C,0,-3.7026742,0.14854857325553894,1.0,0.5750725269317627
YMR004W,YDR390C,0,-3.70291,0.14852657914161682,1.0,0.5751725435256958
YJR112W,YLR404W,0,-3.7030926,0.1485045850276947,1.0,0.5752725601196289
YDR072C,YNL049C,0,-3.7039368,0.14848260581493378,1.0,0.5753726363182068
YMR239C,YKL041W,0,-3.704578,0.14846062660217285,1.0,0.5754726529121399
YOR389W,YDR006C,0,-3.7049203,0.14843866229057312,1.0,0.575572669506073
YOR180C,YML094W,0,-3.7050447,0.1484166979789734,1.0,0.5756726861000061
YGR292W,YER065C,0,-3.7056408,0.14839473366737366,1.0,0.5757727026939392
YHR191C,YKR024C,0,-3.7069292,0.14837278425693512,1.0,0.5758727788925171
YLR099C,YLR427W,0,-3.7075129,0.14835083484649658,1.0,0.5759727954864502
YFL034C-B,YDR156W,0,-3.7075655,0.14832890033721924,1.0,0.5760728120803833
YJL156C,YBL088C,0,-3.7077513,0.1483069658279419,1.0,0.5761728286743164
YPL033C,YJR002W,0,-3.7083588,0.14828503131866455,1.0,0.5762729048728943
YOL102C,YDR050C,0,-3.7096045,0.1482631117105484,1.0,0.5763729214668274
YPL123C,YMR046C,0,-3.7097435,0.14824120700359344,1.0,0.5764729380607605
YBR216C,YNR010W,0,-3.710352,0.1482193022966385,1.0,0.5765729546546936
YMR013C,YPL016W,0,-3.7108433,0.14819739758968353,1.0,0.5766730308532715
YBR087W,YNR061C,0,-3.7121863,0.14817550778388977,1.0,0.5767730474472046
YCR088W,YMR272C,0,-3.7126465,0.148153617978096,1.0,0.5768730640411377
YBR231C,YHR176W,0,-3.713035,0.14813174307346344,1.0,0.5769730806350708
YNL206C,YJR004C,0,-3.7135472,0.14810986816883087,1.0,0.5770730972290039
YDR285W,YML008C,0,-3.7136004,0.1480879932641983,1.0,0.5771731734275818
YOR388C,YDR330W,0,-3.7140465,0.14806613326072693,1.0,0.5772731900215149
YPR198W,YDL035C,0,-3.714477,0.14804427325725555,1.0,0.577373206615448
YNL115C,YDR267C,0,-3.7146726,0.14802242815494537,1.0,0.5774732232093811
YBL017C,YGL185C,0,-3.714963,0.1480005830526352,1.0,0.577573299407959
YDL101C,YDR228C,0,-3.7153401,0.1479787528514862,1.0,0.5776733160018921
YLR440C,YDR113C,0,-3.7160885,0.14795692265033722,1.0,0.5777733325958252
YGL023C,YGL123W,0,-3.7166445,0.14793510735034943,1.0,0.5778733491897583
YJR147W,YHL002W,0,-3.7170105,0.14791329205036163,1.0,0.5779733657836914
YDR326C,YDR460W,0,-3.7181349,0.14789147675037384,1.0,0.5780734419822693
YLR098C,YKR046C,0,-3.7213526,0.14786967635154724,1.0,0.5781734585762024
YNL329C,YCL059C,0,-3.7222567,0.14784787595272064,1.0,0.5782734751701355
YGR108W,YGR092W,0,-3.7225313,0.14782609045505524,1.0,0.5783734917640686
YBR074W,YNL085W,0,-3.7228937,0.14780430495738983,1.0,0.5784735679626465
YNL212W,YNL049C,0,-3.7230124,0.14778251945972443,1.0,0.5785735845565796
YFL052W,YDR107C,0,-3.7230606,0.14776074886322021,1.0,0.5786736011505127
YBR239C,YOR243C,0,-3.7231312,0.1477389931678772,1.0,0.5787736177444458
YOR198C,YBL074C,0,-3.7235742,0.14771723747253418,1.0,0.5788736343383789
YBR154C,YGL003C,0,-3.724232,0.14769548177719116,1.0,0.5789737105369568
YLR459W,YJL154C,0,-3.7244368,0.14767374098300934,1.0,0.5790737271308899
YDL122W,YBR156C,0,-3.7246869,0.14765200018882751,1.0,0.579173743724823
YOR221C,YGL211W,0,-3.7251084,0.1476302593946457,1.0,0.5792737603187561
YJR025C,YMR122W-A,0,-3.7256389,0.14760853350162506,1.0,0.579373836517334
YOL117W,YMR112C,0,-3.7266107,0.14758682250976562,1.0,0.5794738531112671
YJL149W,YGL191W,0,-3.7266297,0.147565096616745,1.0,0.5795738697052002
YDR341C,YDR071C,0,-3.726726,0.14754340052604675,1.0,0.5796738862991333
YIL109C,YNL030W,0,-3.729056,0.14752168953418732,1.0,0.5797739028930664
YAL039C,YKL117W,0,-3.7295055,0.14749999344348907,1.0,0.5798739790916443
YKL042W,YBL023C,0,-3.729521,0.14747831225395203,1.0,0.5799739956855774
YGL060W,YPL149W,0,-3.7299194,0.14745663106441498,1.0,0.5800740122795105
YER051W,YKR050W,0,-3.7301164,0.14743494987487793,1.0,0.5801740288734436
YDR214W,YLR332W,0,-3.7304213,0.14741328358650208,1.0,0.5802741050720215
YLR029C,YIR035C,0,-3.7304788,0.14739161729812622,1.0,0.5803741216659546
YHR166C,YOR070C,0,-3.730692,0.14736996591091156,1.0,0.5804741382598877
YIL171W,YJR121W,0,-3.7312799,0.1473483145236969,1.0,0.5805741548538208
YDL181W,YHL033C,0,-3.731588,0.14732667803764343,1.0,0.5806742310523987
YER110C,YOR388C,0,-3.7316732,0.14730504155158997,1.0,0.5807742476463318
YLR013W,YOR141C,0,-3.7329388,0.1472834050655365,1.0,0.5808742642402649
YDL107W,YGR169C,0,-3.7333941,0.14726178348064423,1.0,0.580974280834198
YOR198C,YCR083W,0,-3.733508,0.14724016189575195,1.0,0.5810742974281311
YPR047W,YDR043C,0,-3.7345605,0.14721855521202087,1.0,0.581174373626709
YAL022C,YGR186W,0,-3.734761,0.1471969485282898,1.0,0.5812743902206421
YLR221C,YPR070W,0,-3.7351851,0.14717534184455872,1.0,0.5813744068145752
YNL272C,YDR164C,0,-3.7353106,0.14715375006198883,1.0,0.5814744234085083
YHL018W,YBR298C,0,-3.7360077,0.14713217318058014,1.0,0.5815744996070862
YPL258C,YBR081C,0,-3.736039,0.14711059629917145,1.0,0.5816745162010193
YBR040W,YEL064C,0,-3.7369113,0.14708901941776276,1.0,0.5817745327949524
YGR183C,YLR369W,0,-3.7369695,0.14706744253635406,1.0,0.5818745493888855
YIL157C,YBR276C,0,-3.7370996,0.14704588055610657,1.0,0.5819745659828186
YMR198W,YNL254C,0,-3.7373867,0.14702433347702026,1.0,0.5820746421813965
YCR010C,YPL190C,0,-3.737413,0.14700278639793396,1.0,0.5821746587753296
YHL034C,YLR134W,0,-3.7375321,0.14698123931884766,1.0,0.5822746753692627
YMR287C,YFR036W,0,-3.7379055,0.14695970714092255,1.0,0.5823746919631958
YMR049C,YGR013W,0,-3.7382154,0.14693817496299744,1.0,0.5824747681617737
YMR016C,YJL072C,0,-3.7396798,0.14691665768623352,1.0,0.5825747847557068
YDR416W,YDR141C,0,-3.739917,0.1468951404094696,1.0,0.5826748013496399
YBR289W,YGL136C,0,-3.7402184,0.1468736231327057,1.0,0.582774817943573
YEL052W,YLR373C,0,-3.7404513,0.14685212075710297,1.0,0.5828748345375061
YNL160W,YBR093C,0,-3.742671,0.14683061838150024,1.0,0.582974910736084
YMR030W,YAL021C,0,-3.7430353,0.14680913090705872,1.0,0.5830749273300171
YKR018C,YML074C,0,-3.7435308,0.1467876434326172,1.0,0.5831749439239502
YML077W,YOR298C-A,0,-3.7439342,0.14676617085933685,1.0,0.5832749605178833
YKL088W,YOL094C,0,-3.744816,0.14674469828605652,1.0,0.5833750367164612
YCR096C,YDR050C,0,-3.7455602,0.14672322571277618,1.0,0.5834750533103943
YEL059C-A,YJL143W,0,-3.7466369,0.14670176804065704,1.0,0.5835750699043274
YJR010C-A,YKL127W,0,-3.748347,0.1466803103685379,1.0,0.5836750864982605
YOR142W,YER020W,0,-3.7490695,0.14665886759757996,1.0,0.5837751030921936
YOR304C-A,YLR318W,0,-3.7493627,0.146637424826622,1.0,0.5838751792907715
YER173W,YMR239C,0,-3.750163,0.14661599695682526,1.0,0.5839751958847046
YGL232W,YDR163W,0,-3.75027,0.1465945690870285,1.0,0.5840752124786377
YBR022W,YOL010W,0,-3.7515764,0.14657314121723175,1.0,0.5841752290725708
YIL142W,YOR256C,0,-3.7518735,0.1465517282485962,1.0,0.5842753052711487
YKL221W,YLR035C-A,0,-3.7524147,0.14653031527996063,1.0,0.5843753218650818
YDL114W,YOL138C,0,-3.7526498,0.14650891721248627,1.0,0.5844753384590149
YLR342W,YBR021W,0,-3.7526867,0.1464875191450119,1.0,0.584575355052948
YEL047C,YJR078W,0,-3.7529612,0.14646612107753754,1.0,0.5846754312515259
YPL121C,YFR003C,0,-3.753544,0.14644473791122437,1.0,0.584775447845459
YML028W,YLR237W,0,-3.7536135,0.1464233547449112,1.0,0.5848754644393921
YMR291W,YPR183W,0,-3.758048,0.14640198647975922,1.0,0.5849754810333252
YGL250W,YPR096C,0,-3.7587018,0.14638061821460724,1.0,0.5850754976272583
YLR014C,YOL028C,0,-3.758933,0.14635926485061646,1.0,0.5851755738258362
YOR077W,YBR039W,0,-3.759542,0.14633791148662567,1.0,0.5852755904197693
YAL017W,YKL201C,0,-3.760122,0.1463165581226349,1.0,0.5853756070137024
YIR012W,YOR362C,0,-3.7602682,0.1462952196598053,1.0,0.5854756236076355
YGR049W,YDR454C,0,-3.7608044,0.1462738811969757,1.0,0.5855756998062134
YMR150C,YDR462W,0,-3.7610822,0.1462525576353073,1.0,0.5856757164001465
YDR263C,YKL107W,0,-3.7612078,0.14623123407363892,1.0,0.5857757329940796
YLR098C,YBL050W,0,-3.7620816,0.14620991051197052,1.0,0.5858757495880127
YNL053W,YFR021W,0,-3.7621887,0.14618860185146332,1.0,0.5859757661819458
YGL013C,YNL124W,0,-3.762806,0.14616729319095612,1.0,0.5860758423805237
YDR073W,YNL147W,0,-3.7632525,0.1461459994316101,1.0,0.5861758589744568
YKL203C,YOR362C,0,-3.7644129,0.1461247056722641,1.0,0.5862758755683899
YGR207C,YGL249W,0,-3.7644944,0.14610342681407928,1.0,0.586375892162323
YEL070W,YDR329C,0,-3.764668,0.14608214795589447,1.0,0.5864759683609009
YER168C,YKR028W,0,-3.7654042,0.14606086909770966,1.0,0.586575984954834
YGL100W,YMR145C,0,-3.7656875,0.14603960514068604,1.0,0.5866760015487671
YOL031C,YJL085W,0,-3.7659788,0.14601834118366241,1.0,0.5867760181427002
YJL130C,YDR090C,0,-3.7660809,0.1459970921278,1.0,0.5868760347366333
YOR279C,YER130C,0,-3.766974,0.14597584307193756,1.0,0.5869761109352112
YJR028W,YGR008C,0,-3.7672973,0.14595459401607513,1.0,0.5870761275291443
YFL010W-A,YDR164C,0,-3.767459,0.1459333598613739,1.0,0.5871761441230774
YER004W,YPL249C,0,-3.7675476,0.14591212570667267,1.0,0.5872761607170105
YDR247W,YOL104C,0,-3.768208,0.14589090645313263,1.0,0.5873762369155884
YML028W,YDR461W,0,-3.7682116,0.1458696871995926,1.0,0.5874762535095215
YGR076C,YJL123C,0,-3.7692702,0.14584848284721375,1.0,0.5875762701034546
YOR338W,YNR049C,0,-3.7695868,0.1458272784948349,1.0,0.5876762866973877
YKR066C,YLR304C,0,-3.7696397,0.14580607414245605,1.0,0.5877763032913208
YOL008W,YOR007C,0,-3.7717764,0.1457848846912384,1.0,0.5878763794898987
YOL031C,YPL030W,0,-3.7721386,0.14576369524002075,1.0,0.5879763960838318
YCR067C,YOR246C,0,-3.7733278,0.1457425206899643,1.0,0.5880764126777649
YMR304W,YJR060W,0,-3.773602,0.14572134613990784,1.0,0.588176429271698
YOR153W,YML087C,0,-3.773773,0.14570017158985138,1.0,0.5882765054702759
YML081C-A,YDR478W,0,-3.774264,0.14567901194095612,1.0,0.588376522064209
YKL020C,YPL037C,0,-3.7760391,0.14565785229206085,1.0,0.5884765386581421
YPR052C,YMR266W,0,-3.776647,0.14563670754432678,1.0,0.5885765552520752
YER115C,YLR286C,0,-3.7769003,0.1456155627965927,1.0,0.5886766314506531
YPR026W,YMR094W,0,-3.7769322,0.14559443295001984,1.0,0.5887766480445862
YLR130C,YDR363W-A,0,-3.777068,0.14557328820228577,1.0,0.5888766646385193
YDR140W,YPL110C,0,-3.7776084,0.14555217325687408,1.0,0.5889766812324524
YBR261C,YIL112W,0,-3.7780352,0.1455310434103012,1.0,0.5890766978263855
YOR176W,YGL174W,0,-3.7785215,0.14550994336605072,1.0,0.5891767740249634
YER074W,YIR033W,0,-3.7797241,0.14548882842063904,1.0,0.5892767906188965
YLR040C,YMR136W,0,-3.7798903,0.14546772837638855,1.0,0.5893768072128296
YFR019W,YDR411C,0,-3.7799997,0.14544662833213806,1.0,0.5894768238067627
YDR533C,YPL037C,0,-3.780205,0.14542554318904877,1.0,0.5895769000053406
YGL208W,YKL071W,0,-3.780542,0.14540445804595947,1.0,0.5896769165992737
YML123C,YBR058C,0,-3.7806084,0.14538338780403137,1.0,0.5897769331932068
YMR119W,YOR297C,0,-3.7821927,0.14536231756210327,1.0,0.5898769497871399
YLR342W,YCR024C-A,0,-3.7824738,0.14534126222133636,1.0,0.589976966381073
YDR331W,YOL128C,0,-3.7831485,0.14532019197940826,1.0,0.5900770425796509
YHR188C,YBL004W,0,-3.7843227,0.14529915153980255,1.0,0.590177059173584
YDR073W,YDL194W,0,-3.7843642,0.14527809619903564,1.0,0.5902770757675171
YKR006C,YPR103W,0,-3.7846136,0.14525705575942993,1.0,0.5903770923614502
YER054C,YBR167C,0,-3.7847326,0.1452360302209854,1.0,0.5904771685600281
YAL058W,YDL045W-A,0,-3.7849805,0.1452150046825409,1.0,0.5905771851539612
YNL136W,YOR216C,0,-3.7862582,0.14519397914409637,1.0,0.5906772017478943
YLL012W,YDR032C,0,-3.7865064,0.14517296850681305,1.0,0.5907772183418274
YJL115W,YPR091C,0,-3.7867708,0.14515195786952972,1.0,0.5908772349357605
YML114C,YPL274W,0,-3.786869,0.1451309472322464,1.0,0.5909773111343384
YHR209W,YPL240C,0,-3.7871113,0.14510995149612427,1.0,0.5910773277282715
YBL075C,YBR074W,0,-3.787323,0.14508895576000214,1.0,0.5911773443222046
YJR145C,YPR171W,0,-3.787523,0.1450679749250412,1.0,0.5912773609161377
YOL049W,YDR141C,0,-3.788329,0.14504699409008026,1.0,0.5913774371147156
YJR119C,YPL134C,0,-3.788423,0.14502602815628052,1.0,0.5914774537086487
YCR081W,YOR284W,0,-3.7891235,0.14500506222248077,1.0,0.5915774703025818
YLR403W,YPR182W,0,-3.789718,0.14498409628868103,1.0,0.5916774868965149
YJL164C,YDL051W,0,-3.7903578,0.14496314525604248,1.0,0.591777503490448
YNL326C,YPL033C,0,-3.7906866,0.14494219422340393,1.0,0.5918775796890259
YLL062C,YLR071C,0,-3.7909472,0.14492125809192657,1.0,0.591977596282959
YLR158C,YKL035W,0,-3.791109,0.14490032196044922,1.0,0.5920776128768921
YHR023W,YFR041C,0,-3.7913218,0.14487938582897186,1.0,0.5921776294708252
YPL249C,YPL005W,0,-3.7932453,0.1448584645986557,1.0,0.5922777056694031
YKL092C,YPL042C,0,-3.7933834,0.14483754336833954,1.0,0.5923777222633362
YDR457W,YGL210W,0,-3.794129,0.14481663703918457,1.0,0.5924777388572693
YMR214W,YDR444W,0,-3.7951097,0.1447957307100296,1.0,0.5925777554512024
YJR147W,YPL121C,0,-3.7954879,0.14477482438087463,1.0,0.5926778316497803
YGR249W,YAR014C,0,-3.7955313,0.14475393295288086,1.0,0.5927778482437134
YKL167C,YOR126C,0,-3.7965975,0.14473304152488708,1.0,0.5928778648376465
YCL034W,YOL157C,0,-3.7966218,0.1447121649980545,1.0,0.5929778814315796
YDL095W,YPL016W,0,-3.79665,0.14469128847122192,1.0,0.5930778980255127
YLR157C,YEL036C,0,-3.7968616,0.14467041194438934,1.0,0.5931779742240906
YJL081C,YBR084W,0,-3.7969341,0.14464955031871796,1.0,0.5932779908180237
YNL012W,YOL107W,0,-3.7973125,0.14462868869304657,1.0,0.5933780074119568
YGL094C,YDL080C,0,-3.7976065,0.14460784196853638,1.0,0.5934780240058899
YMR058W,YMR282C,0,-3.798364,0.14458699524402618,1.0,0.5935781002044678
YOR278W,YNL264C,0,-3.7986126,0.14456616342067719,1.0,0.5936781167984009
YPL084W,YMR281W,0,-3.7989597,0.144545316696167,1.0,0.593778133392334
YGL128C,YBL098W,0,-3.7990177,0.1445244997739792,1.0,0.5938781499862671
YOL082W,YPR072W,0,-3.7993155,0.1445036679506302,1.0,0.5939781665802002
YCR008W,YJR005W,0,-3.7993393,0.14448285102844238,1.0,0.5940782427787781
YDL122W,YDR314C,0,-3.7996032,0.14446204900741577,1.0,0.5941782593727112
YEL056W,YPL218W,0,-3.801102,0.14444124698638916,1.0,0.5942782759666443
YBL020W,YIL091C,0,-3.8019018,0.14442044496536255,1.0,0.5943782925605774
YNL084C,YCR028C-A,0,-3.8022146,0.14439965784549713,1.0,0.5944783687591553
YPL011C,YML069W,0,-3.8022623,0.1443788707256317,1.0,0.5945783853530884
YIL170W,YBR203W,0,-3.8030162,0.1443580836057663,1.0,0.5946784019470215
YPR102C,YHR043C,0,-3.8044348,0.14433731138706207,1.0,0.5947784185409546
YGL225W,YPR020W,0,-3.8053923,0.14431655406951904,1.0,0.5948784351348877
YBR155W,YLR385C,0,-3.8060503,0.14429578185081482,1.0,0.5949785113334656
YGL032C,YLR209C,0,-3.8080785,0.1442750245332718,1.0,0.5950785279273987
YJR040W,YJR127C,0,-3.8087006,0.14425428211688995,1.0,0.5951785445213318
YOR283W,YDR067C,0,-3.8096945,0.14423353970050812,1.0,0.5952785611152649
YER151C,YER168C,0,-3.8101573,0.14421279728412628,1.0,0.5953786373138428
YMR127C,YGR247W,0,-3.8103418,0.14419206976890564,1.0,0.5954786539077759
YKL025C,YGR158C,0,-3.8108811,0.144171342253685,1.0,0.595578670501709
YLR291C,YLR301W,0,-3.8114014,0.14415061473846436,1.0,0.5956786870956421
YMR075W,YOL138C,0,-3.8121386,0.1441299021244049,1.0,0.59577876329422
YOR181W,YPL104W,0,-3.8138514,0.14410918951034546,1.0,0.5958787798881531
YDR362C,YKR056W,0,-3.8142886,0.1440884917974472,1.0,0.5959787964820862
YML095C,YLR129W,0,-3.8143053,0.14406779408454895,1.0,0.5960788130760193
YJR091C,YJL221C,0,-3.8144076,0.1440471112728119,1.0,0.5961788296699524
YPR002W,YAL063C,0,-3.815869,0.14402642846107483,1.0,0.5962789058685303
YOL129W,YOL157C,0,-3.8159707,0.14400574564933777,1.0,0.5963789224624634
YOR322C,YLR214W,0,-3.8179207,0.1439850777387619,1.0,0.5964789390563965
YDR394W,YJL136C,0,-3.8179667,0.14396440982818604,1.0,0.5965789556503296
YIR025W,YIL072W,0,-3.8182635,0.14394374191761017,1.0,0.5966790318489075
YOR180C,YPL218W,0,-3.8207836,0.1439230889081955,1.0,0.5967790484428406
YPR191W,YLR010C,0,-3.8231435,0.14390243589878082,1.0,0.5968790650367737
YKL107W,YGR086C,0,-3.824091,0.14388179779052734,1.0,0.5969790816307068
YDR532C,YBR052C,0,-3.825313,0.14386115968227386,1.0,0.5970790982246399
YGR274C,YHR028C,0,-3.8255262,0.14384052157402039,1.0,0.5971791744232178
YGL245W,YHR184W,0,-3.826295,0.1438198983669281,1.0,0.5972791910171509
YKL203C,YNR049C,0,-3.8266988,0.143799290060997,1.0,0.597379207611084
YDR318W,YKL140W,0,-3.826749,0.14377866685390472,1.0,0.5974792242050171
YLR151C,YKR103W,0,-3.8276854,0.14375805854797363,1.0,0.597579300403595
YFR031C,YER070W,0,-3.8294492,0.14373746514320374,1.0,0.5976793169975281
YJR091C,YBL102W,0,-3.8301353,0.14371687173843384,1.0,0.5977793335914612
YPL204W,YPL244C,0,-3.8302817,0.14369627833366394,1.0,0.5978793501853943
YOL091W,YEL031W,0,-3.8303847,0.14367568492889404,1.0,0.5979793667793274
YGL054C,YCR042C,0,-3.8305044,0.14365510642528534,1.0,0.5980794429779053
YCR027C,YOL145C,0,-3.830836,0.14363454282283783,1.0,0.5981794595718384
YBR201W,YLR376C,0,-3.8310575,0.14361397922039032,1.0,0.5982794761657715
YOR251C,YBL088C,0,-3.8311772,0.1435934156179428,1.0,0.5983794927597046
YBR024W,YDL227C,0,-3.831808,0.1435728669166565,1.0,0.5984795689582825
YHR011W,YEL058W,0,-3.8324757,0.14355231821537018,1.0,0.5985795855522156
YNR039C,YHR002W,0,-3.8328226,0.14353176951408386,1.0,0.5986796021461487
YLL054C,YER088C,0,-3.8329241,0.14351123571395874,1.0,0.5987796187400818
YGR191W,YGR295C,0,-3.833146,0.14349070191383362,1.0,0.5988796353340149
YMR227C,YGR275W,0,-3.837404,0.1434701830148697,1.0,0.5989797115325928
YFR042W,YMR146C,0,-3.8379176,0.14344966411590576,1.0,0.5990797281265259
YPL060W,YPL270W,0,-3.8380778,0.14342914521694183,1.0,0.599179744720459
YOL054W,YML032C,0,-3.8383613,0.1434086412191391,1.0,0.5992797613143921
YFL013C,YGR186W,0,-3.8384938,0.14338813722133636,1.0,0.59937983751297
YPL002C,YGL124C,0,-3.8386235,0.14336763322353363,1.0,0.5994798541069031
YMR311C,YLR088W,0,-3.8395224,0.1433471441268921,1.0,0.5995798707008362
YJR016C,YML030W,0,-3.8399858,0.14332666993141174,1.0,0.5996798872947693
YGR288W,YDR197W,0,-3.840263,0.1433061808347702,1.0,0.5997799634933472
YOR221C,YDR138W,0,-3.8402765,0.14328572154045105,1.0,0.5998799800872803
YGR279C,YOR211C,0,-3.8404875,0.1432652473449707,1.0,0.5999799966812134
YKL156W,YOL165C,0,-3.840675,0.14324478805065155,1.0,0.6000800132751465
YMR113W,YBR118W,0,-3.8415434,0.1432243287563324,1.0,0.6001800298690796
YDL110C,YKL120W,0,-3.8422437,0.14320388436317444,1.0,0.6002801060676575
YLR307W,YBR260C,0,-3.842534,0.14318343997001648,1.0,0.6003801226615906
YPL180W,YGL011C,0,-3.8429346,0.14316301047801971,1.0,0.6004801392555237
YPL050C,YLL003W,0,-3.8433638,0.14314256608486176,1.0,0.6005801558494568
YGL119W,YHR176W,0,-3.8434558,0.14312215149402618,1.0,0.6006802320480347
YLR121C,YBL002W,0,-3.8435998,0.14310172200202942,1.0,0.6007802486419678
YPR196W,YOL140W,0,-3.8441825,0.14308130741119385,1.0,0.6008802652359009
YGR104C,YOR367W,0,-3.844508,0.14306090772151947,1.0,0.600980281829834
YOR017W,YDR139C,0,-3.8449888,0.1430405080318451,1.0,0.6010802984237671
YLR073C,YNR035C,0,-3.8461485,0.14302010834217072,1.0,0.601180374622345
YAL020C,YGR287C,0,-3.8476815,0.14299970865249634,1.0,0.6012803912162781
YGL158W,YER086W,0,-3.848739,0.14297932386398315,1.0,0.6013804078102112
YML087C,YHR034C,0,-3.848909,0.14295895397663116,1.0,0.6014804244041443
YPL085W,YLR141W,0,-3.8489313,0.14293858408927917,1.0,0.6015805006027222
YOL109W,YGR084C,0,-3.8489408,0.14291821420192719,1.0,0.6016805171966553
YIL131C,YIL048W,0,-3.8489585,0.1428978443145752,1.0,0.6017805337905884
YKL018W,YJL093C,0,-3.849533,0.1428774893283844,1.0,0.6018805503845215
YIL039W,YKL124W,0,-3.8497043,0.1428571492433548,1.0,0.6019805669784546
YIL006W,YLR467W,0,-3.850555,0.142836794257164,1.0,0.6020806431770325
YOR224C,YIR023W,0,-3.8507068,0.1428164541721344,1.0,0.6021806597709656
YOL066C,YKL154W,0,-3.8508158,0.142796128988266,1.0,0.6022806763648987
YMR217W,YBR095C,0,-3.850854,0.14277580380439758,1.0,0.6023806929588318
YOR145C,YPR019W,0,-3.851245,0.14275547862052917,1.0,0.6024807691574097
YHR001W,YIL121W,0,-3.8513365,0.14273516833782196,1.0,0.6025807857513428
YDR195W,YNL127W,0,-3.8514261,0.14271485805511475,1.0,0.6026808023452759
YJL221C,YFR046C,0,-3.8514552,0.14269454777240753,1.0,0.602780818939209
YNL169C,YLR172C,0,-3.8520346,0.1426742523908615,1.0,0.6028808355331421
YDR523C,YHR092C,0,-3.8523993,0.1426539570093155,1.0,0.60298091173172
YDR205W,YPL082C,0,-3.8525963,0.14263367652893066,1.0,0.6030809283256531
YMR224C,YKL009W,0,-3.8538723,0.14261339604854584,1.0,0.6031809449195862
YHL036W,YEL046C,0,-3.8547773,0.142593115568161,1.0,0.6032809615135193
YDR536W,YGL257C,0,-3.8555636,0.14257284998893738,1.0,0.6033810377120972
YOR229W,YKR029C,0,-3.85644,0.14255258440971375,1.0,0.6034810543060303
YLR103C,YHL018W,0,-3.8564901,0.1425323337316513,1.0,0.6035810708999634
YPR033C,YER099C,0,-3.8574748,0.14251208305358887,1.0,0.6036810874938965
YPL273W,YGR074W,0,-3.8580787,0.14249183237552643,1.0,0.6037811636924744
YNL316C,YCL052C,0,-3.858221,0.14247159659862518,1.0,0.6038811802864075
YDR202C,YPL092W,0,-3.858828,0.14245136082172394,1.0,0.6039811968803406
YDL040C,YER112W,0,-3.859004,0.1424311250448227,1.0,0.6040812134742737
YPR138C,YBR235W,0,-3.8596144,0.14241090416908264,1.0,0.6041812300682068
YOL045W,YHR057C,0,-3.8598828,0.1423906832933426,1.0,0.6042813062667847
YEL042W,YJR010W,0,-3.860301,0.14237047731876373,1.0,0.6043813228607178
YHR147C,YIL129C,0,-3.8607512,0.14235027134418488,1.0,0.6044813394546509
YGL048C,YER051W,0,-3.8611245,0.14233006536960602,1.0,0.604581356048584
YER096W,YCL033C,0,-3.863203,0.14230987429618835,1.0,0.6046814322471619
YLR224W,YAL021C,0,-3.864159,0.1422896832227707,1.0,0.604781448841095
YHR123W,YDL217C,0,-3.8652267,0.14226950705051422,1.0,0.6048814654350281
YPR125W,YJR113C,0,-3.867248,0.14224933087825775,1.0,0.6049814820289612
YGR239C,YLR209C,0,-3.8678374,0.14222915470600128,1.0,0.6050814986228943
YGL244W,YPL242C,0,-3.868084,0.142208993434906,1.0,0.6051815748214722
YGL201C,YMR023C,0,-3.8682091,0.14218883216381073,1.0,0.6052815914154053
YOR381W,YDL174C,0,-3.8683057,0.14216867089271545,1.0,0.6053816080093384
YBR244W,YNL310C,0,-3.8688536,0.14214852452278137,1.0,0.6054816246032715
YJR093C,YLR209C,0,-3.8696585,0.1421283781528473,1.0,0.6055817008018494
YDL029W,YMR314W,0,-3.8711095,0.1421082466840744,1.0,0.6056817173957825
YPL108W,YKL189W,0,-3.8727,0.1420881152153015,1.0,0.6057817339897156
YDR326C,YDR330W,0,-3.873272,0.14206798374652863,1.0,0.6058817505836487
YML125C,YJL129C,0,-3.8736043,0.14204786717891693,1.0,0.6059817671775818
YDR046C,YLR373C,0,-3.8741193,0.14202775061130524,1.0,0.6060818433761597
YJL052W,YNL006W,0,-3.874198,0.14200764894485474,1.0,0.6061818599700928
YNL321W,YMR193W,0,-3.874287,0.14198754727840424,1.0,0.6062818765640259
YMR173W,YER145C,0,-3.874371,0.14196744561195374,1.0,0.606381893157959
YDL107W,YOR233W,0,-3.8747783,0.14194735884666443,1.0,0.6064819693565369
YPL167C,YNL127W,0,-3.8758478,0.14192727208137512,1.0,0.60658198595047
YBR170C,YKL022C,0,-3.8759735,0.14190718531608582,1.0,0.6066820025444031
YKL028W,YDR138W,0,-3.876895,0.1418871134519577,1.0,0.6067820191383362
YBR253W,YDR462W,0,-3.87818,0.1418670415878296,1.0,0.6068820357322693
YDL171C,YDR155C,0,-3.8783789,0.14184698462486267,1.0,0.6069821119308472
YPR133W-A,YPL164C,0,-3.8791728,0.14182692766189575,1.0,0.6070821285247803
YPL281C,YOL137W,0,-3.8807251,0.14180687069892883,1.0,0.6071821451187134
YAL034W-A,YNL088W,0,-3.8811083,0.1417868286371231,1.0,0.6072821617126465
YGL160W,YCL055W,0,-3.8813746,0.14176678657531738,1.0,0.6073822379112244
YER161C,YPL246C,0,-3.8815842,0.14174674451351166,1.0,0.6074822545051575
YNR006W,YDL051W,0,-3.881642,0.14172671735286713,1.0,0.6075822710990906
YDR166C,YJR158W,0,-3.8819976,0.1417066901922226,1.0,0.6076822876930237
YKL085W,YOR099W,0,-3.8834186,0.14168667793273926,1.0,0.6077823638916016
YDR341C,YPL124W,0,-3.8840418,0.14166666567325592,1.0,0.6078823804855347
YJL113W,YCR069W,0,-3.884245,0.14164665341377258,1.0,0.6079823970794678
YLR204W,YER157W,0,-3.8844295,0.14162665605545044,1.0,0.6080824136734009
YOL049W,YDR006C,0,-3.884791,0.1416066586971283,1.0,0.608182430267334
YMR115W,YGR251W,0,-3.8853583,0.14158667623996735,1.0,0.6082825064659119
YML130C,YER054C,0,-3.8855472,0.1415666937828064,1.0,0.608382523059845
YGL158W,YDR452W,0,-3.885604,0.14154671132564545,1.0,0.6084825396537781
YHR216W,YGL039W,0,-3.886084,0.1415267437696457,1.0,0.6085825562477112
YLR133W,YJR097W,0,-3.8862722,0.14150677621364594,1.0,0.6086826324462891
YOL072W,YCR071C,0,-3.886779,0.14148680865764618,1.0,0.6087826490402222
YOL092W,YJR152W,0,-3.8869228,0.14146685600280762,1.0,0.6088826656341553
YIL046W,YGL211W,0,-3.8873105,0.14144690334796906,1.0,0.6089826822280884
YMR323W,YLR427W,0,-3.887419,0.1414269655942917,1.0,0.6090826988220215
YMR224C,YNL239W,0,-3.8877983,0.14140702784061432,1.0,0.6091827750205994
YJL041W,YDR510W,0,-3.888114,0.14138709008693695,1.0,0.6092827916145325
YIL017C,YOR351C,0,-3.8883271,0.14136716723442078,1.0,0.6093828082084656
YNR020C,YLR228C,0,-3.8885927,0.1413472443819046,1.0,0.6094828248023987
YML005W,YPL095C,0,-3.8890681,0.14132732152938843,1.0,0.6095829010009766
YBR275C,YGL089C,0,-3.8891506,0.14130741357803345,1.0,0.6096829175949097
YDR383C,YOR151C,0,-3.8892887,0.14128750562667847,1.0,0.6097829341888428
YBR074W,YGR171C,0,-3.8893332,0.14126761257648468,1.0,0.6098829507827759
YOL089C,YNL299W,0,-3.8894286,0.1412477046251297,1.0,0.609982967376709
YPL274W,YPL202C,0,-3.8899436,0.1412278264760971,1.0,0.6100830435752869
YOL119C,YKL163W,0,-3.8900583,0.14120793342590332,1.0,0.61018306016922
YER004W,YMR022W,0,-3.891316,0.14118807017803192,1.0,0.6102830767631531
YDL197C,YDR069C,0,-3.8913434,0.14116819202899933,1.0,0.6103830933570862
YOR130C,YBR066C,0,-3.8914638,0.14114832878112793,1.0,0.6104831695556641
YHR156C,YER036C,0,-3.8916073,0.14112846553325653,1.0,0.6105831861495972
YLL033W,YNL082W,0,-3.8920984,0.14110861718654633,1.0,0.6106832027435303
YBL097W,YOR312C,0,-3.893188,0.14108875393867493,1.0,0.6107832193374634
YDL232W,YDR443C,0,-3.89326,0.14106892049312592,1.0,0.6108832359313965
YML005W,YAL040C,0,-3.8936374,0.1410490721464157,1.0,0.6109833121299744
YOR285W,YIL105C,0,-3.8959358,0.1410292536020279,1.0,0.6110833287239075
YMR213W,YPR002W,0,-3.8961306,0.14100942015647888,1.0,0.6111833453178406
YGL257C,YGR068C,0,-3.8966157,0.14098960161209106,1.0,0.6112833619117737
YNL178W,YLL040C,0,-3.8968422,0.14096978306770325,1.0,0.6113834381103516
YKL067W,YML058W-A,0,-3.897338,0.14094996452331543,1.0,0.6114834547042847
YJR138W,YKL103C,0,-3.8974977,0.1409301608800888,1.0,0.6115834712982178
YJL091C,YLL051C,0,-3.8976002,0.14091037213802338,1.0,0.6116834878921509
YPR030W,YGR152C,0,-3.8976166,0.14089056849479675,1.0,0.6117835640907288
YBR167C,YCL036W,0,-3.8991838,0.14087077975273132,1.0,0.6118835806846619
YAL055W,YHL013C,0,-3.9013405,0.1408510059118271,1.0,0.611983597278595
YIL105C,YLR074C,0,-3.901615,0.14083123207092285,1.0,0.6120836138725281
YEL047C,YGL019W,0,-3.9024413,0.14081145823001862,1.0,0.6121836304664612
YPR063C,YER073W,0,-3.9034986,0.14079168438911438,1.0,0.6122837066650391
YBL060W,YPL027W,0,-3.903551,0.14077192544937134,1.0,0.6123837232589722
YOL038W,YMR024W,0,-3.90359,0.1407521814107895,1.0,0.6124837398529053
YLR186W,YER030W,0,-3.9040775,0.14073242247104645,1.0,0.6125837564468384
YPR079W,YIR011C,0,-3.904264,0.1407126784324646,1.0,0.6126838326454163
YBR267W,YLR027C,0,-3.9044056,0.14069294929504395,1.0,0.6127838492393494
YFL054C,YIL063C,0,-3.9050493,0.1406732052564621,1.0,0.6128838658332825
YMR025W,YGL100W,0,-3.9057307,0.14065349102020264,1.0,0.6129838824272156
YDR311W,YFL038C,0,-3.9071438,0.14063376188278198,1.0,0.6130838990211487
YKL148C,YCR096C,0,-3.907978,0.14061404764652252,1.0,0.6131839752197266
YLR026C,YNR021W,0,-3.908238,0.14059433341026306,1.0,0.6132839918136597
YNR002C,YAL033W,0,-3.90939,0.1405746340751648,1.0,0.6133840084075928
YGR106C,YHR121W,0,-3.9101064,0.14055493474006653,1.0,0.6134840250015259
YPR072W,YKR025W,0,-3.9105697,0.14053523540496826,1.0,0.6135841012001038
YOL092W,YLR042C,0,-3.911755,0.1405155509710312,1.0,0.6136841177940369
YER016W,YDR485C,0,-3.9133291,0.14049586653709412,1.0,0.61378413438797
YGR240C,YIR017C,0,-3.9134502,0.14047619700431824,1.0,0.6138841509819031
YGR134W,YML042W,0,-3.914118,0.14045651257038116,1.0,0.6139841675758362
YLR238W,YKL020C,0,-3.9146106,0.14043685793876648,1.0,0.6140842437744141
YBR001C,YHR187W,0,-3.9146495,0.1404171884059906,1.0,0.6141842603683472
YML038C,YGR124W,0,-3.9149952,0.14039753377437592,1.0,0.6142842769622803
YPL095C,YFR052W,0,-3.9150496,0.14037789404392242,1.0,0.6143842935562134
YOR290C,YNL264C,0,-3.915843,0.14035823941230774,1.0,0.6144843697547913
YGL250W,YFR036W,0,-3.9161654,0.14033859968185425,1.0,0.6145843863487244
YKL173W,YHR166C,0,-3.9162974,0.14031897485256195,1.0,0.6146844029426575
YKR046C,YGL001C,0,-3.9168234,0.14029933512210846,1.0,0.6147844195365906
YER166W,YDR242W,0,-3.9168682,0.14027972519397736,1.0,0.6148844361305237
YNL079C,YML088W,0,-3.9169354,0.14026010036468506,1.0,0.6149845123291016
YBR127C,YML066C,0,-3.9179661,0.14024049043655396,1.0,0.6150845289230347
YCR014C,YDR139C,0,-3.9180808,0.14022088050842285,1.0,0.6151845455169678
YEL041W,YCR042C,0,-3.9181721,0.14020128548145294,1.0,0.6152845621109009
YBR087W,YLR089C,0,-3.9184465,0.14018169045448303,1.0,0.6153846383094788
YGR240C,YCR024C-A,0,-3.9185185,0.14016209542751312,1.0,0.6154846549034119
YCR023C,YGR002C,0,-3.9185348,0.1401425153017044,1.0,0.615584671497345
YCR060W,YLR265C,0,-3.91932,0.1401229351758957,1.0,0.6156846880912781
YGR207C,YNR069C,0,-3.9201329,0.14010336995124817,1.0,0.615784764289856
YER029C,YOR179C,0,-3.9215384,0.14008380472660065,1.0,0.6158847808837891
YFL001W,YGR288W,0,-3.92273,0.14006423950195312,1.0,0.6159847974777222
YGR278W,YMR180C,0,-3.9233265,0.1400446742773056,1.0,0.6160848140716553
YGR123C,YDL054C,0,-3.9233341,0.14002512395381927,1.0,0.6161848306655884
YKL218C,YKL222C,0,-3.924345,0.14000558853149414,1.0,0.6162849068641663
YLR307W,YGR180C,0,-3.9248457,0.1399860382080078,1.0,0.6163849234580994
YPL190C,YOR173W,0,-3.9256487,0.13996650278568268,1.0,0.6164849400520325
YDR498C,YMR065W,0,-3.928235,0.13994698226451874,1.0,0.6165849566459656
YOR214C,YKR036C,0,-3.9291096,0.1399274617433548,1.0,0.6166850328445435
YCR027C,YGR048W,0,-3.9303958,0.13990794122219086,1.0,0.6167850494384766
YHR119W,YBR030W,0,-3.930601,0.13988842070102692,1.0,0.6168850660324097
YML088W,YKR008W,0,-3.931606,0.13986891508102417,1.0,0.6169850826263428
YAL043C,YPL132W,0,-3.9321356,0.13984940946102142,1.0,0.6170850992202759
YOR149C,YBL105C,0,-3.9326844,0.13982991874217987,1.0,0.6171851754188538
YMR026C,YKR029C,0,-3.9337792,0.13981042802333832,1.0,0.6172851920127869
YIR010W,YLR310C,0,-3.9347165,0.13979093730449677,1.0,0.61738520860672
YGR203W,YNL302C,0,-3.935421,0.1397714614868164,1.0,0.6174852252006531
YER013W,YPL213W,0,-3.937097,0.13975198566913605,1.0,0.617585301399231
YLR028C,YCR028C,0,-3.9375641,0.1397325098514557,1.0,0.6176853179931641
YDR454C,YDR109C,0,-3.9385862,0.13971304893493652,1.0,0.6177853345870972
YDL005C,YPL228W,0,-3.9386644,0.13969358801841736,1.0,0.6178853511810303
YDR446W,YDR288W,0,-3.939217,0.1396741420030594,1.0,0.6179853677749634
YHR045W,YKL071W,0,-3.939467,0.13965469598770142,1.0,0.6180854439735413
YNL151C,YNL270C,0,-3.9400258,0.13963524997234344,1.0,0.6181854605674744
YBR123C,YDR172W,0,-3.9413583,0.13961581885814667,1.0,0.6182854771614075
YMR221C,YDL044C,0,-3.9437928,0.1395963877439499,1.0,0.6183854937553406
YEL038W,YHR119W,0,-3.9439712,0.1395769566297531,1.0,0.6184855699539185
YOL103W,YGL184C,0,-3.944358,0.13955754041671753,1.0,0.6185855865478516
YMR283C,YHR104W,0,-3.9450178,0.13953812420368195,1.0,0.6186856031417847
YBL006C,YLR045C,0,-3.9451635,0.13951870799064636,1.0,0.6187856197357178
YER044C,YKL146W,0,-3.9468772,0.13949930667877197,1.0,0.6188856363296509
YOR393W,YGR258C,0,-3.9469633,0.13947990536689758,1.0,0.6189857125282288
YOR308C,YMR289W,0,-3.9474092,0.1394605189561844,1.0,0.6190857291221619
YOL089C,YLR224W,0,-3.948577,0.13944111764431,1.0,0.619185745716095
YKL088W,YLR264W,0,-3.949696,0.139421746134758,1.0,0.6192857623100281
YNL083W,YGL185C,0,-3.9499974,0.1394023597240448,1.0,0.619385838508606
YDR115W,YHR181W,0,-3.950342,0.1393829882144928,1.0,0.6194858551025391
YDR205W,YPL273W,0,-3.9506845,0.1393636167049408,1.0,0.6195858716964722
YNL053W,YNL227C,0,-3.9513192,0.13934426009655,1.0,0.6196858882904053
YJR112W,YBR164C,0,-3.951595,0.13932490348815918,1.0,0.6197859644889832
YOR246C,YPR182W,0,-3.952166,0.13930556178092957,1.0,0.6198859810829163
YMR214W,YJL144W,0,-3.9527826,0.13928620517253876,1.0,0.6199859976768494
YGL166W,YBR207W,0,-3.9529762,0.13926686346530914,1.0,0.6200860142707825
YKL222C,YLR110C,0,-3.9540548,0.13924753665924072,1.0,0.6201860308647156
YPL003W,YMR189W,0,-3.9555402,0.1392282098531723,1.0,0.6202861070632935
YFL044C,YLR154C,0,-3.9558806,0.13920888304710388,1.0,0.6203861236572266
YPR096C,YDR058C,0,-3.9560423,0.13918957114219666,1.0,0.6204861402511597
YBR136W,YJL072C,0,-3.9568703,0.13917024433612823,1.0,0.6205861568450928
YDR388W,YML125C,0,-3.9569492,0.1391509473323822,1.0,0.6206862330436707
YNL122C,YLR427W,0,-3.9586554,0.13913163542747498,1.0,0.6207862496376038
YNL265C,YOR122C,0,-3.9587245,0.13911233842372894,1.0,0.6208862662315369
YML125C,YIL159W,0,-3.95889,0.1390930563211441,1.0,0.62098628282547
YKL203C,YPR107C,0,-3.959322,0.13907375931739807,1.0,0.6210862994194031
YDR393W,YGR116W,0,-3.959449,0.13905449211597443,1.0,0.621186375617981
YDR415C,YPR056W,0,-3.9596243,0.1390352100133896,1.0,0.6212863922119141
YPR192W,YLL034C,0,-3.9597635,0.13901594281196594,1.0,0.6213864088058472
YDR378C,YNL039W,0,-3.9601965,0.1389966756105423,1.0,0.6214864253997803
YOR230W,YBR040W,0,-3.9608393,0.13897740840911865,1.0,0.6215865015983582
YIR006C,YJR077C,0,-3.960884,0.1389581561088562,1.0,0.6216865181922913
YJR112W,YNR010W,0,-3.9623451,0.13893890380859375,1.0,0.6217865347862244
YER161C,YMR104C,0,-3.9626732,0.1389196664094925,1.0,0.6218865513801575
YJR143C,YDR207C,0,-3.9631553,0.13890042901039124,1.0,0.6219865679740906
YGR049W,YML066C,0,-3.9647028,0.13888119161128998,1.0,0.6220866441726685
YNL069C,YNL239W,0,-3.965157,0.13886196911334991,1.0,0.6221866607666016
YBR244W,YJL153C,0,-3.9658258,0.13884274661540985,1.0,0.6222866773605347
YDR236C,YOL105C,0,-3.9658737,0.1388235241174698,1.0,0.6223866939544678
YHR132C,YML049C,0,-3.9658809,0.13880431652069092,1.0,0.6224867701530457
YLL038C,YFR046C,0,-3.9664078,0.13878510892391205,1.0,0.6225867867469788
YKL195W,YNL304W,0,-3.9672484,0.13876591622829437,1.0,0.6226868033409119
YPL230W,YBR227C,0,-3.9690702,0.1387467086315155,1.0,0.622786819934845
YNL298W,YEL058W,0,-3.9700172,0.13872753083705902,1.0,0.6228868365287781
YLR304C,YLR010C,0,-3.9700897,0.13870833814144135,1.0,0.622986912727356
YKL055C,YNL270C,0,-3.9701357,0.13868916034698486,1.0,0.6230869293212891
YKL107W,YMR163C,0,-3.9702058,0.13866998255252838,1.0,0.6231869459152222
YOR382W,YNR061C,0,-3.973192,0.1386508196592331,1.0,0.6232869625091553
YFL052W,YOR353C,0,-3.9738946,0.1386316567659378,1.0,0.6233870387077332
YMR263W,YKL021C,0,-3.974013,0.13861249387264252,1.0,0.6234870553016663
YKL096W,YOR066W,0,-3.9741597,0.13859334588050842,1.0,0.6235870718955994
YLR440C,YKR028W,0,-3.9742107,0.13857419788837433,1.0,0.6236870884895325
YPR162C,YKL096W,0,-3.974927,0.13855504989624023,1.0,0.6237871646881104
YMR089C,YLR116W,0,-3.9749436,0.13853591680526733,1.0,0.6238871812820435
YLR287C-A,YMR190C,0,-3.9754002,0.13851678371429443,1.0,0.6239871978759766
YHR105W,YNL339C,0,-3.975438,0.13849765062332153,1.0,0.6240872144699097
YKR059W,YMR139W,0,-3.9755077,0.13847853243350983,1.0,0.6241872310638428
YDR158W,YMR247C,0,-3.976097,0.13845941424369812,1.0,0.6242873072624207
YLR151C,YOL056W,0,-3.976825,0.1384403109550476,1.0,0.6243873238563538
YJL071W,YKR006C,0,-3.9768846,0.1384211927652359,1.0,0.6244873404502869
YML019W,YLR077W,0,-3.9769294,0.13840210437774658,1.0,0.62458735704422
YOR229W,YHR188C,0,-3.977192,0.13838300108909607,1.0,0.6246874332427979
YML071C,YBR042C,0,-3.978002,0.13836391270160675,1.0,0.624787449836731
YDL239C,YPL064C,0,-3.979085,0.13834482431411743,1.0,0.6248874664306641
YGL008C,YNL008C,0,-3.979816,0.1383257508277893,1.0,0.6249874830245972
YMR199W,YLR157C,0,-3.9800506,0.13830667734146118,1.0,0.6250874996185303
YOR381W,YKL074C,0,-3.980494,0.13828760385513306,1.0,0.6251875758171082
YAL032C,YAL043C,0,-3.9814508,0.13826854526996613,1.0,0.6252875924110413
YBR125C,YEL046C,0,-3.9818368,0.1382494866847992,1.0,0.6253876090049744
YHL040C,YNL229C,0,-3.9824095,0.13823042809963226,1.0,0.6254876255989075
YJR160C,YGL137W,0,-3.9824982,0.13821138441562653,1.0,0.6255877017974854
YGL012W,YML131W,0,-3.98317,0.1381923407316208,1.0,0.6256877183914185
YBL006C,YFL009W,0,-3.9837804,0.13817329704761505,1.0,0.6257877349853516
YFR021W,YER065C,0,-3.9838786,0.1381542682647705,1.0,0.6258877515792847
YCR026C,YMR235C,0,-3.9850066,0.13813523948192596,1.0,0.6259877681732178
YML028W,YDL015C,0,-3.9850605,0.13811622560024261,1.0,0.6260878443717957
YPL030W,YLR297W,0,-3.9851868,0.13809721171855927,1.0,0.6261878609657288
YER145C,YPL162C,0,-3.985661,0.13807819783687592,1.0,0.6262878775596619
YML109W,YLR187W,0,-3.987529,0.13805918395519257,1.0,0.626387894153595
YCR027C,YMR114C,0,-3.988666,0.1380401849746704,1.0,0.6264879703521729
YDR251W,YGR113W,0,-3.9889865,0.13802118599414825,1.0,0.626587986946106
YER125W,YPL132W,0,-3.9907508,0.1380022019147873,1.0,0.6266880035400391
YHL019C,YGR198W,0,-3.9920974,0.13798321783542633,1.0,0.6267880201339722
YAR002C-A,YNL254C,0,-3.99245,0.13796423375606537,1.0,0.6268880367279053
YCR027C,YMR204C,0,-3.9924598,0.1379452645778656,1.0,0.6269881129264832
YOR360C,YLR155C,0,-3.9941182,0.13792629539966583,1.0,0.6270881295204163
YFR032C-A,YOL152W,0,-3.994487,0.13790732622146606,1.0,0.6271881461143494
YMR276W,YMR060C,0,-3.9953756,0.1378883719444275,1.0,0.6272881627082825
YCR002C,YER056C-A,0,-3.995648,0.13786941766738892,1.0,0.6273882389068604
YDL215C,YLR228C,0,-3.9962263,0.13785046339035034,1.0,0.6274882555007935
YOR171C,YJR160C,0,-3.9962542,0.13783152401447296,1.0,0.6275882720947266
YCL074W,YMR307W,0,-3.997179,0.13781258463859558,1.0,0.6276882886886597
YLR233C,YDR011W,0,-3.9972587,0.1377936601638794,1.0,0.6277883648872375
YJR019C,YFR052W,0,-3.9974823,0.13777472078800201,1.0,0.6278883814811707
YBR288C,YHL012W,0,-3.9986343,0.13775579631328583,1.0,0.6279883980751038
YBR215W,YOL003C,0,-3.9986832,0.13773688673973083,1.0,0.6280884146690369
YLR133W,YBR186W,0,-3.9987888,0.13771797716617584,1.0,0.62818843126297
YGR009C,YNL077W,0,-3.9996207,0.13769906759262085,1.0,0.6282885074615479
YHL009C,YDR022C,0,-4.0000467,0.13768015801906586,1.0,0.628388524055481
YOL149W,YML030W,0,-4.000252,0.13766126334667206,1.0,0.6284885406494141
YLR244C,YNL016W,0,-4.0010695,0.13764238357543945,1.0,0.6285885572433472
YER091C,YBL054W,0,-4.0034285,0.13762348890304565,1.0,0.628688633441925
YOL003C,YDR529C,0,-4.0036554,0.13760460913181305,1.0,0.6287886500358582
YML081C-A,YOR014W,0,-4.0039167,0.13758572936058044,1.0,0.6288886666297913
YHR056C,YOL001W,0,-4.0042753,0.13756686449050903,1.0,0.6289886832237244
YDR254W,YMR006C,0,-4.005097,0.13754799962043762,1.0,0.6290886998176575
YMR293C,YBL089W,0,-4.0056586,0.1375291347503662,1.0,0.6291887760162354
YMR210W,YDR109C,0,-4.0074925,0.137510284781456,1.0,0.6292887926101685
YLR165C,YGL209W,0,-4.0080442,0.13749143481254578,1.0,0.6293888092041016
YDL245C,YIL128W,0,-4.0088263,0.13747258484363556,1.0,0.6294888257980347
YDR097C,YBR283C,0,-4.008933,0.13745374977588654,1.0,0.6295889019966125
YJL109C,YJL204C,0,-4.00916,0.1374349147081375,1.0,0.6296889185905457
YMR119W,YER070W,0,-4.010036,0.1374160796403885,1.0,0.6297889351844788
YPR032W,YIL023C,0,-4.0101604,0.13739725947380066,1.0,0.6298889517784119
YLR120C,YER019W,0,-4.011113,0.13737843930721283,1.0,0.629988968372345
YDR238C,YLR467W,0,-4.011974,0.1373596340417862,1.0,0.6300890445709229
YGR209C,YMR086W,0,-4.0124664,0.13734081387519836,1.0,0.630189061164856
YPL256C,YKL212W,0,-4.012908,0.13732200860977173,1.0,0.6302890777587891
YPR122W,YLR459W,0,-4.0137253,0.1373032182455063,1.0,0.6303890943527222
YPL150W,YKL061W,0,-4.01516,0.13728442788124084,1.0,0.6304891705513
YPR061C,YOR039W,0,-4.015793,0.1372656375169754,1.0,0.6305891871452332
YGL094C,YGR234W,0,-4.0159698,0.13724684715270996,1.0,0.6306892037391663
YCR002C,YDR184C,0,-4.016764,0.1372280716896057,1.0,0.6307892203330994
YPL008W,YKL220C,0,-4.0168295,0.13720929622650146,1.0,0.6308892965316772
YPR192W,YOR381W,0,-4.0175166,0.1371905356645584,1.0,0.6309893131256104
YCR039C,YLR048W,0,-4.0175567,0.13717177510261536,1.0,0.6310893297195435
YOL052C,YNL307C,0,-4.017868,0.1371530145406723,1.0,0.6311893463134766
YKL221W,YGL203C,0,-4.0179653,0.13713426887989044,1.0,0.6312893629074097
YDR146C,YDR130C,0,-4.0184193,0.13711552321910858,1.0,0.6313894391059875
YIL095W,YDR322W,0,-4.0205145,0.13709677755832672,1.0,0.6314894556999207
YJL158C,YDR410C,0,-4.0209155,0.13707803189754486,1.0,0.6315894722938538
YDL226C,YLR312W-A,0,-4.0213194,0.1370593011379242,1.0,0.6316894888877869
YOL004W,YML116W,0,-4.021802,0.13704058527946472,1.0,0.6317895650863647
YBR014C,YDR142C,0,-4.022068,0.13702185451984406,1.0,0.6318895816802979
YLR450W,YJR034W,0,-4.0227203,0.13700313866138458,1.0,0.631989598274231
YGR225W,YPR164W,0,-4.023417,0.1369844377040863,1.0,0.6320896148681641
YBL040C,YCL031C,0,-4.023435,0.13696572184562683,1.0,0.6321896314620972
YAR031W,YDR088C,0,-4.02344,0.13694702088832855,1.0,0.632289707660675
YDR062W,YLR024C,0,-4.0239215,0.13692833483219147,1.0,0.6323897242546082
YBL017C,YAL017W,0,-4.0242586,0.1369096338748932,1.0,0.6324897408485413
YDR358W,YOL139C,0,-4.024409,0.1368909478187561,1.0,0.6325897574424744
YPL024W,YOR295W,0,-4.0244555,0.1368722766637802,1.0,0.6326898336410522
YBR036C,YBR291C,0,-4.0245523,0.13685359060764313,1.0,0.6327898502349854
YDR452W,YDR313C,0,-4.0258627,0.13683491945266724,1.0,0.6328898668289185
YDR137W,YOR083W,0,-4.026479,0.13681626319885254,1.0,0.6329898834228516
YPR004C,YAL053W,0,-4.0273094,0.13679760694503784,1.0,0.6330899000167847
YKR010C,YLR032W,0,-4.027987,0.13677895069122314,1.0,0.6331899762153625
YDR378C,YDR498C,0,-4.0280943,0.13676029443740845,1.0,0.6332899928092957
YGL229C,YHL012W,0,-4.030666,0.13674165308475494,1.0,0.6333900094032288
YNL192W,YOR234C,0,-4.0306783,0.13672301173210144,1.0,0.6334900259971619
YNL012W,YJR137C,0,-4.0306854,0.13670437037944794,1.0,0.6335901021957397
YHR181W,YNL292W,0,-4.031144,0.13668574392795563,1.0,0.6336901187896729
YDR069C,YKR054C,0,-4.0313435,0.13666711747646332,1.0,0.633790135383606
YGL010W,YDR334W,0,-4.031779,0.1366485059261322,1.0,0.6338901519775391
YOR322C,YJL133W,0,-4.0319195,0.1366298943758011,1.0,0.6339901685714722
YNL229C,YPR160W,0,-4.0326595,0.13661128282546997,1.0,0.63409024477005
YHR181W,YFL041W,0,-4.0326953,0.13659267127513885,1.0,0.6341902613639832
YOL117W,YMR266W,0,-4.033271,0.13657407462596893,1.0,0.6342902779579163
YKL064W,YGL062W,0,-4.03333,0.136555477976799,1.0,0.6343902945518494
YPL187W,YHR119W,0,-4.033618,0.13653689622879028,1.0,0.6344903707504272
YKL135C,YNL254C,0,-4.033702,0.13651829957962036,1.0,0.6345903873443604
YNR022C,YCR054C,0,-4.0350413,0.13649973273277283,1.0,0.6346904039382935
YEL069C,YDR306C,0,-4.0354033,0.1364811509847641,1.0,0.6347904205322266
YHR011W,YGR166W,0,-4.0354614,0.13646258413791656,1.0,0.6348904967308044
YPL091W,YBR002C,0,-4.035901,0.13644401729106903,1.0,0.6349905133247375
YIL109C,YPL027W,0,-4.036051,0.1364254653453827,1.0,0.6350905299186707
YDL007W,YOR232W,0,-4.0361714,0.13640691339969635,1.0,0.6351905465126038
YDL065C,YDR538W,0,-4.0362844,0.13638836145401,1.0,0.6352905631065369
YMR297W,YDL208W,0,-4.0365944,0.13636980950832367,1.0,0.6353906393051147
YDR167W,YMR256C,0,-4.037389,0.13635127246379852,1.0,0.6354906558990479
YER052C,YJL002C,0,-4.0376215,0.13633275032043457,1.0,0.635590672492981
YBR145W,YGL213C,0,-4.0376434,0.13631421327590942,1.0,0.6356906890869141
YJL066C,YDR329C,0,-4.0385146,0.13629569113254547,1.0,0.6357907652854919
YGR002C,YGR112W,0,-4.038706,0.13627716898918152,1.0,0.635890781879425
YGR177C,YBR227C,0,-4.039412,0.13625866174697876,1.0,0.6359907984733582
YOR298C-A,YGL124C,0,-4.0396185,0.136240154504776,1.0,0.6360908150672913
YER026C,YGL089C,0,-4.0401263,0.13622164726257324,1.0,0.6361908316612244
YCR014C,YDR450W,0,-4.0402126,0.13620315492153168,1.0,0.6362909078598022
YDL245C,YOL068C,0,-4.0420475,0.1361846625804901,1.0,0.6363909244537354
YGL236C,YLL010C,0,-4.042373,0.13616617023944855,1.0,0.6364909410476685
YKL130C,YGR098C,0,-4.042591,0.13614769279956818,1.0,0.6365909576416016
YOR368W,YGR216C,0,-4.0428753,0.1361292004585266,1.0,0.6366910338401794
YGL037C,YCR042C,0,-4.043848,0.13611073791980743,1.0,0.6367910504341125
YDR334W,YJL100W,0,-4.04423,0.13609226047992706,1.0,0.6368910670280457
YBR084C-A,YHR176W,0,-4.0442743,0.13607379794120789,1.0,0.6369910836219788
YDL029W,YPL162C,0,-4.0446424,0.1360553503036499,1.0,0.6370911002159119
YMR098C,YLR144C,0,-4.0452337,0.13603688776493073,1.0,0.6371911764144897
YGR028W,YNL079C,0,-4.045379,0.13601844012737274,1.0,0.6372911930084229
YPR082C,YJR135C,0,-4.0454345,0.13600000739097595,1.0,0.637391209602356
YDR037W,YFL021W,0,-4.046227,0.13598155975341797,1.0,0.6374912261962891
YGR163W,YDR390C,0,-4.047175,0.13596312701702118,1.0,0.6375913023948669
YNL279W,YBR002C,0,-4.0483046,0.1359446942806244,1.0,0.6376913189888
YLR307W,YIL145C,0,-4.04894,0.1359262764453888,1.0,0.6377913355827332
YLR459W,YLR396C,0,-4.0497084,0.1359078586101532,1.0,0.6378913521766663
YHR112C,YDR510W,0,-4.049917,0.1358894407749176,1.0,0.6379913687705994
YLR309C,YDR522C,0,-4.0505276,0.1358710378408432,1.0,0.6380914449691772
YNL329C,YGR002C,0,-4.050922,0.1358526349067688,1.0,0.6381914615631104
YNL311C,YOR279C,0,-4.0528235,0.1358342319726944,1.0,0.6382914781570435
YLR390W,YJL014W,0,-4.052951,0.1358158439397812,1.0,0.6383914947509766
YDL092W,YLR312W-A,0,-4.0537043,0.13579745590686798,1.0,0.6384915709495544
YPR122W,YMR200W,0,-4.0542774,0.13577906787395477,1.0,0.6385915875434875
YOR061W,YDR316W,0,-4.054328,0.13576069474220276,1.0,0.6386916041374207
YLR329W,YNL267W,0,-4.0544577,0.13574232161045074,1.0,0.6387916207313538
YJL046W,YOR269W,0,-4.0553064,0.13572394847869873,1.0,0.6388916969299316
YLR446W,YIR038C,0,-4.055399,0.1357055902481079,1.0,0.6389917135238647
YOR196C,YIR022W,0,-4.05582,0.1356872320175171,1.0,0.6390917301177979
YCL025C,YHR002W,0,-4.055864,0.13566887378692627,1.0,0.639191746711731
YNL163C,YAL034W-A,0,-4.056369,0.13565053045749664,1.0,0.6392917633056641
YKR080W,YLR035C,0,-4.05675,0.13563218712806702,1.0,0.6393918395042419
YJL207C,YBR077C,0,-4.059072,0.1356138437986374,1.0,0.639491856098175
YLR155C,YJR005W,0,-4.059101,0.13559551537036896,1.0,0.6395918726921082
YOR346W,YJL154C,0,-4.059215,0.13557718694210052,1.0,0.6396918892860413
YBR135W,YDR146C,0,-4.0592413,0.1355588585138321,1.0,0.6397919654846191
YMR013C,YBR173C,0,-4.06048,0.13554054498672485,1.0,0.6398919820785522
YPL228W,YLR327C,0,-4.0612965,0.13552223145961761,1.0,0.6399919986724854
YNL001W,YMR295C,0,-4.061617,0.13550391793251038,1.0,0.6400920152664185
YIL039W,YMR272C,0,-4.062573,0.13548561930656433,1.0,0.6401920318603516
YCR040W,YDR151C,0,-4.0625896,0.1354673206806183,1.0,0.6402921080589294
YMR080C,YOR037W,0,-4.062862,0.13544902205467224,1.0,0.6403921246528625
YPR178W,YGR251W,0,-4.0638213,0.1354307383298874,1.0,0.6404921412467957
YOL111C,YDR180W,0,-4.064417,0.13541245460510254,1.0,0.6405921578407288
YML104C,YPR165W,0,-4.065729,0.1353941708803177,1.0,0.6406922340393066
YOR069W,YNL172W,0,-4.0659394,0.13537588715553284,1.0,0.6407922506332397
YPR042C,YDR207C,0,-4.0665436,0.13535761833190918,1.0,0.6408922672271729
YNL321W,YJL225C,0,-4.067373,0.13533936440944672,1.0,0.640992283821106
YPL003W,YIR018W,0,-4.0679193,0.13532109558582306,1.0,0.6410923004150391
YOR017W,YPL246C,0,-4.0685635,0.1353028416633606,1.0,0.6411923766136169
YKR069W,YIL017C,0,-4.0700283,0.13528460264205933,1.0,0.64129239320755
YDL040C,YER175C,0,-4.0708637,0.13526634871959686,1.0,0.6413924098014832
YCL011C,YBR185C,0,-4.07191,0.1352481096982956,1.0,0.6414924263954163
YPR030W,YJR107W,0,-4.072274,0.13522987067699432,1.0,0.6415925025939941
YBR067C,YNL010W,0,-4.073298,0.13521164655685425,1.0,0.6416925191879272
YGR148C,YML128C,0,-4.07452,0.13519342243671417,1.0,0.6417925357818604
YOL149W,YMR238W,0,-4.075368,0.1351751983165741,1.0,0.6418925523757935
YMR130W,YPR019W,0,-4.0754986,0.13515698909759521,1.0,0.6419925689697266
YMR194W,YPR183W,0,-4.0755696,0.13513877987861633,1.0,0.6420926451683044
YMR179W,YDL159W,0,-4.076165,0.13512057065963745,1.0,0.6421926617622375
YOL006C,YCR088W,0,-4.077281,0.13510237634181976,1.0,0.6422926783561707
YHR056C,YOR256C,0,-4.0775967,0.13508418202400208,1.0,0.6423926949501038
YAR035W,YDL112W,0,-4.078559,0.1350659877061844,1.0,0.6424927711486816
YPL273W,YGL236C,0,-4.08037,0.1350477933883667,1.0,0.6425927877426147
YBR042C,YNL152W,0,-4.0809565,0.1350296139717102,1.0,0.6426928043365479
YOR149C,YOR064C,0,-4.0816107,0.1350114345550537,1.0,0.642792820930481
YGL017W,YNL083W,0,-4.0826836,0.1349932700395584,1.0,0.6428928971290588
YPL212C,YPL151C,0,-4.0829287,0.1349751055240631,1.0,0.6429929137229919
YJL044C,YOR125C,0,-4.0840898,0.1349569410085678,1.0,0.643092930316925
YGR106C,YJL187C,0,-4.0841017,0.1349387913942337,1.0,0.6431929469108582
YLR306W,YOR228C,0,-4.0856295,0.1349206417798996,1.0,0.6432929635047913
YNL067W,YDR501W,0,-4.0884852,0.1349024921655655,1.0,0.6433930397033691
YJR051W,YER184C,0,-4.08872,0.13488434255123138,1.0,0.6434930562973022
YPR194C,YGL090W,0,-4.08967,0.13486620783805847,1.0,0.6435930728912354
YLL017W,YDR093W,0,-4.089737,0.13484807312488556,1.0,0.6436930894851685
YDR315C,YMR184W,0,-4.0901604,0.13482995331287384,1.0,0.6437931656837463
YBL041W,YKL201C,0,-4.0903625,0.13481183350086212,1.0,0.6438931822776794
YPR030W,YDR411C,0,-4.0909705,0.1347937136888504,1.0,0.6439931988716125
YGR105W,YDR069C,0,-4.091078,0.13477559387683868,1.0,0.6440932154655457
YMR143W,YGL038C,0,-4.0917873,0.13475748896598816,1.0,0.6441932320594788
YOL100W,YOR017W,0,-4.0924006,0.13473938405513763,1.0,0.6442933082580566
YNL259C,YNL279W,0,-4.093073,0.1347212940454483,1.0,0.6443933248519897
YNL283C,YMR089C,0,-4.0931854,0.13470318913459778,1.0,0.6444933414459229
YDL204W,YGR184C,0,-4.0934668,0.13468511402606964,1.0,0.644593358039856
YPR107C,YJL149W,0,-4.095517,0.1346670240163803,1.0,0.6446934342384338
YPR054W,YLR164W,0,-4.0957212,0.13464894890785217,1.0,0.6447934508323669
YDR487C,YML040W,0,-4.096513,0.13463087379932404,1.0,0.6448934674263
YMR033W,YNL307C,0,-4.0968723,0.1346127986907959,1.0,0.6449934840202332
YLL012W,YJL091C,0,-4.096919,0.13459473848342896,1.0,0.6450935006141663
YDR153C,YDR147W,0,-4.0969605,0.134576678276062,1.0,0.6451935768127441
YLL045C,YGL160W,0,-4.0988355,0.13455863296985626,1.0,0.6452935934066772
YMR251W-A,YPL186C,0,-4.1001787,0.13454057276248932,1.0,0.6453936100006104
YDR390C,YHR175W,0,-4.100392,0.13452252745628357,1.0,0.6454936265945435
YDR281C,YOL066C,0,-4.1005917,0.134504497051239,1.0,0.6455937027931213
YOL018C,YJL207C,0,-4.102045,0.13448645174503326,1.0,0.6456937193870544
YBR142W,YOR329C,0,-4.1032453,0.1344684213399887,1.0,0.6457937359809875
YPL255W,YGR062C,0,-4.103351,0.13445040583610535,1.0,0.6458937525749207
YEL050C,YMR319C,0,-4.103406,0.1344323754310608,1.0,0.6459937691688538
YGL178W,YHR215W,0,-4.1044455,0.13441435992717743,1.0,0.6460938453674316
YDR221W,YKR062W,0,-4.104621,0.13439635932445526,1.0,0.6461938619613647
YHL047C,YBR126C,0,-4.1050553,0.1343783438205719,1.0,0.6462938785552979
YNR070W,YGR222W,0,-4.107264,0.13436034321784973,1.0,0.646393895149231
YGL054C,YDL112W,0,-4.1084156,0.13434235751628876,1.0,0.6464939713478088
YKL125W,YKL071W,0,-4.1084185,0.1343243569135666,1.0,0.6465939879417419
YPL118W,YLR035C,0,-4.109454,0.13430637121200562,1.0,0.646694004535675
YHR211W,YOR382W,0,-4.109948,0.13428838551044464,1.0,0.6467940211296082
YOR284W,YNL307C,0,-4.1102552,0.13427041471004486,1.0,0.646894097328186
YLR105C,YDR510W,0,-4.110655,0.13425244390964508,1.0,0.6469941139221191
YCR020W-B,YPL022W,0,-4.1114745,0.1342344731092453,1.0,0.6470941305160522
YDR065W,YGR002C,0,-4.111584,0.1342165172100067,1.0,0.6471941471099854
YPL069C,YHR147C,0,-4.1122007,0.13419856131076813,1.0,0.6472941637039185
YLR256W,YGL130W,0,-4.1124077,0.13418060541152954,1.0,0.6473942399024963
YMR198W,YDR314C,0,-4.1149344,0.13416264951229095,1.0,0.6474942564964294
YKL176C,YGL150C,0,-4.116024,0.13414470851421356,1.0,0.6475942730903625
YJL079C,YOR017W,0,-4.116482,0.13412676751613617,1.0,0.6476942896842957
YIR014W,YER117W,0,-4.1171865,0.13410884141921997,1.0,0.6477943658828735
YIL002C,YER122C,0,-4.1177635,0.13409091532230377,1.0,0.6478943824768066
YDR530C,YHR123W,0,-4.118239,0.13407298922538757,1.0,0.6479943990707397
YJR119C,YHR207C,0,-4.119361,0.13405506312847137,1.0,0.6480944156646729
YCL057W,YGL001C,0,-4.119441,0.13403715193271637,1.0,0.648194432258606
YPR058W,YGR169C,0,-4.11997,0.13401924073696136,1.0,0.6482945084571838
YDL030W,YML088W,0,-4.1200414,0.13400132954120636,1.0,0.6483945250511169
YOL156W,YNL177C,0,-4.12014,0.13398343324661255,1.0,0.64849454164505
YPL083C,YDR452W,0,-4.12024,0.13396553695201874,1.0,0.6485945582389832
YKL218C,YPL059W,0,-4.1211057,0.13394765555858612,1.0,0.648694634437561
YPR001W,YJL191W,0,-4.1214886,0.1339297592639923,1.0,0.6487946510314941
YLR183C,YBR236C,0,-4.121505,0.1339118778705597,1.0,0.6488946676254272
YNL086W,YJR133W,0,-4.1224337,0.13389401137828827,1.0,0.6489946842193604
YOR175C,YCR034W,0,-4.123966,0.13387612998485565,1.0,0.6490947008132935
YIL160C,YNL330C,0,-4.124016,0.13385826349258423,1.0,0.6491947770118713
YOL006C,YDL122W,0,-4.1244597,0.133840411901474,1.0,0.6492947936058044
YDR107C,YEL064C,0,-4.12482,0.13382254540920258,1.0,0.6493948101997375
YLR212C,YKL020C,0,-4.1254516,0.13380469381809235,1.0,0.6494948267936707
YKL135C,YKR036C,0,-4.1256175,0.13378684222698212,1.0,0.6495949029922485
YCL045C,YHR063C,0,-4.126693,0.13376900553703308,1.0,0.6496949195861816
YPR026W,YLR414C,0,-4.12733,0.13375116884708405,1.0,0.6497949361801147
YOR179C,YHR183W,0,-4.1276894,0.133733332157135,1.0,0.6498949527740479
YMR030W,YJR093C,0,-4.128358,0.13371551036834717,1.0,0.649994969367981
YLR383W,YPR101W,0,-4.1304765,0.13369767367839813,1.0,0.6500950455665588
YPL155C,YCL014W,0,-4.130926,0.13367986679077148,1.0,0.6501950621604919
YJL171C,YDR067C,0,-4.131019,0.13366204500198364,1.0,0.650295078754425
YBR070C,YDR255C,0,-4.1321635,0.133644238114357,1.0,0.6503950953483582
YFR044C,YDL010W,0,-4.13241,0.13362643122673035,1.0,0.650495171546936
YPR163C,YOR155C,0,-4.1332617,0.1336086392402649,1.0,0.6505951881408691
YNL138W,YPL170W,0,-4.1334457,0.13359083235263824,1.0,0.6506952047348022
YLL034C,YBL041W,0,-4.1335554,0.1335730403661728,1.0,0.6507952213287354
YDR177W,YNL007C,0,-4.1338444,0.13355526328086853,1.0,0.6508952975273132
YDL236W,YCL011C,0,-4.13452,0.13353747129440308,1.0,0.6509953141212463
YML129C,YDR050C,0,-4.134808,0.13351970911026,1.0,0.6510953307151794
YHR039C-A,YBR122C,0,-4.135334,0.13350193202495575,1.0,0.6511953473091125
YNL125C,YBR265W,0,-4.1353874,0.13348416984081268,1.0,0.6512953639030457
YFR005C,YLR369W,0,-4.1357026,0.13346640765666962,1.0,0.6513954401016235
YNL010W,YLR380W,0,-4.1365676,0.13344864547252655,1.0,0.6514954566955566
YLR446W,YDL174C,0,-4.1367607,0.13343088328838348,1.0,0.6515954732894897
YNL192W,YPR022C,0,-4.137244,0.1334131360054016,1.0,0.6516954898834229
YCR088W,YKL109W,0,-4.1376452,0.13339540362358093,1.0,0.6517955660820007
YHR153C,YML042W,0,-4.138243,0.13337765634059906,1.0,0.6518955826759338
YLR212C,YLR419W,0,-4.138275,0.13335992395877838,1.0,0.6519955992698669
YGR256W,YPL208W,0,-4.139083,0.1333421915769577,1.0,0.6520956158638
YBR228W,YKR008W,0,-4.139293,0.13332447409629822,1.0,0.6521956324577332
YDR071C,YJR086W,0,-4.139508,0.13330675661563873,1.0,0.652295708656311
YNL125C,YLR224W,0,-4.140044,0.13328903913497925,1.0,0.6523957252502441
YML095C,YDR229W,0,-4.1401644,0.13327132165431976,1.0,0.6524957418441772
YHR079C-A,YNL016W,0,-4.141987,0.13325361907482147,1.0,0.6525957584381104
YOR354C,YLR242C,0,-4.1423388,0.13323591649532318,1.0,0.6526958346366882
YBR009C,YJL093C,0,-4.1429887,0.13321822881698608,1.0,0.6527958512306213
YHR010W,YML029W,0,-4.1430564,0.1332005262374878,1.0,0.6528958678245544
YIL157C,YLR214W,0,-4.143245,0.1331828385591507,1.0,0.6529958844184875
YGL059W,YKR056W,0,-4.143631,0.1331651657819748,1.0,0.6530959010124207
YMR166C,YOR311C,0,-4.1440625,0.1331474781036377,1.0,0.6531959772109985
YFR033C,YJR082C,0,-4.145117,0.1331298053264618,1.0,0.6532959938049316
YDR492W,YLR002C,0,-4.145132,0.13311214745044708,1.0,0.6533960103988647
YPL240C,YGL191W,0,-4.14523,0.13309447467327118,1.0,0.6534960269927979
YPR184W,YPL218W,0,-4.146224,0.13307681679725647,1.0,0.6535961031913757
YML131W,YKR097W,0,-4.147219,0.13305917382240295,1.0,0.6536961197853088
YNR073C,YBR103W,0,-4.147502,0.13304151594638824,1.0,0.6537961363792419
YDR423C,YBL017C,0,-4.1479053,0.13302387297153473,1.0,0.653896152973175
YNL125C,YOR205C,0,-4.148358,0.1330062299966812,1.0,0.6539961695671082
YML007W,YDR334W,0,-4.1484833,0.1329886019229889,1.0,0.654096245765686
YDL214C,YLR121C,0,-4.1487775,0.13297097384929657,1.0,0.6541962623596191
YMR017W,YKR090W,0,-4.151058,0.13295334577560425,1.0,0.6542962789535522
YER120W,YDR306C,0,-4.1519494,0.13293571770191193,1.0,0.6543962955474854
YJR098C,YNL245C,0,-4.152995,0.1329181045293808,1.0,0.6544963717460632
YOR298W,YPL085W,0,-4.153604,0.13290049135684967,1.0,0.6545963883399963
YER171W,YLL043W,0,-4.1540127,0.13288287818431854,1.0,0.6546964049339294
YKL166C,YHR028C,0,-4.1545277,0.1328652799129486,1.0,0.6547964215278625
YOR204W,YLR109W,0,-4.1548667,0.13284768164157867,1.0,0.6548964977264404
YPL230W,YCR043C,0,-4.1552405,0.13283008337020874,1.0,0.6549965143203735
YIL126W,YKL020C,0,-4.15547,0.1328125,1.0,0.6550965309143066
YLR368W,YPL183W-A,0,-4.1559925,0.13279491662979126,1.0,0.6551965475082397
YNL006W,YDR494W,0,-4.1569176,0.13277733325958252,1.0,0.6552965641021729
YDR247W,YNL175C,0,-4.158316,0.13275976479053497,1.0,0.6553966403007507
YBR176W,YPR145W,0,-4.1588526,0.13274219632148743,1.0,0.6554966568946838
YNR040W,YPR152C,0,-4.1590567,0.13272462785243988,1.0,0.6555966734886169
YJR026W,YGL059W,0,-4.159322,0.13270705938339233,1.0,0.65569669008255
YEL030W,YBR207W,0,-4.1600595,0.13268950581550598,1.0,0.6557967662811279
YMR199W,YIL050W,0,-4.160164,0.13267195224761963,1.0,0.655896782875061
YGL232W,YML094W,0,-4.1605825,0.13265441358089447,1.0,0.6559967994689941
YFR028C,YJR152W,0,-4.160947,0.1326368749141693,1.0,0.6560968160629272
YDR320C,YIL126W,0,-4.1611056,0.13261933624744415,1.0,0.6561968326568604
YAL001C,YGR216C,0,-4.161125,0.132601797580719,1.0,0.6562969088554382
YGR048W,YDL061C,0,-4.1612697,0.13258427381515503,1.0,0.6563969254493713
YGL022W,YML034W,0,-4.161805,0.13256675004959106,1.0,0.6564969420433044
YCR014C,YHR076W,0,-4.161977,0.1325492262840271,1.0,0.6565969586372375
YGR169C,YIL072W,0,-4.162346,0.13253171741962433,1.0,0.6566970348358154
YIL170W,YGR171C,0,-4.162779,0.13251420855522156,1.0,0.6567970514297485
YCL045C,YML049C,0,-4.1634836,0.1324966996908188,1.0,0.6568970680236816
YER001W,YJL104W,0,-4.1635036,0.13247919082641602,1.0,0.6569970846176147
YLR381W,YER113C,0,-4.1645856,0.13246169686317444,1.0,0.6570971012115479
YDR457W,YDL168W,0,-4.165655,0.13244420289993286,1.0,0.6571971774101257
YJR147W,YBL017C,0,-4.1659226,0.13242672383785248,1.0,0.6572971940040588
YKL161C,YIR010W,0,-4.16622,0.1324092447757721,1.0,0.6573972105979919
YKR038C,YMR152W,0,-4.167025,0.1323917657136917,1.0,0.657497227191925
YDR072C,YOR324C,0,-4.1672516,0.13237428665161133,1.0,0.6575973033905029
YOR083W,YHR051W,0,-4.1679792,0.13235682249069214,1.0,0.657697319984436
YPL046C,YGL039W,0,-4.1687784,0.13233935832977295,1.0,0.6577973365783691
YLL033W,YDR531W,0,-4.169039,0.13232189416885376,1.0,0.6578973531723022
YPR065W,YDR128W,0,-4.169051,0.13230444490909576,1.0,0.6579973697662354
YIL160C,YJL095W,0,-4.1698365,0.13228699564933777,1.0,0.6580974459648132
YDR320C,YBR298C,0,-4.1699257,0.13226954638957977,1.0,0.6581974625587463
YMR217W,YHR043C,0,-4.170706,0.13225211203098297,1.0,0.6582974791526794
YKR061W,YDL212W,0,-4.1708894,0.13223467767238617,1.0,0.6583974957466125
YOL123W,YGR038W,0,-4.1709967,0.13221724331378937,1.0,0.6584975719451904
YKR066C,YDR368W,0,-4.1710887,0.13219980895519257,1.0,0.6585975885391235
YLR136C,YMR270C,0,-4.171097,0.13218238949775696,1.0,0.6586976051330566
YML075C,YAR003W,0,-4.171577,0.13216497004032135,1.0,0.6587976217269897
YGR281W,YPL053C,0,-4.171896,0.13214756548404694,1.0,0.6588976979255676
YDR051C,YBR057C,0,-4.1723557,0.13213016092777252,1.0,0.6589977145195007
YCR088W,YKR008W,0,-4.172577,0.1321127563714981,1.0,0.6590977311134338
YKR020W,YJR029W,0,-4.172885,0.1320953518152237,1.0,0.6591977477073669
YKL012W,YGL160W,0,-4.173537,0.13207796216011047,1.0,0.6592977643013
YDR001C,YMR023C,0,-4.175974,0.13206057250499725,1.0,0.6593978404998779
YDL120W,YKL154W,0,-4.177541,0.13204318284988403,1.0,0.659497857093811
YLR404W,YJL030W,0,-4.177589,0.1320257931947708,1.0,0.6595978736877441
YPR073C,YLL061W,0,-4.178465,0.1320084184408188,1.0,0.6596978902816772
YDR506C,YCR096C,0,-4.179039,0.13199105858802795,1.0,0.6597979664802551
YOR190W,YGL222C,0,-4.179118,0.13197368383407593,1.0,0.6598979830741882
YPL181W,YFR032C-A,0,-4.180135,0.1319563239812851,1.0,0.6599979996681213
YBR084W,YHR191C,0,-4.180319,0.13193896412849426,1.0,0.6600980162620544
YOL149W,YOL157C,0,-4.1819816,0.13192160427570343,1.0,0.6601980328559875
YOL165C,YPL086C,0,-4.1822343,0.1319042593240738,1.0,0.6602981090545654
YGR071C,YKL027W,0,-4.182725,0.13188691437244415,1.0,0.6603981256484985
YKR022C,YNL314W,0,-4.183651,0.13186956942081451,1.0,0.6604981422424316
YPL096W,YKR065C,0,-4.1839743,0.13185223937034607,1.0,0.6605981588363647
YPR201W,YLR070C,0,-4.1840415,0.13183490931987762,1.0,0.6606982350349426
YLR266C,YER122C,0,-4.1842213,0.13181757926940918,1.0,0.6607982516288757
YGL017W,YDR476C,0,-4.1843863,0.13180026412010193,1.0,0.6608982682228088
YBL024W,YDL010W,0,-4.1847415,0.13178294897079468,1.0,0.6609982848167419
YIR025W,YDL170W,0,-4.1857653,0.13176563382148743,1.0,0.661098301410675
YLR127C,YPL167C,0,-4.1866093,0.13174831867218018,1.0,0.6611983776092529
YHL047C,YLR310C,0,-4.1873994,0.13173101842403412,1.0,0.661298394203186
YOR257W,YBR195C,0,-4.1894093,0.13171371817588806,1.0,0.6613984107971191
YNL223W,YHR115C,0,-4.1901894,0.1316964328289032,1.0,0.6614984273910522
YPL024W,YGR062C,0,-4.190935,0.13167913258075714,1.0,0.6615985035896301
YPR029C,YNL331C,0,-4.191788,0.13166184723377228,1.0,0.6616985201835632
YDR356W,YHR063C,0,-4.192275,0.1316445767879486,1.0,0.6617985367774963
YGL051W,YPL132W,0,-4.192565,0.13162729144096375,1.0,0.6618985533714294
YOL151W,YER013W,0,-4.1929502,0.13161002099514008,1.0,0.6619985699653625
YPR058W,YER061C,0,-4.1930823,0.1315927505493164,1.0,0.6620986461639404
YPL186C,YGL211W,0,-4.1935825,0.13157549500465393,1.0,0.6621986627578735
YIL105C,YCR033W,0,-4.193637,0.13155823945999146,1.0,0.6622986793518066
YDR291W,YGL172W,0,-4.1945195,0.13154098391532898,1.0,0.6623986959457397
YIR025W,YDR293C,0,-4.195048,0.1315237283706665,1.0,0.6624987721443176
YPR011C,YGL106W,0,-4.195102,0.13150648772716522,1.0,0.6625987887382507
YDL246C,YGL236C,0,-4.195181,0.13148924708366394,1.0,0.6626988053321838
YNR049C,YLL027W,0,-4.195966,0.13147202134132385,1.0,0.6627988219261169
YKL176C,YBR068C,0,-4.1968565,0.13145478069782257,1.0,0.6628988981246948
YBR185C,YHL016C,0,-4.197273,0.13143755495548248,1.0,0.6629989147186279
YER091C,YCR012W,0,-4.1978383,0.1314203292131424,1.0,0.663098931312561
YER061C,YMR042W,0,-4.1995144,0.1314031183719635,1.0,0.6631989479064941
YPL074W,YDR484W,0,-4.199803,0.1313859075307846,1.0,0.6632989645004272
YCR020C,YAR007C,0,-4.200036,0.1313686966896057,1.0,0.6633990406990051
YLR182W,YGL232W,0,-4.2006903,0.13135148584842682,1.0,0.6634990572929382
YNL322C,YOR214C,0,-4.2007766,0.13133428990840912,1.0,0.6635990738868713
YLR332W,YMR295C,0,-4.200969,0.13131709396839142,1.0,0.6636990904808044
YIL063C,YDL159W,0,-4.2021933,0.1312999129295349,1.0,0.6637991666793823
YLR043C,YPL259C,0,-4.202369,0.1312827169895172,1.0,0.6638991832733154
YNR013C,YPR041W,0,-4.2035713,0.1312655359506607,1.0,0.6639991998672485
YDR254W,YDR264C,0,-4.2036905,0.1312483698129654,1.0,0.6640992164611816
YFL050C,YOR288C,0,-4.2039347,0.1312311887741089,1.0,0.6641992330551147
YMR142C,YBL057C,0,-4.204217,0.13121402263641357,1.0,0.6642993092536926
YER021W,YMR235C,0,-4.20422,0.13119685649871826,1.0,0.6643993258476257
YIR036C,YIL048W,0,-4.204836,0.13117970526218414,1.0,0.6644993424415588
YML028W,YPL144W,0,-4.204946,0.13116255402565002,1.0,0.6645993590354919
YPL024W,YBR175W,0,-4.2051926,0.1311454027891159,1.0,0.6646994352340698
YOR067C,YGL255W,0,-4.20564,0.1311282515525818,1.0,0.6647994518280029
YPL079W,YBR083W,0,-4.2068543,0.13111111521720886,1.0,0.664899468421936
YHR003C,YNL261W,0,-4.2072144,0.13109397888183594,1.0,0.6649994850158691
YPR002W,YPL188W,0,-4.20731,0.131076842546463,1.0,0.6650995016098022
YBR022W,YLR222C,0,-4.2076817,0.13105972111225128,1.0,0.6651995778083801
YNL192W,YDL194W,0,-4.209424,0.13104258477687836,1.0,0.6652995944023132
YBR167C,YEL046C,0,-4.2095428,0.13102547824382782,1.0,0.6653996109962463
YPL181W,YDR523C,0,-4.209738,0.1310083568096161,1.0,0.6654996275901794
YJR007W,YPL002C,0,-4.211871,0.13099125027656555,1.0,0.6655997037887573
YDR394W,YMR137C,0,-4.212285,0.13097414374351501,1.0,0.6656997203826904
YML112W,YOR298C-A,0,-4.212853,0.13095703721046448,1.0,0.6657997369766235
YDR383C,YMR182C,0,-4.2133203,0.13093994557857513,1.0,0.6658997535705566
YNL274C,YJR004C,0,-4.213335,0.1309228539466858,1.0,0.6659997701644897
YAL039C,YIL083C,0,-4.21471,0.13090576231479645,1.0,0.6660998463630676
YBR281C,YHL027W,0,-4.215314,0.1308886855840683,1.0,0.6661998629570007
YDR226W,YIL072W,0,-4.215517,0.13087160885334015,1.0,0.6662998795509338
YKR038C,YMR307W,0,-4.215616,0.130854532122612,1.0,0.6663998961448669
YIL160C,YOL165C,0,-4.2162027,0.13083747029304504,1.0,0.6664999723434448
YDR293C,YFR036W,0,-4.216279,0.1308203935623169,1.0,0.6665999889373779
YMR044W,YPL101W,0,-4.2174997,0.13080333173274994,1.0,0.666700005531311
YJL219W,YLR369W,0,-4.2185187,0.13078628480434418,1.0,0.6668000221252441
YJR036C,YMR300C,0,-4.2190695,0.13076923787593842,1.0,0.666900098323822
YOR226C,YDR524C,0,-4.2203116,0.13075219094753265,1.0,0.6670001149177551
YPR182W,YHR161C,0,-4.2206955,0.1307351440191269,1.0,0.6671001315116882
YNL172W,YDL052C,0,-4.2210937,0.13071809709072113,1.0,0.6672001481056213
YMR017W,YNR074C,0,-4.22147,0.13070106506347656,1.0,0.6673001646995544
YPL005W,YER183C,0,-4.2216096,0.130684033036232,1.0,0.6674002408981323
YMR150C,YOL090W,0,-4.2223377,0.13066701591014862,1.0,0.6675002574920654
YJL081C,YER157W,0,-4.2223377,0.13064999878406525,1.0,0.6676002740859985
YBR093C,YBR173C,0,-4.22274,0.13063298165798187,1.0,0.6677002906799316
YOR122C,YDL070W,0,-4.223175,0.1306159645318985,1.0,0.6678003668785095
YBR199W,YBL106C,0,-4.2233353,0.13059896230697632,1.0,0.6679003834724426
YKR018C,YDR538W,0,-4.223695,0.13058196008205414,1.0,0.6680004000663757
YLR221C,YER101C,0,-4.223835,0.13056495785713196,1.0,0.6681004166603088
YCR014C,YDR447C,0,-4.2250123,0.13054795563220978,1.0,0.6682004332542419
YKL166C,YBR044C,0,-4.225587,0.1305309683084488,1.0,0.6683005094528198
YMR100W,YPR137W,0,-4.2256355,0.1305139809846878,1.0,0.6684005260467529
YLR206W,YPL032C,0,-4.227044,0.130497008562088,1.0,0.668500542640686
YHR091C,YPL031C,0,-4.227209,0.13048003613948822,1.0,0.6686005592346191
YGR203W,YDR163W,0,-4.2279058,0.13046306371688843,1.0,0.668700635433197
YDL165W,YER090W,0,-4.2280316,0.13044609129428864,1.0,0.6688006520271301
YLL032C,YJR129C,0,-4.228257,0.13042913377285004,1.0,0.6689006686210632
YJL210W,YMR054W,0,-4.2293963,0.13041217625141144,1.0,0.6690006852149963
YBR055C,YOL043C,0,-4.2303934,0.13039521872997284,1.0,0.6691007018089294
YNL188W,YLR089C,0,-4.2311153,0.13037826120853424,1.0,0.6692007780075073
YNL126W,YLR219W,0,-4.2316747,0.13036131858825684,1.0,0.6693007946014404
YNL293W,YGL161C,0,-4.231836,0.13034437596797943,1.0,0.6694008111953735
YGL055W,YLR381W,0,-4.2320557,0.13032744824886322,1.0,0.6695008277893066
YPL187W,YLR441C,0,-4.2332363,0.13031050562858582,1.0,0.6696009039878845
YJL106W,YNL014W,0,-4.2333174,0.1302935779094696,1.0,0.6697009205818176
YOR077W,YDR253C,0,-4.233631,0.1302766650915146,1.0,0.6698009371757507
YPL218W,YLR268W,0,-4.2344203,0.13025973737239838,1.0,0.6699009537696838
YJL207C,YGL153W,0,-4.235918,0.13024282455444336,1.0,0.6700010299682617
YBR217W,YNL125C,0,-4.235923,0.13022591173648834,1.0,0.6701010465621948
YDR291W,YML006C,0,-4.2363005,0.13020901381969452,1.0,0.6702010631561279
YGL226C-A,YMR193W,0,-4.23636,0.1301921010017395,1.0,0.670301079750061
YJL056C,YBR061C,0,-4.2365766,0.13017521798610687,1.0,0.6704010963439941
YAR015W,YKL179C,0,-4.236685,0.13015832006931305,1.0,0.670501172542572
YOR194C,YNL254C,0,-4.237133,0.13014143705368042,1.0,0.6706011891365051
YDR173C,YDL217C,0,-4.2372246,0.1301245391368866,1.0,0.6707012057304382
YGL040C,YNL032W,0,-4.237481,0.13010767102241516,1.0,0.6708012223243713
YMR224C,YER112W,0,-4.237753,0.13009078800678253,1.0,0.6709012985229492
YMR098C,YOR070C,0,-4.237897,0.1300739198923111,1.0,0.6710013151168823
YPR159W,YER088C,0,-4.2389035,0.13005705177783966,1.0,0.6711013317108154
YPL106C,YJL214W,0,-4.239221,0.13004019856452942,1.0,0.6712013483047485
YDR341C,YDR086C,0,-4.239937,0.13002333045005798,1.0,0.6713013648986816
YDR454C,YNL008C,0,-4.240011,0.13000647723674774,1.0,0.6714014410972595
YDL181W,YDR432W,0,-4.241535,0.1299896389245987,1.0,0.6715014576911926
YLR064W,YMR200W,0,-4.24199,0.12997278571128845,1.0,0.6716014742851257
YKL046C,YER051W,0,-4.242552,0.1299559473991394,1.0,0.6717014908790588
YML115C,YPL159C,0,-4.242908,0.12993910908699036,1.0,0.6718015670776367
YAL016W,YCR017C,0,-4.2431507,0.1299222856760025,1.0,0.6719015836715698
YJL149W,YGR159C,0,-4.24352,0.12990544736385345,1.0,0.6720016002655029
YBL090W,YOL005C,0,-4.243722,0.1298886239528656,1.0,0.672101616859436
YGR285C,YDR107C,0,-4.243947,0.12987181544303894,1.0,0.6722016334533691
YBR057C,YLR356W,0,-4.2445784,0.1298549920320511,1.0,0.672301709651947
YGR096W,YJL047C,0,-4.2450967,0.12983818352222443,1.0,0.6724017262458801
YGR249W,YMR054W,0,-4.245905,0.12982137501239777,1.0,0.6725017428398132
YDL039C,YJL034W,0,-4.2467446,0.1298045814037323,1.0,0.6726017594337463
YGL148W,YPR029C,0,-4.246808,0.12978778779506683,1.0,0.6727018356323242
YER096W,YCL032W,0,-4.246886,0.12977099418640137,1.0,0.6728018522262573
YJR055W,YOR022C,0,-4.2469816,0.1297542005777359,1.0,0.6729018688201904
YGR281W,YGR216C,0,-4.2472982,0.12973742187023163,1.0,0.6730018854141235
YOR377W,YER003C,0,-4.2475805,0.12972064316272736,1.0,0.6731019020080566
YDR107C,YJL024C,0,-4.247644,0.12970386445522308,1.0,0.6732019782066345
YDR032C,YPL009C,0,-4.2478466,0.12968710064888,1.0,0.6733019948005676
YCR097W,YKR048C,0,-4.248897,0.12967033684253693,1.0,0.6734020113945007
YGR071C,YNL326C,0,-4.2496896,0.12965357303619385,1.0,0.6735020279884338
YGL084C,YOL113W,0,-4.249818,0.12963680922985077,1.0,0.6736021041870117
YNL154C,YPR103W,0,-4.2500453,0.12962006032466888,1.0,0.6737021207809448
YGL062W,YDL193W,0,-4.2525387,0.129603311419487,1.0,0.6738021373748779
YNL290W,YAL061W,0,-4.2532673,0.12958656251430511,1.0,0.673902153968811
YBR102C,YOR116C,0,-4.253648,0.12956982851028442,1.0,0.6740022301673889
YDR408C,YPL268W,0,-4.2536974,0.12955309450626373,1.0,0.674102246761322
YGL155W,YLR268W,0,-4.253874,0.12953636050224304,1.0,0.6742022633552551
YMR065W,YLR453C,0,-4.253885,0.12951962649822235,1.0,0.6743022799491882
YDR231C,YBL009W,0,-4.254886,0.12950290739536285,1.0,0.6744022965431213
YDL207W,YBR166C,0,-4.2550874,0.12948618829250336,1.0,0.6745023727416992
YMR168C,YLR381W,0,-4.2568407,0.12946946918964386,1.0,0.6746023893356323
YML099C,YGR101W,0,-4.2569747,0.12945276498794556,1.0,0.6747024059295654
YOR188W,YLR256W,0,-4.2569838,0.12943606078624725,1.0,0.6748024225234985
YOR008C,YNL152W,0,-4.2571497,0.12941935658454895,1.0,0.6749024987220764
YNR049C,YMR208W,0,-4.2592,0.12940265238285065,1.0,0.6750025153160095
YDR394W,YKL001C,0,-4.2595005,0.12938596308231354,1.0,0.6751025319099426
YBR059C,YHR021C,0,-4.259715,0.12936927378177643,1.0,0.6752025485038757
YLR370C,YNL139C,0,-4.260366,0.1293525993824005,1.0,0.6753025650978088
YIL139C,YOR038C,0,-4.261814,0.1293359100818634,1.0,0.6754026412963867
YBL075C,YGR092W,0,-4.261819,0.1293192356824875,1.0,0.6755026578903198
YOR231W,YJL056C,0,-4.263031,0.12930256128311157,1.0,0.6756026744842529
YOR138C,YIL115C,0,-4.2632866,0.12928590178489685,1.0,0.675702691078186
YCL040W,YOR261C,0,-4.2636423,0.12926924228668213,1.0,0.6758027672767639
YIL073C,YMR139W,0,-4.26383,0.1292525827884674,1.0,0.675902783870697
YKL213C,YDR163W,0,-4.2659893,0.12923592329025269,1.0,0.6760028004646301
YKL176C,YBR294W,0,-4.2664633,0.12921927869319916,1.0,0.6761028170585632
YOR064C,YJL053W,0,-4.2664766,0.12920263409614563,1.0,0.6762028336524963
YLR130C,YIL009C-A,0,-4.26715,0.1291859894990921,1.0,0.6763029098510742
YNR070W,YLR399C,0,-4.267519,0.12916934490203857,1.0,0.6764029264450073
YMR223W,YGL255W,0,-4.267683,0.12915271520614624,1.0,0.6765029430389404
YDR071C,YHR187W,0,-4.2684956,0.1291360855102539,1.0,0.6766029596328735
YOR122C,YMR198W,0,-4.268712,0.12911947071552277,1.0,0.6767030358314514
YAL005C,YDL200C,0,-4.2691813,0.12910284101963043,1.0,0.6768030524253845
YER111C,YPL099C,0,-4.2696,0.1290862262248993,1.0,0.6769030690193176
YBR234C,YIL046W,0,-4.270114,0.12906961143016815,1.0,0.6770030856132507
YBR067C,YNL102W,0,-4.270745,0.1290530115365982,1.0,0.6771031022071838
YDR283C,YPL202C,0,-4.272463,0.12903641164302826,1.0,0.6772031784057617
YGR282C,YBR227C,0,-4.2727337,0.1290198117494583,1.0,0.6773031949996948
YKR010C,YCR054C,0,-4.273673,0.12900321185588837,1.0,0.6774032115936279
YLR237W,YHR066W,0,-4.273823,0.12898662686347961,1.0,0.677503228187561
YPR025C,YBR061C,0,-4.2758164,0.12897004187107086,1.0,0.6776033043861389
YPR125W,YCR073C,0,-4.27625,0.1289534568786621,1.0,0.677703320980072
YKL038W,YJR135C,0,-4.276889,0.12893688678741455,1.0,0.6778033375740051
YOR215C,YOL105C,0,-4.2777658,0.1289203017950058,1.0,0.6779033541679382
YJR119C,YCR068W,0,-4.2778883,0.12890374660491943,1.0,0.6780034303665161
YIL041W,YMR270C,0,-4.27944,0.12888717651367188,1.0,0.6781034469604492
YBR035C,YER094C,0,-4.281337,0.1288706213235855,1.0,0.6782034635543823
YMR190C,YGR038W,0,-4.283706,0.12885406613349915,1.0,0.6783034801483154
YBR006W,YOR214C,0,-4.283711,0.12883751094341278,1.0,0.6784034967422485
YMR199W,YDR026C,0,-4.283929,0.12882095575332642,1.0,0.6785035729408264
YNL169C,YPR156C,0,-4.28431,0.12880441546440125,1.0,0.6786035895347595
YLR359W,YJL165C,0,-4.2843833,0.12878787517547607,1.0,0.6787036061286926
YLR396C,YKL216W,0,-4.2845464,0.1287713497877121,1.0,0.6788036227226257
YKL124W,YGR002C,0,-4.2847652,0.12875480949878693,1.0,0.6789036989212036
YBR079C,YKL140W,0,-4.284841,0.12873828411102295,1.0,0.6790037155151367
YBR102C,YER175C,0,-4.285452,0.12872175872325897,1.0,0.6791037321090698
YNL107W,YDR320C,0,-4.2862186,0.1287052482366562,1.0,0.6792037487030029
YGR058W,YKR071C,0,-4.2864633,0.1286887377500534,1.0,0.679303765296936
YIL145C,YMR282C,0,-4.287217,0.12867222726345062,1.0,0.6794038414955139
YPL144W,YNL117W,0,-4.2873497,0.12865571677684784,1.0,0.679503858089447
YCL057W,YOR382W,0,-4.2874804,0.12863922119140625,1.0,0.6796038746833801
YJR098C,YMR305C,0,-4.2881207,0.12862272560596466,1.0,0.6797038912773132
YOL057W,YKL172W,0,-4.288282,0.12860623002052307,1.0,0.6798039674758911
YDL194W,YBL088C,0,-4.2900805,0.12858974933624268,1.0,0.6799039840698242
YKL218C,YPL031C,0,-4.290709,0.1285732537508011,1.0,0.6800040006637573
YGR186W,YGL065C,0,-4.2908354,0.1285567730665207,1.0,0.6801040172576904
YDR051C,YPL186C,0,-4.291197,0.1285403072834015,1.0,0.6802040338516235
YJR090C,YOR261C,0,-4.2915154,0.1285238265991211,1.0,0.6803041100502014
YKL203C,YGR284C,0,-4.2915497,0.1285073608160019,1.0,0.6804041266441345
YLL052C,YHR135C,0,-4.291938,0.12849090993404388,1.0,0.6805041432380676
YMR238W,YLR097C,0,-4.2930245,0.12847444415092468,1.0,0.6806041598320007
YJL194W,YLR297W,0,-4.294218,0.12845799326896667,1.0,0.6807042360305786
YBR014C,YNL078W,0,-4.2946973,0.12844154238700867,1.0,0.6808042526245117
YDL084W,YLR028C,0,-4.2960386,0.12842509150505066,1.0,0.6809042692184448
YHR099W,YML051W,0,-4.299073,0.12840865552425385,1.0,0.6810042858123779
YJR093C,YIL111W,0,-4.299116,0.12839221954345703,1.0,0.681104302406311
YOR360C,YMR223W,0,-4.301405,0.12837578356266022,1.0,0.6812043786048889
YBR096W,YCR053W,0,-4.3016167,0.1283593475818634,1.0,0.681304395198822
YOR130C,YKL018W,0,-4.3034043,0.12834292650222778,1.0,0.6814044117927551
YDR221W,YBR061C,0,-4.3042088,0.12832650542259216,1.0,0.6815044283866882
YLR262C,YBR196C,0,-4.304345,0.12831009924411774,1.0,0.6816045045852661
YML087C,YPR020W,0,-4.304424,0.12829367816448212,1.0,0.6817045211791992
YNL335W,YMR204C,0,-4.304468,0.1282772719860077,1.0,0.6818045377731323
YBR037C,YGL233W,0,-4.3047934,0.12826086580753326,1.0,0.6819045543670654
YOL140W,YJL178C,0,-4.304936,0.12824447453022003,1.0,0.6820046305656433
YDL104C,YHR167W,0,-4.305475,0.1282280683517456,1.0,0.6821046471595764
YIR003W,YGR065C,0,-4.3055954,0.12821167707443237,1.0,0.6822046637535095
YCR012W,YDR067C,0,-4.306712,0.12819530069828033,1.0,0.6823046803474426
YDR036C,YLR099C,0,-4.3068676,0.1281789094209671,1.0,0.6824046969413757
YPL108W,YKL061W,0,-4.307452,0.12816253304481506,1.0,0.6825047731399536
YDL136W,YAL053W,0,-4.3076267,0.12814615666866302,1.0,0.6826047897338867
YKL018W,YOR162C,0,-4.3083477,0.12812979519367218,1.0,0.6827048063278198
YNL259C,YGL254W,0,-4.3093133,0.12811341881752014,1.0,0.6828048229217529
YAL043C,YMR203W,0,-4.30934,0.1280970573425293,1.0,0.6829048991203308
YEL030W,YLR289W,0,-4.309851,0.12808071076869965,1.0,0.6830049157142639
YPL206C,YGR113W,0,-4.309968,0.1280643492937088,1.0,0.683104932308197
YPR080W,YIL168W,0,-4.3106656,0.12804800271987915,1.0,0.6832049489021301
YNL209W,YDR456W,0,-4.310969,0.1280316561460495,1.0,0.6833049654960632
YBR186W,YGL047W,0,-4.3112626,0.12801530957221985,1.0,0.6834050416946411
YER146W,YIL090W,0,-4.3112907,0.1279989778995514,1.0,0.6835050582885742
YHR147C,YBR176W,0,-4.3115335,0.12798264622688293,1.0,0.6836050748825073
YGR221C,YBR276C,0,-4.3123918,0.12796631455421448,1.0,0.6837050914764404
YDL143W,YOR393W,0,-4.3127213,0.12794999778270721,1.0,0.6838051676750183
YPR073C,YMR086W,0,-4.314221,0.12793366611003876,1.0,0.6839051842689514
YNL052W,YGR198W,0,-4.3148913,0.1279173642396927,1.0,0.6840052008628845
YJL041W,YNR035C,0,-4.314946,0.12790104746818542,1.0,0.6841052174568176
YKL211C,YDR388W,0,-4.3151026,0.12788473069667816,1.0,0.6842052340507507
YDL104C,YDR155C,0,-4.315973,0.1278684288263321,1.0,0.6843053102493286
YAR014C,YDR141C,0,-4.31686,0.12785214185714722,1.0,0.6844053268432617
YEL002C,YPL103C,0,-4.3175516,0.12783583998680115,1.0,0.6845053434371948
YPL195W,YBR150C,0,-4.3177266,0.12781955301761627,1.0,0.6846053600311279
YOR371C,YOR044W,0,-4.317733,0.1278032660484314,1.0,0.6847054362297058
YKL042W,YDR242W,0,-4.3177347,0.12778697907924652,1.0,0.6848054528236389
YOL149W,YJL165C,0,-4.3177786,0.12777070701122284,1.0,0.684905469417572
YFR021W,YDR164C,0,-4.3199825,0.12775442004203796,1.0,0.6850054860115051
YGL223C,YGR287C,0,-4.3206224,0.12773816287517548,1.0,0.6851055026054382
YGL121C,YOR299W,0,-4.3209395,0.1277218908071518,1.0,0.6852055788040161
YML051W,YDR069C,0,-4.32131,0.1277056336402893,1.0,0.6853055953979492
YGL054C,YLR425W,0,-4.321485,0.12768937647342682,1.0,0.6854056119918823
YGL051W,YML037C,0,-4.3216352,0.12767311930656433,1.0,0.6855056285858154
YLL027W,YHR042W,0,-4.321953,0.12765686213970184,1.0,0.6856057047843933
YOL112W,YKL157W,0,-4.32326,0.12764061987400055,1.0,0.6857057213783264
YDR047W,YJR034W,0,-4.3244505,0.12762437760829926,1.0,0.6858057379722595
YJR103W,YBR052C,0,-4.3246098,0.12760813534259796,1.0,0.6859057545661926
YMR201C,YHR061C,0,-4.325365,0.12759190797805786,1.0,0.6860058307647705
YDR279W,YNL122C,0,-4.3262334,0.12757568061351776,1.0,0.6861058473587036
YOR317W,YDR104C,0,-4.326421,0.12755945324897766,1.0,0.6862058639526367
YMR098C,YIL132C,0,-4.326581,0.12754324078559875,1.0,0.6863058805465698
YBR245C,YLR381W,0,-4.32796,0.12752701342105865,1.0,0.6864058971405029
YKR105C,YEL061C,0,-4.3283606,0.12751080095767975,1.0,0.6865059733390808
YDR248C,YAL040C,0,-4.3284073,0.12749460339546204,1.0,0.6866059899330139
YNL079C,YIL170W,0,-4.3296175,0.12747839093208313,1.0,0.686706006526947
YDR332W,YGL237C,0,-4.330959,0.12746219336986542,1.0,0.6868060231208801
YMR302C,YDR414C,0,-4.332218,0.1274459958076477,1.0,0.686906099319458
YOR283W,YMR034C,0,-4.3324785,0.12742979824543,1.0,0.6870061159133911
YKL089W,YDR440W,0,-4.3326473,0.12741361558437347,1.0,0.6871061325073242
YMR302C,YPR082C,0,-4.332925,0.12739743292331696,1.0,0.6872061491012573
YPR006C,YJR135C,0,-4.333069,0.12738125026226044,1.0,0.6873061656951904
YGR047C,YER125W,0,-4.3331413,0.1273650825023651,1.0,0.6874062418937683
YDL104C,YLR341W,0,-4.3331814,0.1273489147424698,1.0,0.6875062584877014
YOR311C,YLR042C,0,-4.3336,0.12733274698257446,1.0,0.6876062750816345
YOL117W,YBR274W,0,-4.333741,0.12731657922267914,1.0,0.6877062916755676
YAL055W,YBR070C,0,-4.334057,0.1273004114627838,1.0,0.6878063678741455
YLR381W,YMR067C,0,-4.334298,0.12728425860404968,1.0,0.6879063844680786
YML034W,YGR252W,0,-4.3354692,0.12726810574531555,1.0,0.6880064010620117
YBR217W,YDR322W,0,-4.336068,0.12725196778774261,1.0,0.6881064176559448
YAL062W,YJL121C,0,-4.336213,0.12723582983016968,1.0,0.6882064342498779
YMR115W,YBR159W,0,-4.336549,0.12721969187259674,1.0,0.6883065104484558
YMR163C,YBR050C,0,-4.3367786,0.1272035539150238,1.0,0.6884065270423889
YAR031W,YCL036W,0,-4.3377523,0.12718741595745087,1.0,0.688506543636322
YIR003W,YPL011C,0,-4.3379273,0.12717129290103912,1.0,0.6886065602302551
YPR168W,YBR166C,0,-4.3384805,0.12715516984462738,1.0,0.688706636428833
YHR047C,YNL217W,0,-4.3389034,0.12713906168937683,1.0,0.6888066530227661
YJR016C,YDR348C,0,-4.3391485,0.1271229386329651,1.0,0.6889066696166992
YDL021W,YKR069W,0,-4.3392897,0.12710683047771454,1.0,0.6890066862106323
YPR108W,YOR298C-A,0,-4.3395133,0.127090722322464,1.0,0.6891067028045654
YMR162C,YGL100W,0,-4.339553,0.12707462906837463,1.0,0.6892067790031433
YKL096W,YCR069W,0,-4.3413863,0.12705852091312408,1.0,0.6893067955970764
YGR061C,YLR109W,0,-4.3415756,0.12704242765903473,1.0,0.6894068121910095
YKR090W,YNL192W,0,-4.3418655,0.12702634930610657,1.0,0.6895068287849426
YPL192C,YJR152W,0,-4.341895,0.1270102560520172,1.0,0.6896069049835205
YPR052C,YCL010C,0,-4.3421516,0.12699417769908905,1.0,0.6897069215774536
YLR398C,YKL061W,0,-4.3430643,0.1269780993461609,1.0,0.6898069381713867
YOR133W,YOL117W,0,-4.3433313,0.12696202099323273,1.0,0.6899069547653198
YBL036C,YBL020W,0,-4.344633,0.12694595754146576,1.0,0.6900070309638977
YML078W,YFL014W,0,-4.344718,0.1269298940896988,1.0,0.6901070475578308
YNR001C,YNL146W,0,-4.345685,0.12691383063793182,1.0,0.6902070641517639
YNL262W,YGL209W,0,-4.34599,0.12689776718616486,1.0,0.690307080745697
YBR084W,YIL121W,0,-4.346344,0.12688171863555908,1.0,0.6904070973396301
YML124C,YGR257C,0,-4.346592,0.1268656700849533,1.0,0.690507173538208
YDL226C,YNR045W,0,-4.346882,0.12684962153434753,1.0,0.6906071901321411
YKL100C,YLL040C,0,-4.347041,0.12683358788490295,1.0,0.6907072067260742
YER157W,YEL050C,0,-4.3472033,0.12681755423545837,1.0,0.6908072233200073
YPL050C,YKL022C,0,-4.3488035,0.1268015205860138,1.0,0.6909072995185852
YDR443C,YOR005C,0,-4.3491907,0.1267854869365692,1.0,0.6910073161125183
YLR047C,YPR111W,0,-4.3501997,0.12676946818828583,1.0,0.6911073327064514
YHR153C,YFL033C,0,-4.350234,0.12675344944000244,1.0,0.6912073493003845
YOR058C,YPR031W,0,-4.3503532,0.12673743069171906,1.0,0.6913073658943176
YDL049C,YOR080W,0,-4.350772,0.12672141194343567,1.0,0.6914074420928955
YBL079W,YDR253C,0,-4.3511467,0.12670540809631348,1.0,0.6915074586868286
YLR221C,YNL264C,0,-4.3521056,0.12668940424919128,1.0,0.6916074752807617
YOR171C,YNL099C,0,-4.352872,0.1266734004020691,1.0,0.6917074918746948
YGL150C,YNL192W,0,-4.353405,0.1266574114561081,1.0,0.6918075680732727
YKL218C,YLR203C,0,-4.356885,0.1266414076089859,1.0,0.6919075846672058
YER056C-A,YJL066C,0,-4.356917,0.1266254186630249,1.0,0.6920076012611389
YGR288W,YHR184W,0,-4.357682,0.1266094446182251,1.0,0.692107617855072
YPL038W,YIR022W,0,-4.359337,0.1265934556722641,1.0,0.6922076344490051
YOR089C,YLR165C,0,-4.363119,0.1265774816274643,1.0,0.692307710647583
YOR174W,YBL034C,0,-4.363966,0.1265615075826645,1.0,0.6924077272415161
YPR002W,YHR002W,0,-4.3645573,0.12654554843902588,1.0,0.6925077438354492
YOR131C,YJR089W,0,-4.3659697,0.12652958929538727,1.0,0.6926077604293823
YNL102W,YFR004W,0,-4.3683033,0.12651361525058746,1.0,0.6927078366279602
YPL154C,YDR233C,0,-4.368639,0.12649767100811005,1.0,0.6928078532218933
YNL242W,YJL082W,0,-4.3689275,0.12648171186447144,1.0,0.6929078698158264
YPR135W,YBR033W,0,-4.3689938,0.12646576762199402,1.0,0.6930078864097595
YBR155W,YDL006W,0,-4.369449,0.1264498233795166,1.0,0.6931079030036926
YDL030W,YPL249C,0,-4.3697014,0.12643387913703918,1.0,0.6932079792022705
YKL130C,YKR102W,0,-4.370007,0.12641794979572296,1.0,0.6933079957962036
YGL145W,YLR209C,0,-4.370377,0.12640202045440674,1.0,0.6934080123901367
YNR027W,YGR047C,0,-4.37053,0.12638609111309052,1.0,0.6935080289840698
YDR162C,YFL014W,0,-4.3706536,0.1263701617717743,1.0,0.6936081051826477
YDR307W,YPL237W,0,-4.370871,0.12635424733161926,1.0,0.6937081217765808
YML024W,YFL014W,0,-4.3715515,0.12633833289146423,1.0,0.6938081383705139
YHR016C,YLR174W,0,-4.372793,0.1263224184513092,1.0,0.693908154964447
YMR037C,YOR005C,0,-4.372921,0.12630650401115417,1.0,0.6940082311630249
YPL268W,YDR313C,0,-4.373258,0.12629060447216034,1.0,0.694108247756958
YDR022C,YDR056C,0,-4.373411,0.1262747049331665,1.0,0.6942082643508911
YGR231C,YOR057W,0,-4.3738523,0.12625880539417267,1.0,0.6943082809448242
YPR160W,YER175C,0,-4.3739758,0.12624292075634003,1.0,0.6944082975387573
YMR263W,YGR134W,0,-4.375139,0.12622703611850739,1.0,0.6945083737373352
YIL034C,YNL241C,0,-4.375722,0.12621115148067474,1.0,0.6946083903312683
YBR122C,YLR208W,0,-4.3761387,0.1261952668428421,1.0,0.6947084069252014
YOR173W,YPL104W,0,-4.376541,0.12617939710617065,1.0,0.6948084235191345
YLR418C,YAL024C,0,-4.3770895,0.1261635273694992,1.0,0.6949084997177124
YDR331W,YDL185W,0,-4.3778734,0.12614765763282776,1.0,0.6950085163116455
YIL136W,YOL064C,0,-4.379569,0.1261317878961563,1.0,0.6951085329055786
YDR283C,YPR061C,0,-4.379792,0.12611593306064606,1.0,0.6952085494995117
YFR009W,YHR179W,0,-4.3800745,0.1261000782251358,1.0,0.6953085660934448
YBR128C,YOL007C,0,-4.380604,0.12608422338962555,1.0,0.6954086422920227
YDR531W,YMR238W,0,-4.380637,0.1260683834552765,1.0,0.6955086588859558
YAL058W,YNL007C,0,-4.382719,0.12605252861976624,1.0,0.6956086754798889
YER050C,YMR282C,0,-4.3831763,0.12603668868541718,1.0,0.695708692073822
YMR044W,YIL031W,0,-4.383418,0.1260208636522293,1.0,0.6958087682723999
YBL085W,YPL271W,0,-4.3834963,0.12600502371788025,1.0,0.695908784866333
YMR315W,YPL110C,0,-4.3836946,0.12598919868469238,1.0,0.6960088014602661
YAL014C,YPL231W,0,-4.383932,0.12597337365150452,1.0,0.6961088180541992
YOR224C,YNL239W,0,-4.384883,0.12595754861831665,1.0,0.6962088346481323
YNL010W,YDR368W,0,-4.3850203,0.12594173848628998,1.0,0.6963089108467102
YHR074W,YKR009C,0,-4.385401,0.1259259283542633,1.0,0.6964089274406433
YMR263W,YNL325C,0,-4.3872547,0.12591011822223663,1.0,0.6965089440345764
YDL236W,YBR200W,0,-4.388566,0.12589430809020996,1.0,0.6966089606285095
YGR104C,YHL016C,0,-4.3885765,0.12587851285934448,1.0,0.6967090368270874
YLR449W,YJR086W,0,-4.388877,0.125862717628479,1.0,0.6968090534210205
YHR140W,YDR404C,0,-4.3896494,0.12584692239761353,1.0,0.6969090700149536
YOR360C,YBR207W,0,-4.390501,0.12583114206790924,1.0,0.6970090866088867
YPL045W,YPR001W,0,-4.3907337,0.12581534683704376,1.0,0.6971091032028198
YHR079C-A,YJL046W,0,-4.3907695,0.12579956650733948,1.0,0.6972091794013977
YKR022C,YNL064C,0,-4.3925714,0.1257838010787964,1.0,0.6973091959953308
YDR231C,YOL066C,0,-4.393431,0.1257680207490921,1.0,0.6974092125892639
YOR217W,YHR191C,0,-4.39409,0.125752255320549,1.0,0.697509229183197
YPL217C,YMR276W,0,-4.394762,0.12573648989200592,1.0,0.6976093053817749
YGR056W,YFL038C,0,-4.39499,0.12572073936462402,1.0,0.697709321975708
YJL048C,YJR065C,0,-4.3967905,0.12570497393608093,1.0,0.6978093385696411
YOR187W,YML048W,0,-4.396949,0.12568922340869904,1.0,0.6979093551635742
YJR055W,YGR286C,0,-4.398339,0.12567347288131714,1.0,0.6980094313621521
YGL225W,YNR047W,0,-4.398551,0.12565773725509644,1.0,0.6981094479560852
YMR039C,YOR035C,0,-4.3997664,0.12564198672771454,1.0,0.6982094645500183
YHR107C,YJR144W,0,-4.400142,0.12562625110149384,1.0,0.6983094811439514
YMR146C,YKL221W,0,-4.4002056,0.12561051547527313,1.0,0.6984094977378845
YPR194C,YDR443C,0,-4.40022,0.12559479475021362,1.0,0.6985095739364624
YNL242W,YJL141C,0,-4.400414,0.12557905912399292,1.0,0.6986095905303955
YBR040W,YKR054C,0,-4.4004517,0.1255633383989334,1.0,0.6987096071243286
YFR019W,YDR414C,0,-4.400683,0.1255476325750351,1.0,0.6988096237182617
YGL133W,YBR287W,0,-4.4012165,0.12553191184997559,1.0,0.6989096999168396
YGL023C,YDR523C,0,-4.4018497,0.12551620602607727,1.0,0.6990097165107727
YFL017W-A,YMR033W,0,-4.403544,0.12550050020217896,1.0,0.6991097331047058
YLL039C,YPL147W,0,-4.4037404,0.12548479437828064,1.0,0.6992097496986389
YBR199W,YDR376W,0,-4.404195,0.12546910345554352,1.0,0.699309766292572
YER150W,YDR137W,0,-4.4047174,0.1254534125328064,1.0,0.6994098424911499
YOR328W,YGR092W,0,-4.405292,0.12543772161006927,1.0,0.699509859085083
YKL059C,YDR444W,0,-4.4053454,0.12542203068733215,1.0,0.6996098756790161
YIL084C,YLR141W,0,-4.4065037,0.12540635466575623,1.0,0.6997098922729492
YOR246C,YPL275W,0,-4.408267,0.1253906786441803,1.0,0.6998099684715271
YMR039C,YHL024W,0,-4.4082804,0.12537500262260437,1.0,0.6999099850654602
YJR093C,YDL122W,0,-4.409567,0.12535932660102844,1.0,0.7000100016593933
YLR424W,YJR161C,0,-4.4106236,0.1253436654806137,1.0,0.7001100182533264
YML095C,YNR039C,0,-4.4108777,0.12532800436019897,1.0,0.7002100348472595
YDL008W,YBL067C,0,-4.4115524,0.12531234323978424,1.0,0.7003101110458374
YKL170W,YGR035C,0,-4.411781,0.1252966821193695,1.0,0.7004101276397705
YIL108W,YBR057C,0,-4.4119825,0.12528103590011597,1.0,0.7005101442337036
YLR427W,YBR265W,0,-4.4123545,0.12526538968086243,1.0,0.7006101608276367
YBL045C,YNL244C,0,-4.4125614,0.1252497434616089,1.0,0.7007102370262146
YPL064C,YKL175W,0,-4.4136314,0.12523411214351654,1.0,0.7008102536201477
YDR090C,YBR166C,0,-4.414674,0.1252184808254242,1.0,0.7009102702140808
YNL047C,YJR060W,0,-4.414773,0.12520284950733185,1.0,0.7010102868080139
YLR404W,YLR394W,0,-4.4148192,0.1251872181892395,1.0,0.701110303401947
YDR318W,YJL204C,0,-4.415306,0.12517160177230835,1.0,0.7012103796005249
YJL143W,YDL109C,0,-4.415324,0.125155970454216,1.0,0.701310396194458
YDR363W,YIR008C,0,-4.4155445,0.12514036893844604,1.0,0.7014104127883911
YOR211C,YIL129C,0,-4.416326,0.1251247525215149,1.0,0.7015104293823242
YNR010W,YEL061C,0,-4.4172573,0.12510913610458374,1.0,0.7016105055809021
YMR217W,YFR029W,0,-4.4187264,0.12509353458881378,1.0,0.7017105221748352
YPL112C,YPR063C,0,-4.419365,0.12507793307304382,1.0,0.7018105387687683
YGL128C,YBL102W,0,-4.4193997,0.12506234645843506,1.0,0.7019105553627014
YPR006C,YCR098C,0,-4.4195004,0.1250467449426651,1.0,0.7020106315612793
YNL279W,YAL053W,0,-4.41997,0.12503115832805634,1.0,0.7021106481552124
YKL112W,YGR006W,0,-4.4200606,0.12501558661460876,1.0,0.7022106647491455
YMR284W,YGL233W,0,-4.420471,0.125,1.0,0.7023106813430786
YDR222W,YOL130W,0,-4.420822,0.12498442083597183,1.0,0.7024106979370117
YAL031C,YIR015W,0,-4.4209595,0.12496884912252426,1.0,0.7025107741355896
YPR065W,YMR168C,0,-4.421151,0.12495328485965729,1.0,0.7026107907295227
YOR306C,YKL212W,0,-4.4212685,0.12493772059679031,1.0,0.7027108073234558
YIL078W,YNR039C,0,-4.4224954,0.12492215633392334,1.0,0.7028108239173889
YPL118W,YOR008C,0,-4.422571,0.12490659952163696,1.0,0.7029109001159668
YEL016C,YOL043C,0,-4.4226007,0.12489105015993118,1.0,0.7030109167098999
YJL103C,YNL225C,0,-4.422901,0.1248755007982254,1.0,0.703110933303833
YOR346W,YOR147W,0,-4.4236693,0.12485995143651962,1.0,0.7032109498977661
YIL085C,YMR272C,0,-4.424169,0.12484440952539444,1.0,0.7033109664916992
YER111C,YGL222C,0,-4.424266,0.12482887506484985,1.0,0.7034110426902771
YBL093C,YPL174C,0,-4.4248805,0.12481334060430527,1.0,0.7035110592842102
YDR432W,YJL214W,0,-4.4263225,0.12479781359434128,1.0,0.7036110758781433
YAL032C,YJR103W,0,-4.42664,0.12478228658437729,1.0,0.7037110924720764
YJL171C,YER051W,0,-4.4287853,0.1247667595744133,1.0,0.7038111686706543
YFL016C,YEL036C,0,-4.428797,0.1247512474656105,1.0,0.7039111852645874
YNL257C,YLR289W,0,-4.4289064,0.12473572790622711,1.0,0.7040112018585205
YCL034W,YDR403W,0,-4.4289637,0.12472021579742432,1.0,0.7041112184524536
YDR506C,YOR368W,0,-4.4302573,0.12470471113920212,1.0,0.7042112350463867
YOR181W,YLR088W,0,-4.432741,0.12468920648097992,1.0,0.7043113112449646
YOR077W,YIL132C,0,-4.4329042,0.12467370927333832,1.0,0.7044113278388977
YNL225C,YDR014W,0,-4.4335527,0.12465821206569672,1.0,0.7045113444328308
YFL018C,YPL170W,0,-4.4337225,0.12464272230863571,1.0,0.7046113610267639
YDR484W,YKL174C,0,-4.4343057,0.1246272400021553,1.0,0.7047114372253418
YOL088C,YNL256W,0,-4.4367027,0.1246117502450943,1.0,0.7048114538192749
YLR287C-A,YML121W,0,-4.4370604,0.12459627538919449,1.0,0.704911470413208
YIL083C,YOR039W,0,-4.4385176,0.12458080053329468,1.0,0.7050114870071411
YDR173C,YDR496C,0,-4.438843,0.12456532567739487,1.0,0.705111563205719
YLR100W,YDR076W,0,-4.438928,0.12454985827207565,1.0,0.7052115797996521
YPL087W,YDL112W,0,-4.439417,0.12453439086675644,1.0,0.7053115963935852
YLR116W,YGL233W,0,-4.4404163,0.12451893091201782,1.0,0.7054116129875183
YDR197W,YOR216C,0,-4.440706,0.1245034784078598,1.0,0.7055116295814514
YAL062W,YHR135C,0,-4.4407215,0.12448802590370178,1.0,0.7056117057800293
YGR067C,YJL114W,0,-4.4415455,0.12447257339954376,1.0,0.7057117223739624
YIL093C,YKL178C,0,-4.441768,0.12445712834596634,1.0,0.7058117389678955
YNL300W,YJL082W,0,-4.441926,0.12444169074296951,1.0,0.7059117555618286
YDL056W,YIL124W,0,-4.4420023,0.12442625313997269,1.0,0.7060118317604065
YMR115W,YDR237W,0,-4.443309,0.12441081553697586,1.0,0.7061118483543396
YDR131C,YAL035W,0,-4.44376,0.12439538538455963,1.0,0.7062118649482727
YJL099W,YNL241C,0,-4.4448233,0.124379962682724,1.0,0.7063118815422058
YPR190C,YOR070C,0,-4.4460535,0.12436453998088837,1.0,0.7064118981361389
YNR060W,YNL131W,0,-4.446262,0.12434911727905273,1.0,0.7065119743347168
YGL203C,YOR242C,0,-4.446613,0.1243337020277977,1.0,0.7066119909286499
YPR061C,YCL050C,0,-4.4469566,0.12431829422712326,1.0,0.706712007522583
YJL056C,YBL028C,0,-4.447306,0.12430288642644882,1.0,0.7068120241165161
YMR287C,YPL124W,0,-4.4473734,0.12428748607635498,1.0,0.706912100315094
YMR034C,YMR042W,0,-4.448485,0.12427208572626114,1.0,0.7070121169090271
YDR267C,YGL183C,0,-4.44984,0.1242566928267479,1.0,0.7071121335029602
YIL010W,YGL124C,0,-4.4503865,0.12424129992723465,1.0,0.7072121500968933
YCR088W,YIL139C,0,-4.4504504,0.1242259070277214,1.0,0.7073121666908264
YJR010C-A,YNL236W,0,-4.450532,0.12421052902936935,1.0,0.7074122428894043
YFR051C,YKR080W,0,-4.4510884,0.1241951435804367,1.0,0.7075122594833374
YMR043W,YBR294W,0,-4.4515724,0.12417977303266525,1.0,0.7076122760772705
YER150W,YDL019C,0,-4.452729,0.1241643950343132,1.0,0.7077122926712036
YDR472W,YMR089C,0,-4.4540224,0.12414903193712234,1.0,0.7078123688697815
YLR256W,YGL068W,0,-4.454644,0.12413366138935089,1.0,0.7079123854637146
YDR394W,YKL186C,0,-4.4551163,0.12411830574274063,1.0,0.7080124020576477
YIL006W,YLL054C,0,-4.4556446,0.12410294264554977,1.0,0.7081124186515808
YOR190W,YBR288C,0,-4.4558687,0.12408759444952011,1.0,0.7082124352455139
YJL177W,YLR034C,0,-4.455947,0.12407223880290985,1.0,0.7083125114440918
YNL280C,YNR060W,0,-4.4565315,0.12405689805746078,1.0,0.7084125280380249
YMR046C,YJL034W,0,-4.456852,0.12404154986143112,1.0,0.708512544631958
YPL042C,YJL133W,0,-4.457242,0.12402621656656265,1.0,0.7086125612258911
YCL033C,YJL014W,0,-4.4580493,0.12401088327169418,1.0,0.708712637424469
YEL021W,YDR354W,0,-4.459357,0.12399554997682571,1.0,0.7088126540184021
YIL168W,YNL148C,0,-4.461486,0.12398022413253784,1.0,0.7089126706123352
YNL239W,YER050C,0,-4.4616337,0.12396489828824997,1.0,0.7090126872062683
YOR064C,YNR016C,0,-4.4625607,0.1239495798945427,1.0,0.7091127634048462
YBR177C,YJL063C,0,-4.462925,0.12393426150083542,1.0,0.7092127799987793
YFR055W,YJR119C,0,-4.4632874,0.12391895055770874,1.0,0.7093127965927124
YKL056C,YJL004C,0,-4.4637055,0.12390364706516266,1.0,0.7094128131866455
YHR004C,YOR255W,0,-4.4648447,0.12388834357261658,1.0,0.7095128297805786
YGR186W,YLL054C,0,-4.4649916,0.1238730400800705,1.0,0.7096129059791565
YDL156W,YFL055W,0,-4.4652104,0.12385774403810501,1.0,0.7097129225730896
YGR009C,YJR121W,0,-4.466465,0.12384244799613953,1.0,0.7098129391670227
YGR085C,YER065C,0,-4.468044,0.12382715940475464,1.0,0.7099129557609558
YMR297W,YNL178W,0,-4.4689302,0.12381187826395035,1.0,0.7100130319595337
YMR285C,YER050C,0,-4.4698925,0.12379659712314606,1.0,0.7101130485534668
YNL166C,YER153C,0,-4.4699097,0.12378131598234177,1.0,0.7102130651473999
YNL248C,YDR118W,0,-4.471832,0.12376604229211807,1.0,0.710313081741333
YBR036C,YPL012W,0,-4.471904,0.12375076860189438,1.0,0.7104130983352661
YDR054C,YGR184C,0,-4.4724035,0.12373550236225128,1.0,0.710513174533844
YGR206W,YJR105W,0,-4.4732623,0.12372024357318878,1.0,0.7106131911277771
YDR171W,YJL123C,0,-4.473374,0.12370498478412628,1.0,0.7107132077217102
YLR226W,YPL022W,0,-4.4736433,0.12368972599506378,1.0,0.7108132243156433
YDR536W,YCR057C,0,-4.4742317,0.12367447465658188,1.0,0.7109133005142212
YBR022W,YJR021C,0,-4.475025,0.12365923076868057,1.0,0.7110133171081543
YKL034W,YHR178W,0,-4.4751024,0.12364398688077927,1.0,0.7111133337020874
YPR072W,YDL010W,0,-4.47637,0.12362874299287796,1.0,0.7112133502960205
YLR105C,YKL165C,0,-4.47682,0.12361350655555725,1.0,0.7113133668899536
YGR194C,YLL015W,0,-4.4776125,0.12359827756881714,1.0,0.7114134430885315
YKL203C,YMR197C,0,-4.4777155,0.12358304858207703,1.0,0.7115134596824646
YPR025C,YIL168W,0,-4.478053,0.12356781959533691,1.0,0.7116134762763977
YBL041W,YCR053W,0,-4.4782357,0.1235525980591774,1.0,0.7117134928703308
YJR058C,YJL203W,0,-4.4784346,0.12353738397359848,1.0,0.7118135690689087
YJL052W,YBR080C,0,-4.4784946,0.12352216988801956,1.0,0.7119135856628418
YML015C,YGR289C,0,-4.4793954,0.12350695580244064,1.0,0.7120136022567749
YDL101C,YOL146W,0,-4.47964,0.12349174916744232,1.0,0.712113618850708
YPL244C,YHR136C,0,-4.480091,0.1234765499830246,1.0,0.7122136354446411
YDR508C,YJL117W,0,-4.480098,0.12346135079860687,1.0,0.712313711643219
YDR425W,YHL032C,0,-4.4807568,0.12344615161418915,1.0,0.7124137282371521
YMR004W,YBR278W,0,-4.481619,0.12343095988035202,1.0,0.7125137448310852
YDL056W,YDR242W,0,-4.4837213,0.12341577559709549,1.0,0.7126137614250183
YML007W,YOR061W,0,-4.483933,0.12340059131383896,1.0,0.7127138376235962
YMR162C,YGR186W,0,-4.484068,0.12338540703058243,1.0,0.7128138542175293
YPL155C,YLR113W,0,-4.4842215,0.1233702301979065,1.0,0.7129138708114624
YDR267C,YGR052W,0,-4.4843154,0.12335506081581116,1.0,0.7130138874053955
YOR187W,YGL163C,0,-4.484559,0.12333989143371582,1.0,0.7131139636039734
YGR288W,YDR050C,0,-4.4845614,0.12332472950220108,1.0,0.7132139801979065
YOR328W,YDR144C,0,-4.4857845,0.12330956757068634,1.0,0.7133139967918396
YML009C,YEL030W,0,-4.4858656,0.1232944056391716,1.0,0.7134140133857727
YDR483W,YDR060W,0,-4.486367,0.12327925115823746,1.0,0.7135140299797058
YDL120W,YJL184W,0,-4.4872856,0.12326410412788391,1.0,0.7136141061782837
YPL123C,YML034W,0,-4.488145,0.12324895709753036,1.0,0.7137141227722168
YBR200W,YJR075W,0,-4.488897,0.12323381006717682,1.0,0.7138141393661499
YGL153W,YPL028W,0,-4.4891195,0.12321867048740387,1.0,0.713914155960083
YGR075C,YAR035W,0,-4.4909067,0.12320353835821152,1.0,0.7140142321586609
YCL057W,YIL177C,0,-4.4910736,0.12318840622901917,1.0,0.714114248752594
YDR363W,YHR083W,0,-4.4916844,0.12317327409982681,1.0,0.7142142653465271
YIL172C,YBR265W,0,-4.4920835,0.12315815687179565,1.0,0.7143142819404602
YLR050C,YGL160W,0,-4.4923277,0.1231430321931839,1.0,0.7144142985343933
YEL017C-A,YPL072W,0,-4.4925175,0.12312791496515274,1.0,0.7145143747329712
YIR014W,YPR164W,0,-4.493288,0.12311280518770218,1.0,0.7146143913269043
YJL103C,YDR153C,0,-4.493596,0.12309769541025162,1.0,0.7147144079208374
YML121W,YJR006W,0,-4.4954095,0.12308258563280106,1.0,0.7148144245147705
YJR022W,YGL026C,0,-4.4954243,0.12306748330593109,1.0,0.7149145007133484
YDR311W,YLL043W,0,-4.4956512,0.12305238842964172,1.0,0.7150145173072815
YLR306W,YER019W,0,-4.4972935,0.12303729355335236,1.0,0.7151145339012146
YIR036C,YBR141C,0,-4.4983864,0.12302219867706299,1.0,0.7152145504951477
YIR036C,YDR518W,0,-4.498989,0.12300711125135422,1.0,0.7153145670890808
YEL060C,YDL128W,0,-4.499387,0.12299203127622604,1.0,0.7154146432876587
YMR037C,YDR529C,0,-4.499505,0.12297695130109787,1.0,0.7155146598815918
YPL110C,YIL135C,0,-4.4996133,0.1229618713259697,1.0,0.7156146764755249
YPR023C,YGL119W,0,-4.500071,0.12294679880142212,1.0,0.715714693069458
YIL066C,YHR101C,0,-4.5008373,0.12293173372745514,1.0,0.7158147692680359
YJL101C,YML056C,0,-4.5008845,0.12291666865348816,1.0,0.715914785861969
YNL279W,YNL139C,0,-4.5013475,0.12290160357952118,1.0,0.7160148024559021
YDR166C,YDR534C,0,-4.502389,0.1228865459561348,1.0,0.7161148190498352
YNL101W,YAR050W,0,-4.504945,0.12287149578332901,1.0,0.7162148356437683
YPL083C,YLR357W,0,-4.5065713,0.12285644561052322,1.0,0.7163149118423462
YCR077C,YNL297C,0,-4.506773,0.12284139543771744,1.0,0.7164149284362793
YER168C,YPL202C,0,-4.507391,0.12282635271549225,1.0,0.7165149450302124
YGR271W,YLR205C,0,-4.5078335,0.12281131744384766,1.0,0.7166149616241455
YDR450W,YJR110W,0,-4.507853,0.12279627472162247,1.0,0.7167150378227234
YDR266C,YIR037W,0,-4.508358,0.12278124690055847,1.0,0.7168150544166565
YPR125W,YBL019W,0,-4.508434,0.12276621907949448,1.0,0.7169150710105896
YKL010C,YKL038W,0,-4.508606,0.12275119125843048,1.0,0.7170150876045227
YPR144C,YIL017C,0,-4.5107017,0.12273617088794708,1.0,0.7171151638031006
YNL209W,YDR082W,0,-4.510968,0.12272115796804428,1.0,0.7172151803970337
YGR029W,YEL070W,0,-4.511711,0.12270614504814148,1.0,0.7173151969909668
YMR184W,YKL127W,0,-4.5129004,0.12269113212823868,1.0,0.7174152135848999
YLR410W,YJR032W,0,-4.5136776,0.12267612665891647,1.0,0.717515230178833
YGR209C,YDR466W,0,-4.514764,0.12266112118959427,1.0,0.7176153063774109
YKL198C,YMR104C,0,-4.515073,0.12264612317085266,1.0,0.717715322971344
YDR538W,YGR081C,0,-4.5151567,0.12263112515211105,1.0,0.7178153395652771
YKR042W,YCR069W,0,-4.51521,0.12261613458395004,1.0,0.7179153561592102
YMR270C,YNL093W,0,-4.515231,0.12260115146636963,1.0,0.7180154323577881
YHR066W,YMR216C,0,-4.515894,0.12258616834878922,1.0,0.7181154489517212
YBL058W,YIL048W,0,-4.516263,0.1225711852312088,1.0,0.7182154655456543
YOR118W,YJR013W,0,-4.517057,0.12255620956420898,1.0,0.7183154821395874
YJR010C-A,YGR113W,0,-4.517658,0.12254123389720917,1.0,0.7184154987335205
YJR025C,YMR282C,0,-4.5179496,0.12252626568078995,1.0,0.7185155749320984
YIL143C,YDL150W,0,-4.5191336,0.12251129746437073,1.0,0.7186155915260315
YMR070W,YJL046W,0,-4.5208483,0.1224963366985321,1.0,0.7187156081199646
YPR168W,YHR098C,0,-4.5214334,0.12248137593269348,1.0,0.7188156247138977
YPL042C,YDR452W,0,-4.5232515,0.12246642261743546,1.0,0.7189157009124756
YNL014W,YMR170C,0,-4.5232763,0.12245146930217743,1.0,0.7190157175064087
YJR033C,YBL019W,0,-4.523338,0.1224365234375,1.0,0.7191157341003418
YMR099C,YPR042C,0,-4.523881,0.12242157757282257,1.0,0.7192157506942749
YMR287C,YGL019W,0,-4.523995,0.12240663915872574,1.0,0.719315767288208
YKL042W,YBR297W,0,-4.5241494,0.1223917007446289,1.0,0.7194158434867859
YBL089W,YBR204C,0,-4.524491,0.12237676978111267,1.0,0.719515860080719
YBR018C,YAR035W,0,-4.528187,0.12236183881759644,1.0,0.7196158766746521
YBR210W,YGR163W,0,-4.529107,0.1223469153046608,1.0,0.7197158932685852
YER042W,YOR131C,0,-4.529237,0.12233199179172516,1.0,0.7198159694671631
YPL180W,YLL003W,0,-4.5294375,0.12231707572937012,1.0,0.7199159860610962
YJR013W,YDR228C,0,-4.5308867,0.12230215966701508,1.0,0.7200160026550293
YDR369C,YBR136W,0,-4.5311966,0.12228724360466003,1.0,0.7201160192489624
YIL084C,YBL057C,0,-4.531519,0.12227234244346619,1.0,0.7202160358428955
YML123C,YHR086W,0,-4.5318108,0.12225743383169174,1.0,0.7203161120414734
YIL140W,YPR041W,0,-4.5324416,0.1222425326704979,1.0,0.7204161286354065
YGL168W,YMR208W,0,-4.5331864,0.12222763895988464,1.0,0.7205161452293396
YLR238W,YOR288C,0,-4.5344334,0.12221274524927139,1.0,0.7206161618232727
YHR156C,YLR321C,0,-4.5344505,0.12219785898923874,1.0,0.7207162380218506
YPR080W,YOR367W,0,-4.5345984,0.12218297272920609,1.0,0.7208162546157837
YMR284W,YDR228C,0,-4.5348954,0.12216808646917343,1.0,0.7209162712097168
YBR122C,YGR216C,0,-4.5350046,0.12215320765972137,1.0,0.7210162878036499
YPR073C,YGR013W,0,-4.5351076,0.12213833630084991,1.0,0.7211163640022278
YOR126C,YHL004W,0,-4.5351105,0.12212346494197845,1.0,0.7212163805961609
YIL079C,YIL044C,0,-4.5359297,0.122108593583107,1.0,0.721316397190094
YEL009C,YJR086W,0,-4.5360546,0.12209372967481613,1.0,0.7214164137840271
YNL265C,YCL050C,0,-4.5367007,0.12207887321710587,1.0,0.7215164303779602
YBL022C,YGR256W,0,-4.5373793,0.1220640167593956,1.0,0.7216165065765381
YNR060W,YPL220W,0,-4.5376515,0.12204916030168533,1.0,0.7217165231704712
YMR162C,YGL216W,0,-4.538735,0.12203431129455566,1.0,0.7218165397644043
YJL081C,YNL291C,0,-4.5387907,0.122019462287426,1.0,0.7219165563583374
YOR173W,YJL047C,0,-4.5392475,0.12200462073087692,1.0,0.7220166325569153
YFL062W,YHR062C,0,-4.539853,0.12198978662490845,1.0,0.7221166491508484
YOL038W,YIL134W,0,-4.5398965,0.12197494506835938,1.0,0.7222166657447815
YPR125W,YBR059C,0,-4.5404196,0.1219601184129715,1.0,0.7223166823387146
YKR069W,YJL149W,0,-4.540514,0.12194529175758362,1.0,0.7224166989326477
YKR044W,YJR152W,0,-4.541193,0.12193046510219574,1.0,0.7225167751312256
YDL097C,YOR022C,0,-4.541203,0.12191564589738846,1.0,0.7226167917251587
YOR384W,YER171W,0,-4.541632,0.12190082669258118,1.0,0.7227168083190918
YKL084W,YDR030C,0,-4.5418797,0.12188601493835449,1.0,0.7228168249130249
YLR291C,YMR004W,0,-4.542286,0.12187120318412781,1.0,0.7229169011116028
YGR036C,YOL092W,0,-4.542533,0.12185639888048172,1.0,0.7230169177055359
YBL036C,YGL172W,0,-4.5430994,0.12184159457683563,1.0,0.723116934299469
YJL044C,YKR097W,0,-4.543315,0.12182679772377014,1.0,0.7232169508934021
YMR080C,YOR360C,0,-4.5435505,0.12181200087070465,1.0,0.7233169674873352
YCR102C,YPR025C,0,-4.5454926,0.12179720401763916,1.0,0.7234170436859131
YCL025C,YGR038W,0,-4.5458837,0.12178242206573486,1.0,0.7235170602798462
YDL197C,YML025C,0,-4.546339,0.12176763266324997,1.0,0.7236170768737793
YDL191W,YPR165W,0,-4.546589,0.12175285071134567,1.0,0.7237170934677124
YMR298W,YPL101W,0,-4.5470037,0.12173807621002197,1.0,0.7238171696662903
YDL095W,YJL081C,0,-4.5477858,0.12172330170869827,1.0,0.7239171862602234
YML062C,YKL015W,0,-4.5487385,0.12170852720737457,1.0,0.7240172028541565
YER048C,YOR202W,0,-4.548957,0.12169376015663147,1.0,0.7241172194480896
YBR102C,YKR067W,0,-4.5512667,0.12167900055646896,1.0,0.7242172360420227
YCR003W,YIR009W,0,-4.5513945,0.12166424095630646,1.0,0.7243173122406006
YPL123C,YPL065W,0,-4.551482,0.12164948135614395,1.0,0.7244173288345337
YGR256W,YLR074C,0,-4.5517893,0.12163472920656204,1.0,0.7245173454284668
YGR215W,YNL146W,0,-4.5518775,0.12161998450756073,1.0,0.7246173620223999
YGL168W,YHL024W,0,-4.5519257,0.12160523980855942,1.0,0.7247174382209778
YNR008W,YOR036W,0,-4.5538197,0.1215904951095581,1.0,0.7248174548149109
YKR101W,YNL272C,0,-4.5540004,0.12157575786113739,1.0,0.724917471408844
YBR290W,YJR005W,0,-4.554211,0.12156102061271667,1.0,0.7250174880027771
YPR023C,YNL009W,0,-4.5556316,0.12154629081487656,1.0,0.725117564201355
YDR143C,YDR348C,0,-4.5559773,0.12153156101703644,1.0,0.7252175807952881
YPR098C,YJR144W,0,-4.5565176,0.12151683866977692,1.0,0.7253175973892212
YOR007C,YML074C,0,-4.557045,0.1215021163225174,1.0,0.7254176139831543
YOR285W,YFR051C,0,-4.558116,0.12148740142583847,1.0,0.7255176305770874
YER075C,YDR371W,0,-4.5581894,0.12147268652915955,1.0,0.7256177067756653
YGR180C,YML032C,0,-4.559636,0.12145797908306122,1.0,0.7257177233695984
YPL016W,YGL187C,0,-4.5597124,0.12144327163696289,1.0,0.7258177399635315
YBR098W,YEL043W,0,-4.5599365,0.12142857164144516,1.0,0.7259177565574646
YOL019W,YKL071W,0,-4.5603695,0.12141387164592743,1.0,0.7260178327560425
YPL218W,YIL110W,0,-4.562187,0.1213991791009903,1.0,0.7261178493499756
YHR085W,YLR165C,0,-4.562544,0.12138448655605316,1.0,0.7262178659439087
YGR026W,YDL051W,0,-4.5634623,0.12136979401111603,1.0,0.7263178825378418
YDL082W,YBL098W,0,-4.5645905,0.12135510891675949,1.0,0.7264178991317749
YNL035C,YNL329C,0,-4.564621,0.12134043127298355,1.0,0.7265179753303528
YKL119C,YIL172C,0,-4.56507,0.12132575362920761,1.0,0.7266179919242859
YMR263W,YGL023C,0,-4.5651836,0.12131107598543167,1.0,0.726718008518219
YOL030W,YDL222C,0,-4.5659046,0.12129640579223633,1.0,0.7268180251121521
YCL010C,YPL265W,0,-4.566309,0.12128174304962158,1.0,0.72691810131073
YOR187W,YDR383C,0,-4.5691223,0.12126708030700684,1.0,0.7270181179046631
YBR187W,YDR067C,0,-4.5699024,0.12125241756439209,1.0,0.7271181344985962
YML036W,YML029W,0,-4.570195,0.12123776227235794,1.0,0.7272181510925293
YNL077W,YGR287C,0,-4.571307,0.12122310698032379,1.0,0.7273181676864624
YOR194C,YDL128W,0,-4.5719204,0.12120845913887024,1.0,0.7274182438850403
YLR107W,YPL011C,0,-4.572129,0.12119381129741669,1.0,0.7275182604789734
YLR147C,YHR076W,0,-4.572653,0.12117917090654373,1.0,0.7276182770729065
YNL151C,YDR036C,0,-4.5734873,0.12116453051567078,1.0,0.7277182936668396
YOR020C,YDR084C,0,-4.575324,0.12114989757537842,1.0,0.7278183698654175
YDR281C,YOR014W,0,-4.5753245,0.12113526463508606,1.0,0.7279183864593506
YIL042C,YKL116C,0,-4.57694,0.1211206391453743,1.0,0.7280184030532837
YOR340C,YER166W,0,-4.5770893,0.12110601365566254,1.0,0.7281184196472168
YOR279C,YGL135W,0,-4.5784197,0.12109139561653137,1.0,0.7282184362411499
YHR029C,YDR410C,0,-4.579124,0.12107677757740021,1.0,0.7283185124397278
YGR156W,YKL109W,0,-4.5793505,0.12106215953826904,1.0,0.7284185290336609
YDR231C,YJR091C,0,-4.5801125,0.12104754894971848,1.0,0.728518545627594
YPR041W,YLR209C,0,-4.580334,0.1210329458117485,1.0,0.7286185622215271
YDL236W,YPL074W,0,-4.5806503,0.12101834267377853,1.0,0.728718638420105
YOR275C,YGL079W,0,-4.5807548,0.12100373953580856,1.0,0.7288186550140381
YML115C,YPL065W,0,-4.58146,0.12098914384841919,1.0,0.7289186716079712
YMR210W,YPL123C,0,-4.5828233,0.12097454816102982,1.0,0.7290186882019043
YDR032C,YDR510W,0,-4.584306,0.12095995992422104,1.0,0.7291187644004822
YCL040W,YJR088C,0,-4.584755,0.12094537913799286,1.0,0.7292187809944153
YKL112W,YIL004C,0,-4.5850897,0.12093079090118408,1.0,0.7293187975883484
YKL170W,YDL155W,0,-4.585456,0.1209162175655365,1.0,0.7294188141822815
YJL149W,YDR198C,0,-4.586206,0.12090163677930832,1.0,0.7295188307762146
YJR143C,YOR221C,0,-4.5868435,0.12088707089424133,1.0,0.7296189069747925
YDR182W,YPR140W,0,-4.587022,0.12087249755859375,1.0,0.7297189235687256
YBR223C,YAR014C,0,-4.5873737,0.12085793167352676,1.0,0.7298189401626587
YAL054C,YNL309W,0,-4.588933,0.12084337323904037,1.0,0.7299189567565918
YKR025W,YKR071C,0,-4.5900736,0.12082881480455399,1.0,0.7300190329551697
YIL122W,YEL061C,0,-4.590617,0.1208142638206482,1.0,0.7301190495491028
YNL206C,YMR184W,0,-4.592078,0.1207997128367424,1.0,0.7302190661430359
YGL012W,YOR307C,0,-4.5922823,0.12078516185283661,1.0,0.730319082736969
YMR104C,YDR218C,0,-4.5924683,0.12077061831951141,1.0,0.7304190993309021
YGL220W,YOR142W,0,-4.5926547,0.12075608223676682,1.0,0.73051917552948
YNL297C,YER098W,0,-4.5932636,0.12074154615402222,1.0,0.7306191921234131
YJL151C,YOR326W,0,-4.5932884,0.12072701007127762,1.0,0.7307192087173462
YDR380W,YMR023C,0,-4.593481,0.12071248143911362,1.0,0.7308192253112793
YLR155C,YLR336C,0,-4.593537,0.12069795280694962,1.0,0.7309193015098572
YOR077W,YJL122W,0,-4.593605,0.12068343162536621,1.0,0.7310193181037903
YLL001W,YMR267W,0,-4.593621,0.1206689104437828,1.0,0.7311193346977234
YBL067C,YDR177W,0,-4.5942926,0.12065439671278,1.0,0.7312193512916565
YBR006W,YMR065W,0,-4.5949144,0.12063988298177719,1.0,0.7313193678855896
YER133W,YDL132W,0,-4.595087,0.12062537670135498,1.0,0.7314194440841675
YFL062W,YMR272C,0,-4.595674,0.12061087042093277,1.0,0.7315194606781006
YGR188C,YDL064W,0,-4.596405,0.12059637159109116,1.0,0.7316194772720337
YOR245C,YPL195W,0,-4.597406,0.12058187276124954,1.0,0.7317194938659668
YHR186C,YNL267W,0,-4.5975704,0.12056737393140793,1.0,0.7318195700645447
YER190W,YIL021W,0,-4.5979853,0.12055288255214691,1.0,0.7319195866584778
YPR168W,YML131W,0,-4.5991554,0.12053839862346649,1.0,0.7320196032524109
YGL094C,YDL107W,0,-4.5992928,0.12052391469478607,1.0,0.732119619846344
YOR285W,YNL052W,0,-4.600566,0.12050943076610565,1.0,0.7322196364402771
YLR158C,YPR108W,0,-4.6008177,0.12049495428800583,1.0,0.732319712638855
YLR353W,YHR029C,0,-4.601488,0.120480477809906,1.0,0.7324197292327881
YJR045C,YNR035C,0,-4.6016903,0.12046600878238678,1.0,0.7325197458267212
YPL057C,YOL005C,0,-4.6017656,0.12045153975486755,1.0,0.7326197624206543
YAL058W,YGR295C,0,-4.60207,0.12043707817792892,1.0,0.7327198386192322
YLL015W,YFR008W,0,-4.6030226,0.1204226166009903,1.0,0.7328198552131653
YDL236W,YPL281C,0,-4.6036453,0.12040816247463226,1.0,0.7329198718070984
YPL093W,YJL172W,0,-4.603707,0.12039370834827423,1.0,0.7330198884010315
YDL019C,YJL130C,0,-4.6037507,0.1203792616724968,1.0,0.7331199645996094
YER082C,YMR165C,0,-4.604206,0.12036481499671936,1.0,0.7332199811935425
YBR073W,YNR041C,0,-4.6054983,0.12035036832094193,1.0,0.7333199977874756
YGL137W,YIL048W,0,-4.6073313,0.12033592909574509,1.0,0.7334200143814087
YGR194C,YGL095C,0,-4.6077557,0.12032149732112885,1.0,0.7335200309753418
YDL164C,YDL161W,0,-4.6083345,0.1203070655465126,1.0,0.7336201071739197
YOR347C,YDL005C,0,-4.6100082,0.12029263377189636,1.0,0.7337201237678528
YCL020W,YOR214C,0,-4.6112113,0.12027820944786072,1.0,0.7338201403617859
YJR067C,YER133W,0,-4.6126842,0.12026379257440567,1.0,0.733920156955719
YKL092C,YGR047C,0,-4.6136384,0.12024936825037003,1.0,0.7340202331542969
YGR071C,YPL110C,0,-4.613782,0.12023495882749557,1.0,0.73412024974823
YNL107W,YHR069C,0,-4.613922,0.12022054195404053,1.0,0.7342202663421631
YDR380W,YMR086W,0,-4.61405,0.12020613253116608,1.0,0.7343202829360962
YNR044W,YLR186W,0,-4.6152177,0.12019173055887222,1.0,0.7344202995300293
YOL004W,YDR006C,0,-4.6155386,0.12017732858657837,1.0,0.7345203757286072
YOR209C,YBR274W,0,-4.615632,0.12016293406486511,1.0,0.7346203923225403
YDR405W,YOR148C,0,-4.615878,0.12014853954315186,1.0,0.7347204089164734
YCR094W,YOR022C,0,-4.616695,0.1201341450214386,1.0,0.7348204255104065
YOR360C,YLR138W,0,-4.6171074,0.12011975795030594,1.0,0.7349205017089844
YGL048C,YDR322W,0,-4.6172304,0.12010537832975388,1.0,0.7350205183029175
YJL036W,YDL092W,0,-4.618565,0.12009099870920181,1.0,0.7351205348968506
YJL210W,YMR307W,0,-4.619273,0.12007661908864975,1.0,0.7352205514907837
YML104C,YOR391C,0,-4.620221,0.12006224691867828,1.0,0.7353205680847168
YKL180W,YMR152W,0,-4.6205454,0.12004787474870682,1.0,0.7354206442832947
YKL091C,YLR394W,0,-4.620567,0.12003351002931595,1.0,0.7355206608772278
YBL097W,YNL067W,0,-4.6207414,0.12001914530992508,1.0,0.7356206774711609
YJL143W,YDR073W,0,-4.620758,0.12000478804111481,1.0,0.735720694065094
YDR196C,YOL075C,0,-4.6210995,0.11999043077230453,1.0,0.7358207702636719
YGL206C,YMR171C,0,-4.6231804,0.11997607350349426,1.0,0.735920786857605
YLR113W,YBL092W,0,-4.6232295,0.11996172368526459,1.0,0.7360208034515381
YLR394W,YHR191C,0,-4.624091,0.11994738131761551,1.0,0.7361208200454712
YLR266C,YIL133C,0,-4.6243134,0.11993303894996643,1.0,0.7362208366394043
YDR415C,YLR431C,0,-4.6262407,0.11991869658231735,1.0,0.7363209128379822
YOL071W,YGR108W,0,-4.6264863,0.11990436166524887,1.0,0.7364209294319153
YMR025W,YEL026W,0,-4.6265955,0.11989003419876099,1.0,0.7365209460258484
YML118W,YLR453C,0,-4.6275244,0.1198756992816925,1.0,0.7366209626197815
YGR191W,YKL193C,0,-4.6276116,0.11986137926578522,1.0,0.7367210388183594
YBR293W,YKR030W,0,-4.6286573,0.11984705179929733,1.0,0.7368210554122925
YJL143W,YER098W,0,-4.628769,0.11983273923397064,1.0,0.7369210720062256
YOR115C,YJL184W,0,-4.629139,0.11981841921806335,1.0,0.7370210886001587
YGL032C,YOL108C,0,-4.6294456,0.11980410665273666,1.0,0.7371211647987366
YBR145W,YBR098W,0,-4.630497,0.11978980153799057,1.0,0.7372211813926697
YMR017W,YNL242W,0,-4.6305766,0.11977549642324448,1.0,0.7373211979866028
YOL097C,YDR473C,0,-4.6306267,0.11976119130849838,1.0,0.7374212145805359
YCL033C,YCR087C-A,0,-4.630746,0.11974689364433289,1.0,0.737521231174469
YPL190C,YJL133W,0,-4.63183,0.11973260343074799,1.0,0.7376213073730469
YGL241W,YOL044W,0,-4.6320553,0.11971831321716309,1.0,0.73772132396698
YGL163C,YBR110W,0,-4.6323843,0.11970402300357819,1.0,0.7378213405609131
YOR285W,YCR003W,0,-4.632679,0.11968974024057388,1.0,0.7379213571548462
YNR004W,YGL065C,0,-4.6332817,0.11967545747756958,1.0,0.7380214333534241
YBR217W,YNL061W,0,-4.633939,0.11966118216514587,1.0,0.7381214499473572
YHR004C,YKR029C,0,-4.6340513,0.11964690685272217,1.0,0.7382214665412903
YDR536W,YJL063C,0,-4.6348104,0.11963263154029846,1.0,0.7383214831352234
YOR355W,YOR391C,0,-4.6354012,0.11961836367845535,1.0,0.7384214997291565
YDR390C,YLR117C,0,-4.636236,0.11960410326719284,1.0,0.7385215759277344
YCR046C,YPR156C,0,-4.638624,0.11958984285593033,1.0,0.7386215925216675
YJL042W,YDR137W,0,-4.638695,0.11957558244466782,1.0,0.7387216091156006
YGR106C,YHR004C,0,-4.639226,0.1195613294839859,1.0,0.7388216257095337
YER157W,YGR162W,0,-4.639244,0.11954707652330399,1.0,0.7389217019081116
YJR151C,YNR023W,0,-4.639582,0.11953283101320267,1.0,0.7390217185020447
YHR018C,YNL139C,0,-4.640751,0.11951858550310135,1.0,0.7391217350959778
YMR280C,YDL188C,0,-4.640825,0.11950434744358063,1.0,0.7392217516899109
YLR330W,YNL126W,0,-4.6416826,0.1194901093840599,1.0,0.739321768283844
YPL163C,YBR040W,0,-4.642233,0.11947587877511978,1.0,0.7394218444824219
YJR058C,YJR145C,0,-4.6426167,0.11946164816617966,1.0,0.739521861076355
YGL128C,YDR450W,0,-4.6431904,0.11944742500782013,1.0,0.7396218776702881
YLR057W,YLL029W,0,-4.643674,0.1194332018494606,1.0,0.7397218942642212
YNL321W,YHL016C,0,-4.6457434,0.11941897869110107,1.0,0.7398219704627991
YEL003W,YGL255W,0,-4.646369,0.11940476298332214,1.0,0.7399219870567322
YOL100W,YDR253C,0,-4.646439,0.11939054727554321,1.0,0.7400220036506653
YBR033W,YHR167W,0,-4.646655,0.11937633901834488,1.0,0.7401220202445984
YKL092C,YJR125C,0,-4.6476774,0.11936213076114655,1.0,0.7402220368385315
YML110C,YMR285C,0,-4.648368,0.11934792995452881,1.0,0.7403221130371094
YOR039W,YJR126C,0,-4.6485524,0.11933372914791107,1.0,0.7404221296310425
YMR070W,YKL193C,0,-4.6487465,0.11931953579187393,1.0,0.7405221462249756
YLR370C,YOR147W,0,-4.6492004,0.11930534243583679,1.0,0.7406221628189087
YBR161W,YKL107W,0,-4.649276,0.11929114907979965,1.0,0.7407222390174866
YKL108W,YDR291W,0,-4.649328,0.11927696317434311,1.0,0.7408222556114197
YBL090W,YKR087C,0,-4.649529,0.11926278471946716,1.0,0.7409222722053528
YNR032W,YLR192C,0,-4.649702,0.11924860626459122,1.0,0.7410222887992859
YDR532C,YFL055W,0,-4.650302,0.11923442780971527,1.0,0.7411223649978638
YNR010W,YLR051C,0,-4.65078,0.11922025680541992,1.0,0.7412223815917969
YDR508C,YEL041W,0,-4.651188,0.11920608580112457,1.0,0.74132239818573
YML060W,YIL006W,0,-4.6515636,0.11919192224740982,1.0,0.7414224147796631
YER096W,YAL020C,0,-4.6521106,0.11917775869369507,1.0,0.7415224313735962
YER104W,YDR065W,0,-4.6529765,0.11916359513998032,1.0,0.7416225075721741
YBR264C,YJL033W,0,-4.65318,0.11914943903684616,1.0,0.7417225241661072
YHR099W,YLR327C,0,-4.6536446,0.1191352903842926,1.0,0.7418225407600403
YBL079W,YLR309C,0,-4.6537075,0.11912114173173904,1.0,0.7419225573539734
YDR252W,YBL084C,0,-4.653741,0.11910699307918549,1.0,0.7420226335525513
YGR183C,YNR040W,0,-4.6539497,0.11909285187721252,1.0,0.7421226501464844
YJR086W,YML132W,0,-4.654814,0.11907871067523956,1.0,0.7422226667404175
YAR003W,YDR312W,0,-4.6565537,0.1190645769238472,1.0,0.7423226833343506
YML001W,YDL226C,0,-4.6565695,0.11905044317245483,1.0,0.7424226999282837
YGR063C,YNL290W,0,-4.657155,0.11903631687164307,1.0,0.7425227761268616
YOR382W,YBR247C,0,-4.6577806,0.1190221905708313,1.0,0.7426227927207947
YDL165W,YDR270W,0,-4.658443,0.11900807172060013,1.0,0.7427228093147278
YDR255C,YER056C-A,0,-4.658842,0.11899395287036896,1.0,0.7428228259086609
YPR065W,YFR021W,0,-4.660421,0.11897983402013779,1.0,0.7429229021072388
YLL039C,YKL056C,0,-4.660597,0.11896572262048721,1.0,0.7430229187011719
YKL140W,YMR282C,0,-4.661073,0.11895161122083664,1.0,0.743122935295105
YFL047W,YKL082C,0,-4.6615148,0.11893750727176666,1.0,0.7432229518890381
YDR144C,YDR018C,0,-4.6617064,0.11892340332269669,1.0,0.7433229684829712
YNL154C,YJL165C,0,-4.6630993,0.1189093068242073,1.0,0.7434230446815491
YLR301W,YOR257W,0,-4.663146,0.11889521032571793,1.0,0.7435230612754822
YHR132C,YDL092W,0,-4.6643524,0.11888112127780914,1.0,0.7436230778694153
YPL281C,YNL312W,0,-4.6649895,0.11886703222990036,1.0,0.7437230944633484
YDR457W,YDL159W,0,-4.6658955,0.11885294318199158,1.0,0.7438231706619263
YPL148C,YIL084C,0,-4.666037,0.11883886158466339,1.0,0.7439231872558594
YER170W,YAL031C,0,-4.6688843,0.1188247874379158,1.0,0.7440232038497925
YNL079C,YJR113C,0,-4.6706185,0.11881070584058762,1.0,0.7441232204437256
YJR107W,YDR104C,0,-4.6717405,0.11879663914442062,1.0,0.7442232966423035
YPL099C,YBR160W,0,-4.671882,0.11878256499767303,1.0,0.7443233132362366
YDR099W,YJL159W,0,-4.672063,0.11876850575208664,1.0,0.7444233298301697
YDR454C,YDR131C,0,-4.672096,0.11875443905591965,1.0,0.7445233464241028
YDR016C,YLR022C,0,-4.6730633,0.11874037981033325,1.0,0.7446233630180359
YJL004C,YER103W,0,-4.6730976,0.11872632801532745,1.0,0.7447234392166138
YFL018C,YOR339C,0,-4.6731806,0.11871227622032166,1.0,0.7448234558105469
YBL021C,YGR008C,0,-4.67409,0.11869822442531586,1.0,0.74492347240448
YDL070W,YOR063W,0,-4.674321,0.11868418008089066,1.0,0.7450234889984131
YOL148C,YBR297W,0,-4.674396,0.11867013573646545,1.0,0.745123565196991
YBL021C,YNL218W,0,-4.6773305,0.11865609884262085,1.0,0.7452235817909241
YGR128C,YGR261C,0,-4.6780157,0.11864206194877625,1.0,0.7453235983848572
YGL037C,YHL019C,0,-4.6781363,0.11862803250551224,1.0,0.7454236149787903
YGR014W,YKL178C,0,-4.678452,0.11861400306224823,1.0,0.7455236315727234
YDR143C,YER115C,0,-4.6788845,0.11859997361898422,1.0,0.7456237077713013
YKL218C,YER083C,0,-4.6796074,0.11858595162630081,1.0,0.7457237243652344
YMR068W,YLR095C,0,-4.6802263,0.118571937084198,1.0,0.7458237409591675
YMR150C,YBR019C,0,-4.6806555,0.11855792254209518,1.0,0.7459237575531006
YPR073C,YLR144C,0,-4.6808405,0.11854390799999237,1.0,0.7460238337516785
YER161C,YDR443C,0,-4.6809983,0.11852990090847015,1.0,0.7461238503456116
YDL004W,YHR026W,0,-4.6835403,0.11851589381694794,1.0,0.7462238669395447
YDR247W,YDR120C,0,-4.6837816,0.11850188672542572,1.0,0.7463238835334778
YMR075W,YOR076C,0,-4.6842055,0.1184878945350647,1.0,0.7464239001274109
YDL030W,YBL097W,0,-4.684306,0.11847389489412308,1.0,0.7465239763259888
YMR166C,YBR298C,0,-4.684314,0.11845990270376205,1.0,0.7466239929199219
YIL027C,YDR113C,0,-4.6844053,0.11844591051340103,1.0,0.746724009513855
YDR229W,YAR050W,0,-4.6851354,0.1184319257736206,1.0,0.7468240261077881
YBR097W,YDR144C,0,-4.6853857,0.11841794848442078,1.0,0.746924102306366
YFL050C,YIL122W,0,-4.6861525,0.11840396374464035,1.0,0.7470241189002991
YGL173C,YJR019C,0,-4.686265,0.11838999390602112,1.0,0.7471241354942322
YIR014W,YDR507C,0,-4.6863737,0.11837601661682129,1.0,0.7472241520881653
YOR373W,YPL265W,0,-4.6873856,0.11836204677820206,1.0,0.7473241686820984
YER086W,YER144C,0,-4.688669,0.11834808439016342,1.0,0.7474242448806763
YOR140W,YJR076C,0,-4.6891785,0.11833412200212479,1.0,0.7475242614746094
YGL166W,YDR524C,0,-4.689483,0.11832015961408615,1.0,0.7476242780685425
YLR160C,YLR077W,0,-4.6899567,0.11830620467662811,1.0,0.7477242946624756
YBL026W,YLR421C,0,-4.690459,0.11829224973917007,1.0,0.7478243708610535
YGL187C,YDR219C,0,-4.6906137,0.11827830225229263,1.0,0.7479243874549866
YPR125W,YNL268W,0,-4.690718,0.11826435476541519,1.0,0.7480244040489197
YLR270W,YMR130W,0,-4.69106,0.11825041472911835,1.0,0.7481244206428528
YNL207W,YMR077C,0,-4.6912503,0.1182364746928215,1.0,0.7482244968414307
YDR263C,YCL055W,0,-4.692912,0.11822253465652466,1.0,0.7483245134353638
YFL053W,YGL001C,0,-4.6930747,0.11820860207080841,1.0,0.7484245300292969
YDR033W,YGR054W,0,-4.6931343,0.11819467693567276,1.0,0.74852454662323
YKL061W,YJL165C,0,-4.693475,0.11818074434995651,1.0,0.7486245632171631
YPL047W,YBR176W,0,-4.693678,0.11816682666540146,1.0,0.748724639415741
YLR275W,YDR131C,0,-4.6961327,0.11815290153026581,1.0,0.7488246560096741
YNL220W,YER098W,0,-4.6967735,0.11813898384571075,1.0,0.7489246726036072
YPL214C,YOL005C,0,-4.6968594,0.1181250736117363,1.0,0.7490246891975403
YOR375C,YNL197C,0,-4.6983643,0.11811116337776184,1.0,0.7491247653961182
YLR127C,YIL090W,0,-4.6989822,0.11809725314378738,1.0,0.7492247819900513
YDL095W,YJL210W,0,-4.7002077,0.11808335036039352,1.0,0.7493247985839844
YGR059W,YHR039C,0,-4.701372,0.11806945502758026,1.0,0.7494248151779175
YIL026C,YPR025C,0,-4.7016506,0.1180555522441864,1.0,0.7495248317718506
YOR075W,YDR410C,0,-4.701668,0.11804166436195374,1.0,0.7496249079704285
YOL148C,YAR031W,0,-4.7021513,0.11802776902914047,1.0,0.7497249245643616
YER058W,YDL078C,0,-4.702372,0.1180138811469078,1.0,0.7498249411582947
YOR209C,YPR182W,0,-4.7029457,0.11800000071525574,1.0,0.7499249577522278
YLR233C,YBR210W,0,-4.7035494,0.11798612028360367,1.0,0.7500250339508057
YDR017C,YER029C,0,-4.705104,0.1179722398519516,1.0,0.7501250505447388
YKR060W,YNL230C,0,-4.7054925,0.11795836687088013,1.0,0.7502250671386719
YCR098C,YIL072W,0,-4.705538,0.11794449388980865,1.0,0.750325083732605
YPR162C,YKL209C,0,-4.70648,0.11793062835931778,1.0,0.7504251003265381
YLR098C,YDR267C,0,-4.7082562,0.1179167628288269,1.0,0.750525176525116
YJL112W,YNL270C,0,-4.7097807,0.11790290474891663,1.0,0.7506251931190491
YAL034W-A,YOR118W,0,-4.709879,0.11788904666900635,1.0,0.7507252097129822
YCR097W,YML129C,0,-4.7106047,0.11787518858909607,1.0,0.7508252263069153
YIL084C,YHR026W,0,-4.7112727,0.11786133795976639,1.0,0.7509253025054932
YKR048C,YMR193W,0,-4.7124567,0.1178474947810173,1.0,0.7510253190994263
YFR051C,YLR389C,0,-4.713485,0.11783364415168762,1.0,0.7511253356933594
YLR130C,YPR152C,0,-4.715518,0.11781980842351913,1.0,0.7512253522872925
YPR184W,YOL136C,0,-4.7156982,0.11780596524477005,1.0,0.7513253688812256
YJL159W,YPL068C,0,-4.7157803,0.11779212951660156,1.0,0.7514254450798035
YLR066W,YHR067W,0,-4.7158604,0.11777830123901367,1.0,0.7515254616737366
YDL030W,YPR047W,0,-4.7161613,0.11776447296142578,1.0,0.7516254782676697
YLL035W,YDR090C,0,-4.716772,0.11775064468383789,1.0,0.7517254948616028
YDL229W,YPL065W,0,-4.717884,0.1177368238568306,1.0,0.7518255710601807
YOR231W,YDL128W,0,-4.7185616,0.1177230030298233,1.0,0.7519255876541138
YPL008W,YPL177C,0,-4.718688,0.1177091896533966,1.0,0.7520256042480469
YMR017W,YLR106C,0,-4.721367,0.11769537627696991,1.0,0.75212562084198
YDL051W,YNL297C,0,-4.7216597,0.11768157035112381,1.0,0.7522256970405579
YER026C,YOL101C,0,-4.7232285,0.11766776442527771,1.0,0.752325713634491
YPL104W,YOR010C,0,-4.723669,0.11765395849943161,1.0,0.7524257302284241
YDR251W,YFR029W,0,-4.7237735,0.11764016002416611,1.0,0.7525257468223572
YDR421W,YPL008W,0,-4.7241154,0.1176263615489006,1.0,0.7526257634162903
YHL018W,YPL048W,0,-4.7244043,0.1176125705242157,1.0,0.7527258396148682
YAL013W,YNL241C,0,-4.7251167,0.11759877949953079,1.0,0.7528258562088013
YNR021W,YOR219C,0,-4.72591,0.11758499592542648,1.0,0.7529258728027344
YLR452C,YPR032W,0,-4.7273865,0.11757121235132217,1.0,0.7530258893966675
YCR023C,YDR450W,0,-4.727462,0.11755742877721786,1.0,0.7531259655952454
YBR280C,YPL124W,0,-4.7280707,0.11754365265369415,1.0,0.7532259821891785
YLR197W,YBR105C,0,-4.728428,0.11752988398075104,1.0,0.7533259987831116
YLR403W,YOR201C,0,-4.7284603,0.11751610785722733,1.0,0.7534260153770447
YBL076C,YKR029C,0,-4.728473,0.11750234663486481,1.0,0.7535260319709778
YGL094C,YER184C,0,-4.729185,0.11748857796192169,1.0,0.7536261081695557
YDR033W,YGR041W,0,-4.7300406,0.11747481673955917,1.0,0.7537261247634888
YNR049C,YOL139C,0,-4.7301874,0.11746106296777725,1.0,0.7538261413574219
YJL111W,YJR088C,0,-4.730219,0.11744730919599533,1.0,0.753926157951355
YOR205C,YER094C,0,-4.7304745,0.11743355542421341,1.0,0.7540262341499329
YFL066C,YLR187W,0,-4.7308903,0.11741980910301208,1.0,0.754126250743866
YLR419W,YJR065C,0,-4.7309914,0.11740606278181076,1.0,0.7542262673377991
YMR045C,YIR022W,0,-4.7311254,0.11739232391119003,1.0,0.7543262839317322
YLL033W,YOR174W,0,-4.732403,0.1173785850405693,1.0,0.7544263005256653
YDL044C,YOR030W,0,-4.7325354,0.11736484616994858,1.0,0.7545263767242432
YDR117C,YJR089W,0,-4.7338367,0.11735111474990845,1.0,0.7546263933181763
YLL029W,YHR081W,0,-4.7354584,0.11733739078044891,1.0,0.7547264099121094
YBR006W,YHR066W,0,-4.7365313,0.11732366681098938,1.0,0.7548264265060425
YML128C,YDR081C,0,-4.7366652,0.11730994284152985,1.0,0.7549265027046204
YOR138C,YJL106W,0,-4.736932,0.11729622632265091,1.0,0.7550265192985535
YMR090W,YNL217W,0,-4.73734,0.11728250980377197,1.0,0.7551265358924866
YKL222C,YNL218W,0,-4.7376366,0.11726879328489304,1.0,0.7552265524864197
YGL059W,YLR304C,0,-4.7379417,0.1172550842165947,1.0,0.7553265690803528
YOR089C,YBR160W,0,-4.738517,0.11724138259887695,1.0,0.7554266452789307
YPL148C,YBL017C,0,-4.7387276,0.11722767353057861,1.0,0.7555266618728638
YKL193C,YMR246W,0,-4.739546,0.11721397936344147,1.0,0.7556266784667969
YMR214W,YDL074C,0,-4.739806,0.11720027774572372,1.0,0.75572669506073
YEL016C,YLR183C,0,-4.7398853,0.11718658357858658,1.0,0.7558267712593079
YPL022W,YNL124W,0,-4.739893,0.11717289686203003,1.0,0.755926787853241
YBR240C,YOR096W,0,-4.7413793,0.11715921014547348,1.0,0.7560268044471741
YDR443C,YJR134C,0,-4.7417197,0.11714552342891693,1.0,0.7561268210411072
YBR186W,YKL124W,0,-4.741812,0.11713184416294098,1.0,0.7562268972396851
YPL186C,YNR046W,0,-4.7425413,0.11711817234754562,1.0,0.7563269138336182
YJR010C-A,YNL009W,0,-4.7436748,0.11710449308156967,1.0,0.7564269304275513
YNR070W,YER119C,0,-4.7437744,0.11709082126617432,1.0,0.7565269470214844
YBR008C,YOL136C,0,-4.7448244,0.11707715690135956,1.0,0.7566269636154175
YIL140W,YIR003W,0,-4.744916,0.1170634925365448,1.0,0.7567270398139954
YOR144C,YKR001C,0,-4.7449245,0.11704982817173004,1.0,0.7568270564079285
YHL016C,YOL067C,0,-4.7455587,0.11703617125749588,1.0,0.7569270730018616
YBR074W,YLR396C,0,-4.7461653,0.11702251434326172,1.0,0.7570270895957947
YLR329W,YJL025W,0,-4.7462835,0.11700886487960815,1.0,0.7571271657943726
YPR121W,YLL050C,0,-4.7481413,0.11699521541595459,1.0,0.7572271823883057
YGL226C-A,YGL224C,0,-4.748492,0.11698157340288162,1.0,0.7573271989822388
YMR184W,YGL130W,0,-4.748893,0.11696793138980865,1.0,0.7574272155761719
YKR018C,YLR034C,0,-4.7500606,0.11695428937673569,1.0,0.757527232170105
YDR410C,YJL190C,0,-4.7516956,0.11694065481424332,1.0,0.7576273083686829
YDL164C,YIR007W,0,-4.751719,0.11692702025175095,1.0,0.757727324962616
YGR084C,YAL024C,0,-4.752043,0.11691339313983917,1.0,0.7578273415565491
YCL069W,YIL172C,0,-4.7522707,0.1168997660279274,1.0,0.7579273581504822
YOR198C,YPR081C,0,-4.7527294,0.11688614636659622,1.0,0.7580274343490601
YNL101W,YBR201W,0,-4.7532253,0.11687252670526505,1.0,0.7581274509429932
YNR012W,YLR286C,0,-4.7544875,0.11685890704393387,1.0,0.7582274675369263
YOR064C,YBL102W,0,-4.75471,0.11684529483318329,1.0,0.7583274841308594
YNL229C,YJR034W,0,-4.755263,0.11683168262243271,1.0,0.7584275007247925
YDR266C,YGR096W,0,-4.7559357,0.11681807786226273,1.0,0.7585275769233704
YDR536W,YMR312W,0,-4.75702,0.11680447310209274,1.0,0.7586275935173035
YDR214W,YGL071W,0,-4.7570457,0.11679086834192276,1.0,0.7587276101112366
YOR039W,YJL221C,0,-4.757826,0.11677727103233337,1.0,0.7588276267051697
YPL079W,YLR040C,0,-4.7580914,0.11676368117332458,1.0,0.7589277029037476
YJL046W,YIL111W,0,-4.7591166,0.1167500838637352,1.0,0.7590277194976807
YKL173W,YCL014W,0,-4.759803,0.116736501455307,1.0,0.7591277360916138
YKL113C,YOR076C,0,-4.7603006,0.11672291159629822,1.0,0.7592277526855469
YJL060W,YGR061C,0,-4.7604795,0.11670932918787003,1.0,0.75932776927948
YDL165W,YFR019W,0,-4.760948,0.11669575423002243,1.0,0.7594278454780579
YFR044C,YLR228C,0,-4.761137,0.11668217927217484,1.0,0.759527862071991
YAL003W,YDR162C,0,-4.761574,0.11666860431432724,1.0,0.7596278786659241
YPR025C,YIL103W,0,-4.7618866,0.11665503680706024,1.0,0.7597278952598572
YOR039W,YAL013W,0,-4.7618885,0.11664146929979324,1.0,0.7598279714584351
YMR068W,YGR246C,0,-4.7629223,0.11662790924310684,1.0,0.7599279880523682
YPR132W,YJR044C,0,-4.7632275,0.11661434918642044,1.0,0.7600280046463013
YFR018C,YDR044W,0,-4.76385,0.11660078912973404,1.0,0.7601280212402344
YIL017C,YPL005W,0,-4.763882,0.11658723652362823,1.0,0.7602280974388123
YIR012W,YDR155C,0,-4.7638836,0.11657368391752243,1.0,0.7603281140327454
YIR018W,YGR171C,0,-4.763947,0.11656013876199722,1.0,0.7604281306266785
YDL142C,YPR144C,0,-4.764291,0.11654659360647202,1.0,0.7605281472206116
YDR294C,YAL021C,0,-4.764578,0.1165330559015274,1.0,0.7606281638145447
YOR291W,YOR035C,0,-4.764845,0.1165195181965828,1.0,0.7607282400131226
YMR221C,YDL010W,0,-4.7648926,0.11650598049163818,1.0,0.7608282566070557
YBR026C,YFR021W,0,-4.7657776,0.11649245023727417,1.0,0.7609282732009888
YGR154C,YKR045C,0,-4.7659597,0.11647891998291016,1.0,0.7610282897949219
YDL077C,YPL121C,0,-4.7684145,0.11646539717912674,1.0,0.7611283659934998
YMR045C,YJL219W,0,-4.7714806,0.11645187437534332,1.0,0.7612283825874329
YLR401C,YMR008C,0,-4.7730556,0.1164383590221405,1.0,0.761328399181366
YNL084C,YKL189W,0,-4.773162,0.11642484366893768,1.0,0.7614284157752991
YCL011C,YPL144W,0,-4.7741437,0.11641132831573486,1.0,0.7615284323692322
YIL145C,YPR094W,0,-4.7744536,0.11639782041311264,1.0,0.7616285085678101
YDL239C,YMR127C,0,-4.7773876,0.11638431251049042,1.0,0.7617285251617432
YOR077W,YFL017W-A,0,-4.7786674,0.11637081205844879,1.0,0.7618285417556763
YDR118W,YCR030C,0,-4.7786922,0.11635731160640717,1.0,0.7619285583496094
YER045C,YDL178W,0,-4.7794175,0.11634381115436554,1.0,0.7620286345481873
YLR459W,YPR121W,0,-4.780299,0.11633031815290451,1.0,0.7621286511421204
YDR104C,YPL064C,0,-4.780931,0.11631682515144348,1.0,0.7622286677360535
YHL004W,YDR141C,0,-4.7815127,0.11630333960056305,1.0,0.7623286843299866
YNL241C,YDL193W,0,-4.784186,0.11628985404968262,1.0,0.7624287009239197
YHR029C,YDR507C,0,-4.7842984,0.11627637594938278,1.0,0.7625287771224976
YPL002C,YGR095C,0,-4.784548,0.11626289784908295,1.0,0.7626287937164307
YNR073C,YDR169C,0,-4.785169,0.11624941974878311,1.0,0.7627288103103638
YFL052W,YJL190C,0,-4.7872124,0.11623594909906387,1.0,0.7628288269042969
YBL079W,YKL146W,0,-4.788952,0.11622247844934464,1.0,0.7629289031028748
YHR077C,YNL261W,0,-4.790707,0.116209015250206,1.0,0.7630289196968079
YGR074W,YKL139W,0,-4.791046,0.11619555205106735,1.0,0.763128936290741
YKR060W,YGR295C,0,-4.7911882,0.11618208885192871,1.0,0.7632289528846741
YCL069W,YPR081C,0,-4.794098,0.11616863310337067,1.0,0.7633289694786072
YNR020C,YEL056W,0,-4.7945747,0.11615518480539322,1.0,0.7634290456771851
YNL182C,YLR205C,0,-4.795176,0.11614172905683517,1.0,0.7635290622711182
YNL325C,YGR027C,0,-4.795718,0.11612828820943832,1.0,0.7636290788650513
YIL004C,YDL180W,0,-4.7962294,0.11611483991146088,1.0,0.7637290954589844
YEL002C,YJL116C,0,-4.7975163,0.11610139906406403,1.0,0.7638291716575623
YJL116C,YHR018C,0,-4.797825,0.11608796566724777,1.0,0.7639291882514954
YOR317W,YMR273C,0,-4.7978277,0.11607452481985092,1.0,0.7640292048454285
YJR058C,YLR301W,0,-4.7983007,0.11606109887361526,1.0,0.7641292214393616
YDR073W,YOR028C,0,-4.7996035,0.11604766547679901,1.0,0.7642292976379395
YCR088W,YBR110W,0,-4.8011622,0.11603424698114395,1.0,0.7643293142318726
YNR039C,YLR086W,0,-4.8013134,0.1160208210349083,1.0,0.7644293308258057
YGL233W,YNL092W,0,-4.8015647,0.11600740253925323,1.0,0.7645293474197388
YLL019C,YEL064C,0,-4.8021126,0.11599398404359818,1.0,0.7646293640136719
YLL052C,YFL041W,0,-4.802147,0.11598057299852371,1.0,0.7647294402122498
YPL078C,YKR008W,0,-4.8022375,0.11596716195344925,1.0,0.7648294568061829
YER115C,YNL061W,0,-4.8023305,0.11595375835895538,1.0,0.764929473400116
YGR292W,YOR202W,0,-4.802438,0.11594035476446152,1.0,0.7650294899940491
YNL299W,YBR294W,0,-4.804016,0.11592695116996765,1.0,0.765129566192627
YMR013C,YPR049C,0,-4.8049836,0.11591355502605438,1.0,0.7652295827865601
YPR112C,YJL156C,0,-4.80517,0.11590015888214111,1.0,0.7653295993804932
YDL056W,YDL215C,0,-4.8060064,0.11588677018880844,1.0,0.7654296159744263
YHR016C,YER131W,0,-4.8067737,0.11587338149547577,1.0,0.7655296325683594
YMR146C,YPR165W,0,-4.806841,0.1158600002527237,1.0,0.7656297087669373
YPR091C,YOR239W,0,-4.807057,0.11584661900997162,1.0,0.7657297253608704
YLR399C,YPR151C,0,-4.8075347,0.11583323776721954,1.0,0.7658297419548035
YJR007W,YGL237C,0,-4.8087034,0.11581986397504807,1.0,0.7659297585487366
YDR457W,YLR240W,0,-4.80996,0.11580649018287659,1.0,0.7660298347473145
YIL143C,YBR105C,0,-4.810588,0.11579311639070511,1.0,0.7661298513412476
YLR212C,YPL064C,0,-4.8112593,0.11577975004911423,1.0,0.7662298679351807
YJL103C,YLR439W,0,-4.81163,0.11576639115810394,1.0,0.7663298845291138
YGL128C,YLR405W,0,-4.8118634,0.11575303226709366,1.0,0.7664299011230469
YPR026W,YPR082C,0,-4.8123245,0.11573967337608337,1.0,0.7665299773216248
YDR302W,YKL093W,0,-4.8154845,0.11572632193565369,1.0,0.7666299939155579
YJR089W,YMR257C,0,-4.8159947,0.115712970495224,1.0,0.766730010509491
YGL097W,YJR021C,0,-4.816027,0.11569961905479431,1.0,0.7668300271034241
YGR098C,YHR179W,0,-4.817971,0.11568627506494522,1.0,0.766930103302002
YLR300W,YGL043W,0,-4.8181567,0.11567293107509613,1.0,0.7670301198959351
YFR015C,YFR004W,0,-4.818321,0.11565959453582764,1.0,0.7671301364898682
YDR341C,YHR029C,0,-4.818762,0.11564625799655914,1.0,0.7672301530838013
YMR283C,YDR131C,0,-4.8189306,0.11563292890787125,1.0,0.7673301696777344
YLR154C,YDR511W,0,-4.819272,0.11561959981918335,1.0,0.7674302458763123
YGR135W,YOR219C,0,-4.819867,0.11560627073049545,1.0,0.7675302624702454
YPL098C,YPR149W,0,-4.8216715,0.11559294909238815,1.0,0.7676302790641785
YMR088C,YDR037W,0,-4.8222375,0.11557962745428085,1.0,0.7677302956581116
YNL071W,YPL151C,0,-4.8225813,0.11556630581617355,1.0,0.7678303718566895
YJL073W,YOR279C,0,-4.823613,0.11555299907922745,1.0,0.7679303884506226
YFL010W-A,YPR182W,0,-4.823974,0.11553968489170074,1.0,0.7680304050445557
YML028W,YDR421W,0,-4.824316,0.11552637815475464,1.0,0.7681304216384888
YML091C,YLR205C,0,-4.8246403,0.11551307141780853,1.0,0.7682304978370667
YOR353C,YKL049C,0,-4.82493,0.11549977213144302,1.0,0.7683305144309998
YPR004C,YLR318W,0,-4.8265486,0.11548647284507751,1.0,0.7684305310249329
YML036W,YDR013W,0,-4.8268375,0.115473173558712,1.0,0.768530547618866
YDR240C,YPL214C,0,-4.827331,0.1154598817229271,1.0,0.7686305642127991
YDR236C,YCL061C,0,-4.828225,0.11544658988714218,1.0,0.768730640411377
YMR321C,YDR363W-A,0,-4.8295474,0.11543330550193787,1.0,0.7688306570053101
YAL032C,YLR110C,0,-4.830116,0.11542002111673355,1.0,0.7689306735992432
YFR033C,YLL051C,0,-4.830166,0.11540674418210983,1.0,0.7690306901931763
YIL084C,YOR234C,0,-4.834268,0.11539346724748611,1.0,0.7691307663917542
YLR459W,YDL064W,0,-4.836104,0.1153801903128624,1.0,0.7692307829856873
YLR291C,YBR182C,0,-4.8364697,0.11536692082881927,1.0,0.7693307995796204
YER130C,YOR047C,0,-4.837482,0.11535365134477615,1.0,0.7694308161735535
YML015C,YDR109C,0,-4.8377514,0.11534038931131363,1.0,0.7695308327674866
YLR158C,YBR115C,0,-4.838434,0.1153271272778511,1.0,0.7696309089660645
YER184C,YNL008C,0,-4.838972,0.11531386524438858,1.0,0.7697309255599976
YKL143W,YOL107W,0,-4.839165,0.11530061066150665,1.0,0.7698309421539307
YFL047W,YIL150C,0,-4.8398476,0.11528735607862473,1.0,0.7699309587478638
YJR040W,YGL213C,0,-4.8408966,0.1152741089463234,1.0,0.7700310349464417
YJR015W,YMR171C,0,-4.8410077,0.11526086181402206,1.0,0.7701310515403748
YJL189W,YDR522C,0,-4.8424883,0.11524761468172073,1.0,0.7702310681343079
YHR072W,YDR013W,0,-4.843235,0.115234375,1.0,0.770331084728241
YDL132W,YGR162W,0,-4.843524,0.11522113531827927,1.0,0.7704311013221741
YKL182W,YFR018C,0,-4.843898,0.11520790308713913,1.0,0.770531177520752
YIR005W,YPL276W,0,-4.8441753,0.11519467085599899,1.0,0.7706311941146851
YKL017C,YPL265W,0,-4.8450193,0.11518144607543945,1.0,0.7707312107086182
YJL104W,YER147C,0,-4.8452215,0.11516821384429932,1.0,0.7708312273025513
YNL188W,YJL116C,0,-4.845268,0.11515499651432037,1.0,0.7709313035011292
YLR090W,YPR056W,0,-4.8453383,0.11514177173376083,1.0,0.7710313200950623
YNL087W,YER061C,0,-4.8455896,0.11512856185436249,1.0,0.7711313366889954
YPR065W,YKL195W,0,-4.846813,0.11511534452438354,1.0,0.7712313532829285
YPR006C,YNL083W,0,-4.8469653,0.1151021346449852,1.0,0.7713313698768616
YHR164C,YBL069W,0,-4.847418,0.11508892476558685,1.0,0.7714314460754395
YLR033W,YKL206C,0,-4.8476505,0.1150757223367691,1.0,0.7715314626693726
YPL249C,YPL047W,0,-4.8476596,0.11506251990795135,1.0,0.7716314792633057
YHR083W,YFL029C,0,-4.847827,0.1150493249297142,1.0,0.7717314958572388
YBR001C,YML037C,0,-4.84854,0.11503612995147705,1.0,0.7718315720558167
YDL141W,YER030W,0,-4.8493276,0.1150229349732399,1.0,0.7719315886497498
YNL314W,YBR265W,0,-4.849897,0.11500974744558334,1.0,0.7720316052436829
YHL040C,YDL059C,0,-4.8499274,0.11499655991792679,1.0,0.772131621837616
YDR012W,YIL063C,0,-4.8508644,0.11498337984085083,1.0,0.7722316980361938
YDL232W,YDL133C-A,0,-4.8511543,0.11497019976377487,1.0,0.772331714630127
YLR283W,YDL017W,0,-4.851171,0.11495701968669891,1.0,0.7724317312240601
YGR156W,YML006C,0,-4.851821,0.11494384706020355,1.0,0.7725317478179932
YGR207C,YML110C,0,-4.8553476,0.11493067443370819,1.0,0.7726317644119263
YIL009C-A,YOR226C,0,-4.8557553,0.11491750925779343,1.0,0.7727318406105042
YNL298W,YNR026C,0,-4.855955,0.11490434408187866,1.0,0.7728318572044373
YBR217W,YMR077C,0,-4.8559556,0.1148911789059639,1.0,0.7729318737983704
YDR425W,YLR289W,0,-4.856518,0.11487802118062973,1.0,0.7730318903923035
YMR271C,YMR287C,0,-4.856527,0.11486486345529556,1.0,0.7731319665908813
YPR006C,YNL098C,0,-4.856674,0.11485171318054199,1.0,0.7732319831848145
YEL009C,YCR054C,0,-4.8567057,0.11483856290578842,1.0,0.7733319997787476
YMR162C,YJR104C,0,-4.856782,0.11482541263103485,1.0,0.7734320163726807
YBR228W,YHR112C,0,-4.857007,0.11481226980686188,1.0,0.7735320329666138
YDR380W,YJR089W,0,-4.859501,0.1147991269826889,1.0,0.7736321091651917
YNL088W,YNL270C,0,-4.860979,0.11478599160909653,1.0,0.7737321257591248
YNR039C,YER051W,0,-4.8620467,0.11477285623550415,1.0,0.7738321423530579
YBR164C,YOR216C,0,-4.862094,0.11475972831249237,1.0,0.773932158946991
YDL107W,YDL197C,0,-4.8639264,0.1147465929389,1.0,0.7740322351455688
YBL034C,YJL030W,0,-4.8640423,0.11473347246646881,1.0,0.774132251739502
YOR382W,YLR394W,0,-4.864513,0.11472034454345703,1.0,0.7742322683334351
YER056C-A,YDL078C,0,-4.864609,0.11470723152160645,1.0,0.7743322849273682
YOR353C,YIL170W,0,-4.864917,0.11469411104917526,1.0,0.7744323015213013
YLR097C,YGL135W,0,-4.867022,0.11468099802732468,1.0,0.7745323777198792
YDR385W,YGL124C,0,-4.86753,0.11466788500547409,1.0,0.7746323943138123
YDR229W,YER030W,0,-4.867814,0.1146547794342041,1.0,0.7747324109077454
YDL008W,YGL209W,0,-4.8693657,0.11464167386293411,1.0,0.7748324275016785
YFR021W,YDL115C,0,-4.869373,0.11462856829166412,1.0,0.7749325037002563
YDR177W,YER141W,0,-4.870323,0.11461547017097473,1.0,0.7750325202941895
YPL152W,YCR052W,0,-4.8710823,0.11460237950086594,1.0,0.7751325368881226
YNL284C,YGR166W,0,-4.8725224,0.11458928138017654,1.0,0.7752325534820557
YJR058C,YER148W,0,-4.8728466,0.11457619071006775,1.0,0.7753325700759888
YKL108W,YER045C,0,-4.873178,0.11456310749053955,1.0,0.7754326462745667
YOL008W,YPL144W,0,-4.8747625,0.11455002427101135,1.0,0.7755326628684998
YJR112W,YMR022W,0,-4.8757415,0.11453694105148315,1.0,0.7756326794624329
YBR115C,YBL089W,0,-4.8761835,0.11452386528253555,1.0,0.775732696056366
YHR167W,YPL053C,0,-4.8772097,0.11451078951358795,1.0,0.7758327722549438
YJL109C,YKR050W,0,-4.8778954,0.11449771374464035,1.0,0.775932788848877
YBL006C,YNR040W,0,-4.8789186,0.11448464542627335,1.0,0.7760328054428101
YPL196W,YBR042C,0,-4.8801804,0.11447158455848694,1.0,0.7761328220367432
YDR027C,YGR157W,0,-4.8804464,0.11445851624011993,1.0,0.776232898235321
YGR251W,YGR113W,0,-4.880488,0.11444545537233353,1.0,0.7763329148292542
YBR221C,YOR198C,0,-4.882856,0.11443240195512772,1.0,0.7764329314231873
YNR074C,YNL305C,0,-4.8835945,0.1144193485379219,1.0,0.7765329480171204
YKR090W,YPR081C,0,-4.884427,0.1144062951207161,1.0,0.7766329646110535
YLR070C,YNL126W,0,-4.888926,0.11439324915409088,1.0,0.7767330408096313
YLR446W,YGR109C,0,-4.888935,0.11438020318746567,1.0,0.7768330574035645
YMR086W,YDL202W,0,-4.8917713,0.11436715722084045,1.0,0.7769330739974976
YOR194C,YBR066C,0,-4.8930483,0.11435411870479584,1.0,0.7770330905914307
YLR207W,YBR044C,0,-4.8932467,0.11434108763933182,1.0,0.7771331667900085
YGR256W,YJL008C,0,-4.8946075,0.1143280491232872,1.0,0.7772331833839417
YGL122C,YGR166W,0,-4.895359,0.11431501805782318,1.0,0.7773331999778748
YKL222C,YBR264C,0,-4.896371,0.11430199444293976,1.0,0.7774332165718079
YJL073W,YLR051C,0,-4.898649,0.11428897082805634,1.0,0.777533233165741
YHL012W,YLR309C,0,-4.8993387,0.11427594721317291,1.0,0.7776333093643188
YKL160W,YBL034C,0,-4.901924,0.11426293104887009,1.0,0.777733325958252
YCL034W,YOL070C,0,-4.9021635,0.11424991488456726,1.0,0.7778333425521851
YGR218W,YBL066C,0,-4.903783,0.11423689872026443,1.0,0.7779333591461182
YCL010C,YBR077C,0,-4.905323,0.1142238900065422,1.0,0.778033435344696
YDL213C,YFL034C-B,0,-4.905409,0.11421088874340057,1.0,0.7781334519386292
YCR011C,YMR004W,0,-4.9069242,0.11419788002967834,1.0,0.7782334685325623
YLL003W,YMR295C,0,-4.907031,0.11418487876653671,1.0,0.7783334851264954
YKL038W,YLR381W,0,-4.907711,0.11417188495397568,1.0,0.7784335017204285
YOL165C,YMR267W,0,-4.907971,0.11415889114141464,1.0,0.7785335779190063
YBR302C,YJL189W,0,-4.9101124,0.11414589732885361,1.0,0.7786335945129395
YDR258C,YHR128W,0,-4.911228,0.11413291096687317,1.0,0.7787336111068726
YGL068W,YKR029C,0,-4.91177,0.11411992460489273,1.0,0.7788336277008057
YMR197C,YBR021W,0,-4.9120207,0.11410693824291229,1.0,0.7789337038993835
YBL026W,YGR221C,0,-4.9121547,0.11409395933151245,1.0,0.7790337204933167
YOL082W,YOR279C,0,-4.91218,0.11408098042011261,1.0,0.7791337370872498
YJR063W,YMR278W,0,-4.912263,0.11406800895929337,1.0,0.7792337536811829
YJR143C,YPL089C,0,-4.913007,0.11405503749847412,1.0,0.7793338298797607
YDL044C,YGR292W,0,-4.9134336,0.11404206603765488,1.0,0.7794338464736938
YJL076W,YCR069W,0,-4.913968,0.11402910202741623,1.0,0.779533863067627
YDR470C,YNL009W,0,-4.916334,0.11401614546775818,1.0,0.7796338796615601
YDR512C,YDR349C,0,-4.9177628,0.11400318145751953,1.0,0.7797338962554932
YDL216C,YFR042W,0,-4.9184656,0.11399022489786148,1.0,0.779833972454071
YPL122C,YLR421C,0,-4.9209447,0.11397727578878403,1.0,0.7799339890480042
YFL013C,YHL019C,0,-4.9227037,0.11396431922912598,1.0,0.7800340056419373
YDR054C,YPL051W,0,-4.9231157,0.11395137757062912,1.0,0.7801340222358704
YDR291W,YGL213C,0,-4.9234123,0.11393842846155167,1.0,0.7802340984344482
YBR072W,YJL028W,0,-4.924334,0.11392548680305481,1.0,0.7803341150283813
YER086W,YLR319C,0,-4.924859,0.11391255259513855,1.0,0.7804341316223145
YMR029C,YHL019C,0,-4.9253654,0.1138996109366417,1.0,0.7805341482162476
YMR117C,YML038C,0,-4.927524,0.11388668417930603,1.0,0.7806341648101807
YJL140W,YLR081W,0,-4.927534,0.11387374997138977,1.0,0.7807342410087585
YMR078C,YPL164C,0,-4.9278502,0.11386082321405411,1.0,0.7808342576026917
YKR092C,YLR242C,0,-4.9296656,0.11384789645671844,1.0,0.7809342741966248
YIL034C,YPL200W,0,-4.9310107,0.11383497714996338,1.0,0.7810342907905579
YAL003W,YGL208W,0,-4.9310193,0.11382205784320831,1.0,0.7811343669891357
YPL047W,YIL026C,0,-4.934973,0.11380914598703384,1.0,0.7812343835830688
YHR196W,YOR028C,0,-4.934976,0.11379623413085938,1.0,0.781334400177002
YFR032C-A,YBR287W,0,-4.935545,0.1137833222746849,1.0,0.7814344167709351
YIL010W,YMR142C,0,-4.9367356,0.11377041786909103,1.0,0.7815344333648682
YDR229W,YCL052C,0,-4.9369745,0.11375751346349716,1.0,0.781634509563446
YBR150C,YLR439W,0,-4.937253,0.11374461650848389,1.0,0.7817345261573792
YPL045W,YJL004C,0,-4.937294,0.11373171210289001,1.0,0.7818345427513123
YNL321W,YKR029C,0,-4.93764,0.11371882259845734,1.0,0.7819345593452454
YKL010C,YLR214W,0,-4.9377193,0.11370592564344406,1.0,0.7820346355438232
YER162C,YLR224W,0,-4.9387436,0.11369304358959198,1.0,0.7821346521377563
YDL103C,YNR035C,0,-4.9401436,0.1136801540851593,1.0,0.7822346687316895
YKL090W,YCR030C,0,-4.9409676,0.11366727203130722,1.0,0.7823346853256226
YGR278W,YLR033W,0,-4.941702,0.11365438997745514,1.0,0.7824347019195557
YKL089W,YLR449W,0,-4.942477,0.11364151537418365,1.0,0.7825347781181335
YBR231C,YPL206C,0,-4.9430814,0.11362864077091217,1.0,0.7826347947120667
YJR015W,YDR167W,0,-4.9433475,0.11361576616764069,1.0,0.7827348113059998
YLR028C,YOR232W,0,-4.944378,0.1136028990149498,1.0,0.7828348278999329
YER122C,YCR094W,0,-4.9445868,0.11359003186225891,1.0,0.7829349040985107
YKR010C,YJR082C,0,-4.9448543,0.11357717216014862,1.0,0.7830349206924438
YER137C,YDL193W,0,-4.944994,0.11356431245803833,1.0,0.783134937286377
YKL126W,YNL125C,0,-4.945011,0.11355145275592804,1.0,0.7832349538803101
YLR210W,YKL012W,0,-4.9461174,0.11353860050439835,1.0,0.7833350300788879
YBR296C,YPR094W,0,-4.9468412,0.11352574825286865,1.0,0.783435046672821
YOL086C,YHR051W,0,-4.947011,0.11351290345191956,1.0,0.7835350632667542
YGL048C,YPL275W,0,-4.9474835,0.11350005865097046,1.0,0.7836350798606873
YHR047C,YOR118W,0,-4.9510336,0.11348721385002136,1.0,0.7837350964546204
YNL172W,YKR069W,0,-4.9511375,0.11347437649965286,1.0,0.7838351726531982
YLR370C,YLR170C,0,-4.952776,0.11346153914928436,1.0,0.7839351892471313
YOR036W,YCR033W,0,-4.9531817,0.11344870179891586,1.0,0.7840352058410645
YGL059W,YHR021C,0,-4.954509,0.11343587189912796,1.0,0.7841352224349976
YER051W,YKR054C,0,-4.9548106,0.11342304944992065,1.0,0.7842352986335754
YCR067C,YMR267W,0,-4.9551973,0.11341021955013275,1.0,0.7843353152275085
YPR159W,YMR276W,0,-4.9552116,0.11339739710092545,1.0,0.7844353318214417
YGR076C,YDR239C,0,-4.955273,0.11338458210229874,1.0,0.7845353484153748
YOR292C,YJR137C,0,-4.9564633,0.11337176710367203,1.0,0.7846353650093079
YML001W,YDL159W,0,-4.9566803,0.11335895210504532,1.0,0.7847354412078857
YIL039W,YBL084C,0,-4.9573517,0.11334613710641861,1.0,0.7848354578018188
YDL085W,YKR086W,0,-4.9578476,0.1133333370089531,1.0,0.784935474395752
YGL174W,YBR122C,0,-4.958517,0.11332052946090698,1.0,0.7850354909896851
YGR249W,YCL024W,0,-4.9595757,0.11330772936344147,1.0,0.7851355671882629
YJL207C,YOR356W,0,-4.960436,0.11329492926597595,1.0,0.785235583782196
YNL265C,YLR096W,0,-4.9604464,0.11328212916851044,1.0,0.7853356003761292
YKL091C,YPR002W,0,-4.9613905,0.11326933652162552,1.0,0.7854356169700623
YBR031W,YMR139W,0,-4.9614167,0.1132565513253212,1.0,0.7855356335639954
YDR393W,YJL047C,0,-4.961684,0.11324375867843628,1.0,0.7856357097625732
YOR100C,YML093W,0,-4.963703,0.11323098093271255,1.0,0.7857357263565063
YFR008W,YKR035W-A,0,-4.9637303,0.11321819573640823,1.0,0.7858357429504395
YDR210W,YDR419W,0,-4.9645042,0.11320541799068451,1.0,0.7859357595443726
YDL170W,YOL097C,0,-4.9654207,0.11319264024496078,1.0,0.7860358357429504
YPL094C,YJL184W,0,-4.965952,0.11317986994981766,1.0,0.7861358523368835
YDR499W,YGR071C,0,-4.9665985,0.11316709965467453,1.0,0.7862358689308167
YPL274W,YLR051C,0,-4.967793,0.1131543293595314,1.0,0.7863358855247498
YER173W,YER113C,0,-4.9680395,0.11314156651496887,1.0,0.7864359021186829
YOL088C,YJR031C,0,-4.968384,0.11312880367040634,1.0,0.7865359783172607
YPL159C,YJR135C,0,-4.969478,0.11311604827642441,1.0,0.7866359949111938
YFL062W,YIL021W,0,-4.970248,0.11310329288244247,1.0,0.786736011505127
YEL004W,YLR127C,0,-4.970456,0.11309053748846054,1.0,0.7868360280990601
YBL045C,YLR182W,0,-4.9710197,0.1130777895450592,1.0,0.7869361042976379
YGR185C,YMR180C,0,-4.971115,0.11306504160165787,1.0,0.787036120891571
YPR030W,YBR104W,0,-4.9722614,0.11305230110883713,1.0,0.7871361374855042
YDL007W,YBR235W,0,-4.9740734,0.11303956061601639,1.0,0.7872361540794373
YDL033C,YMR291W,0,-4.974306,0.11302682012319565,1.0,0.7873362302780151
YPL064C,YER069W,0,-4.974614,0.1130140870809555,1.0,0.7874362468719482
YPL059W,YIR022W,0,-4.9747753,0.11300135403871536,1.0,0.7875362634658813
YOR210W,YDR077W,0,-4.9749937,0.11298862099647522,1.0,0.7876362800598145
YJL099W,YHL040C,0,-4.976079,0.11297589540481567,1.0,0.7877362966537476
YEL016C,YOR014W,0,-4.9762716,0.11296316981315613,1.0,0.7878363728523254
YDR341C,YCL027W,0,-4.9762774,0.11295045167207718,1.0,0.7879363894462585
YIL073C,YIL065C,0,-4.977362,0.11293773353099823,1.0,0.7880364060401917
YDR159W,YGR113W,0,-4.9783673,0.11292501538991928,1.0,0.7881364226341248
YPL005W,YOR063W,0,-4.9786367,0.11291230469942093,1.0,0.7882364988327026
YJL101C,YDR354W,0,-4.9795094,0.11289959400892258,1.0,0.7883365154266357
YMR075W,YJL124C,0,-4.981655,0.11288689076900482,1.0,0.7884365320205688
YGL222C,YGR162W,0,-4.9819164,0.11287418752908707,1.0,0.788536548614502
YJL052W,YJL095W,0,-4.9819183,0.11286148428916931,1.0,0.7886365652084351
YKL152C,YNL125C,0,-4.982045,0.11284878849983215,1.0,0.7887366414070129
YPR159W,YOR008C,0,-4.982193,0.112836092710495,1.0,0.788836658000946
YPL057C,YDL231C,0,-4.982526,0.11282339692115784,1.0,0.7889366745948792
YPL270W,YBL088C,0,-4.98381,0.11281070858240128,1.0,0.7890366911888123
YJR044C,YML063W,0,-4.9839087,0.11279802024364471,1.0,0.7891367673873901
YHL002W,YHR115C,0,-4.9847307,0.11278533935546875,1.0,0.7892367839813232
YOR175C,YML126C,0,-4.9854784,0.11277265846729279,1.0,0.7893368005752563
YPL157W,YDR079W,0,-4.985626,0.11275997757911682,1.0,0.7894368171691895
YOR278W,YKR029C,0,-4.985718,0.11274730414152145,1.0,0.7895368337631226
YFL009W,YER013W,0,-4.985755,0.11273463070392609,1.0,0.7896369099617004
YML065W,YNL336W,0,-4.9863744,0.11272195726633072,1.0,0.7897369265556335
YDL194W,YGR002C,0,-4.9864235,0.11270929127931595,1.0,0.7898369431495667
YKL210W,YMR130W,0,-4.986662,0.11269663274288177,1.0,0.7899369597434998
YGR240C,YIR034C,0,-4.989092,0.112683966755867,1.0,0.7900370359420776
YEL062W,YKL154W,0,-4.99034,0.11267130821943283,1.0,0.7901370525360107
YCR027C,YBL058W,0,-4.990713,0.11265865713357925,1.0,0.7902370691299438
YJL090C,YLR040C,0,-4.991633,0.11264599859714508,1.0,0.790337085723877
YGR134W,YML126C,0,-4.9918556,0.1126333549618721,1.0,0.7904371023178101
YMR188C,YJR158W,0,-4.992709,0.11262070387601852,1.0,0.7905371785163879
YIL066C,YJL171C,0,-4.994418,0.11260806024074554,1.0,0.790637195110321
YFL053W,YOR230W,0,-4.9946156,0.11259541660547256,1.0,0.7907372117042542
YOR180C,YIL122W,0,-4.9949837,0.11258278042078018,1.0,0.7908372282981873
YMR291W,YPL144W,0,-4.995714,0.1125701442360878,1.0,0.7909373044967651
YML010W,YBR156C,0,-4.99578,0.11255751550197601,1.0,0.7910373210906982
YDR043C,YLR020C,0,-4.9966784,0.11254488676786423,1.0,0.7911373376846313
YAL001C,YKL168C,0,-4.9975843,0.11253225803375244,1.0,0.7912373542785645
YER025W,YCL055W,0,-4.9978256,0.11251962929964066,1.0,0.7913374304771423
YLR301W,YDR411C,0,-4.998241,0.11250700801610947,1.0,0.7914374470710754
YMR238W,YKL035W,0,-4.998354,0.11249439418315887,1.0,0.7915374636650085
YER164W,YOR099W,0,-4.9985995,0.11248177289962769,1.0,0.7916374802589417
YHR079C,YIL126W,0,-4.9993906,0.11246916651725769,1.0,0.7917374968528748
YOR037W,YJR127C,0,-5.0001907,0.1124565526843071,1.0,0.7918375730514526
YGR108W,YMR295C,0,-5.0020723,0.1124439463019371,1.0,0.7919375896453857
YFR008W,YLR401C,0,-5.0022554,0.11243133991956711,1.0,0.7920376062393188
YPL223C,YBR288C,0,-5.002392,0.11241874098777771,1.0,0.792137622833252
YER078C,YBL019W,0,-5.0034356,0.11240614205598831,1.0,0.7922376990318298
YCR071C,YMR270C,0,-5.0037875,0.11239354312419891,1.0,0.7923377156257629
YMR021C,YPR204W,0,-5.005281,0.11238095164299011,1.0,0.792437732219696
YPR031W,YHR187W,0,-5.006999,0.11236836016178131,1.0,0.7925377488136292
YKL160W,YOR222W,0,-5.0088396,0.1123557761311531,1.0,0.7926377654075623
YLR089C,YLR242C,0,-5.009248,0.1123431921005249,1.0,0.7927378416061401
YGL137W,YBR201W,0,-5.0100574,0.1123306080698967,1.0,0.7928378582000732
YLR233C,YMR159C,0,-5.010229,0.11231803148984909,1.0,0.7929378747940063
YNL275W,YGR068C,0,-5.011245,0.11230545490980148,1.0,0.7930378913879395
YBR275C,YNL084C,0,-5.011634,0.11229287832975388,1.0,0.7931379675865173
YBR088C,YLR421C,0,-5.012477,0.11228030920028687,1.0,0.7932379841804504
YGL002W,YFR051C,0,-5.0127783,0.11226774007081985,1.0,0.7933380007743835
YDR167W,YLL040C,0,-5.013098,0.11225517839193344,1.0,0.7934380173683167
YAR008W,YLR035C,0,-5.0143623,0.11224261671304703,1.0,0.7935380339622498
YDR532C,YDR522C,0,-5.014506,0.11223005503416061,1.0,0.7936381101608276
YDR331W,YPL085W,0,-5.014926,0.1122175008058548,1.0,0.7937381267547607
YLR174W,YDL188C,0,-5.016793,0.11220494657754898,1.0,0.7938381433486938
YPL139C,YKR019C,0,-5.0174303,0.11219239234924316,1.0,0.793938159942627
YJL140W,YBR201W,0,-5.018362,0.11217984557151794,1.0,0.7940382361412048
YOR058C,YBR179C,0,-5.0184174,0.11216729879379272,1.0,0.7941382527351379
YDL069C,YDR497C,0,-5.0184946,0.1121547594666481,1.0,0.794238269329071
YKL119C,YDR139C,0,-5.018901,0.11214222013950348,1.0,0.7943382859230042
YDR460W,YPR020W,0,-5.018942,0.11212968081235886,1.0,0.7944383025169373
YFL050C,YDL168W,0,-5.018954,0.11211714893579483,1.0,0.7945383787155151
YLL039C,YMR231W,0,-5.0204077,0.1121046170592308,1.0,0.7946383953094482
YIL006W,YPR165W,0,-5.0204515,0.11209208518266678,1.0,0.7947384119033813
YIL020C,YNL148C,0,-5.0205297,0.11207956075668335,1.0,0.7948384284973145
YBR216C,YGL020C,0,-5.020792,0.11206703633069992,1.0,0.7949385046958923
YEL041W,YCL063W,0,-5.02123,0.11205451935529709,1.0,0.7950385212898254
YJR010C-A,YKR058W,0,-5.021857,0.11204200237989426,1.0,0.7951385378837585
YPR162C,YDL043C,0,-5.021888,0.11202948540449142,1.0,0.7952385544776917
YHL032C,YGR072W,0,-5.0220737,0.11201697587966919,1.0,0.7953386306762695
YDL051W,YGL141W,0,-5.0234127,0.11200446635484695,1.0,0.7954386472702026
YIL145C,YNL327W,0,-5.023568,0.11199196428060532,1.0,0.7955386638641357
YFL039C,YGL125W,0,-5.02358,0.11197945475578308,1.0,0.7956386804580688
YDL232W,YDL229W,0,-5.026577,0.11196696013212204,1.0,0.795738697052002
YNR027W,YGR038W,0,-5.0269136,0.1119544580578804,1.0,0.7958387732505798
YNL189W,YDR369C,0,-5.0286126,0.11194196343421936,1.0,0.7959387898445129
YDR224C,YJL154C,0,-5.0310173,0.11192946881055832,1.0,0.796038806438446
YPL152W,YLR047C,0,-5.0316896,0.11191698163747787,1.0,0.7961388230323792
YIR010W,YMR038C,0,-5.0316963,0.11190449446439743,1.0,0.796238899230957
YDR393W,YDR369C,0,-5.0321856,0.11189201474189758,1.0,0.7963389158248901
YNR041C,YPL053C,0,-5.032242,0.11187953501939774,1.0,0.7964389324188232
YLR329W,YOL080C,0,-5.0328264,0.11186705529689789,1.0,0.7965389490127563
YLR048W,YDR228C,0,-5.033245,0.11185457557439804,1.0,0.7966389656066895
YNR072W,YMR241W,0,-5.033317,0.11184210330247879,1.0,0.7967390418052673
YDR027C,YOR066W,0,-5.0341015,0.11182963848114014,1.0,0.7968390583992004
YGL145W,YDR067C,0,-5.034582,0.11181716620922089,1.0,0.7969390749931335
YIR036C,YMR065W,0,-5.0349245,0.11180470138788223,1.0,0.7970390915870667
YOR073W,YHR115C,0,-5.037114,0.11179224401712418,1.0,0.7971391677856445
YDR492W,YML070W,0,-5.037387,0.11177978664636612,1.0,0.7972391843795776
YMR201C,YGL233W,0,-5.037463,0.11176732927560806,1.0,0.7973392009735107
YML063W,YER003C,0,-5.0375566,0.11175487190485,1.0,0.7974392175674438
YNL225C,YBR176W,0,-5.0386767,0.11174242198467255,1.0,0.797539234161377
YDR448W,YIL010W,0,-5.038899,0.11172997951507568,1.0,0.7976393103599548
YER110C,YKR030W,0,-5.0400724,0.11171752959489822,1.0,0.7977393269538879
YOR317W,YAL062W,0,-5.041111,0.11170508712530136,1.0,0.797839343547821
YBR097W,YOL002C,0,-5.0414906,0.1116926521062851,1.0,0.7979393601417542
YLR301W,YFL039C,0,-5.0421457,0.11168021708726883,1.0,0.798039436340332
YNL097C,YER046W,0,-5.042399,0.11166778206825256,1.0,0.7981394529342651
YKL013C,YOR351C,0,-5.042543,0.1116553470492363,1.0,0.7982394695281982
YNL225C,YML054C,0,-5.0429068,0.11164291948080063,1.0,0.7983394861221313
YLR204W,YPL088W,0,-5.04422,0.11163049191236496,1.0,0.7984395027160645
YBR031W,YNL003C,0,-5.044938,0.11161807179450989,1.0,0.7985395789146423
YLR371W,YFL044C,0,-5.0452,0.11160565167665482,1.0,0.7986395955085754
YLR133W,YKR038C,0,-5.04639,0.11159323900938034,1.0,0.7987396121025085
YPL273W,YJL170C,0,-5.04763,0.11158081889152527,1.0,0.7988396286964417
YDL197C,YLR020C,0,-5.0486283,0.1115684062242508,1.0,0.7989397048950195
YHR166C,YGR152C,0,-5.0495787,0.11155600100755692,1.0,0.7990397214889526
YDR155C,YHR181W,0,-5.049923,0.11154359579086304,1.0,0.7991397380828857
YLR028C,YML116W,0,-5.052591,0.11153119057416916,1.0,0.7992397546768188
YLR310C,YDL178W,0,-5.0548935,0.11151879280805588,1.0,0.7993398308753967
YPL281C,YOL157C,0,-5.0566754,0.1115063950419426,1.0,0.7994398474693298
YBR214W,YER021W,0,-5.056971,0.11149399727582932,1.0,0.7995398640632629
YHR028C,YKL088W,0,-5.0574837,0.11148160696029663,1.0,0.799639880657196
YDR320C,YDR476C,0,-5.057667,0.11146921664476395,1.0,0.7997398972511292
YPL129W,YOR175C,0,-5.0577555,0.11145682632923126,1.0,0.799839973449707
YGR010W,YIR037W,0,-5.0580964,0.11144444346427917,1.0,0.7999399900436401
YPL088W,YHR179W,0,-5.0589905,0.11143206059932709,1.0,0.8000400066375732
YOR377W,YOL077C,0,-5.0598097,0.1114196851849556,1.0,0.8001400232315063
YMR011W,YNR072W,0,-5.060094,0.1114073097705841,1.0,0.8002400994300842
YPL230W,YBR283C,0,-5.0610924,0.11139493435621262,1.0,0.8003401160240173
YGL097W,YJL171C,0,-5.0617323,0.11138256639242172,1.0,0.8004401326179504
YDR281C,YNL325C,0,-5.062299,0.11137019842863083,1.0,0.8005401492118835
YNL163C,YJL047C,0,-5.063058,0.11135783046483994,1.0,0.8006401658058167
YHL007C,YNL009W,0,-5.06322,0.11134546995162964,1.0,0.8007402420043945
YER082C,YMR223W,0,-5.06334,0.11133310943841934,1.0,0.8008402585983276
YBR186W,YPL065W,0,-5.064188,0.11132075637578964,1.0,0.8009402751922607
YDR363W,YNL078W,0,-5.0647135,0.11130840331315994,1.0,0.8010402917861938
YLR386W,YGR207C,0,-5.0649443,0.11129605025053024,1.0,0.8011403679847717
YPL255W,YNL021W,0,-5.0650873,0.11128370463848114,1.0,0.8012403845787048
YLR089C,YGL234W,0,-5.0660267,0.11127135902643204,1.0,0.8013404011726379
YAL020C,YDL166C,0,-5.0664496,0.11125901341438293,1.0,0.801440417766571
YDR121W,YPL022W,0,-5.0664864,0.11124667525291443,1.0,0.8015404343605042
YLR390W,YGL010W,0,-5.0671177,0.11123433709144592,1.0,0.801640510559082
YOR295W,YNL330C,0,-5.068943,0.11122199892997742,1.0,0.8017405271530151
YPL152W,YLR393W,0,-5.0707593,0.11120966821908951,1.0,0.8018405437469482
YKL173W,YGR186W,0,-5.0713944,0.1111973375082016,1.0,0.8019405603408813
YOR369C,YJL036W,0,-5.0723414,0.11118501424789429,1.0,0.8020406365394592
YPR102C,YGR059W,0,-5.072485,0.11117269098758698,1.0,0.8021406531333923
YPR079W,YDL166C,0,-5.073912,0.11116036772727966,1.0,0.8022406697273254
YBR161W,YER056C-A,0,-5.073965,0.11114805191755295,1.0,0.8023406863212585
YNL149C,YGR218W,0,-5.0750995,0.11113573610782623,1.0,0.8024407029151917
YOR232W,YNL037C,0,-5.0751457,0.11112342029809952,1.0,0.8025407791137695
YLR398C,YKL107W,0,-5.075649,0.1111111119389534,1.0,0.8026407957077026
YAL001C,YDR058C,0,-5.075762,0.11109880357980728,1.0,0.8027408123016357
YDR337W,YLR216C,0,-5.0761595,0.11108650267124176,1.0,0.8028408288955688
YLR266C,YAR066W,0,-5.076983,0.11107419431209564,1.0,0.8029409050941467
YGR216C,YJR110W,0,-5.0770054,0.11106190085411072,1.0,0.8030409216880798
YOR275C,YER008C,0,-5.0771027,0.1110495999455452,1.0,0.8031409382820129
YOR324C,YNL307C,0,-5.0774183,0.11103730648756027,1.0,0.803240954875946
YML097C,YNR011C,0,-5.0783877,0.11102501302957535,1.0,0.8033410310745239
YDR147W,YBL017C,0,-5.0801086,0.11101272702217102,1.0,0.803441047668457
YNL267W,YDR460W,0,-5.0801635,0.1110004410147667,1.0,0.8035410642623901
YJR137C,YEL036C,0,-5.080352,0.11098816245794296,1.0,0.8036410808563232
YPL152W,YMR005W,0,-5.080982,0.11097587645053864,1.0,0.8037410974502563
YGR090W,YGR023W,0,-5.082161,0.1109636053442955,1.0,0.8038411736488342
YMR165C,YDL136W,0,-5.0821743,0.11095132678747177,1.0,0.8039411902427673
YOR014W,YNL127W,0,-5.0827065,0.11093905568122864,1.0,0.8040412068367004
YBR088C,YPL028W,0,-5.0831428,0.1109267845749855,1.0,0.8041412234306335
YML049C,YIL050W,0,-5.084173,0.11091452091932297,1.0,0.8042412996292114
YIL066C,YGL257C,0,-5.085516,0.11090225726366043,1.0,0.8043413162231445
YGR157W,YCR071C,0,-5.087035,0.1108899936079979,1.0,0.8044413328170776
YPL083C,YDL006W,0,-5.087635,0.11087773740291595,1.0,0.8045413494110107
YNL160W,YLR264W,0,-5.089241,0.11086548119783401,1.0,0.8046413660049438
YLL005C,YDL174C,0,-5.0910273,0.11085322499275208,1.0,0.8047414422035217
YLL041C,YLR388W,0,-5.091102,0.11084097623825073,1.0,0.8048414587974548
YHR056C,YOR222W,0,-5.091174,0.11082872748374939,1.0,0.8049414753913879
YIR033W,YGL137W,0,-5.091929,0.11081648617982864,1.0,0.805041491985321
YLR383W,YHR186C,0,-5.09242,0.1108042448759079,1.0,0.8051415681838989
YOR033C,YPL177C,0,-5.092972,0.11079200357198715,1.0,0.805241584777832
YEL004W,YPR075C,0,-5.0968337,0.1107797622680664,1.0,0.8053416013717651
YDR027C,YLR136C,0,-5.097019,0.11076752841472626,1.0,0.8054416179656982
YPL118W,YNL046W,0,-5.0979433,0.1107553020119667,1.0,0.8055416345596313
YEL004W,YDL229W,0,-5.1003466,0.11074306815862656,1.0,0.8056417107582092
YOR283W,YMR188C,0,-5.101225,0.1107308492064476,1.0,0.8057417273521423
YGR209C,YJL047C,0,-5.1013236,0.11071862280368805,1.0,0.8058417439460754
YLR419W,YDR362C,0,-5.1021166,0.1107064038515091,1.0,0.8059417605400085
YGL086W,YJR075W,0,-5.102399,0.11069418489933014,1.0,0.8060418367385864
YDR497C,YLR109W,0,-5.1047144,0.11068196594715118,1.0,0.8061418533325195
YKL025C,YLR014C,0,-5.1052055,0.11066975444555283,1.0,0.8062418699264526
YCR009C,YPR182W,0,-5.1052074,0.11065754294395447,1.0,0.8063418865203857
YJR031C,YHL019C,0,-5.105879,0.1106453388929367,1.0,0.8064419031143188
YOR190W,YDR446W,0,-5.1058936,0.11063313484191895,1.0,0.8065419793128967
YER048C,YBL046W,0,-5.1060696,0.11062093079090118,1.0,0.8066419959068298
YNL191W,YJL139C,0,-5.1078024,0.11060873419046402,1.0,0.8067420125007629
YIL155C,YKL137W,0,-5.107818,0.11059653759002686,1.0,0.806842029094696
YGL037C,YIR009W,0,-5.1081953,0.11058434098958969,1.0,0.8069421052932739
YGR241C,YOL040C,0,-5.108408,0.11057215183973312,1.0,0.807042121887207
YDL055C,YCR012W,0,-5.109667,0.11055996268987656,1.0,0.8071421384811401
YEL002C,YKL078W,0,-5.109817,0.11054778099060059,1.0,0.8072421550750732
YGL002W,YHR041C,0,-5.1104965,0.11053559929132462,1.0,0.8073422312736511
YMR115W,YNL085W,0,-5.1108932,0.11052341759204865,1.0,0.8074422478675842
YMR154C,YKR059W,0,-5.1151795,0.11051123589277267,1.0,0.8075422644615173
YDR348C,YML069W,0,-5.1153145,0.1104990616440773,1.0,0.8076422810554504
YAL039C,YJL108C,0,-5.1156793,0.11048689484596252,1.0,0.8077422976493835
YMR113W,YCR009C,0,-5.1167154,0.11047472059726715,1.0,0.8078423738479614
YOR274W,YDR496C,0,-5.1171703,0.11046255379915237,1.0,0.8079423904418945
YKL028W,YGR096W,0,-5.1171913,0.1104503944516182,1.0,0.8080424070358276
YDR216W,YFL036W,0,-5.1199636,0.11043822765350342,1.0,0.8081424236297607
YJR009C,YMR203W,0,-5.1202936,0.11042606830596924,1.0,0.8082424998283386
YOR228C,YAL013W,0,-5.120759,0.11041391640901566,1.0,0.8083425164222717
YOR295W,YOR037W,0,-5.1213894,0.11040176451206207,1.0,0.8084425330162048
YBR281C,YBR126C,0,-5.122248,0.11038961261510849,1.0,0.8085425496101379
YIL126W,YPL172C,0,-5.123007,0.11037746071815491,1.0,0.808642566204071
YOR217W,YPL064C,0,-5.124341,0.11036531627178192,1.0,0.8087426424026489
YPL181W,YNL308C,0,-5.1260686,0.11035317182540894,1.0,0.808842658996582
YBR120C,YCL026C-A,0,-5.1264133,0.11034103482961655,1.0,0.8089426755905151
YHR209W,YPL012W,0,-5.1282425,0.11032889783382416,1.0,0.8090426921844482
YBR074W,YER021W,0,-5.128801,0.11031676083803177,1.0,0.8091427683830261
YGL166W,YHR085W,0,-5.128889,0.11030463129281998,1.0,0.8092427849769592
YNL163C,YJR103W,0,-5.128965,0.11029250174760818,1.0,0.8093428015708923
YPL187W,YML052W,0,-5.1301236,0.11028037220239639,1.0,0.8094428181648254
YFR008W,YIL162W,0,-5.1311474,0.1102682501077652,1.0,0.8095428347587585
YNL107W,YBL009W,0,-5.1317263,0.110256128013134,1.0,0.8096429109573364
YKL091C,YDL067C,0,-5.1322956,0.1102440133690834,1.0,0.8097429275512695
YMR013C,YKR038C,0,-5.132634,0.11023189127445221,1.0,0.8098429441452026
YNL271C,YHR101C,0,-5.132798,0.11021977663040161,1.0,0.8099429607391357
YMR113W,YEL031W,0,-5.1334157,0.11020766943693161,1.0,0.8100430369377136
YLR148W,YAL039C,0,-5.133692,0.11019556224346161,1.0,0.8101430535316467
YLR246W,YGR036C,0,-5.1351147,0.11018345504999161,1.0,0.8102430701255798
YPR190C,YLR242C,0,-5.1359115,0.1101713553071022,1.0,0.8103430867195129
YDR288W,YLR289W,0,-5.1367316,0.1101592555642128,1.0,0.810443103313446
YDR294C,YOR148C,0,-5.1369267,0.1101471558213234,1.0,0.8105431795120239
YKL178C,YOR094W,0,-5.1379333,0.11013506352901459,1.0,0.810643196105957
YLR028C,YPR035W,0,-5.139305,0.11012297123670578,1.0,0.8107432126998901
YKL025C,YOR039W,0,-5.140578,0.11011087894439697,1.0,0.8108432292938232
YBR001C,YER003C,0,-5.140683,0.11009879410266876,1.0,0.8109433054924011
YDR393W,YDR410C,0,-5.1409926,0.11008670926094055,1.0,0.8110433220863342
YDL216C,YNL030W,0,-5.141125,0.11007462441921234,1.0,0.8111433386802673
YPR058W,YIL111W,0,-5.142419,0.11006254702806473,1.0,0.8112433552742004
YDR121W,YOL108C,0,-5.14505,0.11005046963691711,1.0,0.8113434314727783
YFL048C,YER112W,0,-5.145642,0.1100383996963501,1.0,0.8114434480667114
YCR075C,YDR242W,0,-5.145897,0.11002632975578308,1.0,0.8115434646606445
YKR037C,YGL095C,0,-5.1462603,0.11001425981521606,1.0,0.8116434812545776
YPR033C,YKR058W,0,-5.1474895,0.11000218987464905,1.0,0.8117434978485107
YLR251W,YNL008C,0,-5.1475,0.10999012738466263,1.0,0.8118435740470886
YJL073W,YGR284C,0,-5.1515093,0.1099780723452568,1.0,0.8119435906410217
YHR164C,YDR262W,0,-5.1515846,0.10996600985527039,1.0,0.8120436072349548
YHR175W,YGR068C,0,-5.152178,0.10995395481586456,1.0,0.8121436238288879
YLR163C,YIR018W,0,-5.152518,0.10994190722703934,1.0,0.8122437000274658
YOR239W,YBR203W,0,-5.1531897,0.10992985218763351,1.0,0.8123437166213989
YDL055C,YKL095W,0,-5.1546555,0.10991780459880829,1.0,0.812443733215332
YMR090W,YMR224C,0,-5.154911,0.10990576446056366,1.0,0.8125437498092651
YCR008W,YPL124W,0,-5.1557264,0.10989372432231903,1.0,0.8126437664031982
YLR424W,YNL128W,0,-5.1564045,0.1098816841840744,1.0,0.8127438426017761
YPR182W,YNL037C,0,-5.156627,0.10986964404582977,1.0,0.8128438591957092
YDR170C,YDR043C,0,-5.1571503,0.10985761135816574,1.0,0.8129438757896423
YDR043C,YOL040C,0,-5.1576242,0.10984557867050171,1.0,0.8130438923835754
YNL261W,YKR050W,0,-5.157653,0.10983355343341827,1.0,0.8131439685821533
YBR067C,YER126C,0,-5.1583023,0.10982152819633484,1.0,0.8132439851760864
YHL012W,YEL012W,0,-5.158515,0.1098095029592514,1.0,0.8133440017700195
YPR054W,YLR439W,0,-5.1588597,0.10979748517274857,1.0,0.8134440183639526
YIL067C,YBL046W,0,-5.1589065,0.10978546738624573,1.0,0.8135440349578857
YCR047C,YIR037W,0,-5.159804,0.10977344959974289,1.0,0.8136441111564636
YOR077W,YKL011C,0,-5.1605196,0.10976143926382065,1.0,0.8137441277503967
YPL123C,YDR501W,0,-5.1617746,0.10974942892789841,1.0,0.8138441443443298
YBR239C,YHR124W,0,-5.1624517,0.10973741859197617,1.0,0.8139441609382629
YFL004W,YJR075W,0,-5.1629443,0.10972541570663452,1.0,0.8140442371368408
YMR060C,YBR207W,0,-5.1630917,0.10971341282129288,1.0,0.8141442537307739
YNL044W,YIL125W,0,-5.163273,0.10970140993595123,1.0,0.814244270324707
YIR033W,YOR083W,0,-5.163357,0.10968941450119019,1.0,0.8143442869186401
YHR001W,YJL121C,0,-5.165729,0.10967741906642914,1.0,0.8144443035125732
YOR221C,YIR010W,0,-5.1672096,0.10966543108224869,1.0,0.8145443797111511
YAL055W,YML088W,0,-5.167679,0.10965343564748764,1.0,0.8146443963050842
YAR008W,YLR096W,0,-5.168235,0.10964145511388779,1.0,0.8147444128990173
YPR171W,YER012W,0,-5.168564,0.10962946712970734,1.0,0.8148444294929504
YNR023W,YBL113C,0,-5.1685724,0.10961748659610748,1.0,0.8149445056915283
YPL181W,YOR270C,0,-5.1687765,0.10960550606250763,1.0,0.8150445222854614
YGL011C,YDL084W,0,-5.1693907,0.10959353297948837,1.0,0.8151445388793945
YMR210W,YDR139C,0,-5.16945,0.10958155989646912,1.0,0.8152445554733276
YLR008C,YBR040W,0,-5.1699877,0.10956958681344986,1.0,0.8153446316719055
YDR506C,YDR198C,0,-5.1710787,0.1095576211810112,1.0,0.8154446482658386
YIR022W,YNL292W,0,-5.1715655,0.10954565554857254,1.0,0.8155446648597717
YOL108C,YLR343W,0,-5.1719866,0.10953368991613388,1.0,0.8156446814537048
YPR096C,YJL157C,0,-5.1724653,0.10952173173427582,1.0,0.8157446980476379
YGR179C,YER027C,0,-5.1726456,0.10950977355241776,1.0,0.8158447742462158
YKL091C,YLR024C,0,-5.1731877,0.10949781537055969,1.0,0.8159447908401489
YER016W,YGR143W,0,-5.173931,0.10948586463928223,1.0,0.816044807434082
YOL138C,YJL030W,0,-5.1744595,0.10947391390800476,1.0,0.8161448240280151
YGR169C,YLR285W,0,-5.175013,0.1094619631767273,1.0,0.816244900226593
YPL131W,YER175C,0,-5.1753845,0.10945001989603043,1.0,0.8163449168205261
YJL041W,YLR165C,0,-5.176462,0.10943807661533356,1.0,0.8164449334144592
YNL047C,YHR171W,0,-5.1764913,0.10942614078521729,1.0,0.8165449500083923
YHR069C,YDR164C,0,-5.1765184,0.10941420495510101,1.0,0.8166449666023254
YPR149W,YFL018C,0,-5.176969,0.10940226912498474,1.0,0.8167450428009033
YER011W,YGL209W,0,-5.178635,0.10939033329486847,1.0,0.8168450593948364
YML001W,YOR324C,0,-5.179883,0.1093784049153328,1.0,0.8169450759887695
YHR067W,YPR049C,0,-5.180043,0.10936648398637772,1.0,0.8170450925827026
YDR478W,YEL061C,0,-5.180298,0.10935455560684204,1.0,0.8171451687812805
YCL030C,YNR010W,0,-5.182023,0.10934263467788696,1.0,0.8172451853752136
YGL060W,YHR069C,0,-5.183675,0.10933071374893188,1.0,0.8173452019691467
YJL118W,YPL186C,0,-5.1854944,0.1093188002705574,1.0,0.8174452185630798
YOL052C,YKR020W,0,-5.18825,0.10930688679218292,1.0,0.8175452351570129
YIL042C,YGR074W,0,-5.188753,0.10929497331380844,1.0,0.8176453113555908
YDR415C,YPL008W,0,-5.1894007,0.10928306728601456,1.0,0.8177453279495239
YER185W,YER099C,0,-5.189673,0.10927116125822067,1.0,0.817845344543457
YBL006C,YBR281C,0,-5.190246,0.10925926268100739,1.0,0.8179453611373901
YPR004C,YER122C,0,-5.1910343,0.1092473566532135,1.0,0.818045437335968
YJL117W,YOL147C,0,-5.1928453,0.10923545807600021,1.0,0.8181454539299011
YDR033W,YFL003C,0,-5.193439,0.10922356694936752,1.0,0.8182454705238342
YLR332W,YLR051C,0,-5.1943054,0.10921167582273483,1.0,0.8183454871177673
YHR166C,YGR096W,0,-5.1944456,0.10919978469610214,1.0,0.8184455633163452
YIL073C,YLL023C,0,-5.195341,0.10918789356946945,1.0,0.8185455799102783
YOR324C,YML066C,0,-5.19561,0.10917600989341736,1.0,0.8186455965042114
YPR178W,YCR023C,0,-5.1969023,0.10916412621736526,1.0,0.8187456130981445
YBR271W,YBR103W,0,-5.19709,0.10915224999189377,1.0,0.8188456296920776
YPL159C,YGR186W,0,-5.197214,0.10914036631584167,1.0,0.8189457058906555
YDL142C,YLR095C,0,-5.198492,0.10912849754095078,1.0,0.8190457224845886
YDL236W,YOR304W,0,-5.1994095,0.10911662131547928,1.0,0.8191457390785217
YPL154C,YNL027W,0,-5.2036314,0.10910475254058838,1.0,0.8192457556724548
YDR076W,YML012W,0,-5.2041187,0.10909288376569748,1.0,0.8193458318710327
YPR002W,YOL086C,0,-5.2057853,0.10908102244138718,1.0,0.8194458484649658
YPL158C,YIL065C,0,-5.2070065,0.10906916111707687,1.0,0.8195458650588989
YER052C,YPR194C,0,-5.2075343,0.10905729979276657,1.0,0.819645881652832
YLR148W,YMR244C-A,0,-5.207553,0.10904544591903687,1.0,0.8197458982467651
YEL062W,YPL011C,0,-5.2087655,0.10903359204530716,1.0,0.819845974445343
YBR172C,YMR136W,0,-5.2096004,0.10902173817157745,1.0,0.8199459910392761
YER012W,YHL027W,0,-5.209881,0.10900989174842834,1.0,0.8200460076332092
YOR162C,YOL005C,0,-5.2103434,0.10899804532527924,1.0,0.8201460242271423
YPR005C,YOR058C,0,-5.2105474,0.10898619890213013,1.0,0.8202461004257202
YER068W,YNL242W,0,-5.2106266,0.10897435992956161,1.0,0.8203461170196533
YML114C,YPL095C,0,-5.210911,0.1089625209569931,1.0,0.8204461336135864
YBR088C,YJL108C,0,-5.2113247,0.10895068198442459,1.0,0.8205461502075195
YJL091C,YPR119W,0,-5.211907,0.10893885046243668,1.0,0.8206461668014526
YOR064C,YEL056W,0,-5.212434,0.10892701894044876,1.0,0.8207462430000305
YJL210W,YDR387C,0,-5.2124624,0.10891519486904144,1.0,0.8208462595939636
YHR056C,YMR032W,0,-5.21317,0.10890336334705353,1.0,0.8209462761878967
YOL158C,YDL202W,0,-5.2133517,0.10889153927564621,1.0,0.8210462927818298
YER157W,YKL056C,0,-5.2139444,0.10887972265481949,1.0,0.8211463689804077
YMR250W,YJL034W,0,-5.214464,0.10886790603399277,1.0,0.8212463855743408
YOL077C,YMR159C,0,-5.215727,0.10885608941316605,1.0,0.8213464021682739
YOL157C,YHR076W,0,-5.2160807,0.10884427279233932,1.0,0.821446418762207
YOR098C,YJR059W,0,-5.2165904,0.1088324636220932,1.0,0.8215464353561401
YOL097C,YPR183W,0,-5.2170305,0.10882065445184708,1.0,0.821646511554718
YHL022C,YPL118W,0,-5.217203,0.10880885273218155,1.0,0.8217465281486511
YMR176W,YJL176C,0,-5.2176886,0.10879705101251602,1.0,0.8218465447425842
YER048C,YDL045W-A,0,-5.220093,0.1087852492928505,1.0,0.8219465613365173
YLL028W,YLR078C,0,-5.2202625,0.10877345502376556,1.0,0.8220466375350952
YOR298W,YLL023C,0,-5.2204866,0.10876165330410004,1.0,0.8221466541290283
YOR130C,YKL206C,0,-5.2206964,0.1087498664855957,1.0,0.8222466707229614
YJR045C,YJR017C,0,-5.2211857,0.10873807221651077,1.0,0.8223466873168945
YLL043W,YDR177W,0,-5.221567,0.10872628539800644,1.0,0.8224467635154724
YLR429W,YJR110W,0,-5.2240286,0.1087145060300827,1.0,0.8225467801094055
YDR457W,YJL100W,0,-5.224497,0.10870271921157837,1.0,0.8226467967033386
YJL176C,YNR011C,0,-5.22464,0.10869093984365463,1.0,0.8227468132972717
YCR089W,YGR002C,0,-5.227373,0.1086791604757309,1.0,0.8228468298912048
YBR102C,YNL125C,0,-5.228014,0.10866738855838776,1.0,0.8229469060897827
YDL114W,YPL265W,0,-5.22876,0.10865561664104462,1.0,0.8230469226837158
YDR488C,YMR180C,0,-5.230903,0.10864384472370148,1.0,0.8231469392776489
YOR071C,YLL004W,0,-5.2327223,0.10863208025693893,1.0,0.823246955871582
YLR298C,YPL244C,0,-5.2329483,0.10862031579017639,1.0,0.8233470320701599
YOL021C,YMR097C,0,-5.2330174,0.10860855132341385,1.0,0.823447048664093
YML049C,YLR208W,0,-5.237534,0.1085967943072319,1.0,0.8235470652580261
YOR373W,YPR025C,0,-5.239122,0.10858503729104996,1.0,0.8236470818519592
YOR304C-A,YKR018C,0,-5.239423,0.10857328772544861,1.0,0.8237470984458923
YGR277C,YJL072C,0,-5.2415996,0.10856153070926666,1.0,0.8238471746444702
YLR285W,YGL079W,0,-5.2419224,0.10854978114366531,1.0,0.8239471912384033
YDR352W,YDL040C,0,-5.2420273,0.10853803902864456,1.0,0.8240472078323364
YOL026C,YML064C,0,-5.2421093,0.10852628946304321,1.0,0.8241472244262695
YDR104C,YLR356W,0,-5.242754,0.10851455479860306,1.0,0.8242473006248474
YNL281W,YOR275C,0,-5.243408,0.1085028126835823,1.0,0.8243473172187805
YOR085W,YJL060W,0,-5.244069,0.10849107801914215,1.0,0.8244473338127136
YGR288W,YKL198C,0,-5.2442274,0.108479343354702,1.0,0.8245473504066467
YLR342W,YGL145W,0,-5.2453213,0.10846760869026184,1.0,0.8246473670005798
YGR192C,YNL304W,0,-5.245658,0.10845588147640228,1.0,0.8247474431991577
YGR095C,YER088C,0,-5.247678,0.10844415426254272,1.0,0.8248474597930908
YPL074W,YOR374W,0,-5.2495213,0.10843243449926376,1.0,0.8249474763870239
YMR263W,YOR321W,0,-5.2507534,0.1084207147359848,1.0,0.825047492980957
YDR211W,YGL095C,0,-5.2524753,0.10840899497270584,1.0,0.8251475691795349
YER140W,YDR419W,0,-5.2530737,0.10839727520942688,1.0,0.825247585773468
YBL089W,YDR180W,0,-5.2534986,0.10838556289672852,1.0,0.8253476023674011
YBR276C,YKL094W,0,-5.254142,0.10837385058403015,1.0,0.8254476189613342
YPL167C,YHR181W,0,-5.2543745,0.10836214572191238,1.0,0.8255476355552673
YCL043C,YOR393W,0,-5.255107,0.10835044085979462,1.0,0.8256477117538452
YGR209C,YPR198W,0,-5.2551928,0.10833873599767685,1.0,0.8257477283477783
YHR156C,YER141W,0,-5.25585,0.10832703113555908,1.0,0.8258477449417114
YBR175W,YBR160W,0,-5.257521,0.10831533372402191,1.0,0.8259477615356445
YAL005C,YDR107C,0,-5.258112,0.10830363631248474,1.0,0.8260478377342224
YOR144C,YBR056W,0,-5.258647,0.10829194635152817,1.0,0.8261478543281555
YGL173C,YNL331C,0,-5.259083,0.1082802563905716,1.0,0.8262478709220886
YJR147W,YKL107W,0,-5.259245,0.10826856642961502,1.0,0.8263478875160217
YIL004C,YBR052C,0,-5.2594023,0.10825688391923904,1.0,0.8264479637145996
YLR283W,YBR198C,0,-5.259429,0.10824519395828247,1.0,0.8265479803085327
YLR408C,YNR006W,0,-5.259456,0.10823351889848709,1.0,0.8266479969024658
YLR027C,YDR524C,0,-5.260819,0.10822183638811111,1.0,0.8267480134963989
YIL006W,YJL004C,0,-5.2619605,0.10821016132831573,1.0,0.826848030090332
YOR115C,YPL258C,0,-5.262327,0.10819848626852036,1.0,0.8269481062889099
YFL013C,YPL031C,0,-5.2625504,0.10818681865930557,1.0,0.827048122882843
YGR292W,YDR034C,0,-5.2629933,0.10817515105009079,1.0,0.8271481394767761
YPL113C,YPL242C,0,-5.263728,0.10816348344087601,1.0,0.8272481560707092
YMR186W,YPR183W,0,-5.2642403,0.10815182328224182,1.0,0.8273482322692871
YGL245W,YNL274C,0,-5.2643414,0.10814016312360764,1.0,0.8274482488632202
YCR027C,YOR181W,0,-5.2649183,0.10812850296497345,1.0,0.8275482654571533
YKL086W,YFL003C,0,-5.264946,0.10811685025691986,1.0,0.8276482820510864
YGR256W,YNR011C,0,-5.2667627,0.10810519754886627,1.0,0.8277482986450195
YMR012W,YOR007C,0,-5.267568,0.10809354484081268,1.0,0.8278483748435974
YPL045W,YGR172C,0,-5.267967,0.10808189958333969,1.0,0.8279483914375305
YKR022C,YDL111C,0,-5.2686925,0.1080702543258667,1.0,0.8280484080314636
YGR049W,YJR002W,0,-5.2708635,0.10805860906839371,1.0,0.8281484246253967
YML062C,YLR424W,0,-5.2723227,0.10804697126150131,1.0,0.8282485008239746
YPL242C,YBR057C,0,-5.273211,0.10803532600402832,1.0,0.8283485174179077
YDR337W,YHR161C,0,-5.274043,0.10802369564771652,1.0,0.8284485340118408
YPR023C,YGR192C,0,-5.274799,0.10801205784082413,1.0,0.8285485506057739
YDR059C,YDR452W,0,-5.274953,0.10800042748451233,1.0,0.828648567199707
YIL004C,YNL307C,0,-5.2754674,0.10798880457878113,1.0,0.8287486433982849
YOL113W,YJL046W,0,-5.2758217,0.10797717422246933,1.0,0.828848659992218
YKL120W,YKR020W,0,-5.2760963,0.10796555131673813,1.0,0.8289486765861511
YDR462W,YER039C,0,-5.277767,0.10795393586158752,1.0,0.8290486931800842
YJL025W,YNL219C,0,-5.2781,0.10794231295585632,1.0,0.8291487693786621
YPR138C,YHR047C,0,-5.279255,0.10793069750070572,1.0,0.8292487859725952
YFL002C,YJL047C,0,-5.279556,0.10791908949613571,1.0,0.8293488025665283
YPR165W,YOL086C,0,-5.2796144,0.10790747404098511,1.0,0.8294488191604614
YGL121C,YBR289W,0,-5.2822742,0.1078958660364151,1.0,0.8295488357543945
YMR099C,YDR117C,0,-5.282434,0.10788426548242569,1.0,0.8296489119529724
YHR107C,YKL095W,0,-5.282688,0.10787265747785568,1.0,0.8297489285469055
YPL020C,YPR020W,0,-5.283392,0.10786105692386627,1.0,0.8298489451408386
YNL236W,YKL165C,0,-5.2846675,0.10784946382045746,1.0,0.8299489617347717
YOL010W,YDR461W,0,-5.284891,0.10783786326646805,1.0,0.8300490379333496
YGL077C,YGR013W,0,-5.285303,0.10782627761363983,1.0,0.8301490545272827
YOR361C,YDR473C,0,-5.2862988,0.10781468451023102,1.0,0.8302490711212158
YGR063C,YGR092W,0,-5.287649,0.1078030988574028,1.0,0.8303490877151489
YCR088W,YML072C,0,-5.288566,0.10779151320457458,1.0,0.8304491639137268
YER185W,YNL242W,0,-5.2886534,0.10777992755174637,1.0,0.8305491805076599
YKR003W,YNL273W,0,-5.289717,0.10776834934949875,1.0,0.830649197101593
YDR411C,YBL102W,0,-5.2906446,0.10775677114725113,1.0,0.8307492136955261
YDR489W,YER119C,0,-5.290909,0.10774519294500351,1.0,0.8308492302894592
YPR032W,YHL027W,0,-5.290973,0.10773362219333649,1.0,0.8309493064880371
YOR389W,YER164W,0,-5.29269,0.10772205144166946,1.0,0.8310493230819702
YJL002C,YLR166C,0,-5.293106,0.10771048069000244,1.0,0.8311493396759033
YGR281W,YBL084C,0,-5.2947454,0.10769891738891602,1.0,0.8312493562698364
YML085C,YLR389C,0,-5.295151,0.10768735408782959,1.0,0.8313494324684143
YLR050C,YLR265C,0,-5.2960634,0.10767579078674316,1.0,0.8314494490623474
YHR094C,YMR241W,0,-5.2965665,0.10766423493623734,1.0,0.8315494656562805
YML064C,YDR529C,0,-5.296794,0.1076526790857315,1.0,0.8316494822502136
YLR383W,YMR134W,0,-5.296859,0.10764112323522568,1.0,0.8317494988441467
YNL189W,YOR174W,0,-5.2973123,0.10762957483530045,1.0,0.8318495750427246
YPL159C,YIR009W,0,-5.297533,0.10761802643537521,1.0,0.8319495916366577
YDR285W,YNL121C,0,-5.297576,0.10760647803544998,1.0,0.8320496082305908
YLR128W,YPL111W,0,-5.2982097,0.10759493708610535,1.0,0.8321496248245239
YHR196W,YDR534C,0,-5.2984056,0.10758339613676071,1.0,0.8322497010231018
YNL329C,YIL010W,0,-5.299014,0.10757185518741608,1.0,0.8323497176170349
YFR019W,YGR092W,0,-5.299345,0.10756032168865204,1.0,0.832449734210968
YKL059C,YJL149W,0,-5.3006873,0.107548788189888,1.0,0.8325497508049011
YMR083W,YGR087C,0,-5.301192,0.10753725469112396,1.0,0.8326497673988342
YMR060C,YDR084C,0,-5.3014927,0.10752572864294052,1.0,0.8327498435974121
YML115C,YLR116W,0,-5.3015623,0.10751420259475708,1.0,0.8328498601913452
YNL128W,YDR050C,0,-5.301692,0.10750267654657364,1.0,0.8329498767852783
YIL026C,YNL307C,0,-5.3047667,0.1074911579489708,1.0,0.8330498933792114
YOR131C,YDL164C,0,-5.305401,0.10747963935136795,1.0,0.8331499695777893
YJR040W,YLR113W,0,-5.306892,0.1074681207537651,1.0,0.8332499861717224
YBR022W,YNL281W,0,-5.3088636,0.10745660960674286,1.0,0.8333500027656555
YER115C,YCL033C,0,-5.30931,0.10744509845972061,1.0,0.8334500193595886
YNL298W,YMR135C,0,-5.3101273,0.10743358731269836,1.0,0.8335500359535217
YPL112C,YDR130C,0,-5.3103876,0.10742208361625671,1.0,0.8336501121520996
YJL005W,YBR274W,0,-5.3105507,0.10741057991981506,1.0,0.8337501287460327
YHR023W,YAL024C,0,-5.3117385,0.10739907622337341,1.0,0.8338501453399658
YMR217W,YBR222C,0,-5.313196,0.10738757997751236,1.0,0.8339501619338989
YJL036W,YBR118W,0,-5.3136206,0.1073760837316513,1.0,0.8340502381324768
YGL232W,YNL222W,0,-5.3139963,0.10736458748579025,1.0,0.8341502547264099
YJL010C,YGR295C,0,-5.3144655,0.1073530986905098,1.0,0.834250271320343
YJL210W,YDR484W,0,-5.314954,0.10734160989522934,1.0,0.8343502879142761
YJL011C,YIL073C,0,-5.315239,0.10733012109994888,1.0,0.834450364112854
YEL062W,YDR219C,0,-5.3162518,0.10731863975524902,1.0,0.8345503807067871
YBR215W,YMR065W,0,-5.3163033,0.10730715841054916,1.0,0.8346503973007202
YBL016W,YML131W,0,-5.3164444,0.1072956770658493,1.0,0.8347504138946533
YDR180W,YLR205C,0,-5.3164835,0.10728420317173004,1.0,0.8348504304885864
YBR088C,YGR048W,0,-5.3166785,0.10727272927761078,1.0,0.8349505066871643
YNR020C,YCR075C,0,-5.316794,0.10726125538349152,1.0,0.8350505232810974
YDL007W,YLR050C,0,-5.3174124,0.10724978893995285,1.0,0.8351505398750305
YJL154C,YBL040C,0,-5.3186245,0.10723832249641418,1.0,0.8352505564689636
YDR436W,YNL289W,0,-5.3194156,0.10722685605287552,1.0,0.8353506326675415
YMR238W,YHR081W,0,-5.3199787,0.10721538960933685,1.0,0.8354506492614746
YDR051C,YPL212C,0,-5.320133,0.10720393061637878,1.0,0.8355506658554077
YDR523C,YOR217W,0,-5.321155,0.10719247907400131,1.0,0.8356506824493408
YBR290W,YMR266W,0,-5.3226767,0.10718102008104324,1.0,0.8357506990432739
YOR162C,YGL233W,0,-5.322835,0.10716956853866577,1.0,0.8358507752418518
YMR146C,YGL161C,0,-5.3255296,0.1071581169962883,1.0,0.8359507918357849
YJR066W,YGR166W,0,-5.326693,0.10714667290449142,1.0,0.836050808429718
YOR283W,YLR144C,0,-5.3267097,0.10713522881269455,1.0,0.8361508250236511
YCL050C,YDR387C,0,-5.3268147,0.10712378472089767,1.0,0.836250901222229
YPR196W,YDR267C,0,-5.327752,0.1071123480796814,1.0,0.8363509178161621
YLR240W,YLR109W,0,-5.32819,0.10710090398788452,1.0,0.8364509344100952
YKL178C,YPL030W,0,-5.3287015,0.10708947479724884,1.0,0.8365509510040283
YNL136W,YGR095C,0,-5.329343,0.10707803815603256,1.0,0.8366509675979614
YKL209C,YGL037C,0,-5.3304253,0.10706660896539688,1.0,0.8367510437965393
YDR415C,YMR203W,0,-5.3309374,0.1070551797747612,1.0,0.8368510603904724
YOR033C,YOR142W,0,-5.331191,0.10704375803470612,1.0,0.8369510769844055
YDR104C,YJL144W,0,-5.332998,0.10703233629465103,1.0,0.8370510935783386
YPL042C,YPL170W,0,-5.333089,0.10702091455459595,1.0,0.8371511697769165
YOL151W,YMR024W,0,-5.3335643,0.10700949281454086,1.0,0.8372511863708496
YCR081W,YIL132C,0,-5.334134,0.10699807852506638,1.0,0.8373512029647827
YIR028W,YDL168W,0,-5.334903,0.10698666423559189,1.0,0.8374512195587158
YDR034C,YBL011W,0,-5.3374987,0.106975257396698,1.0,0.8375512361526489
YML091C,YKL003C,0,-5.337824,0.10696385055780411,1.0,0.8376513123512268
YNL274C,YMR211W,0,-5.3382807,0.10695244371891022,1.0,0.8377513289451599
YOL103W,YBR139W,0,-5.339429,0.10694103688001633,1.0,0.837851345539093
YNL223W,YMR323W,0,-5.339901,0.10692963749170303,1.0,0.8379513621330261
YMR309C,YOR299W,0,-5.341106,0.10691823810338974,1.0,0.838051438331604
YDR378C,YPL195W,0,-5.34155,0.10690684616565704,1.0,0.8381514549255371
YOL093W,YOR039W,0,-5.341566,0.10689544677734375,1.0,0.8382514715194702
YLR213C,YGL135W,0,-5.342023,0.10688405483961105,1.0,0.8383514881134033
YOR321W,YKL180W,0,-5.3426623,0.10687267035245895,1.0,0.8384515643119812
YER068W,YMR268C,0,-5.342803,0.10686128586530685,1.0,0.8385515809059143
YBR228W,YMR169C,0,-5.342866,0.10684990137815475,1.0,0.8386515974998474
YPL273W,YJR010W,0,-5.3442326,0.10683851689100266,1.0,0.8387516140937805
YBR044C,YER184C,0,-5.344739,0.10682713985443115,1.0,0.8388516306877136
YEL015W,YKR001C,0,-5.3451424,0.10681576281785965,1.0,0.8389517068862915
YFL014W,YHR129C,0,-5.345536,0.10680438578128815,1.0,0.8390517234802246
YER061C,YER148W,0,-5.347143,0.10679301619529724,1.0,0.8391517400741577
YNL242W,YDR069C,0,-5.347931,0.10678164660930634,1.0,0.8392517566680908
YBR135W,YNL073W,0,-5.349028,0.10677027702331543,1.0,0.8393518328666687
YDR453C,YLR024C,0,-5.3493776,0.10675891488790512,1.0,0.8394518494606018
YPL078C,YPL016W,0,-5.3495913,0.10674755275249481,1.0,0.8395518660545349
YPR182W,YBR274W,0,-5.350505,0.1067361906170845,1.0,0.839651882648468
YJL219W,YPR020W,0,-5.3512278,0.10672483593225479,1.0,0.8397518992424011
YPL106C,YIL135C,0,-5.35127,0.10671348124742508,1.0,0.839851975440979
YIR017C,YGR106C,0,-5.3515706,0.10670212656259537,1.0,0.8399519920349121
YMR231W,YNL304W,0,-5.3517747,0.10669077932834625,1.0,0.8400520086288452
YCR014C,YJL062W,0,-5.352395,0.10667943209409714,1.0,0.8401520252227783
YLR174W,YGL017W,0,-5.3527102,0.10666808485984802,1.0,0.8402521014213562
YPL194W,YER003C,0,-5.3546705,0.1066567450761795,1.0,0.8403521180152893
YOR323C,YPL092W,0,-5.3552217,0.10664539784193039,1.0,0.8404521346092224
YGL201C,YDL022W,0,-5.356223,0.10663406550884247,1.0,0.8405521512031555
YAL058W,YBR179C,0,-5.357457,0.10662272572517395,1.0,0.8406521677970886
YER106W,YJR004C,0,-5.3577223,0.10661139339208603,1.0,0.8407522439956665
YPL181W,YJL063C,0,-5.3593736,0.10660006105899811,1.0,0.8408522605895996
YMR044W,YIL021W,0,-5.3614917,0.10658873617649078,1.0,0.8409522771835327
YJL052W,YER124C,0,-5.3619237,0.10657741129398346,1.0,0.8410522937774658
YPL046C,YOR257W,0,-5.36283,0.10656608641147614,1.0,0.8411523699760437
YMR309C,YGR096W,0,-5.363278,0.10655476152896881,1.0,0.8412523865699768
YOL100W,YPR159W,0,-5.3642397,0.10654344409704208,1.0,0.8413524031639099
YLR340W,YKL206C,0,-5.3643656,0.10653212666511536,1.0,0.841452419757843
YLL039C,YDR109C,0,-5.365164,0.10652081668376923,1.0,0.8415524363517761
YOR131C,YMR272C,0,-5.365488,0.1065095067024231,1.0,0.841652512550354
YER151C,YPL177C,0,-5.3680067,0.10649819672107697,1.0,0.8417525291442871
YPL271W,YAL033W,0,-5.368307,0.10648688673973083,1.0,0.8418525457382202
YKL156W,YNL127W,0,-5.3693504,0.1064755842089653,1.0,0.8419525623321533
YOR295W,YHR176W,0,-5.3699512,0.10646428167819977,1.0,0.8420526385307312
YDL108W,YNL283C,0,-5.3707848,0.10645297914743423,1.0,0.8421526551246643
YJL143W,YIL125W,0,-5.3715863,0.1064416840672493,1.0,0.8422526717185974
YHR016C,YOL019W,0,-5.3730574,0.10643038898706436,1.0,0.8423526883125305
YLR449W,YGR247W,0,-5.373956,0.10641910135746002,1.0,0.8424527645111084
YOR244W,YCR083W,0,-5.3744335,0.10640780627727509,1.0,0.8425527811050415
YEL009C,YDR047W,0,-5.3748727,0.10639651864767075,1.0,0.8426527976989746
YIR010W,YPL005W,0,-5.3749385,0.106385238468647,1.0,0.8427528142929077
YCL061C,YHR061C,0,-5.3759017,0.10637395083904266,1.0,0.8428528308868408
YFL013C,YKL137W,0,-5.3766565,0.10636267066001892,1.0,0.8429529070854187
YBR161W,YDR440W,0,-5.3781347,0.10635139793157578,1.0,0.8430529236793518
YNL307C,YDR144C,0,-5.3782263,0.10634011775255203,1.0,0.8431529402732849
YDR461W,YOR310C,0,-5.3784842,0.10632884502410889,1.0,0.843252956867218
YDR456W,YNL121C,0,-5.3791986,0.10631757229566574,1.0,0.8433530330657959
YPL155C,YNL270C,0,-5.379301,0.10630630701780319,1.0,0.843453049659729
YBR264C,YLR042C,0,-5.3793974,0.10629504173994064,1.0,0.8435530662536621
YPL094C,YOL075C,0,-5.3797455,0.1062837764620781,1.0,0.8436530828475952
YCR020C,YLR029C,0,-5.3799033,0.10627251863479614,1.0,0.8437530994415283
YLR246W,YCR087C-A,0,-5.380085,0.1062612533569336,1.0,0.8438531756401062
YOR089C,YMR285C,0,-5.380509,0.10625000298023224,1.0,0.8439531922340393
YOR069W,YHR047C,0,-5.3810034,0.10623874515295029,1.0,0.8440532088279724
YJR126C,YLR022C,0,-5.3812704,0.10622749477624893,1.0,0.8441532254219055
YOR155C,YLR095C,0,-5.3817797,0.10621624439954758,1.0,0.8442533016204834
YDL030W,YML037C,0,-5.382265,0.10620500147342682,1.0,0.8443533182144165
YLR291C,YBR077C,0,-5.3840036,0.10619375109672546,1.0,0.8444533348083496
YPL084W,YHR034C,0,-5.3842936,0.1061825081706047,1.0,0.8445533514022827
YGR010W,YDR519W,0,-5.384323,0.10617127269506454,1.0,0.8446533679962158
YOR301W,YML109W,0,-5.3847375,0.10616003721952438,1.0,0.8447534441947937
YLL038C,YFL002C,0,-5.387059,0.10614880174398422,1.0,0.8448534607887268
YDR073W,YGR275W,0,-5.388917,0.10613756626844406,1.0,0.8449534773826599
YPR023C,YDL112W,0,-5.390323,0.1061263382434845,1.0,0.845053493976593
YPL236C,YMR257C,0,-5.390664,0.10611511021852493,1.0,0.8451535701751709
YBR215W,YCL047C,0,-5.391306,0.10610388219356537,1.0,0.845253586769104
YIR035C,YEL020C,0,-5.392487,0.1060926616191864,1.0,0.8453536033630371
YOR187W,YEL058W,0,-5.393354,0.10608144104480743,1.0,0.8454536199569702
YIL143C,YLR170C,0,-5.3950977,0.10607022047042847,1.0,0.8455536365509033
YJL143W,YML030W,0,-5.395479,0.1060590073466301,1.0,0.8456537127494812
YGL212W,YLR132C,0,-5.3958125,0.10604778677225113,1.0,0.8457537293434143
YGL174W,YHR119W,0,-5.3961897,0.10603658109903336,1.0,0.8458537459373474
YLR100W,YBR002C,0,-5.3962245,0.10602536797523499,1.0,0.8459537625312805
YDL077C,YMR117C,0,-5.396632,0.10601416230201721,1.0,0.8460538387298584
YNL107W,YAL025C,0,-5.3983045,0.10600295662879944,1.0,0.8461538553237915
YLR286C,YML080W,0,-5.398677,0.10599175840616226,1.0,0.8462538719177246
YBR058C,YCR023C,0,-5.399845,0.10598056018352509,1.0,0.8463538885116577
YKL107W,YGL099W,0,-5.400031,0.10596936196088791,1.0,0.8464539647102356
YPR160W,YGR035C,0,-5.4011126,0.10595816373825073,1.0,0.8465539813041687
YLR026C,YGL054C,0,-5.4013457,0.10594697296619415,1.0,0.8466539978981018
YIL093C,YPL129W,0,-5.401641,0.10593578219413757,1.0,0.8467540144920349
YOR340C,YDL017W,0,-5.401971,0.10592459887266159,1.0,0.846854031085968
YCR089W,YDR387C,0,-5.402468,0.10591340810060501,1.0,0.8469541072845459
YGL250W,YPL148C,0,-5.4039273,0.10590222477912903,1.0,0.847054123878479
YGL223C,YNL121C,0,-5.4045997,0.10589104890823364,1.0,0.8471541404724121
YDL055C,YNL008C,0,-5.4051313,0.10587986558675766,1.0,0.8472541570663452
YBR171W,YPL274W,0,-5.4064794,0.10586868971586227,1.0,0.8473542332649231
YPL083C,YJR057W,0,-5.407588,0.10585752129554749,1.0,0.8474542498588562
YOR094W,YOR071C,0,-5.4089336,0.1058463454246521,1.0,0.8475542664527893
YMR176W,YLR229C,0,-5.409766,0.10583517700433731,1.0,0.8476542830467224
YLR330W,YDR404C,0,-5.4105654,0.10582401603460312,1.0,0.8477542996406555
YDL138W,YPL265W,0,-5.411019,0.10581284761428833,1.0,0.8478543758392334
YBL103C,YDR454C,0,-5.411292,0.10580168664455414,1.0,0.8479543924331665
YDL104C,YGL124C,0,-5.4145823,0.10579052567481995,1.0,0.8480544090270996
YLR291C,YDR051C,0,-5.416255,0.10577937215566635,1.0,0.8481544256210327
YBL017C,YCR096C,0,-5.416625,0.10576821863651276,1.0,0.8482545018196106
YHR104W,YIL070C,0,-5.419125,0.10575706511735916,1.0,0.8483545184135437
YOR073W,YDR186C,0,-5.4196763,0.10574591159820557,1.0,0.8484545350074768
YDR221W,YFL050C,0,-5.421723,0.10573476552963257,1.0,0.8485545516014099
YLR105C,YIL143C,0,-5.422482,0.10572361946105957,1.0,0.848654568195343
YDR411C,YFL044C,0,-5.422575,0.10571248084306717,1.0,0.8487546443939209
YJL052W,YOR066W,0,-5.4231367,0.10570133477449417,1.0,0.848854660987854
YGR023W,YDR169C,0,-5.424391,0.10569020360708237,1.0,0.8489546775817871
YMR099C,YOR073W,0,-5.426157,0.10567906498908997,1.0,0.8490546941757202
YMR135C,YPL015C,0,-5.427285,0.10566793382167816,1.0,0.8491547703742981
YAR003W,YNR040W,0,-5.427353,0.10565680265426636,1.0,0.8492547869682312
YAL054C,YMR314W,0,-5.4274263,0.10564567148685455,1.0,0.8493548035621643
YMR162C,YER094C,0,-5.427611,0.10563454777002335,1.0,0.8494548201560974
YLR275W,YMR236W,0,-5.428174,0.10562342405319214,1.0,0.8495548367500305
YKL218C,YML012W,0,-5.4282,0.10561230033636093,1.0,0.8496549129486084
YKL055C,YJR059W,0,-5.4284515,0.10560117661952972,1.0,0.8497549295425415
YGL201C,YDR247W,0,-5.428544,0.10559006035327911,1.0,0.8498549461364746
YNL172W,YMR169C,0,-5.4287596,0.1055789440870285,1.0,0.8499549627304077
YGR076C,YPR094W,0,-5.429291,0.10556783527135849,1.0,0.8500550389289856
YKL095W,YLR113W,0,-5.4295893,0.10555672645568848,1.0,0.8501550555229187
YOR131C,YIL016W,0,-5.4329505,0.10554561764001846,1.0,0.8502550721168518
YLL036C,YOR261C,0,-5.43524,0.10553450882434845,1.0,0.8503550887107849
YGL060W,YDR119W,0,-5.435961,0.10552340745925903,1.0,0.8504551649093628
YIL105C,YOR299W,0,-5.4373684,0.10551230609416962,1.0,0.8505551815032959
YLR116W,YMR139W,0,-5.4379387,0.1055012121796608,1.0,0.850655198097229
YFL029C,YFL008W,0,-5.438464,0.10549011081457138,1.0,0.8507552146911621
YAR007C,YPL268W,0,-5.4384713,0.10547901690006256,1.0,0.8508552312850952
YEL004W,YIL026C,0,-5.4394655,0.10546793043613434,1.0,0.8509553074836731
YPL214C,YKL078W,0,-5.439623,0.10545683652162552,1.0,0.8510553240776062
YER025W,YLL010C,0,-5.439662,0.1054457500576973,1.0,0.8511553406715393
YDR242W,YLR088W,0,-5.440802,0.10543467104434967,1.0,0.8512553572654724
YJR066W,YMR060C,0,-5.4419265,0.10542358458042145,1.0,0.8513554334640503
YDL077C,YBR258C,0,-5.442521,0.10541250556707382,1.0,0.8514554500579834
YHR188C,YJR031C,0,-5.4429502,0.1054014265537262,1.0,0.8515554666519165
YLR192C,YNL223W,0,-5.443009,0.10539035499095917,1.0,0.8516554832458496
YMR137C,YJL004C,0,-5.443028,0.10537928342819214,1.0,0.8517554998397827
YOR382W,YJL024C,0,-5.4443107,0.10536821186542511,1.0,0.8518555760383606
YHR156C,YMR223W,0,-5.445019,0.10535714030265808,1.0,0.8519555926322937
YER164W,YPL087W,0,-5.446322,0.10534607619047165,1.0,0.8520556092262268
YNR069C,YDR404C,0,-5.4464836,0.10533501207828522,1.0,0.8521556258201599
YOL156W,YNR035C,0,-5.447671,0.10532395541667938,1.0,0.8522557020187378
YLR423C,YCR087C-A,0,-5.4478827,0.10531289130449295,1.0,0.8523557186126709
YPL022W,YKR002W,0,-5.448054,0.10530183464288712,1.0,0.852455735206604
YJL154C,YPR165W,0,-5.448572,0.10529078543186188,1.0,0.8525557518005371
YDR117C,YOL075C,0,-5.4488516,0.10527972877025604,1.0,0.8526557683944702
YLR157C,YCR087C-A,0,-5.450094,0.1052686795592308,1.0,0.8527558445930481
YPR060C,YOR035C,0,-5.452305,0.10525763779878616,1.0,0.8528558611869812
YBR172C,YMR311C,0,-5.452427,0.10524658858776093,1.0,0.8529558777809143
YHL002W,YJR134C,0,-5.4526863,0.10523554682731628,1.0,0.8530558943748474
YKL171W,YOR153W,0,-5.4527016,0.10522450506687164,1.0,0.8531559705734253
YMR214W,YNL077W,0,-5.453103,0.1052134707570076,1.0,0.8532559871673584
YPL024W,YDL202W,0,-5.4538665,0.10520243644714355,1.0,0.8533560037612915
YJR126C,YML069W,0,-5.454192,0.10519140213727951,1.0,0.8534560203552246
YHL022C,YDL040C,0,-5.4546633,0.10518036782741547,1.0,0.8535560965538025
YIR005W,YGL209W,0,-5.4560194,0.10516934096813202,1.0,0.8536561131477356
YHL018W,YFL034C-B,0,-5.4571037,0.10515831410884857,1.0,0.8537561297416687
YLR148W,YBR059C,0,-5.4572554,0.10514728724956512,1.0,0.8538561463356018
YIL109C,YPL214C,0,-5.4612007,0.10513626784086227,1.0,0.8539561629295349
YHR091C,YBL102W,0,-5.461357,0.10512524843215942,1.0,0.8540562391281128
YMR176W,YLR336C,0,-5.4620304,0.10511422902345657,1.0,0.8541562557220459
YOR188W,YGR002C,0,-5.462718,0.10510321706533432,1.0,0.854256272315979
YGR277C,YMR188C,0,-5.4627934,0.10509220510721207,1.0,0.8543562889099121
YDR174W,YMR302C,0,-5.4637413,0.10508119314908981,1.0,0.85445636510849
YKL008C,YHR186C,0,-5.463855,0.10507018864154816,1.0,0.8545563817024231
YML110C,YDR443C,0,-5.4642763,0.1050591841340065,1.0,0.8546563982963562
YGL163C,YDR293C,0,-5.46434,0.10504817962646484,1.0,0.8547564148902893
YER157W,YDL054C,0,-5.4648857,0.10503717511892319,1.0,0.8548564314842224
YNL280C,YLR095C,0,-5.465126,0.10502617806196213,1.0,0.8549565076828003
YDL129W,YER168C,0,-5.4682827,0.10501518100500107,1.0,0.8550565242767334
YGR065C,YKL189W,0,-5.4687386,0.10500418394804001,1.0,0.8551565408706665
YMR202W,YMR250W,0,-5.4706936,0.10499319434165955,1.0,0.8552565574645996
YML111W,YFL034C-B,0,-5.471599,0.10498220473527908,1.0,0.8553566336631775
YGL229C,YDL042C,0,-5.4728956,0.10497122257947922,1.0,0.8554566502571106
YDR376W,YDR403W,0,-5.4740515,0.10496023297309875,1.0,0.8555566668510437
YOR187W,YFL055W,0,-5.4742,0.10494925081729889,1.0,0.8556566834449768
YAL062W,YGR258C,0,-5.4747233,0.10493826866149902,1.0,0.8557567000389099
YMR172W,YDR056C,0,-5.4767847,0.10492729395627975,1.0,0.8558567762374878
YMR029C,YDL058W,0,-5.477223,0.10491631925106049,1.0,0.8559567928314209
YBR156C,YPL268W,0,-5.479032,0.10490534454584122,1.0,0.856056809425354
YLR419W,YKR102W,0,-5.4796762,0.10489436984062195,1.0,0.8561568260192871
YBR024W,YCR033W,0,-5.4814453,0.10488340258598328,1.0,0.856256902217865
YLR390W,YDR069C,0,-5.483327,0.1048724353313446,1.0,0.8563569188117981
YDR139C,YJL204C,0,-5.4835668,0.10486147552728653,1.0,0.8564569354057312
YLR301W,YGL183C,0,-5.484777,0.10485051572322845,1.0,0.8565569519996643
YMR165C,YAL025C,0,-5.484873,0.10483955591917038,1.0,0.8566569685935974
YDR362C,YNL327W,0,-5.4849324,0.1048285961151123,1.0,0.8567570447921753
YOL111C,YJR090C,0,-5.4862585,0.10481764376163483,1.0,0.8568570613861084
YKL095W,YNL096C,0,-5.4878407,0.10480668395757675,1.0,0.8569570779800415
YMR004W,YML074C,0,-5.4900627,0.10479573905467987,1.0,0.8570570945739746
YBL023C,YNL147W,0,-5.4919777,0.10478478670120239,1.0,0.8571571707725525
YEL040W,YPL033C,0,-5.4921107,0.10477384179830551,1.0,0.8572571873664856
YPR113W,YHR002W,0,-5.492141,0.10476289689540863,1.0,0.8573572039604187
YDL008W,YPL274W,0,-5.4922976,0.10475195944309235,1.0,0.8574572205543518
YMR049C,YPR094W,0,-5.492726,0.10474102199077606,1.0,0.8575572967529297
YFR015C,YPL269W,0,-5.4931364,0.10473008453845978,1.0,0.8576573133468628
YHL044W,YCR077C,0,-5.493694,0.1047191470861435,1.0,0.8577573299407959
YNL154C,YMR204C,0,-5.4959335,0.1047082170844078,1.0,0.857857346534729
YBR159W,YPR083W,0,-5.497426,0.10469728708267212,1.0,0.8579573631286621
YMR044W,YCL057W,0,-5.498321,0.10468635708093643,1.0,0.85805743932724
YKL090W,YDL078C,0,-5.5007925,0.10467543452978134,1.0,0.8581574559211731
YJL102W,YNL217W,0,-5.5014505,0.10466451197862625,1.0,0.8582574725151062
YBR129C,YBL023C,0,-5.504034,0.10465358942747116,1.0,0.8583574891090393
YPL147W,YNL177C,0,-5.505866,0.10464267432689667,1.0,0.8584575653076172
YLR026C,YGL161C,0,-5.5070314,0.10463175177574158,1.0,0.8585575819015503
YHR117W,YBR235W,0,-5.507303,0.10462084412574768,1.0,0.8586575984954834
YDR358W,YDR347W,0,-5.5076504,0.10460992902517319,1.0,0.8587576150894165
YOR131C,YJR005W,0,-5.508444,0.10459902137517929,1.0,0.8588576316833496
YDR233C,YKL119C,0,-5.508521,0.1045881137251854,1.0,0.8589577078819275
YLR268W,YER098W,0,-5.509905,0.1045772060751915,1.0,0.8590577244758606
YDL147W,YOR269W,0,-5.5105886,0.1045663058757782,1.0,0.8591577410697937
YDR216W,YGR186W,0,-5.510708,0.1045554056763649,1.0,0.8592577576637268
YML095C,YOL067C,0,-5.5107107,0.1045445054769516,1.0,0.8593578338623047
YIL074C,YGR002C,0,-5.5108137,0.1045336127281189,1.0,0.8594578504562378
YNL072W,YML097C,0,-5.5122323,0.1045227199792862,1.0,0.8595578670501709
YIL095W,YKL168C,0,-5.5125656,0.10451182723045349,1.0,0.859657883644104
YPL237W,YBL098W,0,-5.514246,0.10450093448162079,1.0,0.8597579002380371
YCR026C,YOL072W,0,-5.5148034,0.10449004918336868,1.0,0.859857976436615
YJL194W,YHL024W,0,-5.5175867,0.10447916388511658,1.0,0.8599579930305481
YMR193W,YIL072W,0,-5.517959,0.10446828603744507,1.0,0.8600580096244812
YPR075C,YPR001W,0,-5.518675,0.10445740818977356,1.0,0.8601580262184143
YJR004C,YAL033W,0,-5.518895,0.10444653034210205,1.0,0.8602581024169922
YGR104C,YDR238C,0,-5.519597,0.10443565249443054,1.0,0.8603581190109253
YOR030W,YFL008W,0,-5.5202713,0.10442478209733963,1.0,0.8604581356048584
YKL101W,YLR077W,0,-5.522644,0.10441390424966812,1.0,0.8605581521987915
YJL081C,YHR200W,0,-5.524237,0.1044030413031578,1.0,0.8606581687927246
YJL118W,YDL025C,0,-5.531027,0.1043921709060669,1.0,0.8607582449913025
YDR263C,YDR483W,0,-5.531413,0.10438130795955658,1.0,0.8608582615852356
YMR006C,YKL217W,0,-5.531658,0.10437044501304626,1.0,0.8609582781791687
YLR343W,YER065C,0,-5.5319433,0.10435958951711655,1.0,0.8610582947731018
YMR150C,YOR092W,0,-5.5361156,0.10434873402118683,1.0,0.8611583709716797
YOL091W,YER019W,0,-5.5367703,0.10433787852525711,1.0,0.8612583875656128
YOR030W,YPL085W,0,-5.5385437,0.10432702302932739,1.0,0.8613584041595459
YNR031C,YBL061C,0,-5.5390873,0.10431617498397827,1.0,0.861458420753479
YKL222C,YNL258C,0,-5.53913,0.10430532693862915,1.0,0.8615584969520569
YKL222C,YKR092C,0,-5.54239,0.10429447889328003,1.0,0.86165851354599
YDR043C,YGL172W,0,-5.5430145,0.1042836382985115,1.0,0.8617585301399231
YBR072W,YMR216C,0,-5.5434217,0.10427279025316238,1.0,0.8618585467338562
YNL227C,YBR129C,0,-5.543807,0.10426195710897446,1.0,0.8619585633277893
YDL104C,YMR197C,0,-5.5438194,0.10425111651420593,1.0,0.8620586395263672
YGR089W,YBR237W,0,-5.5454516,0.104240283370018,1.0,0.8621586561203003
YOR100C,YOR070C,0,-5.5465,0.10422945022583008,1.0,0.8622586727142334
YIL168W,YDR013W,0,-5.5468893,0.10421861708164215,1.0,0.8623586893081665
YDL015C,YIL143C,0,-5.547513,0.10420779138803482,1.0,0.8624587655067444
YIR033W,YLR105C,0,-5.5495996,0.10419696569442749,1.0,0.8625587821006775
YPR152C,YIL150C,0,-5.5521803,0.10418614000082016,1.0,0.8626587986946106
YGL086W,YHL016C,0,-5.553575,0.10417532175779343,1.0,0.8627588152885437
YGR292W,YGR052W,0,-5.554496,0.1041645035147667,1.0,0.8628588318824768
YDL170W,YNL080C,0,-5.554502,0.10415368527173996,1.0,0.8629589080810547
YGR134W,YDR001C,0,-5.5554514,0.10414287447929382,1.0,0.8630589246749878
YDR055W,YIL015W,0,-5.556805,0.10413205623626709,1.0,0.8631589412689209
YIL122W,YML032C,0,-5.5569525,0.10412125289440155,1.0,0.863258957862854
YLR133W,YJR060W,0,-5.5580864,0.10411044210195541,1.0,0.8633590340614319
YML065W,YBR260C,0,-5.558914,0.10409963876008987,1.0,0.863459050655365
YLL052C,YBR192W,0,-5.5590267,0.10408883541822433,1.0,0.8635590672492981
YJR066W,YPR113W,0,-5.560275,0.1040780320763588,1.0,0.8636590838432312
YLR265C,YOR311C,0,-5.5608826,0.10406723618507385,1.0,0.8637591004371643
YGL168W,YDR107C,0,-5.562086,0.10405644029378891,1.0,0.8638591766357422
YGR215W,YDR362C,0,-5.56405,0.10404564440250397,1.0,0.8639591932296753
YMR168C,YOL017W,0,-5.5652056,0.10403484851121902,1.0,0.8640592098236084
YDR205W,YGR220C,0,-5.5656776,0.10402406007051468,1.0,0.8641592264175415
YLL011W,YJL081C,0,-5.5658216,0.10401327162981033,1.0,0.8642593026161194
YDR221W,YCR096C,0,-5.5682554,0.10400249063968658,1.0,0.8643593192100525
YJR098C,YLR154C,0,-5.56882,0.10399170219898224,1.0,0.8644593358039856
YPL223C,YJL006C,0,-5.5691023,0.10398092120885849,1.0,0.8645593523979187
YAL062W,YIR010W,0,-5.5695105,0.10397014766931534,1.0,0.8646593689918518
YDL215C,YDR113C,0,-5.569661,0.10395936667919159,1.0,0.8647594451904297
YOR133W,YFL024C,0,-5.5703597,0.10394859313964844,1.0,0.8648594617843628
YJR155W,YPL009C,0,-5.5706472,0.10393782705068588,1.0,0.8649594783782959
YJL210W,YJR099W,0,-5.5709476,0.10392705351114273,1.0,0.865059494972229
YNL188W,YOR288C,0,-5.5710874,0.10391628742218018,1.0,0.8651595711708069
YML015C,YGL090W,0,-5.5713587,0.10390552133321762,1.0,0.86525958776474
YJL044C,YML006C,0,-5.572842,0.10389475524425507,1.0,0.8653596043586731
YBL022C,YDL142C,0,-5.5729246,0.10388399660587311,1.0,0.8654596209526062
YGR215W,YGL010W,0,-5.573038,0.10387323796749115,1.0,0.8655596971511841
YGR108W,YPR083W,0,-5.5745296,0.10386248677968979,1.0,0.8656597137451172
YLR219W,YJL080C,0,-5.5754833,0.10385172814130783,1.0,0.8657597303390503
YGR209C,YGL062W,0,-5.5758924,0.10384097695350647,1.0,0.8658597469329834
YIR005W,YJL204C,0,-5.577087,0.10383022576570511,1.0,0.8659597635269165
YJL210W,YJL123C,0,-5.577505,0.10381948202848434,1.0,0.8660598397254944
YDL168W,YNL222W,0,-5.5786285,0.10380873829126358,1.0,0.8661598563194275
YGR281W,YDR180W,0,-5.579064,0.10379799455404282,1.0,0.8662598729133606
YGL226C-A,YDR368W,0,-5.5793424,0.10378725081682205,1.0,0.8663598895072937
YJR040W,YLR109W,0,-5.580435,0.10377651453018188,1.0,0.8664599657058716
YKR010C,YDR162C,0,-5.580506,0.10376577824354172,1.0,0.8665599822998047
YER185W,YNL219C,0,-5.5816894,0.10375504195690155,1.0,0.8666599988937378
YCR003W,YDL103C,0,-5.583456,0.10374431312084198,1.0,0.8667600154876709
YMR014W,YER174C,0,-5.585083,0.10373358428478241,1.0,0.866860032081604
YHR036W,YBR203W,0,-5.5876923,0.10372285544872284,1.0,0.8669601082801819
YML085C,YNL073W,0,-5.5885863,0.10371212661266327,1.0,0.867060124874115
YKL018W,YER054C,0,-5.5899496,0.1037014052271843,1.0,0.8671601414680481
YPR033C,YNL323W,0,-5.590234,0.10369068384170532,1.0,0.8672601580619812
YOR176W,YAL055W,0,-5.5915284,0.10367996990680695,1.0,0.8673602342605591
YHR004C,YLR295C,0,-5.5917997,0.10366924852132797,1.0,0.8674602508544922
YCR046C,YPR111W,0,-5.5931854,0.1036585345864296,1.0,0.8675602674484253
YBL093C,YNL314W,0,-5.5933113,0.10364782810211182,1.0,0.8676602840423584
YMR020W,YAL023C,0,-5.5937595,0.10363711416721344,1.0,0.8677603006362915
YDR389W,YDR260C,0,-5.5975733,0.10362640768289566,1.0,0.8678603768348694
YDL127W,YBL057C,0,-5.5977287,0.10361570119857788,1.0,0.8679603934288025
YLR329W,YLR286C,0,-5.598015,0.1036050021648407,1.0,0.8680604100227356
YMR166C,YBR229C,0,-5.59813,0.10359429568052292,1.0,0.8681604266166687
YBR281C,YFR021W,0,-5.6033654,0.10358359664678574,1.0,0.8682605028152466
YOL062C,YBR126C,0,-5.604143,0.10357290506362915,1.0,0.8683605194091797
YIL065C,YEL061C,0,-5.6053877,0.10356220602989197,1.0,0.8684605360031128
YOR077W,YML007W,0,-5.6059103,0.10355151444673538,1.0,0.8685605525970459
YLR145W,YJL203W,0,-5.6071224,0.1035408303141594,1.0,0.868660569190979
YPL149W,YMR268C,0,-5.6074095,0.10353013873100281,1.0,0.8687606453895569
YJL053W,YPL237W,0,-5.611262,0.10351945459842682,1.0,0.86886066198349
YCL032W,YKR080W,0,-5.6115584,0.10350877046585083,1.0,0.8689606785774231
YHR216W,YFL057C,0,-5.612244,0.10349809378385544,1.0,0.8690606951713562
YER106W,YLL027W,0,-5.6126766,0.10348740965127945,1.0,0.8691607713699341
YBR088C,YMR088C,0,-5.6126986,0.10347673296928406,1.0,0.8692607879638672
YGR128C,YJL128C,0,-5.612713,0.10346606373786926,1.0,0.8693608045578003
YPR011C,YPL084W,0,-5.6148605,0.10345538705587387,1.0,0.8694608211517334
YMR039C,YER119C,0,-5.6148953,0.10344471782445908,1.0,0.8695608973503113
YOR304W,YKR090W,0,-5.6163454,0.10343404859304428,1.0,0.8696609139442444
YOR194C,YDL017W,0,-5.617436,0.10342338681221008,1.0,0.8697609305381775
YAL013W,YCR028C,0,-5.61769,0.10341272503137589,1.0,0.8698609471321106
YFR015C,YFR019W,0,-5.618039,0.10340206325054169,1.0,0.8699609637260437
YOR338W,YKL096W-A,0,-5.6181192,0.10339140146970749,1.0,0.8700610399246216
YPR043W,YER130C,0,-5.6191564,0.10338074713945389,1.0,0.8701610565185547
YGR098C,YOL013C,0,-5.619703,0.10337009280920029,1.0,0.8702610731124878
YMR058W,YGL095C,0,-5.6198616,0.10335943847894669,1.0,0.8703610897064209
YKL061W,YDR238C,0,-5.619973,0.10334879159927368,1.0,0.8704611659049988
YLR047C,YNL146W,0,-5.621197,0.10333814471960068,1.0,0.8705611824989319
YMR150C,YLR219W,0,-5.622,0.10332749783992767,1.0,0.870661199092865
YNL213C,YLL042C,0,-5.622203,0.10331685096025467,1.0,0.8707612156867981
YLR157C,YBL082C,0,-5.6229315,0.10330621153116226,1.0,0.8708612322807312
YIR035C,YMR309C,0,-5.624935,0.10329557210206985,1.0,0.8709613084793091
YMR240C,YDL193W,0,-5.625017,0.10328493267297745,1.0,0.8710613250732422
YOL138C,YGL161C,0,-5.62549,0.10327430069446564,1.0,0.8711613416671753
YMR116C,YDR400W,0,-5.626154,0.10326366871595383,1.0,0.8712613582611084
YOR073W,YJL153C,0,-5.6262574,0.10325303673744202,1.0,0.8713614344596863
YMR297W,YPL090C,0,-5.627617,0.1032424122095108,1.0,0.8714614510536194
YER075C,YPR056W,0,-5.6288776,0.10323178023099899,1.0,0.8715614676475525
YDL006W,YDR512C,0,-5.6293726,0.10322115570306778,1.0,0.8716614842414856
YDL198C,YDR196C,0,-5.6304035,0.10321053862571716,1.0,0.8717615008354187
YJL136C,YMR034C,0,-5.631357,0.10319991409778595,1.0,0.8718615770339966
YNL097C,YDR334W,0,-5.6318502,0.10318929702043533,1.0,0.8719615936279297
YMR115W,YML115C,0,-5.6320753,0.10317868739366531,1.0,0.8720616102218628
YOL115W,YLR433C,0,-5.6341987,0.1031680703163147,1.0,0.8721616268157959
YPL022W,YBL097W,0,-5.635377,0.10315746068954468,1.0,0.8722617030143738
YPL163C,YOR295W,0,-5.636172,0.10314685106277466,1.0,0.8723617196083069
YEL037C,YGL065C,0,-5.6368413,0.10313624888658524,1.0,0.87246173620224
YGL251C,YCR024C-A,0,-5.6376047,0.10312563925981522,1.0,0.8725617527961731
YDL165W,YGL023C,0,-5.638088,0.1031150370836258,1.0,0.8726617693901062
YER154W,YPR186C,0,-5.6384573,0.10310444235801697,1.0,0.8727618455886841
YOL006C,YDL010W,0,-5.6388254,0.10309384018182755,1.0,0.8728618621826172
YBR229C,YDR473C,0,-5.6394186,0.10308324545621872,1.0,0.8729618787765503
YMR075W,YDR338C,0,-5.64042,0.1030726507306099,1.0,0.8730618953704834
YNL160W,YDR302W,0,-5.642023,0.10306206345558167,1.0,0.8731619715690613
YKL090W,YLR008C,0,-5.642726,0.10305147618055344,1.0,0.8732619881629944
YBR008C,YPL023C,0,-5.643985,0.10304088890552521,1.0,0.8733620047569275
YGR063C,YGL223C,0,-5.645012,0.10303030163049698,1.0,0.8734620213508606
YML074C,YGR172C,0,-5.645506,0.10301972180604935,1.0,0.8735620975494385
YIR021W,YOL068C,0,-5.6456013,0.10300914198160172,1.0,0.8736621141433716
YOR361C,YNR026C,0,-5.6462784,0.10299856215715408,1.0,0.8737621307373047
YKR046C,YOR265W,0,-5.6465797,0.10298798978328705,1.0,0.8738621473312378
YGR200C,YJL053W,0,-5.6472435,0.10297740995883942,1.0,0.8739621639251709
YFR019W,YML012W,0,-5.647387,0.10296683758497238,1.0,0.8740622401237488
YCR014C,YGR006W,0,-5.648587,0.10295627266168594,1.0,0.8741622567176819
YJL106W,YHR092C,0,-5.6494517,0.1029457077383995,1.0,0.874262273311615
YDL059C,YKL003C,0,-5.6527596,0.10293514281511307,1.0,0.8743622899055481
YOR338W,YJL138C,0,-5.6543074,0.10292457789182663,1.0,0.874462366104126
YOR215C,YOR367W,0,-5.655142,0.10291401296854019,1.0,0.8745623826980591
YOR378W,YDR086C,0,-5.655488,0.10290345549583435,1.0,0.8746623992919922
YGL099W,YPL194W,0,-5.656027,0.10289289802312851,1.0,0.8747624158859253
YIR028W,YJL104W,0,-5.6568656,0.10288234800100327,1.0,0.8748624324798584
YOR075W,YMR116C,0,-5.6573176,0.10287179797887802,1.0,0.8749625086784363
YOR233W,YML132W,0,-5.657749,0.10286124795675278,1.0,0.8750625252723694
YHR168W,YER054C,0,-5.659211,0.10285069793462753,1.0,0.8751625418663025
YKL180W,YKL146W,0,-5.6605935,0.10284015536308289,1.0,0.8752625584602356
YNL077W,YEL077C,0,-5.6637692,0.10282960534095764,1.0,0.8753626346588135
YLL061W,YBR204C,0,-5.6639676,0.10281907021999359,1.0,0.8754626512527466
YIL117C,YKR035W-A,0,-5.6648855,0.10280852764844894,1.0,0.8755626678466797
YJR068W,YMR087W,0,-5.6705933,0.1027979925274849,1.0,0.8756626844406128
YOR036W,YGR033C,0,-5.6712317,0.10278745740652084,1.0,0.8757627010345459
YKL090W,YLR283W,0,-5.672881,0.1027769222855568,1.0,0.8758627772331238
YBL082C,YGL160W,0,-5.674876,0.10276639461517334,1.0,0.8759627938270569
YMR296C,YIL168W,0,-5.677451,0.10275586694478989,1.0,0.87606281042099
YER153C,YML034W,0,-5.6791797,0.10274533927440643,1.0,0.8761628270149231
YJL123C,YIL035C,0,-5.679887,0.10273481160402298,1.0,0.876262903213501
YAL024C,YAL063C,0,-5.6830244,0.10272429138422012,1.0,0.8763629198074341
YGL172W,YJR005W,0,-5.685444,0.10271377116441727,1.0,0.8764629364013672
YDL246C,YNR017W,0,-5.686013,0.10270325839519501,1.0,0.8765629529953003
YML118W,YOR226C,0,-5.6888256,0.10269273817539215,1.0,0.8766629695892334
YOL082W,YNL149C,0,-5.689679,0.10268222540616989,1.0,0.8767630457878113
YJL194W,YHR079C,0,-5.6901164,0.10267172008752823,1.0,0.8768630623817444
YLR441C,YIL002C,0,-5.6901326,0.10266120731830597,1.0,0.8769630789756775
YKL130C,YCL038C,0,-5.690277,0.1026507019996643,1.0,0.8770630955696106
YDL198C,YER054C,0,-5.6914287,0.10264019668102264,1.0,0.8771631717681885
YDR532C,YPR118W,0,-5.6932745,0.10262969136238098,1.0,0.8772631883621216
YDR530C,YAL058W,0,-5.6953335,0.10261919349431992,1.0,0.8773632049560547
YDL044C,YML052W,0,-5.695465,0.10260869562625885,1.0,0.8774632215499878
YDL015C,YDR156W,0,-5.695693,0.10259819775819778,1.0,0.8775632977485657
YPR125W,YGR239C,0,-5.6962214,0.10258770734071732,1.0,0.8776633143424988
YGR189C,YDL055C,0,-5.697122,0.10257721692323685,1.0,0.8777633309364319
YML008C,YJR065C,0,-5.697646,0.10256672650575638,1.0,0.877863347530365
YMR119W,YMR319C,0,-5.699348,0.10255623608827591,1.0,0.8779633641242981
YHR026W,YJL128C,0,-5.70079,0.10254575312137604,1.0,0.878063440322876
YLR242C,YBR154C,0,-5.701726,0.10253527015447617,1.0,0.8781634569168091
YOR205C,YER119C,0,-5.7023826,0.1025247871875763,1.0,0.8782634735107422
YKL176C,YIL109C,0,-5.703087,0.10251431167125702,1.0,0.8783634901046753
YGL147C,YDR481C,0,-5.7045794,0.10250382870435715,1.0,0.8784635663032532
YPL131W,YOR303W,0,-5.705377,0.10249336063861847,1.0,0.8785635828971863
YPR196W,YOR243C,0,-5.7059093,0.1024828851222992,1.0,0.8786635994911194
YDR240C,YHR062C,0,-5.706969,0.10247241705656052,1.0,0.8787636160850525
YMR093W,YIR007W,0,-5.707164,0.10246194899082184,1.0,0.8788636326789856
YNR044W,YJL091C,0,-5.707799,0.10245148092508316,1.0,0.8789637088775635
YKL167C,YOR239W,0,-5.709447,0.10244102030992508,1.0,0.8790637254714966
YKR101W,YAL024C,0,-5.7095947,0.1024305522441864,1.0,0.8791637420654297
YAL060W,YBR251W,0,-5.711694,0.10242009907960892,1.0,0.8792637586593628
YOR067C,YMR316W,0,-5.712,0.10240963846445084,1.0,0.8793638348579407
YLL038C,YHR067W,0,-5.7133813,0.10239918529987335,1.0,0.8794638514518738
YIL002C,YLR423C,0,-5.714919,0.10238873213529587,1.0,0.8795638680458069
YBR278W,YIR002C,0,-5.716536,0.10237827897071838,1.0,0.87966388463974
YDR387C,YKR054C,0,-5.7167573,0.1023678332567215,1.0,0.8797639012336731
YIL094C,YJL093C,0,-5.719884,0.10235738009214401,1.0,0.879863977432251
YMR224C,YDR373W,0,-5.7209415,0.10234694182872772,1.0,0.8799639940261841
YPR186C,YCL008C,0,-5.721243,0.10233649611473083,1.0,0.8800640106201172
YPL081W,YGR092W,0,-5.721989,0.10232605785131454,1.0,0.8801640272140503
YIL105C,YDL193W,0,-5.72377,0.10231561958789825,1.0,0.8802641034126282
YDR006C,YLR088W,0,-5.723915,0.10230518132448196,1.0,0.8803641200065613
YBL093C,YBR207W,0,-5.7240477,0.10229475051164627,1.0,0.8804641366004944
YMR293C,YLR095C,0,-5.7263823,0.10228431224822998,1.0,0.8805641531944275
YNL262W,YBR274W,0,-5.7264047,0.10227388888597488,1.0,0.8806641697883606
YHR101C,YEL013W,0,-5.7264485,0.10226345807313919,1.0,0.8807642459869385
YGL040C,YAL063C,0,-5.7296658,0.1022530347108841,1.0,0.8808642625808716
YOR149C,YNL315C,0,-5.7296734,0.102242611348629,1.0,0.8809642791748047
YOL060C,YAL035W,0,-5.7315207,0.1022321879863739,1.0,0.8810642957687378
YML065W,YDL147W,0,-5.732795,0.1022217720746994,1.0,0.8811643719673157
YBR296C,YPR152C,0,-5.733921,0.1022113487124443,1.0,0.8812643885612488
YOL151W,YER120W,0,-5.7352138,0.1022009402513504,1.0,0.8813644051551819
YBR234C,YPL269W,0,-5.736463,0.1021905243396759,1.0,0.881464421749115
YBR183W,YNL152W,0,-5.737031,0.102180115878582,1.0,0.8815644979476929
YBR231C,YKL113C,0,-5.7390494,0.1021697074174881,1.0,0.881664514541626
YJL081C,YHR031C,0,-5.7397656,0.1021592989563942,1.0,0.8817645311355591
YJR009C,YKL067W,0,-5.7403827,0.10214889794588089,1.0,0.8818645477294922
YPL119C,YOR312C,0,-5.7406635,0.10213848948478699,1.0,0.8819645643234253
YIL009C-A,YLR081W,0,-5.7421494,0.10212809592485428,1.0,0.8820646405220032
YCR009C,YAL044C,0,-5.7475777,0.10211769491434097,1.0,0.8821646571159363
YDL165W,YJR107W,0,-5.747742,0.10210730135440826,1.0,0.8822646737098694
YDR097C,YOR339C,0,-5.747799,0.10209690779447556,1.0,0.8823646903038025
YOR075W,YKL073W,0,-5.751047,0.10208651423454285,1.0,0.8824647665023804
YDR113C,YPR072W,0,-5.7519736,0.10207612812519073,1.0,0.8825647830963135
YOL062C,YLR275W,0,-5.7533684,0.10206573456525803,1.0,0.8826647996902466
YIR034C,YAL038W,0,-5.7536826,0.10205534845590591,1.0,0.8827648162841797
YER001W,YKL088W,0,-5.7539473,0.1020449697971344,1.0,0.8828648328781128
YML109W,YER088C,0,-5.7558613,0.10203459113836288,1.0,0.8829649090766907
YBR302C,YHR152W,0,-5.756284,0.10202421247959137,1.0,0.8830649256706238
YML069W,YOR255W,0,-5.7574654,0.10201383382081985,1.0,0.8831649422645569
YLR045C,YDL017W,0,-5.7588186,0.10200345516204834,1.0,0.88326495885849
YLR398C,YNR049C,0,-5.7592735,0.10199308395385742,1.0,0.8833650350570679
YMR201C,YCR052W,0,-5.759597,0.1019827127456665,1.0,0.883465051651001
YPR048W,YGR038W,0,-5.7597923,0.10197234898805618,1.0,0.8835650682449341
YNL067W,YGL141W,0,-5.7602544,0.10196197777986526,1.0,0.8836650848388672
YER096W,YKR010C,0,-5.763217,0.10195161402225494,1.0,0.8837651014328003
YPL065W,YHL004W,0,-5.764062,0.10194125771522522,1.0,0.8838651776313782
YBR133C,YDR059C,0,-5.7659745,0.1019308939576149,1.0,0.8839651942253113
YNL229C,YJR044C,0,-5.7666245,0.10192053765058517,1.0,0.8840652108192444
YJL074C,YML128C,0,-5.768095,0.10191018134355545,1.0,0.8841652274131775
YCR098C,YOL103W,0,-5.7683306,0.10189982503652573,1.0,0.8842653036117554
YMR199W,YCR069W,0,-5.769619,0.1018894761800766,1.0,0.8843653202056885
YDL040C,YPL202C,0,-5.770258,0.10187912732362747,1.0,0.8844653367996216
YNL212W,YER020W,0,-5.7702894,0.10186877846717834,1.0,0.8845653533935547
YHL044W,YMR300C,0,-5.7704177,0.10185843706130981,1.0,0.8846653699874878
YLR286C,YKL107W,0,-5.770585,0.10184808820486069,1.0,0.8847654461860657
YBR221C,YGR013W,0,-5.7708983,0.10183774679899216,1.0,0.8848654627799988
YLR204W,YPL065W,0,-5.7745876,0.10182741284370422,1.0,0.8849654793739319
YFL004W,YMR039C,0,-5.776846,0.1018170714378357,1.0,0.885065495967865
YAL016W,YDL197C,0,-5.777011,0.10180673748254776,1.0,0.8851655721664429
YFR005C,YIL080W,0,-5.7774563,0.10179640352725983,1.0,0.885265588760376
YPL046C,YOR092W,0,-5.7777014,0.10178607702255249,1.0,0.8853656053543091
YHL008C,YNR057C,0,-5.7793365,0.10177575051784515,1.0,0.8854656219482422
YGL174W,YPL072W,0,-5.779351,0.10176542401313782,1.0,0.8855656981468201
YHR028C,YOR123C,0,-5.7800636,0.10175509750843048,1.0,0.8856657147407532
YJR121W,YDR510W,0,-5.782297,0.10174477845430374,1.0,0.8857657313346863
YNL039W,YFL017W-A,0,-5.78233,0.101734459400177,1.0,0.8858657479286194
YIL114C,YLR433C,0,-5.7831373,0.10172414034605026,1.0,0.8859657645225525
YDR253C,YNL231C,0,-5.784191,0.10171382129192352,1.0,0.8860658407211304
YPL206C,YML125C,0,-5.7844405,0.10170350968837738,1.0,0.8861658573150635
YBR080C,YPR127W,0,-5.7845297,0.10169319808483124,1.0,0.8862658739089966
YOR322C,YKL017C,0,-5.784612,0.1016828864812851,1.0,0.8863658905029297
YDL165W,YPR096C,0,-5.7859335,0.10167258232831955,1.0,0.8864659667015076
YGR087C,YLR295C,0,-5.786484,0.101662278175354,1.0,0.8865659832954407
YLR045C,YOR178C,0,-5.7868633,0.10165197402238846,1.0,0.8866659998893738
YHR029C,YDR503C,0,-5.787628,0.10164166986942291,1.0,0.8867660164833069
YPL249C,YNL135C,0,-5.790264,0.10163137316703796,1.0,0.88686603307724
YBL069W,YGL257C,0,-5.7916746,0.10162107646465302,1.0,0.8869661092758179
YDR265W,YKR025W,0,-5.7929654,0.10161077976226807,1.0,0.887066125869751
YDR221W,YJR029W,0,-5.7938743,0.10160048305988312,1.0,0.8871661424636841
YIL017C,YLR077W,0,-5.7942486,0.10159019380807877,1.0,0.8872661590576172
YCL047C,YLR025W,0,-5.795025,0.10157990455627441,1.0,0.8873662352561951
YGR277C,YKL195W,0,-5.79607,0.10156962275505066,1.0,0.8874662518501282
YOR120W,YLL052C,0,-5.7973285,0.10155933350324631,1.0,0.8875662684440613
YDR147W,YAL034W-A,0,-5.7982893,0.10154905170202255,1.0,0.8876662850379944
YFL041W,YGR006W,0,-5.7983,0.1015387699007988,1.0,0.8877663016319275
YJR155W,YPL057C,0,-5.7985754,0.10152849555015564,1.0,0.8878663778305054
YJR015W,YBR234C,0,-5.800199,0.10151822119951248,1.0,0.8879663944244385
YBR068C,YPR019W,0,-5.803116,0.10150794684886932,1.0,0.8880664110183716
YDR479C,YJL030W,0,-5.8033586,0.10149767249822617,1.0,0.8881664276123047
YLR340W,YFL031W,0,-5.803661,0.1014874055981636,1.0,0.8882665038108826
YDR173C,YKL180W,0,-5.8044524,0.10147713124752045,1.0,0.8883665204048157
YNR015W,YLR350W,0,-5.8056154,0.10146687179803848,1.0,0.8884665369987488
YLL027W,YOL090W,0,-5.8057585,0.10145660489797592,1.0,0.8885665535926819
YBR004C,YOR201C,0,-5.806706,0.10144634544849396,1.0,0.888666570186615
YDR022C,YDR191W,0,-5.807472,0.101436085999012,1.0,0.8887666463851929
YGR163W,YLR134W,0,-5.8118525,0.10142582654953003,1.0,0.888866662979126
YOR384W,YGL137W,0,-5.812323,0.10141557455062866,1.0,0.8889666795730591
YNL325C,YOR313C,0,-5.8123507,0.1014053151011467,1.0,0.8890666961669922
YDL065C,YER113C,0,-5.812789,0.10139506310224533,1.0,0.8891667723655701
YDR383C,YOR066W,0,-5.8130026,0.10138481855392456,1.0,0.8892667889595032
YPR049C,YLR103C,0,-5.8131294,0.10137457400560379,1.0,0.8893668055534363
YNR060W,YNL238W,0,-5.8149543,0.10136432200670242,1.0,0.8894668221473694
YLR370C,YLR163C,0,-5.8200264,0.10135408490896225,1.0,0.8895668983459473
YLR158C,YMR300C,0,-5.8226004,0.10134384036064148,1.0,0.8896669149398804
YKL112W,YKL212W,0,-5.823807,0.1013336032629013,1.0,0.8897669315338135
YLR353W,YOR057W,0,-5.827221,0.10132336616516113,1.0,0.8898669481277466
YIL042C,YMR032W,0,-5.8277035,0.10131312906742096,1.0,0.8899669647216797
YLR064W,YDR073W,0,-5.827764,0.10130289942026138,1.0,0.8900670409202576
YLR431C,YLR192C,0,-5.8287725,0.1012926697731018,1.0,0.8901670575141907
YMR321C,YLR228C,0,-5.829152,0.10128244012594223,1.0,0.8902670741081238
YIR008C,YBR041W,0,-5.831227,0.10127221047878265,1.0,0.8903670907020569
YOL008W,YJL006C,0,-5.831463,0.10126198828220367,1.0,0.8904671669006348
YDR144C,YMR289W,0,-5.835115,0.1012517660856247,1.0,0.8905671834945679
YNR022C,YBR050C,0,-5.835226,0.10124154388904572,1.0,0.890667200088501
YBR230C,YPR022C,0,-5.835826,0.10123132914304733,1.0,0.8907672166824341
YLR314C,YOL155C,0,-5.8359485,0.10122111439704895,1.0,0.8908672332763672
YAL042W,YDL144C,0,-5.8366795,0.10121089965105057,1.0,0.8909673094749451
YAR019C,YDR172W,0,-5.8419094,0.10120068490505219,1.0,0.8910673260688782
YLR459W,YDR060W,0,-5.841954,0.1011904776096344,1.0,0.8911673426628113
YGR049W,YBL024W,0,-5.844225,0.10118027031421661,1.0,0.8912673592567444
YNL115C,YHR098C,0,-5.844561,0.10117006301879883,1.0,0.8913674354553223
YMR179W,YBR216C,0,-5.8448944,0.10115985572338104,1.0,0.8914674520492554
YOL119C,YFR052W,0,-5.845223,0.10114965587854385,1.0,0.8915674686431885
YGR036C,YNR007C,0,-5.8466244,0.10113945603370667,1.0,0.8916674852371216
YML123C,YBR200W,0,-5.846881,0.10112926363945007,1.0,0.8917675018310547
YJL149W,YNL186W,0,-5.847801,0.10111906379461288,1.0,0.8918675780296326
YDR221W,YLR301W,0,-5.848174,0.10110887140035629,1.0,0.8919675946235657
YMR070W,YAL062W,0,-5.8492546,0.1010986790060997,1.0,0.8920676112174988
YGR199W,YMR190C,0,-5.849634,0.10108848661184311,1.0,0.8921676278114319
YNL115C,YMR130W,0,-5.85227,0.10107830166816711,1.0,0.8922677040100098
YJR083C,YNL304W,0,-5.853034,0.10106811672449112,1.0,0.8923677206039429
YOR215C,YDR050C,0,-5.8530912,0.10105793178081512,1.0,0.892467737197876
YML030W,YHR041C,0,-5.853203,0.10104775428771973,1.0,0.8925677537918091
YJL079C,YDR197W,0,-5.8545866,0.10103757679462433,1.0,0.892667829990387
YHL034C,YGR038W,0,-5.8565702,0.10102739930152893,1.0,0.8927678465843201
YNL014W,YCR048W,0,-5.857437,0.10101722180843353,1.0,0.8928678631782532
YPL094C,YIL145C,0,-5.858388,0.10100705176591873,1.0,0.8929678797721863
YDR415C,YCR003W,0,-5.858481,0.10099688172340393,1.0,0.8930678963661194
YPL174C,YNL326C,0,-5.8586063,0.10098671168088913,1.0,0.8931679725646973
YDR233C,YNL117W,0,-5.862837,0.10097654163837433,1.0,0.8932679891586304
YDR143C,YKR025W,0,-5.865378,0.10096637904644012,1.0,0.8933680057525635
YJR022W,YER006W,0,-5.8670864,0.10095621645450592,1.0,0.8934680223464966
YOR274W,YLR389C,0,-5.86893,0.10094605386257172,1.0,0.8935680985450745
YKL186C,YNL128W,0,-5.869213,0.10093589872121811,1.0,0.8936681151390076
YJL060W,YAL042W,0,-5.8703623,0.1009257361292839,1.0,0.8937681317329407
YJL137C,YML056C,0,-5.8709364,0.1009155884385109,1.0,0.8938681483268738
YDL064W,YPL089C,0,-5.8713293,0.10090543329715729,1.0,0.8939681649208069
YDR294C,YOL064C,0,-5.871928,0.10089528560638428,1.0,0.8940682411193848
YPL046C,YOR008C,0,-5.8730392,0.10088513046503067,1.0,0.8941682577133179
YNL229C,YBR278W,0,-5.874113,0.10087499022483826,1.0,0.894268274307251
YPR194C,YDR162C,0,-5.8761616,0.10086484253406525,1.0,0.8943682909011841
YPR023C,YEL064C,0,-5.8762445,0.10085470229387283,1.0,0.894468367099762
YDR479C,YNR031C,0,-5.8775887,0.10084456205368042,1.0,0.8945683836936951
YPL274W,YOL021C,0,-5.8784943,0.100834421813488,1.0,0.8946684002876282
YEL015W,YOR118W,0,-5.8810415,0.10082428902387619,1.0,0.8947684168815613
YGR125W,YKL179C,0,-5.88253,0.10081414878368378,1.0,0.8948684334754944
YAL032C,YGR206W,0,-5.884283,0.10080402344465256,1.0,0.8949685096740723
YLR423C,YLL008W,0,-5.885297,0.10079389065504074,1.0,0.8950685262680054
YBR070C,YPL017C,0,-5.8853836,0.10078376531600952,1.0,0.8951685428619385
YLR183C,YKL178C,0,-5.885683,0.1007736325263977,1.0,0.8952685594558716
YDR507C,YIR009W,0,-5.8890877,0.10076351463794708,1.0,0.8953686356544495
YPR061C,YML072C,0,-5.889245,0.10075338929891586,1.0,0.8954686522483826
YKL103C,YER153C,0,-5.8901367,0.10074327141046524,1.0,0.8955686688423157
YBL099W,YMR043W,0,-5.890895,0.10073315352201462,1.0,0.8956686854362488
YJL074C,YKR009C,0,-5.891221,0.100723035633564,1.0,0.8957687020301819
YJL133W,YDR329C,0,-5.89202,0.10071292519569397,1.0,0.8958687782287598
YNL209W,YGL227W,0,-5.893194,0.10070281475782394,1.0,0.8959687948226929
YDL195W,YDR529C,0,-5.893431,0.10069270431995392,1.0,0.896068811416626
YPL047W,YHR152W,0,-5.8949375,0.10068259388208389,1.0,0.8961688280105591
YBR215W,YPL202C,0,-5.8950686,0.10067249089479446,1.0,0.896268904209137
YLR448W,YGR070W,0,-5.89534,0.10066238790750504,1.0,0.8963689208030701
YGL229C,YJR135C,0,-5.8956795,0.1006522849202156,1.0,0.8964689373970032
YLR262C,YHR161C,0,-5.8956842,0.10064218193292618,1.0,0.8965689539909363
YDR222W,YDL007W,0,-5.8969135,0.10063208639621735,1.0,0.8966690301895142
YFL021W,YPR156C,0,-5.898251,0.10062199085950851,1.0,0.8967690467834473
YDR027C,YPL230W,0,-5.899144,0.10061189532279968,1.0,0.8968690633773804
YAL039C,YPR135W,0,-5.9032183,0.10060180723667145,1.0,0.8969690799713135
YEL038W,YDR480W,0,-5.90405,0.10059171915054321,1.0,0.8970690965652466
YNL116W,YJL191W,0,-5.9041967,0.10058163106441498,1.0,0.8971691727638245
YIL010W,YLR332W,0,-5.9059467,0.10057154297828674,1.0,0.8972691893577576
YLR084C,YGL124C,0,-5.908449,0.1005614623427391,1.0,0.8973692059516907
YML078W,YML088W,0,-5.908488,0.10055138170719147,1.0,0.8974692225456238
YEL060C,YOR198C,0,-5.9086604,0.10054130107164383,1.0,0.8975692987442017
YOR198C,YNL268W,0,-5.9093084,0.10053122043609619,1.0,0.8976693153381348
YOR198C,YOL064C,0,-5.9097815,0.10052114725112915,1.0,0.8977693319320679
YNL274C,YJL206C,0,-5.910139,0.10051107406616211,1.0,0.897869348526001
YBR056W,YFL010W-A,0,-5.9114704,0.10050100088119507,1.0,0.8979693651199341
YOR244W,YDR329C,0,-5.9126954,0.10049093514680862,1.0,0.898069441318512
YMR150C,YOR362C,0,-5.9135714,0.10048086196184158,1.0,0.8981694579124451
YGR096W,YGL090W,0,-5.91386,0.10047080367803574,1.0,0.8982694745063782
YMR260C,YDR477W,0,-5.9139733,0.10046073794364929,1.0,0.8983694911003113
YLR107W,YLR032W,0,-5.9150934,0.10045067965984344,1.0,0.8984695672988892
YML005W,YGR096W,0,-5.915715,0.100440613925457,1.0,0.8985695838928223
YCL047C,YEL003W,0,-5.916354,0.10043056309223175,1.0,0.8986696004867554
YJR103W,YJL093C,0,-5.9163795,0.1004205048084259,1.0,0.8987696170806885
YKL218C,YNL046W,0,-5.9218483,0.10041045397520065,1.0,0.8988696336746216
YOL117W,YOL097C,0,-5.9223394,0.1004004031419754,1.0,0.8989697098731995
YLR467W,YDR369C,0,-5.923804,0.10039035230875015,1.0,0.8990697264671326
YDR485C,YMR315W,0,-5.9240923,0.1003803014755249,1.0,0.8991697430610657
YKL064W,YDL036C,0,-5.9276266,0.10037025809288025,1.0,0.8992697596549988
YNL071W,YLR191W,0,-5.9276915,0.1003602147102356,1.0,0.8993698358535767
YPL007C,YMR079W,0,-5.927747,0.10035017877817154,1.0,0.8994698524475098
YMR238W,YHL004W,0,-5.9277635,0.10034013539552689,1.0,0.8995698690414429
YDL206W,YOR216C,0,-5.9299154,0.10033009946346283,1.0,0.899669885635376
YJL225C,YDR103W,0,-5.930186,0.10032006353139877,1.0,0.8997699022293091
YOR123C,YMR087W,0,-5.9307065,0.10031002759933472,1.0,0.899869978427887
YOR353C,YCR069W,0,-5.934054,0.10029999911785126,1.0,0.8999699950218201
YIL101C,YDR346C,0,-5.934134,0.1002899706363678,1.0,0.9000700116157532
YGL051W,YDL058W,0,-5.9350486,0.10027994215488434,1.0,0.9001700282096863
YKL103C,YBL011W,0,-5.935381,0.10026992112398148,1.0,0.9002701044082642
YML054C,YPL202C,0,-5.9364233,0.10025989264249802,1.0,0.9003701210021973
YCR060W,YLR423C,0,-5.9366493,0.10024987161159515,1.0,0.9004701375961304
YHR013C,YBR298C,0,-5.9370737,0.10023985803127289,1.0,0.9005701541900635
YNL091W,YBR139W,0,-5.9373894,0.10022983700037003,1.0,0.9006702303886414
YHR027C,YDR046C,0,-5.9380116,0.10021982342004776,1.0,0.9007702469825745
YER166W,YKL073W,0,-5.938225,0.1002098098397255,1.0,0.9008702635765076
YHR074W,YLR274W,0,-5.940279,0.10019980370998383,1.0,0.9009702801704407
YGR218W,YPR094W,0,-5.9451103,0.10018979012966156,1.0,0.9010702967643738
YMR071C,YDL184C,0,-5.9458694,0.10017978399991989,1.0,0.9011703729629517
YGL137W,YPL005W,0,-5.9460716,0.10016977787017822,1.0,0.9012703895568848
YBR145W,YNL128W,0,-5.9475985,0.10015977919101715,1.0,0.9013704061508179
YMR106C,YDL092W,0,-5.9495573,0.10014977306127548,1.0,0.901470422744751
YDR341C,YKR087C,0,-5.951048,0.10013977438211441,1.0,0.9015704989433289
YDL008W,YKL003C,0,-5.952148,0.10012977570295334,1.0,0.901670515537262
YJR091C,YOR326W,0,-5.9533405,0.10011978447437286,1.0,0.9017705321311951
YER020W,YFR037C,0,-5.953583,0.10010979324579239,1.0,0.9018705487251282
YGR209C,YKL015W,0,-5.955591,0.10009980201721191,1.0,0.9019705653190613
YPL027W,YGR112W,0,-5.956488,0.10008981078863144,1.0,0.9020706415176392
YER068W,YKL035W,0,-5.957203,0.10007982701063156,1.0,0.9021706581115723
YDR162C,YMR204C,0,-5.95877,0.10006983578205109,1.0,0.9022706747055054
YNL035C,YNL197C,0,-5.958915,0.1000598594546318,1.0,0.9023706912994385
YNL097C,YJL141C,0,-5.962119,0.10004987567663193,1.0,0.9024707674980164
YLR266C,YLR289W,0,-5.96258,0.10003989934921265,1.0,0.9025707840919495
YML030W,YPR145W,0,-5.9639344,0.10002991557121277,1.0,0.9026708006858826
YNL151C,YGR125W,0,-5.964337,0.10001994669437408,1.0,0.9027708172798157
YLR097C,YNL210W,0,-5.964432,0.1000099703669548,1.0,0.9028708338737488
YDR443C,YBR129C,0,-5.965328,0.10000000149011612,1.0,0.9029709100723267
YNL311C,YLR088W,0,-5.966652,0.09999003261327744,1.0,0.9030709266662598
YLR204W,YDL170W,0,-5.966662,0.09998006373643875,1.0,0.9031709432601929
YBL066C,YGL209W,0,-5.969302,0.09997010231018066,1.0,0.903270959854126
YMR288W,YMR089C,0,-5.9702315,0.09996013343334198,1.0,0.9033710360527039
YIR014W,YBL082C,0,-5.9712687,0.09995017200708389,1.0,0.903471052646637
YIL046W,YNL084C,0,-5.975301,0.0999402180314064,1.0,0.9035710692405701
YDR130C,YPL086C,0,-5.9760547,0.09993025660514832,1.0,0.9036710858345032
YPL149W,YJR133W,0,-5.9769382,0.09992030262947083,1.0,0.9037711024284363
YLL019C,YBR033W,0,-5.977728,0.09991034865379333,1.0,0.9038711786270142
YLR026C,YFL052W,0,-5.9793234,0.09990040212869644,1.0,0.9039711952209473
YML001W,YOR391C,0,-5.980313,0.09989044815301895,1.0,0.9040712118148804
YIL046W,YBR282W,0,-5.9815073,0.09988050162792206,1.0,0.9041712284088135
YPL154C,YBL034C,0,-5.982271,0.09987055510282516,1.0,0.9042713046073914
YOR124C,YEL063C,0,-5.9832253,0.09986061602830887,1.0,0.9043713212013245
YLR141W,YDL206W,0,-5.9833565,0.09985066950321198,1.0,0.9044713377952576
YOR361C,YIL080W,0,-5.986229,0.09984073042869568,1.0,0.9045713543891907
YGR268C,YHR007C,0,-5.987047,0.09983079880475998,1.0,0.9046714305877686
YDR158W,YDR510W,0,-5.987301,0.09982085973024368,1.0,0.9047714471817017
YLR329W,YER154W,0,-5.987415,0.09981092810630798,1.0,0.9048714637756348
YPL048W,YOR201C,0,-5.98779,0.09980099648237228,1.0,0.9049714803695679
YOL018C,YBR118W,0,-5.988689,0.09979106485843658,1.0,0.905071496963501
YFR045W,YDR253C,0,-5.9892626,0.09978114068508148,1.0,0.9051715731620789
YOL054W,YML115C,0,-5.9908557,0.09977120906114578,1.0,0.905271589756012
YIR025W,YGL038C,0,-5.9924088,0.09976129233837128,1.0,0.9053716063499451
YLR050C,YLR214W,0,-5.99862,0.09975136816501617,1.0,0.9054716229438782
YER008C,YPR168W,0,-5.9986362,0.09974145144224167,1.0,0.905571699142456
YBR236C,YGL155W,0,-5.998934,0.09973152726888657,1.0,0.9056717157363892
YHR181W,YNR035C,0,-6.001363,0.09972161799669266,1.0,0.9057717323303223
YEL030W,YPR108W,0,-6.0016727,0.09971170127391815,1.0,0.9058717489242554
YOR133W,YOL107W,0,-6.001706,0.09970179200172424,1.0,0.9059717655181885
YOR338W,YDR347W,0,-6.0023127,0.09969188272953033,1.0,0.9060718417167664
YOR232W,YDR013W,0,-6.002506,0.09968197345733643,1.0,0.9061718583106995
YKL130C,YER130C,0,-6.002939,0.09967206418514252,1.0,0.9062718749046326
YDR376W,YOR118W,0,-6.00401,0.0996621623635292,1.0,0.9063718914985657
YBL022C,YLL029W,0,-6.00424,0.0996522605419159,1.0,0.9064719676971436
YJR152W,YNL256W,0,-6.004307,0.09964235872030258,1.0,0.9065719842910767
YJL145W,YHR102W,0,-6.0077295,0.09963246434926987,1.0,0.9066720008850098
YJL036W,YHR085W,0,-6.0082946,0.09962256997823715,1.0,0.9067720174789429
YNL078W,YNL080C,0,-6.0084047,0.09961267560720444,1.0,0.906872034072876
YDR506C,YDR334W,0,-6.009227,0.09960278123617172,1.0,0.9069721102714539
YDR255C,YCR033W,0,-6.00958,0.09959288686513901,1.0,0.907072126865387
YBR290W,YGR252W,0,-6.010524,0.09958299994468689,1.0,0.9071721434593201
YOR037W,YDR081C,0,-6.0111136,0.09957311302423477,1.0,0.9072721600532532
YGR207C,YPL047W,0,-6.011532,0.09956323355436325,1.0,0.907372236251831
YKL163W,YML069W,0,-6.0117674,0.09955334663391113,1.0,0.9074722528457642
YBL006C,YMR257C,0,-6.0121565,0.09954346716403961,1.0,0.9075722694396973
YDR147W,YLR207W,0,-6.0127387,0.09953358769416809,1.0,0.9076722860336304
YHR124W,YPL048W,0,-6.013676,0.09952371567487717,1.0,0.9077723026275635
YIR017C,YBR205W,0,-6.0182657,0.09951384365558624,1.0,0.9078723788261414
YPR049C,YBR265W,0,-6.0211697,0.09950397163629532,1.0,0.9079723954200745
YCR054C,YML048W,0,-6.022049,0.0994940996170044,1.0,0.9080724120140076
YJL171C,YDR081C,0,-6.02229,0.09948422759771347,1.0,0.9081724286079407
YHR207C,YJR070C,0,-6.0227146,0.09947436302900314,1.0,0.9082725048065186
YLR291C,YIL004C,0,-6.024847,0.09946449846029282,1.0,0.9083725214004517
YLR418C,YOR003W,0,-6.0254083,0.09945463389158249,1.0,0.9084725379943848
YFL044C,YMR295C,0,-6.0265446,0.09944477677345276,1.0,0.9085725545883179
YGR026W,YKR048C,0,-6.027179,0.09943491965532303,1.0,0.9086726307868958
YML071C,YER051W,0,-6.0274973,0.0994250625371933,1.0,0.9087726473808289
YMR293C,YGR203W,0,-6.0276012,0.09941520541906357,1.0,0.908872663974762
YKL103C,YHR200W,0,-6.027979,0.09940534830093384,1.0,0.9089726805686951
YDL104C,YCL032W,0,-6.0296936,0.0993954986333847,1.0,0.9090726971626282
YEL071W,YNL305C,0,-6.0298777,0.09938564896583557,1.0,0.909172773361206
YOL052C,YCL038C,0,-6.0347366,0.09937580674886703,1.0,0.9092727899551392
YDL227C,YGL229C,0,-6.0348744,0.0993659570813179,1.0,0.9093728065490723
YGL022W,YAR031W,0,-6.0363817,0.09935611486434937,1.0,0.9094728231430054
YBR074W,YPR151C,0,-6.037348,0.09934627264738083,1.0,0.9095728993415833
YHR101C,YJL050W,0,-6.037525,0.09933643788099289,1.0,0.9096729159355164
YML112W,YKR014C,0,-6.0375433,0.09932659566402435,1.0,0.9097729325294495
YJR010C-A,YDR465C,0,-6.038045,0.09931676089763641,1.0,0.9098729491233826
YFL047W,YPR187W,0,-6.0380526,0.09930693358182907,1.0,0.9099729657173157
YKL160W,YDR118W,0,-6.042527,0.09929709881544113,1.0,0.9100730419158936
YML121W,YDR067C,0,-6.043445,0.09928727149963379,1.0,0.9101730585098267
YDL147W,YML087C,0,-6.0449433,0.09927744418382645,1.0,0.9102730751037598
YMR087W,YEL036C,0,-6.04498,0.0992676168680191,1.0,0.9103730916976929
YOR138C,YLR433C,0,-6.0455055,0.09925778955221176,1.0,0.9104731678962708
YPR160W,YBL092W,0,-6.0484495,0.09924796968698502,1.0,0.9105731844902039
YAL032C,YML110C,0,-6.0486126,0.09923814982175827,1.0,0.910673201084137
YJL044C,YML032C,0,-6.050681,0.09922833740711212,1.0,0.9107732176780701
YBR102C,YDL021W,0,-6.052063,0.09921851754188538,1.0,0.9108732342720032
YDL108W,YLL003W,0,-6.055127,0.09920870512723923,1.0,0.910973310470581
YML001W,YDR338C,0,-6.0559998,0.09919889271259308,1.0,0.9110733270645142
YIL070C,YLR251W,0,-6.0569882,0.09918908029794693,1.0,0.9111733436584473
YIR028W,YLR275W,0,-6.0605526,0.09917927533388138,1.0,0.9112733602523804
YOR377W,YDR494W,0,-6.060752,0.09916947036981583,1.0,0.9113734364509583
YOR284W,YLR088W,0,-6.067259,0.09915966540575027,1.0,0.9114734530448914
YJL118W,YKL201C,0,-6.067537,0.09914986044168472,1.0,0.9115734696388245
YIL004C,YKL188C,0,-6.0681944,0.09914006292819977,1.0,0.9116734862327576
YOR212W,YAR003W,0,-6.069047,0.09913026541471481,1.0,0.9117735028266907
YAL043C,YER169W,0,-6.069315,0.09912046790122986,1.0,0.9118735790252686
YBL075C,YLR285W,0,-6.070382,0.0991106703877449,1.0,0.9119735956192017
YOR209C,YPL218W,0,-6.0714054,0.09910088032484055,1.0,0.9120736122131348
YDL080C,YDR382W,0,-6.072526,0.09909109026193619,1.0,0.9121736288070679
YMR100W,YDR026C,0,-6.073246,0.09908130019903183,1.0,0.9122737050056458
YOR198C,YIL088C,0,-6.074211,0.09907151013612747,1.0,0.9123737215995789
YLR078C,YMR099C,0,-6.0744047,0.09906172752380371,1.0,0.912473738193512
YOL068C,YKR097W,0,-6.0756006,0.09905194491147995,1.0,0.9125737547874451
YPR113W,YOR106W,0,-6.0781455,0.09904216229915619,1.0,0.912673830986023
YDL083C,YJR126C,0,-6.0783005,0.09903238713741302,1.0,0.912773847579956
YBR231C,YNL218W,0,-6.0784054,0.09902261197566986,1.0,0.9128738641738892
YLR142W,YLR084C,0,-6.078747,0.0990128368139267,1.0,0.9129738807678223
YLR107W,YDR369C,0,-6.079,0.09900306165218353,1.0,0.9130738973617554
YGR188C,YAL001C,0,-6.0805945,0.09899328649044037,1.0,0.9131739735603333
YFR033C,YCR068W,0,-6.082283,0.0989835187792778,1.0,0.9132739901542664
YPR122W,YER002W,0,-6.084431,0.09897375106811523,1.0,0.9133740067481995
YMR168C,YOR033C,0,-6.085946,0.09896398335695267,1.0,0.9134740233421326
YPL088W,YNL326C,0,-6.087864,0.0989542230963707,1.0,0.9135740995407104
YBR264C,YJR088C,0,-6.0882835,0.09894446283578873,1.0,0.9136741161346436
YIL074C,YLR144C,0,-6.0886164,0.09893470257520676,1.0,0.9137741327285767
YLR174W,YAR015W,0,-6.089455,0.09892494231462479,1.0,0.9138741493225098
YKR010C,YIL073C,0,-6.0906525,0.09891518950462341,1.0,0.9139741659164429
YCR071C,YKR014C,0,-6.091221,0.09890543669462204,1.0,0.9140742421150208
YIL155C,YDR177W,0,-6.0932913,0.09889568388462067,1.0,0.9141742587089539
YNL159C,YFR028C,0,-6.0939865,0.0988859310746193,1.0,0.914274275302887
YAL055W,YDL232W,0,-6.0943193,0.09887618571519852,1.0,0.9143742918968201
YLL051C,YOR148C,0,-6.0983167,0.09886644035577774,1.0,0.914474368095398
YNL128W,YGR034W,0,-6.0998583,0.09885669499635696,1.0,0.914574384689331
YLR002C,YGR163W,0,-6.1012244,0.09884694963693619,1.0,0.9146744012832642
YBR239C,YDR164C,0,-6.1017504,0.09883721172809601,1.0,0.9147744178771973
YGR284C,YDL202W,0,-6.10425,0.09882747381925583,1.0,0.9148744344711304
YOR381W,YMR029C,0,-6.10754,0.09881773591041565,1.0,0.9149745106697083
YPR113W,YKL168C,0,-6.1075754,0.09880799800157547,1.0,0.9150745272636414
YBL018C,YKR071C,0,-6.1077023,0.09879826754331589,1.0,0.9151745438575745
YOL100W,YOL155C,0,-6.107922,0.0987885370850563,1.0,0.9152745604515076
YMR290C,YBR241C,0,-6.1091413,0.09877880662679672,1.0,0.9153746366500854
YNL050C,YLR027C,0,-6.111266,0.09876907616853714,1.0,0.9154746532440186
YMR251W-A,YOR025W,0,-6.111782,0.09875935316085815,1.0,0.9155746698379517
YML070W,YNL330C,0,-6.1141996,0.09874963015317917,1.0,0.9156746864318848
YKL183W,YKL126W,0,-6.1164947,0.09873990714550018,1.0,0.9157747030258179
YNL039W,YKL189W,0,-6.1166325,0.0987301915884018,1.0,0.9158747792243958
YMR285C,YDR253C,0,-6.1169076,0.0987204760313034,1.0,0.9159747958183289
YMR115W,YBR282W,0,-6.1177015,0.09871076047420502,1.0,0.916074812412262
YHR083W,YML112W,0,-6.118067,0.09870104491710663,1.0,0.9161748290061951
YDR184C,YCL027W,0,-6.1183977,0.09869132936000824,1.0,0.916274905204773
YDR131C,YJR105W,0,-6.1215553,0.09868162125349045,1.0,0.916374921798706
YFR009W,YPR181C,0,-6.122199,0.09867191314697266,1.0,0.9164749383926392
YPL256C,YOL075C,0,-6.123547,0.09866220504045486,1.0,0.9165749549865723
YHL009C,YGL220W,0,-6.125782,0.09865250438451767,1.0,0.9166750311851501
YMR271C,YNL088W,0,-6.1266613,0.09864280372858047,1.0,0.9167750477790833
YJL042W,YCR066W,0,-6.1272945,0.09863310307264328,1.0,0.9168750643730164
YIL083C,YNL046W,0,-6.127962,0.09862340241670609,1.0,0.9169750809669495
YPL159C,YFL022C,0,-6.128875,0.09861370921134949,1.0,0.9170750975608826
YHR079C,YGL254W,0,-6.1290264,0.09860400855541229,1.0,0.9171751737594604
YBL018C,YDR503C,0,-6.1292458,0.0985943153500557,1.0,0.9172751903533936
YDL215C,YPR019W,0,-6.131962,0.0985846295952797,1.0,0.9173752069473267
YDL045C,YDL099W,0,-6.133227,0.0985749363899231,1.0,0.9174752235412598
YDR107C,YOR326W,0,-6.133235,0.0985652506351471,1.0,0.9175752997398376
YDR302W,YJL048C,0,-6.134035,0.0985555648803711,1.0,0.9176753163337708
YFR045W,YJL204C,0,-6.1362686,0.09854588657617569,1.0,0.9177753329277039
YHR184W,YCL004W,0,-6.138336,0.09853620082139969,1.0,0.917875349521637
YPL002C,YNL268W,0,-6.1385326,0.09852652251720428,1.0,0.9179753661155701
YPL172C,YGL237C,0,-6.1406894,0.09851684421300888,1.0,0.918075442314148
YOL147C,YDR198C,0,-6.1437798,0.09850716590881348,1.0,0.918175458908081
YMR305C,YDR338C,0,-6.144246,0.09849749505519867,1.0,0.9182754755020142
YOR317W,YBR260C,0,-6.1443577,0.09848782420158386,1.0,0.9183754920959473
YOR178C,YHL004W,0,-6.145589,0.09847815334796906,1.0,0.9184755682945251
YJL141C,YHR039C,0,-6.147298,0.09846848249435425,1.0,0.9185755848884583
YHR019C,YNR069C,0,-6.148122,0.09845881909132004,1.0,0.9186756014823914
YDR016C,YBR126C,0,-6.1510806,0.09844915568828583,1.0,0.9187756180763245
YMR290C,YGL134W,0,-6.1515284,0.09843949228525162,1.0,0.9188756346702576
YDR173C,YPL048W,0,-6.153178,0.098429836332798,1.0,0.9189757108688354
YMR026C,YNL113W,0,-6.1546965,0.0984201729297638,1.0,0.9190757274627686
YJL207C,YPR149W,0,-6.1552515,0.09841051697731018,1.0,0.9191757440567017
YGL179C,YDL121C,0,-6.155751,0.09840086102485657,1.0,0.9192757606506348
YDR038C,YHR052W,0,-6.1591187,0.09839121252298355,1.0,0.9193758368492126
YKL178C,YLR256W,0,-6.1592803,0.09838155657052994,1.0,0.9194758534431458
YGL156W,YMR307W,0,-6.1597548,0.09837190806865692,1.0,0.9195758700370789
YAL062W,YGR295C,0,-6.1597886,0.0983622670173645,1.0,0.919675886631012
YNL258C,YER021W,0,-6.160377,0.09835261851549149,1.0,0.9197759032249451
YPR056W,YMR067C,0,-6.1614037,0.09834297746419907,1.0,0.919875979423523
YIL101C,YDR494W,0,-6.163292,0.09833333641290665,1.0,0.919975996017456
YNL166C,YDR348C,0,-6.1648884,0.09832369536161423,1.0,0.9200760126113892
YDR460W,YNR016C,0,-6.1697044,0.09831405431032181,1.0,0.9201760292053223
YMR117C,YJL063C,0,-6.1732097,0.09830442070960999,1.0,0.9202761054039001
YMR017W,YLL015W,0,-6.173218,0.09829478710889816,1.0,0.9203761219978333
YOL107W,YGR158C,0,-6.176501,0.09828515350818634,1.0,0.9204761385917664
YDR390C,YOR037W,0,-6.177295,0.09827552735805511,1.0,0.9205761551856995
YLR312W-A,YOR008C,0,-6.178747,0.09826589375734329,1.0,0.9206762313842773
YHR065C,YJL128C,0,-6.1795015,0.09825626760721207,1.0,0.9207762479782104
YPL112C,YLR304C,0,-6.1796207,0.09824664145708084,1.0,0.9208762645721436
YGR239C,YBR264C,0,-6.1800146,0.09823702275753021,1.0,0.9209762811660767
YBR072W,YLR321C,0,-6.1809797,0.09822740405797958,1.0,0.9210762977600098
YGL040C,YMR056C,0,-6.182578,0.09821778535842896,1.0,0.9211763739585876
YHL016C,YGL203C,0,-6.1848497,0.09820816665887833,1.0,0.9212763905525208
YDR073W,YKL119C,0,-6.185158,0.0981985479593277,1.0,0.9213764071464539
YMR218C,YCR079W,0,-6.1855373,0.09818893671035767,1.0,0.921476423740387
YOR311C,YER048W-A,0,-6.1860285,0.09817932546138763,1.0,0.9215764999389648
YNR039C,YHR152W,0,-6.1860285,0.0981697142124176,1.0,0.921676516532898
YOR071C,YCL031C,0,-6.187067,0.09816011041402817,1.0,0.921776533126831
YDR196C,YKR065C,0,-6.187893,0.09815050661563873,1.0,0.9218765497207642
YDR263C,YLR264W,0,-6.189683,0.0981409028172493,1.0,0.9219765663146973
YOL113W,YPL087W,0,-6.1901035,0.09813129901885986,1.0,0.9220766425132751
YML073C,YGL255W,0,-6.1912746,0.09812169522047043,1.0,0.9221766591072083
YOL021C,YOR148C,0,-6.192774,0.09811209887266159,1.0,0.9222766757011414
YBL037W,YMR104C,0,-6.198205,0.09810250252485275,1.0,0.9223766922950745
YGR163W,YOR232W,0,-6.201045,0.09809290617704391,1.0,0.9224767684936523
YAL047C,YHL016C,0,-6.202959,0.09808331727981567,1.0,0.9225767850875854
YOR329C,YBR281C,0,-6.203348,0.09807372838258743,1.0,0.9226768016815186
YNL212W,YPL240C,0,-6.2041607,0.09806413948535919,1.0,0.9227768182754517
YBR288C,YJR065C,0,-6.204447,0.09805455058813095,1.0,0.9228768348693848
YAR007C,YKL174C,0,-6.2046256,0.0980449691414833,1.0,0.9229769110679626
YAL034W-A,YCR042C,0,-6.205103,0.09803538024425507,1.0,0.9230769276618958
YGL163C,YLR166C,0,-6.2051654,0.09802579879760742,1.0,0.9231769442558289
YDL101C,YGR028W,0,-6.206982,0.09801622480154037,1.0,0.923276960849762
YAL017W,YNL290W,0,-6.207559,0.09800664335489273,1.0,0.9233770370483398
YBR205W,YHR176W,0,-6.20811,0.09799706935882568,1.0,0.923477053642273
YNL236W,YLR025W,0,-6.2097874,0.09798749536275864,1.0,0.923577070236206
YIL078W,YOR257W,0,-6.2104244,0.09797792136669159,1.0,0.9236770868301392
YLR459W,YBR033W,0,-6.210518,0.09796835482120514,1.0,0.9237771034240723
YDR499W,YNL306W,0,-6.211688,0.09795878827571869,1.0,0.9238771796226501
YDR534C,YOR278W,0,-6.2120323,0.09794922173023224,1.0,0.9239771962165833
YOR014W,YDL042C,0,-6.213417,0.09793965518474579,1.0,0.9240772128105164
YLR370C,YER106W,0,-6.217806,0.09793008863925934,1.0,0.9241772294044495
YHR003C,YPL214C,0,-6.22031,0.09792052954435349,1.0,0.9242773056030273
YGL180W,YDR266C,0,-6.2215333,0.09791097044944763,1.0,0.9243773221969604
YDR495C,YLR020C,0,-6.225013,0.09790141880512238,1.0,0.9244773387908936
YPL002C,YER183C,0,-6.225561,0.09789185971021652,1.0,0.9245773553848267
YDL191W,YMR184W,0,-6.225623,0.09788230806589127,1.0,0.9246774315834045
YDR031W,YKR008W,0,-6.2265615,0.09787275642156601,1.0,0.9247774481773376
YOR217W,YGR092W,0,-6.226944,0.09786320477724075,1.0,0.9248774647712708
YHR019C,YOL045W,0,-6.228832,0.0978536605834961,1.0,0.9249774813652039
YHR091C,YDR533C,0,-6.230334,0.09784411638975143,1.0,0.925077497959137
YBR210W,YGR261C,0,-6.232122,0.09783457219600677,1.0,0.9251775741577148
YLR395C,YIL031W,0,-6.232911,0.09782502800226212,1.0,0.925277590751648
YBR159W,YML072C,0,-6.2330904,0.09781548380851746,1.0,0.925377607345581
YML070W,YKL181W,0,-6.233529,0.0978059470653534,1.0,0.9254776239395142
YDL130W,YIL088C,0,-6.234351,0.09779641032218933,1.0,0.925577700138092
YLR283W,YMR012W,0,-6.235072,0.09778687357902527,1.0,0.9256777167320251
YGR143W,YDR304C,0,-6.2364025,0.0977773442864418,1.0,0.9257777333259583
YKL034W,YDR115W,0,-6.24002,0.09776781499385834,1.0,0.9258777499198914
YDL170W,YOR356W,0,-6.2408905,0.09775828570127487,1.0,0.9259777665138245
YMR280C,YBR298C,0,-6.2412004,0.0977487564086914,1.0,0.9260778427124023
YLR306W,YOR361C,0,-6.241434,0.09773923456668854,1.0,0.9261778593063354
YLR098C,YML109W,0,-6.243931,0.09772970527410507,1.0,0.9262778759002686
YDR351W,YKL011C,0,-6.243945,0.0977201834321022,1.0,0.9263778924942017
YDR115W,YBR036C,0,-6.245284,0.09771066904067993,1.0,0.9264779686927795
YER048C,YGL172W,0,-6.246252,0.09770114719867706,1.0,0.9265779852867126
YKL046C,YBR160W,0,-6.2463646,0.09769163280725479,1.0,0.9266780018806458
YBR158W,YDL115C,0,-6.2465196,0.09768211841583252,1.0,0.9267780184745789
YIL093C,YIL051C,0,-6.249485,0.09767260402441025,1.0,0.926878035068512
YDR177W,YKL175W,0,-6.250117,0.09766309708356857,1.0,0.9269781112670898
YDR056C,YGR241C,0,-6.25032,0.0976535901427269,1.0,0.927078127861023
YOR338W,YHR153C,0,-6.2503257,0.09764408320188522,1.0,0.927178144454956
YDR294C,YJR104C,0,-6.2548337,0.09763457626104355,1.0,0.9272781610488892
YOR037W,YJL129C,0,-6.256746,0.09762506932020187,1.0,0.927378237247467
YLR371W,YNL270C,0,-6.258815,0.0976155698299408,1.0,0.9274782538414001
YGR106C,YOL066C,0,-6.258829,0.09760607033967972,1.0,0.9275782704353333
YPR025C,YNL256W,0,-6.26192,0.09759657829999924,1.0,0.9276782870292664
YEL059C-A,YEL040W,0,-6.262199,0.09758707880973816,1.0,0.9277783632278442
YCL050C,YPR151C,0,-6.2651167,0.09757758677005768,1.0,0.9278783798217773
YMR071C,YDR128W,0,-6.2657647,0.0975680947303772,1.0,0.9279783964157104
YMR004W,YDL007W,0,-6.2664003,0.09755860269069672,1.0,0.9280784130096436
YDR083W,YOR099W,0,-6.266535,0.09754911810159683,1.0,0.9281784296035767
YGR286C,YNL202W,0,-6.2687807,0.09753962606191635,1.0,0.9282785058021545
YDR231C,YPL144W,0,-6.2703834,0.09753014147281647,1.0,0.9283785223960876
YER075C,YKR062W,0,-6.274008,0.09752066433429718,1.0,0.9284785389900208
YDL045C,YHR060W,0,-6.274764,0.0975111797451973,1.0,0.9285785555839539
YGL212W,YML109W,0,-6.274989,0.09750170260667801,1.0,0.9286786317825317
YFL009W,YDR519W,0,-6.275223,0.09749222546815872,1.0,0.9287786483764648
YPL213W,YNL258C,0,-6.276046,0.09748274832963943,1.0,0.928878664970398
YGL121C,YHR019C,0,-6.276242,0.09747327864170074,1.0,0.928978681564331
YKL179C,YBL016W,0,-6.278242,0.09746380150318146,1.0,0.9290786981582642
YHL001W,YAR003W,0,-6.2792883,0.09745433181524277,1.0,0.929178774356842
YGL147C,YDR219C,0,-6.2810636,0.09744486212730408,1.0,0.9292787909507751
YGL190C,YNL272C,0,-6.2823315,0.09743539988994598,1.0,0.9293788075447083
YBR088C,YDR376W,0,-6.283354,0.09742593765258789,1.0,0.9294788241386414
YDR177W,YNL117W,0,-6.2841635,0.0974164754152298,1.0,0.9295789003372192
YGR028W,YNL046W,0,-6.2851033,0.0974070131778717,1.0,0.9296789169311523
YBR125C,YBR073W,0,-6.2858276,0.09739755094051361,1.0,0.9297789335250854
YLR342W,YLR332W,0,-6.287145,0.09738809615373611,1.0,0.9298789501190186
YKR019C,YLR209C,0,-6.2873173,0.09737864136695862,1.0,0.9299789667129517
YNL101W,YOR310C,0,-6.2899294,0.09736918658018112,1.0,0.9300790429115295
YDR205W,YML038C,0,-6.2915983,0.09735973924398422,1.0,0.9301790595054626
YER122C,YLR089C,0,-6.2928123,0.09735028445720673,1.0,0.9302790760993958
YKR090W,YDR216W,0,-6.298889,0.09734083712100983,1.0,0.9303790926933289
YIL158W,YOR275C,0,-6.2991066,0.09733138978481293,1.0,0.9304791688919067
YOR332W,YPL053C,0,-6.304097,0.09732194989919662,1.0,0.9305791854858398
YLL022C,YPL202C,0,-6.304525,0.09731250256299973,1.0,0.930679202079773
YER101C,YOL115W,0,-6.304737,0.09730306267738342,1.0,0.930779218673706
YAL060W,YNL323W,0,-6.3047743,0.09729363024234772,1.0,0.9308792352676392
YGL048C,YHR083W,0,-6.304823,0.09728419035673141,1.0,0.930979311466217
YNL282W,YMR087W,0,-6.30585,0.09727475792169571,1.0,0.9310793280601501
YCR075C,YHR003C,0,-6.308482,0.09726532548666,1.0,0.9311793446540833
YBR199W,YJL221C,0,-6.309745,0.0972558930516243,1.0,0.9312793612480164
YFR013W,YKR008W,0,-6.3122025,0.09724646061658859,1.0,0.9313794374465942
YBL021C,YML054C,0,-6.3138585,0.09723703563213348,1.0,0.9314794540405273
YPL060W,YPR132W,0,-6.316021,0.09722761064767838,1.0,0.9315794706344604
YDR415C,YPR151C,0,-6.3167124,0.09721818566322327,1.0,0.9316794872283936
YKL213C,YNL077W,0,-6.3188047,0.09720876067876816,1.0,0.9317795634269714
YMR045C,YLR414C,0,-6.320368,0.09719934314489365,1.0,0.9318795800209045
YGL040C,YOR076C,0,-6.320565,0.09718992561101913,1.0,0.9319795966148376
YLR097C,YLR095C,0,-6.3236775,0.09718050807714462,1.0,0.9320796132087708
YDL130W-A,YMR300C,0,-6.325282,0.09717109054327011,1.0,0.9321796298027039
YMR070W,YDR058C,0,-6.3289194,0.0971616804599762,1.0,0.9322797060012817
YNL316C,YLR408C,0,-6.330268,0.09715226292610168,1.0,0.9323797225952148
YGR056W,YJL170C,0,-6.3308544,0.09714286029338837,1.0,0.932479739189148
YDR392W,YOL155C,0,-6.3313227,0.09713345021009445,1.0,0.932579755783081
YGR238C,YER019W,0,-6.3327956,0.09712404012680054,1.0,0.9326798319816589
YAL005C,YDL021W,0,-6.3353157,0.09711463749408722,1.0,0.932779848575592
YOR219C,YER174C,0,-6.3354073,0.0971052348613739,1.0,0.9328798651695251
YLR165C,YOR142W,0,-6.337034,0.09709583967924118,1.0,0.9329798817634583
YGR098C,YBL019W,0,-6.3376045,0.09708643704652786,1.0,0.9330798983573914
YOR230W,YAL035W,0,-6.339999,0.09707704186439514,1.0,0.9331799745559692
YOR089C,YDR141C,0,-6.343858,0.09706764668226242,1.0,0.9332799911499023
YER184C,YFL041W,0,-6.3457384,0.0970582515001297,1.0,0.9333800077438354
YKR092C,YNL331C,0,-6.345862,0.09704886376857758,1.0,0.9334800243377686
YLR372W,YDR392W,0,-6.347939,0.09703947603702545,1.0,0.9335801005363464
YBR142W,YNL006W,0,-6.349068,0.09703008830547333,1.0,0.9336801171302795
YOR360C,YMR039C,0,-6.350253,0.0970207005739212,1.0,0.9337801337242126
YPR011C,YJR127C,0,-6.350856,0.09701131284236908,1.0,0.9338801503181458
YGL249W,YNL138W,0,-6.3509054,0.09700193256139755,1.0,0.9339801669120789
YHR029C,YOR037W,0,-6.3522806,0.09699255228042603,1.0,0.9340802431106567
YPR052C,YBR026C,0,-6.3524733,0.0969831719994545,1.0,0.9341802597045898
YFL029C,YGL050W,0,-6.3528557,0.09697379916906357,1.0,0.934280276298523
YNL259C,YER022W,0,-6.353013,0.09696442633867264,1.0,0.934380292892456
YIL177C,YJL170C,0,-6.355014,0.09695505350828171,1.0,0.9344803690910339
YDL008W,YPL227C,0,-6.355065,0.09694568067789078,1.0,0.934580385684967
YER162C,YPL081W,0,-6.355953,0.09693630784749985,1.0,0.9346804022789001
YGL023C,YJL006C,0,-6.3599143,0.09692694246768951,1.0,0.9347804188728333
YLR003C,YBR167C,0,-6.363615,0.09691757708787918,1.0,0.9348804354667664
YOR159C,YPR164W,0,-6.3643,0.09690821170806885,1.0,0.9349805116653442
YMR020W,YNL079C,0,-6.364952,0.09689885377883911,1.0,0.9350805282592773
YJL112W,YBR041W,0,-6.364979,0.09688948839902878,1.0,0.9351805448532104
YOR061W,YJL153C,0,-6.365718,0.09688013046979904,1.0,0.9352805614471436
YBR087W,YHR063C,0,-6.3680153,0.0968707725405693,1.0,0.9353806376457214
YJL149W,YNR017W,0,-6.3704085,0.09686142206192017,1.0,0.9354806542396545
YNR031C,YDL222C,0,-6.3704596,0.09685206413269043,1.0,0.9355806708335876
YOL062C,YDR216W,0,-6.3719573,0.09684271365404129,1.0,0.9356806874275208
YLR399C,YEL031W,0,-6.3728085,0.09683336317539215,1.0,0.9357807636260986
YMR099C,YDL161W,0,-6.3728676,0.09682402014732361,1.0,0.9358807802200317
YJL101C,YGL031C,0,-6.376873,0.09681466966867447,1.0,0.9359807968139648
YNR039C,YLR268W,0,-6.377761,0.09680532664060593,1.0,0.936080813407898
YML073C,YGR143W,0,-6.378244,0.09679598361253738,1.0,0.936180830001831
YMR244C-A,YIL125W,0,-6.3828964,0.09678664803504944,1.0,0.9362809062004089
YIL129C,YJR134C,0,-6.3830986,0.0967773050069809,1.0,0.936380922794342
YER166W,YOR128C,0,-6.384668,0.09676796942949295,1.0,0.9364809393882751
YKR058W,YML034W,0,-6.3865952,0.096758633852005,1.0,0.9365809559822083
YAL001C,YDR501W,0,-6.3921633,0.09674929827451706,1.0,0.9366810321807861
YKR038C,YLR097C,0,-6.395462,0.09673997014760971,1.0,0.9367810487747192
YIL134W,YJR161C,0,-6.3955603,0.09673064202070236,1.0,0.9368810653686523
YNL308C,YER051W,0,-6.3958387,0.09672131389379501,1.0,0.9369810819625854
YBL046W,YOL044W,0,-6.3958416,0.09671198576688766,1.0,0.9370810985565186
YIL136W,YOR063W,0,-6.396783,0.09670265763998032,1.0,0.9371811747550964
YDL231C,YBR287W,0,-6.398931,0.09669333696365356,1.0,0.9372811913490295
YKR026C,YMR087W,0,-6.400502,0.09668401628732681,1.0,0.9373812079429626
YLR371W,YJR076C,0,-6.401322,0.09667469561100006,1.0,0.9374812245368958
YDL095W,YNL192W,0,-6.4017396,0.0966653823852539,1.0,0.9375813007354736
YLR047C,YOR338W,0,-6.4048843,0.09665606915950775,1.0,0.9376813173294067
YPL144W,YGR295C,0,-6.406392,0.0966467559337616,1.0,0.9377813339233398
YGR238C,YKR048C,0,-6.409116,0.09663744270801544,1.0,0.937881350517273
YPR135W,YJR065C,0,-6.411078,0.09662812948226929,1.0,0.937981367111206
YDR508C,YJR104C,0,-6.414953,0.09661882370710373,1.0,0.9380814433097839
YMR086W,YNL304W,0,-6.4150324,0.09660951793193817,1.0,0.938181459903717
YOR221C,YLR081W,0,-6.415209,0.09660021215677261,1.0,0.9382814764976501
YCR003W,YHR104W,0,-6.4159584,0.09659090638160706,1.0,0.9383814930915833
YNR015W,YBR077C,0,-6.418459,0.0965816080570221,1.0,0.9384815692901611
YPR107C,YBR055C,0,-6.418879,0.09657230973243713,1.0,0.9385815858840942
YDR352W,YER007W,0,-6.4234314,0.09656301140785217,1.0,0.9386816024780273
YDR267C,YDR338C,0,-6.4245567,0.09655371308326721,1.0,0.9387816190719604
YDL128W,YGR056W,0,-6.425597,0.09654442220926285,1.0,0.9388816356658936
YMR296C,YGR144W,0,-6.425929,0.09653513133525848,1.0,0.9389817118644714
YGR288W,YGR234W,0,-6.4269857,0.09652584046125412,1.0,0.9390817284584045
YOR064C,YJR044C,0,-6.429531,0.09651654958724976,1.0,0.9391817450523376
YLR148W,YCL043C,0,-6.4349885,0.09650726616382599,1.0,0.9392817616462708
YGR074W,YLR144C,0,-6.4363213,0.09649798274040222,1.0,0.9393818378448486
YPR186C,YLL023C,0,-6.436741,0.09648869931697845,1.0,0.9394818544387817
YMR173W,YPR019W,0,-6.4374895,0.09647941589355469,1.0,0.9395818710327148
YBR245C,YFR045W,0,-6.4406214,0.09647013247013092,1.0,0.939681887626648
YNL224C,YPL129W,0,-6.4410334,0.09646085649728775,1.0,0.9397819638252258
YDR233C,YGL185C,0,-6.4420986,0.09645158052444458,1.0,0.9398819804191589
YOL138C,YEL011W,0,-6.4426312,0.09644230455160141,1.0,0.939981997013092
YBL036C,YPL159C,0,-6.444768,0.09643303602933884,1.0,0.9400820136070251
YGL001C,YDR138W,0,-6.4459114,0.09642376750707626,1.0,0.9401820302009583
YLR207W,YEL061C,0,-6.447274,0.09641449898481369,1.0,0.9402821063995361
YNR057C,YDR032C,0,-6.448551,0.09640523046255112,1.0,0.9403821229934692
YLR174W,YDL229W,0,-6.4486957,0.09639596194028854,1.0,0.9404821395874023
YIL145C,YGL119W,0,-6.448765,0.09638670086860657,1.0,0.9405821561813354
YNL125C,YBL041W,0,-6.4488225,0.09637743979692459,1.0,0.9406822323799133
YDR115W,YOR349W,0,-6.4518347,0.09636817872524261,1.0,0.9407822489738464
YLR238W,YML012W,0,-6.451889,0.09635891765356064,1.0,0.9408822655677795
YJL082W,YKL154W,0,-6.45357,0.09634966403245926,1.0,0.9409822821617126
YDR447C,YDR030C,0,-6.4547777,0.09634041041135788,1.0,0.9410822987556458
YDR371W,YKL163W,0,-6.4559736,0.0963311567902565,1.0,0.9411823749542236
YGR026W,YJR064W,0,-6.458622,0.09632190316915512,1.0,0.9412823915481567
YOR298W,YJR092W,0,-6.4600897,0.09631265699863434,1.0,0.9413824081420898
YMR026C,YLR010C,0,-6.4654713,0.09630341082811356,1.0,0.941482424736023
YJL029C,YLR262C,0,-6.469398,0.09629416465759277,1.0,0.9415825009346008
YKL208W,YNL122C,0,-6.470563,0.09628491848707199,1.0,0.9416825175285339
YGL251C,YNL122C,0,-6.470678,0.0962756797671318,1.0,0.941782534122467
YDR170C,YIL097W,0,-6.4734144,0.09626643359661102,1.0,0.9418825507164001
YMR260C,YLR081W,0,-6.4778953,0.09625719487667084,1.0,0.9419825673103333
YJL046W,YCL038C,0,-6.4804144,0.09624796360731125,1.0,0.9420826435089111
YKL222C,YOR216C,0,-6.4806128,0.09623872488737106,1.0,0.9421826601028442
YLR005W,YBR055C,0,-6.481221,0.09622949361801147,1.0,0.9422826766967773
YIL101C,YDR334W,0,-6.481757,0.09622026234865189,1.0,0.9423826932907104
YER104W,YER006W,0,-6.4824753,0.0962110310792923,1.0,0.9424827694892883
YCR046C,YDR369C,0,-6.4838867,0.09620179980993271,1.0,0.9425827860832214
YCR020C,YPR060C,0,-6.485202,0.09619257599115372,1.0,0.9426828026771545
YBL040C,YGR002C,0,-6.48926,0.09618335217237473,1.0,0.9427828192710876
YHL032C,YMR256C,0,-6.491305,0.09617412835359573,1.0,0.9428828358650208
YDR214W,YOR278W,0,-6.491515,0.09616491198539734,1.0,0.9429829120635986
YOR269W,YKL013C,0,-6.493561,0.09615568816661835,1.0,0.9430829286575317
YPL023C,YIL002C,0,-6.494339,0.09614647179841995,1.0,0.9431829452514648
YMR271C,YPL072W,0,-6.495371,0.09613725543022156,1.0,0.943282961845398
YDR255C,YPL032C,0,-6.4995184,0.09612804651260376,1.0,0.9433830380439758
YPL147W,YNL267W,0,-6.5015736,0.09611883014440536,1.0,0.9434830546379089
YLR278C,YML132W,0,-6.502528,0.09610962122678757,1.0,0.943583071231842
YDR233C,YPR001W,0,-6.5043297,0.09610041230916977,1.0,0.9436830878257751
YGR156W,YCR030C,0,-6.5077353,0.09609120339155197,1.0,0.943783164024353
YLR212C,YDL099W,0,-6.508771,0.09608200192451477,1.0,0.9438831806182861
YGR255C,YPL255W,0,-6.5111465,0.09607280045747757,1.0,0.9439831972122192
YMR083W,YEL031W,0,-6.5112305,0.09606359899044037,1.0,0.9440832138061523
YBR172C,YLR356W,0,-6.513322,0.09605439752340317,1.0,0.9441832304000854
YJL044C,YHR135C,0,-6.5136313,0.09604519605636597,1.0,0.9442833065986633
YIL138C,YBR243C,0,-6.517211,0.09603600203990936,1.0,0.9443833231925964
YGL011C,YIL016W,0,-6.518523,0.09602680802345276,1.0,0.9444833397865295
YMR250W,YPR019W,0,-6.527111,0.09601761400699615,1.0,0.9445833563804626
YER160C,YCL020W,0,-6.527716,0.09600841999053955,1.0,0.9446834325790405
YML054C,YOR303W,0,-6.529002,0.09599923342466354,1.0,0.9447834491729736
YJL136C,YDR480W,0,-6.530839,0.09599004685878754,1.0,0.9448834657669067
YIR010W,YDR313C,0,-6.5319095,0.09598086029291153,1.0,0.9449834823608398
YNL299W,YLR364W,0,-6.533039,0.09597167372703552,1.0,0.945083498954773
YGL002W,YCR057C,0,-6.5347013,0.09596249461174011,1.0,0.9451835751533508
YNL259C,YOR386W,0,-6.5348797,0.0959533154964447,1.0,0.9452835917472839
YPL023C,YOR039W,0,-6.535086,0.09594413638114929,1.0,0.945383608341217
YER162C,YML009C,0,-6.535123,0.09593495726585388,1.0,0.9454836249351501
YBL099W,YOL065C,0,-6.541144,0.09592578560113907,1.0,0.945583701133728
YDR034C,YAL033W,0,-6.541313,0.09591661393642426,1.0,0.9456837177276611
YDR113C,YJR059W,0,-6.5423255,0.09590744227170944,1.0,0.9457837343215942
YDR404C,YDR512C,0,-6.5436907,0.09589827060699463,1.0,0.9458837509155273
YPR066W,YKL100C,0,-6.545579,0.09588909894227982,1.0,0.9459837675094604
YKL124W,YGR198W,0,-6.5465026,0.0958799347281456,1.0,0.9460838437080383
YAL041W,YNR061C,0,-6.5470047,0.09587077051401138,1.0,0.9461838603019714
YNL160W,YER151C,0,-6.5478225,0.09586160629987717,1.0,0.9462838768959045
YGL040C,YIL111W,0,-6.5499706,0.09585244953632355,1.0,0.9463838934898376
YJR090C,YPR022C,0,-6.5529633,0.09584328532218933,1.0,0.9464839696884155
YIL127C,YDL054C,0,-6.553319,0.09583412855863571,1.0,0.9465839862823486
YPL152W,YER003C,0,-6.5569572,0.09582497179508209,1.0,0.9466840028762817
YDR171W,YNR023W,0,-6.558005,0.09581582248210907,1.0,0.9467840194702148
YAR050W,YDL022W,0,-6.5602164,0.09580666571855545,1.0,0.946884036064148
YPR101W,YLR394W,0,-6.560796,0.09579751640558243,1.0,0.9469841122627258
YPR056W,YMR289W,0,-6.5625257,0.0957883670926094,1.0,0.9470841288566589
YBL050W,YDR487C,0,-6.5641623,0.09577921777963638,1.0,0.947184145450592
YMR154C,YGL234W,0,-6.565344,0.09577007591724396,1.0,0.9472841620445251
YIR005W,YOL090W,0,-6.5655813,0.09576093405485153,1.0,0.947384238243103
YBR185C,YLR024C,0,-6.567843,0.0957517921924591,1.0,0.9474842548370361
YJR107W,YNL122C,0,-6.5684576,0.09574265033006668,1.0,0.9475842714309692
YNL012W,YNL248C,0,-6.569483,0.09573350846767426,1.0,0.9476842880249023
YLR071C,YGL185C,0,-6.5697355,0.09572437405586243,1.0,0.9477843642234802
YDR113C,YBR077C,0,-6.5712523,0.0957152396440506,1.0,0.9478843808174133
YMR169C,YCR092C,0,-6.5788474,0.09570610523223877,1.0,0.9479843974113464
YNL282W,YDR419W,0,-6.580737,0.09569697827100754,1.0,0.9480844140052795
YOR244W,YCR096C,0,-6.59647,0.09568784385919571,1.0,0.9481844305992126
YKL180W,YHR209W,0,-6.6014977,0.09567871689796448,1.0,0.9482845067977905
YAL001C,YML052W,0,-6.604304,0.09566958993673325,1.0,0.9483845233917236
YPL220W,YOR008C,0,-6.6050453,0.09566047042608261,1.0,0.9484845399856567
YJR125C,YOR151C,0,-6.60538,0.09565134346485138,1.0,0.9485845565795898
YIL177C,YLR289W,0,-6.605466,0.09564222395420074,1.0,0.9486846327781677
YLR170C,YLR153C,0,-6.607159,0.09563310444355011,1.0,0.9487846493721008
YGR076C,YCR030C,0,-6.6073227,0.09562398493289948,1.0,0.9488846659660339
YJR094W-A,YBL089W,0,-6.612953,0.09561487287282944,1.0,0.948984682559967
YLR233C,YHR061C,0,-6.6132984,0.0956057608127594,1.0,0.9490846991539001
YFR044C,YOR265W,0,-6.614871,0.09559664875268936,1.0,0.949184775352478
YDL040C,YHL024W,0,-6.617708,0.09558753669261932,1.0,0.9492847919464111
YLR176C,YGL071W,0,-6.6215615,0.09557842463254929,1.0,0.9493848085403442
YNL265C,YPL002C,0,-6.6232243,0.09556932002305984,1.0,0.9494848251342773
YLR278C,YDL029W,0,-6.627438,0.0955602154135704,1.0,0.9495849013328552
YLR214W,YMR097C,0,-6.6357327,0.09555111080408096,1.0,0.9496849179267883
YHR102W,YGR116W,0,-6.63626,0.09554200619459152,1.0,0.9497849345207214
YCR046C,YGL153W,0,-6.63791,0.09553290903568268,1.0,0.9498849511146545
YMR146C,YER046W,0,-6.6389093,0.09552381187677383,1.0,0.9499849677085876
YLR207W,YOR205C,0,-6.639179,0.09551471471786499,1.0,0.9500850439071655
YBR297W,YDL005C,0,-6.642521,0.09550561755895615,1.0,0.9501850605010986
YHR156C,YML064C,0,-6.6429234,0.0954965278506279,1.0,0.9502850770950317
YIR036C,YFR037C,0,-6.644004,0.09548743069171906,1.0,0.9503850936889648
YNL213C,YMR163C,0,-6.645113,0.09547834098339081,1.0,0.9504851698875427
YDR298C,YNL322C,0,-6.6452494,0.09546925872564316,1.0,0.9505851864814758
YDR479C,YKR014C,0,-6.647702,0.09546016901731491,1.0,0.9506852030754089
YHR005C-A,YPL274W,0,-6.650526,0.09545108675956726,1.0,0.950785219669342
YOR089C,YCR034W,0,-6.6518054,0.09544200450181961,1.0,0.9508852362632751
YGL044C,YIL103W,0,-6.653988,0.09543292224407196,1.0,0.950985312461853
YLR242C,YDL193W,0,-6.656329,0.09542383998632431,1.0,0.9510853290557861
YPL094C,YDR126W,0,-6.6602592,0.09541476517915726,1.0,0.9511853456497192
YBR125C,YLR204W,0,-6.6623964,0.0954056903719902,1.0,0.9512853622436523
YPL055C,YGR109C,0,-6.6651354,0.09539661556482315,1.0,0.9513854384422302
YDR358W,YOR123C,0,-6.666032,0.0953875407576561,1.0,0.9514854550361633
YER054C,YKR057W,0,-6.668481,0.09537847340106964,1.0,0.9515854716300964
YPR023C,YLR418C,0,-6.67159,0.09536939859390259,1.0,0.9516854882240295
YKL073W,YDR313C,0,-6.6759543,0.09536033123731613,1.0,0.9517855644226074
YER166W,YDL097C,0,-6.682029,0.09535127133131027,1.0,0.9518855810165405
YNR047W,YJL047C,0,-6.682682,0.09534220397472382,1.0,0.9519855976104736
YMR070W,YNL015W,0,-6.683503,0.09533314406871796,1.0,0.9520856142044067
YMR216C,YLR079W,0,-6.6836934,0.0953240841627121,1.0,0.9521856307983398
YCR037C,YML034W,0,-6.6847496,0.09531502425670624,1.0,0.9522857069969177
YLR197W,YJL159W,0,-6.6850457,0.09530596435070038,1.0,0.9523857235908508
YDR067C,YMR272C,0,-6.687714,0.09529691189527512,1.0,0.9524857401847839
YLL011W,YAR031W,0,-6.68783,0.09528785943984985,1.0,0.952585756778717
YBR221C,YGL185C,0,-6.689418,0.09527880698442459,1.0,0.9526858329772949
YPL048W,YDR353W,0,-6.6916494,0.09526975452899933,1.0,0.952785849571228
YLR285W,YOR288C,0,-6.6918983,0.09526070952415466,1.0,0.9528858661651611
YBR283C,YDR069C,0,-6.696765,0.09525166451931,1.0,0.9529858827590942
YDR532C,YPR056W,0,-6.697639,0.09524261951446533,1.0,0.9530858993530273
YDR388W,YOR261C,0,-6.6979227,0.09523357450962067,1.0,0.9531859755516052
YAL022C,YGR222W,0,-6.698064,0.095224529504776,1.0,0.9532859921455383
YNL208W,YGL203C,0,-6.698674,0.09521549195051193,1.0,0.9533860087394714
YNR001C,YGR037C,0,-6.708112,0.09520645439624786,1.0,0.9534860253334045
YGL250W,YDR421W,0,-6.708331,0.0951974168419838,1.0,0.9535861015319824
YLR088W,YNL264C,0,-6.7127743,0.09518838673830032,1.0,0.9536861181259155
YBL020W,YFL029C,0,-6.71707,0.09517934918403625,1.0,0.9537861347198486
YIR021W,YDR166C,0,-6.7208147,0.09517031908035278,1.0,0.9538861513137817
YGL245W,YCR079W,0,-6.7224274,0.09516128897666931,1.0,0.9539861679077148
YMR298W,YKL198C,0,-6.722541,0.09515225887298584,1.0,0.9540862441062927
YBR182C,YMR309C,0,-6.722953,0.09514323621988297,1.0,0.9541862607002258
YDL192W,YMR278W,0,-6.726195,0.09513421356678009,1.0,0.9542862772941589
YDR115W,YBR105C,0,-6.726635,0.09512519091367722,1.0,0.954386293888092
YER035W,YGL077C,0,-6.7276382,0.09511616826057434,1.0,0.9544863700866699
YMR298W,YKL180W,0,-6.7284946,0.09510715305805206,1.0,0.954586386680603
YDL229W,YOR070C,0,-6.7286377,0.09509813040494919,1.0,0.9546864032745361
YLR370C,YIL004C,0,-6.7288246,0.09508911520242691,1.0,0.9547864198684692
YCR083W,YGR145W,0,-6.730036,0.09508009999990463,1.0,0.9548864364624023
YDL143W,YDL115C,0,-6.732682,0.09507109224796295,1.0,0.9549865126609802
YLR421C,YKR071C,0,-6.7333813,0.09506207704544067,1.0,0.9550865292549133
YBL018C,YGL179C,0,-6.7350636,0.09505306929349899,1.0,0.9551865458488464
YBR102C,YJL097W,0,-6.737089,0.09504406154155731,1.0,0.9552865624427795
YPL190C,YER150W,0,-6.739055,0.09503506124019623,1.0,0.9553866386413574
YLR129W,YLR225C,0,-6.7413673,0.09502605348825455,1.0,0.9554866552352905
YBR006W,YGR135W,0,-6.743802,0.09501705318689346,1.0,0.9555866718292236
YFR005C,YPL017C,0,-6.7443094,0.09500805288553238,1.0,0.9556866884231567
YBL089W,YDR137W,0,-6.745719,0.0949990525841713,1.0,0.9557867646217346
YKL119C,YOL056W,0,-6.7465334,0.09499005228281021,1.0,0.9558867812156677
YKL067W,YOR205C,0,-6.749585,0.09498105943202972,1.0,0.9559867978096008
YGR145W,YPL055C,0,-6.7506447,0.09497206658124924,1.0,0.9560868144035339
YKL086W,YNL223W,0,-6.7510242,0.09496307373046875,1.0,0.956186830997467
YOL082W,YLR134W,0,-6.7542715,0.09495408833026886,1.0,0.9562869071960449
YPL150W,YNR016C,0,-6.7567253,0.09494509547948837,1.0,0.956386923789978
YBL105C,YDR018C,0,-6.7600307,0.09493611007928848,1.0,0.9564869403839111
YLR096W,YOL151W,0,-6.7638273,0.09492712467908859,1.0,0.9565869569778442
YOR174W,YER008C,0,-6.7640743,0.0949181392788887,1.0,0.9566870331764221
YNL336W,YJR029W,0,-6.766968,0.09490916132926941,1.0,0.9567870497703552
YHR016C,YGL068W,0,-6.767724,0.09490018337965012,1.0,0.9568870663642883
YDR393W,YEL038W,0,-6.7688994,0.09489119797945023,1.0,0.9569870829582214
YDL029W,YAR015W,0,-6.7701206,0.09488222748041153,1.0,0.9570870995521545
YLR110C,YER039C,0,-6.773059,0.09487324953079224,1.0,0.9571871757507324
YGL031C,YMR316W,0,-6.7737617,0.09486427903175354,1.0,0.9572871923446655
YDR351W,YGR199W,0,-6.7743235,0.09485530853271484,1.0,0.9573872089385986
YNL322C,YBL076C,0,-6.782011,0.09484633803367615,1.0,0.9574872255325317
YMR201C,YDR495C,0,-6.7828274,0.09483736753463745,1.0,0.9575873017311096
YLR042C,YLL008W,0,-6.7862797,0.09482840448617935,1.0,0.9576873183250427
YPR091C,YBR179C,0,-6.7863836,0.09481943398714066,1.0,0.9577873349189758
YLR440C,YDR387C,0,-6.786916,0.09481047093868256,1.0,0.9578873515129089
YDL195W,YGR268C,0,-6.7880764,0.09480151534080505,1.0,0.957987368106842
YGL051W,YHR003C,0,-6.7900434,0.09479255229234695,1.0,0.9580874443054199
YNL154C,YCR023C,0,-6.7912774,0.09478359669446945,1.0,0.958187460899353
YOR374W,YPL170W,0,-6.791546,0.09477464109659195,1.0,0.9582874774932861
YOL129W,YDL208W,0,-6.7974253,0.09476568549871445,1.0,0.9583874940872192
YJR101W,YNL229C,0,-6.7986794,0.09475672990083694,1.0,0.9584875702857971
YBR059C,YDR115W,0,-6.798847,0.09474778175354004,1.0,0.9585875868797302
YGR184C,YBR227C,0,-6.7990346,0.09473883360624313,1.0,0.9586876034736633
YJR067C,YBR228W,0,-6.801283,0.09472988545894623,1.0,0.9587876200675964
YJL141C,YOR094W,0,-6.8015966,0.09472093731164932,1.0,0.9588876366615295
YBR244W,YPL089C,0,-6.8021717,0.09471198916435242,1.0,0.9589877128601074
YLR016C,YBR182C,0,-6.8028393,0.09470304846763611,1.0,0.9590877294540405
YBR006W,YNR023W,0,-6.803384,0.0946941077709198,1.0,0.9591877460479736
YER115C,YKL175W,0,-6.805289,0.09468516707420349,1.0,0.9592877626419067
YPR030W,YOL147C,0,-6.8077736,0.09467623382806778,1.0,0.9593878388404846
YKL222C,YOR092W,0,-6.809488,0.09466729313135147,1.0,0.9594878554344177
YDR369C,YJR064W,0,-6.810113,0.09465835988521576,1.0,0.9595878720283508
YOL137W,YHL027W,0,-6.8179193,0.09464942663908005,1.0,0.9596878886222839
YEL002C,YHR207C,0,-6.821635,0.09464050084352493,1.0,0.9597879648208618
YGL020C,YBR150C,0,-6.8242073,0.09463156759738922,1.0,0.9598879814147949
YMR240C,YOR099W,0,-6.827288,0.0946226418018341,1.0,0.959987998008728
YNL274C,YGL125W,0,-6.8300676,0.09461371600627899,1.0,0.9600880146026611
YCL032W,YBR084C-A,0,-6.8362293,0.09460479021072388,1.0,0.9601880311965942
YBL021C,YLL003W,0,-6.8399644,0.09459587186574936,1.0,0.9602881073951721
YLR138W,YOR321W,0,-6.8407817,0.09458694607019424,1.0,0.9603881239891052
YFR019W,YKL056C,0,-6.8414793,0.09457802772521973,1.0,0.9604881405830383
YMR173W,YNL152W,0,-6.8422117,0.09456910938024521,1.0,0.9605881571769714
YIL099W,YGL021W,0,-6.8466005,0.09456019848585129,1.0,0.9606882333755493
YPL119C,YNL264C,0,-6.847025,0.09455128014087677,1.0,0.9607882499694824
YOR159C,YOR173W,0,-6.851972,0.09454236924648285,1.0,0.9608882665634155
YDR531W,YPL188W,0,-6.852291,0.09453345835208893,1.0,0.9609882831573486
YML010W,YJL141C,0,-6.852786,0.09452454745769501,1.0,0.9610882997512817
YIL157C,YHR047C,0,-6.855575,0.09451564401388168,1.0,0.9611883759498596
YDR499W,YAL031C,0,-6.862095,0.09450674057006836,1.0,0.9612883925437927
YPL112C,YDR030C,0,-6.864687,0.09449782967567444,1.0,0.9613884091377258
YER171W,YBR110W,0,-6.86498,0.09448893368244171,1.0,0.9614884257316589
YCL057W,YLR165C,0,-6.866927,0.09448003023862839,1.0,0.9615885019302368
YJR137C,YGR091W,0,-6.867966,0.09447113424539566,1.0,0.9616885185241699
YGL157W,YAL020C,0,-6.8711753,0.09446223080158234,1.0,0.961788535118103
YJR103W,YNL304W,0,-6.8758135,0.09445333480834961,1.0,0.9618885517120361
YJL145W,YJL073W,0,-6.8786254,0.09444444626569748,1.0,0.9619885683059692
YBL060W,YPR107C,0,-6.881831,0.09443555027246475,1.0,0.9620886445045471
YOL120C,YJL170C,0,-6.8864927,0.09442666172981262,1.0,0.9621886610984802
YBL024W,YGL185C,0,-6.8988233,0.09441777318716049,1.0,0.9622886776924133
YJR092W,YDL193W,0,-6.899984,0.09440888464450836,1.0,0.9623886942863464
YDL030W,YLR148W,0,-6.900192,0.09440000355243683,1.0,0.9624887704849243
YDR084C,YNL289W,0,-6.9015646,0.0943911150097847,1.0,0.9625887870788574
YOR361C,YJL100W,0,-6.907508,0.09438223391771317,1.0,0.9626888036727905
YCL014W,YNL147W,0,-6.9101763,0.09437335282564163,1.0,0.9627888202667236
YBR081C,YER094C,0,-6.911192,0.0943644717335701,1.0,0.9628888368606567
YGR285C,YNL202W,0,-6.9123783,0.09435559809207916,1.0,0.9629889130592346
YDR506C,YKL101W,0,-6.913637,0.09434672445058823,1.0,0.9630889296531677
YOR226C,YPL110C,0,-6.9191165,0.09433785080909729,1.0,0.9631889462471008
YFR042W,YNL126W,0,-6.921728,0.09432897716760635,1.0,0.9632889628410339
YPR201W,YML043C,0,-6.9230347,0.09432010352611542,1.0,0.9633890390396118
YNR047W,YBR179C,0,-6.924111,0.09431123733520508,1.0,0.9634890556335449
YFL057C,YHL004W,0,-6.92568,0.09430237114429474,1.0,0.963589072227478
YAR015W,YCR009C,0,-6.926761,0.0942935049533844,1.0,0.9636890888214111
YOL016C,YML019W,0,-6.9271207,0.09428463876247406,1.0,0.963789165019989
YDR107C,YJL085W,0,-6.9277544,0.09427578002214432,1.0,0.9638891816139221
YLR210W,YMR169C,0,-6.9323025,0.09426691383123398,1.0,0.9639891982078552
YBL050W,YJL060W,0,-6.9342213,0.09425805509090424,1.0,0.9640892148017883
YER048C,YLR117C,0,-6.9348683,0.09424920380115509,1.0,0.9641892313957214
YDL021W,YNL267W,0,-6.9359255,0.09424034506082535,1.0,0.9642893075942993
YAL060W,YGR192C,0,-6.93604,0.0942314937710762,1.0,0.9643893241882324
YCL047C,YBL024W,0,-6.9445496,0.09422264248132706,1.0,0.9644893407821655
YOR217W,YMR297W,0,-6.94713,0.09421379119157791,1.0,0.9645893573760986
YGR257C,YDR006C,0,-6.947796,0.09420493990182877,1.0,0.9646894335746765
YJL101C,YNL307C,0,-6.9497375,0.09419609606266022,1.0,0.9647894501686096
YNL242W,YLR414C,0,-6.9498124,0.09418724477291107,1.0,0.9648894667625427
YML121W,YBL079W,0,-6.951989,0.09417840093374252,1.0,0.9649894833564758
YMR180C,YDR101C,0,-6.9556456,0.09416956454515457,1.0,0.9650894999504089
YGL059W,YNL315C,0,-6.960561,0.09416072070598602,1.0,0.9651895761489868
YOR028C,YOR226C,0,-6.962672,0.09415188431739807,1.0,0.9652895927429199
YAR027W,YJR134C,0,-6.9627132,0.09414304792881012,1.0,0.965389609336853
YOR173W,YOR128C,0,-6.967151,0.09413421154022217,1.0,0.9654896259307861
YNL259C,YGL150C,0,-6.9690433,0.09412537515163422,1.0,0.965589702129364
YBR253W,YPL214C,0,-6.9704456,0.09411654621362686,1.0,0.9656897187232971
YMR061W,YGR172C,0,-6.98557,0.09410770982503891,1.0,0.9657897353172302
YDR171W,YGL040C,0,-6.9916763,0.09409888088703156,1.0,0.9658897519111633
YIL139C,YBR074W,0,-6.99689,0.0940900593996048,1.0,0.9659897685050964
YOR153W,YBR126C,0,-6.9975805,0.09408123046159744,1.0,0.9660898447036743
YPL111W,YGL059W,0,-6.997734,0.09407240897417068,1.0,0.9661898612976074
YNL012W,YIR021W,0,-6.998142,0.09406358748674393,1.0,0.9662898778915405
YJR147W,YLR160C,0,-6.9991264,0.09405476599931717,1.0,0.9663898944854736
YGL203C,YPR181C,0,-7.001178,0.09404594451189041,1.0,0.9664899706840515
YLR265C,YOR288C,0,-7.0026464,0.09403713047504425,1.0,0.9665899872779846
YKL174C,YBR110W,0,-7.005848,0.09402830898761749,1.0,0.9666900038719177
YOL027C,YDR006C,0,-7.0082645,0.09401949495077133,1.0,0.9667900204658508
YFL062W,YBR081C,0,-7.010333,0.09401068836450577,1.0,0.9668900966644287
YHR030C,YNR051C,0,-7.0108128,0.0940018743276596,1.0,0.9669901132583618
YML109W,YLR228C,0,-7.02034,0.09399306774139404,1.0,0.9670901298522949
YMR017W,YJR121W,0,-7.0222225,0.09398426115512848,1.0,0.967190146446228
YKL173W,YGR282C,0,-7.0224266,0.09397545456886292,1.0,0.9672901630401611
YLR459W,YNL119W,0,-7.0232363,0.09396664798259735,1.0,0.967390239238739
YAR007C,YPL047W,0,-7.026161,0.09395784884691238,1.0,0.9674902558326721
YJL080C,YHR171W,0,-7.0268874,0.09394904226064682,1.0,0.9675902724266052
YPL236C,YNL262W,0,-7.0318613,0.09394024312496185,1.0,0.9676902890205383
YGL083W,YEL011W,0,-7.0381556,0.09393145143985748,1.0,0.9677903652191162
YGL250W,YOL133W,0,-7.0475583,0.09392265230417252,1.0,0.9678903818130493
YLR057W,YDR387C,0,-7.051249,0.09391386061906815,1.0,0.9679903984069824
YGL160W,YHR063C,0,-7.0534267,0.09390506148338318,1.0,0.9680904150009155
YGR118W,YGL124C,0,-7.064939,0.0938962772488594,1.0,0.9681904315948486
YHR067W,YGR216C,0,-7.0652742,0.09388748556375504,1.0,0.9682905077934265
YDL005C,YDR079W,0,-7.068705,0.09387869387865067,1.0,0.9683905243873596
YNL290W,YOL165C,0,-7.0697403,0.09386990964412689,1.0,0.9684905409812927
YNL026W,YHL027W,0,-7.07008,0.09386112540960312,1.0,0.9685905575752258
YGR288W,YAL033W,0,-7.072492,0.09385234117507935,1.0,0.9686906337738037
YLR378C,YOL117W,0,-7.0736117,0.09384356439113617,1.0,0.9687906503677368
YDR115W,YKL010C,0,-7.0824604,0.0938347801566124,1.0,0.9688906669616699
YHR101C,YLL004W,0,-7.0832286,0.09382600337266922,1.0,0.968990683555603
YNR039C,YOR181W,0,-7.0834455,0.09381722658872604,1.0,0.9690907001495361
YDR013W,YEL064C,0,-7.0848246,0.09380845725536346,1.0,0.969190776348114
YOR075W,YBR110W,0,-7.0849056,0.09379968047142029,1.0,0.9692907929420471
YCL011C,YGR163W,0,-7.0891027,0.09379091113805771,1.0,0.9693908095359802
YDL005C,YCR071C,0,-7.0916038,0.09378214180469513,1.0,0.9694908261299133
YLR410W,YLR421C,0,-7.093587,0.09377337247133255,1.0,0.9695909023284912
YLR107W,YDR167W,0,-7.0967646,0.09376461058855057,1.0,0.9696909189224243
YLR129W,YDR387C,0,-7.0981283,0.09375584125518799,1.0,0.9697909355163574
YBR102C,YLL027W,0,-7.0981402,0.093747079372406,1.0,0.9698909521102905
YLL043W,YHR171W,0,-7.099629,0.09373831748962402,1.0,0.9699909687042236
YPL046C,YER083C,0,-7.1009455,0.09372955560684204,1.0,0.9700910449028015
YOL088C,YGR086C,0,-7.1026735,0.09372080117464066,1.0,0.9701910614967346
YLR381W,YGR184C,0,-7.1053276,0.09371204674243927,1.0,0.9702910780906677
YLR070C,YJR040W,0,-7.1133966,0.09370328485965729,1.0,0.9703910946846008
YER154W,YBL102W,0,-7.1135964,0.0936945378780365,1.0,0.9704911708831787
YAL047C,YOR162C,0,-7.113924,0.09368578344583511,1.0,0.9705911874771118
YNL238W,YBL040C,0,-7.1215034,0.09367703646421432,1.0,0.9706912040710449
YBR244W,YGL100W,0,-7.127075,0.09366828203201294,1.0,0.970791220664978
YBR159W,YJR006W,0,-7.1306024,0.09365953505039215,1.0,0.9708912968635559
YMR281W,YBL057C,0,-7.1311154,0.09365079551935196,1.0,0.970991313457489
YNL116W,YMR188C,0,-7.1326876,0.09364204853773117,1.0,0.9710913300514221
YOR230W,YBR009C,0,-7.1331,0.09363330900669098,1.0,0.9711913466453552
YPL232W,YHR018C,0,-7.133873,0.09362456947565079,1.0,0.9712913632392883
YAR027W,YJL080C,0,-7.1342425,0.0936158299446106,1.0,0.9713914394378662
YLR370C,YDR208W,0,-7.136893,0.0936070904135704,1.0,0.9714914560317993
YDR171W,YDL133C-A,0,-7.1380177,0.09359835833311081,1.0,0.9715914726257324
YBL023C,YIL072W,0,-7.1384735,0.09358962625265121,1.0,0.9716914892196655
YNL172W,YKL167C,0,-7.148228,0.09358089417219162,1.0,0.9717915654182434
YLR098C,YEL050C,0,-7.15088,0.09357216209173203,1.0,0.9718915820121765
YOR212W,YKL124W,0,-7.1562157,0.09356343001127243,1.0,0.9719915986061096
YLR172C,YGL141W,0,-7.165518,0.09355470538139343,1.0,0.9720916152000427
YLR107W,YGR158C,0,-7.1670523,0.09354598075151443,1.0,0.9721916317939758
YOR077W,YGL040C,0,-7.175935,0.09353725612163544,1.0,0.9722917079925537
YML116W,YAL061W,0,-7.176449,0.09352853149175644,1.0,0.9723917245864868
YOL016C,YMR190C,0,-7.1774006,0.09351981431245804,1.0,0.9724917411804199
YCL043C,YLR410W,0,-7.184114,0.09351109713315964,1.0,0.972591757774353
YDR115W,YGR144W,0,-7.1873493,0.09350237995386124,1.0,0.9726918339729309
YMR044W,YDR285W,0,-7.1960473,0.09349366277456284,1.0,0.972791850566864
YLR127C,YGL180W,0,-7.204075,0.09348494559526443,1.0,0.9728918671607971
YMR049C,YGL185C,0,-7.2048254,0.09347623586654663,1.0,0.9729918837547302
YDL179W,YHL024W,0,-7.2070565,0.09346752613782883,1.0,0.9730919003486633
YOR315W,YML128C,0,-7.2076874,0.09345881640911102,1.0,0.9731919765472412
YLR155C,YDR139C,0,-7.2209578,0.09345010668039322,1.0,0.9732919931411743
YDR342C,YOR208W,0,-7.221777,0.09344140440225601,1.0,0.9733920097351074
YOL147C,YDL055C,0,-7.2254763,0.09343269467353821,1.0,0.9734920263290405
YGL094C,YJR099W,0,-7.227081,0.093423992395401,1.0,0.9735921025276184
YNL009W,YEL061C,0,-7.236752,0.0934152901172638,1.0,0.9736921191215515
YJL137C,YMR121C,0,-7.244045,0.09340659528970718,1.0,0.9737921357154846
YDL190C,YNR007C,0,-7.2456827,0.09339789301156998,1.0,0.9738921523094177
YCR081W,YOR204W,0,-7.24817,0.09338919818401337,1.0,0.9739921689033508
YKR046C,YMR089C,0,-7.2485533,0.09338050335645676,1.0,0.9740922451019287
YAL063C,YLR289W,0,-7.2506437,0.09337180852890015,1.0,0.9741922616958618
YPL186C,YDR487C,0,-7.266904,0.09336312115192413,1.0,0.9742922782897949
YNL125C,YPL218W,0,-7.268764,0.09335443377494812,1.0,0.974392294883728
YFR015C,YDL130W,0,-7.275077,0.09334573894739151,1.0,0.9744923710823059
YDR264C,YGL068W,0,-7.2804556,0.0933370590209961,1.0,0.974592387676239
YMR271C,YAL022C,0,-7.2831674,0.09332837164402008,1.0,0.9746924042701721
YFL050C,YJL207C,0,-7.289916,0.09331968426704407,1.0,0.9747924208641052
YNL325C,YMR300C,0,-7.2921047,0.09331100434064865,1.0,0.9748924970626831
YGL043W,YCL055W,0,-7.2942886,0.09330232441425323,1.0,0.9749925136566162
YGL223C,YER070W,0,-7.313979,0.09329364448785782,1.0,0.9750925302505493
YKR026C,YGL179C,0,-7.3140717,0.093284972012043,1.0,0.9751925468444824
YML007W,YDR511W,0,-7.3153343,0.09327629208564758,1.0,0.9752925634384155
YFL047W,YBR129C,0,-7.315672,0.09326761960983276,1.0,0.9753926396369934
YBR201W,YMR038C,0,-7.320636,0.09325894713401794,1.0,0.9754926562309265
YGR199W,YKL094W,0,-7.325521,0.09325028210878372,1.0,0.9755926728248596
YLR153C,YGR002C,0,-7.3261147,0.0932416096329689,1.0,0.9756926894187927
YKL179C,YBR033W,0,-7.326865,0.09323294460773468,1.0,0.9757927656173706
YDR003W,YKL154W,0,-7.3297234,0.09322427958250046,1.0,0.9758927822113037
YDR267C,YDR519W,0,-7.339656,0.09321561455726624,1.0,0.9759927988052368
YPR125W,YDR076W,0,-7.3424926,0.09320694953203201,1.0,0.9760928153991699
YOR321W,YLR368W,0,-7.345626,0.09319829195737839,1.0,0.976192831993103
YLR016C,YIL046W,0,-7.350144,0.09318963438272476,1.0,0.9762929081916809
YKL126W,YDR495C,0,-7.351549,0.09318097680807114,1.0,0.976392924785614
YGR255C,YOL086C,0,-7.353567,0.09317231923341751,1.0,0.9764929413795471
YNL281W,YML007W,0,-7.3578343,0.09316366165876389,1.0,0.9765929579734802
YKL174C,YML097C,0,-7.360153,0.09315501153469086,1.0,0.9766930341720581
YDL084W,YGR008C,0,-7.3638444,0.09314636141061783,1.0,0.9767930507659912
YNR026C,YCL069W,0,-7.368518,0.0931377112865448,1.0,0.9768930673599243
YOR229W,YDL127W,0,-7.368548,0.09312906116247177,1.0,0.9769930839538574
YGL184C,YDR194C,0,-7.3774405,0.09312041848897934,1.0,0.9770931005477905
YGL253W,YDR032C,0,-7.3782344,0.09311176836490631,1.0,0.9771931767463684
YMR115W,YJR091C,0,-7.3788176,0.09310312569141388,1.0,0.9772931933403015
YNL116W,YDR109C,0,-7.3838825,0.09309448301792145,1.0,0.9773932099342346
YDR262W,YLR048W,0,-7.3855486,0.09308584779500961,1.0,0.9774932265281677
YNL222W,YBR273C,0,-7.389552,0.09307720512151718,1.0,0.9775933027267456
YMR099C,YBR074W,0,-7.3898926,0.09306856989860535,1.0,0.9776933193206787
YER018C,YJL148W,0,-7.390956,0.09305993467569351,1.0,0.9777933359146118
YDL204W,YKR048C,0,-7.394623,0.09305130690336227,1.0,0.9778933525085449
YOL111C,YNL077W,0,-7.404002,0.09304267168045044,1.0,0.977993369102478
YIL171W,YDR158W,0,-7.405032,0.0930340439081192,1.0,0.9780934453010559
YOR171C,YBR236C,0,-7.4055896,0.09302541613578796,1.0,0.978193461894989
YJR064W,YDR142C,0,-7.4064236,0.09301678836345673,1.0,0.9782934784889221
YGL020C,YDL194W,0,-7.414451,0.09300816059112549,1.0,0.9783934950828552
YBR210W,YMR167W,0,-7.416869,0.09299953281879425,1.0,0.9784935712814331
YDL215C,YHR167W,0,-7.419817,0.09299091249704361,1.0,0.9785935878753662
YAL044C,YMR067C,0,-7.423668,0.09298229217529297,1.0,0.9786936044692993
YLR069C,YOR036W,0,-7.4255896,0.09297367185354233,1.0,0.9787936210632324
YCL050C,YKL100C,0,-7.432001,0.09296505898237228,1.0,0.9788936972618103
YLR097C,YLL003W,0,-7.4332085,0.09295643866062164,1.0,0.9789937138557434
YDL020C,YGL203C,0,-7.4380765,0.0929478257894516,1.0,0.9790937304496765
YMR311C,YNL146W,0,-7.4383883,0.09293921291828156,1.0,0.9791937470436096
YAR007C,YDL022W,0,-7.438919,0.09293060004711151,1.0,0.9792937636375427
YJL192C,YER184C,0,-7.4414644,0.09292199462652206,1.0,0.9793938398361206
YGR133W,YML008C,0,-7.442549,0.09291338920593262,1.0,0.9794938564300537
YNL329C,YFL014W,0,-7.443056,0.09290477633476257,1.0,0.9795938730239868
YML062C,YDR338C,0,-7.446188,0.09289617836475372,1.0,0.9796938896179199
YKL061W,YKR002W,0,-7.4495025,0.09288757294416428,1.0,0.9797939658164978
YDR017C,YJL171C,0,-7.4520226,0.09287896752357483,1.0,0.9798939824104309
YDL085W,YOR033C,0,-7.4523373,0.09287036955356598,1.0,0.979993999004364
YGR238C,YLR262C,0,-7.4570746,0.09286177158355713,1.0,0.9800940155982971
YCL061C,YBR033W,0,-7.4651957,0.09285317361354828,1.0,0.9801940321922302
YPR005C,YDR237W,0,-7.4662247,0.09284458309412003,1.0,0.9802941083908081
YOL110W,YDR167W,0,-7.4693613,0.09283598512411118,1.0,0.9803941249847412
YDR496C,YDR076W,0,-7.476027,0.09282739460468292,1.0,0.9804941415786743
YDR495C,YLR270W,0,-7.479368,0.09281880408525467,1.0,0.9805941581726074
YOR217W,YDR392W,0,-7.4827385,0.09281021356582642,1.0,0.9806942343711853
YBR067C,YDL082W,0,-7.4909186,0.09280163049697876,1.0,0.9807942509651184
YPL270W,YJL124C,0,-7.4909925,0.0927930399775505,1.0,0.9808942675590515
YER124C,YPR159W,0,-7.492757,0.09278445690870285,1.0,0.9809942841529846
YJL103C,YDL052C,0,-7.4957933,0.0927758738398552,1.0,0.9810943007469177
YJL137C,YKR090W,0,-7.496995,0.09276729822158813,1.0,0.9811943769454956
YLR403W,YGL012W,0,-7.497697,0.09275871515274048,1.0,0.9812943935394287
YKL095W,YOR326W,0,-7.501849,0.09275013953447342,1.0,0.9813944101333618
YJL225C,YJL047C,0,-7.513002,0.09274156391620636,1.0,0.9814944267272949
YLR163C,YMR189W,0,-7.528403,0.0927329882979393,1.0,0.9815945029258728
YIL117C,YLR264W,0,-7.5320354,0.09272441267967224,1.0,0.9816945195198059
YER068W,YGR086C,0,-7.543146,0.09271584451198578,1.0,0.981794536113739
YPL217C,YGR133W,0,-7.544006,0.09270727634429932,1.0,0.9818945527076721
YLR026C,YMR115W,0,-7.5524926,0.09269870817661285,1.0,0.9819945693016052
YBL102W,YIL015W,0,-7.5612664,0.09269014000892639,1.0,0.9820946455001831
YDR358W,YOL049W,0,-7.565692,0.09268157184123993,1.0,0.9821946620941162
YOR209C,YFL055W,0,-7.5667667,0.09267301112413406,1.0,0.9822946786880493
YNL308C,YFR021W,0,-7.5710297,0.0926644504070282,1.0,0.9823946952819824
YGL054C,YDL142C,0,-7.571828,0.09265588968992233,1.0,0.9824947714805603
YNL248C,YFR021W,0,-7.573262,0.09264732897281647,1.0,0.9825947880744934
YLL017W,YGL153W,0,-7.5777507,0.0926387757062912,1.0,0.9826948046684265
YFR019W,YKR057W,0,-7.5777855,0.09263021498918533,1.0,0.9827948212623596
YDR172W,YOR303W,0,-7.5792837,0.09262166172266006,1.0,0.9828948974609375
YGR054W,YDL193W,0,-7.5849576,0.0926131084561348,1.0,0.9829949140548706
YAR008W,YLR240W,0,-7.585621,0.09260456264019012,1.0,0.9830949306488037
YKL007W,YHR183W,0,-7.5861354,0.09259600937366486,1.0,0.9831949472427368
YBR228W,YCL061C,0,-7.5870314,0.09258746355772018,1.0,0.9832949638366699
YKL160W,YNL267W,0,-7.5880184,0.09257891774177551,1.0,0.9833950400352478
YMR021C,YBR154C,0,-7.588444,0.09257037192583084,1.0,0.9834950566291809
YNR012W,YPL188W,0,-7.6016245,0.09256183356046677,1.0,0.983595073223114
YIL097W,YGR140W,0,-7.6082287,0.0925532877445221,1.0,0.9836950898170471
YBR207W,YDR180W,0,-7.6100593,0.09254474937915802,1.0,0.983795166015625
YDR451C,YNL093W,0,-7.6110897,0.09253621101379395,1.0,0.9838951826095581
YMR013C,YML008C,0,-7.622736,0.09252767264842987,1.0,0.9839951992034912
YDR533C,YDR050C,0,-7.627472,0.09251914173364639,1.0,0.9840952157974243
YKR046C,YJR064W,0,-7.640035,0.09251060336828232,1.0,0.9841952323913574
YDL065C,YDL170W,0,-7.656556,0.09250207245349884,1.0,0.9842953085899353
YER146W,YDR387C,0,-7.662052,0.09249354153871536,1.0,0.9843953251838684
YNL096C,YDL079C,0,-7.6708317,0.09248501807451248,1.0,0.9844953417778015
YPL029W,YGL004C,0,-7.6757298,0.092476487159729,1.0,0.9845953583717346
YDL015C,YLR242C,0,-7.6938467,0.09246796369552612,1.0,0.9846954345703125
YBL050W,YGR140W,0,-7.697062,0.09245944023132324,1.0,0.9847954511642456
YPL129W,YLR088W,0,-7.7051272,0.09245091676712036,1.0,0.9848954677581787
YLL027W,YMR130W,0,-7.710206,0.09244239330291748,1.0,0.9849954843521118
YDR077W,YML043C,0,-7.713339,0.0924338772892952,1.0,0.9850955009460449
YHR132C,YDR109C,0,-7.7141895,0.09242536127567291,1.0,0.9851955771446228
YJL053W,YKL046C,0,-7.726776,0.09241684526205063,1.0,0.9852955937385559
YNR013C,YDR056C,0,-7.7303514,0.09240832924842834,1.0,0.985395610332489
YLR127C,YDR387C,0,-7.7321286,0.09239981323480606,1.0,0.9854956269264221
YML049C,YPL150W,0,-7.738678,0.09239130467176437,1.0,0.985595703125
YDL226C,YMR052W,0,-7.743109,0.09238279610872269,1.0,0.9856957197189331
YMR014W,YJL056C,0,-7.7448387,0.092374287545681,1.0,0.9857957363128662
YNL321W,YHR045W,0,-7.7452893,0.09236577898263931,1.0,0.9858957529067993
YNL039W,YAL020C,0,-7.7505417,0.09235727787017822,1.0,0.9859957695007324
YOR043W,YKR014C,0,-7.755172,0.09234876930713654,1.0,0.9860958456993103
YDL136W,YDL079C,0,-7.762514,0.09234026819467545,1.0,0.9861958622932434
YML124C,YCL052C,0,-7.7672215,0.09233176708221436,1.0,0.9862958788871765
YNL116W,YGR074W,0,-7.7739935,0.09232326596975327,1.0,0.9863958954811096
YGR209C,YGL163C,0,-7.7770786,0.09231477230787277,1.0,0.9864959716796875
YPR054W,YLR005W,0,-7.783094,0.09230627864599228,1.0,0.9865959882736206
YLR045C,YLR350W,0,-7.7941155,0.09229778498411179,1.0,0.9866960048675537
YDR264C,YML012W,0,-7.8021107,0.09228929132223129,1.0,0.9867960214614868
YIL101C,YPR187W,0,-7.8031254,0.0922807976603508,1.0,0.9868960976600647
YLR086W,YDR533C,0,-7.809376,0.0922723114490509,1.0,0.9869961142539978
YOL086C,YKL206C,0,-7.8154316,0.09226381778717041,1.0,0.9870961308479309
YJL159W,YPL082C,0,-7.8294086,0.09225533157587051,1.0,0.987196147441864
YDR131C,YGR081C,0,-7.8310175,0.09224685281515121,1.0,0.9872961640357971
YGR279C,YPR079W,0,-7.851733,0.09223836660385132,1.0,0.987396240234375
YMR170C,YNR031C,0,-7.8572655,0.09222988784313202,1.0,0.9874962568283081
YLR356W,YOR063W,0,-7.85759,0.09222140163183212,1.0,0.9875962734222412
YMR021C,YBL052C,0,-7.8587456,0.09221292287111282,1.0,0.9876962900161743
YDR117C,YJR127C,0,-7.882017,0.09220445156097412,1.0,0.9877963662147522
YPR073C,YEL013W,0,-7.8889008,0.09219597280025482,1.0,0.9878963828086853
YLR388W,YMR311C,0,-7.902739,0.09218750149011612,1.0,0.9879963994026184
YCR102C,YJR043C,0,-7.903233,0.09217903017997742,1.0,0.9880964159965515
YBR056W,YBL011W,0,-7.9087677,0.09217055886983871,1.0,0.9881964325904846
YBL024W,YCR068W,0,-7.911069,0.09216208755970001,1.0,0.9882965087890625
YDR043C,YPR119W,0,-7.9137964,0.0921536237001419,1.0,0.9883965253829956
YDL065C,YGR199W,0,-7.915694,0.0921451523900032,1.0,0.9884965419769287
YNL189W,YDR392W,0,-7.915699,0.0921366885304451,1.0,0.9885965585708618
YMR054W,YML038C,0,-7.9267073,0.092128224670887,1.0,0.9886966347694397
YJR021C,YOR039W,0,-7.9270773,0.09211976826190948,1.0,0.9887966513633728
YDR404C,YLR251W,0,-7.9303827,0.09211130440235138,1.0,0.9888966679573059
YGR194C,YJL191W,0,-7.9321613,0.09210284799337387,1.0,0.988996684551239
YPR194C,YHR029C,0,-7.948858,0.09209439158439636,1.0,0.9890967011451721
YDL021W,YHR186C,0,-7.9489546,0.09208593517541885,1.0,0.98919677734375
YDL216C,YPL143W,0,-7.950963,0.09207747876644135,1.0,0.9892967939376831
YOR353C,YIL041W,0,-7.9510508,0.09206902980804443,1.0,0.9893968105316162
YDR116C,YOR138C,0,-7.9531045,0.09206058084964752,1.0,0.9894968271255493
YBR216C,YJL051W,0,-7.954837,0.09205213189125061,1.0,0.9895969033241272
YLR126C,YJL071W,0,-7.964557,0.0920436829328537,1.0,0.9896969199180603
YDL165W,YNR026C,0,-7.973119,0.09203523397445679,1.0,0.9897969365119934
YNL293W,YOR092W,0,-8.002374,0.09202679246664047,1.0,0.9898969531059265
YLR107W,YGL077C,0,-8.003447,0.09201835095882416,1.0,0.9899969696998596
YKL173W,YBL061C,0,-8.004683,0.09200990945100784,1.0,0.9900970458984375
YOR205C,YKR061W,0,-8.032593,0.09200146794319153,1.0,0.9901970624923706
YDR254W,YPL079W,0,-8.04905,0.09199302643537521,1.0,0.9902970790863037
YDL190C,YOR256C,0,-8.053953,0.0919845923781395,1.0,0.9903970956802368
YER145C,YDR518W,0,-8.05551,0.09197615832090378,1.0,0.9904971718788147
YDR262W,YDR237W,0,-8.06451,0.09196772426366806,1.0,0.9905971884727478
YNL175C,YDR162C,0,-8.077448,0.09195929020643234,1.0,0.9906972050666809
YLL045C,YER003C,0,-8.08196,0.09195086359977722,1.0,0.990797221660614
YMR250W,YPR113W,0,-8.092537,0.0919424295425415,1.0,0.9908972978591919
YMR011W,YLR270W,0,-8.096829,0.09193400293588638,1.0,0.990997314453125
YDL165W,YMR223W,0,-8.102536,0.09192557632923126,1.0,0.9910973310470581
YMR114C,YOR332W,0,-8.103027,0.09191715717315674,1.0,0.9911973476409912
YBR068C,YMR303C,0,-8.104371,0.09190873056650162,1.0,0.9912973642349243
YOR043W,YEL063C,0,-8.115516,0.0919003114104271,1.0,0.9913974404335022
YMR136W,YNL058C,0,-8.128393,0.09189189225435257,1.0,0.9914974570274353
YDR083W,YNL202W,0,-8.130036,0.09188347309827805,1.0,0.9915974736213684
YPR006C,YJL046W,0,-8.13072,0.09187505394220352,1.0,0.9916974902153015
YEL038W,YOR219C,0,-8.160215,0.0918666422367096,1.0,0.9917975664138794
YML085C,YDR313C,0,-8.202375,0.09185823053121567,1.0,0.9918975830078125
YDR051C,YML009C,0,-8.202777,0.09184981882572174,1.0,0.9919975996017456
YBR244W,YHR001W,0,-8.205349,0.09184140712022781,1.0,0.9920976161956787
YNL163C,YOL013C,0,-8.205664,0.09183299541473389,1.0,0.9921976327896118
YDR415C,YPR165W,0,-8.243747,0.09182459115982056,1.0,0.9922977089881897
YOL060C,YGR034W,0,-8.2556095,0.09181618690490723,1.0,0.9923977255821228
YMR308C,YJL171C,0,-8.272108,0.0918077826499939,1.0,0.9924977421760559
YMR271C,YKR006C,0,-8.31138,0.09179937839508057,1.0,0.992597758769989
YIL124W,YOL068C,0,-8.369822,0.09179097414016724,1.0,0.9926978349685669
YLR182W,YPR185W,0,-8.389572,0.0917825773358345,1.0,0.9927978515625
YJL052W,YOL148C,0,-8.40159,0.09177418053150177,1.0,0.9928978681564331
YDR512C,YDL052C,0,-8.406906,0.09176578372716904,1.0,0.9929978847503662
YJR066W,YJR086W,0,-8.408857,0.0917573869228363,1.0,0.9930979013442993
YIR021W,YBL064C,0,-8.421763,0.09174899011850357,1.0,0.9931979775428772
YBR205W,YER039C,0,-8.4226055,0.09174060076475143,1.0,0.9932979941368103
YNL274C,YLR191W,0,-8.423128,0.0917322114109993,1.0,0.9933980107307434
YOR340C,YLR107W,0,-8.448143,0.09172382205724716,1.0,0.9934980273246765
YDR452W,YLR389C,0,-8.459457,0.09171543270349503,1.0,0.9935981035232544
YLR419W,YNL223W,0,-8.48728,0.09170705080032349,1.0,0.9936981201171875
YNL290W,YIL111W,0,-8.49605,0.09169866889715195,1.0,0.9937981367111206
YLR163C,YHR175W,0,-8.498244,0.09169027954339981,1.0,0.9938981533050537
YGL121C,YNL182C,0,-8.500788,0.09168189764022827,1.0,0.9939981698989868
YML049C,YAL008W,0,-8.504204,0.09167352318763733,1.0,0.9940982460975647
YLR237W,YGL022W,0,-8.506773,0.09166514128446579,1.0,0.9941982626914978
YDR202C,YEL034W,0,-8.514047,0.09165676683187485,1.0,0.9942982792854309
YBR088C,YJL048C,0,-8.534581,0.0916483923792839,1.0,0.994398295879364
YGL157W,YDL052C,0,-8.544293,0.09164001792669296,1.0,0.9944983720779419
YPR184W,YDL083C,0,-8.559077,0.09163164347410202,1.0,0.994598388671875
YER026C,YKL020C,0,-8.563143,0.09162327647209167,1.0,0.9946984052658081
YNL121C,YDR018C,0,-8.568457,0.09161490947008133,1.0,0.9947984218597412
YBR260C,YGR199W,0,-8.578346,0.09160654246807098,1.0,0.9948984980583191
YGR145W,YKL095W,0,-8.602413,0.09159817546606064,1.0,0.9949985146522522
YJR036C,YJL118W,0,-8.603736,0.09158980846405029,1.0,0.9950985312461853
YHR104W,YNL058C,0,-8.605184,0.09158144891262054,1.0,0.9951985478401184
YPR024W,YHR167W,0,-8.606834,0.0915730819106102,1.0,0.9952985644340515
YLR045C,YBR160W,0,-8.610394,0.09156472235918045,1.0,0.9953986406326294
YMR295C,YNL290W,0,-8.615774,0.0915563702583313,1.0,0.9954986572265625
YJL048C,YAL044C,0,-8.625871,0.09154801070690155,1.0,0.9955986738204956
YBR123C,YER048C,0,-8.63032,0.0915396586060524,1.0,0.9956986904144287
YGL213C,YOR076C,0,-8.638035,0.09153129905462265,1.0,0.9957987666130066
YGR295C,YGR198W,0,-8.644917,0.0915229469537735,1.0,0.9958987832069397
YGL185C,YNL005C,0,-8.653248,0.09151459485292435,1.0,0.9959987998008728
YOR224C,YGL124C,0,-8.666219,0.09150625020265579,1.0,0.9960988163948059
YBR221C,YMR293C,0,-8.673546,0.09149790555238724,1.0,0.996198832988739
YGR144W,YMR014W,0,-8.688736,0.09148955345153809,1.0,0.9962989091873169
YKL067W,YPL008W,0,-8.706436,0.09148120880126953,1.0,0.99639892578125
YLR165C,YHR167W,0,-8.716526,0.09147287160158157,1.0,0.9964989423751831
YPL002C,YJR121W,0,-8.719118,0.09146452695131302,1.0,0.9965989589691162
YDR262W,YPR041W,0,-8.722481,0.09145618975162506,1.0,0.9966990351676941
YMR277W,YKL013C,0,-8.778798,0.0914478451013565,1.0,0.9967990517616272
YJL014W,YMR311C,0,-8.818717,0.09143950790166855,1.0,0.9968990683555603
YJL141C,YIL016W,0,-8.834856,0.09143117815256119,1.0,0.9969990849494934
YML124C,YOR245C,0,-8.885608,0.09142284095287323,1.0,0.9970991015434265
YJL091C,YGL044C,0,-8.975443,0.09141451120376587,1.0,0.9971991777420044
YDL101C,YLL023C,0,-9.019882,0.09140618145465851,1.0,0.9972991943359375
YDL022W,YNL272C,0,-9.049302,0.09139785170555115,1.0,0.9973992109298706
YNL336W,YGR014W,0,-9.0969925,0.09138952195644379,1.0,0.9974992275238037
YDR394W,YHR187W,0,-9.146696,0.09138119220733643,1.0,0.9975993037223816
YMR315W,YAL044C,0,-9.152891,0.09137286990880966,1.0,0.9976993203163147
YBR293W,YGR123C,0,-9.191072,0.0913645476102829,1.0,0.9977993369102478
YAL001C,YDL064W,0,-9.207479,0.09135622531175613,1.0,0.9978993535041809
YBR236C,YPL129W,0,-9.226854,0.09134790301322937,1.0,0.997999370098114
YDL075W,YHL002W,0,-9.255041,0.0913395881652832,1.0,0.9980994462966919
YKL086W,YAL024C,0,-9.273314,0.09133126586675644,1.0,0.998199462890625
YIL111W,YMR208W,0,-9.298227,0.09132295101881027,1.0,0.9982994794845581
YKR066C,YDR115W,0,-9.318577,0.0913146361708641,1.0,0.9983994960784912
YNL223W,YJL124C,0,-9.330919,0.09130632877349854,1.0,0.9984995722770691
YAL008W,YDR194C,0,-9.433035,0.09129801392555237,1.0,0.9985995888710022
YGL157W,YJL024C,0,-9.452592,0.0912897065281868,1.0,0.9986996054649353
YMR083W,YMR297W,0,-9.558054,0.09128139913082123,1.0,0.9987996220588684
YPR132W,YDR313C,0,-9.663155,0.09127309173345566,1.0,0.9988996982574463
YLR344W,YNR061C,0,-9.974499,0.09126478433609009,1.0,0.9989997148513794
YPL002C,YNL016W,0,-10.037397,0.09125648438930511,1.0,0.9990997314453125
YLR120C,YPL079W,0,-10.066124,0.09124817699193954,1.0,0.9991997480392456
YJR101W,YGL004C,0,-10.331203,0.09123987704515457,1.0,0.9992997646331787
YMR278W,YBR282W,0,-10.529259,0.0912315845489502,1.0,0.9993998408317566
YDR001C,YAR015W,0,-10.544859,0.09122328460216522,1.0,0.9994998574256897
YDL239C,YLL040C,0,-10.97702,0.09121498465538025,1.0,0.9995998740196228
YJL063C,YHR161C,0,-10.987664,0.09120669215917587,1.0,0.9996998906135559
YPR124W,YGL185C,0,-11.418303,0.0911983996629715,1.0,0.9997999668121338
YFL014W,YNR017W,0,-11.611464,0.09119010716676712,1.0,0.9998999834060669
YPR135W,YLL040C,0,-21.516167,0.09118181467056274,1.0,1.0
