Gene A,Gene B,Label,Score,Precision,Recall,False Positive Rate
YFL025C,YPL190C,0,-4.2932315,0.0,0.0,0.00011074197391280904
YFL059W,YPR133W-A,0,-4.3872385,0.0,0.0,0.0002214839478256181
YKR063C,YKL001C,0,-4.395358,0.0,0.0,0.0003322258999105543
YDR167W,YHR099W,1,-4.431133,0.25,0.0011074197245761752,0.0003322258999105543
YKL139W,YHR060W,0,-4.493524,0.20000000298023224,0.0011074197245761752,0.0004429678956512362
YGR212W,YML088W,0,-4.497441,0.1666666716337204,0.0011074197245761752,0.0005537098622880876
YDR151C,YLR303W,0,-4.615819,0.1428571492433548,0.0011074197245761752,0.0006644517998211086
YFL039C,YNL136W,1,-4.6207676,0.25,0.0022148394491523504,0.0006644517998211086
YDR459C,YBR198C,1,-4.640356,0.3333333432674408,0.003322259057313204,0.0006644517998211086
YCR071C,YKL006C-A,0,-4.6614747,0.30000001192092896,0.003322259057313204,0.0007751937955617905
YHR114W,YER005W,0,-4.6629744,0.27272728085517883,0.003322259057313204,0.0008859357913024724
YJL081C,YBR198C,1,-4.6720276,0.3333333432674408,0.004429678898304701,0.0008859357913024724
YGR279C,YGR281W,0,-4.6726875,0.3076923191547394,0.004429678898304701,0.0009966777870431542
YMR012W,YJR084W,0,-4.697456,0.2857142984867096,0.004429678898304701,0.0011074197245761752
YGR147C,YDR167W,1,-4.703372,0.3333333432674408,0.005537098739296198,0.0011074197245761752
YGR147C,YHR090C,1,-4.7062054,0.375,0.006644518114626408,0.0011074197245761752
YDR448W,YGR147C,1,-4.7106953,0.4117647111415863,0.007751937955617905,0.0011074197245761752
YBR274W,YPL177C,0,-4.710828,0.3888888955116272,0.007751937955617905,0.0012181616621091962
YLR097C,YDL181W,0,-4.711196,0.3684210479259491,0.007751937955617905,0.0013289035996422172
YMR220W,YHR186C,0,-4.712415,0.3499999940395355,0.007751937955617905,0.00143964565359056
YLR266C,YGR197C,0,-4.7152977,0.3333333432674408,0.007751937955617905,0.001550387591123581
YIR002C,YEL031W,0,-4.7157445,0.3181818127632141,0.007751937955617905,0.001661129528656602
YGL066W,YDR167W,1,-4.718409,0.3478260934352875,0.008859357796609402,0.001661129528656602
YDR320C-A,YGL135W,0,-4.7278986,0.3333333432674408,0.008859357796609402,0.0017718715826049447
YDL040C,YGR002C,1,-4.732044,0.36000001430511475,0.009966777637600899,0.0017718715826049447
YOL077W-A,YOL146W,0,-4.7369175,0.3461538553237915,0.009966777637600899,0.0018826135201379657
YGL005C,YDR079C-A,0,-4.7388034,0.3333333432674408,0.009966777637600899,0.0019933555740863085
YKL032C,YOR232W,0,-4.7437863,0.3214285671710968,0.009966777637600899,0.0021040975116193295
YKL053C-A,YMR197C,0,-4.7445,0.3103448152542114,0.009966777637600899,0.0022148394491523504
YPR023C,YFL024C,1,-4.75194,0.3333333432674408,0.011074197478592396,0.0022148394491523504
YOR023C,YCL010C,1,-4.7544065,0.35483869910240173,0.012181616388261318,0.0022148394491523504
YEL056W,YGL066W,1,-4.7620125,0.375,0.013289036229252815,0.0022148394491523504
YPL016W,YML088W,0,-4.7676344,0.3636363744735718,0.013289036229252815,0.0023255813866853714
YNL121C,YER041W,0,-4.7705164,0.3529411852359772,0.013289036229252815,0.0024363233242183924
YPR200C,YDR177W,0,-4.773999,0.34285715222358704,0.013289036229252815,0.0025470652617514133
YMR061W,YGR144W,0,-4.7750196,0.3333333432674408,0.013289036229252815,0.0026578071992844343
YPR100W,YHR073W,0,-4.7753844,0.3243243098258972,0.013289036229252815,0.002768549369648099
YOL068C,YOR265W,0,-4.7787786,0.31578946113586426,0.013289036229252815,0.00287929130718112
YKL073W,YDR322C-A,0,-4.7799606,0.3076923191547394,0.013289036229252815,0.002990033244714141
YLL022C,YBR081C,1,-4.7818522,0.32499998807907104,0.014396456070244312,0.002990033244714141
YCL010C,YGL066W,1,-4.781885,0.3414634168148041,0.01550387591123581,0.002990033244714141
YJR150C,YPL221W,0,-4.7832108,0.3333333432674408,0.01550387591123581,0.003100775182247162
YLL002W,YDR145W,1,-4.784756,0.3488371968269348,0.016611294820904732,0.003100775182247162
YJL026W,YHR039C-A,0,-4.7924542,0.34090909361839294,0.016611294820904732,0.003211517119780183
YER015W,YMR236W,1,-4.793784,0.35555556416511536,0.017718715593218803,0.003211517119780183
YBR297W,YIL008W,0,-4.7999725,0.3478260934352875,0.017718715593218803,0.003322259057313204
YOL108C,YFL059W,0,-4.8003225,0.3404255211353302,0.017718715593218803,0.003433000994846225
YPR023C,YNL136W,1,-4.8027787,0.3541666567325592,0.018826134502887726,0.003433000994846225
YPL001W,YBR198C,1,-4.803201,0.36734694242477417,0.019933555275201797,0.003433000994846225
YFL024C,YDR167W,1,-4.803999,0.3799999952316284,0.02104097418487072,0.003433000994846225
YOL110W,YDR145W,1,-4.8053007,0.3921568691730499,0.02214839495718479,0.003433000994846225
YDR005C,YPL239W,0,-4.8090544,0.38461539149284363,0.02214839495718479,0.0035437431652098894
YNL072W,YBL093C,0,-4.812765,0.37735849618911743,0.02214839495718479,0.0036544851027429104
YGR002C,YHR099W,1,-4.8139935,0.3888888955116272,0.023255813866853714,0.0036544851027429104
YOL017W,YHR070W,0,-4.8147645,0.38181817531585693,0.023255813866853714,0.0037652270402759314
YJL081C,YBR081C,1,-4.822066,0.3928571343421936,0.024363232776522636,0.0037652270402759314
YDL040C,YBR081C,1,-4.8225574,0.4035087823867798,0.025470653548836708,0.0037652270402759314
YNL326C,YCL010C,1,-4.823554,0.4137931168079376,0.02657807245850563,0.0037652270402759314
YEL066W,YDR145W,1,-4.8264294,0.4237288236618042,0.027685493230819702,0.0037652270402759314
YDR448W,YLL022C,1,-4.8267426,0.4333333373069763,0.028792912140488625,0.0037652270402759314
YGR099W,YJL087C,0,-4.827386,0.4262295067310333,0.028792912140488625,0.0038759689778089523
YGL135W,YDR238C,0,-4.8291883,0.4193548262119293,0.028792912140488625,0.003986711148172617
YGR275W,YNL131W,0,-4.8325973,0.4126984179019928,0.028792912140488625,0.004097452852874994
YCR048W,YER127W,0,-4.832988,0.40625,0.028792912140488625,0.004208195023238659
YIL076W,YDR079C-A,0,-4.836433,0.4000000059604645,0.028792912140488625,0.004318936727941036
YER167W,YGL006W,0,-4.83727,0.39393940567970276,0.028792912140488625,0.004429678898304701
YDR363W-A,YER151C,0,-4.844426,0.38805970549583435,0.028792912140488625,0.004540420603007078
YJL102W,YLR086W,0,-4.8454256,0.38235294818878174,0.028792912140488625,0.004651162773370743
YNL288W,YMR067C,0,-4.846087,0.37681159377098083,0.028792912140488625,0.004761904943734407
YCL010C,YDR145W,1,-4.8461237,0.3857142925262451,0.029900332912802696,0.004761904943734407
YDL040C,YGL066W,1,-4.851579,0.39436620473861694,0.03100775182247162,0.004761904943734407
YHR034C,YIL173W,0,-4.853787,0.3888888955116272,0.03100775182247162,0.004872646648436785
YDR145W,YOR064C,1,-4.8543987,0.39726027846336365,0.03211517259478569,0.004872646648436785
YDL040C,YDR145W,1,-4.856267,0.4054054021835327,0.033222589641809464,0.004872646648436785
YJR082C,YHR099W,1,-4.8569517,0.41333332657814026,0.034330010414123535,0.004872646648436785
YOR373W,YBR073W,0,-4.858886,0.40789473056793213,0.034330010414123535,0.004983388818800449
YHR099W,YHR090C,1,-4.859793,0.41558441519737244,0.03543743118643761,0.004983388818800449
YHR013C,YDR145W,1,-4.859953,0.42307692766189575,0.03654485195875168,0.004983388818800449
YKL139W,YFR029W,0,-4.864423,0.4177215099334717,0.03654485195875168,0.005094130523502827
YOR373W,YLR234W,0,-4.8647685,0.4124999940395355,0.03654485195875168,0.005204872693866491
YLL022C,YHR099W,1,-4.8651314,0.4197530746459961,0.03765226900577545,0.005204872693866491
YNL161W,YML091C,0,-4.86729,0.4146341383457184,0.03765226900577545,0.005315614398568869
YIL046W,YMR137C,0,-4.867811,0.40963855385780334,0.03765226900577545,0.005426356568932533
YOR034C,YGL066W,1,-4.8708906,0.4166666567325592,0.03875968977808952,0.005426356568932533
YOL135C,YPL159C,0,-4.871434,0.4117647111415863,0.03875968977808952,0.005537098739296198
YOR301W,YKL175W,0,-4.872903,0.40697672963142395,0.03875968977808952,0.005647840443998575
YBR114W,YER074W-A,0,-4.874706,0.40229883790016174,0.03875968977808952,0.00575858261436224
YDR320C-A,YJR135W-A,0,-4.875862,0.39772728085517883,0.03875968977808952,0.005869324319064617
YIL009W,YGR002C,1,-4.8760257,0.40449437499046326,0.039867110550403595,0.005869324319064617
YPR023C,YIL009W,1,-4.8768406,0.41111111640930176,0.04097452759742737,0.005869324319064617
YNL136W,YDR459C,1,-4.877196,0.4175824224948883,0.04208194836974144,0.005869324319064617
YOL068C,YGR028W,0,-4.8780994,0.41304346919059753,0.04208194836974144,0.005980066489428282
YBR233W-A,YHR026W,0,-4.879513,0.40860214829444885,0.04208194836974144,0.006090808194130659
YBR212W,YBL055C,0,-4.882291,0.40425533056259155,0.04208194836974144,0.006201550364494324
YDR448W,YLL002W,1,-4.8823957,0.410526305437088,0.04318936914205551,0.006201550364494324
YCL043C,YPL218W,0,-4.8829923,0.40625,0.04318936914205551,0.006312292534857988
YIL009W,YGL066W,1,-4.883588,0.41237112879753113,0.04429678991436958,0.006312292534857988
YMR069W,YOL148C,1,-4.8836384,0.4183673560619354,0.045404206961393356,0.006312292534857988
YHR107C,YNL064C,0,-4.8856297,0.4141414165496826,0.045404206961393356,0.006423034239560366
YFR029W,YNR015W,0,-4.886366,0.4099999964237213,0.045404206961393356,0.00653377640992403
YKL170W,YOL005C,0,-4.8880672,0.40594059228897095,0.045404206961393356,0.006644518114626408
YNL267W,YER041W,0,-4.8897915,0.4019607901573181,0.045404206961393356,0.006755260284990072
YBR026C,YEL002C,0,-4.893799,0.3980582654476166,0.045404206961393356,0.00686600198969245
YDL243C,YGL150C,0,-4.8939214,0.39423078298568726,0.045404206961393356,0.006976744160056114
YDL181W,YNL317W,0,-4.8958745,0.39047619700431824,0.045404206961393356,0.007087486330419779
YOR034C,YBR198C,1,-4.896171,0.3962264060974121,0.04651162773370743,0.007087486330419779
YCL010C,YOL110W,1,-4.8973837,0.40186914801597595,0.0476190485060215,0.007087486330419779
YGR010W,YDR400W,0,-4.8978376,0.39814814925193787,0.0476190485060215,0.007198228035122156
YLL002W,YOL148C,1,-4.898839,0.40366971492767334,0.04872646555304527,0.007198228035122156
YJL094C,YBR199W,0,-4.898856,0.4000000059604645,0.04872646555304527,0.007308970205485821
YLL022C,YOL148C,1,-4.900179,0.4054054021835327,0.049833886325359344,0.007308970205485821
YDR320C-A,YPR068C,0,-4.901614,0.4017857015132904,0.049833886325359344,0.007419711910188198
YLR138W,YLR249W,0,-4.901901,0.39823007583618164,0.049833886325359344,0.007530454080551863
YDR515W,YDL217C,0,-4.9042077,0.3947368562221527,0.049833886325359344,0.00764119578525424
YJR131W,YDR142C,0,-4.904345,0.3913043439388275,0.049833886325359344,0.007751937955617905
YDL135C,YDL140C,0,-4.9066153,0.38793104887008667,0.049833886325359344,0.007862679660320282
YOL077W-A,YMR137C,0,-4.9073696,0.38461539149284363,0.049833886325359344,0.007973422296345234
YKL138C-A,YML029W,0,-4.908059,0.3813559412956238,0.049833886325359344,0.008084164001047611
YDR459C,YGL066W,1,-4.9083843,0.38655462861061096,0.050941307097673416,0.008084164001047611
YDR320C-A,YLR285W,0,-4.9096146,0.38333332538604736,0.050941307097673416,0.008194905705749989
YOR023C,YOL110W,1,-4.909627,0.38842976093292236,0.05204872786998749,0.008194905705749989
YNL326C,YGL066W,1,-4.9111223,0.39344263076782227,0.05315614491701126,0.008194905705749989
YEL066W,YDR167W,1,-4.916193,0.3983739912509918,0.05426356568932533,0.008194905705749989
YNL027W,YOR320C,0,-4.919348,0.39516130089759827,0.05426356568932533,0.008305647410452366
YLL002W,YGL066W,1,-4.9194994,0.4000000059604645,0.055370986461639404,0.008305647410452366
YPL001W,YDR126W,1,-4.921079,0.4047619104385376,0.05647840350866318,0.008305647410452366
YGR267C,YPL042C,0,-4.9217353,0.4015747904777527,0.05647840350866318,0.008416390046477318
YJR082C,YFL024C,1,-4.9224834,0.40625,0.05758582428097725,0.008416390046477318
YLL002W,YMR236W,1,-4.9235334,0.41085270047187805,0.05869324505329132,0.008416390046477318
YKL022C,YGR074W,0,-4.927129,0.4076923131942749,0.05869324505329132,0.008527131751179695
YBR274W,YNL293W,0,-4.9276366,0.40458014607429504,0.05869324505329132,0.008637873455882072
YDR329C,YDR409W,0,-4.929643,0.4015151560306549,0.05869324505329132,0.008748616091907024
YMR014W,YDR238C,0,-4.9300995,0.39849624037742615,0.05869324505329132,0.008859357796609402
YPR037C,YJL036W,0,-4.933031,0.3955223858356476,0.05869324505329132,0.008970099501311779
YBR278W,YER074W-A,0,-4.9426174,0.39259257912635803,0.05869324505329132,0.009080841206014156
YGL066W,YPL129W,1,-4.9452133,0.3970588147640228,0.05980066582560539,0.009080841206014156
YLR438C-A,YHR154W,0,-4.945588,0.39416059851646423,0.05980066582560539,0.009191583842039108
YJL081C,YMR069W,1,-4.946485,0.39855071902275085,0.060908082872629166,0.009191583842039108
YBR081C,YBR198C,1,-4.946949,0.40287768840789795,0.06201550364494324,0.009191583842039108
YKL005C,YER174C,0,-4.9470963,0.4000000059604645,0.06201550364494324,0.009302325546741486
YLL022C,YDR167W,1,-4.9487467,0.40425533056259155,0.06312292069196701,0.009302325546741486
YER111C,YPR095C,0,-4.949525,0.40140846371650696,0.06312292069196701,0.009413067251443863
YJR093C,YDL200C,0,-4.951288,0.3986014127731323,0.06312292069196701,0.009523809887468815
YCL017C,YDR235W,0,-4.951399,0.3958333432674408,0.06312292069196701,0.009634551592171192
YML051W,YDR142C,0,-4.951559,0.3931034505367279,0.06312292069196701,0.00974529329687357
YLR158C,YJL165C,0,-4.9526963,0.3904109597206116,0.06312292069196701,0.009856035001575947
YJR078W,YOR007C,0,-4.955342,0.3877550959587097,0.06312292069196701,0.009966777637600899
YMR069W,YDR145W,1,-4.9557877,0.3918918967247009,0.06423034518957138,0.009966777637600899
YBR107C,YOR160W,0,-4.95598,0.38926175236701965,0.06423034518957138,0.010077519342303276
YBR040W,YIL013C,0,-4.956234,0.3866666555404663,0.06423034518957138,0.010188261047005653
YOR034C,YDR145W,1,-4.956795,0.3907284736633301,0.06533776223659515,0.010188261047005653
YBR201W,YGR121C,0,-4.958613,0.3881579041481018,0.06533776223659515,0.010299003683030605
YFR013W,YDL216C,0,-4.9588237,0.38562092185020447,0.06533776223659515,0.010409745387732983
YGR147C,YCL010C,1,-4.9589486,0.3896103799343109,0.06644517928361893,0.010409745387732983
YDR145W,YHR099W,1,-4.961201,0.3935483992099762,0.0675526037812233,0.010409745387732983
YBR085W,YML088W,0,-4.9616337,0.3910256326198578,0.0675526037812233,0.01052048709243536
YLR207W,YFR013W,0,-4.96303,0.3885350227355957,0.0675526037812233,0.010631228797137737
YDR459C,YBR081C,1,-4.963032,0.39240506291389465,0.06866002082824707,0.010631228797137737
YOL077W-A,YNR015W,0,-4.963234,0.3899371027946472,0.06866002082824707,0.01074197143316269
YMR065W,YOR027W,0,-4.963752,0.38749998807907104,0.06866002082824707,0.010852713137865067
YML078W,YLR394W,0,-4.9643106,0.38509318232536316,0.06866002082824707,0.010963454842567444
YLR195C,YDR145W,1,-4.964543,0.3888888955116272,0.06976744532585144,0.010963454842567444
YJL203W,YPL130W,0,-4.965006,0.38650307059288025,0.06976744532585144,0.011074197478592396
YGL019W,YKL176C,0,-4.965158,0.3841463327407837,0.06976744532585144,0.011184939183294773
YDL245C,YNL310C,0,-4.965792,0.38181817531585693,0.06976744532585144,0.01129568088799715
YOR034C,YFL024C,1,-4.9673533,0.3855421543121338,0.07087486237287521,0.01129568088799715
YIL070C,YDR363W-A,0,-4.968457,0.38323354721069336,0.07087486237287521,0.011406422592699528
YJL101C,YJL053W,0,-4.9720626,0.380952388048172,0.07087486237287521,0.01151716522872448
YMR069W,YBR198C,1,-4.9729605,0.38461539149284363,0.07198227941989899,0.01151716522872448
YHL031C,YKL138C-A,0,-4.973603,0.38235294818878174,0.07198227941989899,0.011627906933426857
YGR147C,YLR195C,1,-4.9737062,0.38596490025520325,0.07308970391750336,0.011627906933426857
YOR191W,YBL102W,0,-4.976135,0.38372093439102173,0.07308970391750336,0.011738648638129234
YGR179C,YDL077C,0,-4.976983,0.3815028965473175,0.07308970391750336,0.011849391274154186
YEL056W,YDR145W,1,-4.9774027,0.3850574791431427,0.07419712096452713,0.011849391274154186
YFL024C,YOL148C,1,-4.9795284,0.38857144117355347,0.0753045380115509,0.011849391274154186
YIL009C-A,YIL154C,0,-4.97956,0.3863636255264282,0.0753045380115509,0.011960132978856564
YPL159C,YDR135C,0,-4.9795656,0.38418078422546387,0.0753045380115509,0.012070874683558941
YNL251C,YNL128W,0,-4.9805593,0.3820224702358246,0.0753045380115509,0.012181616388261318
YOL121C,YLR386W,0,-4.981041,0.37988826632499695,0.0753045380115509,0.01229235902428627
YPR131C,YGL066W,1,-4.98304,0.38333332538604736,0.07641196250915527,0.01229235902428627
YIL051C,YPL139C,0,-4.9836235,0.38121548295021057,0.07641196250915527,0.012403100728988647
YOL110W,YGR002C,1,-4.9839516,0.38461539149284363,0.07751937955617905,0.012403100728988647
YLR303W,YLR005W,0,-4.9851503,0.3825136721134186,0.07751937955617905,0.012513842433691025
YEL061C,YHR200W,0,-4.985366,0.3804347813129425,0.07751937955617905,0.012624585069715977
YNR010W,YER087C-B,0,-4.9859695,0.37837839126586914,0.07751937955617905,0.012735326774418354
YDR301W,YIL016W,0,-4.986489,0.37634408473968506,0.07751937955617905,0.012846068479120731
YPR029C,YDL014W,0,-4.986613,0.3743315637111664,0.07751937955617905,0.012956810183823109
YPR128C,YAL043C,0,-4.9872975,0.3723404109477997,0.07751937955617905,0.01306755281984806
YGR097W,YHR072W,0,-4.9881525,0.37037035822868347,0.07751937955617905,0.013178294524550438
YCR107W,YBR272C,0,-4.988633,0.3684210479259491,0.07751937955617905,0.013289036229252815
YOR103C,YNL253W,0,-4.9908457,0.3664921522140503,0.07751937955617905,0.013399778865277767
YDR459C,YDR145W,1,-4.991624,0.3697916567325592,0.07862679660320282,0.013399778865277767
YLR195C,YOL148C,1,-4.9921913,0.3730570077896118,0.07973422110080719,0.013399778865277767
YGL066W,YGR002C,1,-4.9922943,0.37628865242004395,0.08084163814783096,0.013399778865277767
YEL019C,YML064C,0,-4.992299,0.37435898184776306,0.08084163814783096,0.013510520569980145
YHR158C,YDR486C,0,-4.992725,0.37244898080825806,0.08084163814783096,0.013621262274682522
YDL175C,YGL194C,0,-4.993456,0.37055838108062744,0.08084163814783096,0.0137320039793849
YLR288C,YIL076W,0,-4.993696,0.36868685483932495,0.08084163814783096,0.013842746615409851
YDR079C-A,YML029W,0,-4.9954963,0.3668341636657715,0.08084163814783096,0.013953488320112228
YAL013W,YNL142W,0,-4.9961224,0.36500000953674316,0.08084163814783096,0.014064230024814606
YGR133W,YLR005W,0,-4.996256,0.3631840944290161,0.08084163814783096,0.014174972660839558
YER019W,YJL004C,0,-4.996688,0.36138615012168884,0.08084163814783096,0.014285714365541935
YJR158W,YOL138C,0,-4.9967303,0.35960590839385986,0.08084163814783096,0.014396456070244312
YFL029C,YOR216C,0,-4.9969597,0.3578431308269501,0.08084163814783096,0.01450719777494669
YGL090W,YGL257C,0,-4.996976,0.356097549200058,0.08084163814783096,0.014617940410971642
YDL220C,YPR105C,0,-4.9972963,0.3543689250946045,0.08084163814783096,0.014728682115674019
YHR160C,YOR332W,0,-4.9975157,0.3526569902896881,0.08084163814783096,0.014839423820376396
YFL024C,YOR064C,1,-4.9975405,0.35576921701431274,0.08194905519485474,0.014839423820376396
YBR038W,YNL032W,0,-4.9987264,0.35406699776649475,0.08194905519485474,0.014950166456401348
YER167W,YNL294C,0,-4.999856,0.3523809611797333,0.08194905519485474,0.015060908161103725
YLR329W,YDL235C,0,-4.999962,0.3507108986377716,0.08194905519485474,0.015171649865806103
YIL098C,YER018C,0,-5.0006847,0.349056601524353,0.08194905519485474,0.01528239157050848
YOR354C,YNL332W,0,-5.001375,0.34741783142089844,0.08194905519485474,0.015393134206533432
YPR133C,YOL102C,0,-5.0018435,0.3457943797111511,0.08194905519485474,0.01550387591123581
YML102W,YPR173C,0,-5.003294,0.34418603777885437,0.08194905519485474,0.015614617615938187
YKL152C,YDR318W,0,-5.0044355,0.34259259700775146,0.08194905519485474,0.015725359320640564
YDR298C,YLR381W,0,-5.0047884,0.3410138189792633,0.08194905519485474,0.01583610102534294
YLL022C,YGL066W,1,-5.0091143,0.34403669834136963,0.0830564796924591,0.01583610102534294
YOR236W,YAL024C,0,-5.010185,0.34246575832366943,0.0830564796924591,0.015946844592690468
YPL195W,YGL006W,0,-5.0127764,0.34090909361839294,0.0830564796924591,0.016057586297392845
YBR161W,YGR033C,0,-5.0136824,0.33936652541160583,0.0830564796924591,0.016168328002095222
YML078W,YDR320C-A,0,-5.0144844,0.3378378450870514,0.0830564796924591,0.0162790697067976
YDR168W,YPR173C,0,-5.014977,0.3363228738307953,0.0830564796924591,0.016389811411499977
YEL056W,YGR002C,1,-5.016145,0.3392857015132904,0.08416389673948288,0.016389811411499977
YNL020C,YOR198C,0,-5.0168066,0.3377777636051178,0.08416389673948288,0.016500553116202354
YLR355C,YKL058W,0,-5.0179424,0.3362831771373749,0.08416389673948288,0.016611294820904732
YPR141C,YIR012W,0,-5.017951,0.3348017632961273,0.08416389673948288,0.01672203838825226
YCR040W,YIL076W,0,-5.0179534,0.3333333432674408,0.08416389673948288,0.016832780092954636
YBR198C,YOR064C,1,-5.018034,0.3362445533275604,0.08527132123708725,0.016832780092954636
YLL002W,YCL010C,1,-5.019352,0.3391304314136505,0.08637873828411102,0.016832780092954636
YNL039W,YHL006C,0,-5.019696,0.33766233921051025,0.08637873828411102,0.016943521797657013
YLR085C,YGR010W,0,-5.021637,0.3362068831920624,0.08637873828411102,0.01705426350235939
YKR068C,YGL163C,0,-5.0221663,0.33476394414901733,0.08637873828411102,0.017165005207061768
YMR280C,YNL161W,0,-5.022342,0.3333333432674408,0.08637873828411102,0.017275746911764145
YLR295C,YNR052C,0,-5.022558,0.33191490173339844,0.08637873828411102,0.017386488616466522
YOL110W,YOL148C,1,-5.0235863,0.33474576473236084,0.0874861553311348,0.017386488616466522
YPL233W,YJL104W,0,-5.02442,0.3333333432674408,0.0874861553311348,0.01749723218381405
YAL034W-A,YPR032W,0,-5.02464,0.33193278312683105,0.0874861553311348,0.017607973888516426
YFR030W,YPR178W,0,-5.025238,0.3305439352989197,0.0874861553311348,0.017718715593218803
YAL058W,YOR140W,0,-5.0258956,0.3291666805744171,0.0874861553311348,0.01782945729792118
YNL136W,YOL110W,1,-5.026164,0.33195021748542786,0.08859357982873917,0.01782945729792118
YOR023C,YPL001W,1,-5.027281,0.3347107470035553,0.08970099687576294,0.01782945729792118
YIL038C,YDR393W,0,-5.027319,0.3333333432674408,0.08970099687576294,0.017940199002623558
YDR270W,YDR158W,0,-5.028167,0.33196720480918884,0.08970099687576294,0.018050940707325935
YDR448W,YDR459C,1,-5.028443,0.33469387888908386,0.09080841392278671,0.018050940707325935
YDL220C,YHR067W,0,-5.0286856,0.3333333432674408,0.09080841392278671,0.018161682412028313
YOR130C,YCL033C,0,-5.0288496,0.3319838047027588,0.09080841392278671,0.01827242597937584
YKL059C,YDR341C,0,-5.030694,0.3306451737880707,0.09080841392278671,0.018383167684078217
YPR082C,YIL077C,0,-5.031427,0.32931727170944214,0.09080841392278671,0.018493909388780594
YGL066W,YMR236W,1,-5.031435,0.3319999873638153,0.09191583842039108,0.018493909388780594
YJL115W,YHR099W,1,-5.0314417,0.3346613645553589,0.09302325546741486,0.018493909388780594
YBR198C,YMR236W,1,-5.0320697,0.3373015820980072,0.09413067251443863,0.018493909388780594
YFL048C,YPR008W,0,-5.03211,0.33596837520599365,0.09413067251443863,0.01860465109348297
YAL054C,YOR034C,1,-5.033507,0.3385826647281647,0.095238097012043,0.01860465109348297
YDR145W,YHR090C,1,-5.035102,0.34117648005485535,0.09634551405906677,0.01860465109348297
YHR102W,YGR199W,0,-5.036145,0.33984375,0.09634551405906677,0.01871539279818535
YDL194W,YNL131W,0,-5.0364122,0.33852139115333557,0.09634551405906677,0.018826134502887726
YJL191W,YDR320C,0,-5.037574,0.3372093141078949,0.09634551405906677,0.018936876207590103
YJL115W,YPL129W,1,-5.0376935,0.33976835012435913,0.09745293110609055,0.018936876207590103
YMR208W,YOR142W,0,-5.0379925,0.3384615480899811,0.09745293110609055,0.01904761977493763
YLL002W,YHR099W,1,-5.038851,0.3409961760044098,0.09856035560369492,0.01904761977493763
YKR022C,YDR238C,0,-5.039254,0.33969464898109436,0.09856035560369492,0.019158361479640007
YIR006C,YNR052C,0,-5.039508,0.33840304613113403,0.09856035560369492,0.019269103184342384
YFL039C,YDR448W,1,-5.0403028,0.34090909361839294,0.09966777265071869,0.019269103184342384
YBR073W,YJL154C,0,-5.040886,0.3396226465702057,0.09966777265071869,0.01937984488904476
YJR076C,YIL016W,0,-5.042678,0.33834585547447205,0.09966777265071869,0.01949058659374714
YIL009C-A,YPL060W,0,-5.043071,0.33707866072654724,0.09966777265071869,0.019601328298449516
YOL094C,YDL058W,0,-5.0430984,0.33582088351249695,0.09966777265071869,0.019712070003151894
YAL015C,YOR130C,0,-5.043252,0.3345724940299988,0.09966777265071869,0.01982281357049942
YNL326C,YDR145W,1,-5.044549,0.33703702688217163,0.10077519714832306,0.01982281357049942
YPR131C,YMR069W,1,-5.0446153,0.339483380317688,0.10188261419534683,0.01982281357049942
YPL076W,YBR297W,0,-5.0446897,0.3382352888584137,0.10188261419534683,0.019933555275201797
YNL027W,YMR188C,0,-5.045446,0.3369963467121124,0.10188261419534683,0.020044296979904175
YMR069W,YNL326C,1,-5.0463057,0.3394160568714142,0.1029900312423706,0.020044296979904175
YDR317W,YBL026W,0,-5.046966,0.33818182349205017,0.1029900312423706,0.020155038684606552
YDL160C,YKL080W,0,-5.047384,0.33695653080940247,0.1029900312423706,0.02026578038930893
YML061C,YBR082C,0,-5.0477705,0.3357400596141815,0.1029900312423706,0.020376522094011307
YFL024C,YGR147C,1,-5.048627,0.3381294906139374,0.10409745573997498,0.020376522094011307
YPL101W,YDR296W,0,-5.04891,0.33691754937171936,0.10409745573997498,0.020487263798713684
YMR308C,YNR031C,0,-5.0490665,0.33571428060531616,0.10409745573997498,0.02059800736606121
YPL224C,YCR012W,0,-5.04954,0.33451956510543823,0.10409745573997498,0.020708749070763588
YLR438C-A,YDR498C,0,-5.050119,0.3333333432674408,0.10409745573997498,0.020819490775465965
YDR459C,YDR167W,1,-5.050243,0.3356890380382538,0.10520487278699875,0.020819490775465965
YGL119W,YOR018W,0,-5.0506935,0.3345070481300354,0.10520487278699875,0.020930232480168343
YDR231C,YKL196C,0,-5.0517693,0.3333333432674408,0.10520487278699875,0.02104097418487072
YCL010C,YHR090C,1,-5.05276,0.3356643319129944,0.10631228983402252,0.02104097418487072
YOR023C,YDR145W,1,-5.052866,0.33797910809516907,0.10741971433162689,0.02104097418487072
YMR113W,YHR008C,0,-5.0553713,0.3368055522441864,0.10741971433162689,0.021151715889573097
YER164W,YMR238W,0,-5.056871,0.3356401324272156,0.10741971433162689,0.021262457594275475
YMR119W,YML078W,0,-5.057206,0.33448275923728943,0.10741971433162689,0.021373201161623
YLR353W,YIL039W,0,-5.0572653,0.3333333432674408,0.10741971433162689,0.02148394286632538
YPR188C,YIL030C,0,-5.0573893,0.3321917951107025,0.10741971433162689,0.021594684571027756
YDR448W,YDR167W,1,-5.0583715,0.3344709873199463,0.10852713137865067,0.021594684571027756
YFL024C,YPL001W,1,-5.058846,0.33673468232154846,0.10963454842567444,0.021594684571027756
YBL102W,YML005W,0,-5.059482,0.33559322357177734,0.10963454842567444,0.021705426275730133
YFL013C,YPL190C,0,-5.059627,0.33445945382118225,0.10963454842567444,0.02181616798043251
YJL115W,YMR236W,1,-5.06037,0.33670035004615784,0.11074197292327881,0.02181616798043251
YCL016C,YNL085W,0,-5.0605416,0.33557048439979553,0.11074197292327881,0.021926909685134888
YBL023C,YLR368W,0,-5.06166,0.3344481587409973,0.11074197292327881,0.022037651389837265
YBR091C,YLR141W,0,-5.0617123,0.3333333432674408,0.11074197292327881,0.02214839495718479
YFL039C,YEL066W,1,-5.062723,0.33554816246032715,0.11184938997030258,0.02214839495718479
YNL003C,YDL020C,0,-5.0630407,0.3344370722770691,0.11184938997030258,0.02225913666188717
YCR086W,YGL162W,0,-5.0634375,0.3333333432674408,0.11184938997030258,0.022369878366589546
YJL081C,YGR002C,1,-5.0634975,0.33552631735801697,0.11295680701732635,0.022369878366589546
YHR205W,YER018C,0,-5.0643625,0.33442622423171997,0.11295680701732635,0.022480620071291924
YKR059W,YNL131W,0,-5.064577,0.3333333432674408,0.11295680701732635,0.0225913617759943
YDR424C,YAL033W,0,-5.065671,0.3322475552558899,0.11295680701732635,0.022702103480696678
YJL115W,YDR145W,1,-5.0658703,0.33441558480262756,0.11406423151493073,0.022702103480696678
YNL031C,YPR191W,0,-5.066175,0.3333333432674408,0.11406423151493073,0.022812845185399055
YNR067C,YCR028C,0,-5.0672836,0.33225807547569275,0.11406423151493073,0.022923588752746582
YJR076C,YMR268C,0,-5.0679054,0.33118972182273865,0.11406423151493073,0.02303433045744896
YMR311C,YBR186W,0,-5.06881,0.33012819290161133,0.11406423151493073,0.023145072162151337
YPR100W,YPL133C,0,-5.069053,0.3290734887123108,0.11406423151493073,0.023255813866853714
YCR027C,YLR403W,0,-5.0692606,0.3280254900455475,0.11406423151493073,0.02336655557155609
YEL050C,YER074W-A,0,-5.0709124,0.32698413729667664,0.11406423151493073,0.02347729727625847
YMR044W,YLR350W,0,-5.071239,0.32594937086105347,0.11406423151493073,0.023588038980960846
YGL003C,YOL064C,0,-5.0718727,0.3249211311340332,0.11406423151493073,0.023698782548308372
YNL161W,YDL244W,0,-5.0729113,0.32389935851097107,0.11406423151493073,0.02380952425301075
YBR296C,YKL041W,0,-5.07413,0.3228840231895447,0.11406423151493073,0.023920265957713127
YMR042W,YER117W,0,-5.075055,0.3218750059604645,0.11406423151493073,0.024031007662415504
YOL148C,YDR167W,1,-5.0762744,0.32398754358291626,0.1151716485619545,0.024031007662415504
YKL019W,YER031C,0,-5.076344,0.3229813575744629,0.1151716485619545,0.024141749367117882
YDR167W,YDR145W,1,-5.0765014,0.3250773847103119,0.11627907305955887,0.024141749367117882
YMR069W,YHR090C,1,-5.0765295,0.327160507440567,0.11738649010658264,0.024141749367117882
YOL095C,YGR156W,0,-5.0773344,0.32615384459495544,0.11738649010658264,0.02425249107182026
YKL002W,YDR545W,0,-5.0773516,0.3251533806324005,0.11738649010658264,0.024363232776522636
YLR254C,YBR123C,0,-5.077734,0.32415902614593506,0.11738649010658264,0.024473976343870163
YOR011W,YDR478W,0,-5.0782175,0.3231707215309143,0.11738649010658264,0.02458471804857254
YGL066W,YBR081C,1,-5.079551,0.3252279758453369,0.11849390715360641,0.02458471804857254
YBR192W,YDR143C,0,-5.081171,0.32424241304397583,0.11849390715360641,0.024695459753274918
YML078W,YBL005W,0,-5.0818167,0.3232628405094147,0.11849390715360641,0.024806201457977295
YIR004W,YIL073C,0,-5.0829844,0.3222891688346863,0.11849390715360641,0.024916943162679672
YKL001C,YGR081C,0,-5.083105,0.3213213086128235,0.11849390715360641,0.02502768486738205
YGR143W,YNL107W,0,-5.083636,0.3203592896461487,0.11849390715360641,0.025138426572084427
YOL165C,YHR086W,0,-5.0838037,0.3194029927253723,0.11849390715360641,0.025249170139431953
YPL096C-A,YOL059W,0,-5.084367,0.318452388048172,0.11849390715360641,0.02535991184413433
YJL081C,YFL024C,1,-5.0843782,0.320474773645401,0.11960133165121078,0.02535991184413433
YJR082C,YDR145W,1,-5.0844936,0.32248520851135254,0.12070874869823456,0.02535991184413433
YMR276W,YJR045C,0,-5.0845585,0.3215339183807373,0.12070874869823456,0.025470653548836708
YIL009W,YBR198C,1,-5.0845995,0.3235294222831726,0.12181616574525833,0.025470653548836708
YOR099W,YML098W,0,-5.0854673,0.32258063554763794,0.12181616574525833,0.025581395253539085
YFL024C,YEL056W,1,-5.085491,0.3245614171028137,0.1229235902428627,0.025581395253539085
YGL004C,YMR079W,0,-5.0855904,0.323615163564682,0.1229235902428627,0.025692136958241463
YNL039W,YPL153C,0,-5.0862217,0.322674423456192,0.1229235902428627,0.02580287866294384
YBL008W,YNL090W,0,-5.0864744,0.321739137172699,0.1229235902428627,0.025913620367646217
YLR265C,YER074W-A,0,-5.086522,0.3208092451095581,0.1229235902428627,0.026024363934993744
YOL110W,YMR236W,1,-5.086541,0.32276657223701477,0.12403100728988647,0.026024363934993744
YGR227W,YOL089C,0,-5.087084,0.3218390941619873,0.12403100728988647,0.02613510563969612
YGL201C,YLR403W,0,-5.0872126,0.32091689109802246,0.12403100728988647,0.0262458473443985
YPL076W,YGL249W,0,-5.0892205,0.3199999928474426,0.12403100728988647,0.026356589049100876
YOR023C,YPR131C,1,-5.0893683,0.32193732261657715,0.12513843178749084,0.026356589049100876
YOR257W,YBL103C,0,-5.089466,0.32102271914482117,0.12513843178749084,0.026467330753803253
YDR318W,YGL135W,0,-5.090381,0.32011330127716064,0.12513843178749084,0.02657807245850563
YHR031C,YPR198W,0,-5.091718,0.3192090392112732,0.12513843178749084,0.026688814163208008
YPL069C,YDR205W,0,-5.0918636,0.31830987334251404,0.12513843178749084,0.026799557730555534
YMR014W,YMR037C,0,-5.0919685,0.3174157440662384,0.12513843178749084,0.02691029943525791
YDR078C,YPL106C,0,-5.0928574,0.3165266215801239,0.12513843178749084,0.02702104113996029
YDR457W,YBR105C,0,-5.0934534,0.31564244627952576,0.12513843178749084,0.027131782844662666
YNL331C,YDL035C,0,-5.093603,0.31476321816444397,0.12513843178749084,0.027242524549365044
YNL041C,YPL138C,0,-5.094658,0.31388887763023376,0.12513843178749084,0.02735326625406742
YLR100W,YFR034C,0,-5.094659,0.31301939487457275,0.12513843178749084,0.0274640079587698
YDR345C,YKL018W,0,-5.094879,0.31215471029281616,0.12513843178749084,0.027574751526117325
YBR081C,YPL129W,1,-5.095023,0.3140496015548706,0.12624584138393402,0.027574751526117325
YLR438C-A,YDR532C,0,-5.095151,0.3131868243217468,0.12624584138393402,0.027685493230819702
YAL013W,YPL208W,0,-5.0954313,0.3123287558555603,0.12624584138393402,0.02779623493552208
YGR216C,YBR185C,0,-5.096793,0.31147539615631104,0.12624584138393402,0.027906976640224457
YIR004W,YIL106W,0,-5.097507,0.31062671542167664,0.12624584138393402,0.028017718344926834
YGR056W,YIL109C,0,-5.098001,0.30978259444236755,0.12624584138393402,0.02812846004962921
YHR004C,YPR042C,0,-5.0980816,0.30894309282302856,0.12624584138393402,0.02823920175433159
YER068W,YMR188C,0,-5.0981503,0.3081081211566925,0.12624584138393402,0.028349945321679115
YGR227W,YGL011C,0,-5.0993614,0.3072776198387146,0.12624584138393402,0.028460687026381493
YOR344C,YLR447C,0,-5.09967,0.30645161867141724,0.12624584138393402,0.02857142873108387
YDR448W,YPL129W,1,-5.1006823,0.30831098556518555,0.1273532658815384,0.02857142873108387
YGR147C,YGR002C,1,-5.101241,0.31016042828559875,0.12846069037914276,0.02857142873108387
YFL039C,YOR023C,1,-5.1018186,0.31200000643730164,0.12956809997558594,0.02857142873108387
YHR067W,YJL207C,0,-5.101842,0.31117022037506104,0.12956809997558594,0.028682170435786247
YNL084C,YDR489W,0,-5.102016,0.3103448152542114,0.12956809997558594,0.028792912140488625
YPL121C,YJL141C,0,-5.1020274,0.3095238208770752,0.12956809997558594,0.028903653845191002
YKL192C,YER022W,0,-5.1021175,0.3087071180343628,0.12956809997558594,0.02901439554989338
YFL024C,YDR145W,1,-5.1023655,0.3105263113975525,0.1306755244731903,0.02901439554989338
YNL103W,YGL210W,0,-5.1024766,0.3097112774848938,0.1306755244731903,0.029125139117240906
YJL081C,YOL148C,1,-5.103415,0.3115183115005493,0.13178294897079468,0.029125139117240906
YBR107C,YML114C,0,-5.103756,0.31070494651794434,0.13178294897079468,0.029235880821943283
YPL061W,YCR020W-B,0,-5.1057262,0.3098958432674408,0.13178294897079468,0.02934662252664566
YMR296C,YGL011C,0,-5.105791,0.30909091234207153,0.13178294897079468,0.029457364231348038
YFL048C,YPR002W,0,-5.108392,0.30829015374183655,0.13178294897079468,0.029568105936050415
YHL025W,YPL063W,0,-5.108493,0.30749353766441345,0.13178294897079468,0.029678847640752792
YER015W,YDR459C,1,-5.110036,0.30927833914756775,0.13289035856723785,0.029678847640752792
YNL014W,YLR005W,0,-5.110281,0.3084833025932312,0.13289035856723785,0.02978958934545517
YOR094W,YDR378C,0,-5.1105776,0.3076923191547394,0.13289035856723785,0.029900332912802696
YDR448W,YEL056W,1,-5.1108723,0.30946290493011475,0.13399778306484222,0.029900332912802696
YPR171W,YMR177W,0,-5.1109514,0.3086734712123871,0.13399778306484222,0.030011074617505074
YEL056W,YLL022C,1,-5.1109943,0.3104325830936432,0.1351052075624466,0.030011074617505074
YBL002W,YDL213C,0,-5.111201,0.3096446692943573,0.1351052075624466,0.03012181632220745
YFL024C,YMR236W,1,-5.111534,0.3113923966884613,0.13621261715888977,0.03012181632220745
YGL066W,YHR090C,1,-5.112133,0.31313130259513855,0.13732004165649414,0.03012181632220745
YGR002C,YOR064C,1,-5.112681,0.3148614466190338,0.1384274661540985,0.03012181632220745
YPL101W,YDR175C,0,-5.1130905,0.31407034397125244,0.1384274661540985,0.030232558026909828
YGL195W,YOL043C,0,-5.1137533,0.31328320503234863,0.1384274661540985,0.030343299731612206
YIR002C,YPR140W,0,-5.1155634,0.3125,0.1384274661540985,0.030454041436314583
YMR022W,YGR143W,0,-5.115636,0.31172069907188416,0.1384274661540985,0.03056478314101696
YGR113W,YLR452C,0,-5.1159606,0.3109452724456787,0.1384274661540985,0.030675526708364487
YHR034C,YGL127C,0,-5.1160235,0.3101736903190613,0.1384274661540985,0.030786268413066864
YJR082C,YPL001W,1,-5.1160846,0.3118811845779419,0.13953489065170288,0.030786268413066864
YMR264W,YDR078C,0,-5.116839,0.31111112236976624,0.13953489065170288,0.03089701011776924
YIR002C,YML091C,0,-5.116972,0.3103448152542114,0.13953489065170288,0.03100775182247162
YEL056W,YGR147C,1,-5.1171923,0.312039315700531,0.14064230024814606,0.03100775182247162
YPL221W,YBR221C,0,-5.117649,0.3112744987010956,0.14064230024814606,0.031118493527173996
YIR037W,YMR150C,0,-5.1179338,0.310513436794281,0.14064230024814606,0.031229235231876373
YPL059W,YJL133W,0,-5.1185303,0.3097561001777649,0.14064230024814606,0.03133997693657875
YOR034C,YGR147C,1,-5.119027,0.3114355206489563,0.14174972474575043,0.03133997693657875
YCL010C,YBR081C,1,-5.1197376,0.31310680508613586,0.1428571492433548,0.03133997693657875
YBR130C,YHR012W,0,-5.1198683,0.3123486638069153,0.1428571492433548,0.03145071864128113
YNL136W,YMR236W,1,-5.119946,0.3140096664428711,0.14396455883979797,0.03145071864128113
YPL151C,YBR253W,0,-5.1203756,0.3132530152797699,0.14396455883979797,0.031561460345983505
YKR052C,YBR058C-A,0,-5.121767,0.3125,0.14396455883979797,0.03167220205068588
YGR224W,YGL246C,0,-5.1221657,0.311750590801239,0.14396455883979797,0.03178294748067856
YOR034C,YDR167W,1,-5.1221704,0.3133971393108368,0.14507198333740234,0.03178294748067856
YPR032W,YOR332W,0,-5.1229925,0.3126491606235504,0.14507198333740234,0.031893689185380936
YPL022W,YKL196C,0,-5.1231365,0.31190475821495056,0.14507198333740234,0.03200443089008331
YPR162C,YNR039C,0,-5.124853,0.31116390228271484,0.14507198333740234,0.03211517259478569
YAL015C,YDR435C,0,-5.127215,0.3104265332221985,0.14507198333740234,0.03222591429948807
YFR029W,YGL246C,0,-5.127246,0.3096926808357239,0.14507198333740234,0.032336656004190445
YMR264W,YGL257C,0,-5.1285915,0.30896225571632385,0.14507198333740234,0.03244739770889282
YAL054C,YNL136W,1,-5.1296544,0.3105882406234741,0.1461794078350067,0.03244739770889282
YGL144C,YNR048W,0,-5.1300015,0.30985915660858154,0.1461794078350067,0.0325581394135952
YKL016C,YAL013W,0,-5.1300554,0.30913349986076355,0.1461794078350067,0.03266888111829758
YJR082C,YLR195C,1,-5.130798,0.3107476532459259,0.1472868174314499,0.03266888111829758
YOL049W,YMR266W,0,-5.1308455,0.31002330780029297,0.1472868174314499,0.032779622822999954
YDR320C-A,YNL044W,0,-5.1308537,0.30930233001708984,0.1472868174314499,0.03289036452770233
YOR266W,YOL113W,0,-5.1317005,0.30858469009399414,0.1472868174314499,0.03300110623240471
YLR303W,YMR284W,0,-5.1329308,0.30787035822868347,0.1472868174314499,0.033111847937107086
YDL044C,YBL034C,0,-5.13347,0.3071593642234802,0.1472868174314499,0.033222589641809464
YBR050C,YBR127C,0,-5.133851,0.30645161867141724,0.1472868174314499,0.03333333507180214
YPR131C,YGR002C,1,-5.1343255,0.30804598331451416,0.14839424192905426,0.03333333507180214
YFL003C,YDR135C,0,-5.1346188,0.30733945965766907,0.14839424192905426,0.03344407677650452
YOL078W,YBR293W,0,-5.1348467,0.30663615465164185,0.14839424192905426,0.033554818481206894
YOR160W,YJL087C,0,-5.1374817,0.3059360682964325,0.14839424192905426,0.03366556018590927
YJR050W,YOR147W,0,-5.138224,0.30523917078971863,0.14839424192905426,0.03377630189061165
YLR288C,YNL131W,0,-5.138237,0.30454546213150024,0.14839424192905426,0.033887043595314026
YDR448W,YOL110W,1,-5.138545,0.30612245202064514,0.14950166642665863,0.033887043595314026
YKL135C,YPL040C,0,-5.139468,0.3054298758506775,0.14950166642665863,0.0339977853000164
YOR023C,YFL024C,1,-5.1400084,0.30699774622917175,0.1506090760231018,0.0339977853000164
YDL137W,YDR293C,0,-5.140039,0.30630630254745483,0.1506090760231018,0.03410852700471878
YOR232W,YMR070W,0,-5.14215,0.3056179881095886,0.1506090760231018,0.03421926870942116
YBR274W,YNL026W,0,-5.142229,0.30493274331092834,0.1506090760231018,0.034330010414123535
YBR293W,YJL141C,0,-5.142521,0.304250568151474,0.1506090760231018,0.03444075211882591
YOL060C,YLR166C,0,-5.1430116,0.3035714328289032,0.1506090760231018,0.03455149382352829
YPL031C,YLR141W,0,-5.1431637,0.30289533734321594,0.1506090760231018,0.03466223552823067
YFL059W,YNL263C,0,-5.1433897,0.30222222208976746,0.1506090760231018,0.034772977232933044
YOL126C,YER074W-A,0,-5.1437554,0.3015521168708801,0.1506090760231018,0.03488372266292572
YOR211C,YNL231C,0,-5.1438036,0.3008849620819092,0.1506090760231018,0.0349944643676281
YML086C,YKL028W,0,-5.14425,0.3002207577228546,0.1506090760231018,0.035105206072330475
YOL112W,YPR161C,0,-5.144534,0.29955947399139404,0.1506090760231018,0.03521594777703285
YLR170C,YMR073C,0,-5.145172,0.29890111088752747,0.1506090760231018,0.03532668948173523
YJR082C,YPL129W,1,-5.1457863,0.3004385828971863,0.15171650052070618,0.03532668948173523
YLL002W,YBR198C,1,-5.1465573,0.30196937918663025,0.15282392501831055,0.03532668948173523
YLL013C,YDR409W,0,-5.146563,0.3013100326061249,0.15282392501831055,0.03543743118643761
YLR386W,YDL235C,0,-5.147374,0.3006536066532135,0.15282392501831055,0.035548172891139984
YOR079C,YDR296W,0,-5.147452,0.30000001192092896,0.15282392501831055,0.03565891459584236
YLR170C,YBR272C,0,-5.1482034,0.29934924840927124,0.15282392501831055,0.03576965630054474
YJL085W,YPL235W,0,-5.1482563,0.29870128631591797,0.15282392501831055,0.035880398005247116
YMR083W,YBL003C,0,-5.1483707,0.29805615544319153,0.15282392501831055,0.03599113970994949
YPL069C,YIL026C,0,-5.148401,0.29741379618644714,0.15282392501831055,0.03610188141465187
YML081C-A,YPL022W,0,-5.148421,0.2967741787433624,0.15282392501831055,0.03621262311935425
YFL013C,YJL104W,0,-5.1489677,0.29613733291625977,0.15282392501831055,0.036323364824056625
YFL024C,YLL002W,1,-5.1496267,0.2976445257663727,0.15393133461475372,0.036323364824056625
YOR298C-A,YJR049C,0,-5.1496425,0.29700854420661926,0.15393133461475372,0.0364341102540493
YHR053C,YBL025W,0,-5.1496925,0.2963752746582031,0.15393133461475372,0.03654485195875168
YOL027C,YGR159C,0,-5.149918,0.2957446873188019,0.15393133461475372,0.036655593663454056
YCR002C,YOL051W,0,-5.151321,0.2951167821884155,0.15393133461475372,0.03676633536815643
YER042W,YFR040W,0,-5.1520925,0.2944915294647217,0.15393133461475372,0.03687707707285881
YHL031C,YPL121C,0,-5.153241,0.29386892914772034,0.15393133461475372,0.03698781877756119
YEL056W,YDR459C,1,-5.15342,0.29535865783691406,0.1550387591123581,0.03698781877756119
YBL006C,YBR165W,0,-5.153532,0.2947368323802948,0.1550387591123581,0.037098560482263565
YPL061W,YDL185W,0,-5.1537457,0.29411765933036804,0.1550387591123581,0.03720930218696594
YER068W,YML014W,0,-5.154859,0.2935010492801666,0.1550387591123581,0.03732004389166832
YHR024C,YBR050C,0,-5.155088,0.29288703203201294,0.1550387591123581,0.0374307855963707
YIL030C,YLR369W,0,-5.1552606,0.2922755777835846,0.1550387591123581,0.037541527301073074
YGL119W,YDR464W,0,-5.155679,0.2916666567325592,0.1550387591123581,0.03765226900577545
YCR008W,YKL018W,0,-5.1557007,0.29106029868125916,0.1550387591123581,0.03776301071047783
YPL153C,YOL066C,0,-5.1559954,0.2904564440250397,0.1550387591123581,0.037873752415180206
YIL144W,YMR077C,0,-5.1561604,0.28985506296157837,0.1550387591123581,0.03798449784517288
YLL022C,YDR145W,1,-5.156224,0.2913223206996918,0.15614618360996246,0.03798449784517288
YMR138W,YKL139W,0,-5.1564703,0.2907216548919678,0.15614618360996246,0.03809523954987526
YGL143C,YKL025C,0,-5.156807,0.29012346267700195,0.15614618360996246,0.03820598125457764
YLR429W,YBR199W,0,-5.1569448,0.2895277142524719,0.15614618360996246,0.038316722959280014
YPR103W,YJR126C,0,-5.1571827,0.2889344394207001,0.15614618360996246,0.03842746466398239
YOR034C,YCL010C,1,-5.157525,0.2903885543346405,0.15725359320640564,0.03842746466398239
YDR062W,YAL034W-A,0,-5.157583,0.2897959053516388,0.15725359320640564,0.03853820636868477
YLR353W,YGR116W,0,-5.157629,0.2892057001590729,0.15725359320640564,0.038648948073387146
YKL135C,YOR159C,0,-5.157681,0.288617879152298,0.15725359320640564,0.03875968977808952
YDR205W,YML005W,0,-5.1579084,0.2880324423313141,0.15725359320640564,0.0388704314827919
YMR246W,YDR145W,1,-5.15905,0.28947368264198303,0.15836101770401,0.0388704314827919
YOR085W,YMR061W,0,-5.159265,0.2888889014720917,0.15836101770401,0.03898117318749428
YGL013C,YLR022C,0,-5.1595716,0.28830644488334656,0.15836101770401,0.039091914892196655
YDL099W,YDR385W,0,-5.159632,0.28772637248039246,0.15836101770401,0.03920265659689903
YFL039C,YBR198C,1,-5.160115,0.28915661573410034,0.15946844220161438,0.03920265659689903
YFL024C,YGR002C,1,-5.1606827,0.2905811667442322,0.16057585179805756,0.03920265659689903
YPL190C,YKR072C,0,-5.1611557,0.28999999165534973,0.16057585179805756,0.03931339830160141
YNL136W,YEL066W,1,-5.163021,0.2914171516895294,0.16168327629566193,0.03931339830160141
YFL024C,YPR131C,1,-5.164238,0.29282867908477783,0.1627907007932663,0.03931339830160141
YMR188C,YBR276C,0,-5.1645527,0.2922465205192566,0.1627907007932663,0.03942414000630379
YML012W,YHR186C,0,-5.164614,0.2916666567325592,0.1627907007932663,0.03953488543629646
YOL078W,YOR078W,0,-5.164828,0.29108911752700806,0.1627907007932663,0.03964562714099884
YPR138C,YMR263W,0,-5.1650295,0.2905138432979584,0.1627907007932663,0.03975636884570122
YFL048C,YHR031C,0,-5.1657467,0.28994083404541016,0.1627907007932663,0.039867110550403595
YOR266W,YGR116W,0,-5.1661067,0.2893700897693634,0.1627907007932663,0.03997785225510597
YPL208W,YOR329C,0,-5.1665735,0.2888015806674957,0.1627907007932663,0.04008859395980835
YPR135W,YFL045C,0,-5.1670036,0.28823530673980713,0.1627907007932663,0.04019933566451073
YOL077W-A,YGR099W,0,-5.1675925,0.2876712381839752,0.1627907007932663,0.040310077369213104
YAL054C,YGR002C,1,-5.168348,0.2890625,0.16389811038970947,0.040310077369213104
YDL088C,YIR019C,0,-5.168706,0.28849902749061584,0.16389811038970947,0.04042081907391548
YPR082C,YKL020C,0,-5.1690216,0.287937730550766,0.16389811038970947,0.04053156077861786
YDR228C,YDR200C,0,-5.169532,0.2873786389827728,0.16389811038970947,0.040642302483320236
YMR199W,YMR232W,0,-5.170422,0.2868216931819916,0.16389811038970947,0.040753044188022614
YDR179C,YGR086C,0,-5.170692,0.28626692295074463,0.16389811038970947,0.04086378589272499
YBR009C,YBR002C,0,-5.17144,0.2857142984867096,0.16389811038970947,0.04097452759742737
YDR265W,YNL197C,0,-5.1715198,0.2851637899875641,0.16389811038970947,0.041085273027420044
YOR157C,YDL140C,0,-5.1720695,0.2846153974533081,0.16389811038970947,0.04119601473212242
YMR316W,YER019W,0,-5.1723104,0.28406909108161926,0.16389811038970947,0.0413067564368248
YBL084C,YHR039C-A,0,-5.173018,0.28352490067481995,0.16389811038970947,0.041417498141527176
YDR459C,YGR002C,1,-5.173553,0.28489482402801514,0.16500553488731384,0.041417498141527176
YOL023W,YER151C,0,-5.1746798,0.2843511402606964,0.16500553488731384,0.04152823984622955
YDR488C,YBR293W,0,-5.174712,0.28380951285362244,0.16500553488731384,0.04163898155093193
YPL174C,YHR150W,0,-5.1747932,0.2832699716091156,0.16500553488731384,0.04174972325563431
YLR195C,YHR099W,1,-5.17515,0.2846299707889557,0.1661129593849182,0.04174972325563431
YJR092W,YIR022W,0,-5.175521,0.28409090638160706,0.1661129593849182,0.041860464960336685
YMR225C,YLR268W,0,-5.176651,0.2835538685321808,0.1661129593849182,0.04197120666503906
YHR086W,YOR075W,0,-5.176657,0.2830188572406769,0.1661129593849182,0.04208194836974144
YNL130C,YPR075C,0,-5.176669,0.28248587250709534,0.1661129593849182,0.04219269007444382
YER117W,YPR078C,0,-5.176797,0.28195488452911377,0.1661129593849182,0.042303431779146194
YNR027W,YER032W,0,-5.176861,0.2814258933067322,0.1661129593849182,0.04241417348384857
YLL043W,YEL037C,0,-5.1769466,0.2808988690376282,0.1661129593849182,0.04252491518855095
YPR199C,YKL055C,0,-5.1770983,0.28037384152412415,0.1661129593849182,0.042635660618543625
YPR023C,YDR459C,1,-5.17729,0.28171640634536743,0.16722038388252258,0.042635660618543625
YBR198C,YHR090C,1,-5.177335,0.283053994178772,0.16832779347896576,0.042635660618543625
YJL111W,YOL013C,0,-5.177621,0.282527893781662,0.16832779347896576,0.042746402323246
YIL159W,YMR277W,0,-5.177767,0.2820037007331848,0.16832779347896576,0.04285714402794838
YNR074C,YGR156W,0,-5.1779532,0.28148147463798523,0.16832779347896576,0.04296788573265076
YGR224W,YLR438C-A,0,-5.1785493,0.28096118569374084,0.16832779347896576,0.043078627437353134
YDR167W,YOR064C,1,-5.1794424,0.2822878360748291,0.16943521797657013,0.043078627437353134
YNL116W,YMR073C,0,-5.179511,0.28176796436309814,0.16943521797657013,0.04318936914205551
YPL069C,YLL043W,0,-5.179823,0.28125,0.16943521797657013,0.04330011084675789
YDR108W,YEL031W,0,-5.180148,0.28073394298553467,0.16943521797657013,0.043410852551460266
YLR158C,YKR068C,0,-5.1804934,0.28021979331970215,0.16943521797657013,0.04352159425616264
YPL001W,YGR002C,1,-5.180745,0.28153565526008606,0.1705426424741745,0.04352159425616264
YGR123C,YML038C,0,-5.1808147,0.2810218930244446,0.1705426424741745,0.04363233596086502
YPR131C,YBR198C,1,-5.181066,0.28233152627944946,0.17165005207061768,0.04363233596086502
YIL018W,YIL138C,0,-5.1810756,0.2818181812763214,0.17165005207061768,0.0437430776655674
YDL058W,YCL069W,0,-5.1813536,0.2813067138195038,0.17165005207061768,0.043853819370269775
YGR147C,YOL148C,1,-5.1814976,0.28260868787765503,0.17275747656822205,0.043853819370269775
YEL056W,YBR198C,1,-5.1821117,0.283905953168869,0.17386490106582642,0.043853819370269775
YJL146W,YLR003C,0,-5.1828294,0.2833935022354126,0.17386490106582642,0.04396456107497215
YER180C-A,YLR316C,0,-5.1831827,0.2828828692436218,0.17386490106582642,0.04407530277967453
YGL006W,YER022W,0,-5.1832457,0.2823741137981415,0.17386490106582642,0.044186048209667206
YLR272C,YML038C,0,-5.1835127,0.2818671464920044,0.17386490106582642,0.04429678991436958
YPL161C,YOR049C,0,-5.1842365,0.28136199712753296,0.17386490106582642,0.04440753161907196
YOL026C,YDR453C,0,-5.184475,0.2808586657047272,0.17386490106582642,0.04451827332377434
YPL016W,YDR177W,0,-5.1844954,0.28035715222358704,0.17386490106582642,0.044629015028476715
YMR177W,YGR129W,0,-5.184707,0.2798573970794678,0.17386490106582642,0.04473975673317909
YDR228C,YOL105C,0,-5.1849976,0.2793594300746918,0.17386490106582642,0.04485049843788147
YPL262W,YBR057C,0,-5.1853848,0.27886322140693665,0.17386490106582642,0.04496124014258385
YBR274W,YCR073W-A,0,-5.1865635,0.2783688008785248,0.17386490106582642,0.045071981847286224
YLR095C,YJL143W,0,-5.186752,0.2778761088848114,0.17386490106582642,0.0451827235519886
YDL138W,YER022W,0,-5.187023,0.2773851454257965,0.17386490106582642,0.04529346525669098
YEL003W,YIL120W,0,-5.187137,0.2768959403038025,0.17386490106582642,0.045404206961393356
YOR094W,YCR037C,0,-5.187622,0.27640846371650696,0.17386490106582642,0.045514948666095734
YJL117W,YLR425W,0,-5.1879935,0.2759226858615875,0.17386490106582642,0.04562569037079811
YJR155W,YMR208W,0,-5.188183,0.2754386067390442,0.17386490106582642,0.04573643580079079
YDR320C-A,YDR078C,0,-5.1884894,0.27495622634887695,0.17386490106582642,0.045847177505493164
YML126C,YER117W,0,-5.1888094,0.2744755148887634,0.17386490106582642,0.04595791921019554
YOR245C,YML062C,0,-5.188915,0.273996502161026,0.17386490106582642,0.04606866091489792
YLR394W,YOR329C,0,-5.189578,0.2735191583633423,0.17386490106582642,0.046179402619600296
YBR081C,YDR167W,1,-5.190219,0.27478259801864624,0.1749723106622696,0.046179402619600296
YER019W,YDR207C,0,-5.1905193,0.2743055522441864,0.1749723106622696,0.04629014432430267
YDR147W,YDL138W,0,-5.190553,0.2738301455974579,0.1749723106622696,0.04640088602900505
YGR147C,YNL326C,1,-5.190929,0.27508649230003357,0.17607973515987396,0.04640088602900505
YGL005C,YER089C,0,-5.191021,0.2746114134788513,0.17607973515987396,0.04651162773370743
YNR072W,YFR051C,0,-5.1912117,0.274137943983078,0.17607973515987396,0.046622369438409805
YOL001W,YKL175W,0,-5.1914434,0.2736660838127136,0.17607973515987396,0.04673311114311218
YFR046C,YKL170W,0,-5.1915016,0.27319586277008057,0.17607973515987396,0.04684385284781456
YLL019C,YOL102C,0,-5.1923504,0.27272728085517883,0.17607973515987396,0.04695459455251694
YIL036W,YCR075C,0,-5.193262,0.27226027846336365,0.17607973515987396,0.047065336257219315
YPL096C-A,YCR053W,0,-5.194203,0.2717948853969574,0.17607973515987396,0.04717607796192169
YDR302W,YHR014W,0,-5.1942487,0.2713310718536377,0.17607973515987396,0.04728682339191437
YNL326C,YBR198C,1,-5.194787,0.27257239818573,0.17718715965747833,0.04728682339191437
YGL066W,YHR099W,1,-5.19491,0.2738095223903656,0.1782945692539215,0.04728682339191437
YFL009W,YJL003W,0,-5.1949115,0.27334466576576233,0.1782945692539215,0.047397565096616745
YJR064W,YPR133W-A,0,-5.1951914,0.2728813588619232,0.1782945692539215,0.04750830680131912
YDR218C,YKL020C,0,-5.1963005,0.27241963148117065,0.1782945692539215,0.0476190485060215
YFL039C,YDL040C,1,-5.1964874,0.2736486494541168,0.17940199375152588,0.0476190485060215
YCR039C,YGR143W,0,-5.1969447,0.27318719029426575,0.17940199375152588,0.04772979021072388
YLR233C,YLR332W,0,-5.1972275,0.27272728085517883,0.17940199375152588,0.047840531915426254
YNL280C,YFL034C-B,0,-5.197466,0.2722689211368561,0.17940199375152588,0.04795127362012863
YNL230C,YJL117W,0,-5.197586,0.2718120813369751,0.17940199375152588,0.04806201532483101
YIR017C,YER018C,0,-5.197757,0.2713567912578583,0.17940199375152588,0.048172757029533386
YJL099W,YER051W,0,-5.1986938,0.2709030210971832,0.17940199375152588,0.048283498734235764
YBR199W,YCR084C,0,-5.1992292,0.27045074105262756,0.17940199375152588,0.04839424043893814
YNR049C,YGL045W,0,-5.199288,0.27000001072883606,0.17940199375152588,0.04850498214364052
YJR108W,YIL036W,0,-5.1998158,0.26955074071884155,0.17940199375152588,0.048615723848342896
YDL192W,YGL035C,0,-5.200642,0.2691029906272888,0.17940199375152588,0.04872646555304527
YNL242W,YOR213C,0,-5.200816,0.26865673065185547,0.17940199375152588,0.04883721098303795
YGR113W,YER028C,0,-5.2011433,0.2682119309902191,0.17940199375152588,0.048947952687740326
YNL326C,YGR002C,1,-5.201202,0.2694214880466461,0.18050941824913025,0.048947952687740326
YDL090C,YML105C,0,-5.201681,0.2689768970012665,0.18050941824913025,0.0490586943924427
YMR140W,YKR020W,0,-5.2019787,0.26853376626968384,0.18050941824913025,0.04916943609714508
YIL070C,YFR034C,0,-5.2023053,0.2680920958518982,0.18050941824913025,0.04928017780184746
YIL070C,YDL006W,0,-5.2025623,0.26765188574790955,0.18050941824913025,0.049390919506549835
YHR053C,YOL034W,0,-5.202637,0.2672131061553955,0.18050941824913025,0.04950166121125221
YML081C-A,YBL025W,0,-5.202833,0.26677578687667847,0.18050941824913025,0.04961240291595459
YJR082C,YMR236W,1,-5.202977,0.2679738700389862,0.18161682784557343,0.04961240291595459
YFL041W,YMR305C,0,-5.202984,0.2675366997718811,0.18161682784557343,0.04972314462065697
YOR130C,YER007W,0,-5.202999,0.267100989818573,0.18161682784557343,0.049833886325359344
YML088W,YPL253C,0,-5.2034407,0.2666666805744171,0.18161682784557343,0.04994462803006172
YKL192C,YPL031C,0,-5.203491,0.26623377203941345,0.18161682784557343,0.0500553697347641
YJL156C,YDR082W,0,-5.203492,0.265802264213562,0.18161682784557343,0.050166111439466476
YBR112C,YJL087C,0,-5.203533,0.2653721570968628,0.18161682784557343,0.050276853144168854
YDR206W,YLR284C,0,-5.203753,0.2649434506893158,0.18161682784557343,0.05038759857416153
YGR262C,YIR002C,0,-5.2037888,0.26451611518859863,0.18161682784557343,0.05049834027886391
YPR082C,YOR123C,0,-5.203985,0.2640901803970337,0.18161682784557343,0.050609081983566284
YGL223C,YOL089C,0,-5.2044153,0.2636655867099762,0.18161682784557343,0.05071982368826866
YEL027W,YDR359C,0,-5.205224,0.26324236392974854,0.18161682784557343,0.05083056539297104
YKL017C,YJL098W,0,-5.2054443,0.2628205120563507,0.18161682784557343,0.050941307097673416
YKR054C,YLR438C-A,0,-5.205584,0.2624000012874603,0.18161682784557343,0.05105204880237579
YPR131C,YOL110W,1,-5.206535,0.26357826590538025,0.1827242523431778,0.05105204880237579
YDL137W,YMR139W,0,-5.206542,0.2631579041481018,0.1827242523431778,0.05116279050707817
YDR345C,YJR103W,0,-5.2068987,0.2627388536930084,0.1827242523431778,0.05127353221178055
YPL076W,YBR073W,0,-5.20692,0.2623211443424225,0.1827242523431778,0.051384273916482925
YFL013C,YGL192W,0,-5.207057,0.261904776096344,0.1827242523431778,0.0514950156211853
YLL022C,YMR236W,1,-5.2070713,0.26307448744773865,0.18383167684078217,0.0514950156211853
YMR068W,YOL039W,0,-5.2071047,0.2626582384109497,0.18383167684078217,0.05160575732588768
YBL093C,YLR467W,0,-5.20753,0.2622433006763458,0.18383167684078217,0.05171649903059006
YCL004W,YPL022W,0,-5.207716,0.2618296444416046,0.18383167684078217,0.051827240735292435
YDR420W,YDR181C,0,-5.208178,0.26141732931137085,0.18383167684078217,0.05193798616528511
YBR039W,YGL223C,0,-5.208294,0.26100629568099976,0.18383167684078217,0.05204872786998749
YGR284C,YBR004C,0,-5.208468,0.26059654355049133,0.18383167684078217,0.052159469574689865
YBR236C,YIL051C,0,-5.2084694,0.2601880729198456,0.18383167684078217,0.05227021127939224
YOR284W,YLR467W,0,-5.2085557,0.2597809135913849,0.18383167684078217,0.05238095298409462
YPL001W,YDR459C,1,-5.2086163,0.26093751192092896,0.18493908643722534,0.05238095298409462
YER003C,YMR134W,0,-5.2090554,0.26053041219711304,0.18493908643722534,0.052491694688797
YMR311C,YHL006C,0,-5.209164,0.2601246237754822,0.18493908643722534,0.052602436393499374
YNL009W,YHR158C,0,-5.209795,0.2597200572490692,0.18493908643722534,0.05271317809820175
YMR069W,YMR236W,1,-5.209914,0.260869562625885,0.1860465109348297,0.05271317809820175
YOR023C,YHR099W,1,-5.210096,0.2620154917240143,0.18715393543243408,0.05271317809820175
YLR191W,YDR143C,0,-5.210162,0.26160991191864014,0.18715393543243408,0.05282391980290413
YDR130C,YBR207W,0,-5.2102647,0.2612055540084839,0.18715393543243408,0.052934661507606506
YMR044W,YKL195W,0,-5.210679,0.2608024775981903,0.18715393543243408,0.053045403212308884
YOR023C,YBR198C,1,-5.210784,0.26194146275520325,0.18826134502887726,0.053045403212308884
YLR286C,YER180C-A,0,-5.210929,0.26153847575187683,0.18826134502887726,0.05315614491701126
YJR140C,YML059C,0,-5.211262,0.2611367106437683,0.18826134502887726,0.05326688662171364
YNL258C,YGR083C,0,-5.211544,0.2607361972332001,0.18826134502887726,0.053377628326416016
YPR131C,YDR145W,1,-5.211628,0.26186829805374146,0.18936876952648163,0.053377628326416016
YPL078C,YJL183W,0,-5.2121015,0.26146790385246277,0.18936876952648163,0.05348837375640869
YHR013C,YGL066W,1,-5.21214,0.26259541511535645,0.190476194024086,0.05348837375640869
YGR220C,YIL120W,0,-5.212408,0.2621951103210449,0.190476194024086,0.05359911546111107
YMR246W,YOL148C,1,-5.212596,0.26331812143325806,0.19158360362052917,0.05359911546111107
YJR083C,YHR135C,0,-5.212908,0.2629179358482361,0.19158360362052917,0.053709857165813446
YIL079C,YMR113W,0,-5.2130766,0.262518972158432,0.19158360362052917,0.05382059887051582
YLR005W,YHR070W,0,-5.213167,0.26212120056152344,0.19158360362052917,0.0539313405752182
YFL039C,YGL066W,1,-5.2133284,0.26323750615119934,0.19269102811813354,0.0539313405752182
YHL031C,YBR256C,0,-5.214184,0.2628398835659027,0.19269102811813354,0.05404208227992058
YJL117W,YPL033C,0,-5.2143784,0.2624434530735016,0.19269102811813354,0.054152823984622955
YLL022C,YDR459C,1,-5.214388,0.2635542154312134,0.19379845261573792,0.054152823984622955
YPL061W,YNL107W,0,-5.2144146,0.2631579041481018,0.19379845261573792,0.05426356568932533
YER073W,YKL004W,0,-5.2145357,0.26276275515556335,0.19379845261573792,0.05437430739402771
YMR072W,YOR349W,0,-5.2148256,0.2623688280582428,0.19379845261573792,0.05448504909873009
YMR276W,YLR086W,0,-5.214932,0.261976033449173,0.19379845261573792,0.054595790803432465
YJL111W,YLR403W,0,-5.2150793,0.26158446073532104,0.19379845261573792,0.05470653250813484
YBR186W,YJR126C,0,-5.215174,0.26119402050971985,0.19379845261573792,0.05481727421283722
YOR007C,YJR009C,0,-5.2151976,0.26080477237701416,0.19379845261573792,0.0549280159175396
YGL073W,YBR256C,0,-5.215889,0.2604166567325592,0.19379845261573792,0.05503876134753227
YMR137C,YML034W,0,-5.21614,0.26002970337867737,0.19379845261573792,0.05514950305223465
YGR002C,YBR198C,1,-5.2165923,0.2611275911331177,0.1949058622121811,0.05514950305223465
YLR100W,YPR086W,0,-5.2169294,0.260740727186203,0.1949058622121811,0.05526024475693703
YPL031C,YBR024W,0,-5.2173777,0.26035502552986145,0.1949058622121811,0.055370986461639404
YDR160W,YFR003C,0,-5.21742,0.25997045636177063,0.1949058622121811,0.05548172816634178
YGL257C,YHR086W,0,-5.2176194,0.25958701968193054,0.1949058622121811,0.05559246987104416
YGR006W,YGR056W,0,-5.2177587,0.2592047154903412,0.1949058622121811,0.055703211575746536
YMR264W,YPL167C,0,-5.217903,0.25882354378700256,0.1949058622121811,0.055813953280448914
YDR448W,YBR081C,1,-5.218603,0.2599118947982788,0.19601328670978546,0.055813953280448914
YNL288W,YML059C,0,-5.218865,0.25953078269958496,0.19601328670978546,0.05592469498515129
YOR239W,YIR005W,0,-5.2210274,0.25915080308914185,0.19601328670978546,0.05603543668985367
YJL190C,YML039W,0,-5.2210474,0.2587719261646271,0.19601328670978546,0.056146178394556046
YFL039C,YER015W,1,-5.22124,0.2598540186882019,0.19712071120738983,0.056146178394556046
YDR052C,YFL002C,0,-5.22126,0.2594752311706543,0.19712071120738983,0.05625692009925842
YNL330C,YMR183C,0,-5.2215147,0.25909751653671265,0.19712071120738983,0.0563676618039608
YMR281W,YLR309C,0,-5.221578,0.25872093439102173,0.19712071120738983,0.05647840350866318
YIL142W,YKL134C,0,-5.2221146,0.25834542512893677,0.19712071120738983,0.05658914893865585
YBR073W,YIL063C,0,-5.2223806,0.25797101855278015,0.19712071120738983,0.05669989064335823
YPL076W,YMR288W,0,-5.2228994,0.2575976848602295,0.19712071120738983,0.05681063234806061
YOR180C,YML005W,0,-5.223317,0.2572254240512848,0.19712071120738983,0.056921374052762985
YDL079C,YOL066C,0,-5.223462,0.25685426592826843,0.19712071120738983,0.05703211575746536
YGR113W,YCR037C,0,-5.223607,0.25648415088653564,0.19712071120738983,0.05714285746216774
YDR258C,YPL031C,0,-5.223994,0.2561151087284088,0.19712071120738983,0.05725359916687012
YOR023C,YDR459C,1,-5.2243176,0.25718390941619873,0.1982281357049942,0.05725359916687012
YLR191W,YDR464W,0,-5.2246966,0.2568149268627167,0.1982281357049942,0.057364340871572495
YJL115W,YNL326C,1,-5.225012,0.2578796446323395,0.19933554530143738,0.057364340871572495
YHR200W,YHR119W,0,-5.2251434,0.2575107216835022,0.19933554530143738,0.05747508257627487
YDL019C,YOR194C,0,-5.225511,0.2571428716182709,0.19933554530143738,0.05758582428097725
YGR121C,YHR154W,0,-5.225773,0.25677603483200073,0.19933554530143738,0.057696565985679626
YNL029C,YHR042W,0,-5.225811,0.25641027092933655,0.19933554530143738,0.057807307690382004
YBR077C,YGL145W,0,-5.2260447,0.25604552030563354,0.19933554530143738,0.05791804939508438
YER155C,YGL200C,0,-5.226637,0.2556818127632141,0.19933554530143738,0.05802879109978676
YOL147C,YHR135C,0,-5.226899,0.25531914830207825,0.19933554530143738,0.058139536529779434
YIL084C,YOR137C,0,-5.227158,0.25495749711990356,0.19933554530143738,0.05825027823448181
YCR094W,YDR359C,0,-5.2273073,0.25459688901901245,0.19933554530143738,0.05836101993918419
YBL003C,YGL172W,0,-5.22768,0.2542372941970825,0.19933554530143738,0.058471761643886566
YHR174W,YDR335W,0,-5.2277393,0.25387871265411377,0.19933554530143738,0.058582503348588943
YDR028C,YLR369W,0,-5.2278843,0.2535211145877838,0.19933554530143738,0.05869324505329132
YDR317W,YDR166C,0,-5.2282267,0.2531645596027374,0.19933554530143738,0.0588039867579937
YOL110W,YBR198C,1,-5.228381,0.25421348214149475,0.20044296979904175,0.0588039867579937
YBR205W,YJL210W,0,-5.2286315,0.25385695695877075,0.20044296979904175,0.058914728462696075
YJL111W,YLR438C-A,0,-5.22927,0.25350141525268555,0.20044296979904175,0.05902547016739845
YIL098C,YDR345C,0,-5.2293305,0.25314685702323914,0.20044296979904175,0.05913621187210083
YGR141W,YDL038C,0,-5.2294893,0.2527932822704315,0.20044296979904175,0.05924695357680321
YDR145W,YPL129W,1,-5.2298307,0.25383543968200684,0.20155039429664612,0.05924695357680321
YDR158W,YJL128C,0,-5.2304907,0.2534818947315216,0.20155039429664612,0.059357695281505585
YLL015W,YKL058W,0,-5.230524,0.25312933325767517,0.20155039429664612,0.05946843698620796
YPL262W,YBR133C,0,-5.230551,0.2527777850627899,0.20155039429664612,0.05957917869091034
YNL219C,YHR161C,0,-5.2316155,0.25242719054222107,0.20155039429664612,0.059689924120903015
YDR168W,YLR262C,0,-5.2321253,0.25207754969596863,0.20155039429664612,0.05980066582560539
YPL149W,YNL021W,0,-5.2321854,0.25172892212867737,0.20155039429664612,0.05991140753030777
YDR040C,YOL088C,0,-5.2330446,0.2513812184333801,0.20155039429664612,0.06002214923501015
YDR005C,YNL131W,0,-5.233203,0.2510344684123993,0.20155039429664612,0.060132890939712524
YPL076W,YCL055W,0,-5.233392,0.25068870186805725,0.20155039429664612,0.0602436326444149
YNL161W,YPR178W,0,-5.2335362,0.2503438889980316,0.20155039429664612,0.06035437434911728
YGL032C,YHR091C,0,-5.2335696,0.25,0.20155039429664612,0.060465116053819656
YBR020W,YDR058C,0,-5.2337103,0.2496570646762848,0.20155039429664612,0.060575857758522034
YPR171W,YDR247W,0,-5.2337246,0.2493150681257248,0.20155039429664612,0.06068659946322441
YOR026W,YKR020W,0,-5.233815,0.24897401034832,0.20155039429664612,0.06079734116792679
YDR081C,YOL034W,0,-5.2346344,0.24863387644290924,0.20155039429664612,0.060908082872629166
YDR145W,YMR236W,1,-5.2356377,0.24965894222259521,0.2026578038930893,0.060908082872629166
YOR371C,YGR007W,0,-5.235714,0.24931880831718445,0.2026578038930893,0.06101882457733154
YKL005C,YDR205W,0,-5.235779,0.2489795982837677,0.2026578038930893,0.06112956628203392
YNL197C,YHL009C,0,-5.2358227,0.24864129722118378,0.2026578038930893,0.061240311712026596
YKL059C,YMR225C,0,-5.2366705,0.24830393493175507,0.2026578038930893,0.06135105341672897
YBR280C,YKL028W,0,-5.236904,0.24796748161315918,0.2026578038930893,0.06146179512143135
YGR097W,YBR210W,0,-5.2373843,0.24763193726539612,0.2026578038930893,0.06157253682613373
YKL055C,YPL208W,0,-5.2381463,0.24729730188846588,0.2026578038930893,0.061683278530836105
YPR023C,YBR198C,1,-5.2383127,0.2483130842447281,0.20376522839069366,0.061683278530836105
YDR448W,YHR099W,1,-5.2390385,0.24932613968849182,0.20487265288829803,0.061683278530836105
YGL236C,YML040W,0,-5.2392373,0.24899058043956757,0.20487265288829803,0.06179402023553848
YPR083W,YNL263C,0,-5.239464,0.24865591526031494,0.20487265288829803,0.06190476194024086
YGR014W,YKR059W,0,-5.239567,0.24832214415073395,0.20487265288829803,0.06201550364494324
YNL099C,YGR222W,0,-5.2399683,0.24798928201198578,0.20487265288829803,0.062126245349645615
YFL009W,YDR040C,0,-5.2414474,0.24765729904174805,0.20487265288829803,0.06223698705434799
YPL209C,YOR069W,0,-5.2415853,0.24732621014118195,0.20487265288829803,0.06234772875905037
YOR269W,YPL016W,0,-5.241747,0.24699600040912628,0.20487265288829803,0.06245847046375275
YDR151C,YNL339C,0,-5.2420025,0.24666666984558105,0.20487265288829803,0.06256921589374542
YHR086W,YDR078C,0,-5.2421885,0.24633821845054626,0.20487265288829803,0.0626799538731575
YDR017C,YGR091W,0,-5.2426305,0.24601063132286072,0.20487265288829803,0.06279069930315018
YIL009W,YMR069W,1,-5.242637,0.2470119595527649,0.2059800624847412,0.06279069930315018
YIR010W,YBR041W,0,-5.243165,0.24668435752391815,0.2059800624847412,0.06290143728256226
YLR085C,YDR377W,0,-5.243659,0.24635761976242065,0.2059800624847412,0.06301218271255493
YPR131C,YDR126W,1,-5.244027,0.24735449254512787,0.20708748698234558,0.06301218271255493
YOR216C,YMR067C,0,-5.244459,0.24702773988246918,0.20708748698234558,0.06312292069196701
YNL020C,YPR134W,0,-5.2444687,0.24670185148715973,0.20708748698234558,0.06323366612195969
YMR069W,YDR459C,1,-5.2451477,0.24769432842731476,0.20819491147994995,0.06323366612195969
YIL009C-A,YDR205W,0,-5.245283,0.24736842513084412,0.20819491147994995,0.06334440410137177
YGR169C,YLR417W,0,-5.24529,0.24704337120056152,0.20819491147994995,0.06345514953136444
YOR274W,YNL332W,0,-5.2454023,0.24671916663646698,0.20819491147994995,0.06356589496135712
YHR203C,YER008C,0,-5.246947,0.24639581143856049,0.20819491147994995,0.0636766329407692
YPL049C,YDR389W,0,-5.247489,0.24607330560684204,0.20819491147994995,0.06378737837076187
YER015W,YDR145W,1,-5.248726,0.24705882370471954,0.20930232107639313,0.06378737837076187
YBR107C,YDR028C,0,-5.249221,0.2467362880706787,0.20930232107639313,0.06389811635017395
YJL020C,YBR161W,0,-5.249399,0.24641460180282593,0.20930232107639313,0.06400886178016663
YPL001W,YGL066W,1,-5.2494755,0.2473958283662796,0.2104097455739975,0.06400886178016663
YBL040C,YNL030W,0,-5.249547,0.24707412719726562,0.2104097455739975,0.0641195997595787
YPL061W,YPR165W,0,-5.249728,0.2467532455921173,0.2104097455739975,0.06423034518957138
YPL048W,YDR052C,0,-5.2497287,0.24643319845199585,0.2104097455739975,0.06434108316898346
YAL044C,YLR212C,0,-5.249791,0.24611398577690125,0.2104097455739975,0.06445182859897614
YDR448W,YJL115W,1,-5.2499647,0.24708926677703857,0.21151717007160187,0.06445182859897614
YER007W,YFR040W,0,-5.250037,0.24677002429962158,0.21151717007160187,0.06456256657838821
YLR207W,YOR148C,0,-5.2501965,0.24645161628723145,0.21151717007160187,0.06467331200838089
YOR002W,YNL107W,0,-5.250453,0.24613402783870697,0.21151717007160187,0.06478404998779297
YOR034C,YHR090C,1,-5.2505274,0.2471042424440384,0.21262457966804504,0.06478404998779297
YKR054C,YJL035C,0,-5.2508726,0.24678663909435272,0.21262457966804504,0.06489479541778564
YDR296W,YHR050W,0,-5.250964,0.24646984040737152,0.21262457966804504,0.06500553339719772
YLL015W,YGR013W,0,-5.2509737,0.2461538463830948,0.21262457966804504,0.0651162788271904
YJR082C,YGL066W,1,-5.25146,0.24711908400058746,0.21373200416564941,0.0651162788271904
YPL096C-A,YDR485C,0,-5.251564,0.24680307507514954,0.21373200416564941,0.06522702425718307
YPR178W,YNL273W,0,-5.251698,0.24648787081241608,0.21373200416564941,0.06533776223659515
YDR296W,YML023C,0,-5.251708,0.24617347121238708,0.21373200416564941,0.06544850766658783
YOR061W,YJR093C,0,-5.251749,0.24585987627506256,0.21373200416564941,0.06555924564599991
YMR047C,YNL264C,0,-5.251894,0.2455470710992813,0.21373200416564941,0.06566999107599258
YGL124C,YPR100W,0,-5.252237,0.24523507058620453,0.21373200416564941,0.06578072905540466
YNL021W,YPL270W,0,-5.252313,0.24492385983467102,0.21373200416564941,0.06589147448539734
YEL071W,YKL042W,0,-5.252432,0.2446134388446808,0.21373200416564941,0.06600221246480942
YHR053C,YJR040W,0,-5.2530336,0.24430379271507263,0.21373200416564941,0.0661129578948021
YPR112C,YLL017W,0,-5.2532496,0.24399493634700775,0.21373200416564941,0.06622369587421417
YNL153C,YMR190C,0,-5.2533135,0.24368686974048615,0.21373200416564941,0.06633444130420685
YLR022C,YGL127C,0,-5.253429,0.24337957799434662,0.21373200416564941,0.06644517928361893
YPL268W,YMR201C,0,-5.253914,0.24307304620742798,0.21373200416564941,0.0665559247136116
YER183C,YJR046W,0,-5.253994,0.24276728928089142,0.21373200416564941,0.06666667014360428
YMR069W,YGL066W,1,-5.254276,0.24371859431266785,0.21483942866325378,0.06666667014360428
YDR147W,YLR090W,0,-5.254425,0.2434127926826477,0.21483942866325378,0.06677740812301636
YDR142C,YJR049C,0,-5.254431,0.24310776591300964,0.21483942866325378,0.06688815355300903
YCR028C,YPR052C,0,-5.2546062,0.24280349910259247,0.21483942866325378,0.06699889153242111
YPL259C,YBR193C,0,-5.254691,0.24250000715255737,0.21483942866325378,0.06710963696241379
YPR029C,YJL184W,0,-5.2547474,0.24219726026058197,0.21483942866325378,0.06722037494182587
YGL021W,YLR034C,0,-5.2551966,0.24189525842666626,0.21483942866325378,0.06733112037181854
YAL040C,YKL070W,0,-5.2555327,0.24159401655197144,0.21483942866325378,0.06744185835123062
YOR023C,YDL040C,1,-5.2557096,0.24253731966018677,0.21594683825969696,0.06744185835123062
YIL095W,YHR050W,0,-5.256134,0.24223601818084717,0.21594683825969696,0.0675526037812233
YPL076W,YOR083W,0,-5.256277,0.24193547666072845,0.21594683825969696,0.06766334176063538
YMR298W,YKR055W,0,-5.256355,0.24163569509983063,0.21594683825969696,0.06777408719062805
YKL093W,YGL151W,0,-5.257225,0.2413366287946701,0.21594683825969696,0.06788482517004013
YKL160W,YER087C-B,0,-5.257296,0.24103832244873047,0.21594683825969696,0.0679955706000328
YJR083C,YGL212W,0,-5.2573013,0.24074074625968933,0.21594683825969696,0.06810630857944489
YDR188W,YDR098C,0,-5.2577124,0.2404439002275467,0.21594683825969696,0.06821705400943756
YPL153C,YFL017W-A,0,-5.2578907,0.24014778435230255,0.21594683825969696,0.06832779943943024
YLR295C,YBL026W,0,-5.2579813,0.2398523986339569,0.21594683825969696,0.06843853741884232
YBR258C,YGR143W,0,-5.258126,0.23955774307250977,0.21594683825969696,0.06854928284883499
YOR250C,YIL056W,0,-5.258779,0.23926380276679993,0.21594683825969696,0.06866002082824707
YFL045C,YBR231C,0,-5.258952,0.2389705926179886,0.21594683825969696,0.06877076625823975
YDR085C,YMR208W,0,-5.2589808,0.23867809772491455,0.21594683825969696,0.06888150423765182
YLR026C,YHR119W,0,-5.2589912,0.23838630318641663,0.21594683825969696,0.0689922496676445
YKL093W,YLR268W,0,-5.2593346,0.2380952388048172,0.21594683825969696,0.06910298764705658
YBL019W,YDR301W,0,-5.260154,0.23780487477779388,0.21594683825969696,0.06921373307704926
YGR222W,YBR275C,0,-5.2602377,0.23751522600650787,0.21594683825969696,0.06932447105646133
YOL008W,YGL194C,0,-5.260253,0.23722627758979797,0.21594683825969696,0.06943521648645401
YPR199C,YIR022W,0,-5.260292,0.23693802952766418,0.21594683825969696,0.06954595446586609
YPL118W,YLR010C,0,-5.2606535,0.2366504818201065,0.21594683825969696,0.06965669989585876
YLR242C,YNL016W,0,-5.2607164,0.23636363446712494,0.21594683825969696,0.06976744532585144
YOL110W,YDR167W,1,-5.260909,0.23728813230991364,0.21705426275730133,0.06976744532585144
YOR380W,YMR139W,0,-5.2613525,0.2370012104511261,0.21705426275730133,0.06987818330526352
YMR285C,YJR120W,0,-5.2625346,0.23671497404575348,0.21705426275730133,0.0699889287352562
YBR217W,YNL286W,0,-5.262814,0.23642943799495697,0.21705426275730133,0.07009966671466827
YGL245W,YDR265W,0,-5.263102,0.23614457249641418,0.21705426275730133,0.07021041214466095
YDL236W,YER022W,0,-5.263196,0.2358604073524475,0.21705426275730133,0.07032115012407303
YBL041W,YPR055W,0,-5.263197,0.23557692766189575,0.21705426275730133,0.0704318955540657
YAL007C,YOR025W,0,-5.2632914,0.23529411852359772,0.21705426275730133,0.07054263353347778
YER183C,YGL252C,0,-5.263322,0.2350119948387146,0.21705426275730133,0.07065337896347046
YMR188C,YNR015W,0,-5.2635164,0.2347305417060852,0.21705426275730133,0.07076411694288254
YCR039C,YKL019W,0,-5.263858,0.23444975912570953,0.21705426275730133,0.07087486237287521
YBR297W,YBL055C,0,-5.2639103,0.23416964709758759,0.21705426275730133,0.07098560035228729
YLR201C,YBR258C,0,-5.2642,0.23389022052288055,0.21705426275730133,0.07109634578227997
YPL001W,YGR147C,1,-5.264312,0.23480333387851715,0.2181616872549057,0.07109634578227997
YCL025C,YDR385W,0,-5.264414,0.23452380299568176,0.2181616872549057,0.07120708376169205
YHR181W,YOL055C,0,-5.2644453,0.2342449426651001,0.2181616872549057,0.07131782919168472
YBL084C,YNL332W,0,-5.264786,0.23396675288677216,0.2181616872549057,0.0714285746216774
YKL114C,YCR042C,0,-5.2653217,0.23368920385837555,0.2181616872549057,0.07153931260108948
YMR055C,YNL268W,0,-5.265338,0.23341232538223267,0.2181616872549057,0.07165005803108215
YOR335C,YDR200C,0,-5.265579,0.23313608765602112,0.2181616872549057,0.07176079601049423
YCR008W,YPR133C,0,-5.2656493,0.2328605204820633,0.2181616872549057,0.07187154144048691
YOR034C,YHR099W,1,-5.265692,0.23376622796058655,0.21926909685134888,0.07187154144048691
YLR025W,YMR095C,0,-5.2658362,0.23349057137966156,0.21926909685134888,0.07198227941989899
YOL059W,YMR288W,0,-5.266219,0.2332155406475067,0.21926909685134888,0.07209302484989166
YHL003C,YLR016C,0,-5.266343,0.2329411804676056,0.21926909685134888,0.07220376282930374
YHR023W,YLR090W,0,-5.266613,0.2326674461364746,0.21926909685134888,0.07231450825929642
YOR034C,YEL056W,1,-5.2666793,0.23356807231903076,0.22037652134895325,0.07231450825929642
YJL014W,YDL195W,0,-5.266899,0.23329424858093262,0.22037652134895325,0.0724252462387085
YGL195W,YIR025W,0,-5.267254,0.233021080493927,0.22037652134895325,0.07253599166870117
YOL008W,YCR033W,0,-5.2673893,0.23274853825569153,0.22037652134895325,0.07264672964811325
YMR069W,YCL010C,1,-5.267578,0.23364485800266266,0.22148394584655762,0.07264672964811325
YKL220C,YAL010C,0,-5.2680025,0.23337222635746002,0.22148394584655762,0.07275747507810593
YNL030W,YBL041W,0,-5.2681065,0.23310023546218872,0.22148394584655762,0.0728682205080986
YLR135W,YML038C,0,-5.2691765,0.23282887041568756,0.22148394584655762,0.07297895848751068
YOR023C,YMR236W,1,-5.269302,0.23372092843055725,0.2225913554430008,0.07297895848751068
YJL099W,YHR072W,0,-5.269964,0.23344947397708893,0.2225913554430008,0.07308970391750336
YJL033W,YLL017W,0,-5.2701817,0.23317866027355194,0.2225913554430008,0.07320044189691544
YDL099W,YPL208W,0,-5.270652,0.2329084575176239,0.2225913554430008,0.07331118732690811
YNL199C,YLR048W,0,-5.2710857,0.2326388955116272,0.2225913554430008,0.07342192530632019
YPL076W,YDL245C,0,-5.27116,0.23236994445323944,0.2225913554430008,0.07353267073631287
YBR177C,YDR422C,0,-5.271413,0.23210161924362183,0.2225913554430008,0.07364340871572495
YMR287C,YGL006W,0,-5.272312,0.23183390498161316,0.2225913554430008,0.07375415414571762
YEL050C,YOR329C,0,-5.2727404,0.23156681656837463,0.2225913554430008,0.0738648921251297
YJL072C,YML049C,0,-5.272768,0.23130033910274506,0.2225913554430008,0.07397563755512238
YBR021W,YCR084C,0,-5.2727833,0.23103448748588562,0.2225913554430008,0.07408637553453445
YPL001W,YEL056W,1,-5.272851,0.2319173365831375,0.22369877994060516,0.07408637553453445
YGR091W,YMR013C,0,-5.273074,0.23165138065814972,0.22369877994060516,0.07419712096452713
YBR245C,YCR044C,0,-5.273234,0.23138602077960968,0.22369877994060516,0.0743078663945198
YHR019C,YGL095C,0,-5.2733183,0.23112128674983978,0.22369877994060516,0.07441860437393188
YMR042W,YJL134W,0,-5.274013,0.23085714876651764,0.22369877994060516,0.07452934980392456
YDR279W,YHR205W,0,-5.274066,0.23059360682964325,0.22369877994060516,0.07464008778333664
YHR024C,YOR194C,0,-5.2742386,0.2303306758403778,0.22369877994060516,0.07475083321332932
YNL201C,YDR259C,0,-5.274313,0.23006834089756012,0.22369877994060516,0.0748615711927414
YPR023C,YGL066W,1,-5.2743483,0.23094426095485687,0.22480620443820953,0.0748615711927414
YNL116W,YMR005W,0,-5.2748237,0.23068182170391083,0.22480620443820953,0.07497231662273407
YGR133W,YKL203C,0,-5.274831,0.23041997849941254,0.22480620443820953,0.07508305460214615
YBR207W,YJL042W,0,-5.2754936,0.230158731341362,0.22480620443820953,0.07519380003213882
YEL056W,YBR081C,1,-5.275549,0.23103058338165283,0.2259136140346527,0.07519380003213882
YJL102W,YER074W-A,0,-5.276013,0.23076923191547394,0.2259136140346527,0.0753045380115509
YPL258C,YLR386W,0,-5.276137,0.2305084764957428,0.2259136140346527,0.07541528344154358
YMR235C,YMR016C,0,-5.2761602,0.23024830222129822,0.2259136140346527,0.07552602142095566
YCR033W,YLR181C,0,-5.2768173,0.2299887239933014,0.2259136140346527,0.07563676685094833
YKL032C,YBR167C,0,-5.277234,0.22972972691059113,0.2259136140346527,0.07574750483036041
YDR118W,YJL207C,0,-5.2779007,0.22947131097316742,0.2259136140346527,0.07585825026035309
YJL111W,YIL029C,0,-5.2779484,0.22921347618103027,0.2259136140346527,0.07596899569034576
YNL006W,YDL190C,0,-5.2780914,0.2289562225341797,0.2259136140346527,0.07607973366975784
YBR211C,YOR168W,0,-5.2781444,0.22869955003261566,0.2259136140346527,0.07619047909975052
YNL331C,YMR046C,0,-5.278231,0.228443443775177,0.2259136140346527,0.0763012170791626
YCR048W,YPR199C,0,-5.278954,0.2281879186630249,0.2259136140346527,0.07641196250915527
YOL063C,YKR052C,0,-5.27946,0.22793295979499817,0.2259136140346527,0.07652270048856735
YJR076C,YGL144C,0,-5.279461,0.2276785671710968,0.2259136140346527,0.07663344591856003
YAL013W,YMR276W,0,-5.27958,0.227424755692482,0.2259136140346527,0.0767441838979721
YDR330W,YPL283C,0,-5.279596,0.22717149555683136,0.2259136140346527,0.07685492932796478
YKL064W,YOR256C,0,-5.2797427,0.2269188016653061,0.2259136140346527,0.07696566730737686
YOL110W,YHR099W,1,-5.279799,0.22777777910232544,0.22702103853225708,0.07696566730737686
YBL026W,YDR018C,0,-5.279915,0.22752496600151062,0.22702103853225708,0.07707641273736954
YBL084C,YBR240C,0,-5.2800617,0.22727273404598236,0.22702103853225708,0.07718715071678162
YKL179C,YOR351C,0,-5.28053,0.22702103853225708,0.22702103853225708,0.07729789614677429
YNL007C,YKL175W,0,-5.280837,0.22676990926265717,0.22702103853225708,0.07740864157676697
YBR274W,YKR046C,0,-5.2811813,0.22651933133602142,0.22702103853225708,0.07751937955617905
YJR082C,YBR198C,1,-5.2815466,0.22737306356430054,0.22812846302986145,0.07751937955617905
YFL039C,YDR145W,1,-5.2816734,0.22822491824626923,0.22923588752746582,0.07751937955617905
YKL195W,YGR013W,0,-5.282132,0.2279735654592514,0.22923588752746582,0.07763012498617172
YLR370C,YOR083W,0,-5.2826433,0.22772277891635895,0.22923588752746582,0.0777408629655838
YDR126W,YMR236W,1,-5.282729,0.22857142984867096,0.230343297123909,0.0777408629655838
YDR116C,YNR026C,0,-5.2830877,0.22832052409648895,0.230343297123909,0.07785160839557648
YPR140W,YDR545W,0,-5.283293,0.22807016968727112,0.230343297123909,0.07796234637498856
YIL122W,YOR362C,0,-5.2835307,0.22782036662101746,0.230343297123909,0.07807309180498123
YER015W,YPL129W,1,-5.2839184,0.22866520285606384,0.23145072162151337,0.07807309180498123
YKL160W,YLR277C,0,-5.283951,0.22841529548168182,0.23145072162151337,0.07818382978439331
YAR002C-A,YMR219W,0,-5.283951,0.22816593945026398,0.23145072162151337,0.07829457521438599
YDR434W,YKL028W,0,-5.284009,0.2279171198606491,0.23145072162151337,0.07840531319379807
YBL040C,YML005W,0,-5.284108,0.2276688516139984,0.23145072162151337,0.07851605862379074
YML051W,YDR481C,0,-5.2841825,0.2274211049079895,0.23145072162151337,0.07862679660320282
YNL148C,YBR058C-A,0,-5.2846174,0.22717390954494476,0.23145072162151337,0.0787375420331955
YPR008W,YMR022W,0,-5.2850065,0.226927250623703,0.23145072162151337,0.07884828001260757
YNL147W,YOL088C,0,-5.285527,0.22668112814426422,0.23145072162151337,0.07895902544260025
YNL039W,YOR031W,0,-5.2857127,0.22643554210662842,0.23145072162151337,0.07906977087259293
YDL198C,YOL066C,0,-5.285794,0.2261904776096344,0.23145072162151337,0.079180508852005
YMR032W,YKL108W,0,-5.2861686,0.22594594955444336,0.23145072162151337,0.07929125428199768
YJL133W,YPR075C,0,-5.28633,0.2257019430398941,0.23145072162151337,0.07940199226140976
YPL049C,YPL098C,0,-5.2863884,0.22545847296714783,0.23145072162151337,0.07951273769140244
YHR187W,YPL118W,0,-5.286403,0.22521552443504333,0.23145072162151337,0.07962347567081451
YKL032C,YJL124C,0,-5.286466,0.22497308254241943,0.23145072162151337,0.07973422110080719
YMR041C,YLR141W,0,-5.286497,0.2247311770915985,0.23145072162151337,0.07984495908021927
YJR090C,YKR097W,0,-5.287121,0.22448979318141937,0.23145072162151337,0.07995570451021194
YPR030W,YLR381W,0,-5.287136,0.22424893081188202,0.23145072162151337,0.08006644248962402
YKL017C,YLR141W,0,-5.2871504,0.22400857508182526,0.23145072162151337,0.0801771879196167
YBR081C,YHR099W,1,-5.2872066,0.22483940422534943,0.23255814611911774,0.0801771879196167
YDR205W,YDR418W,0,-5.2873983,0.2245989292860031,0.23255814611911774,0.08028792589902878
YIL066C,YKL175W,0,-5.287514,0.22435897588729858,0.23255814611911774,0.08039867132902145
YDR055W,YAL009W,0,-5.2876377,0.22411952912807465,0.23255814611911774,0.08050941675901413
YDL226C,YKR095W-A,0,-5.288024,0.2238806039094925,0.23255814611911774,0.08062015473842621
YJL021C,YOR085W,0,-5.288252,0.22364217042922974,0.23255814611911774,0.08073090016841888
YLR309C,YJL134W,0,-5.2884045,0.22340425848960876,0.23255814611911774,0.08084163814783096
YPL118W,YDR195W,0,-5.28948,0.2231668382883072,0.23255814611911774,0.08095238357782364
YOL165C,YDR422C,0,-5.2895327,0.2229299396276474,0.23255814611911774,0.08106312155723572
YLR274W,YER074W-A,0,-5.289558,0.222693532705307,0.23255814611911774,0.0811738669872284
YLR023C,YNL188W,0,-5.2896166,0.2224576324224472,0.23255814611911774,0.08128460496664047
YGR267C,YGR133W,0,-5.2902384,0.2222222238779068,0.23255814611911774,0.08139535039663315
YPL242C,YPR181C,0,-5.29048,0.22198732197284698,0.23255814611911774,0.08150608837604523
YOR361C,YCR008W,0,-5.2905073,0.22175289690494537,0.23255814611911774,0.0816168338060379
YKL182W,YLR033W,0,-5.2905917,0.22151899337768555,0.23255814611911774,0.08172757178544998
YOR257W,YDR310C,0,-5.2906322,0.22128556668758392,0.23255814611911774,0.08183831721544266
YPL061W,YLR145W,0,-5.290992,0.2210526317358017,0.23255814611911774,0.08194905519485474
YLR309C,YPL283C,0,-5.2912765,0.22082018852233887,0.23255814611911774,0.08205980062484741
YCR082W,YLR256W,0,-5.291591,0.22058823704719543,0.23255814611911774,0.08217054605484009
YOR193W,YDL080C,0,-5.2916408,0.2203567624092102,0.23255814611911774,0.08228128403425217
YBR186W,YDR453C,0,-5.2919693,0.22012577950954437,0.23255814611911774,0.08239202946424484
YPL051W,YDR422C,0,-5.2920656,0.21989528834819794,0.23255814611911774,0.08250276744365692
YJL091C,YOL068C,0,-5.292143,0.2196652740240097,0.23255814611911774,0.0826135128736496
YHR102W,YBR050C,0,-5.292217,0.21943573653697968,0.23255814611911774,0.08272425085306168
YDR284C,YER111C,0,-5.292247,0.21920667588710785,0.23255814611911774,0.08283499628305435
YGL163C,YLR145W,0,-5.2924595,0.21897810697555542,0.23255814611911774,0.08294573426246643
YML059C,YBR192W,0,-5.2925634,0.21875,0.23255814611911774,0.0830564796924591
YML010W,YKR014C,0,-5.2926126,0.21852236986160278,0.23255814611911774,0.08316721767187119
YCL005W-A,YLR298C,0,-5.2926884,0.21829521656036377,0.23255814611911774,0.08327796310186386
YKL139W,YMR204C,0,-5.2929244,0.21806854009628296,0.23255814611911774,0.08338870108127594
YNL267W,YGR169C,0,-5.2930584,0.21784232556819916,0.23255814611911774,0.08349944651126862
YMR014W,YBR186W,0,-5.293225,0.21761657297611237,0.23255814611911774,0.08361019194126129
YPL046C,YGR054W,0,-5.2932596,0.21739129722118378,0.23255814611911774,0.08372092992067337
YDR309C,YER112W,0,-5.293519,0.2171664983034134,0.23255814611911774,0.08383167535066605
YDR129C,YOR172W,0,-5.293599,0.21694214642047882,0.23255814611911774,0.08394241333007812
YNL221C,YER111C,0,-5.293838,0.21671827137470245,0.23255814611911774,0.0840531587600708
YPL048W,YPR103W,0,-5.294629,0.2164948433637619,0.23255814611911774,0.08416389673948288
YGL195W,YIR041W,0,-5.29482,0.21627187728881836,0.23255814611911774,0.08427464216947556
YPL001W,YOL148C,1,-5.2948847,0.21707819402217865,0.2336655557155609,0.08427464216947556
YGR147C,YHR099W,1,-5.2949014,0.21788284182548523,0.23477298021316528,0.08427464216947556
YCR098C,YGR063C,0,-5.294905,0.217659130692482,0.23477298021316528,0.08438538014888763
YKR027W,YDR151C,0,-5.2954125,0.21743589639663696,0.23477298021316528,0.08449612557888031
YIL009W,YHR099W,1,-5.295513,0.21823769807815552,0.23588040471076965,0.08449612557888031
YMR238W,YJR017C,0,-5.295657,0.21801432967185974,0.23588040471076965,0.08460686355829239
YBL084C,YBR296C,0,-5.295665,0.21779140830039978,0.23588040471076965,0.08471760898828506
YGR264C,YNL197C,0,-5.295741,0.21756894886493683,0.23588040471076965,0.08482834696769714
YNR019W,YML010W,0,-5.2967453,0.2173469364643097,0.23588040471076965,0.08493909239768982
YJR082C,YCL010C,1,-5.29696,0.2181447446346283,0.23698781430721283,0.08493909239768982
YJL094C,YHR020W,0,-5.296983,0.2179226130247116,0.23698781430721283,0.0850498303771019
YNL192W,YHR067W,0,-5.2970743,0.21770091354846954,0.23698781430721283,0.08516057580709457
YMR056C,YLR097C,0,-5.297436,0.2174796760082245,0.23698781430721283,0.08527132123708725
YIL095W,YLR079W,0,-5.297568,0.21725888550281525,0.23698781430721283,0.08538205921649933
YOR023C,YPL129W,1,-5.2975855,0.21805274486541748,0.2380952388048172,0.08538205921649933
YGL025C,YPR095C,0,-5.298188,0.2178318202495575,0.2380952388048172,0.085492804646492
YLL022C,YHR090C,1,-5.298485,0.21862348914146423,0.23920266330242157,0.085492804646492
YNL118C,YHR102W,0,-5.299155,0.2184024304151535,0.23920266330242157,0.08560354262590408
YPL129W,YHR099W,1,-5.299197,0.21919192373752594,0.24031007289886475,0.08560354262590408
YIR019C,YKL020C,0,-5.299651,0.21897073090076447,0.24031007289886475,0.08571428805589676
YFR034C,YCL008C,0,-5.2998533,0.21875,0.24031007289886475,0.08582502603530884
YML086C,YOR014W,0,-5.2999535,0.21852970123291016,0.24031007289886475,0.08593577146530151
YPR020W,YCR008W,0,-5.300206,0.21830986440181732,0.24031007289886475,0.08604650944471359
YPL195W,YJR057W,0,-5.30067,0.2180904597043991,0.24031007289886475,0.08615725487470627
YKL045W,YBR058C-A,0,-5.300756,0.21787148714065552,0.24031007289886475,0.08626799285411835
YJL081C,YPR131C,1,-5.3010097,0.21865597367286682,0.24141749739646912,0.08626799285411835
YGR216C,YJL054W,0,-5.3011622,0.21843686699867249,0.24141749739646912,0.08637873828411102
YML071C,YHL006C,0,-5.301298,0.21821822226047516,0.24141749739646912,0.0864894762635231
YER161C,YLR386W,0,-5.3013625,0.21799999475479126,0.24141749739646912,0.08660022169351578
YOR109W,YAL001C,0,-5.301936,0.21778221428394318,0.24141749739646912,0.08671096712350845
YIL009W,YDR145W,1,-5.3019624,0.21856287121772766,0.2425249218940735,0.08671096712350845
YNL223W,YML098W,0,-5.3021674,0.21834497153759003,0.2425249218940735,0.08682170510292053
YHR041C,YOL055C,0,-5.302623,0.21812748908996582,0.2425249218940735,0.08693245053291321
YPL078C,YMR272C,0,-5.302902,0.21791045367717743,0.2425249218940735,0.08704318851232529
YML081C-A,YGR085C,0,-5.3029985,0.21769383549690247,0.2425249218940735,0.08715393394231796
YLR405W,YIL114C,0,-5.303219,0.21747764945030212,0.2425249218940735,0.08726467192173004
YPL221W,YGR267C,0,-5.3034563,0.2172619104385376,0.2425249218940735,0.08737541735172272
YBR050C,YOL143C,0,-5.30387,0.2170465737581253,0.2425249218940735,0.0874861553311348
YPR155C,YLR328W,0,-5.3041253,0.21683168411254883,0.2425249218940735,0.08759690076112747
YOR299W,YHR031C,0,-5.3041806,0.21661721169948578,0.2425249218940735,0.08770763874053955
YNL097C,YGR006W,0,-5.304205,0.21640315651893616,0.2425249218940735,0.08781838417053223
YER133W,YJL207C,0,-5.304229,0.21618953347206116,0.2425249218940735,0.0879291221499443
YCR055C,YBR050C,0,-5.304475,0.21597632765769958,0.2425249218940735,0.08803986757993698
YKL045W,YBR294W,0,-5.304636,0.21576355397701263,0.2425249218940735,0.08815060555934906
YDL040C,YHR099W,1,-5.3050404,0.21653543412685394,0.24363233149051666,0.08815060555934906
YJL099W,YML021C,0,-5.305168,0.21632251143455505,0.24363233149051666,0.08826135098934174
YER183C,YMR013C,0,-5.3052955,0.2161100208759308,0.24363233149051666,0.08837209641933441
YPL241C,YPR075C,0,-5.3055773,0.21589793264865875,0.24363233149051666,0.08848283439874649
YJL101C,YLR090W,0,-5.306629,0.21568627655506134,0.24363233149051666,0.08859357982873917
YGR225W,YPL010W,0,-5.306699,0.21547502279281616,0.24363233149051666,0.08870431780815125
YPR171W,YGL087C,0,-5.3068495,0.2152641862630844,0.24363233149051666,0.08881506323814392
YMR281W,YJL036W,0,-5.307008,0.2150537669658661,0.24363233149051666,0.088925801217556
YHL031C,YBL018C,0,-5.307063,0.21484375,0.24363233149051666,0.08903654664754868
YIL072W,YDR381W,0,-5.3077517,0.21463415026664734,0.24363233149051666,0.08914728462696075
YGR181W,YJR027W,0,-5.30787,0.2144249528646469,0.24363233149051666,0.08925803005695343
YLR424W,YMR134W,0,-5.3080635,0.21421615779399872,0.24363233149051666,0.08936876803636551
YNL161W,YFR052W,0,-5.3081455,0.21400777995586395,0.24363233149051666,0.08947951346635818
YGR010W,YMR182C,0,-5.3081594,0.21379980444908142,0.24363233149051666,0.08959025144577026
YKR052C,YOL113W,0,-5.3083706,0.21359223127365112,0.24363233149051666,0.08970099687576294
YOR034C,YNL136W,1,-5.308421,0.2143549919128418,0.24473975598812103,0.08970099687576294
YGR268C,YDL006W,0,-5.3086367,0.21414728462696075,0.24473975598812103,0.08981174230575562
YCL014W,YPR007C,0,-5.3089485,0.21393997967243195,0.24473975598812103,0.0899224802851677
YEL056W,YMR069W,1,-5.3089523,0.21470019221305847,0.2458471804857254,0.0899224802851677
YGL116W,YKL154W,0,-5.3090296,0.21449275314807892,0.2458471804857254,0.09003322571516037
YNR075W,YPL253C,0,-5.309084,0.2142857164144516,0.2458471804857254,0.09014396369457245
YIL106W,YPR182W,0,-5.30976,0.21407906711101532,0.2458471804857254,0.09025470912456512
YCR028C,YFL059W,0,-5.309986,0.21387283504009247,0.2458471804857254,0.0903654471039772
YKR086W,YEL037C,0,-5.310318,0.21366699039936066,0.2458471804857254,0.09047619253396988
YBR107C,YKL186C,0,-5.3108535,0.21346153318881989,0.2458471804857254,0.09058693051338196
YGL065C,YOL028C,0,-5.3114567,0.21325647830963135,0.2458471804857254,0.09069767594337463
YMR161W,YAL043C,0,-5.3117085,0.21305182576179504,0.2458471804857254,0.09080841392278671
YDL040C,YOL110W,1,-5.3118973,0.21380633115768433,0.24695459008216858,0.09080841392278671
YHR204W,YDR393W,0,-5.3119507,0.21360152959823608,0.24695459008216858,0.09091915935277939
YDL099W,YHR118C,0,-5.312366,0.21339713037014008,0.24695459008216858,0.09102989733219147
YNL004W,YKR028W,0,-5.3124113,0.2131931185722351,0.24695459008216858,0.09114064276218414
YHR072W,YMR137C,0,-5.3126316,0.21298949420452118,0.24695459008216858,0.09125138074159622
YGR180C,YML114C,0,-5.3126855,0.2127862572669983,0.24695459008216858,0.0913621261715889
YGL066W,YOR064C,1,-5.312974,0.21353669464588165,0.24806201457977295,0.0913621261715889
YMR173W,YCR008W,0,-5.31304,0.2133333384990692,0.24806201457977295,0.09147287160158157
YLR266C,YBR273C,0,-5.313802,0.21313035488128662,0.24806201457977295,0.09158360958099365
YMR113W,YJL203W,0,-5.3142095,0.21292775869369507,0.24806201457977295,0.09169435501098633
YNL136W,YFL024C,1,-5.314366,0.21367521584033966,0.24916943907737732,0.09169435501098633
YDR147W,YGL035C,0,-5.314447,0.21347248554229736,0.24916943907737732,0.09180509299039841
YDR448W,YGR002C,1,-5.3144884,0.21421800553798676,0.2502768635749817,0.09180509299039841
YLR170C,YHL003C,0,-5.314515,0.2140151560306549,0.2502768635749817,0.09191583842039108
YNL090W,YPL042C,0,-5.3146677,0.2138126790523529,0.2502768635749817,0.09202657639980316
YDR174W,YBL100W-B,0,-5.31481,0.21361058950424194,0.2502768635749817,0.09213732182979584
YKL135C,YGL190C,0,-5.314817,0.21340887248516083,0.2502768635749817,0.09224805980920792
YMR198W,YDL200C,0,-5.314822,0.21320754289627075,0.2502768635749817,0.09235880523920059
YFL029C,YGR191W,0,-5.3148775,0.21300660073757172,0.2502768635749817,0.09246954321861267
YBR289W,YPR074C,0,-5.3151054,0.21280603110790253,0.2502768635749817,0.09258028864860535
YDL040C,YHR090C,1,-5.315221,0.21354655921459198,0.25138428807258606,0.09258028864860535
YPR023C,YPL001W,1,-5.315563,0.2142857164144516,0.25249168276786804,0.09258028864860535
YJL081C,YDR167W,1,-5.31561,0.215023472905159,0.2535991072654724,0.09258028864860535
YJR078W,YNR015W,0,-5.3156567,0.21482177078723907,0.2535991072654724,0.09269102662801743
YMR287C,YGR057C,0,-5.3158226,0.2146204262971878,0.2535991072654724,0.0928017720580101
YPR124W,YDR189W,0,-5.3160305,0.21441946923732758,0.2535991072654724,0.09291251748800278
YLR288C,YDL111C,0,-5.3160343,0.2142188996076584,0.2535991072654724,0.09302325546741486
YGR002C,YDR145W,1,-5.3162484,0.21495327353477478,0.2547065317630768,0.09302325546741486
YOL051W,YJR007W,0,-5.316251,0.21475256979465485,0.2547065317630768,0.09313400089740753
YNL009W,YBR111W-A,0,-5.3169713,0.21455223858356476,0.2547065317630768,0.09324473887681961
YKL059C,YDR142C,0,-5.316973,0.21435227990150452,0.2547065317630768,0.09335548430681229
YDL231C,YMR190C,0,-5.3174553,0.21415269374847412,0.2547065317630768,0.09346622228622437
YDR448W,YGL066W,1,-5.3174973,0.2148837149143219,0.25581395626068115,0.09346622228622437
YPL008W,YJL109C,0,-5.3175464,0.21468400955200195,0.25581395626068115,0.09357696771621704
YDR320C-A,YKL028W,0,-5.3177285,0.21448467671871185,0.25581395626068115,0.09368770569562912
YJL085W,YPR042C,0,-5.3181515,0.2142857164144516,0.25581395626068115,0.0937984511256218
YGR113W,YER022W,0,-5.3181543,0.21408711373806,0.25581395626068115,0.09390918910503387
YKR046C,YPL011C,0,-5.3182697,0.21388888359069824,0.25581395626068115,0.09401993453502655
YOR180C,YGL048C,0,-5.3184996,0.21369102597236633,0.25581395626068115,0.09413067251443863
YMR276W,YPL156C,0,-5.3189707,0.21349352598190308,0.25581395626068115,0.0942414179444313
YDR147W,YPR032W,0,-5.319045,0.21329639852046967,0.25581395626068115,0.09435215592384338
YCL014W,YGR167W,0,-5.319049,0.2130996286869049,0.25581395626068115,0.09446290135383606
YLR347C,YGR007W,0,-5.319784,0.21290323138237,0.25581395626068115,0.09457364678382874
YDR448W,YJL081C,1,-5.3199763,0.21362799406051636,0.2569213807582855,0.09457364678382874
YOR008C,YML005W,0,-5.3200264,0.2134314626455307,0.2569213807582855,0.09468438476324081
YOR023C,YLL002W,1,-5.3207564,0.2141544073820114,0.2580288052558899,0.09468438476324081
YML058W-A,YER117W,0,-5.320793,0.2139577567577362,0.2580288052558899,0.09479513019323349
YJL081C,YPL001W,1,-5.3211184,0.21467889845371246,0.2591361999511719,0.09479513019323349
YPL129W,YBR198C,1,-5.3213654,0.21539871394634247,0.26024362444877625,0.09479513019323349
YGL172W,YPL033C,0,-5.3215017,0.2152014672756195,0.26024362444877625,0.09490586817264557
YNL327W,YPL224C,0,-5.321676,0.2150045782327652,0.26024362444877625,0.09501661360263824
YDL099W,YIL073C,0,-5.3220415,0.21480804681777954,0.26024362444877625,0.09512735158205032
YMR238W,YOL012C,0,-5.3222723,0.21461187303066254,0.26024362444877625,0.095238097012043
YLL013C,YDL140C,0,-5.322462,0.21441605687141418,0.26024362444877625,0.09534883499145508
YNL065W,YGL093W,0,-5.322591,0.21422059834003448,0.26024362444877625,0.09545958042144775
YPL061W,YOR098C,0,-5.322674,0.21402549743652344,0.26024362444877625,0.09557031840085983
YOL026C,YNR032W,0,-5.3227434,0.21383075416088104,0.26024362444877625,0.09568106383085251
YLR265C,YOR069W,0,-5.3229055,0.2136363685131073,0.26024362444877625,0.09579180181026459
YDL116W,YOR194C,0,-5.323061,0.21344232559204102,0.26024362444877625,0.09590254724025726
YDR062W,YGR059W,0,-5.3231072,0.21324864029884338,0.26024362444877625,0.09601329267024994
YJR082C,YMR069W,1,-5.323307,0.21396192908287048,0.2613510489463806,0.09601329267024994
YGR041W,YMR161W,0,-5.323363,0.2137681096792221,0.2613510489463806,0.09612403064966202
YOR026W,YMR161W,0,-5.323455,0.21357466280460358,0.2613510489463806,0.0962347760796547
YML092C,YOR217W,0,-5.323538,0.2133815586566925,0.2613510489463806,0.09634551405906677
YKL176C,YML032C,0,-5.3236494,0.2131887972354889,0.2613510489463806,0.09645625948905945
YNL161W,YOR106W,0,-5.3238106,0.21299639344215393,0.2613510489463806,0.09656699746847153
YAL042W,YNR064C,0,-5.3238263,0.21280433237552643,0.2613510489463806,0.0966777428984642
YOR094W,YJL003W,0,-5.324555,0.21261261403560638,0.2613510489463806,0.09678848087787628
YOL051W,YGR152C,0,-5.3246326,0.2124212384223938,0.2613510489463806,0.09689922630786896
YPL007C,YCL074W,0,-5.3246384,0.21223022043704987,0.2613510489463806,0.09700996428728104
YPL200W,YPL268W,0,-5.324893,0.2120395302772522,0.2613510489463806,0.09712070971727371
YPR124W,YNL084C,0,-5.3250093,0.21184919774532318,0.2613510489463806,0.09723144769668579
YNR044W,YOR319W,0,-5.3251276,0.21165919303894043,0.2613510489463806,0.09734219312667847
YER142C,YDR238C,0,-5.325444,0.21146953105926514,0.2613510489463806,0.09745293110609055
YGR152C,YDR170C,0,-5.325631,0.2112802118062973,0.2613510489463806,0.09756367653608322
YML088W,YKL196C,0,-5.325695,0.21109123528003693,0.2613510489463806,0.0976744219660759
YGL006W,YIL095W,0,-5.3258004,0.21090258657932281,0.2613510489463806,0.09778515994548798
YBR089C-A,YIL123W,0,-5.325845,0.21071428060531616,0.2613510489463806,0.09789590537548065
YKR038C,YOL116W,0,-5.325977,0.21052631735801697,0.2613510489463806,0.09800664335489273
YIL070C,YDR473C,0,-5.3260674,0.21033868193626404,0.2613510489463806,0.0981173887848854
YGL066W,YBR198C,1,-5.326124,0.21104185283184052,0.262458473443985,0.0981173887848854
YFR008W,YER087C-B,0,-5.326489,0.21085409820079803,0.262458473443985,0.09822812676429749
YPR200C,YFR040W,0,-5.32664,0.21066667139530182,0.262458473443985,0.09833887219429016
YCR008W,YMR149W,0,-5.3275084,0.21047957241535187,0.262458473443985,0.09844961017370224
YGR227W,YCR020W-B,0,-5.3276205,0.21029281616210938,0.262458473443985,0.09856035560369492
YDR448W,YMR236W,1,-5.3277617,0.21099290251731873,0.26356589794158936,0.09856035560369492
YJL170C,YNL239W,0,-5.328003,0.21080602705478668,0.26356589794158936,0.098671093583107
YOR109W,YML114C,0,-5.3283725,0.2106194645166397,0.26356589794158936,0.09878183901309967
YGR147C,YDR126W,1,-5.328749,0.21131742000579834,0.2646733224391937,0.09878183901309967
YER088C,YBL063W,0,-5.328821,0.21113073825836182,0.2646733224391937,0.09889257699251175
YDR141C,YNL332W,0,-5.3292046,0.21094439923763275,0.2646733224391937,0.09900332242250443
YPR104C,YNL304W,0,-5.3292127,0.21075837314128876,0.2646733224391937,0.0991140678524971
YBL040C,YIL080W,0,-5.3297424,0.21057268977165222,0.2646733224391937,0.09922480583190918
YGR010W,YPR032W,0,-5.329821,0.21038731932640076,0.2646733224391937,0.09933555126190186
YPL127C,YMR293C,0,-5.3301744,0.21020229160785675,0.2646733224391937,0.09944628924131393
YAL043C,YPL210C,0,-5.330592,0.21001757681369781,0.2646733224391937,0.09955703467130661
YDR453C,YCL074W,0,-5.330803,0.20983318984508514,0.2646733224391937,0.09966777265071869
YHR072W,YGR220C,0,-5.331088,0.20964911580085754,0.2646733224391937,0.09977851808071136
YNL288W,YDR096W,0,-5.3312635,0.2094653844833374,0.2646733224391937,0.09988925606012344
YOL063C,YMR161W,0,-5.3315177,0.20928196609020233,0.2646733224391937,0.10000000149011612
YNL214W,YLR147C,0,-5.332114,0.20909886062145233,0.2646733224391937,0.1001107394695282
YDR151C,YJL072C,0,-5.332325,0.2089160829782486,0.2646733224391937,0.10022148489952087
YJR082C,YGR002C,1,-5.332632,0.20960699021816254,0.2657807171344757,0.10022148489952087
YJL081C,YGL066W,1,-5.332749,0.21029669046401978,0.2668881416320801,0.10022148489952087
YAL044C,YJR110W,0,-5.33298,0.21011334657669067,0.2668881416320801,0.10033222287893295
YIL033C,YCR094W,0,-5.333207,0.20993031561374664,0.2668881416320801,0.10044296830892563
YER180C-A,YHR039C-A,0,-5.333289,0.20974761247634888,0.2668881416320801,0.10055370628833771
YMR240C,YDR343C,0,-5.3333273,0.20956522226333618,0.2668881416320801,0.10066445171833038
YLR153C,YJR082C,1,-5.3333354,0.21025195717811584,0.26799556612968445,0.10066445171833038
YKL073W,YDL150W,0,-5.333789,0.2100694477558136,0.26799556612968445,0.10077519714832306
YPL200W,YGR081C,0,-5.333929,0.20988725125789642,0.26799556612968445,0.10088593512773514
YOL094C,YIR015W,0,-5.3342695,0.20970536768436432,0.26799556612968445,0.10099668055772781
YPL194W,YKL196C,0,-5.3349385,0.20952381193637848,0.26799556612968445,0.10110741853713989
YBL034C,YDR213W,0,-5.334984,0.20934255421161652,0.26799556612968445,0.10121816396713257
YBR260C,YMR013C,0,-5.335965,0.20916162431240082,0.26799556612968445,0.10132890194654465
YPL001W,YDR145W,1,-5.336012,0.20984455943107605,0.2691029906272888,0.10132890194654465
YJR091C,YML005W,0,-5.336045,0.2096635103225708,0.2691029906272888,0.10143964737653732
YOR136W,YGR199W,0,-5.336231,0.20948275923728943,0.2691029906272888,0.1015503853559494
YLL050C,YKR059W,0,-5.336748,0.20930232107639313,0.2691029906272888,0.10166113078594208
YHR024C,YEL019C,0,-5.3367996,0.2091221958398819,0.2691029906272888,0.10177186876535416
YAL054C,YJR082C,1,-5.336898,0.20980224013328552,0.2702104151248932,0.10177186876535416
YPL228W,YMR089C,0,-5.33706,0.20962199568748474,0.2702104151248932,0.10188261419534683
YHR015W,YNL206C,0,-5.337264,0.20944206416606903,0.2702104151248932,0.10199335217475891
YBR020W,YGR013W,0,-5.3378425,0.2092624306678772,0.2702104151248932,0.10210409760475159
YBR112C,YGR181W,0,-5.3379955,0.20908312499523163,0.2702104151248932,0.10221484303474426
YOL165C,YJR108W,0,-5.3383694,0.20890410244464874,0.2702104151248932,0.10232558101415634
YOL156W,YNL029C,0,-5.3387346,0.20872540771961212,0.2702104151248932,0.10243632644414902
YGR217W,YOL128C,0,-5.338871,0.20854701101779938,0.2702104151248932,0.1025470644235611
YLR260W,YLR026C,0,-5.3389015,0.2083689123392105,0.2702104151248932,0.10265780985355377
YKL021C,YBR090C-A,0,-5.339366,0.2081911265850067,0.2702104151248932,0.10276854783296585
YLR127C,YBR217W,0,-5.339576,0.2080136388540268,0.2702104151248932,0.10287929326295853
YNL085W,YDR135C,0,-5.3397093,0.20783644914627075,0.2702104151248932,0.1029900312423706
YGL032C,YBL105C,0,-5.3399496,0.20765957236289978,0.2702104151248932,0.10310077667236328
YOR160W,YDR207C,0,-5.340426,0.20748299360275269,0.2702104151248932,0.10321151465177536
YNL009W,YDR137W,0,-5.340521,0.20730671286582947,0.2702104151248932,0.10332226008176804
YER133W,YMR060C,0,-5.340727,0.20713073015213013,0.2702104151248932,0.10343299806118011
YBL017C,YGL030W,0,-5.341118,0.20695504546165466,0.2702104151248932,0.10354374349117279
YBL017C,YHR048W,0,-5.341285,0.20677965879440308,0.2702104151248932,0.10365448147058487
YHR013C,YMR069W,1,-5.34146,0.20745131373405457,0.27131783962249756,0.10365448147058487
YER108C,YLR097C,0,-5.3419056,0.20727580785751343,0.27131783962249756,0.10376522690057755
YGR163W,YJR158W,0,-5.3420115,0.20710058510303497,0.27131783962249756,0.10387597233057022
YJR091C,YDR404C,0,-5.3420568,0.2069256752729416,0.27131783962249756,0.1039867103099823
YPR023C,YCL010C,1,-5.3420587,0.20759493112564087,0.27242523431777954,0.1039867103099823
YFL039C,YGR002C,1,-5.3421783,0.2082630693912506,0.2735326588153839,0.1039867103099823
YKL017C,YDL078C,0,-5.3422155,0.20808762311935425,0.2735326588153839,0.10409745573997498
YER179W,YPL188W,0,-5.3424816,0.20791245996952057,0.2735326588153839,0.10420819371938705
YJL115W,YOL110W,1,-5.3426743,0.20857863128185272,0.2746400833129883,0.10420819371938705
YPR023C,YLL002W,1,-5.343256,0.20924369990825653,0.27574750781059265,0.10420819371938705
YBL050W,YKL173W,0,-5.3437204,0.20906801521778107,0.27574750781059265,0.10431893914937973
YLR114C,YDL138W,0,-5.3444786,0.2088926136493683,0.27574750781059265,0.10442967712879181
YMR065W,YGR169C,0,-5.344596,0.20871752500534058,0.27574750781059265,0.10454042255878448
YMR069W,YHR099W,1,-5.344887,0.20938023924827576,0.276854932308197,0.10454042255878448
YHR115C,YJL092W,0,-5.3450446,0.2092050164937973,0.276854932308197,0.10465116053819656
YER164W,YDL161W,0,-5.3455877,0.20903010666370392,0.276854932308197,0.10476190596818924
YMR069W,YLR195C,1,-5.3458004,0.2096908986568451,0.2779623568058014,0.10476190596818924
YOR023C,YEL056W,1,-5.3458786,0.21035058796405792,0.27906978130340576,0.10476190596818924
YOR171C,YPL011C,0,-5.3460126,0.21017514169216156,0.27906978130340576,0.10487264394760132
YDL138W,YPL011C,0,-5.3462744,0.20999999344348907,0.27906978130340576,0.104983389377594
YFL057C,YLR114C,0,-5.3463445,0.20982514321804047,0.27906978130340576,0.10509412735700607
YBR233W-A,YPL151C,0,-5.3465242,0.20965057611465454,0.27906978130340576,0.10520487278699875
YJR042W,YOR084W,0,-5.3465576,0.2094763070344925,0.27906978130340576,0.10531561821699142
YAR002C-A,YPL128C,0,-5.3466215,0.20930232107639313,0.27906978130340576,0.1054263561964035
YNL251C,YNL072W,0,-5.3470592,0.20912863314151764,0.27906978130340576,0.10553710162639618
YDR423C,YKR007W,0,-5.34733,0.20895522832870483,0.27906978130340576,0.10564783960580826
YNR074C,YGL145W,0,-5.347513,0.2087821066379547,0.27906978130340576,0.10575858503580093
YOL016C,YOR301W,0,-5.3475184,0.20860926806926727,0.27906978130340576,0.10586932301521301
YJR150C,YGL126W,0,-5.3475533,0.2084367275238037,0.27906978130340576,0.10598006844520569
YHR175W,YEL009C,0,-5.347791,0.20826447010040283,0.27906978130340576,0.10609080642461777
YPR135W,YOR210W,0,-5.348053,0.20809248089790344,0.27906978130340576,0.10620155185461044
YBR296C,YDR545W,0,-5.348068,0.20792078971862793,0.27906978130340576,0.10631228983402252
YOL068C,YLR026C,0,-5.348184,0.2077493816614151,0.27906978130340576,0.1064230352640152
YOR322C,YDR135C,0,-5.3485126,0.20757825672626495,0.27906978130340576,0.10653377324342728
YPL075W,YNL029C,0,-5.348693,0.2074074000120163,0.27906978130340576,0.10664451867341995
YML058W-A,YHR086W,0,-5.348755,0.20723684132099152,0.27906978130340576,0.10675525665283203
YGL092W,YPL283C,0,-5.348796,0.20706655085086823,0.27906978130340576,0.10686600208282471
YAR002C-A,YAL053W,0,-5.3489504,0.2068965584039688,0.27906978130340576,0.10697674751281738
YLR342W,YPL151C,0,-5.3490005,0.2067268192768097,0.27906978130340576,0.10708748549222946
YLR116W,YOR367W,0,-5.349185,0.20655737817287445,0.27906978130340576,0.10719823092222214
YLR138W,YMR149W,0,-5.3494177,0.2063882052898407,0.27906978130340576,0.10730896890163422
YBR276C,YLR010C,0,-5.3494987,0.20621931552886963,0.27906978130340576,0.10741971433162689
YLR242C,YNR067C,0,-5.349617,0.20605069398880005,0.27906978130340576,0.10753045231103897
YLR153C,YBR081C,1,-5.349936,0.20669934153556824,0.28017717599868774,0.10753045231103897
YFR008W,YOR321W,0,-5.3502336,0.2065306156873703,0.28017717599868774,0.10764119774103165
YJR064W,YJR084W,0,-5.350322,0.20636215806007385,0.28017717599868774,0.10775193572044373
YKR019C,YHR204W,0,-5.351694,0.2061939686536789,0.28017717599868774,0.1078626811504364
YGR224W,YPR154W,0,-5.3518405,0.20602606236934662,0.28017717599868774,0.10797341912984848
YER015W,YNL326C,1,-5.352211,0.2066720873117447,0.2812846004962921,0.10797341912984848
YGL257C,YDR337W,0,-5.3523226,0.20650406181812286,0.2812846004962921,0.10808416455984116
YAL002W,YFR003C,0,-5.3524485,0.20633630454540253,0.2812846004962921,0.10819490253925323
YPR128C,YPL048W,0,-5.3527536,0.20616883039474487,0.2812846004962921,0.10830564796924591
YPR018W,YIL077C,0,-5.3530455,0.2060016244649887,0.2812846004962921,0.10841639339923859
YGL116W,YHR086W,0,-5.3531218,0.20583468675613403,0.2812846004962921,0.10852713137865067
YDR108W,YDL140C,0,-5.3533974,0.20566801726818085,0.2812846004962921,0.10863787680864334
YGL084C,YER142C,0,-5.353595,0.20550161600112915,0.2812846004962921,0.10874861478805542
YIL036W,YNL090W,0,-5.3537617,0.20533548295497894,0.2812846004962921,0.1088593602180481
YKL108W,YOL020W,0,-5.3539777,0.20516963303089142,0.2812846004962921,0.10897009819746017
YBR164C,YMR016C,0,-5.354027,0.2050040364265442,0.2812846004962921,0.10908084362745285
YDR385W,YMR156C,0,-5.354067,0.20483870804309845,0.2812846004962921,0.10919158160686493
YOR034C,YOL148C,1,-5.3540835,0.2054794579744339,0.2823920249938965,0.10919158160686493
YDR317W,YGL136C,0,-5.3542895,0.2053140103816986,0.2823920249938965,0.1093023270368576
YFL024C,YLL022C,1,-5.354355,0.20595334470272064,0.28349944949150085,0.1093023270368576
YKR007W,YNL007C,0,-5.354434,0.2057877779006958,0.28349944949150085,0.10941306501626968
YDL175C,YDL194W,0,-5.354556,0.20562249422073364,0.28349944949150085,0.10952381044626236
YDR448W,YIL009W,1,-5.3545666,0.20626002550125122,0.2846068739891052,0.10952381044626236
YDL126C,YPL106C,0,-5.3546324,0.2060946226119995,0.2846068739891052,0.10963454842567444
YLR459W,YDR280W,0,-5.3552933,0.2059294879436493,0.2846068739891052,0.10974529385566711
YCL026C-A,YFR013W,0,-5.355329,0.20576460659503937,0.2846068739891052,0.1098560318350792
YLR438C-A,YIL173W,0,-5.3553715,0.20559999346733093,0.2846068739891052,0.10996677726507187
YIL009C-A,YER008C,0,-5.355375,0.205435648560524,0.2846068739891052,0.11007752269506454
YPR067W,YOR329C,0,-5.355385,0.20527157187461853,0.2846068739891052,0.11018826067447662
YJL063C,YMR313C,0,-5.355541,0.20510774850845337,0.2846068739891052,0.1102990061044693
YNL097C,YDR238C,0,-5.3555727,0.2049441784620285,0.2846068739891052,0.11040974408388138
YGR002C,YMR236W,1,-5.3559175,0.20557768642902374,0.2857142984867096,0.11040974408388138
YHR200W,YNL332W,0,-5.3559933,0.20541401207447052,0.2857142984867096,0.11052048951387405
YGR145W,YHR079C-A,0,-5.3562503,0.2052505910396576,0.2857142984867096,0.11063122749328613
YHR039C,YJL052W,0,-5.3564215,0.20508743822574615,0.2857142984867096,0.11074197292327881
YMR112C,YPL147W,0,-5.356758,0.204924538731575,0.2857142984867096,0.11085271090269089
YJL115W,YLL002W,1,-5.356765,0.20555555820465088,0.2868216931819916,0.11085271090269089
YKL197C,YOR213C,0,-5.3567715,0.20539253950119019,0.2868216931819916,0.11096345633268356
YDR448W,YBR198C,1,-5.3571854,0.20602218806743622,0.28792911767959595,0.11096345633268356
YJL081C,YIL009W,1,-5.3575296,0.20665083825588226,0.2890365421772003,0.11096345633268356
YIL159W,YMR234W,0,-5.3578095,0.20648734271526337,0.2890365421772003,0.11107419431209564
YBR036C,YIR015W,0,-5.3578844,0.20632411539554596,0.2890365421772003,0.11118493974208832
YLL009C,YGR216C,0,-5.358131,0.20616114139556885,0.2890365421772003,0.1112956777215004
YJR057W,YHR187W,0,-5.358253,0.20599842071533203,0.2890365421772003,0.11140642315149307
YNL192W,YFR033C,0,-5.358398,0.2058359682559967,0.2890365421772003,0.11151716858148575
YDR434W,YPR032W,0,-5.3586445,0.20567375421524048,0.2890365421772003,0.11162790656089783
YDL235C,YNL304W,0,-5.3587914,0.20551180839538574,0.2890365421772003,0.1117386519908905
YKL058W,YLL017W,0,-5.3588552,0.2053501158952713,0.2890365421772003,0.11184938997030258
YKL208W,YBR233W-A,0,-5.3590546,0.20518867671489716,0.2890365421772003,0.11196013540029526
YNL127W,YJL100W,0,-5.359201,0.2050274908542633,0.2890365421772003,0.11207087337970734
YOR034C,YDR459C,1,-5.3593593,0.20565149188041687,0.2901439666748047,0.11207087337970734
YIR037W,YEL031W,0,-5.3593726,0.20549020171165466,0.2901439666748047,0.11218161880970001
YBR090C-A,YDR425W,0,-5.3594394,0.20532914996147156,0.2901439666748047,0.11229235678911209
YNL290W,YDR416W,0,-5.3596125,0.20516836643218994,0.2901439666748047,0.11240310221910477
YKL093W,YGL030W,0,-5.359725,0.20500782132148743,0.2901439666748047,0.11251384019851685
YGR246C,YDR153C,0,-5.3598347,0.2048475444316864,0.2901439666748047,0.11262458562850952
YMR280C,YMR234W,0,-5.3599486,0.20468750596046448,0.2901439666748047,0.1127353236079216
YPL075W,YER142C,0,-5.3601007,0.20452770590782166,0.2901439666748047,0.11284606903791428
YJR082C,YGR147C,1,-5.360309,0.20514820516109467,0.29125139117240906,0.11284606903791428
YOR023C,YOR034C,1,-5.360316,0.20576773583889008,0.2923588156700134,0.11284606903791428
YBR131W,YDR013W,0,-5.360589,0.20560747385025024,0.2923588156700134,0.11295680701732635
YGL245W,YIL082W-A,0,-5.3606367,0.2054474651813507,0.2923588156700134,0.11306755244731903
YAL021C,YDR480W,0,-5.360691,0.20528770983219147,0.2923588156700134,0.1131782978773117
YGR147C,YOR064C,1,-5.360866,0.20590519905090332,0.2934662103652954,0.1131782978773117
YDL149W,YAL013W,0,-5.361006,0.20574533939361572,0.2934662103652954,0.11328903585672379
YDR013W,YJR026W,0,-5.3611803,0.20558571815490723,0.2934662103652954,0.11339978128671646
YPL259C,YMR208W,0,-5.361187,0.20542635023593903,0.2934662103652954,0.11351051926612854
YGR140W,YEL015W,0,-5.3611917,0.20526723563671112,0.2934662103652954,0.11362126469612122
YGL065C,YBR253W,0,-5.3614216,0.20510835945606232,0.2934662103652954,0.1137320026755333
YPR185W,YJR118C,0,-5.3614416,0.2049497365951538,0.2934662103652954,0.11384274810552597
YOL051W,YMR234W,0,-5.3614445,0.2047913372516632,0.2934662103652954,0.11395348608493805
YFL056C,YPL033C,0,-5.361997,0.2046332061290741,0.2934662103652954,0.11406423151493073
YFL021W,YDR478W,0,-5.362133,0.2044753134250641,0.2934662103652954,0.1141749694943428
YLR399C,YOR171C,0,-5.3627357,0.20431765913963318,0.2934662103652954,0.11428571492433548
YLR141W,YJL054W,0,-5.362772,0.20416024327278137,0.2934662103652954,0.11439645290374756
YGR144W,YIL173W,0,-5.3630285,0.20400308072566986,0.2934662103652954,0.11450719833374023
YNL326C,YLL002W,1,-5.3630905,0.20461538434028625,0.2945736348628998,0.11450719833374023
YEL019C,YGL232W,0,-5.3632207,0.2044581025838852,0.2945736348628998,0.11461794376373291
YAL054C,YJL081C,1,-5.363329,0.20506912469863892,0.29568105936050415,0.11461794376373291
YAL013W,YML049C,0,-5.3634233,0.2049117386341095,0.29568105936050415,0.11472868174314499
YDL220C,YBR091C,0,-5.3634367,0.20475460588932037,0.29568105936050415,0.11483942717313766
YML059C,YLR346C,0,-5.363857,0.20459769666194916,0.29568105936050415,0.11495016515254974
YMR240C,YLR043C,0,-5.364092,0.20444104075431824,0.29568105936050415,0.11506091058254242
YBR295W,YPR016C,0,-5.364319,0.20428462326526642,0.29568105936050415,0.1151716485619545
YOR030W,YNL009W,0,-5.364341,0.2041284441947937,0.29568105936050415,0.11528239399194717
YOR322C,YPR133W-A,0,-5.3644776,0.20397250354290009,0.29568105936050415,0.11539313197135925
YHR013C,YJR082C,1,-5.3645053,0.204580157995224,0.2967884838581085,0.11539313197135925
YDL090C,YHR079C-A,0,-5.364629,0.20442409813404083,0.2967884838581085,0.11550387740135193
YDL017W,YNL192W,0,-5.364784,0.20426829159259796,0.2967884838581085,0.11561461538076401
YDR414C,YOR172W,0,-5.364951,0.2041127234697342,0.2967884838581085,0.11572536081075668
YJL099W,YJL129C,0,-5.365076,0.20395737886428833,0.2967884838581085,0.11583609879016876
YDR126W,YDR145W,1,-5.3652406,0.2045627385377884,0.2978959083557129,0.11583609879016876
YDR037W,YKR095W-A,0,-5.3653154,0.20440728962421417,0.2978959083557129,0.11594684422016144
YLR170C,YMR268C,0,-5.3653736,0.20425209403038025,0.2978959083557129,0.11605758219957352
YFR024C-A,YCR009C,0,-5.365387,0.20409712195396423,0.2978959083557129,0.11616832762956619
YLR214W,YDL038C,0,-5.365427,0.20394237339496613,0.2978959083557129,0.11627907305955887
YJR108W,YNL307C,0,-5.3655148,0.2037878781557083,0.2978959083557129,0.11638981103897095
YDR247W,YLR447C,0,-5.36557,0.2036336064338684,0.2978959083557129,0.11650055646896362
YJL134W,YBR289W,0,-5.365917,0.2034795731306076,0.2978959083557129,0.1166112944483757
YKL185W,YGL212W,0,-5.365993,0.2033257782459259,0.2978959083557129,0.11672203987836838
YGR188C,YBR123C,0,-5.3660507,0.2031722068786621,0.2978959083557129,0.11683277785778046
YFL039C,YHR099W,1,-5.366368,0.2037735879421234,0.29900333285331726,0.11683277785778046
YOR025W,YPR144C,0,-5.366655,0.20361991226673126,0.29900333285331726,0.11694352328777313
YDR461W,YBR231C,0,-5.366847,0.20346646010875702,0.29900333285331726,0.11705426126718521
YBR161W,YJL042W,0,-5.3669724,0.20331324636936188,0.29900333285331726,0.11716500669717789
YER149C,YOL034W,0,-5.367078,0.20316027104854584,0.29900333285331726,0.11727574467658997
YMR037C,YOL069W,0,-5.3670835,0.2030075192451477,0.29900333285331726,0.11738649010658264
YDR167W,YHR090C,1,-5.3676443,0.20360630750656128,0.30011072754859924,0.11738649010658264
YCR012W,YGL008C,0,-5.3679376,0.2034534513950348,0.30011072754859924,0.11749722808599472
YER015W,YLL022C,1,-5.3679776,0.20405101776123047,0.3012181520462036,0.11749722808599472
YDR175C,YMR039C,0,-5.36806,0.20389805734157562,0.3012181520462036,0.1176079735159874
YOR304W,YGL004C,0,-5.3683243,0.20374532043933868,0.3012181520462036,0.11771871894598007
YEL063C,YOR275C,0,-5.3683276,0.20359280705451965,0.3012181520462036,0.11782945692539215
YDL232W,YBR049C,0,-5.3685703,0.20344053208827972,0.3012181520462036,0.11794020235538483
YPR034W,YOR076C,0,-5.3687515,0.2032884955406189,0.3012181520462036,0.1180509403347969
YML065W,YPR178W,0,-5.369072,0.20313666760921478,0.3012181520462036,0.11816168576478958
YDR153C,YGL144C,0,-5.3691607,0.20298507809638977,0.3012181520462036,0.11827242374420166
YML131W,YOR008C-A,0,-5.3691826,0.20283371210098267,0.3012181520462036,0.11838316917419434
YAL021C,YDR231C,0,-5.3693724,0.20268256962299347,0.3012181520462036,0.11849390715360641
YOL038W,YBR037C,0,-5.3695307,0.20253165066242218,0.3012181520462036,0.11860465258359909
YCL012W,YKL093W,0,-5.3697944,0.2023809552192688,0.3012181520462036,0.11871539056301117
YHR013C,YLL022C,1,-5.369892,0.20297397673130035,0.302325576543808,0.11871539056301117
YPR103W,YPL210C,0,-5.3701186,0.20282317698001862,0.302325576543808,0.11882613599300385
YGL035C,YJL129C,0,-5.370153,0.20267260074615479,0.302325576543808,0.11893687397241592
YJR084W,YDR170C,0,-5.3702116,0.20252224802970886,0.302325576543808,0.1190476194024086
YNL280C,YPL234C,0,-5.370414,0.20237213373184204,0.302325576543808,0.11915835738182068
YDR377W,YDR385W,0,-5.3707504,0.20222222805023193,0.302325576543808,0.11926910281181335
YOR011W,YKR063C,0,-5.3717437,0.20207254588603973,0.302325576543808,0.11937984824180603
YDL117W,YGL163C,0,-5.371748,0.20192307233810425,0.302325576543808,0.11949058622121811
YBR217W,YOL008W,0,-5.371866,0.20177383720874786,0.302325576543808,0.11960133165121078
YOR346W,YDR002W,0,-5.3720703,0.2016248106956482,0.302325576543808,0.11971206963062286
YDR062W,YOL138C,0,-5.3720765,0.20147600769996643,0.302325576543808,0.11982281506061554
YJR092W,YBL057C,0,-5.372078,0.20132742822170258,0.302325576543808,0.11993355304002762
YGL035C,YHR086W,0,-5.3721104,0.20117907226085663,0.302325576543808,0.1200442984700203
YLR133W,YAL009W,0,-5.3722,0.2010309249162674,0.302325576543808,0.12015503644943237
YGL068W,YBL041W,0,-5.372566,0.20088300108909607,0.302325576543808,0.12026578187942505
YFR019W,YHR152W,0,-5.372627,0.20073530077934265,0.302325576543808,0.12037651985883713
YMR236W,YHR090C,1,-5.3727026,0.2013225555419922,0.30343300104141235,0.12037651985883713
YEL056W,YHR090C,1,-5.37276,0.20190896093845367,0.3045404255390167,0.12037651985883713
YOR026W,YOL068C,0,-5.3728905,0.20176082849502563,0.3045404255390167,0.1204872652888298
YJR140C,YNL173C,0,-5.372923,0.2016129046678543,0.3045404255390167,0.12059800326824188
YMR182C,YNL253W,0,-5.3730526,0.2014652043581009,0.3045404255390167,0.12070874869823456
YKL135C,YKL040C,0,-5.373089,0.2013177126646042,0.3045404255390167,0.12081949412822723
YOR243C,YPR133W-A,0,-5.3731327,0.2011704444885254,0.3045404255390167,0.12093023210763931
YDR330W,YGL039W,0,-5.373143,0.2010233849287033,0.3045404255390167,0.12104097753763199
YDR288W,YOR157C,0,-5.37334,0.20087654888629913,0.3045404255390167,0.12115171551704407
YJL092W,YGL013C,0,-5.373354,0.20072992146015167,0.3045404255390167,0.12126246094703674
YKL112W,YBR161W,0,-5.37343,0.20058351755142212,0.3045404255390167,0.12137319892644882
YGR057C,YPR074C,0,-5.373837,0.20043732225894928,0.3045404255390167,0.1214839443564415
YEL036C,YGR007W,0,-5.373904,0.20029133558273315,0.3045404255390167,0.12159468233585358
YGL150C,YLL017W,0,-5.3740406,0.20014555752277374,0.3045404255390167,0.12170542776584625
YPL200W,YDR388W,0,-5.374296,0.20000000298023224,0.3045404255390167,0.12181616574525833
YOR224C,YLR386W,0,-5.3743973,0.19985465705394745,0.3045404255390167,0.12192691117525101
YOR354C,YAL034W-A,0,-5.374481,0.19970951974391937,0.3045404255390167,0.12203764915466309
YML081C-A,YOR031W,0,-5.375271,0.199564591050148,0.3045404255390167,0.12214839458465576
YAL056W,YLR360W,0,-5.3753734,0.19941987097263336,0.3045404255390167,0.12225913256406784
YFL050C,YIL002C,0,-5.375683,0.19927535951137543,0.3045404255390167,0.12236987799406052
YCL010C,YHR099W,1,-5.3759537,0.19985517859458923,0.3056478500366211,0.12236987799406052
YJL081C,YER015W,1,-5.3763247,0.200434148311615,0.30675527453422546,0.12236987799406052
YDR460W,YER123W,0,-5.3769965,0.20028921961784363,0.30675527453422546,0.12248062342405319
YNL027W,YLR212C,0,-5.3770504,0.20014451444149017,0.30675527453422546,0.12259136140346527
YNR008W,YGL058W,0,-5.3771605,0.20000000298023224,0.30675527453422546,0.12270210683345795
YDR126W,YPL129W,1,-5.3772726,0.20057719945907593,0.30786266922950745,0.12270210683345795
YLR016C,YEL037C,0,-5.3773866,0.20043258368968964,0.30786266922950745,0.12281284481287003
YLR134W,YBR127C,0,-5.377578,0.20028819143772125,0.30786266922950745,0.1229235902428627
YBR036C,YBR258C,0,-5.3777347,0.2001439929008484,0.30786266922950745,0.12303432822227478
YER183C,YLR176C,0,-5.3779554,0.20000000298023224,0.30786266922950745,0.12314507365226746
YDR021W,YPR100W,0,-5.378271,0.1998562216758728,0.30786266922950745,0.12325581163167953
YJR083C,YEL034W,0,-5.3783712,0.19971264898777008,0.30786266922950745,0.12336655706167221
YGL012W,YIL029C,0,-5.378504,0.19956927001476288,0.30786266922950745,0.12347729504108429
YOR023C,YJR082C,1,-5.3785386,0.2001434713602066,0.3089700937271118,0.12347729504108429
YDR377W,YKL051W,0,-5.3786182,0.20000000298023224,0.3089700937271118,0.12358804047107697
YJR007W,YIL144W,0,-5.379617,0.1998567283153534,0.3089700937271118,0.12369877845048904
YNL225C,YGR229C,0,-5.3799434,0.19971367716789246,0.3089700937271118,0.12380952388048172
YGR085C,YIL029C,0,-5.380456,0.19957081973552704,0.3089700937271118,0.1239202693104744
YJR045C,YGR024C,0,-5.38052,0.19942815601825714,0.3089700937271118,0.12403100728988647
YHR082C,YDR314C,0,-5.3808603,0.19928571581840515,0.3089700937271118,0.12414175271987915
YGR108W,YOL123W,0,-5.3808985,0.19914346933364868,0.3089700937271118,0.12425249069929123
YML071C,YIL030C,0,-5.3810477,0.19900143146514893,0.3089700937271118,0.1243632361292839
YPL010W,YLR006C,0,-5.3812065,0.1988595873117447,0.3089700937271118,0.12447397410869598
YEL037C,YKR028W,0,-5.3815746,0.19871795177459717,0.3089700937271118,0.12458471953868866
YDL019C,YER160C,0,-5.3817406,0.19857650995254517,0.3089700937271118,0.12469545751810074
YBL040C,YOL080C,0,-5.381754,0.19843527674674988,0.3089700937271118,0.12480620294809341
YDR281C,YPL138C,0,-5.3819423,0.1982942372560501,0.3089700937271118,0.1249169409275055
YDR160W,YIL022W,0,-5.3819695,0.19815340638160706,0.3089700937271118,0.12502768635749817
YHR001W,YNR039C,0,-5.3820667,0.19801276922225952,0.3089700937271118,0.12513843178749084
YPR017C,YMR076C,0,-5.382325,0.1978723406791687,0.3089700937271118,0.12524916231632233
YDR141C,YLR011W,0,-5.3827295,0.1977321058511734,0.3089700937271118,0.125359907746315
YBL102W,YML021C,0,-5.3832793,0.19759206473827362,0.3089700937271118,0.12547065317630768
YGR147C,YGL066W,1,-5.3833847,0.19815994799137115,0.3100775182247162,0.12547065317630768
YJR089W,YDR098C,0,-5.3835754,0.19801980257034302,0.3100775182247162,0.12558139860630035
YPL121C,YGR249W,0,-5.383625,0.1978798657655716,0.3100775182247162,0.12569214403629303
YHR171W,YDR389W,0,-5.383673,0.1977401077747345,0.3100775182247162,0.1258028745651245
YER038C,YGR024C,0,-5.3837647,0.1976005584001541,0.3100775182247162,0.1259136199951172
YEL065W,YER111C,0,-5.383769,0.19746121764183044,0.3100775182247162,0.12602436542510986
YHR062C,YOR069W,0,-5.3838644,0.1973220556974411,0.3100775182247162,0.12613511085510254
YCR044C,YLR277C,0,-5.3839135,0.19718310236930847,0.3100775182247162,0.12624584138393402
YKR048C,YNR064C,0,-5.3841257,0.19704432785511017,0.3100775182247162,0.1263565868139267
YBR114W,YKR062W,0,-5.384223,0.19690576195716858,0.3100775182247162,0.12646733224391937
YPR122W,YBR233W-A,0,-5.384271,0.1967673897743225,0.3100775182247162,0.12657807767391205
YOR257W,YHL002W,0,-5.3845263,0.19662921130657196,0.3100775182247162,0.12668880820274353
YPR122W,YDR175C,0,-5.3845797,0.19649122655391693,0.3100775182247162,0.1267995536327362
YDR469W,YKL051W,0,-5.384791,0.19635343551635742,0.3100775182247162,0.12691029906272888
YKL053C-A,YOL045W,0,-5.384869,0.19621583819389343,0.3100775182247162,0.12702104449272156
YBR107C,YDR394W,0,-5.3850136,0.19607843458652496,0.3100775182247162,0.12713178992271423
YBL017C,YHR163W,0,-5.38515,0.19594122469425201,0.3100775182247162,0.12724252045154572
YPR131C,YPL129W,1,-5.385189,0.19650349020957947,0.31118494272232056,0.12724252045154572
YIL038C,YOR007C,0,-5.385369,0.19636617600917816,0.31118494272232056,0.1273532658815384
YDL220C,YNL207W,0,-5.385414,0.19622905552387238,0.31118494272232056,0.12746401131153107
YPL076W,YGL011C,0,-5.385461,0.19609211385250092,0.31118494272232056,0.12757475674152374
YPL275W,YGL030W,0,-5.3855314,0.19595536589622498,0.31118494272232056,0.12768548727035522
YGR147C,YMR069W,1,-5.385738,0.19651567935943604,0.3122923672199249,0.12768548727035522
YJL209W,YDR018C,0,-5.3857384,0.19637882709503174,0.3122923672199249,0.1277962327003479
YHR001W-A,YLR005W,0,-5.3858643,0.19624216854572296,0.3122923672199249,0.12790697813034058
YBR073W,YMR013C,0,-5.38591,0.1961057037115097,0.3122923672199249,0.12801772356033325
YBR254C,YNL045W,0,-5.3859634,0.19596941769123077,0.3122923672199249,0.12812845408916473
YLR044C,YLR312C-B,0,-5.3865414,0.19583334028720856,0.3122923672199249,0.1282391995191574
YHL048W,YNL257C,0,-5.386542,0.19569742679595947,0.3122923672199249,0.12834994494915009
YJR042W,YGR258C,0,-5.3866224,0.1955617219209671,0.3122923672199249,0.12846069037914276
YJL134W,YDL036C,0,-5.387131,0.19542619585990906,0.3122923672199249,0.12857143580913544
YBL040C,YNL021W,0,-5.3873796,0.19529086351394653,0.3122923672199249,0.12868216633796692
YLR153C,YNL136W,1,-5.387445,0.195847749710083,0.3133997917175293,0.12868216633796692
YDR046C,YCR028C-A,0,-5.387453,0.19571231305599213,0.3133997917175293,0.1287929117679596
YDR393W,YLR452C,0,-5.3878236,0.19557705521583557,0.3133997917175293,0.12890365719795227
YEL066W,YPL129W,1,-5.3878546,0.1961326003074646,0.3145071864128113,0.12890365719795227
YMR264W,YIR019C,0,-5.38786,0.1959972381591797,0.3145071864128113,0.12901440262794495
YAL041W,YBR289W,0,-5.3879347,0.1958620697259903,0.3145071864128113,0.12912513315677643
YNL094W,YGR119C,0,-5.388275,0.19572708010673523,0.3145071864128113,0.1292358785867691
YCL010C,YDR167W,1,-5.388425,0.19628098607063293,0.31561461091041565,0.1292358785867691
YJL124C,YKR008W,0,-5.3884387,0.1961459070444107,0.31561461091041565,0.12934662401676178
YPL011C,YPL283C,0,-5.3891087,0.1960110068321228,0.31561461091041565,0.12945736944675446
YHL019C,YER146W,0,-5.389121,0.19587628543376923,0.31561461091041565,0.12956809997558594
YIL117C,YGL229C,0,-5.389139,0.19574175775051117,0.31561461091041565,0.1296788454055786
YGR132C,YJR026W,0,-5.3893733,0.19560740888118744,0.31561461091041565,0.1297895908355713
YOR380W,YMR061W,0,-5.389415,0.19547325372695923,0.31561461091041565,0.12990033626556396
YMR035W,YOR191W,0,-5.389679,0.19533927738666534,0.31561461091041565,0.13001106679439545
YJR082C,YDR167W,1,-5.389781,0.195890411734581,0.31672203540802,0.13001106679439545
YNL307C,YLR044C,0,-5.3898234,0.19575633108615875,0.31672203540802,0.13012181222438812
YDL137W,YOL077W-A,0,-5.389862,0.19562242925167084,0.31672203540802,0.1302325576543808
YDR040C,YLR303W,0,-5.390355,0.19548872113227844,0.31672203540802,0.13034330308437347
YOL061W,YER005W,0,-5.390361,0.19535519182682037,0.31672203540802,0.13045404851436615
YGR147C,YBR081C,1,-5.390423,0.1959044337272644,0.3178294599056244,0.13045404851436615
YOR355W,YBR009C,0,-5.390439,0.19577080011367798,0.3178294599056244,0.13056477904319763
YDR345C,YMR035W,0,-5.390582,0.19563736021518707,0.3178294599056244,0.1306755244731903
YDR448W,YDR145W,1,-5.3906918,0.19618529081344604,0.31893688440322876,0.1306755244731903
YDR098C,YGR179C,0,-5.3909016,0.1960517317056656,0.31893688440322876,0.13078626990318298
YHR194W,YPL022W,0,-5.3909993,0.19591836631298065,0.31893688440322876,0.13089701533317566
YDR345C,YOR230W,0,-5.3910522,0.19578517973423004,0.31893688440322876,0.13100774586200714
YHR143W-A,YOR076C,0,-5.391293,0.19565217196941376,0.31893688440322876,0.13111849129199982
YMR149W,YNL241C,0,-5.391428,0.1955193430185318,0.31893688440322876,0.1312292367219925
YHR011W,YDR440W,0,-5.3919535,0.19538670778274536,0.31893688440322876,0.13133998215198517
YPL082C,YBR284W,0,-5.3921595,0.19525423645973206,0.31893688440322876,0.13145071268081665
YOL126C,YOL066C,0,-5.3923793,0.19512194395065308,0.31893688440322876,0.13156145811080933
YIL009W,YDR167W,1,-5.392401,0.19566689431667328,0.32004430890083313,0.13156145811080933
YDL059C,YGL207W,0,-5.3925476,0.19553451240062714,0.32004430890083313,0.131672203540802
YNL027W,YMR235C,0,-5.3927584,0.19540229439735413,0.32004430890083313,0.13178294897079468
YKL160W,YIR037W,0,-5.3927917,0.19527027010917664,0.32004430890083313,0.13189369440078735
YEL066W,YOR064C,1,-5.3928094,0.1958136409521103,0.3211517035961151,0.13189369440078735
YGR264C,YDR356W,0,-5.3930664,0.19568151235580444,0.3211517035961151,0.13200442492961884
YCR009C,YJR046W,0,-5.3932047,0.19554956257343292,0.3211517035961151,0.1321151703596115
YDR511W,YNL167C,0,-5.393326,0.19541779160499573,0.3211517035961151,0.1322259157896042
YJR040W,YLR265C,0,-5.3934374,0.19528619945049286,0.3211517035961151,0.13233666121959686
YGR225W,YLR377C,0,-5.393694,0.19515477120876312,0.3211517035961151,0.13244739174842834
YKL017C,YKL178C,0,-5.3937945,0.1950235366821289,0.3211517035961151,0.13255813717842102
YOR354C,YDR329C,0,-5.3938937,0.19489246606826782,0.3211517035961151,0.1326688826084137
YEL019C,YIL037C,0,-5.393959,0.19476158916950226,0.3211517035961151,0.13277962803840637
YFL039C,YOL148C,1,-5.394086,0.19530200958251953,0.3222591280937195,0.13277962803840637
YOR079C,YOR172W,0,-5.3942413,0.1951710283756256,0.3222591280937195,0.13289035856723785
YHR082C,YNL323W,0,-5.394432,0.19504021108150482,0.3222591280937195,0.13300110399723053
YIL009W,YGR147C,1,-5.3944345,0.19557936489582062,0.32336655259132385,0.13300110399723053
YLR028C,YOR106W,0,-5.3945537,0.19544845819473267,0.32336655259132385,0.1331118494272232
YIL004C,YIL082W-A,0,-5.394766,0.19531773030757904,0.32336655259132385,0.13322259485721588
YER003C,YKR101W,0,-5.3949127,0.19518716633319855,0.32336655259132385,0.13333334028720856
YLR114C,YDR460W,0,-5.395374,0.19505678117275238,0.32336655259132385,0.13344407081604004
YGL049C,YNL046W,0,-5.3955193,0.19492657482624054,0.32336655259132385,0.13355481624603271
YDR318W,YGL172W,0,-5.3955326,0.19479653239250183,0.32336655259132385,0.1336655616760254
YER183C,YKL064W,0,-5.39554,0.19466666877269745,0.32336655259132385,0.13377630710601807
YDR142C,YBL055C,0,-5.3955746,0.1945369690656662,0.32336655259132385,0.13388703763484955
YFL036W,YKR059W,0,-5.3955803,0.19440746307373047,0.32336655259132385,0.13399778306484222
YNR008W,YDL236W,0,-5.395605,0.19427810609340668,0.32336655259132385,0.1341085284948349
YLR100W,YPR164W,0,-5.3956776,0.1941489428281784,0.32336655259132385,0.13421927392482758
YCR107W,YJL090C,0,-5.3956966,0.19401992857456207,0.32336655259132385,0.13433000445365906
YPR008W,YDR532C,0,-5.3958063,0.19389110803604126,0.32336655259132385,0.13444074988365173
YPR131C,YBR081C,1,-5.3959646,0.1944260150194168,0.3244739770889282,0.13444074988365173
YKL079W,YOR290C,0,-5.3959684,0.19429707527160645,0.3244739770889282,0.1345514953136444
YHL003C,YGL013C,0,-5.3960133,0.1941683292388916,0.3244739770889282,0.13466224074363708
YER164W,YLL056C,0,-5.3960133,0.1940397322177887,0.3244739770889282,0.13477298617362976
YBR158W,YIL144W,0,-5.396193,0.19391131401062012,0.3244739770889282,0.13488371670246124
YKR097W,YGR276C,0,-5.3962765,0.19378307461738586,0.3244739770889282,0.13499446213245392
YMR119W,YDR379W,0,-5.3963,0.19365498423576355,0.3244739770889282,0.1351052075624466
YCL055W,YDR320C,0,-5.3964143,0.19352708756923676,0.3244739770889282,0.13521595299243927
YGL025C,YML107C,0,-5.39657,0.1933993399143219,0.3244739770889282,0.13532668352127075
YFR024C,YPR138C,0,-5.396715,0.19327177107334137,0.3244739770889282,0.13543742895126343
YNL323W,YMR156C,0,-5.3968983,0.19314436614513397,0.3244739770889282,0.1355481743812561
YGL066W,YDR126W,1,-5.3969097,0.19367589056491852,0.3255814015865326,0.1355481743812561
YNL136W,YEL056W,1,-5.396986,0.19420671463012695,0.32668882608413696,0.1355481743812561
YLR214W,YCR053W,0,-5.397282,0.1940789520740509,0.32668882608413696,0.13565891981124878
YMR225C,YMR109W,0,-5.3975983,0.19395135343074799,0.32668882608413696,0.13576965034008026
YOR256C,YPL239W,0,-5.3977494,0.1938239187002182,0.32668882608413696,0.13588039577007294
YIR010W,YIL068C,0,-5.397895,0.19369664788246155,0.32668882608413696,0.1359911412000656
YKL170W,YDR189W,0,-5.3984294,0.19356955587863922,0.32668882608413696,0.1361018866300583
YAL022C,YPR181C,0,-5.3986163,0.19344262778759003,0.32668882608413696,0.13621261715888977
YJL178C,YKL081W,0,-5.398682,0.19331586360931396,0.32668882608413696,0.13632336258888245
YLR114C,YLR207W,0,-5.3987207,0.19318926334381104,0.32668882608413696,0.13643410801887512
YMR296C,YCL051W,0,-5.3987436,0.19306282699108124,0.32668882608413696,0.1365448534488678
YLR411W,YDL106C,0,-5.398755,0.19293655455112457,0.32668882608413696,0.13665559887886047
YOR373W,YOR075W,0,-5.3989077,0.19281046092510223,0.32668882608413696,0.13676632940769196
YML071C,YOL143C,0,-5.398965,0.19268451631069183,0.32668882608413696,0.13687707483768463
YLR263W,YDR137W,0,-5.399125,0.19255875051021576,0.32668882608413696,0.1369878202676773
YCR055C,YFL059W,0,-5.400397,0.19243313372135162,0.32668882608413696,0.13709856569766998
YLR265C,YLR191W,0,-5.4005117,0.19230769574642181,0.32668882608413696,0.13720929622650146
YBR038W,YDR545W,0,-5.400612,0.19218240678310394,0.32668882608413696,0.13732004165649414
YGR147C,YLL002W,1,-5.400733,0.1927083283662796,0.32779622077941895,0.13732004165649414
YPL026C,YDR356W,0,-5.4007626,0.19258294999599457,0.32779622077941895,0.13743078708648682
YOL148C,YHR099W,1,-5.4009366,0.19310793280601501,0.3289036452770233,0.13743078708648682
YLR131C,YNL192W,0,-5.401058,0.19298245012760162,0.3289036452770233,0.1375415325164795
YGL246C,YAR010C,0,-5.4013176,0.19285714626312256,0.3289036452770233,0.13765226304531097
YBL063W,YIL030C,0,-5.4015503,0.19273199141025543,0.3289036452770233,0.13776300847530365
YDR448W,YDR126W,1,-5.401558,0.19325551390647888,0.3300110697746277,0.13776300847530365
YCR044C,YDR314C,0,-5.4016724,0.1931302696466446,0.3300110697746277,0.13787375390529633
YAL022C,YBL080C,0,-5.4017787,0.19300517439842224,0.3300110697746277,0.137984499335289
YPL130W,YMR293C,0,-5.4018455,0.19288025796413422,0.3300110697746277,0.13809524476528168
YOR023C,YGR002C,1,-5.401886,0.19340233504772186,0.33111849427223206,0.13809524476528168
YPL008W,YBL020W,0,-5.4018974,0.19327731430530548,0.33111849427223206,0.13820597529411316
YLR034C,YLR020C,0,-5.402161,0.19315245747566223,0.33111849427223206,0.13831672072410583
YMR162C,YDR201W,0,-5.4024935,0.19302776455879211,0.33111849427223206,0.1384274661540985
YOL068C,YLR044C,0,-5.402708,0.19290322065353394,0.33111849427223206,0.1385382115840912
YGL005C,YDR365C,0,-5.402736,0.19277885556221008,0.33111849427223206,0.13864894211292267
YPR131C,YNL326C,1,-5.4029045,0.19329896569252014,0.3322259187698364,0.13864894211292267
YJL018W,YDR240C,0,-5.4029617,0.19317449629306793,0.3322259187698364,0.13875968754291534
YOL068C,YPR103W,0,-5.403079,0.19305019080638885,0.3322259187698364,0.13887043297290802
YNL136W,YDR145W,1,-5.4032593,0.1935691386461258,0.3333333432674408,0.13887043297290802
YMR314W,YOR018W,0,-5.403452,0.19344472885131836,0.3333333432674408,0.1389811784029007
YML049C,YJR004C,0,-5.4037905,0.19332048296928406,0.3333333432674408,0.13909190893173218
YAL051W,YNR032W,0,-5.4040613,0.1931964010000229,0.3333333432674408,0.13920265436172485
YJL081C,YHR099W,1,-5.404174,0.19371391832828522,0.33444076776504517,0.13920265436172485
YJL036W,YDR146C,0,-5.4044476,0.19358974695205688,0.33444076776504517,0.13931339979171753
YDR377W,YPL151C,0,-5.404734,0.1934657245874405,0.33444076776504517,0.1394241452217102
YGL032C,YBR165W,0,-5.4047804,0.19334186613559723,0.33444076776504517,0.13953489065170288
YPR121W,YOR162C,0,-5.404926,0.1932181715965271,0.33444076776504517,0.13964562118053436
YOR307C,YDL185W,0,-5.4051943,0.1930946260690689,0.33444076776504517,0.13975636661052704
YIL097W,YCL074W,0,-5.4054446,0.19297124445438385,0.33444076776504517,0.13986711204051971
YJR064W,YFL017W-A,0,-5.405455,0.19284802675247192,0.33444076776504517,0.1399778574705124
YPL275W,YBR012W-B,0,-5.405581,0.19272495806217194,0.33444076776504517,0.14008858799934387
YLR195C,YHR090C,1,-5.405635,0.19323979318141937,0.33554816246032715,0.14008858799934387
YOR224C,YLL017W,0,-5.4057794,0.19311663508415222,0.33554816246032715,0.14019933342933655
YJR082C,YBR081C,1,-5.4058876,0.19363057613372803,0.3366555869579315,0.14019933342933655
YLR016C,YPL130W,0,-5.406049,0.19350731372833252,0.3366555869579315,0.14031007885932922
YJR084W,YIL038C,0,-5.40619,0.19338423013687134,0.3366555869579315,0.1404208242893219
YDR168W,YBL057C,0,-5.4062276,0.1932612806558609,0.3366555869579315,0.14053155481815338
YJL081C,YOR064C,1,-5.406273,0.19377382099628448,0.3377630114555359,0.14053155481815338
YDR284C,YJL018W,0,-5.406622,0.19365079700946808,0.3377630114555359,0.14064230024814606
YGL005C,YIL017W,0,-5.4066505,0.1935279220342636,0.3377630114555359,0.14075304567813873
YGL011C,YIL076W,0,-5.4068766,0.19340519607067108,0.3377630114555359,0.1408637911081314
YDR098C,YPR008W,0,-5.406992,0.19328263401985168,0.3377630114555359,0.14097453653812408
YOL156W,YIL031W,0,-5.407045,0.19316022098064423,0.3377630114555359,0.14108526706695557
YMR202W,YDR005C,0,-5.40705,0.1930379718542099,0.3377630114555359,0.14119601249694824
YPR135W,YMR077C,0,-5.407142,0.1929158717393875,0.3377630114555359,0.14130675792694092
YLR215C,YHL006C,0,-5.407342,0.19279393553733826,0.3377630114555359,0.1414175033569336
YBR065C,YKL203C,0,-5.407407,0.19267214834690094,0.3377630114555359,0.14152823388576508
YJL209W,YHR067W,0,-5.407573,0.19255051016807556,0.3377630114555359,0.14163897931575775
YMR224C,YER019C-A,0,-5.407585,0.19242902100086212,0.3377630114555359,0.14174972474575043
YHL040C,YOR380W,0,-5.4076657,0.19230769574642181,0.3377630114555359,0.1418604701757431
YJL006C,YPL117C,0,-5.408103,0.19218651950359344,0.3377630114555359,0.14197120070457458
YJR093C,YOR321W,0,-5.408224,0.19206549227237701,0.3377630114555359,0.14208194613456726
YCR089W,YDR137W,0,-5.408291,0.19194461405277252,0.3377630114555359,0.14219269156455994
YDL155W,YHR073W,0,-5.40837,0.19182389974594116,0.3377630114555359,0.1423034369945526
YBR036C,YOR319W,0,-5.4086733,0.19170333445072174,0.3377630114555359,0.1424141675233841
YNL072W,YAR042W,0,-5.4093494,0.19158291816711426,0.3377630114555359,0.14252491295337677
YPR032W,YJL045W,0,-5.410131,0.1914626508951187,0.3377630114555359,0.14263565838336945
YPL190C,YER180C-A,0,-5.4101534,0.1913425326347351,0.3377630114555359,0.14274640381336212
YDR473C,YER005W,0,-5.410329,0.19122256338596344,0.3377630114555359,0.1428571492433548
YGL200C,YPL098C,0,-5.4103994,0.1911027580499649,0.3377630114555359,0.14296787977218628
YGR227W,YGR121C,0,-5.4104266,0.19098308682441711,0.3377630114555359,0.14307862520217896
YOR023C,YPR023C,1,-5.410821,0.19148936867713928,0.33887043595314026,0.14307862520217896
YML116W,YJR050W,0,-5.410882,0.19136960804462433,0.33887043595314026,0.14318937063217163
YNL326C,YBR081C,1,-5.411015,0.19187499582767487,0.33997786045074463,0.14318937063217163
YOL115W,YNL128W,0,-5.4114203,0.19175514578819275,0.33997786045074463,0.1433001160621643
YGR276C,YPL234C,0,-5.4114466,0.19163545966148376,0.33997786045074463,0.1434108465909958
YPR131C,YDR459C,1,-5.411567,0.19213974475860596,0.341085284948349,0.1434108465909958
YHL048W,YJL089W,0,-5.4122105,0.19201995432376862,0.341085284948349,0.14352159202098846
YFL056C,YDR268W,0,-5.412341,0.1919003129005432,0.341085284948349,0.14363233745098114
YML055W,YPR086W,0,-5.412389,0.19178082048892975,0.341085284948349,0.14374308288097382
YFL039C,YPR023C,1,-5.412472,0.1922837644815445,0.342192679643631,0.14374308288097382
YNL164C,YBL005W-B,0,-5.4126854,0.19216418266296387,0.342192679643631,0.1438538134098053
YNL192W,YGL227W,0,-5.412762,0.19204474985599518,0.342192679643631,0.14396455883979797
YDR211W,YGR180C,0,-5.4131813,0.19192546606063843,0.342192679643631,0.14407530426979065
YER015W,YHR090C,1,-5.4132767,0.19242706894874573,0.34330010414123535,0.14407530426979065
YGR119C,YDR359C,0,-5.413577,0.19230769574642181,0.34330010414123535,0.14418604969978333
YOR109W,YIR005W,0,-5.4136915,0.19218847155570984,0.34330010414123535,0.144296795129776
YJR025C,YLR067C,0,-5.4139547,0.1920693963766098,0.34330010414123535,0.14440752565860748
YDR320C-A,YOR137C,0,-5.414137,0.1919504702091217,0.34330010414123535,0.14451827108860016
YFR024C-A,YOR130C,0,-5.414298,0.19183167815208435,0.34330010414123535,0.14462901651859283
YLR095C,YDL033C,0,-5.414425,0.19171305000782013,0.34330010414123535,0.1447397619485855
YOL042W,YOR193W,0,-5.4146576,0.19159455597400665,0.34330010414123535,0.144850492477417
YJR108W,YDR276C,0,-5.4150033,0.1914762258529663,0.34330010414123535,0.14496123790740967
YBR278W,YCL043C,0,-5.415007,0.1913580298423767,0.34330010414123535,0.14507198333740234
YNL288W,YLR117C,0,-5.4153996,0.19123996794223785,0.34330010414123535,0.14518272876739502
YPL032C,YNL054W,0,-5.415455,0.19112206995487213,0.34330010414123535,0.1452934592962265
YCL003W,YLR193C,0,-5.4157195,0.19100430607795715,0.34330010414123535,0.14540420472621918
YLR078C,YBR106W,0,-5.4158826,0.1908867061138153,0.34330010414123535,0.14551495015621185
YMR112C,YNL012W,0,-5.4159136,0.190769225358963,0.34330010414123535,0.14562569558620453
YKR027W,YKL040C,0,-5.4160213,0.19065190851688385,0.34330010414123535,0.1457364410161972
YEL071W,YGR284C,0,-5.416172,0.19053472578525543,0.34330010414123535,0.1458471715450287
YML078W,YER174C,0,-5.416183,0.19041769206523895,0.34330010414123535,0.14595791697502136
YFL039C,YBR081C,1,-5.416459,0.19091467559337616,0.3444075286388397,0.14595791697502136
YOL133W,YDL138W,0,-5.41654,0.19079755246639252,0.3444075286388397,0.14606866240501404
YOL089C,YBR192W,0,-5.4165435,0.19068056344985962,0.3444075286388397,0.1461794078350067
YKL025C,YMR143W,0,-5.4165745,0.19056372344493866,0.3444075286388397,0.1462901383638382
YEL056W,YNL326C,1,-5.4166117,0.1910593956708908,0.3455149531364441,0.1462901383638382
YAL003W,YPL097W,0,-5.4166355,0.19094246625900269,0.3455149531364441,0.14640088379383087
YDR335W,YLR059C,0,-5.416765,0.1908256858587265,0.3455149531364441,0.14651162922382355
YGL012W,YOL156W,0,-5.4168034,0.19070903956890106,0.3455149531364441,0.14662237465381622
YDL077C,YAR009C,0,-5.41693,0.19059254229068756,0.3455149531364441,0.1467331051826477
YMR314W,YKR028W,0,-5.4169397,0.190476194024086,0.3455149531364441,0.14684385061264038
YDR301W,YKR055W,0,-5.417159,0.19035997986793518,0.3455149531364441,0.14695459604263306
YMR263W,YPR055W,0,-5.417439,0.1902438998222351,0.3455149531364441,0.14706534147262573
YDR479C,YLR425W,0,-5.417838,0.19012796878814697,0.3455149531364441,0.1471760869026184
YHR011W,YAL001C,0,-5.417929,0.19001218676567078,0.3455149531364441,0.1472868174314499
YNL023C,YDR486C,0,-5.4181185,0.18989652395248413,0.3455149531364441,0.14739756286144257
YOR354C,YOL080C,0,-5.4181833,0.18978102505207062,0.3455149531364441,0.14750830829143524
YPR199C,YIL033C,0,-5.418948,0.18966566026210785,0.3455149531364441,0.14761905372142792
YOR319W,YIL042C,0,-5.4189734,0.18955042958259583,0.3455149531364441,0.1477297842502594
YDL117W,YEL062W,0,-5.419003,0.18943533301353455,0.3455149531364441,0.14784052968025208
YOR284W,YHR006W,0,-5.4191313,0.1893203854560852,0.3455149531364441,0.14795127511024475
YCR082W,YDR263C,0,-5.419484,0.1892055720090866,0.3455149531364441,0.14806202054023743
YKL208W,YJL085W,0,-5.419608,0.18909090757369995,0.3455149531364441,0.1481727510690689
YDL232W,YDR078C,0,-5.419627,0.18897637724876404,0.3455149531364441,0.14828349649906158
YDR400W,YDL058W,0,-5.4198356,0.18886198103427887,0.3455149531364441,0.14839424192905426
YJL099W,YLR228C,0,-5.4201937,0.18874773383140564,0.3455149531364441,0.14850498735904694
YEL032W,YLL017W,0,-5.4202423,0.18863362073898315,0.3455149531364441,0.1486157327890396
YGL142C,YDR318W,0,-5.420278,0.1885196417570114,0.3455149531364441,0.1487264633178711
YLR191W,YKR101W,0,-5.4203196,0.18840579688549042,0.3455149531364441,0.14883720874786377
YKL182W,YNL107W,0,-5.4205103,0.18829210102558136,0.3455149531364441,0.14894795417785645
YOR002W,YDR236C,0,-5.4207993,0.18817852437496185,0.3455149531364441,0.14905869960784912
YHL003C,YMR263W,0,-5.4208975,0.18806509673595428,0.3455149531364441,0.1491694301366806
YMR263W,YOL102C,0,-5.4210815,0.18795180320739746,0.3455149531364441,0.14928017556667328
YDR345C,YPL210C,0,-5.4211855,0.18783865869045258,0.3455149531364441,0.14939092099666595
YML064C,YMR243C,0,-5.4212966,0.18772563338279724,0.3455149531364441,0.14950166642665863
YER045C,YJL054W,0,-5.421857,0.18761274218559265,0.3455149531364441,0.1496123969554901
YJL026W,YPL032C,0,-5.4221005,0.1875,0.3455149531364441,0.1497231423854828
YJL134W,YDR325W,0,-5.4223194,0.1873873919248581,0.3455149531364441,0.14983388781547546
YBL105C,YGR091W,0,-5.42242,0.18727490305900574,0.3455149531364441,0.14994463324546814
YDR461W,YGL049C,0,-5.422496,0.18716256320476532,0.3455149531364441,0.15005536377429962
YPR104C,YMR076C,0,-5.422622,0.18705035746097565,0.3455149531364441,0.1501661092042923
YCL012W,YKL117W,0,-5.422662,0.18693828582763672,0.3455149531364441,0.15027685463428497
YPR199C,YMR095C,0,-5.4229484,0.18682634830474854,0.3455149531364441,0.15038760006427765
YKL074C,YIL122W,0,-5.4229584,0.1867145448923111,0.3455149531364441,0.15049834549427032
YHR013C,YOL148C,1,-5.423242,0.18720096349716187,0.34662237763404846,0.15049834549427032
YDR529C,YDL140C,0,-5.4234467,0.18708905577659607,0.34662237763404846,0.1506090760231018
YBR024W,YIL173W,0,-5.423456,0.1869772970676422,0.34662237763404846,0.15071982145309448
YMR161W,YJR103W,0,-5.423723,0.1868656724691391,0.34662237763404846,0.15083056688308716
YJR150C,YDR142C,0,-5.4238615,0.18675418198108673,0.34662237763404846,0.15094131231307983
YML012W,YKL032C,0,-5.4241467,0.1866428107023239,0.34662237763404846,0.15105204284191132
YJR076C,YPR144C,0,-5.4241467,0.18653158843517303,0.34662237763404846,0.151162788271904
YGL090W,YPR007C,0,-5.42459,0.1864204853773117,0.34662237763404846,0.15127353370189667
YNR052C,YBR143C,0,-5.4247737,0.18630951642990112,0.34662237763404846,0.15138427913188934
YBR106W,YCR066W,0,-5.4249268,0.18619869649410248,0.34662237763404846,0.15149500966072083
YDR062W,YKR020W,0,-5.425191,0.18608799576759338,0.34662237763404846,0.1516057550907135
YMR236W,YHR099W,1,-5.425491,0.18657159805297852,0.34772980213165283,0.1516057550907135
YCR028C,YAL001C,0,-5.4255147,0.18646080791950226,0.34772980213165283,0.15171650052070618
YPR201W,YKL173W,0,-5.425821,0.18635015189647675,0.34772980213165283,0.15182724595069885
YDR182W,YFR052W,0,-5.425894,0.18623961508274078,0.34772980213165283,0.15193799138069153
YNL231C,YBL100W-B,0,-5.4259934,0.18612922728061676,0.34772980213165283,0.152048721909523
YGR239C,YNL222W,0,-5.426516,0.1860189586877823,0.34772980213165283,0.15215946733951569
YOR182C,YDR289C,0,-5.426566,0.18590882420539856,0.34772980213165283,0.15227021276950836
YER179W,YKL080W,0,-5.426689,0.18579882383346558,0.34772980213165283,0.15238095819950104
YER179W,YBR093C,0,-5.427006,0.18568894267082214,0.34772980213165283,0.15249168872833252
YDL142C,YFL041W,0,-5.427065,0.18557919561862946,0.34772980213165283,0.1526024341583252
YPR023C,YHR090C,1,-5.4271364,0.18606024980545044,0.3488371968269348,0.1526024341583252
YIL033C,YGL223C,0,-5.4274645,0.1859504133462906,0.3488371968269348,0.15271317958831787
YDR302W,YMR091C,0,-5.4274774,0.18584071099758148,0.3488371968269348,0.15282392501831055
YGL201C,YIL080W,0,-5.427549,0.18573112785816193,0.3488371968269348,0.15293465554714203
YFL039C,YPR131C,1,-5.42772,0.18621096014976501,0.3499446213245392,0.15293465554714203
YDL192W,YCR038C,0,-5.427965,0.1861013025045395,0.3499446213245392,0.1530454009771347
YNL153C,YCL060C,0,-5.4280024,0.18599176406860352,0.3499446213245392,0.15315614640712738
YOR109W,YKR022C,0,-5.4280477,0.1858823597431183,0.3499446213245392,0.15326689183712006
YBR158W,YOL021C,0,-5.4281588,0.1857730746269226,0.3499446213245392,0.15337763726711273
YLR023C,YDR478W,0,-5.4281697,0.18566392362117767,0.3499446213245392,0.1534883677959442
YLR007W,YJL059W,0,-5.428509,0.18555490672588348,0.3499446213245392,0.1535991132259369
YBR171W,YDR316W-B,0,-5.429608,0.18544600903987885,0.3499446213245392,0.15370985865592957
YHR011W,YJL100W,0,-5.4296703,0.18533724546432495,0.3499446213245392,0.15382060408592224
YDR083W,YGR122W,0,-5.429833,0.1852286010980606,0.3499446213245392,0.15393133461475372
YDR235W,YJR102C,0,-5.430011,0.185120090842247,0.3499446213245392,0.1540420800447464
YNL021W,YKR053C,0,-5.430257,0.18501171469688416,0.3499446213245392,0.15415282547473907
YJL093C,YBL055C,0,-5.430662,0.18490345776081085,0.3499446213245392,0.15426357090473175
YER183C,YJR069C,0,-5.4309845,0.1847953200340271,0.3499446213245392,0.15437430143356323
YCL027W,YBR254C,0,-5.4310856,0.1846873164176941,0.3499446213245392,0.1544850468635559
YJR040W,YBL100W-B,0,-5.4311676,0.18457943201065063,0.3499446213245392,0.15459579229354858
YBR010W,YKL144C,0,-5.431187,0.18447168171405792,0.3499446213245392,0.15470653772354126
YBR236C,YLR452C,0,-5.431249,0.18436406552791595,0.3499446213245392,0.15481728315353394
YAL015C,YLR292C,0,-5.4313574,0.18425655364990234,0.3499446213245392,0.15492801368236542
YMR190C,YGR074W,0,-5.4314165,0.18414919078350067,0.3499446213245392,0.1550387591123581
YIL122W,YOR297C,0,-5.431466,0.18404193222522736,0.3499446213245392,0.15514950454235077
YBR234C,YOR076C,0,-5.4315615,0.18393480777740479,0.3499446213245392,0.15526024997234344
YBR020W,YOR149C,0,-5.4318967,0.18382780253887177,0.3499446213245392,0.15537098050117493
YPR104C,YGL018C,0,-5.432013,0.1837209314107895,0.3499446213245392,0.1554817259311676
YOL165C,YAR010C,0,-5.43207,0.18361417949199677,0.3499446213245392,0.15559247136116028
YFR031C,YDR486C,0,-5.432105,0.1835075467824936,0.3499446213245392,0.15570321679115295
YGL020C,YMR096W,0,-5.4321637,0.18340104818344116,0.3499446213245392,0.15581394731998444
YKL152C,YJL164C,0,-5.432362,0.18329466879367828,0.3499446213245392,0.1559246927499771
YIL035C,YPR181C,0,-5.4326453,0.18318840861320496,0.3499446213245392,0.1560354381799698
YHR053C,YHR120W,0,-5.432681,0.18308226764202118,0.3499446213245392,0.15614618360996246
YDR147W,YPR095C,0,-5.4326935,0.18297626078128815,0.3499446213245392,0.15625691413879395
YOR226C,YGL089C,0,-5.432707,0.18287037312984467,0.3499446213245392,0.15636765956878662
YPR082C,YNL045W,0,-5.4331145,0.18276460468769073,0.3499446213245392,0.1564784049987793
YIR002C,YBR276C,0,-5.433724,0.18265895545482635,0.3499446213245392,0.15658915042877197
YMR055C,YDR158W,0,-5.434125,0.18255344033241272,0.3499446213245392,0.15669989585876465
YKL017C,YIL173W,0,-5.4341736,0.18244802951812744,0.3499446213245392,0.15681062638759613
YJR135C,YGL093W,0,-5.434197,0.1823427528142929,0.3499446213245392,0.1569213718175888
YNL288W,YML131W,0,-5.434334,0.18223759531974792,0.3499446213245392,0.15703211724758148
YJL190C,YOR142W-B,0,-5.434699,0.1821325719356537,0.3499446213245392,0.15714286267757416
YKL135C,YMR188C,0,-5.4347353,0.1820276528596878,0.3499446213245392,0.15725359320640564
YAL054C,YPL001W,1,-5.434848,0.18249855935573578,0.35105204582214355,0.15725359320640564
YGR267C,YDR062W,0,-5.4351406,0.18239355087280273,0.35105204582214355,0.15736433863639832
YBR057C,YOR362C,0,-5.4354367,0.18228867650032043,0.35105204582214355,0.157475084066391
YER016W,YDR527W,0,-5.4357615,0.1821839064359665,0.35105204582214355,0.15758582949638367
YMR047C,YGR135W,0,-5.435855,0.1820792704820633,0.35105204582214355,0.15769656002521515
YLR097C,YBR272C,0,-5.436334,0.18197473883628845,0.35105204582214355,0.15780730545520782
YLL002W,YBR081C,1,-5.436363,0.18244406580924988,0.3521594703197479,0.15780730545520782
YPR198W,YDR227W,0,-5.4363775,0.18233944475650787,0.3521594703197479,0.1579180508852005
YKL110C,YPL156C,0,-5.436612,0.1822349578142166,0.3521594703197479,0.15802879631519318
YGL027C,YBR218C,0,-5.4366283,0.1821305900812149,0.3521594703197479,0.15813954174518585
YOR031W,YCR081W,0,-5.436688,0.18202632665634155,0.3521594703197479,0.15825027227401733
YCR093W,YOR221C,0,-5.436715,0.18192219734191895,0.3521594703197479,0.15836101770401
YFR048W,YDR469W,0,-5.43695,0.1818181872367859,0.3521594703197479,0.15847176313400269
YDR145W,YBR198C,1,-5.437009,0.18228571116924286,0.3532668948173523,0.15847176313400269
YDL175C,YIL128W,0,-5.4370337,0.18218161165714264,0.3532668948173523,0.15858250856399536
YKR055W,YGR161W-A,0,-5.4372506,0.18207763135433197,0.3532668948173523,0.15869323909282684
YIL009W,YHR090C,1,-5.437477,0.18254421651363373,0.35437431931495667,0.15869323909282684
YLR067C,YDL244W,0,-5.4375076,0.1824401319026947,0.35437431931495667,0.15880398452281952
YDR411C,YGL205W,0,-5.437569,0.18233618140220642,0.35437431931495667,0.1589147299528122
YLR085C,YPR134W,0,-5.437625,0.1822323501110077,0.35437431931495667,0.15902547538280487
YNL304W,YGL249W,0,-5.4376535,0.18212862312793732,0.35437431931495667,0.15913620591163635
YJL115W,YOL148C,1,-5.4376993,0.18259385228157043,0.35548171401023865,0.15913620591163635
YHR013C,YHR090C,1,-5.4377527,0.18305855989456177,0.356589138507843,0.15913620591163635
YCL012W,YPL177C,0,-5.438116,0.1829545497894287,0.356589138507843,0.15924695134162903
YJR026W,YOR356W,0,-5.438136,0.1828506588935852,0.356589138507843,0.1593576967716217
YLR377C,YJL192C,0,-5.4382524,0.18274687230587006,0.356589138507843,0.15946844220161438
YDL042C,YGL145W,0,-5.4382744,0.18264321982860565,0.356589138507843,0.15957918763160706
YHR004C,YGL013C,0,-5.4383283,0.1825396865606308,0.356589138507843,0.15968991816043854
YHR030C,YOL103W-A,0,-5.4387627,0.1824362576007843,0.356589138507843,0.1598006635904312
YPR131C,YDR167W,1,-5.4388075,0.18289920687675476,0.3576965630054474,0.1598006635904312
YDL145C,YGL033W,0,-5.438877,0.1827957034111023,0.3576965630054474,0.1599114090204239
YDL093W,YLR006C,0,-5.439144,0.18269230425357819,0.3576965630054474,0.16002215445041656
YDR238C,YOL128C,0,-5.439311,0.18258903920650482,0.3576965630054474,0.16013288497924805
YHR204W,YDL236W,0,-5.43948,0.18248587846755981,0.3576965630054474,0.16024363040924072
YOR373W,YER072W,0,-5.439545,0.18238283693790436,0.3576965630054474,0.1603543758392334
YKL144C,YML034W,0,-5.439952,0.18227991461753845,0.3576965630054474,0.16046512126922607
YDR461W,YKL059C,0,-5.440028,0.1821770966053009,0.3576965630054474,0.16057585179805756
YNL271C,YGL144C,0,-5.4400578,0.1820744127035141,0.3576965630054474,0.16068659722805023
YGL243W,YOR132W,0,-5.4401255,0.18197183310985565,0.3576965630054474,0.1607973426580429
YNL029C,YGR086C,0,-5.440291,0.18186937272548676,0.3576965630054474,0.16090808808803558
YLL011W,YGR181W,0,-5.4403486,0.18176701664924622,0.3576965630054474,0.16101883351802826
YOL088C,YDR195W,0,-5.440364,0.18166479468345642,0.3576965630054474,0.16112956404685974
YPR082C,YOR127W,0,-5.4404087,0.18156267702579498,0.3576965630054474,0.16124030947685242
YPL110C,YPL091W,0,-5.44049,0.1814606785774231,0.3576965630054474,0.1613510549068451
YNL326C,YDR167W,1,-5.440648,0.18192027509212494,0.35880398750305176,0.1613510549068451
YLR097C,YPL098C,0,-5.4406743,0.1818181872367859,0.35880398750305176,0.16146180033683777
YDL099W,YHR188C,0,-5.440768,0.1817162036895752,0.35880398750305176,0.16157253086566925
YBL026W,YDR407C,0,-5.4407825,0.18161435425281525,0.35880398750305176,0.16168327629566193
YLR310C,YOR149C,0,-5.4409776,0.18151260912418365,0.35880398750305176,0.1617940217256546
YPR072W,YJL143W,0,-5.441059,0.18141096830368042,0.35880398750305176,0.16190476715564728
YLR100W,YNL250W,0,-5.4410763,0.18130946159362793,0.35880398750305176,0.16201549768447876
YFL003C,YJR026W,0,-5.441442,0.1812080591917038,0.35880398750305176,0.16212624311447144
YPR057W,YNL045W,0,-5.44159,0.18110676109790802,0.35880398750305176,0.1622369885444641
YNL207W,YKL108W,0,-5.441597,0.1810055822134018,0.35880398750305176,0.1623477339744568
YLR397C,YDL217C,0,-5.4416294,0.18090452253818512,0.35880398750305176,0.16245846450328827
YDL175C,YHR152W,0,-5.4419055,0.1808035671710968,0.35880398750305176,0.16256920993328094
YDR276C,YBL103C,0,-5.4422626,0.18070273101329803,0.35880398750305176,0.16267995536327362
YOL089C,YLR452C,0,-5.442303,0.18060201406478882,0.35880398750305176,0.1627907007932663
YLR044C,YIL075C,0,-5.442462,0.18050138652324677,0.35880398750305176,0.16290144622325897
YFR040W,YPR182W,0,-5.4426403,0.18040089309215546,0.35880398750305176,0.16301217675209045
YJL209W,YCR020W-B,0,-5.4426956,0.1803005039691925,0.35880398750305176,0.16312292218208313
YBR021W,YFL002W-B,0,-5.4428396,0.1802002191543579,0.35880398750305176,0.1632336676120758
YBL047C,YNL131W,0,-5.442877,0.18010005354881287,0.35880398750305176,0.16334441304206848
YDR448W,YOL148C,1,-5.4428964,0.1805555522441864,0.35991141200065613,0.16334441304206848
YMR140W,YLR025W,0,-5.44296,0.1804552972316742,0.35991141200065613,0.16345514357089996
YER028C,YPL029W,0,-5.4430294,0.18035516142845154,0.35991141200065613,0.16356588900089264
YLR153C,YFL039C,1,-5.4430304,0.18080976605415344,0.3610188364982605,0.16356588900089264
YOR349W,YOL115W,0,-5.443225,0.18070954084396362,0.3610188364982605,0.16367663443088531
YLL042C,YGL070C,0,-5.443231,0.18060941994190216,0.3610188364982605,0.163787379860878
YDR527W,YLR360W,0,-5.443414,0.18050941824913025,0.3610188364982605,0.16389811038970947
YDL074C,YGL018C,0,-5.44374,0.1804095208644867,0.3610188364982605,0.16400885581970215
YCR066W,YBR253W,0,-5.443821,0.1803097277879715,0.3610188364982605,0.16411960124969482
YOR204W,YLR056W,0,-5.4439096,0.18021005392074585,0.3610188364982605,0.1642303466796875
YLR295C,YNL090W,0,-5.4439206,0.18011049926280975,0.3610188364982605,0.16434109210968018
YML004C,YGL068W,0,-5.4439964,0.18001104891300201,0.3610188364982605,0.16445182263851166
YNL085W,YAL005C,0,-5.444065,0.17991170287132263,0.3610188364982605,0.16456256806850433
YKL114C,YMR188C,0,-5.444091,0.1798124611377716,0.3610188364982605,0.164673313498497
YDL055C,YDR379W,0,-5.444236,0.17971333861351013,0.3610188364982605,0.16478405892848969
YPL211W,YMR134W,0,-5.4444876,0.17961432039737701,0.3610188364982605,0.16489478945732117
YLR405W,YML032C,0,-5.4447155,0.17951542139053345,0.3610188364982605,0.16500553488731384
YBL100W-B,YJR120W,0,-5.444809,0.17941662669181824,0.3610188364982605,0.16511628031730652
YLR260W,YIL149C,0,-5.4448977,0.17931793630123138,0.3610188364982605,0.1652270257472992
YOL113W,YDR261W-A,0,-5.445075,0.1792193502187729,0.3610188364982605,0.16533775627613068
YFR021W,YOR367W,0,-5.4453354,0.17912088334560394,0.3610188364982605,0.16544850170612335
YLR195C,YOL110W,1,-5.445382,0.17957165837287903,0.3621262311935425,0.16544850170612335
YBR233W-A,YIL114C,0,-5.445423,0.17947310209274292,0.3621262311935425,0.16555924713611603
YCL059C,YDR316W-A,0,-5.4456663,0.17937465012073517,0.3621262311935425,0.1656699925661087
YLR329W,YDR137W,0,-5.4458284,0.17927631735801697,0.3621262311935425,0.16578073799610138
YAR002C-A,YGR010W,0,-5.4459257,0.17917808890342712,0.3621262311935425,0.16589146852493286
YJL021C,YIR041W,0,-5.446026,0.17907994985580444,0.3621262311935425,0.16600221395492554
YML086C,YKL138C-A,0,-5.4464583,0.1789819449186325,0.3621262311935425,0.1661129593849182
YOL040C,YOR142W-A,0,-5.44662,0.17888402938842773,0.3621262311935425,0.1662237048149109
YKL110C,YPR074C,0,-5.4466314,0.17878621816635132,0.3621262311935425,0.16633443534374237
YLR127C,YGL236C,0,-5.4467425,0.17868852615356445,0.3621262311935425,0.16644518077373505
YOR236W,YGR048W,0,-5.4468184,0.17859093844890594,0.3621262311935425,0.16655592620372772
YCR075C,YDL090C,0,-5.4470043,0.1784934550523758,0.3621262311935425,0.1666666716337204
YKL025C,YDR498C,0,-5.4471803,0.178396075963974,0.3621262311935425,0.16677740216255188
YKL175W,YPR137C-A,0,-5.4474087,0.17829880118370056,0.3621262311935425,0.16688814759254456
YGR041W,YGL018C,0,-5.447439,0.17820163071155548,0.3621262311935425,0.16699889302253723
YFR008W,YBL102W,0,-5.4475794,0.17810457944869995,0.3621262311935425,0.1671096384525299
YIR021W,YDL236W,0,-5.447845,0.17800761759281158,0.3621262311935425,0.16722038388252258
YOR250C,YDL135C,0,-5.4478607,0.17791077494621277,0.3621262311935425,0.16733111441135406
YDL150W,YIR022W,0,-5.447949,0.1778140366077423,0.3621262311935425,0.16744185984134674
YLR438C-A,YPL234C,0,-5.4480944,0.177717387676239,0.3621262311935425,0.16755260527133942
YNL061W,YMR210W,0,-5.448164,0.17762085795402527,0.3621262311935425,0.1676633507013321
YMR225C,YBR250W,0,-5.4481773,0.17752443253993988,0.3621262311935425,0.16777408123016357
YAL031C,YJR019C,0,-5.4482894,0.17742811143398285,0.3621262311935425,0.16788482666015625
YMR246W,YHR090C,1,-5.4483266,0.17787419259548187,0.36323365569114685,0.16788482666015625
YIL132C,YJR091C,0,-5.4483795,0.17777778208255768,0.36323365569114685,0.16799557209014893
YEL002C,YDR034C-C,0,-5.4490857,0.17768147587776184,0.36323365569114685,0.1681063175201416
YCR034W,YFL059W,0,-5.4491587,0.17758527398109436,0.36323365569114685,0.16821704804897308
YGR279C,YPR080W,0,-5.449211,0.17748917639255524,0.36323365569114685,0.16832779347896576
YPL040C,YLR410W,0,-5.449255,0.17739318311214447,0.36323365569114685,0.16843853890895844
YGL256W,YDR343C,0,-5.4493265,0.17729729413986206,0.36323365569114685,0.1685492843389511
YML061C,YJL121C,0,-5.449332,0.177201509475708,0.36323365569114685,0.1686600148677826
YDR420W,YBR060C,0,-5.449359,0.1771058291196823,0.36323365569114685,0.16877076029777527
YDL137W,YCR093W,0,-5.4495244,0.17701025307178497,0.36323365569114685,0.16888150572776794
YLR377C,YOL001W,0,-5.4496536,0.176914781332016,0.36323365569114685,0.16899225115776062
YNL031C,YML114C,0,-5.449669,0.17681941390037537,0.36323365569114685,0.1691029965877533
YKR065C,YPR158C-D,0,-5.449908,0.1767241358757019,0.36323365569114685,0.16921372711658478
YBR042C,YCR106W,0,-5.4499316,0.176628977060318,0.36323365569114685,0.16932447254657745
YOR301W,YBL005W-B,0,-5.450428,0.17653390765190125,0.36323365569114685,0.16943521797657013
YBR221C,YBR256C,0,-5.450493,0.17643894255161285,0.36323365569114685,0.1695459634065628
YDR005C,YNR039C,0,-5.450524,0.17634408175945282,0.36323365569114685,0.1696566939353943
YHR059W,YGR048W,0,-5.4505696,0.17624932527542114,0.36323365569114685,0.16976743936538696
YNL004W,YJR004C,0,-5.450639,0.17615467309951782,0.36323365569114685,0.16987818479537964
YBR196C,YNL312W,0,-5.450814,0.17606012523174286,0.36323365569114685,0.16998893022537231
YNL281W,YFR030W,0,-5.4508142,0.17596566677093506,0.36323365569114685,0.1700996607542038
YFL024C,YPL129W,1,-5.451147,0.17640750110149384,0.3643410801887512,0.1700996607542038
YCR082W,YDR279W,0,-5.4511557,0.17631296813488007,0.3643410801887512,0.17021040618419647
YOR123C,YML073C,0,-5.4513016,0.17621853947639465,0.3643410801887512,0.17032115161418915
YAL021C,YOL009C,0,-5.4514637,0.1761242002248764,0.3643410801887512,0.17043189704418182
YGR113W,YBR159W,0,-5.4515743,0.1760299652814865,0.3643410801887512,0.1705426424741745
YML058W-A,YDR461W,0,-5.4516354,0.17593583464622498,0.3643410801887512,0.17065337300300598
YDR195W,YGR141W,0,-5.451741,0.1758417934179306,0.3643410801887512,0.17076411843299866
YBL002W,YDR210W-B,0,-5.451946,0.1757478564977646,0.3643410801887512,0.17087486386299133
YDR411C,YLR097C,0,-5.4521112,0.17565402388572693,0.3643410801887512,0.170985609292984
YKL139W,YHR001W,0,-5.4522634,0.17556029558181763,0.3643410801887512,0.1710963398218155
YBL034C,YGR038C-B,0,-5.452275,0.17546667158603668,0.3643410801887512,0.17120708525180817
YBR164C,YFR046C,0,-5.4523163,0.1753731369972229,0.3643410801887512,0.17131783068180084
YPR023C,YDR167W,1,-5.4525356,0.1758124679327011,0.3654485046863556,0.17131783068180084
YOL078W,YPR082C,0,-5.452667,0.17571884393692017,0.3654485046863556,0.17142857611179352
YJL104W,YHR154W,0,-5.452748,0.17562533915042877,0.3654485046863556,0.171539306640625
YNR010W,YLR035C-A,0,-5.452873,0.17553190886974335,0.3654485046863556,0.17165005207061768
YHL031C,YGL115W,0,-5.452957,0.17543859779834747,0.3654485046863556,0.17176079750061035
YPL203W,YOL103W-A,0,-5.453097,0.17534537613391876,0.3654485046863556,0.17187154293060303
YOL133W,YOL103W-A,0,-5.45313,0.1752522587776184,0.3654485046863556,0.1719822883605957
YDL074C,YBR065C,0,-5.4533005,0.17515923082828522,0.3654485046863556,0.17209301888942719
YJL099W,YHR204W,0,-5.4536486,0.17506630718708038,0.3654485046863556,0.17220376431941986
YJL085W,YMR095C,0,-5.453879,0.1749734878540039,0.3654485046863556,0.17231450974941254
YBR257W,YDL216C,0,-5.4542,0.1748807579278946,0.3654485046863556,0.1724252551794052
YOR191W,YPR137C-B,0,-5.4544444,0.17478813230991364,0.3654485046863556,0.1725359857082367
YFL039C,YOL110W,1,-5.454569,0.17522498965263367,0.36655592918395996,0.1725359857082367
YKL135C,YML025C,0,-5.454646,0.17513227462768555,0.36655592918395996,0.17264673113822937
YBR110W,YBR089C-A,0,-5.4549303,0.17503966391086578,0.36655592918395996,0.17275747656822205
YEL032W,YBR097W,0,-5.4550056,0.17494714260101318,0.36655592918395996,0.17286822199821472
YAL021C,YAL007C,0,-5.4552813,0.17485472559928894,0.36655592918395996,0.1729789525270462
YJL102W,YJR135W-A,0,-5.4553537,0.17476241290569305,0.36655592918395996,0.17308969795703888
YFL009W,YGR009C,0,-5.455356,0.17467018961906433,0.36655592918395996,0.17320044338703156
YDR375C,YOL151W,0,-5.4554143,0.17457805573940277,0.36655592918395996,0.17331118881702423
YOR335C,YIL122W,0,-5.455722,0.17448602616786957,0.36655592918395996,0.1734219342470169
YER015W,YGR147C,1,-5.456237,0.1749209761619568,0.36766335368156433,0.1734219342470169
YNL136W,YMR069W,1,-5.456305,0.1753554493188858,0.3687707781791687,0.1734219342470169
YOR035C,YGR104C,0,-5.456542,0.1752631515264511,0.3687707781791687,0.1735326647758484
YCR014C,YGR135W,0,-5.456603,0.17517095804214478,0.3687707781791687,0.17364341020584106
YLR086W,YER072W,0,-5.4566393,0.1750788688659668,0.3687707781791687,0.17375415563583374
YJR144W,YBR111W-A,0,-5.4567347,0.17498686909675598,0.3687707781791687,0.17386490106582642
YDL197C,YOL156W,0,-5.456743,0.17489495873451233,0.3687707781791687,0.1739756315946579
YJR139C,YDL098C,0,-5.456829,0.17480315268039703,0.3687707781791687,0.17408637702465057
YGL257C,YGL145W,0,-5.456897,0.1747114360332489,0.3687707781791687,0.17419712245464325
YDL052C,YGR038C-B,0,-5.4571075,0.17461982369422913,0.3687707781791687,0.17430786788463593
YPL275W,YGR013W,0,-5.4573464,0.1745283007621765,0.3687707781791687,0.1744185984134674
YOR191W,YDR210C-D,0,-5.457831,0.17443688213825226,0.3687707781791687,0.17452934384346008
YNL059C,YHR050W,0,-5.4579725,0.17434555292129517,0.3687707781791687,0.17464008927345276
YER106W,YCR055C,0,-5.458311,0.17425431311130524,0.3687707781791687,0.17475083470344543
YIL042C,YMR314W,0,-5.4584866,0.17416317760944366,0.3687707781791687,0.17486156523227692
YHR160C,YDR314C,0,-5.4585404,0.17407213151454926,0.3687707781791687,0.1749723106622696
YJL168C,YNL046W,0,-5.458742,0.1739811897277832,0.3687707781791687,0.17508305609226227
YBL063W,YOR172W,0,-5.458809,0.17389033734798431,0.3687707781791687,0.17519380152225494
YPL049C,YLR386W,0,-5.45894,0.17379958927631378,0.3687707781791687,0.17530454695224762
YDL116W,YDR281C,0,-5.459004,0.17370891571044922,0.3687707781791687,0.1754152774810791
YKL016C,YLL017W,0,-5.4590435,0.173618346452713,0.3687707781791687,0.17552602291107178
YOR034C,YGR002C,1,-5.4591637,0.1740489900112152,0.3698781728744507,0.17552602291107178
YLR207W,YBR223C,0,-5.459421,0.17395833134651184,0.3698781728744507,0.17563676834106445
YLR138W,YMR101C,0,-5.459525,0.17386777698993683,0.3698781728744507,0.17574751377105713
YJL062W,YBL014C,0,-5.4598355,0.17377731204032898,0.3698781728744507,0.1758582442998886
YNL123W,YKL178C,0,-5.459916,0.1736869513988495,0.3698781728744507,0.1759689897298813
YMR316W,YDR386W,0,-5.460454,0.17359668016433716,0.3698781728744507,0.17607973515987396
YLR332W,YIL084C,0,-5.460511,0.173506498336792,0.3698781728744507,0.17619048058986664
YGL127C,YDR098C-B,0,-5.4608226,0.173416405916214,0.3698781728744507,0.17630121111869812
YDR385W,YNL032W,0,-5.460934,0.17332641780376434,0.3698781728744507,0.1764119565486908
YGR038C-B,YLR003C,0,-5.4609866,0.17323651909828186,0.3698781728744507,0.17652270197868347
YEL019C,YHR023W,0,-5.4612427,0.17314670979976654,0.3698781728744507,0.17663344740867615
YDR216W,YOL027C,0,-5.461284,0.17305698990821838,0.3698781728744507,0.17674419283866882
YDR414C,YOR148C,0,-5.4613886,0.17296737432479858,0.3698781728744507,0.1768549233675003
YJR082C,YIL009W,1,-5.46142,0.17339543998241425,0.37098559737205505,0.1768549233675003
YML061C,YDR259C,0,-5.461468,0.17330573499202728,0.37098559737205505,0.17696566879749298
YBR167C,YIL147C,0,-5.461691,0.17321613430976868,0.37098559737205505,0.17707641422748566
YGL178W,YGL067W,0,-5.461951,0.17312660813331604,0.37098559737205505,0.17718715965747833
YGL032C,YOR140W,0,-5.4621763,0.17303718626499176,0.37098559737205505,0.17729789018630981
YLR138W,YJR009C,0,-5.462633,0.17294785380363464,0.37098559737205505,0.1774086356163025
YBR276C,YIL022W,0,-5.4626417,0.1728586107492447,0.37098559737205505,0.17751938104629517
YBR272C,YOL001W,0,-5.4628124,0.1727694720029831,0.37098559737205505,0.17763012647628784
YLL061W,YGR161C-D,0,-5.4628277,0.17268040776252747,0.37098559737205505,0.17774085700511932
YBR009C,YJR070C,0,-5.4628534,0.1725914478302002,0.37098559737205505,0.177851602435112
YDR284C,YGR013W,0,-5.462993,0.1725025773048401,0.37098559737205505,0.17796234786510468
YJL021C,YEL027W,0,-5.4630675,0.17241379618644714,0.37098559737205505,0.17807309329509735
YDR386W,YER137C-A,0,-5.4633207,0.17232510447502136,0.37098559737205505,0.17818383872509003
YDR174W,YGR211W,0,-5.4637523,0.17223650217056274,0.37098559737205505,0.1782945692539215
YJR068W,YLR316C,0,-5.463965,0.1721479892730713,0.37098559737205505,0.17840531468391418
YLL022C,YCL010C,1,-5.464082,0.17257319390773773,0.3720930218696594,0.17840531468391418
YNL327W,YDR210W-B,0,-5.4642086,0.1724846065044403,0.3720930218696594,0.17851606011390686
YLR028C,YIL076W,0,-5.46426,0.17239609360694885,0.3720930218696594,0.17862680554389954
YPL221W,YOL123W,0,-5.464309,0.17230768501758575,0.3720930218696594,0.17873753607273102
YOL008W,YBR254C,0,-5.4646854,0.172219380736351,0.3720930218696594,0.1788482815027237
YER178W,YGR038C-A,0,-5.4647017,0.17213115096092224,0.3720930218696594,0.17895902693271637
YBR023C,YGL210W-A,0,-5.464722,0.17204301059246063,0.3720930218696594,0.17906977236270905
YPL110C,YDL038C,0,-5.464834,0.1719549596309662,0.3720930218696594,0.17918050289154053
YMR012W,YHL031C,0,-5.464859,0.1718670129776001,0.3720930218696594,0.1792912483215332
YKL112W,YBR276C,0,-5.4649525,0.17177914083003998,0.3720930218696594,0.17940199375152588
YGL119W,YNL317W,0,-5.464966,0.17169135808944702,0.3720930218696594,0.17951273918151855
YIR021W,YPL122C,0,-5.4652925,0.17160367965698242,0.3720930218696594,0.17962348461151123
YER038C,YML034W,0,-5.465332,0.1715160757303238,0.3720930218696594,0.1797342151403427
YLR405W,YIL072W,0,-5.465748,0.17142857611179352,0.3720930218696594,0.1798449605703354
YPR034W,YKL138C-A,0,-5.466048,0.1713411509990692,0.3720930218696594,0.17995570600032806
YIL004C,YDL229W,0,-5.4660883,0.17125381529331207,0.3720930218696594,0.18006645143032074
YCR040W,YMR313C,0,-5.466425,0.1711665838956833,0.3720930218696594,0.18017718195915222
YNL136W,YDR167W,1,-5.466459,0.17158859968185425,0.3732004463672638,0.18017718195915222
YOR002W,YKR019C,0,-5.4665985,0.1715012788772583,0.3732004463672638,0.1802879273891449
YHR107C,YGR010W,0,-5.466625,0.17141403257846832,0.3732004463672638,0.18039867281913757
YDL198C,YMR156C,0,-5.4667397,0.1713268905878067,0.3732004463672638,0.18050941824913025
YLR157C,YDR261W-A,0,-5.4668026,0.17123983800411224,0.3732004463672638,0.18062014877796173
YLR391W-A,YDR388W,0,-5.466934,0.17115287482738495,0.3732004463672638,0.1807308942079544
YKL220C,YBR049C,0,-5.467043,0.17106598615646362,0.3732004463672638,0.18084163963794708
YCR107W,YOR284W,0,-5.4671803,0.17097920179367065,0.3732004463672638,0.18095238506793976
YDR459C,YHR099W,1,-5.4671836,0.17139959335327148,0.37430787086486816,0.18095238506793976
YHR124W,YGR038C-A,0,-5.467229,0.17131271958351135,0.37430787086486816,0.18106311559677124
YDL064W,YIL017W,0,-5.467556,0.17122593522071838,0.37430787086486816,0.18117386102676392
YBR161W,YLR139C,0,-5.467615,0.17113924026489258,0.37430787086486816,0.1812846064567566
YDR017C,YOR008C-A,0,-5.467639,0.17105263471603394,0.37430787086486816,0.18139535188674927
YPL275W,YPR068C,0,-5.467684,0.17096610367298126,0.37430787086486816,0.18150609731674194
YHR055C,YKR008W,0,-5.467805,0.17087967693805695,0.37430787086486816,0.18161682784557343
YER007W,YNL126W,0,-5.4682236,0.1707933247089386,0.37430787086486816,0.1817275732755661
YGL066W,YOL110W,1,-5.4682493,0.1712121218442917,0.37541529536247253,0.1817275732755661
YDR098C,YOL054W,0,-5.468255,0.17112569510936737,0.37541529536247253,0.18183831870555878
YOL148C,YBR198C,1,-5.468412,0.1715438961982727,0.3765226900577545,0.18183831870555878
YCR086W,YIL160C,0,-5.468683,0.17145739495754242,0.3765226900577545,0.18194906413555145
YGL058W,YPR158W-A,0,-5.4687715,0.1713709682226181,0.3765226900577545,0.18205979466438293
YCL004W,YML107C,0,-5.468797,0.17128463089466095,0.3765226900577545,0.1821705400943756
YNL113W,YDL109C,0,-5.468834,0.17119838297367096,0.3765226900577545,0.1822812855243683
YOL016C,YGL127C,0,-5.468834,0.17111222445964813,0.3765226900577545,0.18239203095436096
YPL128C,YOR087W,0,-5.4690228,0.17102615535259247,0.3765226900577545,0.18250276148319244
YFL024C,YLR195C,1,-5.4690332,0.1714429408311844,0.3776301145553589,0.18250276148319244
YNL293W,YCL074W,0,-5.4692593,0.17135678231716156,0.3776301145553589,0.18261350691318512
YGL065C,YOL116W,0,-5.4693217,0.1712707132101059,0.3776301145553589,0.1827242523431778
YHR050W,YPL258C,0,-5.4693365,0.1711847335100174,0.3776301145553589,0.18283499777317047
YMR264W,YMR210W,0,-5.4694242,0.17109884321689606,0.3776301145553589,0.18294574320316315
YHR023W,YHR034C,0,-5.46943,0.17101304233074188,0.3776301145553589,0.18305647373199463
YHR099W,YOR064C,1,-5.469448,0.17142857611179352,0.37873753905296326,0.18305647373199463
YPR017C,YNL214W,0,-5.4697666,0.17134268581867218,0.37873753905296326,0.1831672191619873
YDR167W,YPL129W,1,-5.469927,0.17175763845443726,0.3798449635505676,0.1831672191619873
YMR138W,YKR089C,0,-5.469985,0.17167167365550995,0.3798449635505676,0.18327796459197998
YPR008W,YJR120W,0,-5.4700823,0.1715857982635498,0.3798449635505676,0.18338871002197266
YDR182W,YHL009W-B,0,-5.470084,0.17149999737739563,0.3798449635505676,0.18349944055080414
YNL078W,YHR138C,0,-5.470153,0.17141428589820862,0.3798449635505676,0.18361018598079681
YML004C,YBL025W,0,-5.4702444,0.17132867872714996,0.3798449635505676,0.1837209314107895
YFL011W,YKL055C,0,-5.470341,0.17124313116073608,0.3798449635505676,0.18383167684078217
YER167W,YJR086W,0,-5.470374,0.17115768790245056,0.3798449635505676,0.18394240736961365
YBR245C,YGR027W-B,0,-5.4704447,0.171072319149971,0.3798449635505676,0.18405315279960632
YLR228C,YEL017C-A,0,-5.4705563,0.17098703980445862,0.3798449635505676,0.184163898229599
YDL229W,YOR287C,0,-5.47056,0.1709018498659134,0.3798449635505676,0.18427464365959167
YCL010C,YBR198C,1,-5.4706545,0.17131474614143372,0.380952388048172,0.18427464365959167
YAL030W,YFL059W,0,-5.4709253,0.17122946679592133,0.380952388048172,0.18438538908958435
YER019W,YEL057C,0,-5.470948,0.1711442768573761,0.380952388048172,0.18449611961841583
YNL293W,YGR038C-A,0,-5.4710684,0.17105917632579803,0.380952388048172,0.1846068650484085
YCL019W,YLR455W,0,-5.471116,0.17097415030002594,0.380952388048172,0.18471761047840118
YDR418W,YOR142W-A,0,-5.4711666,0.170889213681221,0.380952388048172,0.18482835590839386
YGL180W,YDL155W,0,-5.4712663,0.17080436646938324,0.380952388048172,0.18493908643722534
YDR424C,YOR355W,0,-5.471447,0.17071960866451263,0.380952388048172,0.18504983186721802
YHR074W,YGR027W-B,0,-5.4717894,0.170634925365448,0.380952388048172,0.1851605772972107
YMR042W,YOR060C,0,-5.471942,0.17055031657218933,0.380952388048172,0.18527132272720337
YMR014W,YPR182W,0,-5.472256,0.17046581208705902,0.380952388048172,0.18538205325603485
YAL053W,YKL029C,0,-5.472305,0.17038138210773468,0.380952388048172,0.18549279868602753
YNL188W,YAR042W,0,-5.472337,0.1702970266342163,0.380952388048172,0.1856035441160202
YMR287C,YPR158C-C,0,-5.4723477,0.1702127605676651,0.380952388048172,0.18571428954601288
YCL010C,YDR126W,1,-5.472389,0.17062313854694366,0.38205981254577637,0.18571428954601288
YNL037C,YKL058W,0,-5.4725466,0.1705387979745865,0.38205981254577637,0.18582503497600555
YJL194W,YDL128W,0,-5.4726152,0.17045454680919647,0.38205981254577637,0.18593576550483704
YOR025W,YCL032W,0,-5.472748,0.17037037014961243,0.38205981254577637,0.1860465109348297
YPR067W,YPR137C-B,0,-5.4727745,0.17028628289699554,0.38205981254577637,0.1861572563648224
YJL081C,YLL022C,1,-5.4728804,0.17069560289382935,0.38316720724105835,0.1861572563648224
YDL099W,YEL051W,0,-5.472911,0.1706114411354065,0.38316720724105835,0.18626800179481506
YOR301W,YCL075W,0,-5.472945,0.1705273538827896,0.38316720724105835,0.18637873232364655
YDR284C,YKL152C,0,-5.472973,0.1704433560371399,0.38316720724105835,0.18648947775363922
YGR169C,YOR069W,0,-5.473124,0.17035943269729614,0.38316720724105835,0.1866002231836319
YDR141C,YGL006W,0,-5.4731736,0.17027558386325836,0.38316720724105835,0.18671096861362457
YGL012W,YEL041W,0,-5.473341,0.17019183933734894,0.38316720724105835,0.18682169914245605
YDL097C,YML015C,0,-5.473348,0.1701081544160843,0.38316720724105835,0.18693244457244873
YGL150C,YKR089C,0,-5.4733553,0.170024573802948,0.38316720724105835,0.1870431900024414
YFL039C,YFL024C,1,-5.473445,0.1704322248697281,0.3842746317386627,0.1870431900024414
YPR188C,YOL121C,0,-5.473529,0.17034855484962463,0.3842746317386627,0.18715393543243408
YCR014C,YMR149W,0,-5.4735384,0.17026495933532715,0.3842746317386627,0.18726466596126556
YCR091W,YOL026C,0,-5.473664,0.17018146812915802,0.3842746317386627,0.18737541139125824
YKR022C,YOR315W,0,-5.4736857,0.17009803652763367,0.3842746317386627,0.18748615682125092
YCL010C,YGR002C,1,-5.473817,0.17050465941429138,0.3853820562362671,0.18748615682125092
YBR205W,YDR251W,0,-5.4738503,0.17042115330696106,0.3853820562362671,0.1875969022512436
YPR055W,YBR294W,0,-5.474024,0.1703377366065979,0.3853820562362671,0.18770764768123627
YCR073C,YDR261W-A,0,-5.474185,0.1702544093132019,0.3853820562362671,0.18781837821006775
YGR296W,YCL020W,0,-5.4741955,0.17017115652561188,0.3853820562362671,0.18792912364006042
YJL081C,YEL066W,1,-5.474366,0.17057673633098602,0.38648948073387146,0.18792912364006042
YBL006C,YDL120W,0,-5.474412,0.17049340903759003,0.38648948073387146,0.1880398690700531
YPL195W,YCL035C,0,-5.4744515,0.17041015625,0.38648948073387146,0.18815061450004578
YMR314W,YGR143W,0,-5.474459,0.17032699286937714,0.38648948073387146,0.18826134502887726
YKL085W,YHR031C,0,-5.4745417,0.17024390399456024,0.38648948073387146,0.18837209045886993
YMR198W,YML113W,0,-5.474558,0.1701609045267105,0.38648948073387146,0.1884828358888626
YKR022C,YOL044W,0,-5.4746304,0.17007797956466675,0.38648948073387146,0.18859358131885529
YBR179C,YKR028W,0,-5.4746556,0.16999512910842896,0.38648948073387146,0.18870431184768677
YPL008W,YFR024C,0,-5.474716,0.16991236805915833,0.38648948073387146,0.18881505727767944
YMR061W,YBR165W,0,-5.4747334,0.16982968151569366,0.38648948073387146,0.18892580270767212
YLR288C,YBR058C-A,0,-5.474773,0.16974708437919617,0.38648948073387146,0.1890365481376648
YER107C,YDR261C-D,0,-5.474809,0.16966456174850464,0.38648948073387146,0.18914729356765747
YMR296C,YLR266C,0,-5.4749255,0.16958211362361908,0.38648948073387146,0.18925802409648895
YPL161C,YLR110C,0,-5.475093,0.16949975490570068,0.38648948073387146,0.18936876952648163
YOR226C,YHR086W,0,-5.475152,0.16941747069358826,0.38648948073387146,0.1894795149564743
YLR265C,YGR270W,0,-5.4751997,0.169335275888443,0.38648948073387146,0.18959026038646698
YPR083W,YOR142W-A,0,-5.4752026,0.1692531555891037,0.38648948073387146,0.18970099091529846
YEL015W,YKR014C,0,-5.4752417,0.16917110979557037,0.38648948073387146,0.18981173634529114
YNL136W,YPL001W,1,-5.4752827,0.16957364976406097,0.38759690523147583,0.18981173634529114
YKL144C,YER180C-A,0,-5.475466,0.16949152946472168,0.38759690523147583,0.1899224817752838
YDR086C,YDR034C-C,0,-5.4755306,0.16940948367118835,0.38759690523147583,0.1900332272052765
YFL008W,YER074W-A,0,-5.475542,0.1693275272846222,0.38759690523147583,0.19014395773410797
YPL021W,YDR082W,0,-5.4757776,0.169245645403862,0.38759690523147583,0.19025470316410065
YBR081C,YDR145W,1,-5.475807,0.16964717209339142,0.3887043297290802,0.19025470316410065
YGR216C,YPR137C-A,0,-5.4758263,0.16956521570682526,0.3887043297290802,0.19036544859409332
YBR091C,YDR261C-D,0,-5.47599,0.16948334872722626,0.3887043297290802,0.190476194024086
YPL010W,YDR515W,0,-5.476016,0.16940154135227203,0.3887043297290802,0.19058693945407867
YDL148C,YDR372C,0,-5.476102,0.16931982338428497,0.3887043297290802,0.19069766998291016
YKR054C,YLR448W,0,-5.4761047,0.16923817992210388,0.3887043297290802,0.19080841541290283
YLR234W,YDR098C-A,0,-5.4762855,0.16915662586688995,0.3887043297290802,0.1909191608428955
YKL192C,YMR240C,0,-5.476343,0.169075146317482,0.3887043297290802,0.19102990627288818
YMR211W,YDR210W-A,0,-5.4763837,0.16899374127388,0.3887043297290802,0.19114063680171967
YHR188C,YMR268C,0,-5.47639,0.16891241073608398,0.3887043297290802,0.19125138223171234
YDL105W,YLR035C-A,0,-5.476632,0.16883116960525513,0.3887043297290802,0.19136212766170502
YJL168C,YML038C,0,-5.4766493,0.16875000298023224,0.3887043297290802,0.1914728730916977
YJL184W,YDR058C,0,-5.476692,0.16866891086101532,0.3887043297290802,0.19158360362052917
YLR028C,YPL144W,0,-5.476802,0.16858789324760437,0.3887043297290802,0.19169434905052185
YKR101W,YDR210W-B,0,-5.476843,0.16850696504116058,0.3887043297290802,0.19180509448051453
YER024W,YDR210C-C,0,-5.477007,0.16842609643936157,0.3887043297290802,0.1919158399105072
YDR434W,YFL002W-B,0,-5.4770403,0.16834531724452972,0.3887043297290802,0.19202658534049988
YER108C,YOR159C,0,-5.477129,0.16826462745666504,0.3887043297290802,0.19213731586933136
YLR411W,YLR157C-B,0,-5.4772367,0.16818399727344513,0.3887043297290802,0.19224806129932404
YMR021C,YLR410W-B,0,-5.4772367,0.1681034415960312,0.3887043297290802,0.1923588067293167
YHL047C,YPL048W,0,-5.477416,0.1680229753255844,0.3887043297290802,0.1924695521593094
YMR083W,YDR268W,0,-5.477431,0.1679425835609436,0.3887043297290802,0.19258028268814087
YHR086W,YKL043W,0,-5.4776387,0.16786226630210876,0.3887043297290802,0.19269102811813354
YJR108W,YAL002W,0,-5.477743,0.1677820235490799,0.3887043297290802,0.19280177354812622
YBL024W,YDR034C-C,0,-5.477806,0.1677018702030182,0.3887043297290802,0.1929125189781189
YEL009C,YBR143C,0,-5.477811,0.16762177646160126,0.3887043297290802,0.19302324950695038
YDR448W,YPR023C,1,-5.4779205,0.16801908612251282,0.3898117244243622,0.19302324950695038
YIL034C,YEL030W,0,-5.47816,0.1679389327764511,0.3898117244243622,0.19313399493694305
YKR055W,YJR007W,0,-5.4781847,0.16785883903503418,0.3898117244243622,0.19324474036693573
YGR220C,YAL051W,0,-5.4782333,0.1677788347005844,0.3898117244243622,0.1933554857969284
YOL089C,YPL020C,0,-5.4783554,0.1676989048719406,0.3898117244243622,0.1934662163257599
YLR109W,YGR247W,0,-5.478463,0.16761904954910278,0.3898117244243622,0.19357696175575256
YPL110C,YCL051W,0,-5.478541,0.16753926873207092,0.3898117244243622,0.19368770718574524
YGL012W,YLR157C-B,0,-5.478738,0.16745956242084503,0.3898117244243622,0.19379845261573792
YJL081C,YDL040C,1,-5.4787765,0.16785544157028198,0.39091914892196655,0.19379845261573792
YOL146W,YPR095C,0,-5.478814,0.16777566075325012,0.39091914892196655,0.1939091980457306
YJL165C,YBR296C,0,-5.4790382,0.16769596934318542,0.39091914892196655,0.19401992857456207
YLR078C,YDR316W-A,0,-5.479062,0.1676163375377655,0.39091914892196655,0.19413067400455475
YBR237W,YPR133C,0,-5.479105,0.16753678023815155,0.39091914892196655,0.19424141943454742
YBR236C,YDR238C,0,-5.479165,0.16745731234550476,0.39091914892196655,0.1943521648645401
YLR114C,YDR182W,0,-5.4792547,0.16737790405750275,0.39091914892196655,0.19446289539337158
YLR268W,YIL077C,0,-5.479307,0.1672985851764679,0.39091914892196655,0.19457364082336426
YNR056C,YDL236W,0,-5.479561,0.16721932590007782,0.39091914892196655,0.19468438625335693
YEL065W,YIL082W-A,0,-5.479757,0.1671401560306549,0.39091914892196655,0.1947951316833496
YBR260C,YDL084W,0,-5.4797883,0.16706104576587677,0.39091914892196655,0.1949058622121811
YLL034C,YHR050W,0,-5.479904,0.1669820249080658,0.39091914892196655,0.19501660764217377
YPR190C,YHR050W,0,-5.48002,0.1669030785560608,0.39091914892196655,0.19512735307216644
YNR011C,YDR166C,0,-5.4801717,0.16682419180870056,0.39091914892196655,0.19523809850215912
YIL132C,YJL204C,0,-5.4802866,0.1667453944683075,0.39091914892196655,0.1953488439321518
YLR391W-A,YCR106W,0,-5.480301,0.1666666716337204,0.39091914892196655,0.19545957446098328
YGL021W,YJL061W,0,-5.480309,0.16658800840377808,0.39091914892196655,0.19557031989097595
YPL221W,YOR148C,0,-5.4804296,0.16650943458080292,0.39091914892196655,0.19568106532096863
YGR216C,YOL039W,0,-5.4805164,0.16643093526363373,0.39091914892196655,0.1957918107509613
YDL154W,YER042W,0,-5.480523,0.16635249555110931,0.39091914892196655,0.19590254127979279
YJL085W,YGL115W,0,-5.480569,0.16627414524555206,0.39091914892196655,0.19601328670978546
YNL041C,YDR316W-B,0,-5.4809065,0.1661958545446396,0.39091914892196655,0.19612403213977814
YLR399C,YDR037W,0,-5.4809093,0.16611765325069427,0.39091914892196655,0.1962347775697708
YLR009W,YLR410W-B,0,-5.4809675,0.16603951156139374,0.39091914892196655,0.1963455080986023
YDL195W,YDR365W-B,0,-5.4810486,0.16596144437789917,0.39091914892196655,0.19645625352859497
YEL034W,YMR156C,0,-5.481126,0.16588345170021057,0.39091914892196655,0.19656699895858765
YFL056C,YNR002C,0,-5.4811473,0.16580554842948914,0.39091914892196655,0.19667774438858032
YAR002C-A,YER159C-A,0,-5.4811497,0.16572770476341248,0.39091914892196655,0.196788489818573
YDR137W,YGR099W,0,-5.4812326,0.16564993560314178,0.39091914892196655,0.19689922034740448
YJL021C,YKL021C,0,-5.481478,0.16557222604751587,0.39091914892196655,0.19700996577739716
YJL006C,YNL079C,0,-5.4815116,0.16549460589885712,0.39091914892196655,0.19712071120738983
YPL096C-A,YOL121C,0,-5.4815207,0.16541706025600433,0.39091914892196655,0.1972314566373825
YOR257W,YNL186W,0,-5.481764,0.16533957421779633,0.39091914892196655,0.197342187166214
YPL051W,YOL061W,0,-5.4820423,0.16526217758655548,0.39091914892196655,0.19745293259620667
YNR023W,YHR161C,0,-5.4820666,0.1651848405599594,0.39091914892196655,0.19756367802619934
YGR191W,YBR297W,0,-5.482091,0.1651075780391693,0.39091914892196655,0.19767442345619202
YAL041W,YMR220W,0,-5.4821086,0.16503039002418518,0.39091914892196655,0.1977851539850235
YHR019C,YKL203C,0,-5.4822187,0.16495327651500702,0.39091914892196655,0.19789589941501617
YJR064W,YCR081W,0,-5.4825993,0.16487622261047363,0.39091914892196655,0.19800664484500885
YDR376W,YDR208W,0,-5.4826126,0.1647992581129074,0.39091914892196655,0.19811739027500153
YDL099W,YLR116W,0,-5.4827185,0.16472235321998596,0.39091914892196655,0.1982281357049942
YML008C,YPL011C,0,-5.482738,0.16464552283287048,0.39091914892196655,0.19833886623382568
YPL171C,YGR275W,0,-5.482905,0.16456876695156097,0.39091914892196655,0.19844961166381836
YMR005W,YDR034C-C,0,-5.4831963,0.16449208557605743,0.39091914892196655,0.19856035709381104
YDR424C,YBL005W-A,0,-5.4832067,0.16441546380519867,0.39091914892196655,0.1986711025238037
YPL231W,YDL081C,0,-5.4832563,0.16433891654014587,0.39091914892196655,0.1987818330526352
YLR386W,YNL044W,0,-5.4833026,0.16426244378089905,0.39091914892196655,0.19889257848262787
YIL009W,YOL148C,1,-5.483308,0.16465115547180176,0.3920265734195709,0.19889257848262787
YOL135C,YLR268W,0,-5.4833302,0.16457462310791016,0.3920265734195709,0.19900332391262054
YJL167W,YHR214C-B,0,-5.483769,0.16449813544750214,0.3920265734195709,0.19911406934261322
YLR081W,YPR137C-B,0,-5.483906,0.16442173719406128,0.3920265734195709,0.1992247998714447
YJL178C,YDR178W,0,-5.4839773,0.1643453985452652,0.3920265734195709,0.19933554530143738
YPL040C,YDR160W,0,-5.483981,0.16426913440227509,0.3920265734195709,0.19944629073143005
YNL007C,YIL008W,0,-5.484048,0.16419294476509094,0.3920265734195709,0.19955703616142273
YER073W,YPL149W,0,-5.4840736,0.16411682963371277,0.3920265734195709,0.1996677666902542
YLR429W,YMR067C,0,-5.484082,0.16404077410697937,0.3920265734195709,0.1997785121202469
YJL146W,YOR123C,0,-5.484231,0.16396479308605194,0.3920265734195709,0.19988925755023956
YPL271W,YDR210C-C,0,-5.4845133,0.16388888657093048,0.3920265734195709,0.20000000298023224
YGR280C,YBL005W-B,0,-5.4847217,0.163813054561615,0.3920265734195709,0.20011074841022491
YFL018C,YCL062W,0,-5.4848223,0.16373728215694427,0.3920265734195709,0.2002214789390564
YDL200C,YCL075W,0,-5.4849625,0.16366158425807953,0.3920265734195709,0.20033222436904907
YLR262C,YOR343W-A,0,-5.4850197,0.16358594596385956,0.3920265734195709,0.20044296979904175
YGR280C,YJR120W,0,-5.4850464,0.16351039707660675,0.3920265734195709,0.20055371522903442
YHR186C,YLR016C,0,-5.485076,0.16343490779399872,0.3920265734195709,0.2006644457578659
YLR384C,YHR042W,0,-5.485299,0.16335947811603546,0.3920265734195709,0.20077519118785858
YGR078C,YML015C,0,-5.4855585,0.16328413784503937,0.3920265734195709,0.20088593661785126
YML113W,YML059C,0,-5.485588,0.16320885717868805,0.3920265734195709,0.20099668204784393
YKL008C,YDL147W,0,-5.4856286,0.1631336361169815,0.3920265734195709,0.20110741257667542
YKR090W,YHR039C-A,0,-5.485658,0.16305850446224213,0.3920265734195709,0.2012181580066681
YJL063C,YDR034C-C,0,-5.485729,0.16298343241214752,0.3920265734195709,0.20132890343666077
YMR287C,YGR121C,0,-5.486047,0.1629084199666977,0.3920265734195709,0.20143964886665344
YPR070W,YPL022W,0,-5.4860563,0.16283348202705383,0.3920265734195709,0.20155039429664612
YJL081C,YDR126W,1,-5.4862714,0.1632183939218521,0.3931339979171753,0.20155039429664612
YDL232W,YLR176C,0,-5.486299,0.16314338147640228,0.3931339979171753,0.2016611248254776
YGR113W,YLR107W,0,-5.4864645,0.16306844353675842,0.3931339979171753,0.20177187025547028
YFL018C,YDR210W-B,0,-5.4864793,0.16299356520175934,0.3931339979171753,0.20188261568546295
YBR193C,YDL090C,0,-5.486592,0.16291877627372742,0.3931339979171753,0.20199336111545563
YMR198W,YDL147W,0,-5.4866033,0.16284403204917908,0.3931339979171753,0.2021040916442871
YBL035C,YER005W,0,-5.4866405,0.1627693772315979,0.3931339979171753,0.20221483707427979
YLR319C,YPL075W,0,-5.486684,0.1626947820186615,0.3931339979171753,0.20232558250427246
YFL057C,YNL088W,0,-5.4867105,0.16262024641036987,0.3931339979171753,0.20243632793426514
YPR134W,YGR161W-A,0,-5.486722,0.16254578530788422,0.3931339979171753,0.20254705846309662
YEL030W,YIL017W,0,-5.4867344,0.16247139871120453,0.3931339979171753,0.2026578038930893
YGL066W,YDR145W,1,-5.48682,0.16285452246665955,0.39424142241477966,0.2026578038930893
YHR070W,YDR210W-B,0,-5.487026,0.1627800613641739,0.39424142241477966,0.20276854932308197
YGL173C,YIR002C,0,-5.487137,0.162705659866333,0.39424142241477966,0.20287929475307465
YGL054C,YGR007W,0,-5.487158,0.1626313328742981,0.39424142241477966,0.20299004018306732
YDR159W,YOR338W,0,-5.4872704,0.16255708038806915,0.39424142241477966,0.2031007707118988
YNL136W,YHR099W,1,-5.487311,0.16293929517269135,0.39534884691238403,0.2031007707118988
YOR209C,YDR316W-A,0,-5.4874315,0.16286496818065643,0.39534884691238403,0.20321151614189148
YOR127W,YMR039C,0,-5.487445,0.1627907007932663,0.39534884691238403,0.20332226157188416
YCR034W,YBR237W,0,-5.487503,0.16271649301052094,0.39534884691238403,0.20343300700187683
YGL045W,YDR425W,0,-5.4875627,0.16264237463474274,0.39534884691238403,0.2035437375307083
YGR028W,YKL025C,0,-5.4877315,0.16256830096244812,0.39534884691238403,0.203654482960701
YDR231C,YFL037W,0,-5.487977,0.16249431669712067,0.39534884691238403,0.20376522839069366
YER038C,YJR120W,0,-5.4880924,0.1624203771352768,0.39534884691238403,0.20387597382068634
YLR078C,YOL126C,0,-5.488141,0.16234652698040009,0.39534884691238403,0.20398670434951782
YDR126W,YHR099W,1,-5.4882755,0.1627272665500641,0.3964562714099884,0.20398670434951782
YKL080W,YGR161W-A,0,-5.488282,0.1626533418893814,0.3964562714099884,0.2040974497795105
YKL032C,YMR183C,0,-5.4883842,0.1625794768333435,0.3964562714099884,0.20420819520950317
YML123C,YLR410W-B,0,-5.488465,0.16250567138195038,0.3964562714099884,0.20431894063949585
YNL245C,YKR062W,0,-5.4885387,0.16243194043636322,0.3964562714099884,0.20442968606948853
YGL143C,YMR037C,0,-5.4887247,0.16235828399658203,0.3964562714099884,0.20454041659832
YKL006C-A,YOR142W-B,0,-5.4887285,0.16228467226028442,0.3964562714099884,0.20465116202831268
YKR065C,YFL002W-A,0,-5.4887514,0.16221114993095398,0.3964562714099884,0.20476190745830536
YLR157C,YDR435C,0,-5.4888396,0.1621376872062683,0.3964562714099884,0.20487265288829803
YGL089C,YPL234C,0,-5.4888563,0.16206428408622742,0.3964562714099884,0.20498338341712952
YJR084W,YGL093W,0,-5.488969,0.1619909554719925,0.3964562714099884,0.2050941288471222
YJR119C,YPL257W-B,0,-5.4890523,0.16191768646240234,0.3964562714099884,0.20520487427711487
YER015W,YEL066W,1,-5.489131,0.16229656338691711,0.3975636661052704,0.20520487427711487
YHR114W,YAR018C,0,-5.4892316,0.162223219871521,0.3975636661052704,0.20531561970710754
YBR039W,YDR018C,0,-5.489414,0.16214995086193085,0.3975636661052704,0.20542635023593903
YNL326C,YDR459C,1,-5.4894385,0.16252821683883667,0.39867109060287476,0.20542635023593903
YNR027W,YGR161W-A,0,-5.48964,0.16245487332344055,0.39867109060287476,0.2055370956659317
YBR068C,YOR142W-A,0,-5.489863,0.1623815894126892,0.39867109060287476,0.20564784109592438
YDR126W,YBR198C,1,-5.4899764,0.16275924444198608,0.3997785151004791,0.20564784109592438
YOL151W,YML038C,0,-5.490014,0.16268590092658997,0.3997785151004791,0.20575858652591705
YER178W,YGR013W,0,-5.4903197,0.16261261701583862,0.3997785151004791,0.20586931705474854
YKL004W,YBR102C,0,-5.490367,0.16253939270973206,0.3997785151004791,0.2059800624847412
YLR391W-A,YMR096W,0,-5.4904184,0.16246624290943146,0.3997785151004791,0.2060908079147339
YJL014W,YML059C,0,-5.490432,0.16239316761493683,0.3997785151004791,0.20620155334472656
YJL203W,YOR084W,0,-5.4905143,0.16232013702392578,0.3997785151004791,0.20631229877471924
YNL258C,YKR097W,0,-5.4905605,0.1622471958398819,0.3997785151004791,0.20642302930355072
YPR188C,YOL034W,0,-5.490634,0.1621742993593216,0.3997785151004791,0.2065337747335434
YMR238W,YDR210W-B,0,-5.490653,0.16210147738456726,0.3997785151004791,0.20664452016353607
YFL048C,YOR287C,0,-5.490761,0.1620287299156189,0.3997785151004791,0.20675526559352875
YGL119W,YCR014C,0,-5.4907675,0.1619560271501541,0.3997785151004791,0.20686599612236023
YLL022C,YBR198C,1,-5.490779,0.16233183443546295,0.4008859395980835,0.20686599612236023
YGL155W,YJL154C,0,-5.4908886,0.1622590720653534,0.4008859395980835,0.2069767415523529
YGL090W,YCL019W,0,-5.490962,0.1621863842010498,0.4008859395980835,0.20708748698234558
YKL134C,YDR404C,0,-5.4910135,0.1621137410402298,0.4008859395980835,0.20719823241233826
YLR384C,YMR026C,0,-5.49106,0.16204118728637695,0.4008859395980835,0.20730896294116974
YOL088C,YNL054W-A,0,-5.4911194,0.1619686782360077,0.4008859395980835,0.20741970837116241
YLR006C,YDR210C-C,0,-5.4914236,0.1618962436914444,0.4008859395980835,0.2075304538011551
YDL137W,YOR275C,0,-5.4918795,0.16182386875152588,0.4008859395980835,0.20764119923114777
YGR041W,YOR373W,0,-5.4919434,0.16175156831741333,0.4008859395980835,0.20775194466114044
YDR480W,YIL022W,0,-5.491993,0.16167932748794556,0.4008859395980835,0.20786267518997192
YKR020W,YOR287C,0,-5.4920163,0.16160714626312256,0.4008859395980835,0.2079734206199646
YIL106W,YDR210C-C,0,-5.4920516,0.16153502464294434,0.4008859395980835,0.20808416604995728
YBL033C,YLR442C,0,-5.492175,0.16146297752857208,0.4008859395980835,0.20819491147994995
YCL035C,YML123C,0,-5.492176,0.1613909900188446,0.4008859395980835,0.20830564200878143
YNL213C,YPR158W-A,0,-5.4922132,0.1613190770149231,0.4008859395980835,0.2084163874387741
YBR036C,YPR124W,0,-5.492257,0.16124720871448517,0.4008859395980835,0.20852713286876678
YHL003C,YHR004C,0,-5.4922895,0.1611754298210144,0.4008859395980835,0.20863787829875946
YGL210W-A,YHR074W,0,-5.492361,0.16110369563102722,0.4008859395980835,0.20874860882759094
YLR216C,YDR135C,0,-5.49242,0.16103202104568481,0.4008859395980835,0.20885935425758362
YDL217C,YOR172W,0,-5.492482,0.16096042096614838,0.4008859395980835,0.2089700996875763
YML058W-A,YGL097W,0,-5.49249,0.1608888953924179,0.4008859395980835,0.20908084511756897
YMR065W,YCR080W,0,-5.492569,0.16081741452217102,0.4008859395980835,0.20919159054756165
YIL040W,YCL017C,0,-5.492654,0.1607460081577301,0.4008859395980835,0.20930232107639313
YBR010W,YOR321W,0,-5.492874,0.16067466139793396,0.4008859395980835,0.2094130665063858
YCR044C,YOR073W,0,-5.4931135,0.1606033742427826,0.4008859395980835,0.20952381193637848
YBR199W,YML025C,0,-5.4931498,0.160532146692276,0.4008859395980835,0.20963455736637115
YDR424C,YER072W,0,-5.493208,0.16046099364757538,0.4008859395980835,0.20974528789520264
YFR041C,YDR314C,0,-5.4933176,0.16038990020751953,0.4008859395980835,0.2098560333251953
YGL004C,YLR410W-B,0,-5.493389,0.16031886637210846,0.4008859395980835,0.209966778755188
YNL059C,YPL098C,0,-5.4934497,0.16024789214134216,0.4008859395980835,0.21007752418518066
YHR067W,YER138C,0,-5.4934497,0.16017699241638184,0.4008859395980835,0.21018825471401215
YPR105C,YDL036C,0,-5.49366,0.16010615229606628,0.4008859395980835,0.21029900014400482
YLR391W-A,YKL059C,0,-5.4937506,0.1600353717803955,0.4008859395980835,0.2104097455739975
YDL115C,YKR020W,0,-5.4938445,0.1599646508693695,0.4008859395980835,0.21052049100399017
YDR214W,YGR113W,0,-5.493922,0.15989398956298828,0.4008859395980835,0.21063123643398285
YPL149W,YDR227W,0,-5.4939494,0.15982340276241302,0.4008859395980835,0.21074196696281433
YGL019W,YPL132W,0,-5.494235,0.15975287556648254,0.4008859395980835,0.210852712392807
YCR037C,YOR148C,0,-5.494317,0.15968239307403564,0.4008859395980835,0.21096345782279968
YER177W,YDR279W,0,-5.494338,0.1596119999885559,0.4008859395980835,0.21107420325279236
YDR081C,YOL103W-A,0,-5.4943814,0.15954165160655975,0.4008859395980835,0.21118493378162384
YNL131W,YFL002W-A,0,-5.494491,0.15947136282920837,0.4008859395980835,0.21129567921161652
YNR056C,YKL032C,0,-5.4945965,0.15940114855766296,0.4008859395980835,0.2114064246416092
YMR072W,YHR060W,0,-5.4947004,0.15933097898960114,0.4008859395980835,0.21151717007160187
YGL045W,YOL005C,0,-5.4947214,0.15926088392734528,0.4008859395980835,0.21162790060043335
YIR022W,YDR146C,0,-5.4948144,0.1591908484697342,0.4008859395980835,0.21173864603042603
YDR386W,YCR080W,0,-5.4948845,0.15912087261676788,0.4008859395980835,0.2118493914604187
YGR212W,YDR210W-A,0,-5.494909,0.15905097126960754,0.4008859395980835,0.21196013689041138
YHL006C,YMR046C,0,-5.494997,0.1589811146259308,0.4008859395980835,0.21207086741924286
YLR216C,YDL033C,0,-5.495115,0.15891133248806,0.4008859395980835,0.21218161284923553
YMR041C,YJL093C,0,-5.4951453,0.1588415950536728,0.4008859395980835,0.2122923582792282
YOL008W,YBR123C,0,-5.495223,0.15877193212509155,0.4008859395980835,0.2124031037092209
YNL029C,YMR077C,0,-5.495386,0.1587023288011551,0.4008859395980835,0.21251384913921356
YER142C,YPR042C,0,-5.4954414,0.1586327850818634,0.4008859395980835,0.21262457966804504
YAL013W,YEL003W,0,-5.4957323,0.1585633009672165,0.4008859395980835,0.21273532509803772
YBR234C,YER159C-A,0,-5.495821,0.15849387645721436,0.4008859395980835,0.2128460705280304
YHR142W,YOR142W-A,0,-5.495861,0.158424511551857,0.4008859395980835,0.21295681595802307
YDL220C,YIR021W,0,-5.495905,0.1583552062511444,0.4008859395980835,0.21306754648685455
YDR377W,YLR223C,0,-5.4959984,0.1582859605550766,0.4008859395980835,0.21317829191684723
YKR007W,YGR085C,0,-5.4960957,0.15821678936481476,0.4008859395980835,0.2132890373468399
YDR359C,YHR012W,0,-5.4961414,0.1581476628780365,0.4008859395980835,0.21339978277683258
YOR004W,YDR210W-A,0,-5.496145,0.15807859599590302,0.4008859395980835,0.21351051330566406
YPL218W,YGR111W,0,-5.496235,0.1580096036195755,0.4008859395980835,0.21362125873565674
YKL208W,YHR073W,0,-5.496375,0.15794065594673157,0.4008859395980835,0.21373200416564941
YJL115W,YGL066W,1,-5.4963923,0.15830789506435394,0.40199336409568787,0.21373200416564941
YDL220C,YKL001C,0,-5.496522,0.15823888778686523,0.40199336409568787,0.2138427495956421
YLR078C,YDR210W-A,0,-5.4967327,0.1581699401140213,0.40199336409568787,0.21395349502563477
YDR151C,YOR191W,0,-5.4968476,0.15810105204582214,0.40199336409568787,0.21406422555446625
YJR089W,YIL160C,0,-5.496853,0.15803220868110657,0.40199336409568787,0.21417497098445892
YCR040W,YPR078C,0,-5.4969745,0.15796343982219696,0.40199336409568787,0.2142857164144516
YGL021W,YJL111W,0,-5.4971666,0.15789473056793213,0.40199336409568787,0.21439646184444427
YNL323W,YDR362C,0,-5.4972687,0.15782608091831207,0.40199336409568787,0.21450719237327576
YAL054C,YOR023C,1,-5.497364,0.15819208323955536,0.40310078859329224,0.21450719237327576
YHR157W,YLR256W-A,0,-5.4974213,0.15812337398529053,0.40310078859329224,0.21461793780326843
YOR332W,YDR210C-C,0,-5.4975433,0.15805470943450928,0.40310078859329224,0.2147286832332611
YBR279W,YNL054W-A,0,-5.4975834,0.1579861044883728,0.40310078859329224,0.21483942866325378
YOR074C,YKL214C,0,-5.497714,0.1579175740480423,0.40310078859329224,0.21495015919208527
YIL051C,YBR168W,0,-5.4979296,0.15784908831119537,0.40310078859329224,0.21506090462207794
YPL195W,YJR160C,0,-5.4979353,0.15778066217899323,0.40310078859329224,0.21517165005207062
YDR158W,YHR001W,0,-5.4979463,0.15771231055259705,0.40310078859329224,0.2152823954820633
YEL016C,YJR102C,0,-5.497966,0.15764400362968445,0.40310078859329224,0.21539314091205597
YFL033C,YLL017W,0,-5.498066,0.15757575631141663,0.40310078859329224,0.21550387144088745
YKL194C,YDR135C,0,-5.4980993,0.15750756859779358,0.40310078859329224,0.21561461687088013
YJR064W,YGR111W,0,-5.498145,0.1574394404888153,0.40310078859329224,0.2157253623008728
YHL047C,YLL024C,0,-5.4982114,0.1573713719844818,0.40310078859329224,0.21583610773086548
YGL163C,YDR210C-C,0,-5.498414,0.15730337798595428,0.40310078859329224,0.21594683825969696
YBL008W,YOL122C,0,-5.49851,0.15723541378974915,0.40310078859329224,0.21605758368968964
YLR272C,YCL074W,0,-5.4985766,0.15716752409934998,0.40310078859329224,0.2161683291196823
YOR034C,YEL066W,1,-5.4985967,0.15753129124641418,0.4042081832885742,0.2161683291196823
YDL079C,YKL055C,0,-5.4986253,0.15746332705020905,0.4042081832885742,0.216279074549675
YGR217W,YJL165C,0,-5.498703,0.15739542245864868,0.4042081832885742,0.21638980507850647
YER072W,YPR158W-A,0,-5.498779,0.1573275923728943,0.4042081832885742,0.21650055050849915
YBR211C,YKL056C,0,-5.4989147,0.15725980699062347,0.4042081832885742,0.21661129593849182
YGL021W,YNL103W,0,-5.498962,0.15719208121299744,0.4042081832885742,0.2167220413684845
YDR448W,YNL326C,1,-5.499003,0.15755487978458405,0.4053156077861786,0.2167220413684845
YJR009C,YOR142W-B,0,-5.499164,0.15748709440231323,0.4053156077861786,0.21683278679847717
YGL163C,YHR070W,0,-5.499252,0.157419353723526,0.4053156077861786,0.21694351732730865
YER001W,YOR157C,0,-5.499258,0.15735167264938354,0.4053156077861786,0.21705426275730133
YDR486C,YGR161C-D,0,-5.4994073,0.15728405117988586,0.4053156077861786,0.217165008187294
YHR107C,YGR161W-B,0,-5.4994073,0.15721648931503296,0.4053156077861786,0.21727575361728668
YER007W,YIL167W,0,-5.4996786,0.15714898705482483,0.4053156077861786,0.21738648414611816
YGR229C,YFL002W-A,0,-5.4998155,0.15708154439926147,0.4053156077861786,0.21749722957611084
YHR082C,YOR160W,0,-5.499923,0.1570141613483429,0.4053156077861786,0.21760797500610352
YNL075W,YHR039C,0,-5.4999475,0.1569468230009079,0.4053156077861786,0.2177187204360962
YDL017W,YDR316W-A,0,-5.4999747,0.15687955915927887,0.4053156077861786,0.21782945096492767
YHR013C,YDR126W,1,-5.500144,0.15724079310894012,0.40642303228378296,0.21782945096492767
YAL054C,YFL024C,1,-5.5003157,0.1576017141342163,0.40753045678138733,0.21782945096492767
YDR027C,YLR035C-A,0,-5.5004854,0.15753424167633057,0.40753045678138733,0.21794019639492035
YAL012W,YNL329C,0,-5.5005865,0.1574668437242508,0.40753045678138733,0.21805094182491302
YER112W,YGL127C,0,-5.500596,0.1573994904756546,0.40753045678138733,0.2181616872549057
YDR448W,YJR082C,1,-5.500611,0.15775972604751587,0.4086378812789917,0.2181616872549057
YAL034W-A,YGL210W-A,0,-5.500655,0.1576923131942749,0.4086378812789917,0.21827243268489838
YJL167W,YOL103W-A,0,-5.500765,0.15762494504451752,0.4086378812789917,0.21838316321372986
YAL054C,YBR081C,1,-5.5008554,0.1579846292734146,0.40974530577659607,0.21838316321372986
YBR217W,YDR052C,0,-5.50086,0.15791720151901245,0.40974530577659607,0.21849390864372253
YPL119C,YLR157C-B,0,-5.500887,0.15784983336925507,0.40974530577659607,0.2186046540737152
YJL178C,YML021C,0,-5.5010533,0.15778250992298126,0.40974530577659607,0.21871539950370789
YGL226C-A,YGL062W,0,-5.5011272,0.15771526098251343,0.40974530577659607,0.21882613003253937
YKR048C,YDR259C,0,-5.5011673,0.15764805674552917,0.40974530577659607,0.21893687546253204
YOR034C,YBR081C,1,-5.5011826,0.15800681710243225,0.41085270047187805,0.21893687546253204
YEL018W,YDR210W-B,0,-5.501251,0.15793955326080322,0.41085270047187805,0.21904762089252472
YOR188W,YLR181C,0,-5.501329,0.15787233412265778,0.41085270047187805,0.2191583663225174
YBR110W,YPL242C,0,-5.5013485,0.1578051894903183,0.41085270047187805,0.21926909685134888
YPL001W,YCL010C,1,-5.5013647,0.15816326439380646,0.4119601249694824,0.21926909685134888
YPL078C,YPR162C,0,-5.501482,0.158096045255661,0.4119601249694824,0.21937984228134155
YOR257W,YFL002W-A,0,-5.501615,0.15802888572216034,0.4119601249694824,0.21949058771133423
YDL245C,YJL018W,0,-5.5016475,0.15796178579330444,0.4119601249694824,0.2196013331413269
YDR093W,YGR006W,0,-5.5016794,0.15789473056793213,0.4119601249694824,0.2197120636701584
YLR020C,YIL077C,0,-5.501832,0.15782774984836578,0.4119601249694824,0.21982280910015106
YLR081W,YKL173W,0,-5.5018463,0.15776081383228302,0.4119601249694824,0.21993355453014374
YCL014W,YDR131C,0,-5.501896,0.15769393742084503,0.4119601249694824,0.2200442999601364
YPL048W,YKL138C-A,0,-5.5020084,0.15762712061405182,0.4119601249694824,0.2201550453901291
YLR238W,YMR268C,0,-5.5020676,0.1575603485107422,0.4119601249694824,0.22026577591896057
YNL023C,YOL005C,0,-5.5022717,0.15749365091323853,0.4119601249694824,0.22037652134895325
YNR072W,YGL106W,0,-5.502375,0.15742699801921844,0.4119601249694824,0.22048726677894592
YGL119W,YMR298W,0,-5.502405,0.15736040472984314,0.4119601249694824,0.2205980122089386
YGR010W,YMR201C,0,-5.5024614,0.1572938710451126,0.4119601249694824,0.22070874273777008
YKL110C,YIL077C,0,-5.5025334,0.15722738206386566,0.4119601249694824,0.22081948816776276
YMR164C,YPR137C-A,0,-5.5025687,0.15716096758842468,0.4119601249694824,0.22093023359775543
YJL133W,YDR261W-A,0,-5.5025787,0.15709459781646729,0.4119601249694824,0.2210409790277481
YPL275W,YLR410W-B,0,-5.502599,0.15702828764915466,0.4119601249694824,0.2211517095565796
YJL115W,YDR167W,1,-5.5028343,0.1573839634656906,0.4130675494670868,0.2211517095565796
YPL202C,YPR158C-C,0,-5.5032473,0.15731759369373322,0.4130675494670868,0.22126245498657227
YJL072C,YDR098C-B,0,-5.503318,0.1572512686252594,0.4130675494670868,0.22137320041656494
YMR113W,YPR054W,0,-5.5033517,0.15718500316143036,0.4130675494670868,0.22148394584655762
YLR223C,YCR102C,0,-5.5033846,0.1571187824010849,0.4130675494670868,0.2215946912765503
YBR022W,YNR023W,0,-5.5034657,0.1570526361465454,0.4130675494670868,0.22170542180538177
YPR185W,YPL177C,0,-5.503481,0.1569865345954895,0.4130675494670868,0.22181616723537445
YJL194W,YOR162C,0,-5.5036077,0.15692049264907837,0.4130675494670868,0.22192691266536713
YMR199W,YDR532C,0,-5.5036573,0.15685449540615082,0.4130675494670868,0.2220376580953598
YKL112W,YDR178W,0,-5.503665,0.15678857266902924,0.4130675494670868,0.22214838862419128
YGR267C,YCR028C-A,0,-5.503695,0.15672269463539124,0.4130675494670868,0.22225913405418396
YBR164C,YGR161W-B,0,-5.503723,0.15665686130523682,0.4130675494670868,0.22236987948417664
YDR210W-B,YOR287C,0,-5.5037336,0.15659110248088837,0.4130675494670868,0.2224806249141693
YAL056W,YDR158W,0,-5.5037537,0.1565253883600235,0.4130675494670868,0.2225913554430008
YAL032C,YHR030C,0,-5.5038743,0.1564597338438034,0.4130675494670868,0.22270210087299347
YDR174W,YCR060W,0,-5.5040035,0.1563941240310669,0.4130675494670868,0.22281284630298615
YCL031C,YLR035C-A,0,-5.5040617,0.15632858872413635,0.4130675494670868,0.22292359173297882
YPL021W,YCL062W,0,-5.5041246,0.1562630981206894,0.4130675494670868,0.2230343371629715
YGR200C,YPL257W-B,0,-5.5041895,0.156197652220726,0.4130675494670868,0.22314506769180298
YOL054W,YHR172W,0,-5.504215,0.1561322659254074,0.4130675494670868,0.22325581312179565
YER068W,YLR034C,0,-5.5042295,0.15606693923473358,0.4130675494670868,0.22336655855178833
YOR080W,YGR122W,0,-5.5044527,0.15600167214870453,0.4130675494670868,0.223477303981781
YBR020W,YAL033W,0,-5.50458,0.15593644976615906,0.4130675494670868,0.2235880345106125
YAL024C,YCR057C,0,-5.5046616,0.15587128698825836,0.4130675494670868,0.22369877994060516
YOR191W,YML093W,0,-5.5047035,0.15580618381500244,0.4130675494670868,0.22380952537059784
YFR046C,YMR021C,0,-5.5048513,0.1557411253452301,0.4130675494670868,0.22392027080059052
YPL132W,YLR256W-A,0,-5.5048785,0.15567612648010254,0.4130675494670868,0.224031001329422
YMR065W,YDL028C,0,-5.5048895,0.15561118721961975,0.4130675494670868,0.22414174675941467
YML064C,YML005W,0,-5.5049553,0.15554629266262054,0.4130675494670868,0.22425249218940735
YDR106W,YDR098C-A,0,-5.5051317,0.1554814577102661,0.4130675494670868,0.22436323761940002
YOR049C,YLR442C,0,-5.505138,0.15541666746139526,0.4130675494670868,0.2244739830493927
YDR478W,YIL029C,0,-5.505143,0.1553519368171692,0.4130675494670868,0.22458471357822418
YDR448W,YER015W,1,-5.5051947,0.1557035744190216,0.41417497396469116,0.22458471357822418
YBL069W,YFR024C,0,-5.5052805,0.15563878417015076,0.41417497396469116,0.22469545900821686
YDR214W,YMR153W,0,-5.5053415,0.1555740386247635,0.41417497396469116,0.22480620443820953
YER035W,YCL031C,0,-5.5054207,0.155509352684021,0.41417497396469116,0.2249169498682022
YDL134C,YOL031C,0,-5.5055385,0.15544472634792328,0.41417497396469116,0.2250276803970337
YMR047C,YMR146C,0,-5.5057507,0.15538014471530914,0.41417497396469116,0.22513842582702637
YMR276W,YDR308C,0,-5.5058203,0.1553156077861786,0.41417497396469116,0.22524917125701904
YKL058W,YLR256W-A,0,-5.505882,0.155251145362854,0.41417497396469116,0.22535991668701172
YGL065C,YFL011W-A,0,-5.5062475,0.155186727643013,0.41417497396469116,0.2254706472158432
YJR050W,YLR268W,0,-5.5062633,0.15512235462665558,0.41417497396469116,0.22558139264583588
YDL036C,YJR135W-A,0,-5.506288,0.15505804121494293,0.41417497396469116,0.22569213807582855
YGR246C,YAR002C-A,0,-5.5063987,0.15499378740787506,0.41417497396469116,0.22580288350582123
YHR193C,YMR234W,0,-5.506427,0.15492957830429077,0.41417497396469116,0.2259136140346527
YNL220W,YGL142C,0,-5.5066347,0.15486542880535126,0.41417497396469116,0.22602435946464539
YPL233W,YDR477W,0,-5.5066433,0.15480132400989532,0.41417497396469116,0.22613510489463806
YNL084C,YBR258C,0,-5.5066795,0.15473727881908417,0.41417497396469116,0.22624585032463074
YDR459C,YCL010C,1,-5.506736,0.15508684515953064,0.41528239846229553,0.22624585032463074
YML008C,YOL069W,0,-5.5068197,0.1550227403640747,0.41528239846229553,0.2263565957546234
YCR028C,YMR214W,0,-5.5070724,0.15495868027210236,0.41528239846229553,0.2264673262834549
YPL046C,YGR010W,0,-5.507184,0.1548946648836136,0.41528239846229553,0.22657807171344757
YKL054C,YPR158W-A,0,-5.507229,0.1548307240009308,0.41528239846229553,0.22668881714344025
YCL003W,YLR022C,0,-5.5076528,0.15476681292057037,0.41528239846229553,0.22679956257343292
YEL030W,YGR161W-B,0,-5.507715,0.15470297634601593,0.41528239846229553,0.2269102931022644
YDR126W,YDR167W,1,-5.5078115,0.15505154430866241,0.4163898229598999,0.2269102931022644
YNL136W,YHR090C,1,-5.5079756,0.15539982914924622,0.4174972176551819,0.2269102931022644
YGR028W,YKR048C,0,-5.507983,0.15533579885959625,0.4174972176551819,0.22702103853225708
YJR004C,YOR356W,0,-5.508008,0.15527182817459106,0.4174972176551819,0.22713178396224976
YHR142W,YBR100W,0,-5.508196,0.15520790219306946,0.4174972176551819,0.22724252939224243
YGL247W,YER160C,0,-5.5082235,0.15514403581619263,0.4174972176551819,0.2273532599210739
YBL063W,YGL122C,0,-5.5082874,0.15508021414279938,0.4174972176551819,0.2274640053510666
YAR031W,YMR095C,0,-5.508542,0.1550164520740509,0.4174972176551819,0.22757475078105927
YML102W,YPR158C-D,0,-5.5085564,0.154952734708786,0.4174972176551819,0.22768549621105194
YOL004W,YHR020W,0,-5.5085645,0.1548890769481659,0.4174972176551819,0.22779624164104462
YGL200C,YKL042W,0,-5.508642,0.15482546389102936,0.4174972176551819,0.2279069721698761
YBR036C,YFR052W,0,-5.5087514,0.1547619104385376,0.4174972176551819,0.22801771759986877
YNL154C,YOR088W,0,-5.508765,0.15469840168952942,0.4174972176551819,0.22812846302986145
YOR204W,YCR062W,0,-5.5087733,0.15463495254516602,0.4174972176551819,0.22823920845985413
YKR068C,YDR314C,0,-5.508804,0.1545715481042862,0.4174972176551819,0.2283499389886856
YPL129W,YHR090C,1,-5.5088177,0.15491802990436554,0.41860464215278625,0.2283499389886856
YER088C,YCL004W,0,-5.5088186,0.15485456585884094,0.41860464215278625,0.22846068441867828
YOL021C,YER042W,0,-5.5090275,0.15479116141796112,0.41860464215278625,0.22857142984867096
YPL018W,YLR105C,0,-5.5090322,0.1547277867794037,0.41860464215278625,0.22868217527866364
YBL080C,YBL022C,0,-5.509089,0.15466448664665222,0.41860464215278625,0.22879290580749512
YBR192W,YGR056W,0,-5.5091558,0.15460123121738434,0.41860464215278625,0.2289036512374878
YDR385W,YER038C,0,-5.5091567,0.15453802049160004,0.41860464215278625,0.22901439666748047
YHR013C,YHR099W,1,-5.509204,0.15488353371620178,0.4197120666503906,0.22901439666748047
YLL002W,YOL110W,1,-5.509263,0.15522876381874084,0.420819491147995,0.22901439666748047
YNL097C,YLR403W,0,-5.5094357,0.15516537427902222,0.420819491147995,0.22912514209747314
YDR108W,YNL231C,0,-5.509487,0.15510204434394836,0.420819491147995,0.22923588752746582
YLR386W,YPR158C-C,0,-5.5096197,0.1550387591123581,0.420819491147995,0.2293466180562973
YLR220W,YHR059W,0,-5.509859,0.1549755334854126,0.420819491147995,0.22945736348628998
YOR100C,YOR343W-A,0,-5.510147,0.15491235256195068,0.420819491147995,0.22956810891628265
YIL123W,YLR066W,0,-5.5102735,0.15484923124313354,0.420819491147995,0.22967885434627533
YHR055C,YKL176C,0,-5.510349,0.1547861546278,0.420819491147995,0.2297895848751068
YJR108W,YLR219W,0,-5.510411,0.15472312271595,0.420819491147995,0.2299003303050995
YKL054C,YPL010W,0,-5.5107718,0.1546601504087448,0.420819491147995,0.23001107573509216
YJL033W,YGR038C-B,0,-5.510846,0.1545972377061844,0.420819491147995,0.23012182116508484
YLR293C,YLR410W-B,0,-5.510927,0.15453436970710754,0.420819491147995,0.23023255169391632
YGR047C,YHR039C-B,0,-5.511091,0.15447154641151428,0.420819491147995,0.230343297123909
YBR169C,YGR027W-B,0,-5.5111,0.1544087827205658,0.420819491147995,0.23045404255390167
YKL192C,YGL005C,0,-5.5111513,0.1543460637331009,0.420819491147995,0.23056478798389435
YLR391W,YEL060C,0,-5.511351,0.15428338944911957,0.420819491147995,0.23067553341388702
YER032W,YEL019C,0,-5.511508,0.15422077476978302,0.420819491147995,0.2307862639427185
YDL227C,YCR080W,0,-5.5115175,0.15415821969509125,0.420819491147995,0.23089700937271118
YKL093W,YHR005C-A,0,-5.511611,0.15409569442272186,0.420819491147995,0.23100775480270386
YDR083W,YGR161W-B,0,-5.5119505,0.15403324365615845,0.420819491147995,0.23111850023269653
YJL139C,YDR365W-B,0,-5.512042,0.15397082269191742,0.420819491147995,0.23122923076152802
YJR076C,YKR014C,0,-5.5120916,0.15390846133232117,0.420819491147995,0.2313399761915207
YDR379W,YGL255W,0,-5.5121317,0.1538461595773697,0.420819491147995,0.23145072162151337
YGR147C,YDR145W,1,-5.5121613,0.1541885882616043,0.42192691564559937,0.23145072162151337
YMR237W,YCR020W-B,0,-5.5123844,0.15412621200084686,0.42192691564559937,0.23156146705150604
YGL163C,YGR027W-B,0,-5.5123863,0.1540638953447342,0.42192691564559937,0.23167219758033752
YGR246C,YCL062W,0,-5.5124326,0.1540016233921051,0.42192691564559937,0.2317829430103302
YMR011W,YGR161C-D,0,-5.512478,0.1539393961429596,0.42192691564559937,0.23189368844032288
YOL117W,YGR161W-B,0,-5.512478,0.15387722849845886,0.42192691564559937,0.23200443387031555
YNL161W,YDR178W,0,-5.512493,0.1538151055574417,0.42192691564559937,0.23211516439914703
YNR010W,YML029W,0,-5.5125155,0.15375302731990814,0.42192691564559937,0.2322259098291397
YMR069W,YGR002C,1,-5.5125885,0.154094398021698,0.42303434014320374,0.2322259098291397
YLR328W,YPR103W,0,-5.5126605,0.15403226017951965,0.42303434014320374,0.23233665525913239
YOL095C,YBR082C,0,-5.51289,0.1539701670408249,0.42303434014320374,0.23244740068912506
YDR388W,YIR018W,0,-5.513038,0.1539081335067749,0.42303434014320374,0.23255814611911774
YEL027W,YDR365W-B,0,-5.513141,0.1538461595773697,0.42303434014320374,0.23266887664794922
YLR085C,YAL016W,0,-5.5131645,0.15378421545028687,0.42303434014320374,0.2327796220779419
YGR002C,YPL129W,1,-5.5131865,0.15412475168704987,0.4241417348384857,0.2327796220779419
YLR195C,YOR064C,1,-5.51334,0.15446500480175018,0.4252491593360901,0.2327796220779419
YPR141C,YDR259C,0,-5.513361,0.15440289676189423,0.4252491593360901,0.23289036750793457
YDR093W,YLR067C,0,-5.5133905,0.15434083342552185,0.4252491593360901,0.23300111293792725
YDR130C,YDL038C,0,-5.5134044,0.15427882969379425,0.4252491593360901,0.23311184346675873
YIL120W,YGR038C-B,0,-5.5134907,0.15421687066555023,0.4252491593360901,0.2332225888967514
YIL009W,YBR081C,1,-5.513584,0.15455640852451324,0.42635658383369446,0.2332225888967514
YOR270C,YKL095W,0,-5.5136137,0.15449437499046326,0.42635658383369446,0.23333333432674408
YNL245C,YOR035C,0,-5.513678,0.15443241596221924,0.42635658383369446,0.23344407975673676
YKL197C,YER159C-A,0,-5.5137997,0.1543704867362976,0.42635658383369446,0.23355481028556824
YMR033W,YGR212W,0,-5.513833,0.15430861711502075,0.42635658383369446,0.2336655557155609
YPL069C,YDL058W,0,-5.513915,0.15424679219722748,0.42635658383369446,0.2337763011455536
YCL060C,YJL036W,0,-5.514067,0.15418502688407898,0.42635658383369446,0.23388704657554626
YJL099W,YBR258C,0,-5.514121,0.15412329137325287,0.42635658383369446,0.23399779200553894
YGL067W,YCR062W,0,-5.514147,0.15406163036823273,0.42635658383369446,0.23410852253437042
YOR349W,YDL083C,0,-5.514227,0.15399999916553497,0.42635658383369446,0.2342192679643631
YLR403W,YDR210W-A,0,-5.5143924,0.153938427567482,0.42635658383369446,0.23433001339435577
YJR068W,YDR210C-D,0,-5.5144424,0.1538769006729126,0.42635658383369446,0.23444075882434845
YGR007W,YOR159C,0,-5.514542,0.15381541848182678,0.42635658383369446,0.23455148935317993
YLR015W,YIL076W,0,-5.5147653,0.15375399589538574,0.42635658383369446,0.2346622347831726
YMR319C,YOR343W-B,0,-5.5148125,0.15369261801242828,0.42635658383369446,0.23477298021316528
YJL092W,YIL173W,0,-5.514882,0.1536312848329544,0.42635658383369446,0.23488372564315796
YFL011W-A,YMR047C,0,-5.5149317,0.1535700112581253,0.42635658383369446,0.23499445617198944
YPR119W,YCR062W,0,-5.5149927,0.1535087674856186,0.42635658383369446,0.23510520160198212
YNL270C,YGR161W-A,0,-5.515076,0.15344758331775665,0.42635658383369446,0.2352159470319748
YEL061C,YNL310C,0,-5.515099,0.1533864587545395,0.42635658383369446,0.23532669246196747
YDR214W,YDR259C,0,-5.5151296,0.15332536399364471,0.42635658383369446,0.23543743789196014
YNL059C,YER159C-A,0,-5.515188,0.15326432883739471,0.42635658383369446,0.23554816842079163
YKR054C,YDL140C,0,-5.515217,0.1532033383846283,0.42635658383369446,0.2356589138507843
YGL155W,YNL054W-A,0,-5.5152335,0.15314240753650665,0.42635658383369446,0.23576965928077698
YAR018C,YPL139C,0,-5.515235,0.1530815064907074,0.42635658383369446,0.23588040471076965
YLR114C,YLR145W,0,-5.5153494,0.15302066504955292,0.42635658383369446,0.23599113523960114
YDR052C,YGR161W-A,0,-5.515502,0.15295986831188202,0.42635658383369446,0.2361018806695938
YOR034C,YLR195C,1,-5.515535,0.15329626202583313,0.42746400833129883,0.2361018806695938
YMR014W,YLR035C-A,0,-5.515563,0.15323540568351746,0.42746400833129883,0.2362126260995865
YKL051W,YDR027C,0,-5.515584,0.15317460894584656,0.42746400833129883,0.23632337152957916
YER042W,YPR158W-B,0,-5.515603,0.15311384201049805,0.42746400833129883,0.23643410205841064
YPL128C,YDR098C-A,0,-5.5156183,0.1530531346797943,0.42746400833129883,0.23654484748840332
YLR381W,YHR039C-B,0,-5.51569,0.15299247205257416,0.42746400833129883,0.236655592918396
YLR431C,YNL078W,0,-5.515749,0.15293185412883759,0.42746400833129883,0.23676633834838867
YJL025W,YGR038C-B,0,-5.515755,0.1528712809085846,0.42746400833129883,0.23687708377838135
YKL085W,YOL069W,0,-5.516018,0.15281076729297638,0.42746400833129883,0.23698781430721283
YFR041C,YLR005W,0,-5.5160694,0.15275029838085175,0.42746400833129883,0.2370985597372055
YMR033W,YDL090C,0,-5.5167418,0.1526898741722107,0.42746400833129883,0.23720930516719818
YDR147W,YOL135C,0,-5.5167546,0.15262949466705322,0.42746400833129883,0.23732005059719086
YOR245C,YLR256W-A,0,-5.5168037,0.15256917476654053,0.42746400833129883,0.23743078112602234
YDR268W,YER180C-A,0,-5.516836,0.15250888466835022,0.42746400833129883,0.23754152655601501
YGL105W,YOR109W,0,-5.5168657,0.1524486541748047,0.42746400833129883,0.2376522719860077
YJR084W,YPR158C-D,0,-5.5169683,0.15238846838474274,0.42746400833129883,0.23776301741600037
YGL257C,YML064C,0,-5.516981,0.15232832729816437,0.42746400833129883,0.23787374794483185
YBR198C,YHR099W,1,-5.517012,0.1526627242565155,0.4285714328289032,0.23787374794483185
YDR153C,YPL059W,0,-5.5171065,0.15260252356529236,0.4285714328289032,0.23798449337482452
YEL019C,YMR142C,0,-5.517125,0.1525423675775528,0.4285714328289032,0.2380952388048172
YNL029C,YLR086W,0,-5.5172086,0.152482271194458,0.4285714328289032,0.23820598423480988
YFL035C,YKR022C,0,-5.5172143,0.1524222195148468,0.4285714328289032,0.23831671476364136
YKL135C,YBR061C,0,-5.517266,0.15236219763755798,0.4285714328289032,0.23842746019363403
YDL134C,YBR049C,0,-5.517283,0.15230225026607513,0.4285714328289032,0.2385382056236267
YIR005W,YDL059C,0,-5.5172834,0.15224233269691467,0.4285714328289032,0.23864895105361938
YFL011W-A,YOL016C,0,-5.5172863,0.1521824598312378,0.4285714328289032,0.23875969648361206
YLR384C,YBR098W,0,-5.517446,0.1521226465702057,0.4285714328289032,0.23887042701244354
YDL088C,YBR289W,0,-5.517575,0.15206286311149597,0.4285714328289032,0.23898117244243622
YBR039W,YNL284C-B,0,-5.517576,0.15200313925743103,0.4285714328289032,0.2390919178724289
YJL198W,YOL054W,0,-5.5176506,0.15194346010684967,0.4285714328289032,0.23920266330242157
YPR020W,YML010W,0,-5.5177045,0.1518838256597519,0.4285714328289032,0.23931339383125305
YLR085C,YDR098C-A,0,-5.5178194,0.1518242508172989,0.4285714328289032,0.23942413926124573
YER015W,YGR002C,1,-5.5178866,0.15215685963630676,0.42967885732650757,0.23942413926124573
YLR011W,YDR034C-C,0,-5.5179787,0.1520972102880478,0.42967885732650757,0.2395348846912384
YNL230C,YPL239W,0,-5.518012,0.1520376205444336,0.42967885732650757,0.23964563012123108
YDR337W,YGL244W,0,-5.51803,0.15197806060314178,0.42967885732650757,0.23975636065006256
YGR119C,YOL034W,0,-5.518103,0.15191856026649475,0.42967885732650757,0.23986710608005524
YEL056W,YDR167W,1,-5.5181417,0.1522504836320877,0.43078628182411194,0.23986710608005524
YBR081C,YMR236W,1,-5.518526,0.15258215367794037,0.4318936765193939,0.23986710608005524
YER087C-B,YML039W,0,-5.518549,0.1525224894285202,0.4318936765193939,0.2399778515100479
YMR069W,YOL110W,1,-5.51857,0.15285378694534302,0.4330011010169983,0.2399778515100479
YLR005W,YDR034C-C,0,-5.5185843,0.15279406309127808,0.4330011010169983,0.2400885969400406
YNR056C,YDR213W,0,-5.5186,0.15273436903953552,0.4330011010169983,0.24019934237003326
YHR013C,YJL115W,1,-5.5186176,0.15306520462036133,0.43410852551460266,0.24019934237003326
YGR113W,YLR069C,0,-5.518835,0.1530054658651352,0.43410852551460266,0.24031007289886475
YOL051W,YNR031C,0,-5.5189457,0.15294577181339264,0.43410852551460266,0.24042081832885742
YLR214W,YFL013C,0,-5.5191793,0.15288612246513367,0.43410852551460266,0.2405315637588501
YDL145C,YDR263C,0,-5.5192056,0.15282651782035828,0.43410852551460266,0.24064230918884277
YLR220W,YBR169C,0,-5.5193896,0.15276695787906647,0.43410852551460266,0.24075303971767426
YMR061W,YKL034W,0,-5.5195208,0.15270744264125824,0.43410852551460266,0.24086378514766693
YCR033W,YPR121W,0,-5.519599,0.1526479721069336,0.43410852551460266,0.2409745305776596
YDL040C,YDR459C,1,-5.519625,0.1529778093099594,0.43521595001220703,0.2409745305776596
YDL040C,YMR069W,1,-5.5197506,0.15330739319324493,0.4363233745098114,0.2409745305776596
YIR033W,YHR050W,0,-5.5198536,0.15324775874614716,0.4363233745098114,0.24108527600765228
YDL200C,YNL054W-A,0,-5.5198836,0.15318818390369415,0.4363233745098114,0.24119600653648376
YMR238W,YKL165C,0,-5.5200405,0.15312863886356354,0.4363233745098114,0.24130675196647644
YGR169C,YDR098C-A,0,-5.5200863,0.1530691534280777,0.4363233745098114,0.24141749739646912
YGR111W,YJR028W,0,-5.520102,0.15300971269607544,0.4363233745098114,0.2415282428264618
YMR188C,YJL141C,0,-5.520117,0.15295031666755676,0.4363233745098114,0.24163898825645447
YMR033W,YNL006W,0,-5.5201397,0.15289096534252167,0.4363233745098114,0.24174971878528595
YER007W,YPR113W,0,-5.520323,0.15283165872097015,0.4363233745098114,0.24186046421527863
YAL012W,YJL018W,0,-5.5203705,0.15277239680290222,0.4363233745098114,0.2419712096452713
YNL311C,YMR156C,0,-5.5207257,0.15271317958831787,0.4363233745098114,0.24208195507526398
YMR232W,YCL062W,0,-5.520887,0.1526540070772171,0.4363233745098114,0.24219268560409546
YDL197C,YPR103W,0,-5.520897,0.1525948941707611,0.4363233745098114,0.24230343103408813
YNL159C,YJL102W,0,-5.520975,0.1525358110666275,0.4363233745098114,0.2424141764640808
YGR230W,YCR080W,0,-5.521094,0.15247678756713867,0.4363233745098114,0.2425249218940735
YKL045W,YDR235W,0,-5.5212464,0.15241779386997223,0.4363233745098114,0.24263565242290497
YLR391W,YHR005C-A,0,-5.521317,0.15235885977745056,0.4363233745098114,0.24274639785289764
YJL170C,YDR261W-A,0,-5.521366,0.15229995548725128,0.4363233745098114,0.24285714328289032
YGL180W,YFL035C,0,-5.5213823,0.15224111080169678,0.4363233745098114,0.242967888712883
YFL035C,YMR005W,0,-5.521608,0.15218231081962585,0.4363233745098114,0.24307863414287567
YIL103W,YMR134W,0,-5.5217304,0.1521235555410385,0.4363233745098114,0.24318936467170715
YOL016C,YGR104C,0,-5.521737,0.15206484496593475,0.4363233745098114,0.24330011010169983
YAL054C,YMR236W,1,-5.521829,0.1523919701576233,0.43743079900741577,0.24330011010169983
YGL256W,YKL160W,0,-5.52184,0.15233319997787476,0.43743079900741577,0.2434108555316925
YPL221W,YDL084W,0,-5.5218525,0.1522744745016098,0.43743079900741577,0.24352160096168518
YGR254W,YCR062W,0,-5.5219307,0.15221579372882843,0.43743079900741577,0.24363233149051666
YJR135C,YOR069W,0,-5.5219316,0.15215715765953064,0.43743079900741577,0.24374307692050934
YPR135W,YLL034C,0,-5.521951,0.15209858119487762,0.43743079900741577,0.24385382235050201
YOR267C,YPR036W-A,0,-5.5220213,0.152040034532547,0.43743079900741577,0.2439645677804947
YDL078C,YOR343C-B,0,-5.5220213,0.15198153257369995,0.43743079900741577,0.24407529830932617
YGR225W,YBL101W-A,0,-5.5220213,0.1519230753183365,0.43743079900741577,0.24418604373931885
YCR093W,YDR034C-C,0,-5.5220213,0.1518646627664566,0.43743079900741577,0.24429678916931152
YAL017W,YOR343C-A,0,-5.5220213,0.1518063098192215,0.43743079900741577,0.2444075345993042
YPL169C,YPR036W-A,0,-5.5220213,0.15174798667430878,0.43743079900741577,0.24451826512813568
YDR400W,YBL101W-B,0,-5.5220213,0.15168970823287964,0.43743079900741577,0.24462901055812836
YML073C,YPR036W-A,0,-5.5220213,0.15163147449493408,0.43743079900741577,0.24473975598812103
YPL006W,YBL101W-A,0,-5.5220213,0.1515732854604721,0.43743079900741577,0.2448505014181137
YGR279C,YDR210W-C,0,-5.5220213,0.1515151560306549,0.43743079900741577,0.24496124684810638
YCR062W,YPR158C-C,0,-5.5220213,0.1514570564031601,0.43743079900741577,0.24507197737693787
YOR088W,YDR316W-B,0,-5.5220213,0.15139900147914886,0.43743079900741577,0.24518272280693054
YCL060C,YOR142W-B,0,-5.5220213,0.15134099125862122,0.43743079900741577,0.24529346823692322
YNR001C,YBL101W-B,0,-5.5220213,0.15128304064273834,0.43743079900741577,0.2454042136669159
YAL042W,YBL101W-B,0,-5.5220213,0.15122511982917786,0.43743079900741577,0.24551494419574738
YLR293C,YBL101W-A,0,-5.5220213,0.15116724371910095,0.43743079900741577,0.24562568962574005
YNR010W,YOR343C-B,0,-5.5220213,0.15110941231250763,0.43743079900741577,0.24573643505573273
YER038C,YLR157C-A,0,-5.5220213,0.1510516256093979,0.43743079900741577,0.2458471804857254
YDR280W,YDR210W-C,0,-5.5220213,0.15099388360977173,0.43743079900741577,0.24595791101455688
YGL174W,YBL101W-A,0,-5.5220213,0.15093618631362915,0.43743079900741577,0.24606865644454956
YMR049C,YOR343C-A,0,-5.5220213,0.15087853372097015,0.43743079900741577,0.24617940187454224
YPL096C-A,YDR261W-A,0,-5.5220213,0.15082092583179474,0.43743079900741577,0.2462901473045349
YCR080W,YHR214C-B,0,-5.5220213,0.1507633626461029,0.43743079900741577,0.2464008927345276
YGR281W,YDR316W-A,0,-5.5220213,0.15070584416389465,0.43743079900741577,0.24651162326335907
YOR355W,YOR343C-B,0,-5.5220213,0.1506483554840088,0.43743079900741577,0.24662236869335175
YBR023C,YDR210W-C,0,-5.5220213,0.1505909264087677,0.43743079900741577,0.24673311412334442
YGL135W,YDR210W-C,0,-5.5220213,0.1505335420370102,0.43743079900741577,0.2468438595533371
YCR071C,YOR343C-B,0,-5.5220213,0.15047618746757507,0.43743079900741577,0.24695459008216858
YOR326W,YPR036W-A,0,-5.5220213,0.15041889250278473,0.43743079900741577,0.24706533551216125
YDR079C-A,YHR020W,0,-5.5220213,0.15036162734031677,0.43743079900741577,0.24717608094215393
YKR007W,YDR210W-C,0,-5.5220213,0.1503044068813324,0.43743079900741577,0.2472868263721466
YOR168W,YOR343C-B,0,-5.5220213,0.1502472460269928,0.43743079900741577,0.2473975569009781
YLR391W,YBR012W-B,0,-5.5220213,0.15019011497497559,0.43743079900741577,0.24750830233097076
YBR253W,YBL101W-B,0,-5.5220213,0.15013302862644196,0.43743079900741577,0.24761904776096344
YGL037C,YPR036W-A,0,-5.5220213,0.1500759869813919,0.43743079900741577,0.24772979319095612
YDR142C,YPR036W-A,0,-5.5220213,0.15001899003982544,0.43743079900741577,0.2478405386209488
YJL125C,YOR343C-A,0,-5.5220213,0.14996203780174255,0.43743079900741577,0.24795126914978027
YMR235C,YOR343C-B,0,-5.5220213,0.14990513026714325,0.43743079900741577,0.24806201457977295
YNL044W,YLR157C-A,0,-5.5220213,0.14984825253486633,0.43743079900741577,0.24817276000976562
YKL060C,YOR343C-A,0,-5.5220213,0.1497914344072342,0.43743079900741577,0.2482835054397583
YCR080W,YER159C-A,0,-5.5220213,0.14973464608192444,0.43743079900741577,0.24839423596858978
YPL145C,YOR343C-A,0,-5.5220213,0.14967790246009827,0.43743079900741577,0.24850498139858246
YGL249W,YOR343C-B,0,-5.5220213,0.14962121844291687,0.43743079900741577,0.24861572682857513
YMR298W,YLR157C-A,0,-5.5220213,0.14956456422805786,0.43743079900741577,0.2487264722585678
YOL130W,YBL101W-B,0,-5.5220213,0.14950795471668243,0.43743079900741577,0.2488372027873993
YBR083W,YPR036W-A,0,-5.5220213,0.1494513750076294,0.43743079900741577,0.24894794821739197
YFR021W,YLR157C-A,0,-5.5220213,0.14939485490322113,0.43743079900741577,0.24905869364738464
YFL056C,YOR343C-A,0,-5.5220213,0.14933837950229645,0.43743079900741577,0.24916943907737732
YIL167W,YDR210W-C,0,-5.5220213,0.14928193390369415,0.43743079900741577,0.24928018450737
YCL039W,YOR343C-B,0,-5.5220213,0.14922553300857544,0.43743079900741577,0.24939091503620148
YBL100W-B,YCR062W,0,-5.5220213,0.1491691917181015,0.43743079900741577,0.24950166046619415
YBL101W-A,YPR078C,0,-5.5220213,0.14911288022994995,0.43743079900741577,0.24961240589618683
YEL022W,YDR210W-C,0,-5.5220213,0.1490565985441208,0.43743079900741577,0.2497231513261795
YHR204W,YOR343C-A,0,-5.5220213,0.1490003764629364,0.43743079900741577,0.249833881855011
YDR206W,YDR261C-D,0,-5.5220213,0.1489441990852356,0.43743079900741577,0.24994462728500366
YMR070W,YOR343C-A,0,-5.5220213,0.14888805150985718,0.43743079900741577,0.25005537271499634
YBR111W-A,YDR365W-B,0,-5.5220213,0.14883194863796234,0.43743079900741577,0.250166118144989
YER123W,YOR343C-A,0,-5.5220213,0.1487758904695511,0.43743079900741577,0.2502768635749817
YDR079C-A,YIL082W-A,0,-5.5220213,0.1487198770046234,0.43743079900741577,0.25038760900497437
YKL015W,YDR316W-B,0,-5.5220213,0.14866390824317932,0.43743079900741577,0.25049832463264465
YPL218W,YBL101W-A,0,-5.5220213,0.14860796928405762,0.43743079900741577,0.25060907006263733
YOR299W,YPR036W-A,0,-5.5220213,0.1485520899295807,0.43743079900741577,0.25071981549263
YER108C,YDR316W-A,0,-5.5220213,0.14849624037742615,0.43743079900741577,0.2508305609226227
YMR072W,YBR276C,0,-5.522152,0.1484404355287552,0.43743079900741577,0.25094130635261536
YFL045C,YLR256W-A,0,-5.5221696,0.1483846753835678,0.43743079900741577,0.25105205178260803
YAL026C,YNR015W,0,-5.5222263,0.14832894504070282,0.43743079900741577,0.2511627972126007
YMR188C,YJL050W,0,-5.522421,0.1482732743024826,0.43743079900741577,0.2512735426425934
YHR059W,YIL051C,0,-5.52273,0.14821763336658478,0.43743079900741577,0.25138428807258606
YEL016C,YLR193C,0,-5.5230227,0.14816203713417053,0.43743079900741577,0.25149500370025635
YOR330C,YPL192C,0,-5.523403,0.14810648560523987,0.43743079900741577,0.251605749130249
YNL094W,YNL275W,0,-5.523432,0.14805097877979279,0.43743079900741577,0.2517164945602417
YLR391W-A,YBR293W,0,-5.5234604,0.1479955017566681,0.43743079900741577,0.2518272399902344
YFL057C,YCL005W-A,0,-5.5235176,0.14794006943702698,0.43743079900741577,0.25193798542022705
YGR007W,YBR090C-A,0,-5.5236177,0.14788468182086945,0.43743079900741577,0.2520487308502197
YPL118W,YDR180W,0,-5.52374,0.1478293389081955,0.43743079900741577,0.2521594762802124
YCL033C,YOL103W-B,0,-5.5238,0.14777404069900513,0.43743079900741577,0.2522702217102051
YDR108W,YCR040W,0,-5.5238667,0.14771877229213715,0.43743079900741577,0.25238096714019775
YIR012W,YLR337W,0,-5.5238695,0.14766354858875275,0.43743079900741577,0.25249168276786804
YHR013C,YFL024C,1,-5.523961,0.14798206090927124,0.43853819370269775,0.25249168276786804
YGR217W,YNR064C,0,-5.524234,0.14792677760124207,0.43853819370269775,0.2526024281978607
YIL010W,YKR014C,0,-5.524247,0.14787153899669647,0.43853819370269775,0.2527131736278534
YBR177C,YDR363W,0,-5.524297,0.14781634509563446,0.43853819370269775,0.25282391905784607
YBR131W,YGL192W,0,-5.524356,0.14776119589805603,0.43853819370269775,0.25293466448783875
YDL181W,YKR095W-A,0,-5.524493,0.1477060765028,0.43853819370269775,0.2530454099178314
YDR146C,YCR062W,0,-5.52456,0.14765100181102753,0.43853819370269775,0.2531561553478241
YFL039C,YEL056W,1,-5.524642,0.14796869456768036,0.4396456182003021,0.2531561553478241
YGR254W,YCR080W,0,-5.5246687,0.14791356027126312,0.4396456182003021,0.2532669007778168
YGL127C,YCR062W,0,-5.52467,0.14785847067832947,0.4396456182003021,0.25337761640548706
YKR027W,YOR076C,0,-5.5248184,0.1478034257888794,0.4396456182003021,0.25348836183547974
YER178W,YDR210C-D,0,-5.5249577,0.1477484256029129,0.4396456182003021,0.2535991072654724
YBR059C,YNR059W,0,-5.5249624,0.1476934552192688,0.4396456182003021,0.2537098526954651
YNL245C,YMR037C,0,-5.525054,0.14763852953910828,0.4396456182003021,0.25382059812545776
YBR105C,YCL020W,0,-5.525161,0.14758364856243134,0.4396456182003021,0.25393134355545044
YBL093C,YGR074W,0,-5.525274,0.14752879738807678,0.4396456182003021,0.2540420889854431
YJL101C,YML039W,0,-5.525283,0.1474739909172058,0.4396456182003021,0.2541528344154358
YGR246C,YGR038C-A,0,-5.5254035,0.14741922914981842,0.4396456182003021,0.25426357984542847
YKL001C,YGR095C,0,-5.5254445,0.1473645120859146,0.4396456182003021,0.25437429547309875
YBL063W,YPR191W,0,-5.5254846,0.14730983972549438,0.4396456182003021,0.25448504090309143
YDL099W,YJL139C,0,-5.525527,0.14725519716739655,0.4396456182003021,0.2545957863330841
YLR138W,YHR014W,0,-5.525633,0.1472005993127823,0.4396456182003021,0.2547065317630768
YEL061C,YDR017C,0,-5.525694,0.14714603126049042,0.4396456182003021,0.25481727719306946
YJL081C,YNL136W,1,-5.525792,0.14746202528476715,0.4407530426979065,0.25481727719306946
YOR100C,YDR316W-B,0,-5.5259733,0.1474074125289917,0.4407530426979065,0.25492802262306213
YBR161W,YDR098C-B,0,-5.5261936,0.14735282957553864,0.4407530426979065,0.2550387680530548
YGL247W,YCL005W-A,0,-5.526354,0.14729829132556915,0.4407530426979065,0.2551495134830475
YLR170C,YOL102C,0,-5.5263767,0.14724379777908325,0.4407530426979065,0.2552602291107178
YNL311C,YML033W,0,-5.5266433,0.14718934893608093,0.4407530426979065,0.25537097454071045
YLR316C,YPR173C,0,-5.5267754,0.147134929895401,0.4407530426979065,0.2554817199707031
YOR123C,YPR032W,0,-5.526785,0.14708055555820465,0.4407530426979065,0.2555924654006958
YPL233W,YMR156C,0,-5.526809,0.14702622592449188,0.4407530426979065,0.2557032108306885
YER028C,YBL005W-A,0,-5.526951,0.1469719409942627,0.4407530426979065,0.25581395626068115
YIR037W,YCL005W-A,0,-5.5270395,0.1469176858663559,0.4407530426979065,0.25592470169067383
YMR069W,YPL129W,1,-5.52717,0.14723247289657593,0.44186046719551086,0.25592470169067383
YMR312W,YOL156W,0,-5.5271835,0.14717815816402435,0.44186046719551086,0.2560354471206665
YKL220C,YBR087W,0,-5.527191,0.14712388813495636,0.44186046719551086,0.2561461925506592
YLL012W,YDR098C-A,0,-5.52722,0.14706966280937195,0.44186046719551086,0.25625690817832947
YLR391W,YGL190C,0,-5.527402,0.14701548218727112,0.44186046719551086,0.25636765360832214
YPL211W,YDR210W-A,0,-5.5274425,0.14696133136749268,0.44186046719551086,0.2564783990383148
YKL029C,YGR135W,0,-5.527539,0.14690721035003662,0.44186046719551086,0.2565891444683075
YNL039W,YKR028W,0,-5.527587,0.14685314893722534,0.44186046719551086,0.25669988989830017
YEL061C,YPR104C,0,-5.5276537,0.14679911732673645,0.44186046719551086,0.25681063532829285
YLR090W,YOR343W-A,0,-5.5278068,0.14674513041973114,0.44186046719551086,0.2569213807582855
YGR091W,YKL126W,0,-5.5278316,0.14669117331504822,0.44186046719551086,0.2570321261882782
YGL018C,YGR006W,0,-5.527846,0.14663726091384888,0.44186046719551086,0.2571428716182709
YPL270W,YDR213W,0,-5.527877,0.14658339321613312,0.44186046719551086,0.25725358724594116
YLR248W,YDR210C-C,0,-5.5279336,0.14652957022190094,0.44186046719551086,0.25736433267593384
YCR033W,YLR157C-B,0,-5.527954,0.14647577702999115,0.44186046719551086,0.2574750781059265
YNL186W,YNL054W-A,0,-5.528263,0.14642201364040375,0.44186046719551086,0.2575858235359192
YMR232W,YNL147W,0,-5.5282936,0.14636830985546112,0.44186046719551086,0.25769656896591187
YEL056W,YPL129W,1,-5.528375,0.14668133854866028,0.44296789169311523,0.25769656896591187
YDR243C,YNR047W,0,-5.5285244,0.14662756025791168,0.44296789169311523,0.25780731439590454
YDR499W,YKL212W,0,-5.5287094,0.14657384157180786,0.44296789169311523,0.2579180598258972
YEL050C,YOL103W-A,0,-5.528825,0.14652015268802643,0.44296789169311523,0.2580288052558899
YJR040W,YJL018W,0,-5.52927,0.14646649360656738,0.44296789169311523,0.2581395208835602
YGR179C,YCR062W,0,-5.529366,0.14641287922859192,0.44296789169311523,0.25825026631355286
YBR193C,YOL034W,0,-5.529376,0.14635930955410004,0.44296789169311523,0.25836101174354553
YOL077W-A,YOR343W-B,0,-5.529433,0.14630578458309174,0.44296789169311523,0.2584717571735382
YJR084W,YOR274W,0,-5.529458,0.14625228941440582,0.44296789169311523,0.2585825026035309
YKL146W,YNL284C-B,0,-5.5296206,0.1461988240480423,0.44296789169311523,0.25869324803352356
YNL173C,YGR056W,0,-5.5297384,0.14614541828632355,0.44296789169311523,0.25880399346351624
YPL016W,YOR343W-B,0,-5.529874,0.14609204232692719,0.44296789169311523,0.2589147388935089
YBL042C,YML040W,0,-5.529882,0.1460386961698532,0.44296789169311523,0.2590254843235016
YPR072W,YLR316C,0,-5.5299654,0.14598539471626282,0.44296789169311523,0.2591361999511719
YIL009W,YOR064C,1,-5.530259,0.14629697799682617,0.4440753161907196,0.2591361999511719
YDL161W,YGR256W,0,-5.530263,0.146243616938591,0.4440753161907196,0.25924694538116455
YCR012W,YDR034C-C,0,-5.5302687,0.14619030058383942,0.4440753161907196,0.2593576908111572
YGR261C,YKL085W,0,-5.530287,0.1461370289325714,0.4440753161907196,0.2594684362411499
YJL214W,YKR090W,0,-5.53042,0.1460837870836258,0.4440753161907196,0.2595791816711426
YER087C-A,YER159C-A,0,-5.530527,0.14603058993816376,0.4440753161907196,0.25968992710113525
YDL017W,YDR170C,0,-5.5306244,0.1459774225950241,0.4440753161907196,0.25980067253112793
YGR147C,YBR198C,1,-5.530734,0.1462882161140442,0.4451827108860016,0.25980067253112793
YGR261C,YIL018W,0,-5.5308685,0.14623498916625977,0.4451827108860016,0.2599114179611206
YFL039C,YJL115W,1,-5.5309157,0.14654545485973358,0.44629013538360596,0.2599114179611206
YLR355C,YGR161W-A,0,-5.5309277,0.14649218320846558,0.44629013538360596,0.2600221335887909
YEL051W,YKR053C,0,-5.5310516,0.14643895626068115,0.44629013538360596,0.26013287901878357
YFR041C,YOL043C,0,-5.5311937,0.14638575911521912,0.44629013538360596,0.26024362444877625
YHR204W,YOL045W,0,-5.5313435,0.14633260667324066,0.44629013538360596,0.2603543698787689
YPR068C,YNR017W,0,-5.531355,0.1462794989347458,0.44629013538360596,0.2604651153087616
YPL239W,YDR210C-C,0,-5.531515,0.1462264209985733,0.44629013538360596,0.2605758607387543
YER001W,YAR009C,0,-5.531557,0.1461733728647232,0.44629013538360596,0.26068660616874695
YJR093C,YOR007C,0,-5.531704,0.14612038433551788,0.44629013538360596,0.2607973515987396
YKL042W,YMR087W,0,-5.531714,0.14606741070747375,0.44629013538360596,0.2609080970287323
YBR039W,YDR365W-B,0,-5.5317383,0.1460144966840744,0.44629013538360596,0.2610188126564026
YFR008W,YCR062W,0,-5.531885,0.14596161246299744,0.44629013538360596,0.26112955808639526
YBR236C,YOR085W,0,-5.531908,0.14590875804424286,0.44629013538360596,0.26124030351638794
YGR267C,YIR037W,0,-5.531932,0.14585594832897186,0.44629013538360596,0.2613510489463806
YOR109W,YJL108C,0,-5.532078,0.14580318331718445,0.44629013538360596,0.2614617943763733
YNR017W,YHL009C,0,-5.532113,0.14575044810771942,0.44629013538360596,0.26157253980636597
YOL031C,YGR027W-B,0,-5.5323257,0.14569775760173798,0.44629013538360596,0.26168328523635864
YDR511W,YLR447C,0,-5.532404,0.14564509689807892,0.44629013538360596,0.2617940306663513
YPR163C,YHR012W,0,-5.532509,0.14559248089790344,0.44629013538360596,0.261904776096344
YMR263W,YBR172C,0,-5.532598,0.14553990960121155,0.44629013538360596,0.2620154917240143
YFL011W,YER018C,0,-5.53265,0.14548736810684204,0.44629013538360596,0.26212623715400696
YER051W,YBR123C,0,-5.5327444,0.14543485641479492,0.44629013538360596,0.26223698258399963
YKL182W,YIL013C,0,-5.532839,0.14538238942623138,0.44629013538360596,0.2623477280139923
YMR119W,YOL089C,0,-5.5328417,0.14532996714115143,0.44629013538360596,0.262458473443985
YDR377W,YGL178W,0,-5.5329714,0.14527757465839386,0.44629013538360596,0.26256921887397766
YPR023C,YNL326C,1,-5.532976,0.1455855816602707,0.4473975598812103,0.26256921887397766
YHR059W,YJR028W,0,-5.533083,0.14553314447402954,0.4473975598812103,0.26267996430397034
YER108C,YOL156W,0,-5.533324,0.14548073709011078,0.4473975598812103,0.262790709733963
YPL011C,YPL180W,0,-5.533429,0.1454283595085144,0.4473975598812103,0.2629014253616333
YBR041W,YDL064W,0,-5.533489,0.1453760415315628,0.4473975598812103,0.263012170791626
YJL072C,YHR214C-B,0,-5.53356,0.1453237384557724,0.4473975598812103,0.26312291622161865
YJR082C,YER015W,1,-5.5337114,0.1456310749053955,0.4485049843788147,0.26312291622161865
YPL241C,YER137C-A,0,-5.534058,0.14557872712612152,0.4485049843788147,0.26323366165161133
YLR310C,YDR096W,0,-5.5341053,0.14552640914916992,0.4485049843788147,0.263344407081604
YBR211C,YHR039C-B,0,-5.534177,0.1454741358757019,0.4485049843788147,0.2634551525115967
YML129C,YFR040W,0,-5.534283,0.14542190730571747,0.4485049843788147,0.26356589794158936
YGL256W,YDR316W-B,0,-5.5343623,0.14536970853805542,0.4485049843788147,0.26367664337158203
YIL066C,YNL054W-A,0,-5.5344534,0.14531753957271576,0.4485049843788147,0.2637873888015747
YJR082C,YDL040C,1,-5.5345902,0.1456241011619568,0.44961240887641907,0.2637873888015747
YMR218C,YOR084W,0,-5.5346026,0.14557188749313354,0.44961240887641907,0.263898104429245
YKR002W,YER159C-A,0,-5.534656,0.14551971852779388,0.44961240887641907,0.26400884985923767
YBR029C,YDR078C,0,-5.534791,0.1454675793647766,0.44961240887641907,0.26411959528923035
YOL108C,YDR210W-A,0,-5.5350714,0.14541547000408173,0.44961240887641907,0.264230340719223
YCR066W,YKL006C-A,0,-5.5352674,0.14536340534687042,0.44961240887641907,0.2643410861492157
YPL160W,YGR275W,0,-5.535269,0.1453113853931427,0.44961240887641907,0.2644518315792084
YLR107W,YJR026W,0,-5.5352926,0.14525939524173737,0.44961240887641907,0.26456257700920105
YAL033W,YDR177W,0,-5.535319,0.14520743489265442,0.44961240887641907,0.2646733224391937
YPL161C,YPR178W,0,-5.5356903,0.14515551924705505,0.44961240887641907,0.2647840678691864
YGL053W,YDR034C-C,0,-5.5358925,0.14510364830493927,0.44961240887641907,0.2648947834968567
YJL003W,YOL138C,0,-5.535899,0.14505180716514587,0.44961240887641907,0.26500552892684937
YAL051W,YCL008C,0,-5.535928,0.14499999582767487,0.44961240887641907,0.26511627435684204
YJL021C,YGL090W,0,-5.5360775,0.14494822919368744,0.44961240887641907,0.2652270197868347
YOR034C,YHR013C,1,-5.536139,0.14525339007377625,0.45071983337402344,0.2652270197868347
YER016W,YHL006C,0,-5.536269,0.14520156383514404,0.45071983337402344,0.2653377652168274
YKR062W,YDR261W-A,0,-5.5366516,0.14514978229999542,0.45071983337402344,0.26544851064682007
YIL112W,YMR054W,0,-5.5367136,0.14509804546833038,0.45071983337402344,0.26555925607681274
YMR162C,YCL075W,0,-5.5367546,0.14504632353782654,0.45071983337402344,0.2656700015068054
YBR048W,YNL054W-A,0,-5.5367737,0.14499466121196747,0.45071983337402344,0.2657807171344757
YPR155C,YOL103W-A,0,-5.5371084,0.1449430137872696,0.45071983337402344,0.2658914625644684
YKR007W,YDL079C,0,-5.537223,0.1448914259672165,0.45071983337402344,0.26600220799446106
YPR131C,YLR195C,1,-5.5373764,0.14519572257995605,0.4518272280693054,0.26600220799446106
YDL102W,YPL117C,0,-5.5374413,0.14514407515525818,0.4518272280693054,0.26611295342445374
YDL200C,YHR060W,0,-5.5375376,0.1450924575328827,0.4518272280693054,0.2662236988544464
YNL273W,YGR038C-B,0,-5.537594,0.14504088461399078,0.4518272280693054,0.2663344442844391
YGL194C,YCR067C,0,-5.53763,0.14498934149742126,0.4518272280693054,0.26644518971443176
YNL085W,YDR362C,0,-5.5377455,0.14493782818317413,0.4518272280693054,0.26655593514442444
YCR042C,YER137C-A,0,-5.537756,0.14488635957241058,0.4518272280693054,0.2666666805744171
YGL068W,YMR231W,0,-5.5378294,0.14483493566513062,0.4518272280693054,0.2667773962020874
YCL014W,YDR055W,0,-5.53791,0.14478354156017303,0.4518272280693054,0.2668881416320801
YNL242W,YML033W,0,-5.5379496,0.14473217725753784,0.4518272280693054,0.26699888706207275
YLR268W,YOL103W-B,0,-5.537959,0.14468085765838623,0.4518272280693054,0.26710963249206543
YDL190C,YPR158W-A,0,-5.537969,0.144629567861557,0.4518272280693054,0.2672203779220581
YNL136W,YGR147C,1,-5.5381975,0.14493267238140106,0.4529346525669098,0.2672203779220581
YLR411W,YER174C,0,-5.5382833,0.14488133788108826,0.4529346525669098,0.2673311233520508
YOL148C,YDR126W,1,-5.5383887,0.14518412947654724,0.45404207706451416,0.2673311233520508
YGL223C,YKL064W,0,-5.538753,0.14513275027275085,0.45404207706451416,0.26744186878204346
YER032W,YLR034C,0,-5.53877,0.14508138597011566,0.45404207706451416,0.26755261421203613
YEL015W,YDR098C-B,0,-5.5388503,0.14503006637096405,0.45404207706451416,0.2676633298397064
YOL127W,YGL115W,0,-5.539051,0.14497877657413483,0.45404207706451416,0.2677740752696991
YMR208W,YIL173W,0,-5.539158,0.14492753148078918,0.45404207706451416,0.2678848206996918
YDR420W,YMR013C,0,-5.53922,0.14487633109092712,0.45404207706451416,0.26799556612968445
YPL275W,YFR055W,0,-5.5393467,0.14482514560222626,0.45404207706451416,0.2681063115596771
YJL168C,YGR161W-B,0,-5.5394583,0.14477400481700897,0.45404207706451416,0.2682170569896698
YPL008W,YBR012W-B,0,-5.539625,0.14472290873527527,0.45404207706451416,0.2683278024196625
YLR228C,YDR488C,0,-5.539703,0.14467184245586395,0.45404207706451416,0.26843854784965515
YOR005C,YFL035C,0,-5.5397315,0.14462080597877502,0.45404207706451416,0.2685492932796478
YKL220C,YHR214C-B,0,-5.5397506,0.14456981420516968,0.45404207706451416,0.2686600089073181
YPR023C,YMR236W,1,-5.5397644,0.14487133920192719,0.45514950156211853,0.2686600089073181
YPR128C,YNL090W,0,-5.5397973,0.14482030272483826,0.45514950156211853,0.2687707543373108
YPL145C,YER012W,0,-5.5398135,0.14476928114891052,0.45514950156211853,0.26888149976730347
YJR119C,YCL075W,0,-5.539942,0.14471830427646637,0.45514950156211853,0.26899224519729614
YJL081C,YJL115W,1,-5.5400066,0.14501935243606567,0.4562569260597229,0.26899224519729614
YIR010W,YHR012W,0,-5.540257,0.14496833086013794,0.4562569260597229,0.2691029906272888
YFR014C,YDR034C-C,0,-5.5402894,0.1449173390865326,0.4562569260597229,0.2692137360572815
YIR012W,YDR210C-C,0,-5.540451,0.14486639201641083,0.4562569260597229,0.26932448148727417
YPL241C,YBR015C,0,-5.5405617,0.14481545984745026,0.4562569260597229,0.26943522691726685
YLR429W,YLR141W,0,-5.5406055,0.14476458728313446,0.4562569260597229,0.2695459723472595
YLR238W,YLR034C,0,-5.5406637,0.14471372961997986,0.4562569260597229,0.2696566879749298
YGR249W,YIL017W,0,-5.540694,0.14466291666030884,0.4562569260597229,0.2697674334049225
YPR054W,YGR296W,0,-5.5407596,0.1446121484041214,0.4562569260597229,0.26987817883491516
YNL085W,YBR058C-A,0,-5.5408497,0.14456140995025635,0.4562569260597229,0.26998892426490784
YDL008W,YIL053W,0,-5.5409207,0.14451070129871368,0.4562569260597229,0.2700996696949005
YFL035C,YFR005C,0,-5.541156,0.1444600224494934,0.4562569260597229,0.2702104151248932
YNL271C,YJL091C,0,-5.5412054,0.1444093883037567,0.4562569260597229,0.27032116055488586
YKR062W,YDR098C-B,0,-5.541262,0.1443587988615036,0.4562569260597229,0.27043190598487854
YDR345C,YDR018C,0,-5.541382,0.14430822432041168,0.4562569260597229,0.27054262161254883
YNL136W,YIL009W,1,-5.541428,0.14460784196853638,0.45736435055732727,0.27054262161254883
YMR008C,YGR099W,0,-5.541438,0.14455722272396088,0.45736435055732727,0.2706533670425415
YIL098C,YBL100W-B,0,-5.541438,0.14450664818286896,0.45736435055732727,0.2707641124725342
YOR100C,YNL090W,0,-5.5415196,0.14445610344409943,0.45736435055732727,0.27087485790252686
YOL049W,YCL060C,0,-5.5415287,0.14440558850765228,0.45736435055732727,0.27098560333251953
YLR081W,YLR141W,0,-5.5415897,0.14435511827468872,0.45736435055732727,0.2710963487625122
YKR068C,YCL012W,0,-5.54177,0.14430467784404755,0.45736435055732727,0.2712070941925049
YBL008W,YFL004W,0,-5.541835,0.14425428211688995,0.45736435055732727,0.27131783962249756
YOL128C,YHR020W,0,-5.5419016,0.14420391619205475,0.45736435055732727,0.27142858505249023
YGR040W,YDR527W,0,-5.5420055,0.14415358006954193,0.45736435055732727,0.2715393006801605
YNL020C,YDR365C,0,-5.542118,0.1441032737493515,0.45736435055732727,0.2716500461101532
YPL145C,YJL042W,0,-5.5421553,0.14405301213264465,0.45736435055732727,0.2717607915401459
YPR023C,YHR099W,1,-5.5422134,0.14435146749019623,0.45847177505493164,0.2717607915401459
YGR013W,YBR250W,0,-5.5423098,0.1443011462688446,0.45847177505493164,0.27187153697013855
YPL137C,YNL279W,0,-5.5423503,0.14425086975097656,0.45847177505493164,0.2719822824001312
YLR397C,YGR013W,0,-5.542371,0.1442006230354309,0.45847177505493164,0.2720930278301239
YJL165C,YGL150C,0,-5.5424757,0.14415042102336884,0.45847177505493164,0.2722037732601166
YNL059C,YDR365W-B,0,-5.5424776,0.14410024881362915,0.45847177505493164,0.27231451869010925
YGL005C,YKL015W,0,-5.542483,0.14405010640621185,0.45847177505493164,0.27242523431777954
YNR001C,YCR080W,0,-5.5425167,0.14399999380111694,0.45847177505493164,0.2725359797477722
YPL224C,YER159C-A,0,-5.5425186,0.14394992589950562,0.45847177505493164,0.2726467251777649
YDL003W,YOR088W,0,-5.542574,0.14389990270137787,0.45847177505493164,0.27275747060775757
YIL124W,YDR359C,0,-5.5425787,0.14384989440441132,0.45847177505493164,0.27286821603775024
YNL298W,YCL062W,0,-5.542619,0.14379993081092834,0.45847177505493164,0.2729789614677429
YDR473C,YOL117W,0,-5.5427217,0.14374999701976776,0.45847177505493164,0.2730897068977356
YGL151W,YBR295W,0,-5.543166,0.14370010793209076,0.45847177505493164,0.27320045232772827
YDR320C,YDR457W,0,-5.543213,0.14365024864673615,0.45847177505493164,0.27331119775772095
YLR079W,YER123W,0,-5.543248,0.14360041916370392,0.45847177505493164,0.27342191338539124
YNL164C,YPL026C,0,-5.5434103,0.14355061948299408,0.45847177505493164,0.2735326588153839
YPL127C,YMR047C,0,-5.543414,0.14350086450576782,0.45847177505493164,0.2736434042453766
YGR108W,YGR161W-A,0,-5.54344,0.14345113933086395,0.45847177505493164,0.27375414967536926
YML086C,YLR391W-A,0,-5.5435276,0.14340145885944366,0.45847177505493164,0.27386489510536194
YML071C,YLR007W,0,-5.54387,0.14335179328918457,0.45847177505493164,0.2739756405353546
YNL136W,YGL066W,1,-5.5439286,0.14364832639694214,0.4595791697502136,0.2739756405353546
YPR131C,YMR236W,1,-5.54401,0.1439446359872818,0.460686594247818,0.2739756405353546
YHL006C,YER082C,0,-5.5440445,0.14389485120773315,0.460686594247818,0.2740863859653473
YML126C,YDR210W-A,0,-5.5440483,0.1438450962305069,0.460686594247818,0.27419713139533997
YDR210W-B,YGR122W,0,-5.54417,0.14379537105560303,0.460686594247818,0.27430787682533264
YDL035C,YLR090W,0,-5.544312,0.14374567568302155,0.460686594247818,0.27441859245300293
YDR376W,YLR114C,0,-5.5444727,0.14369602501392365,0.460686594247818,0.2745293378829956
YOL054W,YDL109C,0,-5.5445013,0.14364640414714813,0.460686594247818,0.2746400833129883
YOR349W,YLR268W,0,-5.5445185,0.1435968279838562,0.460686594247818,0.27475082874298096
YJR139C,YDR389W,0,-5.5446787,0.14354726672172546,0.460686594247818,0.27486157417297363
YJR083C,YGR038C-B,0,-5.544798,0.1434977650642395,0.460686594247818,0.2749723196029663
YJL081C,YHR090C,1,-5.5451536,0.14379310607910156,0.46179401874542236,0.2749723196029663
YDL160C,YOR008C-A,0,-5.545291,0.14374352991580963,0.46179401874542236,0.275083065032959
YGL252C,YMR305C,0,-5.545541,0.14369399845600128,0.46179401874542236,0.27519381046295166
YBL003C,YJL139C,0,-5.5456476,0.1436445116996765,0.46179401874542236,0.27530452609062195
YML021C,YCL020W,0,-5.5457034,0.14359503984451294,0.46179401874542236,0.2754152715206146
YGR116W,YPR074C,0,-5.5457993,0.14354561269283295,0.46179401874542236,0.2755260169506073
YJL081C,YJR082C,1,-5.5459065,0.14384032785892487,0.46290144324302673,0.2755260169506073
YOL069W,YGR258C,0,-5.5459366,0.1437908560037613,0.46290144324302673,0.2756367623806
YLR170C,YPL206C,0,-5.5460405,0.1437413990497589,0.46290144324302673,0.27574750781059265
YLR110C,YDR425W,0,-5.546041,0.1436919867992401,0.46290144324302673,0.2758582532405853
YAL051W,YDR316W-A,0,-5.5460544,0.1436426043510437,0.46290144324302673,0.275968998670578
YIR002C,YOR130C,0,-5.5462756,0.14359326660633087,0.46290144324302673,0.2760797441005707
YOL034W,YOR075W,0,-5.5463324,0.14354395866394043,0.46290144324302673,0.27619048953056335
YBL042C,YMR134W,0,-5.546352,0.14349468052387238,0.46290144324302673,0.27630120515823364
YMR008C,YHR079C-B,0,-5.5463734,0.1434454321861267,0.46290144324302673,0.2764119505882263
YGR157W,YNL213C,0,-5.546399,0.14339622855186462,0.46290144324302673,0.276522696018219
YCL026C-A,YNL213C,0,-5.5465574,0.14334705471992493,0.46290144324302673,0.27663344144821167
YOL078W,YOR048C,0,-5.546565,0.14329791069030762,0.46290144324302673,0.27674418687820435
YDR142C,YAL017W,0,-5.5465817,0.1432487964630127,0.46290144324302673,0.276854932308197
YOR351C,YIL066C,0,-5.5465994,0.14319972693920135,0.46290144324302673,0.2769656777381897
YOR023C,YIL009W,1,-5.546721,0.1434931457042694,0.4640088677406311,0.2769656777381897
YJL081C,YOL110W,1,-5.5467815,0.14378637075424194,0.4651162922382355,0.2769656777381897
YHL048W,YEL015W,0,-5.5468035,0.14373716711997986,0.4651162922382355,0.2770764231681824
YOL102C,YPL239W,0,-5.5469437,0.14368799328804016,0.4651162922382355,0.27718716859817505
YDL137W,YER142C,0,-5.546968,0.14363884925842285,0.4651162922382355,0.27729788422584534
YLR298C,YBR284W,0,-5.547021,0.14358974993228912,0.4651162922382355,0.277408629655838
YDL190C,YER159C-A,0,-5.5470676,0.1435406655073166,0.4651162922382355,0.2775193750858307
YLR207W,YDR435C,0,-5.547142,0.14349162578582764,0.4651162922382355,0.27763012051582336
YKR024C,YLR410W-B,0,-5.5471687,0.14344261586666107,0.4651162922382355,0.27774086594581604
YHR043C,YMR210W,0,-5.5471706,0.1433936506509781,0.4651162922382355,0.2778516113758087
YEL066W,YDR126W,1,-5.547175,0.14368601143360138,0.46622368693351746,0.2778516113758087
YKL025C,YML131W,0,-5.5472374,0.14363698661327362,0.46622368693351746,0.2779623568058014
YFR031C,YLR193C,0,-5.5473433,0.14358799159526825,0.46622368693351746,0.27807310223579407
YDL002C,YOR343W-A,0,-5.5473514,0.14353904128074646,0.46622368693351746,0.27818381786346436
YNL023C,YIL098C,0,-5.547635,0.14349012076854706,0.46622368693351746,0.27829456329345703
YGL247W,YEL051W,0,-5.547989,0.14344123005867004,0.46622368693351746,0.2784053087234497
YHR062C,YPR158C-C,0,-5.5480404,0.14339236915111542,0.46622368693351746,0.2785160541534424
YPL211W,YDR210C-C,0,-5.548263,0.14334355294704437,0.46622368693351746,0.27862679958343506
YIL038C,YDR210W-A,0,-5.5483847,0.14329475164413452,0.46622368693351746,0.27873754501342773
YJL166W,YLR157C-B,0,-5.54883,0.14324599504470825,0.46622368693351746,0.2788482904434204
YOR349W,YOR210W,0,-5.548931,0.14319728314876556,0.46622368693351746,0.2789590358734131
YJR057W,YBR295W,0,-5.549026,0.14314858615398407,0.46622368693351746,0.27906978130340576
YDL109C,YPL257W-B,0,-5.5490737,0.14309993386268616,0.46622368693351746,0.27918049693107605
YKR008W,YLR337C,0,-5.5491333,0.14305131137371063,0.46622368693351746,0.2792912423610687
YPL135W,YDR091C,0,-5.549156,0.1430027186870575,0.46622368693351746,0.2794019877910614
YAL025C,YDL038C,0,-5.549189,0.14295415580272675,0.46622368693351746,0.2795127332210541
YFL011W-A,YDR416W,0,-5.549592,0.14290563762187958,0.46622368693351746,0.27962347865104675
YGL144C,YDR210C-C,0,-5.5496006,0.1428571492433548,0.46622368693351746,0.27973422408103943
YOL164W,YKR095W,0,-5.549816,0.1428086906671524,0.46622368693351746,0.2798449695110321
YAL035W,YER038C,0,-5.5498724,0.1427602618932724,0.46622368693351746,0.2799557149410248
YOR078W,YGL144C,0,-5.5500765,0.14271186292171478,0.46622368693351746,0.28006643056869507
YGL035C,YPL257W-B,0,-5.5502086,0.14266350865364075,0.46622368693351746,0.28017717599868774
YBR210W,YLR007W,0,-5.5503626,0.1426151692867279,0.46622368693351746,0.2802879214286804
YCL014W,YKL099C,0,-5.5503893,0.14256687462329865,0.46622368693351746,0.2803986668586731
YAL022C,YLR288C,0,-5.550681,0.14251862466335297,0.46622368693351746,0.28050941228866577
YMR188C,YOL144W,0,-5.5506926,0.14247038960456848,0.46622368693351746,0.28062015771865845
YPL275W,YPL235W,0,-5.5507755,0.14242219924926758,0.46622368693351746,0.2807309031486511
YCR098C,YDL109C,0,-5.5509024,0.14237402379512787,0.46622368693351746,0.2808416485786438
YBR293W,YDR034C-C,0,-5.5509377,0.14232589304447174,0.46622368693351746,0.2809523940086365
YPR023C,YPL129W,1,-5.5510473,0.14261575043201447,0.4673311114311218,0.2809523940086365
YGL087C,YDL080C,0,-5.551354,0.14256757497787476,0.4673311114311218,0.28106310963630676
YFL035C,YGL144C,0,-5.551484,0.14251941442489624,0.4673311114311218,0.28117385506629944
YBL098W,YNL046W,0,-5.5515685,0.1424712985754013,0.4673311114311218,0.2812846004962921
YDL099W,YHR050W,0,-5.55165,0.14242321252822876,0.4673311114311218,0.2813953459262848
YBR143C,YBR058C-A,0,-5.551724,0.1423751711845398,0.4673311114311218,0.28150609135627747
YGL027C,YPR178W,0,-5.5517626,0.14232714474201202,0.4673311114311218,0.28161683678627014
YFL024C,YDL040C,1,-5.5519114,0.14261631667613983,0.4684385359287262,0.28161683678627014
YIL128W,YGR013W,0,-5.5519495,0.14256824553012848,0.4684385359287262,0.2817275822162628
YFL011W-A,YGR222W,0,-5.5520563,0.1425202190876007,0.4684385359287262,0.2818383276462555
YLR068W,YIL138C,0,-5.5521007,0.14247220754623413,0.4684385359287262,0.28194907307624817
YIL009W,YPL129W,1,-5.552109,0.14276094734668732,0.46954596042633057,0.28194907307624817
YHR013C,YBR081C,1,-5.552149,0.1430494785308838,0.47065338492393494,0.28194907307624817
YML129C,YER151C,0,-5.5521803,0.14300134778022766,0.47065338492393494,0.28205978870391846
YDR270W,YFL033C,0,-5.552335,0.14295324683189392,0.47065338492393494,0.28217053413391113
YDL040C,YBR198C,1,-5.5524364,0.14324142038822174,0.4717608094215393,0.28217053413391113
YOR034C,YIL009W,1,-5.5524406,0.14352941513061523,0.4728682041168213,0.28217053413391113
YJL115W,YFL024C,1,-5.5525126,0.14381720125675201,0.47397562861442566,0.28217053413391113
YPR124W,YHR143W-A,0,-5.552536,0.14376889169216156,0.47397562861442566,0.2822812795639038
YLR028C,YBR276C,0,-5.552683,0.1437206119298935,0.47397562861442566,0.2823920249938965
YMR211W,YOL034W,0,-5.5528936,0.143672376871109,0.47397562861442566,0.28250277042388916
YDR273W,YLR256W-A,0,-5.5530252,0.14362415671348572,0.47397562861442566,0.28261351585388184
YGR086C,YCR042C,0,-5.5531116,0.143575981259346,0.47397562861442566,0.2827242612838745
YKR031C,YDR210W-A,0,-5.5532484,0.1435278356075287,0.47397562861442566,0.2828350067138672
YNL326C,YHR090C,1,-5.5535145,0.14381495118141174,0.47508305311203003,0.2828350067138672
YCL014W,YBR159W,0,-5.5535345,0.14376676082611084,0.47508305311203003,0.2829457223415375
YHR067W,YBL014C,0,-5.553543,0.14371860027313232,0.47508305311203003,0.28305646777153015
YPL106C,YPR158C-C,0,-5.5535517,0.1436704695224762,0.47508305311203003,0.2831672132015228
YJL021C,YJL125C,0,-5.5537057,0.14362236857414246,0.47508305311203003,0.2832779586315155
YML027W,YDR098C-A,0,-5.5537953,0.1435742974281311,0.47508305311203003,0.2833887040615082
YNL059C,YDR265W,0,-5.553858,0.14352625608444214,0.47508305311203003,0.28349944949150085
YDR434W,YOL061W,0,-5.5540133,0.14347825944423676,0.47508305311203003,0.28361019492149353
YER146W,YGR010W,0,-5.5541925,0.14343029260635376,0.47508305311203003,0.2837209403514862
YEL066W,YOL148C,1,-5.5545063,0.14371657371520996,0.4761904776096344,0.2837209403514862
YNL025C,YOR142W-B,0,-5.5546665,0.14366856217384338,0.4761904776096344,0.2838316857814789
YPR131C,YOL148C,1,-5.5546703,0.1439545750617981,0.47729790210723877,0.2838316857814789
YHR043C,YDR372C,0,-5.5548186,0.14390650391578674,0.47729790210723877,0.28394240140914917
YPR023C,YDR126W,1,-5.5548687,0.14419226348400116,0.47840532660484314,0.28394240140914917
YGR216C,YEL062W,0,-5.5548873,0.14414414763450623,0.47840532660484314,0.28405314683914185
YDR268W,YLR417W,0,-5.55499,0.14409606158733368,0.47840532660484314,0.2841638922691345
YGR133W,YGR161W-B,0,-5.554991,0.14404802024364471,0.47840532660484314,0.2842746376991272
YNL078W,YOR343W-B,0,-5.555072,0.14399999380111694,0.47840532660484314,0.2843853831291199
YMR220W,YFL059W,0,-5.5554214,0.14395201206207275,0.47840532660484314,0.28449612855911255
YOR083W,YPR158W-B,0,-5.555558,0.14390406012535095,0.47840532660484314,0.2846068739891052
YPR070W,YML039W,0,-5.5556116,0.14385613799095154,0.47840532660484314,0.2847176194190979
YDR448W,YHR090C,1,-5.555771,0.14414115250110626,0.4795127213001251,0.2847176194190979
YGL174W,YBR205W,0,-5.5557766,0.14409317076206207,0.4795127213001251,0.2848283350467682
YDR098C,YGR244C,0,-5.5559826,0.14404524862766266,0.4795127213001251,0.28493908047676086
YOR204W,YNR031C,0,-5.5561037,0.14399734139442444,0.4795127213001251,0.28504982590675354
YDR345C,YPR158C-C,0,-5.5561457,0.1439494639635086,0.4795127213001251,0.2851605713367462
YLR098C,YPL218W,0,-5.556276,0.14390163123607635,0.4795127213001251,0.2852713167667389
YCR002C,YGL142C,0,-5.5566463,0.1438538134098053,0.4795127213001251,0.28538206219673157
YBR009C,YCL075W,0,-5.556691,0.14380604028701782,0.4795127213001251,0.28549280762672424
YJR050W,YPL138C,0,-5.5570235,0.14375829696655273,0.4795127213001251,0.2856035530567169
YBL106C,YOL103W-B,0,-5.5570984,0.14371058344841003,0.4795127213001251,0.2857142984867096
YKL154W,YBR123C,0,-5.5571604,0.14366289973258972,0.4795127213001251,0.2858250141143799
YBR217W,YGR091W,0,-5.5572786,0.143615260720253,0.4795127213001251,0.28593575954437256
YPL001W,YOL110W,1,-5.557299,0.14389920234680176,0.4806201457977295,0.28593575954437256
YFL035C,YDL038C,0,-5.5574245,0.14385150372982025,0.4806201457977295,0.28604650497436523
YOR313C,YBR012W-B,0,-5.5574307,0.14380384981632233,0.4806201457977295,0.2861572504043579
YPR171W,YKL160W,0,-5.557506,0.1437562108039856,0.4806201457977295,0.2862679958343506
YOR039W,YNL304W,0,-5.557538,0.14370861649513245,0.4806201457977295,0.28637874126434326
YDR171W,YOR008C-A,0,-5.5575657,0.1436610370874405,0.4806201457977295,0.28648948669433594
YNL280C,YGR133W,0,-5.557745,0.14361350238323212,0.4806201457977295,0.2866002321243286
YOR355W,YLR106C,0,-5.5577483,0.14356599748134613,0.4806201457977295,0.2867109775543213
YGR275W,YDR210W-B,0,-5.557787,0.14351852238178253,0.4806201457977295,0.2868216931819916
YNL118C,YPL144W,0,-5.557893,0.14347107708454132,0.4806201457977295,0.28693243861198425
YGL194C,YAL002W,0,-5.558081,0.1434236615896225,0.4806201457977295,0.28704318404197693
YJR158W,YBL035C,0,-5.5581136,0.14337627589702606,0.4806201457977295,0.2871539294719696
YNL317W,YGL205W,0,-5.55816,0.1433289349079132,0.4806201457977295,0.2872646749019623
YOL078W,YDR162C,0,-5.558511,0.14328160881996155,0.4806201457977295,0.28737542033195496
YDR093W,YDR235W,0,-5.558795,0.14323432743549347,0.4806201457977295,0.28748616576194763
YDL231C,YOR026W,0,-5.558872,0.14318706095218658,0.4806201457977295,0.2875969111919403
YOL023W,YGL244W,0,-5.558947,0.14313983917236328,0.4806201457977295,0.2877076268196106
YBR089C-A,YBR172C,0,-5.558967,0.14309264719486237,0.4806201457977295,0.28781837224960327
YML091C,YDR316W-A,0,-5.5591655,0.14304548501968384,0.4806201457977295,0.28792911767959595
YHR043C,YIL065C,0,-5.5591764,0.1429983526468277,0.4806201457977295,0.2880398631095886
YLR139C,YLL017W,0,-5.5592394,0.14295125007629395,0.4806201457977295,0.2881506085395813
YHR006W,YDR365W-B,0,-5.55953,0.14290417730808258,0.4806201457977295,0.288261353969574
YGL236C,YOR179C,0,-5.5596194,0.1428571492433548,0.4806201457977295,0.28837209939956665
YDL008W,YMR162C,0,-5.5596247,0.1428101360797882,0.4806201457977295,0.2884828448295593
YBL006C,YML014W,0,-5.559678,0.142763152718544,0.4806201457977295,0.288593590259552
YEL056W,YOR064C,1,-5.559685,0.14304505288600922,0.48172757029533386,0.288593590259552
YOR025W,YOR142W-A,0,-5.5598135,0.14299802482128143,0.48172757029533386,0.2887043058872223
YMR029C,YDR409W,0,-5.559829,0.14295104146003723,0.48172757029533386,0.28881505131721497
YDL093W,YKL042W,0,-5.5598555,0.14290407299995422,0.48172757029533386,0.28892579674720764
YDR411C,YPR158W-A,0,-5.5598946,0.1428571492433548,0.48172757029533386,0.2890365421772003
YJL109C,YCR062W,0,-5.5599504,0.14281024038791656,0.48172757029533386,0.289147287607193
YOR031W,YGR116W,0,-5.5599875,0.14276337623596191,0.48172757029533386,0.28925803303718567
YEL056W,YOL148C,1,-5.5600185,0.1430446207523346,0.48283499479293823,0.28925803303718567
YMR231W,YDR346C,0,-5.5601077,0.14299769699573517,0.48283499479293823,0.28936877846717834
YGR217W,YDL116W,0,-5.560131,0.14295081794261932,0.48283499479293823,0.289479523897171
YPR162C,YDR379W,0,-5.5602207,0.14290396869182587,0.48283499479293823,0.2895902693271637
YDR146C,YOR343W-A,0,-5.5602393,0.1428571492433548,0.48283499479293823,0.289700984954834
YPR181C,YIL039W,0,-5.560265,0.14281034469604492,0.48283499479293823,0.28981173038482666
YOR212W,YML038C,0,-5.5604696,0.14276358485221863,0.48283499479293823,0.28992247581481934
YIL033C,YIL080W,0,-5.560523,0.14271685481071472,0.48283499479293823,0.290033221244812
YML086C,YIL009C-A,0,-5.560564,0.1426701545715332,0.48283499479293823,0.2901439666748047
YGL180W,YCR055C,0,-5.56069,0.14262348413467407,0.48283499479293823,0.29025471210479736
YCL066W,YPL130W,0,-5.560748,0.14257684350013733,0.48283499479293823,0.29036545753479004
YHR165C,YBL050W,0,-5.561082,0.14253023266792297,0.48283499479293823,0.2904762029647827
YBR112C,YER183C,0,-5.5611973,0.1424836665391922,0.48283499479293823,0.290586918592453
YBR272C,YDR210W-A,0,-5.5612316,0.14243711531162262,0.48283499479293823,0.2906976640224457
YDR448W,YNL136W,1,-5.561303,0.142717182636261,0.4839424192905426,0.2906976640224457
YOR038C,YCR062W,0,-5.5613594,0.14267058670520782,0.4839424192905426,0.29080840945243835
YER042W,YJL054W,0,-5.561411,0.14262402057647705,0.4839424192905426,0.29091915488243103
YPR201W,YKL101W,0,-5.5614443,0.14257748425006866,0.4839424192905426,0.2910299003124237
YLR377C,YOR099W,0,-5.5614676,0.14253097772598267,0.4839424192905426,0.2911406457424164
YPL069C,YCR024C-A,0,-5.561675,0.14248451590538025,0.4839424192905426,0.29125139117240906
YKL139W,YJL204C,0,-5.561677,0.14243806898593903,0.4839424192905426,0.29136213660240173
YAL054C,YHR090C,1,-5.561679,0.14271749556064606,0.485049843788147,0.29136213660240173
YMR277W,YOR362C,0,-5.5616817,0.14267100393772125,0.485049843788147,0.2914728820323944
YPL076W,YDR159W,0,-5.5617747,0.14262455701828003,0.485049843788147,0.2915835976600647
YOR260W,YOR343W-B,0,-5.5617995,0.142578125,0.485049843788147,0.2916943430900574
YKL194C,YMR183C,0,-5.5620446,0.14253172278404236,0.485049843788147,0.29180508852005005
YDR499W,YGR094W,0,-5.562146,0.1424853652715683,0.485049843788147,0.2919158339500427
YLR081W,YML047C,0,-5.5621805,0.14243902266025543,0.485049843788147,0.2920265793800354
YLR131C,YOR035C,0,-5.56223,0.14239272475242615,0.485049843788147,0.2921373248100281
YCR012W,YGR276C,0,-5.5622478,0.14234644174575806,0.485049843788147,0.29224807024002075
YDL145C,YDR210W-A,0,-5.5622654,0.14230018854141235,0.485049843788147,0.2923588156700134
YOR023C,YMR069W,1,-5.562271,0.14257876574993134,0.48615726828575134,0.2923588156700134
YPL076W,YBR221C,0,-5.5623426,0.14253246784210205,0.48615726828575134,0.2924695312976837
YMR021C,YDL130W-A,0,-5.562401,0.14248619973659515,0.48615726828575134,0.2925802767276764
YDR393W,YLR079W,0,-5.562433,0.14243997633457184,0.48615726828575134,0.29269102215766907
YNL123W,YMR134W,0,-5.5624366,0.14239376783370972,0.48615726828575134,0.29280176758766174
YAL026C,YOL103W-B,0,-5.5624886,0.14234760403633118,0.48615726828575134,0.2929125130176544
YGL061C,YER137C-A,0,-5.562508,0.14230145514011383,0.48615726828575134,0.2930232584476471
YKL110C,YDR131C,0,-5.5626183,0.14225535094738007,0.48615726828575134,0.29313400387763977
YGL004C,YIR015W,0,-5.562668,0.1422092616558075,0.48615726828575134,0.29324474930763245
YKL160W,YLL017W,0,-5.5628347,0.1421632170677185,0.48615726828575134,0.2933554947376251
YMR246W,YPR131C,1,-5.5631423,0.14244091510772705,0.4872646629810333,0.2933554947376251
YMR260C,YEL057C,0,-5.5632405,0.14239482581615448,0.4872646629810333,0.2934662103652954
YNL020C,YGL012W,0,-5.563271,0.1423487514257431,0.4872646629810333,0.2935769557952881
YPL242C,YLR023C,0,-5.563369,0.1423027217388153,0.4872646629810333,0.29368770122528076
YMR101C,YGL049C,0,-5.5633917,0.1422567069530487,0.4872646629810333,0.29379844665527344
YHR034C,YNR032W,0,-5.5634637,0.14221073687076569,0.4872646629810333,0.2939091920852661
YCL060C,YPR112C,0,-5.5634665,0.14216478168964386,0.4872646629810333,0.2940199375152588
YNR074C,YGL044C,0,-5.563533,0.14211885631084442,0.4872646629810333,0.29413068294525146
YGR167W,YDR435C,0,-5.5636625,0.14207297563552856,0.4872646629810333,0.29424142837524414
YJL111W,YML059C,0,-5.5637054,0.1420271098613739,0.4872646629810333,0.2943521738052368
YGR009C,YKL056C,0,-5.563718,0.14198128879070282,0.4872646629810333,0.2944628894329071
YDR329C,YNL309W,0,-5.563781,0.14193548262119293,0.4872646629810333,0.2945736348628998
YJR084W,YGL092W,0,-5.5638833,0.14188970625400543,0.4872646629810333,0.29468438029289246
YMR211W,YLL043W,0,-5.5639706,0.1418439745903015,0.4872646629810333,0.29479512572288513
YJR139C,YPL155C,0,-5.56408,0.1417982578277588,0.4872646629810333,0.2949058711528778
YLL022C,YGR147C,1,-5.564197,0.14207474887371063,0.4883720874786377,0.2949058711528778
YGL048C,YMR293C,0,-5.5643578,0.14202898740768433,0.4883720874786377,0.2950166165828705
YOR284W,YCR055C,0,-5.5645485,0.1419832557439804,0.4883720874786377,0.29512736201286316
YKL220C,YHL031C,0,-5.564574,0.14193755388259888,0.4883720874786377,0.29523810744285583
YKL160W,YDR210W-A,0,-5.564575,0.14189189672470093,0.4883720874786377,0.2953488230705261
YIL149C,YER159C-A,0,-5.564616,0.14184625446796417,0.4883720874786377,0.2954595685005188
YDR093W,YGL210W-A,0,-5.5646286,0.1418006420135498,0.4883720874786377,0.2955703139305115
YKR036C,YDR027C,0,-5.564666,0.14175505936145782,0.4883720874786377,0.29568105936050415
YJL042W,YCL062W,0,-5.5651264,0.14170950651168823,0.4883720874786377,0.2957918047904968
YBR207W,YGL244W,0,-5.565443,0.14166398346424103,0.4883720874786377,0.2959025502204895
YEL056W,YOL110W,1,-5.5654945,0.14193962514400482,0.48947951197624207,0.2959025502204895
YIL159W,YMR225C,0,-5.5655694,0.14189405739307404,0.48947951197624207,0.2960132956504822
YDL175C,YLR399C,0,-5.5657196,0.14184851944446564,0.48947951197624207,0.29612404108047485
YAL054C,YGR147C,1,-5.565747,0.14212383329868317,0.49058693647384644,0.29612404108047485
YLR110C,YOR308C,0,-5.5658045,0.1420782506465912,0.49058693647384644,0.29623478651046753
YER015W,YOL148C,1,-5.565837,0.14235331118106842,0.4916943609714508,0.29623478651046753
YDL126C,YPL021W,0,-5.5659657,0.14230769872665405,0.4916943609714508,0.2963455021381378
YCR075C,YPR007C,0,-5.566123,0.14226210117340088,0.4916943609714508,0.2964562475681305
YLR353W,YPR133C,0,-5.5662203,0.1422165334224701,0.4916943609714508,0.29656699299812317
YMR070W,YLR008C,0,-5.5662975,0.1421709954738617,0.4916943609714508,0.29667773842811584
YNL326C,YPL129W,1,-5.5663004,0.14244557917118073,0.4928017854690552,0.29667773842811584
YJL085W,YBR295W,0,-5.5666428,0.14239999651908875,0.4928017854690552,0.2967884838581085
YBR121C,YML049C,0,-5.566715,0.14235444366931915,0.4928017854690552,0.2968992292881012
YHR055C,YMR065W,0,-5.566719,0.14230892062187195,0.4928017854690552,0.29700997471809387
YER015W,YGL066W,1,-5.5669637,0.14258311688899994,0.49390918016433716,0.29700997471809387
YGL145W,YPR137C-A,0,-5.567169,0.14253754913806915,0.49390918016433716,0.29712072014808655
YGR167W,YDL052C,0,-5.5671988,0.14249201118946075,0.49390918016433716,0.2972314655780792
YFR031C,YJR126C,0,-5.567254,0.14244650304317474,0.49390918016433716,0.2973421812057495
YPR023C,YDR145W,1,-5.5674086,0.1427203118801117,0.49501660466194153,0.2973421812057495
YFL018C,YGR091W,0,-5.5675535,0.1426747590303421,0.49501660466194153,0.2974529266357422
YPL125W,YNL206C,0,-5.567602,0.1426292210817337,0.49501660466194153,0.29756367206573486
YML059C,YDR098C-A,0,-5.5676556,0.1425837278366089,0.49501660466194153,0.29767441749572754
YNL065W,YPR121W,0,-5.5677795,0.14253826439380646,0.49501660466194153,0.2977851629257202
YLR206W,YJR009C,0,-5.567841,0.14249283075332642,0.49501660466194153,0.2978959083557129
YML116W,YDR210W-A,0,-5.567939,0.14244741201400757,0.49501660466194153,0.29800665378570557
YJR063W,YER137C-A,0,-5.56798,0.1424020379781723,0.49501660466194153,0.29811739921569824
YPL001W,YLL022C,1,-5.5680676,0.14267516136169434,0.4961240291595459,0.29811739921569824
YMR079W,YER137C-A,0,-5.5683846,0.1426297426223755,0.4961240291595459,0.29822811484336853
YPR144C,YHR039C-B,0,-5.5684347,0.14258433878421783,0.4961240291595459,0.2983388602733612
YLR131C,YBR217W,0,-5.568931,0.14253897964954376,0.4961240291595459,0.2984496057033539
YGL011C,YMR203W,0,-5.568968,0.14249363541603088,0.4961240291595459,0.29856035113334656
YKL062W,YLR212C,0,-5.569042,0.1424483358860016,0.4961240291595459,0.29867109656333923
YLR106C,YDR210W-A,0,-5.569074,0.14240305125713348,0.4961240291595459,0.2987818419933319
YFL035C,YPL208W,0,-5.569189,0.14235779643058777,0.4961240291595459,0.2988925874233246
YBL023C,YDL230W,0,-5.569207,0.14231258630752563,0.4961240291595459,0.29900333285331726
YGL143C,YLR467W,0,-5.5692134,0.1422673910856247,0.4961240291595459,0.29911407828330994
YJR083C,YGR119C,0,-5.5692263,0.14222222566604614,0.4961240291595459,0.2992247939109802
YOR011W,YGL145W,0,-5.5693483,0.14217709004878998,0.4961240291595459,0.2993355393409729
YDL029W,YMR016C,0,-5.5697823,0.1421319842338562,0.4961240291595459,0.2994462847709656
YHR055C,YDR316W-A,0,-5.570087,0.1420869082212448,0.4961240291595459,0.29955703020095825
YPL195W,YDL090C,0,-5.570277,0.14204184710979462,0.4961240291595459,0.2996677756309509
YLR304C,YKR024C,0,-5.5703278,0.141996830701828,0.4961240291595459,0.2997785210609436
YPL177C,YLR455W,0,-5.5704327,0.14195184409618378,0.4961240291595459,0.2998892664909363
YDR167W,YMR236W,1,-5.570531,0.14222362637519836,0.49723145365715027,0.2998892664909363
YIL072W,YJL026W,0,-5.5706472,0.14217859506607056,0.49723145365715027,0.30000001192092896
YJR089W,YER174C,0,-5.570915,0.14213359355926514,0.49723145365715027,0.30011072754859924
YGR230W,YGL172W,0,-5.571065,0.1420886069536209,0.49723145365715027,0.3002214729785919
YLR153C,YOL148C,1,-5.571212,0.14236001670360565,0.49833887815475464,0.3002214729785919
YAL047C,YJR110W,0,-5.571251,0.14231498539447784,0.49833887815475464,0.3003322184085846
YGL124C,YOR142W-A,0,-5.5713434,0.14226999878883362,0.49833887815475464,0.30044296383857727
YIL048W,YBR196C,0,-5.5714016,0.14222502708435059,0.49833887815475464,0.30055370926856995
YNR044W,YPR162C,0,-5.5714145,0.14218010008335114,0.49833887815475464,0.3006644546985626
YGR224W,YKL034W,0,-5.571478,0.14213518798351288,0.49833887815475464,0.3007752001285553
YOR023C,YBR081C,1,-5.571496,0.14240606129169464,0.499446302652359,0.3007752001285553
YLR368W,YDR261C-D,0,-5.571506,0.1423611044883728,0.499446302652359,0.300885945558548
YCR107W,YER088C,0,-5.5715733,0.14231619238853455,0.499446302652359,0.30099669098854065
YDR163W,YLR157C-B,0,-5.5715866,0.14227129518985748,0.499446302652359,0.30110740661621094
YGL144C,YGR024C,0,-5.571656,0.1422264277935028,0.499446302652359,0.3012181520462036
YDR448W,YOR023C,1,-5.5716953,0.14249685406684875,0.5005537271499634,0.3012181520462036
YBR254C,YMR046C,0,-5.5717688,0.1424519419670105,0.5005537271499634,0.3013288974761963
YKL042W,YNL046W,0,-5.571797,0.14240705966949463,0.5005537271499634,0.30143964290618896
YJL125C,YLR321C,0,-5.5718117,0.14236220717430115,0.5005537271499634,0.30155038833618164
YBR085W,YHR165C,0,-5.57182,0.14231738448143005,0.5005537271499634,0.3016611337661743
YCR058C,YOR084W,0,-5.57189,0.14227259159088135,0.5005537271499634,0.301771879196167
YDR259C,YOR343W-A,0,-5.5719514,0.14222781360149384,0.5005537271499634,0.30188262462615967
YDR150W,YDL097C,0,-5.572041,0.1421830803155899,0.5005537271499634,0.30199337005615234
YJL094C,YBR260C,0,-5.5720487,0.14213836193084717,0.5005537271499634,0.30210408568382263
YPR023C,YDL040C,1,-5.57218,0.14240804314613342,0.5016611218452454,0.30210408568382263
YAL054C,YOL148C,1,-5.572293,0.14267756044864655,0.5027685761451721,0.30210408568382263
YAL054C,YLR195C,1,-5.572356,0.14294689893722534,0.5038759708404541,0.30210408568382263
YPL129W,YMR236W,1,-5.5723715,0.143216073513031,0.5049833655357361,0.30210408568382263
YHR013C,YEL066W,1,-5.5723944,0.14348508417606354,0.5060908198356628,0.30210408568382263
YPL212C,YMR210W,0,-5.5725536,0.14344005286693573,0.5060908198356628,0.3022148311138153
YJR076C,YKL080W,0,-5.5726995,0.14339503645896912,0.5060908198356628,0.302325576543808
YCL025C,YDL143W,0,-5.5727506,0.14335006475448608,0.5060908198356628,0.30243632197380066
YHL031C,YMR190C,0,-5.57283,0.14330510795116425,0.5060908198356628,0.30254706740379333
YNL323W,YPL257W-B,0,-5.5729647,0.1432601809501648,0.5060908198356628,0.302657812833786
YDR245W,YJR027W,0,-5.573166,0.14321529865264893,0.5060908198356628,0.3027685582637787
YNR035C,YCL074W,0,-5.573254,0.14317043125629425,0.5060908198356628,0.30287930369377136
YKL194C,YOL094C,0,-5.5733414,0.14312559366226196,0.5060908198356628,0.30299001932144165
YKR036C,YLR371W,0,-5.573342,0.14308077096939087,0.5060908198356628,0.3031007647514343
YDL200C,YDR365W-B,0,-5.573613,0.14303599298000336,0.5060908198356628,0.303211510181427
YJL115W,YBR081C,1,-5.573755,0.14330412447452545,0.5071982145309448,0.303211510181427
YPR001W,YNR023W,0,-5.5738153,0.14325930178165436,0.5071982145309448,0.3033222556114197
YGR140W,YCL074W,0,-5.574168,0.14321450889110565,0.5071982145309448,0.30343300104141235
YLR391W,YLR429W,0,-5.5741687,0.14316974580287933,0.5071982145309448,0.30354374647140503
YDL154W,YGR276C,0,-5.574173,0.1431249976158142,0.5071982145309448,0.3036544919013977
YBR201W,YKL017C,0,-5.5742464,0.14308029413223267,0.5071982145309448,0.3037652373313904
YMR065W,YML120C,0,-5.574416,0.14303560554981232,0.5071982145309448,0.30387598276138306
YGL247W,YGR078C,0,-5.5747595,0.14299094676971436,0.5071982145309448,0.30398669838905334
YBL084C,YER178W,0,-5.57487,0.14294631779193878,0.5071982145309448,0.304097443819046
YDL058W,YGR122W,0,-5.575061,0.1429017186164856,0.5071982145309448,0.3042081892490387
YLL042C,YJL129C,0,-5.5751624,0.1428571492433548,0.5071982145309448,0.30431893467903137
YOR034C,YPR023C,1,-5.5751853,0.14312441647052765,0.5083056688308716,0.30431893467903137
YOR335C,YBR217W,0,-5.5752783,0.14307980239391327,0.5083056688308716,0.30442968010902405
YNR046W,YML040W,0,-5.575304,0.14303521811962128,0.5083056688308716,0.3045404255390167
YOR322C,YNR048W,0,-5.575359,0.14299064874649048,0.5083056688308716,0.3046511709690094
YAL054C,YHR099W,1,-5.5754642,0.14325755834579468,0.5094130635261536,0.3046511709690094
YGR145W,YLR410W-B,0,-5.575802,0.1432129442691803,0.5094130635261536,0.3047619163990021
YPL075W,YMR061W,0,-5.5758047,0.1431683748960495,0.5094130635261536,0.30487263202667236
YGL006W,YDR057W,0,-5.5758753,0.1431238353252411,0.5094130635261536,0.30498337745666504
YLR170C,YER164W,0,-5.5761642,0.14307931065559387,0.5094130635261536,0.3050941228866577
YIL132C,YER072W,0,-5.5762625,0.14303483068943024,0.5094130635261536,0.3052048683166504
YKR089C,YLR234W,0,-5.5765038,0.1429903656244278,0.5094130635261536,0.30531561374664307
YML065W,YJL128C,0,-5.5765495,0.14294593036174774,0.5094130635261536,0.30542635917663574
YJL085W,YGR199W,0,-5.5766,0.14290152490139008,0.5094130635261536,0.3055371046066284
YLL012W,YJL045W,0,-5.5766206,0.1428571492433548,0.5094130635261536,0.3056478500366211
YDR268W,YHR214C-B,0,-5.576661,0.1428127884864807,0.5094130635261536,0.30575859546661377
YER015W,YPR131C,1,-5.5767527,0.14307883381843567,0.5105204582214355,0.30575859546661377
YHR011W,YOL038W,0,-5.5767555,0.1430344432592392,0.5105204582214355,0.30586931109428406
YJL190C,YPR137C-A,0,-5.576815,0.14299006760120392,0.5105204582214355,0.30598005652427673
YLR371W,YOL039W,0,-5.5768223,0.14294573664665222,0.5105204582214355,0.3060908019542694
YPL137C,YHR042W,0,-5.577301,0.14290142059326172,0.5105204582214355,0.3062015473842621
YGL093W,YLL024C,0,-5.5774517,0.1428571492433548,0.5105204582214355,0.30631229281425476
YJL018W,YNL151C,0,-5.5775175,0.14281289279460907,0.5105204582214355,0.30642303824424744
YPL040C,YOR343W-B,0,-5.5775843,0.14276866614818573,0.5105204582214355,0.3065337836742401
YNL202W,YLR262C,0,-5.5777044,0.14272445440292358,0.5105204582214355,0.3066445291042328
YOL164W,YDR310C,0,-5.5779986,0.14268028736114502,0.5105204582214355,0.30675527453422546
YJL125C,YHR039C-B,0,-5.5780697,0.14263613522052765,0.5105204582214355,0.30686599016189575
YPR124W,YDR418W,0,-5.5781064,0.14259201288223267,0.5105204582214355,0.3069767355918884
YOR171C,YML014W,0,-5.5783043,0.14254793524742126,0.5105204582214355,0.3070874810218811
YGL143C,YEL002C,0,-5.578416,0.14250385761260986,0.5105204582214355,0.3071982264518738
YOR061W,YNL339C,0,-5.5784407,0.14245982468128204,0.5105204582214355,0.30730897188186646
YML071C,YNL339C,0,-5.57845,0.1424158215522766,0.5105204582214355,0.30741971731185913
YFL024C,YBR198C,1,-5.5785694,0.14268065989017487,0.5116279125213623,0.30741971731185913
YML034W,YOR142W-A,0,-5.578679,0.14263661205768585,0.5116279125213623,0.3075304627418518
YBL063W,YJL183W,0,-5.578762,0.14259259402751923,0.5116279125213623,0.3076412081718445
YDR532C,YGR054W,0,-5.5787764,0.1425485908985138,0.5116279125213623,0.30775192379951477
YGR007W,YDR397C,0,-5.5788918,0.14250463247299194,0.5116279125213623,0.30786266922950745
YLR007W,YDR103W,0,-5.5789247,0.1424606889486313,0.5116279125213623,0.3079734146595001
YFR008W,YHR083W,0,-5.578943,0.14241677522659302,0.5116279125213623,0.3080841600894928
YNL298W,YPR158C-C,0,-5.5789623,0.14237287640571594,0.5116279125213623,0.3081949055194855
YLR262C,YER137C-A,0,-5.5790844,0.14232902228832245,0.5116279125213623,0.30830565094947815
YLR391W,YPR137W,0,-5.579117,0.14228518307209015,0.5116279125213623,0.3084163963794708
YOL049W,YOL124C,0,-5.579172,0.14224137365818024,0.5116279125213623,0.3085271418094635
YIL132C,YGR284C,0,-5.579258,0.1421975940465927,0.5116279125213623,0.3086378872394562
YDR021W,YHR102W,0,-5.579545,0.14215384423732758,0.5116279125213623,0.30874860286712646
YJR006W,YPR141C,0,-5.5796647,0.14211012423038483,0.5116279125213623,0.30885934829711914
YJR006W,YLL034C,0,-5.5798483,0.14206641912460327,0.5116279125213623,0.3089700937271118
YDR301W,YIL073C,0,-5.579928,0.1420227438211441,0.5116279125213623,0.3090808391571045
YPL228W,YLR411W,0,-5.579952,0.14197909832000732,0.5116279125213623,0.30919158458709717
YCL059C,YIL046W,0,-5.580023,0.14193548262119293,0.5116279125213623,0.30930233001708984
YDR301W,YGL001C,0,-5.5802584,0.14189189672470093,0.5116279125213623,0.3094130754470825
YEL017C-A,YMR214W,0,-5.580484,0.14184832572937012,0.5116279125213623,0.3095238208770752
YFR028C,YER159C-A,0,-5.580503,0.1418047845363617,0.5116279125213623,0.30963456630706787
YDL004W,YOL039W,0,-5.5805635,0.14176127314567566,0.5116279125213623,0.30974528193473816
YHR119W,YGR143W,0,-5.580607,0.141717791557312,0.5116279125213623,0.30985602736473083
YMR044W,YDR379W,0,-5.580858,0.14167433977127075,0.5116279125213623,0.3099667727947235
YOR103C,YDR394W,0,-5.5809264,0.14163090288639069,0.5116279125213623,0.3100775182247162
YFL050C,YOL031C,0,-5.580982,0.141587495803833,0.5116279125213623,0.31018826365470886
YLR098C,YPL194W,0,-5.581119,0.14154411852359772,0.5116279125213623,0.31029900908470154
YBR114W,YER022W,0,-5.5811625,0.14150077104568481,0.5116279125213623,0.3104097545146942
YCR008W,YER024W,0,-5.5812035,0.1414574384689331,0.5116279125213623,0.3105204999446869
YCR093W,YER123W,0,-5.581217,0.14141413569450378,0.5116279125213623,0.3106312155723572
YPL110C,YIL128W,0,-5.581307,0.14137086272239685,0.5116279125213623,0.31074196100234985
YDL128W,YOL103W-B,0,-5.5813136,0.1413276195526123,0.5116279125213623,0.31085270643234253
YBR186W,YDR314C,0,-5.5813165,0.14128440618515015,0.5116279125213623,0.3109634518623352
YLR234W,YML039W,0,-5.581364,0.14124120771884918,0.5116279125213623,0.3110741972923279
YDR302W,YKL032C,0,-5.581373,0.1411980390548706,0.5116279125213623,0.31118494272232056
YGR056W,YDR322C-A,0,-5.5818024,0.14115490019321442,0.5116279125213623,0.31129568815231323
YHR034C,YDR487C,0,-5.5818076,0.14111179113388062,0.5116279125213623,0.3114064335823059
YGR191W,YGR161W-A,0,-5.5819216,0.141068696975708,0.5116279125213623,0.3115171790122986
YDL137W,YPR005C,0,-5.581958,0.14102564752101898,0.5116279125213623,0.31162789463996887
YMR275C,YPL233W,0,-5.581979,0.14098261296749115,0.5116279125213623,0.31173864006996155
YFR048W,YNL079C,0,-5.5819817,0.1409395933151245,0.5116279125213623,0.3118493854999542
YCL066W,YEL065W,0,-5.5820103,0.14089661836624146,0.5116279125213623,0.3119601309299469
YBR098W,YJL053W,0,-5.582053,0.1408536583185196,0.5116279125213623,0.3120708763599396
YOL164W,YEL019C,0,-5.582202,0.14081072807312012,0.5116279125213623,0.31218162178993225
YGL144C,YJR045C,0,-5.582481,0.14076782763004303,0.5116279125213623,0.3122923672199249
YOL063C,YEL030W,0,-5.5825353,0.14072494208812714,0.5116279125213623,0.3124031126499176
YEL056W,YPR131C,1,-5.5825496,0.1409866064786911,0.5127353072166443,0.3124031126499176
YLR397C,YML039W,0,-5.5826206,0.14094367623329163,0.5127353072166443,0.3125138282775879
YFL039C,YOR034C,1,-5.582762,0.14120511710643768,0.513842761516571,0.3125138282775879
YEL022W,YKL080W,0,-5.5830374,0.14116215705871582,0.513842761516571,0.31262457370758057
YOR030W,YGL229C,0,-5.583327,0.14111922681331635,0.513842761516571,0.31273531913757324
YJL214W,YHR079C-A,0,-5.5833626,0.14107631146907806,0.513842761516571,0.3128460645675659
YJR042W,YBR296C,0,-5.583482,0.14103344082832336,0.513842761516571,0.3129568099975586
YGL116W,YCL075W,0,-5.5836883,0.14099058508872986,0.513842761516571,0.31306755542755127
YBR068C,YDL074C,0,-5.5837164,0.14094775915145874,0.513842761516571,0.31317830085754395
YBR155W,YDL245C,0,-5.583786,0.14090494811534882,0.513842761516571,0.3132890462875366
YLR052W,YPR065W,0,-5.5839605,0.14086216688156128,0.513842761516571,0.3133997917175293
YOR335C,YNL090W,0,-5.5841317,0.14081943035125732,0.513842761516571,0.3135105073451996
YOL049W,YOR057W,0,-5.584381,0.14077669382095337,0.513842761516571,0.31362125277519226
YJL102W,YBR123C,0,-5.5845127,0.140734001994133,0.513842761516571,0.31373199820518494
YDL154W,YIL061C,0,-5.584632,0.14069132506847382,0.513842761516571,0.3138427436351776
YDR477W,YAL047C,0,-5.5848403,0.14064867794513702,0.513842761516571,0.3139534890651703
YBR170C,YML105C,0,-5.5848866,0.14060606062412262,0.513842761516571,0.31406423449516296
YMR219W,YJL094C,0,-5.5849404,0.1405634582042694,0.513842761516571,0.31417497992515564
YPL171C,YOL045W,0,-5.5849667,0.14052090048789978,0.513842761516571,0.3142857253551483
YDL116W,YML045W,0,-5.585075,0.14047835767269135,0.513842761516571,0.314396470785141
YDR098C,YOR142W-A,0,-5.5850825,0.1404358297586441,0.513842761516571,0.3145071864128113
YGL174W,YPR070W,0,-5.585153,0.14039334654808044,0.513842761516571,0.31461793184280396
YJL121C,YOL128C,0,-5.5854154,0.14035087823867798,0.513842761516571,0.31472867727279663
YMR067C,YBR012W-A,0,-5.5854254,0.1403084397315979,0.513842761516571,0.3148394227027893
YNL222W,YIL039W,0,-5.585555,0.14026601612567902,0.513842761516571,0.314950168132782
YDL074C,YCR067C,0,-5.5856667,0.1402236372232437,0.513842761516571,0.31506091356277466
YNL097C,YIR018W,0,-5.585857,0.1401812732219696,0.513842761516571,0.31517165899276733
YML120C,YKL196C,0,-5.5860147,0.1401389241218567,0.513842761516571,0.31528240442276
YLR100W,YPL153C,0,-5.586021,0.14009661972522736,0.513842761516571,0.3153931200504303
YCR098C,YMR060C,0,-5.5860276,0.14005433022975922,0.513842761516571,0.315503865480423
YER108C,YDL226C,0,-5.5860806,0.14001207053661346,0.513842761516571,0.31561461091041565
YLR303W,YDR485C,0,-5.586211,0.1399698406457901,0.513842761516571,0.3157253563404083
YBR234C,YDR179C,0,-5.586281,0.13992762565612793,0.513842761516571,0.315836101770401
YKL108W,YNL284C-B,0,-5.586298,0.13988544046878815,0.513842761516571,0.3159468472003937
YBR040W,YMR044W,0,-5.586481,0.13984328508377075,0.513842761516571,0.31605759263038635
YMR073C,YKL173W,0,-5.5865116,0.13980114459991455,0.513842761516571,0.31616833806037903
YJL036W,YDR316W-A,0,-5.586582,0.13975903391838074,0.513842761516571,0.3162790834903717
YMR312W,YJL093C,0,-5.586734,0.1397169530391693,0.513842761516571,0.316389799118042
YHL019C,YGL201C,0,-5.586746,0.13967490196228027,0.513842761516571,0.31650054454803467
YIL008W,YPL283C,0,-5.586809,0.13963286578655243,0.513842761516571,0.31661128997802734
YJL058C,YER024W,0,-5.586899,0.13959085941314697,0.513842761516571,0.31672203540802
YKL134C,YCR037C,0,-5.5872025,0.1395488679409027,0.513842761516571,0.3168327808380127
YDL143W,YPL160W,0,-5.587288,0.13950692117214203,0.513842761516571,0.31694352626800537
YHR152W,YDR210W-B,0,-5.587433,0.13946498930454254,0.513842761516571,0.31705427169799805
YNR026C,YDL225W,0,-5.5874434,0.13942307233810425,0.513842761516571,0.3171650171279907
YER032W,YLR223C,0,-5.587571,0.13938120007514954,0.513842761516571,0.317275732755661
YPR080W,YER024W,0,-5.5876093,0.13933934271335602,0.513842761516571,0.3173864781856537
YAR002C-A,YDR251W,0,-5.5878763,0.1392975151538849,0.513842761516571,0.31749722361564636
YDR362C,YKL056C,0,-5.5881543,0.13925570249557495,0.513842761516571,0.31760796904563904
YIL035C,YER019C-A,0,-5.5883675,0.1392139196395874,0.513842761516571,0.3177187144756317
YDR151C,YER138C,0,-5.588392,0.13917216658592224,0.513842761516571,0.3178294599056244
YKL058W,YOR142W-A,0,-5.5885677,0.13913042843341827,0.513842761516571,0.31794020533561707
YOR299W,YPL087W,0,-5.5886345,0.1390887349843979,0.513842761516571,0.31805095076560974
YDR434W,YDR180W,0,-5.5886893,0.1390470415353775,0.513842761516571,0.3181616961956024
YGL054C,YLR277C,0,-5.5889997,0.1390053927898407,0.513842761516571,0.3182724118232727
YDR091C,YGR122W,0,-5.5891037,0.1389637589454651,0.513842761516571,0.3183831572532654
YDR137W,YJL191W,0,-5.5893707,0.13892215490341187,0.513842761516571,0.31849390268325806
YCR093W,YPL063W,0,-5.5897326,0.13888058066368103,0.513842761516571,0.31860464811325073
YDR123C,YNL253W,0,-5.589752,0.1388390213251114,0.513842761516571,0.3187153935432434
YCR082W,YJL061W,0,-5.589896,0.13879749178886414,0.513842761516571,0.3188261389732361
YBL035C,YDR464W,0,-5.590151,0.13875597715377808,0.513842761516571,0.31893688440322876
YPL259C,YGL162W,0,-5.5904574,0.1387144923210144,0.513842761516571,0.31904762983322144
YDR057W,YOR172W,0,-5.5904737,0.13867303729057312,0.513842761516571,0.3191583752632141
YPR025C,YGR010W,0,-5.5905113,0.13863161206245422,0.513842761516571,0.3192690908908844
YLR153C,YGR002C,1,-5.591118,0.1388888955116272,0.514950156211853,0.3192690908908844
YMR042W,YGL084C,0,-5.5912266,0.13884741067886353,0.514950156211853,0.3193798363208771
YGR002C,YDR167W,1,-5.591319,0.1391044706106186,0.5160576105117798,0.3193798363208771
YGL169W,YJR027W,0,-5.5913506,0.13906297087669373,0.5160576105117798,0.31949058175086975
YEL056W,YCL010C,1,-5.591423,0.13931980729103088,0.5171650052070618,0.31949058175086975
YFL039C,YGR147C,1,-5.591544,0.1395764946937561,0.5182723999023438,0.31949058175086975
YEL022W,YCR062W,0,-5.5915613,0.13953489065170288,0.5182723999023438,0.3196013271808624
YML069W,YJR104C,0,-5.5916977,0.13949328660964966,0.5182723999023438,0.3197120726108551
YER179W,YAR018C,0,-5.591917,0.13945172727108002,0.5182723999023438,0.3198228180408478
YKR036C,YLR346C,0,-5.5919294,0.13941018283367157,0.5182723999023438,0.31993356347084045
YJL076W,YDL097C,0,-5.5920553,0.1393686681985855,0.5182723999023438,0.32004430890083313
YDR459C,YLL002W,1,-5.592107,0.13962489366531372,0.5193798542022705,0.32004430890083313
YGR140W,YFL036W,0,-5.592321,0.13958333432674408,0.5193798542022705,0.3201550245285034
YLR397C,YNL131W,0,-5.5923634,0.13954180479049683,0.5193798542022705,0.3202657699584961
YHL002W,YER038C,0,-5.5924945,0.13950029015541077,0.5193798542022705,0.32037651538848877
YHR036W,YOR140W,0,-5.592574,0.1394588202238083,0.5193798542022705,0.32048726081848145
YKL110C,YKR028W,0,-5.592588,0.139417365193367,0.5193798542022705,0.3205980062484741
YKR052C,YDL059C,0,-5.5926414,0.13937592506408691,0.5193798542022705,0.3207087516784668
YLR270W,YDR160W,0,-5.5927944,0.1393345147371292,0.5193798542022705,0.3208194971084595
YCL039W,YOR191W,0,-5.592797,0.1392931342124939,0.5193798542022705,0.32093024253845215
YJR084W,YDR065W,0,-5.592803,0.13925178349018097,0.5193798542022705,0.3210409879684448
YPL096W,YGR013W,0,-5.5928235,0.13921044766902924,0.5193798542022705,0.3211517035961151
YLR380W,YGR094W,0,-5.5928907,0.1391691416501999,0.5193798542022705,0.3212624490261078
YPL061W,YLR298C,0,-5.593194,0.13912785053253174,0.5193798542022705,0.32137319445610046
YKL178C,YNL186W,0,-5.593218,0.13908658921718597,0.5193798542022705,0.32148393988609314
YOR133W,YEL037C,0,-5.5932693,0.1390453577041626,0.5193798542022705,0.3215946853160858
YPR165W,YDR078C,0,-5.5932717,0.1390041559934616,0.5193798542022705,0.3217054307460785
YMR173W,YPR032W,0,-5.593382,0.13896296918392181,0.5193798542022705,0.32181617617607117
YHR174W,YCL043C,0,-5.59367,0.1389217972755432,0.5193798542022705,0.32192692160606384
YJR007W,YKL070W,0,-5.59414,0.1388806700706482,0.5193798542022705,0.3220376670360565
YLR391W-A,YDR473C,0,-5.594144,0.13883954286575317,0.5193798542022705,0.3221483826637268
YNL041C,YER133W,0,-5.5941525,0.13879846036434174,0.5193798542022705,0.3222591280937195
YDR151C,YGR161W-B,0,-5.594201,0.1387573927640915,0.5193798542022705,0.32236987352371216
YIL112W,YKL110C,0,-5.5943136,0.13871635496616364,0.5193798542022705,0.32248061895370483
YIR010W,YIL013C,0,-5.594327,0.13867534697055817,0.5193798542022705,0.3225913643836975
YOR113W,YGR181W,0,-5.5943794,0.1386343538761139,0.5193798542022705,0.3227021098136902
YJL065C,YOR347C,0,-5.594532,0.1385933756828308,0.5193798542022705,0.32281285524368286
YHR152W,YGR181W,0,-5.5946097,0.1385524421930313,0.5193798542022705,0.32292360067367554
YJL020C,YCR053W,0,-5.594878,0.138511523604393,0.5193798542022705,0.3230343163013458
YPR007C,YKR055W,0,-5.594946,0.1384706199169159,0.5193798542022705,0.3231450617313385
YDR244W,YDL225W,0,-5.595077,0.13842974603176117,0.5193798542022705,0.3232558071613312
YJL061W,YBL018C,0,-5.5950913,0.13838890194892883,0.5193798542022705,0.32336655259132385
YFL024C,YDR126W,1,-5.595244,0.1386430710554123,0.5204872488975525,0.32336655259132385
YLR391W-A,YGR191W,0,-5.595335,0.13860218226909637,0.5204872488975525,0.32347729802131653
YLR028C,YOL133W,0,-5.595388,0.13856132328510284,0.5204872488975525,0.3235880434513092
YBR234C,YJL048C,0,-5.5954337,0.1385204792022705,0.5204872488975525,0.3236987888813019
YJR017C,YOR088W,0,-5.5954666,0.13847966492176056,0.5204872488975525,0.32380953431129456
YLR332W,YML098W,0,-5.5955467,0.138438880443573,0.5204872488975525,0.32392027974128723
YDR265W,YPL258C,0,-5.595622,0.13839811086654663,0.5204872488975525,0.3240309953689575
YML102W,YIL048W,0,-5.595685,0.13835737109184265,0.5204872488975525,0.3241417407989502
YMR070W,YDR243C,0,-5.5958023,0.13831666111946106,0.5204872488975525,0.32425248622894287
YBR091C,YJL035C,0,-5.59596,0.13827596604824066,0.5204872488975525,0.32436323165893555
YFL031W,YML064C,0,-5.5960436,0.13823530077934265,0.5204872488975525,0.3244739770889282
YNL061W,YDR261W-A,0,-5.5961466,0.13819465041160583,0.5204872488975525,0.3245847225189209
YAL054C,YPR131C,1,-5.5961857,0.13844797015190125,0.5215947031974792,0.3245847225189209
YHR083W,YML034W,0,-5.5962296,0.13840728998184204,0.5215947031974792,0.3246954679489136
YPL132W,YOR008C-A,0,-5.596385,0.13836662471294403,0.5215947031974792,0.32480621337890625
YLR438C-A,YAL016W,0,-5.5965075,0.1383259892463684,0.5215947031974792,0.32491692900657654
YOL133W,YML010W,0,-5.5965652,0.13828538358211517,0.5215947031974792,0.3250276744365692
YLR195C,YBR081C,1,-5.5968204,0.13853830099105835,0.5227020978927612,0.3250276744365692
YOL017W,YHR091C,0,-5.596846,0.13849765062332153,0.5227020978927612,0.3251384198665619
YAL054C,YCL010C,1,-5.596975,0.138750359416008,0.523809552192688,0.3251384198665619
YDR174W,YIR012W,0,-5.5970736,0.1387096792459488,0.523809552192688,0.32524916529655457
YBR015C,YHR023W,0,-5.597126,0.13866901397705078,0.523809552192688,0.32535991072654724
YHR096C,YDR098C-B,0,-5.5972004,0.13862836360931396,0.523809552192688,0.3254706561565399
YGR284C,YBL034C,0,-5.5972414,0.13858775794506073,0.523809552192688,0.3255814015865326
YGR167W,YOR027W,0,-5.597265,0.1385471522808075,0.523809552192688,0.32569214701652527
YOR232W,YPL167C,0,-5.597552,0.13850659132003784,0.523809552192688,0.32580289244651794
YHL019C,YBL023C,0,-5.597931,0.13846604526042938,0.523809552192688,0.32591360807418823
YNL281W,YBL018C,0,-5.5979815,0.13842551410198212,0.523809552192688,0.3260243535041809
YAL035W,YGR258C,0,-5.5980716,0.13838502764701843,0.523809552192688,0.3261350989341736
YNR044W,YNL090W,0,-5.598122,0.13834454119205475,0.523809552192688,0.32624584436416626
YPL233W,YMR270C,0,-5.5981827,0.13830409944057465,0.523809552192688,0.32635658979415894
YPL135W,YIL122W,0,-5.598525,0.13826367259025574,0.523809552192688,0.3264673352241516
YDR298C,YAL033W,0,-5.5985518,0.13822326064109802,0.523809552192688,0.3265780806541443
YMR008C,YBL050W,0,-5.5989084,0.1381828784942627,0.523809552192688,0.32668882608413696
YMR287C,YPL010W,0,-5.5989275,0.13814252614974976,0.523809552192688,0.32679957151412964
YKR009C,YNL197C,0,-5.599098,0.138102188706398,0.523809552192688,0.3269102871417999
YNL041C,YNL128W,0,-5.5991263,0.13806188106536865,0.523809552192688,0.3270210325717926
YIL004C,YFL002W-B,0,-5.599137,0.1380215883255005,0.523809552192688,0.3271317780017853
YHR102W,YER146W,0,-5.599263,0.1379813253879547,0.523809552192688,0.32724252343177795
YJR040W,YJL109C,0,-5.599527,0.13794109225273132,0.523809552192688,0.32735326886177063
YKR090W,YHR143W-A,0,-5.5997133,0.13790087401866913,0.523809552192688,0.3274640142917633
YBR015C,YOL112W,0,-5.6000104,0.13786068558692932,0.523809552192688,0.327574759721756
YHR073W,YDR098C-B,0,-5.6000586,0.1378205120563507,0.523809552192688,0.32768550515174866
YKL160W,YJL052W,0,-5.6002393,0.13778036832809448,0.523809552192688,0.32779622077941895
YLR219W,YDR228C,0,-5.6002445,0.13774023950099945,0.523809552192688,0.3279069662094116
YCR020W-B,YJL108C,0,-5.6002812,0.1377001404762268,0.523809552192688,0.3280177116394043
YLR215C,YFR033C,0,-5.6003375,0.13766007125377655,0.523809552192688,0.328128457069397
YDL087C,YOL088C,0,-5.6010475,0.1376200169324875,0.523809552192688,0.32823920249938965
YDR081C,YNL097C,0,-5.601133,0.1375799924135208,0.523809552192688,0.3283499479293823
YCL017C,YMR039C,0,-5.6011477,0.13753998279571533,0.523809552192688,0.328460693359375
YDR376W,YGR121C,0,-5.6012044,0.13750000298023224,0.523809552192688,0.3285714387893677
YFL024C,YEL066W,1,-5.6012616,0.13775065541267395,0.52491694688797,0.3285714387893677
YGR086C,YDR261C-D,0,-5.601284,0.13771063089370728,0.52491694688797,0.32868218421936035
YOR023C,YJL081C,1,-5.60132,0.13796107470989227,0.526024341583252,0.32868218421936035
YGR036C,YGR247W,0,-5.601491,0.1379210203886032,0.526024341583252,0.32879289984703064
YOR038C,YOR319W,0,-5.601533,0.13788098096847534,0.526024341583252,0.3289036452770233
YNL219C,YBL061C,0,-5.6016774,0.13784097135066986,0.526024341583252,0.329014390707016
YDR499W,YDL225W,0,-5.6016874,0.13780099153518677,0.526024341583252,0.32912513613700867
YBR278W,YOR320C,0,-5.6017203,0.13776102662086487,0.526024341583252,0.32923588156700134
YOR236W,YDL134C,0,-5.6017714,0.13772107660770416,0.526024341583252,0.329346626996994
YLR238W,YPR158C-C,0,-5.6020646,0.13768115639686584,0.526024341583252,0.3294573724269867
YJL166W,YFL002W-A,0,-5.6021533,0.13764126598834991,0.526024341583252,0.32956811785697937
YHR188C,YLR069C,0,-5.6022444,0.13760139048099518,0.526024341583252,0.32967883348464966
YOL013C,YIL129C,0,-5.602269,0.13756154477596283,0.526024341583252,0.32978957891464233
YBR164C,YER177W,0,-5.6022725,0.13752171397209167,0.526024341583252,0.329900324344635
YNL207W,YER018C,0,-5.6025324,0.1374819129705429,0.526024341583252,0.3300110697746277
YNL136W,YCL010C,1,-5.602663,0.13773147761821747,0.5271317958831787,0.3300110697746277
YER020W,YLR193C,0,-5.602666,0.1376916468143463,0.5271317958831787,0.33012181520462036
YOL068C,YGL255W,0,-5.6027503,0.13765181601047516,0.5271317958831787,0.33023256063461304
YDR148C,YGR091W,0,-5.602942,0.13761202991008759,0.5271317958831787,0.3303433060646057
YMR043W,YPL169C,0,-5.602962,0.1375722587108612,0.5271317958831787,0.3304540514945984
YJL210W,YDR464W,0,-5.6030254,0.13753250241279602,0.5271317958831787,0.33056479692459106
YDL230W,YER087C-A,0,-5.6030293,0.13749277591705322,0.5271317958831787,0.33067551255226135
YJR074W,YBR090C-A,0,-5.60303,0.1374530792236328,0.5271317958831787,0.33078625798225403
YKL220C,YGR276C,0,-5.603076,0.1374133974313736,0.5271317958831787,0.3308970034122467
YDR434W,YGL033W,0,-5.6031184,0.13737373054027557,0.5271317958831787,0.3310077488422394
YEL030W,YPL167C,0,-5.6031485,0.13733410835266113,0.5271317958831787,0.33111849427223206
YDR424C,YHR124W,0,-5.6031737,0.1372944861650467,0.5271317958831787,0.33122923970222473
YGL151W,YHR079C-B,0,-5.60328,0.13725490868091583,0.5271317958831787,0.3313399851322174
YCR065W,YLR191W,0,-5.6033187,0.13721533119678497,0.5271317958831787,0.3314507305622101
YMR053C,YPR121W,0,-5.603424,0.1371757984161377,0.5271317958831787,0.33156147599220276
YDR448W,YMR246W,1,-5.6036706,0.13742437958717346,0.5282391905784607,0.33156147599220276
YGR036C,YDR160W,0,-5.603794,0.1373847872018814,0.5282391905784607,0.33167219161987305
YER146W,YBL022C,0,-5.603962,0.13734523952007294,0.5282391905784607,0.3317829370498657
YMR276W,YLR116W,0,-5.6041036,0.13730570673942566,0.5282391905784607,0.3318936824798584
YLR382C,YNL088W,0,-5.604162,0.13726618885993958,0.5282391905784607,0.3320044279098511
YNL275W,YGR180C,0,-5.6043367,0.13722670078277588,0.5282391905784607,0.33211517333984375
YDR182W,YPR137W,0,-5.6043386,0.13718722760677338,0.5282391905784607,0.3322259187698364
YBR274W,YFL011W,0,-5.604638,0.13714778423309326,0.5282391905784607,0.3323366641998291
YDR167W,YBR198C,1,-5.604719,0.13739579916000366,0.5293466448783875,0.3323366641998291
YKR007W,YNL339C,0,-5.604948,0.13735632598400116,0.5293466448783875,0.3324474096298218
YKL020C,YDR160W,0,-5.6050234,0.13731686770915985,0.5293466448783875,0.33255812525749207
YDR302W,YOR148C,0,-5.605027,0.13727742433547974,0.5293466448783875,0.33266887068748474
YBL025W,YDR532C,0,-5.605097,0.137238010764122,0.5293466448783875,0.3327796161174774
YOR080W,YDL208W,0,-5.605137,0.13719862699508667,0.5293466448783875,0.3328903615474701
YDR037W,YJL026W,0,-5.6052337,0.13715925812721252,0.5293466448783875,0.33300110697746277
YHL040C,YBR272C,0,-5.6058307,0.13711990416049957,0.5293466448783875,0.33311185240745544
YGR211W,YGR122W,0,-5.6058464,0.137080579996109,0.5293466448783875,0.3332225978374481
YPR141C,YPL085W,0,-5.605891,0.13704128563404083,0.5293466448783875,0.3333333432674408
YOL060C,YGR116W,0,-5.606039,0.13700200617313385,0.5293466448783875,0.33344408869743347
YJL081C,YDR459C,1,-5.6064224,0.13724929094314575,0.5304540395736694,0.33344408869743347
YMR056C,YAR031W,0,-5.6064243,0.1372099667787552,0.5304540395736694,0.33355480432510376
YFL023W,YAL033W,0,-5.606466,0.137170672416687,0.5304540395736694,0.33366554975509644
YGR121C,YDR316W-B,0,-5.606473,0.13713140785694122,0.5304540395736694,0.3337762951850891
YJR064W,YMR201C,0,-5.606786,0.13709215819835663,0.5304540395736694,0.3338870406150818
YPR082C,YDR130C,0,-5.6069345,0.13705293834209442,0.5304540395736694,0.33399778604507446
YPL020C,YOR338W,0,-5.607095,0.1370137333869934,0.5304540395736694,0.33410853147506714
YMR026C,YJL141C,0,-5.6071644,0.1369745433330536,0.5304540395736694,0.3342192769050598
YGR033C,YPL144W,0,-5.607279,0.13693539798259735,0.5304540395736694,0.3343300223350525
YNL151C,YLR346C,0,-5.6074743,0.1368962526321411,0.5304540395736694,0.33444076776504517
YIL009W,YDR459C,1,-5.6074963,0.1371428519487381,0.5315614342689514,0.33444076776504517
YOR257W,YHR120W,0,-5.607622,0.13710369169712067,0.5315614342689514,0.33455148339271545
YCL004W,YJR120W,0,-5.6076784,0.13706453144550323,0.5315614342689514,0.33466222882270813
YPR075C,YGR116W,0,-5.6077256,0.1370254009962082,0.5315614342689514,0.3347729742527008
YJL178C,YNL225C,0,-5.6077876,0.13698630034923553,0.5315614342689514,0.3348837196826935
YFR046C,YOR084W,0,-5.6079655,0.13694721460342407,0.5315614342689514,0.33499446511268616
YBR081C,YGR002C,1,-5.608061,0.13719338178634644,0.5326688885688782,0.33499446511268616
YIL040W,YHR102W,0,-5.6082206,0.13715426623821259,0.5326688885688782,0.33510521054267883
YHR160C,YFR033C,0,-5.6082406,0.13711516559123993,0.5326688885688782,0.3352159559726715
YKL144C,YPR137C-A,0,-5.608268,0.13707609474658966,0.5326688885688782,0.3353267014026642
YLR310C,YGL048C,0,-5.6086497,0.13703703880310059,0.5326688885688782,0.3354374170303345
YER016W,YML092C,0,-5.608926,0.1369980126619339,0.5326688885688782,0.33554816246032715
YKR048C,YGR094W,0,-5.6089272,0.1369590014219284,0.5326688885688782,0.3356589078903198
YPR103W,YKL006C-A,0,-5.60897,0.1369200050830841,0.5326688885688782,0.3357696533203125
YLR131C,YNR048W,0,-5.6092553,0.1368810534477234,0.5326688885688782,0.3358803987503052
YOR326W,YIL084C,0,-5.609436,0.13684210181236267,0.5326688885688782,0.33599114418029785
YDL035C,YML069W,0,-5.609441,0.13680317997932434,0.5326688885688782,0.3361018896102905
YNL059C,YER019W,0,-5.609623,0.1367642879486084,0.5326688885688782,0.3362126350402832
YBR077C,YDR247W,0,-5.60966,0.13672541081905365,0.5326688885688782,0.3363233804702759
YML058W-A,YPL211W,0,-5.609952,0.1366865634918213,0.5326688885688782,0.33643409609794617
YPR171W,YHR006W,0,-5.6102905,0.13664773106575012,0.5326688885688782,0.33654484152793884
YBR026C,YCR024C-A,0,-5.610331,0.13660891354084015,0.5326688885688782,0.3366555869579315
YLR133W,YDL145C,0,-5.610378,0.13657012581825256,0.5326688885688782,0.3367663323879242
YPL096W,YAR031W,0,-5.610552,0.13653136789798737,0.5326688885688782,0.33687707781791687
YDR123C,YBR260C,0,-5.610568,0.13649262487888336,0.5326688885688782,0.33698782324790955
YNL090W,YJR026W,0,-5.610715,0.13645389676094055,0.5326688885688782,0.3370985686779022
YFL048C,YOR256C,0,-5.610838,0.13641519844532013,0.5326688885688782,0.3372093141078949
YPL161C,YIL010W,0,-5.611135,0.1363765299320221,0.5326688885688782,0.3373200297355652
YMR055C,YIL013C,0,-5.611151,0.13633786141872406,0.5326688885688782,0.33743077516555786
YBL069W,YGL003C,0,-5.6111865,0.1362992376089096,0.5326688885688782,0.33754152059555054
YPL170W,YKL059C,0,-5.611212,0.13626062870025635,0.5326688885688782,0.3376522660255432
YPL078C,YOR346W,0,-5.6112328,0.13622203469276428,0.5326688885688782,0.3377630114555359
YBR155W,YHL025W,0,-5.611308,0.1361834704875946,0.5326688885688782,0.33787375688552856
YFL024C,YBR081C,1,-5.6115055,0.13642796874046326,0.5337762832641602,0.33787375688552856
YKL138C-A,YER070W,0,-5.6116257,0.13638935983181,0.5337762832641602,0.33798450231552124
YBR081C,YHR090C,1,-5.611958,0.13663366436958313,0.5348837375640869,0.33798450231552124
YMR285C,YBR058C-A,0,-5.612234,0.13659502565860748,0.5348837375640869,0.3380952477455139
YNL094W,YDR276C,0,-5.612237,0.13655640184879303,0.5348837375640869,0.3382059931755066
YAL031C,YGL243W,0,-5.612298,0.13651780784130096,0.5348837375640869,0.3383167088031769
YJR144W,YKL051W,0,-5.612441,0.1364792287349701,0.5348837375640869,0.33842745423316956
YNL030W,YMR210W,0,-5.612526,0.1364406794309616,0.5348837375640869,0.33853819966316223
YAR042W,YCL063W,0,-5.612602,0.13640214502811432,0.5348837375640869,0.3386489450931549
YNL084C,YKL040C,0,-5.612709,0.13636364042758942,0.5348837375640869,0.3387596905231476
YOR211C,YPR158W-B,0,-5.612718,0.1363251507282257,0.5348837375640869,0.33887043595314026
YOR064C,YHR090C,1,-5.61306,0.1365688443183899,0.5359911322593689,0.33887043595314026
YPR133C,YPL106C,0,-5.613256,0.1365303248167038,0.5359911322593689,0.33898118138313293
YDR448W,YLR195C,1,-5.613478,0.13677382469177246,0.5370985865592957,0.33898118138313293
YOL010W,YBR254C,0,-5.614069,0.13673527538776398,0.5370985865592957,0.3390919268131256
YGL068W,YOL124C,0,-5.614176,0.1366967260837555,0.5370985865592957,0.3392026722431183
YLR459W,YDL022W,0,-5.6143656,0.1366582065820694,0.5370985865592957,0.3393133878707886
YCL003W,YOR270C,0,-5.614399,0.1366197168827057,0.5370985865592957,0.33942413330078125
YDR228C,YOL039W,0,-5.61448,0.13658124208450317,0.5370985865592957,0.3395348787307739
YJR046W,YGL095C,0,-5.6144896,0.13654279708862305,0.5370985865592957,0.3396456241607666
YHR013C,YDR167W,1,-5.6144943,0.1367858201265335,0.5382059812545776,0.3396456241607666
YNR049C,YGL205W,0,-5.6150446,0.1367473304271698,0.5382059812545776,0.3397563695907593
YPL194W,YOR260W,0,-5.6153436,0.13670885562896729,0.5382059812545776,0.33986711502075195
YPL001W,YBR081C,1,-5.6154814,0.13695162534713745,0.5393133759498596,0.33986711502075195
YHR008C,YDR027C,0,-5.615885,0.13691313564777374,0.5393133759498596,0.33997786045074463
YBL020W,YER160C,0,-5.616175,0.13687464594841003,0.5393133759498596,0.3400886058807373
YCL017C,YNR052C,0,-5.6164026,0.1368361860513687,0.5393133759498596,0.3401993215084076
YNL130C,YBR060C,0,-5.616443,0.13679775595664978,0.5393133759498596,0.34031006693840027
YOR137C,YPR137C-B,0,-5.616454,0.13675934076309204,0.5393133759498596,0.34042081236839294
YLR391W,YBR207W,0,-5.6165056,0.1367209404706955,0.5393133759498596,0.3405315577983856
YPR055W,YCL005W-A,0,-5.616508,0.13668256998062134,0.5393133759498596,0.3406423032283783
YDL093W,YGR033C,0,-5.616577,0.13664421439170837,0.5393133759498596,0.34075304865837097
YLL022C,YMR069W,1,-5.6165857,0.1368863880634308,0.5404208302497864,0.34075304865837097
YOR361C,YKL108W,0,-5.6167994,0.13684800267219543,0.5404208302497864,0.34086379408836365
YER116C,YKL099C,0,-5.616909,0.13680964708328247,0.5404208302497864,0.3409745395183563
YGR276C,YOL034W,0,-5.6173697,0.1367713063955307,0.5404208302497864,0.341085284948349
YDR200C,YLR249W,0,-5.617411,0.13673298060894012,0.5404208302497864,0.3411960005760193
YGL122C,YML033W,0,-5.617715,0.13669468462467194,0.5404208302497864,0.34130674600601196
YDR036C,YDR372C,0,-5.617882,0.13665640354156494,0.5404208302497864,0.34141749143600464
YML058W-A,YLR020C,0,-5.6178985,0.13661813735961914,0.5404208302497864,0.3415282368659973
YDL004W,YGR216C,0,-5.6180053,0.13657990097999573,0.5404208302497864,0.34163898229599
YDR028C,YOR229W,0,-5.618308,0.1365416944026947,0.5404208302497864,0.34174972772598267
YIR010W,YNL014W,0,-5.618371,0.13650350272655487,0.5404208302497864,0.34186047315597534
YPL248C,YDR316W-A,0,-5.6187057,0.13646532595157623,0.5404208302497864,0.341971218585968
YCR055C,YCL063W,0,-5.6190543,0.13642717897891998,0.5404208302497864,0.3420819342136383
YAL047C,YJL113W,0,-5.6191645,0.13638904690742493,0.5404208302497864,0.342192679643631
YAL025C,YGR213C,0,-5.619467,0.13635092973709106,0.5404208302497864,0.34230342507362366
YOL135C,YOL105C,0,-5.6196175,0.1363128423690796,0.5404208302497864,0.34241417050361633
YAL030W,YCL075W,0,-5.619633,0.1362747848033905,0.5404208302497864,0.342524915933609
YJL006C,YLR368W,0,-5.620047,0.1362367421388626,0.5404208302497864,0.3426356613636017
YHR152W,YPR158W-B,0,-5.62012,0.1361987143754959,0.5404208302497864,0.34274640679359436
YGR225W,YML078W,0,-5.6202126,0.1361607164144516,0.5404208302497864,0.34285715222358704
YCR098C,YLR105C,0,-5.620384,0.13612273335456848,0.5404208302497864,0.3429678976535797
YCL010C,YOL148C,1,-5.6204195,0.13636364042758942,0.5415282249450684,0.3429678976535797
YGL137W,YPR158C-C,0,-5.6204605,0.1363256275653839,0.5415282249450684,0.34307861328125
YBR105C,YGR111W,0,-5.620514,0.1362876296043396,0.5415282249450684,0.3431893587112427
YDR424C,YBR037C,0,-5.6205416,0.13624964654445648,0.5415282249450684,0.34330010414123535
YLR429W,YER162C,0,-5.620599,0.13621169328689575,0.5415282249450684,0.343410849571228
YCL004W,YKR086W,0,-5.62064,0.1361737698316574,0.5415282249450684,0.3435215950012207
YML071C,YPL274W,0,-5.6211042,0.13613586127758026,0.5415282249450684,0.3436323404312134
YDL243C,YDR450W,0,-5.6211786,0.1360979676246643,0.5415282249450684,0.34374308586120605
YHR001W,YNL213C,0,-5.6212997,0.13606010377407074,0.5415282249450684,0.34385383129119873
YDR437W,YDR325W,0,-5.6213055,0.13602225482463837,0.5415282249450684,0.3439645767211914
YPR138C,YGL095C,0,-5.6213064,0.1359844207763672,0.5415282249450684,0.3440752923488617
YFL024C,YNL326C,1,-5.621422,0.136224627494812,0.5426356792449951,0.3440752923488617
YNL031C,YDR017C,0,-5.6214247,0.13618676364421844,0.5426356792449951,0.34418603777885437
YHR055C,YMR263W,0,-5.621956,0.13614892959594727,0.5426356792449951,0.34429678320884705
YPL021W,YOL108C,0,-5.6223865,0.13611111044883728,0.5426356792449951,0.3444075286388397
YBL008W,YHR163W,0,-5.622387,0.1360733062028885,0.5426356792449951,0.3445182740688324
YOR182C,YBR182C,0,-5.6224227,0.13603553175926208,0.5426356792449951,0.3446290194988251
YDR317W,YAL034W-A,0,-5.6226063,0.13599777221679688,0.5426356792449951,0.34473976492881775
YML004C,YDR159W,0,-5.622823,0.13596004247665405,0.5426356792449951,0.3448505103588104
YDL220C,YBR111W-A,0,-5.623199,0.13592232763767242,0.5426356792449951,0.3449612259864807
YGL033W,YML047C,0,-5.623411,0.13588464260101318,0.5426356792449951,0.3450719714164734
YMR072W,YNL225C,0,-5.623412,0.13584695756435394,0.5426356792449951,0.34518271684646606
YPR001W,YOR127W,0,-5.62381,0.13580931723117828,0.5426356792449951,0.34529346227645874
YCR086W,YOR243C,0,-5.62389,0.13577167689800262,0.5426356792449951,0.3454042077064514
YAR002W,YDR065W,0,-5.623956,0.13573406636714935,0.5426356792449951,0.3455149531364441
YML033W,YDR172W,0,-5.6239805,0.13569648563861847,0.5426356792449951,0.34562569856643677
YEL036C,YDR478W,0,-5.6239834,0.13565891981124878,0.5426356792449951,0.34573644399642944
YNL219C,YER065C,0,-5.6240273,0.13562136888504028,0.5426356792449951,0.3458471894264221
YLR233C,YBR102C,0,-5.624057,0.13558384776115417,0.5426356792449951,0.3459579050540924
YFL011W-A,YJL183W,0,-5.624115,0.13554634153842926,0.5426356792449951,0.3460686504840851
YJL021C,YNL107W,0,-5.6241245,0.13550885021686554,0.5426356792449951,0.34617939591407776
YPL008W,YJR097W,0,-5.6242228,0.1354713886976242,0.5426356792449951,0.34629014134407043
YPL248C,YDR210W-B,0,-5.624466,0.13543394207954407,0.5426356792449951,0.3464008867740631
YLR429W,YBR228W,0,-5.624583,0.13539652526378632,0.5426356792449951,0.3465116322040558
YLR098C,YDL166C,0,-5.624647,0.13535912334918976,0.5426356792449951,0.34662237763404846
YBR022W,YBR083W,0,-5.62506,0.1353217363357544,0.5426356792449951,0.34673312306404114
YOR113W,YBR093C,0,-5.625066,0.13528437912464142,0.5426356792449951,0.3468438684940338
YEL066W,YDL040C,1,-5.6251183,0.13552305102348328,0.5437430739402771,0.3468438684940338
YMR220W,YKL214C,0,-5.625306,0.13548564910888672,0.5437430739402771,0.3469545841217041
YPL100W,YGL012W,0,-5.6253133,0.13544827699661255,0.5437430739402771,0.3470653295516968
YAL035W,YPL167C,0,-5.625592,0.13541091978549957,0.5437430739402771,0.34717607498168945
YDL137W,YAR007C,0,-5.625615,0.13537359237670898,0.5437430739402771,0.34728682041168213
YBR026C,YLR262C,0,-5.6256475,0.1353362798690796,0.5437430739402771,0.3473975658416748
YPL270W,YER068W,0,-5.626111,0.1352989822626114,0.5437430739402771,0.3475083112716675
YML051W,YKL088W,0,-5.626379,0.13526171445846558,0.5437430739402771,0.34761905670166016
YLL019C,YML069W,0,-5.6263943,0.13522446155548096,0.5437430739402771,0.34772980213165283
YGL143C,YOL043C,0,-5.6264296,0.13518722355365753,0.5437430739402771,0.3478405177593231
YMR283C,YPL032C,0,-5.6265,0.1351500153541565,0.5437430739402771,0.3479512631893158
YDR235W,YIL016W,0,-5.626529,0.13511282205581665,0.5437430739402771,0.34806200861930847
YFL011W-A,YDR174W,0,-5.6265545,0.1350756585597992,0.5437430739402771,0.34817275404930115
YLR060W,YBL058W,0,-5.6265655,0.13503850996494293,0.5437430739402771,0.3482834994792938
YLR238W,YLR033W,0,-5.6266403,0.13500137627124786,0.5437430739402771,0.3483942449092865
YIL098C,YLR212C,0,-5.6266513,0.13496427237987518,0.5437430739402771,0.3485049903392792
YCR002C,YHR163W,0,-5.626672,0.1349271833896637,0.5437430739402771,0.34861573576927185
YFL024C,YHR090C,1,-5.6267614,0.13516484200954437,0.5448504686355591,0.34861573576927185
YMR246W,YPL129W,1,-5.6268682,0.1354023665189743,0.5459579229354858,0.34861573576927185
YOL027C,YIL046W,0,-5.626919,0.13536518812179565,0.5459579229354858,0.3487264811992645
YEL071W,YIL147C,0,-5.626993,0.1353280246257782,0.5459579229354858,0.3488371968269348
YPR008W,YML014W,0,-5.627179,0.13529089093208313,0.5459579229354858,0.3489479422569275
YNL220W,YIL033C,0,-5.6275525,0.13525377213954926,0.5459579229354858,0.34905868768692017
YBR286W,YBL042C,0,-5.6275897,0.13521668314933777,0.5459579229354858,0.34916943311691284
YOL135C,YLR320W,0,-5.6276245,0.13517959415912628,0.5459579229354858,0.3492801785469055
YLR153C,YGL066W,1,-5.6276455,0.1354166716337204,0.5470653176307678,0.3492801785469055
YGL054C,YHR124W,0,-5.6281643,0.13537955284118652,0.5470653176307678,0.3493909239768982
YDR437W,YEL017C-A,0,-5.62822,0.13534246385097504,0.5470653176307678,0.34950166940689087
YGR230W,YCR091W,0,-5.6284456,0.13530538976192474,0.5470653176307678,0.34961241483688354
YHR004C,YIL173W,0,-5.6284466,0.13526834547519684,0.5470653176307678,0.34972313046455383
YNL149C,YOL028C,0,-5.628689,0.13523131608963013,0.5470653176307678,0.3498338758945465
YJL190C,YDL185W,0,-5.628763,0.1351943016052246,0.5470653176307678,0.3499446213245392
YNR056C,YEL015W,0,-5.6288986,0.13515731692314148,0.5470653176307678,0.35005536675453186
YPR023C,YJR082C,1,-5.6290026,0.1353938728570938,0.5481727719306946,0.35005536675453186
YJL006C,YDL098C,0,-5.62911,0.1353568434715271,0.5481727719306946,0.35016611218452454
YJL006C,YOL049W,0,-5.6292405,0.13531984388828278,0.5481727719306946,0.3502768576145172
YMR008C,YDL090C,0,-5.6293244,0.13528285920619965,0.5481727719306946,0.3503876030445099
YJR050W,YBR294W,0,-5.629366,0.1352459043264389,0.5481727719306946,0.35049834847450256
YDR448W,YCL010C,1,-5.6295633,0.13548210263252258,0.5492801666259766,0.35049834847450256
YJL014W,YBL080C,0,-5.629665,0.13544511795043945,0.5492801666259766,0.35060909390449524
YBR145W,YNL054W,0,-5.6298065,0.13540813326835632,0.5492801666259766,0.3507198095321655
YLR274W,YDL098C,0,-5.629896,0.13537117838859558,0.5492801666259766,0.3508305549621582
YMR029C,YGL008C,0,-5.629898,0.13533423840999603,0.5492801666259766,0.3509413003921509
YFR028C,YPL058C,0,-5.630054,0.13529732823371887,0.5492801666259766,0.35105204582214355
YNL027W,YOR129C,0,-5.630127,0.1352604329586029,0.5492801666259766,0.35116279125213623
YJR074W,YDL033C,0,-5.630248,0.13522355258464813,0.5492801666259766,0.3512735366821289
YDR158W,YOL113W,0,-5.6304293,0.13518670201301575,0.5492801666259766,0.3513842821121216
YDR302W,YML097C,0,-5.630596,0.13514986634254456,0.5492801666259766,0.35149502754211426
YFR014C,YHR060W,0,-5.6308737,0.13511304557323456,0.5492801666259766,0.35160577297210693
YCL001W,YOR060C,0,-5.6312833,0.13507625460624695,0.5492801666259766,0.3517164885997772
YMR119W,YGR262C,0,-5.631545,0.13503947854042053,0.5492801666259766,0.3518272340297699
YAL054C,YBR198C,1,-5.631665,0.13527490198612213,0.5503876209259033,0.3518272340297699
YLR234W,YDR057W,0,-5.63196,0.13523809611797333,0.5503876209259033,0.3519379794597626
YOL133W,YOR160W,0,-5.6320457,0.13520130515098572,0.5503876209259033,0.35204872488975525
YFL003C,YML039W,0,-5.632384,0.1351645290851593,0.5503876209259033,0.3521594703197479
YFL024C,YHR099W,1,-5.632413,0.13539966940879822,0.5514950156211853,0.3521594703197479
YDR206W,YDL087C,0,-5.6324134,0.13536286354064941,0.5514950156211853,0.3522702157497406
YKL110C,YGL145W,0,-5.6324253,0.135326087474823,0.5514950156211853,0.3523809611797333
YKL172W,YML040W,0,-5.6324444,0.13528932631015778,0.5514950156211853,0.35249170660972595
YMR069W,YDR126W,1,-5.632592,0.13552416861057281,0.5526024103164673,0.35249170660972595
YDR280W,YNL332W,0,-5.6326222,0.1354873776435852,0.5526024103164673,0.35260242223739624
YFL039C,YIL009W,1,-5.632682,0.13572204113006592,0.553709864616394,0.35260242223739624
YBR275C,YDR160W,0,-5.6327105,0.13568520545959473,0.553709864616394,0.3527131676673889
YPL147W,YHR021C,0,-5.6328244,0.13564839959144592,0.553709864616394,0.3528239130973816
YIL142W,YGR192C,0,-5.6328363,0.1356116086244583,0.553709864616394,0.35293465852737427
YER167W,YKL093W,0,-5.6332617,0.1355748325586319,0.553709864616394,0.35304540395736694
YCL001W,YGL048C,0,-5.6333485,0.13553808629512787,0.553709864616394,0.3531561493873596
YDR353W,YPL283C,0,-5.633413,0.13550135493278503,0.553709864616394,0.3532668948173523
YIL004C,YJR046W,0,-5.633663,0.1354646384716034,0.553709864616394,0.35337764024734497
YDR448W,YEL066W,1,-5.633954,0.1356988102197647,0.554817259311676,0.35337764024734497
YNL101W,YLR342W,0,-5.633983,0.13566206395626068,0.554817259311676,0.35348838567733765
YDR118W,YBR293W,0,-5.6341786,0.13562533259391785,0.554817259311676,0.35359910130500793
YLR157C,YBR012W-B,0,-5.6344323,0.1355886310338974,0.554817259311676,0.3537098467350006
YPL001W,YMR236W,1,-5.63446,0.13582250475883484,0.5559247136116028,0.3537098467350006
YHR193C,YJR009C,0,-5.634752,0.135785773396492,0.5559247136116028,0.3538205921649933
YOR361C,YJR110W,0,-5.634926,0.13574905693531036,0.5559247136116028,0.35393133759498596
YEL036C,YBR083W,0,-5.635089,0.13571235537528992,0.5559247136116028,0.35404208302497864
YBL041W,YMR053C,0,-5.6357465,0.13567566871643066,0.5559247136116028,0.3541528284549713
YOR046C,YKL028W,0,-5.6357627,0.1356390118598938,0.5559247136116028,0.354263573884964
YFL059W,YGR185C,0,-5.6358376,0.13560236990451813,0.5559247136116028,0.35437431931495667
YML049C,YMR313C,0,-5.636046,0.13556575775146484,0.5559247136116028,0.35448503494262695
YBR029C,YPL156C,0,-5.6361895,0.13552916049957275,0.5559247136116028,0.35459578037261963
YDR166C,YEL057C,0,-5.6362324,0.13549257814884186,0.5559247136116028,0.3547065258026123
YPL233W,YBR095C,0,-5.636467,0.13545601069927216,0.5559247136116028,0.354817271232605
YGL021W,YLL009C,0,-5.6366463,0.13541947305202484,0.5559247136116028,0.35492801666259766
YLR153C,YDR145W,1,-5.636848,0.13565264642238617,0.5570321083068848,0.35492801666259766
YDL090C,YBR012W-B,0,-5.6371183,0.13561606407165527,0.5570321083068848,0.35503876209259033
YPR034W,YGL012W,0,-5.6371317,0.13557951152324677,0.5570321083068848,0.355149507522583
YHR158C,YGR033C,0,-5.6371527,0.13554297387599945,0.5570321083068848,0.3552602529525757
YBL006C,YIL077C,0,-5.637605,0.13550646603107452,0.5570321083068848,0.35537099838256836
YDL181W,YDR381W,0,-5.637615,0.1354699730873108,0.5570321083068848,0.35548171401023865
YNL116W,YMR202W,0,-5.6377916,0.13543349504470825,0.5570321083068848,0.3555924594402313
YDL002C,YGL151W,0,-5.637906,0.1353970319032669,0.5570321083068848,0.355703204870224
YGL174W,YMR276W,0,-5.6379943,0.13536059856414795,0.5570321083068848,0.3558139503002167
YFL018C,YLR268W,0,-5.6383343,0.13532418012619019,0.5570321083068848,0.35592469573020935
YMR055C,YJL052W,0,-5.6384287,0.1352877914905548,0.5570321083068848,0.356035441160202
YJL165C,YPL144W,0,-5.638443,0.13525141775608063,0.5570321083068848,0.3561461865901947
YLR231C,YML034W,0,-5.6387124,0.13521505892276764,0.5570321083068848,0.3562569320201874
YPL128C,YBR012W-A,0,-5.6387424,0.13517871499061584,0.5570321083068848,0.35636767745018005
YGR244C,YML055W,0,-5.6389318,0.13514240086078644,0.5570321083068848,0.35647839307785034
YBR081C,YOR064C,1,-5.639036,0.13537469506263733,0.5581395626068115,0.35647839307785034
YNL023C,YCR012W,0,-5.6390734,0.13533835113048553,0.5581395626068115,0.356589138507843
YIL009W,YEL056W,1,-5.63941,0.1355704665184021,0.5592469573020935,0.356589138507843
YOR048C,YDR175C,0,-5.6396785,0.13553407788276672,0.5592469573020935,0.3566998839378357
YGR224W,YGL201C,0,-5.640133,0.13549771904945374,0.5592469573020935,0.35681062936782837
YOL026C,YHL036W,0,-5.640511,0.13546137511730194,0.5592469573020935,0.35692137479782104
YLR155C,YDR160W,0,-5.640525,0.13542504608631134,0.5592469573020935,0.3570321202278137
YKL074C,YPL274W,0,-5.640862,0.13538874685764313,0.5592469573020935,0.3571428656578064
YPR120C,YBL050W,0,-5.6409082,0.13535244762897491,0.5592469573020935,0.3572536110877991
YNR067C,YLR316C,0,-5.6411,0.1353161782026291,0.5592469573020935,0.35736432671546936
YLR303W,YOR254C,0,-5.6411877,0.13527993857860565,0.5592469573020935,0.35747507214546204
YOR023C,YGL066W,1,-5.6415663,0.13551151752471924,0.5603543519973755,0.35747507214546204
YDL078C,YOL004W,0,-5.6415706,0.13547523319721222,0.5603543519973755,0.3575858175754547
YLR153C,YJL081C,1,-5.6417375,0.13570663332939148,0.5614618062973022,0.3575858175754547
YDR296W,YOR007C,0,-5.641919,0.13567031919956207,0.5614618062973022,0.3576965630054474
YDL045C,YJL192C,0,-5.6419992,0.13563403487205505,0.5614618062973022,0.35780730843544006
YDR126W,YHR090C,1,-5.642338,0.1358652114868164,0.5625692009925842,0.35780730843544006
YIL095W,YDR515W,0,-5.642398,0.1358288824558258,0.5625692009925842,0.35791805386543274
YJL081C,YDR145W,1,-5.6424813,0.13605988025665283,0.563676655292511,0.35791805386543274
YBL061C,YNL213C,0,-5.6424975,0.13602352142333984,0.563676655292511,0.3580287992954254
YCR091W,YOR266W,0,-5.642726,0.13598717749118805,0.563676655292511,0.3581395447254181
YOR204W,YGR143W,0,-5.6427965,0.13595084846019745,0.563676655292511,0.35825029015541077
YKL029C,YHR150W,0,-5.642801,0.13591454923152924,0.563676655292511,0.35836100578308105
YHR204W,YJL054W,0,-5.6430507,0.13587826490402222,0.563676655292511,0.35847175121307373
YPR191W,YLR035C-A,0,-5.643164,0.13584201037883759,0.563676655292511,0.3585824966430664
YLR109W,YOL051W,0,-5.6434727,0.13580575585365295,0.563676655292511,0.3586932420730591
YPL194W,YPR042C,0,-5.643596,0.1357695311307907,0.563676655292511,0.35880398750305176
YBL050W,YMR053C,0,-5.6436205,0.13573333621025085,0.563676655292511,0.35891473293304443
YDL130W-A,YGR122W,0,-5.6438284,0.135697141289711,0.563676655292511,0.3590254783630371
YLR216C,YMR225C,0,-5.6438394,0.13566097617149353,0.563676655292511,0.3591362237930298
YGR036C,YLR135W,0,-5.6439686,0.13562484085559845,0.563676655292511,0.35924696922302246
YLR319C,YER151C,0,-5.644066,0.13558870553970337,0.563676655292511,0.35935768485069275
YHR102W,YLR320W,0,-5.6442184,0.13555260002613068,0.563676655292511,0.3594684302806854
YCL010C,YPL129W,1,-5.6443276,0.13578274846076965,0.564784049987793,0.3594684302806854
YMR184W,YGL067W,0,-5.644374,0.13574661314487457,0.564784049987793,0.3595791757106781
YPR100W,YNL088W,0,-5.6443806,0.1357104778289795,0.564784049987793,0.3596899211406708
YGL219C,YLR337W,0,-5.6445217,0.135674387216568,0.564784049987793,0.35980066657066345
YIL142W,YGL013C,0,-5.644565,0.1356382966041565,0.564784049987793,0.35991141200065613
YBR212W,YGR104C,0,-5.6447296,0.13560223579406738,0.564784049987793,0.3600221574306488
YLR215C,YPL208W,0,-5.6447535,0.13556618988513947,0.564784049987793,0.3601329028606415
YIR021W,YIL120W,0,-5.6447706,0.13553015887737274,0.564784049987793,0.36024361848831177
YAL003W,YDL226C,0,-5.644869,0.1354941576719284,0.564784049987793,0.36035436391830444
YER167W,YDL111C,0,-5.6448956,0.13545817136764526,0.564784049987793,0.3604651093482971
YOR361C,YIL080W,0,-5.645026,0.13542219996452332,0.564784049987793,0.3605758547782898
YPL018W,YDL013W,0,-5.6450357,0.13538624346256256,0.564784049987793,0.36068660020828247
YHR081W,YNL263C,0,-5.645053,0.1353503167629242,0.564784049987793,0.36079734563827515
YOL045W,YLR262C,0,-5.645273,0.13531440496444702,0.564784049987793,0.3609080910682678
YER015W,YBR081C,1,-5.645336,0.13554376363754272,0.565891444683075,0.3609080910682678
YLR266C,YMR149W,0,-5.6454525,0.13550782203674316,0.565891444683075,0.3610188364982605
YOR265W,YDR495C,0,-5.6456356,0.1354718953371048,0.565891444683075,0.3611295819282532
YLL009C,YKR090W,0,-5.6456494,0.13543599843978882,0.565891444683075,0.36124029755592346
YNL239W,YOL043C,0,-5.645683,0.13540010154247284,0.565891444683075,0.36135104298591614
YDL087C,YDR296W,0,-5.6457124,0.13536423444747925,0.565891444683075,0.3614617884159088
YLL042C,YPL240C,0,-5.645815,0.13532839715480804,0.565891444683075,0.3615725338459015
YEL066W,YGR002C,1,-5.645832,0.13555732369422913,0.5669988989830017,0.3615725338459015
YKR027W,YHR154W,0,-5.6461105,0.13552144169807434,0.5669988989830017,0.36168327927589417
YIL075C,YNL253W,0,-5.646146,0.13548557460308075,0.5669988989830017,0.36179402470588684
YKL073W,YBR083W,0,-5.646244,0.13544973731040955,0.5669988989830017,0.3619047701358795
YDR448W,YPR131C,1,-5.6464787,0.13567839562892914,0.5681062936782837,0.3619047701358795
YFR013W,YNL074C,0,-5.6466646,0.13564251363277435,0.5681062936782837,0.3620155155658722
YDL031W,YDL212W,0,-5.6468344,0.13560666143894196,0.5681062936782837,0.3621262311935425
YPL031C,YGR074W,0,-5.6468487,0.13557082414627075,0.5681062936782837,0.36223697662353516
YOL148C,YDR145W,1,-5.6470513,0.13579921424388885,0.5692137479782104,0.36223697662353516
YOR267C,YCR027C,0,-5.6472063,0.13576333224773407,0.5692137479782104,0.36234772205352783
YOR113W,YMR287C,0,-5.6473036,0.13572749495506287,0.5692137479782104,0.3624584674835205
YNL041C,YJL100W,0,-5.647398,0.13569165766239166,0.5692137479782104,0.3625692129135132
YLR078C,YLR035C-A,0,-5.6475334,0.13565585017204285,0.5692137479782104,0.36267995834350586
YER065C,YDR397C,0,-5.6475797,0.13562005758285522,0.5692137479782104,0.36279070377349854
YKL186C,YLR079W,0,-5.64765,0.1355842798948288,0.5692137479782104,0.3629014492034912
YPL154C,YBR012W-A,0,-5.64775,0.13554851710796356,0.5692137479782104,0.3630121946334839
YJR004C,YJR007W,0,-5.6477656,0.13551278412342072,0.5692137479782104,0.3631229102611542
YJL018W,YNL099C,0,-5.6482425,0.13547706604003906,0.5692137479782104,0.36323365569114685
YPR025C,YJR135C,0,-5.6483464,0.1354413628578186,0.5692137479782104,0.3633444011211395
YDR180W,YMR197C,0,-5.6484013,0.13540568947792053,0.5692137479782104,0.3634551465511322
YPR067W,YNL006W,0,-5.6487103,0.13537003099918365,0.5692137479782104,0.3635658919811249
YJR125C,YCR037C,0,-5.648843,0.13533438742160797,0.5692137479782104,0.36367663741111755
YMR026C,YOL061W,0,-5.6492367,0.13529875874519348,0.5692137479782104,0.36378738284111023
YGR140W,YMR208W,0,-5.6492553,0.13526315987110138,0.5692137479782104,0.3638981282711029
YPR164W,YNL257C,0,-5.649336,0.13522757589817047,0.5692137479782104,0.3640088737010956
YLR377C,YDR146C,0,-5.649442,0.13519200682640076,0.5692137479782104,0.36411958932876587
YGR097W,YPL097W,0,-5.6496415,0.13515645265579224,0.5692137479782104,0.36423033475875854
YOR373W,YJR027W,0,-5.6496487,0.1351209282875061,0.5692137479782104,0.3643410801887512
YHR186C,YBL100W-B,0,-5.649652,0.13508541882038116,0.5692137479782104,0.3644518256187439
YOL088C,YMR046C,0,-5.649703,0.13504992425441742,0.5692137479782104,0.3645625710487366
YDR423C,YDR473C,0,-5.64975,0.13501444458961487,0.5692137479782104,0.36467331647872925
YDR179C,YKL012W,0,-5.649811,0.1349789947271347,0.5692137479782104,0.3647840619087219
YDL013W,YMR046C,0,-5.6498675,0.13494355976581573,0.5692137479782104,0.3648948073387146
YJR125C,YFL034C-B,0,-5.650075,0.13490813970565796,0.5692137479782104,0.3650055229663849
YJR092W,YIL030C,0,-5.6501493,0.13487273454666138,0.5692137479782104,0.36511626839637756
YBR207W,YJR140C,0,-5.6502185,0.13483735918998718,0.5692137479782104,0.36522701382637024
YIL034C,YOL051W,0,-5.650319,0.13480199873447418,0.5692137479782104,0.3653377592563629
YHR013C,YPR023C,1,-5.650365,0.13502883911132812,0.5703211426734924,0.3653377592563629
YOR245C,YDL033C,0,-5.6504745,0.13499344885349274,0.5703211426734924,0.3654485046863556
YPR141C,YMR266W,0,-5.650575,0.13495807349681854,0.5703211426734924,0.36555925011634827
YHL048W,YGR094W,0,-5.6506996,0.13492271304130554,0.5703211426734924,0.36566999554634094
YHR193C,YJR068W,0,-5.6507215,0.13488738238811493,0.5703211426734924,0.3657807409763336
YAR007C,YPL206C,0,-5.650858,0.13485205173492432,0.5703211426734924,0.3658914864063263
YPR103W,YFL004W,0,-5.6509266,0.1348167508840561,0.5703211426734924,0.3660022020339966
YCR107W,YGR246C,0,-5.6509495,0.13478146493434906,0.5703211426734924,0.36611294746398926
YLR424W,YML005W,0,-5.651062,0.13474620878696442,0.5703211426734924,0.36622369289398193
YOL078W,YPR198W,0,-5.651063,0.13471095263957977,0.5703211426734924,0.3663344383239746
YJR082C,YNL136W,1,-5.651083,0.13493724167346954,0.5714285969734192,0.3663344383239746
YPR141C,YDR314C,0,-5.651163,0.1349019557237625,0.5714285969734192,0.3664451837539673
YMR202W,YER005W,0,-5.651182,0.13486669957637787,0.5714285969734192,0.36655592918395996
YJL072C,YOL093W,0,-5.6511965,0.13483145833015442,0.5714285969734192,0.36666667461395264
YKL139W,YJL098W,0,-5.651202,0.13479623198509216,0.5714285969734192,0.3667774200439453
YOR362C,YOR338W,0,-5.651319,0.1347610354423523,0.5714285969734192,0.366888165473938
YKR007W,YNL332W,0,-5.6514254,0.13472585380077362,0.5714285969734192,0.3669988811016083
YER142C,YML038C,0,-5.651433,0.13469068706035614,0.5714285969734192,0.36710962653160095
YIL103W,YIL068C,0,-5.6515255,0.13465553522109985,0.5714285969734192,0.36722037196159363
YLR106C,YDR131C,0,-5.6516066,0.13462039828300476,0.5714285969734192,0.3673311173915863
YLR022C,YIL029C,0,-5.651781,0.13458529114723206,0.5714285969734192,0.367441862821579
YGR276C,YLR337C,0,-5.6518564,0.13455019891262054,0.5714285969734192,0.36755260825157166
YGR140W,YNL142W,0,-5.65212,0.13451512157917023,0.5714285969734192,0.36766335368156433
YEL066W,YGL066W,1,-5.6521964,0.1347406804561615,0.5725359916687012,0.36766335368156433
YPL046C,YCL043C,0,-5.652277,0.1347055733203888,0.5725359916687012,0.367774099111557
YLR270W,YNR049C,0,-5.652361,0.13467048108577728,0.5725359916687012,0.3678848147392273
YER003C,YGL070C,0,-5.652387,0.13463541865348816,0.5725359916687012,0.36799556016921997
YJL214W,YOR103C,0,-5.652444,0.13460037112236023,0.5725359916687012,0.36810630559921265
YGR135W,YJL059W,0,-5.652596,0.1345653235912323,0.5725359916687012,0.3682170510292053
YML064C,YBR061C,0,-5.652615,0.13453032076358795,0.5725359916687012,0.368327796459198
YOL049W,YDR456W,0,-5.652655,0.1344953179359436,0.5725359916687012,0.3684385418891907
YLL002W,YHR090C,1,-5.6526966,0.13472041487693787,0.5736433863639832,0.3684385418891907
YGL033W,YJL117W,0,-5.6529155,0.13468538224697113,0.5736433863639832,0.36854928731918335
YKL194C,YCL019W,0,-5.652949,0.13465037941932678,0.5736433863639832,0.368660032749176
YBR040W,YFL004W,0,-5.653058,0.13461539149284363,0.5736433863639832,0.3687707781791687
YNL166C,YGR144W,0,-5.6532116,0.13458040356636047,0.5736433863639832,0.368881493806839
YCR091W,YLR371W,0,-5.6532993,0.1345454603433609,0.5736433863639832,0.36899223923683167
YJR082C,YLL002W,1,-5.6536217,0.13477018475532532,0.5747508406639099,0.36899223923683167
YDL040C,YLL002W,1,-5.653858,0.13499480485916138,0.5758582353591919,0.36899223923683167
YBR029C,YJL166W,0,-5.6539774,0.13495977222919464,0.5758582353591919,0.36910298466682434
YPR023C,YGR002C,1,-5.65399,0.13518422842025757,0.5769656896591187,0.36910298466682434
YML102W,YGL155W,0,-5.6540675,0.13514915108680725,0.5769656896591187,0.369213730096817
YDR296W,YLR455W,0,-5.6541395,0.13511410355567932,0.5769656896591187,0.3693244755268097
YDR414C,YDR055W,0,-5.6542063,0.13507907092571259,0.5769656896591187,0.36943522095680237
YDR409W,YNR064C,0,-5.654498,0.13504406809806824,0.5769656896591187,0.36954596638679504
YJR004C,YBR254C,0,-5.6545715,0.1350090652704239,0.5769656896591187,0.3696567118167877
YGL174W,YDL135C,0,-5.6545935,0.13497409224510193,0.5769656896591187,0.369767427444458
YAL040C,YOR211C,0,-5.6546497,0.13493913412094116,0.5769656896591187,0.3698781728744507
YJR118C,YKR089C,0,-5.654713,0.1349041908979416,0.5769656896591187,0.36998891830444336
YNL055C,YOR362C,0,-5.6547337,0.1348692774772644,0.5769656896591187,0.37009966373443604
YPL001W,YHR099W,1,-5.654744,0.13509316742420197,0.5780730843544006,0.37009966373443604
YOL088C,YHR074W,0,-5.6548686,0.1350582093000412,0.5780730843544006,0.3702104091644287
YNL027W,YJL001W,0,-5.654965,0.13502328097820282,0.5780730843544006,0.3703211545944214
YJL063C,YLL021W,0,-5.655037,0.13498836755752563,0.5780730843544006,0.37043190002441406
YNL245C,YGL209W,0,-5.6552744,0.13495346903800964,0.5780730843544006,0.37054264545440674
YER112W,YML061C,0,-5.6553345,0.13491858541965485,0.5780730843544006,0.3706533908843994
YDR490C,YMR067C,0,-5.6556497,0.13488371670246124,0.5780730843544006,0.3707641065120697
YJR064W,YML114C,0,-5.655673,0.13484887778759003,0.5780730843544006,0.3708748519420624
YNR027W,YPR181C,0,-5.655706,0.13481405377388,0.5780730843544006,0.37098559737205505
YBR057C,YBR283C,0,-5.655756,0.13477924466133118,0.5780730843544006,0.37109634280204773
YDL059C,YIL017W,0,-5.6560206,0.13474445044994354,0.5780730843544006,0.3712070882320404
YHL006C,YCL075W,0,-5.6561584,0.1347096711397171,0.5780730843544006,0.3713178336620331
YLR010C,YML014W,0,-5.656422,0.13467492163181305,0.5780730843544006,0.37142857909202576
YNL042W,YPR070W,0,-5.656493,0.1346401870250702,0.5780730843544006,0.37153932452201843
YNL130C,YML023C,0,-5.656801,0.13460546731948853,0.5780730843544006,0.3716500699520111
YPR135W,YLR368W,0,-5.6568594,0.13457076251506805,0.5780730843544006,0.3717607855796814
YBR186W,YNL003C,0,-5.6568823,0.13453608751296997,0.5780730843544006,0.3718715310096741
YLL018C-A,YER089C,0,-5.656995,0.1345014125108719,0.5780730843544006,0.37198227643966675
YPR200C,YNR002C,0,-5.657267,0.1344667673110962,0.5780730843544006,0.3720930218696594
YOR284W,YDR345C,0,-5.6573296,0.1344321370124817,0.5780730843544006,0.3722037672996521
YLR248W,YBR254C,0,-5.657364,0.13439752161502838,0.5780730843544006,0.3723145127296448
YNL275W,YJR064W,0,-5.6574163,0.13436293601989746,0.5780730843544006,0.37242525815963745
YJL125C,YDR420W,0,-5.6577315,0.13432836532592773,0.5780730843544006,0.3725360035896301
YDR098C,YOR084W,0,-5.6579146,0.134293794631958,0.5780730843544006,0.3726467192173004
YOR123C,YMR272C,0,-5.657934,0.13425925374031067,0.5780730843544006,0.3727574646472931
YNL210W,YPL224C,0,-5.657945,0.13422474265098572,0.5780730843544006,0.37286821007728577
YOL130W,YMR210W,0,-5.6580663,0.13419023156166077,0.5780730843544006,0.37297895550727844
YGR258C,YPR161C,0,-5.6581135,0.1341557502746582,0.5780730843544006,0.3730897009372711
YGL238W,YOR275C,0,-5.658144,0.13412126898765564,0.5780730843544006,0.3732004463672638
YNL223W,YLR110C,0,-5.65826,0.13408681750297546,0.5780730843544006,0.37331119179725647
YEL071W,YGR275W,0,-5.658531,0.13405238091945648,0.5780730843544006,0.37342193722724915
YGR167W,YMR101C,0,-5.6586657,0.1340179741382599,0.5780730843544006,0.3735326826572418
YIL009W,YDR126W,1,-5.658801,0.13424023985862732,0.5791805386543274,0.3735326826572418
YIL048W,YNR047W,0,-5.658812,0.13420580327510834,0.5791805386543274,0.3736433982849121
YMR319C,YDL109C,0,-5.6591034,0.13417136669158936,0.5791805386543274,0.3737541437149048
YBR217W,YER095W,0,-5.659336,0.13413695991039276,0.5791805386543274,0.37386488914489746
YNL270C,YOR148C,0,-5.6597476,0.13410256803035736,0.5791805386543274,0.37397563457489014
YDL137W,YNL225C,0,-5.6598053,0.13406819105148315,0.5791805386543274,0.3740863800048828
YML014W,YBR293W,0,-5.6598363,0.13403382897377014,0.5791805386543274,0.3741971254348755
YDL088C,YDL013W,0,-5.6598535,0.13399948179721832,0.5791805386543274,0.37430787086486816
YBR212W,YJL139C,0,-5.66004,0.1339651644229889,0.5791805386543274,0.37441861629486084
YML062C,YCL062W,0,-5.660062,0.13393086194992065,0.5791805386543274,0.37452933192253113
YER183C,YCL020W,0,-5.6600695,0.1338965743780136,0.5791805386543274,0.3746400773525238
YER035W,YGR047C,0,-5.660294,0.13386230170726776,0.5791805386543274,0.3747508227825165
YLR195C,YDR126W,1,-5.6603227,0.13408392667770386,0.5802879333496094,0.3747508227825165
YPL233W,YCL062W,0,-5.6604176,0.13404962420463562,0.5802879333496094,0.37486156821250916
YMR225C,YBR049C,0,-5.660426,0.13401535153388977,0.5802879333496094,0.37497231364250183
YJL146W,YLR106C,0,-5.660516,0.13398107886314392,0.5802879333496094,0.3750830590724945
YOR362C,YFL004W,0,-5.6606197,0.13394683599472046,0.5802879333496094,0.3751938045024872
YOR078W,YOL027C,0,-5.660658,0.133912593126297,0.5802879333496094,0.37530454993247986
YDL132W,YGL068W,0,-5.660741,0.13387838006019592,0.5802879333496094,0.37541529536247253
YPR104C,YPL110C,0,-5.660858,0.13384418189525604,0.5802879333496094,0.3755260109901428
YIL112W,YHR004C,0,-5.660961,0.13381001353263855,0.5802879333496094,0.3756367564201355
YMR175W,YLR157C-B,0,-5.6611996,0.13377584517002106,0.5802879333496094,0.3757475018501282
YLR015W,YFL017W-A,0,-5.661539,0.13374170660972595,0.5802879333496094,0.37585824728012085
YDR439W,YGR181W,0,-5.661664,0.13370758295059204,0.5802879333496094,0.3759689927101135
YLR028C,YPR036W,0,-5.661757,0.13367347419261932,0.5802879333496094,0.3760797381401062
YNL078W,YDR381W,0,-5.6617594,0.1336393803358078,0.5802879333496094,0.3761904835700989
YDR277C,YPL146C,0,-5.6618147,0.13360530138015747,0.5802879333496094,0.37630122900009155
YFL039C,YMR246W,1,-5.6618533,0.1338261514902115,0.5813953280448914,0.37630122900009155
YGL143C,YDR356W,0,-5.661971,0.13379204273223877,0.5813953280448914,0.37641197443008423
YPR018W,YBL005W-A,0,-5.6620626,0.13375796377658844,0.5813953280448914,0.3765226900577545
YDR284C,YEL019C,0,-5.6621246,0.1337238848209381,0.5813953280448914,0.3766334354877472
YJR057W,YBL080C,0,-5.6621275,0.13368983566761017,0.5813953280448914,0.37674418091773987
YNL242W,YPL101W,0,-5.662182,0.13365580141544342,0.5813953280448914,0.37685492634773254
YPL060W,YJR120W,0,-5.662238,0.13362178206443787,0.5813953280448914,0.3769656717777252
YER075C,YNL257C,0,-5.6623197,0.1335877925157547,0.5813953280448914,0.3770764172077179
YDR168W,YHR031C,0,-5.6623564,0.13355380296707153,0.5813953280448914,0.37718716263771057
YNL166C,YJL054W,0,-5.6624413,0.13351984322071075,0.5813953280448914,0.37729790806770325
YJL006C,YDR335W,0,-5.662608,0.13348588347434998,0.5813953280448914,0.37740862369537354
YJR160C,YMR037C,0,-5.662673,0.13345195353031158,0.5813953280448914,0.3775193691253662
YLR131C,YHR048W,0,-5.662775,0.1334180384874344,0.5813953280448914,0.3776301145553589
YDR245W,YNL262W,0,-5.6628428,0.13338415324687958,0.5813953280448914,0.37774085998535156
YLR431C,YFL021W,0,-5.6628757,0.13335026800632477,0.5813953280448914,0.37785160541534424
YLR105C,YDR328C,0,-5.6630545,0.13331639766693115,0.5813953280448914,0.3779623508453369
YNL016W,YOR340C,0,-5.6631904,0.13328255712985992,0.5813953280448914,0.3780730962753296
YCL066W,YKL196C,0,-5.6632156,0.1332487314939499,0.5813953280448914,0.37818384170532227
YNL099C,YHR172W,0,-5.663233,0.13321492075920105,0.5813953280448914,0.37829458713531494
YGL174W,YDL227C,0,-5.663316,0.1331811249256134,0.5813953280448914,0.37840530276298523
YOL017W,YDL235C,0,-5.663413,0.13314734399318695,0.5813953280448914,0.3785160481929779
YGL106W,YDR293C,0,-5.6634398,0.13311359286308289,0.5813953280448914,0.3786267936229706
YHL047C,YOL017W,0,-5.6634417,0.13307984173297882,0.5813953280448914,0.37873753905296326
YJR158W,YIR002C,0,-5.6635714,0.13304612040519714,0.5813953280448914,0.37884828448295593
YKR007W,YHR074W,0,-5.663688,0.13301241397857666,0.5813953280448914,0.3789590299129486
YNR044W,YMR091C,0,-5.6640024,0.13297872245311737,0.5813953280448914,0.3790697753429413
YEL066W,YHR099W,1,-5.6641474,0.13319827616214752,0.5825027823448181,0.3790697753429413
YOL165C,YPL121C,0,-5.664151,0.13316455483436584,0.5825027823448181,0.37918052077293396
YNL286W,YKL108W,0,-5.6642733,0.13313084840774536,0.5825027823448181,0.37929126620292664
YMR044W,YNL332W,0,-5.6643877,0.13309717178344727,0.5825027823448181,0.3794019818305969
YCR089W,YPL128C,0,-5.6643934,0.13306349515914917,0.5825027823448181,0.3795127272605896
YLR051C,YPR095C,0,-5.664418,0.13302984833717346,0.5825027823448181,0.3796234726905823
YDR208W,YIL030C,0,-5.664673,0.13299620151519775,0.5825027823448181,0.37973421812057495
YJL167W,YML040W,0,-5.66469,0.13296258449554443,0.5825027823448181,0.3798449635505676
YBL042C,YER074W-A,0,-5.6647925,0.1329289823770523,0.5825027823448181,0.3799557089805603
YOR037W,YDR097C,0,-5.6647973,0.13289539515972137,0.5825027823448181,0.380066454410553
YDL013W,YIL037C,0,-5.664831,0.13286183774471283,0.5825027823448181,0.38017719984054565
YKR068C,YHR154W,0,-5.6648707,0.13282828032970428,0.5825027823448181,0.38028791546821594
YLR448W,YCL069W,0,-5.6649227,0.13279475271701813,0.5825027823448181,0.3803986608982086
YJL129C,YIL056W,0,-5.6649237,0.13276122510433197,0.5825027823448181,0.3805094063282013
YHL047C,YFR052W,0,-5.664942,0.1327277272939682,0.5825027823448181,0.38062015175819397
YGL073W,YPL098C,0,-5.6649427,0.13269424438476562,0.5825027823448181,0.38073089718818665
YBR212W,YHR157W,0,-5.6649427,0.13266077637672424,0.5825027823448181,0.3808416426181793
YGL018C,YDL135C,0,-5.665087,0.13262733817100525,0.5825027823448181,0.380952388048172
YBR111W-A,YML038C,0,-5.665139,0.13259389996528625,0.5825027823448181,0.3810631334781647
YIL124W,YKL101W,0,-5.6651473,0.13256047666072845,0.5825027823448181,0.38117387890815735
YOR373W,YPR007C,0,-5.665324,0.13252708315849304,0.5825027823448181,0.38128459453582764
YKR022C,YLR191W,0,-5.6654015,0.13249370455741882,0.5825027823448181,0.3813953399658203
YKL152C,YBL050W,0,-5.665468,0.1324603408575058,0.5825027823448181,0.381506085395813
YDL093W,YKL117W,0,-5.665619,0.13242699205875397,0.5825027823448181,0.38161683082580566
YML078W,YJR135W-A,0,-5.665784,0.13239365816116333,0.5825027823448181,0.38172757625579834
YER149C,YDR243C,0,-5.665824,0.1323603391647339,0.5825027823448181,0.381838321685791
YOL126C,YDR489W,0,-5.665829,0.13232704997062683,0.5825027823448181,0.3819490671157837
YBR221C,YMR149W,0,-5.6659517,0.13229376077651978,0.5825027823448181,0.38205981254577637
YDR143C,YDR200C,0,-5.665969,0.1322605013847351,0.5825027823448181,0.38217052817344666
YBR131W,YNL251C,0,-5.666022,0.13222725689411163,0.5825027823448181,0.38228127360343933
YDL017W,YBR162C,0,-5.6660914,0.13219401240348816,0.5825027823448181,0.382392019033432
YLR303W,YOR332W,0,-5.666125,0.13216079771518707,0.5825027823448181,0.3825027644634247
YLR260W,YAL034W-A,0,-5.666126,0.13212761282920837,0.5825027823448181,0.38261350989341736
YDR459C,YHR090C,1,-5.666204,0.1323455572128296,0.5836101770401001,0.38261350989341736
YNL309W,YNL197C,0,-5.6665106,0.1323123276233673,0.5836101770401001,0.38272425532341003
YER019W,YGR091W,0,-5.6665354,0.13227911293506622,0.5836101770401001,0.3828350007534027
YDR434W,YDR170C,0,-5.6667495,0.13224592804908752,0.5836101770401001,0.3829457461833954
YNR038W,YOR344C,0,-5.6668367,0.13221274316310883,0.5836101770401001,0.38305649161338806
YNL021W,YOR130C,0,-5.666851,0.13217958807945251,0.5836101770401001,0.38316720724105835
YJL196C,YLR467W,0,-5.66693,0.1321464329957962,0.5836101770401001,0.383277952671051
YKL029C,YJL001W,0,-5.667277,0.13211330771446228,0.5836101770401001,0.3833886981010437
YML062C,YHR027C,0,-5.667282,0.13208019733428955,0.5836101770401001,0.3834994435310364
YJL074C,YCL020W,0,-5.6673384,0.13204710185527802,0.5836101770401001,0.38361018896102905
YOL059W,YPR016C,0,-5.6673822,0.13201402127742767,0.5836101770401001,0.38372093439102173
YJR082C,YOL110W,1,-5.6673837,0.13223139941692352,0.5847176313400269,0.38372093439102173
YHR175W,YGL014W,0,-5.667494,0.132198303937912,0.5847176313400269,0.3838316798210144
YNL220W,YEL030W,0,-5.6677074,0.13216520845890045,0.5847176313400269,0.3839424252510071
YGR254W,YBL063W,0,-5.66771,0.1321321278810501,0.5847176313400269,0.38405317068099976
YBR102C,YKL070W,0,-5.6677303,0.13209907710552216,0.5847176313400269,0.38416388630867004
YLR023C,YDR450W,0,-5.6679506,0.1320660263299942,0.5847176313400269,0.3842746317386627
YPR019W,YDR515W,0,-5.6679783,0.13203300535678864,0.5847176313400269,0.3843853771686554
YJL020C,YKL018W,0,-5.668041,0.13199999928474426,0.5847176313400269,0.38449612259864807
YDR208W,YEL051W,0,-5.668046,0.13196700811386108,0.5847176313400269,0.38460686802864075
YEL034W,YGL100W,0,-5.668096,0.1319340318441391,0.5847176313400269,0.3847176134586334
YMR052W,YBL005W-A,0,-5.6682696,0.1319010704755783,0.5847176313400269,0.3848283588886261
YDR477W,YDR325W,0,-5.6683598,0.1318681389093399,0.5847176313400269,0.3849391043186188
YDL148C,YDR181C,0,-5.668424,0.1318352073431015,0.5847176313400269,0.38504981994628906
YJL121C,YDR285W,0,-5.6684475,0.1318022906780243,0.5847176313400269,0.38516056537628174
YOL067C,YIL031W,0,-5.6685214,0.13176940381526947,0.5847176313400269,0.3852713108062744
YGL142C,YHR074W,0,-5.6686726,0.13173653185367584,0.5847176313400269,0.3853820562362671
YGR097W,YPR171W,0,-5.6686754,0.13170365989208221,0.5847176313400269,0.38549280166625977
YDL149W,YKL152C,0,-5.6686945,0.13167081773281097,0.5847176313400269,0.38560354709625244
YOL043C,YJR042W,0,-5.6688223,0.13163799047470093,0.5847176313400269,0.3857142925262451
YBR057C,YGR008C,0,-5.668868,0.13160517811775208,0.5847176313400269,0.3858250379562378
YHR102W,YMR061W,0,-5.6689267,0.1315723955631256,0.5847176313400269,0.38593578338623047
YJL065C,YPR198W,0,-5.6691046,0.13153961300849915,0.5847176313400269,0.38604649901390076
YDL143W,YLR260W,0,-5.669354,0.13150684535503387,0.5847176313400269,0.38615724444389343
YAL056W,YIL030C,0,-5.6694593,0.131474107503891,0.5847176313400269,0.3862679898738861
YIR013C,YNL131W,0,-5.669567,0.1314413696527481,0.5847176313400269,0.3863787353038788
YAL007C,YFR052W,0,-5.6696978,0.1314086616039276,0.5847176313400269,0.38648948073387146
YMR014W,YDR434W,0,-5.6701317,0.1313759684562683,0.5847176313400269,0.38660022616386414
YIL034C,YHR074W,0,-5.670368,0.1313432902097702,0.5847176313400269,0.3867109715938568
YGL078C,YJR160C,0,-5.6705647,0.1313106119632721,0.5847176313400269,0.3868217170238495
YPL195W,YIR012W,0,-5.6706576,0.13127797842025757,0.5847176313400269,0.3869324326515198
YLR397C,YIL030C,0,-5.671016,0.13124534487724304,0.5847176313400269,0.38704317808151245
YGR030C,YHR084W,0,-5.6711445,0.1312127262353897,0.5847176313400269,0.3871539235115051
YNL259C,YAR009C,0,-5.6712213,0.13118012249469757,0.5847176313400269,0.3872646689414978
YJL008C,YKR019C,0,-5.671276,0.13114753365516663,0.5847176313400269,0.3873754143714905
YFL039C,YDR459C,1,-5.6714773,0.13136330246925354,0.5858250260353088,0.3873754143714905
YDR460W,YIL022W,0,-5.6715784,0.1313306838274002,0.5858250260353088,0.38748615980148315
YDL117W,YFR040W,0,-5.6717014,0.13129809498786926,0.5858250260353088,0.38759690523147583
YPR182W,YOR270C,0,-5.672282,0.13126550614833832,0.5858250260353088,0.3877076506614685
YGR267C,YJL109C,0,-5.6723156,0.13123294711112976,0.5858250260353088,0.3878183960914612
YGR218W,YMR037C,0,-5.6723413,0.1312004029750824,0.5858250260353088,0.38792911171913147
YMR236W,YOR064C,1,-5.672567,0.13141581416130066,0.5869324207305908,0.38792911171913147
YFR048W,YDR175C,0,-5.67264,0.1313832402229309,0.5869324207305908,0.38803985714912415
YDR141C,YMR036C,0,-5.6726427,0.13135068118572235,0.5869324207305908,0.3881506025791168
YDR421W,YGR129W,0,-5.67268,0.131318137049675,0.5869324207305908,0.3882613480091095
YMR032W,YIL072W,0,-5.672766,0.13128560781478882,0.5869324207305908,0.3883720934391022
YPR141C,YKL205W,0,-5.6728845,0.13125309348106384,0.5869324207305908,0.38848283886909485
YDR448W,YMR069W,1,-5.672929,0.13146819174289703,0.5880398750305176,0.38848283886909485
YDR301W,YIL072W,0,-5.6730514,0.13143564760684967,0.5880398750305176,0.3885935842990875
YHR169W,YKL134C,0,-5.673316,0.1314031183719635,0.5880398750305176,0.3887043297290802
YGL033W,YNL046W,0,-5.673436,0.13137060403823853,0.5880398750305176,0.3888150751590729
YIL046W,YBR231C,0,-5.673476,0.13133811950683594,0.5880398750305176,0.38892579078674316
YIL073C,YDL217C,0,-5.6735554,0.13130563497543335,0.5880398750305176,0.38903653621673584
YFR024C-A,YDR460W,0,-5.6740165,0.13127318024635315,0.5880398750305176,0.3891472816467285
YLR231C,YCL003W,0,-5.6740694,0.13124072551727295,0.5880398750305176,0.3892580270767212
YNL270C,YLR022C,0,-5.6743193,0.13120830059051514,0.5880398750305176,0.38936877250671387
YNL136W,YBR198C,1,-5.6743965,0.13142292201519012,0.5891472697257996,0.38936877250671387
YMR069W,YDR167W,1,-5.674403,0.13163743913173676,0.5902547240257263,0.38936877250671387
YDR231C,YPL127C,0,-5.6744947,0.13160493969917297,0.5902547240257263,0.38947951793670654
YIL065C,YOR160W,0,-5.674698,0.13157245516777039,0.5902547240257263,0.3895902633666992
YFL010W-A,YJL003W,0,-5.6746984,0.131539985537529,0.5902547240257263,0.3897010087966919
YHR073W,YOR004W,0,-5.674782,0.1315075308084488,0.5902547240257263,0.3898117244243622
YPL086C,YDR247W,0,-5.6748357,0.13147509098052979,0.5902547240257263,0.38992246985435486
YNL186W,YOR069W,0,-5.674846,0.13144266605377197,0.5902547240257263,0.39003321528434753
YNL117W,YOR308C,0,-5.6748695,0.13141025602817535,0.5902547240257263,0.3901439607143402
YOR330C,YCL063W,0,-5.675001,0.13137786090373993,0.5902547240257263,0.3902547061443329
YER107C,YOL151W,0,-5.675037,0.1313454955816269,0.5902547240257263,0.39036545157432556
YMR150C,YGR070W,0,-5.675123,0.13131313025951385,0.5902547240257263,0.39047619700431824
YOL089C,YDR083W,0,-5.6751246,0.1312807947397232,0.5902547240257263,0.3905869424343109
YPL262W,YBL014C,0,-5.6753254,0.13124845921993256,0.5902547240257263,0.3906976878643036
YNR044W,YIR022W,0,-5.6755714,0.1312161535024643,0.5902547240257263,0.3908084034919739
YOR209C,YDR490C,0,-5.675594,0.13118384778499603,0.5902547240257263,0.39091914892196655
YKR028W,YKL041W,0,-5.675755,0.13115157186985016,0.5902547240257263,0.39102989435195923
YMR211W,YMR214W,0,-5.6758466,0.13111931085586548,0.5902547240257263,0.3911406397819519
YLR288C,YGR128C,0,-5.6759114,0.131087064743042,0.5902547240257263,0.3912513852119446
YGR262C,YPR001W,0,-5.675946,0.1310548335313797,0.5902547240257263,0.39136213064193726
YLR127C,YJR126C,0,-5.6760063,0.1310226172208786,0.5902547240257263,0.39147287607192993
YER065C,YPL125W,0,-5.6761594,0.1309904158115387,0.5902547240257263,0.3915836215019226
YLR377C,YER146W,0,-5.676215,0.13095822930335999,0.5902547240257263,0.3916943669319153
YFL013C,YGR059W,0,-5.6762395,0.13092605769634247,0.5902547240257263,0.39180508255958557
YMR038C,YNL273W,0,-5.6763,0.13089391589164734,0.5902547240257263,0.39191582798957825
YLR391W-A,YMR277W,0,-5.676464,0.1308617740869522,0.5902547240257263,0.3920265734195709
YBL023C,YDL064W,0,-5.6765366,0.13082964718341827,0.5902547240257263,0.3921373188495636
YFR005C,YLR234W,0,-5.676569,0.13079755008220673,0.5902547240257263,0.3922480642795563
YIL097W,YBR170C,0,-5.6767673,0.13076545298099518,0.5902547240257263,0.39235880970954895
YNL020C,YPR135W,0,-5.6767797,0.13073338568210602,0.5902547240257263,0.3924695551395416
YLR127C,YFL036W,0,-5.6768703,0.13070131838321686,0.5902547240257263,0.3925803005695343
YNR074C,YPR141C,0,-5.6770887,0.13066928088665009,0.5902547240257263,0.3926910161972046
YLL050C,YNR053C,0,-5.677133,0.1306372582912445,0.5902547240257263,0.39280176162719727
YAR031W,YGR270W,0,-5.677338,0.13060525059700012,0.5902547240257263,0.39291250705718994
YHR079C-A,YMR016C,0,-5.6773796,0.13057324290275574,0.5902547240257263,0.3930232524871826
YJR017C,YNL126W,0,-5.677619,0.13054126501083374,0.5902547240257263,0.3931339979171753
YNL136W,YER015W,1,-5.677676,0.13075415790081024,0.5913621187210083,0.3931339979171753
YGL032C,YGL162W,0,-5.6777234,0.13072215020656586,0.5913621187210083,0.39324474334716797
YKL139W,YJR019C,0,-5.6777773,0.13069015741348267,0.5913621187210083,0.39335548877716064
YPR082C,YDR018C,0,-5.6777925,0.13065817952156067,0.5913621187210083,0.3934662342071533
YAL040C,YPR155C,0,-5.677807,0.13062621653079987,0.5913621187210083,0.393576979637146
YNR046W,YJR027W,0,-5.678028,0.13059428334236145,0.5913621187210083,0.3936876952648163
YOR098C,YMR190C,0,-5.678152,0.13056235015392303,0.5913621187210083,0.39379844069480896
YLR007W,YJR026W,0,-5.6782336,0.1305304318666458,0.5913621187210083,0.39390918612480164
YBR280C,YPL138C,0,-5.6782646,0.13049852848052979,0.5913621187210083,0.3940199315547943
YBR010W,YGR213C,0,-5.6783524,0.13046665489673615,0.5913621187210083,0.394130676984787
YER015W,YDR167W,1,-5.678381,0.13067904114723206,0.5924695730209351,0.394130676984787
YOL108C,YOL064C,0,-5.6784086,0.13064713776111603,0.5924695730209351,0.39424142241477966
YMR070W,YBR012W-A,0,-5.6785097,0.130615234375,0.5924695730209351,0.39435216784477234
YJL081C,YMR236W,1,-5.6786227,0.13082744181156158,0.593576967716217,0.39435216784477234
YOR232W,YOR073W,0,-5.678728,0.13079550862312317,0.593576967716217,0.394462913274765
YDL100C,YLR386W,0,-5.6789045,0.13076360523700714,0.593576967716217,0.3945736289024353
YPL275W,YLR442C,0,-5.679003,0.1307317018508911,0.593576967716217,0.394684374332428
YOL101C,YGL035C,0,-5.6790204,0.13069982826709747,0.593576967716217,0.39479511976242065
YDL084W,YDL120W,0,-5.6790667,0.13066796958446503,0.593576967716217,0.39490586519241333
YHR139C,YDR172W,0,-5.6793156,0.13063612580299377,0.593576967716217,0.395016610622406
YMR119W,YDR424C,0,-5.679652,0.13060428202152252,0.593576967716217,0.3951273560523987
YDL035C,YJL166W,0,-5.679758,0.13057246804237366,0.593576967716217,0.39523810148239136
YKL165C,YNL090W,0,-5.680036,0.130540668964386,0.593576967716217,0.39534884691238403
YLR141W,YNL121C,0,-5.680125,0.1305088847875595,0.593576967716217,0.3954595923423767
YML015C,YMR077C,0,-5.6803074,0.13047711551189423,0.593576967716217,0.395570307970047
YMR006C,YDR218C,0,-5.680333,0.13044536113739014,0.593576967716217,0.3956810534000397
YHR070W,YER123W,0,-5.6804037,0.13041362166404724,0.593576967716217,0.39579179883003235
YGL201C,YJR027W,0,-5.680421,0.13038189709186554,0.593576967716217,0.395902544260025
YNL223W,YOL023W,0,-5.6804314,0.13035018742084503,0.593576967716217,0.3960132896900177
YLR377C,YDR227W,0,-5.6804457,0.1303185075521469,0.593576967716217,0.3961240351200104
YGL171W,YKR053C,0,-5.6806107,0.1302868276834488,0.593576967716217,0.39623478055000305
YHR023W,YNL061W,0,-5.6806602,0.13025516271591187,0.593576967716217,0.3963455259799957
YNL103W,YDR398W,0,-5.6808834,0.13022351264953613,0.593576967716217,0.3964562714099884
YGR024C,YGL098W,0,-5.680889,0.1301918923854828,0.593576967716217,0.3965669870376587
YLR286C,YNL317W,0,-5.6809664,0.13016027212142944,0.593576967716217,0.39667773246765137
YER016W,YDL090C,0,-5.681008,0.1301286667585373,0.593576967716217,0.39678847789764404
YNR067C,YDR190C,0,-5.6810303,0.13009709119796753,0.593576967716217,0.3968992233276367
YOR236W,YEL030W,0,-5.6812134,0.13006551563739777,0.593576967716217,0.3970099687576294
YPR080W,YJL045W,0,-5.6813197,0.1300339698791504,0.593576967716217,0.39712071418762207
YBR179C,YDR545W,0,-5.6814575,0.13000242412090302,0.593576967716217,0.39723145961761475
YBR066C,YJR073C,0,-5.6815248,0.12997090816497803,0.593576967716217,0.3973422050476074
YOR330C,YNL167C,0,-5.6817236,0.12993939220905304,0.593576967716217,0.3974529206752777
YNL281W,YPL209C,0,-5.681815,0.12990790605545044,0.593576967716217,0.3975636661052704
YBR155W,YDR081C,0,-5.6819096,0.12987641990184784,0.593576967716217,0.39767441153526306
YPR131C,YOR064C,1,-5.682053,0.130087211728096,0.594684362411499,0.39767441153526306
YPR083W,YFR034C,0,-5.682068,0.13005571067333221,0.594684362411499,0.39778515696525574
YIL095W,YHL009C,0,-5.6820946,0.13002420961856842,0.594684362411499,0.3978959023952484
YMR246W,YDL040C,1,-5.682191,0.13023480772972107,0.5957918167114258,0.3978959023952484
YLR067C,YBR106W,0,-5.682228,0.13020329177379608,0.5957918167114258,0.3980066478252411
YBR179C,YBR272C,0,-5.682327,0.1301717907190323,0.5957918167114258,0.39811739325523376
YBR237W,YOR216C,0,-5.6823683,0.1301403045654297,0.5957918167114258,0.39822813868522644
YPR054W,YGL169W,0,-5.6828337,0.13010883331298828,0.5957918167114258,0.3983388841152191
YJL122W,YBR012W-A,0,-5.68287,0.13007736206054688,0.5957918167114258,0.3984495997428894
YNL230C,YKR056W,0,-5.683325,0.13004592061042786,0.5957918167114258,0.3985603451728821
YNL294C,YLR181C,0,-5.6833467,0.13001449406147003,0.5957918167114258,0.39867109060287476
YML078W,YIL123W,0,-5.6837196,0.1299830824136734,0.5957918167114258,0.39878183603286743
YPL195W,YNL128W,0,-5.684066,0.12995168566703796,0.5957918167114258,0.3988925814628601
YDL019C,YIR015W,0,-5.6841326,0.12992030382156372,0.5957918167114258,0.3990033268928528
YGL099W,YDR532C,0,-5.6841736,0.12988893687725067,0.5957918167114258,0.39911407232284546
YJL194W,YER042W,0,-5.6842394,0.12985758483409882,0.5957918167114258,0.39922481775283813
YAL022C,YMR067C,0,-5.6845856,0.12982624769210815,0.5957918167114258,0.3993355333805084
YFL041W,YNR046W,0,-5.684759,0.12979494035243988,0.5957918167114258,0.3994462788105011
YOR232W,YGL039W,0,-5.6848965,0.1297636330127716,0.5957918167114258,0.3995570242404938
YEL063C,YOL117W,0,-5.685048,0.12973234057426453,0.5957918167114258,0.39966776967048645
YGR220C,YKR089C,0,-5.6850986,0.12970106303691864,0.5957918167114258,0.3997785151004791
YDR245W,YJL203W,0,-5.6851454,0.12966980040073395,0.5957918167114258,0.3998892605304718
YBR286W,YJL139C,0,-5.685267,0.12963855266571045,0.5957918167114258,0.4000000059604645
YKR009C,YGR063C,0,-5.685559,0.12960731983184814,0.5957918167114258,0.40011075139045715
YOL110W,YPL129W,1,-5.6862297,0.1298169493675232,0.5968992114067078,0.40011075139045715
YOR260W,YHL003C,0,-5.6862946,0.1297857016324997,0.5968992114067078,0.40022149682044983
YJL208C,YNL044W,0,-5.686326,0.1297544538974762,0.5968992114067078,0.4003322124481201
YGL065C,YDR532C,0,-5.6864023,0.1297232210636139,0.5968992114067078,0.4004429578781128
YGR078C,YLR266C,0,-5.686418,0.12969201803207397,0.5968992114067078,0.40055370330810547
YDR214W,YFL048C,0,-5.6865454,0.12966081500053406,0.5968992114067078,0.40066444873809814
YNL009W,YOR194C,0,-5.6866183,0.12962962687015533,0.5968992114067078,0.4007751941680908
YDR301W,YDL230W,0,-5.686638,0.129598468542099,0.5968992114067078,0.4008859395980835
YPL097W,YNR011C,0,-5.686931,0.12956731021404266,0.5968992114067078,0.40099668502807617
YFL024C,YIL009W,1,-5.6870728,0.1297764927148819,0.5980066657066345,0.40099668502807617
YAL013W,YBR012W-A,0,-5.687138,0.12974531948566437,0.5980066657066345,0.40110743045806885
YNL136W,YMR246W,1,-5.6872425,0.12995435297489166,0.5991140604019165,0.40110743045806885
YLR394W,YMR005W,0,-5.687323,0.12992314994335175,0.5991140604019165,0.4012181758880615
YDR243C,YLR316C,0,-5.6875153,0.12989196181297302,0.5991140604019165,0.4013288915157318
YJR057W,YOL021C,0,-5.6875777,0.1298607736825943,0.5991140604019165,0.4014396369457245
YOR185C,YHR158C,0,-5.6876435,0.12982961535453796,0.5991140604019165,0.40155038237571716
YMR119W,YIL072W,0,-5.6877155,0.12979847192764282,0.5991140604019165,0.40166112780570984
YOR171C,YFR031C,0,-5.6878433,0.12976732850074768,0.5991140604019165,0.4017718732357025
YNL290W,YNL222W,0,-5.6879377,0.12973621487617493,0.5991140604019165,0.4018826186656952
YEL066W,YMR236W,1,-5.688036,0.12994486093521118,0.6002214550971985,0.4018826186656952
YML126C,YMR167W,0,-5.688224,0.12991371750831604,0.6002214550971985,0.40199336409568787
YPL137C,YDR425W,0,-5.6882496,0.1298825740814209,0.6002214550971985,0.40210410952568054
YJR042W,YML021C,0,-5.6883326,0.12985146045684814,0.6002214550971985,0.40221482515335083
YJL156C,YOR356W,0,-5.6885643,0.12982036173343658,0.6002214550971985,0.4023255705833435
YAL041W,YLR186W,0,-5.688629,0.12978927791118622,0.6002214550971985,0.4024363160133362
YLR320W,YDR057W,0,-5.689005,0.12975819408893585,0.6002214550971985,0.40254706144332886
YHR165C,YFL037W,0,-5.689026,0.12972714006900787,0.6002214550971985,0.40265780687332153
YGR247W,YIL014W,0,-5.6890535,0.1296961009502411,0.6002214550971985,0.4027685523033142
YFL050C,YIL042C,0,-5.6891003,0.1296650767326355,0.6002214550971985,0.4028792977333069
YPR100W,YJL108C,0,-5.689105,0.1296340525150299,0.6002214550971985,0.40299004316329956
YGR147C,YPR131C,1,-5.68915,0.12984217703342438,0.6013289093971252,0.40299004316329956
YMR298W,YCR081W,0,-5.689193,0.1298111379146576,0.6013289093971252,0.40310078859329224
YGL135W,YOR087W,0,-5.6892776,0.129780113697052,0.6013289093971252,0.4032115042209625
YKL060C,YBR283C,0,-5.6893296,0.1297491043806076,0.6013289093971252,0.4033222496509552
YAR019C,YBL055C,0,-5.689631,0.1297181099653244,0.6013289093971252,0.4034329950809479
YDR318W,YOL061W,0,-5.6896553,0.1296871304512024,0.6013289093971252,0.40354374051094055
YDR168W,YBR192W,0,-5.689769,0.12965616583824158,0.6013289093971252,0.4036544859409332
YBR218C,YCL031C,0,-5.6898956,0.12962521612644196,0.6013289093971252,0.4037652313709259
YDR188W,YIL022W,0,-5.6900144,0.12959426641464233,0.6013289093971252,0.4038759768009186
YBL084C,YLR139C,0,-5.6902795,0.1295633465051651,0.6013289093971252,0.40398672223091125
YBL103C,YPL234C,0,-5.6903954,0.12953244149684906,0.6013289093971252,0.40409746766090393
YDL035C,YIL082W-A,0,-5.6904254,0.1295015513896942,0.6013289093971252,0.4042081832885742
YGR036C,YPL167C,0,-5.690426,0.12947067618370056,0.6013289093971252,0.4043189287185669
YJR131W,YBR289W,0,-5.690495,0.1294398158788681,0.6013289093971252,0.40442967414855957
YML127W,YGR024C,0,-5.690548,0.12940895557403564,0.6013289093971252,0.40454041957855225
YNL225C,YDR259C,0,-5.6906195,0.12937812507152557,0.6013289093971252,0.4046511650085449
YDR420W,YHR091C,0,-5.690652,0.1293473094701767,0.6013289093971252,0.4047619104385376
YDL028C,YBR218C,0,-5.6906924,0.129316508769989,0.6013289093971252,0.4048726558685303
YNL210W,YKL108W,0,-5.690779,0.12928570806980133,0.6013289093971252,0.40498340129852295
YBR286W,YHR082C,0,-5.69088,0.12925493717193604,0.6013289093971252,0.40509411692619324
YDR411C,YNL097C,0,-5.6909704,0.12922418117523193,0.6013289093971252,0.4052048623561859
YER038C,YNL054W,0,-5.691068,0.12919344007968903,0.6013289093971252,0.4053156077861786
YML005W,YML027W,0,-5.6911616,0.12916269898414612,0.6013289093971252,0.40542635321617126
YJL146W,YNL110C,0,-5.691187,0.1291319876909256,0.6013289093971252,0.40553709864616394
YMR216C,YOR027W,0,-5.691241,0.12910129129886627,0.6013289093971252,0.4056478440761566
YBR008C,YLR097C,0,-5.6913056,0.12907059490680695,0.6013289093971252,0.4057585895061493
YDR284C,YHR004C,0,-5.691536,0.12903992831707,0.6013289093971252,0.40586933493614197
YLR100W,YOR076C,0,-5.691714,0.12900926172733307,0.6013289093971252,0.40598008036613464
YHL047C,YCR072C,0,-5.6918197,0.12897862493991852,0.6013289093971252,0.40609079599380493
YEL015W,YGL053W,0,-5.691995,0.12894798815250397,0.6013289093971252,0.4062015414237976
YBR042C,YDR174W,0,-5.69209,0.1289173811674118,0.6013289093971252,0.4063122868537903
YDR021W,YDR201W,0,-5.6922226,0.12888677418231964,0.6013289093971252,0.40642303228378296
YJR006W,YOR127W,0,-5.692581,0.12885619699954987,0.6013289093971252,0.40653377771377563
YBR207W,YBR103W,0,-5.692731,0.1288256198167801,0.6013289093971252,0.4066445231437683
YGR135W,YPR182W,0,-5.6928062,0.1287950724363327,0.6013289093971252,0.406755268573761
YER075C,YHL009C,0,-5.6928215,0.12876452505588531,0.6013289093971252,0.40686601400375366
YOL156W,YPR121W,0,-5.693138,0.12873399257659912,0.6013289093971252,0.40697672963142395
YCL031C,YOR060C,0,-5.693325,0.12870348989963531,0.6013289093971252,0.4070874750614166
YOR025W,YPL169C,0,-5.6933727,0.1286729872226715,0.6013289093971252,0.4071982204914093
YDL087C,YLR139C,0,-5.693533,0.1286424994468689,0.6013289093971252,0.407308965921402
YHL002W,YGR047C,0,-5.693677,0.12861202657222748,0.6013289093971252,0.40741971135139465
YLR292C,YNL222W,0,-5.6936784,0.12858158349990845,0.6013289093971252,0.40753045678138733
YIL106W,YCR057C,0,-5.693725,0.12855114042758942,0.6013289093971252,0.40764120221138
YOR034C,YJL081C,1,-5.693906,0.12875740230083466,0.6024363040924072,0.40764120221138
YER018C,YLR181C,0,-5.6942654,0.12872692942619324,0.6024363040924072,0.4077519476413727
YHL006C,YOR069W,0,-5.6943965,0.128696471452713,0.6024363040924072,0.40786269307136536
YDL134C,YHR031C,0,-5.6947136,0.12866604328155518,0.6024363040924072,0.40797340869903564
YNL110C,YDR477W,0,-5.695043,0.12863561511039734,0.6024363040924072,0.4080841541290283
YGL178W,YBR127C,0,-5.695101,0.1286052018404007,0.6024363040924072,0.408194899559021
YCR033W,YHR070W,0,-5.695196,0.12857480347156525,0.6024363040924072,0.40830564498901367
YPL133C,YDR498C,0,-5.695286,0.128544420003891,0.6024363040924072,0.40841639041900635
YPL202C,YIL044C,0,-5.6953115,0.12851405143737793,0.6024363040924072,0.408527135848999
YJL122W,YEL051W,0,-5.695367,0.12848369777202606,0.6024363040924072,0.4086378812789917
YNR017W,YER151C,0,-5.6953783,0.1284533590078354,0.6024363040924072,0.4087486267089844
YDR075W,YNL016W,0,-5.695546,0.1284230351448059,0.6024363040924072,0.40885937213897705
YPL190C,YOR287C,0,-5.6956353,0.12839272618293762,0.6024363040924072,0.40897008776664734
YDR411C,YMR143W,0,-5.695808,0.12836243212223053,0.6024363040924072,0.40908083319664
YGL135W,YKR014C,0,-5.695833,0.12833215296268463,0.6024363040924072,0.4091915786266327
YGR199W,YKL006C-A,0,-5.695878,0.12830188870429993,0.6024363040924072,0.40930232405662537
YLR214W,YIR013C,0,-5.6959686,0.12827163934707642,0.6024363040924072,0.40941306948661804
YHR013C,YDR459C,1,-5.695982,0.12847712635993958,0.603543758392334,0.40941306948661804
YLR405W,YKR028W,0,-5.695997,0.12844684720039368,0.603543758392334,0.4095238149166107
YOR257W,YOR344C,0,-5.696029,0.12841658294200897,0.603543758392334,0.4096345603466034
YNL239W,YNL328C,0,-5.6960363,0.12838633358478546,0.603543758392334,0.40974530577659607
YLR381W,YIR026C,0,-5.696074,0.12835609912872314,0.603543758392334,0.40985602140426636
YBL045C,YFL017W-A,0,-5.6961875,0.12832587957382202,0.603543758392334,0.40996676683425903
YKL220C,YDR381W,0,-5.6963806,0.1282956749200821,0.603543758392334,0.4100775122642517
YDR280W,YHL025W,0,-5.696404,0.12826547026634216,0.603543758392334,0.4101882576942444
YOR099W,YCL075W,0,-5.696416,0.12823529541492462,0.603543758392334,0.41029900312423706
YHR096C,YDR416W,0,-5.696452,0.12820513546466827,0.603543758392334,0.41040974855422974
YLR158C,YOR185C,0,-5.696565,0.12817497551441193,0.603543758392334,0.4105204939842224
YDR363W-A,YOR338W,0,-5.6965837,0.12814484536647797,0.603543758392334,0.4106312394142151
YOR209C,YER178W,0,-5.696592,0.128114715218544,0.603543758392334,0.41074198484420776
YDR123C,YGL236C,0,-5.696705,0.12808459997177124,0.603543758392334,0.41085270047187805
YKL112W,YHL003C,0,-5.6967564,0.12805451452732086,0.603543758392334,0.4109634459018707
YOL130W,YOR027W,0,-5.69703,0.12802442908287048,0.603543758392334,0.4110741913318634
YDL097C,YGR033C,0,-5.6970305,0.1279943585395813,0.603543758392334,0.4111849367618561
YGL205W,YKL041W,0,-5.6971574,0.1279643177986145,0.603543758392334,0.41129568219184875
YBR296C,YDR137W,0,-5.697206,0.1279342770576477,0.603543758392334,0.41140642762184143
YHR059W,YGL167C,0,-5.697336,0.1279042512178421,0.603543758392334,0.4115171730518341
YJR076C,YHR008C,0,-5.6975517,0.1278742402791977,0.603543758392334,0.4116279184818268
YMR198W,YGR054W,0,-5.6977215,0.12784424424171448,0.603543758392334,0.41173863410949707
YHR005C,YGL145W,0,-5.6977324,0.12781426310539246,0.603543758392334,0.41184937953948975
YJR119C,YKL001C,0,-5.6979575,0.12778429687023163,0.603543758392334,0.4119601249694824
YMR012W,YBR041W,0,-5.697968,0.1277543306350708,0.603543758392334,0.4120708703994751
YNR052C,YCR073C,0,-5.6983743,0.12772439420223236,0.603543758392334,0.4121816158294678
YPL086C,YPL058C,0,-5.6987286,0.12769447267055511,0.603543758392334,0.41229236125946045
YDR280W,YPL020C,0,-5.6987324,0.12766455113887787,0.603543758392334,0.4124031066894531
YCR073C,YOR060C,0,-5.698768,0.127634659409523,0.603543758392334,0.4125138521194458
YPR132W,YMR218C,0,-5.6987705,0.12760478258132935,0.603543758392334,0.4126245975494385
YER015W,YEL056W,1,-5.698909,0.12780898809432983,0.604651153087616,0.4126245975494385
YGL003C,YJL134W,0,-5.6990395,0.12777908146381378,0.604651153087616,0.41273531317710876
YOL130W,YKL134C,0,-5.699044,0.12774917483329773,0.604651153087616,0.41284605860710144
YHR023W,YLR266C,0,-5.699138,0.12771929800510406,0.604651153087616,0.4129568040370941
YAL031C,YLR234W,0,-5.6991963,0.1276894360780716,0.604651153087616,0.4130675494670868
YNR059W,YBR143C,0,-5.699293,0.12765957415103912,0.604651153087616,0.41317829489707947
YGL150C,YAR042W,0,-5.6993046,0.12762972712516785,0.604651153087616,0.41328904032707214
YNL288W,YPL270W,0,-5.6993203,0.12759990990161896,0.604651153087616,0.4133997857570648
YLR328W,YKL178C,0,-5.6993504,0.12757009267807007,0.604651153087616,0.4135105311870575
YLR208W,YOR172W,0,-5.6996737,0.12754029035568237,0.604651153087616,0.41362127661705017
YNR001C,YGL039W,0,-5.6997933,0.12751050293445587,0.604651153087616,0.41373199224472046
YNL130C,YGR275W,0,-5.6998625,0.12748073041439056,0.604651153087616,0.41384273767471313
YBL045C,YCL019W,0,-5.699939,0.12745098769664764,0.604651153087616,0.4139534831047058
YLR384C,YHR158C,0,-5.700152,0.12742123007774353,0.604651153087616,0.4140642285346985
YGR024C,YLR193C,0,-5.7001953,0.1273915022611618,0.604651153087616,0.41417497396469116
YIL075C,YBR123C,0,-5.700602,0.12736178934574127,0.604651153087616,0.41428571939468384
YIL132C,YGR270W,0,-5.7008424,0.12733209133148193,0.604651153087616,0.4143964648246765
YEL063C,YLR090W,0,-5.7008953,0.1273024082183838,0.604651153087616,0.4145072102546692
YGR224W,YLR248W,0,-5.7009354,0.12727272510528564,0.604651153087616,0.4146179258823395
YOR099W,YJL154C,0,-5.701008,0.1272430717945099,0.604651153087616,0.41472867131233215
YBR029C,YIL073C,0,-5.7012005,0.12721341848373413,0.604651153087616,0.41483941674232483
YDR407C,YKL175W,0,-5.701253,0.12718379497528076,0.604651153087616,0.4149501621723175
YJR119C,YDR456W,0,-5.70146,0.1271541714668274,0.604651153087616,0.4150609076023102
YJL166W,YER117W,0,-5.7014856,0.12712456285953522,0.604651153087616,0.41517165303230286
YMR246W,YGL066W,1,-5.7015805,0.12732774019241333,0.6057586073875427,0.41517165303230286
YJL133W,YPL042C,0,-5.7017164,0.12729811668395996,0.6057586073875427,0.41528239846229553
YGR014W,YCR073W-A,0,-5.701844,0.1272684931755066,0.6057586073875427,0.4153931438922882
YDL081C,YIL105C,0,-5.701972,0.1272388994693756,0.6057586073875427,0.4155038893222809
YKL017C,YDR200C,0,-5.702156,0.12720930576324463,0.6057586073875427,0.41561460494995117
YMR091C,YGL053W,0,-5.702171,0.12717972695827484,0.6057586073875427,0.41572535037994385
YOR181W,YHR074W,0,-5.702462,0.12715016305446625,0.6057586073875427,0.4158360958099365
YER087C-B,YGR185C,0,-5.7025967,0.12712061405181885,0.6057586073875427,0.4159468412399292
YLR153C,YPR131C,1,-5.702674,0.12732341885566711,0.6068660020828247,0.4159468412399292
YDL236W,YGR170W,0,-5.702758,0.12729384005069733,0.6068660020828247,0.4160575866699219
YDR279W,YLR455W,0,-5.70293,0.12726427614688873,0.6068660020828247,0.41616833209991455
YDR122W,YGL090W,0,-5.703059,0.12723472714424133,0.6068660020828247,0.4162790775299072
YLR214W,YDR310C,0,-5.7031236,0.12720519304275513,0.6068660020828247,0.4163898229598999
YCR039C,YJL117W,0,-5.7031503,0.12717567384243011,0.6068660020828247,0.4165005683898926
YOL145C,YMR096W,0,-5.7036324,0.1271461695432663,0.6068660020828247,0.41661128401756287
YJL058C,YMR150C,0,-5.703682,0.12711668014526367,0.6068660020828247,0.41672202944755554
YER045C,YDR062W,0,-5.7038136,0.12708720564842224,0.6068660020828247,0.4168327748775482
YMR277W,YLR138W,0,-5.7042947,0.1270577311515808,0.6068660020828247,0.4169435203075409
YPR034W,YKL085W,0,-5.7043476,0.12702828645706177,0.6068660020828247,0.41705426573753357
YIL079C,YLR467W,0,-5.704444,0.12699884176254272,0.6068660020828247,0.41716501116752625
YMR287C,YFR029W,0,-5.704473,0.12696941196918488,0.6068660020828247,0.4172757565975189
YDR379W,YML021C,0,-5.704582,0.12694001197814941,0.6068660020828247,0.4173865020275116
YKR046C,YPR065W,0,-5.7046604,0.12691061198711395,0.6068660020828247,0.4174972176551819
YFL039C,YNL326C,1,-5.7047796,0.1271127611398697,0.6079733967781067,0.4174972176551819
YPL221W,YJR063W,0,-5.7048883,0.12708333134651184,0.6079733967781067,0.41760796308517456
YGL100W,YKL034W,0,-5.7049665,0.12705391645431519,0.6079733967781067,0.41771870851516724
YKL074C,YOR157C,0,-5.7049694,0.12702453136444092,0.6079733967781067,0.4178294539451599
YJL102W,YIL066C,0,-5.705018,0.12699514627456665,0.6079733967781067,0.4179401993751526
YMR069W,YBR081C,1,-5.70531,0.1271970421075821,0.6090808510780334,0.4179401993751526
YGR267C,YIL123W,0,-5.705415,0.12716762721538544,0.6090808510780334,0.41805094480514526
YDR142C,YLR135W,0,-5.7054315,0.12713822722434998,0.6090808510780334,0.41816169023513794
YFL023W,YAR008W,0,-5.7054377,0.1271088570356369,0.6090808510780334,0.4182724356651306
YPR183W,YDL044C,0,-5.7057137,0.12707948684692383,0.6090808510780334,0.4183831810951233
YBL019W,YER007W,0,-5.7057805,0.12705013155937195,0.6090808510780334,0.4184938967227936
YMR246W,YEL066W,1,-5.705804,0.1272517293691635,0.6101882457733154,0.4184938967227936
YFL048C,YDL198C,0,-5.7058144,0.12722234427928925,0.6101882457733154,0.41860464215278625
YMR113W,YDR258C,0,-5.7058473,0.12719298899173737,0.6101882457733154,0.41871538758277893
YPR188C,YBR060C,0,-5.7058864,0.12716363370418549,0.6101882457733154,0.4188261330127716
YHR200W,YMR263W,0,-5.7058887,0.1271342933177948,0.6101882457733154,0.4189368784427643
YCR098C,YMR005W,0,-5.7059584,0.1271049529314041,0.6101882457733154,0.41904762387275696
YGL106W,YGL227W,0,-5.7061033,0.12707564234733582,0.6101882457733154,0.41915836930274963
YOL130W,YKL086W,0,-5.706107,0.1270463466644287,0.6101882457733154,0.4192691147327423
YBR210W,YGL175C,0,-5.70613,0.1270170658826828,0.6101882457733154,0.4193798303604126
YMR037C,YNR011C,0,-5.7064857,0.1269877851009369,0.6101882457733154,0.4194905757904053
YHL036W,YDR527W,0,-5.706489,0.12695851922035217,0.6101882457733154,0.41960132122039795
YCR073W-A,YGR186W,0,-5.706729,0.12692928314208984,0.6101882457733154,0.4197120666503906
YEL030W,YDR076W,0,-5.706956,0.12690004706382751,0.6101882457733154,0.4198228120803833
YDR498C,YKR072C,0,-5.70697,0.12687082588672638,0.6101882457733154,0.419933557510376
YCR048W,YCL054W,0,-5.706997,0.12684161961078644,0.6101882457733154,0.42004430294036865
YGR262C,YKL017C,0,-5.707103,0.1268124282360077,0.6101882457733154,0.42015504837036133
YEL029C,YPL221W,0,-5.707104,0.12678325176239014,0.6101882457733154,0.420265793800354
YCR075C,YNL160W,0,-5.7071705,0.12675409018993378,0.6101882457733154,0.4203765094280243
YCR082W,YOR217W,0,-5.707363,0.12672492861747742,0.6101882457733154,0.42048725485801697
YHL003C,YGR192C,0,-5.7073812,0.12669579684734344,0.6101882457733154,0.42059800028800964
YOR094W,YDR377W,0,-5.7074785,0.12666666507720947,0.6101882457733154,0.4207087457180023
YLR195C,YNL326C,1,-5.707882,0.1268673837184906,0.6112957000732422,0.4207087457180023
YDR173C,YOL044W,0,-5.7079916,0.12683823704719543,0.6112957000732422,0.420819491147995
YBR038W,YJR050W,0,-5.708043,0.12680909037590027,0.6112957000732422,0.42093023657798767
YDR317W,YML039W,0,-5.7083607,0.1267799735069275,0.6112957000732422,0.42104098200798035
YGL124C,YGR070W,0,-5.708666,0.1267508566379547,0.6112957000732422,0.421151727437973
YMR314W,YIR015W,0,-5.708736,0.12672176957130432,0.6112957000732422,0.4212624728679657
YEL009C,YHR001W-A,0,-5.708926,0.12669268250465393,0.6112957000732422,0.421373188495636
YLR423C,YNL099C,0,-5.709145,0.12666361033916473,0.6112957000732422,0.42148393392562866
YER019C-A,YPL157W,0,-5.709161,0.12663455307483673,0.6112957000732422,0.42159467935562134
YLR059C,YMR039C,0,-5.7092032,0.12660551071166992,0.6112957000732422,0.421705424785614
YER095W,YOR069W,0,-5.709206,0.1265764683485031,0.6112957000732422,0.4218161702156067
YIL098C,YKR055W,0,-5.7093277,0.1265474557876587,0.6112957000732422,0.42192691564559937
YGR179C,YJR110W,0,-5.709552,0.12651844322681427,0.6112957000732422,0.42203766107559204
YLR133W,YMR225C,0,-5.709568,0.12648946046829224,0.6112957000732422,0.4221484065055847
YPL140C,YMR146C,0,-5.709692,0.1264604777097702,0.6112957000732422,0.422259122133255
YHR148W,YGR213C,0,-5.7097273,0.12643150985240936,0.6112957000732422,0.4223698675632477
YDR268W,YPL124W,0,-5.709986,0.1264025717973709,0.6112957000732422,0.42248061299324036
YDL093W,YOL028C,0,-5.7101755,0.12637363374233246,0.6112957000732422,0.42259135842323303
YJL020C,YJL093C,0,-5.7102585,0.126344695687294,0.6112957000732422,0.4227021038532257
YPL078C,YAL025C,0,-5.71027,0.12631578743457794,0.6112957000732422,0.4228128492832184
YAL053W,YMR021C,0,-5.710447,0.12628689408302307,0.6112957000732422,0.42292359471321106
YDR434W,YLR452C,0,-5.7105436,0.1262580007314682,0.6112957000732422,0.42303434014320374
YJR017C,YGL068W,0,-5.710656,0.12622913718223572,0.6112957000732422,0.4231450855731964
YLL022C,YNL326C,1,-5.7106676,0.12642890214920044,0.6124030947685242,0.4231450855731964
YER088C,YEL062W,0,-5.71068,0.12639999389648438,0.6124030947685242,0.4232558012008667
YLR293C,YIR019C,0,-5.7109227,0.1263711154460907,0.6124030947685242,0.4233665466308594
YPL151C,YBL093C,0,-5.7110624,0.12634223699569702,0.6124030947685242,0.42347729206085205
YIL053W,YBR258C,0,-5.7112985,0.12631338834762573,0.6124030947685242,0.4235880374908447
YHR026W,YPL033C,0,-5.7113,0.12628453969955444,0.6124030947685242,0.4236987829208374
YDR214W,YIL103W,0,-5.7114305,0.12625570595264435,0.6124030947685242,0.4238095283508301
YPR054W,YPL032C,0,-5.7114644,0.12622688710689545,0.6124030947685242,0.42392027378082275
YMR272C,YDR201W,0,-5.7115226,0.12619808316230774,0.6124030947685242,0.42403101921081543
YMR198W,YOL054W,0,-5.711541,0.12616929411888123,0.6124030947685242,0.4241417348384857
YKL138C-A,YGR222W,0,-5.7115574,0.1261405050754547,0.6124030947685242,0.4242524802684784
YMR056C,YDL036C,0,-5.711715,0.12611174583435059,0.6124030947685242,0.42436322569847107
YDR141C,YKL053C-A,0,-5.7120085,0.12608298659324646,0.6124030947685242,0.42447397112846375
YLR153C,YOR023C,1,-5.712039,0.126282200217247,0.6135105490684509,0.42447397112846375
YNL326C,YHR099W,1,-5.7120447,0.1264813095331192,0.6146179437637329,0.42447397112846375
YER007W,YDL195W,0,-5.712195,0.1264524906873703,0.6146179437637329,0.4245847165584564
YMR054W,YLR035C-A,0,-5.71222,0.1264236867427826,0.6146179437637329,0.4246954619884491
YIR021W,YMR197C,0,-5.7123876,0.12639489769935608,0.6146179437637329,0.4248062074184418
YJR083C,YKR095W,0,-5.7125044,0.12636612355709076,0.6146179437637329,0.42491695284843445
YBR253W,YBR223C,0,-5.7125807,0.12633734941482544,0.6146179437637329,0.4250276982784271
YNL029C,YKR095W-A,0,-5.712604,0.1263086050748825,0.6146179437637329,0.4251384139060974
YGR010W,YDR202C,0,-5.7126875,0.12627986073493958,0.6146179437637329,0.4252491593360901
YOR030W,YOR319W,0,-5.712775,0.12625113129615784,0.6146179437637329,0.42535990476608276
YNL151C,YNL339C,0,-5.713194,0.1262224316596985,0.6146179437637329,0.42547065019607544
YOR014W,YIL063C,0,-5.7132425,0.12619371712207794,0.6146179437637329,0.4255813956260681
YDR268W,YHR042W,0,-5.7133245,0.12616503238677979,0.6146179437637329,0.4256921410560608
YJL085W,YKL144C,0,-5.71385,0.12613636255264282,0.6146179437637329,0.42580288648605347
YMR231W,YBR092C,0,-5.713944,0.12610770761966705,0.6146179437637329,0.42591363191604614
YNL290W,YER160C,0,-5.713957,0.12607905268669128,0.6146179437637329,0.4260243773460388
YOL020W,YCL019W,0,-5.714028,0.1260504275560379,0.6146179437637329,0.4261350929737091
YOR216C,YNL167C,0,-5.714055,0.12602180242538452,0.6146179437637329,0.4262458384037018
YBR196C,YDR281C,0,-5.714102,0.12599319219589233,0.6146179437637329,0.42635658383369446
YNL326C,YOR064C,1,-5.7142525,0.12619155645370483,0.6157253384590149,0.42635658383369446
YPL021W,YJR050W,0,-5.714514,0.12616291642189026,0.6157253384590149,0.42646732926368713
YOL082W,YOR172W,0,-5.7145605,0.12613430619239807,0.6157253384590149,0.4265780746936798
YGR010W,YML103C,0,-5.7147803,0.12610569596290588,0.6157253384590149,0.4266888201236725
YNL327W,YPL101W,0,-5.714861,0.1260771006345749,0.6157253384590149,0.42679956555366516
YPR029C,YDR078C,0,-5.7149115,0.1260485202074051,0.6157253384590149,0.42691031098365784
YMR164C,YBR223C,0,-5.715043,0.1260199397802353,0.6157253384590149,0.4270210266113281
YKL191W,YLR067C,0,-5.7150717,0.12599138915538788,0.6157253384590149,0.4271317720413208
YOL071W,YJL165C,0,-5.715537,0.12596283853054047,0.6157253384590149,0.4272425174713135
YCL014W,YCL069W,0,-5.71554,0.12593431770801544,0.6157253384590149,0.42735326290130615
YKL086W,YNL273W,0,-5.715586,0.12590579688549042,0.6157253384590149,0.42746400833129883
YDR469W,YPL234C,0,-5.715844,0.1258772909641266,0.6157253384590149,0.4275747537612915
YPL051W,YNL309W,0,-5.7159104,0.12584879994392395,0.6157253384590149,0.4276854991912842
YKL182W,YGL163C,0,-5.71593,0.1258203238248825,0.6157253384590149,0.42779624462127686
YDR091C,YOR087W,0,-5.716049,0.12579186260700226,0.6157253384590149,0.42790699005126953
YIL044C,YPL124W,0,-5.7161107,0.125763401389122,0.6157253384590149,0.4280177056789398
YDL195W,YDR330W,0,-5.716484,0.12573495507240295,0.6157253384590149,0.4281284511089325
YPL018W,YMR202W,0,-5.71651,0.1257065385580063,0.6157253384590149,0.42823919653892517
YBR133C,YGR279C,0,-5.7165203,0.12567812204360962,0.6157253384590149,0.42834994196891785
YPR178W,YGR281W,0,-5.7165585,0.12564972043037415,0.6157253384590149,0.4284606873989105
YGR261C,YOL001W,0,-5.716616,0.12562133371829987,0.6157253384590149,0.4285714328289032
YGL223C,YOR266W,0,-5.7166805,0.12559294700622559,0.6157253384590149,0.4286821782588959
YDR002W,YGL039W,0,-5.7167263,0.1255645900964737,0.6157253384590149,0.42879292368888855
YOR023C,YNL326C,1,-5.7167354,0.12576201558113098,0.6168327927589417,0.42879292368888855
YDR251W,YDR464W,0,-5.716858,0.1257336288690567,0.6168327927589417,0.4289036691188812
YOR171C,YOR129C,0,-5.7168617,0.12570525705814362,0.6168327927589417,0.4290143847465515
YPL200W,YPL097W,0,-5.716934,0.12567690014839172,0.6168327927589417,0.4291251301765442
YJL100W,YJR033C,0,-5.717187,0.12564854323863983,0.6168327927589417,0.42923587560653687
YKR036C,YHR015W,0,-5.717324,0.12562020123004913,0.6168327927589417,0.42934662103652954
YGR230W,YOR308C,0,-5.7173424,0.12559188902378082,0.6168327927589417,0.4294573664665222
YLR005W,YMR210W,0,-5.7176685,0.1255635768175125,0.6168327927589417,0.4295681118965149
YDR450W,YGL048C,0,-5.717677,0.1255352646112442,0.6168327927589417,0.42967885732650757
YML086C,YGR024C,0,-5.7176895,0.12550698220729828,0.6168327927589417,0.42978960275650024
YNL227C,YNL029C,0,-5.717925,0.12547871470451355,0.6168327927589417,0.42990031838417053
YNL117W,YBR015C,0,-5.718007,0.12545044720172882,0.6168327927589417,0.4300110638141632
YFR021W,YIL160C,0,-5.7181077,0.12542220950126648,0.6168327927589417,0.4301218092441559
YPR042C,YNR015W,0,-5.7183294,0.12539397180080414,0.6168327927589417,0.43023255467414856
YNL331C,YBR012W-B,0,-5.718712,0.125365749001503,0.6168327927589417,0.43034330010414124
YMR113W,YKL195W,0,-5.7187786,0.12533754110336304,0.6168327927589417,0.4304540455341339
YKR036C,YBR171W,0,-5.7189093,0.12530933320522308,0.6168327927589417,0.4305647909641266
YJL121C,YML064C,0,-5.7189126,0.12528115510940552,0.6168327927589417,0.43067553639411926
YLR195C,YGL066W,1,-5.718935,0.1254778504371643,0.6179401874542236,0.43067553639411926
YBR015C,YDR146C,0,-5.719103,0.12544964253902435,0.6179401874542236,0.43078628182411194
YIR019C,YGR078C,0,-5.7191153,0.1254214495420456,0.6179401874542236,0.4308969974517822
YPL011C,YJR026W,0,-5.719439,0.12539325654506683,0.6179401874542236,0.4310077428817749
YOL148C,YMR236W,1,-5.71945,0.1255897581577301,0.6190476417541504,0.4310077428817749
YPR171W,YML091C,0,-5.719478,0.12556155025959015,0.6190476417541504,0.4311184883117676
YJL196C,YIL065C,0,-5.719698,0.1255333423614502,0.6190476417541504,0.43122923374176025
YBR143C,YNL213C,0,-5.7197256,0.12550516426563263,0.6190476417541504,0.43133997917175293
YGR267C,YGL004C,0,-5.7197757,0.12547698616981506,0.6190476417541504,0.4314507246017456
YPR029C,YDR235W,0,-5.719835,0.12544883787631989,0.6190476417541504,0.4315614700317383
YJR069C,YBR097W,0,-5.7198825,0.1254206895828247,0.6190476417541504,0.43167221546173096
YDL013W,YPR078C,0,-5.71994,0.12539255619049072,0.6190476417541504,0.43178293108940125
YCL010C,YOR064C,1,-5.7199507,0.12558870017528534,0.6201550364494324,0.43178293108940125
YBR211C,YGR200C,0,-5.7199554,0.12556053698062897,0.6201550364494324,0.4318936765193939
YLR256W,YHR205W,0,-5.72019,0.1255323886871338,0.6201550364494324,0.4320044219493866
YPL021W,YOR095C,0,-5.7203217,0.1255042552947998,0.6201550364494324,0.4321151673793793
YOR377W,YJR089W,0,-5.720424,0.12547613680362701,0.6201550364494324,0.43222591280937195
YJR069C,YHR139C,0,-5.720435,0.12544803321361542,0.6201550364494324,0.4323366582393646
YGR267C,YCL062W,0,-5.720494,0.12541992962360382,0.6201550364494324,0.4324474036693573
YLR081W,YNL164C,0,-5.720561,0.1253918558359146,0.6201550364494324,0.43255814909935
YFR041C,YNL126W,0,-5.720616,0.1253637820482254,0.6201550364494324,0.43266889452934265
YOR094W,YHR096C,0,-5.720658,0.1253357231616974,0.6201550364494324,0.43277961015701294
YOR079C,YMR015C,0,-5.720704,0.12530767917633057,0.6201550364494324,0.4328903555870056
YKR062W,YGR024C,0,-5.7207527,0.12527963519096375,0.6201550364494324,0.4330011010169983
YPL096C-A,YPR080W,0,-5.7207584,0.1252516210079193,0.6201550364494324,0.43311184644699097
YPR017C,YDR385W,0,-5.7207794,0.12522360682487488,0.6201550364494324,0.43322259187698364
YER013W,YDR489W,0,-5.720803,0.12519562244415283,0.6201550364494324,0.4333333373069763
YGL016W,YKL173W,0,-5.7209783,0.1251676380634308,0.6201550364494324,0.433444082736969
YDL227C,YDR037W,0,-5.721163,0.12513966858386993,0.6201550364494324,0.43355482816696167
YPR055W,YGR185C,0,-5.7211714,0.12511171400547028,0.6201550364494324,0.43366557359695435
YMR208W,YKL017C,0,-5.72119,0.12508375942707062,0.6201550364494324,0.43377628922462463
YIR013C,YKL212W,0,-5.7212944,0.12505583465099335,0.6201550364494324,0.4338870346546173
YBR289W,YMR088C,0,-5.7213974,0.12502790987491608,0.6201550364494324,0.43399778008461
YER112W,YJL154C,0,-5.72159,0.125,0.6201550364494324,0.43410852551460266
YHR102W,YEL019C,0,-5.721662,0.12497210502624512,0.6201550364494324,0.43421927094459534
YFL039C,YJL081C,1,-5.7217045,0.1251673400402069,0.6212624311447144,0.43421927094459534
YNL009W,YGR181W,0,-5.7219296,0.12513941526412964,0.6212624311447144,0.434330016374588
YHR008C,YMR054W,0,-5.7222047,0.12511150538921356,0.6212624311447144,0.4344407618045807
YDR388W,YML098W,0,-5.722269,0.12508361041545868,0.6212624311447144,0.43455150723457336
YMR083W,YMR101C,0,-5.72229,0.125055730342865,0.6212624311447144,0.43466222286224365
YIR010W,YGR121C,0,-5.722544,0.1250278651714325,0.6212624311447144,0.43477296829223633
YJR127C,YKL070W,0,-5.722554,0.125,0.6212624311447144,0.434883713722229
YNL020C,YKR038C,0,-5.722578,0.1249721571803093,0.6212624311447144,0.4349944591522217
YOR371C,YKL058W,0,-5.7226486,0.12494432181119919,0.6212624311447144,0.43510520458221436
YEL018W,YDL045C,0,-5.7228193,0.12491650134325027,0.6212624311447144,0.43521595001220703
YLR215C,YPR138C,0,-5.7230625,0.12488868832588196,0.6212624311447144,0.4353266954421997
YAR031W,YBR289W,0,-5.723618,0.12486089766025543,0.6212624311447144,0.4354374408721924
YFR052W,YHR135C,0,-5.723669,0.1248331144452095,0.6212624311447144,0.43554818630218506
YDR283C,YGL092W,0,-5.723893,0.12480533868074417,0.6212624311447144,0.43565890192985535
YBR236C,YKL054C,0,-5.7239227,0.12477757781744003,0.6212624311447144,0.435769647359848
YLL022C,YPL129W,1,-5.724077,0.12497220188379288,0.6223698854446411,0.435769647359848
YMR246W,YDR459C,1,-5.7241826,0.12516674399375916,0.6234772801399231,0.435769647359848
YMR264W,YOR274W,0,-5.7242193,0.12513892352581024,0.6234772801399231,0.4358803927898407
YLR212C,YDL109C,0,-5.7242556,0.12511111795902252,0.6234772801399231,0.4359911382198334
YFL036W,YCR073W-A,0,-5.724287,0.1250833123922348,0.6234772801399231,0.43610188364982605
YER088C,YOR297C,0,-5.7245584,0.12505553662776947,0.6234772801399231,0.4362126290798187
YJR127C,YMR149W,0,-5.724628,0.12502776086330414,0.6234772801399231,0.4363233745098114
YER110C,YPR054W,0,-5.7246714,0.125,0.6234772801399231,0.4364341199398041
YBR210W,YPL139C,0,-5.7248344,0.12497225403785706,0.6234772801399231,0.43654486536979675
YPL110C,YAR010C,0,-5.724947,0.12494451552629471,0.6234772801399231,0.43665558099746704
YBR210W,YJL210W,0,-5.724962,0.12491679936647415,0.6234772801399231,0.4367663264274597
YLR153C,YBR198C,1,-5.725008,0.1251109093427658,0.6245847344398499,0.4367663264274597
YFR008W,YMR161W,0,-5.7250743,0.12508316338062286,0.6245847344398499,0.4368770718574524
YBR002C,YCL032W,0,-5.72524,0.1250554323196411,0.6245847344398499,0.43698781728744507
YOR136W,YNL239W,0,-5.7252803,0.12502771615982056,0.6245847344398499,0.43709856271743774
YMR055C,YDR353W,0,-5.725337,0.125,0.6245847344398499,0.4372093081474304
YHR001W,YBR088C,0,-5.7254305,0.12497229874134064,0.6245847344398499,0.4373200535774231
YPL001W,YHR090C,1,-5.725569,0.1251661479473114,0.6256921291351318,0.4373200535774231
YAL058W,YJL092W,0,-5.725614,0.12513843178749084,0.6256921291351318,0.43743079900741577
YHR142W,YCR014C,0,-5.725669,0.1251107156276703,0.6256921291351318,0.43754151463508606
YGL003C,YDR322C-A,0,-5.726053,0.12508301436901093,0.6256921291351318,0.43765226006507874
YPR006C,YHR034C,0,-5.7261744,0.12505532801151276,0.6256921291351318,0.4377630054950714
YKL054C,YGL209W,0,-5.726279,0.12502765655517578,0.6256921291351318,0.4378737509250641
YML102W,YGL005C,0,-5.726539,0.125,0.6256921291351318,0.43798449635505676
YGR147C,YOL110W,1,-5.726754,0.1251935362815857,0.6267995834350586,0.43798449635505676
YBR221C,YLR010C,0,-5.7268934,0.12516584992408752,0.6267995834350586,0.43809524178504944
YPR131C,YHR099W,1,-5.7269354,0.12535928189754486,0.6279069781303406,0.43809524178504944
YBR098W,YGL063W,0,-5.726968,0.1253315657377243,0.6279069781303406,0.4382059872150421
YBR293W,YDR381W,0,-5.726968,0.12530386447906494,0.6279069781303406,0.4383167326450348
YMR042W,YHR072W,0,-5.727148,0.12527617812156677,0.6279069781303406,0.43842747807502747
YMR232W,YBL024W,0,-5.7271767,0.1252485066652298,0.6279069781303406,0.43853819370269775
YER016W,YDR473C,0,-5.727186,0.12522085011005402,0.6279069781303406,0.43864893913269043
YMR067C,YLR298C,0,-5.7272058,0.12519319355487823,0.6279069781303406,0.4387596845626831
YJL115W,YJR082C,1,-5.7274537,0.1253863126039505,0.6290143728256226,0.4387596845626831
YKL005C,YGL136C,0,-5.7274714,0.12535864114761353,0.6290143728256226,0.4388704299926758
YIL009W,YDL040C,1,-5.7277317,0.12555162608623505,0.6301218271255493,0.4388704299926758
YIL072W,YER178W,0,-5.7277794,0.12552393972873688,0.6301218271255493,0.43898117542266846
YNR017W,YGR111W,0,-5.728177,0.1254962533712387,0.6301218271255493,0.43909192085266113
YFR055W,YIR015W,0,-5.7283144,0.12546858191490173,0.6301218271255493,0.4392026662826538
YPL110C,YGL044C,0,-5.728344,0.12544091045856476,0.6301218271255493,0.4393134117126465
YNL031C,YBR152W,0,-5.7284336,0.12541326880455017,0.6301218271255493,0.4394241273403168
YOR344C,YKL095W,0,-5.728446,0.12538562715053558,0.6301218271255493,0.43953487277030945
YBR160W,YDR022C,0,-5.7285423,0.12535801529884338,0.6301218271255493,0.4396456182003021
YDL190C,YGR281W,0,-5.7286367,0.12533040344715118,0.6301218271255493,0.4397563636302948
YDR288W,YKR062W,0,-5.7289047,0.12530279159545898,0.6301218271255493,0.4398671090602875
YMR044W,YJL004C,0,-5.728963,0.12527520954608917,0.6301218271255493,0.43997785449028015
YDR141C,YBR192W,0,-5.7292895,0.12524762749671936,0.6301218271255493,0.4400885999202728
YGL061C,YDR378C,0,-5.7293925,0.12522007524967194,0.6301218271255493,0.4401993453502655
YNL037C,YJL204C,0,-5.729578,0.1251925230026245,0.6301218271255493,0.4403100907802582
YDR283C,YNL312W,0,-5.7296085,0.12516498565673828,0.6301218271255493,0.44042080640792847
YDR487C,YJR046W,0,-5.729658,0.12513744831085205,0.6301218271255493,0.44053155183792114
YJL076W,YLR107W,0,-5.72985,0.1251099407672882,0.6301218271255493,0.4406422972679138
YCL035C,YPL029W,0,-5.7299123,0.12508243322372437,0.6301218271255493,0.4407530426979065
YBR177C,YHR118C,0,-5.729962,0.12505494058132172,0.6301218271255493,0.44086378812789917
YLR314C,YCR024C-A,0,-5.7299643,0.12502746284008026,0.6301218271255493,0.44097453355789185
YKR009C,YMR095C,0,-5.7301393,0.125,0.6301218271255493,0.4410852789878845
YCR028C-A,YLR212C,0,-5.7302547,0.12497254461050034,0.6301218271255493,0.4411960244178772
YPR008W,YMR305C,0,-5.730314,0.12494510412216187,0.6301218271255493,0.4413067698478699
YIR037W,YHR167W,0,-5.7303324,0.12491767108440399,0.6301218271255493,0.44141748547554016
YDL003W,YGR090W,0,-5.730383,0.12489025294780731,0.6301218271255493,0.44152823090553284
YMR067C,YMR046C,0,-5.730387,0.12486284971237183,0.6301218271255493,0.4416389763355255
YMR150C,YKL012W,0,-5.730463,0.12483545392751694,0.6301218271255493,0.4417497217655182
YGL016W,YGL068W,0,-5.7306066,0.12480807304382324,0.6301218271255493,0.44186046719551086
YPL154C,YOL031C,0,-5.7306542,0.12478069961071014,0.6301218271255493,0.44197121262550354
YNR008W,YPR100W,0,-5.7307377,0.12475334107875824,0.6301218271255493,0.4420819580554962
YAL054C,YDR459C,1,-5.7307467,0.12494520097970963,0.6312292218208313,0.4420819580554962
YBR042C,YGL073W,0,-5.730921,0.12491782009601593,0.6312292218208313,0.4421927034854889
YPR070W,YMR188C,0,-5.731378,0.12489044666290283,0.6312292218208313,0.4423034191131592
YER106W,YIL129C,0,-5.7315683,0.12486308813095093,0.6312292218208313,0.44241416454315186
YJR083C,YGL073W,0,-5.7316628,0.12483574450016022,0.6312292218208313,0.44252490997314453
YAL054C,YFL039C,1,-5.7317085,0.1250273734331131,0.6323366761207581,0.44252490997314453
YDR318W,YOL147C,0,-5.7318316,0.125,0.6323366761207581,0.4426356554031372
YAL007C,YBR077C,0,-5.731839,0.1249726414680481,0.6323366761207581,0.4427464008331299
YNR031C,YGR082W,0,-5.7319703,0.12494529783725739,0.6323366761207581,0.44285714626312256
YLR100W,YOR035C,0,-5.7320905,0.12491796165704727,0.6323366761207581,0.44296789169311523
YOR074C,YPR141C,0,-5.7321205,0.12489064037799835,0.6323366761207581,0.4430786371231079
YCR107W,YDR143C,0,-5.7321973,0.12486332654953003,0.6323366761207581,0.4431893825531006
YJL006C,YNL245C,0,-5.732224,0.1248360276222229,0.6323366761207581,0.4433000981807709
YOL017W,YIL119C,0,-5.732385,0.12480874359607697,0.6323366761207581,0.44341084361076355
YEL027W,YOL095C,0,-5.7327547,0.12478146702051163,0.6323366761207581,0.4435215890407562
YNR035C,YNR056C,0,-5.7329607,0.12475420534610748,0.6323366761207581,0.4436323344707489
YDR283C,YEL057C,0,-5.733271,0.12472695857286453,0.6323366761207581,0.4437430799007416
YIL009C-A,YLR008C,0,-5.733289,0.12469971925020218,0.6323366761207581,0.44385382533073425
YBR048W,YJR004C,0,-5.7333536,0.12467248737812042,0.6323366761207581,0.44396457076072693
YPL132W,YGL098W,0,-5.7334547,0.12464527040719986,0.6323366761207581,0.4440753161907196
YGR144W,YIL082W-A,0,-5.733486,0.12461806833744049,0.6323366761207581,0.4441860318183899
YDR205W,YJR127C,0,-5.7335978,0.12459088116884232,0.6323366761207581,0.44429677724838257
YGR167W,YNL117W,0,-5.7337813,0.12456370145082474,0.6323366761207581,0.44440752267837524
YPL208W,YNL186W,0,-5.734105,0.12453652918338776,0.6323366761207581,0.4445182681083679
YDR118W,YLR181C,0,-5.7341924,0.12450937926769257,0.6323366761207581,0.4446290135383606
YMR167W,YAR008W,0,-5.734338,0.12448222935199738,0.6323366761207581,0.44473975896835327
YHR073W,YGR118W,0,-5.7343636,0.12445510178804398,0.6323366761207581,0.44485050439834595
YBR100W,YMR268C,0,-5.7344904,0.12442798167467117,0.6323366761207581,0.4449612498283386
YJR084W,YDR335W,0,-5.734705,0.12440086901187897,0.6323366761207581,0.4450719952583313
YHR171W,YPL283C,0,-5.734714,0.12437377125024796,0.6323366761207581,0.4451827108860016
YMR161W,YDL036C,0,-5.7347593,0.12434668838977814,0.6323366761207581,0.44529345631599426
YJR076C,YPL012W,0,-5.7347603,0.12431962043046951,0.6323366761207581,0.44540420174598694
YJR108W,YDL044C,0,-5.7348537,0.12429255247116089,0.6323366761207581,0.4455149471759796
YDR448W,YOR034C,1,-5.735058,0.1244831308722496,0.63344407081604,0.4455149471759796
YPR201W,YNR064C,0,-5.7354174,0.12445604801177979,0.63344407081604,0.4456256926059723
YBR109C,YLL056C,0,-5.7354307,0.12442897260189056,0.63344407081604,0.44573643803596497
YBL063W,YJR120W,0,-5.735491,0.12440191209316254,0.63344407081604,0.44584718346595764
YLR207W,YLR249W,0,-5.735588,0.1243748664855957,0.63344407081604,0.4459579288959503
YCR028C-A,YOR162C,0,-5.735779,0.12434782832860947,0.63344407081604,0.446068674325943
YOL089C,YEL031W,0,-5.735812,0.12432079762220383,0.63344407081604,0.4461793899536133
YLR219W,YNR031C,0,-5.736501,0.12429378181695938,0.63344407081604,0.44629013538360596
YNL251C,YNL241C,0,-5.7365975,0.12426678091287613,0.63344407081604,0.44640088081359863
YDL135C,YHR214C-B,0,-5.7366166,0.12423979490995407,0.63344407081604,0.4465116262435913
YKR097W,YJR033C,0,-5.73663,0.12421280890703201,0.63344407081604,0.446622371673584
YOR023C,YER015W,1,-5.737109,0.1244029551744461,0.634551465511322,0.446622371673584
YER073W,YGR216C,0,-5.737251,0.12437594681978226,0.634551465511322,0.44673311710357666
YCR075C,YOL127W,0,-5.7372675,0.1243489608168602,0.634551465511322,0.44684386253356934
YGL012W,YDR148C,0,-5.7373476,0.12432198226451874,0.634551465511322,0.446954607963562
YNL116W,YDL225W,0,-5.737642,0.12429501116275787,0.634551465511322,0.4470653235912323
YIL009W,YMR236W,1,-5.737716,0.12448492646217346,0.6356589198112488,0.4470653235912323
YLR431C,YBR196C,0,-5.737844,0.1244579330086708,0.6356589198112488,0.447176069021225
YGR249W,YMR283C,0,-5.737869,0.12443095445632935,0.6356589198112488,0.44728681445121765
YHR172W,YKL058W,0,-5.7379456,0.12440399080514908,0.6356589198112488,0.4473975598812103
YER164W,YBR037C,0,-5.7381096,0.12437703460454941,0.6356589198112488,0.447508305311203
YLR320W,YGR185C,0,-5.738122,0.12435008585453033,0.6356589198112488,0.4476190507411957
YPL098C,YBR275C,0,-5.7381454,0.12432315200567245,0.6356589198112488,0.44772979617118835
YHR005C,YKL018W,0,-5.7381744,0.12429623305797577,0.6356589198112488,0.44784054160118103
YGL027C,YLR052W,0,-5.738291,0.12426932156085968,0.6356589198112488,0.4479512870311737
YMR204C,YBL061C,0,-5.7383413,0.12424242496490479,0.6356589198112488,0.448062002658844
YEL066W,YBR081C,1,-5.7383842,0.12443193793296814,0.6367663145065308,0.448062002658844
YDR459C,YMR236W,1,-5.738448,0.12462137639522552,0.6378737688064575,0.448062002658844
YLR320W,YPL063W,0,-5.7385883,0.12459442019462585,0.6378737688064575,0.44817274808883667
YDR421W,YHR214C-B,0,-5.7386136,0.12456747144460678,0.6378737688064575,0.44828349351882935
YGL106W,YIL023C,0,-5.7387915,0.1245405375957489,0.6378737688064575,0.448394238948822
YPL146C,YKR055W,0,-5.7391005,0.12451361864805222,0.6378737688064575,0.4485049843788147
YOL031C,YOR332W,0,-5.739173,0.12448670715093613,0.6378737688064575,0.4486157298088074
YOR319W,YDR131C,0,-5.7392483,0.12445981055498123,0.6378737688064575,0.44872647523880005
YFR030W,YPR164W,0,-5.7393656,0.12443292140960693,0.6378737688064575,0.4488372206687927
YPL227C,YDR201W,0,-5.739437,0.12440604716539383,0.6378737688064575,0.4489479660987854
YPR083W,YHR041C,0,-5.73945,0.12437918037176132,0.6378737688064575,0.4490586817264557
YJL115W,YDL040C,1,-5.739527,0.12456822395324707,0.6389811635017395,0.4490586817264557
YNL192W,YKL150W,0,-5.7395544,0.12454133480787277,0.6389811635017395,0.44916942715644836
YJR074W,YPL234C,0,-5.739767,0.12451446056365967,0.6389811635017395,0.44928017258644104
YIL010W,YPL262W,0,-5.7400217,0.12448759377002716,0.6389811635017395,0.4493909180164337
YNL118C,YIL144W,0,-5.740177,0.12446074187755585,0.6389811635017395,0.4495016634464264
YFL024C,YDR459C,1,-5.7403164,0.12464955449104309,0.6400886178016663,0.4495016634464264
YJL170C,YIR021W,0,-5.740348,0.12462268024682999,0.6400886178016663,0.44961240887641907
YBR161W,YPL151C,0,-5.740525,0.12459582090377808,0.6400886178016663,0.44972315430641174
YNL206C,YFR003C,0,-5.740701,0.12456896901130676,0.6400886178016663,0.4498338997364044
YBL020W,YIL073C,0,-5.740736,0.12454212456941605,0.6400886178016663,0.4499446153640747
YJL111W,YDL244W,0,-5.740786,0.12451529502868652,0.6400886178016663,0.4500553607940674
YCL039W,YAL030W,0,-5.7408376,0.1244884803891182,0.6400886178016663,0.45016610622406006
YBR236C,YIR037W,0,-5.7410316,0.12446167320013046,0.6400886178016663,0.45027685165405273
YDR527W,YDR178W,0,-5.741382,0.12443487346172333,0.6400886178016663,0.4503875970840454
YLR459W,YER006W,0,-5.7414103,0.12440809607505798,0.6400886178016663,0.4504983425140381
YGL245W,YPR188C,0,-5.7415075,0.12438131868839264,0.6400886178016663,0.45060908794403076
YMR287C,YLR265C,0,-5.7415676,0.12435456365346909,0.6400886178016663,0.45071983337402344
YDR181C,YDR498C,0,-5.741576,0.12432781606912613,0.6400886178016663,0.4508305788040161
YHL003C,YPR165W,0,-5.741805,0.12430107593536377,0.6400886178016663,0.4509412944316864
YLR160C,YPL123C,0,-5.7418604,0.1242743507027626,0.6400886178016663,0.4510520398616791
YIL144W,YJR126C,0,-5.7418633,0.12424763292074203,0.6400886178016663,0.45116278529167175
YJR150C,YHR194W,0,-5.742023,0.12422093003988266,0.6400886178016663,0.45127353072166443
YMR101C,YDR407C,0,-5.742033,0.12419424206018448,0.6400886178016663,0.4513842761516571
YKL208W,YPL032C,0,-5.742227,0.1241675615310669,0.6400886178016663,0.4514950215816498
YGL065C,YLR455W,0,-5.7423735,0.1241408959031105,0.6400886178016663,0.45160576701164246
YCR065W,YEL050C,0,-5.7426677,0.12411423772573471,0.6400886178016663,0.45171651244163513
YGR003W,YIL120W,0,-5.7427435,0.12408759444952011,0.6400886178016663,0.4518272280693054
YLR220W,YDR175C,0,-5.74277,0.12406095862388611,0.6400886178016663,0.4519379734992981
YMR188C,YNL231C,0,-5.7434015,0.1240343376994133,0.6400886178016663,0.45204871892929077
YBR131W,YGR123C,0,-5.743516,0.12400772422552109,0.6400886178016663,0.45215946435928345
YHR027C,YNL160W,0,-5.7435226,0.12398112565279007,0.6400886178016663,0.4522702097892761
YNL055C,YML064C,0,-5.7438145,0.12395453453063965,0.6400886178016663,0.4523809552192688
YNL090W,YPR140W,0,-5.7438617,0.12392795830965042,0.6400886178016663,0.4524917006492615
YOL122C,YPL122C,0,-5.7439137,0.12390139698982239,0.6400886178016663,0.45260244607925415
YKL176C,YBR090C-A,0,-5.743986,0.12387483566999435,0.6400886178016663,0.4527131915092468
YPR200C,YLR051C,0,-5.744033,0.12384829670190811,0.6400886178016663,0.4528239071369171
YMR001C,YBL045C,0,-5.74438,0.12382176518440247,0.6400886178016663,0.4529346525669098
YHR116W,YHR172W,0,-5.7443867,0.12379524856805801,0.6400886178016663,0.45304539799690247
YLR110C,YOR080W,0,-5.744563,0.12376873940229416,0.6400886178016663,0.45315614342689514
YFL024C,YOL110W,1,-5.7445903,0.12395632266998291,0.6411960124969482,0.45315614342689514
YOL038W,YOL045W,0,-5.7446084,0.12392979115247726,0.6411960124969482,0.4532668888568878
YNL085W,YIL077C,0,-5.744819,0.12390327453613281,0.6411960124969482,0.4533776342868805
YLL050C,YML105C,0,-5.744891,0.12387676537036896,0.6411960124969482,0.45348837971687317
YLR067C,YPR042C,0,-5.745023,0.1238502636551857,0.6411960124969482,0.45359912514686584
YFR013W,YLR260W,0,-5.7450647,0.12382378429174423,0.6411960124969482,0.4537098705768585
YHR013C,YGR002C,1,-5.7451763,0.12401112169027328,0.6423034071922302,0.4537098705768585
YGL027C,YPL268W,0,-5.745182,0.12398461252450943,0.6423034071922302,0.4538205862045288
YLR321C,YIL105C,0,-5.7453012,0.12395811080932617,0.6423034071922302,0.4539313316345215
YML091C,YML038C,0,-5.745341,0.12393162399530411,0.6423034071922302,0.45404207706451416
YJR063W,YNL046W,0,-5.7453794,0.12390515208244324,0.6423034071922302,0.45415282249450684
YGR267C,YMR164C,0,-5.74541,0.12387868762016296,0.6423034071922302,0.4542635679244995
YJR118C,YLR069C,0,-5.7456,0.12385223060846329,0.6423034071922302,0.4543743133544922
YIR005W,YML114C,0,-5.745714,0.1238257884979248,0.6423034071922302,0.45448505878448486
YKR090W,YBR087W,0,-5.7458277,0.12379936128854752,0.6423034071922302,0.45459580421447754
YGL018C,YNL107W,0,-5.745881,0.12377294152975082,0.6423034071922302,0.4547065198421478
YNR059W,YDR150W,0,-5.7459974,0.12374653667211533,0.6423034071922302,0.4548172652721405
YIL128W,YFR005C,0,-5.7460213,0.12372013926506042,0.6423034071922302,0.4549280107021332
YGR002C,YHR090C,1,-5.746071,0.12390701472759247,0.643410861492157,0.4549280107021332
YCR098C,YOR269W,0,-5.7462273,0.12388059496879578,0.643410861492157,0.45503875613212585
YMR036C,YJL156C,0,-5.746266,0.12385419011116028,0.643410861492157,0.45514950156211853
YIL132C,YHR072W,0,-5.746314,0.12382779270410538,0.643410861492157,0.4552602469921112
YGL092W,YDL042C,0,-5.746316,0.12380140274763107,0.643410861492157,0.4553709924221039
YER008C,YDR341C,0,-5.7463684,0.12377503514289856,0.643410861492157,0.45548173785209656
YDL181W,YLR048W,0,-5.7464247,0.12374866753816605,0.643410861492157,0.45559248328208923
YDL142C,YHR027C,0,-5.7464275,0.12372231483459473,0.643410861492157,0.4557031989097595
YMR288W,YNL323W,0,-5.7466745,0.1236959770321846,0.643410861492157,0.4558139443397522
YML086C,YJL058C,0,-5.7468057,0.12366964668035507,0.643410861492157,0.4559246897697449
YBL098W,YKL054C,0,-5.7469587,0.12364333122968674,0.643410861492157,0.45603543519973755
YHR053C,YPR081C,0,-5.7470646,0.123617023229599,0.643410861492157,0.4561461806297302
YNL334C,YFL002W-A,0,-5.747281,0.12359072268009186,0.643410861492157,0.4562569260597229
YPL007C,YGR296W,0,-5.747283,0.12356443703174591,0.643410861492157,0.4563676714897156
YMR095C,YNL304W,0,-5.747328,0.12353816628456116,0.643410861492157,0.45647841691970825
YDL105W,YPR173C,0,-5.747388,0.123511902987957,0.643410861492157,0.45658913254737854
YNL299W,YDR065W,0,-5.7476606,0.12348565459251404,0.643410861492157,0.4566998779773712
YGL136C,YDL230W,0,-5.7478085,0.12345941364765167,0.643410861492157,0.4568106234073639
YMR162C,YEL054C,0,-5.747843,0.1234331876039505,0.643410861492157,0.45692136883735657
YDR511W,YBL050W,0,-5.7479053,0.12340696901082993,0.643410861492157,0.45703211426734924
YAL042W,YDL090C,0,-5.7481813,0.12338075786828995,0.643410861492157,0.4571428596973419
YLL009C,YLR342W,0,-5.7482767,0.12335456162691116,0.643410861492157,0.4572536051273346
YDR005C,YML107C,0,-5.748394,0.12332838028669357,0.643410861492157,0.45736435055732727
YPR005C,YPR188C,0,-5.7484407,0.12330220639705658,0.643410861492157,0.45747509598731995
YJR040W,YML032C,0,-5.74879,0.12327604740858078,0.643410861492157,0.45758581161499023
YPR023C,YOL110W,1,-5.748911,0.12346202880144119,0.644518256187439,0.45758581161499023
YDL198C,YDL076C,0,-5.7489896,0.123435840010643,0.644518256187439,0.4576965570449829
YDR446W,YIR012W,0,-5.7491503,0.12340966612100601,0.644518256187439,0.4578073024749756
YFL039C,YHR090C,1,-5.7491846,0.12359550595283508,0.6456257104873657,0.4578073024749756
YNR002C,YKL025C,0,-5.749274,0.1235693097114563,0.6456257104873657,0.45791804790496826
YBR199W,YPR018W,0,-5.749321,0.12354312092065811,0.6456257104873657,0.45802879333496094
YAR007C,YBL005W-B,0,-5.7495117,0.12351694703102112,0.6456257104873657,0.4581395387649536
YIR033W,YDL230W,0,-5.749523,0.12349078804254532,0.6456257104873657,0.4582502841949463
YDL008W,YOL108C,0,-5.749588,0.12346463650465012,0.6456257104873657,0.45836102962493896
YNL053W,YMR077C,0,-5.7497177,0.12343849241733551,0.6456257104873657,0.45847177505493164
YBR102C,YGL209W,0,-5.749916,0.1234123632311821,0.6456257104873657,0.45858249068260193
YKL186C,YGR006W,0,-5.750373,0.12338624149560928,0.6456257104873657,0.4586932361125946
YDR005C,YIL138C,0,-5.7504535,0.12336013466119766,0.6456257104873657,0.4588039815425873
YPL200W,YJR063W,0,-5.751088,0.12333403527736664,0.6456257104873657,0.45891472697257996
YBR170C,YJL139C,0,-5.7517195,0.12330795079469681,0.6456257104873657,0.45902547240257263
YPL131W,YLR262C,0,-5.751731,0.12328188121318817,0.6456257104873657,0.4591362178325653
YER155C,YLR298C,0,-5.7517366,0.12325581163167953,0.6456257104873657,0.459246963262558
YGR186W,YDR018C,0,-5.7523694,0.12322976440191269,0.6456257104873657,0.45935770869255066
YPR034W,YGL137W,0,-5.75237,0.12320371717214584,0.6456257104873657,0.45946842432022095
YPL242C,YNL210W,0,-5.752371,0.12317769229412079,0.6456257104873657,0.4595791697502136
YKL079W,YGR008C,0,-5.7524385,0.12315166741609573,0.6456257104873657,0.4596899151802063
YNR035C,YBL098W,0,-5.7524986,0.12312565743923187,0.6456257104873657,0.459800660610199
YOR023C,YNL136W,1,-5.7525434,0.12331081181764603,0.6467331051826477,0.459800660610199
YPL118W,YPL180W,0,-5.752576,0.12328477948904037,0.6467331051826477,0.45991140604019165
YEL066W,YPR131C,1,-5.752639,0.12346982210874557,0.6478405594825745,0.45991140604019165
YJL166W,YIR018W,0,-5.7526393,0.12344376742839813,0.6478405594825745,0.4600221514701843
YFR014C,YHR194W,0,-5.7527313,0.12341772019863129,0.6478405594825745,0.460132896900177
YMR055C,YDR382W,0,-5.7527814,0.12339168787002563,0.6478405594825745,0.4602436423301697
YNR035C,YAL032C,0,-5.7528095,0.12336567044258118,0.6478405594825745,0.46035438776016235
YEL066W,YOL110W,1,-5.75311,0.12355049699544907,0.6489479541778564,0.46035438776016235
YNL009W,YGR063C,0,-5.7531414,0.12352444976568222,0.6489479541778564,0.46046510338783264
YPR105C,YDR346C,0,-5.7533865,0.12349841743707657,0.6489479541778564,0.4605758488178253
YER015W,YIL009W,1,-5.7534647,0.12368310242891312,0.6500553488731384,0.4605758488178253
YMR011W,YDL038C,0,-5.753564,0.12365704774856567,0.6500553488731384,0.460686594247818
YJR090C,YHR001W-A,0,-5.7536426,0.12363100051879883,0.6500553488731384,0.46079733967781067
YBR143C,YML029W,0,-5.7536697,0.12360496819019318,0.6500553488731384,0.46090808510780334
YER001W,YBR167C,0,-5.753774,0.12357895076274872,0.6500553488731384,0.461018830537796
YGL166W,YGL200C,0,-5.753869,0.12355293333530426,0.6500553488731384,0.4611295759677887
YHR053C,YIL056W,0,-5.754034,0.12352693825960159,0.6500553488731384,0.46124032139778137
YLR377C,YKL088W,0,-5.754218,0.12350094318389893,0.6500553488731384,0.46135106682777405
YHR169W,YER028C,0,-5.7542396,0.12347497045993805,0.6500553488731384,0.46146178245544434
YKL054C,YHR004C,0,-5.7544775,0.12344899773597717,0.6500553488731384,0.461572527885437
YNL245C,YFR034C,0,-5.754541,0.12342304736375809,0.6500553488731384,0.4616832733154297
YMR140W,YAL047C,0,-5.7546005,0.123397096991539,0.6500553488731384,0.46179401874542236
YIL034C,YIL066C,0,-5.754615,0.12337116152048111,0.6500553488731384,0.46190476417541504
YPR072W,YOR008C,0,-5.7550154,0.12334524095058441,0.6500553488731384,0.4620155096054077
YOL122C,YNL222W,0,-5.755022,0.12331932783126831,0.6500553488731384,0.4621262550354004
YMR091C,YLR034C,0,-5.755047,0.1232934221625328,0.6500553488731384,0.46223700046539307
YER179W,YEL004W,0,-5.755126,0.1232675313949585,0.6500553488731384,0.46234771609306335
YAL013W,YCR024C-A,0,-5.755149,0.12324165552854538,0.6500553488731384,0.46245846152305603
YDR279W,YDR328C,0,-5.755227,0.12321578711271286,0.6500553488731384,0.4625692069530487
YOR217W,YLR079W,0,-5.7553434,0.12318992614746094,0.6500553488731384,0.4626799523830414
YMR150C,YER142C,0,-5.7553997,0.12316408008337021,0.6500553488731384,0.46279069781303406
YDR301W,YLL019C,0,-5.7554045,0.12313824146986008,0.6500553488731384,0.46290144324302673
YPR122W,YNL222W,0,-5.7554765,0.12311241775751114,0.6500553488731384,0.4630121886730194
YDR296W,YLR002C,0,-5.755597,0.1230866014957428,0.6500553488731384,0.4631229341030121
YML047C,YMR266W,0,-5.7556543,0.12306080013513565,0.6500553488731384,0.46323367953300476
YFR021W,YDL166C,0,-5.7556934,0.1230350062251091,0.6500553488731384,0.46334439516067505
YNL074C,YJL025W,0,-5.7557497,0.12300921976566315,0.6500553488731384,0.4634551405906677
YMR068W,YFR013W,0,-5.7559566,0.12298344820737839,0.6500553488731384,0.4635658860206604
YDR037W,YER116C,0,-5.75601,0.12295768409967422,0.6500553488731384,0.4636766314506531
YHR157W,YIL077C,0,-5.7560287,0.12293193489313126,0.6500553488731384,0.46378737688064575
YGR276C,YKL079W,0,-5.756062,0.12290620058774948,0.6500553488731384,0.4638981223106384
YDL079C,YKL170W,0,-5.7561626,0.1228804662823677,0.6500553488731384,0.4640088677406311
YJR042W,YEL004W,0,-5.7562065,0.12285475432872772,0.6500553488731384,0.4641196131706238
YPL193W,YLR066W,0,-5.756322,0.12282904237508774,0.6500553488731384,0.46423032879829407
YPR131C,YCL010C,1,-5.75635,0.12301255017518997,0.6511628031730652,0.46423032879829407
YPL119C,YLR207W,0,-5.7563705,0.1229868233203888,0.6511628031730652,0.46434107422828674
YPL122C,YAL002W,0,-5.7564,0.12296110391616821,0.6511628031730652,0.4644518196582794
YPL048W,YJL004C,0,-5.756585,0.12293539941310883,0.6511628031730652,0.4645625650882721
YEL030W,YJL167W,0,-5.756681,0.12290970236063004,0.6511628031730652,0.46467331051826477
YKL016C,YER127W,0,-5.7567534,0.12288401275873184,0.6511628031730652,0.46478405594825745
YKL005C,YLR086W,0,-5.756792,0.12285833805799484,0.6511628031730652,0.4648948013782501
YFL003C,YDR165W,0,-5.75697,0.12283267080783844,0.6511628031730652,0.4650055468082428
YHR026W,YPR121W,0,-5.7570944,0.12280701845884323,0.6511628031730652,0.4651162922382355
YGL175C,YPR036W,0,-5.75713,0.12278137356042862,0.6511628031730652,0.46522700786590576
YLR310C,YMR070W,0,-5.7571735,0.1227557435631752,0.6511628031730652,0.46533775329589844
YOL077W-A,YGR133W,0,-5.7572007,0.12273012101650238,0.6511628031730652,0.4654484987258911
YPL145C,YOR281C,0,-5.7572136,0.12270450592041016,0.6511628031730652,0.4655592441558838
YLR206W,YLR455W,0,-5.7572384,0.12267890572547913,0.6511628031730652,0.46566998958587646
YDR423C,YHL003C,0,-5.757267,0.12265331298112869,0.6511628031730652,0.46578073501586914
YGL238W,YHL025W,0,-5.757381,0.12262773513793945,0.6511628031730652,0.4658914804458618
YBR183W,YIL082W-A,0,-5.7575073,0.12260217219591141,0.6511628031730652,0.4660022258758545
YDR376W,YLL019C,0,-5.7575407,0.12257660925388336,0.6511628031730652,0.46611297130584717
YLR007W,YPL131W,0,-5.757566,0.12255106121301651,0.6511628031730652,0.46622368693351746
YDL008W,YGL030W,0,-5.7575674,0.12252552807331085,0.6511628031730652,0.46633443236351013
YJL214W,YHR214C-B,0,-5.757759,0.12250000238418579,0.6511628031730652,0.4664451777935028
YNR075W,YCR106W,0,-5.7578373,0.12247448414564133,0.6511628031730652,0.4665559232234955
YJR108W,YPL076W,0,-5.758005,0.12244898080825806,0.6511628031730652,0.46666666865348816
YDR116C,YER149C,0,-5.758331,0.12242348492145538,0.6511628031730652,0.46677741408348083
YKL015W,YCR060W,0,-5.7584248,0.1223980039358139,0.6511628031730652,0.4668881595134735
YNL023C,YLR139C,0,-5.7584295,0.12237253040075302,0.6511628031730652,0.4669989049434662
YNL023C,YDR353W,0,-5.75848,0.12234706431627274,0.6511628031730652,0.4671096205711365
YOR281C,YDR389W,0,-5.758753,0.12232161313295364,0.6511628031730652,0.46722036600112915
YLR384C,YHR181W,0,-5.7591896,0.12229616940021515,0.6511628031730652,0.4673311114311218
YMR036C,YHR154W,0,-5.75922,0.12227074056863785,0.6511628031730652,0.4674418568611145
YNL145W,YDL185W,0,-5.7594333,0.12224531918764114,0.6511628031730652,0.4675526022911072
YNL136W,YOR064C,1,-5.7596498,0.12242776900529861,0.6522701978683472,0.4675526022911072
YDR420W,YML021C,0,-5.759674,0.12240232527256012,0.6522701978683472,0.46766334772109985
YMR078C,YGR186W,0,-5.759965,0.12237689644098282,0.6522701978683472,0.46777409315109253
YHR142W,YOR084W,0,-5.7599916,0.12235147505998611,0.6522701978683472,0.4678848385810852
YPR121W,YCL033C,0,-5.7601576,0.12232606112957001,0.6522701978683472,0.4679955840110779
YPL268W,YPL239W,0,-5.7605133,0.1223006621003151,0.6522701978683472,0.46810629963874817
YHR174W,YIR022W,0,-5.7605476,0.12227527797222137,0.6522701978683472,0.46821704506874084
YDR423C,YML123C,0,-5.7608166,0.12224989384412766,0.6522701978683472,0.4683277904987335
YEL066W,YLR195C,1,-5.7608175,0.12243203818798065,0.6533776521682739,0.4683277904987335
YKR090W,YDR213W,0,-5.760847,0.12240663915872574,0.6533776521682739,0.4684385359287262
YNR001C,YPL163C,0,-5.761135,0.12238124758005142,0.6533776521682739,0.46854928135871887
YFL048C,YPR140W,0,-5.7611904,0.1223558709025383,0.6533776521682739,0.46866002678871155
YEL027W,YCL027W,0,-5.7612333,0.12233050167560577,0.6533776521682739,0.4687707722187042
YPL135W,YOR103C,0,-5.761282,0.12230513989925385,0.6533776521682739,0.4688815176486969
YGL106W,YBR250W,0,-5.7614613,0.12227979302406311,0.6533776521682739,0.4689922332763672
YOR319W,YKL195W,0,-5.7614794,0.12225445359945297,0.6533776521682739,0.46910297870635986
YKL064W,YDR281C,0,-5.76152,0.12222912907600403,0.6533776521682739,0.46921372413635254
YIR019C,YPL233W,0,-5.7616134,0.12220381200313568,0.6533776521682739,0.4693244695663452
YDL079C,YDR381W,0,-5.7618656,0.12217850238084793,0.6533776521682739,0.4694352149963379
YLR153C,YFL024C,1,-5.7621317,0.12236025184392929,0.6544850468635559,0.4694352149963379
YML113W,YML021C,0,-5.7623663,0.12233491986989975,0.6544850468635559,0.46954596042633057
YOL126C,YKL173W,0,-5.7624464,0.1223096027970314,0.6544850468635559,0.46965670585632324
YLR368W,YFL003C,0,-5.762476,0.12228429317474365,0.6544850468635559,0.4697674512863159
YFL014W,YHR157W,0,-5.7625957,0.1222589984536171,0.6544850468635559,0.4698781967163086
YDR081C,YJR046W,0,-5.7627935,0.12223371118307114,0.6544850468635559,0.4699889123439789
YNL136W,YLL002W,1,-5.7628093,0.1224152222275734,0.6555924415588379,0.4699889123439789
YOL027C,YCR073C,0,-5.762856,0.12238991260528564,0.6555924415588379,0.47009965777397156
YOR269W,YFR031C,0,-5.7629085,0.12236461043357849,0.6555924415588379,0.47021040320396423
YFL041W,YIR018W,0,-5.7629137,0.12233932316303253,0.6555924415588379,0.4703211486339569
YMR280C,YDR082W,0,-5.7629566,0.12231405079364777,0.6555924415588379,0.4704318940639496
YLR214W,YML045W,0,-5.762974,0.1222887858748436,0.6555924415588379,0.47054263949394226
YMR287C,YGL126W,0,-5.763096,0.12226352840662003,0.6555924415588379,0.47065338492393494
YBR217W,YGR262C,0,-5.7632723,0.12223827838897705,0.6555924415588379,0.4707641303539276
YMR183C,YIL082W-A,0,-5.7637367,0.12221305072307587,0.6555924415588379,0.4708748757839203
YKL062W,YEL017C-A,0,-5.763876,0.12218782305717468,0.6555924415588379,0.4709855914115906
YOR180C,YCL017C,0,-5.7641106,0.12216261029243469,0.6555924415588379,0.47109633684158325
YJL081C,YCL010C,1,-5.764161,0.12234371900558472,0.6566998958587646,0.47109633684158325
YGL236C,YDR177W,0,-5.7642517,0.12231848388910294,0.6566998958587646,0.4712070822715759
YOL016C,YHR012W,0,-5.764281,0.12229325622320175,0.6566998958587646,0.4713178277015686
YBL063W,YIL070C,0,-5.764333,0.12226804345846176,0.6566998958587646,0.4714285731315613
YER044C,YMR101C,0,-5.7645884,0.12224283814430237,0.6566998958587646,0.47153931856155396
YNR019W,YNL118C,0,-5.764594,0.12221764028072357,0.6566998958587646,0.47165006399154663
YKR009C,YHR050W,0,-5.764653,0.12219245731830597,0.6566998958587646,0.4717608094215393
YPR023C,YBR081C,1,-5.7646604,0.1223732978105545,0.6578072905540466,0.4717608094215393
YDR298C,YPR141C,0,-5.7647266,0.12234809249639511,0.6578072905540466,0.4718715250492096
YMR078C,YNL188W,0,-5.764862,0.12232290208339691,0.6578072905540466,0.47198227047920227
YKL212W,YIL084C,0,-5.7648983,0.12229771167039871,0.6578072905540466,0.47209301590919495
YDR211W,YLR166C,0,-5.764924,0.1222725436091423,0.6578072905540466,0.4722037613391876
YGR140W,YJL001W,0,-5.7651587,0.1222473755478859,0.6578072905540466,0.4723145067691803
YPR083W,YNL197C,0,-5.7652035,0.12222222238779068,0.6578072905540466,0.472425252199173
YNL136W,YDR126W,1,-5.765279,0.12240279465913773,0.6589147448539734,0.472425252199173
YPL121C,YJR045C,0,-5.765332,0.12237761914730072,0.6589147448539734,0.47253599762916565
YOL164W,YPR181C,0,-5.765379,0.12235245853662491,0.6589147448539734,0.4726467430591583
YMR014W,YML127W,0,-5.7654138,0.1223273053765297,0.6589147448539734,0.472757488489151
YLR110C,YJR042W,0,-5.765506,0.12230215966701508,0.6589147448539734,0.4728682041168213
YAL042W,YNL016W,0,-5.76561,0.12227702140808105,0.6589147448539734,0.47297894954681396
YML061C,YCR055C,0,-5.766116,0.12225189805030823,0.6589147448539734,0.47308969497680664
YPR199C,YGL142C,0,-5.766154,0.1222267895936966,0.6589147448539734,0.4732004404067993
YJR002W,YER095W,0,-5.7661915,0.12220168113708496,0.6589147448539734,0.473311185836792
YIR041W,YGR085C,0,-5.7662477,0.12217659503221512,0.6589147448539734,0.47342193126678467
YNL327W,YFL013C,0,-5.7664957,0.12215150892734528,0.6589147448539734,0.47353267669677734
YIL042C,YGL044C,0,-5.766539,0.12212643772363663,0.6589147448539734,0.47364342212677
YNL230C,YKL173W,0,-5.7665987,0.12210137397050858,0.6589147448539734,0.4737541675567627
YPR034W,YOR109W,0,-5.7666492,0.12207632511854172,0.6589147448539734,0.473864883184433
YOL038W,YOR049C,0,-5.766691,0.12205128371715546,0.6589147448539734,0.47397562861442566
YNL166C,YBR012W-B,0,-5.766732,0.12202624976634979,0.6589147448539734,0.47408637404441833
YDR411C,YIL026C,0,-5.7667675,0.12200123071670532,0.6589147448539734,0.474197119474411
YLL015W,YJR028W,0,-5.7668147,0.12197621911764145,0.6589147448539734,0.4743078649044037
YJL208C,YIL173W,0,-5.7672048,0.12195122241973877,0.6589147448539734,0.47441861033439636
YOR260W,YLR026C,0,-5.7673016,0.12192623317241669,0.6589147448539734,0.47452935576438904
YHR036W,YFL033C,0,-5.767539,0.1219012513756752,0.6589147448539734,0.4746401011943817
YBR060C,YML040W,0,-5.767667,0.12187627702951431,0.6589147448539734,0.474750816822052
YMR298W,YOR056C,0,-5.7677197,0.12185131758451462,0.6589147448539734,0.4748615622520447
YOR079C,YNL209W,0,-5.767983,0.12182637304067612,0.6589147448539734,0.47497230768203735
YOR160W,YPL159C,0,-5.7684455,0.12180143594741821,0.6589147448539734,0.47508305311203003
YLR106C,YMR156C,0,-5.768466,0.1217765063047409,0.6589147448539734,0.4751937985420227
YPL086C,YGL058W,0,-5.768487,0.1217515841126442,0.6589147448539734,0.4753045439720154
YFR002W,YOR356W,0,-5.7686586,0.12172667682170868,0.6589147448539734,0.47541528940200806
YLR242C,YGL238W,0,-5.7688,0.12170177698135376,0.6589147448539734,0.47552603483200073
YGL247W,YCR028C-A,0,-5.769083,0.12167689204216003,0.6589147448539734,0.4756367802619934
YHR187W,YJR049C,0,-5.769208,0.1216520145535469,0.6589147448539734,0.4757474958896637
YJL001W,YOL146W,0,-5.7692733,0.12162714451551437,0.6589147448539734,0.47585824131965637
YNR027W,YJR127C,0,-5.7695503,0.12160228937864304,0.6589147448539734,0.47596898674964905
YDL236W,YJR009C,0,-5.7696457,0.1215774416923523,0.6589147448539734,0.4760797321796417
YBR167C,YML013W,0,-5.769678,0.12155260145664215,0.6589147448539734,0.4761904776096344
YKL152C,YIL119C,0,-5.769717,0.1215277761220932,0.6589147448539734,0.4763012230396271
YLR256W,YJL145W,0,-5.7697697,0.12150295823812485,0.6589147448539734,0.47641196846961975
YLR293C,YIL014W,0,-5.769965,0.12147815525531769,0.6589147448539734,0.4765227138996124
YIL114C,YLR410W,0,-5.770052,0.12145335972309113,0.6589147448539734,0.4766334295272827
YBR002C,YMR005W,0,-5.770171,0.12142857164144516,0.6589147448539734,0.4767441749572754
YLR228C,YCR033W,0,-5.770293,0.12140379846096039,0.6589147448539734,0.47685492038726807
YLR153C,YDR167W,1,-5.770317,0.12158302962779999,0.6600221395492554,0.47685492038726807
YGR010W,YMR197C,0,-5.770357,0.12155822664499283,0.6600221395492554,0.47696566581726074
YBL102W,YLR442C,0,-5.7705317,0.12153343856334686,0.6600221395492554,0.4770764112472534
YGL012W,YBR082C,0,-5.770586,0.12150866538286209,0.6600221395492554,0.4771871566772461
YDL044C,YNL257C,0,-5.770587,0.12148389965295792,0.6600221395492554,0.47729790210723877
YGL012W,YNL031C,0,-5.770591,0.12145914137363434,0.6600221395492554,0.47740864753723145
YIL132C,YGR145W,0,-5.770756,0.12143439054489136,0.6600221395492554,0.4775193929672241
YDR130C,YJL026W,0,-5.7707663,0.12140965461730957,0.6600221395492554,0.4776301085948944
YNL014W,YKL021C,0,-5.7707863,0.12138492614030838,0.6600221395492554,0.4777408540248871
YAR033W,YNL207W,0,-5.770959,0.12136021256446838,0.6600221395492554,0.47785159945487976
YDR362C,YBR284W,0,-5.7712727,0.12133550643920898,0.6600221395492554,0.47796234488487244
YML081C-A,YGL229C,0,-5.7712893,0.12131080776453018,0.6600221395492554,0.4780730903148651
YLL019C,YLR135W,0,-5.771316,0.12128612399101257,0.6600221395492554,0.4781838357448578
YHR036W,YPL049C,0,-5.7715316,0.12126144766807556,0.6600221395492554,0.47829458117485046
YNL199C,YJR031C,0,-5.771559,0.12123677879571915,0.6600221395492554,0.47840532660484314
YDR158W,YNR034W,0,-5.7717404,0.12121212482452393,0.6600221395492554,0.4785160720348358
YFL002C,YMR039C,0,-5.771823,0.1211874783039093,0.6600221395492554,0.4786267876625061
YKL064W,YBL105C,0,-5.771878,0.12116283923387527,0.6600221395492554,0.4787375330924988
YPL235W,YKL079W,0,-5.77217,0.12113821506500244,0.6600221395492554,0.47884827852249146
YBL019W,YNL182C,0,-5.7721863,0.1211135983467102,0.6600221395492554,0.47895902395248413
YIL097W,YAR009C,0,-5.772189,0.12108898907899857,0.6600221395492554,0.4790697693824768
YPL221W,YPL042C,0,-5.7723,0.12106439471244812,0.6600221395492554,0.4791805148124695
YDR163W,YML039W,0,-5.7724037,0.12103980779647827,0.6600221395492554,0.47929126024246216
YNL136W,YLL022C,1,-5.772565,0.12121827155351639,0.6611295938491821,0.47929126024246216
YDR346C,YPL011C,0,-5.7727003,0.12119366973638535,0.6611295938491821,0.47940200567245483
YJL203W,YJL074C,0,-5.772725,0.1211690679192543,0.6611295938491821,0.4795127213001251
YGL073W,YLR292C,0,-5.7727747,0.12114448100328445,0.6611295938491821,0.4796234667301178
YGR166W,YLR183C,0,-5.772826,0.1211199015378952,0.6611295938491821,0.4797342121601105
YLR098C,YGR167W,0,-5.772897,0.12109533697366714,0.6611295938491821,0.47984495759010315
YFL008W,YNR039C,0,-5.7729225,0.12107077986001968,0.6611295938491821,0.4799557030200958
YOL009C,YJR103W,0,-5.7731547,0.12104623019695282,0.6611295938491821,0.4800664484500885
YOR236W,YDR027C,0,-5.773226,0.12102168798446655,0.6611295938491821,0.4801771938800812
YGR227W,YLR166C,0,-5.7733164,0.12099716067314148,0.6611295938491821,0.48028793931007385
YNL329C,YLR452C,0,-5.7734323,0.120972640812397,0.6611295938491821,0.48039868474006653
YAL051W,YDR485C,0,-5.7734528,0.12094813585281372,0.6611295938491821,0.4805094003677368
YPL259C,YBR218C,0,-5.773612,0.12092363834381104,0.6611295938491821,0.4806201457977295
YJL031C,YNL027W,0,-5.7738123,0.12089914828538895,0.6611295938491821,0.48073089122772217
YKR054C,YLR068W,0,-5.773946,0.12087467312812805,0.6611295938491821,0.48084163665771484
YCR098C,YOR356W,0,-5.7740755,0.12085020542144775,0.6611295938491821,0.4809523820877075
YMR078C,YNL129W,0,-5.7742224,0.12082574516534805,0.6611295938491821,0.4810631275177002
YBL019W,YJR050W,0,-5.7742634,0.12080129235982895,0.6611295938491821,0.48117387294769287
YFL057C,YPR020W,0,-5.7743073,0.12077685445547104,0.6611295938491821,0.48128461837768555
YCL026C-A,YCR020W-B,0,-5.7743225,0.12075242400169373,0.6611295938491821,0.48139533400535583
YOR023C,YHR090C,1,-5.774431,0.12093023210763931,0.6622369885444641,0.48139533400535583
YLL002W,YGR002C,1,-5.774602,0.12110796570777893,0.6633443832397461,0.48139533400535583
YDR093W,YBL034C,0,-5.774651,0.12108348309993744,0.6633443832397461,0.4815060794353485
YBR201W,YLL056C,0,-5.7747283,0.12105901539325714,0.6633443832397461,0.4816168248653412
YMR161W,YNL154C,0,-5.7747374,0.12103455513715744,0.6633443832397461,0.48172757029533386
YML055W,YOL102C,0,-5.7747602,0.12101010233163834,0.6633443832397461,0.48183831572532654
YBR015C,YJR026W,0,-5.774828,0.12098565697669983,0.6633443832397461,0.4819490611553192
YEL022W,YDL106C,0,-5.7749634,0.12096122652292252,0.6633443832397461,0.4820598065853119
YER015W,YLR195C,1,-5.775297,0.12113870680332184,0.6644518375396729,0.4820598065853119
YER161C,YLR410W,0,-5.7754393,0.12111425399780273,0.6644518375396729,0.48217055201530457
YLR304C,YDR083W,0,-5.775462,0.12108980864286423,0.6644518375396729,0.48228129744529724
YOR245C,YPL010W,0,-5.7755423,0.12106537818908691,0.6644518375396729,0.48239201307296753
YMR052W,YNL329C,0,-5.7756257,0.1210409551858902,0.6644518375396729,0.4825027585029602
YOR217W,YDR443C,0,-5.775733,0.12101653963327408,0.6644518375396729,0.4826135039329529
YPR082C,YLR134W,0,-5.7761483,0.12099213898181915,0.6644518375396729,0.48272424936294556
YNL219C,YOL130W,0,-5.7762365,0.12096773833036423,0.6644518375396729,0.48283499479293823
YHR148W,YPR075C,0,-5.776393,0.12094336003065109,0.6644518375396729,0.4829457402229309
YNL031C,YML123C,0,-5.7764034,0.12091898173093796,0.6644518375396729,0.4830564856529236
YAL012W,YHL006C,0,-5.7767086,0.12089461833238602,0.6644518375396729,0.48316723108291626
YJL092W,YLL003W,0,-5.7767496,0.12087026238441467,0.6644518375396729,0.48327797651290894
YKR027W,YJL094C,0,-5.7769117,0.12084592133760452,0.6644518375396729,0.4833886921405792
YJL093C,YOR344C,0,-5.7769837,0.12082158774137497,0.6644518375396729,0.4834994375705719
YJR007W,YBR105C,0,-5.777252,0.12079726159572601,0.6644518375396729,0.4836101830005646
YDL226C,YNR052C,0,-5.777277,0.12077295035123825,0.6644518375396729,0.48372092843055725
YOL008W,YBL017C,0,-5.7774,0.12074863910675049,0.6644518375396729,0.4838316738605499
YDL098C,YKL020C,0,-5.777507,0.12072434276342392,0.6644518375396729,0.4839424192905426
YFL050C,YMR234W,0,-5.7775373,0.12070006132125854,0.6644518375396729,0.4840531647205353
YDL142C,YDR457W,0,-5.777544,0.12067578732967377,0.6644518375396729,0.48416391015052795
YMR014W,YGL005C,0,-5.7778397,0.12065152078866959,0.6644518375396729,0.48427462577819824
YER020W,YLL013C,0,-5.777883,0.120627261698246,0.6644518375396729,0.4843853712081909
YDL117W,YHR072W,0,-5.7779846,0.12060301750898361,0.6644518375396729,0.4844961166381836
YDR216W,YDL008W,0,-5.7780204,0.12057878077030182,0.6644518375396729,0.48460686206817627
YLR342W,YLR116W,0,-5.778232,0.12055455148220062,0.6644518375396729,0.48471760749816895
YDR028C,YIL123W,0,-5.7783785,0.12053033709526062,0.6644518375396729,0.4848283529281616
YJL124C,YIL063C,0,-5.7785296,0.12050612270832062,0.6644518375396729,0.4849390983581543
YDR331W,YLR320W,0,-5.7787933,0.1204819306731224,0.6644518375396729,0.485049843788147
YDL132W,YGL039W,0,-5.778906,0.1204577386379242,0.6644518375396729,0.48516058921813965
YER127W,YJR102C,0,-5.7790184,0.12043356150388718,0.6644518375396729,0.48527130484580994
YGL111W,YAL032C,0,-5.7790675,0.12040939182043076,0.6644518375396729,0.4853820502758026
YDL142C,YGR048W,0,-5.7792006,0.12038522958755493,0.6644518375396729,0.4854927957057953
YPR042C,YFR031C,0,-5.779299,0.1203610822558403,0.6644518375396729,0.48560354113578796
YCR082W,YOL044W,0,-5.779332,0.12033694237470627,0.6644518375396729,0.48571428656578064
YLR103C,YDR142C,0,-5.7793484,0.12031280994415283,0.6644518375396729,0.4858250319957733
YPR111W,YGR009C,0,-5.779355,0.12028869241476059,0.6644518375396729,0.485935777425766
YLL018C-A,YBL006C,0,-5.7794313,0.12026458233594894,0.6644518375396729,0.48604652285575867
YOR034C,YNL326C,1,-5.779478,0.12044088542461395,0.6655592322349548,0.48604652285575867
YHL047C,YJR065C,0,-5.779672,0.12041675299406052,0.6655592322349548,0.48615726828575134
YBR004C,YOR330C,0,-5.77969,0.12039262801408768,0.6655592322349548,0.48626798391342163
YEL019C,YNL098C,0,-5.7799134,0.12036851793527603,0.6655592322349548,0.4863787293434143
YGR158C,YDR227W,0,-5.7799315,0.12034441530704498,0.6655592322349548,0.486489474773407
YBR280C,YOR075W,0,-5.7799506,0.12032032012939453,0.6655592322349548,0.48660022020339966
YLR068W,YER018C,0,-5.7799616,0.12029623985290527,0.6655592322349548,0.48671096563339233
YHR187W,YGR121C,0,-5.780097,0.12027215957641602,0.6655592322349548,0.486821711063385
YNL008C,YGR116W,0,-5.7801523,0.12024810165166855,0.6655592322349548,0.4869324564933777
YJL090C,YER020W,0,-5.7801843,0.12022404372692108,0.6655592322349548,0.48704320192337036
YPL209C,YNL334C,0,-5.780557,0.12020000070333481,0.6655592322349548,0.48715391755104065
YJR069C,YPL145C,0,-5.780628,0.12017596513032913,0.6655592322349548,0.4872646629810333
YPL224C,YDL002C,0,-5.7807593,0.12015193700790405,0.6655592322349548,0.487375408411026
YJL003W,YER169W,0,-5.780835,0.12012792378664017,0.6655592322349548,0.4874861538410187
YOR304W,YDR129C,0,-5.78115,0.12010391801595688,0.6655592322349548,0.48759689927101135
YJR155W,YDL226C,0,-5.781188,0.12007991969585419,0.6655592322349548,0.48770764470100403
YJL006C,YER020W,0,-5.781296,0.12005593627691269,0.6655592322349548,0.4878183901309967
YOL145C,YJR126C,0,-5.7813997,0.12003195285797119,0.6655592322349548,0.4879291355609894
YJR017C,YDR388W,0,-5.7815104,0.12000798434019089,0.6655592322349548,0.48803988099098206
YPR183W,YCL031C,0,-5.7815475,0.11998403072357178,0.6655592322349548,0.48815059661865234
YJR082C,YPR131C,1,-5.7816014,0.12015967816114426,0.6666666865348816,0.48815059661865234
YHR013C,YJL081C,1,-5.7817965,0.12033526599407196,0.6677740812301636,0.48815059661865234
YPL048W,YKL144C,0,-5.7820187,0.12031125277280807,0.6677740812301636,0.488261342048645
YKL051W,YMR146C,0,-5.782091,0.12028725445270538,0.6677740812301636,0.4883720874786377
YGR060W,YNL032W,0,-5.7821846,0.12026326358318329,0.6677740812301636,0.48848283290863037
YIR033W,YDL128W,0,-5.782378,0.12023928016424179,0.6677740812301636,0.48859357833862305
YNL136W,YDL040C,1,-5.782383,0.12041467428207397,0.6688815355300903,0.48859357833862305
YIL014W,YKL170W,0,-5.7824144,0.12039066851139069,0.6688815355300903,0.4887043237686157
YGL087C,YEL050C,0,-5.7824407,0.12036667764186859,0.6688815355300903,0.4888150691986084
YFR008W,YIR013C,0,-5.782489,0.1203426942229271,0.6688815355300903,0.4889258146286011
YNL042W,YOR099W,0,-5.782591,0.12031872570514679,0.6688815355300903,0.48903653025627136
YNL128W,YLR090W,0,-5.782794,0.12029476463794708,0.6688815355300903,0.48914727568626404
YBL041W,YFL033C,0,-5.7828517,0.12027081102132797,0.6688815355300903,0.4892580211162567
YBL045C,YIL014W,0,-5.782857,0.12024686485528946,0.6688815355300903,0.4893687665462494
YBR158W,YGL151W,0,-5.7828803,0.12022293359041214,0.6688815355300903,0.48947951197624207
YPR154W,YGL205W,0,-5.782898,0.12019900232553482,0.6688815355300903,0.48959025740623474
YBR237W,YKL020C,0,-5.782908,0.1201750859618187,0.6688815355300903,0.4897010028362274
YEL030W,YCR083W,0,-5.782918,0.12015118449926376,0.6688815355300903,0.4898117482662201
YDR309C,YGR170W,0,-5.7829256,0.12012729048728943,0.6688815355300903,0.48992249369621277
YLR233C,YHR023W,0,-5.7830005,0.12010340392589569,0.6688815355300903,0.49003320932388306
YNL182C,YDR150W,0,-5.7830925,0.12007952481508255,0.6688815355300903,0.49014395475387573
YOR335C,YCR075C,0,-5.783154,0.12005565315485,0.6688815355300903,0.4902547001838684
YDR473C,YMR175W,0,-5.7831798,0.12003179639577866,0.6688815355300903,0.4903654456138611
YNL199C,YER142C,0,-5.7832003,0.1200079470872879,0.6688815355300903,0.49047619104385376
YNL136W,YBR081C,1,-5.7832937,0.12018276005983353,0.6699889302253723,0.49047619104385376
YAL013W,YBL047C,0,-5.783327,0.12015888839960098,0.6699889302253723,0.49058693647384644
YOR239W,YGR057C,0,-5.783334,0.12013502418994904,0.6699889302253723,0.4906976819038391
YGL257C,YBL075C,0,-5.7834606,0.12011117488145828,0.6699889302253723,0.4908084273338318
YHR055C,YML127W,0,-5.7835455,0.12008733302354813,0.6699889302253723,0.49091917276382446
YLR153C,YOR064C,1,-5.783654,0.12026195973157883,0.6710963249206543,0.49091917276382446
YGR083C,YOR319W,0,-5.783863,0.12023809552192688,0.6710963249206543,0.49102988839149475
YJR118C,YDL084W,0,-5.7838893,0.12021424621343613,0.6710963249206543,0.4911406338214874
YBL026W,YIL118W,0,-5.783928,0.12019040435552597,0.6710963249206543,0.4912513792514801
YIL014W,YOR354C,0,-5.7841845,0.12016656994819641,0.6710963249206543,0.4913621246814728
YDR377W,YAL002W,0,-5.784237,0.12014274299144745,0.6710963249206543,0.49147287011146545
YDL004W,YGL201C,0,-5.784257,0.12011893093585968,0.6710963249206543,0.49158361554145813
YPL188W,YJR009C,0,-5.7844467,0.12009512633085251,0.6710963249206543,0.4916943609714508
YNR008W,YBL102W,0,-5.784728,0.12007132917642593,0.6710963249206543,0.4918051064014435
YFL013C,YOL039W,0,-5.784891,0.12004754692316055,0.6710963249206543,0.49191582202911377
YPL096W,YBL005W-A,0,-5.7849803,0.12002376466989517,0.6710963249206543,0.49202656745910645
YDR179C,YOR075W,0,-5.7850695,0.11999999731779099,0.6710963249206543,0.4921373128890991
YIR019C,YKL012W,0,-5.785122,0.11997624486684799,0.6710963249206543,0.4922480583190918
YJL014W,YIL008W,0,-5.7852974,0.119952492415905,0.6710963249206543,0.4923588037490845
YFL011W-A,YFL017W-A,0,-5.7853785,0.1199287548661232,0.6710963249206543,0.49246954917907715
YMR276W,YEL041W,0,-5.7855225,0.119905024766922,0.6710963249206543,0.4925802946090698
YOR147W,YKR090W,0,-5.7855477,0.11988130211830139,0.6710963249206543,0.4926910400390625
YJL081C,YLL002W,1,-5.7855597,0.12005537748336792,0.672203779220581,0.4926910400390625
YGL090W,YLR084C,0,-5.785573,0.12003163993358612,0.672203779220581,0.4928017854690552
YOL146W,YGR143W,0,-5.7855873,0.12000790983438492,0.672203779220581,0.49291250109672546
YCR002C,YLR256W,0,-5.785589,0.11998418718576431,0.672203779220581,0.49302324652671814
YPR067W,YBL058W,0,-5.785952,0.1199604719877243,0.672203779220581,0.4931339919567108
YIL106W,YDL170W,0,-5.785987,0.11993677169084549,0.672203779220581,0.4932447373867035
YGR284C,YDL235C,0,-5.7859907,0.11991307884454727,0.672203779220581,0.49335548281669617
YOL008W,YPL049C,0,-5.786032,0.11988939344882965,0.672203779220581,0.49346622824668884
YEL056W,YEL066W,1,-5.7861714,0.12006319314241409,0.673311173915863,0.49346622824668884
YKL134C,YBR228W,0,-5.7863693,0.12003948539495468,0.673311173915863,0.4935769736766815
YMR070W,YHR161C,0,-5.786499,0.12001579254865646,0.673311173915863,0.4936877191066742
YJL072C,YBL050W,0,-5.7867904,0.11999210715293884,0.673311173915863,0.4937984347343445
YOR299W,YLR272C,0,-5.786974,0.11996842920780182,0.673311173915863,0.49390918016433716
YNL275W,YOL034W,0,-5.786994,0.11994475871324539,0.673311173915863,0.49401992559432983
YJR078W,YDR378C,0,-5.787386,0.11992110311985016,0.673311173915863,0.4941306710243225
YGR040W,YDL109C,0,-5.787647,0.11989745497703552,0.673311173915863,0.4942414164543152
YLR170C,YNR059W,0,-5.7877035,0.11987381428480148,0.673311173915863,0.49435216188430786
YDL135C,YNR046W,0,-5.7879066,0.11985018849372864,0.673311173915863,0.49446290731430054
YFL010W-A,YCL043C,0,-5.7880535,0.11982657015323639,0.673311173915863,0.4945736527442932
YDR480W,YCR098C,0,-5.788125,0.11980295926332474,0.673311173915863,0.4946843981742859
YBL018C,YOL028C,0,-5.7881913,0.11977935582399368,0.673311173915863,0.4947951138019562
YIR025W,YNL214W,0,-5.788299,0.11975575983524323,0.673311173915863,0.49490585923194885
YJL092W,YGL210W,0,-5.788637,0.11973217874765396,0.673311173915863,0.49501660466194153
YDL029W,YGL205W,0,-5.788728,0.1197086051106453,0.673311173915863,0.4951273500919342
YKL195W,YLL003W,0,-5.788803,0.11968503892421722,0.673311173915863,0.4952380955219269
YJL204C,YGR192C,0,-5.7889085,0.11966148763895035,0.673311173915863,0.49534884095191956
YJL081C,YMR246W,1,-5.788925,0.11983471363782883,0.6744186282157898,0.49534884095191956
YAL002W,YOL028C,0,-5.788928,0.11981113255023956,0.6744186282157898,0.49545958638191223
YFR041C,YDR202C,0,-5.7889404,0.11978756636381149,0.6744186282157898,0.4955703318119049
YIR019C,YAR002W,0,-5.7889733,0.11976401507854462,0.6744186282157898,0.4956810772418976
YMR113W,YPL020C,0,-5.7889957,0.11974046379327774,0.6744186282157898,0.49579179286956787
YPR083W,YFR003C,0,-5.7893047,0.11971692740917206,0.6744186282157898,0.49590253829956055
YIL042C,YDR078C,0,-5.789416,0.11969339847564697,0.6744186282157898,0.4960132837295532
YGR060W,YLR069C,0,-5.7894635,0.11966987699270248,0.6744186282157898,0.4961240291595459
YMR068W,YOR361C,0,-5.7894797,0.11964636296033859,0.6744186282157898,0.4962347745895386
YBR088C,YDR324C,0,-5.7896004,0.1196228638291359,0.6744186282157898,0.49634552001953125
YML008C,YER146W,0,-5.78985,0.1195993721485138,0.6744186282157898,0.4964562654495239
YMR235C,YOR313C,0,-5.789996,0.11957588791847229,0.6744186282157898,0.4965670108795166
YOR274W,YBR296C,0,-5.790033,0.11955241113901138,0.6744186282157898,0.4966777265071869
YAR019C,YJL109C,0,-5.7900667,0.11952894926071167,0.6744186282157898,0.49678847193717957
YPL021W,YFL011W,0,-5.7902102,0.11950549483299255,0.6744186282157898,0.49689921736717224
YMR238W,YBR273C,0,-5.790374,0.11948204785585403,0.6744186282157898,0.4970099627971649
YAL034W-A,YOR344C,0,-5.7904377,0.11945860832929611,0.6744186282157898,0.4971207082271576
YGL073W,YGR212W,0,-5.790453,0.11943518370389938,0.6744186282157898,0.49723145365715027
YKL032C,YOR221C,0,-5.790463,0.11941176652908325,0.6744186282157898,0.49734219908714294
YJR082C,YLL022C,1,-5.7905145,0.11958439648151398,0.6755260229110718,0.49734219908714294
YGL003C,YPL126W,0,-5.790517,0.11956095695495605,0.6755260229110718,0.4974529445171356
YBR102C,YGL039W,0,-5.790599,0.11953752487897873,0.6755260229110718,0.4975636899471283
YOL146W,YDR166C,0,-5.7906036,0.1195141077041626,0.6755260229110718,0.4976744055747986
YKL220C,YPR187W,0,-5.7907076,0.11949069797992706,0.6755260229110718,0.49778515100479126
YLR429W,YGL030W,0,-5.7909474,0.11946729570627213,0.6755260229110718,0.49789589643478394
YEL062W,YOL067C,0,-5.791132,0.11944390088319778,0.6755260229110718,0.4980066418647766
YBL061C,YML027W,0,-5.791225,0.11942051351070404,0.6755260229110718,0.4981173872947693
YDL231C,YPR052C,0,-5.791233,0.11939714103937149,0.6755260229110718,0.49822813272476196
YNR052C,YCR053W,0,-5.791306,0.11937377601861954,0.6755260229110718,0.49833887815475464
YBR211C,YDL058W,0,-5.7913995,0.11935041844844818,0.6755260229110718,0.4984496235847473
YPL221W,YOL042W,0,-5.7914233,0.11932707577943802,0.6755260229110718,0.49856036901474
YIL009W,YCL010C,1,-5.7914333,0.1194993183016777,0.6766334176063538,0.49856036901474
YOR349W,YKL029C,0,-5.7915335,0.11947594583034515,0.6766334176063538,0.4986710846424103
YFR014C,YPL096W,0,-5.7915516,0.1194525882601738,0.6766334176063538,0.49878183007240295
YDR446W,YDR353W,0,-5.7915597,0.11942923814058304,0.6766334176063538,0.49889257550239563
YLR109W,YOR171C,0,-5.7916794,0.11940590292215347,0.6766334176063538,0.4990033209323883
YDR046C,YOL008W,0,-5.791769,0.11938256770372391,0.6766334176063538,0.499114066362381
YIR005W,YPL144W,0,-5.7918425,0.11935924738645554,0.6766334176063538,0.49922481179237366
YPR185W,YGL195W,0,-5.791859,0.11933593451976776,0.6766334176063538,0.49933555722236633
YLR319C,YBL057C,0,-5.791914,0.11931263655424118,0.6766334176063538,0.499446302652359
YIL037C,YHR214C-B,0,-5.792127,0.1192893385887146,0.6766334176063538,0.4995570182800293
YDR448W,YPL001W,1,-5.792379,0.11946125328540802,0.6777408719062805,0.4995570182800293
YNL041C,YGL039W,0,-5.7924404,0.11943794041872025,0.6777408719062805,0.499667763710022
YML032C,YLR316C,0,-5.7924547,0.11941463500261307,0.6777408719062805,0.49977850914001465
YGR143W,YDR328C,0,-5.7924986,0.11939133703708649,0.6777408719062805,0.4998892545700073
YCR067C,YHR152W,0,-5.792508,0.1193680539727211,0.6777408719062805,0.5
YGR264C,YML098W,0,-5.7927256,0.11934477090835571,0.6777408719062805,0.5001107454299927
YOR034C,YPL001W,1,-5.7927523,0.11951647698879242,0.6788482666015625,0.5001107454299927
YPR183W,YNL074C,0,-5.7929306,0.11949317902326584,0.6788482666015625,0.5002214908599854
YNR001C,YOR061W,0,-5.792947,0.11946988850831985,0.6788482666015625,0.500332236289978
YOR137C,YGR212W,0,-5.7930923,0.11944661289453506,0.6788482666015625,0.5004429817199707
YIL034C,YDL185W,0,-5.7931485,0.11942333728075027,0.6788482666015625,0.5005537271499634
YNL173C,YER087C-B,0,-5.793181,0.11940007656812668,0.6788482666015625,0.500664472579956
YMR042W,YNL129W,0,-5.7933726,0.11937682330608368,0.6788482666015625,0.5007752180099487
YOR351C,YEL026W,0,-5.7935133,0.11935358494520187,0.6788482666015625,0.5008859634399414
YER073W,YGL243W,0,-5.7935395,0.11933034658432007,0.6788482666015625,0.5009966492652893
YPL149W,YOR267C,0,-5.79389,0.11930712312459946,0.6788482666015625,0.501107394695282
YGR249W,YJR033C,0,-5.7940693,0.11928390711545944,0.6788482666015625,0.5012181401252747
YHR005C,YOR295W,0,-5.794098,0.11926069855690002,0.6788482666015625,0.5013288855552673
YHR055C,YLR265C,0,-5.7942677,0.1192375048995018,0.6788482666015625,0.50143963098526
YML023C,YHR026W,0,-5.794276,0.11921431124210358,0.6788482666015625,0.5015503764152527
YGR276C,YMR263W,0,-5.7943096,0.11919113248586655,0.6788482666015625,0.5016611218452454
YER114C,YNL127W,0,-5.79443,0.11916796118021011,0.6788482666015625,0.501771867275238
YCL066W,YNL032W,0,-5.794671,0.11914479732513428,0.6788482666015625,0.5018826127052307
YOL115W,YMR005W,0,-5.7947044,0.11912164837121964,0.6788482666015625,0.5019933581352234
YKL152C,YLR145W,0,-5.7947426,0.11909850686788559,0.6788482666015625,0.5021041035652161
YOL094C,YGL243W,0,-5.7948513,0.11907536536455154,0.6788482666015625,0.5022148489952087
YNL116W,YBR127C,0,-5.7948713,0.11905224621295929,0.6788482666015625,0.5023255944252014
YDR123C,YDR131C,0,-5.7951283,0.11902912706136703,0.6788482666015625,0.5024363398551941
YGR155W,YBR065C,0,-5.795155,0.11900601536035538,0.6788482666015625,0.5025470852851868
YPR075C,YHR001W,0,-5.7951946,0.11898291856050491,0.6788482666015625,0.5026578307151794
YMR220W,YDR369C,0,-5.7953835,0.11895982921123505,0.6788482666015625,0.5027685761451721
YHL019C,YOR148C,0,-5.795415,0.11893674731254578,0.6788482666015625,0.50287926197052
YIL035C,YER117W,0,-5.795592,0.1189136728644371,0.6788482666015625,0.5029900074005127
YEL036C,YCL020W,0,-5.795642,0.11889061331748962,0.6788482666015625,0.5031007528305054
YIL132C,YNL147W,0,-5.7956457,0.11886756122112274,0.6788482666015625,0.503211498260498
YLR231C,YCR106W,0,-5.795909,0.11884451657533646,0.6788482666015625,0.5033222436904907
YLR056W,YIL120W,0,-5.795915,0.11882147938013077,0.6788482666015625,0.5034329891204834
YGL207W,YCL063W,0,-5.79597,0.11879844963550568,0.6788482666015625,0.5035437345504761
YBR217W,YBL005W-B,0,-5.7959805,0.11877543479204178,0.6788482666015625,0.5036544799804688
YML127W,YJR027W,0,-5.7961802,0.11875241994857788,0.6788482666015625,0.5037652254104614
YLL018C-A,YDL100C,0,-5.7961864,0.11872942000627518,0.6788482666015625,0.5038759708404541
YJL060W,YFR034C,0,-5.796226,0.11870642751455307,0.6788482666015625,0.5039867162704468
YPL118W,YNR039C,0,-5.79649,0.11868344992399216,0.6788482666015625,0.5040974617004395
YLR288C,YDR456W,0,-5.7965193,0.11866047233343124,0.6788482666015625,0.5042082071304321
YDL036C,YDL038C,0,-5.7970037,0.11863750964403152,0.6788482666015625,0.5043189525604248
YPL140C,YNL213C,0,-5.7973247,0.1186145544052124,0.6788482666015625,0.5044296979904175
YJR083C,YKL004W,0,-5.797394,0.11859160661697388,0.6788482666015625,0.5045404434204102
YDL052C,YLR425W,0,-5.7974615,0.11856866627931595,0.6788482666015625,0.5046511888504028
YHL040C,YBR162C,0,-5.7975273,0.11854573339223862,0.6788482666015625,0.5047619342803955
YPL125W,YDL109C,0,-5.7976785,0.11852281540632248,0.6788482666015625,0.5048726201057434
YLR214W,YMR225C,0,-5.7976813,0.11849990487098694,0.6788482666015625,0.5049833655357361
YCR098C,YOL108C,0,-5.7977066,0.118477001786232,0.6788482666015625,0.5050941109657288
YDR279W,YKL080W,0,-5.7977104,0.11845410615205765,0.6788482666015625,0.5052048563957214
YGR244C,YJR135W-A,0,-5.7978344,0.1184312179684639,0.6788482666015625,0.5053156018257141
YJR118C,YLR003C,0,-5.797845,0.11840834468603134,0.6788482666015625,0.5054263472557068
YBR245C,YGR040W,0,-5.7978544,0.11838547885417938,0.6788482666015625,0.5055370926856995
YPL058C,YMR270C,0,-5.7978554,0.11836262047290802,0.6788482666015625,0.5056478381156921
YNL166C,YJR135C,0,-5.797873,0.11833976954221725,0.6788482666015625,0.5057585835456848
YNL268W,YKR101W,0,-5.7978964,0.11831692606210709,0.6788482666015625,0.5058693289756775
YJR145C,YDR464W,0,-5.7979755,0.11829409748315811,0.6788482666015625,0.5059800744056702
YDR009W,YGL192W,0,-5.7982364,0.11827126890420914,0.6788482666015625,0.5060908198356628
YIL142W,YPR018W,0,-5.798574,0.11824845522642136,0.6788482666015625,0.5062015652656555
YER112W,YLR268W,0,-5.798708,0.11822564899921417,0.6788482666015625,0.5063123106956482
YIR005W,YOR226C,0,-5.7988195,0.11820285022258759,0.6788482666015625,0.5064230561256409
YER013W,YCR106W,0,-5.7989197,0.11818006634712219,0.6788482666015625,0.5065338015556335
YML004C,YGR063C,0,-5.7989306,0.1181572824716568,0.6788482666015625,0.5066445469856262
YDR236C,YCR053W,0,-5.7990203,0.1181345134973526,0.6788482666015625,0.5067552328109741
YGL021W,YDR488C,0,-5.799021,0.118111751973629,0.6788482666015625,0.5068659782409668
YKL005C,YGR033C,0,-5.7993364,0.11808899790048599,0.6788482666015625,0.5069767236709595
YHR120W,YGL062W,0,-5.799365,0.11806625872850418,0.6788482666015625,0.5070874691009521
YDL150W,YNL032W,0,-5.799469,0.11804351955652237,0.6788482666015625,0.5071982145309448
YNL318C,YBL017C,0,-5.7994804,0.11802079528570175,0.6788482666015625,0.5073089599609375
YOR085W,YML021C,0,-5.799566,0.11799807846546173,0.6788482666015625,0.5074197053909302
YBR250W,YJL059W,0,-5.80011,0.11797536909580231,0.6788482666015625,0.5075304508209229
YKR086W,YML028W,0,-5.8001547,0.11795266717672348,0.6788482666015625,0.5076411962509155
YPL244C,YNR039C,0,-5.800314,0.11792997270822525,0.6788482666015625,0.5077519416809082
YAL024C,YDR329C,0,-5.800435,0.11790729314088821,0.6788482666015625,0.5078626871109009
YGR113W,YDR359C,0,-5.8004646,0.11788461357355118,0.6788482666015625,0.5079734325408936
YPL174C,YMR053C,0,-5.800682,0.11786194890737534,0.6788482666015625,0.5080841779708862
YGR135W,YDR195W,0,-5.801263,0.11783929169178009,0.6788482666015625,0.5081949234008789
YER159C,YDL208W,0,-5.8013496,0.11781664192676544,0.6788482666015625,0.5083056688308716
YLR097C,YLR467W,0,-5.8013725,0.11779400706291199,0.6788482666015625,0.5084164142608643
YDR174W,YGR119C,0,-5.8015842,0.11777137219905853,0.6788482666015625,0.5085271596908569
YBR170C,YML097C,0,-5.801635,0.11774875223636627,0.6788482666015625,0.5086378455162048
YDR190C,YBR077C,0,-5.8016453,0.11772613972425461,0.6788482666015625,0.5087485909461975
YPR185W,YPL040C,0,-5.801704,0.11770353466272354,0.6788482666015625,0.5088593363761902
YGL012W,YNL160W,0,-5.801736,0.11768093705177307,0.6788482666015625,0.5089700818061829
YLR056W,YFR029W,0,-5.801783,0.1176583468914032,0.6788482666015625,0.5090808272361755
YNL127W,YHL025W,0,-5.8018446,0.11763577163219452,0.6788482666015625,0.5091915726661682
YLR381W,YGR281W,0,-5.8019423,0.11761320382356644,0.6788482666015625,0.5093023180961609
YDL069C,YCL032W,0,-5.802037,0.11759063601493835,0.6788482666015625,0.5094130635261536
YEL022W,YBR175W,0,-5.802076,0.11756808310747147,0.6788482666015625,0.5095238089561462
YDR236C,YMR177W,0,-5.802144,0.11754554510116577,0.6788482666015625,0.5096345543861389
YPR067W,YIL073C,0,-5.8022804,0.11752300709486008,0.6788482666015625,0.5097452998161316
YML080W,YCL020W,0,-5.8022804,0.11750047653913498,0.6788482666015625,0.5098560452461243
YLR328W,YBR258C,0,-5.8023686,0.11747796088457108,0.6788482666015625,0.5099667906761169
YLR223C,YHR200W,0,-5.8025017,0.11745545268058777,0.6788482666015625,0.5100775361061096
YEL056W,YLL002W,1,-5.8025208,0.11762452125549316,0.6799557209014893,0.5100775361061096
YER015W,YOR064C,1,-5.80282,0.11779352277517319,0.6810631155967712,0.5100775361061096
YDR143C,YLR212C,0,-5.8029637,0.1177709698677063,0.6810631155967712,0.5101882815361023
YGL238W,YPL127C,0,-5.803009,0.11774841696023941,0.6810631155967712,0.510299026966095
YKL042W,YGL212W,0,-5.803317,0.11772587895393372,0.6810631155967712,0.5104097723960876
YMR316W,YGL061C,0,-5.8033686,0.11770334839820862,0.6810631155967712,0.5105204582214355
YOR180C,YEL003W,0,-5.803404,0.11768082529306412,0.6810631155967712,0.5106312036514282
YBR010W,YGL229C,0,-5.8034487,0.11765830963850021,0.6810631155967712,0.5107419490814209
YNR002C,YBR276C,0,-5.803578,0.1176358088850975,0.6810631155967712,0.5108526945114136
YOR362C,YBR097W,0,-5.8037534,0.1176133081316948,0.6810631155967712,0.5109634399414062
YDR345C,YBL033C,0,-5.803833,0.11759082227945328,0.6810631155967712,0.5110741853713989
YAL022C,YGL039W,0,-5.803984,0.11756834387779236,0.6810631155967712,0.5111849308013916
YBR098W,YCR012W,0,-5.8040066,0.11754587292671204,0.6810631155967712,0.5112956762313843
YLR103C,YBR058C,0,-5.8040752,0.11752340942621231,0.6810631155967712,0.511406421661377
YHR191C,YNL334C,0,-5.8041315,0.11750095337629318,0.6810631155967712,0.5115171670913696
YJL060W,YHL003C,0,-5.8041496,0.11747851222753525,0.6810631155967712,0.5116279125213623
YCR086W,YNL023C,0,-5.804164,0.11745607107877731,0.6810631155967712,0.511738657951355
YNR072W,YPR083W,0,-5.8042245,0.11743364483118057,0.6810631155967712,0.5118494033813477
YBR136W,YOL054W,0,-5.8043175,0.11741122603416443,0.6810631155967712,0.5119601488113403
YAL025C,YBR254C,0,-5.8043203,0.11738881468772888,0.6810631155967712,0.512070894241333
YPL001W,YDR167W,1,-5.804565,0.11755724996328354,0.682170569896698,0.512070894241333
YNL328C,YHR106W,0,-5.8045807,0.1175348237156868,0.682170569896698,0.5121816396713257
YJL208C,YLR262C,0,-5.804619,0.11751239746809006,0.682170569896698,0.5122923851013184
YOR079C,YOR330C,0,-5.8047643,0.11748998612165451,0.682170569896698,0.512403130531311
YDR524C,YBR039W,0,-5.804966,0.11746758222579956,0.682170569896698,0.5125138163566589
YNR038W,YMR182C,0,-5.8050804,0.11744518578052521,0.682170569896698,0.5126245617866516
YNR044W,YGL155W,0,-5.8052154,0.11742279678583145,0.682170569896698,0.5127353072166443
YKL040C,YMR197C,0,-5.8053994,0.11740042269229889,0.682170569896698,0.512846052646637
YLR023C,YHR214C-B,0,-5.8054295,0.11737804859876633,0.682170569896698,0.5129567980766296
YLR007W,YOR132W,0,-5.8054686,0.11735568940639496,0.682170569896698,0.5130675435066223
YGR095C,YHR181W,0,-5.8054743,0.11733333021402359,0.682170569896698,0.513178288936615
YOL063C,YOR354C,0,-5.8055024,0.11731098592281342,0.682170569896698,0.5132890343666077
YOR034C,YMR236W,1,-5.805557,0.11747905611991882,0.68327796459198,0.5132890343666077
YPL208W,YLR447C,0,-5.8056316,0.11745668947696686,0.68327796459198,0.5133997797966003
YNR032W,YML028W,0,-5.8057175,0.11743433773517609,0.68327796459198,0.513510525226593
YAL024C,YOL143C,0,-5.8057265,0.11741198599338531,0.68327796459198,0.5136212706565857
YGR229C,YDL190C,0,-5.8058305,0.11738964915275574,0.68327796459198,0.5137320160865784
YIL167W,YLR442C,0,-5.8059716,0.11736731976270676,0.68327796459198,0.513842761516571
YAL033W,YNL213C,0,-5.8060274,0.11734499782323837,0.68327796459198,0.5139535069465637
YCR028C,YJL061W,0,-5.80604,0.11732268333435059,0.68327796459198,0.5140642523765564
YLR131C,YMR022W,0,-5.8062677,0.11730038374662399,0.68327796459198,0.5141749978065491
YOR239W,YIL131C,0,-5.806327,0.1172780841588974,0.68327796459198,0.5142857432365417
YBR010W,YJR010C-A,0,-5.8064175,0.117255799472332,0.68327796459198,0.5143964290618896
YLR195C,YDR167W,1,-5.8064375,0.11742351949214935,0.684385359287262,0.5143964290618896
YIL098C,YGR057C,0,-5.8065453,0.11740121245384216,0.684385359287262,0.5145071744918823
YBR008C,YAL044C,0,-5.80655,0.11737892031669617,0.684385359287262,0.514617919921875
YFL010W-A,YMR047C,0,-5.80681,0.11735662817955017,0.684385359287262,0.5147286653518677
YPL209C,YKR063C,0,-5.8068104,0.11733434349298477,0.684385359287262,0.5148394107818604
YKR007W,YDR131C,0,-5.8068795,0.11731207370758057,0.684385359287262,0.514950156211853
YMR246W,YOR064C,1,-5.806907,0.1174796000123024,0.6854928135871887,0.514950156211853
YEL050C,YPL026C,0,-5.8069115,0.1174573078751564,0.6854928135871887,0.5150609016418457
YER161C,YLR337C,0,-5.8069134,0.117435023188591,0.6854928135871887,0.5151716470718384
YMR012W,YGL142C,0,-5.807102,0.1174127459526062,0.6854928135871887,0.515282392501831
YPL235W,YNL131W,0,-5.8072658,0.117390476167202,0.6854928135871887,0.5153931379318237
YDR448W,YHR013C,1,-5.8073535,0.1175578311085701,0.6866002082824707,0.5153931379318237
YOR080W,YLR260W,0,-5.8074274,0.1175355464220047,0.6866002082824707,0.5155038833618164
YDR363W,YMR088C,0,-5.8075576,0.1175132691860199,0.6866002082824707,0.5156146287918091
YKL193C,YML114C,0,-5.8076572,0.11749099940061569,0.6866002082824707,0.5157253742218018
YKR027W,YDR165W,0,-5.807728,0.11746873706579208,0.6866002082824707,0.5158361196517944
YFL034C-B,YLR424W,0,-5.8078904,0.11744648963212967,0.6866002082824707,0.5159468650817871
YMR312W,YNL267W,0,-5.807903,0.11742424219846725,0.6866002082824707,0.5160576105117798
YDR459C,YPL129W,1,-5.8079605,0.11759136617183685,0.6877076625823975,0.5160576105117798
YER178W,YBR022W,0,-5.8080363,0.11756910383701324,0.6877076625823975,0.5161683559417725
YNL327W,YDL236W,0,-5.808112,0.11754684895277023,0.6877076625823975,0.5162790417671204
YDL243C,YPL144W,0,-5.8090353,0.11752460151910782,0.6877076625823975,0.516389787197113
YKR065C,YJL059W,0,-5.8090568,0.117502361536026,0.6877076625823975,0.5165005326271057
YBL024W,YLR329W,0,-5.809157,0.11748013645410538,0.6877076625823975,0.5166112780570984
YNL020C,YPL043W,0,-5.809355,0.11745791882276535,0.6877076625823975,0.5167220234870911
YMR220W,YFL004W,0,-5.809598,0.11743570119142532,0.6877076625823975,0.5168327689170837
YGR279C,YIL109C,0,-5.809929,0.11741349846124649,0.6877076625823975,0.5169435143470764
YJR065C,YNL068C,0,-5.8099484,0.11739130318164825,0.6877076625823975,0.5170542597770691
YGR121C,YDL039C,0,-5.8100424,0.11736911535263062,0.6877076625823975,0.5171650052070618
YAL042W,YDL076C,0,-5.8100715,0.11734694242477417,0.6877076625823975,0.5172757506370544
YOR085W,YDR398W,0,-5.810088,0.11732476949691772,0.6877076625823975,0.5173864960670471
YPR005C,YNL243W,0,-5.810217,0.11730260401964188,0.6877076625823975,0.5174972414970398
YNL006W,YML005W,0,-5.810251,0.11728045344352722,0.6877076625823975,0.5176079869270325
YNR010W,YOR297C,0,-5.8103514,0.11725831031799316,0.6877076625823975,0.5177187323570251
YIL112W,YPR155C,0,-5.8103743,0.1172361746430397,0.6877076625823975,0.5178294777870178
YHR004C,YKR008W,0,-5.8104563,0.11721404641866684,0.6877076625823975,0.5179402232170105
YER159C,YOR321W,0,-5.8106537,0.11719192564487457,0.6877076625823975,0.5180509686470032
YLR220W,YAL044C,0,-5.810709,0.1171698123216629,0.6877076625823975,0.5181616544723511
YLR264W,YMR089C,0,-5.8107452,0.11714770644903183,0.6877076625823975,0.5182723999023438
YGL223C,YDR300C,0,-5.8112097,0.11712561547756195,0.6877076625823975,0.5183831453323364
YFR033C,YOR307C,0,-5.811249,0.11710352450609207,0.6877076625823975,0.5184938907623291
YPL248C,YER082C,0,-5.8112655,0.11708144843578339,0.6877076625823975,0.5186046361923218
YEL018W,YFR005C,0,-5.811271,0.1170593798160553,0.6877076625823975,0.5187153816223145
YMR211W,YKR055W,0,-5.8112755,0.1170373186469078,0.6877076625823975,0.5188261270523071
YML129C,YDR309C,0,-5.811316,0.11701526492834091,0.6877076625823975,0.5189368724822998
YHR011W,YML013W,0,-5.811324,0.11699321866035461,0.6877076625823975,0.5190476179122925
YGR010W,YGL255W,0,-5.8115754,0.11697117984294891,0.6877076625823975,0.5191583633422852
YNL223W,YLR455W,0,-5.8116493,0.1169491559267044,0.6877076625823975,0.5192691087722778
YNL118C,YCR106W,0,-5.8118596,0.1169271320104599,0.6877076625823975,0.5193798542022705
YOL049W,YCL043C,0,-5.8118706,0.11690512299537659,0.6877076625823975,0.5194905996322632
YPL061W,YDR036C,0,-5.8119664,0.11688311398029327,0.6877076625823975,0.5196013450622559
YJL034W,YNL003C,0,-5.812011,0.11686111986637115,0.6877076625823975,0.5197120904922485
YHR191C,YOR243C,0,-5.8121214,0.11683913320302963,0.6877076625823975,0.5198228359222412
YJL125C,YOL026C,0,-5.812201,0.11681715399026871,0.6877076625823975,0.5199335813522339
YDR446W,YOR179C,0,-5.812234,0.11679518222808838,0.6877076625823975,0.5200442671775818
YBR042C,YBR079C,0,-5.812374,0.11677322536706924,0.6877076625823975,0.5201550126075745
YNL094W,YPR017C,0,-5.812401,0.11675126850605011,0.6877076625823975,0.5202657580375671
YPR002W,YOL001W,0,-5.8125677,0.11672932654619217,0.6877076625823975,0.5203765034675598
YDL149W,YOR083W,0,-5.8125978,0.11670738458633423,0.6877076625823975,0.5204872488975525
YEL030W,YDR280W,0,-5.812896,0.11668545752763748,0.6877076625823975,0.5205979943275452
YLR191W,YLR272C,0,-5.8129253,0.11666353791952133,0.6877076625823975,0.5207087397575378
YPR019W,YDR259C,0,-5.8129935,0.11664162576198578,0.6877076625823975,0.5208194851875305
YGL143C,YOR217W,0,-5.8130665,0.11661972105503082,0.6877076625823975,0.5209302306175232
YJL026W,YFR031C,0,-5.8132677,0.11659782379865646,0.6877076625823975,0.5210409760475159
YHR096C,YHR091C,0,-5.8133473,0.1165759339928627,0.6877076625823975,0.5211517214775085
YBR038W,YJR007W,0,-5.81338,0.11655405163764954,0.6877076625823975,0.5212624669075012
YDR459C,YOL148C,1,-5.813445,0.11671983450651169,0.6888150572776794,0.5212624669075012
YGL166W,YDR143C,0,-5.8134604,0.11669793725013733,0.6888150572776794,0.5213732123374939
YFL024C,YMR069W,1,-5.8135138,0.11686363071203232,0.6899224519729614,0.5213732123374939
YMR232W,YGL171W,0,-5.813525,0.11684171110391617,0.6899224519729614,0.5214839577674866
YHR089C,YPL242C,0,-5.813673,0.11681979894638062,0.6899224519729614,0.5215947031974792
YOL009C,YKL018W,0,-5.8137913,0.11679790169000626,0.6899224519729614,0.5217054486274719
YGR155W,YBR257W,0,-5.8138638,0.1167760044336319,0.6899224519729614,0.5218161940574646
YHR068W,YNL128W,0,-5.8138804,0.11675412207841873,0.6899224519729614,0.5219269394874573
YER162C,YPL157W,0,-5.8139286,0.11673224717378616,0.6899224519729614,0.5220376253128052
YLR114C,YGR267C,0,-5.8144045,0.11671037971973419,0.6899224519729614,0.5221483707427979
YOL004W,YOL102C,0,-5.814899,0.11668851971626282,0.6899224519729614,0.5222591161727905
YNL123W,YLR145W,0,-5.8149915,0.11666666716337204,0.6899224519729614,0.5223698616027832
YPL137C,YOR330C,0,-5.815077,0.11664482206106186,0.6899224519729614,0.5224806070327759
YER019W,YOR213C,0,-5.815532,0.11662298440933228,0.6899224519729614,0.5225913524627686
YKL002W,YGR010W,0,-5.815841,0.11660116165876389,0.6899224519729614,0.5227020978927612
YGL247W,YNL245C,0,-5.8158836,0.1165793389081955,0.6899224519729614,0.5228128433227539
YGL124C,YDL109C,0,-5.816125,0.1165575310587883,0.6899224519729614,0.5229235887527466
YPL048W,YHR138C,0,-5.81639,0.1165357306599617,0.6899224519729614,0.5230343341827393
YOR133W,YML058W-A,0,-5.8164997,0.1165139302611351,0.6899224519729614,0.5231450796127319
YNL326C,YOL148C,1,-5.8165154,0.1166791319847107,0.6910299062728882,0.5231450796127319
YPL152W,YOR076C,0,-5.8165474,0.1166573166847229,0.6910299062728882,0.5232558250427246
YBR133C,YDR394W,0,-5.8165846,0.1166355162858963,0.6910299062728882,0.5233665704727173
YMR238W,YJR140C,0,-5.8165956,0.1166137158870697,0.6910299062728882,0.52347731590271
YBR256C,YLL024C,0,-5.816615,0.1165919303894043,0.6910299062728882,0.5235880613327026
YKL073W,YBL058W,0,-5.81664,0.11657014489173889,0.6910299062728882,0.5236988067626953
YEL002C,YOR272W,0,-5.8167,0.11654837429523468,0.6910299062728882,0.523809552192688
YER015W,YDR126W,1,-5.81694,0.11671335250139236,0.6921373009681702,0.523809552192688
YDR078C,YHR012W,0,-5.8170066,0.11669155955314636,0.6921373009681702,0.5239202380180359
YMR202W,YNL023C,0,-5.8171606,0.11666978150606155,0.6921373009681702,0.5240309834480286
YDR273W,YFR005C,0,-5.8171806,0.11664800345897675,0.6921373009681702,0.5241417288780212
YMR319C,YML065W,0,-5.8171887,0.11662623286247253,0.6921373009681702,0.5242524743080139
YAL003W,YOL009C,0,-5.8172026,0.11660447716712952,0.6921373009681702,0.5243632197380066
YDL088C,YPR001W,0,-5.817211,0.1165827289223671,0.6921373009681702,0.5244739651679993
YMR285C,YDR103W,0,-5.817424,0.11656098812818527,0.6921373009681702,0.5245847105979919
YJL166W,YCR102C,0,-5.817601,0.11653924733400345,0.6921373009681702,0.5246954560279846
YOR254C,YOR083W,0,-5.8176775,0.11651752144098282,0.6921373009681702,0.5248062014579773
YBR267W,YNR039C,0,-5.817737,0.11649580299854279,0.6921373009681702,0.52491694688797
YOR386W,YHR027C,0,-5.817834,0.11647409945726395,0.6921373009681702,0.5250276923179626
YMR069W,YLL002W,1,-5.817917,0.11663872003555298,0.6932447552680969,0.5250276923179626
YPR124W,YBR289W,0,-5.8179893,0.11661698669195175,0.6932447552680969,0.5251384377479553
YNL042W,YPL137C,0,-5.817997,0.11659526824951172,0.6932447552680969,0.525249183177948
YPR138C,YGR296W,0,-5.818284,0.11657355725765228,0.6932447552680969,0.5253599286079407
YMR311C,YJR019C,0,-5.818516,0.11655185371637344,0.6932447552680969,0.5254706740379333
YMR237W,YGR170W,0,-5.818566,0.1165301576256752,0.6932447552680969,0.525581419467926
YOR257W,YGR111W,0,-5.818676,0.11650846898555756,0.6932447552680969,0.5256921648979187
YHR204W,YHR006W,0,-5.819174,0.11648678779602051,0.6932447552680969,0.5258028507232666
YOR025W,YHR073W,0,-5.819316,0.11646511405706406,0.6932447552680969,0.5259135961532593
YKL001C,YIL061C,0,-5.8197274,0.1164434552192688,0.6932447552680969,0.526024341583252
YPL078C,YJL113W,0,-5.819942,0.11642179638147354,0.6932447552680969,0.5261350870132446
YDL149W,YLR015W,0,-5.8199553,0.11640015244483948,0.6932447552680969,0.5262458324432373
YBR210W,YOL080C,0,-5.8205433,0.11637850850820541,0.6932447552680969,0.52635657787323
YPL149W,YGR202C,0,-5.820557,0.11635687947273254,0.6932447552680969,0.5264673233032227
YNL268W,YHR006W,0,-5.8205786,0.11633525043725967,0.6932447552680969,0.5265780687332153
YJR158W,YNL079C,0,-5.820794,0.116313636302948,0.6932447552680969,0.526688814163208
YAL015C,YCR037C,0,-5.821034,0.11629202961921692,0.6932447552680969,0.5267995595932007
YLR310C,YGL106W,0,-5.8210363,0.11627043038606644,0.6932447552680969,0.5269103050231934
YOR127W,YOL039W,0,-5.8210487,0.11624883860349655,0.6932447552680969,0.527021050453186
YIL044C,YOR211C,0,-5.821056,0.11622725427150726,0.6932447552680969,0.5271317958831787
YDR143C,YCR008W,0,-5.8210983,0.11620567739009857,0.6932447552680969,0.5272425413131714
YKL011C,YPL274W,0,-5.821122,0.11618411540985107,0.6932447552680969,0.5273532867431641
YIL009W,YPR131C,1,-5.8212376,0.11634811758995056,0.6943521499633789,0.5273532867431641
YNL282W,YML028W,0,-5.8214073,0.11632653325796127,0.6943521499633789,0.5274640321731567
YGR063C,YPL029W,0,-5.821497,0.11630495637655258,0.6943521499633789,0.5275747776031494
YMR237W,YLR234W,0,-5.8215675,0.11628337949514389,0.6943521499633789,0.5276854634284973
YNR038W,YER024W,0,-5.821599,0.11626181751489639,0.6943521499633789,0.52779620885849
YMR246W,YBR081C,1,-5.821658,0.11642565578222275,0.6954596042633057,0.52779620885849
YIL079C,YCR040W,0,-5.8216724,0.11640407890081406,0.6954596042633057,0.5279069542884827
YOR119C,YBL058W,0,-5.821692,0.11638250201940536,0.6954596042633057,0.5280176997184753
YMR032W,YML062C,0,-5.8217287,0.11636094003915787,0.6954596042633057,0.528128445148468
YHR203C,YEL065W,0,-5.8217764,0.11633938550949097,0.6954596042633057,0.5282391905784607
YOR103C,YDR243C,0,-5.821906,0.11631783843040466,0.6954596042633057,0.5283499360084534
YKL022C,YLR342W,0,-5.8219366,0.11629629880189896,0.6954596042633057,0.528460681438446
YJR108W,YJL145W,0,-5.8219976,0.11627476662397385,0.6954596042633057,0.5285714268684387
YJL115W,YPR131C,1,-5.8220053,0.1164383590221405,0.6965669989585876,0.5285714268684387
YIL002C,YJL036W,0,-5.8220406,0.1164168044924736,0.6965669989585876,0.5286821722984314
YGL020C,YLR079W,0,-5.8223386,0.1163952648639679,0.6965669989585876,0.5287929177284241
YML047C,YPL153C,0,-5.822362,0.11637372523546219,0.6965669989585876,0.5289036631584167
YML071C,YMR204C,0,-5.822453,0.11635220050811768,0.6965669989585876,0.5290144085884094
YJL196C,YGL175C,0,-5.8225164,0.11633068323135376,0.6965669989585876,0.5291251540184021
YHR024C,YOR212W,0,-5.8226643,0.11630917340517044,0.6965669989585876,0.5292358994483948
YFR002W,YBR088C,0,-5.8226776,0.11628767102956772,0.6965669989585876,0.5293466448783875
YNL326C,YMR236W,1,-5.823001,0.11645101755857468,0.6976743936538696,0.5293466448783875
YGL247W,YLR020C,0,-5.8232584,0.11642949283123016,0.6976743936538696,0.5294573903083801
YDR162C,YLR208W,0,-5.823448,0.11640798300504684,0.6976743936538696,0.5295681357383728
YDL145C,YNR052C,0,-5.8235226,0.11638648062944412,0.6976743936538696,0.5296788215637207
YDR206W,YBR210W,0,-5.8238525,0.1163649782538414,0.6976743936538696,0.5297895669937134
YOL148C,YPL129W,1,-5.823943,0.11652816087007523,0.6987818479537964,0.5297895669937134
YJR089W,YBR121C,0,-5.8240356,0.11650664359331131,0.6987818479537964,0.529900312423706
YOL080C,YDL052C,0,-5.8240867,0.11648514121770859,0.6987818479537964,0.5300110578536987
YDR529C,YLR009W,0,-5.8240924,0.11646363884210587,0.6987818479537964,0.5301218032836914
YLR270W,YDR381W,0,-5.8242445,0.11644215136766434,0.6987818479537964,0.5302325487136841
YKL182W,YOL142W,0,-5.8243,0.11642066389322281,0.6987818479537964,0.5303432941436768
YML058W-A,YIL120W,0,-5.824336,0.11639919131994247,0.6987818479537964,0.5304540395736694
YGR254W,YGL243W,0,-5.824341,0.11637771874666214,0.6987818479537964,0.5305647850036621
YKL020C,YOR356W,0,-5.824352,0.116356261074543,0.6987818479537964,0.5306755304336548
YDR123C,YOR241W,0,-5.82445,0.11633481085300446,0.6987818479537964,0.5307862758636475
YBR164C,YFR041C,0,-5.824566,0.11631336063146591,0.6987818479537964,0.5308970212936401
YFL024C,YER015W,1,-5.82466,0.11647622287273407,0.6998892426490784,0.5308970212936401
YMR119W,YGR296W,0,-5.8251867,0.11645476520061493,0.6998892426490784,0.5310077667236328
YOR250C,YER003C,0,-5.8252363,0.11643330752849579,0.6998892426490784,0.5311185121536255
YJR031C,YNL186W,0,-5.8257523,0.11641186475753784,0.6998892426490784,0.5312292575836182
YPR086W,YPR074C,0,-5.825902,0.1163904219865799,0.6998892426490784,0.5313400030136108
YKL074C,YML047C,0,-5.82594,0.11636899411678314,0.6998892426490784,0.5314507484436035
YJL025W,YIL023C,0,-5.8260384,0.11634756624698639,0.6998892426490784,0.5315614342689514
YPL130W,YOL105C,0,-5.826082,0.11632615327835083,0.6998892426490784,0.5316721796989441
YLR228C,YBR207W,0,-5.826199,0.11630474776029587,0.6998892426490784,0.5317829251289368
YDR052C,YNR072W,0,-5.826421,0.1162833496928215,0.6998892426490784,0.5318936705589294
YER065C,YPL268W,0,-5.8264537,0.11626195907592773,0.6998892426490784,0.5320044159889221
YEL037C,YDR372C,0,-5.8264832,0.11624057590961456,0.6998892426490784,0.5321151614189148
YDR309C,YDR437W,0,-5.8265486,0.11621920019388199,0.6998892426490784,0.5322259068489075
YPR178W,YGL255W,0,-5.826972,0.11619783192873001,0.6998892426490784,0.5323366522789001
YPL101W,YNL046W,0,-5.826977,0.11617647111415863,0.6998892426490784,0.5324473977088928
YOL095C,YJR135C,0,-5.82712,0.11615511775016785,0.6998892426490784,0.5325581431388855
YER164W,YML105C,0,-5.8272285,0.11613377183675766,0.6998892426490784,0.5326688885688782
YNL280C,YMR106C,0,-5.827347,0.11611244082450867,0.6998892426490784,0.5327796339988708
YDL216C,YCL031C,0,-5.8275576,0.11609110981225967,0.6998892426490784,0.5328903794288635
YCL055W,YOL045W,0,-5.827742,0.11606978625059128,0.6998892426490784,0.5330011248588562
YIL044C,YEL026W,0,-5.827919,0.11604847759008408,0.6998892426490784,0.5331118702888489
YLL060C,YHR158C,0,-5.827963,0.11602716892957687,0.6998892426490784,0.5332226157188416
YCL017C,YOL115W,0,-5.828042,0.11600587517023087,0.6998892426490784,0.5333333611488342
YPR103W,YML073C,0,-5.8281403,0.11598458141088486,0.6998892426490784,0.5334440469741821
YIL120W,YOL093W,0,-5.8285255,0.11596330255270004,0.6998892426490784,0.5335547924041748
YBR236C,YPL059W,0,-5.8287244,0.11594203114509583,0.6998892426490784,0.5336655378341675
YDR182W,YBL080C,0,-5.8289213,0.11592075973749161,0.6998892426490784,0.5337762832641602
YBR068C,YAR009C,0,-5.8291216,0.11589950323104858,0.6998892426490784,0.5338870286941528
YFR028C,YKR097W,0,-5.829218,0.11587825417518616,0.6998892426490784,0.5339977741241455
YGL195W,YNL070W,0,-5.829848,0.11585701256990433,0.6998892426490784,0.5341085195541382
YBL098W,YNL097C,0,-5.8302536,0.1158357784152031,0.6998892426490784,0.5342192649841309
YDR276C,YGR170W,0,-5.830262,0.11581455171108246,0.6998892426490784,0.5343300104141235
YEL066W,YGR147C,1,-5.830325,0.11597654968500137,0.7009966969490051,0.5343300104141235
YNL118C,YDR108W,0,-5.830338,0.11595530062913895,0.7009966969490051,0.5344407558441162
YMR113W,YOR216C,0,-5.830797,0.11593406647443771,0.7009966969490051,0.5345515012741089
YDL040C,YDR167W,1,-5.8308654,0.11609595268964767,0.7021040916442871,0.5345515012741089
YFL023W,YCR027C,0,-5.8310347,0.11607469618320465,0.7021040916442871,0.5346622467041016
YBR162C,YIL023C,0,-5.831192,0.11605344712734222,0.7021040916442871,0.5347729921340942
YDR036C,YOL122C,0,-5.8314037,0.11603221297264099,0.7021040916442871,0.5348837375640869
YDR489W,YOR344C,0,-5.8314605,0.11601097881793976,0.7021040916442871,0.5349944829940796
YPR030W,YDR341C,0,-5.8315,0.11598975211381912,0.7021040916442871,0.5351052284240723
YGR113W,YBL057C,0,-5.831626,0.11596854031085968,0.7021040916442871,0.5352159738540649
YLL043W,YDR488C,0,-5.831627,0.11594732850790024,0.7021040916442871,0.5353266596794128
YBR279W,YGR013W,0,-5.83167,0.11592613160610199,0.7021040916442871,0.5354374051094055
YBL100W-B,YNR064C,0,-5.831788,0.11590493470430374,0.7021040916442871,0.5355481505393982
YPL051W,YOR319W,0,-5.831796,0.11588375270366669,0.7021040916442871,0.5356588959693909
YMR138W,YLR369W,0,-5.8318205,0.11586257070302963,0.7021040916442871,0.5357696413993835
YJL102W,YML092C,0,-5.831889,0.11584140360355377,0.7021040916442871,0.5358803868293762
YBR087W,YJL052W,0,-5.8319125,0.11582024395465851,0.7021040916442871,0.5359911322593689
YGR007W,YNL061W,0,-5.832136,0.11579908430576324,0.7021040916442871,0.5361018776893616
YOR079C,YAL012W,0,-5.832296,0.11577793955802917,0.7021040916442871,0.5362126231193542
YDR213W,YMR134W,0,-5.832316,0.1157568022608757,0.7021040916442871,0.5363233685493469
YBL022C,YOR063W,0,-5.832419,0.11573567241430283,0.7021040916442871,0.5364341139793396
YMR246W,YDR126W,1,-5.832515,0.11589705944061279,0.7032115459442139,0.5364341139793396
YBL005W,YGL175C,0,-5.8325415,0.11587591469287872,0.7032115459442139,0.5365448594093323
YOR095C,YNL131W,0,-5.8326197,0.11585476994514465,0.7032115459442139,0.536655604839325
YNL136W,YGR002C,1,-5.8326855,0.11601605266332626,0.7043189406394958,0.536655604839325
YGL229C,YKL196C,0,-5.8328304,0.115994893014431,0.7043189406394958,0.5367663502693176
YBR061C,YNL107W,0,-5.8330383,0.11597374081611633,0.7043189406394958,0.5368770956993103
YGR047C,YEL004W,0,-5.8330584,0.11595259606838226,0.7043189406394958,0.536987841129303
YDL200C,YGL039W,0,-5.8330755,0.11593145877122879,0.7043189406394958,0.5370985865592957
YDR158W,YMR314W,0,-5.833128,0.11591033637523651,0.7043189406394958,0.5372093319892883
YOL130W,YML034W,0,-5.833418,0.11588921397924423,0.7043189406394958,0.5373200178146362
YCL025C,YBR182C,0,-5.8334694,0.11586809903383255,0.7043189406394958,0.5374307632446289
YMR014W,YOL133W,0,-5.833498,0.11584699153900146,0.7043189406394958,0.5375415086746216
YOL164W,YMR240C,0,-5.8335457,0.11582589894533157,0.7043189406394958,0.5376522541046143
YIL033C,YAL053W,0,-5.8336506,0.11580480635166168,0.7043189406394958,0.5377629995346069
YOR038C,YGR197C,0,-5.8337502,0.11578372120857239,0.7043189406394958,0.5378737449645996
YGL071W,YDR245W,0,-5.833893,0.11576265096664429,0.7043189406394958,0.5379844903945923
YDR448W,YOR064C,1,-5.834051,0.11592356860637665,0.7054263353347778,0.5379844903945923
YJR089W,YDL138W,0,-5.834155,0.11590247601270676,0.7054263353347778,0.538095235824585
YBR040W,YHR194W,0,-5.834233,0.11588139086961746,0.7054263353347778,0.5382059812545776
YCR086W,YNL318C,0,-5.834381,0.11586031317710876,0.7054263353347778,0.5383167266845703
YGR157W,YPR111W,0,-5.834405,0.11583924293518066,0.7054263353347778,0.538427472114563
YNL116W,YCL026C-A,0,-5.8344955,0.11581818014383316,0.7054263353347778,0.5385382175445557
YDL040C,YCL010C,1,-5.8345766,0.1159789115190506,0.7065337896347046,0.5385382175445557
YDL030W,YGR212W,0,-5.835318,0.1159578338265419,0.7065337896347046,0.5386489629745483
YLR233C,YGR070W,0,-5.8353596,0.1159367635846138,0.7065337896347046,0.538759708404541
YLR195C,YBR198C,1,-5.8354273,0.11609738320112228,0.7076411843299866,0.538759708404541
YBR168W,YLR264W,0,-5.835431,0.11607629060745239,0.7076411843299866,0.5388704538345337
YGL126W,YGR296W,0,-5.8355308,0.1160552129149437,0.7076411843299866,0.5389811992645264
YPL145C,YJL098W,0,-5.83567,0.116034135222435,0.7076411843299866,0.539091944694519
YOR074C,YMR231W,0,-5.8357787,0.1160130724310875,0.7076411843299866,0.5392026305198669
YKR031C,YLR006C,0,-5.8358064,0.11599200963973999,0.7076411843299866,0.5393133759498596
YNL242W,YJL100W,0,-5.8358383,0.11597096174955368,0.7076411843299866,0.5394241213798523
YEL054C,YER022W,0,-5.8360367,0.11594992130994797,0.7076411843299866,0.539534866809845
YMR047C,YBL080C,0,-5.8362103,0.11592888087034225,0.7076411843299866,0.5396456122398376
YJL020C,YER072W,0,-5.836217,0.11590785533189774,0.7076411843299866,0.5397563576698303
YLL022C,YEL066W,1,-5.8362703,0.11606819182634354,0.7087486386299133,0.5397563576698303
YNL008C,YJL128C,0,-5.836272,0.11604714393615723,0.7087486386299133,0.539867103099823
YBR103W,YNL131W,0,-5.8362885,0.11602610349655151,0.7087486386299133,0.5399778485298157
YBR155W,YEL032W,0,-5.83642,0.116005077958107,0.7087486386299133,0.5400885939598083
YOL133W,YOR035C,0,-5.836428,0.11598405241966248,0.7087486386299133,0.540199339389801
YNL090W,YLR022C,0,-5.8365574,0.11596303433179855,0.7087486386299133,0.5403100848197937
YCR024C-A,YGR104C,0,-5.836812,0.11594203114509583,0.7087486386299133,0.5404208302497864
YDR141C,YFR029W,0,-5.8368483,0.1159210279583931,0.7087486386299133,0.540531575679779
YKL110C,YGL058W,0,-5.8369894,0.11590003967285156,0.7087486386299133,0.5406423211097717
YLR025W,YML038C,0,-5.837152,0.11587905138731003,0.7087486386299133,0.5407530665397644
YGR083C,YOL044W,0,-5.837341,0.11585807055234909,0.7087486386299133,0.5408638119697571
YPR131C,YLL002W,1,-5.8374825,0.11601810157299042,0.7098560333251953,0.5408638119697571
YNR015W,YJR027W,0,-5.8375745,0.11599710583686829,0.7098560333251953,0.5409745573997498
YGL078C,YKL006C-A,0,-5.837632,0.11597611755132675,0.7098560333251953,0.5410852432250977
YPL208W,YOR287C,0,-5.8376627,0.11595513671636581,0.7098560333251953,0.5411959886550903
YER001W,YOL144W,0,-5.8376684,0.11593416333198547,0.7098560333251953,0.541306734085083
YDL132W,YKL220C,0,-5.837755,0.11591319739818573,0.7098560333251953,0.5414174795150757
YKL220C,YPR086W,0,-5.837762,0.11589224636554718,0.7098560333251953,0.5415282249450684
YLR033W,YGR048W,0,-5.8378487,0.11587129533290863,0.7098560333251953,0.541638970375061
YDL231C,YNL123W,0,-5.837886,0.11585035175085068,0.7098560333251953,0.5417497158050537
YJL183W,YJR126C,0,-5.8380775,0.11582941561937332,0.7098560333251953,0.5418604612350464
YNR027W,YER146W,0,-5.838109,0.11580849438905716,0.7098560333251953,0.5419712066650391
YPR201W,YOR127W,0,-5.838189,0.115787573158741,0.7098560333251953,0.5420819520950317
YHR039C,YFR029W,0,-5.838253,0.11576665937900543,0.7098560333251953,0.5421926975250244
YLR304C,YKL191W,0,-5.838393,0.11574575304985046,0.7098560333251953,0.5423034429550171
YNL230C,YNL046W,0,-5.838517,0.11572486162185669,0.7098560333251953,0.5424141883850098
YOL115W,YMR079W,0,-5.8385816,0.11570397019386292,0.7098560333251953,0.5425249338150024
YJL098W,YOR290C,0,-5.8387547,0.11568308621644974,0.7098560333251953,0.5426356792449951
YLR353W,YLR316C,0,-5.8389835,0.11566221714019775,0.7098560333251953,0.5427464246749878
YIR013C,YDL226C,0,-5.83902,0.11564134806394577,0.7098560333251953,0.5428571701049805
YJL099W,YLR442C,0,-5.8394804,0.11562049388885498,0.7098560333251953,0.5429678559303284
YLR166C,YJL109C,0,-5.839528,0.11559963971376419,0.7098560333251953,0.543078601360321
YLR353W,YJR069C,0,-5.8398647,0.115578792989254,0.7098560333251953,0.5431893467903137
YNL088W,YEL041W,0,-5.8398848,0.115557961165905,0.7098560333251953,0.5433000922203064
YMR083W,YMR153W,0,-5.8401566,0.115537129342556,0.7098560333251953,0.5434108376502991
YBR130C,YPL234C,0,-5.8402743,0.1155163124203682,0.7098560333251953,0.5435215830802917
YOL040C,YOR140W,0,-5.8402977,0.11549549549818039,0.7098560333251953,0.5436323285102844
YPR001W,YMR211W,0,-5.840308,0.11547468602657318,0.7098560333251953,0.5437430739402771
YCR084C,YKL099C,0,-5.8403335,0.11545389145612717,0.7098560333251953,0.5438538193702698
YNL223W,YCL069W,0,-5.8403444,0.11543309688568115,0.7098560333251953,0.5439645648002625
YBR160W,YCL054W,0,-5.840424,0.11541231721639633,0.7098560333251953,0.5440753102302551
YMR214W,YDR362C,0,-5.8404703,0.11539153754711151,0.7098560333251953,0.5441860556602478
YJL111W,YDL236W,0,-5.840502,0.11537077277898788,0.7098560333251953,0.5442968010902405
YAL007C,YGL244W,0,-5.8405294,0.11535000801086426,0.7098560333251953,0.5444075465202332
YMR076C,YLL013C,0,-5.840886,0.11532925814390182,0.7098560333251953,0.5445182919502258
YDR160W,YMR089C,0,-5.8409476,0.11530850827693939,0.7098560333251953,0.5446290373802185
YEL063C,YKL182W,0,-5.8410807,0.11528777331113815,0.7098560333251953,0.5447397828102112
YJR069C,YOR027W,0,-5.8411283,0.11526703834533691,0.7098560333251953,0.5448504686355591
YGL208W,YKR089C,0,-5.8412657,0.11524631083011627,0.7098560333251953,0.5449612140655518
YLL022C,YLL002W,1,-5.8413343,0.1154053583741188,0.7109634280204773,0.5449612140655518
YBR133C,YML045W,0,-5.8413534,0.11538461595773697,0.7109634280204773,0.5450719594955444
YGL256W,YPL138C,0,-5.8415995,0.11536388099193573,0.7109634280204773,0.5451827049255371
YPR111W,YOR290C,0,-5.8417106,0.11534315347671509,0.7109634280204773,0.5452934503555298
YNL268W,YPL171C,0,-5.8420663,0.11532243341207504,0.7109634280204773,0.5454041957855225
YIL009W,YLL022C,1,-5.8422384,0.11548132449388504,0.712070882320404,0.5454041957855225
YGL027C,YGL090W,0,-5.842431,0.1154605820775032,0.712070882320404,0.5455149412155151
YDR188W,YER174C,0,-5.842724,0.11543985456228256,0.712070882320404,0.5456256866455078
YGR002C,YDR126W,1,-5.842882,0.1155986338853836,0.713178277015686,0.5456256866455078
YFR029W,YNL167C,0,-5.842916,0.11557789146900177,0.713178277015686,0.5457364320755005
YML086C,YPL155C,0,-5.84292,0.11555714905261993,0.713178277015686,0.5458471775054932
YCL012W,YPL043W,0,-5.843027,0.11553642153739929,0.713178277015686,0.5459579229354858
YOL066C,YDR451C,0,-5.843071,0.11551569402217865,0.713178277015686,0.5460686683654785
YLR207W,YPL258C,0,-5.8432274,0.1154949814081192,0.713178277015686,0.5461794137954712
YNL220W,YIR018W,0,-5.8432913,0.11547426879405975,0.713178277015686,0.5462901592254639
YDL166C,YGR239C,0,-5.8433337,0.1154535710811615,0.713178277015686,0.5464009046554565
YLR370C,YDR289C,0,-5.8437095,0.11543287336826324,0.713178277015686,0.5465116500854492
YIR033W,YIR019C,0,-5.8437996,0.11541218310594559,0.713178277015686,0.5466223955154419
YBR179C,YPL012W,0,-5.8440113,0.11539150774478912,0.713178277015686,0.5467331409454346
YGL001C,YGL201C,0,-5.8443165,0.11537083238363266,0.713178277015686,0.5468438267707825
YBR155W,YBR167C,0,-5.8443213,0.11535017192363739,0.713178277015686,0.5469545722007751
YDR283C,YJL154C,0,-5.8445473,0.11532951146364212,0.713178277015686,0.5470653176307678
YNR049C,YIL031W,0,-5.844569,0.11530886590480804,0.713178277015686,0.5471760630607605
YIL095W,YDL194W,0,-5.8447742,0.11528822034597397,0.713178277015686,0.5472868084907532
YOL088C,YGR028W,0,-5.844894,0.11526758223772049,0.713178277015686,0.5473975539207458
YPL265W,YPR161C,0,-5.8449163,0.1152469590306282,0.713178277015686,0.5475082993507385
YDR511W,YKR057W,0,-5.8450823,0.11522633582353592,0.713178277015686,0.5476190447807312
YDL227C,YGL145W,0,-5.845167,0.11520572751760483,0.713178277015686,0.5477297902107239
YDL142C,YGL175C,0,-5.845286,0.11518511921167374,0.713178277015686,0.5478405356407166
YOR011W,YNL117W,0,-5.845325,0.11516451835632324,0.713178277015686,0.5479512810707092
YDR022C,YJL053W,0,-5.8455544,0.11514393240213394,0.713178277015686,0.5480620265007019
YMR240C,YHR188C,0,-5.845593,0.11512334644794464,0.713178277015686,0.5481727719306946
YBR037C,YDR172W,0,-5.845669,0.11510276794433594,0.713178277015686,0.5482835173606873
YJR089W,YML059C,0,-5.845723,0.11508220434188843,0.713178277015686,0.5483942627906799
YDR268W,YGL175C,0,-5.845962,0.11506164073944092,0.713178277015686,0.5485050082206726
YOR267C,YKL214C,0,-5.8460097,0.115041084587574,0.713178277015686,0.5486157536506653
YPL200W,YOR272W,0,-5.8460693,0.11502053588628769,0.713178277015686,0.5487264394760132
YPL271W,YIL077C,0,-5.846107,0.11500000208616257,0.713178277015686,0.5488371849060059
YDR420W,YLR107W,0,-5.8461294,0.11497946828603745,0.713178277015686,0.5489479303359985
YDR179C,YKL099C,0,-5.8463097,0.11495894193649292,0.713178277015686,0.5490586757659912
YJL058C,YBR280C,0,-5.846343,0.11493842303752899,0.713178277015686,0.5491694211959839
YLR160C,YOL144W,0,-5.8463793,0.11491791903972626,0.713178277015686,0.5492801666259766
YIL112W,YNL227C,0,-5.846632,0.11489741504192352,0.713178277015686,0.5493909120559692
YER038C,YGL124C,0,-5.8467045,0.11487691849470139,0.713178277015686,0.5495016574859619
YOR267C,YHR050W,0,-5.8468037,0.11485642939805984,0.713178277015686,0.5496124029159546
YCL025C,YPL268W,0,-5.8470488,0.1148359477519989,0.713178277015686,0.5497231483459473
YDL020C,YPL063W,0,-5.8472037,0.11481547355651855,0.713178277015686,0.5498338937759399
YEL027W,YKL038W,0,-5.8472176,0.1147950068116188,0.713178277015686,0.5499446392059326
YOR319W,YJL143W,0,-5.847234,0.11477454751729965,0.713178277015686,0.5500553846359253
YBL084C,YGL078C,0,-5.847245,0.1147540956735611,0.713178277015686,0.550166130065918
YBR131W,YDR279W,0,-5.847401,0.11473365128040314,0.713178277015686,0.5502768754959106
YDL040C,YPL129W,1,-5.8474636,0.11489134281873703,0.7142857313156128,0.5502768754959106
YJR057W,YOL127W,0,-5.8474956,0.11487088352441788,0.7142857313156128,0.5503876209259033
YFR055W,YDR369C,0,-5.8475103,0.11485042423009872,0.7142857313156128,0.550498366355896
YBR221C,YNR034W,0,-5.847768,0.11482997983694077,0.7142857313156128,0.5506090521812439
YDL098C,YLR301W,0,-5.847986,0.1148095428943634,0.7142857313156128,0.5507197976112366
YOL151W,YGR082W,0,-5.8480024,0.11478910595178604,0.7142857313156128,0.5508305430412292
YNL042W,YNL113W,0,-5.8480105,0.11476868391036987,0.7142857313156128,0.5509412884712219
YEL056W,YDR126W,1,-5.8482857,0.11492616683244705,0.7153931260108948,0.5509412884712219
YPL228W,YDR341C,0,-5.8483763,0.11490572988986969,0.7153931260108948,0.5510520339012146
YOL049W,YGL124C,0,-5.848818,0.11488529294729233,0.7153931260108948,0.5511627793312073
YMR246W,YBR198C,1,-5.848862,0.11504267156124115,0.7165005803108215,0.5511627793312073
YMR211W,YKL212W,0,-5.848952,0.1150222197175026,0.7165005803108215,0.5512735247612
YDR101C,YBR049C,0,-5.848967,0.11500177532434464,0.7165005803108215,0.5513842701911926
YPR105C,YNL222W,0,-5.848975,0.11498133838176727,0.7165005803108215,0.5514950156211853
YKL002W,YGR006W,0,-5.8491325,0.11496090888977051,0.7165005803108215,0.551605761051178
YNL210W,YNL138W,0,-5.849153,0.11494048684835434,0.7165005803108215,0.5517165064811707
YKR028W,YLR003C,0,-5.849308,0.11492007225751877,0.7165005803108215,0.5518272519111633
YLR095C,YKL006C-A,0,-5.849479,0.1148996651172638,0.7165005803108215,0.551937997341156
YLL042C,YGL207W,0,-5.8494983,0.11487925797700882,0.7165005803108215,0.5520487427711487
YKL005C,YBR114W,0,-5.849555,0.11485886573791504,0.7165005803108215,0.5521594882011414
YCR057C,YNL044W,0,-5.8497252,0.11483848094940186,0.7165005803108215,0.552270233631134
YOR074C,YEL061C,0,-5.849863,0.11481810361146927,0.7165005803108215,0.5523809790611267
YDL160C,YBR258C,0,-5.8499413,0.11479772627353668,0.7165005803108215,0.5524916648864746
YNL003C,YCR102C,0,-5.849943,0.11477736383676529,0.7165005803108215,0.5526024103164673
YDR318W,YBL058W,0,-5.8504496,0.1147570088505745,0.7165005803108215,0.55271315574646
YCL016C,YGR119C,0,-5.8507833,0.1147366538643837,0.7165005803108215,0.5528239011764526
YBR008C,YMR036C,0,-5.8508267,0.1147163137793541,0.7165005803108215,0.5529346466064453
YIR037W,YOL005C,0,-5.85085,0.1146959736943245,0.7165005803108215,0.553045392036438
YOR180C,YPL042C,0,-5.8508787,0.11467564851045609,0.7165005803108215,0.5531561374664307
YGR268C,YGL058W,0,-5.8508964,0.11465532332658768,0.7165005803108215,0.5532668828964233
YGL166W,YBR030W,0,-5.850931,0.11463501304388046,0.7165005803108215,0.553377628326416
YER119C,YDR131C,0,-5.8510556,0.11461470276117325,0.7165005803108215,0.5534883737564087
YFL039C,YJR082C,1,-5.8513722,0.1147715225815773,0.7176079750061035,0.5534883737564087
YOR159C,YLR447C,0,-5.8514338,0.11475119739770889,0.7176079750061035,0.5535991191864014
YPL048W,YDR362C,0,-5.851554,0.11473087966442108,0.7176079750061035,0.553709864616394
YEL062W,YHR119W,0,-5.851649,0.11471056938171387,0.7176079750061035,0.5538206100463867
YJL072C,YDR486C,0,-5.8516655,0.11469026654958725,0.7176079750061035,0.5539313554763794
YHL036W,YKL070W,0,-5.8517685,0.11466997116804123,0.7176079750061035,0.5540421009063721
YBR068C,YGR123C,0,-5.8518033,0.1146496832370758,0.7176079750061035,0.5541528463363647
YMR287C,YLR134W,0,-5.851942,0.11462940275669098,0.7176079750061035,0.5542635917663574
YMR006C,YIL018W,0,-5.8521366,0.11460912972688675,0.7176079750061035,0.5543743371963501
YEL063C,YJR126C,0,-5.8524017,0.11458885669708252,0.7176079750061035,0.554485023021698
YJL115W,YLR195C,1,-5.8526754,0.11474540084600449,0.7187153697013855,0.554485023021698
YJL031C,YKL186C,0,-5.852689,0.11472512036561966,0.7187153697013855,0.5545957684516907
YJL063C,YIL118W,0,-5.852794,0.11470483988523483,0.7187153697013855,0.5547065138816833
YCR040W,YGL124C,0,-5.8529286,0.1146845743060112,0.7187153697013855,0.554817259311676
YNL259C,YML098W,0,-5.8530064,0.11466430872678757,0.7187153697013855,0.5549280047416687
YBL009W,YOR132W,0,-5.853046,0.11464405804872513,0.7187153697013855,0.5550387501716614
YOR080W,YCL043C,0,-5.8530617,0.11462380737066269,0.7187153697013855,0.555149495601654
YAR018C,YNL079C,0,-5.8533535,0.11460356414318085,0.7187153697013855,0.5552602410316467
YPR138C,YNL282W,0,-5.8536396,0.1145833358168602,0.7187153697013855,0.5553709864616394
YOL142W,YHR048W,0,-5.853695,0.11456310749053955,0.7187153697013855,0.5554817318916321
YIR013C,YDR322C-A,0,-5.853965,0.1145428866147995,0.7187153697013855,0.5555924773216248
YCR098C,YHR154W,0,-5.854193,0.11452267318964005,0.7187153697013855,0.5557032227516174
YOL045W,YDR379W,0,-5.8542476,0.11450246721506119,0.7187153697013855,0.5558139681816101
YCL010C,YMR236W,1,-5.8544254,0.1146586686372757,0.7198228240013123,0.5558139681816101
YNL065W,YFR003C,0,-5.854478,0.11463844776153564,0.7198228240013123,0.5559247136116028
YLL015W,YEL061C,0,-5.8545094,0.11461823433637619,0.7198228240013123,0.5560354590415955
YCR089W,YLR386W,0,-5.854581,0.11459802836179733,0.7198228240013123,0.5561462044715881
YLR256W,YPL253C,0,-5.8547115,0.11457782238721848,0.7198228240013123,0.5562569499015808
YML092C,YDR013W,0,-5.8548956,0.11455763131380081,0.7198228240013123,0.5563676357269287
YPL255W,YOR267C,0,-5.854966,0.11453744769096375,0.7198228240013123,0.5564783811569214
YIR002C,YDL014W,0,-5.8551893,0.11451726406812668,0.7198228240013123,0.5565891265869141
YBL050W,YGL227W,0,-5.8553944,0.1144970953464508,0.7198228240013123,0.5566998720169067
YGR116W,YMR243C,0,-5.8554125,0.11447692662477493,0.7198228240013123,0.5568106174468994
YLR215C,YJL034W,0,-5.8554335,0.11445677280426025,0.7198228240013123,0.5569213628768921
YPL096W,YKR053C,0,-5.855537,0.11443661898374557,0.7198228240013123,0.5570321083068848
YBR278W,YDR393W,0,-5.855691,0.11441647261381149,0.7198228240013123,0.5571428537368774
YNL148C,YPL244C,0,-5.8556933,0.1143963411450386,0.7198228240013123,0.5572535991668701
YMR319C,YDR416W,0,-5.85571,0.11437620967626572,0.7198228240013123,0.5573643445968628
YDR085C,YNL031C,0,-5.8561153,0.11435608565807343,0.7198228240013123,0.5574750900268555
YJR065C,YLL043W,0,-5.856249,0.11433596909046173,0.7198228240013123,0.5575858354568481
YAL054C,YDR145W,1,-5.8564587,0.11449173092842102,0.7209302186965942,0.5575858354568481
YIL051C,YDR201W,0,-5.8564835,0.11447159945964813,0.7209302186965942,0.5576965808868408
YNL039W,YJR029W,0,-5.8566217,0.11445147544145584,0.7209302186965942,0.5578073263168335
YLR288C,YDR281C,0,-5.8566265,0.11443135887384415,0.7209302186965942,0.5579180717468262
YGL180W,YOR038C,0,-5.856639,0.11441124975681305,0.7209302186965942,0.5580288171768188
YFL034C-B,YKR022C,0,-5.8567095,0.11439114063978195,0.7209302186965942,0.5581395626068115
YKL015W,YNL007C,0,-5.8567495,0.11437104642391205,0.7209302186965942,0.5582502484321594
YDL115C,YJL204C,0,-5.8570337,0.11435095965862274,0.7209302186965942,0.5583609938621521
YJR040W,YGR143W,0,-5.857161,0.11433087289333344,0.7209302186965942,0.5584717392921448
YDL231C,YCL035C,0,-5.8571844,0.11431080102920532,0.7209302186965942,0.5585824847221375
YPR105C,YMR016C,0,-5.857485,0.11429072916507721,0.7209302186965942,0.5586932301521301
YMR056C,YOR061W,0,-5.857731,0.11427067220211029,0.7209302186965942,0.5588039755821228
YHR115C,YOL151W,0,-5.857819,0.11425061523914337,0.7209302186965942,0.5589147210121155
YOR185C,YDL042C,0,-5.8578997,0.11423056572675705,0.7209302186965942,0.5590254664421082
YPL160W,YKL160W,0,-5.857954,0.11421052366495132,0.7209302186965942,0.5591362118721008
YDR085C,YIL144W,0,-5.8579574,0.1141904965043068,0.7209302186965942,0.5592469573020935
YHR072W,YLR259C,0,-5.8581495,0.11417046934366226,0.7209302186965942,0.5593577027320862
YGR014W,YHR197W,0,-5.85818,0.11415044963359833,0.7209302186965942,0.5594684481620789
YMR280C,YBR212W,0,-5.858193,0.11413043737411499,0.7209302186965942,0.5595791935920715
YFL057C,YHR031C,0,-5.858362,0.11411043256521225,0.7209302186965942,0.5596899390220642
YNR027W,YFL008W,0,-5.8584375,0.11409042775630951,0.7209302186965942,0.5598006844520569
YKR068C,YDR116C,0,-5.858444,0.11407043784856796,0.7209302186965942,0.5599114298820496
YLL050C,YMR298W,0,-5.858632,0.11405045539140701,0.7209302186965942,0.5600221753120422
YIL103W,YHR039C,0,-5.8588963,0.11403048038482666,0.7209302186965942,0.5601328611373901
YDL161W,YNL273W,0,-5.859054,0.11401050537824631,0.7209302186965942,0.5602436065673828
YNL130C,YDR388W,0,-5.859108,0.11399054527282715,0.7209302186965942,0.5603543519973755
YPL153C,YDR170C,0,-5.8591943,0.11397058516740799,0.7209302186965942,0.5604650974273682
YPL101W,YMR088C,0,-5.8592205,0.11395063996315002,0.7209302186965942,0.5605758428573608
YLR206W,YER038C,0,-5.85924,0.11393069475889206,0.7209302186965942,0.5606865882873535
YDR028C,YJR026W,0,-5.8594446,0.11391076445579529,0.7209302186965942,0.5607973337173462
YOR257W,YIR012W,0,-5.859584,0.11389083415269852,0.7209302186965942,0.5609080791473389
YDR163W,YBR136W,0,-5.8596153,0.11387091130018234,0.7209302186965942,0.5610188245773315
YBR250W,YLR452C,0,-5.860025,0.11385099589824677,0.7209302186965942,0.5611295700073242
YLR215C,YLR138W,0,-5.8601103,0.11383108794689178,0.7209302186965942,0.5612403154373169
YFL039C,YMR069W,1,-5.860314,0.11398601531982422,0.722037672996521,0.5612403154373169
YLR067C,YHR157W,0,-5.860388,0.11396609246730804,0.722037672996521,0.5613510608673096
YER169W,YGR024C,0,-5.860402,0.11394616961479187,0.722037672996521,0.5614618062973022
YPR019W,YHR106W,0,-5.8604794,0.11392626166343689,0.722037672996521,0.5615725517272949
YIL105C,YGR047C,0,-5.86066,0.1139063611626625,0.722037672996521,0.5616832971572876
YPL060W,YGL014W,0,-5.8608193,0.11388646066188812,0.722037672996521,0.5617940425872803
YGR188C,YOR162C,0,-5.861034,0.11386657506227493,0.722037672996521,0.561904788017273
YML008C,YLR442C,0,-5.8610544,0.11384668946266174,0.722037672996521,0.5620155334472656
YBR175W,YBL005W-A,0,-5.8612347,0.11382681876420975,0.722037672996521,0.5621262192726135
YGR147C,YMR236W,1,-5.861786,0.11398150026798248,0.723145067691803,0.5621262192726135
YDR076W,YPR198W,0,-5.8617883,0.1139616072177887,0.723145067691803,0.5622369647026062
YDR461W,YLR181C,0,-5.861829,0.1139417216181755,0.723145067691803,0.5623477101325989
YBR081C,YDR126W,1,-5.861859,0.11409629881381989,0.724252462387085,0.5623477101325989
YPL208W,YPL012W,0,-5.8621426,0.1140763983130455,0.724252462387085,0.5624584555625916
YOR046C,YJR028W,0,-5.8622255,0.11405650526285172,0.724252462387085,0.5625692009925842
YDR075W,YML097C,0,-5.862441,0.11403661966323853,0.724252462387085,0.5626799464225769
YNL065W,YML091C,0,-5.862485,0.11401673406362534,0.724252462387085,0.5627906918525696
YOL049W,YBR172C,0,-5.862669,0.11399686336517334,0.724252462387085,0.5629014372825623
YPR018W,YPR055W,0,-5.8627405,0.11397699266672134,0.724252462387085,0.5630121827125549
YAL031C,YDR277C,0,-5.862788,0.11395713686943054,0.724252462387085,0.5631229281425476
YER042W,YBR022W,0,-5.8628073,0.11393728107213974,0.724252462387085,0.5632336735725403
YGL008C,YKL012W,0,-5.8629127,0.11391743272542953,0.724252462387085,0.563344419002533
YBR008C,YNL012W,0,-5.8629904,0.11389759927988052,0.724252462387085,0.5634551644325256
YJL031C,YDR076W,0,-5.8631825,0.11387776583433151,0.724252462387085,0.5635659098625183
YER015W,YPL001W,1,-5.8632607,0.11403203010559082,0.7253599166870117,0.5635659098625183
YHR004C,YLR010C,0,-5.8632946,0.11401218175888062,0.7253599166870117,0.563676655292511
YAR031W,YKL122C,0,-5.863442,0.11399234086275101,0.7253599166870117,0.5637874007225037
YDR163W,YER179W,0,-5.8634877,0.113972507417202,0.7253599166870117,0.5638981461524963
YDL003W,YPL151C,0,-5.8638687,0.11395268142223358,0.7253599166870117,0.5640088319778442
YML010W,YMR260C,0,-5.8639116,0.11393285542726517,0.7253599166870117,0.5641195774078369
YLR117C,YKL126W,0,-5.863975,0.11391304433345795,0.7253599166870117,0.5642303228378296
YKR022C,YPL156C,0,-5.8640924,0.11389323323965073,0.7253599166870117,0.5643410682678223
YDR421W,YJL146W,0,-5.8641467,0.1138734370470047,0.7253599166870117,0.5644518136978149
YDL040C,YOR064C,1,-5.864238,0.1140274628996849,0.7264673113822937,0.5644518136978149
YDR235W,YDR393W,0,-5.864241,0.11400764435529709,0.7264673113822937,0.5645625591278076
YJL115W,YDR459C,1,-5.864499,0.11416159570217133,0.7275747656822205,0.5645625591278076
YMR070W,YDR456W,0,-5.8650017,0.11414176225662231,0.7275747656822205,0.5646733045578003
YHR188C,YDL033C,0,-5.865064,0.1141219362616539,0.7275747656822205,0.564784049987793
YOR188W,YDL098C,0,-5.8650813,0.11410211771726608,0.7275747656822205,0.5648947954177856
YPR104C,YKL134C,0,-5.8650875,0.11408230662345886,0.7275747656822205,0.5650055408477783
YBR218C,YCL019W,0,-5.8651114,0.11406250298023224,0.7275747656822205,0.565116286277771
YDR101C,YKR055W,0,-5.8652134,0.11404269933700562,0.7275747656822205,0.5652270317077637
YEL063C,YHR172W,0,-5.865265,0.11402291059494019,0.7275747656822205,0.5653377771377563
YEL056W,YMR236W,1,-5.865391,0.11417664587497711,0.7286821603775024,0.5653377771377563
YDR206W,YBR267W,0,-5.865657,0.11415683478116989,0.7286821603775024,0.565448522567749
YPR074C,YBR293W,0,-5.866126,0.11413703113794327,0.7286821603775024,0.5655592679977417
YOL113W,YMR095C,0,-5.8661613,0.11411724239587784,0.7286821603775024,0.5656700134277344
YJR082C,YOL148C,1,-5.866354,0.11427085101604462,0.7297896146774292,0.5656700134277344
YGR152C,YIL073C,0,-5.8664494,0.1142510399222374,0.7297896146774292,0.565780758857727
YIR041W,YCR012W,0,-5.866498,0.11423123627901077,0.7297896146774292,0.565891444683075
YLR160C,YLL042C,0,-5.8668914,0.11421144008636475,0.7297896146774292,0.5660021901130676
YLL050C,YMR087W,0,-5.8668947,0.11419165134429932,0.7297896146774292,0.5661129355430603
YCR067C,YGR296W,0,-5.8668947,0.11417186260223389,0.7297896146774292,0.566223680973053
YMR055C,YOR362C,0,-5.8671064,0.11415208876132965,0.7297896146774292,0.5663344264030457
YIL159W,YDR398W,0,-5.867113,0.11413231492042542,0.7297896146774292,0.5664451718330383
YKL059C,YJL164C,0,-5.8672557,0.11411255598068237,0.7297896146774292,0.566555917263031
YPR164W,YIL022W,0,-5.8672733,0.11409279704093933,0.7297896146774292,0.5666666626930237
YJR082C,YDR459C,1,-5.867349,0.11424614489078522,0.7308970093727112,0.5666666626930237
YLR320W,YBR221C,0,-5.8674517,0.11422637850046158,0.7308970093727112,0.5667774081230164
YFL029C,YHR021C,0,-5.8675447,0.11420661211013794,0.7308970093727112,0.566888153553009
YPR083W,YIL122W,0,-5.86755,0.1141868531703949,0.7308970093727112,0.5669988989830017
YOL139C,YGL210W-A,0,-5.867584,0.11416710168123245,0.7308970093727112,0.5671096444129944
YJL006C,YDL100C,0,-5.8676686,0.11414735019207001,0.7308970093727112,0.5672203898429871
YBR004C,YCR066W,0,-5.868124,0.11412761360406876,0.7308970093727112,0.5673311352729797
YMR311C,YOR326W,0,-5.8682623,0.1141078844666481,0.7308970093727112,0.5674418807029724
YNL078W,YPL233W,0,-5.8683825,0.11408815532922745,0.7308970093727112,0.5675526261329651
YOR099W,YDL081C,0,-5.8684807,0.11406844109296799,0.7308970093727112,0.5676633715629578
YKL220C,YOL127W,0,-5.868593,0.11404872685670853,0.7308970093727112,0.5677740573883057
YPL212C,YJL143W,0,-5.86871,0.11402902752161026,0.7308970093727112,0.5678848028182983
YMR308C,YBR114W,0,-5.868769,0.114009328186512,0.7308970093727112,0.567995548248291
YLR103C,YML064C,0,-5.8688765,0.11398963630199432,0.7308970093727112,0.5681062936782837
YDR459C,YOL110W,1,-5.868916,0.11414263397455215,0.7320044040679932,0.5681062936782837
YMR184W,YDR404C,0,-5.869528,0.11412292718887329,0.7320044040679932,0.5682170391082764
YMR049C,YMR060C,0,-5.869891,0.11410322785377502,0.7320044040679932,0.568327784538269
YJL091C,YKL170W,0,-5.870108,0.11408353596925735,0.7320044040679932,0.5684385299682617
YHR013C,YGR147C,1,-5.870255,0.11423640698194504,0.7331118583679199,0.5684385299682617
YIL128W,YDR372C,0,-5.870593,0.11421670019626617,0.7331118583679199,0.5685492753982544
YBR091C,YBL061C,0,-5.8706627,0.11419700086116791,0.7331118583679199,0.5686600208282471
YMR072W,YIR041W,0,-5.8707542,0.11417730152606964,0.7331118583679199,0.5687707662582397
YKL093W,YGR275W,0,-5.8708982,0.11415761709213257,0.7331118583679199,0.5688815116882324
YBR121C,YBL041W,0,-5.8711348,0.1141379326581955,0.7331118583679199,0.5689922571182251
YBR201W,YDL052C,0,-5.8712845,0.11411825567483902,0.7331118583679199,0.5691030025482178
YJL081C,YPL129W,1,-5.87134,0.11427094042301178,0.7342192530632019,0.5691030025482178
YIL132C,YNL007C,0,-5.8713646,0.11425124853849411,0.7342192530632019,0.5692137479782104
YPL124W,YOR295W,0,-5.8714848,0.11423156410455704,0.7342192530632019,0.5693244934082031
YLR116W,YDR346C,0,-5.871492,0.11421188712120056,0.7342192530632019,0.5694352388381958
YLR153C,YNL326C,1,-5.8716316,0.11436445266008377,0.7353267073631287,0.5694352388381958
YGL166W,YGL229C,0,-5.87169,0.1143447533249855,0.7353267073631287,0.5695459842681885
YBR159W,YBR154C,0,-5.87191,0.11432506889104843,0.7353267073631287,0.5696566700935364
YMR198W,YOR085W,0,-5.871973,0.11430539190769196,0.7353267073631287,0.569767415523529
YGL163C,YJR026W,0,-5.872016,0.11428571492433548,0.7353267073631287,0.5698781609535217
YBR110W,YDL022W,0,-5.8723073,0.1142660453915596,0.7353267073631287,0.5699889063835144
YDR283C,YLR020C,0,-5.8723183,0.11424638330936432,0.7353267073631287,0.5700996518135071
YPL259C,YHR031C,0,-5.8723516,0.11422673612833023,0.7353267073631287,0.5702103972434998
YMR246W,YNL326C,1,-5.872428,0.11437908560037613,0.7364341020584106,0.5702103972434998
YNL039W,YOR346W,0,-5.8724394,0.11435941606760025,0.7364341020584106,0.5703211426734924
YFL056C,YDR394W,0,-5.872535,0.11433975398540497,0.7364341020584106,0.5704318881034851
YGR040W,YOR266W,0,-5.8725367,0.11432009935379028,0.7364341020584106,0.5705426335334778
YBL069W,YGR222W,0,-5.872565,0.1143004447221756,0.7364341020584106,0.5706533789634705
YNL016W,YMR203W,0,-5.8725986,0.1142808049917221,0.7364341020584106,0.5707641243934631
YFR013W,YDL235C,0,-5.8726196,0.11426116526126862,0.7364341020584106,0.5708748698234558
YML058W-A,YIL030C,0,-5.872863,0.11424154043197632,0.7364341020584106,0.5709856152534485
YDL116W,YNL007C,0,-5.8729053,0.11422191560268402,0.7364341020584106,0.5710963606834412
YPR119W,YKL018W,0,-5.873022,0.11420229822397232,0.7364341020584106,0.5712071061134338
YEL066W,YHR090C,1,-5.873063,0.11435439437627792,0.7375415563583374,0.5712071061134338
YBR185C,YML028W,0,-5.8731985,0.11433476209640503,0.7375415563583374,0.5713178515434265
YJL204C,YMR234W,0,-5.873289,0.11431513726711273,0.7375415563583374,0.5714285969734192
YNL142W,YLR262C,0,-5.8733315,0.11429551988840103,0.7375415563583374,0.5715393424034119
YPL096C-A,YLR147C,0,-5.873565,0.11427590996026993,0.7375415563583374,0.5716500282287598
YDR420W,YIR015W,0,-5.8736606,0.11425630748271942,0.7375415563583374,0.5717607736587524
YIL095W,YBR012W-A,0,-5.8737307,0.11423670500516891,0.7375415563583374,0.5718715190887451
YNR001C,YDR409W,0,-5.873845,0.1142171174287796,0.7375415563583374,0.5719822645187378
YLL060C,YNL021W,0,-5.873907,0.11419752985239029,0.7375415563583374,0.5720930099487305
YMR060C,YGL097W,0,-5.873932,0.11417794972658157,0.7375415563583374,0.5722037553787231
YIL075C,YOR287C,0,-5.8740807,0.11415838450193405,0.7375415563583374,0.5723145008087158
YKR063C,YBR250W,0,-5.8741884,0.11413881927728653,0.7375415563583374,0.5724252462387085
YLR215C,YDR202C,0,-5.874502,0.1141192615032196,0.7375415563583374,0.5725359916687012
YPL161C,YLR186W,0,-5.874667,0.11409971117973328,0.7375415563583374,0.5726467370986938
YOL064C,YGL063W,0,-5.874961,0.11408016085624695,0.7375415563583374,0.5727574825286865
YFL041W,YLR264W,0,-5.8750453,0.11406062543392181,0.7375415563583374,0.5728682279586792
YJR082C,YHR090C,1,-5.8750553,0.11421232670545578,0.7386489510536194,0.5728682279586792
YDR300C,YAL001C,0,-5.875188,0.11419277638196945,0.7386489510536194,0.5729789733886719
YAL054C,YEL056W,1,-5.8753195,0.11434440314769745,0.7397563457489014,0.5729789733886719
YKL112W,YIR019C,0,-5.8753896,0.11432483047246933,0.7397563457489014,0.5730897188186646
YOR023C,YOR064C,1,-5.8756075,0.11447638273239136,0.7408638000488281,0.5730897188186646
YBL022C,YOR073W,0,-5.8757477,0.11445680260658264,0.7408638000488281,0.5732004642486572
YMR311C,YPR161C,0,-5.87582,0.11443722248077393,0.7408638000488281,0.5733112096786499
YFR046C,YBR100W,0,-5.875968,0.1144176498055458,0.7408638000488281,0.5734219551086426
YPL001W,YPL129W,1,-5.8759704,0.11456908285617828,0.7419711947441101,0.5734219551086426
YLR158C,YNL012W,0,-5.876087,0.11454949527978897,0.7419711947441101,0.5735326409339905
YOR269W,YHR030C,0,-5.8762293,0.11452991515398026,0.7419711947441101,0.5736433863639832
YAL054C,YGL066W,1,-5.876649,0.11468125134706497,0.7430786490440369,0.5736433863639832
YMR301C,YLR166C,0,-5.8772297,0.11466165632009506,0.7430786490440369,0.5737541317939758
YJL063C,YGR239C,0,-5.8772964,0.11464206129312515,0.7430786490440369,0.5738648772239685
YER015W,YBR198C,1,-5.877455,0.11479330062866211,0.7441860437393188,0.5738648772239685
YCR065W,YKL041W,0,-5.8776145,0.1147736981511116,0.7441860437393188,0.5739756226539612
YHR068W,YPR067W,0,-5.877744,0.1147540956735611,0.7441860437393188,0.5740863680839539
YAL002W,YLR003C,0,-5.877758,0.11473450809717178,0.7441860437393188,0.5741971135139465
YLR424W,YDR027C,0,-5.8779087,0.11471492052078247,0.7441860437393188,0.5743078589439392
YBR280C,YBL100W-B,0,-5.8780923,0.11469534039497375,0.7441860437393188,0.5744186043739319
YDL052C,YOR356W,0,-5.878105,0.11467576771974564,0.7441860437393188,0.5745293498039246
YJL092W,YPR137W,0,-5.878131,0.11465620249509811,0.7441860437393188,0.5746400952339172
YJL091C,YPL131W,0,-5.878458,0.11463664472103119,0.7441860437393188,0.5747508406639099
YOR080W,YKL138C-A,0,-5.878555,0.11461708694696426,0.7441860437393188,0.5748615860939026
YPL001W,YOR064C,1,-5.878672,0.11476807296276093,0.7452934384346008,0.5748615860939026
YEL016C,YOL138C,0,-5.8787975,0.1147485077381134,0.7452934384346008,0.5749723315238953
YGR028W,YPL163C,0,-5.878992,0.11472894996404648,0.7452934384346008,0.5750830769538879
YDL022W,YER074W-A,0,-5.879303,0.11470939218997955,0.7452934384346008,0.5751938223838806
YGL238W,YOL115W,0,-5.8794026,0.11468984186649323,0.7452934384346008,0.5753045678138733
YGR040W,YOR084W,0,-5.879754,0.1146702989935875,0.7452934384346008,0.5754152536392212
YMR119W,YBR294W,0,-5.8798184,0.11465076357126236,0.7452934384346008,0.5755259990692139
YHR068W,YLR010C,0,-5.879863,0.11463123559951782,0.7452934384346008,0.5756367444992065
YOL165C,YOR272W,0,-5.8799067,0.11461171507835388,0.7452934384346008,0.5757474899291992
YNR019W,YGL173C,0,-5.880222,0.11459220200777054,0.7452934384346008,0.5758582353591919
YNL130C,YPR133C,0,-5.8803906,0.11457269638776779,0.7452934384346008,0.5759689807891846
YKL117W,YJR120W,0,-5.8806353,0.11455319076776505,0.7452934384346008,0.5760797262191772
YPL275W,YOL009C,0,-5.880682,0.11453370004892349,0.7452934384346008,0.5761904716491699
YDR335W,YDR527W,0,-5.880778,0.11451420933008194,0.7452934384346008,0.5763012170791626
YBL035C,YGR048W,0,-5.8808794,0.11449472606182098,0.7452934384346008,0.5764119625091553
YHR055C,YDR359C,0,-5.8813505,0.11447525024414062,0.7452934384346008,0.576522707939148
YBL063W,YLR369W,0,-5.881531,0.11445578187704086,0.7452934384346008,0.5766334533691406
YDL142C,YNL126W,0,-5.881604,0.1144363209605217,0.7452934384346008,0.5767441987991333
YLR233C,YNR064C,0,-5.8816266,0.11441686749458313,0.7452934384346008,0.576854944229126
YOL110W,YHR090C,1,-5.882061,0.11456739902496338,0.7464008927345276,0.576854944229126
YGL019W,YPR112C,0,-5.882825,0.11454792320728302,0.7464008927345276,0.5769656896591187
YPR094W,YGR192C,0,-5.882855,0.11452846229076385,0.7464008927345276,0.5770764350891113
YMR319C,YBR167C,0,-5.882904,0.11450900137424469,0.7464008927345276,0.577187180519104
YNL219C,YML034W,0,-5.883136,0.11448955535888672,0.7464008927345276,0.5772978663444519
YIR010W,YBR026C,0,-5.883398,0.11447010934352875,0.7464008927345276,0.5774086117744446
YAL022C,YDR477W,0,-5.883399,0.11445067077875137,0.7464008927345276,0.5775193572044373
YDL170W,YGL212W,0,-5.8834143,0.1144312396645546,0.7464008927345276,0.5776301026344299
YDL002C,YLR020C,0,-5.8834257,0.11441181600093842,0.7464008927345276,0.5777408480644226
YNL164C,YGL014W,0,-5.8835764,0.11439239978790283,0.7464008927345276,0.5778515934944153
YOR322C,YHL036W,0,-5.88363,0.11437298357486725,0.7464008927345276,0.577962338924408
YPL237W,YER072W,0,-5.8838587,0.11435358226299286,0.7464008927345276,0.5780730843544006
YPL122C,YPL206C,0,-5.8838816,0.11433418095111847,0.7464008927345276,0.5781838297843933
YOR034C,YJR082C,1,-5.8840256,0.11448439955711365,0.7475082874298096,0.5781838297843933
YER177W,YNL264C,0,-5.884039,0.11446498334407806,0.7475082874298096,0.578294575214386
YLR160C,YMR101C,0,-5.8840666,0.11444557458162308,0.7475082874298096,0.5784053206443787
YJL207C,YNR008W,0,-5.8842006,0.11442617326974869,0.7475082874298096,0.5785160660743713
YKL179C,YOR233W,0,-5.884298,0.1144067794084549,0.7475082874298096,0.578626811504364
YHR023W,YDL042C,0,-5.8843346,0.1143873929977417,0.7475082874298096,0.5787375569343567
YCR065W,YMR197C,0,-5.8845086,0.1143680140376091,0.7475082874298096,0.5788483023643494
YOR266W,YPR094W,0,-5.884718,0.1143486350774765,0.7475082874298096,0.578959047794342
YHR205W,YIL123W,0,-5.88478,0.1143292710185051,0.7475082874298096,0.5790697932243347
YGL061C,YPR112C,0,-5.8848047,0.11430990695953369,0.7475082874298096,0.5791805386543274
YBR133C,YDL042C,0,-5.8849587,0.11429055035114288,0.7475082874298096,0.5792912244796753
YOL021C,YLR262C,0,-5.8851547,0.11427120119333267,0.7475082874298096,0.579401969909668
YDR420W,YJR027W,0,-5.88517,0.11425185948610306,0.7475082874298096,0.5795127153396606
YGL018C,YIR033W,0,-5.8854923,0.11423252522945404,0.7475082874298096,0.5796234607696533
YOL013C,YDR162C,0,-5.885709,0.11421319842338562,0.7475082874298096,0.579734206199646
YDR235W,YPR018W,0,-5.8857183,0.1141938790678978,0.7475082874298096,0.5798449516296387
YER108C,YJL047C,0,-5.8859096,0.11417455971240997,0.7475082874298096,0.5799556970596313
YOR347C,YDR464W,0,-5.8859406,0.11415524780750275,0.7475082874298096,0.580066442489624
YHR013C,YEL056W,1,-5.8860207,0.1143050417304039,0.7486157417297363,0.580066442489624
YPL140C,YDR280W,0,-5.886137,0.11428571492433548,0.7486157417297363,0.5801771879196167
YML029W,YNL160W,0,-5.886366,0.11426639556884766,0.7486157417297363,0.5802879333496094
YNL068C,YHR160C,0,-5.886369,0.11424708366394043,0.7486157417297363,0.580398678779602
YDL088C,YGR158C,0,-5.886425,0.1142277792096138,0.7486157417297363,0.5805094242095947
YBR110W,YKL196C,0,-5.8864326,0.11420848220586777,0.7486157417297363,0.5806201696395874
YBL032W,YNR048W,0,-5.8865843,0.11418919265270233,0.7486157417297363,0.5807309150695801
YDR284C,YGL232W,0,-5.8868065,0.1141699030995369,0.7486157417297363,0.5808416604995728
YPR082C,YPL147W,0,-5.887088,0.11415062844753265,0.7486157417297363,0.5809524059295654
YGL136C,YBL022C,0,-5.8871107,0.11413135379552841,0.7486157417297363,0.5810631513595581
YOR095C,YKL006C-A,0,-5.8871164,0.11411208659410477,0.7486157417297363,0.581173837184906
YNL147W,YER075C,0,-5.887333,0.11409282684326172,0.7486157417297363,0.5812845826148987
YFL039C,YMR236W,1,-5.887333,0.114242322742939,0.7497231364250183,0.5812845826148987
YMR188C,YEL060C,0,-5.887345,0.11422304809093475,0.7497231364250183,0.5813953280448914
YBR207W,YKL032C,0,-5.8875933,0.11420378088951111,0.7497231364250183,0.581506073474884
YOR032C,YLR025W,0,-5.887682,0.11418451368808746,0.7497231364250183,0.5816168189048767
YGL236C,YNL299W,0,-5.8878813,0.11416526138782501,0.7497231364250183,0.5817275643348694
YDR511W,YDR302W,0,-5.888228,0.11414600908756256,0.7497231364250183,0.5818383097648621
YJR090C,YLR141W,0,-5.888231,0.1141267716884613,0.7497231364250183,0.5819490551948547
YDR532C,YKL070W,0,-5.888239,0.11410753428936005,0.7497231364250183,0.5820598006248474
YDR379W,YLR277C,0,-5.8883715,0.11408830434083939,0.7497231364250183,0.5821705460548401
YOR180C,YER022W,0,-5.88842,0.11406908184289932,0.7497231364250183,0.5822812914848328
YAL007C,YFL033C,0,-5.888997,0.11404986679553986,0.7497231364250183,0.5823920369148254
YHR006W,YMR156C,0,-5.889036,0.11403065174818039,0.7497231364250183,0.5825027823448181
YLR079W,YJR102C,0,-5.889211,0.11401145160198212,0.7497231364250183,0.5826135277748108
YGR147C,YPL129W,1,-5.8899536,0.11416063457727432,0.7508305907249451,0.5826135277748108
YOR269W,YBR223C,0,-5.8900337,0.11414141207933426,0.7508305907249451,0.5827242732048035
YLR145W,YJL192C,0,-5.890194,0.11412220448255539,0.7508305907249451,0.5828350186347961
YOL020W,YNL263C,0,-5.890217,0.11410299688577652,0.7508305907249451,0.5829457640647888
YOR130C,YBR167C,0,-5.890379,0.11408379673957825,0.7508305907249451,0.5830564498901367
YBL098W,YLL056C,0,-5.890515,0.11406460404396057,0.7508305907249451,0.5831671953201294
YNL326C,YOL110W,1,-5.89052,0.11421362310647964,0.751937985420227,0.5831671953201294
YKL032C,YBR162C,0,-5.89056,0.11419441550970078,0.751937985420227,0.5832779407501221
YLR059C,YER169W,0,-5.890712,0.1141752153635025,0.751937985420227,0.5833886861801147
YIL023C,YIL029C,0,-5.8908167,0.11415601521730423,0.751937985420227,0.5834994316101074
YGR254W,YFL011W,0,-5.891021,0.11413682997226715,0.751937985420227,0.5836101770401001
YJL203W,YGR169C,0,-5.891032,0.11411764472723007,0.751937985420227,0.5837209224700928
YCL043C,YGL048C,0,-5.8912582,0.11409847438335419,0.751937985420227,0.5838316679000854
YCL001W,YNL160W,0,-5.8918023,0.1140793040394783,0.751937985420227,0.5839424133300781
YHR142W,YNL047C,0,-5.891963,0.11406014114618301,0.751937985420227,0.5840531587600708
YHR204W,YGL143C,0,-5.892087,0.11404097825288773,0.751937985420227,0.5841639041900635
YNL192W,YMR150C,0,-5.892162,0.11402183026075363,0.751937985420227,0.5842746496200562
YDL013W,YGL151W,0,-5.8922825,0.11400268971920013,0.751937985420227,0.5843853950500488
YKR095W,YHL006C,0,-5.89241,0.11398354917764664,0.751937985420227,0.5844961404800415
YIL040W,YDL036C,0,-5.892455,0.11396441608667374,0.751937985420227,0.5846068859100342
YLL019C,YGL255W,0,-5.892455,0.11394529044628143,0.751937985420227,0.5847176313400269
YDL225W,YLR183C,0,-5.8926134,0.11392617225646973,0.751937985420227,0.5848283767700195
YMR083W,YKL208W,0,-5.892624,0.11390706151723862,0.751937985420227,0.5849390625953674
YLR109W,YKL186C,0,-5.8926387,0.1138879582285881,0.751937985420227,0.5850498080253601
YKL208W,YDR065W,0,-5.8927636,0.11386885493993759,0.751937985420227,0.5851605534553528
YMR083W,YDR498C,0,-5.892932,0.11384976655244827,0.751937985420227,0.5852712988853455
YGR152C,YIL084C,0,-5.8931575,0.11383067816495895,0.751937985420227,0.5853820443153381
YOL064C,YOL104C,0,-5.8932304,0.11381159722805023,0.751937985420227,0.5854927897453308
YIL159W,YOR321W,0,-5.893274,0.1137925237417221,0.751937985420227,0.5856035351753235
YFL023W,YBR275C,0,-5.893367,0.11377345770597458,0.751937985420227,0.5857142806053162
YOL049W,YPR112C,0,-5.8933706,0.11375439912080765,0.751937985420227,0.5858250260353088
YMR204C,YNR052C,0,-5.893385,0.11373534053564072,0.751937985420227,0.5859357714653015
YIL044C,YLR134W,0,-5.8934107,0.11371629685163498,0.751937985420227,0.5860465168952942
YFL017W-A,YDR285W,0,-5.893467,0.11369725316762924,0.751937985420227,0.5861572623252869
YAL054C,YEL066W,1,-5.893569,0.11384563893079758,0.753045380115509,0.5861572623252869
YGL105W,YNL045W,0,-5.8938055,0.11382658034563065,0.753045380115509,0.5862680077552795
YDL197C,YOR274W,0,-5.8939214,0.11380752921104431,0.753045380115509,0.5863787531852722
YGR256W,YER111C,0,-5.8940067,0.11378848552703857,0.753045380115509,0.5864894986152649
YPL255W,YGL201C,0,-5.894014,0.11376944929361343,0.753045380115509,0.5866002440452576
YHR013C,YER015W,1,-5.8942146,0.11391770094633102,0.7541528344154358,0.5866002440452576
YDR062W,YOR243C,0,-5.894252,0.11389864236116409,0.7541528344154358,0.5867109894752502
YEL066W,YLL002W,1,-5.8943024,0.11404681950807571,0.7552602291107178,0.5867109894752502
YDR258C,YOR140W,0,-5.894351,0.11402775347232819,0.7552602291107178,0.5868217349052429
YGL003C,YOL031C,0,-5.894449,0.11400869488716125,0.7552602291107178,0.5869324207305908
YFL010W-A,YPL008W,0,-5.8946543,0.11398963630199432,0.7552602291107178,0.5870431661605835
YOR304W,YPL124W,0,-5.8947673,0.11397058516740799,0.7552602291107178,0.5871539115905762
YOR275C,YJR120W,0,-5.8948517,0.11395154893398285,0.7552602291107178,0.5872646570205688
YJR050W,YDR065W,0,-5.895046,0.11393251270055771,0.7552602291107178,0.5873754024505615
YML008C,YLR318W,0,-5.8950768,0.11391347646713257,0.7552602291107178,0.5874861478805542
YOL040C,YKR062W,0,-5.895112,0.11389445513486862,0.7552602291107178,0.5875968933105469
YDR256C,YCL075W,0,-5.8951273,0.11387544125318527,0.7552602291107178,0.5877076387405396
YGL190C,YAL022C,0,-5.895199,0.11385642737150192,0.7552602291107178,0.5878183841705322
YDR499W,YKR086W,0,-5.8952837,0.11383742094039917,0.7552602291107178,0.5879291296005249
YIR021W,YGL175C,0,-5.895401,0.11381842195987701,0.7552602291107178,0.5880398750305176
YOR180C,YDR288W,0,-5.89549,0.11379943042993546,0.7552602291107178,0.5881506204605103
YHR091C,YIR012W,0,-5.895515,0.1137804463505745,0.7552602291107178,0.5882613658905029
YFL011W-A,YNR038W,0,-5.8955555,0.11376146972179413,0.7552602291107178,0.5883721113204956
YDR263C,YGR268C,0,-5.896411,0.11374249309301376,0.7552602291107178,0.5884828567504883
YPL256C,YDR529C,0,-5.896508,0.11372353136539459,0.7552602291107178,0.588593602180481
YJR049C,YKL070W,0,-5.89668,0.11370456963777542,0.7552602291107178,0.5887043476104736
YLR304C,YER114C,0,-5.896703,0.11368561536073685,0.7552602291107178,0.5888150334358215
YNL016W,YGL207W,0,-5.896779,0.11366666853427887,0.7552602291107178,0.5889257788658142
YDR265W,YJL026W,0,-5.8967805,0.11364772170782089,0.7552602291107178,0.5890365242958069
YHR142W,YMR101C,0,-5.896858,0.11362878978252411,0.7552602291107178,0.5891472697257996
YJL146W,YHR005C-A,0,-5.896866,0.11360986530780792,0.7552602291107178,0.5892580151557922
YMR032W,YLR010C,0,-5.8969326,0.11359094083309174,0.7552602291107178,0.5893687605857849
YCL066W,YGL232W,0,-5.8969536,0.11357202380895615,0.7552602291107178,0.5894795060157776
YPL170W,YDR082W,0,-5.897001,0.11355311423540115,0.7552602291107178,0.5895902514457703
YCL043C,YOR329C,0,-5.897088,0.11353421211242676,0.7552602291107178,0.5897009968757629
YER159C,YOR001W,0,-5.8973684,0.11351530998945236,0.7552602291107178,0.5898117423057556
YLL002W,YPL129W,1,-5.8974895,0.11366283893585205,0.7563676834106445,0.5898117423057556
YGR217W,YHR059W,0,-5.8975825,0.11364392936229706,0.7563676834106445,0.5899224877357483
YEL016C,YPL096W,0,-5.8975945,0.11362501978874207,0.7563676834106445,0.590033233165741
YOR034C,YOL110W,1,-5.897743,0.113772451877594,0.7574750781059265,0.590033233165741
YBR272C,YGR081C,0,-5.8977604,0.1137535348534584,0.7574750781059265,0.5901439785957336
YNL253W,YJL141C,0,-5.897886,0.11373461782932281,0.7574750781059265,0.5902547240257263
YNL009W,YIL082W-A,0,-5.8979716,0.11371570825576782,0.7574750781059265,0.590365469455719
YGL247W,YLR214W,0,-5.898041,0.11369680613279343,0.7574750781059265,0.5904762148857117
YLL012W,YOR088W,0,-5.898101,0.11367791146039963,0.7574750781059265,0.5905869603157043
YDR488C,YBL005W-B,0,-5.8981905,0.11365902423858643,0.7574750781059265,0.5906976461410522
YOL133W,YNL290W,0,-5.8984146,0.11364013701677322,0.7574750781059265,0.5908083915710449
YPL224C,YBR256C,0,-5.898543,0.11362126469612122,0.7574750781059265,0.5909191370010376
YEL034W,YGR014W,0,-5.8986607,0.11360239237546921,0.7574750781059265,0.5910298824310303
YDL008W,YBR171W,0,-5.8988934,0.1135835275053978,0.7574750781059265,0.591140627861023
YCR048W,YJL198W,0,-5.8989224,0.11356467008590698,0.7574750781059265,0.5912513732910156
YOR320C,YDR017C,0,-5.898936,0.11354582011699677,0.7574750781059265,0.5913621187210083
YPL241C,YDR439W,0,-5.8990192,0.11352697014808655,0.7574750781059265,0.591472864151001
YGR060W,YLL021W,0,-5.899029,0.11350813508033752,0.7574750781059265,0.5915836095809937
YPL241C,YJL072C,0,-5.899131,0.1134893000125885,0.7574750781059265,0.5916943550109863
YJL170C,YOR046C,0,-5.8992114,0.11347047239542007,0.7574750781059265,0.591805100440979
YNL098C,YCR060W,0,-5.899295,0.11345165222883224,0.7574750781059265,0.5919158458709717
YNL153C,YBL003C,0,-5.8994074,0.11343283951282501,0.7574750781059265,0.5920265913009644
YJL124C,YPL097W,0,-5.899653,0.11341402679681778,0.7574750781059265,0.592137336730957
YBR121C,YOR322C,0,-5.8997345,0.11339522898197174,0.7574750781059265,0.5922480821609497
YPL121C,YDR432W,0,-5.8998146,0.1133764311671257,0.7574750781059265,0.5923588275909424
YGL066W,YOL148C,1,-5.8999443,0.11352336406707764,0.7585825324058533,0.5923588275909424
YPL093W,YDR057W,0,-5.9001946,0.113504558801651,0.7585825324058533,0.5924695730209351
YLR423C,YML005W,0,-5.900448,0.11348575353622437,0.7585825324058533,0.592580258846283
YNL118C,YEL003W,0,-5.9005947,0.11346695572137833,0.7585825324058533,0.5926910042762756
YFL013C,YIL068C,0,-5.900762,0.11344816535711288,0.7585825324058533,0.5928017497062683
YHR118C,YJL128C,0,-5.9007773,0.11342937499284744,0.7585825324058533,0.592912495136261
YCR012W,YCR081W,0,-5.9008365,0.1134105995297432,0.7585825324058533,0.5930232405662537
YIL002C,YNL103W,0,-5.9012294,0.11339182406663895,0.7585825324058533,0.5931339859962463
YML126C,YDR201W,0,-5.901274,0.1133730560541153,0.7585825324058533,0.593244731426239
YGR047C,YIL008W,0,-5.901374,0.11335429549217224,0.7585825324058533,0.5933554768562317
YNL123W,YNR026C,0,-5.901496,0.11333554238080978,0.7585825324058533,0.5934662222862244
YDL220C,YPL265W,0,-5.901497,0.11331678926944733,0.7585825324058533,0.593576967716217
YKL060C,YBR293W,0,-5.901626,0.11329805105924606,0.7585825324058533,0.5936877131462097
YGL256W,YER044C,0,-5.9017487,0.1132793128490448,0.7585825324058533,0.5937984585762024
YBR129C,YGR186W,0,-5.9017954,0.11326058208942413,0.7585825324058533,0.5939092040061951
YJR108W,YOR241W,0,-5.902029,0.11324185878038406,0.7585825324058533,0.5940199494361877
YCR088W,YDR268W,0,-5.9021053,0.11322314292192459,0.7585825324058533,0.5941306948661804
YMR042W,YER018C,0,-5.902222,0.11320442706346512,0.7585825324058533,0.5942414402961731
YJR118C,YER116C,0,-5.902272,0.11318572610616684,0.7585825324058533,0.5943521857261658
YDR123C,YKR059W,0,-5.902321,0.11316702514886856,0.7585825324058533,0.5944629311561584
YDR150W,YDL033C,0,-5.9027953,0.11314833164215088,0.7585825324058533,0.5945736169815063
YDL093W,YNL206C,0,-5.902809,0.1131296455860138,0.7585825324058533,0.594684362411499
YJL167W,YIL065C,0,-5.9028487,0.1131109669804573,0.7585825324058533,0.5947951078414917
YDR446W,YPL146C,0,-5.9029846,0.11309228837490082,0.7585825324058533,0.5949058532714844
YLR153C,YER015W,1,-5.90302,0.11323869228363037,0.7596899271011353,0.5949058532714844
YBR004C,YBR079C,0,-5.9034376,0.11322000622749329,0.7596899271011353,0.595016598701477
YFR019W,YBL080C,0,-5.9035735,0.1132013201713562,0.7596899271011353,0.5951273441314697
YPR083W,YCL008C,0,-5.9037027,0.11318264156579971,0.7596899271011353,0.5952380895614624
YIL013C,YIR022W,0,-5.9037366,0.11316397041082382,0.7596899271011353,0.5953488349914551
YJL170C,YHR014W,0,-5.9039364,0.11314530670642853,0.7596899271011353,0.5954595804214478
YNL318C,YOR181W,0,-5.903981,0.11312665045261383,0.7596899271011353,0.5955703258514404
YMR204C,YML059C,0,-5.9042835,0.11310799419879913,0.7596899271011353,0.5956810712814331
YPR005C,YDR251W,0,-5.9043365,0.11308935284614563,0.7596899271011353,0.5957918167114258
YPL001W,YMR069W,1,-5.9043612,0.11323553323745728,0.7607973217964172,0.5957918167114258
YOR210W,YMR272C,0,-5.904503,0.11321687698364258,0.7607973217964172,0.5959025621414185
YMR203W,YJL141C,0,-5.9046316,0.11319822072982788,0.7607973217964172,0.5960133075714111
YPL228W,YKL134C,0,-5.9048142,0.11317957192659378,0.7607973217964172,0.5961240530014038
YBR280C,YDL128W,0,-5.904872,0.11316093057394028,0.7607973217964172,0.5962347984313965
YOR144C,YEL017C-A,0,-5.9052167,0.11314228922128677,0.7607973217964172,0.5963455438613892
YPL138C,YOR297C,0,-5.9052362,0.11312366276979446,0.7607973217964172,0.5964562296867371
YMR069W,YOR064C,1,-5.9052873,0.11326967179775238,0.761904776096344,0.5964562296867371
YOR232W,YDR172W,0,-5.9054103,0.11325103044509888,0.761904776096344,0.5965669751167297
YER019W,YIL167W,0,-5.9054804,0.11323238909244537,0.761904776096344,0.5966777205467224
YNL151C,YNL263C,0,-5.9056134,0.11321375519037247,0.761904776096344,0.5967884659767151
YPR007C,YGL004C,0,-5.905735,0.11319512873888016,0.761904776096344,0.5968992114067078
YMR281W,YDR251W,0,-5.905761,0.11317650973796844,0.761904776096344,0.5970099568367004
YPL124W,YCR053W,0,-5.9058123,0.11315789818763733,0.761904776096344,0.5971207022666931
YFL014W,YMR044W,0,-5.906148,0.11313928663730621,0.761904776096344,0.5972314476966858
YLR370C,YPL026C,0,-5.906231,0.1131206825375557,0.761904776096344,0.5973421931266785
YKL040C,YPL192C,0,-5.906255,0.11310208588838577,0.761904776096344,0.5974529385566711
YDR081C,YDR013W,0,-5.9063697,0.11308349668979645,0.761904776096344,0.5975636839866638
YEL022W,YDL225W,0,-5.906378,0.11306491494178772,0.761904776096344,0.5976744294166565
YOL126C,YML105C,0,-5.9066114,0.11304633319377899,0.761904776096344,0.5977851748466492
YGR113W,YER019W,0,-5.9073906,0.11302776634693146,0.761904776096344,0.5978959202766418
YBL041W,YLR079W,0,-5.907504,0.11300919950008392,0.761904776096344,0.5980066657066345
YDL017W,YJL042W,0,-5.9075527,0.11299064010381699,0.761904776096344,0.5981174111366272
YLR117C,YPL203W,0,-5.907597,0.11297208815813065,0.761904776096344,0.5982281565666199
YIR010W,YKL058W,0,-5.9076657,0.1129535362124443,0.761904776096344,0.5983388423919678
YML113W,YML131W,0,-5.9077554,0.11293499916791916,0.761904776096344,0.5984495878219604
YGR239C,YDR481C,0,-5.907865,0.11291646212339401,0.761904776096344,0.5985603332519531
YJL115W,YCL010C,1,-5.9078946,0.11306203156709671,0.763012170791626,0.5985603332519531
YNL258C,YNL206C,0,-5.9080114,0.11304347962141037,0.763012170791626,0.5986710786819458
YOR250C,YDL117W,0,-5.908053,0.11302493512630463,0.763012170791626,0.5987818241119385
YBR170C,YGR296W,0,-5.9080796,0.11300639808177948,0.763012170791626,0.5988925695419312
YBR170C,YBR172C,0,-5.9081874,0.11298786848783493,0.763012170791626,0.5990033149719238
YOR373W,YOL001W,0,-5.9081874,0.11296933889389038,0.763012170791626,0.5991140604019165
YDR432W,YDL232W,0,-5.9082546,0.11295081675052643,0.763012170791626,0.5992248058319092
YJL125C,YOR313C,0,-5.908351,0.11293230950832367,0.763012170791626,0.5993355512619019
YOR267C,YGR063C,0,-5.908773,0.11291380226612091,0.763012170791626,0.5994462966918945
YDR479C,YIL123W,0,-5.9088526,0.11289529502391815,0.763012170791626,0.5995570421218872
YDR363W,YDR175C,0,-5.908935,0.11287680268287659,0.763012170791626,0.5996677875518799
YJL194W,YGR181W,0,-5.9089956,0.11285831034183502,0.763012170791626,0.5997785329818726
YHR073W,YNL007C,0,-5.90903,0.11283983290195465,0.763012170791626,0.5998892784118652
YKL011C,YFR052W,0,-5.909045,0.11282135546207428,0.763012170791626,0.6000000238418579
YNL268W,YOR148C,0,-5.909047,0.11280287802219391,0.763012170791626,0.6001107692718506
YDR276C,YHR014W,0,-5.9092035,0.11278441548347473,0.763012170791626,0.6002214550971985
YGL089C,YKL095W,0,-5.9092703,0.11276596039533615,0.763012170791626,0.6003322005271912
YPL059W,YMR149W,0,-5.9094296,0.11274750530719757,0.763012170791626,0.6004429459571838
YHR175W,YNL327W,0,-5.9100385,0.11272905766963959,0.763012170791626,0.6005536913871765
YLR153C,YMR236W,1,-5.9102206,0.11287420243024826,0.7641196250915527,0.6005536913871765
YDR425W,YHR152W,0,-5.9103775,0.11285573989152908,0.7641196250915527,0.6006644368171692
YOR026W,YBR030W,0,-5.9104013,0.1128372848033905,0.7641196250915527,0.6007751822471619
YLR186W,YCL019W,0,-5.910412,0.11281883716583252,0.7641196250915527,0.6008859276771545
YDR511W,YJR126C,0,-5.910425,0.11280038952827454,0.7641196250915527,0.6009966731071472
YJR092W,YPR133C,0,-5.9104557,0.11278195679187775,0.7641196250915527,0.6011074185371399
YBR211C,YKL190W,0,-5.9104557,0.11276352405548096,0.7641196250915527,0.6012181639671326
YNL159C,YPR135W,0,-5.9107146,0.11274509876966476,0.7641196250915527,0.6013289093971252
YNR008W,YIL008W,0,-5.9108357,0.11272668093442917,0.7641196250915527,0.6014396548271179
YLR109W,YOL031C,0,-5.9109316,0.11270826309919357,0.7641196250915527,0.6015504002571106
YEL018W,YDR293C,0,-5.911004,0.11268986016511917,0.7641196250915527,0.6016611456871033
YOL034W,YBR127C,0,-5.9110575,0.11267145723104477,0.7641196250915527,0.601771891117096
YKR089C,YPR078C,0,-5.9111166,0.11265306174755096,0.7641196250915527,0.6018826365470886
YOR030W,YIR004W,0,-5.9113436,0.11263467371463776,0.7641196250915527,0.6019933819770813
YNL327W,YDR478W,0,-5.911354,0.11261628568172455,0.7641196250915527,0.6021040678024292
YDR214W,YMR035W,0,-5.911475,0.11259791254997253,0.7641196250915527,0.6022148132324219
YPR002W,YNR047W,0,-5.911524,0.11257953941822052,0.7641196250915527,0.6023255586624146
YPR072W,YIL022W,0,-5.9117064,0.1125611737370491,0.7641196250915527,0.6024363040924072
YGR097W,YPR121W,0,-5.911764,0.11254281550645828,0.7641196250915527,0.6025470495223999
YMR204C,YHR084W,0,-5.911946,0.11252446472644806,0.7641196250915527,0.6026577949523926
YFL056C,YMR280C,0,-5.912079,0.11250611394643784,0.7641196250915527,0.6027685403823853
YHR053C,YKR019C,0,-5.912628,0.11248777061700821,0.7641196250915527,0.6028792858123779
YDR448W,YFL024C,1,-5.9127426,0.11263243854045868,0.7652270197868347,0.6028792858123779
YIL167W,YOL091W,0,-5.9131274,0.11261408030986786,0.7652270197868347,0.6029900312423706
YLR085C,YER111C,0,-5.913491,0.11259572952985764,0.7652270197868347,0.6031007766723633
YLR423C,YKL101W,0,-5.913652,0.11257738620042801,0.7652270197868347,0.603211522102356
YMR188C,YBR294W,0,-5.9136753,0.11255905032157898,0.7652270197868347,0.6033222675323486
YBR136W,YGR222W,0,-5.9142346,0.11254071444272995,0.7652270197868347,0.6034330129623413
YJR089W,YMR319C,0,-5.9143934,0.11252239346504211,0.7652270197868347,0.603543758392334
YLR138W,YJL011C,0,-5.914628,0.11250407248735428,0.7652270197868347,0.6036545038223267
YLR192C,YIL123W,0,-5.9147673,0.11248575896024704,0.7652270197868347,0.6037652492523193
YJL164C,YOR287C,0,-5.9147844,0.1124674454331398,0.7652270197868347,0.603875994682312
YGR267C,YHR214C-B,0,-5.914906,0.11244914680719376,0.7652270197868347,0.6039867401123047
YPR200C,YEL030W,0,-5.9149375,0.11243084818124771,0.7652270197868347,0.6040974259376526
YBR065C,YIL042C,0,-5.914989,0.11241255700588226,0.7652270197868347,0.6042081713676453
YMR073C,YJR097W,0,-5.915089,0.11239427328109741,0.7652270197868347,0.6043189167976379
YDR191W,YPL146C,0,-5.9154024,0.11237599700689316,0.7652270197868347,0.6044296622276306
YOR026W,YKL154W,0,-5.9154253,0.1123577207326889,0.7652270197868347,0.6045404076576233
YLR195C,YCL010C,1,-5.915427,0.11250203102827072,0.7663344144821167,0.6045404076576233
YJL168C,YDR297W,0,-5.9157085,0.11248374730348587,0.7663344144821167,0.604651153087616
YPR162C,YDR388W,0,-5.916097,0.11246546357870102,0.7663344144821167,0.6047618985176086
YPL241C,YJR103W,0,-5.9161015,0.11244718730449677,0.7663344144821167,0.6048726439476013
YKL021C,YMR214W,0,-5.916213,0.11242891848087311,0.7663344144821167,0.604983389377594
YMR042W,YDR407C,0,-5.9164324,0.11241065710783005,0.7663344144821167,0.6050941348075867
YPR083W,YMR101C,0,-5.9164534,0.11239239573478699,0.7663344144821167,0.6052048802375793
YOL148C,YGR002C,1,-5.9164543,0.11253653466701508,0.7674418687820435,0.6052048802375793
YHR107C,YNL072W,0,-5.9167624,0.11251826584339142,0.7674418687820435,0.605315625667572
YML012W,YOL147C,0,-5.916864,0.11249999701976776,0.7674418687820435,0.6054263710975647
YPL202C,YMR285C,0,-5.9168773,0.1124817430973053,0.7674418687820435,0.6055371165275574
YBR049C,YPL124W,0,-5.916887,0.11246348917484283,0.7674418687820435,0.60564786195755
YEL071W,YNL084C,0,-5.9172196,0.11244523525238037,0.7674418687820435,0.6057586073875427
YLR116W,YML064C,0,-5.917328,0.1124269962310791,0.7674418687820435,0.6058693528175354
YBR210W,YOR319W,0,-5.917631,0.11240875720977783,0.7674418687820435,0.6059800386428833
YDL208W,YCL063W,0,-5.9176426,0.11239052563905716,0.7674418687820435,0.606090784072876
YLR033W,YIR026C,0,-5.9178076,0.11237230151891708,0.7674418687820435,0.6062015295028687
YDR231C,YNL072W,0,-5.9178314,0.1123540848493576,0.7674418687820435,0.6063122749328613
YDR141C,YJL052W,0,-5.9180384,0.11233587563037872,0.7674418687820435,0.606423020362854
YJL178C,YPR065W,0,-5.9184413,0.11231766641139984,0.7674418687820435,0.6065337657928467
YCL051W,YLR086W,0,-5.918522,0.11229946464300156,0.7674418687820435,0.6066445112228394
YDR188W,YLL061W,0,-5.9185877,0.11228127032518387,0.7674418687820435,0.606755256652832
YAL054C,YNL326C,1,-5.9185925,0.1124250739812851,0.7685492634773254,0.606755256652832
YDR205W,YNL061W,0,-5.9187593,0.11240686476230621,0.7685492634773254,0.6068660020828247
YNL037C,YLR034C,0,-5.918769,0.11238866299390793,0.7685492634773254,0.6069767475128174
YOL049W,YIL129C,0,-5.918821,0.11237046867609024,0.7685492634773254,0.6070874929428101
YGL200C,YJR022W,0,-5.918891,0.11235227435827255,0.7685492634773254,0.6071982383728027
YML012W,YGL195W,0,-5.9189677,0.11233408749103546,0.7685492634773254,0.6073089838027954
YNL118C,YPL208W,0,-5.9189825,0.11231590807437897,0.7685492634773254,0.6074197292327881
YHR102W,YCR081W,0,-5.9190164,0.11229773610830307,0.7685492634773254,0.6075304746627808
YAL053W,YDL077C,0,-5.9190545,0.11227956414222717,0.7685492634773254,0.6076412200927734
YKL176C,YMR263W,0,-5.919177,0.11226140707731247,0.7685492634773254,0.6077519655227661
YKR002W,YBR295W,0,-5.9192686,0.11224325001239777,0.7685492634773254,0.607862651348114
YNL078W,YHR041C,0,-5.9192963,0.11222510039806366,0.7685492634773254,0.6079733967781067
YDR288W,YOL102C,0,-5.9193916,0.11220695078372955,0.7685492634773254,0.6080841422080994
YOR362C,YCR042C,0,-5.919437,0.11218881607055664,0.7685492634773254,0.608194887638092
YDR288W,YOR321W,0,-5.9194765,0.11217068135738373,0.7685492634773254,0.6083056330680847
YFR019W,YNL318C,0,-5.919601,0.11215255409479141,0.7685492634773254,0.6084163784980774
YCL001W,YMR087W,0,-5.919648,0.1121344342827797,0.7685492634773254,0.6085271239280701
YLR277C,YPL144W,0,-5.9197206,0.11211631447076797,0.7685492634773254,0.6086378693580627
YLR397C,YMR198W,0,-5.919731,0.11209820955991745,0.7685492634773254,0.6087486147880554
YMR139W,YDR443C,0,-5.919851,0.11208010464906693,0.7685492634773254,0.6088593602180481
YKL005C,YDL181W,0,-5.919882,0.112062007188797,0.7685492634773254,0.6089701056480408
YHR011W,YLR435W,0,-5.9199276,0.11204391717910767,0.7685492634773254,0.6090808510780334
YAR033W,YHR079C-A,0,-5.919963,0.11202582716941833,0.7685492634773254,0.6091915965080261
YDR485C,YDR018C,0,-5.9199867,0.1120077446103096,0.7685492634773254,0.6093023419380188
YDR236C,YOR148C,0,-5.9200025,0.11198966950178146,0.7685492634773254,0.6094130873680115
YDL192W,YFL036W,0,-5.920024,0.11197160184383392,0.7685492634773254,0.6095238327980042
YJR082C,YMR246W,1,-5.920108,0.11211485415697098,0.7696567177772522,0.6095238327980042
YER028C,YPL097W,0,-5.920215,0.11209677159786224,0.7696567177772522,0.6096345782279968
YBL013W,YJR074W,0,-5.9205065,0.1120786964893341,0.7696567177772522,0.6097452640533447
YDR236C,YNR023W,0,-5.9205837,0.11206062883138657,0.7696567177772522,0.6098560094833374
YLR284C,YNR017W,0,-5.9206443,0.11204256117343903,0.7696567177772522,0.6099667549133301
YLR459W,YDR165W,0,-5.9208674,0.11202450096607208,0.7696567177772522,0.6100775003433228
YJL183W,YDR243C,0,-5.920908,0.11200644820928574,0.7696567177772522,0.6101882457733154
YBR006W,YNL213C,0,-5.921232,0.11198839545249939,0.7696567177772522,0.6102989912033081
YBR085W,YIL037C,0,-5.9212437,0.11197035759687424,0.7696567177772522,0.6104097366333008
YDL085W,YGR095C,0,-5.9215603,0.11195231974124908,0.7696567177772522,0.6105204820632935
YHR114W,YGR040W,0,-5.921563,0.11193428933620453,0.7696567177772522,0.6106312274932861
YBL023C,YJR027W,0,-5.9215937,0.11191626638174057,0.7696567177772522,0.6107419729232788
YNL286W,YML005W,0,-5.9216127,0.11189824342727661,0.7696567177772522,0.6108527183532715
YBR131W,YGR091W,0,-5.921665,0.11188023537397385,0.7696567177772522,0.6109634637832642
YIL009W,YOL110W,1,-5.921726,0.11202317476272583,0.7707641124725342,0.6109634637832642
YKR007W,YPL159C,0,-5.9223547,0.11200515180826187,0.7707641124725342,0.6110742092132568
YDR106W,YNL334C,0,-5.9223967,0.11198712885379791,0.7707641124725342,0.6111849546432495
YDR273W,YLR135W,0,-5.9224806,0.11196911334991455,0.7707641124725342,0.6112957000732422
YBR023C,YER018C,0,-5.9224977,0.11195110529661179,0.7707641124725342,0.6114064455032349
YPL269W,YGR258C,0,-5.9227057,0.11193309724330902,0.7707641124725342,0.6115171909332275
YML099C,YDL198C,0,-5.9227247,0.11191509664058685,0.7707641124725342,0.6116279363632202
YGL127C,YER031C,0,-5.9228306,0.11189710348844528,0.7707641124725342,0.6117386221885681
YNL327W,YOR287C,0,-5.9228334,0.11187911778688431,0.7707641124725342,0.6118493676185608
YPL224C,YIR021W,0,-5.9228897,0.11186113953590393,0.7707641124725342,0.6119601130485535
YMR038C,YNL068C,0,-5.923094,0.11184316128492355,0.7707641124725342,0.6120708584785461
YOR034C,YDL040C,1,-5.923105,0.11198586225509644,0.7718715667724609,0.6120708584785461
YKL192C,YPR008W,0,-5.9231176,0.11196786910295486,0.7718715667724609,0.6121816039085388
YHR072W,YLR264W,0,-5.92323,0.11194989085197449,0.7718715667724609,0.6122923493385315
YOL122C,YFL037W,0,-5.923518,0.11193191260099411,0.7718715667724609,0.6124030947685242
YNR067C,YDL093W,0,-5.923548,0.11191393435001373,0.7718715667724609,0.6125138401985168
YLR044C,YFR031C,0,-5.923602,0.11189597100019455,0.7718715667724609,0.6126245856285095
YLR157C,YDL149W,0,-5.923713,0.11187800765037537,0.7718715667724609,0.6127353310585022
YFR055W,YDR388W,0,-5.9237494,0.11186005175113678,0.7718715667724609,0.6128460764884949
YPL059W,YDR166C,0,-5.9238553,0.11184210330247879,0.7718715667724609,0.6129568219184875
YNL074C,YPR078C,0,-5.923939,0.1118241623044014,0.7718715667724609,0.6130675673484802
YBR026C,YOR159C,0,-5.9241095,0.111806221306324,0.7718715667724609,0.6131783127784729
YIL118W,YER151C,0,-5.924116,0.1117882952094078,0.7718715667724609,0.6132890582084656
YLL060C,YLR139C,0,-5.9241834,0.11177036911249161,0.7718715667724609,0.6133998036384583
YNL214W,YAL032C,0,-5.9243345,0.11175244301557541,0.7718715667724609,0.6135105490684509
YLL060C,YJL092W,0,-5.9243364,0.1117345318198204,0.7718715667724609,0.6136212348937988
YLR153C,YDL040C,1,-5.924565,0.11187690496444702,0.7729789614677429,0.6136212348937988
YMR319C,YGL207W,0,-5.9247866,0.11185897141695023,0.7729789614677429,0.6137319803237915
YHR021C,YHR138C,0,-5.9251866,0.11184105277061462,0.7729789614677429,0.6138427257537842
YHR001W-A,YHR161C,0,-5.9252777,0.11182313412427902,0.7729789614677429,0.6139534711837769
YGR041W,YHR160C,0,-5.925434,0.11180522292852402,0.7729789614677429,0.6140642166137695
YNL153C,YBR279W,0,-5.9256124,0.11178731918334961,0.7729789614677429,0.6141749620437622
YLR256W,YOR301W,0,-5.9256845,0.1117694154381752,0.7729789614677429,0.6142857074737549
YPL075W,YGR296W,0,-5.9257283,0.11175151914358139,0.7729789614677429,0.6143964529037476
YDR456W,YML015C,0,-5.925824,0.11173363029956818,0.7729789614677429,0.6145071983337402
YGR275W,YDL130W-A,0,-5.9258804,0.11171574890613556,0.7729789614677429,0.6146179437637329
YBL093C,YOL102C,0,-5.925931,0.11169787496328354,0.7729789614677429,0.6147286891937256
YLR056W,YKL017C,0,-5.9260416,0.11168000102043152,0.7729789614677429,0.6148394346237183
YDL036C,YAL030W,0,-5.926232,0.1116621345281601,0.7729789614677429,0.6149501800537109
YJL048C,YOR083W,0,-5.926305,0.11164427548646927,0.7729789614677429,0.6150609254837036
YNL030W,YJL210W,0,-5.926332,0.11162641644477844,0.7729789614677429,0.6151716709136963
YOL016C,YJL076W,0,-5.9266267,0.11160857230424881,0.7729789614677429,0.615282416343689
YJL115W,YPR023C,1,-5.92686,0.11175060272216797,0.7740863561630249,0.615282416343689
YKR097W,YFL033C,0,-5.927294,0.11173273622989655,0.7740863561630249,0.6153931617736816
YMR089C,YGR285C,0,-5.927458,0.11171487718820572,0.7740863561630249,0.6155038475990295
YHR150W,YJL069C,0,-5.927719,0.11169702559709549,0.7740863561630249,0.6156145930290222
YLR109W,YDL036C,0,-5.9277196,0.11167918145656586,0.7740863561630249,0.6157253384590149
YNR059W,YAL051W,0,-5.927809,0.11166134476661682,0.7740863561630249,0.6158360838890076
YKL182W,YKL043W,0,-5.9279013,0.11164350807666779,0.7740863561630249,0.6159468293190002
YBL069W,YMR211W,0,-5.9280386,0.11162567883729935,0.7740863561630249,0.6160575747489929
YNL220W,YNL210W,0,-5.9280424,0.1116078570485115,0.7740863561630249,0.6161683201789856
YMR305C,YBR105C,0,-5.928257,0.11159003525972366,0.7740863561630249,0.6162790656089783
YDL090C,YPL157W,0,-5.9283,0.11157222837209702,0.7740863561630249,0.616389811038971
YMR156C,YML131W,0,-5.928408,0.11155442148447037,0.7740863561630249,0.6165005564689636
YPL059W,YML107C,0,-5.928557,0.11153662204742432,0.7740863561630249,0.6166113018989563
YFL034C-B,YJL087C,0,-5.928581,0.11151882261037827,0.7740863561630249,0.616722047328949
YER054C,YGL144C,0,-5.9285936,0.11150103807449341,0.7740863561630249,0.6168327927589417
YLR260W,YMR134W,0,-5.928822,0.11148325353860855,0.7740863561630249,0.6169435381889343
YDL030W,YDL064W,0,-5.929102,0.11146547645330429,0.7740863561630249,0.617054283618927
YCL051W,YGR007W,0,-5.9292555,0.11144770681858063,0.7740863561630249,0.6171650290489197
YKL191W,YBR162C,0,-5.929282,0.11142993718385696,0.7740863561630249,0.6172757744789124
YIL009W,YEL066W,1,-5.9293413,0.11157156527042389,0.7751938104629517,0.6172757744789124
YIL155C,YER148W,0,-5.929455,0.11155378818511963,0.7751938104629517,0.6173864603042603
YPR029C,YLR147C,0,-5.9295063,0.11153601109981537,0.7751938104629517,0.6174972057342529
YAL040C,YNL334C,0,-5.9296007,0.1115182414650917,0.7751938104629517,0.6176079511642456
YPR020W,YJL047C,0,-5.929611,0.11150047928094864,0.7751938104629517,0.6177186965942383
YNL331C,YBL063W,0,-5.930027,0.11148271709680557,0.7751938104629517,0.617829442024231
YNL192W,YDL014W,0,-5.930313,0.1114649698138237,0.7751938104629517,0.6179401874542236
YHR160C,YBL022C,0,-5.9303274,0.11144722253084183,0.7751938104629517,0.6180509328842163
YLR316C,YKR062W,0,-5.9303904,0.11142948269844055,0.7751938104629517,0.618161678314209
YDR170C,YKL178C,0,-5.930503,0.11141174286603928,0.7751938104629517,0.6182724237442017
YDL101C,YDR036C,0,-5.930688,0.1113940179347992,0.7751938104629517,0.6183831691741943
YMR301C,YBR029C,0,-5.9307694,0.11137629300355911,0.7751938104629517,0.618493914604187
YPR199C,YOR355W,0,-5.9307942,0.11135857552289963,0.7751938104629517,0.6186046600341797
YLR014C,YBR254C,0,-5.931024,0.11134086549282074,0.7751938104629517,0.6187154054641724
YOL110W,YBR081C,1,-5.931056,0.11148218810558319,0.7763012051582336,0.6187154054641724
YGL063W,YLR084C,0,-5.9311085,0.11146446317434311,0.7763012051582336,0.618826150894165
YNL166C,YBL025W,0,-5.931183,0.11144673824310303,0.7763012051582336,0.6189368963241577
YBL022C,YGR123C,0,-5.9312487,0.11142902821302414,0.7763012051582336,0.6190476417541504
YML012W,YOL020W,0,-5.9314823,0.11141131818294525,0.7763012051582336,0.6191583871841431
YLL061W,YNL310C,0,-5.931554,0.11139361560344696,0.7763012051582336,0.6192691326141357
YML126C,YDL120W,0,-5.931715,0.11137591302394867,0.7763012051582336,0.6193798184394836
YIL160C,YML047C,0,-5.9319115,0.11135821789503098,0.7763012051582336,0.6194905638694763
YNR027W,YPR081C,0,-5.9319735,0.11134053021669388,0.7763012051582336,0.619601309299469
YMR305C,YDR341C,0,-5.932026,0.11132284998893738,0.7763012051582336,0.6197120547294617
YHR191C,YAR008W,0,-5.932027,0.11130517721176147,0.7763012051582336,0.6198228001594543
YPR023C,YEL056W,1,-5.9323215,0.11144626140594482,0.7774086594581604,0.6198228001594543
YBR133C,YMR070W,0,-5.9324584,0.11142857372760773,0.7774086594581604,0.619933545589447
YDL087C,YGL151W,0,-5.9331436,0.11141088604927063,0.7774086594581604,0.6200442910194397
YDL004W,YGR270W,0,-5.9331903,0.11139320582151413,0.7774086594581604,0.6201550364494324
YHR013C,YNL136W,1,-5.9332123,0.11153419315814972,0.7785160541534424,0.6201550364494324
YGR147C,YDR459C,1,-5.9333196,0.11167512834072113,0.7796234488487244,0.6201550364494324
YDR254W,YHR082C,0,-5.933386,0.11165741831064224,0.7796234488487244,0.620265781879425
YPR082C,YFR019W,0,-5.9334087,0.11163970828056335,0.7796234488487244,0.6203765273094177
YOL165C,YDL161W,0,-5.933423,0.11162200570106506,0.7796234488487244,0.6204872727394104
YCR093W,YAR010C,0,-5.93345,0.11160431057214737,0.7796234488487244,0.6205980181694031
YPL001W,YDL040C,1,-5.933773,0.11174512654542923,0.7807309031486511,0.6205980181694031
YHR050W,YMR313C,0,-5.9339437,0.11172741651535034,0.7807309031486511,0.6207087635993958
YFL024C,YCL010C,1,-5.934102,0.11186816543340683,0.7818382978439331,0.6207087635993958
YBR110W,YCL019W,0,-5.934152,0.11185044050216675,0.7818382978439331,0.6208195090293884
YBR085W,YCL032W,0,-5.934161,0.11183272302150726,0.7818382978439331,0.6209302544593811
YIL124W,YOR127W,0,-5.934222,0.11181501299142838,0.7818382978439331,0.6210409998893738
YBR286W,YDL194W,0,-5.9342356,0.11179731041193008,0.7818382978439331,0.6211517453193665
YER183C,YMR182C,0,-5.934393,0.1117796078324318,0.7818382978439331,0.6212624311447144
YLR153C,YDR448W,1,-5.934621,0.11192021518945694,0.7829457521438599,0.6212624311447144
YJR022W,YDR388W,0,-5.9347034,0.11190249770879745,0.7829457521438599,0.621373176574707
YBR158W,YKL004W,0,-5.934761,0.11188479512929916,0.7829457521438599,0.6214839220046997
YMR287C,YMR142C,0,-5.934869,0.11186708509922028,0.7829457521438599,0.6215946674346924
YGL236C,YGL169W,0,-5.934886,0.11184938997030258,0.7829457521438599,0.6217054128646851
YOR267C,YDL195W,0,-5.9350567,0.11183170229196548,0.7829457521438599,0.6218161582946777
YOR233W,YGL232W,0,-5.935257,0.11181401461362839,0.7829457521438599,0.6219269037246704
YEL066W,YDR459C,1,-5.93538,0.1119544580578804,0.7840531468391418,0.6219269037246704
YKL182W,YDR200C,0,-5.935634,0.11193675547838211,0.7840531468391418,0.6220376491546631
YDL216C,YPL258C,0,-5.9356465,0.11191906780004501,0.7840531468391418,0.6221483945846558
YOR371C,YCR066W,0,-5.935754,0.11190137267112732,0.7840531468391418,0.6222591400146484
YLL002W,YDR167W,1,-5.9358563,0.11204171925783157,0.7851606011390686,0.6222591400146484
YMR052W,YER001W,0,-5.935963,0.11202401667833328,0.7851606011390686,0.6223698854446411
YER044C,YLR016C,0,-5.9360375,0.11200632154941559,0.7851606011390686,0.6224806308746338
YDR263C,YLL043W,0,-5.9362006,0.1119886264204979,0.7851606011390686,0.6225913763046265
YLL042C,YGR192C,0,-5.9362135,0.1119709387421608,0.7851606011390686,0.6227021217346191
YGR132C,YOR119C,0,-5.936344,0.1119532585144043,0.7851606011390686,0.6228128671646118
YFR048W,YER022W,0,-5.9363823,0.1119355857372284,0.7851606011390686,0.6229236125946045
YLR051C,YBR159W,0,-5.936499,0.11191791296005249,0.7851606011390686,0.6230343580245972
YFL039C,YLL002W,1,-5.9365215,0.11205808073282242,0.7862679958343506,0.6230343580245972
YGL190C,YHR048W,0,-5.936795,0.11204040050506592,0.7862679958343506,0.6231450438499451
YDR077W,YDR131C,0,-5.9368744,0.11202272027730942,0.7862679958343506,0.6232557892799377
YNL166C,YDR285W,0,-5.9368763,0.11200504750013351,0.7862679958343506,0.6233665347099304
YHR143W-A,YML097C,0,-5.9369583,0.11198738217353821,0.7862679958343506,0.6234772801399231
YOL061W,YKR062W,0,-5.9372196,0.1119697242975235,0.7862679958343506,0.6235880255699158
YOR036W,YGR275W,0,-5.9374866,0.11195206642150879,0.7862679958343506,0.6236987709999084
YOR304W,YLR069C,0,-5.9376307,0.11193441599607468,0.7862679958343506,0.6238095164299011
YKR055W,YHR012W,0,-5.9377246,0.11191677302122116,0.7862679958343506,0.6239202618598938
YMR029C,YOL069W,0,-5.9378505,0.11189913004636765,0.7862679958343506,0.6240310072898865
YDR200C,YLR298C,0,-5.9379835,0.11188150197267532,0.7862679958343506,0.6241417527198792
YIL124W,YIL131C,0,-5.93811,0.111863873898983,0.7862679958343506,0.6242524981498718
YNR067C,YDR036C,0,-5.938346,0.11184625327587128,0.7862679958343506,0.6243632435798645
YML034W,YNR064C,0,-5.9383593,0.11182863265275955,0.7862679958343506,0.6244739890098572
YIL142W,YML049C,0,-5.9384513,0.11181102693080902,0.7862679958343506,0.6245847344398499
YMR312W,YJL102W,0,-5.93854,0.11179342120885849,0.7862679958343506,0.6246954798698425
YNL068C,YCL019W,0,-5.9386425,0.11177581548690796,0.7862679958343506,0.6248062252998352
YNL270C,YKL005C,0,-5.9389973,0.11175822466611862,0.7862679958343506,0.6249169707298279
YNR019W,YDR404C,0,-5.939082,0.11174063384532928,0.7862679958343506,0.6250276565551758
YPL221W,YKR038C,0,-5.9390945,0.11172305047512054,0.7862679958343506,0.6251384019851685
YBR272C,YGL039W,0,-5.9391103,0.1117054745554924,0.7862679958343506,0.6252491474151611
YNL094W,YPL149W,0,-5.93918,0.11168790608644485,0.7862679958343506,0.6253598928451538
YGR227W,YNL129W,0,-5.9392576,0.11167033761739731,0.7862679958343506,0.6254706382751465
YNL101W,YER138C,0,-5.939269,0.11165277659893036,0.7862679958343506,0.6255813837051392
YGL223C,YDR141C,0,-5.9394007,0.111635223031044,0.7862679958343506,0.6256921291351318
YDL244W,YEL057C,0,-5.9394126,0.11161766946315765,0.7862679958343506,0.6258028745651245
YFL039C,YPL001W,1,-5.9396896,0.1117573082447052,0.7873753905296326,0.6258028745651245
YPL270W,YDR489W,0,-5.940055,0.11173974722623825,0.7873753905296326,0.6259136199951172
YOR078W,YNL053W,0,-5.9402437,0.1117221862077713,0.7873753905296326,0.6260243654251099
YMR055C,YOL151W,0,-5.940255,0.11170463263988495,0.7873753905296326,0.6261351108551025
YDL160C,YIL065C,0,-5.9403815,0.1116870865225792,0.7873753905296326,0.6262458562850952
YDR489W,YKL166C,0,-5.940492,0.11166954785585403,0.7873753905296326,0.6263566017150879
YJR057W,YHR067W,0,-5.9406333,0.11165200918912888,0.7873753905296326,0.6264673471450806
YBL045C,YDL140C,0,-5.9406376,0.11163447797298431,0.7873753905296326,0.6265780925750732
YGR041W,YCL020W,0,-5.94065,0.11161695420742035,0.7873753905296326,0.6266888380050659
YLR147C,YGR059W,0,-5.9406576,0.11159943789243698,0.7873753905296326,0.6267995834350586
YML080W,YGR213C,0,-5.940798,0.11158192157745361,0.7873753905296326,0.6269102692604065
YMR246W,YGR147C,1,-5.940837,0.11172132194042206,0.7884828448295593,0.6269102692604065
YIL073C,YHL009C,0,-5.9409685,0.1117037981748581,0.7884828448295593,0.6270210146903992
YGR244C,YDR318W,0,-5.941641,0.11168627440929413,0.7884828448295593,0.6271317601203918
YNL112W,YGR116W,0,-5.9417295,0.11166875809431076,0.7884828448295593,0.6272425055503845
YDR240C,YPL087W,0,-5.9417863,0.11165124922990799,0.7884828448295593,0.6273532509803772
YPR033C,YDR235W,0,-5.9417934,0.11163374036550522,0.7884828448295593,0.6274639964103699
YOL144W,YOL044W,0,-5.941843,0.11161623895168304,0.7884828448295593,0.6275747418403625
YDR489W,YNL025C,0,-5.941865,0.11159874498844147,0.7884828448295593,0.6276854872703552
YJR119C,YPL190C,0,-5.9419727,0.11158125847578049,0.7884828448295593,0.6277962327003479
YFR028C,YKR052C,0,-5.9420614,0.1115637719631195,0.7884828448295593,0.6279069781303406
YKL008C,YJR042W,0,-5.94226,0.11154629290103912,0.7884828448295593,0.6280177235603333
YDR386W,YOL144W,0,-5.942326,0.11152882128953934,0.7884828448295593,0.6281284689903259
YML107C,YDL138W,0,-5.9427576,0.11151135712862015,0.7884828448295593,0.6282392144203186
YKR090W,YOL102C,0,-5.942878,0.11149389296770096,0.7884828448295593,0.6283499598503113
YDL220C,YER065C,0,-5.942916,0.11147643625736237,0.7884828448295593,0.628460705280304
YEL030W,YCL055W,0,-5.942947,0.11145898699760437,0.7884828448295593,0.6285714507102966
YER015W,YHR099W,1,-5.9433775,0.11159805953502655,0.7895902395248413,0.6285714507102966
YCL055W,YHR163W,0,-5.943573,0.11158059537410736,0.7895902395248413,0.6286821961402893
YER114C,YBR179C,0,-5.943873,0.11156313866376877,0.7895902395248413,0.628792941570282
YNL278W,YDR341C,0,-5.9440327,0.11154568195343018,0.7895902395248413,0.6289036273956299
YPR081C,YDR265W,0,-5.944046,0.11152823269367218,0.7895902395248413,0.6290143728256226
YOR061W,YPR017C,0,-5.9440513,0.11151079088449478,0.7895902395248413,0.6291251182556152
YJL115W,YBR198C,1,-5.944129,0.11164972931146622,0.7906976938247681,0.6291251182556152
YPL011C,YLR435W,0,-5.9445777,0.11163227260112762,0.7906976938247681,0.6292358636856079
YLR098C,YGR123C,0,-5.944599,0.11161481589078903,0.7906976938247681,0.6293466091156006
YCR038C,YGL090W,0,-5.944662,0.11159737408161163,0.7906976938247681,0.6294573545455933
YNL286W,YOR245C,0,-5.9448776,0.11157993227243423,0.7906976938247681,0.6295680999755859
YHR082C,YLR025W,0,-5.9449186,0.11156249791383743,0.7906976938247681,0.6296788454055786
YHR175W,YPR065W,0,-5.94499,0.11154507100582123,0.7906976938247681,0.6297895908355713
YAL012W,YER179W,0,-5.9453297,0.11152764409780502,0.7906976938247681,0.629900336265564
YAL012W,YIL038C,0,-5.9455442,0.11151023209095001,0.7906976938247681,0.6300110816955566
YDL137W,YDR409W,0,-5.9455857,0.111492820084095,0.7906976938247681,0.6301218271255493
YGR028W,YCL032W,0,-5.945641,0.11147540807723999,0.7906976938247681,0.630232572555542
YMR264W,YGR186W,0,-5.9458985,0.11145801097154617,0.7906976938247681,0.6303433179855347
YIR022W,YPL237W,0,-5.9459496,0.11144061386585236,0.7906976938247681,0.6304540634155273
YBR296C,YBR079C,0,-5.9459844,0.11142322421073914,0.7906976938247681,0.63056480884552
YFL039C,YDR126W,1,-5.94618,0.1115618646144867,0.79180508852005,0.63056480884552
YJL072C,YGR270W,0,-5.946216,0.11154446005821228,0.79180508852005,0.6306755542755127
YLR155C,YPR083W,0,-5.9465065,0.11152706295251846,0.79180508852005,0.6307862401008606
YBR112C,YBR030W,0,-5.946562,0.11150966584682465,0.79180508852005,0.6308969855308533
YGR276C,YNL079C,0,-5.9467554,0.11149228364229202,0.79180508852005,0.631007730960846
YDR171W,YDR205W,0,-5.9468727,0.1114749014377594,0.79180508852005,0.6311184763908386
YNR008W,YML061C,0,-5.947158,0.11145751923322678,0.79180508852005,0.6312292218208313
YJL164C,YIL017W,0,-5.9472194,0.11144015192985535,0.79180508852005,0.631339967250824
YPR199C,YDL098C,0,-5.9472394,0.11142278462648392,0.79180508852005,0.6314507126808167
YGL012W,YLR442C,0,-5.9473047,0.11140542477369308,0.79180508852005,0.6315614581108093
YFR019W,YLR048W,0,-5.9473743,0.11138806492090225,0.79180508852005,0.631672203540802
YCR075C,YDR260C,0,-5.947423,0.11137071996927261,0.79180508852005,0.6317829489707947
YIL010W,YBR105C,0,-5.947565,0.11135337501764297,0.79180508852005,0.6318936944007874
YHR039C,YDR218C,0,-5.9476275,0.11133603006601334,0.79180508852005,0.63200443983078
YIL070C,YLR010C,0,-5.94773,0.11131870001554489,0.79180508852005,0.6321151852607727
YGR157W,YDL097C,0,-5.947824,0.11130136996507645,0.79180508852005,0.6322259306907654
YOL021C,YER169W,0,-5.947825,0.1112840473651886,0.79180508852005,0.6323366761207581
YKL002W,YJL198W,0,-5.9478426,0.11126673221588135,0.79180508852005,0.6324474215507507
YIL061C,YJL054W,0,-5.947991,0.1112494170665741,0.79180508852005,0.6325581669807434
YLR206W,YOL146W,0,-5.9480133,0.11123210936784744,0.79180508852005,0.6326688528060913
YOR216C,YHR006W,0,-5.9480352,0.11121480911970139,0.79180508852005,0.632779598236084
YDR456W,YDL014W,0,-5.948089,0.11119750887155533,0.79180508852005,0.6328903436660767
YER155C,YGR227W,0,-5.948243,0.11118022352457047,0.79180508852005,0.6330010890960693
YOL060C,YCL031C,0,-5.9483547,0.1111629381775856,0.79180508852005,0.633111834526062
YER112W,YBR058C,0,-5.9485116,0.11114565283060074,0.79180508852005,0.6332225799560547
YLR228C,YBR162C,0,-5.9487123,0.11112838238477707,0.79180508852005,0.6333333253860474
YEL056W,YLR195C,1,-5.948944,0.11126650869846344,0.7929125428199768,0.6333333253860474
YJL208C,YBL034C,0,-5.948949,0.11124922335147858,0.7929125428199768,0.63344407081604
YLR228C,YDR404C,0,-5.9490113,0.11123193800449371,0.7929125428199768,0.6335548162460327
YJR131W,YDR515W,0,-5.9494286,0.11121466010808945,0.7929125428199768,0.6336655616760254
YJL031C,YOL020W,0,-5.9496756,0.11119738966226578,0.7929125428199768,0.6337763071060181
YJL204C,YIR018W,0,-5.9497013,0.1111801266670227,0.7929125428199768,0.6338870525360107
YBR004C,YGR179C,0,-5.9498496,0.11116286367177963,0.7929125428199768,0.6339977979660034
YNL307C,YNL214W,0,-5.949902,0.11114560812711716,0.7929125428199768,0.6341085433959961
YPL061W,YJL092W,0,-5.9499316,0.11112836003303528,0.7929125428199768,0.6342192888259888
YPL241C,YBL047C,0,-5.9499598,0.1111111119389534,0.7929125428199768,0.6343300342559814
YGR212W,YHR214C-B,0,-5.950047,0.11109387129545212,0.7929125428199768,0.6344407796859741
YMR280C,YMR137C,0,-5.9500675,0.11107663810253143,0.7929125428199768,0.634551465511322
YMR208W,YOR232W,0,-5.9503,0.11105940490961075,0.7929125428199768,0.6346622109413147
YNL167C,YGR081C,0,-5.9507236,0.11104218661785126,0.7929125428199768,0.6347729563713074
YJL178C,YNL046W,0,-5.9507294,0.11102496832609177,0.7929125428199768,0.6348837018013
YMR184W,YJL139C,0,-5.950837,0.11100775003433228,0.7929125428199768,0.6349944472312927
YDL040C,YMR236W,1,-5.9510465,0.11114555597305298,0.7940199375152588,0.6349944472312927
YBL069W,YOR001W,0,-5.951051,0.11112833023071289,0.7940199375152588,0.6351051926612854
YGR081C,YMR039C,0,-5.951178,0.1111111119389534,0.7940199375152588,0.6352159380912781
YNR019W,YOR322C,0,-5.9512005,0.11109389364719391,0.7940199375152588,0.6353266835212708
YML086C,YGL252C,0,-5.951622,0.11107668280601501,0.7940199375152588,0.6354374289512634
YJR086W,YKR059W,0,-5.951699,0.11105947941541672,0.7940199375152588,0.6355481743812561
YIL065C,YGL062W,0,-5.951749,0.11104227602481842,0.7940199375152588,0.6356589198112488
YHR163W,YOL128C,0,-5.952059,0.11102508753538132,0.7940199375152588,0.6357696652412415
YGL256W,YAR010C,0,-5.9522343,0.11100789904594421,0.7940199375152588,0.6358804106712341
YDL059C,YGL169W,0,-5.952393,0.11099071055650711,0.7940199375152588,0.6359911561012268
YIL072W,YOR095C,0,-5.9526443,0.1109735369682312,0.7940199375152588,0.6361019015312195
YDR179C,YML123C,0,-5.9528046,0.11095636337995529,0.7940199375152588,0.6362126469612122
YMR266W,YML039W,0,-5.9528775,0.11093918979167938,0.7940199375152588,0.6363233923912048
YLR131C,YOR130C,0,-5.9529185,0.11092203110456467,0.7940199375152588,0.6364341378211975
YFL011W,YHR024C,0,-5.953176,0.11090487241744995,0.7940199375152588,0.6365448236465454
YMR043W,YOR060C,0,-5.953336,0.11088772118091583,0.7940199375152588,0.6366555690765381
YHL040C,YLL060C,0,-5.953371,0.11087057739496231,0.7940199375152588,0.6367663145065308
YDR448W,YDL040C,1,-5.953418,0.11100804060697556,0.7951273322105408,0.6367663145065308
YLR133W,YGR014W,0,-5.953491,0.11099088191986084,0.7951273322105408,0.6368770599365234
YLR010C,YJL087C,0,-5.9535856,0.11097372323274612,0.7951273322105408,0.6369878053665161
YHR013C,YBR198C,1,-5.9536586,0.1111111119389534,0.7962347865104675,0.6369878053665161
YDR245W,YIL018W,0,-5.9539547,0.11109394580125809,0.7962347865104675,0.6370985507965088
YFR021W,YML027W,0,-5.954317,0.11107677966356277,0.7962347865104675,0.6372092962265015
YGL014W,YBL102W,0,-5.9544334,0.11105962097644806,0.7962347865104675,0.6373200416564941
YDL004W,YIL118W,0,-5.9545255,0.11104246973991394,0.7962347865104675,0.6374307870864868
YPR128C,YPL126W,0,-5.954571,0.11102532595396042,0.7962347865104675,0.6375415325164795
YBR042C,YGL049C,0,-5.9546556,0.1110081821680069,0.7962347865104675,0.6376522779464722
YIL026C,YLR006C,0,-5.954827,0.11099104583263397,0.7962347865104675,0.6377630233764648
YDR314C,YFL004W,0,-5.9555025,0.11097391694784164,0.7962347865104675,0.6378737688064575
YDR361C,YIL147C,0,-5.9555154,0.11095678806304932,0.7962347865104675,0.6379845142364502
YMR263W,YHR012W,0,-5.9558887,0.11093966662883759,0.7962347865104675,0.6380952596664429
YER016W,YLL041C,0,-5.9560404,0.11092255264520645,0.7962347865104675,0.6382060050964355
YPL082C,YIR002C,0,-5.9563503,0.11090544611215591,0.7962347865104675,0.6383167505264282
YLL060C,YAL016W,0,-5.9564342,0.11088833957910538,0.7962347865104675,0.6384274363517761
YAR018C,YOL010W,0,-5.95662,0.11087124049663544,0.7962347865104675,0.6385381817817688
YJR025C,YDR312W,0,-5.956691,0.1108541488647461,0.7962347865104675,0.6386489272117615
YER035W,YBR123C,0,-5.957214,0.11083705723285675,0.7962347865104675,0.6387596726417542
YOR354C,YKL117W,0,-5.957247,0.110819973051548,0.7962347865104675,0.6388704180717468
YKL192C,YAL010C,0,-5.9576263,0.11080289632081985,0.7962347865104675,0.6389811635017395
YBR290W,YGR279C,0,-5.9577355,0.1107858270406723,0.7962347865104675,0.6390919089317322
YFL048C,YBR273C,0,-5.9577456,0.11076875776052475,0.7962347865104675,0.6392026543617249
YBR210W,YGL169W,0,-5.9578037,0.1107516959309578,0.7962347865104675,0.6393133997917175
YDR188W,YBL013W,0,-5.9579067,0.11073463410139084,0.7962347865104675,0.6394241452217102
YJR031C,YFR040W,0,-5.957965,0.11071758717298508,0.7962347865104675,0.6395348906517029
YDR363W,YHR048W,0,-5.958058,0.11070054024457932,0.7962347865104675,0.6396456360816956
YPR005C,YJR118C,0,-5.958061,0.11068350076675415,0.7962347865104675,0.6397563815116882
YIL076W,YBR169C,0,-5.958148,0.11066646128892899,0.7962347865104675,0.6398671269416809
YBL098W,YKR057W,0,-5.9582777,0.11064942926168442,0.7962347865104675,0.6399778723716736
YBR077C,YOL034W,0,-5.9583216,0.11063240468502045,0.7962347865104675,0.6400886178016663
YNR054C,YPL180W,0,-5.9583864,0.11061538755893707,0.7962347865104675,0.6401993632316589
YKL160W,YPL233W,0,-5.958543,0.1105983704328537,0.7962347865104675,0.6403100490570068
YHR158C,YGL049C,0,-5.95856,0.11058136075735092,0.7962347865104675,0.6404207944869995
YCR039C,YOR272W,0,-5.9585624,0.11056435853242874,0.7962347865104675,0.6405315399169922
YDL039C,YIL084C,0,-5.958616,0.11054735630750656,0.7962347865104675,0.6406422853469849
YLR242C,YOL040C,0,-5.958792,0.11053036153316498,0.7962347865104675,0.6407530307769775
YOR162C,YIL082W-A,0,-5.958891,0.11051337420940399,0.7962347865104675,0.6408637762069702
YNL201C,YPL138C,0,-5.958938,0.110496386885643,0.7962347865104675,0.6409745216369629
YDR037W,YDL147W,0,-5.9589467,0.11047940701246262,0.7962347865104675,0.6410852670669556
YDR331W,YDL244W,0,-5.9590125,0.11046243458986282,0.7962347865104675,0.6411960124969482
YGR121C,YOL010W,0,-5.959135,0.11044546961784363,0.7962347865104675,0.6413067579269409
YBR111W-A,YCR053W,0,-5.959215,0.11042850464582443,0.7962347865104675,0.6414175033569336
YGR055W,YMR016C,0,-5.959682,0.11041154712438583,0.7962347865104675,0.6415282487869263
YMR079W,YGR048W,0,-5.9598994,0.11039459705352783,0.7962347865104675,0.641638994216919
YNL225C,YKL166C,0,-5.959995,0.11037764698266983,0.7962347865104675,0.6417497396469116
YDR414C,YGR006W,0,-5.9603033,0.11036070436239243,0.7962347865104675,0.6418604850769043
YNL264C,YML021C,0,-5.960331,0.11034376919269562,0.7962347865104675,0.641971230506897
YDR022C,YML103C,0,-5.9604115,0.11032683402299881,0.7962347865104675,0.6420819759368896
YGL005C,YGL236C,0,-5.960422,0.1103099137544632,0.7962347865104675,0.6421926617622375
YMR211W,YFL011W,0,-5.9606113,0.11029298603534698,0.7962347865104675,0.6423034071922302
YDR046C,YBR258C,0,-5.960846,0.11027607321739197,0.7962347865104675,0.6424141526222229
YNL164C,YDR320C,0,-5.960892,0.11025916039943695,0.7962347865104675,0.6425248980522156
YMR096W,YNL186W,0,-5.9609866,0.11024225503206253,0.7962347865104675,0.6426356434822083
YGL143C,YDL079C,0,-5.9610043,0.11022535711526871,0.7962347865104675,0.6427463889122009
YDR518W,YML095C,0,-5.9611216,0.11020845919847488,0.7962347865104675,0.6428571343421936
YER179W,YCR102C,0,-5.9612093,0.11019156873226166,0.7962347865104675,0.6429678797721863
YNL014W,YJL048C,0,-5.961384,0.11017468571662903,0.7962347865104675,0.643078625202179
YOR039W,YMR011W,0,-5.9614305,0.1101578027009964,0.7962347865104675,0.6431893706321716
YBR295W,YOR272W,0,-5.961472,0.11014093458652496,0.7962347865104675,0.6433001160621643
YEL015W,YDR385W,0,-5.9616113,0.11012405902147293,0.7962347865104675,0.643410861492157
YNL245C,YPL234C,0,-5.9617543,0.11010719835758209,0.7962347865104675,0.6435216069221497
YDL200C,YLR328W,0,-5.96189,0.11009033769369125,0.7962347865104675,0.6436323523521423
YBR004C,YOR294W,0,-5.9622307,0.11007348448038101,0.7962347865104675,0.643743097782135
YBR155W,YOL068C,0,-5.9624863,0.11005663871765137,0.7962347865104675,0.6438538432121277
YNR049C,YDR281C,0,-5.962647,0.11003979295492172,0.7962347865104675,0.6439645886421204
YDR173C,YGR248W,0,-5.9627295,0.11002295464277267,0.7962347865104675,0.644075334072113
YKL117W,YDR018C,0,-5.963139,0.11000611633062363,0.7962347865104675,0.6441860198974609
YBR234C,YNL264C,0,-5.963287,0.10998929291963577,0.7962347865104675,0.6442967653274536
YGR280C,YEL057C,0,-5.9633574,0.10997246950864792,0.7962347865104675,0.6444075107574463
YHR139C,YNR031C,0,-5.963415,0.10995565354824066,0.7962347865104675,0.644518256187439
YER053C,YJL156C,0,-5.963479,0.1099388375878334,0.7962347865104675,0.6446290016174316
YJR145C,YDR453C,0,-5.9635572,0.10992202907800674,0.7962347865104675,0.6447397470474243
YLL043W,YJR070C,0,-5.9637246,0.10990522801876068,0.7962347865104675,0.644850492477417
YNL161W,YBR024W,0,-5.9637413,0.10988842695951462,0.7962347865104675,0.6449612379074097
YPL233W,YDL093W,0,-5.9638634,0.10987164080142975,0.7962347865104675,0.6450719833374023
YBR205W,YOR367W,0,-5.96391,0.10985485464334488,0.7962347865104675,0.645182728767395
YKR036C,YJL209W,0,-5.9639235,0.10983806848526001,0.7962347865104675,0.6452934741973877
YNL182C,YJL117W,0,-5.964322,0.10982128977775574,0.7962347865104675,0.6454042196273804
YNL014W,YKR020W,0,-5.9644732,0.10980451852083206,0.7962347865104675,0.645514965057373
YGL105W,YBR136W,0,-5.9645143,0.10978775471448898,0.7962347865104675,0.6456257104873657
YPL241C,YOL008W,0,-5.964553,0.1097709909081459,0.7962347865104675,0.6457364559173584
YDR256C,YER041W,0,-5.9647985,0.10975423455238342,0.7962347865104675,0.6458472013473511
YLR353W,YDL031W,0,-5.964801,0.10973748564720154,0.7962347865104675,0.6459579467773438
YOL008W,YPL124W,0,-5.964843,0.10972073674201965,0.7962347865104675,0.6460686326026917
YNR002C,YDR335W,0,-5.964966,0.10970399528741837,0.7962347865104675,0.6461793780326843
YOR233W,YBR050C,0,-5.9651356,0.10968726128339767,0.7962347865104675,0.646290123462677
YOL095C,YKL012W,0,-5.9654474,0.10967052727937698,0.7962347865104675,0.6464008688926697
YJL001W,YOR073W,0,-5.965496,0.10965380817651749,0.7962347865104675,0.6465116143226624
YDR446W,YBR142W,0,-5.965498,0.10963708162307739,0.7962347865104675,0.646622359752655
YLR155C,YOR320C,0,-5.9655266,0.10962036997079849,0.7962347865104675,0.6467331051826477
YNL166C,YML129C,0,-5.965578,0.10960365831851959,0.7962347865104675,0.6468438506126404
YMR246W,YPL001W,1,-5.9656405,0.10973937064409256,0.7973421812057495,0.6468438506126404
YOR011W,YGR041W,0,-5.96577,0.10972264409065247,0.7973421812057495,0.6469545960426331
YML078W,YPL270W,0,-5.9659967,0.10970592498779297,0.7973421812057495,0.6470653414726257
YLR106C,YDR450W,0,-5.9659977,0.10968921333551407,0.7973421812057495,0.6471760869026184
YDR081C,YBR037C,0,-5.966487,0.10967250913381577,0.7973421812057495,0.6472868323326111
YIL014W,YOL067C,0,-5.9666057,0.10965580493211746,0.7973421812057495,0.6473975777626038
YER155C,YHR148W,0,-5.9666233,0.10963910818099976,0.7973421812057495,0.6475083231925964
YLL043W,YKL088W,0,-5.9667606,0.10962241142988205,0.7973421812057495,0.6476190686225891
YDR240C,YKL034W,0,-5.966922,0.10960572212934494,0.7973421812057495,0.6477298140525818
YPR020W,YIR015W,0,-5.966924,0.10958904027938843,0.7973421812057495,0.6478405594825745
YOL039W,YKR014C,0,-5.967187,0.10957236588001251,0.7973421812057495,0.6479512453079224
YHR118C,YMR149W,0,-5.96741,0.1095556914806366,0.7973421812057495,0.648061990737915
YNL129W,YBL022C,0,-5.9674225,0.10953902453184128,0.7973421812057495,0.6481727361679077
YMR301C,YCR060W,0,-5.9674606,0.10952235758304596,0.7973421812057495,0.6482834815979004
YGR177C,YKR072C,0,-5.9675455,0.10950570553541183,0.7973421812057495,0.6483942270278931
YKR027W,YNL286W,0,-5.9676757,0.10948905348777771,0.7973421812057495,0.6485049724578857
YPL091W,YPL235W,0,-5.967766,0.10947240144014359,0.7973421812057495,0.6486157178878784
YPR008W,YPL124W,0,-5.9679875,0.10945576429367065,0.7973421812057495,0.6487264633178711
YJR139C,YOR254C,0,-5.9681177,0.10943912714719772,0.7973421812057495,0.6488372087478638
YGR007W,YIL105C,0,-5.9682484,0.10942249000072479,0.7973421812057495,0.6489479541778564
YMR290C,YKL019W,0,-5.9682636,0.10940586775541306,0.7973421812057495,0.6490586996078491
YDR385W,YML047C,0,-5.9682775,0.10938924551010132,0.7973421812057495,0.6491694450378418
YBR296C,YOR191W,0,-5.968484,0.10937262326478958,0.7973421812057495,0.6492801904678345
YOL054W,YDR172W,0,-5.968611,0.10935601592063904,0.7973421812057495,0.6493909358978271
YNL257C,YGR090W,0,-5.9686174,0.1093394085764885,0.7973421812057495,0.6495016813278198
YPL049C,YPR005C,0,-5.9687824,0.10932280868291855,0.7973421812057495,0.6496124267578125
YNL225C,YML097C,0,-5.968812,0.1093062087893486,0.7973421812057495,0.6497231721878052
YHR001W-A,YDL170W,0,-5.9688845,0.10928961634635925,0.7973421812057495,0.6498338580131531
YMR184W,YDR298C,0,-5.9690385,0.1092730313539505,0.7973421812057495,0.6499446034431458
YDR281C,YER053C,0,-5.9690447,0.10925644636154175,0.7973421812057495,0.6500553488731384
YCL039W,YBR256C,0,-5.96922,0.10923987627029419,0.7973421812057495,0.6501660943031311
YML059C,YKL051W,0,-5.969375,0.10922329872846603,0.7973421812057495,0.6502768397331238
YOR179C,YJL052W,0,-5.96938,0.10920673608779907,0.7973421812057495,0.6503875851631165
YPL006W,YOR157C,0,-5.969633,0.10919017344713211,0.7973421812057495,0.6504983305931091
YJL026W,YIL016W,0,-5.9696627,0.10917361825704575,0.7973421812057495,0.6506090760231018
YCR048W,YBR021W,0,-5.969838,0.10915706306695938,0.7973421812057495,0.6507198214530945
YPL170W,YPL012W,0,-5.9700394,0.10914051532745361,0.7973421812057495,0.6508305668830872
YOL005C,YBR223C,0,-5.9700694,0.10912397503852844,0.7973421812057495,0.6509413123130798
YML008C,YDR388W,0,-5.970192,0.10910744220018387,0.7973421812057495,0.6510520577430725
YGR145W,YGR099W,0,-5.970288,0.1090909093618393,0.7973421812057495,0.6511628031730652
YPR083W,YER075C,0,-5.970475,0.10907438397407532,0.7973421812057495,0.6512735486030579
YFL056C,YBR050C,0,-5.970732,0.10905785858631134,0.7973421812057495,0.6513842940330505
YBR168W,YHR163W,0,-5.970787,0.10904134809970856,0.7973421812057495,0.6514950394630432
YJR150C,YPR132W,0,-5.9708743,0.10902483016252518,0.7973421812057495,0.6516057848930359
YDL192W,YPL118W,0,-5.970988,0.10900832712650299,0.7973421812057495,0.6517165303230286
YBR207W,YPL153C,0,-5.971094,0.1089918240904808,0.7973421812057495,0.6518272161483765
YNL129W,YPR140W,0,-5.971142,0.10897532850503922,0.7973421812057495,0.6519379615783691
YLR284C,YNR052C,0,-5.971405,0.10895884037017822,0.7973421812057495,0.6520487070083618
YPR183W,YOL089C,0,-5.9714527,0.10894235223531723,0.7973421812057495,0.6521594524383545
YPL211W,YJL108C,0,-5.9715633,0.10892587155103683,0.7973421812057495,0.6522701978683472
YLR098C,YHL006C,0,-5.971591,0.10890939086675644,0.7973421812057495,0.6523809432983398
YBL047C,YMR146C,0,-5.9716835,0.10889292508363724,0.7973421812057495,0.6524916887283325
YDR076W,YDR087C,0,-5.971689,0.10887645184993744,0.7973421812057495,0.6526024341583252
YHR114W,YKR079C,0,-5.9717655,0.10885999351739883,0.7973421812057495,0.6527131795883179
YPR019W,YPR067W,0,-5.9717665,0.10884353518486023,0.7973421812057495,0.6528239250183105
YGR083C,YKL040C,0,-5.9717875,0.10882708430290222,0.7973421812057495,0.6529346704483032
YML071C,YBR036C,0,-5.971898,0.10881064087152481,0.7973421812057495,0.6530454158782959
YJR073C,YPR182W,0,-5.9720078,0.1087941974401474,0.7973421812057495,0.6531561613082886
YMR072W,YPR057W,0,-5.972103,0.10877776145935059,0.7973421812057495,0.6532669067382812
YIL079C,YKL160W,0,-5.97213,0.10876133292913437,0.7973421812057495,0.6533776521682739
YDL138W,YOR230W,0,-5.9721947,0.10874490439891815,0.7973421812057495,0.6534883975982666
YER072W,YPL206C,0,-5.972227,0.10872848331928253,0.7973421812057495,0.6535991430282593
YKL019W,YLR197W,0,-5.972327,0.10871206223964691,0.7973421812057495,0.6537098288536072
YLL022C,YOR064C,1,-5.972501,0.10884661972522736,0.7984496355056763,0.6537098288536072
YLR153C,YMR069W,1,-5.97272,0.10898113250732422,0.7995570302009583,0.6537098288536072
YGR284C,YJR069C,0,-5.97309,0.10896468162536621,0.7995570302009583,0.6538205742835999
YGL008C,YIL073C,0,-5.973403,0.1089482456445694,0.7995570302009583,0.6539313197135925
YDL069C,YDR254W,0,-5.9737806,0.10893180221319199,0.7995570302009583,0.6540420651435852
YNR072W,YGL227W,0,-5.973817,0.10891537368297577,0.7995570302009583,0.6541528105735779
YDR450W,YDL052C,0,-5.9740515,0.10889894515275955,0.7995570302009583,0.6542635560035706
YDL213C,YLR025W,0,-5.974379,0.10888252407312393,0.7995570302009583,0.6543743014335632
YGR157W,YDR179C,0,-5.974392,0.10886610299348831,0.7995570302009583,0.6544850468635559
YJL072C,YMR139W,0,-5.9744587,0.10884968936443329,0.7995570302009583,0.6545957922935486
YKL108W,YAL005C,0,-5.9749203,0.10883328318595886,0.7995570302009583,0.6547065377235413
YHR084W,YHR161C,0,-5.9750032,0.10881687700748444,0.7995570302009583,0.6548172831535339
YOR023C,YDR126W,1,-5.975048,0.10895117372274399,0.8006644248962402,0.6548172831535339
YMR116C,YGR086C,0,-5.9750605,0.10893476009368896,0.8006644248962402,0.6549280285835266
YDR456W,YPR137W,0,-5.9751673,0.10891834646463394,0.8006644248962402,0.6550387740135193
YNL145W,YGR090W,0,-5.9752207,0.10890194028615952,0.8006644248962402,0.655149519443512
YGL067W,YNL207W,0,-5.9752564,0.10888554155826569,0.8006644248962402,0.6552602648735046
YDR345C,YDL030W,0,-5.975429,0.10886914283037186,0.8006644248962402,0.6553710103034973
YMR188C,YJL154C,0,-5.9756994,0.10885275155305862,0.8006644248962402,0.65548175573349
YJL115W,YGR147C,1,-5.975956,0.10898690670728683,0.801771879196167,0.65548175573349
YNL270C,YJR119C,0,-5.9759607,0.10897050052881241,0.801771879196167,0.6555924415588379
YNR056C,YFL048C,0,-5.976011,0.10895410180091858,0.801771879196167,0.6557031869888306
YIL066C,YNL070W,0,-5.9762297,0.10893771052360535,0.801771879196167,0.6558139324188232
YGR177C,YLR193C,0,-5.9763203,0.10892131924629211,0.801771879196167,0.6559246778488159
YOL121C,YPL122C,0,-5.9765406,0.10890493541955948,0.801771879196167,0.6560354232788086
YNL326C,YDR126W,1,-5.9766545,0.10903895646333694,0.802879273891449,0.6560354232788086
YLL012W,YMR293C,0,-5.9767275,0.10902255773544312,0.802879273891449,0.6561461687088013
YHR013C,YLL002W,1,-5.97691,0.1091565191745758,0.8039867281913757,0.6561461687088013
YHR169W,YGR010W,0,-5.976927,0.10914010554552078,0.8039867281913757,0.656256914138794
YOR260W,YDL225W,0,-5.9769897,0.10912370681762695,0.8039867281913757,0.6563676595687866
YIL072W,YJR110W,0,-5.9770546,0.10910730063915253,0.8039867281913757,0.6564784049987793
YML058W-A,YOL088C,0,-5.9770555,0.1090909093618393,0.8039867281913757,0.656589150428772
YNL278W,YMR305C,0,-5.9772143,0.10907451808452606,0.8039867281913757,0.6566998958587646
YNL136W,YPR131C,1,-5.977253,0.1092083528637886,0.8050941228866577,0.6566998958587646
YBR159W,YER018C,0,-5.9772797,0.10919194668531418,0.8050941228866577,0.6568106412887573
YJR097W,YMR043W,0,-5.9774246,0.10917555540800095,0.8050941228866577,0.65692138671875
YKL197C,YDL134C,0,-5.977506,0.10915915668010712,0.8050941228866577,0.6570321321487427
YOR023C,YEL066W,1,-5.9775896,0.1092929020524025,0.8062015771865845,0.6570321321487427
YBR059C,YER020W,0,-5.9776325,0.10927649587392807,0.8062015771865845,0.6571428775787354
YGR163W,YDR058C,0,-5.977654,0.10926008969545364,0.8062015771865845,0.657253623008728
YLR095C,YGL208W,0,-5.978098,0.10924369841814041,0.8062015771865845,0.6573643684387207
YDL102W,YLR310C,0,-5.9781976,0.10922730714082718,0.8062015771865845,0.6574750542640686
YOR386W,YLR107W,0,-5.9782743,0.10921092331409454,0.8062015771865845,0.6575857996940613
YOL094C,YMR266W,0,-5.978877,0.10919453948736191,0.8062015771865845,0.657696545124054
YBR100W,YLR360W,0,-5.9789324,0.10917816311120987,0.8062015771865845,0.6578072905540466
YBR276C,YLR003C,0,-5.978939,0.10916179418563843,0.8062015771865845,0.6579180359840393
YIL112W,YGR009C,0,-5.9790373,0.10914542526006699,0.8062015771865845,0.658028781414032
YPR081C,YKL053C-A,0,-5.9790525,0.10912906378507614,0.8062015771865845,0.6581395268440247
YJL003W,YJL035C,0,-5.9790707,0.1091127097606659,0.8062015771865845,0.6582502722740173
YJR076C,YIL066C,0,-5.9792547,0.10909635573625565,0.8062015771865845,0.65836101770401
YLL002W,YOR064C,1,-5.979396,0.10922984778881073,0.8073089718818665,0.65836101770401
YOR027W,YPR016C,0,-5.9795017,0.10921348631381989,0.8073089718818665,0.6584717631340027
YLR109W,YAL035W,0,-5.979537,0.10919712483882904,0.8073089718818665,0.6585825085639954
YKL185W,YML055W,0,-5.9796095,0.10918077081441879,0.8073089718818665,0.658693253993988
YCR088W,YOR320C,0,-5.9796605,0.10916441679000854,0.8073089718818665,0.6588039994239807
YNR044W,YNL039W,0,-5.9797497,0.10914807766675949,0.8073089718818665,0.6589147448539734
YLR051C,YOR083W,0,-5.979947,0.10913173854351044,0.8073089718818665,0.6590254902839661
YJL115W,YEL056W,1,-5.9799614,0.10926508158445358,0.8084163665771484,0.6590254902839661
YPR017C,YDR312W,0,-5.9800067,0.10924872756004333,0.8084163665771484,0.6591362357139587
YFL010W-A,YIL009C-A,0,-5.98003,0.10923238098621368,0.8084163665771484,0.6592469811439514
YOR011W,YFL018C,0,-5.9800634,0.10921604186296463,0.8084163665771484,0.6593576669692993
YNL020C,YPR078C,0,-5.980096,0.10919970273971558,0.8084163665771484,0.659468412399292
YNL159C,YNL267W,0,-5.9805307,0.10918337106704712,0.8084163665771484,0.6595791578292847
YAL051W,YJR126C,0,-5.9806576,0.10916703939437866,0.8084163665771484,0.6596899032592773
YNL149C,YHL009C,0,-5.9808235,0.1091507151722908,0.8084163665771484,0.65980064868927
YDL004W,YOR224C,0,-5.980929,0.10913439840078354,0.8084163665771484,0.6599113941192627
YIL159W,YNL129W,0,-5.981143,0.10911808907985687,0.8084163665771484,0.6600221395492554
YCR075C,YOR256C,0,-5.9814315,0.1091017797589302,0.8084163665771484,0.660132884979248
YGR261C,YDR211W,0,-5.9814844,0.10908547788858414,0.8084163665771484,0.6602436304092407
YIL098C,YBR136W,0,-5.9815736,0.10906917601823807,0.8084163665771484,0.6603543758392334
YLR442C,YJL045W,0,-5.981689,0.1090528815984726,0.8084163665771484,0.6604651212692261
YBR109C,YJL198W,0,-5.9818063,0.10903659462928772,0.8084163665771484,0.6605758666992188
YPR001W,YFR055W,0,-5.981855,0.10902030766010284,0.8084163665771484,0.6606866121292114
YIR019C,YMR076C,0,-5.9818735,0.10900402814149857,0.8084163665771484,0.6607973575592041
YPL001W,YNL326C,1,-5.981967,0.10913705825805664,0.8095238208770752,0.6607973575592041
YIR021W,YLL041C,0,-5.9820075,0.10912076383829117,0.8095238208770752,0.6609081029891968
YLR238W,YBR021W,0,-5.9822474,0.10910447686910629,0.8095238208770752,0.6610188484191895
YBR015C,YDL111C,0,-5.982588,0.10908819735050201,0.8095238208770752,0.6611295938491821
YHR186C,YHR204W,0,-5.9828644,0.10907191783189774,0.8095238208770752,0.6612403392791748
YOR355W,YNL075W,0,-5.9835033,0.10905564576387405,0.8095238208770752,0.6613510251045227
YLR138W,YKL117W,0,-5.983667,0.10903938114643097,0.8095238208770752,0.6614617705345154
YEL009C,YBR293W,0,-5.9837823,0.10902311652898788,0.8095238208770752,0.6615725159645081
YMR041C,YDL145C,0,-5.9837856,0.1090068593621254,0.8095238208770752,0.6616832613945007
YML069W,YCR073C,0,-5.983896,0.1089906096458435,0.8095238208770752,0.6617940068244934
YJL090C,YOL144W,0,-5.9841394,0.10897435992956161,0.8095238208770752,0.6619047522544861
YGL005C,YIL013C,0,-5.984725,0.10895811766386032,0.8095238208770752,0.6620154976844788
YBR257W,YHR060W,0,-5.9849234,0.10894187539815903,0.8095238208770752,0.6621262431144714
YIR013C,YKR056W,0,-5.9849234,0.10892564803361893,0.8095238208770752,0.6622369885444641
YLR263W,YOR001W,0,-5.984977,0.10890941321849823,0.8095238208770752,0.6623477339744568
YOR130C,YPL208W,0,-5.9851017,0.10889319330453873,0.8095238208770752,0.6624584794044495
YIR037W,YAL033W,0,-5.985326,0.10887697339057922,0.8095238208770752,0.6625692248344421
YBR039W,YOR313C,0,-5.9853573,0.10886076092720032,0.8095238208770752,0.6626799702644348
YER019W,YHR161C,0,-5.9854593,0.10884454846382141,0.8095238208770752,0.6627907156944275
YDR130C,YDL112W,0,-5.985465,0.1088283434510231,0.8095238208770752,0.6629014611244202
YNL275W,YPL240C,0,-5.98554,0.10881214588880539,0.8095238208770752,0.6630122065544128
YNR044W,YDL236W,0,-5.9856234,0.10879594832658768,0.8095238208770752,0.6631229519844055
YDL028C,YMR270C,0,-5.9856424,0.10877975821495056,0.8095238208770752,0.6632336378097534
YIL128W,YOL042W,0,-5.9857097,0.10876357555389404,0.8095238208770752,0.6633443832397461
YCR088W,YKL045W,0,-5.9858084,0.10874739289283752,0.8095238208770752,0.6634551286697388
YOR181W,YDR058C,0,-5.985882,0.1087312176823616,0.8095238208770752,0.6635658740997314
YER167W,YKL054C,0,-5.9859953,0.10871504992246628,0.8095238208770752,0.6636766195297241
YHL048W,YGR166W,0,-5.9862156,0.10869888216257095,0.8095238208770752,0.6637873649597168
YDL236W,YLR448W,0,-5.986252,0.10868272185325623,0.8095238208770752,0.6638981103897095
YGR113W,YPL171C,0,-5.9862885,0.1086665689945221,0.8095238208770752,0.6640088558197021
YNR032W,YBR061C,0,-5.9863243,0.10865041613578796,0.8095238208770752,0.6641196012496948
YEL062W,YGR239C,0,-5.98641,0.10863427072763443,0.8095238208770752,0.6642303466796875
YGL008C,YOR182C,0,-5.986452,0.1086181253194809,0.8095238208770752,0.6643410921096802
YDL028C,YGR030C,0,-5.9864855,0.10860198736190796,0.8095238208770752,0.6644518375396729
YEL034W,YAL043C,0,-5.986624,0.10858585685491562,0.8095238208770752,0.6645625829696655
YDL031W,YPL135W,0,-5.986697,0.10856973379850388,0.8095238208770752,0.6646733283996582
YKL129C,YKL099C,0,-5.9867578,0.10855361074209213,0.8095238208770752,0.6647840738296509
YPL021W,YDR527W,0,-5.986886,0.10853748768568039,0.8095238208770752,0.6648948192596436
YPR191W,YDR058C,0,-5.9869995,0.10852137953042984,0.8095238208770752,0.6650055646896362
YPL265W,YNL213C,0,-5.9870243,0.10850527137517929,0.8095238208770752,0.6651162505149841
YJL146W,YLR090W,0,-5.9870253,0.10848916321992874,0.8095238208770752,0.6652269959449768
YPL058C,YOL038W,0,-5.9874353,0.10847306996583939,0.8095238208770752,0.6653377413749695
YLR157C,YFL036W,0,-5.987503,0.10845697671175003,0.8095238208770752,0.6654484868049622
YBR057C,YMR183C,0,-5.9876146,0.10844088345766068,0.8095238208770752,0.6655592322349548
YMR072W,YGL126W,0,-5.9879026,0.10842479765415192,0.8095238208770752,0.6656699776649475
YNL118C,YGL025C,0,-5.9879346,0.10840871930122375,0.8095238208770752,0.6657807230949402
YNL166C,YPL160W,0,-5.9881124,0.10839264839887619,0.8095238208770752,0.6658914685249329
YHR154W,YGR013W,0,-5.9883385,0.10837657749652863,0.8095238208770752,0.6660022139549255
YNL042W,YGL097W,0,-5.988365,0.10836050659418106,0.8095238208770752,0.6661129593849182
YGR006W,YFR003C,0,-5.988387,0.10834445059299469,0.8095238208770752,0.6662237048149109
YNL197C,YDL235C,0,-5.98841,0.10832839459180832,0.8095238208770752,0.6663344502449036
YIR010W,YLL012W,0,-5.9885,0.10831234604120255,0.8095238208770752,0.6664451956748962
YOR377W,YDR356W,0,-5.9885426,0.10829629749059677,0.8095238208770752,0.6665559411048889
YDR379W,YNL257C,0,-5.988617,0.1082802563905716,0.8095238208770752,0.6666666865348816
YER051W,YNR034W,0,-5.9886975,0.10826421529054642,0.8095238208770752,0.6667774319648743
YOR313C,YBR030W,0,-5.988742,0.10824818909168243,0.8095238208770752,0.6668881773948669
YDR345C,YPL082C,0,-5.988823,0.10823215544223785,0.8095238208770752,0.6669988632202148
YAR002C-A,YPL157W,0,-5.9891953,0.10821613669395447,0.8095238208770752,0.6671096086502075
YNL148C,YOL105C,0,-5.9893026,0.10820011794567108,0.8095238208770752,0.6672203540802002
YNR017W,YOL144W,0,-5.98932,0.10818410664796829,0.8095238208770752,0.6673310995101929
YDL099W,YDR293C,0,-5.989541,0.1081680953502655,0.8095238208770752,0.6674418449401855
YGL019W,YLR009W,0,-5.98965,0.10815209150314331,0.8095238208770752,0.6675525903701782
YFL050C,YDR446W,0,-5.9896574,0.10813609510660172,0.8095238208770752,0.6676633358001709
YBL025W,YIL167W,0,-5.990063,0.10812009871006012,0.8095238208770752,0.6677740812301636
YGR167W,YJL092W,0,-5.9902544,0.10810410976409912,0.8095238208770752,0.6678848266601562
YGR188C,YMR065W,0,-5.990504,0.10808812826871872,0.8095238208770752,0.6679955720901489
YLR309C,YKR090W,0,-5.9906406,0.10807214677333832,0.8095238208770752,0.6681063175201416
YLR068W,YGL058W,0,-5.990654,0.10805617272853851,0.8095238208770752,0.6682170629501343
YFL024C,YMR246W,1,-5.9906673,0.10818799585103989,0.8106312155723572,0.6682170629501343
YLR249W,YJL045W,0,-5.9909716,0.10817201435565948,0.8106312155723572,0.668327808380127
YJR074W,YMR095C,0,-5.991379,0.10815602540969849,0.8106312155723572,0.6684385538101196
YDR216W,YOR226C,0,-5.9914207,0.10814005136489868,0.8106312155723572,0.6685492992401123
YNL172W,YPR005C,0,-5.991571,0.10812407732009888,0.8106312155723572,0.668660044670105
YAL007C,YKR056W,0,-5.9915853,0.10810811072587967,0.8106312155723572,0.6687707901000977
YCL004W,YBR250W,0,-5.9916153,0.10809214413166046,0.8106312155723572,0.6688815355300903
YOL121C,YPR121W,0,-5.99169,0.10807618498802185,0.8106312155723572,0.6689922213554382
YNL197C,YHR048W,0,-5.9919095,0.10806023329496384,0.8106312155723572,0.6691029667854309
YNR056C,YLR293C,0,-5.9922934,0.10804428160190582,0.8106312155723572,0.6692137122154236
YPL149W,YDR309C,0,-5.9923387,0.1080283373594284,0.8106312155723572,0.6693244576454163
YDL045C,YNL201C,0,-5.99242,0.10801239311695099,0.8106312155723572,0.6694352030754089
YBR004C,YDR451C,0,-5.9925666,0.10799645632505417,0.8106312155723572,0.6695459485054016
YLR233C,YPL029W,0,-5.992998,0.10798052698373795,0.8106312155723572,0.6696566939353943
YLR176C,YML040W,0,-5.9930043,0.10796460509300232,0.8106312155723572,0.669767439365387
YEL066W,YCL010C,1,-5.993233,0.1080961525440216,0.8117386698722839,0.669767439365387
YDR293C,YPR074C,0,-5.9933825,0.10808021575212479,0.8117386698722839,0.6698781847953796
YML095C,YGR229C,0,-5.9934993,0.10806427896022797,0.8117386698722839,0.6699889302253723
YOR355W,YDR451C,0,-5.993599,0.10804834961891174,0.8117386698722839,0.670099675655365
YNL021W,YPR188C,0,-5.993644,0.10803242772817612,0.8117386698722839,0.6702104210853577
YLR423C,YPL096W,0,-5.9938016,0.10801650583744049,0.8117386698722839,0.6703211665153503
YDL225W,YDL080C,0,-5.9938507,0.10800059139728546,0.8117386698722839,0.670431911945343
YIL084C,YHR016C,0,-5.9938784,0.10798467695713043,0.8117386698722839,0.6705426573753357
YDL105W,YNR011C,0,-5.9939785,0.107968769967556,0.8117386698722839,0.6706534028053284
YIL114C,YOR265W,0,-5.994051,0.10795287042856216,0.8117386698722839,0.670764148235321
YDL058W,YNL339C,0,-5.994067,0.10793697834014893,0.8117386698722839,0.670874834060669
YDR263C,YPR094W,0,-5.994072,0.10792108625173569,0.8117386698722839,0.6709855794906616
YBR068C,YDL231C,0,-5.9941425,0.10790519416332245,0.8117386698722839,0.6710963249206543
YLR052W,YJL108C,0,-5.994157,0.1078893169760704,0.8117386698722839,0.671207070350647
YEL056W,YDL040C,1,-5.9941907,0.1080206036567688,0.8128460645675659,0.671207070350647
YLR295C,YPL138C,0,-5.994243,0.10800471156835556,0.8128460645675659,0.6713178157806396
YDL019C,YER165W,0,-5.994313,0.10798881947994232,0.8128460645675659,0.6714285612106323
YDL079C,YLR134W,0,-5.9948645,0.10797293484210968,0.8128460645675659,0.671539306640625
YPL001W,YEL066W,1,-5.995159,0.10810413211584091,0.8139534592628479,0.671539306640625
YAL042W,YGR030C,0,-5.9951715,0.10808823257684708,0.8139534592628479,0.6716500520706177
YDL081C,YHR083W,0,-5.9953747,0.10807234048843384,0.8139534592628479,0.6717607975006104
YJL124C,YHR020W,0,-5.995376,0.1080564558506012,0.8139534592628479,0.671871542930603
YGL006W,YPR121W,0,-5.995553,0.10804057121276855,0.8139534592628479,0.6719822883605957
YER114C,YML045W,0,-5.995801,0.10802469402551651,0.8139534592628479,0.6720930337905884
YNL068C,YER160C,0,-5.996025,0.10800881683826447,0.8139534592628479,0.672203779220581
YML086C,YIL026C,0,-5.9964733,0.10799294710159302,0.8139534592628479,0.6723145246505737
YIR010W,YKR007W,0,-5.9967284,0.10797708481550217,0.8139534592628479,0.6724252700805664
YDR243C,YGR275W,0,-5.9967613,0.10796122252941132,0.8139534592628479,0.6725360155105591
YGR239C,YBR237W,0,-5.996933,0.10794536769390106,0.8139534592628479,0.6726467609405518
YFL011W,YLR181C,0,-5.996941,0.10792951285839081,0.8139534592628479,0.6727574467658997
YNL003C,YML088W,0,-5.996955,0.10791366547346115,0.8139534592628479,0.6728681921958923
YGR214W,YIL022W,0,-5.997099,0.10789782553911209,0.8139534592628479,0.672978937625885
YLR303W,YFR002W,0,-5.9973907,0.10788199305534363,0.8139534592628479,0.6730896830558777
YAL053W,YBL008W,0,-5.9975758,0.10786616057157516,0.8139534592628479,0.6732004284858704
YKL179C,YDR420W,0,-5.9975863,0.1078503280878067,0.8139534592628479,0.673311173915863
YOR236W,YBR171W,0,-5.9976625,0.10783451050519943,0.8139534592628479,0.6734219193458557
YCR040W,YDR381W,0,-5.9978848,0.10781868547201157,0.8139534592628479,0.6735326647758484
YHL019C,YOL039W,0,-5.998005,0.1078028753399849,0.8139534592628479,0.6736434102058411
YLR285W,YPL152W,0,-5.998044,0.10778706520795822,0.8139534592628479,0.6737541556358337
YLR078C,YJR057W,0,-5.9980536,0.10777126252651215,0.8139534592628479,0.6738649010658264
YHR081W,YKR053C,0,-5.9980555,0.10775545984506607,0.8139534592628479,0.6739756464958191
YFL024C,YGL066W,1,-5.9981346,0.10788624733686447,0.8150609135627747,0.6739756464958191
YNL327W,YGL095C,0,-5.9982014,0.1078704372048378,0.8150609135627747,0.6740863919258118
YNL130C,YMR308C,0,-5.9982605,0.10785462707281113,0.8150609135627747,0.6741971373558044
YGL105W,YBR223C,0,-5.998456,0.10783882439136505,0.8150609135627747,0.6743078827857971
YAL022C,YPL091W,0,-5.9985228,0.10782302916049957,0.8150609135627747,0.6744186282157898
YBR121C,YNL243W,0,-5.9986057,0.1078072339296341,0.8150609135627747,0.6745293736457825
YJL081C,YPR023C,1,-5.9986787,0.10793790221214294,0.8161683082580566,0.6745293736457825
YLR270W,YAL007C,0,-5.9986997,0.10792209953069687,0.8161683082580566,0.6746400594711304
YDR116C,YOR362C,0,-5.9987154,0.1079062968492508,0.8161683082580566,0.674750804901123
YDR028C,YPL258C,0,-5.9989834,0.10789050161838531,0.8161683082580566,0.6748615503311157
YKL005C,YKL034W,0,-5.9991493,0.10787470638751984,0.8161683082580566,0.6749722957611084
YOL108C,YLR219W,0,-5.999237,0.10785891860723495,0.8161683082580566,0.6750830411911011
YNL271C,YNR015W,0,-5.999424,0.10784313827753067,0.8161683082580566,0.6751937866210938
YDR284C,YNR064C,0,-5.9995594,0.10782735794782639,0.8161683082580566,0.6753045320510864
YPL200W,YGL135W,0,-5.999597,0.1078115850687027,0.8161683082580566,0.6754152774810791
YOR226C,YPL174C,0,-5.9995995,0.1077958196401596,0.8161683082580566,0.6755260229110718
YPL195W,YDR160W,0,-5.999635,0.10778005421161652,0.8161683082580566,0.6756367683410645
YJL115W,YLL022C,1,-5.9996557,0.10791051387786865,0.8172757625579834,0.6756367683410645
YGR217W,YER179W,0,-5.9999256,0.10789473354816437,0.8172757625579834,0.6757475137710571
YML069W,YPL123C,0,-6.000733,0.10787896811962128,0.8172757625579834,0.6758582592010498
YLR314C,YOL095C,0,-6.0008855,0.10786319524049759,0.8172757625579834,0.6759690046310425
YPL202C,YGL018C,0,-6.0009136,0.1078474372625351,0.8172757625579834,0.6760797500610352
YBR110W,YGR111W,0,-6.0009685,0.1078316792845726,0.8172757625579834,0.6761904954910278
YMR029C,YDR236C,0,-6.0011044,0.10781592130661011,0.8172757625579834,0.6763012409210205
YNL042W,YGR030C,0,-6.001281,0.10780017822980881,0.8172757625579834,0.6764119863510132
YFR052W,YIL008W,0,-6.001421,0.10778442770242691,0.8172757625579834,0.6765227317810059
YOR103C,YDR218C,0,-6.001589,0.10776869207620621,0.8172757625579834,0.6766334176063538
YPL240C,YIR022W,0,-6.001775,0.1077529564499855,0.8172757625579834,0.6767441630363464
YKL016C,YBL093C,0,-6.0021324,0.1077372282743454,0.8172757625579834,0.6768549084663391
YLR051C,YPR161C,0,-6.0021715,0.10772150009870529,0.8172757625579834,0.6769656538963318
YLR310C,YER001W,0,-6.0021744,0.10770577937364578,0.8172757625579834,0.6770763993263245
YLR206W,YDL097C,0,-6.0022955,0.10769006609916687,0.8172757625579834,0.6771871447563171
YER045C,YJR093C,0,-6.0023327,0.10767435282468796,0.8172757625579834,0.6772978901863098
YEL066W,YBR198C,1,-6.0027957,0.10780452191829681,0.8183831572532654,0.6772978901863098
YOL016C,YHR200W,0,-6.003254,0.1077888011932373,0.8183831572532654,0.6774086356163025
YOR157C,YML091C,0,-6.003329,0.1077730804681778,0.8183831572532654,0.6775193810462952
YJR118C,YKR056W,0,-6.0034537,0.10775736719369888,0.8183831572532654,0.6776301264762878
YMR078C,YOR018W,0,-6.0034895,0.10774165391921997,0.8183831572532654,0.6777408719062805
YIL122W,YJR027W,0,-6.0036535,0.10772594809532166,0.8183831572532654,0.6778516173362732
YLR069C,YDR443C,0,-6.0037003,0.10771024972200394,0.8183831572532654,0.6779623627662659
YGL105W,YOL095C,0,-6.0039024,0.10769455134868622,0.8183831572532654,0.6780731081962585
YOR133W,YDR076W,0,-6.00454,0.1076788604259491,0.8183831572532654,0.6781838536262512
YGL136C,YKR003W,0,-6.0049186,0.10766316950321198,0.8183831572532654,0.6782945990562439
YLR028C,YDL230W,0,-6.005559,0.10764748603105545,0.8183831572532654,0.6784053444862366
YDL083C,YDL217C,0,-6.0056367,0.10763181000947952,0.8183831572532654,0.6785160303115845
YNL223W,YPR078C,0,-6.0058346,0.1076161339879036,0.8183831572532654,0.6786267757415771
YMR175W,YNL213C,0,-6.005843,0.10760046541690826,0.8183831572532654,0.6787375211715698
YGR244C,YCR053W,0,-6.0063663,0.10758480429649353,0.8183831572532654,0.6788482666015625
YPL076W,YLR084C,0,-6.00644,0.1075691431760788,0.8183831572532654,0.6789590120315552
YGL200C,YCL039W,0,-6.0064855,0.10755348205566406,0.8183831572532654,0.6790697574615479
YNL136W,YLR195C,1,-6.0067167,0.10768335312604904,0.8194906115531921,0.6790697574615479
YBR050C,YMR096W,0,-6.0068793,0.10766768455505371,0.8194906115531921,0.6791805028915405
YHR079C-A,YKL034W,0,-6.0069284,0.10765202343463898,0.8194906115531921,0.6792912483215332
YBR179C,YDR398W,0,-6.0071187,0.10763636231422424,0.8194906115531921,0.6794019937515259
YMR078C,YGR009C,0,-6.0071325,0.1076207086443901,0.8194906115531921,0.6795127391815186
YLR219W,YDR129C,0,-6.007352,0.10760506242513657,0.8194906115531921,0.6796234846115112
YBR211C,YMR021C,0,-6.007584,0.10758941620588303,0.8194906115531921,0.6797342300415039
YNL286W,YER038C,0,-6.0079412,0.10757377743721008,0.8194906115531921,0.6798449754714966
YDR309C,YNL045W,0,-6.007948,0.10755813866853714,0.8194906115531921,0.6799557209014893
YLR195C,YGR002C,1,-6.0079575,0.10768783837556839,0.8205980062484741,0.6799557209014893
YLR394W,YDR122W,0,-6.0079827,0.10767218470573425,0.8205980062484741,0.6800664663314819
YPR023C,YLR195C,1,-6.008215,0.10780183225870132,0.8217054009437561,0.6800664663314819
YGR279C,YHR020W,0,-6.0082817,0.10778617113828659,0.8217054009437561,0.6801772117614746
YOR099W,YPR018W,0,-6.00852,0.10777051746845245,0.8217054009437561,0.6802879571914673
YFR002W,YNL264C,0,-6.0085487,0.10775486379861832,0.8217054009437561,0.6803986430168152
YJR158W,YCR084C,0,-6.00879,0.10773921757936478,0.8217054009437561,0.6805093884468079
YHR013C,YCL010C,1,-6.008997,0.10786876082420349,0.8228128552436829,0.6805093884468079
YBR164C,YIL124W,0,-6.0091114,0.10785309970378876,0.8228128552436829,0.6806201338768005
YPL125W,YLR425W,0,-6.0092974,0.10783744603395462,0.8228128552436829,0.6807308793067932
YPL031C,YPL032C,0,-6.009498,0.10782179981470108,0.8228128552436829,0.6808416247367859
YPL190C,YLL024C,0,-6.0095797,0.10780615359544754,0.8228128552436829,0.6809523701667786
YIL002C,YOR188W,0,-6.0096035,0.1077905148267746,0.8228128552436829,0.6810631155967712
YDR228C,YIL037C,0,-6.0100718,0.10777487605810165,0.8228128552436829,0.6811738610267639
YDR022C,YCL017C,0,-6.0101376,0.10775924474000931,0.8228128552436829,0.6812846064567566
YBR161W,YOL080C,0,-6.0101542,0.10774362087249756,0.8228128552436829,0.6813953518867493
YGL078C,YIL138C,0,-6.010256,0.10772799700498581,0.8228128552436829,0.6815060973167419
YDR423C,YOL031C,0,-6.0103064,0.10771238058805466,0.8228128552436829,0.6816168427467346
YNL094W,YJR078W,0,-6.010357,0.1076967641711235,0.8228128552436829,0.6817275881767273
YBR049C,YGR213C,0,-6.0103946,0.10768116265535355,0.8228128552436829,0.68183833360672
YBR133C,YPL058C,0,-6.010412,0.10766555368900299,0.8228128552436829,0.6819490790367126
YKL064W,YER095W,0,-6.0107484,0.10764995962381363,0.8228128552436829,0.6820598244667053
YDR258C,YLR145W,0,-6.0108237,0.10763436555862427,0.8228128552436829,0.682170569896698
YMR008C,YGL100W,0,-6.0111017,0.1076187714934349,0.8228128552436829,0.6822812557220459
YLR153C,YHR090C,1,-6.0112486,0.10774800926446915,0.8239202499389648,0.6822812557220459
YIL051C,YCR102C,0,-6.0114446,0.10773240774869919,0.8239202499389648,0.6823920011520386
YGR121C,YDR189W,0,-6.0114613,0.10771680623292923,0.8239202499389648,0.6825027465820312
YPR191W,YCR053W,0,-6.0115232,0.10770121961832047,0.8239202499389648,0.6826134920120239
YHR142W,YOR080W,0,-6.0115514,0.1076856255531311,0.8239202499389648,0.6827242374420166
YNL065W,YPL132W,0,-6.012051,0.10767004638910294,0.8239202499389648,0.6828349828720093
YHR139C,YGR033C,0,-6.012067,0.10765446722507477,0.8239202499389648,0.682945728302002
YBR026C,YBR127C,0,-6.012355,0.1076388880610466,0.8239202499389648,0.6830564737319946
YPL069C,YGL011C,0,-6.012435,0.10762331634759903,0.8239202499389648,0.6831672191619873
YDR270W,YGR003W,0,-6.0124373,0.10760775208473206,0.8239202499389648,0.68327796459198
YLR097C,YHR008C,0,-6.012787,0.10759218782186508,0.8239202499389648,0.6833887100219727
YAL010C,YGR090W,0,-6.0129027,0.1075766310095787,0.8239202499389648,0.6834994554519653
YGR113W,YMR140W,0,-6.0130234,0.10756108164787292,0.8239202499389648,0.683610200881958
YPR083W,YBR030W,0,-6.013093,0.10754553228616714,0.8239202499389648,0.6837209463119507
YHR021C,YOR229W,0,-6.0134,0.10752999037504196,0.8239202499389648,0.6838316917419434
YMR219W,YDL130W-A,0,-6.0134044,0.10751444846391678,0.8239202499389648,0.683942437171936
YNL116W,YGR197C,0,-6.013714,0.10749891400337219,0.8239202499389648,0.6840531826019287
YDL148C,YGR202C,0,-6.013851,0.1074833869934082,0.8239202499389648,0.6841638684272766
YGR133W,YER013W,0,-6.0142593,0.10746785998344421,0.8239202499389648,0.6842746138572693
YGR261C,YDR173C,0,-6.0143795,0.10745234042406082,0.8239202499389648,0.684385359287262
YGR140W,YMR008C,0,-6.014558,0.10743682086467743,0.8239202499389648,0.6844961047172546
YMR043W,YJL133W,0,-6.0147676,0.10742130875587463,0.8239202499389648,0.6846068501472473
YKL220C,YAR033W,0,-6.015243,0.10740580409765244,0.8239202499389648,0.68471759557724
YBR290W,YPL208W,0,-6.015252,0.10739029943943024,0.8239202499389648,0.6848283410072327
YMR068W,YDR123C,0,-6.0152693,0.10737480223178864,0.8239202499389648,0.6849390864372253
YOL110W,YDR126W,1,-6.0153823,0.10750360786914825,0.8250277042388916,0.6849390864372253
YNL068C,YDR158W,0,-6.0154476,0.10748809576034546,0.8250277042388916,0.685049831867218
YGL155W,YNL258C,0,-6.015613,0.10747259110212326,0.8250277042388916,0.6851605772972107
YMR044W,YPR002W,0,-6.0157986,0.10745708644390106,0.8250277042388916,0.6852713227272034
YER003C,YGR280C,0,-6.0161333,0.10744158923625946,0.8250277042388916,0.685382068157196
YGR123C,YGL137W,0,-6.016221,0.10742609947919846,0.8250277042388916,0.6854928135871887
YGL078C,YDR263C,0,-6.0163307,0.10741060972213745,0.8250277042388916,0.6856035590171814
YDL017W,YGR094W,0,-6.016351,0.10739512741565704,0.8250277042388916,0.6857143044471741
YLR153C,YJL115W,1,-6.016555,0.10752378404140472,0.8261350989341736,0.6857143044471741
YPL169C,YMR164C,0,-6.0167727,0.10750828683376312,0.8261350989341736,0.6858250498771667
YBR021W,YKR031C,0,-6.0168834,0.10749279707670212,0.8261350989341736,0.6859357953071594
YPL221W,YER012W,0,-6.0169363,0.10747730731964111,0.8261350989341736,0.6860465407371521
YKL017C,YHR034C,0,-6.016985,0.1074618250131607,0.8261350989341736,0.6861572265625
YIL040W,YIL132C,0,-6.017247,0.1074463501572609,0.8261350989341736,0.6862679719924927
YJL207C,YNL248C,0,-6.0175714,0.10743087530136108,0.8261350989341736,0.6863787174224854
YLL022C,YDR126W,1,-6.0176516,0.10755939781665802,0.8272425532341003,0.6863787174224854
YPR200C,YGR179C,0,-6.0176864,0.10754390805959702,0.8272425532341003,0.686489462852478
YKR089C,YOL028C,0,-6.0177116,0.1075284332036972,0.8272425532341003,0.6866002082824707
YNL293W,YDL039C,0,-6.0179505,0.1075129508972168,0.8272425532341003,0.6867109537124634
YIL120W,YNL250W,0,-6.0182104,0.10749748349189758,0.8272425532341003,0.686821699142456
YHR011W,YOR098C,0,-6.0184917,0.10748201608657837,0.8272425532341003,0.6869324445724487
YIL033C,YDR195W,0,-6.0185266,0.10746654868125916,0.8272425532341003,0.6870431900024414
YIL131C,YMR032W,0,-6.0187426,0.10745109617710114,0.8272425532341003,0.6871539354324341
YMR049C,YGL243W,0,-6.019247,0.10743563622236252,0.8272425532341003,0.6872646808624268
YHR031C,YOR027W,0,-6.0192504,0.1074201911687851,0.8272425532341003,0.6873754262924194
YDL040C,YDR126W,1,-6.019251,0.10754852741956711,0.8283499479293823,0.6873754262924194
YJL122W,YDL038C,0,-6.019311,0.10753306746482849,0.8283499479293823,0.6874861717224121
YDR055W,YGR118W,0,-6.0193243,0.10751760751008987,0.8283499479293823,0.6875969171524048
YPL124W,YDR341C,0,-6.019422,0.10750215500593185,0.8283499479293823,0.6877076625823975
YKL081W,YJR102C,0,-6.0194845,0.10748670995235443,0.8283499479293823,0.6878184080123901
YHL040C,YJL191W,0,-6.019916,0.10747126489877701,0.8283499479293823,0.6879291534423828
YOL148C,YBR081C,1,-6.0203886,0.10759948194026947,0.8294573426246643,0.6879291534423828
YGL058W,YPL124W,0,-6.020457,0.10758402943611145,0.8294573426246643,0.6880398392677307
YFL018C,YDR081C,0,-6.0208225,0.10756857693195343,0.8294573426246643,0.6881505846977234
YBR192W,YFL045C,0,-6.0210457,0.10755313187837601,0.8294573426246643,0.6882613301277161
YOR099W,YOR361C,0,-6.0211477,0.10753768682479858,0.8294573426246643,0.6883720755577087
YJL081C,YGR147C,1,-6.021233,0.10766580700874329,0.8305647969245911,0.6883720755577087
YDR085C,YDL008W,0,-6.0212393,0.10765035450458527,0.8305647969245911,0.6884828209877014
YER127W,YKL019W,0,-6.021293,0.10763490200042725,0.8305647969245911,0.6885935664176941
YOR265W,YDR407C,0,-6.0216293,0.10761945694684982,0.8305647969245911,0.6887043118476868
YGR230W,YNL107W,0,-6.021654,0.107604019343853,0.8305647969245911,0.6888150572776794
YPL231W,YDR320C,0,-6.021734,0.10758858174085617,0.8305647969245911,0.6889258027076721
YHR027C,YJL089W,0,-6.021743,0.10757315158843994,0.8305647969245911,0.6890365481376648
YIL014W,YDR146C,0,-6.0219584,0.10755772143602371,0.8305647969245911,0.6891472935676575
YDL040C,YPR131C,1,-6.022029,0.10768569260835648,0.831672191619873,0.6891472935676575
YNR002C,YDR188W,0,-6.0223446,0.10767024755477905,0.831672191619873,0.6892580389976501
YPL049C,YDL078C,0,-6.022464,0.10765481740236282,0.831672191619873,0.6893687844276428
YPR138C,YMR260C,0,-6.0225315,0.1076393872499466,0.831672191619873,0.6894795298576355
YMR113W,YKL212W,0,-6.022561,0.10762396454811096,0.831672191619873,0.6895902752876282
YJR002W,YKR028W,0,-6.022707,0.10760854184627533,0.831672191619873,0.6897010207176208
YDL145C,YGR275W,0,-6.022838,0.1075931265950203,0.831672191619873,0.6898117661476135
YNL127W,YJL010C,0,-6.0229235,0.10757771134376526,0.831672191619873,0.6899224519729614
YNL078W,YDR227W,0,-6.023103,0.10756230354309082,0.831672191619873,0.6900331974029541
YIL131C,YKL154W,0,-6.023202,0.10754690319299698,0.831672191619873,0.6901439428329468
YGR247W,YOR210W,0,-6.023561,0.10753150284290314,0.831672191619873,0.6902546882629395
YLL041C,YLR010C,0,-6.024209,0.1075161024928093,0.831672191619873,0.6903654336929321
YJL146W,YDL052C,0,-6.024233,0.10750071704387665,0.831672191619873,0.6904761791229248
YOR149C,YGL039W,0,-6.024347,0.107485331594944,0.831672191619873,0.6905869245529175
YGR057C,YNL202W,0,-6.024456,0.10746994614601135,0.831672191619873,0.6906976699829102
YER007W,YMR008C,0,-6.024458,0.1074545681476593,0.831672191619873,0.6908084154129028
YOR025W,YOR297C,0,-6.0247993,0.10743919759988785,0.831672191619873,0.6909191608428955
YPL127C,YGR276C,0,-6.0248666,0.1074238270521164,0.831672191619873,0.6910299062728882
YLR155C,YOR313C,0,-6.0252247,0.10740846395492554,0.831672191619873,0.6911406517028809
YDL008W,YOR347C,0,-6.0252934,0.10739310830831528,0.831672191619873,0.6912513971328735
YNL274C,YLR262C,0,-6.0255566,0.10737775266170502,0.831672191619873,0.6913621425628662
YDL079C,YNL003C,0,-6.0258503,0.10736240446567535,0.831672191619873,0.6914728879928589
YMR296C,YKR046C,0,-6.025857,0.10734705626964569,0.831672191619873,0.6915836334228516
YOR023C,YJL115W,1,-6.026059,0.10747463256120682,0.8327796459197998,0.6915836334228516
YJL008C,YGR082W,0,-6.0260725,0.10745927691459656,0.8327796459197998,0.6916943788528442
YDR077W,YCR042C,0,-6.0266438,0.1074439212679863,0.8327796459197998,0.6918050646781921
YJR063W,YBL005W-A,0,-6.026822,0.10742857307195663,0.8327796459197998,0.6919158101081848
YIL159W,YPR033C,0,-6.0270433,0.10741322487592697,0.8327796459197998,0.6920265555381775
YKL004W,YOR198C,0,-6.0271072,0.1073978841304779,0.8327796459197998,0.6921373009681702
YPR032W,YIR026C,0,-6.027152,0.10738255083560944,0.8327796459197998,0.6922480463981628
YBL032W,YDL080C,0,-6.0273266,0.10736721754074097,0.8327796459197998,0.6923587918281555
YPL231W,YKR052C,0,-6.027556,0.1073518916964531,0.8327796459197998,0.6924695372581482
YMR301C,YML105C,0,-6.0276456,0.10733656585216522,0.8327796459197998,0.6925802826881409
YJR082C,YEL066W,1,-6.0278373,0.10746396332979202,0.8338870406150818,0.6925802826881409
YBR085W,YER112W,0,-6.027845,0.10744863003492355,0.8338870406150818,0.6926910281181335
YMR008C,YNR046W,0,-6.0279837,0.10743329674005508,0.8338870406150818,0.6928017735481262
YLR086W,YJR028W,0,-6.028265,0.10741797089576721,0.8338870406150818,0.6929125189781189
YPL129W,YOR064C,1,-6.0285397,0.10754528641700745,0.8349944353103638,0.6929125189781189
YPR188C,YOR182C,0,-6.0286894,0.10752994567155838,0.8349944353103638,0.6930232644081116
YAR002C-A,YPR086W,0,-6.0289364,0.10751461237668991,0.8349944353103638,0.6931340098381042
YDR168W,YPL265W,0,-6.0293593,0.10749928653240204,0.8349944353103638,0.6932447552680969
YOR038C,YLR023C,0,-6.0297413,0.10748396068811417,0.8349944353103638,0.6933555006980896
YML073C,YLR467W,0,-6.029772,0.10746864229440689,0.8349944353103638,0.6934662461280823
YHR114W,YJL047C,0,-6.0298586,0.10745333135128021,0.8349944353103638,0.693576991558075
YBR132C,YOR373W,0,-6.030177,0.10743801295757294,0.8349944353103638,0.6936877369880676
YOR241W,YKL214C,0,-6.0304227,0.10742270946502686,0.8349944353103638,0.6937984228134155
YIL013C,YKL126W,0,-6.030431,0.10740740597248077,0.8349944353103638,0.6939091682434082
YBL047C,YLR320W,0,-6.0304775,0.10739210993051529,0.8349944353103638,0.6940199136734009
YLR215C,YOR221C,0,-6.0307827,0.1073768138885498,0.8349944353103638,0.6941306591033936
YJR009C,YML014W,0,-6.0307884,0.10736152529716492,0.8349944353103638,0.6942414045333862
YLR114C,YLL012W,0,-6.0309725,0.10734624415636063,0.8349944353103638,0.6943521499633789
YPL177C,YJL026W,0,-6.0309734,0.10733096301555634,0.8349944353103638,0.6944628953933716
YBL005W,YDR018C,0,-6.0310636,0.10731568187475204,0.8349944353103638,0.6945736408233643
YAL025C,YJL117W,0,-6.0310755,0.10730041563510895,0.8349944353103638,0.6946843862533569
YBR159W,YDL079C,0,-6.031358,0.10728514194488525,0.8349944353103638,0.6947951316833496
YMR246W,YGR002C,1,-6.031583,0.10741215199232101,0.8361018896102905,0.6947951316833496
YMR073C,YIL114C,0,-6.032169,0.10739687085151672,0.8361018896102905,0.6949058771133423
YNL062C,YDR486C,0,-6.0321817,0.10738159716129303,0.8361018896102905,0.695016622543335
YJR040W,YBR284W,0,-6.0323725,0.10736632347106934,0.8361018896102905,0.6951273679733276
YHR148W,YDR325W,0,-6.032378,0.10735105723142624,0.8361018896102905,0.6952381134033203
YPL135W,YKL193C,0,-6.0324,0.10733579844236374,0.8361018896102905,0.695348858833313
YOR034C,YDR126W,1,-6.0324297,0.10746268928050995,0.8372092843055725,0.695348858833313
YNL006W,YOL143C,0,-6.0324326,0.10744741559028625,0.8372092843055725,0.6954596042633057
YOR241W,YNL149C,0,-6.032728,0.10743214190006256,0.8372092843055725,0.6955703496932983
YLL043W,YBL017C,0,-6.0328584,0.10741688311100006,0.8372092843055725,0.6956810355186462
YKR027W,YBR295W,0,-6.0329437,0.10740161687135696,0.8372092843055725,0.6957917809486389
YDR211W,YGL150C,0,-6.032946,0.10738636553287506,0.8372092843055725,0.6959025263786316
YDR293C,YKL034W,0,-6.0332103,0.10737111419439316,0.8372092843055725,0.6960132718086243
YLR318W,YOR018W,0,-6.033601,0.10735586285591125,0.8372092843055725,0.6961240172386169
YPR201W,YAL003W,0,-6.0337405,0.10734061896800995,0.8372092843055725,0.6962347626686096
YGL256W,YBL009W,0,-6.033756,0.10732538253068924,0.8372092843055725,0.6963455080986023
YMR001C,YOR095C,0,-6.0339055,0.10731014609336853,0.8372092843055725,0.696456253528595
YGR188C,YDR279W,0,-6.0340357,0.10729491710662842,0.8372092843055725,0.6965669989585876
YNL327W,YHR200W,0,-6.034225,0.1072796955704689,0.8372092843055725,0.6966777443885803
YAL007C,YBR162C,0,-6.0344305,0.10726447403430939,0.8372092843055725,0.696788489818573
YGR179C,YJL164C,0,-6.0345573,0.10724925249814987,0.8372092843055725,0.6968992352485657
YNL136W,YPL129W,1,-6.0346556,0.10737589001655579,0.8383167386054993,0.6968992352485657
YNR017W,YFR048W,0,-6.0346575,0.10736066102981567,0.8383167386054993,0.6970099806785583
YER038C,YML027W,0,-6.0348434,0.10734543204307556,0.8383167386054993,0.697120726108551
YFL050C,YBR097W,0,-6.0351996,0.10733021050691605,0.8383167386054993,0.6972314715385437
YCR065W,YHR181W,0,-6.0352726,0.10731499642133713,0.8383167386054993,0.6973422169685364
YDL154W,YOR243C,0,-6.0354595,0.1072997897863388,0.8383167386054993,0.697452962398529
YNL258C,YOR056C,0,-6.0356236,0.10728458315134048,0.8383167386054993,0.697563648223877
YPR199C,YLR158C,0,-6.0357265,0.10726937651634216,0.8383167386054993,0.6976743936538696
YMR280C,YDR281C,0,-6.0365295,0.10725417733192444,0.8383167386054993,0.6977851390838623
YBR036C,YBL026W,0,-6.036791,0.10723898559808731,0.8383167386054993,0.697895884513855
YLR256W,YLR138W,0,-6.0369244,0.10722379386425018,0.8383167386054993,0.6980066299438477
YNL286W,YNL088W,0,-6.03724,0.10720860958099365,0.8383167386054993,0.6981173753738403
YOL133W,YBR129C,0,-6.037266,0.10719343274831772,0.8383167386054993,0.698228120803833
YJL081C,YNL326C,1,-6.0373282,0.10731983929872513,0.8394241333007812,0.698228120803833
YLR014C,YDR103W,0,-6.037343,0.1073046401143074,0.8394241333007812,0.6983388662338257
YNL188W,YMR203W,0,-6.0374136,0.10728945583105087,0.8394241333007812,0.6984496116638184
YJL020C,YKL015W,0,-6.037443,0.10727427154779434,0.8394241333007812,0.698560357093811
YIL035C,YBR192W,0,-6.03773,0.10725909471511841,0.8394241333007812,0.6986711025238037
YDL036C,YGR258C,0,-6.0381737,0.10724391788244247,0.8394241333007812,0.6987818479537964
YBR091C,YHR086W,0,-6.038355,0.10722874850034714,0.8394241333007812,0.6988925933837891
YDR022C,YMR264W,0,-6.038582,0.1072135791182518,0.8394241333007812,0.6990033388137817
YNR054C,YKL051W,0,-6.0389395,0.10719841718673706,0.8394241333007812,0.6991140842437744
YLR153C,YHR099W,1,-6.039006,0.10732465982437134,0.840531587600708,0.6991140842437744
YMR042W,YKL034W,0,-6.0390234,0.107309490442276,0.840531587600708,0.6992248296737671
YLR405W,YLR318W,0,-6.0399003,0.10729431360960007,0.840531587600708,0.6993355751037598
YLR069C,YNL263C,0,-6.0400643,0.10727915167808533,0.840531587600708,0.6994462609291077
YMR036C,YMR053C,0,-6.040225,0.10726398974657059,0.840531587600708,0.6995570063591003
YMR287C,YER020W,0,-6.040239,0.10724883526563644,0.840531587600708,0.699667751789093
YBR164C,YHR014W,0,-6.0402994,0.1072336807847023,0.840531587600708,0.6997784972190857
YPR138C,YLR262C,0,-6.0403094,0.10721853375434875,0.840531587600708,0.6998892426490784
YGR197C,YMR284W,0,-6.0403357,0.10720338672399521,0.840531587600708,0.699999988079071
YGL001C,YOR129C,0,-6.040391,0.10718824714422226,0.840531587600708,0.7001107335090637
YOL108C,YEL041W,0,-6.041035,0.10717311501502991,0.840531587600708,0.7002214789390564
YMR277W,YNL318C,0,-6.0410676,0.10715798288583755,0.840531587600708,0.7003322243690491
YIL035C,YGR155W,0,-6.0411167,0.1071428582072258,0.840531587600708,0.7004429697990417
YMR184W,YDL084W,0,-6.0412016,0.10712773352861404,0.840531587600708,0.7005537152290344
YGR030C,YPL274W,0,-6.041524,0.10711261630058289,0.840531587600708,0.7006644606590271
YDL069C,YOL064C,0,-6.041609,0.10709749907255173,0.840531587600708,0.7007752060890198
YDR122W,YAR007C,0,-6.041618,0.10708238929510117,0.840531587600708,0.7008859515190125
YDR469W,YKL154W,0,-6.0424514,0.1070672869682312,0.840531587600708,0.7009966969490051
YIR004W,YPR033C,0,-6.0427775,0.10705218464136124,0.840531587600708,0.7011074423789978
YGR284C,YNL046W,0,-6.0431027,0.10703708976507187,0.840531587600708,0.7012181878089905
YLR259C,YKR057W,0,-6.0431547,0.1070219948887825,0.840531587600708,0.7013289332389832
YNL075W,YDL185W,0,-6.0431547,0.10700690746307373,0.840531587600708,0.701439619064331
YKR046C,YDR394W,0,-6.043294,0.10699182748794556,0.840531587600708,0.7015503644943237
YOR226C,YDR146C,0,-6.0433264,0.10697674751281738,0.840531587600708,0.7016611099243164
YMR188C,YML029W,0,-6.043359,0.10696166753768921,0.840531587600708,0.7017718553543091
YML049C,YDL077C,0,-6.043578,0.10694659501314163,0.840531587600708,0.7018826007843018
YER142C,YLR016C,0,-6.0438433,0.10693152993917465,0.840531587600708,0.7019933462142944
YBR029C,YPL101W,0,-6.044109,0.10691646486520767,0.840531587600708,0.7021040916442871
YDR345C,YGR091W,0,-6.0441303,0.10690140724182129,0.840531587600708,0.7022148370742798
YEL066W,YNL326C,1,-6.044222,0.10702718049287796,0.84163898229599,0.7022148370742798
YEL051W,YKL214C,0,-6.0442314,0.10701210796833038,0.84163898229599,0.7023255825042725
YCL014W,YLR208W,0,-6.044325,0.1069970428943634,0.84163898229599,0.7024363279342651
YIL040W,YDR293C,0,-6.0443687,0.10698198527097702,0.84163898229599,0.7025470733642578
YJL061W,YDR308C,0,-6.044674,0.10696692764759064,0.84163898229599,0.7026578187942505
YMR041C,YBL042C,0,-6.044826,0.10695187002420425,0.84163898229599,0.7027685642242432
YDR173C,YNL214W,0,-6.0448475,0.10693681985139847,0.84163898229599,0.7028793096542358
YLR259C,YDR343C,0,-6.0448728,0.10692177712917328,0.84163898229599,0.7029900550842285
YHR019C,YGL143C,0,-6.044915,0.10690673440694809,0.84163898229599,0.7031008005142212
YAR002C-A,YIL070C,0,-6.044924,0.1068916991353035,0.84163898229599,0.7032115459442139
YCR038C,YER159C,0,-6.045371,0.1068766713142395,0.84163898229599,0.7033222317695618
YHR171W,YJR158W,0,-6.0454016,0.1068616434931755,0.84163898229599,0.7034329771995544
YIR033W,YDL194W,0,-6.045513,0.10684661567211151,0.84163898229599,0.7035437226295471
YML113W,YDR137W,0,-6.0455656,0.10683160275220871,0.84163898229599,0.7036544680595398
YBR202W,YGR244C,0,-6.045648,0.10681658238172531,0.84163898229599,0.7037652134895325
YOR254C,YCL033C,0,-6.0459237,0.1068015769124031,0.84163898229599,0.7038759589195251
YAL054C,YDR448W,1,-6.045937,0.10692707449197769,0.842746376991272,0.7038759589195251
YOL165C,YJL008C,0,-6.0460873,0.1069120541214943,0.842746376991272,0.7039867043495178
YOL095C,YOR233W,0,-6.0462174,0.1068970337510109,0.842746376991272,0.7040974497795105
YLR459W,YBR072W,0,-6.0462856,0.1068820208311081,0.842746376991272,0.7042081952095032
YPL016W,YGR111W,0,-6.0463753,0.10686701536178589,0.842746376991272,0.7043189406394958
YLR459W,YNL147W,0,-6.046556,0.10685200989246368,0.842746376991272,0.7044296860694885
YJL063C,YPL193W,0,-6.0470243,0.10683700442314148,0.842746376991272,0.7045404314994812
YNR067C,YPL140C,0,-6.0470586,0.10682200640439987,0.842746376991272,0.7046511769294739
YMR092C,YKL006C-A,0,-6.04718,0.10680701583623886,0.842746376991272,0.7047619223594666
YJR119C,YGR197C,0,-6.0472097,0.10679203271865845,0.842746376991272,0.7048726677894592
YHR068W,YGR086C,0,-6.0472302,0.10677704215049744,0.842746376991272,0.7049834132194519
YIL042C,YGR144W,0,-6.0472364,0.10676206648349762,0.842746376991272,0.7050941586494446
YOR204W,YCL035C,0,-6.0474997,0.1067470908164978,0.842746376991272,0.7052048444747925
YMR237W,YBR179C,0,-6.0475225,0.10673211514949799,0.842746376991272,0.7053155899047852
YJR002W,YMR214W,0,-6.0479293,0.10671714693307877,0.842746376991272,0.7054263353347778
YJL098W,YDL080C,0,-6.047946,0.10670218616724014,0.842746376991272,0.7055370807647705
YOR056C,YFR052W,0,-6.0482593,0.10668722540140152,0.842746376991272,0.7056478261947632
YHL003C,YHR203C,0,-6.0484324,0.1066722720861435,0.842746376991272,0.7057585716247559
YKL086W,YPL016W,0,-6.048497,0.10665732622146606,0.842746376991272,0.7058693170547485
YBR164C,YDL117W,0,-6.0485997,0.10664238035678864,0.842746376991272,0.7059800624847412
YBR008C,YPR008W,0,-6.0488415,0.1066274344921112,0.842746376991272,0.7060908079147339
YNL220W,YNL318C,0,-6.0489883,0.10661249607801437,0.842746376991272,0.7062015533447266
YNL259C,YGR199W,0,-6.0489984,0.10659756511449814,0.842746376991272,0.7063122987747192
YPL221W,YPL125W,0,-6.0490417,0.1065826341509819,0.842746376991272,0.7064230442047119
YOR216C,YBR293W,0,-6.0494037,0.10656771063804626,0.842746376991272,0.7065337896347046
YPL126W,YNL054W,0,-6.0495677,0.10655278712511063,0.842746376991272,0.7066445350646973
YGR264C,YMR109W,0,-6.0495815,0.10653787106275558,0.842746376991272,0.7067552804946899
YBR112C,YGR060W,0,-6.0498333,0.10652295500040054,0.842746376991272,0.7068660259246826
YOR301W,YGR099W,0,-6.050004,0.1065080463886261,0.842746376991272,0.7069767713546753
YGR060W,YPL269W,0,-6.0500555,0.10649314522743225,0.842746376991272,0.7070874571800232
YOR198C,YHR005C-A,0,-6.0500894,0.1064782440662384,0.842746376991272,0.7071982026100159
YOR034C,YLL022C,1,-6.050105,0.106603242456913,0.8438538312911987,0.7071982026100159
YDR106W,YKR095W,0,-6.050232,0.10658833384513855,0.8438538312911987,0.7073089480400085
YGL021W,YHR096C,0,-6.050267,0.1065734252333641,0.8438538312911987,0.7074196934700012
YLR201C,YNL147W,0,-6.050437,0.10655852407217026,0.8438538312911987,0.7075304388999939
YDR440W,YHR005C,0,-6.0506887,0.10654362291097641,0.8438538312911987,0.7076411843299866
YJL170C,YNL031C,0,-6.051058,0.10652872920036316,0.8438538312911987,0.7077519297599792
YKR089C,YMR260C,0,-6.0511336,0.10651383548974991,0.8438538312911987,0.7078626751899719
YFL017W-A,YGL169W,0,-6.051217,0.10649894922971725,0.8438538312911987,0.7079734206199646
YOR160W,YBL080C,0,-6.0512357,0.1064840704202652,0.8438538312911987,0.7080841660499573
YOR032C,YPL212C,0,-6.0513096,0.10646919161081314,0.8438538312911987,0.70819491147995
YPL061W,YNL128W,0,-6.0515995,0.10645432025194168,0.8438538312911987,0.7083056569099426
YLR131C,YML078W,0,-6.051795,0.10643944889307022,0.8438538312911987,0.7084164023399353
YKL146W,YBR289W,0,-6.051798,0.10642457753419876,0.8438538312911987,0.708527147769928
YNL065W,YDR177W,0,-6.051856,0.1064097210764885,0.8438538312911987,0.7086378931999207
YDR118W,YEL065W,0,-6.0521274,0.10639486461877823,0.8438538312911987,0.7087486386299133
YDR515W,YLL056C,0,-6.0522842,0.10638000816106796,0.8438538312911987,0.708859384059906
YDL145C,YGR104C,0,-6.052353,0.1063651591539383,0.8438538312911987,0.7089700698852539
YNL318C,YJL045W,0,-6.0524077,0.10635031759738922,0.8438538312911987,0.7090808153152466
YDR481C,YOR003W,0,-6.052423,0.10633547604084015,0.8438538312911987,0.7091915607452393
YLL061W,YMR164C,0,-6.052493,0.10632063448429108,0.8438538312911987,0.7093023061752319
YOR266W,YML073C,0,-6.0527167,0.1063058003783226,0.8438538312911987,0.7094130516052246
YBR110W,YDL227C,0,-6.052732,0.10629097372293472,0.8438538312911987,0.7095237970352173
YGR244C,YBR077C,0,-6.053115,0.10627614706754684,0.8438538312911987,0.70963454246521
YIL034C,YBL050W,0,-6.0532,0.10626132786273956,0.8438538312911987,0.7097452878952026
YBR041W,YMR142C,0,-6.0533,0.10624651610851288,0.8438538312911987,0.7098560333251953
YIL103W,YLR298C,0,-6.053466,0.1062317043542862,0.8438538312911987,0.709966778755188
YML132W,YBR250W,0,-6.0535316,0.10621689260005951,0.8438538312911987,0.7100775241851807
YNL047C,YBR231C,0,-6.0540643,0.10620208829641342,0.8438538312911987,0.7101882696151733
YGL105W,YNL003C,0,-6.0540853,0.10618729144334793,0.8438538312911987,0.710299015045166
YNL288W,YJL133W,0,-6.0541553,0.10617249459028244,0.8438538312911987,0.7104097604751587
YFR008W,YNR034W,0,-6.0542226,0.10615770518779755,0.8438538312911987,0.7105205059051514
YDR096W,YNL099C,0,-6.05449,0.10614291578531265,0.8438538312911987,0.710631251335144
YIL038C,YDR529C,0,-6.054806,0.10612813383340836,0.8438538312911987,0.7107419967651367
YBR131W,YOR142W,0,-6.055121,0.10611335188150406,0.8438538312911987,0.7108527421951294
YDR281C,YIL061C,0,-6.0551553,0.10609857738018036,0.8438538312911987,0.7109634280204773
YLR371W,YML055W,0,-6.0553274,0.10608381032943726,0.8438538312911987,0.71107417345047
YJR092W,YDR277C,0,-6.0554233,0.10606904327869415,0.8438538312911987,0.7111849188804626
YEL015W,YGL219C,0,-6.0555334,0.10605427622795105,0.8438538312911987,0.7112956643104553
YPR171W,YER012W,0,-6.0557075,0.10603952407836914,0.8438538312911987,0.711406409740448
YGL192W,YML092C,0,-6.055779,0.10602476447820663,0.8438538312911987,0.7115171551704407
YDL197C,YHR062C,0,-6.0558934,0.10601001977920532,0.8438538312911987,0.7116279006004333
YML081C-A,YDR059C,0,-6.0560026,0.10599526762962341,0.8438538312911987,0.711738646030426
YOR355W,YBR136W,0,-6.0565076,0.1059805303812027,0.8438538312911987,0.7118493914604187
YMR033W,YDR018C,0,-6.056535,0.10596579313278198,0.8438538312911987,0.7119601368904114
YOL122C,YNL046W,0,-6.0567284,0.10595105588436127,0.8438538312911987,0.712070882320404
YDR037W,YHL009C,0,-6.057295,0.10593632608652115,0.8438538312911987,0.7121816277503967
YPR042C,YBR284W,0,-6.0574074,0.10592160373926163,0.8438538312911987,0.7122923731803894
YAR019C,YHR150W,0,-6.0576143,0.1059068813920021,0.8438538312911987,0.7124031186103821
YFL029C,YNR054C,0,-6.0577683,0.10589215904474258,0.8438538312911987,0.7125138640403748
YLR303W,YGR082W,0,-6.0579233,0.10587745159864426,0.8438538312911987,0.7126246094703674
YMR042W,YOR049C,0,-6.0579653,0.10586273670196533,0.8438538312911987,0.7127353549003601
YJL165C,YDR532C,0,-6.0583086,0.1058480367064476,0.8438538312911987,0.712846040725708
YNL065W,YDR443C,0,-6.0584903,0.10583333671092987,0.8438538312911987,0.7129567861557007
YER028C,YBR170C,0,-6.0585165,0.10581863671541214,0.8438538312911987,0.7130675315856934
YML031W,YML021C,0,-6.058732,0.105803944170475,0.8438538312911987,0.713178277015686
YKL190W,YER178W,0,-6.0588045,0.10578925162553787,0.8438538312911987,0.7132890224456787
YOR030W,YJL108C,0,-6.0588818,0.10577456653118134,0.8438538312911987,0.7133997678756714
YBL023C,YBR030W,0,-6.0589,0.1057598888874054,0.8438538312911987,0.7135105133056641
YKL001C,YNL332W,0,-6.0589194,0.10574521124362946,0.8438538312911987,0.7136212587356567
YBL019W,YDR532C,0,-6.059348,0.10573054105043411,0.8438538312911987,0.7137320041656494
YOL143C,YHR172W,0,-6.0594873,0.10571587085723877,0.8438538312911987,0.7138427495956421
YGL018C,YNR053C,0,-6.060152,0.10570120811462402,0.8438538312911987,0.7139534950256348
YJL081C,YLR195C,1,-6.060169,0.10582524538040161,0.8449612259864807,0.7139534950256348
YIL038C,YIL167W,0,-6.0601697,0.10581056773662567,0.8449612259864807,0.7140642404556274
YMR238W,YML004C,0,-6.060197,0.10579589754343033,0.8449612259864807,0.7141749858856201
YDR276C,YAR008W,0,-6.060356,0.10578122735023499,0.8449612259864807,0.7142857313156128
YOR241W,YMR283C,0,-6.0603766,0.10576656460762024,0.8449612259864807,0.7143964767456055
YIR012W,YOL102C,0,-6.0605793,0.10575190931558609,0.8449612259864807,0.7145072221755981
YOR023C,YLR195C,1,-6.0606117,0.10587583482265472,0.8460686802864075,0.7145072221755981
YDL149W,YGR140W,0,-6.060784,0.10586116462945938,0.8460686802864075,0.7146179676055908
YOR340C,YEL065W,0,-6.0610166,0.10584649443626404,0.8460686802864075,0.7147286534309387
YNL065W,YNL085W,0,-6.0610933,0.10583183169364929,0.8460686802864075,0.7148393988609314
YLR195C,YLL002W,1,-6.06112,0.10595567524433136,0.8471760749816895,0.7148393988609314
YIL123W,YIL073C,0,-6.061281,0.10594100505113602,0.8471760749816895,0.7149501442909241
YMR313C,YGL039W,0,-6.061284,0.10592633485794067,0.8471760749816895,0.7150608897209167
YER126C,YPL218W,0,-6.0613546,0.10591167211532593,0.8471760749816895,0.7151716351509094
YJR017C,YFL016C,0,-6.0617657,0.10589700937271118,0.8471760749816895,0.7152823805809021
YIL030C,YHR070W,0,-6.061885,0.10588235408067703,0.8471760749816895,0.7153931260108948
YPR068C,YNL117W,0,-6.061989,0.10586769878864288,0.8471760749816895,0.7155038714408875
YDR143C,YGL115W,0,-6.0621424,0.10585305094718933,0.8471760749816895,0.7156146168708801
YJL100W,YMR143W,0,-6.062298,0.10583840310573578,0.8471760749816895,0.7157253623008728
YOR191W,YDR353W,0,-6.062419,0.10582376271486282,0.8471760749816895,0.7158361077308655
YER174C,YBR133C,0,-6.062504,0.10580912977457047,0.8471760749816895,0.7159468531608582
YDR075W,YLR208W,0,-6.0627723,0.1057944968342781,0.8471760749816895,0.7160575985908508
YPL224C,YDR486C,0,-6.062838,0.10577986389398575,0.8471760749816895,0.7161683440208435
YNL037C,YMR284W,0,-6.062987,0.10576524585485458,0.8471760749816895,0.7162790894508362
YER159C,YJL052W,0,-6.0631247,0.10575062036514282,0.8471760749816895,0.7163898348808289
YDR254W,YFL017W-A,0,-6.0632524,0.10573600232601166,0.8471760749816895,0.7165005803108215
YBR058C,YNR039C,0,-6.0632896,0.10572139173746109,0.8471760749816895,0.7166112661361694
YKL053C-A,YNR059W,0,-6.0633764,0.10570678114891052,0.8471760749816895,0.7167220115661621
YKL205W,YER162C,0,-6.0635815,0.10569217801094055,0.8471760749816895,0.7168327569961548
YMR056C,YJL194W,0,-6.0642724,0.10567758232355118,0.8471760749816895,0.7169435024261475
YDL155W,YML004C,0,-6.064372,0.1056629866361618,0.8471760749816895,0.7170542478561401
YKL160W,YOR371C,0,-6.0645256,0.10564839094877243,0.8471760749816895,0.7171649932861328
YJL102W,YOR367W,0,-6.064553,0.10563380271196365,0.8471760749816895,0.7172757387161255
YGL175C,YJL093C,0,-6.0646234,0.10561922192573547,0.8471760749816895,0.7173864841461182
YNL290W,YGR095C,0,-6.0646653,0.1056046411395073,0.8471760749816895,0.7174972295761108
YLR114C,YBL100W-B,0,-6.0648613,0.10559006035327911,0.8471760749816895,0.7176079750061035
YJR093C,YML023C,0,-6.0649347,0.10557548701763153,0.8471760749816895,0.7177187204360962
YJR040W,YGL219C,0,-6.064982,0.10556092113256454,0.8471760749816895,0.7178294658660889
YDR281C,YPL063W,0,-6.0652523,0.10554635524749756,0.8471760749816895,0.7179402112960815
YBL005W,YGR091W,0,-6.065315,0.10553179681301117,0.8471760749816895,0.7180509567260742
YFL021W,YJL072C,0,-6.0653305,0.10551723837852478,0.8471760749816895,0.7181617021560669
YIL035C,YBR256C,0,-6.0653443,0.10550268739461899,0.8471760749816895,0.7182724475860596
YMR119W,YNL281W,0,-6.065579,0.10548814386129379,0.8471760749816895,0.7183831930160522
YDL055C,YHR203C,0,-6.065734,0.1054736003279686,0.8471760749816895,0.7184939384460449
YBR145W,YPL259C,0,-6.065737,0.1054590567946434,0.8471760749816895,0.7186046242713928
YOL151W,YDR142C,0,-6.0658183,0.1054445207118988,0.8471760749816895,0.7187153697013855
YMR204C,YDR346C,0,-6.06649,0.1054299920797348,0.8471760749816895,0.7188261151313782
YIL095W,YOL028C,0,-6.0665073,0.1054154634475708,0.8471760749816895,0.7189368605613708
YPR164W,YGR181W,0,-6.0669184,0.1054009348154068,0.8471760749816895,0.7190476059913635
YDR280W,YLL024C,0,-6.067013,0.1053864136338234,0.8471760749816895,0.7191583514213562
YHR019C,YMR285C,0,-6.0672035,0.10537189990282059,0.8471760749816895,0.7192690968513489
YDR206W,YPL097W,0,-6.067526,0.10535738617181778,0.8471760749816895,0.7193798422813416
YMR311C,YDL079C,0,-6.0676284,0.10534287989139557,0.8471760749816895,0.7194905877113342
YGL099W,YDL105W,0,-6.067649,0.10532837361097336,0.8471760749816895,0.7196013331413269
YOR023C,YGR147C,1,-6.067669,0.1054515391588211,0.8482834696769714,0.7196013331413269
YNR002C,YOR103C,0,-6.0678105,0.1054370254278183,0.8482834696769714,0.7197120785713196
YBR192W,YBL102W,0,-6.0680265,0.10542251914739609,0.8482834696769714,0.7198228240013123
YDR062W,YKL122C,0,-6.0681047,0.10540800541639328,0.8482834696769714,0.7199335694313049
YER155C,YJR028W,0,-6.0681114,0.10539350658655167,0.8482834696769714,0.7200443148612976
YCR075C,YPR154W,0,-6.06815,0.10537900775671005,0.8482834696769714,0.7201550602912903
YGR222W,YDR407C,0,-6.0682206,0.10536450892686844,0.8482834696769714,0.720265805721283
YOR213C,YJR086W,0,-6.068228,0.10535001754760742,0.8482834696769714,0.7203765511512756
YPR111W,YIL098C,0,-6.0682745,0.105335533618927,0.8482834696769714,0.7204872369766235
YHL019C,YOR018W,0,-6.0684013,0.10532104969024658,0.8482834696769714,0.7205979824066162
YBL008W,YCR067C,0,-6.0685186,0.10530657321214676,0.8482834696769714,0.7207087278366089
YOR236W,YOL091W,0,-6.068565,0.10529209673404694,0.8482834696769714,0.7208194732666016
YLR069C,YDR150W,0,-6.0686474,0.10527762770652771,0.8482834696769714,0.7209302186965942
YHR171W,YDL155W,0,-6.068656,0.10526315867900848,0.8482834696769714,0.7210409641265869
YHR172W,YJR086W,0,-6.0687304,0.10524869710206985,0.8482834696769714,0.7211517095565796
YGR264C,YOR334W,0,-6.06882,0.10523423552513123,0.8482834696769714,0.7212624549865723
YHR183W,YOL138C,0,-6.0690703,0.1052197813987732,0.8482834696769714,0.7213732004165649
YNL331C,YHR070W,0,-6.0692253,0.10520532727241516,0.8482834696769714,0.7214839458465576
YKL085W,YDL138W,0,-6.069283,0.10519088059663773,0.8482834696769714,0.7215946912765503
YMR283C,YPL206C,0,-6.0693884,0.10517644137144089,0.8482834696769714,0.721705436706543
YKL129C,YGL115W,0,-6.069467,0.10516200214624405,0.8482834696769714,0.7218161821365356
YGL119W,YPL087W,0,-6.069983,0.10514756292104721,0.8482834696769714,0.7219269275665283
YGR166W,YLR059C,0,-6.070546,0.10513313114643097,0.8482834696769714,0.722037672996521
YOR298C-A,YLR219W,0,-6.070615,0.10511870682239532,0.8482834696769714,0.7221484184265137
YNL258C,YEL003W,0,-6.070709,0.10510428249835968,0.8482834696769714,0.7222591638565063
YDR022C,YJL054W,0,-6.0712194,0.10508985817432404,0.8482834696769714,0.7223698496818542
YOR204W,YPL192C,0,-6.071289,0.10507544875144958,0.8482834696769714,0.7224805951118469
YNL267W,YNL046W,0,-6.0713663,0.10506103187799454,0.8482834696769714,0.7225913405418396
YMR311C,YNL318C,0,-6.071371,0.10504662990570068,0.8482834696769714,0.7227020859718323
YDR077W,YFL059W,0,-6.0715704,0.10503222048282623,0.8482834696769714,0.722812831401825
YDL226C,YGL084C,0,-6.071602,0.10501782596111298,0.8482834696769714,0.7229235768318176
YFR053C,YOL105C,0,-6.0716305,0.10500342398881912,0.8482834696769714,0.7230343222618103
YBL019W,YDR515W,0,-6.071812,0.10498903691768646,0.8482834696769714,0.723145067691803
YMR201C,YEL031W,0,-6.0718846,0.1049746498465538,0.8482834696769714,0.7232558131217957
YLR411W,YNL214W,0,-6.0720015,0.10496026277542114,0.8482834696769714,0.7233665585517883
YGR227W,YJR031C,0,-6.0721045,0.10494588315486908,0.8482834696769714,0.723477303981781
YAR033W,YMR143W,0,-6.072488,0.10493150353431702,0.8482834696769714,0.7235880494117737
YLR381W,YPL146C,0,-6.0726466,0.10491713136434555,0.8482834696769714,0.7236987948417664
YGL073W,YAL025C,0,-6.0727243,0.10490276664495468,0.8482834696769714,0.723809540271759
YJL145W,YPL139C,0,-6.072753,0.10488840192556381,0.8482834696769714,0.7239202857017517
YLR153C,YPL129W,1,-6.072898,0.10501095652580261,0.8493909239768982,0.7239202857017517
YOR030W,YHR167W,0,-6.072913,0.10499657690525055,0.8493909239768982,0.7240310311317444
YOR049C,YMR106C,0,-6.073162,0.10498220473527908,0.8493909239768982,0.7241417765617371
YDR331W,YPR144C,0,-6.073187,0.10496784001588821,0.8493909239768982,0.724252462387085
YGL192W,YPL274W,0,-6.0737348,0.10495347529649734,0.8493909239768982,0.7243632078170776
YJR010C-A,YBR169C,0,-6.0738773,0.10493911802768707,0.8493909239768982,0.7244739532470703
YAR002C-A,YBR142W,0,-6.073977,0.1049247607588768,0.8493909239768982,0.724584698677063
YOR061W,YEL050C,0,-6.0749283,0.10491041094064713,0.8493909239768982,0.7246954441070557
YPR199C,YJR069C,0,-6.0750628,0.10489606112241745,0.8493909239768982,0.7248061895370483
YGL021W,YOR266W,0,-6.075138,0.10488171875476837,0.8493909239768982,0.724916934967041
YEL056W,YHR099W,1,-6.075205,0.10500410199165344,0.8504983186721802,0.724916934967041
YPR187W,YBL061C,0,-6.0753393,0.10498974472284317,0.8504983186721802,0.7250276803970337
YJL090C,YFL002C,0,-6.075452,0.1049753949046135,0.8504983186721802,0.7251384258270264
YER044C,YOR308C,0,-6.0757585,0.10496105253696442,0.8504983186721802,0.725249171257019
YDL231C,YPR121W,0,-6.0758996,0.10494671016931534,0.8504983186721802,0.7253599166870117
YLR176C,YHR214C-B,0,-6.076063,0.10493236780166626,0.8504983186721802,0.7254706621170044
YGL105W,YPR025C,0,-6.076095,0.10491803288459778,0.8504983186721802,0.7255814075469971
YKL012W,YDR422C,0,-6.076211,0.1049036979675293,0.8504983186721802,0.7256921529769897
YNL329C,YPR018W,0,-6.0764513,0.10488937795162201,0.8504983186721802,0.7258028984069824
YMR184W,YGL027C,0,-6.076678,0.10487505048513412,0.8504983186721802,0.7259136438369751
YIR019C,YMR268C,0,-6.076734,0.10486073046922684,0.8504983186721802,0.7260243892669678
YPL224C,YOL104C,0,-6.0767403,0.10484641790390015,0.8504983186721802,0.7261351346969604
YML013W,YDL112W,0,-6.0768175,0.10483210533857346,0.8504983186721802,0.7262458205223083
YHR043C,YNL149C,0,-6.0768495,0.10481780022382736,0.8504983186721802,0.726356565952301
YDR414C,YGR078C,0,-6.0768785,0.10480349510908127,0.8504983186721802,0.7264673113822937
YDR450W,YLL021W,0,-6.076885,0.10478918999433517,0.8504983186721802,0.7265780568122864
YDR317W,YKR046C,0,-6.0769324,0.10477489978075027,0.8504983186721802,0.726688802242279
YDR365C,YJR086W,0,-6.076966,0.10476060211658478,0.8504983186721802,0.7267995476722717
YLR231C,YOL045W,0,-6.0770054,0.10474631935358047,0.8504983186721802,0.7269102931022644
YKL208W,YMR175W,0,-6.0770106,0.10473203659057617,0.8504983186721802,0.7270210385322571
YGR097W,YGR227W,0,-6.0770125,0.10471775382757187,0.8504983186721802,0.7271317839622498
YBR109C,YBR168W,0,-6.0771494,0.10470347851514816,0.8504983186721802,0.7272425293922424
YGL200C,YGR078C,0,-6.0772552,0.10468920320272446,0.8504983186721802,0.7273532748222351
YOL005C,YOR035C,0,-6.077599,0.10467493534088135,0.8504983186721802,0.7274640202522278
YLR304C,YNL054W,0,-6.077674,0.10466066747903824,0.8504983186721802,0.7275747656822205
YEL029C,YDR356W,0,-6.0778103,0.10464640706777573,0.8504983186721802,0.7276855111122131
YPR122W,YOR355W,0,-6.077909,0.10463215410709381,0.8504983186721802,0.7277962565422058
YLR011W,YNL186W,0,-6.078093,0.1046179011464119,0.8504983186721802,0.7279070019721985
YLR052W,YOR085W,0,-6.0781984,0.10460364818572998,0.8504983186721802,0.7280177474021912
YGR123C,YOR027W,0,-6.0786204,0.10458940267562866,0.8504983186721802,0.7281284332275391
YPR033C,YLL041C,0,-6.078666,0.10457516461610794,0.8504983186721802,0.7282391786575317
YHR021C,YMR313C,0,-6.078805,0.10456092655658722,0.8504983186721802,0.7283499240875244
YML008C,YNL250W,0,-6.07903,0.1045466884970665,0.8504983186721802,0.7284606695175171
YNL148C,YGL201C,0,-6.07928,0.10453246533870697,0.8504983186721802,0.7285714149475098
YBR145W,YLR293C,0,-6.079401,0.10451823472976685,0.8504983186721802,0.7286821603775024
YJR082C,YNL326C,1,-6.0795946,0.10464008897542953,0.8516057729721069,0.7286821603775024
YIL040W,YFL018C,0,-6.0798388,0.10462585091590881,0.8516057729721069,0.7287929058074951
YFL039C,YCL010C,1,-6.0799885,0.10474765300750732,0.8527131676673889,0.7287929058074951
YJL191W,YAL030W,0,-6.0801563,0.104733407497406,0.8527131676673889,0.7289036512374878
YER142C,YGR070W,0,-6.0804815,0.10471916198730469,0.8527131676673889,0.7290143966674805
YKL093W,YMR214W,0,-6.0804853,0.10470492392778397,0.8527131676673889,0.7291251420974731
YJR022W,YNL293W,0,-6.0806236,0.10469068586826324,0.8527131676673889,0.7292358875274658
YER035W,YMR096W,0,-6.0806646,0.10467645525932312,0.8527131676673889,0.7293466329574585
YOR034C,YPR131C,1,-6.0810356,0.10479815304279327,0.8538206219673157,0.7293466329574585
YIL037C,YMR293C,0,-6.0811453,0.10478390753269196,0.8538206219673157,0.7294573783874512
YDL126C,YDL078C,0,-6.0812144,0.10476966947317123,0.8538206219673157,0.7295681238174438
YJL047C,YMR260C,0,-6.0814104,0.10475543141365051,0.8538206219673157,0.7296788692474365
YGR249W,YGL070C,0,-6.0814424,0.10474120080471039,0.8538206219673157,0.7297896146774292
YNR027W,YJL063C,0,-6.082035,0.10472697764635086,0.8538206219673157,0.7299003601074219
YDL154W,YGR179C,0,-6.0822163,0.10471275448799133,0.8538206219673157,0.7300110459327698
YOL021C,YPL125W,0,-6.082339,0.1046985313296318,0.8538206219673157,0.7301217913627625
YPR075C,YBR167C,0,-6.082354,0.10468431562185287,0.8538206219673157,0.7302325367927551
YBL016W,YML040W,0,-6.0823603,0.10467010736465454,0.8538206219673157,0.7303432822227478
YCR073C,YJL035C,0,-6.0829344,0.10465589910745621,0.8538206219673157,0.7304540276527405
YJL058C,YDR190C,0,-6.083212,0.10464169085025787,0.8538206219673157,0.7305647730827332
YNR002C,YOR213C,0,-6.0834064,0.10462749004364014,0.8538206219673157,0.7306755185127258
YBR142W,YML088W,0,-6.083415,0.104613296687603,0.8538206219673157,0.7307862639427185
YDR376W,YOR347C,0,-6.083466,0.10459910333156586,0.8538206219673157,0.7308970093727112
YBL079W,YFR040W,0,-6.0838027,0.10458491742610931,0.8538206219673157,0.7310077548027039
YNL225C,YLR060W,0,-6.0838537,0.10457073152065277,0.8538206219673157,0.7311185002326965
YPL147W,YBR175W,0,-6.0839343,0.10455655306577682,0.8538206219673157,0.7312292456626892
YML004C,YCR037C,0,-6.084151,0.10454237461090088,0.8538206219673157,0.7313399910926819
YKL101W,YNR046W,0,-6.0841703,0.10452819615602493,0.8538206219673157,0.7314507365226746
YOL135C,YLL024C,0,-6.0841703,0.10451403260231018,0.8538206219673157,0.7315614819526672
YEL015W,YBL025W,0,-6.0844507,0.10449986159801483,0.8538206219673157,0.7316722273826599
YNR027W,YIL002C,0,-6.0848694,0.10448570549488068,0.8538206219673157,0.7317829728126526
YLL015W,YKL134C,0,-6.0853477,0.10447154194116592,0.8538206219673157,0.7318936586380005
YMR238W,YMR283C,0,-6.0854807,0.10445739328861237,0.8538206219673157,0.7320044040679932
YDL078C,YER087C-A,0,-6.0856276,0.10444323718547821,0.8538206219673157,0.7321151494979858
YGR113W,YPL106C,0,-6.085655,0.10442909598350525,0.8538206219673157,0.7322258949279785
YJR144W,YOR137C,0,-6.0856943,0.10441495478153229,0.8538206219673157,0.7323366403579712
YDL175C,YKL191W,0,-6.0857224,0.10440081357955933,0.8538206219673157,0.7324473857879639
YGR217W,YDR195W,0,-6.0857887,0.10438667982816696,0.8538206219673157,0.7325581312179565
YMR011W,YKL212W,0,-6.0857906,0.1043725460767746,0.8538206219673157,0.7326688766479492
YLR370C,YDR277C,0,-6.0860014,0.10435841977596283,0.8538206219673157,0.7327796220779419
YNL014W,YKL043W,0,-6.0860605,0.10434429347515106,0.8538206219673157,0.7328903675079346
YLR284C,YPL026C,0,-6.086144,0.10433017462491989,0.8538206219673157,0.7330011129379272
YJL170C,YLR259C,0,-6.0865927,0.10431606322526932,0.8538206219673157,0.7331118583679199
YMR043W,YMR047C,0,-6.086647,0.10430194437503815,0.8538206219673157,0.7332226037979126
YHR118C,YDR341C,0,-6.0870314,0.10428784042596817,0.8538206219673157,0.7333333492279053
YER167W,YOR172W,0,-6.0871754,0.1042737364768982,0.8538206219673157,0.733444094657898
YIR005W,YMR283C,0,-6.0879736,0.10425963252782822,0.8538206219673157,0.7335548400878906
YGL174W,YJL214W,0,-6.088128,0.10424553602933884,0.8538206219673157,0.7336655855178833
YFL057C,YHR148W,0,-6.0883365,0.10423144698143005,0.8538206219673157,0.733776330947876
YJL008C,YBL014C,0,-6.0883594,0.10421735793352127,0.8538206219673157,0.7338870167732239
YER015W,YDL040C,1,-6.088377,0.10433842241764069,0.8549280166625977,0.7338870167732239
YER087C-A,YOR367W,0,-6.088758,0.1043243259191513,0.8549280166625977,0.7339977622032166
YMR012W,YFR031C,0,-6.0893593,0.10431022942066193,0.8549280166625977,0.7341085076332092
YCR091W,YLR369W,0,-6.0893774,0.10429613292217255,0.8549280166625977,0.7342192530632019
YNL101W,YOR182C,0,-6.0895014,0.10428205132484436,0.8549280166625977,0.7343299984931946
YDR129C,YDR515W,0,-6.0896397,0.10426796227693558,0.8549280166625977,0.7344407439231873
YOR078W,YOR211C,0,-6.089774,0.10425388067960739,0.8549280166625977,0.7345514893531799
YJL156C,YDR407C,0,-6.089813,0.1042398065328598,0.8549280166625977,0.7346622347831726
YMR072W,YPL147W,0,-6.0898423,0.10422573238611221,0.8549280166625977,0.7347729802131653
YFR031C,YGL115W,0,-6.0898504,0.10421166568994522,0.8549280166625977,0.734883725643158
YLR153C,YDR459C,1,-6.089856,0.1043325662612915,0.8560354113578796,0.734883725643158
YJL091C,YLR316C,0,-6.090041,0.10431849211454391,0.8560354113578796,0.7349944710731506
YOR023C,YOL148C,1,-6.0900865,0.10443934798240662,0.8571428656578064,0.7349944710731506
YNL090W,YER024W,0,-6.0902987,0.10442525893449783,0.8571428656578064,0.7351052165031433
YBL098W,YDL017W,0,-6.090314,0.10441116988658905,0.8571428656578064,0.735215961933136
YNL221C,YOL143C,0,-6.0908403,0.10439708828926086,0.8571428656578064,0.7353267073631287
YJL031C,YDR314C,0,-6.091019,0.10438300669193268,0.8571428656578064,0.7354374527931213
YGR082W,YNL046W,0,-6.091648,0.10436893254518509,0.8571428656578064,0.735548198223114
YDR270W,YPL128C,0,-6.091887,0.1043548583984375,0.8571428656578064,0.7356589436531067
YHR036W,YAL056W,0,-6.0920987,0.10434079170227051,0.8571428656578064,0.7357696294784546
YBR145W,YER068W,0,-6.092184,0.10432672500610352,0.8571428656578064,0.7358803749084473
YPL228W,YDR407C,0,-6.092284,0.10431266576051712,0.8571428656578064,0.7359911203384399
YDR346C,YKL166C,0,-6.092676,0.10429861396551132,0.8571428656578064,0.7361018657684326
YMR055C,YOL156W,0,-6.0926857,0.10428456217050552,0.8571428656578064,0.7362126111984253
YER178W,YDR091C,0,-6.092971,0.10427051037549973,0.8571428656578064,0.736323356628418
YLR423C,YPL010W,0,-6.0931234,0.10425646603107452,0.8571428656578064,0.7364341020584106
YJL081C,YEL056W,1,-6.0932264,0.10437710583209991,0.8582502603530884,0.7364341020584106
YDL236W,YOR301W,0,-6.093625,0.10436304658651352,0.8582502603530884,0.7365448474884033
YML051W,YJL072C,0,-6.0941467,0.10434899479150772,0.8582502603530884,0.736655592918396
YDR028C,YPL123C,0,-6.094219,0.10433495044708252,0.8582502603530884,0.7367663383483887
YDR201W,YMR088C,0,-6.094365,0.10432090610265732,0.8582502603530884,0.7368770837783813
YOR136W,YHR118C,0,-6.094607,0.10430686175823212,0.8582502603530884,0.736987829208374
YBR068C,YBR123C,0,-6.0947094,0.10429282486438751,0.8582502603530884,0.7370985746383667
YMR177W,YFR005C,0,-6.0947323,0.1042787954211235,0.8582502603530884,0.7372093200683594
YOL139C,YFL013C,0,-6.094938,0.1042647659778595,0.8582502603530884,0.737320065498352
YKR036C,YOR188W,0,-6.095001,0.10425073653459549,0.8582502603530884,0.7374308109283447
YMR012W,YNR006W,0,-6.095006,0.10423671454191208,0.8582502603530884,0.7375415563583374
YGL205W,YMR263W,0,-6.0950594,0.10422269999980927,0.8582502603530884,0.7376522421836853
YDR036C,YNR047W,0,-6.095286,0.10420868545770645,0.8582502603530884,0.737762987613678
YDL132W,YGR028W,0,-6.0954547,0.10419467836618423,0.8582502603530884,0.7378737330436707
YKR022C,YNR023W,0,-6.095777,0.10418067127466202,0.8582502603530884,0.7379844784736633
YOR269W,YDR435C,0,-6.0958567,0.1041666641831398,0.8582502603530884,0.738095223903656
YBR286W,YMR266W,0,-6.095864,0.10415266454219818,0.8582502603530884,0.7382059693336487
YBR022W,YIL039W,0,-6.096028,0.10413867235183716,0.8582502603530884,0.7383167147636414
YDL117W,YOL055C,0,-6.0963287,0.10412468016147614,0.8582502603530884,0.738427460193634
YOR284W,YGR244C,0,-6.096471,0.10411069542169571,0.8582502603530884,0.7385382056236267
YGL236C,YMR203W,0,-6.0966706,0.10409671068191528,0.8582502603530884,0.7386489510536194
YJL115W,YEL066W,1,-6.096895,0.104217030107975,0.8593577146530151,0.7386489510536194
YOR245C,YDR036C,0,-6.0970345,0.10420303791761398,0.8593577146530151,0.7387596964836121
YBR295W,YBR079C,0,-6.097145,0.10418904572725296,0.8593577146530151,0.7388704419136047
YBR236C,YBR290W,0,-6.097348,0.10417505353689194,0.8593577146530151,0.7389811873435974
YDR171W,YPR133C,0,-6.0975494,0.10416107624769211,0.8593577146530151,0.7390919327735901
YBL008W,YNL227C,0,-6.0978727,0.10414709150791168,0.8593577146530151,0.7392026782035828
YML023C,YIL076W,0,-6.0979757,0.10413312166929245,0.8593577146530151,0.7393134236335754
YIL103W,YDR028C,0,-6.0982924,0.10411914438009262,0.8593577146530151,0.7394241690635681
YDR077W,YLR010C,0,-6.0983057,0.10410518199205399,0.8593577146530151,0.739534854888916
YGL012W,YDR461W,0,-6.098606,0.10409121215343475,0.8593577146530151,0.7396456003189087
YDR437W,YHR008C,0,-6.0998025,0.10407724976539612,0.8593577146530151,0.7397563457489014
YJL053W,YPR103W,0,-6.0998335,0.10406329482793808,0.8593577146530151,0.739867091178894
YPL076W,YBR066C,0,-6.1000667,0.10404933989048004,0.8593577146530151,0.7399778366088867
YPR005C,YMR268C,0,-6.100074,0.1040353924036026,0.8593577146530151,0.7400885820388794
YML092C,YHR030C,0,-6.1002617,0.10402144491672516,0.8593577146530151,0.7401993274688721
YML023C,YIR018W,0,-6.1003575,0.10400750488042831,0.8593577146530151,0.7403100728988647
YCL059C,YHR200W,0,-6.100499,0.10399356484413147,0.8593577146530151,0.7404208183288574
YFL003C,YGR122W,0,-6.1006374,0.10397963225841522,0.8593577146530151,0.7405315637588501
YKL190W,YJR010C-A,0,-6.101532,0.10396569967269897,0.8593577146530151,0.7406423091888428
YDL035C,YNL164C,0,-6.1015844,0.10395177453756332,0.8593577146530151,0.7407530546188354
YGL192W,YER149C,0,-6.101733,0.10393784940242767,0.8593577146530151,0.7408638000488281
YIL160C,YOL094C,0,-6.1017647,0.10392393171787262,0.8593577146530151,0.7409745454788208
YDR376W,YCR102C,0,-6.1018143,0.10391001403331757,0.8593577146530151,0.7410852909088135
YML073C,YPL106C,0,-6.1022196,0.10389610379934311,0.8593577146530151,0.7411960363388062
YPL159C,YDL109C,0,-6.10231,0.10388219356536865,0.8593577146530151,0.7413067817687988
YAL032C,YDR279W,0,-6.1032834,0.10386829078197479,0.8593577146530151,0.7414174675941467
YNR019W,YPL007C,0,-6.1036315,0.10385438799858093,0.8593577146530151,0.7415282130241394
YDL085W,YOR085W,0,-6.1037903,0.10384049266576767,0.8593577146530151,0.7416389584541321
YJL134W,YPL270W,0,-6.1038313,0.1038265973329544,0.8593577146530151,0.7417497038841248
YJR082C,YOR064C,1,-6.103983,0.10394648462533951,0.8604651093482971,0.7417497038841248
YOL148C,YHR090C,1,-6.1040673,0.10406634211540222,0.8615725636482239,0.7417497038841248
YNL117W,YGL232W,0,-6.1041064,0.10405242443084717,0.8615725636482239,0.7418604493141174
YHR015W,YHR152W,0,-6.1041307,0.10403851419687271,0.8615725636482239,0.7419711947441101
YGL001C,YNL293W,0,-6.1042795,0.10402460396289825,0.8615725636482239,0.7420819401741028
YGL190C,YDR143C,0,-6.1042976,0.1040106937289238,0.8615725636482239,0.7421926856040955
YBL105C,YKR081C,0,-6.1044617,0.10399679094552994,0.8615725636482239,0.7423034310340881
YDL149W,YDR400W,0,-6.1045403,0.10398289561271667,0.8615725636482239,0.7424141764640808
YPL208W,YDR330W,0,-6.104732,0.10396899282932281,0.8615725636482239,0.7425249218940735
YMR240C,YDR081C,0,-6.104911,0.10395510494709015,0.8615725636482239,0.7426356673240662
YKL146W,YOL164W,0,-6.105158,0.10394121706485748,0.8615725636482239,0.7427464127540588
YNL173C,YHL025W,0,-6.1052847,0.10392732918262482,0.8615725636482239,0.7428571581840515
YOL063C,YDL087C,0,-6.105413,0.10391344875097275,0.8615725636482239,0.7429679036140442
YMR037C,YDR280W,0,-6.105507,0.10389957576990128,0.8615725636482239,0.7430786490440369
YDR126W,YOR064C,1,-6.105528,0.10401922464370728,0.8626799583435059,0.7430786490440369
YDR421W,YIL142W,0,-6.105649,0.10400533676147461,0.8626799583435059,0.7431893944740295
YEL063C,YJL184W,0,-6.1056757,0.10399145632982254,0.8626799583435059,0.7433001399040222
YJR025C,YPR081C,0,-6.1056943,0.10397757589817047,0.8626799583435059,0.7434108257293701
YDL195W,YDR515W,0,-6.1057777,0.103963702917099,0.8626799583435059,0.7435215711593628
YNL288W,YNL231C,0,-6.10581,0.10394982993602753,0.8626799583435059,0.7436323165893555
YCL055W,YIL076W,0,-6.1060176,0.10393595695495605,0.8626799583435059,0.7437430620193481
YKL040C,YDR247W,0,-6.1062737,0.10392209142446518,0.8626799583435059,0.7438538074493408
YHR053C,YHR148W,0,-6.1063557,0.1039082333445549,0.8626799583435059,0.7439645528793335
YDR148C,YMR305C,0,-6.1065683,0.10389437526464462,0.8626799583435059,0.7440752983093262
YLR107W,YEL054C,0,-6.1066065,0.10388051718473434,0.8626799583435059,0.7441860437393188
YJR125C,YNL339C,0,-6.106693,0.10386666655540466,0.8626799583435059,0.7442967891693115
YPR185W,YCR042C,0,-6.107211,0.10385281592607498,0.8626799583435059,0.7444075345993042
YGR167W,YDL154W,0,-6.1072903,0.1038389727473259,0.8626799583435059,0.7445182800292969
YGL119W,YNL182C,0,-6.1075253,0.10382513701915741,0.8626799583435059,0.7446290254592896
YMR246W,YDR167W,1,-6.108042,0.1039445623755455,0.8637873530387878,0.7446290254592896
YLL022C,YGR002C,1,-6.1080923,0.1040639579296112,0.8648948073387146,0.7446290254592896
YPR023C,YEL066W,1,-6.108138,0.10418332368135452,0.8660022020339966,0.7446290254592896
YPL125W,YIL061C,0,-6.1082187,0.10416944324970245,0.8660022020339966,0.7447397708892822
YMR246W,YCL010C,1,-6.1083584,0.10428875684738159,0.8671096563339233,0.7447397708892822
YNL129W,YKR053C,0,-6.108497,0.10427486896514893,0.8671096563339233,0.7448505163192749
YMR068W,YOR346W,0,-6.108529,0.10426098853349686,0.8671096563339233,0.7449612617492676
YER001W,YKL214C,0,-6.1087155,0.10424710065126419,0.8671096563339233,0.7450720071792603
YMR056C,YJR007W,0,-6.1087956,0.10423322767019272,0.8671096563339233,0.7451827526092529
YPL040C,YBR154C,0,-6.108919,0.10421935468912125,0.8671096563339233,0.7452934384346008
YNL298W,YPR124W,0,-6.1094832,0.10420548170804977,0.8671096563339233,0.7454041838645935
YNL154C,YDR018C,0,-6.10954,0.1041916161775589,0.8671096563339233,0.7455149292945862
YIL079C,YOL039W,0,-6.109548,0.10417775064706802,0.8671096563339233,0.7456256747245789
YHR013C,YPL129W,1,-6.109787,0.10429693013429642,0.8682170510292053,0.7456256747245789
YOR354C,YKR089C,0,-6.1100726,0.10428305715322495,0.8682170510292053,0.7457364201545715
YKL053C-A,YBR030W,0,-6.1101336,0.10426918417215347,0.8682170510292053,0.7458471655845642
YGR113W,YHR188C,0,-6.110215,0.1042553186416626,0.8682170510292053,0.7459579110145569
YER183C,YHR060W,0,-6.1103034,0.10424146056175232,0.8682170510292053,0.7460686564445496
YDR254W,YGR222W,0,-6.110573,0.10422760248184204,0.8682170510292053,0.7461794018745422
YER119C,YJR145C,0,-6.1111093,0.10421374440193176,0.8682170510292053,0.7462901473045349
YPL244C,YDR143C,0,-6.1111345,0.10419989377260208,0.8682170510292053,0.7464008927345276
YLR107W,YEL057C,0,-6.1113033,0.1041860431432724,0.8682170510292053,0.7465116381645203
YPL021W,YGL135W,0,-6.11148,0.10417219996452332,0.8682170510292053,0.7466223835945129
YJL100W,YGR059W,0,-6.1115417,0.10415836423635483,0.8682170510292053,0.7467331290245056
YNL014W,YLR014C,0,-6.1118255,0.10414452850818634,0.8682170510292053,0.7468438744544983
YEL071W,YBR245C,0,-6.1119156,0.10413069278001785,0.8682170510292053,0.746954619884491
YBR161W,YMR139W,0,-6.112089,0.10411686450242996,0.8682170510292053,0.7470653653144836
YPL224C,YPR078C,0,-6.112144,0.10410304367542267,0.8682170510292053,0.7471760511398315
YDR214W,YNL242W,0,-6.112172,0.10408922284841537,0.8682170510292053,0.7472867965698242
YPL271W,YDR172W,0,-6.112277,0.10407540202140808,0.8682170510292053,0.7473975419998169
YPR199C,YOR307C,0,-6.112525,0.10406158864498138,0.8682170510292053,0.7475082874298096
YLR153C,YEL056W,1,-6.1127977,0.10418049246072769,0.8693244457244873,0.7475082874298096
YBL020W,YCL054W,0,-6.112953,0.1041666641831398,0.8693244457244873,0.7476190328598022
YOR335C,YDL135C,0,-6.1132994,0.10415284335613251,0.8693244457244873,0.7477297782897949
YAL054C,YDR126W,1,-6.1133986,0.10427168756723404,0.8704319000244141,0.7477297782897949
YAL003W,YHR160C,0,-6.1135387,0.10425785928964615,0.8704319000244141,0.7478405237197876
YGL209W,YML005W,0,-6.114348,0.10424403101205826,0.8704319000244141,0.7479512691497803
YNL065W,YGR211W,0,-6.1143875,0.10423021018505096,0.8704319000244141,0.748062014579773
YKR028W,YDR059C,0,-6.1144257,0.10421638935804367,0.8704319000244141,0.7481727600097656
YBR236C,YJL204C,0,-6.1145105,0.10420256853103638,0.8704319000244141,0.7482835054397583
YOR074C,YDR057W,0,-6.1146913,0.10418876260519028,0.8704319000244141,0.748394250869751
YJR097W,YHR005C-A,0,-6.1152534,0.10417494922876358,0.8704319000244141,0.7485049962997437
YAL012W,YDR189W,0,-6.115278,0.10416114330291748,0.8704319000244141,0.7486157417297363
YOR354C,YKR097W,0,-6.115366,0.10414734482765198,0.8704319000244141,0.748726487159729
YJL060W,YMR270C,0,-6.1155005,0.10413354635238647,0.8704319000244141,0.7488372325897217
YDR256C,YJL063C,0,-6.1156573,0.10411974787712097,0.8704319000244141,0.7489479780197144
YOR034C,YPL129W,1,-6.115693,0.10423841327428818,0.871539294719696,0.7489479780197144
YHR072W,YHR021C,0,-6.1157722,0.10422460734844208,0.871539294719696,0.7490586638450623
YNL055C,YPL239W,0,-6.1160097,0.10421080142259598,0.871539294719696,0.7491694092750549
YGR170W,YOL117W,0,-6.1161404,0.10419701039791107,0.871539294719696,0.7492801547050476
YJR092W,YEL017C-A,0,-6.116149,0.10418321192264557,0.871539294719696,0.7493909001350403
YOR032C,YGR275W,0,-6.1163116,0.10416942089796066,0.871539294719696,0.749501645565033
YEL050C,YDR425W,0,-6.116366,0.10415563732385635,0.871539294719696,0.7496123909950256
YDR214W,YIR012W,0,-6.1164827,0.10414185374975204,0.871539294719696,0.7497231364250183
YBR022W,YPL131W,0,-6.1165056,0.10412807762622833,0.871539294719696,0.749833881855011
YBR142W,YER072W,0,-6.1165857,0.10411430150270462,0.871539294719696,0.7499446272850037
YNL008C,YOR290C,0,-6.1166315,0.10410052537918091,0.871539294719696,0.7500553727149963
YKR086W,YJR110W,0,-6.116644,0.10408676415681839,0.871539294719696,0.750166118144989
YPL241C,YPL121C,0,-6.1166773,0.10407299548387527,0.871539294719696,0.7502768635749817
YJL025W,YGR270W,0,-6.116932,0.10405923426151276,0.871539294719696,0.7503876090049744
YDL230W,YGR213C,0,-6.1170454,0.10404548048973083,0.871539294719696,0.750498354434967
YJL025W,YFR031C,0,-6.117076,0.10403172671794891,0.871539294719696,0.7506090998649597
YMR072W,YMR202W,0,-6.117573,0.10401797294616699,0.871539294719696,0.7507198452949524
YDL150W,YIL123W,0,-6.117759,0.10400422662496567,0.871539294719696,0.7508305907249451
YLR191W,YLR009W,0,-6.1179485,0.10399048775434494,0.871539294719696,0.7509413361549377
YPL021W,YDR341C,0,-6.1179814,0.10397674888372421,0.871539294719696,0.7510520219802856
YHR183W,YJL104W,0,-6.1184583,0.10396301001310349,0.871539294719696,0.7511627674102783
YML047C,YLR272C,0,-6.118599,0.10394927859306335,0.871539294719696,0.751273512840271
YJL134W,YJL154C,0,-6.1186123,0.10393555462360382,0.871539294719696,0.7513842582702637
YIL103W,YOR326W,0,-6.118654,0.10392183065414429,0.871539294719696,0.7514950037002563
YMR076C,YOR256C,0,-6.1192017,0.10390810668468475,0.871539294719696,0.751605749130249
YDL192W,YLR105C,0,-6.1194077,0.10389439016580582,0.871539294719696,0.7517164945602417
YJL102W,YDR456W,0,-6.1195507,0.10388067364692688,0.871539294719696,0.7518272399902344
YIL033C,YEL057C,0,-6.119617,0.10386696457862854,0.871539294719696,0.751937985420227
YIL082W-A,YOL138C,0,-6.1200504,0.1038532629609108,0.871539294719696,0.7520487308502197
YGL105W,YOR328W,0,-6.1200614,0.10383955389261246,0.871539294719696,0.7521594762802124
YPR122W,YDR473C,0,-6.12017,0.10382585972547531,0.871539294719696,0.7522702217102051
YBR275C,YGR152C,0,-6.120209,0.10381216555833817,0.871539294719696,0.7523809671401978
YGR267C,YJL113W,0,-6.120244,0.10379847139120102,0.871539294719696,0.7524917125701904
YNL231C,YIL063C,0,-6.120435,0.10378478467464447,0.871539294719696,0.7526024580001831
YIL114C,YDR087C,0,-6.1205106,0.10377109795808792,0.871539294719696,0.7527132034301758
YPL117C,YPR016C,0,-6.1205416,0.10375741869211197,0.871539294719696,0.7528239488601685
YDR202C,YFR031C,0,-6.1206822,0.10374373942613602,0.871539294719696,0.7529346346855164
YMR301C,YLR214W,0,-6.1208134,0.10373006761074066,0.871539294719696,0.753045380115509
YJL115W,YOR064C,1,-6.120885,0.1038481816649437,0.8726467490196228,0.753045380115509
YMR184W,YMR173W,0,-6.1212797,0.10383449494838715,0.8726467490196228,0.7531561255455017
YEL061C,YDR122W,0,-6.1218853,0.1038208156824112,0.8726467490196228,0.7532668709754944
YJL183W,YOL144W,0,-6.1219034,0.10380713641643524,0.8726467490196228,0.7533776164054871
YDR363W,YGR009C,0,-6.1224937,0.10379346460103989,0.8726467490196228,0.7534883618354797
YOR030W,YJL134W,0,-6.122554,0.10377980023622513,0.8726467490196228,0.7535991072654724
YLR079W,YOL102C,0,-6.122649,0.10376612842082977,0.8726467490196228,0.7537098526954651
YNR035C,YPR138C,0,-6.1230083,0.10375247150659561,0.8726467490196228,0.7538205981254578
YOR094W,YIL010W,0,-6.1230593,0.10373880714178085,0.8726467490196228,0.7539313435554504
YGR159C,YPL124W,0,-6.123192,0.10372515767812729,0.8726467490196228,0.7540420889854431
YLR319C,YOL124C,0,-6.123315,0.10371150076389313,0.8726467490196228,0.7541528344154358
YDR459C,YDR126W,1,-6.123464,0.10382945090532303,0.8737541437149048,0.7541528344154358
YLR023C,YCL051W,0,-6.123514,0.10381578654050827,0.8737541437149048,0.7542635798454285
YLR335W,YDL230W,0,-6.1236286,0.10380212962627411,0.8737541437149048,0.7543743252754211
YFL016C,YBR223C,0,-6.1238117,0.10378848016262054,0.8737541437149048,0.7544850707054138
YPR171W,YPL154C,0,-6.124408,0.10377482324838638,0.8737541437149048,0.7545958161354065
YIL124W,YJR017C,0,-6.1245627,0.10376118123531342,0.8737541437149048,0.7547065615653992
YPR119W,YJL048C,0,-6.1247883,0.10374753177165985,0.8737541437149048,0.7548172473907471
YOR061W,YBR201W,0,-6.1249084,0.10373389720916748,0.8737541437149048,0.7549279928207397
YJR065C,YJL089W,0,-6.125728,0.10372025519609451,0.8737541437149048,0.7550387382507324
YGR003W,YHR197W,0,-6.1263595,0.10370662808418274,0.8737541437149048,0.7551494836807251
YBL009W,YPL283C,0,-6.1263733,0.10369299352169037,0.8737541437149048,0.7552602291107178
YDL008W,YPL210C,0,-6.126569,0.1036793664097786,0.8737541437149048,0.7553709745407104
YLR051C,YOL054W,0,-6.126709,0.10366574674844742,0.8737541437149048,0.7554817199707031
YDL208W,YOR129C,0,-6.1268625,0.10365212708711624,0.8737541437149048,0.7555924654006958
YJR091C,YOL054W,0,-6.1270676,0.10363851487636566,0.8737541437149048,0.7557032108306885
YMR014W,YOR254C,0,-6.1272063,0.10362490266561508,0.8737541437149048,0.7558139562606812
YDR251W,YKL012W,0,-6.1272297,0.1036112904548645,0.8737541437149048,0.7559247016906738
YNR049C,YLR249W,0,-6.1275396,0.10359768569469452,0.8737541437149048,0.7560354471206665
YFL021W,YPL093W,0,-6.127579,0.10358408838510513,0.8737541437149048,0.7561461925506592
YNL327W,YDR469W,0,-6.1277914,0.10357049107551575,0.8737541437149048,0.7562569379806519
YNL281W,YHR048W,0,-6.1280375,0.10355689376592636,0.8737541437149048,0.7563676834106445
YIL149C,YPL006W,0,-6.128223,0.10354330390691757,0.8737541437149048,0.7564784288406372
YPL078C,YLR002C,0,-6.128603,0.10352972149848938,0.8737541437149048,0.7565891742706299
YMR246W,YEL056W,1,-6.1293764,0.10364733636379242,0.8748615980148315,0.7565891742706299
YPL270W,YGL246C,0,-6.1293807,0.10363373905420303,0.8748615980148315,0.7566998600959778
YPL193W,YDR289C,0,-6.129474,0.10362014919519424,0.8748615980148315,0.7568106055259705
YDR487C,YMR260C,0,-6.1296735,0.10360655933618546,0.8748615980148315,0.7569213509559631
YOR295W,YPL144W,0,-6.1297526,0.10359296947717667,0.8748615980148315,0.7570320963859558
YOR307C,YMR039C,0,-6.1298,0.10357938706874847,0.8748615980148315,0.7571428418159485
YJL208C,YOL069W,0,-6.1298294,0.10356581211090088,0.8748615980148315,0.7572535872459412
YLR175W,YOR270C,0,-6.1298623,0.10355223715305328,0.8748615980148315,0.7573643326759338
YCL004W,YMR201C,0,-6.1299067,0.10353866219520569,0.8748615980148315,0.7574750781059265
YKR036C,YOR003W,0,-6.129952,0.10352509468793869,0.8748615980148315,0.7575858235359192
YGL137W,YIR026C,0,-6.130151,0.10351152718067169,0.8748615980148315,0.7576965689659119
YKR065C,YDR018C,0,-6.130536,0.10349796712398529,0.8748615980148315,0.7578073143959045
YCR106W,YNL121C,0,-6.130619,0.10348441451787949,0.8748615980148315,0.7579180598258972
YIL070C,YMR054W,0,-6.130684,0.10347085446119308,0.8748615980148315,0.7580288052558899
YDR411C,YOL066C,0,-6.1306896,0.10345730930566788,0.8748615980148315,0.7581395506858826
YBR123C,YPL203W,0,-6.130705,0.10344376415014267,0.8748615980148315,0.7582502961158752
YJL014W,YGR141W,0,-6.1308393,0.10343021899461746,0.8748615980148315,0.7583610415458679
YHR096C,YER178W,0,-6.1310515,0.10341668128967285,0.8748615980148315,0.7584717869758606
YER127W,YDR244W,0,-6.1312056,0.10340314358472824,0.8748615980148315,0.7585825324058533
YLL019C,YLR025W,0,-6.131212,0.10338960587978363,0.8748615980148315,0.7586932182312012
YJL033W,YPL121C,0,-6.131318,0.10337608307600021,0.8748615980148315,0.7588039636611938
YOL151W,YNL090W,0,-6.131383,0.1033625528216362,0.8748615980148315,0.7589147090911865
YNL225C,YDR353W,0,-6.1319513,0.10334903001785278,0.8748615980148315,0.7590254545211792
YCR038C,YFL011W,0,-6.132187,0.10333551466464996,0.8748615980148315,0.7591361999511719
YMR142C,YOR027W,0,-6.132269,0.10332199931144714,0.8748615980148315,0.7592469453811646
YNL293W,YJL076W,0,-6.1324863,0.10330848395824432,0.8748615980148315,0.7593576908111572
YAL053W,YMR035W,0,-6.132715,0.1032949760556221,0.8748615980148315,0.7594684362411499
YLR191W,YBR231C,0,-6.132833,0.10328147560358047,0.8748615980148315,0.7595791816711426
YHR175W,YPL262W,0,-6.13289,0.10326797515153885,0.8748615980148315,0.7596899271011353
YGL027C,YPR137W,0,-6.133421,0.10325447469949722,0.8748615980148315,0.7598006725311279
YNL172W,YGR279C,0,-6.1341147,0.1032409816980362,0.8748615980148315,0.7599114179611206
YDR481C,YOL061W,0,-6.134175,0.10322749614715576,0.8748615980148315,0.7600221633911133
YGR262C,YOL021C,0,-6.1343703,0.10321400314569473,0.8748615980148315,0.760132908821106
YBR237W,YBR294W,0,-6.1344404,0.1032005250453949,0.8748615980148315,0.7602436542510986
YOL101C,YIL066C,0,-6.134513,0.10318703949451447,0.8748615980148315,0.7603543996810913
YLR153C,YHR013C,1,-6.134576,0.10330416262149811,0.8759689927101135,0.7603543996810913
YER179W,YDL013W,0,-6.1348553,0.10329067707061768,0.8759689927101135,0.760465145111084
YGR214W,YPL063W,0,-6.1350136,0.10327719151973724,0.8759689927101135,0.7605758309364319
YHR061C,YNL201C,0,-6.135088,0.10326370596885681,0.8759689927101135,0.7606865763664246
YDR083W,YOL031C,0,-6.135106,0.10325022786855698,0.8759689927101135,0.7607973217964172
YKR063C,YBL034C,0,-6.1353984,0.10323674976825714,0.8759689927101135,0.7609080672264099
YER015W,YLL002W,1,-6.1354227,0.10335377603769302,0.8770763874053955,0.7609080672264099
YBL026W,YPL097W,0,-6.13573,0.10334029048681259,0.8770763874053955,0.7610188126564026
YBL103C,YGR281W,0,-6.135764,0.10332681238651276,0.8770763874053955,0.7611295580863953
YDR195W,YOR095C,0,-6.13585,0.10331333428621292,0.8770763874053955,0.7612403035163879
YLR295C,YPL269W,0,-6.1359076,0.10329985618591309,0.8770763874053955,0.7613510489463806
YNL029C,YJL124C,0,-6.136185,0.10328638553619385,0.8770763874053955,0.7614617943763733
YIR025W,YHR197W,0,-6.136401,0.10327291488647461,0.8770763874053955,0.761572539806366
YOR267C,YMR079W,0,-6.1369123,0.10325945168733597,0.8770763874053955,0.7616832852363586
YER167W,YBL047C,0,-6.137805,0.10324598848819733,0.8770763874053955,0.7617940306663513
YBR039W,YER106W,0,-6.1379724,0.10323253273963928,0.8770763874053955,0.761904776096344
YFL010W-A,YGR248W,0,-6.138054,0.10321907699108124,0.8770763874053955,0.7620155215263367
YOL164W,YGR239C,0,-6.1383524,0.10320562869310379,0.8770763874053955,0.7621262669563293
YMR014W,YLR044C,0,-6.138394,0.10319218039512634,0.8770763874053955,0.762237012386322
YOL082W,YOR085W,0,-6.1385736,0.10317873954772949,0.8770763874053955,0.7623477578163147
YKR081C,YNL253W,0,-6.1387434,0.10316529870033264,0.8770763874053955,0.7624584436416626
YCL040W,YKL043W,0,-6.138838,0.10315186530351639,0.8770763874053955,0.7625691890716553
YGR169C,YGR081C,0,-6.1390176,0.10313843190670013,0.8770763874053955,0.762679934501648
YDL148C,YNL026W,0,-6.1392813,0.10312499850988388,0.8770763874053955,0.7627906799316406
YDL148C,YOR087W,0,-6.1394854,0.10311157256364822,0.8770763874053955,0.7629014253616333
YCL059C,YMR016C,0,-6.139648,0.10309815406799316,0.8770763874053955,0.763012170791626
YHR194W,YDL134C,0,-6.1399684,0.1030847355723381,0.8770763874053955,0.7631229162216187
YPR154W,YDL020C,0,-6.13997,0.10307131707668304,0.8770763874053955,0.7632336616516113
YDL132W,YDR206W,0,-6.140086,0.10305790603160858,0.8770763874053955,0.763344407081604
YAL054C,YMR246W,1,-6.1402593,0.1031746044754982,0.8781838417053223,0.763344407081604
YPL110C,YML034W,0,-6.1402836,0.10316117852926254,0.8781838417053223,0.7634551525115967
YKL139W,YAL012W,0,-6.1406775,0.10314776003360748,0.8781838417053223,0.7635658979415894
YDR511W,YGR213C,0,-6.1408434,0.10313434898853302,0.8781838417053223,0.763676643371582
YGL246C,YJL059W,0,-6.1410956,0.10312093794345856,0.8781838417053223,0.7637873888015747
YAL054C,YDL040C,1,-6.1411858,0.10323754698038101,0.8792912364006042,0.7637873888015747
YOL115W,YPL156C,0,-6.1412954,0.10322412848472595,0.8792912364006042,0.7638981342315674
YDR245W,YPL234C,0,-6.141461,0.10321070998907089,0.8792912364006042,0.7640088796615601
YMR246W,YHR099W,1,-6.1416607,0.10332726687192917,0.880398690700531,0.7640088796615601
YLL060C,YMR079W,0,-6.141766,0.10331384092569351,0.880398690700531,0.7641196250915527
YHR174W,YDR365C,0,-6.141897,0.10330041497945786,0.880398690700531,0.7642303705215454
YOL071W,YER146W,0,-6.141977,0.1032869964838028,0.880398690700531,0.7643410563468933
YAL034W-A,YPL235W,0,-6.1420884,0.10327357798814774,0.880398690700531,0.764451801776886
YMR199W,YPR082C,0,-6.142542,0.10326016694307327,0.880398690700531,0.7645625472068787
YER142C,YDR081C,0,-6.1428037,0.10324675589799881,0.880398690700531,0.7646732926368713
YLR394W,YML008C,0,-6.1432376,0.10323334485292435,0.880398690700531,0.764784038066864
YPL110C,YNL164C,0,-6.1434364,0.10321994125843048,0.880398690700531,0.7648947834968567
YLR066W,YBR143C,0,-6.1434994,0.10320654511451721,0.880398690700531,0.7650055289268494
YLR109W,YJR160C,0,-6.143607,0.10319314897060394,0.880398690700531,0.765116274356842
YFR014C,YBL024W,0,-6.1436424,0.10317975282669067,0.880398690700531,0.7652270197868347
YCR098C,YPR121W,0,-6.1438723,0.103166364133358,0.880398690700531,0.7653377652168274
YNL201C,YGR185C,0,-6.144413,0.10315297544002533,0.880398690700531,0.7654485106468201
YBR029C,YHR083W,0,-6.1450014,0.10313959419727325,0.880398690700531,0.7655592560768127
YGR028W,YHR030C,0,-6.1450605,0.10312621295452118,0.880398690700531,0.7656700015068054
YJL125C,YDR343C,0,-6.145523,0.1031128391623497,0.880398690700531,0.7657807469367981
YOR034C,YOR064C,1,-6.145529,0.10322915017604828,0.881506085395813,0.7657807469367981
YBL020W,YKL051W,0,-6.145606,0.1032157689332962,0.881506085395813,0.7658914923667908
YNL111C,YOR274W,0,-6.1456113,0.10320238769054413,0.881506085395813,0.7660022377967834
YOL042W,YOR229W,0,-6.1457715,0.10318900644779205,0.881506085395813,0.7661129832267761
YPL110C,YOL126C,0,-6.1459026,0.10317563265562057,0.881506085395813,0.766223669052124
YLR405W,YMR091C,0,-6.146029,0.1031622588634491,0.881506085395813,0.7663344144821167
YNL149C,YDR160W,0,-6.1461515,0.10314889252185822,0.881506085395813,0.7664451599121094
YPR162C,YPL206C,0,-6.146383,0.10313552618026733,0.881506085395813,0.766555905342102
YDR421W,YML123C,0,-6.146475,0.10312216728925705,0.881506085395813,0.7666666507720947
YCR073W-A,YBL034C,0,-6.1465616,0.10310880839824677,0.881506085395813,0.7667773962020874
YNL016W,YDR529C,0,-6.1465893,0.10309545695781708,0.881506085395813,0.7668881416320801
YAL021C,YBR029C,0,-6.1468477,0.10308210551738739,0.881506085395813,0.7669988870620728
YIL159W,YML103C,0,-6.1468787,0.1030687540769577,0.881506085395813,0.7671096324920654
YPL132W,YKL165C,0,-6.147166,0.10305541008710861,0.881506085395813,0.7672203779220581
YER179W,YEL065W,0,-6.1472416,0.10304207354784012,0.881506085395813,0.7673311233520508
YLR214W,YDR202C,0,-6.147641,0.10302873700857162,0.881506085395813,0.7674418687820435
YOR239W,YKL004W,0,-6.147959,0.10301540046930313,0.881506085395813,0.7675526142120361
YPR185W,YGL111W,0,-6.1479945,0.10300207138061523,0.881506085395813,0.7676633596420288
YJL091C,YGR111W,0,-6.148039,0.10298874229192734,0.881506085395813,0.7677741050720215
YOL064C,YOR210W,0,-6.148204,0.10297542065382004,0.881506085395813,0.7678848505020142
YHR154W,YNR006W,0,-6.1484785,0.10296209901571274,0.881506085395813,0.7679955959320068
YGR140W,YJR073C,0,-6.1490173,0.10294878482818604,0.881506085395813,0.7681063413619995
YLR314C,YFL041W,0,-6.1490517,0.10293547064065933,0.881506085395813,0.7682170271873474
YGR041W,YJL210W,0,-6.149391,0.10292216390371323,0.881506085395813,0.7683277726173401
YLR134W,YMR234W,0,-6.1495466,0.10290885716676712,0.881506085395813,0.7684385180473328
YPL149W,YPR191W,0,-6.149616,0.10289555042982101,0.881506085395813,0.7685492634773254
YDR276C,YNR048W,0,-6.149744,0.1028822511434555,0.881506085395813,0.7686600089073181
YPR037C,YOL091W,0,-6.149792,0.1028689593076706,0.881506085395813,0.7687707543373108
YBR002C,YDR065W,0,-6.1498055,0.10285566747188568,0.881506085395813,0.7688814997673035
YBR293W,YNL045W,0,-6.150249,0.10284237563610077,0.881506085395813,0.7689922451972961
YBR295W,YGR085C,0,-6.1504726,0.10282909125089645,0.881506085395813,0.7691029906272888
YNL282W,YER024W,0,-6.150526,0.10281580686569214,0.881506085395813,0.7692137360572815
YHR116W,YER038C,0,-6.150794,0.10280252993106842,0.881506085395813,0.7693244814872742
YPR025C,YNL274C,0,-6.150814,0.1027892529964447,0.881506085395813,0.7694352269172668
YNR019W,YJL204C,0,-6.1513934,0.10277598351240158,0.881506085395813,0.7695459723472595
YLR382C,YML092C,0,-6.151657,0.10276271402835846,0.881506085395813,0.7696567177772522
YGL068W,YKR089C,0,-6.151671,0.10274945199489594,0.881506085395813,0.7697674632072449
YGL238W,YPL128C,0,-6.151789,0.10273618996143341,0.881506085395813,0.7698782086372375
YDL040C,YOL148C,1,-6.1519604,0.1028519794344902,0.8826135396957397,0.7698782086372375
YDR179C,YKR056W,0,-6.1527104,0.10283870995044708,0.8826135396957397,0.7699889540672302
YMR246W,YMR236W,1,-6.1527996,0.1029544547200203,0.8837209343910217,0.7699889540672302
YNL088W,YNL064C,0,-6.1529274,0.10294117778539658,0.8837209343910217,0.7700996398925781
YOR322C,YKL093W,0,-6.1529627,0.10292790085077286,0.8837209343910217,0.7702103853225708
YGL166W,YBL020W,0,-6.1530046,0.10291462391614914,0.8837209343910217,0.7703211307525635
YDL181W,YHR073W,0,-6.153277,0.10290135443210602,0.8837209343910217,0.7704318761825562
YNL220W,YDL088C,0,-6.1536665,0.1028880849480629,0.8837209343910217,0.7705426216125488
YOR160W,YER018C,0,-6.1537547,0.10287482291460037,0.8837209343910217,0.7706533670425415
YDR123C,YIR005W,0,-6.15376,0.10286156088113785,0.8837209343910217,0.7707641124725342
YHR061C,YOL042W,0,-6.15392,0.10284830629825592,0.8837209343910217,0.7708748579025269
YLR263W,YER072W,0,-6.154174,0.10283505171537399,0.8837209343910217,0.7709856033325195
YDR205W,YDL138W,0,-6.1544065,0.10282180458307266,0.8837209343910217,0.7710963487625122
YBR182C,YMR293C,0,-6.15444,0.10280855745077133,0.8837209343910217,0.7712070941925049
YBR169C,YDR451C,0,-6.154475,0.10279531031847,0.8837209343910217,0.7713178396224976
YOR233W,YFR003C,0,-6.154855,0.10278207063674927,0.8837209343910217,0.7714285850524902
YLR377C,YJR158W,0,-6.15498,0.10276883095502853,0.8837209343910217,0.7715393304824829
YHR107C,YHR197W,0,-6.155308,0.1027555987238884,0.8837209343910217,0.7716500759124756
YLR384C,YBL055C,0,-6.1553264,0.10274237394332886,0.8837209343910217,0.7717608213424683
YDR093W,YLR448W,0,-6.1556807,0.10272914171218872,0.8837209343910217,0.7718715667724609
YLR314C,YGL201C,0,-6.1559668,0.10271592438220978,0.8837209343910217,0.7719822525978088
YFL039C,YDR167W,1,-6.1560245,0.1028314009308815,0.8848283290863037,0.7719822525978088
YDR283C,YLR321C,0,-6.1560297,0.10281816869974136,0.8848283290863037,0.7720929980278015
YCL026C-A,YOR321W,0,-6.1561594,0.10280494391918182,0.8848283290863037,0.7722037434577942
YHR019C,YNL031C,0,-6.156413,0.10279171168804169,0.8848283290863037,0.7723144888877869
YAL054C,YOL110W,1,-6.156497,0.10290712863206863,0.8859357833862305,0.7723144888877869
YML061C,YKR014C,0,-6.156513,0.1028938889503479,0.8859357833862305,0.7724252343177795
YPR182W,YGR144W,0,-6.1565456,0.10288065671920776,0.8859357833862305,0.7725359797477722
YHR072W,YNL053W,0,-6.1569953,0.10286743193864822,0.8859357833862305,0.7726467251777649
YDR037W,YHR014W,0,-6.157072,0.10285420715808868,0.8859357833862305,0.7727574706077576
YPL240C,YNL302C,0,-6.1575394,0.10284098237752914,0.8859357833862305,0.7728682160377502
YOL156W,YER126C,0,-6.157604,0.1028277650475502,0.8859357833862305,0.7729789614677429
YPR131C,YHR090C,1,-6.157621,0.1029430627822876,0.8870431780815125,0.7729789614677429
YNR017W,YGL252C,0,-6.1578546,0.10292983800172806,0.8870431780815125,0.7730897068977356
YBR143C,YPL029W,0,-6.1578817,0.10291661322116852,0.8870431780815125,0.7732004523277283
YPR178W,YGR258C,0,-6.1581755,0.10290338844060898,0.8870431780815125,0.773311197757721
YPL177C,YPR046W,0,-6.158222,0.10289017111063004,0.8870431780815125,0.7734219431877136
YHR013C,YNL326C,1,-6.158391,0.10300539433956146,0.8881506323814392,0.7734219431877136
YBR021W,YOL023W,0,-6.158564,0.10299216955900192,0.8881506323814392,0.7735326886177063
YPL135W,YPL140C,0,-6.1586986,0.10297894477844238,0.8881506323814392,0.773643434047699
YDL181W,YDR527W,0,-6.1590557,0.10296571999788284,0.8881506323814392,0.7737541794776917
YPL231W,YNL282W,0,-6.1591597,0.1029525026679039,0.8881506323814392,0.7738648653030396
YJL210W,YLR048W,0,-6.159501,0.10293928533792496,0.8881506323814392,0.7739756107330322
YLR266C,YNR064C,0,-6.159649,0.10292607545852661,0.8881506323814392,0.7740863561630249
YBR164C,YHR124W,0,-6.159704,0.10291287302970886,0.8881506323814392,0.7741971015930176
YKL005C,YNR039C,0,-6.159939,0.10289966315031052,0.8881506323814392,0.7743078470230103
YGR188C,YNL213C,0,-6.160431,0.10288646817207336,0.8881506323814392,0.7744185924530029
YBL063W,YDR177W,0,-6.1605453,0.10287326574325562,0.8881506323814392,0.7745293378829956
YGR108W,YKL195W,0,-6.1607294,0.10286007076501846,0.8881506323814392,0.7746400833129883
YPR023C,YGR147C,1,-6.16086,0.10297512263059616,0.8892580270767212,0.7746400833129883
YDR329C,YDR087C,0,-6.1615853,0.10296192020177841,0.8892580270767212,0.774750828742981
YGR254W,YLR059C,0,-6.1616254,0.10294871777296066,0.8892580270767212,0.7748615741729736
YBR040W,YOL123W,0,-6.161627,0.10293552279472351,0.8892580270767212,0.7749723196029663
YER149C,YGL205W,0,-6.161642,0.10292232781648636,0.8892580270767212,0.775083065032959
YIR005W,YOL093W,0,-6.1618013,0.1029091402888298,0.8892580270767212,0.7751938104629517
YPR185W,YIL053W,0,-6.162553,0.10289595276117325,0.8892580270767212,0.7753045558929443
YGL111W,YDR473C,0,-6.162641,0.1028827652335167,0.8892580270767212,0.775415301322937
YCR072C,YML038C,0,-6.162668,0.10286958515644073,0.8892580270767212,0.7755260467529297
YPR017C,YOL093W,0,-6.163432,0.10285641252994537,0.8892580270767212,0.7756367921829224
YOR049C,YOR356W,0,-6.1636553,0.10284323990345001,0.8892580270767212,0.775747537612915
YNL148C,YMR301C,0,-6.1636643,0.10283006727695465,0.8892580270767212,0.7758582234382629
YMR056C,YPL012W,0,-6.1637363,0.10281690210103989,0.8892580270767212,0.7759689688682556
YKL197C,YDR477W,0,-6.16379,0.10280373692512512,0.8892580270767212,0.7760797142982483
YBR106W,YLR066W,0,-6.163887,0.10279057919979095,0.8892580270767212,0.776190459728241
YDR440W,YDR265W,0,-6.164103,0.10277742147445679,0.8892580270767212,0.7763012051582336
YPL155C,YDR037W,0,-6.164258,0.10276427119970322,0.8892580270767212,0.7764119505882263
YOL148C,YOR064C,1,-6.164576,0.10287907719612122,0.8903654217720032,0.7764119505882263
YKL165C,YKR014C,0,-6.164699,0.10286591947078705,0.8903654217720032,0.776522696018219
YNL280C,YKL059C,0,-6.1647267,0.10285275429487228,0.8903654217720032,0.7766334414482117
YOR371C,YBR143C,0,-6.1651187,0.10283960402011871,0.8903654217720032,0.7767441868782043
YGR152C,YMR095C,0,-6.1652365,0.10282644629478455,0.8903654217720032,0.776854932308197
YFL039C,YPL129W,1,-6.165397,0.10294117778539658,0.8914728760719299,0.776854932308197
YLR192C,YNR008W,0,-6.165516,0.10292801260948181,0.8914728760719299,0.7769656777381897
YLL041C,YLR424W,0,-6.165933,0.10291485488414764,0.8914728760719299,0.7770764231681824
YGL219C,YNL264C,0,-6.1663046,0.10290169715881348,0.8914728760719299,0.777187168598175
YOR136W,YOL001W,0,-6.166561,0.1028885468840599,0.8914728760719299,0.7772979140281677
YMR140W,YGL097W,0,-6.166704,0.10287539660930634,0.8914728760719299,0.7774086594581604
YLR431C,YLL015W,0,-6.166794,0.10286225378513336,0.8914728760719299,0.7775194048881531
YOR221C,YPR094W,0,-6.1668344,0.10284911096096039,0.8914728760719299,0.7776301503181458
YAR007C,YLL034C,0,-6.1671906,0.10283597558736801,0.8914728760719299,0.7777408361434937
YDR273W,YDL150W,0,-6.167399,0.10282284021377563,0.8914728760719299,0.7778515815734863
YNL318C,YBR050C,0,-6.167411,0.10280970484018326,0.8914728760719299,0.777962327003479
YNL192W,YAL010C,0,-6.1675777,0.10279657691717148,0.8914728760719299,0.7780730724334717
YLL022C,YPR131C,1,-6.167761,0.10291113704442978,0.8925802707672119,0.7780730724334717
YJL115W,YPL001W,1,-6.1678224,0.1030256599187851,0.8936877250671387,0.7780730724334717
YLL015W,YNL262W,0,-6.168194,0.10301250964403152,0.8936877250671387,0.7781838178634644
YJR155W,YAL032C,0,-6.1682253,0.10299935936927795,0.8936877250671387,0.778294563293457
YLR153C,YPR023C,1,-6.1686506,0.10311383008956909,0.8947951197624207,0.778294563293457
YJL115W,YDR126W,1,-6.1688013,0.10322827845811844,0.8959025740623474,0.778294563293457
YBR207W,YPL209C,0,-6.168828,0.10321510583162308,0.8959025740623474,0.7784053087234497
YIL079C,YER162C,0,-6.1689363,0.10320194065570831,0.8959025740623474,0.7785160541534424
YHR160C,YKL178C,0,-6.1689568,0.10318877547979355,0.8959025740623474,0.7786267995834351
YLR350W,YOL113W,0,-6.1693373,0.10317561775445938,0.8959025740623474,0.7787375450134277
YPR198W,YIL123W,0,-6.1696796,0.10316246002912521,0.8959025740623474,0.7788482904434204
YPR002W,YBR256C,0,-6.1698217,0.10314930230379105,0.8959025740623474,0.7789590358734131
YGR095C,YMR060C,0,-6.169875,0.10313615202903748,0.8959025740623474,0.7790697813034058
YNL075W,YLR254C,0,-6.170025,0.1031230092048645,0.8959025740623474,0.7791805267333984
YPR144C,YBR050C,0,-6.1700935,0.10310986638069153,0.8959025740623474,0.7792912721633911
YKL011C,YMR029C,0,-6.170117,0.10309672355651855,0.8959025740623474,0.7794020175933838
YMR140W,YNL012W,0,-6.170576,0.10308358818292618,0.8959025740623474,0.7795127630233765
YGL065C,YLR231C,0,-6.1705775,0.1030704528093338,0.8959025740623474,0.7796234488487244
YNL202W,YOR106W,0,-6.17062,0.10305732488632202,0.8959025740623474,0.779734194278717
YDR040C,YDR331W,0,-6.170777,0.10304419696331024,0.8959025740623474,0.7798449397087097
YJL094C,YNR046W,0,-6.1713023,0.10303107649087906,0.8959025740623474,0.7799556851387024
YNL188W,YKL028W,0,-6.1713033,0.10301795601844788,0.8959025740623474,0.7800664305686951
YLR377C,YOR367W,0,-6.1713147,0.1030048355460167,0.8959025740623474,0.7801771759986877
YIL122W,YKR079C,0,-6.1720815,0.10299172252416611,0.8959025740623474,0.7802879214286804
YNL098C,YGL044C,0,-6.172082,0.10297861695289612,0.8959025740623474,0.7803986668586731
YNL280C,YFL004W,0,-6.172226,0.10296551138162613,0.8959025740623474,0.7805094122886658
YJL010C,YJL026W,0,-6.1726675,0.10295240581035614,0.8959025740623474,0.7806201577186584
YJL122W,YOR274W,0,-6.1729794,0.10293930768966675,0.8959025740623474,0.7807309031486511
YJR155W,YMR012W,0,-6.1732,0.10292620956897736,0.8959025740623474,0.7808416485786438
YKL025C,YCR060W,0,-6.1733227,0.10291311889886856,0.8959025740623474,0.7809523940086365
YER024W,YLR467W,0,-6.1738358,0.10290002822875977,0.8959025740623474,0.7810631394386292
YDR372C,YIR026C,0,-6.1741858,0.10288693755865097,0.8959025740623474,0.7811738848686218
YKL035W,YOR069W,0,-6.174353,0.10287385433912277,0.8959025740623474,0.7812846302986145
YCR065W,YOL124C,0,-6.174755,0.10286077857017517,0.8959025740623474,0.7813953757286072
YOR076C,YPL124W,0,-6.174794,0.10284769535064697,0.8959025740623474,0.7815060615539551
YOL026C,YNL241C,0,-6.1750135,0.10283462703227997,0.8959025740623474,0.7816168069839478
YOR034C,YER015W,1,-6.176014,0.10294865071773529,0.8970099687576294,0.7816168069839478
YFL039C,YOR064C,1,-6.1767683,0.10306265205144882,0.8981173634529114,0.7816168069839478
YHR204W,YNL294C,0,-6.176903,0.10304955393075943,0.8981173634529114,0.7817275524139404
YDL132W,YLR410W,0,-6.1770015,0.10303646326065063,0.8981173634529114,0.7818382978439331
YBL098W,YMR055C,0,-6.1773305,0.10302337259054184,0.8981173634529114,0.7819490432739258
YGL256W,YDR091C,0,-6.177349,0.10301028937101364,0.8981173634529114,0.7820597887039185
YDL055C,YER022W,0,-6.1775103,0.10299720615148544,0.8981173634529114,0.7821705341339111
YPR144C,YMR026C,0,-6.1775403,0.10298413038253784,0.8981173634529114,0.7822812795639038
YGL180W,YGR268C,0,-6.177576,0.10297105461359024,0.8981173634529114,0.7823920249938965
YPR002W,YOR294W,0,-6.1776032,0.10295797884464264,0.8981173634529114,0.7825027704238892
YNL225C,YPL126W,0,-6.177904,0.10294491052627563,0.8981173634529114,0.7826135158538818
YER142C,YDR018C,0,-6.1779327,0.10293184220790863,0.8981173634529114,0.7827242612838745
YHR171W,YML034W,0,-6.1780834,0.10291878134012222,0.8981173634529114,0.7828350067138672
YPL061W,YBR008C,0,-6.1781445,0.10290572047233582,0.8981173634529114,0.7829457521438599
YMR083W,YJR093C,0,-6.1783924,0.10289266705513,0.8981173634529114,0.7830564975738525
YER015W,YCL010C,1,-6.1785893,0.10300646722316742,0.8992248177528381,0.7830564975738525
YPL224C,YLR448W,0,-6.1790013,0.10299340635538101,0.8992248177528381,0.7831672430038452
YGR095C,YHR154W,0,-6.179552,0.1029803454875946,0.8992248177528381,0.7832779884338379
YNL223W,YLL012W,0,-6.1802473,0.1029672846198082,0.8992248177528381,0.7833887338638306
YGR158C,YDR200C,0,-6.1802783,0.10295423120260239,0.8992248177528381,0.7834994196891785
YKR097W,YCL043C,0,-6.1803184,0.10294117778539658,0.8992248177528381,0.7836101651191711
YGR284C,YOL117W,0,-6.1803555,0.10292812436819077,0.8992248177528381,0.7837209105491638
YGL175C,YNL334C,0,-6.1809855,0.10291508585214615,0.8992248177528381,0.7838316559791565
YLR314C,YPL177C,0,-6.181131,0.10290203988552094,0.8992248177528381,0.7839424014091492
YPR030W,YMR204C,0,-6.181235,0.10288900136947632,0.8992248177528381,0.7840531468391418
YHR169W,YKL041W,0,-6.1812954,0.1028759628534317,0.8992248177528381,0.7841638922691345
YBL024W,YFL037W,0,-6.181555,0.10286293178796768,0.8992248177528381,0.7842746376991272
YKL011C,YAL022C,0,-6.1818805,0.10284990817308426,0.8992248177528381,0.7843853831291199
YIL120W,YDL081C,0,-6.182023,0.10283687710762024,0.8992248177528381,0.7844961285591125
YDR123C,YNR048W,0,-6.182146,0.10282385349273682,0.8992248177528381,0.7846068739891052
YOR032C,YBR079C,0,-6.182296,0.10281083732843399,0.8992248177528381,0.7847176194190979
YPR057W,YOR349W,0,-6.1825953,0.10279782116413116,0.8992248177528381,0.7848283648490906
YMR211W,YGR249W,0,-6.1829042,0.10278481245040894,0.8992248177528381,0.7849391102790833
YNL088W,YHR070W,0,-6.183108,0.1027718037366867,0.8992248177528381,0.7850498557090759
YPR023C,YOR064C,1,-6.183466,0.10288534313440323,0.9003322124481201,0.7850498557090759
YOR239W,YDR123C,0,-6.1836376,0.1028723269701004,0.9003322124481201,0.7851606011390686
YBL032W,YNL007C,0,-6.1843634,0.10285931080579758,0.9003322124481201,0.7852713465690613
YHR059W,YPL096W,0,-6.184444,0.10284630209207535,0.9003322124481201,0.7853820323944092
YBR038W,YER003C,0,-6.184472,0.10283329337835312,0.9003322124481201,0.7854927778244019
YGL166W,YAL003W,0,-6.184802,0.10282028466463089,0.9003322124481201,0.7856035232543945
YDR077W,YDL080C,0,-6.184821,0.10280728340148926,0.9003322124481201,0.7857142686843872
YNL280C,YJL125C,0,-6.1849346,0.10279428213834763,0.9003322124481201,0.7858250141143799
YPR034W,YJR007W,0,-6.1850586,0.10278128832578659,0.9003322124481201,0.7859357595443726
YML126C,YJL074C,0,-6.185081,0.10276829451322556,0.9003322124481201,0.7860465049743652
YJR025C,YAL047C,0,-6.185137,0.10275530815124512,0.9003322124481201,0.7861572504043579
YER123W,YBR284W,0,-6.185473,0.10274232178926468,0.9003322124481201,0.7862679958343506
YLR411W,YOR284W,0,-6.1856046,0.10272934287786484,0.9003322124481201,0.7863787412643433
YHR120W,YDR200C,0,-6.1857433,0.102716363966465,0.9003322124481201,0.7864894866943359
YNL327W,YFR029W,0,-6.1858807,0.10270338505506516,0.9003322124481201,0.7866002321243286
YDR228C,YBR006W,0,-6.185932,0.10269041359424591,0.9003322124481201,0.7867109775543213
YMR138W,YOR308C,0,-6.186142,0.10267744213342667,0.9003322124481201,0.786821722984314
YPR030W,YDL212W,0,-6.1862383,0.10266447812318802,0.9003322124481201,0.7869324684143066
YJL128C,YPR078C,0,-6.186368,0.10265151411294937,0.9003322124481201,0.7870432138442993
YOR099W,YPR016C,0,-6.1865873,0.10263855755329132,0.9003322124481201,0.787153959274292
YNR008W,YGL099W,0,-6.1866593,0.10262560099363327,0.9003322124481201,0.7872646450996399
YGR200C,YNL023C,0,-6.186739,0.10261264443397522,0.9003322124481201,0.7873753905296326
YLR401C,YDR159W,0,-6.187021,0.10259969532489777,0.9003322124481201,0.7874861359596252
YDL192W,YPL033C,0,-6.1870394,0.10258675366640091,0.9003322124481201,0.7875968813896179
YPL018W,YGL150C,0,-6.1871424,0.10257380455732346,0.9003322124481201,0.7877076268196106
YNL065W,YOR094W,0,-6.187417,0.1025608703494072,0.9003322124481201,0.7878183722496033
YOL121C,YOL117W,0,-6.1875052,0.10254792869091034,0.9003322124481201,0.787929117679596
YOR119C,YOR213C,0,-6.187888,0.10253499448299408,0.9003322124481201,0.7880398631095886
YNL088W,YPL239W,0,-6.1880264,0.10252206772565842,0.9003322124481201,0.7881506085395813
YLR110C,YKL015W,0,-6.188156,0.10250914096832275,0.9003322124481201,0.788261353969574
YOR001W,YBL034C,0,-6.188407,0.10249621421098709,0.9003322124481201,0.7883720993995667
YKR036C,YHR204W,0,-6.188488,0.10248329490423203,0.9003322124481201,0.7884828448295593
YJR090C,YAR018C,0,-6.188554,0.10247038304805756,0.9003322124481201,0.788593590259552
YGR280C,YGR141W,0,-6.1886177,0.10245746374130249,0.9003322124481201,0.7887043356895447
YCR012W,YLR026C,0,-6.1886635,0.10244455933570862,0.9003322124481201,0.7888150811195374
YJL115W,YER015W,1,-6.18895,0.10255764424800873,0.9014396667480469,0.7888150811195374
YDL088C,YOR188W,0,-6.189412,0.10254472494125366,0.9014396667480469,0.78892582654953
YOR233W,YMR153W,0,-6.189432,0.1025318056344986,0.9014396667480469,0.7890365719795227
YPR199C,YNL112W,0,-6.18952,0.10251889377832413,0.9014396667480469,0.7891472578048706
YOL013C,YER001W,0,-6.189555,0.10250598192214966,0.9014396667480469,0.7892580032348633
YPL059W,YHR034C,0,-6.18991,0.10249307751655579,0.9014396667480469,0.789368748664856
YPL110C,YKL129C,0,-6.190112,0.10248017311096191,0.9014396667480469,0.7894794940948486
YMR220W,YGR119C,0,-6.190248,0.10246726870536804,0.9014396667480469,0.7895902395248413
YPR067W,YHR031C,0,-6.1903124,0.10245437175035477,0.9014396667480469,0.789700984954834
YIL097W,YOR256C,0,-6.190466,0.10244148224592209,0.9014396667480469,0.7898117303848267
YIL097W,YPL007C,0,-6.190708,0.10242859274148941,0.9014396667480469,0.7899224758148193
YDR407C,YOR162C,0,-6.1908665,0.10241570323705673,0.9014396667480469,0.790033221244812
YER016W,YFR034C,0,-6.1909695,0.10240282118320465,0.9014396667480469,0.7901439666748047
YLR318W,YOL093W,0,-6.191343,0.10238993912935257,0.9014396667480469,0.7902547121047974
YIL002C,YOR063W,0,-6.1915426,0.10237705707550049,0.9014396667480469,0.79036545753479
YGR055W,YGR214W,0,-6.191773,0.102364182472229,0.9014396667480469,0.7904762029647827
YLR216C,YBL041W,0,-6.1917977,0.10235131531953812,0.9014396667480469,0.7905869483947754
YDR017C,YDR394W,0,-6.191889,0.10233844816684723,0.9014396667480469,0.7906976938247681
YBR065C,YOL020W,0,-6.192713,0.10232558101415634,0.9014396667480469,0.7908084392547607
YHR194W,YBR223C,0,-6.1930876,0.10231272131204605,0.9014396667480469,0.7909191846847534
YDR456W,YNL290W,0,-6.1931357,0.10229986160993576,0.9014396667480469,0.7910299301147461
YKL144C,YGR009C,0,-6.193191,0.10228700935840607,0.9014396667480469,0.791140615940094
YMR137C,YLR166C,0,-6.1933117,0.10227415710687637,0.9014396667480469,0.7912513613700867
YAL054C,YPL129W,1,-6.193966,0.10238693654537201,0.9025470614433289,0.7912513613700867
YGR010W,YHR154W,0,-6.194298,0.10237407684326172,0.9025470614433289,0.7913621068000793
YLR318W,YBL005W,0,-6.1943936,0.10236121714115143,0.9025470614433289,0.791472852230072
YPL160W,YFR040W,0,-6.194521,0.10234836488962173,0.9025470614433289,0.7915835976600647
YMR029C,YKL043W,0,-6.1949377,0.10233551263809204,0.9025470614433289,0.7916943430900574
YBR042C,YER006W,0,-6.1950283,0.10232266038656235,0.9025470614433289,0.79180508852005
YER003C,YNR023W,0,-6.1950836,0.10230981558561325,0.9025470614433289,0.7919158339500427
YNL094W,YML107C,0,-6.1953173,0.10229697823524475,0.9025470614433289,0.7920265793800354
YDL022W,YNR039C,0,-6.195363,0.10228413343429565,0.9025470614433289,0.7921373248100281
YLR009W,YER087C-A,0,-6.195601,0.10227130353450775,0.9025470614433289,0.7922480702400208
YML031W,YOL010W,0,-6.1956034,0.10225846618413925,0.9025470614433289,0.7923588156700134
YLR195C,YMR236W,1,-6.195652,0.10237109661102295,0.9036544561386108,0.7923588156700134
YPL021W,YBR169C,0,-6.195885,0.10235825181007385,0.9036544561386108,0.7924695611000061
YNL192W,YNL003C,0,-6.196098,0.10234541445970535,0.9036544561386108,0.7925803065299988
YMR073C,YGL172W,0,-6.19627,0.10233258455991745,0.9036544561386108,0.7926910519599915
YIL106W,YOL093W,0,-6.196626,0.10231974720954895,0.9036544561386108,0.7928017973899841
YGR246C,YHR015W,0,-6.197447,0.10230691730976105,0.9036544561386108,0.7929125428199768
YFL039C,YLR195C,1,-6.1976376,0.10241945832967758,0.9047619104385376,0.7929125428199768
YHR011W,YBR193C,0,-6.19773,0.10240662097930908,0.9047619104385376,0.7930232286453247
YGR083C,YOR351C,0,-6.1977634,0.10239378362894058,0.9047619104385376,0.7931339740753174
YLR133W,YMR022W,0,-6.197814,0.10238095372915268,0.9047619104385376,0.7932447195053101
YGR256W,YHR012W,0,-6.1986017,0.10236812382936478,0.9047619104385376,0.7933554649353027
YBL047C,YNL117W,0,-6.198617,0.10235530138015747,0.9047619104385376,0.7934662103652954
YBL098W,YPL237W,0,-6.198749,0.10234247893095016,0.9047619104385376,0.7935769557952881
YOR329C,YOR162C,0,-6.1988215,0.10232965648174286,0.9047619104385376,0.7936877012252808
YOR373W,YOR004W,0,-6.1991453,0.10231684148311615,0.9047619104385376,0.7937984466552734
YJR073C,YKL214C,0,-6.1991715,0.10230403393507004,0.9047619104385376,0.7939091920852661
YPL270W,YKL129C,0,-6.1992655,0.10229122638702393,0.9047619104385376,0.7940199375152588
YMR049C,YNL329C,0,-6.1995306,0.10227841883897781,0.9047619104385376,0.7941306829452515
YMR208W,YML061C,0,-6.1995535,0.1022656187415123,0.9047619104385376,0.7942414283752441
YPL265W,YDR189W,0,-6.1995683,0.10225281864404678,0.9047619104385376,0.7943521738052368
YDR162C,YOL069W,0,-6.199592,0.10224001854658127,0.9047619104385376,0.7944629192352295
YKR095W,YOR301W,0,-6.200114,0.10222722589969635,0.9047619104385376,0.7945736646652222
YPR057W,YLR205C,0,-6.2001405,0.10221444070339203,0.9047619104385376,0.7946844100952148
YFR034C,YGL232W,0,-6.2001543,0.10220164805650711,0.9047619104385376,0.7947951555252075
YOR204W,YGR078C,0,-6.2001553,0.10218887031078339,0.9047619104385376,0.7949058413505554
YGR197C,YPL253C,0,-6.200573,0.10217608511447906,0.9047619104385376,0.7950165867805481
YPL132W,YLR384C,0,-6.201213,0.10216331481933594,0.9047619104385376,0.7951273322105408
YBR295W,YPL063W,0,-6.2015977,0.10215053707361221,0.9047619104385376,0.7952380776405334
YNR054C,YPL155C,0,-6.2016516,0.10213776677846909,0.9047619104385376,0.7953488230705261
YER127W,YDR160W,0,-6.201694,0.10212499648332596,0.9047619104385376,0.7954595685005188
YGR010W,YML059C,0,-6.201896,0.10211223363876343,0.9047619104385376,0.7955703139305115
YPR046W,YOL126C,0,-6.202206,0.1020994782447815,0.9047619104385376,0.7956810593605042
YER028C,YBR280C,0,-6.202926,0.10208671540021896,0.9047619104385376,0.7957918047904968
YJL020C,YLR355C,0,-6.2029653,0.10207396000623703,0.9047619104385376,0.7959025502204895
YFL017W-A,YNL202W,0,-6.2038608,0.1020612120628357,0.9047619104385376,0.7960132956504822
YBL002W,YGL089C,0,-6.2038946,0.10204846411943436,0.9047619104385376,0.7961240410804749
YNL008C,YOR160W,0,-6.203926,0.10203571617603302,0.9047619104385376,0.7962347865104675
YGL135W,YJL025W,0,-6.203971,0.10202297568321228,0.9047619104385376,0.7963455319404602
YIL122W,YIL139C,0,-6.204095,0.10201023519039154,0.9047619104385376,0.7964562773704529
YBL093C,YMR104C,0,-6.2043686,0.1019975021481514,0.9047619104385376,0.7965670228004456
YBR133C,YER053C,0,-6.20456,0.10198476910591125,0.9047619104385376,0.7966777682304382
YBR185C,YKR089C,0,-6.204562,0.10197204351425171,0.9047619104385376,0.7967884540557861
YKR019C,YDR238C,0,-6.204943,0.10195931792259216,0.9047619104385376,0.7968991994857788
YAL012W,YEL041W,0,-6.2050066,0.10194659233093262,0.9047619104385376,0.7970099449157715
YKL004W,YLR212C,0,-6.2057457,0.10193387418985367,0.9047619104385376,0.7971206903457642
YLR265C,YPL146C,0,-6.206122,0.10192115604877472,0.9047619104385376,0.7972314357757568
YOR260W,YDR437W,0,-6.206192,0.10190844535827637,0.9047619104385376,0.7973421812057495
YLR105C,YJL074C,0,-6.2063475,0.10189573466777802,0.9047619104385376,0.7974529266357422
YGR191W,YMR006C,0,-6.206463,0.10188303142786026,0.9047619104385376,0.7975636720657349
YIL030C,YLR410W,0,-6.206611,0.10187032073736191,0.9047619104385376,0.7976744174957275
YAL035W,YDR218C,0,-6.206706,0.10185762494802475,0.9047619104385376,0.7977851629257202
YIR021W,YEL041W,0,-6.206786,0.10184492915868759,0.9047619104385376,0.7978959083557129
YGL192W,YMR022W,0,-6.2068977,0.10183223336935043,0.9047619104385376,0.7980066537857056
YHR194W,YJR110W,0,-6.2069054,0.10181954503059387,0.9047619104385376,0.7981173992156982
YHR175W,YCR065W,0,-6.207081,0.10180685669183731,0.9047619104385376,0.7982281446456909
YDR527W,YOL142W,0,-6.2073812,0.10179416835308075,0.9047619104385376,0.7983388900756836
YJL167W,YFR048W,0,-6.207409,0.10178148746490479,0.9047619104385376,0.7984496355056763
YHR005C-A,YPL123C,0,-6.207897,0.10176880657672882,0.9047619104385376,0.798560380935669
YJL121C,YOR307C,0,-6.2080126,0.10175613313913345,0.9047619104385376,0.7986710667610168
YOL071W,YML031W,0,-6.2084274,0.10174345970153809,0.9047619104385376,0.7987818121910095
YPR023C,YMR069W,1,-6.209382,0.1018553078174591,0.9058693051338196,0.7987818121910095
YLR423C,YHR062C,0,-6.2094855,0.10184262692928314,0.9058693051338196,0.7988925576210022
YNL110C,YDR320C,0,-6.2095137,0.10182995349168777,0.9058693051338196,0.7990033030509949
YGL142C,YGL093W,0,-6.209646,0.10181728005409241,0.9058693051338196,0.7991140484809875
YHR191C,YNL251C,0,-6.210331,0.10180460661649704,0.9058693051338196,0.7992247939109802
YHR012W,YNL160W,0,-6.2104554,0.10179193317890167,0.9058693051338196,0.7993355393409729
YJL184W,YER117W,0,-6.210689,0.1017792671918869,0.9058693051338196,0.7994462847709656
YPR111W,YDR365C,0,-6.2107296,0.10176660865545273,0.9058693051338196,0.7995570302009583
YNL039W,YDL120W,0,-6.2115116,0.10175395011901855,0.9058693051338196,0.7996677756309509
YGR129W,YIL129C,0,-6.2116933,0.10174129158258438,0.9058693051338196,0.7997785210609436
YFL009W,YNL258C,0,-6.211732,0.1017286404967308,0.9058693051338196,0.7998892664909363
YPL262W,YJL192C,0,-6.2117624,0.10171598941087723,0.9058693051338196,0.800000011920929
YJL115W,YMR069W,1,-6.2117867,0.10182767361402512,0.9069767594337463,0.800000011920929
YOL144W,YPL152W,0,-6.211826,0.10181501507759094,0.9069767594337463,0.8001107573509216
YPL061W,YLR010C,0,-6.2123475,0.10180236399173737,0.9069767594337463,0.8002215027809143
YBL002W,YPL242C,0,-6.212354,0.10178970545530319,0.9069767594337463,0.800332248210907
YPL227C,YBR042C,0,-6.2124605,0.10177706182003021,0.9069767594337463,0.8004429936408997
YBL041W,YDL039C,0,-6.212697,0.10176441073417664,0.9069767594337463,0.8005537390708923
YHL003C,YOR344C,0,-6.212814,0.10175176709890366,0.9069767594337463,0.8006644248962402
YGL030W,YBR130C,0,-6.2129135,0.10173913091421127,0.9069767594337463,0.8007751703262329
YOR265W,YOR216C,0,-6.212977,0.10172649472951889,0.9069767594337463,0.8008859157562256
YHR174W,YNL129W,0,-6.2130566,0.10171385854482651,0.9069767594337463,0.8009966611862183
YPL209C,YPL206C,0,-6.213205,0.10170122981071472,0.9069767594337463,0.8011074066162109
YNL061W,YBR296C,0,-6.213292,0.10168860107660294,0.9069767594337463,0.8012181520462036
YDL143W,YPR017C,0,-6.213736,0.10167597979307175,0.9069767594337463,0.8013288974761963
YDR081C,YBR002C,0,-6.2140856,0.10166335850954056,0.9069767594337463,0.801439642906189
YPR006C,YMR054W,0,-6.214264,0.10165073722600937,0.9069767594337463,0.8015503883361816
YAR007C,YCL063W,0,-6.21437,0.10163812339305878,0.9069767594337463,0.8016611337661743
YIL034C,YGL055W,0,-6.2143917,0.10162550956010818,0.9069767594337463,0.801771879196167
YJR158W,YKL117W,0,-6.2144938,0.10161290317773819,0.9069767594337463,0.8018826246261597
YDR171W,YDR281C,0,-6.2146235,0.1016002967953682,0.9069767594337463,0.8019933700561523
YIR017C,YDR251W,0,-6.21463,0.1015876978635788,0.9069767594337463,0.802104115486145
YGR108W,YDR481C,0,-6.215199,0.1015750989317894,0.9069767594337463,0.8022148609161377
YNL275W,YDL235C,0,-6.215332,0.1015625,0.9069767594337463,0.8023256063461304
YGR200C,YPL058C,0,-6.2154,0.1015499085187912,0.9069767594337463,0.802436351776123
YOR224C,YDR394W,0,-6.2155976,0.1015373170375824,0.9069767594337463,0.802547037601471
YGL092W,YCR073C,0,-6.21586,0.1015247330069542,0.9069767594337463,0.8026577830314636
YPL091W,YLR264W,0,-6.216056,0.10151214897632599,0.9069767594337463,0.8027685284614563
YDR277C,YGR094W,0,-6.216368,0.10149956494569778,0.9069767594337463,0.802879273891449
YPL069C,YKR095W,0,-6.216468,0.10148698836565018,0.9069767594337463,0.8029900193214417
YJR076C,YNL229C,0,-6.216522,0.10147441178560257,0.9069767594337463,0.8031007647514343
YNL239W,YKL035W,0,-6.216563,0.10146184265613556,0.9069767594337463,0.803211510181427
YDL132W,YDR181C,0,-6.216753,0.10144927352666855,0.9069767594337463,0.8033222556114197
YPR119W,YIR041W,0,-6.2169967,0.10143671184778214,0.9069767594337463,0.8034330010414124
YOR046C,YKL086W,0,-6.2170763,0.10142415016889572,0.9069767594337463,0.803543746471405
YLR158C,YPL133C,0,-6.2171183,0.10141158849000931,0.9069767594337463,0.8036544919013977
YHL048W,YPL244C,0,-6.217252,0.10139903426170349,0.9069767594337463,0.8037652373313904
YNR054C,YOL147C,0,-6.217673,0.10138648003339767,0.9069767594337463,0.8038759827613831
YDR277C,YDR166C,0,-6.2178245,0.10137393325567245,0.9069767594337463,0.8039867281913757
YIL112W,YPL269W,0,-6.2181654,0.10136138647794724,0.9069767594337463,0.8040974736213684
YHR001W,YOR356W,0,-6.218368,0.10134883970022202,0.9069767594337463,0.8042082190513611
YBR207W,YPL126W,0,-6.218807,0.10133630037307739,0.9069767594337463,0.8043189644813538
YBL093C,YFL059W,0,-6.219077,0.10132376849651337,0.9069767594337463,0.8044296503067017
YPR191W,YDR400W,0,-6.219094,0.10131122916936874,0.9069767594337463,0.8045403957366943
YOR265W,YBR002C,0,-6.2192883,0.10129870474338531,0.9069767594337463,0.804651141166687
YOR034C,YJL115W,1,-6.219404,0.10140984505414963,0.9080841541290283,0.804651141166687
YGL155W,YFL018C,0,-6.219594,0.101397305727005,0.9080841541290283,0.8047618865966797
YJR069C,YMR149W,0,-6.2196407,0.10138476639986038,0.9080841541290283,0.8048726320266724
YBR275C,YDR486C,0,-6.219882,0.10137223452329636,0.9080841541290283,0.804983377456665
YKL029C,YOR367W,0,-6.2205467,0.10135970264673233,0.9080841541290283,0.8050941228866577
YML080W,YOL009C,0,-6.220554,0.1013471782207489,0.9080841541290283,0.8052048683166504
YOL082W,YDR460W,0,-6.2206454,0.10133465379476547,0.9080841541290283,0.8053156137466431
YMR202W,YDL111C,0,-6.2206535,0.10132212936878204,0.9080841541290283,0.8054263591766357
YDL243C,YJR158W,0,-6.2211018,0.10130961239337921,0.9080841541290283,0.8055371046066284
YIL106W,YDR432W,0,-6.2215633,0.10129709541797638,0.9080841541290283,0.8056478500366211
YBR029C,YML027W,0,-6.222115,0.10128458589315414,0.9080841541290283,0.8057585954666138
YLR176C,YKL035W,0,-6.222291,0.10127207636833191,0.9080841541290283,0.8058693408966064
YBR202W,YIL119C,0,-6.222913,0.10125956684350967,0.9080841541290283,0.8059800863265991
YGR262C,YLR006C,0,-6.2229204,0.10124706476926804,0.9080841541290283,0.8060908317565918
YOR377W,YLR009W,0,-6.22305,0.101234570145607,0.9080841541290283,0.8062015771865845
YOR239W,YOL143C,0,-6.223303,0.10122206807136536,0.9080841541290283,0.8063122630119324
YMR235C,YGR094W,0,-6.2238836,0.10120958089828491,0.9080841541290283,0.806423008441925
YDR009W,YPL093W,0,-6.224268,0.10119708627462387,0.9080841541290283,0.8065337538719177
YOL071W,YJR068W,0,-6.2246895,0.10118459910154343,0.9080841541290283,0.8066444993019104
YMR162C,YER035W,0,-6.225164,0.10117211937904358,0.9080841541290283,0.8067552447319031
YIL066C,YGL144C,0,-6.225341,0.10115963220596313,0.9080841541290283,0.8068659901618958
YCR020W-B,YBR092C,0,-6.2254124,0.10114715993404388,0.9080841541290283,0.8069767355918884
YOR319W,YGL208W,0,-6.2256355,0.10113468021154404,0.9080841541290283,0.8070874810218811
YAL054C,YOR064C,1,-6.225782,0.10124552994966507,0.9091916084289551,0.8070874810218811
YNL166C,YAR033W,0,-6.2259016,0.10123304277658463,0.9091916084289551,0.8071982264518738
YLR106C,YKL006C-A,0,-6.2259483,0.10122056305408478,0.9091916084289551,0.8073089718818665
YDL017W,YBL026W,0,-6.2260885,0.10120808333158493,0.9091916084289551,0.8074197173118591
YJL167W,YPL126W,0,-6.2263317,0.10119561105966568,0.9091916084289551,0.8075304627418518
YGR169C,YBR154C,0,-6.226541,0.10118313878774643,0.9091916084289551,0.8076412081718445
YOL108C,YMR203W,0,-6.226795,0.10117067396640778,0.9091916084289551,0.8077519536018372
YIL035C,YGR074W,0,-6.227127,0.10115820914506912,0.9091916084289551,0.8078626990318298
YBR072W,YEL017C-A,0,-6.2271767,0.10114574432373047,0.9091916084289551,0.8079734444618225
YJR097W,YKL025C,0,-6.227858,0.10113328695297241,0.9091916084289551,0.8080841898918152
YDR046C,YLR060W,0,-6.227935,0.10112082958221436,0.9091916084289551,0.8081949353218079
YMR083W,YJL048C,0,-6.228144,0.1011083722114563,0.9091916084289551,0.8083056211471558
YPL051W,YOR245C,0,-6.228767,0.10109592229127884,0.9091916084289551,0.8084163665771484
YJL122W,YBR123C,0,-6.2294207,0.10108347982168198,0.9091916084289551,0.8085271120071411
YIL103W,YOL105C,0,-6.2294865,0.10107102990150452,0.9091916084289551,0.8086378574371338
YJL102W,YOL147C,0,-6.2299895,0.10105859488248825,0.9091916084289551,0.8087486028671265
YMR078C,YGL226C-A,0,-6.230276,0.10104615241289139,0.9091916084289551,0.8088593482971191
YHR013C,YOR064C,1,-6.2303543,0.10115677863359451,0.9102990031242371,0.8088593482971191
YNL037C,YDL087C,0,-6.23063,0.10114433616399765,0.9102990031242371,0.8089700937271118
YBR207W,YHR167W,0,-6.230808,0.10113188624382019,0.9102990031242371,0.8090808391571045
YNL259C,YPL043W,0,-6.230892,0.10111945122480392,0.9102990031242371,0.8091915845870972
YAL026C,YDL003W,0,-6.2309904,0.10110700875520706,0.9102990031242371,0.8093023300170898
YBR207W,YLL019C,0,-6.2317557,0.1010945737361908,0.9102990031242371,0.8094130754470825
YBR065C,YGL067W,0,-6.231781,0.10108214616775513,0.9102990031242371,0.8095238208770752
YPL161C,YPL012W,0,-6.2324696,0.10106971859931946,0.9102990031242371,0.8096345663070679
YMR049C,YOR106W,0,-6.2326603,0.10105729103088379,0.9102990031242371,0.8097453117370605
YOR031W,YJL025W,0,-6.232669,0.10104487091302872,0.9102990031242371,0.8098560571670532
YDR270W,YNL027W,0,-6.2328196,0.10103245079517365,0.9102990031242371,0.8099668025970459
YLR353W,YHR169W,0,-6.233225,0.10102003067731857,0.9102990031242371,0.8100775480270386
YDL019C,YOL124C,0,-6.233288,0.1010076180100441,0.9102990031242371,0.8101882338523865
YIL009W,YPL001W,1,-6.2333384,0.1011180728673935,0.911406397819519,0.8101882338523865
YFL056C,YGR007W,0,-6.2333517,0.10110565274953842,0.911406397819519,0.8102989792823792
YPL001W,YPR131C,1,-6.233651,0.10121607035398483,0.9125138521194458,0.8102989792823792
YOR080W,YCR067C,0,-6.2340336,0.10120363533496857,0.9125138521194458,0.8104097247123718
YPL193W,YDR146C,0,-6.234063,0.1011912077665329,0.9125138521194458,0.8105204701423645
YLR192C,YPL152W,0,-6.2344027,0.10117878019809723,0.9125138521194458,0.8106312155723572
YDR499W,YMR021C,0,-6.2351418,0.10116636008024216,0.9125138521194458,0.8107419610023499
YBL032W,YOR326W,0,-6.235314,0.10115393996238708,0.9125138521194458,0.8108527064323425
YMR073C,YOL143C,0,-6.2353697,0.10114152729511261,0.9125138521194458,0.8109634518623352
YOR078W,YPL177C,0,-6.2354918,0.10112911462783813,0.9125138521194458,0.8110741972923279
YOR032C,YOL129W,0,-6.235746,0.10111670196056366,0.9125138521194458,0.8111849427223206
YGR003W,YBL106C,0,-6.235799,0.10110429674386978,0.9125138521194458,0.8112956881523132
YER012W,YNL302C,0,-6.2363024,0.1010918915271759,0.9125138521194458,0.8114064335823059
YFR024C-A,YBR066C,0,-6.236347,0.10107948631048203,0.9125138521194458,0.8115171790122986
YMR246W,YMR069W,1,-6.2371645,0.1011897474527359,0.9136212468147278,0.8115171790122986
YGR083C,YDR400W,0,-6.2372417,0.10117733478546143,0.9136212468147278,0.8116279244422913
YGL084C,YNL061W,0,-6.237244,0.10116492956876755,0.9136212468147278,0.8117386698722839
YLR397C,YBR199W,0,-6.2375245,0.10115252435207367,0.9136212468147278,0.8118494153022766
YPL241C,YDR055W,0,-6.23783,0.10114012658596039,0.9136212468147278,0.8119601607322693
YHL048W,YNL311C,0,-6.238038,0.1011277288198471,0.9136212468147278,0.8120708465576172
YLR401C,YOR181W,0,-6.238135,0.10111533105373383,0.9136212468147278,0.8121815919876099
YKL001C,YML073C,0,-6.2383375,0.10110294073820114,0.9136212468147278,0.8122923374176025
YOR250C,YBR162C,0,-6.2384186,0.10109055042266846,0.9136212468147278,0.8124030828475952
YDR058C,YOL124C,0,-6.2388825,0.10107816755771637,0.9136212468147278,0.8125138282775879
YNL059C,YPL221W,0,-6.238963,0.10106578469276428,0.9136212468147278,0.8126245737075806
YHR031C,YER019C-A,0,-6.239002,0.1010534018278122,0.9136212468147278,0.8127353191375732
YML113W,YJL196C,0,-6.2390785,0.1010410264134407,0.9136212468147278,0.8128460645675659
YNL258C,YER127W,0,-6.239188,0.10102865844964981,0.9136212468147278,0.8129568099975586
YLR216C,YDR434W,0,-6.2392044,0.10101628303527832,0.9136212468147278,0.8130675554275513
YJL024C,YOR294W,0,-6.2395816,0.10100391507148743,0.9136212468147278,0.813178300857544
YHR023W,YDR381W,0,-6.2396774,0.10099155455827713,0.9136212468147278,0.8132890462875366
YLR284C,YDR489W,0,-6.239734,0.10097919404506683,0.9136212468147278,0.8133997917175293
YOL116W,YOR075W,0,-6.2403045,0.10096683353185654,0.9136212468147278,0.813510537147522
YDR440W,YPL206C,0,-6.240353,0.10095448046922684,0.9136212468147278,0.8136212825775146
YJR070C,YDL097C,0,-6.2404337,0.10094212740659714,0.9136212468147278,0.8137320280075073
YLR116W,YCR073C,0,-6.240645,0.10092977434396744,0.9136212468147278,0.8138427734375
YBR205W,YDL105W,0,-6.2407093,0.10091742873191833,0.9136212468147278,0.8139534592628479
YPR155C,YHR161C,0,-6.2407403,0.10090509057044983,0.9136212468147278,0.8140642046928406
YIL097W,YLR193C,0,-6.240785,0.10089274495840073,0.9136212468147278,0.8141749501228333
YJL203W,YEL004W,0,-6.2407866,0.10088041424751282,0.9136212468147278,0.8142856955528259
YKL025C,YFL026W,0,-6.240799,0.10086807608604431,0.9136212468147278,0.8143964409828186
YBR131W,YBR089C-A,0,-6.2408104,0.1008557453751564,0.9136212468147278,0.8145071864128113
YGR133W,YKR056W,0,-6.240948,0.1008434146642685,0.9136212468147278,0.814617931842804
YDR162C,YAL017W,0,-6.2412295,0.10083109140396118,0.9136212468147278,0.8147286772727966
YDL102W,YLR079W,0,-6.2414,0.10081876814365387,0.9136212468147278,0.8148394227027893
YKR036C,YKL195W,0,-6.2414894,0.10080645233392715,0.9136212468147278,0.814950168132782
YLL021W,YGR082W,0,-6.2416945,0.10079413652420044,0.9136212468147278,0.8150609135627747
YOL051W,YIL048W,0,-6.2417383,0.10078182071447372,0.9136212468147278,0.8151716589927673
YNL248C,YDL216C,0,-6.241806,0.1007695123553276,0.9136212468147278,0.81528240442276
YMR076C,YBL033C,0,-6.241989,0.10075720399618149,0.9136212468147278,0.8153931498527527
YGR057C,YCL043C,0,-6.2426243,0.10074490308761597,0.9136212468147278,0.8155038952827454
YOR204W,YOR362C,0,-6.243407,0.10073260217905045,0.9136212468147278,0.815614640712738
YLR353W,YIR041W,0,-6.2434072,0.10072030127048492,0.9136212468147278,0.8157253861427307
YDL088C,YKL009W,0,-6.2434416,0.1007080078125,0.9136212468147278,0.8158361315727234
YKL093W,YKL170W,0,-6.2435937,0.10069571435451508,0.9136212468147278,0.8159468173980713
YNL113W,YDR489W,0,-6.2436743,0.10068342834711075,0.9136212468147278,0.816057562828064
YKL194C,YDL105W,0,-6.2437606,0.10067114233970642,0.9136212468147278,0.8161683082580566
YOL130W,YBL024W,0,-6.2440104,0.1006588563323021,0.9136212468147278,0.8162790536880493
YNL275W,YHR163W,0,-6.244165,0.10064657777547836,0.9136212468147278,0.816389799118042
YBR131W,YDR148C,0,-6.24457,0.10063429921865463,0.9136212468147278,0.8165005445480347
YDR022C,YJL059W,0,-6.244938,0.1006220281124115,0.9136212468147278,0.8166112899780273
YBR037C,YJL089W,0,-6.2454367,0.10060975700616837,0.9136212468147278,0.81672203540802
YDR273W,YDR189W,0,-6.24631,0.10059748589992523,0.9136212468147278,0.8168327808380127
YDR446W,YGL137W,0,-6.246421,0.1005852222442627,0.9136212468147278,0.8169435262680054
YEL066W,YMR069W,1,-6.246648,0.10069486498832703,0.9147287011146545,0.8169435262680054
YBR089C-A,YPR178W,0,-6.247086,0.10068259388208389,0.9147287011146545,0.817054271697998
YGL044C,YPR121W,0,-6.247469,0.10067032277584076,0.9147287011146545,0.8171650171279907
YDR165W,YLR090W,0,-6.2474985,0.10065805166959763,0.9147287011146545,0.8172757625579834
YGL027C,YBL042C,0,-6.2478633,0.10064578801393509,0.9147287011146545,0.8173865079879761
YLL026W,YNL055C,0,-6.248224,0.10063353180885315,0.9147287011146545,0.8174972534179688
YLR100W,YGL063W,0,-6.248335,0.10062126815319061,0.9147287011146545,0.8176079988479614
YFL057C,YAL035W,0,-6.2484527,0.10060901194810867,0.9147287011146545,0.8177187442779541
YDR235W,YDR065W,0,-6.248453,0.10059676319360733,0.9147287011146545,0.817829430103302
YLR068W,YMR096W,0,-6.24918,0.10058450698852539,0.9147287011146545,0.8179401755332947
YNL280C,YGR033C,0,-6.2492194,0.10057226568460464,0.9147287011146545,0.8180509209632874
YJL170C,YPR134W,0,-6.2492933,0.1005600169301033,0.9147287011146545,0.81816166639328
YMR298W,YOR313C,0,-6.249535,0.10054777562618256,0.9147287011146545,0.8182724118232727
YOR023C,YHR013C,1,-6.2502346,0.10065725445747375,0.9158360958099365,0.8182724118232727
YOR023C,YMR246W,1,-6.2502737,0.10076670348644257,0.9169435501098633,0.8182724118232727
YLR166C,YKR079C,0,-6.250376,0.10075443983078003,0.9169435501098633,0.8183831572532654
YOR239W,YDL126C,0,-6.250478,0.10074218362569809,0.9169435501098633,0.8184939026832581
YIR002C,YDL083C,0,-6.2507324,0.10072992742061615,0.9169435501098633,0.8186046481132507
YLR370C,YDR527W,0,-6.250759,0.10071767121553421,0.9169435501098633,0.8187153935432434
YIL066C,YLL012W,0,-6.2507753,0.10070542246103287,0.9169435501098633,0.8188261389732361
YOL164W,YPR113W,0,-6.251116,0.10069318115711212,0.9169435501098633,0.8189368844032288
YER044C,YLR435W,0,-6.251334,0.10068093240261078,0.9169435501098633,0.8190476298332214
YFL023W,YJL167W,0,-6.252082,0.10066869109869003,0.9169435501098633,0.8191583752632141
YOR023C,YDR167W,1,-6.252162,0.1007780209183693,0.9180509448051453,0.8191583752632141
YJL170C,YHR106W,0,-6.2526884,0.10076577216386795,0.9180509448051453,0.8192691206932068
YJR144W,YJR009C,0,-6.252961,0.10075352340936661,0.9180509448051453,0.8193798661231995
YLR175W,YNR048W,0,-6.2529707,0.10074128210544586,0.9180509448051453,0.8194906115531921
YMR188C,YMR182C,0,-6.253138,0.10072904080152512,0.9180509448051453,0.8196013569831848
YLR153C,YPL001W,1,-6.254204,0.10083829611539841,0.9191583395004272,0.8196013569831848
YGR217W,YPL043W,0,-6.254548,0.10082604736089706,0.9191583395004272,0.8197120428085327
YPL091W,YPL118W,0,-6.2548294,0.10081379860639572,0.9191583395004272,0.8198227882385254
YJR082C,YDR126W,1,-6.2548327,0.10092300176620483,0.920265793800354,0.8198227882385254
YGL018C,YGR128C,0,-6.2550545,0.1009107455611229,0.920265793800354,0.8199335336685181
YCR048W,YPL274W,0,-6.2555966,0.10089849680662155,0.920265793800354,0.8200442790985107
YGL005C,YKL152C,0,-6.2556486,0.10088624805212021,0.920265793800354,0.8201550245285034
YJR025C,YNL062C,0,-6.2557607,0.10087399929761887,0.920265793800354,0.8202657699584961
YLL019C,YCR028C-A,0,-6.2562804,0.10086175799369812,0.920265793800354,0.8203765153884888
YPR033C,YOR265W,0,-6.2562943,0.10084951668977737,0.920265793800354,0.8204872608184814
YGR268C,YGR169C,0,-6.256467,0.10083727538585663,0.920265793800354,0.8205980062484741
YJL024C,YJR097W,0,-6.2566357,0.10082504153251648,0.920265793800354,0.8207087516784668
YLR153C,YOL110W,1,-6.256793,0.10093412548303604,0.921373188495636,0.8207087516784668
YER114C,YJL053W,0,-6.2571206,0.1009218841791153,0.921373188495636,0.8208194971084595
YNL025C,YOR084W,0,-6.2572255,0.10090964287519455,0.921373188495636,0.8209302425384521
YMR204C,YNL229C,0,-6.2573166,0.1008974015712738,0.921373188495636,0.8210409879684448
YDR247W,YMR087W,0,-6.2576313,0.10088516771793365,0.921373188495636,0.8211517333984375
YDL194W,YOR075W,0,-6.258701,0.1008729413151741,0.921373188495636,0.8212624788284302
YML015C,YOL020W,0,-6.258852,0.10086070746183395,0.921373188495636,0.8213732242584229
YGR225W,YGL097W,0,-6.2588925,0.100848488509655,0.921373188495636,0.8214839696884155
YHR118C,YGR185C,0,-6.2588997,0.10083626210689545,0.921373188495636,0.8215946555137634
YDR386W,YFL002C,0,-6.258961,0.10082404315471649,0.921373188495636,0.8217054009437561
YPR199C,YJL203W,0,-6.259017,0.10081182420253754,0.921373188495636,0.8218161463737488
YGR179C,YPL188W,0,-6.2590547,0.10079961270093918,0.921373188495636,0.8219268918037415
YML099C,YJR089W,0,-6.2591534,0.10078740119934082,0.921373188495636,0.8220376372337341
YBR210W,YBL023C,0,-6.2594643,0.10077519714832306,0.921373188495636,0.8221483826637268
YLR201C,YFL008W,0,-6.259579,0.1007629856467247,0.921373188495636,0.8222591280937195
YBR142W,YLR010C,0,-6.2597704,0.10075078904628754,0.921373188495636,0.8223698735237122
YDL170W,YGR211W,0,-6.260214,0.10073858499526978,0.921373188495636,0.8224806189537048
YBR185C,YDL200C,0,-6.2602324,0.10072639584541321,0.921373188495636,0.8225913643836975
YER054C,YOR160W,0,-6.260934,0.10071419924497604,0.921373188495636,0.8227021098136902
YKR007W,YGR081C,0,-6.261034,0.10070201009511948,0.921373188495636,0.8228128552436829
YPL119C,YOR380W,0,-6.261424,0.10068982094526291,0.921373188495636,0.8229236006736755
YPR023C,YPR131C,1,-6.261615,0.10079864412546158,0.9224806427955627,0.8229236006736755
YHL019C,YJL042W,0,-6.2620983,0.10078644752502441,0.9224806427955627,0.8230343461036682
YDR276C,YMR197C,0,-6.262109,0.10077425837516785,0.9224806427955627,0.8231450915336609
YGL111W,YCL063W,0,-6.2621593,0.10076206922531128,0.9224806427955627,0.8232558369636536
YDR122W,YJL047C,0,-6.262462,0.10074988007545471,0.9224806427955627,0.8233665823936462
YIL154C,YKL064W,0,-6.262473,0.10073769837617874,0.9224806427955627,0.8234772682189941
YDL227C,YOL009C,0,-6.262515,0.10072551667690277,0.9224806427955627,0.8235880136489868
YNL270C,YOR346W,0,-6.2629566,0.1007133349776268,0.9224806427955627,0.8236987590789795
YJR097W,YJL124C,0,-6.2632256,0.10070116072893143,0.9224806427955627,0.8238095045089722
YNR044W,YPR132W,0,-6.263234,0.10068898648023605,0.9224806427955627,0.8239202499389648
YIL120W,YDR172W,0,-6.2635117,0.10067681968212128,0.9224806427955627,0.8240309953689575
YHL040C,YDR021W,0,-6.263997,0.1006646528840065,0.9224806427955627,0.8241417407989502
YML116W,YGR104C,0,-6.264024,0.10065248608589172,0.9224806427955627,0.8242524862289429
YOR030W,YAL026C,0,-6.264052,0.10064032673835754,0.9224806427955627,0.8243632316589355
YPR023C,YMR246W,1,-6.264416,0.10074897110462189,0.9235880374908447,0.8243632316589355
YPR199C,YFR013W,0,-6.264972,0.10073680430650711,0.9235880374908447,0.8244739770889282
YDL008W,YBR169C,0,-6.264993,0.10072463750839233,0.9235880374908447,0.8245847225189209
YOL164W,YKL173W,0,-6.265081,0.10071247071027756,0.9235880374908447,0.8246954679489136
YOR103C,YDR228C,0,-6.265177,0.10070031136274338,0.9235880374908447,0.8248062133789062
YDR524C,YNL129W,0,-6.2657204,0.1006881594657898,0.9235880374908447,0.8249169588088989
YDR459C,YOR064C,1,-6.265767,0.10079671442508698,0.9246954321861267,0.8249169588088989
YCR091W,YNR052C,0,-6.2661524,0.1007845476269722,0.9246954321861267,0.8250277042388916
YER015W,YOL110W,1,-6.26639,0.10089307278394699,0.9258028864860535,0.8250277042388916
YBR145W,YJL156C,0,-6.2670555,0.10088089853525162,0.9258028864860535,0.8251384496688843
YPL255W,YDR378C,0,-6.267289,0.10086872428655624,0.9258028864860535,0.825249195098877
YCL026C-A,YDL227C,0,-6.2674155,0.10085655748844147,0.9258028864860535,0.8253599405288696
YHR148W,YPL258C,0,-6.267627,0.10084439069032669,0.9258028864860535,0.8254706263542175
YHR200W,YNR034W,0,-6.2679377,0.10083223134279251,0.9258028864860535,0.8255813717842102
YMR202W,YOR188W,0,-6.2681384,0.10082006454467773,0.9258028864860535,0.8256921172142029
YMR049C,YML028W,0,-6.268153,0.10080791264772415,0.9258028864860535,0.8258028626441956
YIL124W,YPR111W,0,-6.2687464,0.10079575330018997,0.9258028864860535,0.8259136080741882
YOR226C,YNL064C,0,-6.2693787,0.10078360140323639,0.9258028864860535,0.8260243535041809
YNL280C,YGL246C,0,-6.269769,0.1007714569568634,0.9258028864860535,0.8261350989341736
YGR264C,YKR095W,0,-6.2699566,0.10075931251049042,0.9258028864860535,0.8262458443641663
YOR159C,YML028W,0,-6.2699714,0.10074716806411743,0.9258028864860535,0.8263565897941589
YDR062W,YBR106W,0,-6.270027,0.10073503106832504,0.9258028864860535,0.8264673352241516
YBR029C,YGR256W,0,-6.2702885,0.10072289407253265,0.9258028864860535,0.8265780806541443
YPL093W,YGL058W,0,-6.27098,0.10071075707674026,0.9258028864860535,0.826688826084137
YER162C,YBR083W,0,-6.27158,0.10069862753152847,0.9258028864860535,0.8267995715141296
YNL016W,YNL128W,0,-6.2717896,0.10068649798631668,0.9258028864860535,0.8269103169441223
YPR034W,YMR011W,0,-6.2717977,0.10067437589168549,0.9258028864860535,0.827021062374115
YPL011C,YCR083W,0,-6.272048,0.10066225379705429,0.9258028864860535,0.8271318078041077
YGL247W,YJL183W,0,-6.2720933,0.1006501317024231,0.9258028864860535,0.8272425532341003
YLR014C,YOR265W,0,-6.272319,0.1006380170583725,0.9258028864860535,0.8273532390594482
YGR109C,YOL051W,0,-6.2723594,0.1006259024143219,0.9258028864860535,0.8274639844894409
YMR220W,YGL201C,0,-6.272507,0.1006137952208519,0.9258028864860535,0.8275747299194336
YFR046C,YGL162W,0,-6.2727213,0.1006016880273819,0.9258028864860535,0.8276854753494263
YOR243C,YDR407C,0,-6.2735167,0.1005895808339119,0.9258028864860535,0.827796220779419
YLR192C,YCL066W,0,-6.2735333,0.10057748109102249,0.9258028864860535,0.8279069662094116
YIL097W,YKL108W,0,-6.2738633,0.10056538134813309,0.9258028864860535,0.8280177116394043
YPR171W,YGL037C,0,-6.273962,0.10055328160524368,0.9258028864860535,0.828128457069397
YIL009W,YLL002W,1,-6.2744074,0.10066145658493042,0.9269102811813354,0.828128457069397
YPL256C,YCL043C,0,-6.274679,0.10064934939146042,0.9269102811813354,0.8282392024993896
YJL198W,YGL232W,0,-6.275141,0.10063724964857101,0.9269102811813354,0.8283499479293823
YLR347C,YDR379W,0,-6.275426,0.10062514990568161,0.9269102811813354,0.828460693359375
YJR140C,YOL101C,0,-6.276397,0.1006130576133728,0.9269102811813354,0.8285714387893677
YDR479C,YLR321C,0,-6.276514,0.1006009578704834,0.9269102811813354,0.8286821842193604
YMR232W,YDL128W,0,-6.2769594,0.10058887302875519,0.9269102811813354,0.828792929649353
YKL004W,YDR456W,0,-6.277058,0.10057678073644638,0.9269102811813354,0.8289036750793457
YLR368W,YDL148C,0,-6.277069,0.10056470334529877,0.9269102811813354,0.8290144205093384
YJL115W,YNL136W,1,-6.2775984,0.10067275166511536,0.9280177354812622,0.8290144205093384
YMR006C,YER031C,0,-6.277716,0.10066065937280655,0.9280177354812622,0.829125165939331
YDR141C,YBR130C,0,-6.2777824,0.10064856708049774,0.9280177354812622,0.829235851764679
YJL060W,YBR106W,0,-6.2778,0.10063648223876953,0.9280177354812622,0.8293465971946716
YER028C,YDR077W,0,-6.277882,0.10062439739704132,0.9280177354812622,0.8294573426246643
YCL039W,YLR260W,0,-6.277986,0.10061232000589371,0.9280177354812622,0.829568088054657
YHR169W,YKL073W,0,-6.278064,0.1006002426147461,0.9280177354812622,0.8296788334846497
YNL111C,YBR199W,0,-6.278144,0.10058816522359848,0.9280177354812622,0.8297895789146423
YER142C,YHR034C,0,-6.278264,0.10057609528303146,0.9280177354812622,0.829900324344635
YKR054C,YDR028C,0,-6.2786064,0.10056402534246445,0.9280177354812622,0.8300110697746277
YDL085W,YOR137C,0,-6.278752,0.10055195540189743,0.9280177354812622,0.8301218152046204
YAR031W,YOL102C,0,-6.2790756,0.10053989291191101,0.9280177354812622,0.830232560634613
YNL009W,YER095W,0,-6.2792206,0.10052783042192459,0.9280177354812622,0.8303433060646057
YDR450W,YDR489W,0,-6.279857,0.10051577538251877,0.9280177354812622,0.8304540514945984
YJL033W,YJL061W,0,-6.2809687,0.10050372034311295,0.9280177354812622,0.8305647969245911
YPL061W,YIL053W,0,-6.2810974,0.10049166530370712,0.9280177354812622,0.8306755423545837
YML080W,YDR137W,0,-6.281105,0.1004796177148819,0.9280177354812622,0.8307862877845764
YOL080C,YMR305C,0,-6.281223,0.10046757012605667,0.9280177354812622,0.8308970332145691
YCR106W,YOL142W,0,-6.281376,0.10045552253723145,0.9280177354812622,0.8310077786445618
YPR100W,YFR052W,0,-6.2815948,0.10044348239898682,0.9280177354812622,0.8311184644699097
YMR184W,YDR103W,0,-6.2815995,0.10043144971132278,0.9280177354812622,0.8312292098999023
YIL038C,YPL010W,0,-6.2820964,0.10041940957307816,0.9280177354812622,0.831339955329895
YLR084C,YDR165W,0,-6.2822294,0.10040738433599472,0.9280177354812622,0.8314507007598877
YOR299W,YOR386W,0,-6.2827005,0.10039535164833069,0.9280177354812622,0.8315614461898804
YIL159W,YKR053C,0,-6.28273,0.10038332641124725,0.9280177354812622,0.831672191619873
YNL334C,YJR103W,0,-6.2832127,0.10037130117416382,0.9280177354812622,0.8317829370498657
YLR254C,YPL133C,0,-6.2832565,0.10035928338766098,0.9280177354812622,0.8318936824798584
YFL056C,YLR223C,0,-6.283592,0.10034726560115814,0.9280177354812622,0.8320044279098511
YJL167W,YPL242C,0,-6.2840304,0.1003352478146553,0.9280177354812622,0.8321151733398438
YOL042W,YIL147C,0,-6.2843533,0.10032323747873306,0.9280177354812622,0.8322259187698364
YIL079C,YLL003W,0,-6.2844005,0.10031122714281082,0.9280177354812622,0.8323366641998291
YNR032W,YDR527W,0,-6.2845316,0.10029922425746918,0.9280177354812622,0.8324474096298218
YBR161W,YJR004C,0,-6.284667,0.10028722137212753,0.9280177354812622,0.8325581550598145
YNR074C,YEL022W,0,-6.284707,0.10027521848678589,0.9280177354812622,0.8326689004898071
YNL110C,YGR170W,0,-6.284953,0.10026322305202484,0.9280177354812622,0.8327796459197998
YER151C,YJL109C,0,-6.2853007,0.1002512276172638,0.9280177354812622,0.8328903913497925
YKL011C,YNL025C,0,-6.2857084,0.10023923218250275,0.9280177354812622,0.8330011367797852
YKR024C,YDL059C,0,-6.2858477,0.1002272441983223,0.9280177354812622,0.8331118226051331
YER044C,YIL098C,0,-6.2858944,0.10021525621414185,0.9280177354812622,0.8332225680351257
YPL228W,YNR047W,0,-6.2859936,0.10020327568054199,0.9280177354812622,0.8333333134651184
YMR014W,YKR089C,0,-6.2861066,0.10019129514694214,0.9280177354812622,0.8334440588951111
YOR005C,YPL096W,0,-6.286249,0.10017932206392288,0.9280177354812622,0.8335548043251038
YLR116W,YKL043W,0,-6.286385,0.10016734153032303,0.9280177354812622,0.8336655497550964
YIL070C,YPR154W,0,-6.2866173,0.10015537589788437,0.9280177354812622,0.8337762951850891
YGR109C,YDR480W,0,-6.286681,0.10014340281486511,0.9280177354812622,0.8338870406150818
YLR314C,YLR181C,0,-6.286841,0.10013143718242645,0.9280177354812622,0.8339977860450745
YBR050C,YGL093W,0,-6.286913,0.10011947154998779,0.9280177354812622,0.8341085314750671
YDL003W,YGL115W,0,-6.287019,0.10010751336812973,0.9280177354812622,0.8342192769050598
YPR082C,YHR048W,0,-6.2871466,0.10009555518627167,0.9280177354812622,0.8343300223350525
YFR028C,YHR194W,0,-6.2874956,0.1000836044549942,0.9280177354812622,0.8344407677650452
YLR153C,YOR034C,1,-6.2877274,0.10019106417894363,0.9291251301765442,0.8344407677650452
YLR401C,YEL041W,0,-6.287948,0.10017910599708557,0.9291251301765442,0.8345515131950378
YPR183W,YBR257W,0,-6.2880716,0.10016714781522751,0.9291251301765442,0.8346622586250305
YKL043W,YOL105C,0,-6.2880974,0.10015518963336945,0.9291251301765442,0.8347730040550232
YDL230W,YER018C,0,-6.2884135,0.10014323145151138,0.9291251301765442,0.8348837494850159
YNL112W,YCR081W,0,-6.288678,0.10013128072023392,0.9291251301765442,0.8349944353103638
YBR234C,YBR152W,0,-6.2887945,0.10011932998895645,0.9291251301765442,0.8351051807403564
YPL119C,YGR094W,0,-6.288801,0.10010738670825958,0.9291251301765442,0.8352159261703491
YGR028W,YIL008W,0,-6.2888794,0.10009544342756271,0.9291251301765442,0.8353266716003418
YAL054C,YLL022C,1,-6.2889395,0.10020279139280319,0.930232584476471,0.8353266716003418
YLR195C,YPL129W,1,-6.2897,0.10031011700630188,0.9313399791717529,0.8353266716003418
YGL219C,YDL028C,0,-6.28971,0.10029815137386322,0.9313399791717529,0.8354374170303345
YGR222W,YDR166C,0,-6.289792,0.10028619319200516,0.9313399791717529,0.8355481624603271
YMR011W,YMR313C,0,-6.2898827,0.1002742350101471,0.9313399791717529,0.8356589078903198
YOR307C,YIR012W,0,-6.29003,0.10026227682828903,0.9313399791717529,0.8357696533203125
YFR034C,YOR287C,0,-6.290081,0.10025032609701157,0.9313399791717529,0.8358803987503052
YEL029C,YGL137W,0,-6.2901845,0.1002383753657341,0.9313399791717529,0.8359911441802979
YJL146W,YEL026W,0,-6.2902803,0.10022643208503723,0.9313399791717529,0.8361018896102905
YHR001W,YGR008C,0,-6.290371,0.10021448880434036,0.9313399791717529,0.8362126350402832
YBR164C,YIL160C,0,-6.290742,0.10020255297422409,0.9313399791717529,0.8363233804702759
YBL063W,YEL016C,0,-6.290743,0.10019060969352722,0.9313399791717529,0.8364341259002686
YEL018W,YKR003W,0,-6.2912693,0.10017868131399155,0.9313399791717529,0.8365448713302612
YJL006C,YHR106W,0,-6.291342,0.10016674548387527,0.9313399791717529,0.8366556167602539
YJL115W,YMR246W,1,-6.2915707,0.10027390718460083,0.9324473738670349,0.8366556167602539
YIL040W,YPR187W,0,-6.2916155,0.10026196390390396,0.9324473738670349,0.8367663621902466
YLR028C,YNL201C,0,-6.291758,0.10025002807378769,0.9324473738670349,0.8368770480155945
YHR042W,YJL198W,0,-6.291814,0.10023809224367142,0.9324473738670349,0.8369877934455872
YJR125C,YGR090W,0,-6.2918434,0.10022616386413574,0.9324473738670349,0.8370985388755798
YIL066C,YPL157W,0,-6.2921715,0.10021423548460007,0.9324473738670349,0.8372092843055725
YMR049C,YJL168C,0,-6.2926345,0.10020230710506439,0.9324473738670349,0.8373200297355652
YHR148W,YLR337C,0,-6.2929134,0.10019038617610931,0.9324473738670349,0.8374307751655579
YDR153C,YGL246C,0,-6.293059,0.10017846524715424,0.9324473738670349,0.8375415205955505
YBR024W,YHR167W,0,-6.293874,0.10016654431819916,0.9324473738670349,0.8376522660255432
YPR030W,YHR074W,0,-6.2941713,0.10015463083982468,0.9324473738670349,0.8377630114555359
YOL164W,YIR002C,0,-6.2942276,0.10014272481203079,0.9324473738670349,0.8378737568855286
YLR056W,YDR037W,0,-6.2945333,0.10013081133365631,0.9324473738670349,0.8379845023155212
YCR094W,YER070W,0,-6.294673,0.10011890530586243,0.9324473738670349,0.8380952477455139
YBL041W,YDR202C,0,-6.2949443,0.10010699927806854,0.9324473738670349,0.8382059931755066
YLR015W,YOR308C,0,-6.295063,0.10009510070085526,0.9324473738670349,0.8383167386054993
YDL083C,YKL034W,0,-6.295536,0.10008320212364197,0.9324473738670349,0.8384274840354919
YKL008C,YMR026C,0,-6.2957373,0.10007131099700928,0.9324473738670349,0.8385382294654846
YGL008C,YGL126W,0,-6.296206,0.10005941987037659,0.9324473738670349,0.8386489748954773
YDL093W,YML027W,0,-6.2964478,0.1000475287437439,0.9324473738670349,0.8387596607208252
YER127W,YPL192C,0,-6.296728,0.1000356450676918,0.9324473738670349,0.8388704061508179
YLL002W,YDR126W,1,-6.2973127,0.10014255344867706,0.9335548281669617,0.8388704061508179
YPL154C,YGR030C,0,-6.2974896,0.10013065487146378,0.9335548281669617,0.8389811515808105
YGR261C,YBR143C,0,-6.2977357,0.10011876374483109,0.9335548281669617,0.8390918970108032
YLR274W,YIL160C,0,-6.29794,0.1001068726181984,0.9335548281669617,0.8392026424407959
YHR165C,YEL041W,0,-6.298225,0.1000949889421463,0.9335548281669617,0.8393133878707886
YGL119W,YDR358W,0,-6.298362,0.10008310526609421,0.9335548281669617,0.8394241333007812
YPL131W,YLR079W,0,-6.298619,0.10007122159004211,0.9335548281669617,0.8395348787307739
YGR280C,YDR289C,0,-6.299056,0.10005934536457062,0.9335548281669617,0.8396456241607666
YKL165C,YER111C,0,-6.2991123,0.10004746913909912,0.9335548281669617,0.8397563695907593
YGR132C,YDR407C,0,-6.299123,0.10003560036420822,0.9335548281669617,0.839867115020752
YDR499W,YNL268W,0,-6.2997804,0.10002373158931732,0.9335548281669617,0.8399778604507446
YIL117C,YOL093W,0,-6.299918,0.10001186281442642,0.9335548281669617,0.8400886058807373
YDL149W,YMR143W,0,-6.3000636,0.10000000149011612,0.9335548281669617,0.84019935131073
YKL004W,YKL194C,0,-6.3000674,0.09998814016580582,0.9335548281669617,0.8403100967407227
YNL136W,YOL148C,1,-6.3001127,0.10009487718343735,0.9346622228622437,0.8403100967407227
YDL040C,YNL326C,1,-6.301301,0.10020159184932709,0.9357696771621704,0.8403100967407227
YLL022C,YOL110W,1,-6.301422,0.10030827671289444,0.9368770718574524,0.8403100967407227
YMR272C,YPR086W,0,-6.3017473,0.10029638558626175,0.9368770718574524,0.8404208421707153
YIL119C,YIL138C,0,-6.3018494,0.10028449445962906,0.9368770718574524,0.840531587600708
YOL071W,YDL083C,0,-6.3022943,0.10027261078357697,0.9368770718574524,0.8406423330307007
YLR377C,YPL221W,0,-6.302562,0.10026072710752487,0.9368770718574524,0.8407530188560486
YNR067C,YCR028C-A,0,-6.3029976,0.10024884343147278,0.9368770718574524,0.8408637642860413
YHR061C,YBL003C,0,-6.303003,0.10023696720600128,0.9368770718574524,0.8409745097160339
YOR056C,YLR417W,0,-6.303158,0.10022509098052979,0.9368770718574524,0.8410852551460266
YNL097C,YPL188W,0,-6.3033953,0.10021322220563889,0.9368770718574524,0.8411960005760193
YNL279W,YNL151C,0,-6.304189,0.10020135343074799,0.9368770718574524,0.841306746006012
YPR185W,YLR023C,0,-6.304428,0.10018948465585709,0.9368770718574524,0.8414174914360046
YJL178C,YAL012W,0,-6.304678,0.10017762333154678,0.9368770718574524,0.8415282368659973
YHR193C,YDR148C,0,-6.3047585,0.10016576200723648,0.9368770718574524,0.84163898229599
YPL069C,YBR089C-A,0,-6.3052487,0.10015390068292618,0.9368770718574524,0.8417497277259827
YBL014C,YLL024C,0,-6.305252,0.10014204680919647,0.9368770718574524,0.8418604731559753
YJR097W,YGR276C,0,-6.3053913,0.10013019293546677,0.9368770718574524,0.841971218585968
YDR361C,YOR129C,0,-6.3056936,0.10011834651231766,0.9368770718574524,0.8420819640159607
YNL142W,YGR063C,0,-6.305915,0.10010649263858795,0.9368770718574524,0.8421927094459534
YOR188W,YKR072C,0,-6.306526,0.10009465366601944,0.9368770718574524,0.842303454875946
YJR069C,YFL004W,0,-6.306871,0.10008280724287033,0.9368770718574524,0.8424142003059387
YIL036W,YKL035W,0,-6.3075037,0.10007097572088242,0.9368770718574524,0.8425249457359314
YPL118W,YNR034W,0,-6.3077774,0.1000591367483139,0.9368770718574524,0.8426356315612793
YPL119C,YOR245C,0,-6.307928,0.10004730522632599,0.9368770718574524,0.842746376991272
YFL023W,YDL200C,0,-6.308119,0.10003547370433807,0.9368770718574524,0.8428571224212646
YGL020C,YBL002W,0,-6.308259,0.10002364963293076,0.9368770718574524,0.8429678678512573
YGL200C,YFL034C-B,0,-6.3086205,0.10001181811094284,0.9368770718574524,0.84307861328125
YDL030W,YPR198W,0,-6.3100224,0.10000000149011612,0.9368770718574524,0.8431893587112427
YMR065W,YKL214C,0,-6.310512,0.0999881774187088,0.9368770718574524,0.8433001041412354
YLL042C,YDL003W,0,-6.310766,0.09997636824846268,0.9368770718574524,0.843410849571228
YFL016C,YJR127C,0,-6.311127,0.09996455162763596,0.9368770718574524,0.8435215950012207
YBL084C,YGL100W,0,-6.3113546,0.09995274245738983,0.9368770718574524,0.8436323404312134
YDL090C,YJL059W,0,-6.3114815,0.09994093328714371,0.9368770718574524,0.843743085861206
YKR057W,YCR060W,0,-6.311871,0.09992913156747818,0.9368770718574524,0.8438538312911987
YPR120C,YOL102C,0,-6.311899,0.09991732239723206,0.9368770718574524,0.8439645767211914
YBR155W,YIR018W,0,-6.312173,0.09990552812814713,0.9368770718574524,0.8440753221511841
YMR014W,YHL048W,0,-6.3122435,0.0998937264084816,0.9368770718574524,0.8441860675811768
YLR186W,YNL273W,0,-6.312359,0.09988193958997726,0.9368770718574524,0.8442968130111694
YLR370C,YBL035C,0,-6.312747,0.09987014532089233,0.9368770718574524,0.8444075584411621
YBR065C,YLR240W,0,-6.3128834,0.099858358502388,0.9368770718574524,0.84451824426651
YER006W,YBR037C,0,-6.313678,0.09984657168388367,0.9368770718574524,0.8446289896965027
YOL082W,YER178W,0,-6.314098,0.09983479231595993,0.9368770718574524,0.8447397351264954
YDL036C,YCR060W,0,-6.314292,0.0998230054974556,0.9368770718574524,0.844850480556488
YBR272C,YLL021W,0,-6.314336,0.09981123358011246,0.9368770718574524,0.8449612259864807
YPR072W,YER031C,0,-6.3144245,0.09979945421218872,0.9368770718574524,0.8450719714164734
YDR365C,YBR040W,0,-6.314594,0.09978768229484558,0.9368770718574524,0.8451827168464661
YLR048W,YLR234W,0,-6.3154736,0.09977591782808304,0.9368770718574524,0.8452934622764587
YER065C,YNL282W,0,-6.3157516,0.0997641533613205,0.9368770718574524,0.8454042077064514
YGR220C,YOL129W,0,-6.3158035,0.09975238889455795,0.9368770718574524,0.8455149531364441
YOR034C,YMR069W,1,-6.315804,0.09985852241516113,0.9379844665527344,0.8455149531364441
YPR086W,YNL154C,0,-6.315898,0.099846750497818,0.9379844665527344,0.8456256985664368
YFL056C,YER016W,0,-6.3160706,0.09983498603105545,0.9379844665527344,0.8457364439964294
YER179W,YDR057W,0,-6.3163743,0.09982321411371231,0.9379844665527344,0.8458471894264221
YKL138C-A,YML093W,0,-6.316607,0.09981145709753036,0.9379844665527344,0.8459579348564148
YGR009C,YNL299W,0,-6.316759,0.09979969263076782,0.9379844665527344,0.8460686802864075
YKL085W,YGR090W,0,-6.316876,0.09978793561458588,0.9379844665527344,0.8461794257164001
YOR079C,YHR174W,0,-6.317032,0.09977617859840393,0.9379844665527344,0.8462901711463928
YOR031W,YIL026C,0,-6.317415,0.09976442903280258,0.9379844665527344,0.8464008569717407
YJR009C,YPR016C,0,-6.317492,0.09975267946720123,0.9379844665527344,0.8465116024017334
YER127W,YDL232W,0,-6.3176517,0.09974092990159988,0.9379844665527344,0.8466223478317261
YBR193C,YOL147C,0,-6.318429,0.09972918778657913,0.9379844665527344,0.8467330932617188
YDL074C,YBR172C,0,-6.3188114,0.09971744567155838,0.9379844665527344,0.8468438386917114
YHR013C,YIL009W,1,-6.3190546,0.09982342272996902,0.9390919208526611,0.8468438386917114
YIL014W,YGR192C,0,-6.3197045,0.09981167316436768,0.9390919208526611,0.8469545841217041
YMR138W,YPR191W,0,-6.319788,0.09979993104934692,0.9390919208526611,0.8470653295516968
YBR260C,YMR182C,0,-6.320382,0.09978818893432617,0.9390919208526611,0.8471760749816895
YIL035C,YPL262W,0,-6.320731,0.09977644681930542,0.9390919208526611,0.8472868204116821
YML047C,YDR013W,0,-6.3219514,0.09976470470428467,0.9390919208526611,0.8473975658416748
YPL061W,YEL062W,0,-6.3221254,0.09975297003984451,0.9390919208526611,0.8475083112716675
YOL042W,YBR088C,0,-6.323017,0.09974123537540436,0.9390919208526611,0.8476190567016602
YMR116C,YOL112W,0,-6.323133,0.0997295081615448,0.9390919208526611,0.8477298021316528
YDR450W,YHR152W,0,-6.32321,0.09971778094768524,0.9390919208526611,0.8478405475616455
YGR095C,YDR353W,0,-6.3232336,0.09970605373382568,0.9390919208526611,0.8479512929916382
YOL010W,YOL067C,0,-6.3233304,0.09969433397054672,0.9390919208526611,0.8480620384216309
YDL142C,YLR288C,0,-6.323397,0.09968261420726776,0.9390919208526611,0.8481727838516235
YBR205W,YPL237W,0,-6.3236175,0.0996708944439888,0.9390919208526611,0.8482834696769714
YFL025C,YGR262C,0,-6.323808,0.09965918213129044,0.9390919208526611,0.8483942151069641
YDL003W,YJL050W,0,-6.3247776,0.09964747726917267,0.9390919208526611,0.8485049605369568
YLR231C,YOR204W,0,-6.3248243,0.0996357649564743,0.9390919208526611,0.8486157059669495
YGR256W,YNL201C,0,-6.3252206,0.09962406009435654,0.9390919208526611,0.8487264513969421
YLL022C,YLR195C,1,-6.325296,0.09972982853651047,0.9401993155479431,0.8487264513969421
YKR066C,YDR515W,0,-6.325364,0.0997181087732315,0.9401993155479431,0.8488371968269348
YEL050C,YJR120W,0,-6.3254566,0.09970640391111374,0.9401993155479431,0.8489479422569275
YLL003W,YPL258C,0,-6.325465,0.09969469159841537,0.9401993155479431,0.8490586876869202
YNL230C,YBR295W,0,-6.3256702,0.09968298673629761,0.9401993155479431,0.8491694331169128
YBR029C,YGR211W,0,-6.3258224,0.09967128187417984,0.9401993155479431,0.8492801785469055
YNR072W,YEL057C,0,-6.325941,0.09965958446264267,0.9401993155479431,0.8493909239768982
YAL054C,YIL009W,1,-6.3259873,0.09976525604724884,0.9413067698478699,0.8493909239768982
YBR008C,YMR143W,0,-6.3261194,0.09975355118513107,0.9413067698478699,0.8495016694068909
YOL017W,YLR134W,0,-6.3261685,0.0997418463230133,0.9413067698478699,0.8496124148368835
YNL094W,YER119C,0,-6.3261986,0.09973014146089554,0.9413067698478699,0.8497231602668762
YHR043C,YOR319W,0,-6.326309,0.09971844404935837,0.9413067698478699,0.8498339056968689
YFR029W,YGL098W,0,-6.3263464,0.0997067466378212,0.9413067698478699,0.8499446511268616
YNL274C,YJR140C,0,-6.326683,0.09969504922628403,0.9413067698478699,0.8500553965568542
YOL091W,YDR359C,0,-6.326738,0.09968335926532745,0.9413067698478699,0.8501661419868469
YKL186C,YJL190C,0,-6.328372,0.09967166930437088,0.9413067698478699,0.8502768278121948
YNL192W,YDR146C,0,-6.328512,0.0996599867939949,0.9413067698478699,0.8503875732421875
YER044C,YLR003C,0,-6.3292227,0.09964829683303833,0.9413067698478699,0.8504983186721802
YLR153C,YIL009W,1,-6.329272,0.09975384175777435,0.9424141645431519,0.8504983186721802
YKL064W,YML045W,0,-6.3297057,0.09974214434623718,0.9424141645431519,0.8506090641021729
YBR002C,YOR229W,0,-6.3298473,0.0997304618358612,0.9424141645431519,0.8507198095321655
YIL132C,YCR034W,0,-6.3302445,0.09971877187490463,0.9424141645431519,0.8508305549621582
YJR069C,YNR017W,0,-6.3302855,0.09970708936452866,0.9424141645431519,0.8509413003921509
YNL148C,YDL130W-A,0,-6.33035,0.09969540685415268,0.9424141645431519,0.8510520458221436
YMR290C,YIL056W,0,-6.3304462,0.0996837317943573,0.9424141645431519,0.8511627912521362
YOR371C,YNL061W,0,-6.33063,0.09967205673456192,0.9424141645431519,0.8512735366821289
YPR122W,YJL050W,0,-6.3307934,0.09966038167476654,0.9424141645431519,0.8513842821121216
YPL235W,YMR088C,0,-6.3308315,0.09964871406555176,0.9424141645431519,0.8514950275421143
YDR256C,YJL091C,0,-6.331275,0.09963704645633698,0.9424141645431519,0.8516057729721069
YOL122C,YER161C,0,-6.331551,0.09962537884712219,0.9424141645431519,0.8517165184020996
YNL227C,YOR281C,0,-6.331618,0.099613718688488,0.9424141645431519,0.8518272638320923
YBR040W,YGR128C,0,-6.3317156,0.09960205852985382,0.9424141645431519,0.851938009262085
YFL013C,YJR004C,0,-6.331876,0.09959040582180023,0.9424141645431519,0.8520487546920776
YER106W,YPR080W,0,-6.332034,0.09957875311374664,0.9424141645431519,0.8521594405174255
YBR296C,YOL080C,0,-6.332365,0.09956710040569305,0.9424141645431519,0.8522701859474182
YDR404C,YDR143C,0,-6.3323917,0.09955545514822006,0.9424141645431519,0.8523809313774109
YOL165C,YOR133W,0,-6.3327045,0.09954380989074707,0.9424141645431519,0.8524916768074036
YKR089C,YOL093W,0,-6.333108,0.09953216463327408,0.9424141645431519,0.8526024222373962
YCL059C,YNR039C,0,-6.3332953,0.09952052682638168,0.9424141645431519,0.8527131676673889
YOL008W,YML123C,0,-6.333327,0.09950888901948929,0.9424141645431519,0.8528239130973816
YER119C,YBR143C,0,-6.3335476,0.0994972512125969,0.9424141645431519,0.8529346585273743
YHR167W,YPL206C,0,-6.3335896,0.0994856208562851,0.9424141645431519,0.8530454039573669
YHR005C-A,YOR210W,0,-6.333786,0.0994739904999733,0.9424141645431519,0.8531561493873596
YER107C,YGR280C,0,-6.33412,0.0994623675942421,0.9424141645431519,0.8532668948173523
YKR086W,YDR146C,0,-6.334153,0.0994507446885109,0.9424141645431519,0.853377640247345
YPR104C,YOR188W,0,-6.3346786,0.0994391217827797,0.9424141645431519,0.8534883856773376
YPR201W,YEL057C,0,-6.33494,0.09942750632762909,0.9424141645431519,0.8535991311073303
YJL122W,YLR170C,0,-6.334965,0.09941589087247849,0.9424141645431519,0.853709876537323
YOR003W,YOR129C,0,-6.335451,0.09940427541732788,0.9424141645431519,0.8538206219673157
YDR263C,YNR046W,0,-6.3355083,0.09939266741275787,0.9424141645431519,0.8539313673973083
YIL033C,YDR190C,0,-6.335561,0.09938105940818787,0.9424141645431519,0.8540420532226562
YOL059W,YMR188C,0,-6.336111,0.09936945140361786,0.9424141645431519,0.8541527986526489
YMR078C,YOR362C,0,-6.336768,0.09935785084962845,0.9424141645431519,0.8542635440826416
YBR145W,YNL327W,0,-6.336919,0.09934625029563904,0.9424141645431519,0.8543742895126343
YOR046C,YDL042C,0,-6.336941,0.09933465719223022,0.9424141645431519,0.854485034942627
YMR001C,YPR134W,0,-6.3370333,0.09932306408882141,0.9424141645431519,0.8545957803726196
YLR158C,YER159C,0,-6.3372383,0.0993114709854126,0.9424141645431519,0.8547065258026123
YOR056C,YDR142C,0,-6.3375854,0.09929988533258438,0.9424141645431519,0.854817271232605
YMR275C,YNL151C,0,-6.3384576,0.09928829967975616,0.9424141645431519,0.8549280166625977
YNL268W,YGL201C,0,-6.3386126,0.09927671402692795,0.9424141645431519,0.8550387620925903
YGR041W,YOR129C,0,-6.3386173,0.09926513582468033,0.9424141645431519,0.855149507522583
YNL270C,YDR324C,0,-6.3391,0.09925355762243271,0.9424141645431519,0.8552602529525757
YDL055C,YOR287C,0,-6.339311,0.09924197942018509,0.9424141645431519,0.8553709983825684
YDL040C,YGR147C,1,-6.3394356,0.09934701770544052,0.9435216188430786,0.8553709983825684
YNL112W,YAR018C,0,-6.3395557,0.0993354320526123,0.9435216188430786,0.855481743812561
YDR423C,YBR172C,0,-6.3402367,0.09932385385036469,0.9435216188430786,0.8555924892425537
YLR206W,YDL083C,0,-6.3404226,0.09931227564811707,0.9435216188430786,0.8557032346725464
YBR199W,YDR201W,0,-6.3411536,0.09930069744586945,0.9435216188430786,0.8558139801025391
YKR063C,YLR448W,0,-6.341219,0.09928912669420242,0.9435216188430786,0.855924665927887
YOL164W,YDR341C,0,-6.341655,0.0992775559425354,0.9435216188430786,0.8560354113578796
YMR042W,YPL156C,0,-6.3416767,0.09926599264144897,0.9435216188430786,0.8561461567878723
YNL130C,YDR037W,0,-6.3424644,0.09925442934036255,0.9435216188430786,0.856256902217865
YNL223W,YMR204C,0,-6.3427124,0.09924286603927612,0.9435216188430786,0.8563676476478577
YLR347C,YDR251W,0,-6.3434796,0.0992313101887703,0.9435216188430786,0.8564783930778503
YJR155W,YGL232W,0,-6.34361,0.09921975433826447,0.9435216188430786,0.856589138507843
YBR002C,YBR162C,0,-6.3438435,0.09920819848775864,0.9435216188430786,0.8566998839378357
YLR431C,YDL170W,0,-6.3443527,0.0991966500878334,0.9435216188430786,0.8568106293678284
YBR131W,YJL048C,0,-6.3443613,0.09918510168790817,0.9435216188430786,0.856921374797821
YMR316W,YJL092W,0,-6.344388,0.09917355328798294,0.9435216188430786,0.8570321202278137
YGR254W,YGL070C,0,-6.3447413,0.0991620123386383,0.9435216188430786,0.8571428656578064
YPL160W,YML015C,0,-6.344804,0.09915047138929367,0.9435216188430786,0.8572536110877991
YGR030C,YOL129W,0,-6.344987,0.09913893043994904,0.9435216188430786,0.8573643565177917
YDR389W,YLR372W,0,-6.3450584,0.099127396941185,0.9435216188430786,0.8574751019477844
YDR101C,YGR143W,0,-6.3457103,0.09911587089300156,0.9435216188430786,0.8575858473777771
YFR008W,YEL003W,0,-6.345761,0.09910433739423752,0.9435216188430786,0.8576965928077698
YDR235W,YPL138C,0,-6.345934,0.09909281134605408,0.9435216188430786,0.8578073382377625
YOR361C,YGL098W,0,-6.3459606,0.09908128529787064,0.9435216188430786,0.8579180240631104
YKL172W,YKL062W,0,-6.3462386,0.09906976670026779,0.9435216188430786,0.858028769493103
YPL051W,YDR297W,0,-6.3464217,0.09905824810266495,0.9435216188430786,0.8581395149230957
YGR006W,YMR293C,0,-6.346586,0.0990467369556427,0.9435216188430786,0.8582502603530884
YNL037C,YLR010C,0,-6.346634,0.09903521835803986,0.9435216188430786,0.858361005783081
YLR411W,YEL050C,0,-6.3469553,0.09902370721101761,0.9435216188430786,0.8584717512130737
YLR201C,YIL122W,0,-6.347078,0.09901220351457596,0.9435216188430786,0.8585824966430664
YOL021C,YDR208W,0,-6.3473043,0.09900069981813431,0.9435216188430786,0.8586932420730591
YBR121C,YBR223C,0,-6.347308,0.09898919612169266,0.9435216188430786,0.8588039875030518
YOL071W,YGR135W,0,-6.347449,0.09897769242525101,0.9435216188430786,0.8589147329330444
YBR059C,YML061C,0,-6.3475437,0.09896619617938995,0.9435216188430786,0.8590254783630371
YPR082C,YOR224C,0,-6.347933,0.0989547073841095,0.9435216188430786,0.8591362237930298
YIL079C,YGL257C,0,-6.348036,0.09894321113824844,0.9435216188430786,0.8592469692230225
YER065C,YDR129C,0,-6.3481846,0.09893172234296799,0.9435216188430786,0.8593577146530151
YGR224W,YNL245C,0,-6.348219,0.09892023354768753,0.9435216188430786,0.8594684600830078
YCL025C,YML034W,0,-6.3485036,0.09890875220298767,0.9435216188430786,0.8595792055130005
YLR014C,YDR425W,0,-6.3487077,0.09889727085828781,0.9435216188430786,0.8596899509429932
YOR319W,YPL122C,0,-6.3487263,0.09888579696416855,0.9435216188430786,0.8598006367683411
YLR231C,YML105C,0,-6.349038,0.09887431561946869,0.9435216188430786,0.8599113821983337
YBR185C,YPL174C,0,-6.3492136,0.09886284172534943,0.9435216188430786,0.8600221276283264
YMR316W,YHR183W,0,-6.349562,0.09885137528181076,0.9435216188430786,0.8601328730583191
YNL227C,YML047C,0,-6.3496027,0.0988399088382721,0.9435216188430786,0.8602436184883118
YCR094W,YCL043C,0,-6.34984,0.09882844239473343,0.9435216188430786,0.8603543639183044
YMR204C,YDR059C,0,-6.3500123,0.09881698340177536,0.9435216188430786,0.8604651093482971
YOL115W,YHR008C,0,-6.3501663,0.0988055169582367,0.9435216188430786,0.8605758547782898
YKL160W,YDL055C,0,-6.350215,0.09879406541585922,0.9435216188430786,0.8606866002082825
YLR197W,YBR058C,0,-6.3502154,0.09878260642290115,0.9435216188430786,0.8607973456382751
YDL087C,YOR073W,0,-6.350367,0.09877115488052368,0.9435216188430786,0.8609080910682678
YCR082W,YNL248C,0,-6.350626,0.0987597107887268,0.9435216188430786,0.8610188364982605
YIL097W,YDR416W,0,-6.3508334,0.09874825924634933,0.9435216188430786,0.8611295819282532
YLR360W,YEL041W,0,-6.3509054,0.09873681515455246,0.9435216188430786,0.8612403273582458
YOR188W,YLR008C,0,-6.3509216,0.09872537851333618,0.9435216188430786,0.8613510727882385
YMR001C,YOL071W,0,-6.351143,0.0987139344215393,0.9435216188430786,0.8614618182182312
YBL084C,YGR055W,0,-6.3515687,0.09870250523090363,0.9435216188430786,0.8615725636482239
YLR397C,YDR495C,0,-6.3515873,0.09869106858968735,0.9435216188430786,0.8616832494735718
YPL001W,YLL002W,1,-6.352297,0.09879545867443085,0.9446290135383606,0.8616832494735718
YKR063C,YOR295W,0,-6.3528137,0.09878402203321457,0.9446290135383606,0.8617939949035645
YKL011C,YPR008W,0,-6.353124,0.0987725779414177,0.9446290135383606,0.8619047403335571
YDL055C,YIL167W,0,-6.353604,0.09876114130020142,0.9446290135383606,0.8620154857635498
YJL008C,YOR031W,0,-6.353799,0.09874971210956573,0.9446290135383606,0.8621262311935425
YNL323W,YDL225W,0,-6.35394,0.09873828291893005,0.9446290135383606,0.8622369766235352
YBR211C,YLR205C,0,-6.3539667,0.09872685372829437,0.9446290135383606,0.8623477220535278
YPL146C,YMR054W,0,-6.3544397,0.09871542453765869,0.9446290135383606,0.8624584674835205
YKL112W,YPL171C,0,-6.3544455,0.09870400279760361,0.9446290135383606,0.8625692129135132
YOR113W,YLR377C,0,-6.3545504,0.09869258105754852,0.9446290135383606,0.8626799583435059
YKR054C,YKL062W,0,-6.3551207,0.09868116676807404,0.9446290135383606,0.8627907037734985
YDR477W,YLR025W,0,-6.3553324,0.09866975247859955,0.9446290135383606,0.8629014492034912
YEL036C,YCR034W,0,-6.3559027,0.09865833818912506,0.9446290135383606,0.8630121946334839
YBL032W,YLR105C,0,-6.356307,0.09864693135023117,0.9446290135383606,0.8631229400634766
YJL115W,YHR090C,1,-6.3564,0.09875115752220154,0.9457364082336426,0.8631229400634766
YKL021C,YMR177W,0,-6.356433,0.09873973578214645,0.9457364082336426,0.8632336854934692
YAL054C,YLR153C,1,-6.3568354,0.09884393215179443,0.9468438625335693,0.8632336854934692
YMR161W,YIR037W,0,-6.3570876,0.09883250296115875,0.9468438625335693,0.8633444309234619
YPL069C,YLR332W,0,-6.3572826,0.09882108122110367,0.9468438625335693,0.8634551763534546
YCR038C,YMR015C,0,-6.357439,0.09880965948104858,0.9468438625335693,0.8635658621788025
YJL134W,YGL162W,0,-6.357774,0.0987982451915741,0.9468438625335693,0.8636766076087952
YMR032W,YNL121C,0,-6.358097,0.09878683090209961,0.9468438625335693,0.8637873530387878
YFL010W-A,YOR179C,0,-6.358419,0.09877541661262512,0.9468438625335693,0.8638980984687805
YJR082C,YEL056W,1,-6.3590794,0.09887951612472534,0.9479512572288513,0.8638980984687805
YNL220W,YCR073C,0,-6.359501,0.09886810183525085,0.9479512572288513,0.8640088438987732
YBL078C,YBR294W,0,-6.3596964,0.09885668009519577,0.9479512572288513,0.8641195893287659
YOR168W,YDR076W,0,-6.3598084,0.09884526580572128,0.9479512572288513,0.8642303347587585
YDR518W,YLR068W,0,-6.3601046,0.0988338515162468,0.9479512572288513,0.8643410801887512
YDR211W,YLL041C,0,-6.361255,0.0988224446773529,0.9479512572288513,0.8644518256187439
YDR093W,YMR143W,0,-6.3615923,0.09881103783845901,0.9479512572288513,0.8645625710487366
YML129C,YER127W,0,-6.3617344,0.09879963099956512,0.9479512572288513,0.8646733164787292
YAR002C-A,YJR070C,0,-6.3624144,0.09878823161125183,0.9479512572288513,0.8647840619087219
YAL054C,YLL002W,1,-6.362621,0.0988922193646431,0.9490587115287781,0.8647840619087219
YLL061W,YDL112W,0,-6.362638,0.0988808125257492,0.9490587115287781,0.8648948073387146
YNL210W,YMR104C,0,-6.3628435,0.09886940568685532,0.9490587115287781,0.8650055527687073
YJR019C,YFR003C,0,-6.363471,0.09885799884796143,0.9490587115287781,0.8651162981987
YNL166C,YML051W,0,-6.363592,0.09884659945964813,0.9490587115287781,0.8652270436286926
YHR171W,YPL144W,0,-6.3637514,0.09883520007133484,0.9490587115287781,0.8653377890586853
YLR153C,YGR147C,1,-6.3640003,0.09893911331892014,0.9501661062240601,0.8653377890586853
YMR092C,YBR167C,0,-6.3642673,0.09892770648002625,0.9501661062240601,0.865448534488678
YER110C,YOL064C,0,-6.3643,0.09891629964113235,0.9501661062240601,0.8655592203140259
YNL318C,YDL055C,0,-6.364356,0.09890490025281906,0.9501661062240601,0.8656699657440186
YOR181W,YKR081C,0,-6.3644047,0.09889350086450577,0.9501661062240601,0.8657807111740112
YGR036C,YPL212C,0,-6.3646936,0.09888210147619247,0.9501661062240601,0.8658914566040039
YER068W,YGL255W,0,-6.36688,0.09887070953845978,0.9501661062240601,0.8660022020339966
YGR188C,YPL032C,0,-6.3669043,0.09885931760072708,0.9501661062240601,0.8661129474639893
YKL146W,YKL178C,0,-6.367518,0.09884792566299438,0.9501661062240601,0.8662236928939819
YKR009C,YDR394W,0,-6.3680205,0.09883654117584229,0.9501661062240601,0.8663344383239746
YHR150W,YGR144W,0,-6.3681035,0.09882515668869019,0.9501661062240601,0.8664451837539673
YPL212C,YDR247W,0,-6.368458,0.09881377220153809,0.9501661062240601,0.86655592918396
YOR319W,YOR266W,0,-6.3692226,0.09880239516496658,0.9501661062240601,0.8666666746139526
YNL239W,YPL033C,0,-6.3696804,0.09879101812839508,0.9501661062240601,0.8667774200439453
YPR074C,YCR061W,0,-6.3708096,0.09877964854240417,0.9501661062240601,0.866888165473938
YNL111C,YJR144W,0,-6.3710814,0.09876827150583267,0.9501661062240601,0.8669989109039307
YBL016W,YER165W,0,-6.371109,0.09875690937042236,0.9501661062240601,0.8671096563339233
YIL034C,YML097C,0,-6.371641,0.09874553978443146,0.9501661062240601,0.867220401763916
YJL101C,YER001W,0,-6.3718348,0.09873417764902115,0.9501661062240601,0.8673311471939087
YGL078C,YBR272C,0,-6.3719673,0.09872281551361084,0.9501661062240601,0.8674418330192566
YGR268C,YBL022C,0,-6.3719845,0.09871146082878113,0.9501661062240601,0.8675525784492493
YHR006W,YDR200C,0,-6.372292,0.09870010614395142,0.9501661062240601,0.8676633238792419
YDR243C,YGR248W,0,-6.372385,0.0986887514591217,0.9501661062240601,0.8677740693092346
YGL209W,YGR078C,0,-6.3728695,0.09867740422487259,0.9501661062240601,0.8678848147392273
YOL071W,YLR320W,0,-6.3729486,0.09866605699062347,0.9501661062240601,0.86799556016922
YGL004C,YDR058C,0,-6.3732653,0.09865470975637436,0.9501661062240601,0.8681063055992126
YNL268W,YOL055C,0,-6.3736916,0.09864336997270584,0.9501661062240601,0.8682170510292053
YNL192W,YKR019C,0,-6.3749332,0.09863203018903732,0.9501661062240601,0.868327796459198
YER065C,YLR095C,0,-6.375456,0.0986206904053688,0.9501661062240601,0.8684385418891907
YMR285C,YMR091C,0,-6.3754945,0.09860935807228088,0.9501661062240601,0.8685492873191833
YGR055W,YOL094C,0,-6.375637,0.09859802573919296,0.9501661062240601,0.868660032749176
YIL013C,YJL210W,0,-6.3760014,0.09858669340610504,0.9501661062240601,0.8687707781791687
YNL023C,YGL208W,0,-6.376398,0.09857536852359772,0.9501661062240601,0.8688815236091614
YPL059W,YMR183C,0,-6.376458,0.0985640436410904,0.9501661062240601,0.868992269039154
YNL003C,YNL241C,0,-6.3766003,0.09855271875858307,0.9501661062240601,0.8691030144691467
YFL039C,YHR013C,1,-6.3769183,0.09865625202655792,0.9512735605239868,0.8691030144691467
YNL220W,YJL124C,0,-6.3769903,0.0986449271440506,0.9512735605239868,0.8692137598991394
YGR109C,YKL064W,0,-6.3771954,0.09863359481096268,0.9512735605239868,0.8693244457244873
YJR160C,YGL062W,0,-6.3772106,0.09862226992845535,0.9512735605239868,0.86943519115448
YJL209W,YLL060C,0,-6.3780446,0.09861095249652863,0.9512735605239868,0.8695459365844727
YMR065W,YHL011C,0,-6.378397,0.0985996350646019,0.9512735605239868,0.8696566820144653
YLR384C,YNR008W,0,-6.378468,0.09858831763267517,0.9512735605239868,0.869767427444458
YOR334W,YPL237W,0,-6.3785377,0.09857700020074844,0.9512735605239868,0.8698781728744507
YNR049C,YPL253C,0,-6.3787756,0.09856569021940231,0.9512735605239868,0.8699889183044434
YPL040C,YIL114C,0,-6.3791566,0.09855438023805618,0.9512735605239868,0.870099663734436
YNR011C,YNL054W,0,-6.3794336,0.09854307770729065,0.9512735605239868,0.8702104091644287
YJR025C,YLR372W,0,-6.3798914,0.09853177517652512,0.9512735605239868,0.8703211545944214
YBR092C,YML107C,0,-6.379933,0.09852047264575958,0.9512735605239868,0.8704319000244141
YPR144C,YMR182C,0,-6.380172,0.09850917756557465,0.9512735605239868,0.8705426454544067
YDL004W,YMR036C,0,-6.3813972,0.09849787503480911,0.9512735605239868,0.8706533908843994
YBR133C,YDR324C,0,-6.38226,0.09848658740520477,0.9512735605239868,0.8707641363143921
YPL069C,YPR161C,0,-6.3830166,0.09847529232501984,0.9512735605239868,0.8708748817443848
YAL030W,YIL077C,0,-6.3831244,0.0984640046954155,0.9512735605239868,0.8709856271743774
YLR048W,YNL241C,0,-6.3834586,0.09845272451639175,0.9512735605239868,0.8710963726043701
YPL126W,YIL173W,0,-6.383985,0.09844143688678741,0.9512735605239868,0.871207058429718
YJR144W,YPR161C,0,-6.38437,0.09843015670776367,0.9512735605239868,0.8713178038597107
YKL192C,YDL135C,0,-6.3848624,0.09841888397932053,0.9512735605239868,0.8714285492897034
YGL180W,YCR086W,0,-6.384904,0.09840760380029678,0.9512735605239868,0.871539294719696
YMR011W,YDR243C,0,-6.3849993,0.09839633107185364,0.9512735605239868,0.8716500401496887
YER038C,YKR020W,0,-6.3853693,0.09838506579399109,0.9512735605239868,0.8717607855796814
YOR266W,YIL123W,0,-6.3854747,0.09837380051612854,0.9512735605239868,0.8718715310096741
YOL110W,YOR064C,1,-6.385641,0.09847704321146011,0.9523809552192688,0.8718715310096741
YML120C,YHR150W,0,-6.3859463,0.09846576303243637,0.9523809552192688,0.8719822764396667
YNL172W,YLR320W,0,-6.3864107,0.09845449030399323,0.9523809552192688,0.8720930218696594
YHL002W,YML131W,0,-6.3870416,0.09844322502613068,0.9523809552192688,0.8722037672996521
YJR119C,YER031C,0,-6.387484,0.09843195974826813,0.9523809552192688,0.8723145127296448
YLR270W,YPL059W,0,-6.3875685,0.09842069447040558,0.9523809552192688,0.8724252581596375
YHR015W,YKR059W,0,-6.388185,0.09840942919254303,0.9523809552192688,0.8725360035896301
YPL171C,YEL054C,0,-6.3884325,0.09839817136526108,0.9523809552192688,0.8726467490196228
YPR023C,YOL148C,1,-6.3891473,0.09850131720304489,0.9534883499145508,0.8726467490196228
YOR046C,YHR187W,0,-6.389793,0.09849004447460175,0.9534883499145508,0.8727574944496155
YKL152C,YDR478W,0,-6.3903127,0.0984787866473198,0.9534883499145508,0.8728682398796082
YPR120C,YDR160W,0,-6.390665,0.09846752136945724,0.9534883499145508,0.8729789853096008
YPL255W,YCL035C,0,-6.390832,0.09845626354217529,0.9534883499145508,0.8730897307395935
YDR179C,YKL081W,0,-6.3908563,0.09844500571489334,0.9534883499145508,0.8732004165649414
YMR072W,YGR158C,0,-6.3913627,0.09843374788761139,0.9534883499145508,0.8733111619949341
YOR032C,YPL063W,0,-6.3924484,0.09842249751091003,0.9534883499145508,0.8734219074249268
YLR195C,YDR459C,1,-6.3925147,0.09852554649114609,0.9545958042144775,0.8734219074249268
YNL281W,YDL055C,0,-6.3927507,0.09851428866386414,0.9545958042144775,0.8735326528549194
YJL050W,YNR032W,0,-6.393387,0.09850303083658218,0.9545958042144775,0.8736433982849121
YHR052W,YJL117W,0,-6.3934774,0.09849177300930023,0.9545958042144775,0.8737541437149048
YGL027C,YOL071W,0,-6.393647,0.09848052263259888,0.9545958042144775,0.8738648891448975
YMR078C,YIL120W,0,-6.394237,0.09846927225589752,0.9545958042144775,0.8739756345748901
YJL076W,YKL088W,0,-6.394334,0.09845802187919617,0.9545958042144775,0.8740863800048828
YGR057C,YML049C,0,-6.394404,0.09844677895307541,0.9545958042144775,0.8741971254348755
YKL001C,YKR008W,0,-6.3945866,0.09843553602695465,0.9545958042144775,0.8743078708648682
YHR089C,YBR024W,0,-6.3946056,0.09842430055141449,0.9545958042144775,0.8744186162948608
YER028C,YGR091W,0,-6.3946342,0.09841305762529373,0.9545958042144775,0.8745293617248535
YNL309W,YJR103W,0,-6.395024,0.09840182960033417,0.9545958042144775,0.8746401071548462
YPL234C,YHR167W,0,-6.3958473,0.098390594124794,0.9545958042144775,0.8747508525848389
YPR183W,YMR036C,0,-6.395878,0.09837936609983444,0.9545958042144775,0.8748615980148315
YOL044W,YHR014W,0,-6.3959293,0.09836813807487488,0.9545958042144775,0.8749723434448242
YPL221W,YJL164C,0,-6.3961997,0.09835691750049591,0.9545958042144775,0.8750830292701721
YDL132W,YLR133W,0,-6.3964243,0.09834568947553635,0.9545958042144775,0.8751937747001648
YLL019C,YGR275W,0,-6.396656,0.09833447635173798,0.9545958042144775,0.8753045201301575
YNR008W,YNL151C,0,-6.3969193,0.09832325577735901,0.9545958042144775,0.8754152655601501
YGL190C,YIR037W,0,-6.3972797,0.09831204265356064,0.9545958042144775,0.8755260109901428
YDR524C,YJR140C,0,-6.398704,0.09830082952976227,0.9545958042144775,0.8756367564201355
YLR133W,YNL078W,0,-6.398731,0.0982896238565445,0.9545958042144775,0.8757475018501282
YOL063C,YDR407C,0,-6.3988895,0.09827841818332672,0.9545958042144775,0.8758582472801208
YML099C,YMR173W,0,-6.399594,0.09826721251010895,0.9545958042144775,0.8759689927101135
YMR078C,YPL170W,0,-6.400095,0.09825601428747177,0.9545958042144775,0.8760797381401062
YER015W,YMR246W,1,-6.400379,0.09835878759622574,0.9557031989097595,0.8760797381401062
YPR112C,YPL032C,0,-6.400551,0.09834758192300797,0.9557031989097595,0.8761904835700989
YMR068W,YHR157W,0,-6.4010143,0.0983363687992096,0.9557031989097595,0.8763012290000916
YFL039C,YLL022C,1,-6.4010506,0.09843910485506058,0.9568106532096863,0.8763012290000916
YBR236C,YER045C,0,-6.4013634,0.09842788428068161,0.9568106532096863,0.8764119744300842
YKR072C,YDL170W,0,-6.40173,0.09841667860746384,0.9568106532096863,0.8765227198600769
YJL060W,YBR143C,0,-6.4018354,0.09840546548366547,0.9568106532096863,0.8766334652900696
YNL008C,YDR076W,0,-6.4019575,0.09839425981044769,0.9568106532096863,0.8767442107200623
YBR177C,YDR324C,0,-6.402094,0.09838305413722992,0.9568106532096863,0.8768549561500549
YDR190C,YCR061W,0,-6.4022827,0.09837185591459274,0.9568106532096863,0.8769656419754028
YBR131W,YOR025W,0,-6.402612,0.09836065769195557,0.9568106532096863,0.8770763874053955
YNL008C,YHR116W,0,-6.402842,0.09834945946931839,0.9568106532096863,0.8771871328353882
YNL173C,YMR053C,0,-6.4042845,0.09833826869726181,0.9568106532096863,0.8772978782653809
YDR529C,YKL144C,0,-6.4044094,0.09832707047462463,0.9568106532096863,0.8774086236953735
YDL166C,YGL143C,0,-6.404422,0.09831588715314865,0.9568106532096863,0.8775193691253662
YJL128C,YLR435W,0,-6.4050274,0.09830469638109207,0.9568106532096863,0.8776301145553589
YDL198C,YOR294W,0,-6.4056473,0.09829351305961609,0.9568106532096863,0.8777408599853516
YLR220W,YGR180C,0,-6.4058056,0.0982823371887207,0.9568106532096863,0.8778516054153442
YLR214W,YPL128C,0,-6.4060316,0.09827115386724472,0.9568106532096863,0.8779623508453369
YGR157W,YHR148W,0,-6.4066916,0.09825997799634933,0.9568106532096863,0.8780730962753296
YDR456W,YNL279W,0,-6.407273,0.09824880957603455,0.9568106532096863,0.8781838417053223
YLR285W,YDL235C,0,-6.4077435,0.09823763370513916,0.9568106532096863,0.8782945871353149
YDR096W,YOR269W,0,-6.4082747,0.09822646528482437,0.9568106532096863,0.8784053325653076
YCR081W,YNL138W,0,-6.4087477,0.09821530431509018,0.9568106532096863,0.8785160779953003
YMR015C,YIL073C,0,-6.4091606,0.09820413589477539,0.9568106532096863,0.878626823425293
YML126C,YHR061C,0,-6.4091635,0.0981929749250412,0.9568106532096863,0.8787375688552856
YNR053C,YNL251C,0,-6.4092474,0.0981818214058876,0.9568106532096863,0.8788482546806335
YHR013C,YOL110W,1,-6.4096923,0.0982842892408371,0.9579180479049683,0.8788482546806335
YNL042W,YJL192C,0,-6.4100323,0.09827312082052231,0.9579180479049683,0.8789590001106262
YFR053C,YGL100W,0,-6.410369,0.09826195985078812,0.9579180479049683,0.8790697455406189
YLR153C,YMR246W,1,-6.4105144,0.09836438298225403,0.9590254426002502,0.8790697455406189
YOR061W,YLR116W,0,-6.4105463,0.09835320711135864,0.9590254426002502,0.8791804909706116
YLR153C,YEL066W,1,-6.4106693,0.09845560044050217,0.960132896900177,0.8791804909706116
YHL003C,YPR016C,0,-6.411746,0.09844441711902618,0.960132896900177,0.8792912364006042
YML091C,YHR139C,0,-6.4121137,0.0984332412481308,0.960132896900177,0.8794019818305969
YLR411W,YJL045W,0,-6.412205,0.09842206537723541,0.960132896900177,0.8795127272605896
YNL078W,YOR272W,0,-6.412307,0.09841089695692062,0.960132896900177,0.8796234726905823
YLR384C,YIL016W,0,-6.413474,0.09839972853660583,0.960132896900177,0.879734218120575
YLR295C,YNL239W,0,-6.413622,0.09838856011629105,0.960132896900177,0.8798449635505676
YHR013C,YMR236W,1,-6.4149446,0.09849086403846741,0.961240291595459,0.8798449635505676
YJL203W,YOR224C,0,-6.415033,0.09847968816757202,0.961240291595459,0.8799557089805603
YKL005C,YML034W,0,-6.415895,0.09846851974725723,0.961240291595459,0.880066454410553
YBR085W,YPR133C,0,-6.4162803,0.09845735132694244,0.961240291595459,0.8801771998405457
YDR077W,YBR130C,0,-6.416332,0.09844618290662766,0.961240291595459,0.8802879452705383
YPR067W,YBL106C,0,-6.416764,0.09843502193689346,0.961240291595459,0.880398690700531
YDR046C,YDL105W,0,-6.416876,0.09842386096715927,0.961240291595459,0.8805094361305237
YPL171C,YNL299W,0,-6.4169617,0.09841269999742508,0.961240291595459,0.8806201815605164
YNL009W,YOR232W,0,-6.4172177,0.09840153902769089,0.961240291595459,0.8807308673858643
YPL256C,YNL268W,0,-6.41737,0.09839038550853729,0.961240291595459,0.8808416128158569
YJL115W,YGR002C,1,-6.4174857,0.0984925776720047,0.9623477458953857,0.8808416128158569
YLR284C,YDR150W,0,-6.4178877,0.09848141670227051,0.9623477458953857,0.8809523582458496
YKR068C,YIL122W,0,-6.4179363,0.09847025573253632,0.9623477458953857,0.8810631036758423
YLR284C,YPR083W,0,-6.418729,0.09845909476280212,0.9623477458953857,0.881173849105835
YCR106W,YNL007C,0,-6.418911,0.09844794124364853,0.9623477458953857,0.8812845945358276
YMR204C,YJR002W,0,-6.419012,0.09843679517507553,0.9623477458953857,0.8813953399658203
YOR032C,YDL230W,0,-6.41907,0.09842564165592194,0.9623477458953857,0.881506085395813
YJL146W,YGR248W,0,-6.4195814,0.09841449558734894,0.9623477458953857,0.8816168308258057
YOL008W,YKR086W,0,-6.420561,0.09840334951877594,0.9623477458953857,0.8817275762557983
YCR082W,YKL070W,0,-6.4209776,0.09839221090078354,0.9623477458953857,0.881838321685791
YGR177C,YMR012W,0,-6.4216313,0.09838107228279114,0.9623477458953857,0.8819490671157837
YOL008W,YOR133W,0,-6.4225287,0.09836993366479874,0.9623477458953857,0.8820598125457764
YPR119W,YGR024C,0,-6.4227867,0.09835880249738693,0.9623477458953857,0.882170557975769
YKL182W,YJL102W,0,-6.422928,0.09834767132997513,0.9623477458953857,0.8822813034057617
YOR032C,YOR321W,0,-6.422975,0.09833654016256332,0.9623477458953857,0.8823920488357544
YMR139W,YBL034C,0,-6.42305,0.09832541644573212,0.9623477458953857,0.8825027942657471
YCR089W,YGR248W,0,-6.4235544,0.09831428527832031,0.9623477458953857,0.8826135396957397
YLR438C-A,YOL117W,0,-6.423864,0.0983031690120697,0.9623477458953857,0.8827242255210876
YNL055C,YDR083W,0,-6.424589,0.0982920452952385,0.9623477458953857,0.8828349709510803
YOL021C,YLR006C,0,-6.424659,0.09828092902898788,0.9623477458953857,0.882945716381073
YOL044W,YJL089W,0,-6.424966,0.09826982021331787,0.9623477458953857,0.8830564618110657
YGR123C,YAL001C,0,-6.425438,0.09825870394706726,0.9623477458953857,0.8831672072410583
YDR206W,YJR031C,0,-6.425498,0.09824759513139725,0.9623477458953857,0.883277952671051
YOR137C,YBR143C,0,-6.4258275,0.09823649376630783,0.9623477458953857,0.8833886981010437
YJL122W,YER111C,0,-6.4261575,0.09822538495063782,0.9623477458953857,0.8834994435310364
YDR283C,YCL063W,0,-6.426319,0.0982142835855484,0.9623477458953857,0.883610188961029
YLR205C,YMR035W,0,-6.426635,0.09820318967103958,0.9623477458953857,0.8837209343910217
YDL085W,YPL138C,0,-6.4274635,0.09819208830595016,0.9623477458953857,0.8838316798210144
YNL148C,YGL209W,0,-6.427493,0.09818099439144135,0.9623477458953857,0.8839424252510071
YFL002C,YCR053W,0,-6.42799,0.09816990792751312,0.9623477458953857,0.8840531706809998
YGL247W,YEL054C,0,-6.4282913,0.0981588140130043,0.9623477458953857,0.8841639161109924
YGR185C,YBR127C,0,-6.4289575,0.09814772754907608,0.9623477458953857,0.8842746615409851
YKR009C,YKL051W,0,-6.4292064,0.09813664853572845,0.9623477458953857,0.8843854069709778
YDL117W,YNL186W,0,-6.4296083,0.09812556207180023,0.9623477458953857,0.8844961524009705
YML132W,YOL055C,0,-6.4304442,0.0981144830584526,0.9623477458953857,0.8846068382263184
YBR110W,YGL209W,0,-6.430449,0.09810341149568558,0.9623477458953857,0.884717583656311
YOR232W,YOL117W,0,-6.4307327,0.09809233248233795,0.9623477458953857,0.8848283290863037
YGR108W,YPL075W,0,-6.4313903,0.09808126091957092,0.9623477458953857,0.8849390745162964
YJL104W,YOR347C,0,-6.431418,0.09807019680738449,0.9623477458953857,0.8850498199462891
YNL070W,YDL112W,0,-6.431486,0.09805912524461746,0.9623477458953857,0.8851605653762817
YIL070C,YPL210C,0,-6.4318337,0.09804806858301163,0.9623477458953857,0.8852713108062744
YNL061W,YLR212C,0,-6.432024,0.0980370044708252,0.9623477458953857,0.8853820562362671
YNL259C,YPL253C,0,-6.4323063,0.09802594780921936,0.9623477458953857,0.8854928016662598
YDR386W,YLR197W,0,-6.4326096,0.09801489114761353,0.9623477458953857,0.8856035470962524
YLR153C,YLR195C,1,-6.4332476,0.09811661392450333,0.9634551405906677,0.8856035470962524
YER065C,YER111C,0,-6.4333353,0.0981055498123169,0.9634551405906677,0.8857142925262451
YPR183W,YPR121W,0,-6.433379,0.09809448570013046,0.9634551405906677,0.8858250379562378
YMR070W,YBL033C,0,-6.4335203,0.09808342903852463,0.9634551405906677,0.8859357833862305
YLR405W,YNL070W,0,-6.4343576,0.09807237237691879,0.9634551405906677,0.8860465288162231
YJL178C,YPL269W,0,-6.435189,0.09806131571531296,0.9634551405906677,0.8861572742462158
YBL098W,YAL021C,0,-6.4355,0.09805026650428772,0.9634551405906677,0.8862680196762085
YBR202W,YLR249W,0,-6.4357753,0.09803921729326248,0.9634551405906677,0.8863787651062012
YOL144W,YML023C,0,-6.4357953,0.09802816808223724,0.9634551405906677,0.8864894509315491
YGR218W,YNL027W,0,-6.4370513,0.0980171263217926,0.9634551405906677,0.8866001963615417
YER110C,YNL201C,0,-6.437911,0.09800608456134796,0.9634551405906677,0.8867109417915344
YGR197C,YPL157W,0,-6.4381285,0.09799504280090332,0.9634551405906677,0.8868216872215271
YPL188W,YDR451C,0,-6.4385066,0.09798400849103928,0.9634551405906677,0.8869324326515198
YCL040W,YPL169C,0,-6.4385204,0.09797297418117523,0.9634551405906677,0.8870431780815125
YEL026W,YJL059W,0,-6.438642,0.09796193987131119,0.9634551405906677,0.8871539235115051
YDR273W,YIL029C,0,-6.438658,0.09795091301202774,0.9634551405906677,0.8872646689414978
YHL040C,YKR076W,0,-6.438675,0.0979398861527443,0.9634551405906677,0.8873754143714905
YHR072W,YHR008C,0,-6.43974,0.09792885929346085,0.9634551405906677,0.8874861598014832
YMR032W,YIL123W,0,-6.440196,0.097917839884758,0.9634551405906677,0.8875969052314758
YFL014W,YGR006W,0,-6.4402256,0.09790682047605515,0.9634551405906677,0.8877076506614685
YHR139C,YDR453C,0,-6.440469,0.0978958010673523,0.9634551405906677,0.8878183960914612
YGL200C,YPL211W,0,-6.4408636,0.09788478910923004,0.9634551405906677,0.8879291415214539
YNL302C,YNL154C,0,-6.4412446,0.09787377715110779,0.9634551405906677,0.8880398869514465
YDR085C,YPL032C,0,-6.441477,0.09786276519298553,0.9634551405906677,0.8881506323814392
YJL115W,YIL009W,1,-6.442054,0.09796423465013504,0.9645625948905945,0.8881506323814392
YHR013C,YPR131C,1,-6.4429665,0.09806567430496216,0.9656699895858765,0.8881506323814392
YOR018W,YCL031C,0,-6.4430027,0.09805464744567871,0.9656699895858765,0.8882613778114319
YLR368W,YER149C,0,-6.4430323,0.09804362803697586,0.9656699895858765,0.8883720636367798
YJL148W,YML028W,0,-6.443053,0.09803260117769241,0.9656699895858765,0.8884828090667725
YDL175C,YEL032W,0,-6.443165,0.09802158176898956,0.9656699895858765,0.8885935544967651
YGL190C,YOL026C,0,-6.4431973,0.09801056236028671,0.9656699895858765,0.8887042999267578
YKR046C,YBR283C,0,-6.4436088,0.09799955040216446,0.9656699895858765,0.8888150453567505
YER032W,YKR014C,0,-6.4439545,0.0979885384440422,0.9656699895858765,0.8889257907867432
YML097C,YBL055C,0,-6.4443207,0.09797752648591995,0.9656699895858765,0.8890365362167358
YOR267C,YNL312W,0,-6.4444284,0.0979665219783783,0.9656699895858765,0.8891472816467285
YHR171W,YIL119C,0,-6.4444637,0.09795551747083664,0.9656699895858765,0.8892580270767212
YLR005W,YPL203W,0,-6.4449396,0.09794451296329498,0.9656699895858765,0.8893687725067139
YLR397C,YPR054W,0,-6.4459696,0.09793351590633392,0.9656699895858765,0.8894795179367065
YIR021W,YDR086C,0,-6.4459915,0.09792251884937286,0.9656699895858765,0.8895902633666992
YPL274W,YLR372W,0,-6.446044,0.0979115217924118,0.9656699895858765,0.8897010087966919
YGR166W,YJR145C,0,-6.446681,0.09790052473545074,0.9656699895858765,0.8898117542266846
YGL097W,YDL235C,0,-6.4468594,0.09788953512907028,0.9656699895858765,0.8899224996566772
YMR246W,YOL110W,1,-6.446863,0.09799079596996307,0.9667773842811584,0.8899224996566772
YLR134W,YDR495C,0,-6.44711,0.09797979891300201,0.9667773842811584,0.8900332450866699
YGR108W,YBL017C,0,-6.4471383,0.09796880185604095,0.9667773842811584,0.8901439905166626
YBR029C,YGL171W,0,-6.4471846,0.09795781224966049,0.9667773842811584,0.8902547359466553
YGL029W,YNL098C,0,-6.447242,0.09794682264328003,0.9667773842811584,0.8903654217720032
YGR060W,YGR013W,0,-6.447255,0.09793583303689957,0.9667773842811584,0.8904761672019958
YMR138W,YDR277C,0,-6.44747,0.0979248434305191,0.9667773842811584,0.8905869126319885
YGR145W,YJL168C,0,-6.4476137,0.09791386127471924,0.9667773842811584,0.8906976580619812
YAL044C,YPL126W,0,-6.4478292,0.09790287911891937,0.9667773842811584,0.8908084034919739
YAL054C,YDR167W,1,-6.447883,0.09800403565168381,0.9678848385810852,0.8908084034919739
YLL022C,YDL040C,1,-6.4482746,0.09810516983270645,0.9689922332763672,0.8908084034919739
YBL075C,YGL255W,0,-6.448965,0.09809417277574539,0.9689922332763672,0.8909191489219666
YKL085W,YNL110C,0,-6.4499416,0.09808317571878433,0.9689922332763672,0.8910298943519592
YDR245W,YDL042C,0,-6.4505873,0.09807217866182327,0.9689922332763672,0.8911406397819519
YLR397C,YKR036C,0,-6.450819,0.09806118905544281,0.9689922332763672,0.8912513852119446
YDR335W,YOR272W,0,-6.451148,0.09805019944906235,0.9689922332763672,0.8913621306419373
YIL095W,YJR145C,0,-6.4511766,0.09803921729326248,0.9689922332763672,0.8914728760719299
YLR260W,YER003C,0,-6.4515867,0.09802823513746262,0.9689922332763672,0.8915836215019226
YBR093C,YMR079W,0,-6.4517503,0.09801725298166275,0.9689922332763672,0.8916943669319153
YJL094C,YDR435C,0,-6.451902,0.09800627082586288,0.9689922332763672,0.891805112361908
YNL327W,YFL048C,0,-6.4519787,0.09799529612064362,0.9689922332763672,0.8919158577919006
YJL014W,YDR160W,0,-6.4524236,0.09798432141542435,0.9689922332763672,0.8920266032218933
YBR221C,YPL237W,0,-6.452689,0.09797335416078568,0.9689922332763672,0.892137348651886
YMR290C,YOR014W,0,-6.452814,0.0979623794555664,0.9689922332763672,0.8922480344772339
YKL038W,YNR034W,0,-6.453224,0.09795141965150833,0.9689922332763672,0.8923587799072266
YML080W,YOR060C,0,-6.4533625,0.09794045239686966,0.9689922332763672,0.8924695253372192
YDR046C,YJL065C,0,-6.4535055,0.09792949259281158,0.9689922332763672,0.8925802707672119
YOL091W,YAL005C,0,-6.4540224,0.09791853278875351,0.9689922332763672,0.8926910161972046
YHL040C,YMR095C,0,-6.4547696,0.09790757298469543,0.9689922332763672,0.8928017616271973
YBR057C,YDR473C,0,-6.455117,0.09789662063121796,0.9689922332763672,0.8929125070571899
YPR144C,YLR266C,0,-6.455318,0.09788566827774048,0.9689922332763672,0.8930232524871826
YJL207C,YPL171C,0,-6.455482,0.0978747233748436,0.9689922332763672,0.8931339979171753
YNL164C,YNR049C,0,-6.4557877,0.09786377102136612,0.9689922332763672,0.893244743347168
YKL064W,YLR181C,0,-6.456071,0.09785282611846924,0.9689922332763672,0.8933554887771606
YPL091W,YMR288W,0,-6.456191,0.09784188866615295,0.9689922332763672,0.8934662342071533
YPR067W,YML105C,0,-6.456336,0.09783095121383667,0.9689922332763672,0.893576979637146
YDL105W,YNL248C,0,-6.4569945,0.09782001376152039,0.9689922332763672,0.8936877250671387
YPL069C,YML023C,0,-6.4572816,0.0978090763092041,0.9689922332763672,0.8937984704971313
YHR169W,YIL105C,0,-6.4573894,0.09779814630746841,0.9689922332763672,0.893909215927124
YGL180W,YAL025C,0,-6.457691,0.09778721630573273,0.9689922332763672,0.8940199613571167
YLR382C,YIL016W,0,-6.45776,0.09777628630399704,0.9689922332763672,0.8941306471824646
YNR019W,YGL099W,0,-6.4583883,0.09776536375284195,0.9689922332763672,0.8942413926124573
YCR038C,YDR343C,0,-6.458923,0.09775444120168686,0.9689922332763672,0.89435213804245
YEL017C-A,YKR081C,0,-6.45899,0.09774351865053177,0.9689922332763672,0.8944628834724426
YDL192W,YDR302W,0,-6.4592066,0.09773260354995728,0.9689922332763672,0.8945736289024353
YNR002C,YFL034C-B,0,-6.459425,0.09772168844938278,0.9689922332763672,0.894684374332428
YGL142C,YIL026C,0,-6.4596205,0.09771077334880829,0.9689922332763672,0.8947951197624207
YCL004W,YOR243C,0,-6.4597383,0.09769986569881439,0.9689922332763672,0.8949058651924133
YGL078C,YEL017C-A,0,-6.4618587,0.0976889580488205,0.9689922332763672,0.895016610622406
YBR233W-A,YBR066C,0,-6.4619064,0.0976780503988266,0.9689922332763672,0.8951273560523987
YGL209W,YLR048W,0,-6.462937,0.0976671501994133,0.9689922332763672,0.8952381014823914
YPL147W,YEL026W,0,-6.463842,0.09765625,0.9689922332763672,0.895348846912384
YER044C,YKL009W,0,-6.4639363,0.0976453498005867,0.9689922332763672,0.8954595923423767
YKR027W,YPL235W,0,-6.4642057,0.097634457051754,0.9689922332763672,0.8955703377723694
YKL152C,YLR003C,0,-6.46499,0.0976235643029213,0.9689922332763672,0.8956810832023621
YIL119C,YKR053C,0,-6.4652658,0.09761267155408859,0.9689922332763672,0.8957918286323547
YDL085W,YCL063W,0,-6.465926,0.09760178625583649,0.9689922332763672,0.8959025740623474
YGR119C,YNL113W,0,-6.4666963,0.09759090095758438,0.9689922332763672,0.8960132598876953
YBR155W,YNL029C,0,-6.4668775,0.09758001565933228,0.9689922332763672,0.896124005317688
YFR028C,YPR046W,0,-6.4671645,0.09756913781166077,0.9689922332763672,0.8962347507476807
YFR052W,YKR056W,0,-6.467278,0.09755825251340866,0.9689922332763672,0.8963454961776733
YLR355C,YOR137C,0,-6.467364,0.09754738211631775,0.9689922332763672,0.896456241607666
YPL170W,YPR178W,0,-6.4676228,0.09753650426864624,0.9689922332763672,0.8965669870376587
YKL172W,YDR422C,0,-6.467805,0.09752563387155533,0.9689922332763672,0.8966777324676514
YNL153C,YIL076W,0,-6.4681797,0.09751476347446442,0.9689922332763672,0.896788477897644
YMR041C,YKL101W,0,-6.468229,0.0975039005279541,0.9689922332763672,0.8968992233276367
YBR160W,YOR031W,0,-6.4687138,0.09749303758144379,0.9689922332763672,0.8970099687576294
YJL146W,YDL059C,0,-6.4690075,0.09748217463493347,0.9689922332763672,0.8971207141876221
YPR111W,YOR182C,0,-6.4692087,0.09747131913900375,0.9689922332763672,0.8972314596176147
YLR256W,YIL082W-A,0,-6.4694037,0.09746045619249344,0.9689922332763672,0.8973422050476074
YFR046C,YMR104C,0,-6.4704723,0.09744960814714432,0.9689922332763672,0.8974529504776001
YPR005C,YKL085W,0,-6.470644,0.0974387526512146,0.9689922332763672,0.8975636959075928
YBR059C,YJR126C,0,-6.470787,0.09742790460586548,0.9689922332763672,0.8976744413375854
YDR207C,YGL098W,0,-6.47079,0.09741705656051636,0.9689922332763672,0.8977851867675781
YDR101C,YNL328C,0,-6.470843,0.09740620851516724,0.9689922332763672,0.8978959321975708
YDL147W,YKL099C,0,-6.4708495,0.09739536792039871,0.9689922332763672,0.8980066180229187
YNR015W,YDR425W,0,-6.4709535,0.09738452732563019,0.9689922332763672,0.8981173634529114
YDR256C,YHR059W,0,-6.4716673,0.09737369418144226,0.9689922332763672,0.898228108882904
YHR023W,YPR191W,0,-6.4722905,0.09736286103725433,0.9689922332763672,0.8983388543128967
YLR372W,YNL241C,0,-6.4726467,0.0973520278930664,0.9689922332763672,0.8984495997428894
YER178W,YBL106C,0,-6.472867,0.09734119474887848,0.9689922332763672,0.8985603451728821
YKR089C,YNR046W,0,-6.473613,0.09733036905527115,0.9689922332763672,0.8986710906028748
YNL202W,YJL109C,0,-6.473619,0.09731954336166382,0.9689922332763672,0.8987818360328674
YIL097W,YMR008C,0,-6.473707,0.09730871766805649,0.9689922332763672,0.8988925814628601
YLR175W,YOL063C,0,-6.4737363,0.09729789942502975,0.9689922332763672,0.8990033268928528
YNL136W,YNL326C,1,-6.474061,0.09739826619625092,0.970099687576294,0.8990033268928528
YJR119C,YGL011C,0,-6.47414,0.09738744050264359,0.970099687576294,0.8991140723228455
YLR260W,YDL154W,0,-6.474176,0.09737661480903625,0.970099687576294,0.8992248177528381
YLR205C,YPL042C,0,-6.47418,0.09736578911542892,0.970099687576294,0.8993355631828308
YJR155W,YNL075W,0,-6.474455,0.09735497087240219,0.970099687576294,0.8994463086128235
YHR013C,YDL040C,1,-6.4748554,0.09745527058839798,0.9712070822715759,0.8994463086128235
YJL058C,YBR177C,0,-6.4749694,0.09744444489479065,0.9712070822715759,0.8995570540428162
YBR106W,YBR256C,0,-6.475043,0.09743361920118332,0.9712070822715759,0.8996677994728088
YPR119W,YHR160C,0,-6.4752145,0.09742279350757599,0.9712070822715759,0.8997785449028015
YAL030W,YMR156C,0,-6.4752765,0.09741197526454926,0.9712070822715759,0.8998892307281494
YGR197C,YBL075C,0,-6.475299,0.09740115702152252,0.9712070822715759,0.8999999761581421
YOR377W,YBR072W,0,-6.4754553,0.09739033877849579,0.9712070822715759,0.9001107215881348
YJL060W,YGR239C,0,-6.475852,0.09737952798604965,0.9712070822715759,0.9002214670181274
YCL040W,YKL053C-A,0,-6.4760513,0.09736870974302292,0.9712070822715759,0.9003322124481201
YDR085C,YMR204C,0,-6.478497,0.09735790640115738,0.9712070822715759,0.9004429578781128
YLL019C,YKL021C,0,-6.4793806,0.09734709560871124,0.9712070822715759,0.9005537033081055
YLR175W,YMR015C,0,-6.4794683,0.0973362922668457,0.9712070822715759,0.9006644487380981
YJR065C,YKL197C,0,-6.479805,0.09732548892498016,0.9712070822715759,0.9007751941680908
YDR096W,YDR037W,0,-6.480035,0.09731469303369522,0.9712070822715759,0.9008859395980835
YDR256C,YML123C,0,-6.4800553,0.09730389714241028,0.9712070822715759,0.9009966850280762
YJR069C,YGL068W,0,-6.4809227,0.09729310125112534,0.9712070822715759,0.9011074304580688
YPL265W,YLR424W,0,-6.4821367,0.0972823053598404,0.9712070822715759,0.9012181758880615
YNL075W,YPR002W,0,-6.4821463,0.09727151691913605,0.9712070822715759,0.9013289213180542
YOL139C,YER149C,0,-6.482439,0.0972607284784317,0.9712070822715759,0.9014396667480469
YHR193C,YJL036W,0,-6.4826193,0.09724994748830795,0.9712070822715759,0.9015504121780396
YDL088C,YLR321C,0,-6.4827065,0.09723915904760361,0.9712070822715759,0.9016611576080322
YMR029C,YPL124W,0,-6.4829884,0.09722837805747986,0.9712070822715759,0.9017718434333801
YER110C,YDR515W,0,-6.4832516,0.0972176045179367,0.9712070822715759,0.9018825888633728
YIL098C,YMR188C,0,-6.4833136,0.09720683097839355,0.9712070822715759,0.9019933342933655
YKL081W,YHR070W,0,-6.4834957,0.0971960574388504,0.9712070822715759,0.9021040797233582
YOR320C,YLR003C,0,-6.4837914,0.09718528389930725,0.9712070822715759,0.9022148251533508
YMR183C,YDR369C,0,-6.4841375,0.0971745178103447,0.9712070822715759,0.9023255705833435
YER065C,YHR196W,0,-6.4846554,0.09716375172138214,0.9712070822715759,0.9024363160133362
YIL154C,YGL100W,0,-6.4853144,0.09715298563241959,0.9712070822715759,0.9025470614433289
YKL032C,YDR148C,0,-6.487768,0.09714222699403763,0.9712070822715759,0.9026578068733215
YDL200C,YLR197W,0,-6.4878135,0.09713146835565567,0.9712070822715759,0.9027685523033142
YLR216C,YPR187W,0,-6.4881516,0.09712070971727371,0.9712070822715759,0.9028792977333069
YGL223C,YLR183C,0,-6.488798,0.09710995107889175,0.9712070822715759,0.9029900431632996
YOR046C,YFR055W,0,-6.489287,0.0970991998910904,0.9712070822715759,0.9031007885932922
YJL091C,YKR063C,0,-6.4894066,0.09708845615386963,0.9712070822715759,0.9032115340232849
YDR277C,YLL034C,0,-6.489551,0.09707770496606827,0.9712070822715759,0.9033222794532776
YOR034C,YLL002W,1,-6.4896297,0.09717763960361481,0.9723145365715027,0.9033222794532776
YML092C,YKR081C,0,-6.490097,0.09716688841581345,0.9723145365715027,0.9034330248832703
YMR021C,YIL139C,0,-6.49212,0.09715613722801208,0.9723145365715027,0.9035437703132629
YFL050C,YMR260C,0,-6.492345,0.09714538604021072,0.9723145365715027,0.9036544561386108
YIL097W,YLR026C,0,-6.4930325,0.09713464230298996,0.9723145365715027,0.9037652015686035
YML086C,YJL102W,0,-6.4931164,0.0971238911151886,0.9723145365715027,0.9038759469985962
YDR141C,YDL236W,0,-6.4933333,0.09711315482854843,0.9723145365715027,0.9039866924285889
YOR133W,YGR268C,0,-6.4935737,0.09710241109132767,0.9723145365715027,0.9040974378585815
YKL160W,YKL099C,0,-6.493822,0.0970916748046875,0.9723145365715027,0.9042081832885742
YDR022C,YOR272W,0,-6.4939227,0.09708093851804733,0.9723145365715027,0.9043189287185669
YHR174W,YDL235C,0,-6.494016,0.09707020223140717,0.9723145365715027,0.9044296741485596
YMR234W,YLR048W,0,-6.494398,0.0970594733953476,0.9723145365715027,0.9045404195785522
YOR171C,YLR009W,0,-6.494461,0.09704874455928802,0.9723145365715027,0.9046511650085449
YOL089C,YOR095C,0,-6.494788,0.09703802317380905,0.9723145365715027,0.9047619104385376
YML102W,YDL055C,0,-6.4961376,0.09702729433774948,0.9723145365715027,0.9048726558685303
YBR245C,YJL164C,0,-6.496976,0.09701657295227051,0.9723145365715027,0.904983401298523
YPL244C,YLR448W,0,-6.4974017,0.09700585901737213,0.9723145365715027,0.9050941467285156
YDR208W,YBR092C,0,-6.4979606,0.09699513763189316,0.9723145365715027,0.9052048921585083
YOR347C,YGR186W,0,-6.498243,0.09698442369699478,0.9723145365715027,0.905315637588501
YIL009W,YLR195C,1,-6.4985356,0.0970841646194458,0.9734219312667847,0.905315637588501
YPL043W,YDR400W,0,-6.4987164,0.09707344323396683,0.9734219312667847,0.9054263830184937
YMR068W,YGL062W,0,-6.4994493,0.09706272184848785,0.9734219312667847,0.9055370688438416
YOR005C,YGR118W,0,-6.499621,0.09705200046300888,0.9734219312667847,0.9056478142738342
YMR277W,YOR287C,0,-6.499736,0.0970412865281105,0.9734219312667847,0.9057585597038269
YDR263C,YGR280C,0,-6.500127,0.09703058004379272,0.9734219312667847,0.9058693051338196
YJL074C,YML029W,0,-6.5002084,0.09701986610889435,0.9734219312667847,0.9059800505638123
YPR006C,YMR101C,0,-6.500845,0.09700915962457657,0.9734219312667847,0.9060907959938049
YJL122W,YPL161C,0,-6.5015216,0.09699845314025879,0.9734219312667847,0.9062015414237976
YOR275C,YKL144C,0,-6.5016603,0.0969877541065216,0.9734219312667847,0.9063122868537903
YMR246W,YLR195C,1,-6.5017314,0.09708737581968307,0.9745293259620667,0.9063122868537903
YDR129C,YPR016C,0,-6.5020065,0.0970766693353653,0.9745293259620667,0.906423032283783
YHR175W,YOL071W,0,-6.5022283,0.09706596285104752,0.9745293259620667,0.9065337777137756
YPL043W,YOR129C,0,-6.5024314,0.09705525636672974,0.9745293259620667,0.9066445231437683
YGL256W,YNL113W,0,-6.5029798,0.09704454988241196,0.9745293259620667,0.906755268573761
YGR108W,YHR019C,0,-6.5033255,0.09703385084867477,0.9745293259620667,0.9068660140037537
YGL071W,YLR157C,0,-6.5036592,0.09702315181493759,0.9745293259620667,0.9069767594337463
YNR059W,YPL029W,0,-6.5043964,0.097012460231781,0.9745293259620667,0.907087504863739
YHR015W,YPL058C,0,-6.504592,0.09700176119804382,0.9745293259620667,0.9071982502937317
YEL027W,YIR021W,0,-6.5051575,0.09699106961488724,0.9745293259620667,0.9073089957237244
YNL094W,YMR049C,0,-6.505704,0.09698038548231125,0.9745293259620667,0.907419741153717
YNR019W,YNL164C,0,-6.505722,0.09696969389915466,0.9745293259620667,0.9075304269790649
YMR184W,YAR033W,0,-6.505728,0.09695900976657867,0.9745293259620667,0.9076411724090576
YPL268W,YHR197W,0,-6.5057697,0.09694833308458328,0.9745293259620667,0.9077519178390503
YAL042W,YOR168W,0,-6.506574,0.0969376489520073,0.9745293259620667,0.907862663269043
YML123C,YDL225W,0,-6.506718,0.0969269722700119,0.9745293259620667,0.9079734086990356
YGR088W,YPL075W,0,-6.5069494,0.0969163030385971,0.9745293259620667,0.9080841541290283
YML102W,YNL078W,0,-6.5069942,0.09690562635660172,0.9745293259620667,0.908194899559021
YPL058C,YEL054C,0,-6.507285,0.09689495712518692,0.9745293259620667,0.9083056449890137
YOR023C,YLL022C,1,-6.507616,0.09699438512325287,0.9756367802619934,0.9083056449890137
YLR098C,YIR006C,0,-6.5077724,0.09698370844125748,0.9756367802619934,0.9084163904190063
YDR420W,YKL212W,0,-6.507888,0.09697303175926208,0.9756367802619934,0.908527135848999
YLL015W,YKL093W,0,-6.5083504,0.09696236252784729,0.9756367802619934,0.9086378812789917
YBR059C,YIL131C,0,-6.5083833,0.0969516858458519,0.9756367802619934,0.9087486267089844
YDR085C,YDL029W,0,-6.5087013,0.0969410240650177,0.9756367802619934,0.908859372138977
YPL061W,YJL036W,0,-6.5105557,0.0969303548336029,0.9756367802619934,0.9089701175689697
YGL180W,YNL112W,0,-6.510987,0.09691969305276871,0.9756367802619934,0.9090808629989624
YJL003W,YCR061W,0,-6.511024,0.09690903127193451,0.9756367802619934,0.9091916084289551
YDR361C,YOR142W,0,-6.5111713,0.09689836949110031,0.9756367802619934,0.9093023538589478
YHR086W,YGR213C,0,-6.511366,0.09688771516084671,0.9756367802619934,0.9094130396842957
YEL050C,YHR106W,0,-6.5113764,0.09687706083059311,0.9756367802619934,0.9095237851142883
YLR411W,YJL069C,0,-6.512437,0.09686640650033951,0.9756367802619934,0.909634530544281
YPR019W,YCR034W,0,-6.512574,0.0968557596206665,0.9756367802619934,0.9097452759742737
YLR048W,YHR048W,0,-6.512867,0.0968451127409935,0.9756367802619934,0.9098560214042664
YDR300C,YAL043C,0,-6.512971,0.0968344658613205,0.9756367802619934,0.909966766834259
YGL005C,YDL112W,0,-6.5131006,0.09682382643222809,0.9756367802619934,0.9100775122642517
YDR258C,YNL222W,0,-6.5131903,0.09681318700313568,0.9756367802619934,0.9101882576942444
YLR216C,YER065C,0,-6.513507,0.09680254757404327,0.9756367802619934,0.9102990031242371
YDR037W,YPL033C,0,-6.513735,0.09679191559553146,0.9756367802619934,0.9104097485542297
YGL169W,YIL039W,0,-6.5138044,0.09678128361701965,0.9756367802619934,0.9105204939842224
YOR031W,YOR209C,0,-6.5139747,0.09677065163850784,0.9756367802619934,0.9106312394142151
YJL125C,YEL041W,0,-6.5147066,0.09676001965999603,0.9756367802619934,0.9107419848442078
YPR017C,YLR205C,0,-6.515463,0.09674939513206482,0.9756367802619934,0.9108527302742004
YLR231C,YDL112W,0,-6.5157204,0.0967387706041336,0.9756367802619934,0.9109634757041931
YMR049C,YJR031C,0,-6.5166817,0.09672815352678299,0.9756367802619934,0.9110742211341858
YEL015W,YGL062W,0,-6.516754,0.09671752899885178,0.9756367802619934,0.9111849665641785
YJR057W,YMR260C,0,-6.517048,0.09670691192150116,0.9756367802619934,0.9112956523895264
YDL192W,YOR212W,0,-6.517193,0.09669630229473114,0.9756367802619934,0.911406397819519
YLR201C,YER126C,0,-6.51886,0.09668569266796112,0.9756367802619934,0.9115171432495117
YGR081C,YBL055C,0,-6.519742,0.0966750830411911,0.9756367802619934,0.9116278886795044
YNL274C,YDR356W,0,-6.51977,0.09666447341442108,0.9756367802619934,0.9117386341094971
YBR040W,YLL034C,0,-6.5199704,0.09665386378765106,0.9756367802619934,0.9118493795394897
YOR213C,YDL064W,0,-6.520448,0.09664326161146164,0.9756367802619934,0.9119601249694824
YGR216C,YJL048C,0,-6.5212607,0.09663266688585281,0.9756367802619934,0.9120708703994751
YJL053W,YML061C,0,-6.5222006,0.09662206470966339,0.9756367802619934,0.9121816158294678
YHL031C,YHR139C,0,-6.5230875,0.09661146998405457,0.9756367802619934,0.9122923612594604
YIL119C,YIR026C,0,-6.523425,0.09660087525844574,0.9756367802619934,0.9124031066894531
YLR069C,YBR169C,0,-6.523861,0.09659028798341751,0.9756367802619934,0.9125138521194458
YAL030W,YNL299W,0,-6.523911,0.09657970070838928,0.9756367802619934,0.9126245975494385
YHR013C,YPL001W,1,-6.5243216,0.096678726375103,0.9767441749572754,0.9126245975494385
YDL225W,YOL093W,0,-6.5248594,0.09666813164949417,0.9767441749572754,0.9127353429794312
YLR051C,YLR066W,0,-6.5250564,0.09665753692388535,0.9767441749572754,0.9128460884094238
YCR091W,YOL142W,0,-6.5260286,0.09664694219827652,0.9767441749572754,0.9129568338394165
YBL017C,YGR111W,0,-6.5266027,0.09663635492324829,0.9767441749572754,0.9130675792694092
YLR175W,YOL042W,0,-6.527467,0.09662576764822006,0.9767441749572754,0.9131782650947571
YAR019C,YMR211W,0,-6.527781,0.09661518037319183,0.9767441749572754,0.9132890105247498
YMR033W,YJR064W,0,-6.5279484,0.0966046005487442,0.9767441749572754,0.9133997559547424
YPL046C,YHR048W,0,-6.528309,0.09659402072429657,0.9767441749572754,0.9135105013847351
YNL112W,YPR070W,0,-6.5285153,0.09658344089984894,0.9767441749572754,0.9136212468147278
YIL009W,YNL326C,1,-6.528809,0.0966823622584343,0.9778516292572021,0.9136212468147278
YLR085C,YEL054C,0,-6.528901,0.09667177498340607,0.9778516292572021,0.9137319922447205
YJR097W,YPL144W,0,-6.529326,0.09666119515895844,0.9778516292572021,0.9138427376747131
YGL027C,YDR036C,0,-6.5294256,0.0966506153345108,0.9778516292572021,0.9139534831047058
YMR288W,YNL126W,0,-6.5294805,0.09664003551006317,0.9778516292572021,0.9140642285346985
YML080W,YGL001C,0,-6.5295954,0.09662945568561554,0.9778516292572021,0.9141749739646912
YMR139W,YKR053C,0,-6.529896,0.0966188833117485,0.9778516292572021,0.9142857193946838
YKL129C,YBL039C,0,-6.530076,0.09660831838846207,0.9778516292572021,0.9143964648246765
YFL034C-B,YLR208W,0,-6.5301375,0.09659774601459503,0.9778516292572021,0.9145072102546692
YLR206W,YOR185C,0,-6.5309353,0.0965871810913086,0.9778516292572021,0.9146179556846619
YBR185C,YMR218C,0,-6.531734,0.09657661616802216,0.9778516292572021,0.9147287011146545
YLR397C,YLR431C,0,-6.5317802,0.09656605124473572,0.9778516292572021,0.9148394465446472
YGL195W,YPR074C,0,-6.532718,0.09655549377202988,0.9778516292572021,0.9149501919746399
YLR153C,YDR126W,1,-6.5337124,0.09665427356958389,0.9789590239524841,0.9149501919746399
YLR191W,YGL229C,0,-6.5345435,0.09664370864629745,0.9789590239524841,0.9150609374046326
YER054C,YML131W,0,-6.534603,0.09663314372301102,0.9789590239524841,0.9151716232299805
YGL111W,YNL231C,0,-6.5347633,0.09662257879972458,0.9789590239524841,0.9152823686599731
YNL192W,YHR157W,0,-6.5352116,0.09661202132701874,0.9789590239524841,0.9153931140899658
YHR043C,YDR087C,0,-6.535946,0.0966014638543129,0.9789590239524841,0.9155038595199585
YMR235C,YKL018W,0,-6.5361814,0.09659090638160706,0.9789590239524841,0.9156146049499512
YNL065W,YJL098W,0,-6.5365343,0.09658035635948181,0.9789590239524841,0.9157253503799438
YER112W,YJL053W,0,-6.5366044,0.09656980633735657,0.9789590239524841,0.9158360958099365
YOL147C,YDR002W,0,-6.5366287,0.09655925631523132,0.9789590239524841,0.9159468412399292
YOR232W,YNL160W,0,-6.537179,0.09654871374368668,0.9789590239524841,0.9160575866699219
YNL008C,YGR083C,0,-6.537403,0.09653817117214203,0.9789590239524841,0.9161683320999146
YDR265W,YOL094C,0,-6.537872,0.09652762860059738,0.9789590239524841,0.9162790775299072
YOR149C,YKL099C,0,-6.538801,0.09651708602905273,0.9789590239524841,0.9163898229598999
YMR015C,YHL036W,0,-6.538815,0.09650655090808868,0.9789590239524841,0.9165005683898926
YER073W,YHR021C,0,-6.538949,0.09649601578712463,0.9789590239524841,0.9166113138198853
YKL021C,YOL122C,0,-6.539158,0.09648548066616058,0.9789590239524841,0.9167220592498779
YPL171C,YNL209W,0,-6.539494,0.09647495299577713,0.9789590239524841,0.9168328046798706
YIL097W,YBR171W,0,-6.5398884,0.09646442532539368,0.9789590239524841,0.9169435501098633
YAL015C,YGR239C,0,-6.5402355,0.09645389765501022,0.9789590239524841,0.9170542359352112
YPL224C,YDR077W,0,-6.540777,0.09644337743520737,0.9789590239524841,0.9171649813652039
YLR309C,YLR260W,0,-6.5413475,0.09643285721540451,0.9789590239524841,0.9172757267951965
YLR214W,YKR057W,0,-6.5422506,0.09642233699560165,0.9789590239524841,0.9173864722251892
YOR198C,YLR371W,0,-6.5424895,0.0964118242263794,0.9789590239524841,0.9174972176551819
YOR188W,YBL080C,0,-6.542972,0.09640131145715714,0.9789590239524841,0.9176079630851746
YDR087C,YOR087W,0,-6.543192,0.09639079868793488,0.9789590239524841,0.9177187085151672
YBR021W,YDL170W,0,-6.543441,0.09638028591871262,0.9789590239524841,0.9178294539451599
YGL035C,YOR027W,0,-6.5434628,0.09636978060007095,0.9789590239524841,0.9179401993751526
YLR205C,YNL128W,0,-6.544654,0.09635927528142929,0.9789590239524841,0.9180509448051453
YKL062W,YLR009W,0,-6.5446634,0.09634877741336823,0.9789590239524841,0.9181616902351379
YDR256C,YDR130C,0,-6.5454125,0.09633827209472656,0.9789590239524841,0.9182724356651306
YMR288W,YBR133C,0,-6.5459485,0.0963277742266655,0.9789590239524841,0.9183831810951233
YOL026C,YOL028C,0,-6.5463314,0.09631728380918503,0.9789590239524841,0.918493926525116
YBL006C,YNL047C,0,-6.547798,0.09630678594112396,0.9789590239524841,0.9186046719551086
YPR119W,YBL005W,0,-6.5480447,0.0962962955236435,0.9789590239524841,0.9187154173851013
YNL267W,YDR165W,0,-6.54944,0.09628580510616302,0.9789590239524841,0.918826162815094
YOR180C,YDL194W,0,-6.549588,0.09627532213926315,0.9789590239524841,0.9189368486404419
YGL078C,YMR022W,0,-6.549774,0.09626483917236328,0.9789590239524841,0.9190475940704346
YBL009W,YBL098W,0,-6.5498385,0.09625435620546341,0.9789590239524841,0.9191583395004272
YDL055C,YNL202W,0,-6.550596,0.09624387323856354,0.9789590239524841,0.9192690849304199
YIL053W,YAL009W,0,-6.5515413,0.09623339772224426,0.9789590239524841,0.9193798303604126
YBR142W,YDL059C,0,-6.551775,0.09622292220592499,0.9789590239524841,0.9194905757904053
YLR314C,YJR144W,0,-6.553178,0.09621245414018631,0.9789590239524841,0.919601321220398
YOL013C,YNL009W,0,-6.553295,0.09620197862386703,0.9789590239524841,0.9197120666503906
YDL208W,YLR066W,0,-6.5544147,0.09619151055812836,0.9789590239524841,0.9198228120803833
YMR264W,YER053C,0,-6.5545635,0.09618104994297028,0.9789590239524841,0.919933557510376
YMR229C,YOR329C,0,-6.555029,0.0961705818772316,0.9789590239524841,0.9200443029403687
YDR293C,YDR165W,0,-6.5551186,0.09616012126207352,0.9789590239524841,0.9201550483703613
YPL269W,YKL194C,0,-6.555459,0.09614966064691544,0.9789590239524841,0.920265793800354
YHR061C,YBR257W,0,-6.5566454,0.09613920748233795,0.9789590239524841,0.9203765392303467
YOL064C,YGR202C,0,-6.556816,0.09612875431776047,0.9789590239524841,0.9204872846603394
YPL268W,YDL083C,0,-6.5569277,0.09611830115318298,0.9789590239524841,0.920598030090332
YOR386W,YBL033C,0,-6.5570903,0.0961078479886055,0.9789590239524841,0.9207087755203247
YOL108C,YDR280W,0,-6.5574193,0.09609740227460861,0.9789590239524841,0.9208194613456726
YLR401C,YGR055W,0,-6.558448,0.09608695656061172,0.9789590239524841,0.9209302067756653
YHL048W,YNL274C,0,-6.558626,0.09607651084661484,0.9789590239524841,0.921040952205658
YDR398W,YLR447C,0,-6.5588255,0.09606607258319855,0.9789590239524841,0.9211516976356506
YNL003C,YDL081C,0,-6.5594215,0.09605563431978226,0.9789590239524841,0.9212624430656433
YLR103C,YBR092C,0,-6.560042,0.09604519605636597,0.9789590239524841,0.921373188495636
YDL031W,YDL036C,0,-6.56028,0.09603476524353027,0.9789590239524841,0.9214839339256287
YLR411W,YBR193C,0,-6.5605116,0.09602433443069458,0.9789590239524841,0.9215946793556213
YKR036C,YPR033C,0,-6.560718,0.09601390361785889,0.9789590239524841,0.921705424785614
YIL097W,YGR095C,0,-6.5611095,0.0960034728050232,0.9789590239524841,0.9218161702156067
YKL197C,YNR006W,0,-6.5617685,0.0959930494427681,0.9789590239524841,0.9219269156455994
YEL018W,YHR193C,0,-6.5620375,0.095982626080513,0.9789590239524841,0.922037661075592
YLR133W,YDR179C,0,-6.562183,0.0959722101688385,0.9789590239524841,0.9221484065055847
YNL084C,YMR290C,0,-6.5621986,0.0959617868065834,0.9789590239524841,0.9222591519355774
YGR200C,YPL239W,0,-6.562298,0.0959513708949089,0.9789590239524841,0.9223698973655701
YNL164C,YGR063C,0,-6.5624266,0.095940962433815,0.9789590239524841,0.9224806427955627
YGL256W,YGR057C,0,-6.563252,0.0959305465221405,0.9789590239524841,0.9225913882255554
YPL163C,YLR240W,0,-6.5634375,0.0959201380610466,0.9789590239524841,0.9227021336555481
YGL238W,YOR310C,0,-6.5639544,0.0959097295999527,0.9789590239524841,0.922812819480896
YGR177C,YPL130W,0,-6.564457,0.09589932858943939,0.9789590239524841,0.9229235649108887
YBR068C,YDL208W,0,-6.5648394,0.09588892757892609,0.9789590239524841,0.9230343103408813
YIL160C,YKL051W,0,-6.5648823,0.09587852656841278,0.9789590239524841,0.923145055770874
YJR076C,YLR026C,0,-6.5659785,0.09586812555789948,0.9789590239524841,0.9232558012008667
YKL029C,YLR265C,0,-6.5662827,0.09585773199796677,0.9789590239524841,0.9233665466308594
YDL102W,YPR030W,0,-6.5664864,0.09584733843803406,0.9789590239524841,0.923477292060852
YPL271W,YPL212C,0,-6.566547,0.09583694487810135,0.9789590239524841,0.9235880374908447
YLR002C,YDR532C,0,-6.566978,0.09582655876874924,0.9789590239524841,0.9236987829208374
YOL101C,YMR214W,0,-6.56707,0.09581617265939713,0.9789590239524841,0.9238095283508301
YHL036W,YIR026C,0,-6.567306,0.09580578655004501,0.9789590239524841,0.9239202737808228
YNL182C,YJL192C,0,-6.5674577,0.0957954078912735,0.9789590239524841,0.9240310192108154
YNL264C,YIR026C,0,-6.567527,0.09578502178192139,0.9789590239524841,0.9241417646408081
YML132W,YGR121C,0,-6.56792,0.09577465057373047,0.9789590239524841,0.9242525100708008
YPR119W,YOR137C,0,-6.568055,0.09576427191495895,0.9789590239524841,0.9243632555007935
YCR065W,YMR095C,0,-6.568137,0.09575390070676804,0.9789590239524841,0.9244740009307861
YNL008C,YMR283C,0,-6.5685606,0.09574352949857712,0.9789590239524841,0.9245847463607788
YMR029C,YGR055W,0,-6.5695696,0.0957331582903862,0.9789590239524841,0.9246954321861267
YEL029C,YMR012W,0,-6.570811,0.09572279453277588,0.9789590239524841,0.9248061776161194
YNL188W,YJR145C,0,-6.571026,0.09571243077516556,0.9789590239524841,0.9249169230461121
YJL010C,YAL005C,0,-6.5722637,0.09570206701755524,0.9789590239524841,0.9250276684761047
YJL141C,YNR064C,0,-6.5723324,0.09569171071052551,0.9789590239524841,0.9251384139060974
YBR040W,YAR002W,0,-6.572628,0.09568135440349579,0.9789590239524841,0.9252491593360901
YOR226C,YJL145W,0,-6.574171,0.09567099809646606,0.9789590239524841,0.9253599047660828
YPR141C,YNL167C,0,-6.574711,0.09566064178943634,0.9789590239524841,0.9254706501960754
YDR101C,YML078W,0,-6.5760965,0.09565029293298721,0.9789590239524841,0.9255813956260681
YDL132W,YAR031W,0,-6.5762014,0.09563994407653809,0.9789590239524841,0.9256921410560608
YGL180W,YGL169W,0,-6.57633,0.09562959522008896,0.9789590239524841,0.9258028864860535
YBR121C,YGL068W,0,-6.577283,0.09561925381422043,0.9789590239524841,0.9259136319160461
YBR250W,YKR020W,0,-6.5791802,0.0956089124083519,0.9789590239524841,0.9260243773460388
YIL118W,YMR260C,0,-6.579542,0.09559857100248337,0.9789590239524841,0.9261351227760315
YNL065W,YLR014C,0,-6.57973,0.09558823704719543,0.9789590239524841,0.9262458682060242
YLL061W,YDL208W,0,-6.5797358,0.0955779030919075,0.9789590239524841,0.9263566136360168
YDR158W,YDR324C,0,-6.5804467,0.09556756913661957,0.9789590239524841,0.9264673590660095
YHR042W,YNL061W,0,-6.5804844,0.09555723518133163,0.9789590239524841,0.9265780448913574
YGR177C,YPL224C,0,-6.580493,0.0955469086766243,0.9789590239524841,0.9266887903213501
YPL188W,YGR214W,0,-6.581313,0.09553658217191696,0.9789590239524841,0.9267995357513428
YMR006C,YJL059W,0,-6.5813293,0.09552625566720963,0.9789590239524841,0.9269102811813354
YGR123C,YIL066C,0,-6.581359,0.09551593661308289,0.9789590239524841,0.9270210266113281
YDR151C,YPL212C,0,-6.5818214,0.09550561755895615,0.9789590239524841,0.9271317720413208
YBR048W,YPL203W,0,-6.5822077,0.0954952985048294,0.9789590239524841,0.9272425174713135
YLR284C,YLR197W,0,-6.5827346,0.09548498690128326,0.9789590239524841,0.9273532629013062
YDR258C,YJR160C,0,-6.5831876,0.09547467529773712,0.9789590239524841,0.9274640083312988
YNL142W,YOR294W,0,-6.583566,0.09546436369419098,0.9789590239524841,0.9275747537612915
YEL018W,YOL113W,0,-6.5851245,0.09545405209064484,0.9789590239524841,0.9276854991912842
YJL191W,YGL255W,0,-6.5856943,0.09544374793767929,0.9789590239524841,0.9277962446212769
YDR150W,YDR160W,0,-6.5877843,0.09543344378471375,0.9789590239524841,0.9279069900512695
YDR479C,YGR296W,0,-6.588837,0.0954231396317482,0.9789590239524841,0.9280177354812622
YJL031C,YDL045C,0,-6.5911846,0.09541284292936325,0.9789590239524841,0.9281284809112549
YJL194W,YMR143W,0,-6.5911846,0.0954025462269783,0.9789590239524841,0.9282392263412476
YNL164C,YDR381W,0,-6.591358,0.09539224952459335,0.9789590239524841,0.9283499717712402
YGL054C,YCL054W,0,-6.5933266,0.095381960272789,0.9789590239524841,0.9284606575965881
YOR257W,YLR435W,0,-6.593444,0.09537167102098465,0.9789590239524841,0.9285714030265808
YJL183W,YDR172W,0,-6.5936627,0.0953613817691803,0.9789590239524841,0.9286821484565735
YNL223W,YKL062W,0,-6.5936995,0.09535109251737595,0.9789590239524841,0.9287928938865662
YMR281W,YHR124W,0,-6.5956545,0.09534081071615219,0.9789590239524841,0.9289036393165588
YNR054C,YAL047C,0,-6.59661,0.09533052891492844,0.9789590239524841,0.9290143847465515
YLR231C,YPL029W,0,-6.5977964,0.09532024711370468,0.9789590239524841,0.9291251301765442
YJL042W,YLR386W,0,-6.5979595,0.09530997276306152,0.9789590239524841,0.9292358756065369
YDR021W,YNL188W,0,-6.597972,0.09529969841241837,0.9789590239524841,0.9293466210365295
YDL039C,YJR103W,0,-6.5985494,0.09528942406177521,0.9789590239524841,0.9294573664665222
YOR133W,YPL239W,0,-6.5987225,0.09527915716171265,0.9789590239524841,0.9295681118965149
YBR295W,YBR006W,0,-6.5991673,0.09526889026165009,0.9789590239524841,0.9296788573265076
YER148W,YIL008W,0,-6.5993605,0.09525862336158752,0.9789590239524841,0.9297896027565002
YLR242C,YBR267W,0,-6.600073,0.09524835646152496,0.9789590239524841,0.9299003481864929
YLL026W,YDL147W,0,-6.600081,0.095238097012043,0.9789590239524841,0.9300110936164856
YPL244C,YIL154C,0,-6.6010485,0.09522783756256104,0.9789590239524841,0.9301218390464783
YLR401C,YBR066C,0,-6.60139,0.09521757811307907,0.9789590239524841,0.930232584476471
YEL061C,YOR168W,0,-6.6014795,0.0952073261141777,0.9789590239524841,0.9303433299064636
YBR267W,YOR149C,0,-6.601535,0.09519707411527634,0.9789590239524841,0.9304540157318115
YLR370C,YCR066W,0,-6.603974,0.09518682211637497,0.9789590239524841,0.9305647611618042
YDR147W,YKL009W,0,-6.6040688,0.0951765701174736,0.9789590239524841,0.9306755065917969
YBR092C,YPL131W,0,-6.6043186,0.09516632556915283,0.9789590239524841,0.9307862520217896
YPR144C,YOL129W,0,-6.6050262,0.09515608102083206,0.9789590239524841,0.9308969974517822
YPL208W,YKL081W,0,-6.605191,0.09514583647251129,0.9789590239524841,0.9310077428817749
YIL014W,YER082C,0,-6.6052265,0.09513559937477112,0.9789590239524841,0.9311184883117676
YBR029C,YMR203W,0,-6.6053286,0.09512536227703094,0.9789590239524841,0.9312292337417603
YHR143W-A,YLR249W,0,-6.605776,0.09511512517929077,0.9789590239524841,0.9313399791717529
YLR274W,YKR089C,0,-6.6059256,0.0951048955321312,0.9789590239524841,0.9314507246017456
YMR056C,YLR009W,0,-6.605982,0.09509466588497162,0.9789590239524841,0.9315614700317383
YKR090W,YEL054C,0,-6.6065917,0.09508443623781204,0.9789590239524841,0.931672215461731
YKL029C,YDL150W,0,-6.607811,0.09507420659065247,0.9789590239524841,0.9317829608917236
YKL011C,YDR247W,0,-6.6078854,0.09506398439407349,0.9789590239524841,0.9318937063217163
YER114C,YDL132W,0,-6.61228,0.0950537621974945,0.9789590239524841,0.932004451751709
YIL044C,YHR157W,0,-6.612863,0.09504354000091553,0.9789590239524841,0.9321151971817017
YHR200W,YOL091W,0,-6.6134863,0.09503332525491714,0.9789590239524841,0.9322259426116943
YOR133W,YKL008C,0,-6.6158485,0.09502311050891876,0.9789590239524841,0.9323366284370422
YCL032W,YLR183C,0,-6.6159425,0.09501289576292038,0.9789590239524841,0.9324473738670349
YJL089W,YDR082W,0,-6.6174297,0.0950026884675026,0.9789590239524841,0.9325581192970276
YIL112W,YBR066C,0,-6.6195107,0.09499248117208481,0.9789590239524841,0.9326688647270203
YMR243C,YIL039W,0,-6.619564,0.09498227387666702,0.9789590239524841,0.9327796101570129
YNL068C,YHR027C,0,-6.6196804,0.09497206658124924,0.9789590239524841,0.9328903555870056
YER038C,YMR104C,0,-6.6205072,0.09496186673641205,0.9789590239524841,0.9330011010169983
YHR196W,YNL241C,0,-6.621623,0.09495166689157486,0.9789590239524841,0.933111846446991
YHR152W,YKL086W,0,-6.6222754,0.09494146704673767,0.9789590239524841,0.9332225918769836
YKL025C,YDR259C,0,-6.6240916,0.09493127465248108,0.9789590239524841,0.9333333373069763
YMR092C,YGL063W,0,-6.6243715,0.09492107480764389,0.9789590239524841,0.933444082736969
YPL069C,YML107C,0,-6.624481,0.0949108898639679,0.9789590239524841,0.9335548281669617
YKL182W,YOR157C,0,-6.6257486,0.0949006974697113,0.9789590239524841,0.9336655735969543
YJR025C,YAL016W,0,-6.6268387,0.09489051252603531,0.9789590239524841,0.933776319026947
YPL091W,YOL102C,0,-6.6270103,0.09488032758235931,0.9789590239524841,0.9338870644569397
YJR064W,YNL202W,0,-6.6270347,0.09487014263868332,0.9789590239524841,0.9339978098869324
YJL042W,YGR281W,0,-6.627058,0.09485996514558792,0.9789590239524841,0.934108555316925
YDL181W,YBR256C,0,-6.6276264,0.09484978765249252,0.9789590239524841,0.934219241142273
YPR030W,YLR106C,0,-6.6279793,0.09483961015939713,0.9789590239524841,0.9343299865722656
YBR024W,YNL299W,0,-6.628787,0.09482943266630173,0.9789590239524841,0.9344407320022583
YOL117W,YLR372W,0,-6.6288633,0.09481926262378693,0.9789590239524841,0.934551477432251
YNR002C,YML031W,0,-6.629035,0.09480909258127213,0.9789590239524841,0.9346622228622437
YDL079C,YPL234C,0,-6.6298146,0.09479892998933792,0.9789590239524841,0.9347729682922363
YNL286W,YDL101C,0,-6.6306095,0.09478875994682312,0.9789590239524841,0.934883713722229
YPL235W,YGR197C,0,-6.6312504,0.09477859735488892,0.9789590239524841,0.9349944591522217
YNL288W,YIL013C,0,-6.631818,0.09476844221353531,0.9789590239524841,0.9351052045822144
YFR055W,YOL124C,0,-6.632331,0.0947582796216011,0.9789590239524841,0.935215950012207
YML128C,YPL029W,0,-6.6325693,0.0947481244802475,0.9789590239524841,0.9353266954421997
YER001W,YOR313C,0,-6.6328874,0.09473796933889389,0.9789590239524841,0.9354374408721924
YBR024W,YHR172W,0,-6.63515,0.09472782164812088,0.9789590239524841,0.9355481863021851
YKR046C,YMR214W,0,-6.6363087,0.09471766650676727,0.9789590239524841,0.9356589317321777
YBR289W,YHR161C,0,-6.6373806,0.09470751881599426,0.9789590239524841,0.9357696771621704
YML120C,YPL174C,0,-6.6388493,0.09469737857580185,0.9789590239524841,0.9358804225921631
YBR009C,YFL026W,0,-6.638917,0.09468723088502884,0.9789590239524841,0.9359911680221558
YJL060W,YGR030C,0,-6.639626,0.09467709064483643,0.9789590239524841,0.9361018538475037
YDR365C,YHR084W,0,-6.6408963,0.09466695040464401,0.9789590239524841,0.9362125992774963
YGR157W,YNL126W,0,-6.641449,0.0946568176150322,0.9789590239524841,0.936323344707489
YDR283C,YJL092W,0,-6.641729,0.09464667737483978,0.9789590239524841,0.9364340901374817
YOR349W,YIL053W,0,-6.6443777,0.09463655203580856,0.9789590239524841,0.9365448355674744
YJL100W,YKL086W,0,-6.647971,0.09462641924619675,0.9789590239524841,0.936655580997467
YER020W,YMR308C,0,-6.648242,0.09461629390716553,0.9789590239524841,0.9367663264274597
YPL240C,YCR057C,0,-6.6485863,0.09460616111755371,0.9789590239524841,0.9368770718574524
YOL049W,YMR047C,0,-6.6497383,0.09459604322910309,0.9789590239524841,0.9369878172874451
YPL001W,YLR195C,1,-6.6508694,0.09469291567802429,0.9800664186477661,0.9369878172874451
YER119C,YKR086W,0,-6.6519113,0.09468278288841248,0.9800664186477661,0.9370985627174377
YKL029C,YCL008C,0,-6.653294,0.09467265754938126,0.9800664186477661,0.9372093081474304
YGR218W,YML128C,0,-6.6535354,0.09466253221035004,0.9800664186477661,0.9373200535774231
YDL213C,YJL117W,0,-6.653788,0.09465240687131882,0.9800664186477661,0.9374307990074158
YBR212W,YBR002C,0,-6.6538363,0.0946422815322876,0.9800664186477661,0.9375415444374084
YLR068W,YLR134W,0,-6.654919,0.09463216364383698,0.9800664186477661,0.9376522898674011
YBR202W,YNL274C,0,-6.6560597,0.09462204575538635,0.9800664186477661,0.9377630352973938
YMR033W,YMR175W,0,-6.6563826,0.09461192786693573,0.9800664186477661,0.9378737807273865
YNL053W,YDR195W,0,-6.6570816,0.0946018174290657,0.9800664186477661,0.9379844665527344
YPL227C,YPL123C,0,-6.6571965,0.09459170699119568,0.9800664186477661,0.938095211982727
YML093W,YBL055C,0,-6.6572304,0.09458159655332565,0.9800664186477661,0.9382059574127197
YLR284C,YPR007C,0,-6.657373,0.09457148611545563,0.9800664186477661,0.9383167028427124
YCL040W,YML025C,0,-6.657872,0.0945613831281662,0.9800664186477661,0.9384274482727051
YPR154W,YHR031C,0,-6.6583095,0.09455128014087677,0.9800664186477661,0.9385381937026978
YAL031C,YJR097W,0,-6.6592746,0.09454118460416794,0.9800664186477661,0.9386489391326904
YJR089W,YLR205C,0,-6.6592927,0.09453108161687851,0.9800664186477661,0.9387596845626831
YGL178W,YPL159C,0,-6.660098,0.09452098608016968,0.9800664186477661,0.9388704299926758
YBR192W,YJL048C,0,-6.6628895,0.09451089054346085,0.9800664186477661,0.9389811754226685
YPL091W,YGR128C,0,-6.6634245,0.09450080245733261,0.9800664186477661,0.9390919208526611
YOR239W,YOR004W,0,-6.6636486,0.09449071437120438,0.9800664186477661,0.9392026662826538
YHR019C,YML120C,0,-6.663789,0.09448062628507614,0.9800664186477661,0.9393134117126465
YGR078C,YLR316C,0,-6.663973,0.0944705381989479,0.9800664186477661,0.9394241571426392
YMR008C,YOR095C,0,-6.665408,0.09446045756340027,0.9800664186477661,0.9395349025726318
YNL220W,YGR169C,0,-6.666483,0.09445037692785263,0.9800664186477661,0.9396456480026245
YMR173W,YFL026W,0,-6.667022,0.09444029629230499,0.9800664186477661,0.9397563934326172
YIL009W,YMR246W,1,-6.6677675,0.0945369154214859,0.9811738729476929,0.9397563934326172
YBR072W,YOR160W,0,-6.6682086,0.09452683478593826,0.9811738729476929,0.9398671388626099
YKL193C,YPL206C,0,-6.6687713,0.09451674669981003,0.9811738729476929,0.9399778246879578
YLR085C,YOR061W,0,-6.6692266,0.09450666606426239,0.9811738729476929,0.9400885701179504
YBL069W,YOR133W,0,-6.6694417,0.09449658542871475,0.9811738729476929,0.9401993155479431
YCL055W,YOL039W,0,-6.6695023,0.09448651224374771,0.9811738729476929,0.9403100609779358
YKR054C,YGR008C,0,-6.6696806,0.09447643160820007,0.9811738729476929,0.9404208064079285
YGR186W,YDR407C,0,-6.6698494,0.09446635842323303,0.9811738729476929,0.9405315518379211
YDL022W,YJR042W,0,-6.670924,0.09445629268884659,0.9811738729476929,0.9406422972679138
YDR527W,YGR248W,0,-6.6716213,0.09444621950387955,0.9811738729476929,0.9407530426979065
YLR139C,YBR183W,0,-6.6717777,0.0944361537694931,0.9811738729476929,0.9408637881278992
YDL088C,YGR192C,0,-6.6718206,0.09442608803510666,0.9811738729476929,0.9409745335578918
YFL014W,YIL114C,0,-6.672218,0.09441602975130081,0.9811738729476929,0.9410852789878845
YGL068W,YBR192W,0,-6.6740866,0.09440596401691437,0.9811738729476929,0.9411960244178772
YHL002W,YDR356W,0,-6.674142,0.09439590573310852,0.9811738729476929,0.9413067698478699
YKL152C,YPL157W,0,-6.6759486,0.09438585489988327,0.9811738729476929,0.9414175152778625
YNL003C,YPL012W,0,-6.676964,0.09437579661607742,0.9811738729476929,0.9415282607078552
YPL091W,YOL010W,0,-6.677809,0.09436574578285217,0.9811738729476929,0.9416390061378479
YLR008C,YBR082C,0,-6.6783805,0.09435569494962692,0.9811738729476929,0.9417497515678406
YHR026W,YKL214C,0,-6.6798162,0.09434565156698227,0.9811738729476929,0.9418604373931885
YJL072C,YGR185C,0,-6.680102,0.09433560818433762,0.9811738729476929,0.9419711828231812
YGL006W,YOR003W,0,-6.680548,0.09432556480169296,0.9811738729476929,0.9420819282531738
YLR303W,YCR057C,0,-6.6823244,0.09431552141904831,0.9811738729476929,0.9421926736831665
YPR155C,YOL117W,0,-6.682955,0.09430547803640366,0.9811738729476929,0.9423034191131592
YJL122W,YER164W,0,-6.6830816,0.0942954421043396,0.9811738729476929,0.9424141645431519
YPR081C,YOL108C,0,-6.683505,0.09428541362285614,0.9811738729476929,0.9425249099731445
YNL270C,YDL160C,0,-6.6870136,0.09427537769079208,0.9811738729476929,0.9426356554031372
YOL071W,YGR158C,0,-6.68707,0.09426534920930862,0.9811738729476929,0.9427464008331299
YOL115W,YDR276C,0,-6.6908855,0.09425532072782516,0.9811738729476929,0.9428571462631226
YPR030W,YJR158W,0,-6.691249,0.0942452922463417,0.9811738729476929,0.9429678916931152
YDL081C,YCR073C,0,-6.692816,0.09423527121543884,0.9811738729476929,0.9430786371231079
YOL082W,YHR006W,0,-6.693076,0.09422525018453598,0.9811738729476929,0.9431893825531006
YPR183W,YNL151C,0,-6.693676,0.09421522915363312,0.9811738729476929,0.9433001279830933
YAL054C,YMR069W,1,-6.694969,0.09431153535842896,0.9822812676429749,0.9433001279830933
YKL029C,YOL031C,0,-6.695508,0.0943015068769455,0.9822812676429749,0.9434108734130859
YOR063W,YLR105C,0,-6.695655,0.09429148584604263,0.9822812676429749,0.9435216188430786
YAL054C,YJL115W,1,-6.696156,0.09438775479793549,0.9833887219429016,0.9435216188430786
YPR086W,YLL012W,0,-6.699146,0.09437772631645203,0.9833887219429016,0.9436323642730713
YDR151C,YLR009W,0,-6.6996255,0.09436769038438797,0.9833887219429016,0.9437430500984192
YPR190C,YLR452C,0,-6.6997313,0.09435766935348511,0.9833887219429016,0.9438537955284119
YLR059C,YDL081C,0,-6.6998324,0.09434764087200165,0.9833887219429016,0.9439645409584045
YMR311C,YGL207W,0,-6.7002997,0.09433761984109879,0.9833887219429016,0.9440752863883972
YKL220C,YOR084W,0,-6.7013397,0.09432759881019592,0.9833887219429016,0.9441860318183899
YKR068C,YCR057C,0,-6.701645,0.09431757777929306,0.9833887219429016,0.9442967772483826
YPR154W,YPR054W,0,-6.7029705,0.0943075641989708,0.9833887219429016,0.9444075226783752
YDR101C,YBR290W,0,-6.703496,0.09429755061864853,0.9833887219429016,0.9445182681083679
YFL013C,YKL012W,0,-6.7061877,0.09428753703832626,0.9833887219429016,0.9446290135383606
YPL127C,YLR249W,0,-6.7076836,0.094277523458004,0.9833887219429016,0.9447397589683533
YNL029C,YKR081C,0,-6.7079144,0.09426751732826233,0.9833887219429016,0.944850504398346
YJL183W,YJL036W,0,-6.7080946,0.09425751119852066,0.9833887219429016,0.9449612498283386
YPL122C,YOR297C,0,-6.7082014,0.09424750506877899,0.9833887219429016,0.9450719952583313
YNL206C,YEL026W,0,-6.708811,0.09423750638961792,0.9833887219429016,0.945182740688324
YGL099W,YLR044C,0,-6.7098794,0.09422750771045685,0.9833887219429016,0.9452934861183167
YLR103C,YLR435W,0,-6.710521,0.09421750903129578,0.9833887219429016,0.9454042315483093
YGR070W,YDR478W,0,-6.710598,0.0942075103521347,0.9833887219429016,0.945514976978302
YDL213C,YDR425W,0,-6.7110124,0.09419751912355423,0.9833887219429016,0.9456256628036499
YLR028C,YKL197C,0,-6.7120805,0.09418752789497375,0.9833887219429016,0.9457364082336426
YBL008W,YGR143W,0,-6.7131996,0.09417753666639328,0.9833887219429016,0.9458471536636353
YLR056W,YML021C,0,-6.71435,0.0941675528883934,0.9833887219429016,0.9459578990936279
YDR101C,YBL106C,0,-6.715806,0.09415756911039352,0.9833887219429016,0.9460686445236206
YLR205C,YOR274W,0,-6.7164392,0.09414758533239365,0.9833887219429016,0.9461793899536133
YBR234C,YDL112W,0,-6.7171316,0.09413760155439377,0.9833887219429016,0.946290135383606
YLR009W,YGL232W,0,-6.717343,0.09412762522697449,0.9833887219429016,0.9464008808135986
YJR063W,YIL016W,0,-6.7175317,0.0941176488995552,0.9833887219429016,0.9465116262435913
YDR456W,YOR295W,0,-6.7175684,0.09410767257213593,0.9833887219429016,0.946622371673584
YMR042W,YBL039C,0,-6.718526,0.09409770369529724,0.9833887219429016,0.9467331171035767
YOL039W,YOL093W,0,-6.719419,0.09408772736787796,0.9833887219429016,0.9468438625335693
YAL054C,YPR023C,1,-6.723087,0.09418370574712753,0.9844961166381836,0.9468438625335693
YFR014C,YGL062W,0,-6.723404,0.09417372941970825,0.9844961166381836,0.946954607963562
YDR284C,YDL148C,0,-6.7245216,0.09416375309228897,0.9844961166381836,0.9470653533935547
YOL020W,YGR128C,0,-6.725271,0.09415378421545029,0.9844961166381836,0.9471760988235474
YOR180C,YGR086C,0,-6.7257924,0.094143807888031,0.9844961166381836,0.94728684425354
YLR153C,YLL002W,1,-6.726015,0.0942397266626358,0.9856035709381104,0.94728684425354
YGR230W,YOR310C,0,-6.7264833,0.09422975033521652,0.9856035709381104,0.9473975896835327
YAL016W,YOL102C,0,-6.7274075,0.09421977400779724,0.9856035709381104,0.9475083351135254
YKR081C,YDR178W,0,-6.7282686,0.09420980513095856,0.9856035709381104,0.9476190209388733
YNL206C,YBR183W,0,-6.728985,0.09419982880353928,0.9856035709381104,0.947729766368866
YNR002C,YER016W,0,-6.729411,0.09418985992670059,0.9856035709381104,0.9478405117988586
YJL025W,YGR248W,0,-6.72968,0.09417989104986191,0.9856035709381104,0.9479512572288513
YDL132W,YKR014C,0,-6.732769,0.09416992962360382,0.9856035709381104,0.948062002658844
YFR053C,YMR285C,0,-6.733628,0.09415996819734573,0.9856035709381104,0.9481727480888367
YMR177W,YGL246C,0,-6.7338314,0.09415000677108765,0.9856035709381104,0.9482834935188293
YDR171W,YBR296C,0,-6.735445,0.09414004534482956,0.9856035709381104,0.948394238948822
YLR394W,YPL093W,0,-6.736578,0.09413009136915207,0.9856035709381104,0.9485049843788147
YGL008C,YLR435W,0,-6.736598,0.09412013739347458,0.9856035709381104,0.9486157298088074
YER114C,YDR122W,0,-6.7385454,0.09411018341779709,0.9856035709381104,0.9487264752388
YLR059C,YLR048W,0,-6.7401505,0.0941002294421196,0.9856035709381104,0.9488372206687927
YKL093W,YGR141W,0,-6.741058,0.0940902829170227,0.9856035709381104,0.9489479660987854
YOR133W,YGR082W,0,-6.7416067,0.09408033639192581,0.9856035709381104,0.9490587115287781
YER054C,YPL240C,0,-6.742371,0.09407039731740952,0.9856035709381104,0.9491694569587708
YPR081C,YDR091C,0,-6.7433443,0.09406045079231262,0.9856035709381104,0.9492802023887634
YGL061C,YLL012W,0,-6.743578,0.09405051171779633,0.9856035709381104,0.9493909478187561
YBL098W,YGL155W,0,-6.7439346,0.09404057264328003,0.9856035709381104,0.949501633644104
YNR019W,YLR442C,0,-6.74403,0.09403064101934433,0.9856035709381104,0.9496123790740967
YDR211W,YDR346C,0,-6.744046,0.09402070939540863,0.9856035709381104,0.9497231245040894
YLR015W,YNL111C,0,-6.7455063,0.09401077777147293,0.9856035709381104,0.949833869934082
YJL091C,YKL009W,0,-6.7460203,0.09400084614753723,0.9856035709381104,0.9499446153640747
YOR257W,YGR249W,0,-6.746329,0.09399091452360153,0.9856035709381104,0.9500553607940674
YOR026W,YER127W,0,-6.747178,0.09398099035024643,0.9856035709381104,0.9501661062240601
YBR015C,YLR009W,0,-6.748758,0.09397106617689133,0.9856035709381104,0.9502768516540527
YJL145W,YER024W,0,-6.7511296,0.09396114945411682,0.9856035709381104,0.9503875970840454
YBR160W,YJR019C,0,-6.7515764,0.09395123273134232,0.9856035709381104,0.9504983425140381
YER015W,YMR069W,1,-6.752643,0.09404686838388443,0.9867109656333923,0.9504983425140381
YML051W,YJR002W,0,-6.753111,0.09403693675994873,0.9867109656333923,0.9506090879440308
YOL066C,YDR515W,0,-6.7540674,0.09402701258659363,0.9867109656333923,0.9507198333740234
YGL180W,YBR290W,0,-6.754905,0.09401709586381912,0.9867109656333923,0.9508305788040161
YDR258C,YML049C,0,-6.755737,0.09400717169046402,0.9867109656333923,0.9509413242340088
YGL209W,YGR055W,0,-6.758089,0.09399725496768951,0.9867109656333923,0.9510520696640015
YNL009W,YDR369C,0,-6.7592506,0.09398733824491501,0.9867109656333923,0.9511628150939941
YNL270C,YMR175W,0,-6.759307,0.0939774289727211,0.9867109656333923,0.9512735605239868
YHR059W,YDR076W,0,-6.760147,0.09396751970052719,0.9867109656333923,0.9513842463493347
YLR109W,YOR209C,0,-6.7607265,0.09395761042833328,0.9867109656333923,0.9514949917793274
YPR154W,YBR257W,0,-6.761167,0.09394770115613937,0.9867109656333923,0.9516057372093201
YDR518W,YGL097W,0,-6.7613325,0.09393779933452606,0.9867109656333923,0.9517164826393127
YNL223W,YJL025W,0,-6.7628174,0.09392789006233215,0.9867109656333923,0.9518272280693054
YLR205C,YPR065W,0,-6.7633076,0.09391799569129944,0.9867109656333923,0.9519379734992981
YBR085W,YJL167W,0,-6.763665,0.09390809386968613,0.9867109656333923,0.9520487189292908
YAL026C,YER065C,0,-6.7637663,0.09389819949865341,0.9867109656333923,0.9521594643592834
YNL113W,YIL016W,0,-6.7638464,0.0938883051276207,0.9867109656333923,0.9522702097892761
YKL182W,YGL016W,0,-6.7657537,0.09387841075658798,0.9867109656333923,0.9523809552192688
YAR018C,YKL055C,0,-6.766034,0.09386852383613586,0.9867109656333923,0.9524917006492615
YDR085C,YPL144W,0,-6.7661448,0.09385862946510315,0.9867109656333923,0.9526024460792542
YPL224C,YLR435W,0,-6.766576,0.09384874999523163,0.9867109656333923,0.9527131915092468
YJL109C,YML097C,0,-6.7668095,0.09383886307477951,0.9867109656333923,0.9528239369392395
YOL104C,YML114C,0,-6.766897,0.09382898360490799,0.9867109656333923,0.9529346823692322
YCR048W,YJR045C,0,-6.767317,0.09381910413503647,0.9867109656333923,0.9530454277992249
YDR481C,YOR361C,0,-6.7675753,0.09380922466516495,0.9867109656333923,0.9531561732292175
YMR092C,YIL072W,0,-6.768856,0.09379934519529343,0.9867109656333923,0.9532668590545654
YPL086C,YLR192C,0,-6.769433,0.0937894731760025,0.9867109656333923,0.9533776044845581
YOR232W,YIR026C,0,-6.7700043,0.09377960115671158,0.9867109656333923,0.9534883499145508
YKL035W,YOR162C,0,-6.770961,0.09376972913742065,0.9867109656333923,0.9535990953445435
YHL036W,YHR167W,0,-6.772563,0.09375986456871033,0.9867109656333923,0.9537098407745361
YGL008C,YDR218C,0,-6.7729807,0.09375,0.9867109656333923,0.9538205862045288
YKL114C,YLR222C,0,-6.777508,0.09374013543128967,0.9867109656333923,0.9539313316345215
YDR046C,YCL066W,0,-6.7795677,0.09373027831315994,0.9867109656333923,0.9540420770645142
YKL009W,YKR003W,0,-6.7810106,0.09372041374444962,0.9867109656333923,0.9541528224945068
YOL002C,YOL144W,0,-6.7825727,0.09371055662631989,0.9867109656333923,0.9542635679244995
YLL026W,YDR123C,0,-6.7837224,0.09370070695877075,0.9867109656333923,0.9543743133544922
YKL173W,YDL112W,0,-6.7837343,0.09369084984064102,0.9867109656333923,0.9544850587844849
YOL095C,YFL014W,0,-6.7838445,0.09368100017309189,0.9867109656333923,0.9545958042144775
YGL001C,YCL059C,0,-6.783875,0.09367115050554276,0.9867109656333923,0.9547065496444702
YKL004W,YOR233W,0,-6.784863,0.09366130828857422,0.9867109656333923,0.9548172950744629
YKR057W,YKR020W,0,-6.784915,0.09365145862102509,0.9867109656333923,0.9549280405044556
YOR245C,YPL093W,0,-6.7858953,0.09364161640405655,0.9867109656333923,0.9550387859344482
YGR166W,YBR169C,0,-6.7892246,0.09363178163766861,0.9867109656333923,0.9551495313644409
YIL155C,YEL037C,0,-6.793453,0.09362193942070007,0.9867109656333923,0.9552602171897888
YER169W,YDR293C,0,-6.793891,0.09361210465431213,0.9867109656333923,0.9553709626197815
YER179W,YDR324C,0,-6.7940884,0.0936022698879242,0.9867109656333923,0.9554817080497742
YMR290C,YNL009W,0,-6.7941856,0.09359243512153625,0.9867109656333923,0.9555924534797668
YGL027C,YGL143C,0,-6.7950287,0.09358260780572891,0.9867109656333923,0.9557031989097595
YAL017W,YBR030W,0,-6.795276,0.09357278048992157,0.9867109656333923,0.9558139443397522
YGL124C,YMR006C,0,-6.7953296,0.09356295317411423,0.9867109656333923,0.9559246897697449
YDR075W,YOR210W,0,-6.7956457,0.09355312585830688,0.9867109656333923,0.9560354351997375
YPL075W,YOR294W,0,-6.7964,0.09354330599308014,0.9867109656333923,0.9561461806297302
YGL180W,YNL037C,0,-6.7964783,0.0935334861278534,0.9867109656333923,0.9562569260597229
YAR007C,YHR083W,0,-6.796769,0.09352366626262665,0.9867109656333923,0.9563676714897156
YHL002W,YFR053C,0,-6.7971716,0.0935138538479805,0.9867109656333923,0.9564784169197083
YGR244C,YPL130W,0,-6.8009205,0.09350404143333435,0.9867109656333923,0.9565891623497009
YIL155C,YCR053W,0,-6.8013663,0.0934942290186882,0.9867109656333923,0.9566999077796936
YOL064C,YDR190C,0,-6.801388,0.09348441660404205,0.9867109656333923,0.9568106532096863
YOR185C,YOR162C,0,-6.801953,0.0934746116399765,0.9867109656333923,0.956921398639679
YPL127C,YOL101C,0,-6.8024836,0.09346480667591095,0.9867109656333923,0.9570321440696716
YPR119W,YOR340C,0,-6.8026237,0.0934550017118454,0.9867109656333923,0.9571428298950195
YGL106W,YNL151C,0,-6.8030796,0.09344520419836044,0.9867109656333923,0.9572535753250122
YLR175W,YDR166C,0,-6.8035803,0.09343539923429489,0.9867109656333923,0.9573643207550049
YLR411W,YOL071W,0,-6.8043447,0.09342560917139053,0.9867109656333923,0.9574750661849976
YNL008C,YPR018W,0,-6.8069234,0.09341581165790558,0.9867109656333923,0.9575858116149902
YKL186C,YBR169C,0,-6.807392,0.09340601414442062,0.9867109656333923,0.9576965570449829
YPR023C,YER015W,1,-6.8094454,0.09350104629993439,0.9878183603286743,0.9576965570449829
YMR041C,YJL033W,0,-6.809455,0.09349124878644943,0.9878183603286743,0.9578073024749756
YDR085C,YNL072W,0,-6.8095107,0.09348145127296448,0.9878183603286743,0.9579180479049683
YHR148W,YJL059W,0,-6.8110313,0.09347165375947952,0.9878183603286743,0.9580287933349609
YPR030W,YFL016C,0,-6.8118987,0.09346186369657516,0.9878183603286743,0.9581395387649536
YMR015C,YPL152W,0,-6.8122454,0.09345206618309021,0.9878183603286743,0.9582502841949463
YNL223W,YMR014W,0,-6.8131895,0.09344227612018585,0.9878183603286743,0.958361029624939
YPL231W,YIL026C,0,-6.8161936,0.09343249350786209,0.9878183603286743,0.9584717750549316
YKL093W,YJR103W,0,-6.8171234,0.09342270344495773,0.9878183603286743,0.9585825204849243
YPR030W,YOR005C,0,-6.8172345,0.09341292083263397,0.9878183603286743,0.958693265914917
YCR065W,YGR055W,0,-6.818184,0.09340313822031021,0.9878183603286743,0.9588040113449097
YBR092C,YGL243W,0,-6.818475,0.09339336305856705,0.9878183603286743,0.9589147567749023
YFL034C-B,YNR053C,0,-6.8186035,0.09338358789682388,0.9878183603286743,0.9590254426002502
YEL054C,YDR489W,0,-6.819974,0.09337381273508072,0.9878183603286743,0.9591361880302429
YAL054C,YHR013C,1,-6.8206882,0.09346870332956314,0.9889258146286011,0.9591361880302429
YER073W,YKR053C,0,-6.822211,0.09345892071723938,0.9889258146286011,0.9592469334602356
YKL193C,YDL042C,0,-6.823051,0.09344914555549622,0.9889258146286011,0.9593576788902283
YPR005C,YDL208W,0,-6.8244762,0.09343936294317245,0.9889258146286011,0.959468424320221
YLR405W,YLL012W,0,-6.8246346,0.09342958778142929,0.9889258146286011,0.9595791697502136
YPR112C,YIL118W,0,-6.8265643,0.09341981261968613,0.9889258146286011,0.9596899151802063
YDR245W,YJL133W,0,-6.8268433,0.09341004490852356,0.9889258146286011,0.959800660610199
YLR183C,YNR006W,0,-6.8271627,0.0934002697467804,0.9889258146286011,0.9599114060401917
YFL014W,YNL061W,0,-6.827815,0.09339050203561783,0.9889258146286011,0.9600221514701843
YDR046C,YGR078C,0,-6.8293366,0.09338074177503586,0.9889258146286011,0.960132896900177
YMR220W,YLR197W,0,-6.8293805,0.09337097406387329,0.9889258146286011,0.9602436423301697
YHR013C,YMR246W,1,-6.829534,0.09346576035022736,0.9900332093238831,0.9602436423301697
YDL014W,YLR020C,0,-6.829708,0.09345599263906479,0.9900332093238831,0.9603543877601624
YAL017W,YJL036W,0,-6.830388,0.09344622492790222,0.9900332093238831,0.960465133190155
YNR001C,YKL012W,0,-6.830778,0.09343645721673965,0.9900332093238831,0.9605758786201477
YER024W,YPL033C,0,-6.8315024,0.09342668950557709,0.9900332093238831,0.9606866240501404
YBR142W,YFR030W,0,-6.831806,0.09341692924499512,0.9900332093238831,0.9607973694801331
YNL112W,YLL021W,0,-6.8319435,0.09340716898441315,0.9900332093238831,0.960908055305481
YLR219W,YOL054W,0,-6.8339596,0.09339740872383118,0.9900332093238831,0.9610188007354736
YDL150W,YGL229C,0,-6.834162,0.0933876559138298,0.9900332093238831,0.9611295461654663
YGR192C,YLR003C,0,-6.835349,0.09337789565324783,0.9900332093238831,0.961240291595459
YAL017W,YMR260C,0,-6.835418,0.09336814284324646,0.9900332093238831,0.9613510370254517
YOR206W,YDR178W,0,-6.8357763,0.09335839748382568,0.9900332093238831,0.9614617824554443
YOR321W,YPR065W,0,-6.8364882,0.09334864467382431,0.9900332093238831,0.961572527885437
YBR066C,YOR224C,0,-6.8379354,0.09333889931440353,0.9900332093238831,0.9616832733154297
YIL154C,YJR097W,0,-6.8388796,0.09332915395498276,0.9900332093238831,0.9617940187454224
YNL075W,YOR132W,0,-6.8404446,0.09331941604614258,0.9900332093238831,0.961904764175415
YPL242C,YPL126W,0,-6.841007,0.0933096781373024,0.9900332093238831,0.9620155096054077
YER126C,YGR024C,0,-6.841009,0.09329994022846222,0.9900332093238831,0.9621262550354004
YIL097W,YML061C,0,-6.8418217,0.09329020231962204,0.9900332093238831,0.9622370004653931
YNL008C,YLR079W,0,-6.842912,0.09328046441078186,0.9900332093238831,0.9623477458953857
YMR119W,YFL002C,0,-6.8432055,0.09327073395252228,0.9900332093238831,0.9624584913253784
YHR142W,YPL163C,0,-6.84554,0.0932610034942627,0.9900332093238831,0.9625692367553711
YNL199C,YOR310C,0,-6.8459415,0.09325128048658371,0.9900332093238831,0.9626799821853638
YOR037W,YNR054C,0,-6.848181,0.09324155002832413,0.9900332093238831,0.9627906680107117
YMR014W,YOR236W,0,-6.8486013,0.09323182702064514,0.9900332093238831,0.9629014134407043
YGL032C,YNL061W,0,-6.8527584,0.09322210401296616,0.9900332093238831,0.963012158870697
YML004C,YKL110C,0,-6.8537483,0.09321238845586777,0.9900332093238831,0.9631229043006897
YOR310C,YGL205W,0,-6.8542867,0.09320266544818878,0.9900332093238831,0.9632336497306824
YBR286W,YHR089C,0,-6.8552966,0.0931929498910904,0.9900332093238831,0.963344395160675
YML128C,YJL052W,0,-6.8559723,0.0931832417845726,0.9900332093238831,0.9634551405906677
YDL132W,YKL099C,0,-6.85818,0.09317352622747421,0.9900332093238831,0.9635658860206604
YBL058W,YBL075C,0,-6.858755,0.09316381812095642,0.9900332093238831,0.9636766314506531
YOR310C,YMR293C,0,-6.862055,0.09315411001443863,0.9900332093238831,0.9637873768806458
YFL014W,YLR095C,0,-6.862334,0.09314440190792084,0.9900332093238831,0.9638981223106384
YKR046C,YOL020W,0,-6.8640223,0.09313470125198364,0.9900332093238831,0.9640088677406311
YHR008C,YMR146C,0,-6.864622,0.09312500059604645,0.9900332093238831,0.9641196131706238
YBL042C,YNL072W,0,-6.865244,0.09311529994010925,0.9900332093238831,0.9642303586006165
YER006W,YCR061W,0,-6.866355,0.09310559928417206,0.9900332093238831,0.9643411040306091
YPL091W,YML128C,0,-6.8670225,0.09309590607881546,0.9900332093238831,0.9644518494606018
YHR013C,YLR195C,1,-6.8677387,0.09319033473730087,0.9911406636238098,0.9644518494606018
YIL036W,YDR479C,0,-6.8679237,0.09318063408136368,0.9911406636238098,0.9645625948905945
YJL133W,YBR183W,0,-6.868903,0.09317093342542648,0.9911406636238098,0.9646733403205872
YGL246C,YMR139W,0,-6.8689365,0.09316124022006989,0.9911406636238098,0.9647840261459351
YBL035C,YJL145W,0,-6.87236,0.09315153956413269,0.9911406636238098,0.9648947715759277
YML116W,YPR122W,0,-6.8733025,0.09314184635877609,0.9911406636238098,0.9650055170059204
YPL123C,YLR240W,0,-6.874078,0.0931321531534195,0.9911406636238098,0.9651162624359131
YGR094W,YGR285C,0,-6.8750806,0.0931224673986435,0.9911406636238098,0.9652270078659058
YGL055W,YPR190C,0,-6.8763723,0.0931127741932869,0.9911406636238098,0.9653377532958984
YNL227C,YGL201C,0,-6.876485,0.0931030884385109,0.9911406636238098,0.9654484987258911
YJL124C,YJL148W,0,-6.877811,0.0930934026837349,0.9911406636238098,0.9655592441558838
YKR066C,YGL027C,0,-6.878464,0.09308372437953949,0.9911406636238098,0.9656699895858765
YKL112W,YNL111C,0,-6.8790793,0.09307404607534409,0.9911406636238098,0.9657807350158691
YBR021W,YOR004W,0,-6.881352,0.09306436777114868,0.9911406636238098,0.9658914804458618
YOR267C,YPR144C,0,-6.8822336,0.09305468946695328,0.9911406636238098,0.9660022258758545
YDR211W,YPL087W,0,-6.8831434,0.09304501861333847,0.9911406636238098,0.9661129713058472
YPR023C,YLL022C,1,-6.8834085,0.09313929080963135,0.9922480583190918,0.9661129713058472
YOR078W,YER054C,0,-6.884694,0.09312961250543594,0.9922480583190918,0.9662237167358398
YCR034W,YOR260W,0,-6.885945,0.09311993420124054,0.9922480583190918,0.9663344621658325
YBL106C,YDR165W,0,-6.885966,0.09311025589704514,0.9922480583190918,0.9664452075958252
YNL126W,YOR297C,0,-6.8887124,0.09310058504343033,0.9922480583190918,0.9665559530258179
YKR046C,YKR057W,0,-6.889959,0.09309090673923492,0.9922480583190918,0.9666666388511658
YKL172W,YMR104C,0,-6.892583,0.09308123588562012,0.9922480583190918,0.9667773842811584
YMR231W,YIL042C,0,-6.893805,0.09307157248258591,0.9922480583190918,0.9668881297111511
YOR031W,YGR152C,0,-6.8958807,0.0930619016289711,0.9922480583190918,0.9669988751411438
YDR101C,YHR031C,0,-6.898591,0.09305223822593689,0.9922480583190918,0.9671096205711365
YFR028C,YMR260C,0,-6.9005065,0.09304257482290268,0.9922480583190918,0.9672203660011292
YLR284C,YGR244C,0,-6.9006104,0.09303291141986847,0.9922480583190918,0.9673311114311218
YOR269W,YML093W,0,-6.9025,0.09302325546741486,0.9922480583190918,0.9674418568611145
YPL235W,YPR074C,0,-6.9038386,0.09301359951496124,0.9922480583190918,0.9675526022911072
YNL148C,YHR196W,0,-6.903925,0.09300394356250763,0.9922480583190918,0.9676633477210999
YMR139W,YAR008W,0,-6.9041195,0.09299429506063461,0.9922480583190918,0.9677740931510925
YLR423C,YMR104C,0,-6.9062505,0.092984639108181,0.9922480583190918,0.9678848385810852
YIL118W,YPL206C,0,-6.9069114,0.09297499060630798,0.9922480583190918,0.9679955840110779
YOL002C,YLR003C,0,-6.909741,0.09296534210443497,0.9922480583190918,0.9681063294410706
YDL112W,YIL008W,0,-6.9129505,0.09295570105314255,0.9922480583190918,0.9682170748710632
YDR284C,YGL084C,0,-6.9131384,0.09294606000185013,0.9922480583190918,0.9683278203010559
YPL059W,YLR009W,0,-6.9131927,0.09293641895055771,0.9922480583190918,0.9684385657310486
YLR060W,YDL055C,0,-6.9141345,0.09292677789926529,0.9922480583190918,0.9685492515563965
YGR030C,YJL141C,0,-6.91609,0.09291714429855347,0.9922480583190918,0.9686599969863892
YOR335C,YDL150W,0,-6.9181123,0.09290751069784164,0.9922480583190918,0.9687707424163818
YJL010C,YIL008W,0,-6.92309,0.09289787709712982,0.9922480583190918,0.9688814878463745
YDR085C,YIL103W,0,-6.924264,0.092888243496418,0.9922480583190918,0.9689922332763672
YPR030W,YEL026W,0,-6.9243584,0.09287861734628677,0.9922480583190918,0.9691029787063599
YMR276W,YBL039C,0,-6.9244905,0.09286899119615555,0.9922480583190918,0.9692137241363525
YEL022W,YDL208W,0,-6.9261913,0.09285936504602432,0.9922480583190918,0.9693244695663452
YCR072C,YNR006W,0,-6.9267316,0.0928497388958931,0.9922480583190918,0.9694352149963379
YMR068W,YKL029C,0,-6.9270954,0.09284012019634247,0.9922480583190918,0.9695459604263306
YEL003W,YOR036W,0,-6.927689,0.09283050149679184,0.9922480583190918,0.9696567058563232
YHR052W,YBR283C,0,-6.92954,0.09282088279724121,0.9922480583190918,0.9697674512863159
YOL151W,YBL106C,0,-6.9316726,0.09281127154827118,0.9922480583190918,0.9698781967163086
YNR002C,YDL112W,0,-6.932294,0.09280166029930115,0.9922480583190918,0.9699889421463013
YBR142W,YOR298C-A,0,-6.933378,0.09279204905033112,0.9922480583190918,0.970099687576294
YLL012W,YDL235C,0,-6.9343777,0.09278243780136108,0.9922480583190918,0.9702104330062866
YOR206W,YGL229C,0,-6.934561,0.09277283400297165,0.9922480583190918,0.9703211784362793
YML128C,YDR481C,0,-6.934624,0.09276322275400162,0.9922480583190918,0.9704318642616272
YOR320C,YGL055W,0,-6.9353566,0.09275362640619278,0.9922480583190918,0.9705426096916199
YML080W,YDR143C,0,-6.935468,0.09274402260780334,0.9922480583190918,0.9706533551216125
YAL017W,YDR190C,0,-6.9367485,0.0927344262599945,0.9922480583190918,0.9707641005516052
YLR355C,YHR016C,0,-6.939186,0.09272482991218567,0.9922480583190918,0.9708748459815979
YFR055W,YNL129W,0,-6.9424963,0.09271523356437683,0.9922480583190918,0.9709855914115906
YIL034C,YJL208C,0,-6.9441295,0.092705637216568,0.9922480583190918,0.9710963368415833
YMR167W,YBR066C,0,-6.944894,0.09269604831933975,0.9922480583190918,0.9712070822715759
YGL208W,YDR478W,0,-6.947943,0.09268645942211151,0.9922480583190918,0.9713178277015686
YHR107C,YLR205C,0,-6.950736,0.09267687052488327,0.9922480583190918,0.9714285731315613
YMR197C,YNL045W,0,-6.9524946,0.09266728907823563,0.9922480583190918,0.971539318561554
YHR148W,YAR033W,0,-6.954165,0.09265770763158798,0.9922480583190918,0.9716500639915466
YIL033C,YHR139C,0,-6.9559784,0.09264812618494034,0.9922480583190918,0.9717608094215393
YBR024W,YJL069C,0,-6.9562883,0.0926385447382927,0.9922480583190918,0.971871554851532
YIR010W,YJR145C,0,-6.957321,0.09262897074222565,0.9922480583190918,0.9719823002815247
YGR166W,YPR074C,0,-6.9595976,0.092619389295578,0.9922480583190918,0.9720930457115173
YDR211W,YBR061C,0,-6.9665017,0.09260982275009155,0.9922480583190918,0.97220379114151
YPL224C,YOR206W,0,-6.9684973,0.0926002487540245,0.9922480583190918,0.9723145365715027
YBL078C,YPL177C,0,-6.9685173,0.09259068220853806,0.9922480583190918,0.9724252223968506
YGR123C,YKL080W,0,-6.9689646,0.09258110821247101,0.9922480583190918,0.9725359678268433
YHR197W,YMR313C,0,-6.9717474,0.09257154911756516,0.9922480583190918,0.9726467132568359
YLR219W,YEL026W,0,-6.9720078,0.0925619825720787,0.9922480583190918,0.9727574586868286
YJR119C,YBR260C,0,-6.972171,0.09255242347717285,0.9922480583190918,0.9728682041168213
YIL036W,YOR095C,0,-6.9766607,0.092542864382267,0.9922480583190918,0.972978949546814
YBL102W,YIR026C,0,-6.9775543,0.09253330528736115,0.9922480583190918,0.9730896949768066
YDR118W,YBR183W,0,-6.9777174,0.09252375364303589,0.9922480583190918,0.9732004404067993
YMR182C,YHR197W,0,-6.97876,0.09251419454813004,0.9922480583190918,0.973311185836792
YJL198W,YDR129C,0,-6.9803247,0.09250464290380478,0.9922480583190918,0.9734219312667847
YNL098C,YKL193C,0,-6.980991,0.09249509871006012,0.9922480583190918,0.9735326766967773
YDL200C,YPL171C,0,-6.9827347,0.09248554706573486,0.9922480583190918,0.97364342212677
YNL061W,YBR273C,0,-6.9856567,0.0924760028719902,0.9922480583190918,0.9737541675567627
YLR153C,YLL022C,1,-6.9857225,0.09256965667009354,0.9933554530143738,0.9737541675567627
YDR062W,YOR310C,0,-6.9909506,0.09256010502576828,0.9933554530143738,0.9738649129867554
YJL122W,YCL033C,0,-6.991519,0.09255056083202362,0.9933554530143738,0.973975658416748
YLR411W,YBR221C,0,-6.991599,0.09254100918769836,0.9933554530143738,0.9740864038467407
YNR044W,YPL131W,0,-6.994883,0.0925314649939537,0.9933554530143738,0.9741971492767334
YOR034C,YMR246W,1,-7.0005007,0.09262506663799286,0.9944629073143005,0.9741971492767334
YKL029C,YMR139W,0,-7.000636,0.0926155149936676,0.9944629073143005,0.9743078351020813
YNL009W,YOR004W,0,-7.002549,0.09260596334934235,0.9944629073143005,0.974418580532074
YLR411W,YPR094W,0,-7.0032244,0.09259641170501709,0.9944629073143005,0.9745293259620667
YNL023C,YPL126W,0,-7.003737,0.09258686751127243,0.9944629073143005,0.9746400713920593
YPL131W,YCR061W,0,-7.0041323,0.09257731586694717,0.9944629073143005,0.974750816822052
YNL231C,YHR167W,0,-7.0052943,0.09256777912378311,0.9944629073143005,0.9748615622520447
YPL256C,YDL170W,0,-7.00658,0.09255823493003845,0.9944629073143005,0.9749723076820374
YJL133W,YOL124C,0,-7.010658,0.09254869818687439,0.9944629073143005,0.97508305311203
YOL021C,YDL078C,0,-7.0176706,0.09253916144371033,0.9944629073143005,0.9751937985420227
YNL062C,YGR152C,0,-7.0178947,0.09252962470054626,0.9944629073143005,0.9753045439720154
YHR148W,YDR435C,0,-7.0180426,0.0925200879573822,0.9944629073143005,0.9754152894020081
YNR002C,YDR190C,0,-7.0192213,0.09251055866479874,0.9944629073143005,0.9755260348320007
YPR191W,YPL152W,0,-7.019991,0.09250102937221527,0.9944629073143005,0.9756367802619934
YJL102W,YLL041C,0,-7.024568,0.0924915000796318,0.9944629073143005,0.9757475256919861
YGR177C,YLR335W,0,-7.0268574,0.09248197823762894,0.9944629073143005,0.9758582711219788
YER070W,YKL035W,0,-7.028075,0.09247245639562607,0.9944629073143005,0.9759690165519714
YBL002W,YOL091W,0,-7.03009,0.0924629345536232,0.9944629073143005,0.9760797619819641
YDR171W,YGR141W,0,-7.031403,0.09245341271162033,0.9944629073143005,0.976190447807312
YKL022C,YFL014W,0,-7.0321217,0.09244389832019806,0.9944629073143005,0.9763011932373047
YBR142W,YOR132W,0,-7.032261,0.09243437647819519,0.9944629073143005,0.9764119386672974
YLR192C,YJR019C,0,-7.0340853,0.09242486953735352,0.9944629073143005,0.97652268409729
YMR246W,YLL022C,1,-7.034503,0.09251827001571655,0.9955703020095825,0.97652268409729
YFL050C,YBR072W,0,-7.036296,0.09250874817371368,0.9955703020095825,0.9766334295272827
YDL149W,YNL151C,0,-7.0369067,0.09249922633171082,0.9955703020095825,0.9767441749572754
YNL112W,YHR020W,0,-7.040676,0.09248971194028854,0.9955703020095825,0.9768549203872681
YNL270C,YLL019C,0,-7.0429745,0.09248019754886627,0.9955703020095825,0.9769656658172607
YGL012W,YMR175W,0,-7.0440054,0.092470683157444,0.9955703020095825,0.9770764112472534
YMR014W,YDR489W,0,-7.0477266,0.09246117621660233,0.9955703020095825,0.9771871566772461
YDL213C,YNL186W,0,-7.048922,0.09245166927576065,0.9955703020095825,0.9772979021072388
YFL011W,YOR136W,0,-7.052748,0.09244216233491898,0.9955703020095825,0.9774086475372314
YPL262W,YIL042C,0,-7.053564,0.0924326553940773,0.9955703020095825,0.9775193929672241
YJL124C,YJR007W,0,-7.0564966,0.09242314845323563,0.9955703020095825,0.9776301383972168
YLL060C,YJL148W,0,-7.057008,0.09241364896297455,0.9955703020095825,0.9777408838272095
YBL078C,YGR060W,0,-7.0615754,0.09240414947271347,0.9955703020095825,0.9778516292572021
YBR256C,YMR104C,0,-7.0625253,0.09239465743303299,0.9955703020095825,0.9779623746871948
YAL042W,YDL236W,0,-7.0639133,0.09238515794277191,0.9955703020095825,0.9780730605125427
YMR246W,YLL002W,1,-7.0691466,0.0924784243106842,0.9966777563095093,0.9780730605125427
YLR205C,YHR148W,0,-7.07621,0.09246891736984253,0.9966777563095093,0.9781838059425354
YOR346W,YDR091C,0,-7.076994,0.09245941787958145,0.9966777563095093,0.9782945513725281
YKL150W,YBR231C,0,-7.0772305,0.09244992583990097,0.9966777563095093,0.9784052968025208
YMR041C,YHR148W,0,-7.0809097,0.09244042634963989,0.9966777563095093,0.9785160422325134
YPL006W,YOR230W,0,-7.08179,0.09243093430995941,0.9966777563095093,0.9786267876625061
YBR077C,YBR183W,0,-7.0841074,0.09242144227027893,0.9966777563095093,0.9787375330924988
YPR030W,YLR051C,0,-7.086486,0.09241195023059845,0.9966777563095093,0.9788482785224915
YKR024C,YJR119C,0,-7.0893145,0.09240246564149857,0.9966777563095093,0.9789590239524841
YNL112W,YNL029C,0,-7.089902,0.09239298105239868,0.9966777563095093,0.9790697693824768
YOL010W,YDR489W,0,-7.0910473,0.0923834964632988,0.9966777563095093,0.9791805148124695
YBL042C,YOR307C,0,-7.0984235,0.09237401187419891,0.9966777563095093,0.9792912602424622
YLR238W,YDR495C,0,-7.09867,0.09236453473567963,0.9966777563095093,0.9794020056724548
YER179W,YPL154C,0,-7.0996647,0.09235505759716034,0.9966777563095093,0.9795127511024475
YGL229C,YLR034C,0,-7.1044035,0.09234558045864105,0.9966777563095093,0.9796234965324402
YLR448W,YGR185C,0,-7.1075697,0.09233610332012177,0.9966777563095093,0.9797342419624329
YMR138W,YER006W,0,-7.108493,0.09232663363218307,0.9966777563095093,0.9798449873924255
YLL024C,YFL026W,0,-7.108631,0.09231716394424438,0.9966777563095093,0.9799557328224182
YCR057C,YDR453C,0,-7.1202126,0.0923076942563057,0.9966777563095093,0.9800664186477661
YIL155C,YPR018W,0,-7.120365,0.092298224568367,0.9966777563095093,0.9801771640777588
YLR205C,YDR091C,0,-7.128516,0.09228876233100891,0.9966777563095093,0.9802879095077515
YFR030W,YMR104C,0,-7.1288085,0.09227930009365082,0.9966777563095093,0.9803986549377441
YOR035C,YNL160W,0,-7.129137,0.09226983785629272,0.9966777563095093,0.9805094003677368
YCR012W,YHL025W,0,-7.130373,0.09226037561893463,0.9966777563095093,0.9806201457977295
YLR197W,YML055W,0,-7.132284,0.09225092083215714,0.9966777563095093,0.9807308912277222
YMR015C,YPL203W,0,-7.133412,0.09224146604537964,0.9966777563095093,0.9808416366577148
YDR331W,YNR015W,0,-7.142377,0.09223201125860214,0.9966777563095093,0.9809523820877075
YMR029C,YDR165W,0,-7.1472063,0.09222256392240524,0.9966777563095093,0.9810631275177002
YMR301C,YHR196W,0,-7.148733,0.09221311658620834,0.9966777563095093,0.9811738729476929
YOR310C,YGR070W,0,-7.1521864,0.09220366925001144,0.9966777563095093,0.9812846183776855
YMR211W,YLR435W,0,-7.154167,0.09219422191381454,0.9966777563095093,0.9813953638076782
YPL240C,YEL062W,0,-7.15862,0.09218478202819824,0.9966777563095093,0.9815061092376709
YDR037W,YBL035C,0,-7.1648016,0.09217533469200134,0.9966777563095093,0.9816168546676636
YGR264C,YLR448W,0,-7.1656475,0.09216590225696564,0.9966777563095093,0.9817276000976562
YGR268C,YLR260W,0,-7.165822,0.09215646237134933,0.9966777563095093,0.9818383455276489
YDR093W,YJL148W,0,-7.1658487,0.09214702248573303,0.9966777563095093,0.9819490313529968
YER142C,YOR230W,0,-7.170688,0.09213759005069733,0.9966777563095093,0.9820597767829895
YDR122W,YGR123C,0,-7.1722913,0.09212815761566162,0.9966777563095093,0.9821705222129822
YLR401C,YML097C,0,-7.173498,0.09211873263120651,0.9966777563095093,0.9822812676429749
YGL236C,YPL211W,0,-7.1757717,0.0921093001961708,0.9966777563095093,0.9823920130729675
YBR072W,YKL166C,0,-7.177497,0.0920998752117157,0.9966777563095093,0.9825027585029602
YPR190C,YDL064W,0,-7.177609,0.09209045022726059,0.9966777563095093,0.9826135039329529
YCR057C,YBR024W,0,-7.1823454,0.09208103269338608,0.9966777563095093,0.9827242493629456
YEL036C,YBR169C,0,-7.186798,0.09207160770893097,0.9966777563095093,0.9828349947929382
YPR144C,YDR281C,0,-7.1902776,0.09206219017505646,0.9966777563095093,0.9829457402229309
YNL111C,YNL160W,0,-7.1934605,0.09205278009176254,0.9966777563095093,0.9830564856529236
YML062C,YIR026C,0,-7.19439,0.09204336255788803,0.9966777563095093,0.9831672310829163
YNR002C,YOR162C,0,-7.195955,0.09203395247459412,0.9966777563095093,0.9832779765129089
YMR041C,YAL035W,0,-7.198329,0.0920245423913002,0.9966777563095093,0.9833887219429016
YDR101C,YOR269W,0,-7.200756,0.09201513230800629,0.9966777563095093,0.9834994673728943
YJR070C,YJL025W,0,-7.2025766,0.09200572222471237,0.9966777563095093,0.983610212802887
YDR037W,YCL054W,0,-7.2053156,0.09199631959199905,0.9966777563095093,0.9837209582328796
YCL059C,YDL225W,0,-7.2057385,0.09198691695928574,0.9966777563095093,0.9838316440582275
YDR101C,YBL042C,0,-7.2081785,0.09197751432657242,0.9966777563095093,0.9839423894882202
YJL122W,YFR008W,0,-7.208905,0.0919681191444397,0.9966777563095093,0.9840531349182129
YLR175W,YIL035C,0,-7.2098355,0.09195872396230698,0.9966777563095093,0.9841638803482056
YDR258C,YHR124W,0,-7.210799,0.09194932878017426,0.9966777563095093,0.9842746257781982
YHR089C,YLR008C,0,-7.2126374,0.09193993359804153,0.9966777563095093,0.9843853712081909
YLR069C,YGL068W,0,-7.222701,0.09193053841590881,0.9966777563095093,0.9844961166381836
YLR103C,YJR145C,0,-7.2237644,0.09192115068435669,0.9966777563095093,0.9846068620681763
YMR150C,YOR340C,0,-7.230608,0.09191176295280457,0.9966777563095093,0.984717607498169
YPL203W,YIL077C,0,-7.2313137,0.09190238267183304,0.9966777563095093,0.9848283529281616
YBR171W,YNL160W,0,-7.232463,0.09189299494028091,0.9966777563095093,0.9849390983581543
YNL220W,YHR089C,0,-7.2328653,0.09188361465930939,0.9966777563095093,0.985049843788147
YNL223W,YDL213C,0,-7.233653,0.09187423437833786,0.9966777563095093,0.9851605892181396
YGR088W,YKL191W,0,-7.2436056,0.09186485409736633,0.9966777563095093,0.9852713346481323
YBR169C,YNL273W,0,-7.2561083,0.0918554812669754,0.9966777563095093,0.985382080078125
YMR211W,YOR272W,0,-7.2571073,0.09184610843658447,0.9966777563095093,0.9854928255081177
YGL035C,YBR183W,0,-7.264144,0.09183673560619354,0.9966777563095093,0.9856035709381104
YPL086C,YBL035C,0,-7.264492,0.09182736277580261,0.9966777563095093,0.9857142567634583
YLR153C,YCL010C,1,-7.2647667,0.09192001819610596,0.9977851510047913,0.9857142567634583
YJL014W,YGL111W,0,-7.266732,0.09191063791513443,0.9977851510047913,0.9858250021934509
YBR026C,YHR160C,0,-7.2671256,0.0919012650847435,0.9977851510047913,0.9859357476234436
YDL022W,YER165W,0,-7.284387,0.09189189225435257,0.9977851510047913,0.9860464930534363
YCL059C,YOR216C,0,-7.2861114,0.09188251942396164,0.9977851510047913,0.986157238483429
YBR183W,YGL255W,0,-7.287233,0.0918731540441513,0.9977851510047913,0.9862679839134216
YJR078W,YGR070W,0,-7.2880564,0.09186378121376038,0.9977851510047913,0.9863787293434143
YJR031C,YLR048W,0,-7.2914677,0.09185441583395004,0.9977851510047913,0.986489474773407
YBR145W,YJL048C,0,-7.300622,0.0918450579047203,0.9977851510047913,0.9866002202033997
YJL133W,YNL110C,0,-7.3067036,0.09183569252490997,0.9977851510047913,0.9867109656333923
YER073W,YGL078C,0,-7.318305,0.09182633459568024,0.9977851510047913,0.986821711063385
YBL045C,YNL160W,0,-7.3194547,0.0918169766664505,0.9977851510047913,0.9869324564933777
YOR340C,YDR489W,0,-7.320697,0.09180761873722076,0.9977851510047913,0.9870432019233704
YOR243C,YGL208W,0,-7.3229156,0.09179826825857162,0.9977851510047913,0.987153947353363
YKL110C,YLR249W,0,-7.3388414,0.09178891777992249,0.9977851510047913,0.9872646927833557
YOR188W,YDL213C,0,-7.3399186,0.09177956730127335,0.9977851510047913,0.9873754382133484
YPR135W,YBR183W,0,-7.340808,0.0917702168226242,0.9977851510047913,0.9874861836433411
YDR021W,YLR335W,0,-7.3449364,0.09176087379455566,0.9977851510047913,0.987596869468689
YNL164C,YKR056W,0,-7.353527,0.09175153076648712,0.9977851510047913,0.9877076148986816
YIR012W,YDR297W,0,-7.360365,0.09174218773841858,0.9977851510047913,0.9878183603286743
YOR281C,YML073C,0,-7.3605247,0.09173284471035004,0.9977851510047913,0.987929105758667
YHR021C,YGR152C,0,-7.3675776,0.09172350913286209,0.9977851510047913,0.9880398511886597
YNR002C,YGR085C,0,-7.368004,0.09171416610479355,0.9977851510047913,0.9881505966186523
YGL062W,YMR175W,0,-7.3686166,0.0917048379778862,0.9977851510047913,0.988261342048645
YBL078C,YGR083C,0,-7.3752537,0.09169550240039825,0.9977851510047913,0.9883720874786377
YKR024C,YOR347C,0,-7.383025,0.0916861742734909,0.9977851510047913,0.9884828329086304
YKL172W,YHL036W,0,-7.384087,0.09167683869600296,0.9977851510047913,0.988593578338623
YDR075W,YPR132W,0,-7.387743,0.09166751801967621,0.9977851510047913,0.9887043237686157
YJL145W,YKL166C,0,-7.3884087,0.09165818989276886,0.9977851510047913,0.9888150691986084
YOR036W,YHL011C,0,-7.395282,0.09164886921644211,0.9977851510047913,0.9889258146286011
YOR100C,YLR197W,0,-7.413178,0.09163954108953476,0.9977851510047913,0.9890365600585938
YGR280C,YKR057W,0,-7.4145164,0.0916302278637886,0.9977851510047913,0.9891473054885864
YBL069W,YKR057W,0,-7.4253683,0.09162090718746185,0.9977851510047913,0.9892580509185791
YGR078C,YBR154C,0,-7.429454,0.0916115939617157,0.9977851510047913,0.9893687963485718
YDR021W,YPR033C,0,-7.4339547,0.09160228073596954,0.9977851510047913,0.9894795417785645
YOL021C,YBR154C,0,-7.4396276,0.09159296751022339,0.9977851510047913,0.9895902276039124
YOR031W,YLR197W,0,-7.441583,0.09158365428447723,0.9977851510047913,0.989700973033905
YLR002C,YKL193C,0,-7.4485364,0.09157434850931168,0.9977851510047913,0.9898117184638977
YLR186W,YML120C,0,-7.4587607,0.09156504273414612,0.9977851510047913,0.9899224638938904
YJL050W,YLL012W,0,-7.4610124,0.09155573695898056,0.9977851510047913,0.9900332093238831
YMR290C,YHR163W,0,-7.4612503,0.091546431183815,0.9977851510047913,0.9901439547538757
YDL040C,YLR195C,1,-7.471379,0.0916387289762497,0.998892605304718,0.9901439547538757
YJL184W,YGL111W,0,-7.476542,0.09162941575050354,0.998892605304718,0.9902547001838684
YAL054C,YER015W,1,-7.485158,0.09172168374061584,1.0,0.9902547001838684
YOL094C,YDR087C,0,-7.495284,0.09171237051486969,1.0,0.9903654456138611
YBR072W,YKL085W,0,-7.4969864,0.09170305728912354,1.0,0.9904761910438538
YCR034W,YJR145C,0,-7.497549,0.09169374406337738,1.0,0.9905869364738464
YJL050W,YGR118W,0,-7.5072713,0.09168443828821182,1.0,0.9906976819038391
YLR109W,YGR239C,0,-7.5088835,0.09167512506246567,1.0,0.9908084273338318
YGR078C,YGL171W,0,-7.509021,0.09166581928730011,1.0,0.9909191727638245
YER174C,YGL246C,0,-7.521307,0.09165651351213455,1.0,0.9910299181938171
YLR216C,YPL119C,0,-7.524571,0.09164721518754959,1.0,0.9911406636238098
YHR019C,YMR142C,0,-7.5267887,0.09163791686296463,1.0,0.9912514090538025
YDR473C,YIL119C,0,-7.5369773,0.09162861853837967,1.0,0.9913621544837952
YGR155W,YGR159C,0,-7.5389233,0.09161932021379471,1.0,0.9914728403091431
YFR055W,YML093W,0,-7.540793,0.09161002188920975,1.0,0.9915835857391357
YCR072C,YJL141C,0,-7.5535274,0.09160073101520538,1.0,0.9916943311691284
YPR132W,YLL012W,0,-7.5574994,0.09159144014120102,1.0,0.9918050765991211
YKR063C,YKR081C,0,-7.5590377,0.09158214926719666,1.0,0.9919158220291138
YML113W,YDR091C,0,-7.5606494,0.09157286584377289,1.0,0.9920265674591064
YBR072W,YML120C,0,-7.56421,0.09156357496976852,1.0,0.9921373128890991
YFL023W,YOR243C,0,-7.5684586,0.09155429154634476,1.0,0.9922480583190918
YBR091C,YEL026W,0,-7.585516,0.09154501557350159,1.0,0.9923588037490845
YNL061W,YBR172C,0,-7.593602,0.09153573215007782,1.0,0.9924695491790771
YKR081C,YPL144W,0,-7.596839,0.09152645617723465,1.0,0.9925802946090698
YIL131C,YBL039C,0,-7.6010494,0.09151718020439148,1.0,0.9926910400390625
YBR091C,YKL056C,0,-7.6105213,0.09150790423154831,1.0,0.9928017854690552
YOR168W,YML093W,0,-7.617523,0.09149863570928574,1.0,0.9929125308990479
YDR171W,YLL034C,0,-7.6233826,0.09148935973644257,1.0,0.9930232763290405
YJR097W,YGL169W,0,-7.6242847,0.09148009121417999,1.0,0.9931340217590332
YGR083C,YNL153C,0,-7.6246057,0.09147083014249802,1.0,0.9932447671890259
YER126C,YFL045C,0,-7.636831,0.09146156162023544,1.0,0.9933554530143738
YNL164C,YPR112C,0,-7.6734467,0.09145230054855347,1.0,0.9934661984443665
YJL122W,YOR168W,0,-7.6778736,0.09144303947687149,1.0,0.9935769438743591
YGR078C,YMR229C,0,-7.686713,0.09143377840518951,1.0,0.9936876893043518
YBR106W,YPR187W,0,-7.691955,0.09142452478408813,1.0,0.9937984347343445
YPL160W,YER082C,0,-7.704584,0.09141526371240616,1.0,0.9939091801643372
YGR088W,YAR008W,0,-7.723571,0.09140601009130478,1.0,0.9940199255943298
YOR001W,YIL008W,0,-7.7276726,0.091396763920784,1.0,0.9941306710243225
YHR081W,YOR347C,0,-7.7453647,0.09138751029968262,1.0,0.9942414164543152
YJR083C,YLR270W,0,-7.753786,0.09137826412916183,1.0,0.9943521618843079
YIL118W,YML093W,0,-7.766833,0.09136901795864105,1.0,0.9944629073143005
YCL040W,YGR030C,0,-7.783705,0.09135977178812027,1.0,0.9945736527442932
YNL111C,YAL025C,0,-7.790902,0.09135053306818008,1.0,0.9946843981742859
YPL265W,YML091C,0,-7.7921133,0.0913412943482399,1.0,0.9947951436042786
YDR022C,YBR072W,0,-7.8007336,0.09133205562829971,1.0,0.9949058890342712
YBR142W,YHR167W,0,-7.8105693,0.09132281690835953,1.0,0.9950166344642639
YML113W,YBR142W,0,-7.8180313,0.09131357818841934,1.0,0.9951273798942566
YBL024W,YOR224C,0,-7.846816,0.09130434691905975,1.0,0.9952380657196045
YLR270W,YJR002W,0,-7.8495765,0.09129511564970016,1.0,0.9953488111495972
YGR185C,YDR398W,0,-7.8507757,0.09128588438034058,1.0,0.9954595565795898
YPL043W,YIL017C,0,-7.857317,0.09127666056156158,1.0,0.9955703020095825
YBR132C,YLR270W,0,-7.8646936,0.09126743674278259,1.0,0.9956810474395752
YER110C,YIL008W,0,-7.8916125,0.0912582129240036,1.0,0.9957917928695679
YOR335C,YJL109C,0,-7.8942766,0.09124898910522461,1.0,0.9959025382995605
YDR021W,YKL035W,0,-7.897005,0.09123977273702621,1.0,0.9960132837295532
YKL081W,YOR297C,0,-7.9067297,0.09123054891824722,1.0,0.9961240291595459
YDR085C,YBL075C,0,-7.9119496,0.09122133255004883,1.0,0.9962347745895386
YGL111W,YHR016C,0,-7.9142694,0.09121212363243103,1.0,0.9963455200195312
YOR236W,YKR056W,0,-7.9221706,0.09120290726423264,1.0,0.9964562654495239
YCL025C,YLR023C,0,-7.92519,0.09119369834661484,1.0,0.9965670108795166
YLR270W,YBR079C,0,-7.9319687,0.09118448942899704,1.0,0.9966777563095093
YMR229C,YIL017C,0,-7.9495583,0.09117528051137924,1.0,0.996788501739502
YDR101C,YGR177C,0,-7.9818335,0.09116607904434204,1.0,0.9968992471694946
YGL029W,YNL111C,0,-7.986068,0.09115687757730484,1.0,0.9970099925994873
YBR199W,YGL037C,0,-7.9916205,0.09114767611026764,1.0,0.99712073802948
YDR037W,YJL198W,0,-8.027528,0.09113847464323044,1.0,0.9972314238548279
YHR036W,YLR264W,0,-8.0362,0.09112927317619324,1.0,0.9973421692848206
YBR155W,YNR015W,0,-8.070751,0.09112007915973663,1.0,0.9974529147148132
YBR212W,YBL039C,0,-8.078903,0.09111088514328003,1.0,0.9975636601448059
YKL191W,YBR061C,0,-8.104197,0.09110169857740402,1.0,0.9976744055747986
YMR173W,YDR083W,0,-8.113694,0.09109250456094742,1.0,0.9977851510047913
YOR056C,YLR372W,0,-8.133423,0.09108331799507141,1.0,0.9978958964347839
YOL061W,YPR163C,0,-8.142322,0.0910741314291954,1.0,0.9980066418647766
YGR280C,YML014W,0,-8.166189,0.0910649448633194,1.0,0.9981173872947693
YBR072W,YNL182C,0,-8.243519,0.09105576574802399,1.0,0.998228132724762
YMR250W,YDR096W,0,-8.308536,0.09104657918214798,1.0,0.9983388781547546
YNL123W,YCR057C,0,-8.317114,0.09103740006685257,1.0,0.9984496235847473
YEL060C,YGL053W,0,-8.402745,0.09102822840213776,1.0,0.99856036901474
YIL103W,YKL021C,0,-8.437082,0.09101904928684235,1.0,0.9986711144447327
YMR229C,YBR061C,0,-8.490319,0.09100987762212753,1.0,0.9987818598747253
YCL059C,YOL061W,0,-8.493483,0.09100070595741272,1.0,0.998892605304718
YGR200C,YJL098W,0,-8.54797,0.0909915342926979,1.0,0.9990033507347107
YER006W,YJL190C,0,-8.583361,0.09098237007856369,1.0,0.9991140365600586
YHR052W,YKR079C,0,-8.6847725,0.09097319841384888,1.0,0.9992247819900513
YGR088W,YOR347C,0,-8.875065,0.09096403419971466,1.0,0.999335527420044
YBR155W,YPL212C,0,-8.915697,0.09095487743616104,1.0,0.9994462728500366
YNL112W,YJL198W,0,-9.12643,0.09094571322202682,1.0,0.9995570182800293
YBR155W,YDL148C,0,-9.419852,0.0909365564584732,1.0,0.999667763710022
YBR155W,YJR097W,0,-9.472424,0.09092739969491959,1.0,0.9997785091400146
YLL026W,YPL123C,0,-9.806564,0.09091824293136597,1.0,0.9998892545700073
YGL078C,YBL039C,0,-11.214596,0.09090909361839294,1.0,1.0
