Gene A,Gene B,Label,Score,Precision,Recall,False Positive Rate
YLR344W,YLL045C,1,16.599314,1.0,0.0009920635493472219,0.0
YLR448W,YOL121C,1,15.646939,1.0,0.0019841270986944437,0.0
YHL033C,YLR344W,1,15.512096,1.0,0.0029761905316263437,0.0
YEL054C,YOR293W,1,15.20149,1.0,0.003968254197388887,0.0
YMR142C,YLR441C,1,15.038213,1.0,0.004960317630320787,0.0
YLR448W,YHR010W,1,15.007011,1.0,0.0059523810632526875,0.0
YHL033C,YGR148C,1,14.76631,1.0,0.0069444444961845875,0.0
YIL052C,YML024W,1,14.669165,1.0,0.007936508394777775,0.0
YER102W,YLL045C,1,14.488389,1.0,0.008928571827709675,0.0
YLL045C,YBL072C,1,14.438381,1.0,0.009920635260641575,0.0
YMR242C,YLR344W,1,14.419267,1.0,0.010912698693573475,0.0
YNL096C,YJL177W,1,14.390059,1.0,0.011904762126505375,0.0
YIL052C,YOR234C,1,14.353182,1.0,0.012896825559437275,0.0
YIL133C,YLR441C,1,14.32335,1.0,0.013888888992369175,0.0
YJL190C,YLR441C,1,14.186234,1.0,0.014880952425301075,0.0
YLL045C,YDR450W,1,14.155123,1.0,0.01587301678955555,0.0
YMR142C,YGR148C,1,14.124313,1.0,0.01686508022248745,0.0
YGR148C,YML073C,1,14.12092,1.0,0.01785714365541935,0.0
YIL052C,YDL061C,1,13.941188,1.0,0.01884920708835125,0.0
YBL027W,YER131W,1,13.826896,1.0,0.01984127052128315,0.0
YLR344W,YLR333C,1,13.780296,1.0,0.02083333395421505,0.0
YJL190C,YGL103W,1,13.67001,1.0,0.02182539738714695,0.0
YLR367W,YPL131W,1,13.650528,1.0,0.02281746082007885,0.0
YLR325C,YLL045C,1,13.607172,1.0,0.02380952425301075,0.0
YBR191W,YMR142C,1,13.503703,1.0,0.02480158768594265,0.0
YPR043W,YLR388W,1,13.477913,1.0,0.02579365111887455,0.0
YLR367W,YBR048W,1,13.453484,1.0,0.02678571455180645,0.0
YIL052C,YOL121C,1,13.4293,1.0,0.02777777798473835,0.0
YLR367W,YNL302C,1,13.412158,1.0,0.02876984141767025,0.0
YLR344W,YGL030W,1,13.40058,1.0,0.02976190485060215,0.0
YIL052C,YPL131W,1,13.394526,1.0,0.03075396828353405,0.0
YPL131W,YGR148C,1,13.393919,1.0,0.0317460335791111,0.0
YBR084C-A,YLR344W,1,13.31672,1.0,0.032738097012043,0.0
YOL121C,YLR333C,1,13.307413,1.0,0.0337301604449749,0.0
YGR214W,YGL030W,1,13.219833,1.0,0.0347222238779068,0.0
YLR061W,YJL177W,1,13.189188,1.0,0.0357142873108387,0.0
YMR242C,YBL027W,1,13.166931,1.0,0.0367063507437706,0.0
YBL027W,YMR142C,1,13.164816,1.0,0.0376984141767025,0.0
YIL052C,YGR214W,1,13.140834,1.0,0.0386904776096344,0.0
YOL040C,YNL067W,1,13.111567,1.0,0.0396825410425663,0.0
YLR325C,YMR142C,1,13.092361,1.0,0.0406746044754982,0.0
YDR450W,YJL177W,1,13.0784645,1.0,0.0416666679084301,0.0
YCR031C,YLR344W,1,13.066537,1.0,0.042658731341362,0.0
YOR361C,YLR344W,1,13.049448,1.0,0.0436507947742939,0.0
YNL178W,YGR085C,1,13.043162,1.0,0.0446428582072258,0.0
YGR085C,YDL061C,1,13.042397,1.0,0.0456349216401577,0.0
YHR010W,YOR096W,1,13.019191,1.0,0.0466269850730896,0.0
YGR162W,YJL177W,1,13.005449,1.0,0.0476190485060215,0.0
YDL083C,YBL027W,1,12.965113,1.0,0.0486111119389534,0.0
YJL190C,YOL039W,1,12.897459,1.0,0.0496031753718853,0.0
YER102W,YOR234C,1,12.87746,1.0,0.0505952388048172,0.0
YEL054C,YLR048W,1,12.8580065,1.0,0.0515873022377491,0.0
YLR367W,YML073C,1,12.840037,1.0,0.052579365670681,0.0
YPR102C,YLR325C,1,12.837894,1.0,0.0535714291036129,0.0
YBL072C,YHL033C,1,12.822116,1.0,0.0545634925365448,0.0
YNL162W,YHL033C,1,12.808151,1.0,0.0555555559694767,0.0
YBL027W,YOL040C,1,12.793329,1.0,0.0565476194024086,0.0
YHR010W,YJR145C,1,12.76416,1.0,0.0575396828353405,0.0
YOR096W,YML073C,1,12.756886,1.0,0.0585317462682724,0.0
YGR085C,YML026C,1,12.739286,1.0,0.0595238097012043,0.0
YOL040C,YGR148C,1,12.701362,1.0,0.0605158731341362,0.0
YER056C-A,YOR234C,1,12.70109,1.0,0.0615079365670681,0.0
YLR367W,YGL030W,1,12.683938,1.0,0.0625,0.0
YIL133C,YCR031C,1,12.682431,1.0,0.0634920671582222,0.0
YJL190C,YOL040C,1,12.675364,1.0,0.0644841268658638,0.0
YLR185W,YJL177W,1,12.659038,1.0,0.065476194024086,0.0
YBR084C-A,YGR148C,1,12.647812,1.0,0.0664682537317276,0.0
YKL180W,YJL177W,1,12.647611,1.0,0.0674603208899498,0.0
YLR029C,YJL177W,1,12.638632,1.0,0.0684523805975914,0.0
YER117W,YER102W,1,12.629316,1.0,0.0694444477558136,0.0
YLR448W,YNL096C,1,12.621288,1.0,0.0704365074634552,0.0
YER131W,YGR027C,1,12.6195965,1.0,0.0714285746216774,0.0
YPL220W,YPL090C,1,12.616216,1.0,0.072420634329319,0.0
YPR043W,YIL018W,1,12.609755,1.0,0.0734127014875412,0.0
YPR043W,YML024W,1,12.578552,1.0,0.0744047611951828,0.0
YPL143W,YHL001W,1,12.566273,1.0,0.075396828353405,0.0
YHR010W,YDR447C,1,12.564495,1.0,0.0763888880610466,0.0
YKR094C,YPL131W,1,12.543913,1.0,0.0773809552192688,0.0
YMR242C,YPL198W,1,12.5343275,1.0,0.0783730149269104,0.0
YLR061W,YLR048W,1,12.511454,1.0,0.0793650820851326,0.0
YGR162W,YML026C,1,12.509033,1.0,0.0803571417927742,0.0
YHR203C,YLR441C,1,12.50051,1.0,0.0813492089509964,0.0
YBR191W,YEL054C,1,12.474793,1.0,0.082341268658638,0.0
YER117W,YGR148C,1,12.472737,1.0,0.0833333358168602,0.0
YIL052C,YPL081W,1,12.470351,1.0,0.0843253955245018,0.0
YMR242C,YJL190C,1,12.446966,1.0,0.085317462682724,0.0
YMR242C,YGR214W,1,12.436285,1.0,0.0863095223903656,0.0
YHR010W,YOR361C,1,12.423544,1.0,0.0873015895485878,0.0
YBL027W,YPL131W,1,12.410365,1.0,0.0882936492562294,0.0
YIL018W,YLL045C,1,12.409817,1.0,0.0892857164144516,0.0
YOL039W,YJL177W,1,12.4048195,1.0,0.0902777761220932,0.0
YMR143W,YLL045C,1,12.38612,1.0,0.0912698432803154,0.0
YJL177W,YOR312C,1,12.371134,1.0,0.092261902987957,0.0
YCR031C,YER131W,1,12.362792,1.0,0.0932539701461792,0.0
YER056C-A,YHL033C,1,12.302984,1.0,0.0942460298538208,0.0
YNL162W,YDR471W,1,12.28314,1.0,0.095238097012043,0.0
YMR242C,YNL096C,1,12.281591,1.0,0.0962301567196846,0.0
YMR142C,YLR048W,1,12.274408,1.0,0.0972222238779068,0.0
YDL130W,YLR448W,1,12.26618,1.0,0.0982142835855484,0.0
YOR369C,YNL096C,1,12.2582035,1.0,0.0992063507437706,0.0
YOL039W,YML026C,1,12.252673,1.0,0.1001984104514122,0.0
YDR471W,YBL027W,1,12.237026,1.0,0.1011904776096344,0.0
YHR203C,YLR448W,1,12.2330475,1.0,0.102182537317276,0.0
YKR094C,YML063W,1,12.198042,1.0,0.1031746044754982,0.0
YOR234C,YDR450W,1,12.191061,1.0,0.1041666641831398,0.0
YIL133C,YLR048W,1,12.171878,1.0,0.105158731341362,0.0
YBR048W,YLR441C,1,12.152475,1.0,0.1061507910490036,0.0
YJR145C,YDR447C,1,12.116676,1.0,0.1071428582072258,0.0
YGR034W,YGL031C,1,12.103811,1.0,0.1081349179148674,0.0
YDR064W,YMR142C,1,12.102531,1.0,0.1091269850730896,0.0
YIL133C,YGL103W,1,12.097355,1.0,0.1101190447807312,0.0
YBL087C,YPL249C-A,1,12.046587,1.0,0.1111111119389534,0.0
YJL136C,YJL177W,1,12.046159,1.0,0.112103171646595,0.0
YER131W,YLR048W,1,12.04037,1.0,0.1130952388048172,0.0
YLR061W,YDL061C,1,12.034748,1.0,0.1140872985124588,0.0
YKR057W,YDR450W,1,12.034331,1.0,0.115079365670681,0.0
YGR148C,YDR447C,1,12.031785,1.0,0.1160714253783226,0.0
YDL083C,YGL031C,1,12.012856,1.0,0.1170634925365448,0.0
YBR084C-A,YPL090C,1,11.991252,1.0,0.1180555522441864,0.0
YGR214W,YDL082W,1,11.979129,1.0,0.1190476194024086,0.0
YOL121C,YLR167W,1,11.962334,1.0,0.1200396791100502,0.0
YDL083C,YGL030W,1,11.954874,1.0,0.1210317462682724,0.0
YKL006W,YGL031C,1,11.934618,1.0,0.122023805975914,0.0
YDL083C,YMR309C,1,11.932361,1.0,0.1230158731341362,0.0
YGL076C,YDL130W,1,11.91734,1.0,0.1240079328417778,0.0
YFR031C-A,YBL072C,1,11.913362,1.0,0.125,0.0
YDR471W,YLR029C,1,11.907208,1.0,0.1259920597076416,0.0
YOL039W,YPL143W,1,11.895037,1.0,0.1269841343164444,0.0
YGR214W,YGR148C,1,11.891014,1.0,0.127976194024086,0.0
YKR057W,YNL067W,1,11.886635,1.0,0.1289682537317276,0.0
YPL131W,YJL136C,1,11.8865185,1.0,0.1299603134393692,0.0
YLL045C,YJR094W-A,1,11.872631,1.0,0.130952388048172,0.0
YNL162W,YPL081W,1,11.871597,1.0,0.1319444477558136,0.0
YGL147C,YPL143W,1,11.812348,1.0,0.1329365074634552,0.0
YER056C-A,YBL027W,1,11.793053,1.0,0.1339285671710968,0.0
YGR034W,YLR388W,1,11.782951,1.0,0.1349206417798996,0.0
YMR242C,YNL067W,1,11.762098,1.0,0.1359127014875412,0.0
YNL178W,YIL052C,1,11.736408,1.0,0.1369047611951828,0.0
YDR418W,YOL121C,1,11.719052,1.0,0.1378968209028244,0.0
YCR031C,YNL067W,1,11.715006,1.0,0.1388888955116272,0.0
YMR242C,YPR043W,1,11.705807,1.0,0.1398809552192688,0.0
YOR234C,YNL067W,1,11.70413,1.0,0.1408730149269104,0.0
YPL220W,YER131W,1,11.6966095,1.0,0.141865074634552,0.0
YDR447C,YOR312C,1,11.67016,1.0,0.1428571492433548,0.0
YER117W,YLR333C,1,11.655249,1.0,0.1438492089509964,0.0
YGR214W,YOR312C,1,11.653972,1.0,0.144841268658638,0.0
YPL249C-A,YDL082W,1,11.637587,1.0,0.1458333283662796,0.0
YDL061C,YPL090C,1,11.621933,1.0,0.1468254029750824,0.0
YER117W,YML073C,1,11.592304,1.0,0.147817462682724,0.0
YBR191W,YPL090C,1,11.5914345,1.0,0.1488095223903656,0.0
YPR102C,YPL079W,1,11.584118,1.0,0.1498015820980072,0.0
YLR264W,YML073C,1,11.581104,1.0,0.15079365670681,0.0
YNL162W,YLR333C,1,11.579909,1.0,0.1517857164144516,0.0
YLR448W,YDL081C,1,11.576609,1.0,0.1527777761220932,0.0
YGR148C,YNL067W,1,11.56353,1.0,0.1537698358297348,0.0
YLR367W,YGR214W,1,11.560564,1.0,0.1547619104385376,0.0
YGR034W,YLR185W,1,11.557405,1.0,0.1557539701461792,0.0
YEL054C,YIL148W,1,11.556115,1.0,0.1567460298538208,0.0
YDL083C,YML063W,1,11.535352,1.0,0.1577380895614624,0.0
YGL076C,YJR145C,1,11.532053,1.0,0.1587301641702652,0.0
YBL087C,YLR333C,1,11.51017,1.0,0.1597222238779068,0.0
YER102W,YDR382W,1,11.503223,1.0,0.1607142835855484,0.0
YNL301C,YOR234C,1,11.444078,1.0,0.16170634329319,0.0
YDR418W,YMR142C,1,11.442673,1.0,0.1626984179019928,0.0
YBR048W,YIL018W,1,11.43791,1.0,0.1636904776096344,0.0
YPL143W,YPL249C-A,1,11.431696,1.0,0.164682537317276,0.0
YNL178W,YJL190C,1,11.422735,1.0,0.1656745970249176,0.0
YDL130W,YGR027C,1,11.408052,1.0,0.1666666716337204,0.0
YDR012W,YER131W,1,11.396013,1.0,0.167658731341362,0.0
YDR012W,YPL198W,1,11.388184,1.0,0.1686507910490036,0.0
YDL136W,YGL103W,1,11.361421,1.0,0.1696428507566452,0.0
YLR061W,YGL030W,1,11.349152,1.0,0.170634925365448,0.0
YIL133C,YJL189W,1,11.3364105,1.0,0.1716269850730896,0.0
YDL083C,YHR021C,1,11.334437,1.0,0.1726190447807312,0.0
YBR048W,YLR061W,1,11.334414,1.0,0.1736111044883728,0.0
YGL103W,YIL018W,1,11.32861,1.0,0.1746031790971756,0.0
YBR048W,YGL031C,1,11.301237,1.0,0.1755952388048172,0.0
YLR367W,YHL033C,1,11.290331,1.0,0.1765872985124588,0.0
YDL083C,YPL220W,1,11.280641,1.0,0.1775793582201004,0.0
YIL133C,YOR361C,1,11.280121,1.0,0.1785714328289032,0.0
YHR203C,YOR234C,1,11.269831,1.0,0.1795634925365448,0.0
YER102W,YIL148W,1,11.235495,1.0,0.1805555522441864,0.0
YER117W,YPL131W,1,11.219681,1.0,0.181547611951828,0.0
YHR203C,YDR012W,1,11.216887,1.0,0.1825396865606308,0.0
YLR340W,YGL031C,1,11.216188,1.0,0.1835317462682724,0.0
YDR418W,YJR094W-A,1,11.202602,1.0,0.184523805975914,0.0
YDR012W,YPL220W,1,11.155945,1.0,0.1855158656835556,0.0
YHL033C,YKL006W,1,11.155539,1.0,0.1865079402923584,0.0
YNL096C,YDR429C,1,11.143801,1.0,0.1875,0.0
YNL301C,YPL131W,1,11.143196,1.0,0.1884920597076416,0.0
YMR143W,YOR234C,1,11.1381,1.0,0.1894841343164444,0.0
YFL034C-A,YOL040C,1,11.13036,1.0,0.190476194024086,0.0
YKL006W,YOR293W,1,11.127523,1.0,0.1914682537317276,0.0
YDR012W,YLR333C,1,11.123339,1.0,0.1924603134393692,0.0
YCR031C,YDL081C,1,11.115969,1.0,0.193452388048172,0.0
YKL056C,YGR085C,1,11.109753,1.0,0.1944444477558136,0.0
YNL096C,YJR145C,1,11.098845,1.0,0.1954365074634552,0.0
YDL075W,YOL121C,1,11.086763,1.0,0.1964285671710968,0.0
YIL018W,YGL031C,1,11.083952,1.0,0.1974206417798996,0.0
YKL056C,YOR293W,1,11.082052,1.0,0.1984127014875412,0.0
YLR029C,YML024W,1,11.073049,1.0,0.1994047611951828,0.0
YBR048W,YPL081W,1,11.056463,1.0,0.2003968209028244,0.0
YPR041W,YIL052C,1,11.044908,1.0,0.2013888955116272,0.0
YHR010W,YDR500C,1,11.0403385,1.0,0.2023809552192688,0.0
YNL301C,YDR012W,1,11.039864,1.0,0.2033730149269104,0.0
YLR367W,YDL061C,1,11.036989,1.0,0.204365074634552,0.0
YLR287C-A,YHL033C,1,11.032174,1.0,0.2053571492433548,0.0
YDR012W,YML063W,1,11.004633,1.0,0.2063492089509964,0.0
YDR012W,YKL006W,1,10.995928,1.0,0.207341268658638,0.0
YDL130W,YKL180W,1,10.995886,1.0,0.2083333283662796,0.0
YDR012W,YOR167C,1,10.990009,1.0,0.2093254029750824,0.0
YML063W,YIL148W,1,10.984283,1.0,0.210317462682724,0.0
YGR085C,YPL237W,1,10.971586,1.0,0.2113095223903656,0.0
YOL039W,YGL031C,1,10.971586,1.0,0.2123015820980072,0.0
YPL081W,YOR167C,1,10.962155,1.0,0.21329365670681,0.0
YML024W,YML063W,1,10.947424,1.0,0.2142857164144516,0.0
YEL054C,YPR041W,1,10.945269,1.0,0.2152777761220932,0.0
YDL136W,YPL131W,1,10.9445915,1.0,0.2162698358297348,0.0
YJL189W,YJL177W,1,10.939901,1.0,0.2172619104385376,0.0
YLR048W,YJL191W,1,10.935809,1.0,0.2182539701461792,0.0
YBR048W,YHL033C,1,10.923498,1.0,0.2192460298538208,0.0
YMR242C,YJL189W,1,10.905577,1.0,0.2202380895614624,0.0
YLR185W,YJR094W-A,1,10.899025,1.0,0.2212301641702652,0.0
YLR029C,YDR382W,1,10.897251,1.0,0.2222222238779068,0.0
YFR032C-A,YGR148C,1,10.889294,1.0,0.2232142835855484,0.0
YOR369C,YNL067W,1,10.886761,1.0,0.22420634329319,0.0
YML024W,YGR173W,1,10.885937,1.0,0.2251984179019928,0.0
YER056C-A,YPL237W,1,10.8820505,1.0,0.2261904776096344,0.0
YDL130W,YKL006W,1,10.873198,1.0,0.227182537317276,0.0
YBL092W,YPL131W,1,10.843378,1.0,0.2281745970249176,0.0
YGR085C,YER025W,1,10.838881,1.0,0.2291666716337204,0.0
YGL030W,YHL001W,1,10.836302,1.0,0.230158731341362,0.0
YPL198W,YLR441C,1,10.831404,1.0,0.2311507910490036,0.0
YBL092W,YDL081C,1,10.822626,1.0,0.2321428507566452,0.0
YIL018W,YNL302C,1,10.8200445,1.0,0.233134925365448,0.0
YGL076C,YBR031W,1,10.819654,1.0,0.2341269850730896,0.0
YEL054C,YPL237W,1,10.818594,1.0,0.2351190447807312,0.0
YCR031C,YKL180W,1,10.797286,1.0,0.2361111044883728,0.0
YNL069C,YNL067W,1,10.794847,1.0,0.2371031790971756,0.0
YGL076C,YFR031C-A,1,10.786271,1.0,0.2380952388048172,0.0
YGR162W,YER074W,1,10.783703,1.0,0.2390872985124588,0.0
YKR057W,YLR048W,1,10.779899,1.0,0.2400793582201004,0.0
YJL189W,YML073C,1,10.778925,1.0,0.2410714328289032,0.0
YGR034W,YOL040C,1,10.764252,1.0,0.2420634925365448,0.0
YBL092W,YML026C,1,10.760166,1.0,0.2430555522441864,0.0
YOL127W,YDL061C,1,10.751215,1.0,0.244047611951828,0.0
YNL302C,YMR260C,1,10.742402,1.0,0.2450396865606308,0.0
YER117W,YDR429C,1,10.725974,1.0,0.2460317462682724,0.0
YLR287C-A,YPR043W,1,10.718479,1.0,0.247023805975914,0.0
YNL178W,YER102W,1,10.718195,1.0,0.2480158656835556,0.0
YDL083C,YOR167C,1,10.713989,1.0,0.2490079402923584,0.0
YFR031C-A,YJR094W-A,1,10.69922,1.0,0.25,0.0
YGR214W,YPL198W,1,10.685075,1.0,0.2509920597076416,0.0
YPL237W,YLR264W,1,10.684472,1.0,0.2519841194152832,0.0
YIL052C,YGR173W,1,10.677516,1.0,0.2529761791229248,0.0
YNL162W,YGR162W,1,10.676775,1.0,0.2539682686328888,0.0
YNL178W,YJR145C,1,10.658495,1.0,0.2549603283405304,0.0
YML026C,YPL198W,1,10.657824,1.0,0.255952388048172,0.0
YDR471W,YDR450W,1,10.651186,1.0,0.2569444477558136,0.0
YPL198W,YDR447C,1,10.635906,1.0,0.2579365074634552,0.0
YBL092W,YMR143W,1,10.628699,1.0,0.2589285671710968,0.0
YOR369C,YPL249C-A,1,10.608871,1.0,0.2599206268787384,0.0
YPL081W,YGL147C,1,10.6064825,1.0,0.26091268658638,0.0
YOL139C,YDL061C,1,10.5954895,1.0,0.261904776096344,0.0
YHR141C,YGL031C,1,10.593234,1.0,0.2628968358039856,0.0
YBR191W,YCR031C,1,10.591759,1.0,0.2638888955116272,0.0
YOL120C,YBL072C,1,10.587792,1.0,0.2648809552192688,0.0
YJL190C,YOR369C,1,10.569841,1.0,0.2658730149269104,0.0
YBL092W,YOL121C,1,10.550041,1.0,0.266865074634552,0.0
YGL076C,YOL039W,1,10.538012,1.0,0.2678571343421936,0.0
YDL136W,YIL018W,1,10.533331,1.0,0.2688491940498352,0.0
YLR029C,YDR450W,1,10.532648,1.0,0.2698412835597992,0.0
YOR369C,YHL001W,1,10.512158,1.0,0.2708333432674408,0.0
YLL045C,YGL135W,1,10.510239,1.0,0.2718254029750824,0.0
YER102W,YER074W,1,10.503281,1.0,0.272817462682724,0.0
YML026C,YJR094W-A,1,10.497728,1.0,0.2738095223903656,0.0
YOR361C,YIL069C,1,10.48769,1.0,0.2748015820980072,0.0
YNL255C,YPL079W,1,10.480377,1.0,0.2757936418056488,0.0
YOR234C,YDR429C,1,10.480091,1.0,0.2767857015132904,0.0
YPL079W,YER025W,1,10.475101,1.0,0.2777777910232544,0.0
YBR084C-A,YGR214W,1,10.463623,1.0,0.278769850730896,0.0
YML024W,YIL069C,1,10.460337,1.0,0.2797619104385376,0.0
YBR191W,YFR032C-A,1,10.459911,1.0,0.2807539701461792,0.0
YPL081W,YJR145C,1,10.45344,1.0,0.2817460298538208,0.0
YGL189C,YOR293W,1,10.452583,1.0,0.2827380895614624,0.0
YOL039W,YPL220W,1,10.445957,1.0,0.283730149269104,0.0
YNL255C,YJL190C,1,10.427328,1.0,0.2847222089767456,0.0
YNL069C,YGL031C,1,10.425138,1.0,0.2857142984867096,0.0
YOR182C,YGR162W,1,10.405967,1.0,0.2867063581943512,0.0
YGL076C,YOR312C,1,10.40303,1.0,0.2876984179019928,0.0
YDR025W,YER131W,1,10.362904,1.0,0.2886904776096344,0.0
YDL075W,YDR500C,1,10.359763,1.0,0.289682537317276,0.0
YAL035W,YBL072C,1,10.359374,1.0,0.2906745970249176,0.0
YNL255C,YLR061W,1,10.357936,1.0,0.2916666567325592,0.0
YIL018W,YLR333C,1,10.348804,1.0,0.2926587164402008,0.0
YNL178W,YDL061C,1,10.346584,1.0,0.2936508059501648,0.0
YBL092W,YOR167C,1,10.338339,1.0,0.2946428656578064,0.0
YOL127W,YPL249C-A,1,10.3267355,1.0,0.295634925365448,0.0
YDL130W,YPL249C-A,1,10.324109,1.0,0.2966269850730896,0.0
YPL131W,YKR059W,1,10.319177,1.0,0.2976190447807312,0.0
YHR010W,YAL035W,1,10.28732,1.0,0.2986111044883728,0.0
YPR102C,YJR145C,1,10.281037,1.0,0.2996031641960144,0.0
YOR234C,YGL135W,1,10.262203,1.0,0.300595223903656,0.0
YLR185W,YPL090C,1,10.261925,1.0,0.30158731341362,0.0
YHL015W,YLR388W,1,10.24674,1.0,0.3025793731212616,0.0
YER131W,YER025W,1,10.230664,1.0,0.3035714328289032,0.0
YEL054C,YMR260C,1,10.228014,1.0,0.3045634925365448,0.0
YMR194W,YDL191W,1,10.226309,1.0,0.3055555522441864,0.0
YDL136W,YGR027C,1,10.215383,1.0,0.306547611951828,0.0
YPL220W,YLR167W,1,10.208563,1.0,0.3075396716594696,0.0
YGR085C,YER165W,0,10.202891,0.9967845678329468,0.3075396716594696,0.00010008006211137399
YDR500C,YER074W,1,10.198145,0.9967948794364929,0.3085317313671112,0.00010008006211137399
YNL255C,YGR214W,1,10.189297,0.9968051314353943,0.3095238208770752,0.00010008006211137399
YDR450W,YLR333C,1,10.188333,0.9968152642250061,0.3105158805847168,0.00010008006211137399
YOL039W,YLR388W,1,10.178971,0.9968253970146179,0.3115079402923584,0.00010008006211137399
YHR021C,YDL136W,1,10.173279,0.996835470199585,0.3125,0.00010008006211137399
YPR163C,YBL027W,1,10.170517,0.9968454241752625,0.3134920597076416,0.00010008006211137399
YPL198W,YGR027C,1,10.165638,0.9968553185462952,0.3144841194152832,0.00010008006211137399
YLR287C-A,YDR447C,1,10.165413,0.9968652129173279,0.3154761791229248,0.00010008006211137399
YLR029C,YKL156W,1,10.158276,0.996874988079071,0.3164682686328888,0.00010008006211137399
YLR340W,YPL143W,1,10.147163,0.9968847632408142,0.3174603283405304,0.00010008006211137399
YNL255C,YGL189C,1,10.142782,0.9968944191932678,0.318452388048172,0.00010008006211137399
YBR048W,YLR167W,1,10.135248,0.9969040155410767,0.3194444477558136,0.00010008006211137399
YDL136W,YPL220W,1,10.129499,0.9969135522842407,0.3204365074634552,0.00010008006211137399
YOR096W,YHR141C,1,10.128064,0.9969230890274048,0.3214285671710968,0.00010008006211137399
YOL127W,YER131W,1,10.107335,0.9969325065612793,0.3224206268787384,0.00010008006211137399
YLR367W,YPR043W,1,10.095363,0.9969419240951538,0.32341268658638,0.00010008006211137399
YDL081C,YLR388W,1,10.095285,0.9969512224197388,0.324404776096344,0.00010008006211137399
YOL039W,YDL061C,1,10.089668,0.996960461139679,0.3253968358039856,0.00010008006211137399
YDR025W,YOR361C,1,10.087202,0.9969696998596191,0.3263888955116272,0.00010008006211137399
YDR382W,YOR312C,1,10.081327,0.9969788789749146,0.3273809552192688,0.00010008006211137399
YHR141C,YLR388W,1,10.076908,0.9969879388809204,0.3283730149269104,0.00010008006211137399
YHL033C,YBR084C-A,1,10.051708,0.9969969987869263,0.329365074634552,0.00010008006211137399
YLR061W,YJL138C,1,10.023817,0.9970059990882874,0.3303571343421936,0.00010008006211137399
YER131W,YFR032C-A,1,10.017025,0.9970149397850037,0.3313491940498352,0.00010008006211137399
YFR032C-A,YPL198W,1,10.007166,0.9970238208770752,0.3323412835597992,0.00010008006211137399
YDL075W,YCR031C,1,9.996084,0.997032642364502,0.3333333432674408,0.00010008006211137399
YJL189W,YMR309C,1,9.980644,0.9970414042472839,0.3343254029750824,0.00010008006211137399
YHL015W,YCR031C,1,9.979377,0.9970501661300659,0.335317462682724,0.00010008006211137399
YHR064C,YJL177W,1,9.976862,0.9970588088035583,0.3363095223903656,0.00010008006211137399
YLR344W,YNL244C,1,9.956018,0.9970674514770508,0.3373015820980072,0.00010008006211137399
YOL040C,YKR059W,1,9.950924,0.9970760345458984,0.3382936418056488,0.00010008006211137399
YDR012W,YDR418W,1,9.940139,0.9970845580101013,0.3392857015132904,0.00010008006211137399
YIL018W,YPL249C-A,1,9.935856,0.9970930218696594,0.3402777910232544,0.00010008006211137399
YER056C-A,YHR141C,1,9.93146,0.9971014261245728,0.341269850730896,0.00010008006211137399
YDR012W,YGR185C,0,9.930977,0.9942196607589722,0.341269850730896,0.00020016012422274798
YNL301C,YJL136C,1,9.923244,0.9942362904548645,0.3422619104385376,0.00020016012422274798
YOL139C,YHR010W,1,9.91284,0.9942528605461121,0.3432539701461792,0.00020016012422274798
YER102W,YBR031W,1,9.906867,0.9942693114280701,0.3442460298538208,0.00020016012422274798
YBR084C-A,YOR234C,1,9.9012985,0.9942857027053833,0.3452380895614624,0.00020016012422274798
YPL081W,YGR027C,1,9.895441,0.994301974773407,0.346230149269104,0.00020016012422274798
YDR429C,YOR167C,1,9.893741,0.9943181872367859,0.3472222089767456,0.00020016012422274798
YHR021C,YMR309C,1,9.893088,0.9943342804908752,0.3482142984867096,0.00020016012422274798
YDR471W,YBL092W,1,9.892387,0.994350254535675,0.3492063581943512,0.00020016012422274798
YOL120C,YFL034C-A,1,9.891496,0.9943661689758301,0.3501984179019928,0.00020016012422274798
YDL136W,YLR075W,1,9.885035,0.9943820238113403,0.3511904776096344,0.00020016012422274798
YDR025W,YPR043W,1,9.883366,0.994397759437561,0.352182537317276,0.00020016012422274798
YOR234C,YFR032C-A,1,9.875765,0.994413435459137,0.3531745970249176,0.00020016012422274798
YBR191W,YDL081C,1,9.863832,0.9944289922714233,0.3541666567325592,0.00020016012422274798
YBL087C,YER102W,1,9.861374,0.9944444298744202,0.3551587164402008,0.00020016012422274798
YDR418W,YNL302C,1,9.858096,0.9944598078727722,0.3561508059501648,0.00020016012422274798
YBL087C,YBR048W,1,9.854368,0.9944751262664795,0.3571428656578064,0.00020016012422274798
YDR471W,YHR021C,1,9.853496,0.994490385055542,0.358134925365448,0.00020016012422274798
YPR102C,YDR447C,1,9.844715,0.9945054650306702,0.3591269850730896,0.00020016012422274798
YML063W,YOR312C,1,9.825732,0.9945205450057983,0.3601190447807312,0.00020016012422274798
YLR264W,YJL136C,1,9.818471,0.994535505771637,0.3611111044883728,0.00020016012422274798
YNL069C,YJL136C,1,9.805195,0.9945504069328308,0.3621031641960144,0.00020016012422274798
YBR181C,YJR094W-A,1,9.804059,0.9945651888847351,0.363095223903656,0.00020016012422274798
YJL189W,YLR406C,1,9.803543,0.9945799708366394,0.36408731341362,0.00020016012422274798
YBL092W,YGL147C,1,9.788794,0.9945945739746094,0.3650793731212616,0.00020016012422274798
YBR048W,YOR369C,1,9.78879,0.9946091771125793,0.3660714328289032,0.00020016012422274798
YFL034C-A,YOL121C,1,9.777902,0.9946236610412598,0.3670634925365448,0.00020016012422274798
YLR287C-A,YGL135W,1,9.775088,0.9946380853652954,0.3680555522441864,0.00020016012422274798
YNL162W,YLR167W,1,9.766266,0.9946523904800415,0.369047611951828,0.00020016012422274798
YJL189W,YFR031C-A,1,9.764324,0.9946666955947876,0.3700396716594696,0.00020016012422274798
YFR031C-A,YJL136C,1,9.760505,0.9946808218955994,0.3710317313671112,0.00020016012422274798
YER102W,YLR340W,1,9.760382,0.9946949481964111,0.3720238208770752,0.00020016012422274798
YLR325C,YKR059W,1,9.748348,0.9947090148925781,0.3730158805847168,0.00020016012422274798
YAL035W,YDR500C,1,9.745561,0.9947229623794556,0.3740079402923584,0.00020016012422274798
YLR075W,YPR043W,1,9.73202,0.9947368502616882,0.375,0.00020016012422274798
YNL178W,YLR333C,1,9.730253,0.9947506785392761,0.3759920597076416,0.00020016012422274798
YJL190C,YJL189W,1,9.726629,0.9947643876075745,0.3769841194152832,0.00020016012422274798
YPL249C-A,YOR167C,1,9.704717,0.9947780966758728,0.3779761791229248,0.00020016012422274798
YLR287C-A,YGL189C,1,9.693981,0.9947916865348816,0.3789682686328888,0.00020016012422274798
YNL178W,YHR021C,1,9.692909,0.9948052167892456,0.3799603283405304,0.00020016012422274798
YLR029C,YPR041W,1,9.687236,0.9948186278343201,0.380952388048172,0.00020016012422274798
YBR048W,YHR141C,1,9.680225,0.9948320388793945,0.3819444477558136,0.00020016012422274798
YHL033C,YMR230W,1,9.67835,0.9948453903198242,0.3829365074634552,0.00020016012422274798
YGL103W,YBR181C,1,9.669849,0.9948586225509644,0.3839285671710968,0.00020016012422274798
YFR032C-A,YGL030W,1,9.665766,0.9948717951774597,0.3849206268787384,0.00020016012422274798
YHR203C,YBR031W,1,9.65531,0.9948849081993103,0.38591268658638,0.00020016012422274798
YJR145C,YIL069C,1,9.652137,0.9948979616165161,0.386904776096344,0.00020016012422274798
YHL015W,YOL120C,1,9.641803,0.9949109554290771,0.3878968358039856,0.00020016012422274798
YOL127W,YPL081W,1,9.620213,0.9949238300323486,0.3888888955116272,0.00020016012422274798
YBL092W,YJL136C,1,9.619557,0.9949367046356201,0.3898809552192688,0.00020016012422274798
YKL056C,YDL081C,1,9.6123085,0.9949495196342468,0.3908730149269104,0.00020016012422274798
YOR182C,YDR500C,1,9.607387,0.994962215423584,0.391865074634552,0.00020016012422274798
YKL006W,YML026C,1,9.598251,0.9949748516082764,0.3928571343421936,0.00020016012422274798
YGR214W,YBR181C,1,9.596377,0.9949874877929688,0.3938491940498352,0.00020016012422274798
YOR091W,YER074W,1,9.589407,0.9950000047683716,0.3948412835597992,0.00020016012422274798
YDL083C,YMR260C,1,9.580362,0.9950124621391296,0.3958333432674408,0.00020016012422274798
YDL081C,YDR500C,1,9.558258,0.9950248599052429,0.3968254029750824,0.00020016012422274798
YPL143W,YKR059W,1,9.540802,0.9950371980667114,0.397817462682724,0.00020016012422274798
YAL036C,YGL031C,1,9.539312,0.9950494766235352,0.3988095223903656,0.00020016012422274798
YGR214W,YDR500C,1,9.5308485,0.9950617551803589,0.3998015820980072,0.00020016012422274798
YBR084C-A,YOR167C,1,9.514675,0.9950739145278931,0.4007936418056488,0.00020016012422274798
YLR172C,YDL082W,1,9.507482,0.9950860142707825,0.4017857015132904,0.00020016012422274798
YNL069C,YBR084C-A,1,9.491461,0.9950980544090271,0.4027777910232544,0.00020016012422274798
YNL069C,YPL198W,1,9.488585,0.995110034942627,0.403769850730896,0.00020016012422274798
YLR333C,YDR500C,1,9.474911,0.995121955871582,0.4047619104385376,0.00020016012422274798
YJL136C,YDR500C,1,9.424903,0.9951338171958923,0.4057539701461792,0.00020016012422274798
YGL076C,YLR264W,1,9.424011,0.9951456189155579,0.4067460298538208,0.00020016012422274798
YOR361C,YGL135W,1,9.420066,0.9951573610305786,0.4077380895614624,0.00020016012422274798
YNL255C,YOL039W,1,9.402222,0.9951691031455994,0.408730149269104,0.00020016012422274798
YOL040C,YJL191W,1,9.401421,0.9951807260513306,0.4097222089767456,0.00020016012422274798
YIL148W,YKR059W,1,9.389882,0.995192289352417,0.4107142984867096,0.00020016012422274798
YOR369C,YGR027C,1,9.384994,0.9952038526535034,0.4117063581943512,0.00020016012422274798
YGL147C,YAL035W,1,9.380095,0.9952152967453003,0.4126984179019928,0.00020016012422274798
YKL056C,YOR312C,1,9.37134,0.9952267408370972,0.4136904776096344,0.00020016012422274798
YJR007W,YGL031C,1,9.362457,0.9952380657196045,0.414682537317276,0.00020016012422274798
YMR146C,YJL136C,1,9.344994,0.9952493906021118,0.4156745970249176,0.00020016012422274798
YEL054C,YKL191W,1,9.328608,0.9952606558799744,0.4166666567325592,0.00020016012422274798
YKL006W,YER074W,1,9.328372,0.9952718615531921,0.4176587164402008,0.00020016012422274798
YGL103W,YFR032C-A,1,9.327269,0.9952830076217651,0.4186508059501648,0.00020016012422274798
YLR167W,YDL082W,1,9.322975,0.9952940940856934,0.4196428656578064,0.00020016012422274798
YDR012W,YIL018W,1,9.3088255,0.9953051805496216,0.420634925365448,0.00020016012422274798
YIL133C,YER025W,1,9.304964,0.9953161478042603,0.4216269850730896,0.00020016012422274798
YLR406C,YLR441C,1,9.303638,0.9953271150588989,0.4226190447807312,0.00020016012422274798
YDL191W,YJL136C,1,9.299273,0.9953380227088928,0.4236111044883728,0.00020016012422274798
YPR041W,YGR214W,1,9.289902,0.9953488111495972,0.4246031641960144,0.00020016012422274798
YDR012W,YLR432W,0,9.273943,0.9930394291877747,0.4246031641960144,0.00030024017905816436
YKR094C,YPL249C-A,1,9.271673,0.9930555820465088,0.425595223903656,0.00030024017905816436
YBL092W,YBR048W,1,9.268673,0.9930716156959534,0.42658731341362,0.00030024017905816436
YPR163C,YOR167C,1,9.261867,0.9930875301361084,0.4275793731212616,0.00030024017905816436
YOL139C,YLR325C,1,9.2513685,0.9931034445762634,0.4285714328289032,0.00030024017905816436
YDR429C,YHR141C,1,9.245821,0.9931192398071289,0.4295634925365448,0.00030024017905816436
YDR418W,YFR031C-A,1,9.2155905,0.9931350350379944,0.4305555522441864,0.00030024017905816436
YLR029C,YLR185W,1,9.207628,0.9931507110595703,0.431547611951828,0.00030024017905816436
YDR447C,YJL136C,1,9.20637,0.9931662678718567,0.4325396716594696,0.00030024017905816436
YBR061C,YBL072C,1,9.2054405,0.9931818246841431,0.4335317313671112,0.00030024017905816436
YJL190C,YDR025W,1,9.198932,0.9931972622871399,0.4345238208770752,0.00030024017905816436
YLL009C,YDR418W,0,9.191452,0.9909502267837524,0.4345238208770752,0.00040032024844549596
YAL036C,YLR388W,1,9.18556,0.9909706711769104,0.4355158805847168,0.00040032024844549596
YKR059W,YPL090C,1,9.181301,0.9909909963607788,0.4365079402923584,0.00040032024844549596
YOR182C,YBL027W,1,9.169645,0.9910112619400024,0.4375,0.00040032024844549596
YBR084C-A,YLR406C,1,9.162325,0.9910314083099365,0.4384920597076416,0.00040032024844549596
YHR141C,YJL191W,1,9.14101,0.991051435470581,0.4394841194152832,0.00040032024844549596
YEL054C,YDR152W,1,9.139217,0.9910714030265808,0.4404761791229248,0.00040032024844549596
YLR185W,YJL136C,1,9.131992,0.9910913109779358,0.4414682686328888,0.00040032024844549596
YDL051W,YJR070C,0,9.128968,0.9888888597488403,0.4414682686328888,0.0005004003178328276
YBR143C,YDL130W,1,9.119497,0.9889135360717773,0.4424603283405304,0.0005004003178328276
YOR091W,YJL136C,1,9.117049,0.98893803358078,0.443452388048172,0.0005004003178328276
YDL083C,YGL189C,1,9.116642,0.9889624714851379,0.4444444477558136,0.0005004003178328276
YNL255C,YDL081C,1,9.110617,0.9889867901802063,0.4454365074634552,0.0005004003178328276
YCR031C,YDR429C,1,9.1075945,0.9890109896659851,0.4464285671710968,0.0005004003178328276
YJL138C,YGL031C,1,9.101383,0.9890350699424744,0.4474206268787384,0.0005004003178328276
YJR007W,YNL096C,1,9.094887,0.9890590906143188,0.44841268658638,0.0005004003178328276
YMR143W,YDL136W,1,9.089632,0.9890829920768738,0.449404776096344,0.0005004003178328276
YGR027C,YOR091W,1,9.087511,0.9891067743301392,0.4503968358039856,0.0005004003178328276
YKR059W,YLR167W,1,9.085254,0.989130437374115,0.4513888955116272,0.0005004003178328276
YOL040C,YOR091W,1,9.08464,0.989154040813446,0.4523809552192688,0.0005004003178328276
YNL209W,YOR096W,1,9.082971,0.9891774654388428,0.4533730149269104,0.0005004003178328276
YLR406C,YIL018W,1,9.080001,0.9892008900642395,0.454365074634552,0.0005004003178328276
YNL096C,YGL135W,1,9.076647,0.9892241358757019,0.4553571343421936,0.0005004003178328276
YDR418W,YDR447C,1,9.070932,0.9892473220825195,0.4563491940498352,0.0005004003178328276
YOL139C,YDR447C,1,9.070555,0.9892703890800476,0.4573412835597992,0.0005004003178328276
YAL036C,YNL067W,1,9.053153,0.9892933368682861,0.4583333432674408,0.0005004003178328276
YLR340W,YER025W,1,9.053024,0.9893162250518799,0.4593254029750824,0.0005004003178328276
YBL087C,YKR057W,1,9.046277,0.9893389940261841,0.460317462682724,0.0005004003178328276
YMR230W,YGR027C,1,9.02958,0.9893617033958435,0.4613095223903656,0.0005004003178328276
YPR163C,YPL143W,1,9.008605,0.9893842935562134,0.4623015820980072,0.0005004003178328276
YOL120C,YNL244C,1,9.001569,0.9894067645072937,0.4632936418056488,0.0005004003178328276
YBR084C-A,YDL081C,1,8.9930525,0.9894291758537292,0.4642857015132904,0.0005004003178328276
YBR143C,YHL033C,1,8.990431,0.9894514679908752,0.4652777910232544,0.0005004003178328276
YCR031C,YER025W,1,8.986147,0.9894737005233765,0.466269850730896,0.0005004003178328276
YJR123W,YKL056C,0,8.978534,0.9873949289321899,0.466269850730896,0.0006004803581163287
YPR102C,YNL209W,1,8.96806,0.9874213933944702,0.4672619104385376,0.0006004803581163287
YML026C,YAL036C,1,8.959831,0.9874476790428162,0.4682539701461792,0.0006004803581163287
YLR287C-A,YBR084C-A,1,8.940489,0.9874739050865173,0.4692460298538208,0.0006004803581163287
YOL139C,YHL033C,1,8.940306,0.987500011920929,0.4702380895614624,0.0006004803581163287
YDL136W,YLR340W,1,8.929262,0.987525999546051,0.471230149269104,0.0006004803581163287
YKR094C,YFL034C-A,1,8.91341,0.9875518679618835,0.4722222089767456,0.0006004803581163287
YPL220W,YIL069C,1,8.910695,0.9875776171684265,0.4732142984867096,0.0006004803581163287
YKL056C,YIL018W,1,8.904264,0.9876033067703247,0.4742063581943512,0.0006004803581163287
YJR007W,YNL302C,1,8.897465,0.9876288771629333,0.4751984179019928,0.0006004803581163287
YKL006W,YDR500C,1,8.894241,0.9876543283462524,0.4761904776096344,0.0006004803581163287
YKL056C,YMR194W,1,8.891997,0.987679660320282,0.477182537317276,0.0006004803581163287
YNL178W,YNL175C,1,8.8833065,0.9877049326896667,0.4781745970249176,0.0006004803581163287
YMR146C,YDR500C,1,8.87677,0.987730085849762,0.4791666567325592,0.0006004803581163287
YNL175C,YOR293W,1,8.874115,0.9877551198005676,0.4801587164402008,0.0006004803581163287
YGL135W,YHL001W,1,8.874008,0.9877800345420837,0.4811508059501648,0.0006004803581163287
YHR064C,YLR441C,1,8.858899,0.9878048896789551,0.4821428656578064,0.0006004803581163287
YPR102C,YBR031W,1,8.849485,0.9878296256065369,0.483134925365448,0.0006004803581163287
YLR388W,YMR260C,1,8.816495,0.9878542423248291,0.4841269850730896,0.0006004803581163287
YDL083C,YKL156W,1,8.809538,0.9878787994384766,0.4851190447807312,0.0006004803581163287
YPR043W,YGR173W,1,8.790778,0.9879032373428345,0.4861111044883728,0.0006004803581163287
YAL035W,YDL061C,1,8.777809,0.9879275560379028,0.4871031641960144,0.0006004803581163287
YLR029C,YOR091W,1,8.774509,0.9879518151283264,0.488095223903656,0.0006004803581163287
YML026C,YLR002C,0,8.772945,0.9859719276428223,0.488095223903656,0.0007005604566074908
YDR418W,YDR450W,1,8.771074,0.9860000014305115,0.48908731341362,0.0007005604566074908
YGL189C,YLR167W,1,8.756892,0.9860279560089111,0.4900793731212616,0.0007005604566074908
YDL136W,YJL191W,1,8.7291355,0.9860557913780212,0.4910714328289032,0.0007005604566074908
YLR406C,YGL103W,1,8.725878,0.9860835075378418,0.4920634925365448,0.0007005604566074908
YLR340W,YFR031C-A,1,8.7203045,0.9861111044883728,0.4930555522441864,0.0007005604566074908
YIL018W,YER074W,1,8.708757,0.986138641834259,0.494047611951828,0.0007005604566074908
YNL175C,YML026C,1,8.673763,0.9861660003662109,0.4950396716594696,0.0007005604566074908
YJL138C,YDR450W,1,8.669138,0.9861932992935181,0.4960317313671112,0.0007005604566074908
YGL135W,YJL136C,1,8.666661,0.9862204790115356,0.4970238208770752,0.0007005604566074908
YPL013C,YOL040C,0,8.6640415,0.984282910823822,0.4970238208770752,0.0008006404968909919
YGL189C,YDL061C,1,8.655254,0.9843137264251709,0.4980158805847168,0.0008006404968909919
YLR262C-A,YJL177W,1,8.642796,0.9843444228172302,0.4990079402923584,0.0008006404968909919
YFR031C-A,YGL135W,1,8.6272545,0.984375,0.5,0.0008006404968909919
YNL175C,YGR214W,1,8.617958,0.9844054579734802,0.5009920597076416,0.0008006404968909919
YHR141C,YMR309C,1,8.611337,0.9844357967376709,0.5019841194152832,0.0008006404968909919
YLR061W,YNL244C,1,8.60784,0.984466016292572,0.5029761791229248,0.0008006404968909919
YKL006W,YPL237W,1,8.60438,0.9844961166381836,0.5039682388305664,0.0008006404968909919
YNL162W,YGR245C,0,8.598444,0.9825918674468994,0.5039682388305664,0.000900720595382154
YHR064C,YML026C,1,8.595093,0.9826254844665527,0.504960298538208,0.000900720595382154
YLR075W,YLR388W,1,8.585589,0.9826589822769165,0.5059523582458496,0.000900720595382154
YNL061W,YGL103W,0,8.582325,0.9807692170143127,0.5059523582458496,0.0010008006356656551
YMR290C,YGL076C,0,8.576284,0.9788867831230164,0.5059523582458496,0.0011008806759491563
YDL081C,YIL069C,1,8.568637,0.9789271950721741,0.5069444179534912,0.0011008806759491563
YNL178W,YDR025W,1,8.557611,0.9789674878120422,0.5079365372657776,0.0011008806759491563
YLR075W,YER074W,1,8.526284,0.9790076613426208,0.5089285969734192,0.0011008806759491563
YMR143W,YJR007W,1,8.524361,0.9790475964546204,0.5099206566810608,0.0011008806759491563
YER102W,YNL209W,1,8.524251,0.9790874719619751,0.5109127163887024,0.0011008806759491563
YJR007W,YPL081W,1,8.521084,0.9791271090507507,0.511904776096344,0.0011008806759491563
YMR194W,YGL135W,1,8.497694,0.9791666865348816,0.5128968358039856,0.0011008806759491563
YDR471W,YLR172C,1,8.489321,0.9792060256004333,0.5138888955116272,0.0011008806759491563
YJR007W,YLR325C,1,8.480506,0.9792453050613403,0.5148809552192688,0.0011008806759491563
YPR163C,YER131W,1,8.479708,0.9792843461036682,0.5158730149269104,0.0011008806759491563
YLR432W,YGL076C,0,8.474411,0.9774436354637146,0.5158730149269104,0.0012009607162326574
YJR014W,YGL031C,1,8.45816,0.9774859547615051,0.516865074634552,0.0012009607162326574
YPR041W,YOR312C,1,8.457973,0.9775280952453613,0.5178571343421936,0.0012009607162326574
YLR287C-A,YFR031C-A,1,8.456985,0.977570116519928,0.5188491940498352,0.0012009607162326574
YPR163C,YGR214W,1,8.456398,0.9776119589805603,0.5198412537574768,0.0012009607162326574
YLR264W,YAL035W,1,8.440113,0.9776536226272583,0.5208333134651184,0.0012009607162326574
YBR143C,YPR102C,1,8.434031,0.9776951670646667,0.52182537317276,0.0012009607162326574
YMR143W,YLR192C,1,8.431259,0.9777365326881409,0.5228174328804016,0.0012009607162326574
YBR061C,YGR214W,1,8.429314,0.9777777791023254,0.523809552192688,0.0012009607162326574
YBR048W,YGL135W,1,8.427186,0.9778188467025757,0.5248016119003296,0.0012009607162326574
YJR007W,YDR450W,1,8.41722,0.9778597950935364,0.5257936716079712,0.0012009607162326574
YBL087C,YLR172C,1,8.4112015,0.9779005646705627,0.5267857313156128,0.0012009607162326574
YKR094C,YKR059W,1,8.382409,0.9779411554336548,0.5277777910232544,0.0012009607162326574
YLR406C,YLR325C,1,8.381687,0.9779816269874573,0.528769850730896,0.0012009607162326574
YKL056C,YDR025W,1,8.38045,0.9780219793319702,0.5297619104385376,0.0012009607162326574
YKL191W,YJL136C,1,8.3692875,0.9780621528625488,0.5307539701461792,0.0012009607162326574
YGL030W,YNL244C,1,8.365657,0.9781022071838379,0.5317460298538208,0.0012009607162326574
YDL136W,YGR162W,1,8.36464,0.9781420826911926,0.5327380895614624,0.0012009607162326574
YDL191W,YAL036C,1,8.364487,0.9781818389892578,0.533730149269104,0.0012009607162326574
YLR192C,YJL177W,1,8.363244,0.9782214164733887,0.5347222089767456,0.0012009607162326574
YLR325C,YNL244C,1,8.359455,0.97826087474823,0.5357142686843872,0.0012009607162326574
YPL090C,YJL080C,0,8.340359,0.9764918684959412,0.5357142686843872,0.0013010408729314804
YKL056C,YBR048W,1,8.330675,0.9765343070030212,0.5367063283920288,0.0013010408729314804
YMR146C,YKL006W,1,8.329384,0.976576566696167,0.5376983880996704,0.0013010408729314804
YNL178W,YKL191W,1,8.325962,0.9766187071800232,0.538690447807312,0.0013010408729314804
YDL130W,YNL175C,1,8.325661,0.9766606688499451,0.5396825671195984,0.0013010408729314804
YHL015W,YDR429C,1,8.320023,0.9767025113105774,0.54067462682724,0.0013010408729314804
YBR031W,YPL249C-A,1,8.31703,0.9767441749572754,0.5416666865348816,0.0013010408729314804
YPR043W,YJR014W,1,8.302961,0.9767857193946838,0.5426587462425232,0.0013010408729314804
YJR097W,YLL045C,1,8.288666,0.976827085018158,0.5436508059501648,0.0013010408729314804
YOL120C,YMR260C,1,8.283385,0.9768683314323425,0.5446428656578064,0.0013010408729314804
YGL135W,YMR260C,1,8.280577,0.9769093990325928,0.545634925365448,0.0013010408729314804
YBL087C,YAL036C,1,8.275769,0.9769503474235535,0.5466269850730896,0.0013010408729314804
YNL301C,YAL035W,1,8.2756405,0.9769911766052246,0.5476190447807312,0.0013010408729314804
YBR079C,YJR145C,1,8.269854,0.9770318269729614,0.5486111044883728,0.0013010408729314804
YJL189W,YDR382W,1,8.260302,0.9770722985267639,0.5496031641960144,0.0013010408729314804
YDL136W,YJL136C,1,8.2411585,0.9771126508712769,0.550595223903656,0.0013010408729314804
YOR369C,YLR167W,1,8.226875,0.9771528840065002,0.5515872836112976,0.0013010408729314804
YOR369C,YFR032C-A,1,8.2259445,0.9771929979324341,0.5525793433189392,0.0013010408729314804
YCR031C,YKL156W,1,8.220114,0.9772329330444336,0.5535714030265808,0.0013010408729314804
YCR031C,YNL175C,1,8.214042,0.9772727489471436,0.5545634627342224,0.0013010408729314804
YOL139C,YLR287C-A,1,8.199814,0.9773123860359192,0.5555555820465088,0.0013010408729314804
YKL056C,YPR102C,1,8.198234,0.9773519039154053,0.5565476417541504,0.0013010408729314804
YOR182C,YJL136C,1,8.189713,0.9773913025856018,0.557539701461792,0.0013010408729314804
YGL103W,YGR173W,1,8.178713,0.9774305820465088,0.5585317611694336,0.0013010408729314804
YJL096W,YBL072C,0,8.172988,0.9757365584373474,0.5585317611694336,0.0014011209132149816
YDR418W,YFL034C-A,1,8.151095,0.9757785201072693,0.5595238208770752,0.0014011209132149816
YHL015W,YML063W,1,8.150171,0.9758203625679016,0.5605158805847168,0.0014011209132149816
YHR203C,YMR260C,1,8.123858,0.9758620858192444,0.5615079402923584,0.0014011209132149816
YOR260W,YDR500C,1,8.107543,0.9759036302566528,0.5625,0.0014011209132149816
YMR146C,YLR075W,1,8.101984,0.975944995880127,0.5634920597076416,0.0014011209132149816
YGR162W,YMR121C,1,8.084584,0.9759863018989563,0.5644841194152832,0.0014011209132149816
YDL191W,YGL189C,1,8.067491,0.9760273694992065,0.5654761791229248,0.0014011209132149816
YNL067W,YER025W,1,8.055164,0.976068377494812,0.5664682388305664,0.0014011209132149816
YLR172C,YHL001W,1,8.025232,0.9761092066764832,0.567460298538208,0.0014011209132149816
YPL143W,YDL229W,1,7.998916,0.9761499166488647,0.5684523582458496,0.0014011209132149816
YNL096C,YER007C-A,1,7.9892364,0.976190447807312,0.5694444179534912,0.0014011209132149816
YCR031C,YBR079C,1,7.988072,0.9762309193611145,0.5704365372657776,0.0014011209132149816
YNL255C,YPL198W,1,7.9567037,0.9762712121009827,0.5714285969734192,0.0014011209132149816
YDR418W,YDL229W,1,7.9374156,0.9763113260269165,0.5724206566810608,0.0014011209132149816
YHR064C,YDR500C,1,7.9361053,0.9763513803482056,0.5734127163887024,0.0014011209132149816
YPL012W,YGL031C,0,7.921113,0.9747048616409302,0.5734127163887024,0.0015012009534984827
YKL056C,YER117W,1,7.9148164,0.9747474789619446,0.574404776096344,0.0015012009534984827
YFL023W,YML024W,1,7.9044995,0.9747899174690247,0.5753968358039856,0.0015012009534984827
YPR163C,YHL001W,1,7.904145,0.9748322367668152,0.5763888955116272,0.0015012009534984827
YBR079C,YNL175C,1,7.8987427,0.9748743772506714,0.5773809552192688,0.0015012009534984827
YNL175C,YPL090C,1,7.8926153,0.974916398525238,0.5783730149269104,0.0015012009534984827
YLR185W,YNL061W,0,7.887559,0.9732888340950012,0.5783730149269104,0.0016012809937819839
YOL121C,YGR173W,1,7.8771434,0.9733333587646484,0.579365074634552,0.0016012809937819839
YPL143W,YDL133C-A,1,7.817471,0.9733777046203613,0.5803571343421936,0.0016012809937819839
YHL033C,YPL237W,1,7.8091884,0.9734219312667847,0.5813491940498352,0.0016012809937819839
YOR004W,YML106W,0,7.802443,0.971807599067688,0.5813491940498352,0.001701361034065485
YDR322W,YBR146W,0,7.7892613,0.9701986908912659,0.5813491940498352,0.001801441190764308
YOR182C,YAL035W,1,7.7889423,0.9702479243278503,0.5823412537574768,0.001801441190764308
YJR094W-A,YGR158C,0,7.78802,0.9686468839645386,0.5823412537574768,0.0019015212310478091
YDR012W,YCR071C,0,7.7556133,0.967051088809967,0.5823412537574768,0.0020016012713313103
YJL189W,YER025W,1,7.720082,0.9671052694320679,0.5833333134651184,0.0020016012713313103
YHL015W,YDR447C,1,7.700251,0.9671592712402344,0.58432537317276,0.0020016012713313103
YLR029C,YLR172C,1,7.6870112,0.9672130942344666,0.5853174328804016,0.0020016012713313103
YCR046C,YML026C,0,7.6537805,0.9656301140785217,0.5853174328804016,0.0021016814280301332
YMR143W,YJL138C,1,7.652327,0.9656862616539001,0.586309552192688,0.0021016814280301332
YJL138C,YBL072C,1,7.646686,0.9657422304153442,0.5873016119003296,0.0021016814280301332
YLR029C,YJR007W,1,7.6466265,0.965798020362854,0.5882936716079712,0.0021016814280301332
YDR450W,YGR173W,1,7.6368246,0.9658536314964294,0.5892857313156128,0.0021016814280301332
YMR121C,YJL136C,1,7.617678,0.9659090638160706,0.5902777910232544,0.0021016814280301332
YJL190C,YFL023W,1,7.6112437,0.9659643173217773,0.591269850730896,0.0021016814280301332
YDR471W,YER007C-A,1,7.583948,0.9660193920135498,0.5922619104385376,0.0021016814280301332
YBL092W,YIL069C,1,7.554663,0.9660742878913879,0.5932539701461792,0.0021016814280301332
YBR048W,YGL189C,1,7.5433903,0.9661290049552917,0.5942460298538208,0.0021016814280301332
YBR143C,YIL018W,1,7.542071,0.966183602809906,0.5952380895614624,0.0021016814280301332
YJL190C,YJR014W,1,7.506941,0.9662379622459412,0.596230149269104,0.0021016814280301332
YLR172C,YNL096C,1,7.493296,0.966292142868042,0.5972222089767456,0.0021016814280301332
YGL076C,YER025W,1,7.4825244,0.9663461446762085,0.5982142686843872,0.0021016814280301332
YBR191W,YOR260W,1,7.48064,0.9664000272750854,0.5992063283920288,0.0021016814280301332
YNL178W,YFR031C-A,1,7.462142,0.9664536714553833,0.6001983880996704,0.0021016814280301332
YCR031C,YFL023W,1,7.4614167,0.9665071964263916,0.601190447807312,0.0021016814280301332
YLR262C-A,YGL189C,1,7.4565625,0.9665604829788208,0.6021825671195984,0.0021016814280301332
YIL069C,YNL244C,1,7.4551954,0.9666136503219604,0.60317462682724,0.0021016814280301332
YML063W,YMR260C,1,7.4458585,0.9666666388511658,0.6041666865348816,0.0021016814280301332
YDR382W,YJL138C,1,7.4287148,0.9667195081710815,0.6051587462425232,0.0021016814280301332
YLR172C,YER102W,1,7.4284325,0.9667721390724182,0.6061508059501648,0.0021016814280301332
YKR094C,YDL229W,1,7.4234276,0.9668246507644653,0.6071428656578064,0.0021016814280301332
YBL092W,YOR091W,1,7.415627,0.9668769836425781,0.608134925365448,0.0021016814280301332
YNL096C,YGR173W,1,7.396951,0.9669291377067566,0.6091269850730896,0.0021016814280301332
YPR102C,YJR097W,1,7.3885484,0.9669811129570007,0.6101190447807312,0.0021016814280301332
YMR143W,YDL229W,1,7.383145,0.9670329689979553,0.6111111044883728,0.0021016814280301332
YLR029C,YDR418W,1,7.374554,0.9670846462249756,0.6121031641960144,0.0021016814280301332
YIL133C,YBR061C,1,7.3556504,0.9671361446380615,0.613095223903656,0.0021016814280301332
YLR192C,YPL090C,1,7.327914,0.9671875238418579,0.6140872836112976,0.0021016814280301332
YJL190C,YBR261C,1,7.32626,0.9672386646270752,0.6150793433189392,0.0021016814280301332
YNL175C,YAL035W,1,7.3205514,0.9672897458076477,0.6160714030265808,0.0021016814280301332
YFL023W,YGR027C,1,7.310745,0.9673405885696411,0.6170634627342224,0.0021016814280301332
YFL023W,YLR344W,1,7.310077,0.967391312122345,0.6180555820465088,0.0021016814280301332
YBL087C,YBR261C,1,7.3072395,0.9674418568611145,0.6190476417541504,0.0021016814280301332
YJL138C,YIL148W,1,7.2913704,0.9674922823905945,0.620039701461792,0.0021016814280301332
YNL255C,YHR203C,1,7.290492,0.9675425291061401,0.6210317611694336,0.0021016814280301332
YGR027C,YER007C-A,1,7.2770753,0.9675925970077515,0.6220238208770752,0.0021016814280301332
YJR097W,YOL040C,1,7.2642627,0.9676425457000732,0.6230158805847168,0.0021016814280301332
YDL130W,YAL035W,1,7.2312217,0.9676923155784607,0.6240079402923584,0.0021016814280301332
YLL045C,YDL229W,1,7.230807,0.9677419066429138,0.625,0.0021016814280301332
YDR322W,YNL067W,0,7.201794,0.9662576913833618,0.625,0.0022017613518983126
YNL209W,YBL072C,1,7.1973686,0.9663093686103821,0.6259920597076416,0.0022017613518983126
YDL136W,YAL035W,1,7.155994,0.966360867023468,0.6269841194152832,0.0022017613518983126
YNL162W,YMR079W,0,7.120177,0.9648854732513428,0.6269841194152832,0.0023018415085971355
YER007C-A,YPL090C,1,7.117706,0.9649389982223511,0.6279761791229248,0.0023018415085971355
YNL178W,YDR152W,1,7.1148744,0.9649924039840698,0.6289682388305664,0.0023018415085971355
YNL244C,YPL090C,1,7.11383,0.9650455713272095,0.629960298538208,0.0023018415085971355
YLR406C,YKL156W,1,7.1074085,0.9650986194610596,0.6309523582458496,0.0023018415085971355
YGR085C,YPL243W,0,7.0915484,0.9636363387107849,0.6309523582458496,0.002401921432465315
YGR148C,YDL133C-A,1,7.068911,0.9636913537979126,0.6319444179534912,0.002401921432465315
YKL143W,YML014W,0,7.0649343,0.9622356295585632,0.6319444179534912,0.002502001589164138
YER056C-A,YFL023W,1,7.0624213,0.9622926115989685,0.6329365372657776,0.002502001589164138
YBR079C,YJR094W-A,1,7.0547276,0.9623494148254395,0.6339285969734192,0.002502001589164138
YOR369C,YHR064C,1,7.0414095,0.9624060392379761,0.6349206566810608,0.002502001589164138
YLR192C,YBL072C,1,7.0413857,0.9624624848365784,0.6359127163887024,0.002502001589164138
YMR194W,YJR014W,1,7.035662,0.9625187516212463,0.636904776096344,0.002502001589164138
YER025W,YPL198W,1,7.0104847,0.96257483959198,0.6378968358039856,0.002502001589164138
YOR369C,YGR173W,1,6.989549,0.9626308083534241,0.6388888955116272,0.002502001589164138
YDL081C,YDR152W,1,6.9837213,0.9626865386962891,0.6398809552192688,0.002502001589164138
YBR261C,YJL177W,1,6.9781113,0.9627421498298645,0.6408730149269104,0.002502001589164138
YBR061C,YIL069C,1,6.9595866,0.9627976417541504,0.641865074634552,0.002502001589164138
YCR034W,YNL067W,0,6.959551,0.9613670110702515,0.641865074634552,0.002602081745862961
YKL056C,YDR447C,1,6.900639,0.9614243507385254,0.6428571343421936,0.002602081745862961
YLR325C,YER007C-A,1,6.8920374,0.9614814519882202,0.6438491940498352,0.002602081745862961
YNL209W,YKL191W,1,6.878999,0.9615384340286255,0.6448412537574768,0.002602081745862961
YMR269W,YPL043W,0,6.8615923,0.9601181745529175,0.6448412537574768,0.00270216166973114
YDR337W,YGR085C,0,6.854234,0.9587020874023438,0.6448412537574768,0.002802241826429963
YNL067W,YBR251W,0,6.808209,0.9572901129722595,0.6448412537574768,0.0029023217502981424
YGL135W,YKL156W,1,6.781203,0.9573529362678528,0.6458333134651184,0.0029023217502981424
YGR085C,YDL184C,1,6.776626,0.9574155807495117,0.64682537317276,0.0029023217502981424
YLR029C,YDL229W,1,6.771167,0.9574779868125916,0.6478174328804016,0.0029023217502981424
YBR261C,YBL027W,1,6.7705293,0.9575402736663818,0.648809552192688,0.0029023217502981424
YBR143C,YJR007W,1,6.766003,0.957602322101593,0.6498016119003296,0.0029023217502981424
YLR172C,YBR084C-A,1,6.744183,0.9576642513275146,0.6507936716079712,0.0029023217502981424
YGR187C,YGR185C,0,6.7439594,0.9562682509422302,0.6507936716079712,0.0030024019069969654
YLR185W,YHR196W,0,6.724529,0.9548762440681458,0.6507936716079712,0.0031024820636957884
YLR287C-A,YDR152W,1,6.679647,0.9549418687820435,0.6517857313156128,0.0031024820636957884
YHR203C,YJR007W,1,6.662709,0.9550072550773621,0.6527777910232544,0.0031024820636957884
YDL075W,YKL191W,1,6.654193,0.9550724625587463,0.653769850730896,0.0031024820636957884
YBR048W,YJL138C,1,6.637544,0.9551374912261963,0.6547619104385376,0.0031024820636957884
YBR079C,YLR340W,1,6.63441,0.9552023410797119,0.6557539701461792,0.0031024820636957884
YLR029C,YHR064C,1,6.630918,0.9552669525146484,0.6567460298538208,0.0031024820636957884
YBR061C,YJL136C,1,6.611874,0.9553313851356506,0.6577380895614624,0.0031024820636957884
YMR146C,YLR406C,1,6.609041,0.9553956985473633,0.658730149269104,0.0031024820636957884
YDL184C,YLR344W,1,6.5994925,0.9554597735404968,0.6597222089767456,0.0031024820636957884
YJR097W,YOR293W,1,6.592938,0.955523669719696,0.6607142686843872,0.0031024820636957884
YNL252C,YBR146W,0,6.581331,0.9541547298431396,0.6607142686843872,0.0032025619875639677
YDR450W,YPL012W,0,6.5727363,0.9527897238731384,0.6607142686843872,0.0033026421442627907
YJR097W,YBL072C,1,6.568331,0.9528571367263794,0.6617063283920288,0.0033026421442627907
YOR276W,YDL051W,0,6.564813,0.9514978528022766,0.6617063283920288,0.00340272206813097
YJR123W,YLR221C,0,6.555739,0.9501424431800842,0.6617063283920288,0.003502802224829793
YGR085C,YJR097W,1,6.5433087,0.9502133727073669,0.6626983880996704,0.003502802224829793
YLR262C-A,YIL148W,1,6.5414853,0.9502840638160706,0.663690447807312,0.003502802224829793
YNL209W,YOR091W,1,6.541079,0.9503546357154846,0.6646825671195984,0.003502802224829793
YBR061C,YOR361C,1,6.5317826,0.9504249095916748,0.66567462682724,0.003502802224829793
YBR079C,YKL156W,1,6.517043,0.9504950642585754,0.6666666865348816,0.003502802224829793
YAL036C,YKL156W,1,6.502792,0.950564980506897,0.6676587462425232,0.003502802224829793
YGR185C,YLR293C,0,6.499644,0.9492242336273193,0.6676587462425232,0.003602882381528616
YIL016W,YLR449W,0,6.4915414,0.9478873014450073,0.6676587462425232,0.0037029623053967953
YOR004W,YMR121C,0,6.4743047,0.9465541243553162,0.6676587462425232,0.0038030424620956182
YKL056C,YJL136C,1,6.472796,0.9466292262077332,0.6686508059501648,0.0038030424620956182
YOR260W,YDR447C,1,6.464233,0.946704089641571,0.6696428656578064,0.0038030424620956182
YDL081C,YER007C-A,1,6.457581,0.9467787146568298,0.670634925365448,0.0038030424620956182
YLR262C-A,YIL069C,1,6.4520288,0.9468531608581543,0.6716269850730896,0.0038030424620956182
YMR143W,YLR262C-A,1,6.4306073,0.9469273686408997,0.6726190447807312,0.0038030424620956182
YNL255C,YBR061C,1,6.4227834,0.9470013976097107,0.6736111044883728,0.0038030424620956182
YHR154W,YPL079W,0,6.398518,0.9456824660301208,0.6736111044883728,0.0039031223859637976
YGL076C,YKR065C,0,6.3947654,0.9443671703338623,0.6736111044883728,0.0040032025426626205
YBR261C,YML026C,1,6.394294,0.9444444179534912,0.6746031641960144,0.0040032025426626205
YNL096C,YEL034W,1,6.3812127,0.9445214867591858,0.675595223903656,0.0040032025426626205
YNL252C,YCR046C,0,6.375298,0.9432132840156555,0.675595223903656,0.0041032824665308
YKL166C,YIL052C,1,6.367206,0.9432918429374695,0.6765872836112976,0.0041032824665308
YBR061C,YIL148W,1,6.3662715,0.9433701634407043,0.6775793433189392,0.0041032824665308
YMR242C,YDL229W,1,6.355176,0.9434483051300049,0.6785714030265808,0.0041032824665308
YBR261C,YLR344W,1,6.350619,0.9435261487960815,0.6795634627342224,0.0041032824665308
YJR097W,YKL180W,1,6.3403616,0.9436038732528687,0.6805555820465088,0.0041032824665308
YLR075W,YNL244C,1,6.326389,0.9436812996864319,0.6815476417541504,0.0041032824665308
YFL023W,YJR145C,1,6.325413,0.9437585473060608,0.682539701461792,0.0041032824665308
YLR212C,YJL177W,1,6.319469,0.9438356161117554,0.6835317611694336,0.0041032824665308
YDL133C-A,YBL072C,1,6.310681,0.9439124464988708,0.6845238208770752,0.0041032824665308
YJR097W,YHL001W,1,6.3007774,0.943989098072052,0.6855158805847168,0.0041032824665308
YML063W,YDL133C-A,1,6.299314,0.944065511226654,0.6865079402923584,0.0041032824665308
YJL189W,YDL229W,1,6.297787,0.944141685962677,0.6875,0.0041032824665308
YJR070C,YNL061W,0,6.283169,0.9428571462631226,0.6875,0.0042033628560602665
YGL147C,YOR260W,1,6.2592998,0.9429348111152649,0.6884920597076416,0.0042033628560602665
YHL015W,YMR121C,1,6.2490444,0.9430122375488281,0.6894841194152832,0.0042033628560602665
YJR014W,YGR214W,1,6.245252,0.9430894255638123,0.6904761791229248,0.0042033628560602665
YFR032C-A,YER025W,1,6.244577,0.9431664347648621,0.6914682388305664,0.0042033628560602665
YGR034W,YLR262C-A,1,6.211716,0.9432432651519775,0.692460298538208,0.0042033628560602665
YDL130W,YIL103W,1,6.207366,0.9433198571205139,0.6934523582458496,0.0042033628560602665
YJR007W,YHL015W,1,6.202121,0.9433962106704712,0.6944444179534912,0.0042033628560602665
YER117W,YDL060W,0,6.1920066,0.9421265125274658,0.6944444179534912,0.004303442779928446
YPR163C,YER025W,1,6.165499,0.9422042965888977,0.6954365372657776,0.004303442779928446
YMR131C,YML014W,0,6.152512,0.9409396052360535,0.6954365372657776,0.004403522703796625
YAL036C,YOR091W,1,6.1446915,0.9410187602043152,0.6964285969734192,0.004403522703796625
YDR418W,YGL107C,0,6.1215725,0.9397590160369873,0.6964285969734192,0.004503603093326092
YKR025W,YJR094W-A,0,6.1104302,0.9385026693344116,0.6964285969734192,0.004603683017194271
YMR230W,YDR152W,1,6.107459,0.9385848045349121,0.6974206566810608,0.004603683017194271
YJR007W,YLR293C,0,6.0611787,0.937333345413208,0.6974206566810608,0.00470376294106245
YHL033C,YNL166C,0,6.0396514,0.9360852241516113,0.6974206566810608,0.00480384286493063
YGR187C,YPL237W,0,6.038709,0.9348404407501221,0.6974206566810608,0.004903923254460096
YDL184C,YKL156W,1,6.015721,0.9349269866943359,0.6984127163887024,0.004903923254460096
YDL136W,YJR014W,1,5.9944916,0.9350132346153259,0.699404776096344,0.004903923254460096
YJR097W,YCR031C,1,5.9786167,0.9350993633270264,0.7003968358039856,0.004903923254460096
YDR471W,YDL229W,1,5.975858,0.9351851940155029,0.7013888955116272,0.004903923254460096
YJR145C,YEL034W,1,5.968348,0.9352707862854004,0.7023809552192688,0.004903923254460096
YER131W,YIL103W,1,5.967466,0.9353561997413635,0.7033730149269104,0.004903923254460096
YMR121C,YMR260C,1,5.9574194,0.9354413747787476,0.704365074634552,0.004903923254460096
YBL092W,YBR261C,1,5.953951,0.9355263113975525,0.7053571343421936,0.004903923254460096
YDR429C,YPL043W,0,5.947464,0.9342969655990601,0.7053571343421936,0.005004003178328276
YLR262C-A,YDR064W,1,5.921904,0.93438321352005,0.7063491940498352,0.005004003178328276
YFL023W,YFR032C-A,1,5.919292,0.9344692230224609,0.7073412537574768,0.005004003178328276
YDL191W,YDL229W,1,5.877609,0.9345549941062927,0.7083333134651184,0.005004003178328276
YLR357W,YML026C,0,5.868585,0.9333333373069763,0.7083333134651184,0.005104083102196455
YPL237W,YBR061C,1,5.852649,0.9334203600883484,0.70932537317276,0.005104083102196455
YGL040C,YHR147C,0,5.8168244,0.9322034120559692,0.70932537317276,0.005204163491725922
YPL198W,YER007C-A,1,5.8167357,0.9322916865348816,0.7103174328804016,0.005204163491725922
YJR007W,YGL245W,0,5.7913017,0.9310793280601501,0.7103174328804016,0.005304243415594101
YOL045W,YOR096W,1,5.7841845,0.9311688542366028,0.711309552192688,0.005304243415594101
YKL143W,YBR154C,0,5.7741985,0.929961085319519,0.711309552192688,0.00540432333946228
YHR021C,YDR152W,1,5.7470326,0.9300518035888672,0.7123016119003296,0.00540432333946228
YDR429C,YJL080C,0,5.7185435,0.9288486242294312,0.7123016119003296,0.005504403728991747
YLR075W,YDL133C-A,1,5.6969523,0.9289405941963196,0.7132936716079712,0.005504403728991747
YKL130C,YPL237W,0,5.6740537,0.9277419447898865,0.7132936716079712,0.005604483652859926
YBR079C,YNL244C,1,5.6512723,0.9278350472450256,0.7142857313156128,0.005604483652859926
YLR293C,YIL064W,0,5.647879,0.9266409277915955,0.7142857313156128,0.0057045635767281055
YOR145C,YJL080C,0,5.637919,0.9254498481750488,0.7142857313156128,0.005804643500596285
YGL135W,YGL189C,1,5.6322255,0.9255455732345581,0.7152777910232544,0.005804643500596285
YKL156W,YAL035W,1,5.6040382,0.9256410002708435,0.716269850730896,0.005804643500596285
YGL076C,YJR097W,1,5.596338,0.9257362484931946,0.7172619104385376,0.005804643500596285
YDR025W,YJR014W,1,5.584824,0.9258311986923218,0.7182539701461792,0.005804643500596285
YIL064W,YGL171W,0,5.573752,0.9246487617492676,0.7182539701461792,0.0059047238901257515
YOR361C,YDL133C-A,1,5.5483146,0.9247449040412903,0.7192460298538208,0.0059047238901257515
YLR262C-A,YBR079C,1,5.5452957,0.9248407483100891,0.7202380895614624,0.0059047238901257515
YKL166C,YMR242C,1,5.537886,0.9249364137649536,0.721230149269104,0.0059047238901257515
YDL122W,YOR182C,0,5.5174747,0.9237611293792725,0.721230149269104,0.006004803813993931
YHL033C,YJL076W,0,5.509025,0.9225888252258301,0.721230149269104,0.00610488373786211
YDL229W,YJL191W,1,5.507792,0.9226869344711304,0.7222222089767456,0.00610488373786211
YMR131C,YGR271C-A,0,5.505779,0.9215189814567566,0.7222222089767456,0.006204964127391577
YBL087C,YDR117C,1,5.504467,0.9216182231903076,0.7232142686843872,0.006204964127391577
YBR154C,YGR145W,0,5.5000305,0.9204545617103577,0.7232142686843872,0.006305044051259756
YOL045W,YGR027C,1,5.4922833,0.9205548763275146,0.7242063283920288,0.006305044051259756
YPL081W,YEL034W,1,5.474585,0.9206548929214478,0.7251983880996704,0.006305044051259756
YGR185C,YEL040W,0,5.4727616,0.9194968342781067,0.7251983880996704,0.006405123975127935
YLR192C,YMR230W,1,5.470176,0.9195979833602905,0.726190447807312,0.006405123975127935
YGR162W,YGR173W,1,5.460899,0.9196988940238953,0.7271825671195984,0.006405123975127935
YML026C,YHR041C,0,5.453837,0.9185463786125183,0.7271825671195984,0.006505204364657402
YLR262C-A,YLR048W,1,5.449367,0.9186483025550842,0.72817462682724,0.006505204364657402
YLR075W,YIL103W,1,5.435212,0.918749988079071,0.7291666865348816,0.006505204364657402
YKL120W,YFR032C-A,0,5.4325576,0.9176030158996582,0.7291666865348816,0.006605284288525581
YOL040C,YPL059W,0,5.4233212,0.9164588451385498,0.7291666865348816,0.006705364212393761
YPL090C,YOR209C,0,5.4175096,0.9153175354003906,0.7291666865348816,0.00680544413626194
YDR450W,YMR002W,0,5.409883,0.9141790866851807,0.7291666865348816,0.006905524525791407
YIL133C,YJR097W,1,5.406332,0.9142857193946838,0.7301587462425232,0.006905524525791407
YLR262C-A,YDR447C,1,5.3915505,0.9143920540809631,0.7311508059501648,0.006905524525791407
YJL096W,YJR101W,0,5.3638415,0.913258969783783,0.7311508059501648,0.007005604449659586
YCL037C,YDR023W,0,5.362576,0.9121286869049072,0.7311508059501648,0.007105684373527765
YLR075W,YOR056C,0,5.348159,0.9110012650489807,0.7311508059501648,0.007205764763057232
YPR009W,YGR148C,0,5.340602,0.9098765254020691,0.7311508059501648,0.007305844686925411
YDR012W,YLR336C,0,5.338486,0.9087546467781067,0.7311508059501648,0.0074059246107935905
YBR261C,YLR325C,1,5.335978,0.9088670015335083,0.7321428656578064,0.0074059246107935905
YPR112C,YKL056C,0,5.332893,0.9077490568161011,0.7321428656578064,0.007506005000323057
YLR192C,YGL135W,1,5.3156953,0.9078624248504639,0.733134925365448,0.007506005000323057
YBR034C,YJR094W-A,0,5.3156333,0.9067484736442566,0.733134925365448,0.0076060849241912365
YLR262C-A,YAL036C,1,5.3137527,0.906862735748291,0.7341269850730896,0.0076060849241912365
YGR096W,YGL031C,0,5.3105884,0.9057527780532837,0.7341269850730896,0.007706164848059416
YLR075W,YBR079C,1,5.309137,0.9058679938316345,0.7351190447807312,0.007706164848059416
YGR145W,YER165W,0,5.30851,0.9047619104385376,0.7351190447807312,0.007806244771927595
YLR008C,YLR293C,0,5.3047376,0.9036585092544556,0.7351190447807312,0.007906325161457062
YGL103W,YIL103W,1,5.28896,0.9037758708000183,0.7361111044883728,0.007906325161457062
YOR133W,YBL076C,0,5.2813854,0.9026764035224915,0.7361111044883728,0.008006405085325241
YHR041C,YOL040C,0,5.280679,0.9015795588493347,0.7361111044883728,0.00810648500919342
YHR064C,YDR429C,1,5.268444,0.9016990065574646,0.7371031641960144,0.00810648500919342
YGR187C,YIL110W,0,5.2641196,0.9006060361862183,0.7371031641960144,0.0082065649330616
YCR060W,YGL030W,0,5.258288,0.8995157480239868,0.7371031641960144,0.008306644856929779
YNL248C,YGR280C,0,5.225362,0.8984280824661255,0.7371031641960144,0.008406725712120533
YFL023W,YBR031W,1,5.218209,0.8985507488250732,0.738095223903656,0.008406725712120533
YCR034W,YBR251W,0,5.216642,0.8974668383598328,0.738095223903656,0.008506805635988712
YAL036C,YDL229W,1,5.209003,0.8975903391838074,0.7390872836112976,0.008506805635988712
YNL255C,YDL229W,1,5.2086415,0.8977136015892029,0.7400793433189392,0.008506805635988712
YLR409C,YMR121C,0,5.193509,0.8966346383094788,0.7400793433189392,0.008606885559856892
YPR009W,YGL103W,0,5.18832,0.89555823802948,0.7400793433189392,0.008706965483725071
YLR406C,YML091C,1,5.187005,0.8956834673881531,0.7410714030265808,0.008706965483725071
YNL231C,YPL079W,0,5.169267,0.8946107625961304,0.7410714030265808,0.00880704540759325
YDR280W,YPL237W,0,5.1586266,0.8935406804084778,0.7410714030265808,0.00890712533146143
YOL045W,YJR145C,1,5.155744,0.8936678767204285,0.7420634627342224,0.00890712533146143
YGL103W,YMR005W,0,5.1552205,0.8926014304161072,0.7420634627342224,0.009007206186652184
YHR203C,YNL175C,1,5.1533237,0.8927294611930847,0.7430555820465088,0.009007206186652184
YFR032C-A,YLR336C,0,5.1380067,0.8916666507720947,0.7430555820465088,0.009107286110520363
YNL252C,YDR012W,0,5.1089916,0.8906064033508301,0.7430555820465088,0.009207366034388542
YBR261C,YER117W,1,5.0986476,0.8907363414764404,0.7440476417541504,0.009207366034388542
YGL105W,YOR045W,0,5.093081,0.8896797299385071,0.7440476417541504,0.009307445958256721
YPL098C,YLR075W,0,5.08564,0.8886256217956543,0.7440476417541504,0.0094075258821249
YHL031C,YKL056C,0,5.069814,0.8875739574432373,0.7440476417541504,0.00950760580599308
YLR167W,YPL232W,0,5.0683837,0.8865247964859009,0.7440476417541504,0.00960768572986126
YDL051W,YHR065C,0,5.061342,0.885478138923645,0.7440476417541504,0.009707766585052013
YJR007W,YNL209W,1,5.055366,0.885613203048706,0.745039701461792,0.009707766585052013
YLR192C,YPL198W,1,5.0364904,0.8857479095458984,0.7460317611694336,0.009707766585052013
YAL042W,YOR182C,0,5.02603,0.8847059011459351,0.7460317611694336,0.009807846508920193
YJR112W,YOR182C,0,5.0183897,0.8836662769317627,0.7460317611694336,0.009907926432788372
YPR112C,YCR034W,0,5.00859,0.8826290965080261,0.7460317611694336,0.010008006356656551
YMR131C,YHR196W,0,5.0016923,0.8815943598747253,0.7460317611694336,0.01010808628052473
YGR124W,YML094W,0,4.991225,0.8805620670318604,0.7460317611694336,0.01020816620439291
YPL012W,YGR158C,0,4.9842668,0.8795321583747864,0.7460317611694336,0.010308247059583664
YOL045W,YFR031C-A,1,4.9768815,0.8796728849411011,0.7470238208770752,0.010308247059583664
YPL079W,YBL051C,0,4.969956,0.8786464333534241,0.7470238208770752,0.010408326983451843
YPL132W,YBR251W,0,4.9602847,0.8776223659515381,0.7470238208770752,0.010508406907320023
YAL036C,YGR173W,1,4.95548,0.8777648210525513,0.7480158805847168,0.010508406907320023
YGL245W,YLR312W-A,0,4.934214,0.8767442107200623,0.7480158805847168,0.010608486831188202
YFL023W,YER007C-A,1,4.921035,0.876887321472168,0.7490079402923584,0.010608486831188202
YOR260W,YMR121C,1,4.9166956,0.8770301342010498,0.75,0.010608486831188202
YPR043W,YIL103W,1,4.909838,0.8771726489067078,0.7509920597076416,0.010608486831188202
YLR390W,YKR081C,0,4.9091253,0.8761574029922485,0.7509920597076416,0.010708566755056381
YGL076C,YLR221C,0,4.892123,0.8751444816589355,0.7509920597076416,0.01080864667892456
YOR361C,YIL103W,1,4.8911166,0.8752886652946472,0.7519841194152832,0.01080864667892456
YHL033C,YML091C,1,4.8709216,0.875432550907135,0.7529761791229248,0.01080864667892456
YGR124W,YPL090C,0,4.867765,0.8744239807128906,0.7529761791229248,0.01090872660279274
YLR212C,YLR264W,1,4.8521423,0.8745684623718262,0.7539682388305664,0.01090872660279274
YDL133C-A,YEL034W,1,4.8485894,0.8747126460075378,0.754960298538208,0.01090872660279274
YOL120C,YLR212C,1,4.800917,0.8748564720153809,0.7559523582458496,0.01090872660279274
YBR261C,YOL127W,1,4.7978134,0.875,0.7569444179534912,0.01090872660279274
YOR320C,YGR148C,0,4.7963395,0.873997688293457,0.7569444179534912,0.011008807457983494
YMR269W,YPR190C,0,4.784691,0.8729977011680603,0.7569444179534912,0.011108887381851673
YDR194C,YPL132W,0,4.7778745,0.871999979019165,0.7569444179534912,0.011208967305719852
YDL136W,YEL034W,1,4.7631173,0.8721461296081543,0.7579365372657776,0.011208967305719852
YNL175C,YHR064C,1,4.7529645,0.8722919225692749,0.7589285969734192,0.011208967305719852
YPR041W,YHR064C,1,4.733997,0.8724373579025269,0.7599206566810608,0.011208967305719852
YNL301C,YLR384C,0,4.726279,0.871444821357727,0.7599206566810608,0.011309047229588032
YDL083C,YIL103W,1,4.7213235,0.8715909123420715,0.7609127163887024,0.011309047229588032
YLR432W,YHR062C,0,4.7212105,0.8706015944480896,0.7609127163887024,0.011409127153456211
YAL042W,YKL056C,0,4.712424,0.8696145415306091,0.7609127163887024,0.01150920707732439
YDR418W,YPR175W,0,4.7123227,0.8686296939849854,0.7609127163887024,0.01160928700119257
YOR369C,YLR147C,0,4.6839113,0.8676470518112183,0.7609127163887024,0.011709367856383324
YFL023W,YKL156W,1,4.678065,0.8677965998649597,0.761904776096344,0.011709367856383324
YDR429C,YPL132W,0,4.673739,0.8668171763420105,0.761904776096344,0.011809447780251503
YKL166C,YJR145C,1,4.6720037,0.8669673204421997,0.7628968358039856,0.011809447780251503
YLR325C,YDR328C,1,4.6633725,0.8671171069145203,0.7638888955116272,0.011809447780251503
YPL143W,YEL034W,1,4.6419683,0.8672665953636169,0.7648809552192688,0.011809447780251503
YER110C,YLR002C,0,4.5966334,0.8662921190261841,0.7648809552192688,0.011909527704119682
YKL029C,YGR185C,0,4.5934377,0.8653198480606079,0.7648809552192688,0.012009607627987862
YCR031C,YDR328C,1,4.592308,0.865470826625824,0.7658730149269104,0.012009607627987862
YOR182C,YDL004W,0,4.579695,0.8645016551017761,0.7658730149269104,0.012109687551856041
YMR290C,YLR244C,0,4.560883,0.863534688949585,0.7658730149269104,0.01220976747572422
YLR185W,YNL315C,0,4.5453753,0.8625698089599609,0.7658730149269104,0.012309848330914974
YDR450W,YGR245C,0,4.539391,0.8616071343421936,0.7658730149269104,0.012409928254783154
YIL103W,YHL001W,1,4.517659,0.8617614507675171,0.766865074634552,0.012409928254783154
YGR148C,YEL034W,1,4.508182,0.8619153499603271,0.7678571343421936,0.012409928254783154
YEL050C,YPL043W,0,4.4981875,0.860956609249115,0.7678571343421936,0.012510008178651333
YLR192C,YPR163C,1,4.486683,0.8611111044883728,0.7688491940498352,0.012510008178651333
YOR260W,YOR091W,1,4.468418,0.861265242099762,0.7698412537574768,0.012510008178651333
YBR084C-A,YDR152W,1,4.454835,0.8614190816879272,0.7708333134651184,0.012510008178651333
YGR187C,YGL246C,0,4.442265,0.8604651093482971,0.7708333134651184,0.012610088102519512
YFL023W,YNL244C,1,4.438462,0.8606194853782654,0.77182537317276,0.012610088102519512
YDR117C,YHL001W,1,4.432867,0.860773503780365,0.7728174328804016,0.012610088102519512
YDR280W,YDR429C,0,4.428806,0.8598234057426453,0.7728174328804016,0.012710168026387691
YMR269W,YHL039W,0,4.4245605,0.8588753938674927,0.7728174328804016,0.01281024795025587
YDR429C,YER003C,0,4.422026,0.857929527759552,0.7728174328804016,0.01291032787412405
YMR112C,YOR167C,0,4.3942432,0.8569856882095337,0.7728174328804016,0.013010408729314804
YOR369C,YGR163W,0,4.3690777,0.8560439348220825,0.7728174328804016,0.013110488653182983
YIL052C,YDR117C,1,4.36653,0.8562019467353821,0.773809552192688,0.013110488653182983
YGR034W,YDR328C,1,4.331489,0.8563596606254578,0.7748016119003296,0.013110488653182983
YLR020C,YJL136C,0,4.3231463,0.8554216623306274,0.7748016119003296,0.013210568577051163
YLR185W,YDR405W,0,4.3104887,0.8544857501983643,0.7748016119003296,0.013310648500919342
YPR190C,YHL039W,0,4.3103156,0.8535519242286682,0.7748016119003296,0.013410728424787521
YKL056C,YHL039W,0,4.3052115,0.8526200652122498,0.7748016119003296,0.0135108083486557
YKR057W,YML091C,1,4.301397,0.852780818939209,0.7757936716079712,0.0135108083486557
YHR203C,YJR097W,1,4.2673225,0.8529411554336548,0.7767857313156128,0.0135108083486557
YBL004W,YNL248C,0,4.260243,0.8520130515098572,0.7767857313156128,0.01361088827252388
YHR203C,YJR014W,1,4.2578406,0.852173924446106,0.7777777910232544,0.01361088827252388
YKR035W-A,YGR085C,0,4.2378206,0.8512486219406128,0.7777777910232544,0.013710969127714634
YBR261C,YIL018W,1,4.205586,0.8514099717140198,0.778769850730896,0.013710969127714634
YEL050C,YGR280C,0,4.1986747,0.8504875302314758,0.778769850730896,0.013811049051582813
YLR432W,YMR005W,0,4.174874,0.8495671153068542,0.778769850730896,0.013911128975450993
YDR117C,YJR145C,1,4.140701,0.8497297167778015,0.7797619104385376,0.013911128975450993
YBL072C,YJL041W,0,4.1368136,0.8488121032714844,0.7797619104385376,0.014011208899319172
YOL045W,YPL249C-A,1,4.135278,0.8489751815795898,0.7807539701461792,0.014011208899319172
YJL136C,YMR296C,0,4.1175876,0.8480603694915771,0.7807539701461792,0.014111288823187351
YKL166C,YJR094W-A,1,4.11169,0.8482239246368408,0.7817460298538208,0.014111288823187351
YNL162W,YMR202W,0,4.110636,0.8473118543624878,0.7817460298538208,0.01421136874705553
YLR212C,YIL069C,1,4.1069684,0.8474758267402649,0.7827380895614624,0.01421136874705553
YKR025W,YDL148C,0,4.1061606,0.8465664982795715,0.7827380895614624,0.014311449602246284
YER182W,YMR293C,0,4.0994067,0.8456591367721558,0.7827380895614624,0.014411529526114464
YOR004W,YDL004W,0,4.082487,0.8447537422180176,0.7827380895614624,0.014511609449982643
YFL035C-B,YJL177W,1,4.079358,0.8449198007583618,0.783730149269104,0.014511609449982643
YEL054C,YDR117C,1,4.065496,0.8450854420661926,0.7847222089767456,0.014511609449982643
YLR185W,YMR289W,0,4.0626206,0.8441835641860962,0.7847222089767456,0.014611689373850822
YPR102C,YLR212C,1,4.058309,0.8443496823310852,0.7857142686843872,0.014611689373850822
YBL072C,YCL058C,0,4.055561,0.8434504866600037,0.7857142686843872,0.014711769297719002
YLL045C,YDR328C,1,4.0212703,0.8436170220375061,0.7867063283920288,0.014711769297719002
YCL050C,YIL064W,0,4.0127864,0.8427205085754395,0.7867063283920288,0.014811849221587181
YMR131C,YLR359W,0,4.011766,0.8418259024620056,0.7867063283920288,0.01491192914545536
YDR450W,YGL092W,0,3.9972987,0.8409332036972046,0.7867063283920288,0.015012010000646114
YAL039C,YMR246W,0,3.9956942,0.8400423526763916,0.7867063283920288,0.015112089924514294
YOL020W,YJL136C,0,3.9934936,0.8391534686088562,0.7867063283920288,0.015212169848382473
YNL162W,YKL018W,0,3.9808583,0.8382663726806641,0.7867063283920288,0.015312249772250652
YDR339C,YHR196W,0,3.9782956,0.8373811841011047,0.7867063283920288,0.015412329696118832
YFL023W,YDR429C,1,3.9759092,0.8375527262687683,0.7876983880996704,0.015412329696118832
YLR201C,YGL031C,0,3.9743946,0.8366701602935791,0.7876983880996704,0.015512409619987011
YCR031C,YIL137C,1,3.971278,0.8368421196937561,0.788690447807312,0.015512409619987011
YCR046C,YGR280C,0,3.9710085,0.8359621167182922,0.788690447807312,0.01561248954385519
YHR026W,YGL030W,0,3.9690804,0.8350840210914612,0.788690447807312,0.015712570399045944
YER133W,YML106W,0,3.9679692,0.8342077732086182,0.788690447807312,0.015812650322914124
YLR262C-A,YDL184C,1,3.9666464,0.8343815803527832,0.7896825671195984,0.015812650322914124
YML026C,YGR194C,0,3.9629107,0.8335078358650208,0.7896825671195984,0.015912730246782303
YOL040C,YIL137C,1,3.957371,0.8336820006370544,0.79067462682724,0.015912730246782303
YJR123W,YJL003W,0,3.9535294,0.8328108787536621,0.79067462682724,0.016012810170650482
YIL016W,YAL033W,0,3.9496403,0.831941545009613,0.79067462682724,0.01611289009451866
YOL045W,YOR369C,1,3.9389353,0.8321167826652527,0.7916666865348816,0.01611289009451866
YBL076C,YMR024W,0,3.9378648,0.831250011920929,0.7916666865348816,0.01621297001838684
YIL133C,YLR143W,1,3.9358833,0.8314256072044373,0.7926587462425232,0.01621297001838684
YMR243C,YHL039W,0,3.9271235,0.8305613398551941,0.7926587462425232,0.01631304994225502
YHL033C,YDL135C,0,3.9036732,0.8296988606452942,0.7926587462425232,0.0164131298661232
YGL049C,YIL018W,1,3.8931751,0.8298755288124084,0.7936508059501648,0.0164131298661232
YDR280W,YHR066W,0,3.8908029,0.8290155529975891,0.7936508059501648,0.01651320978999138
YPL203W,YLR264W,1,3.8897233,0.8291925191879272,0.7946428656578064,0.01651320978999138
YLR192C,YLR212C,1,3.8895917,0.8293691873550415,0.795634925365448,0.01651320978999138
YGL103W,YEL034W,1,3.8886757,0.8295454382896423,0.7966269850730896,0.01651320978999138
YML026C,YMR276W,0,3.882832,0.8286893963813782,0.7966269850730896,0.016613289713859558
YER058W,YNL315C,0,3.8812783,0.8278350234031677,0.7966269850730896,0.016713371500372887
YBL072C,YEL001C,0,3.8767505,0.8269824981689453,0.7966269850730896,0.016813451424241066
YKL166C,YHL001W,1,3.8736546,0.8271604776382446,0.7976190447807312,0.016813451424241066
YIL069C,YFL035C-B,1,3.8726943,0.8273381590843201,0.7986111044883728,0.016813451424241066
YBL052C,YGL103W,0,3.8678927,0.826488733291626,0.7986111044883728,0.016913531348109245
YGR148C,YPL128C,0,3.8668983,0.8256410360336304,0.7986111044883728,0.017013611271977425
YLR192C,YDR152W,1,3.8614964,0.8258196711540222,0.7996031641960144,0.017013611271977425
YML106W,YLR384C,0,3.8600237,0.8249744176864624,0.7996031641960144,0.017113691195845604
YGR145W,YOR045W,0,3.8548293,0.8241308927536011,0.7996031641960144,0.017213771119713783
YPR163C,YOR260W,1,3.8057184,0.8243105411529541,0.800595223903656,0.017213771119713783
YGL147C,YDR328C,1,3.7967234,0.8244897723197937,0.8015872836112976,0.017213771119713783
YDR117C,YER074W,1,3.7930853,0.8246687054634094,0.8025793433189392,0.017213771119713783
YAL039C,YGL171W,0,3.7919545,0.823828935623169,0.8025793433189392,0.017313851043581963
YGL049C,YLR325C,1,3.7907004,0.8240081667900085,0.8035714030265808,0.017313851043581963
YLR075W,YGR096W,0,3.7849467,0.8231707215309143,0.8035714030265808,0.017413930967450142
YDR511W,YJL080C,0,3.7811418,0.8223350048065186,0.8035714030265808,0.01751401089131832
YPR190C,YDL148C,0,3.78076,0.8215010166168213,0.8035714030265808,0.0176140908151865
YNL301C,YIL103W,1,3.7632935,0.8216818571090698,0.8045634627342224,0.0176140908151865
YEL017C-A,YML026C,0,3.7508755,0.8208501935005188,0.8045634627342224,0.01771417073905468
YLR287C-A,YJR097W,1,3.74336,0.8210313320159912,0.8055555820465088,0.01771417073905468
YNL315C,YJR094W-A,0,3.7411923,0.8202019929885864,0.8055555820465088,0.01781425066292286
YER025W,YDL133C-A,1,3.7392418,0.8203834295272827,0.8065476417541504,0.01781425066292286
YJR009C,YNL070W,0,3.7352743,0.819556474685669,0.8065476417541504,0.01791433058679104
YDR328C,YLR167W,1,3.7352195,0.8197381496429443,0.807539701461792,0.01791433058679104
YKL141W,YDR418W,0,3.730493,0.818913459777832,0.807539701461792,0.018014412373304367
YLR312W-A,YJL145W,0,3.7183497,0.8180904388427734,0.807539701461792,0.018114492297172546
YOR004W,YMR002W,0,3.7150867,0.8172690868377686,0.807539701461792,0.018214572221040726
YLR406C,YFL035C-B,1,3.7147675,0.8174523711204529,0.8085317611694336,0.018214572221040726
YFR038W,YOR167C,0,3.7130148,0.8166332840919495,0.8085317611694336,0.018314652144908905
YJR070C,YPL098C,0,3.7128131,0.815815806388855,0.8085317611694336,0.018414732068777084
YNL240C,YGL031C,0,3.7041898,0.8149999976158142,0.8085317611694336,0.018514811992645264
YGR187C,YOR233W,0,3.7002583,0.8141857981681824,0.8085317611694336,0.018614891916513443
YDL051W,YMR024W,0,3.691154,0.8133732676506042,0.8085317611694336,0.018714971840381622
YOR276W,YGL246C,0,3.6892543,0.8125622868537903,0.8085317611694336,0.0188150517642498
YMR269W,YMR152W,0,3.6766791,0.81175297498703,0.8085317611694336,0.01891513168811798
YOR369C,YJL102W,0,3.6752968,0.8109452724456787,0.8085317611694336,0.01901521161198616
YDR477W,YKL056C,0,3.6661818,0.8101391792297363,0.8085317611694336,0.01911529153585434
YJL008C,YER126C,0,3.645351,0.8093346357345581,0.8085317611694336,0.01921537145972252
YPR102C,YAL005C,1,3.6404963,0.8095238208770752,0.8095238208770752,0.01921537145972252
YBL087C,YLR143W,1,3.636685,0.8097125887870789,0.8105158805847168,0.01921537145972252
YPL244C,YKR081C,0,3.6318588,0.8089109063148499,0.8105158805847168,0.019315453246235847
YLR185W,YEL034W,1,3.631463,0.8090999126434326,0.8115079402923584,0.019315453246235847
YDR012W,YER099C,0,3.627828,0.8083003759384155,0.8115079402923584,0.019415533170104027
YML063W,YML052W,0,3.6245842,0.8075024485588074,0.8115079402923584,0.019515613093972206
YBR261C,YKR059W,1,3.605832,0.807692289352417,0.8125,0.019515613093972206
YJL130C,YDL148C,0,3.5990024,0.8068965673446655,0.8125,0.019615693017840385
YIL133C,YML091C,1,3.5970023,0.8070865869522095,0.8134920597076416,0.019615693017840385
YNL178W,YOR204W,1,3.5956023,0.8072763085365295,0.8144841194152832,0.019615693017840385
YGR148C,YBR266C,0,3.5932653,0.8064833283424377,0.8144841194152832,0.019715772941708565
YPL237W,YKL194C,0,3.5853114,0.8056918382644653,0.8144841194152832,0.019815852865576744
YLR244C,YDL060W,0,3.564869,0.8049019575119019,0.8144841194152832,0.019915932789444923
YHL031C,YLR002C,0,3.562784,0.8041136264801025,0.8144841194152832,0.020016012713313103
YLR168C,YJR094W-A,0,3.5616283,0.8033267855644226,0.8144841194152832,0.020116092637181282
YGL022W,YNL067W,0,3.5612376,0.8025415539741516,0.8144841194152832,0.02021617256104946
YDR119W,YLR384C,0,3.5551186,0.8017578125,0.8144841194152832,0.02031625248491764
YER058W,YKL137W,0,3.54633,0.8009756207466125,0.8144841194152832,0.02041633240878582
YPL079W,YBL002W,0,3.5359201,0.8001949191093445,0.8144841194152832,0.020516412332654
YPR047W,YLR167W,0,3.5288496,0.7994157671928406,0.8144841194152832,0.020616494119167328
YLR192C,YJR097W,1,3.5287657,0.7996109127998352,0.8154761791229248,0.020616494119167328
YJL190C,YAL005C,1,3.5269766,0.7998056411743164,0.8164682388305664,0.020616494119167328
YNL301C,YPR017C,0,3.526924,0.7990291118621826,0.8164682388305664,0.020716574043035507
YPL273W,YDR280W,0,3.5234716,0.798254132270813,0.8164682388305664,0.020816653966903687
YOR004W,YPL059W,0,3.5208838,0.7974806427955627,0.8164682388305664,0.020916733890771866
YLR314C,YGR085C,0,3.52031,0.7967086434364319,0.8164682388305664,0.021016813814640045
YEL040W,YGL225W,0,3.5188723,0.7959381341934204,0.8164682388305664,0.021116893738508224
YPL090C,YOR362C,0,3.5141366,0.7951690554618835,0.8164682388305664,0.021216973662376404
YLR143W,YLR441C,1,3.5093458,0.7953668236732483,0.817460298538208,0.021216973662376404
YOR167C,YML011C,0,3.5087938,0.7945998311042786,0.817460298538208,0.021317053586244583
YDR023W,YBR251W,0,3.4960604,0.7938342690467834,0.817460298538208,0.021417133510112762
YJL189W,YIL137C,1,3.487655,0.7940327525138855,0.8184523582458496,0.021417133510112762
YML026C,YOL060C,0,3.4770498,0.7932692170143127,0.8184523582458496,0.021517213433980942
YER110C,YPR169W,0,3.4665494,0.7925072312355042,0.8184523582458496,0.02161729335784912
YLR061W,YML091C,1,3.4537933,0.792706310749054,0.8194444179534912,0.02161729335784912
YPL012W,YBR172C,0,3.4451041,0.791946291923523,0.8194444179534912,0.0217173732817173
YLR212C,YGL030W,1,3.430968,0.7921456098556519,0.8204365372657776,0.0217173732817173
YLR143W,YGR027C,1,3.4298635,0.7923445105552673,0.8214285969734192,0.0217173732817173
YDL150W,YAL033W,0,3.4290235,0.7915869951248169,0.8214285969734192,0.02181745320558548
YFL035C-B,YLR441C,1,3.4197936,0.7917860746383667,0.8224206566810608,0.02181745320558548
YJL096W,YOR159C,0,3.4079914,0.7910305261611938,0.8224206566810608,0.02191753312945366
YJL123C,YDR450W,0,3.402379,0.7902764678001404,0.8224206566810608,0.022017614915966988
YOR369C,YPL271W,0,3.3934288,0.7895237803459167,0.8224206566810608,0.022117694839835167
YPL043W,YMR235C,0,3.391798,0.7887725830078125,0.8224206566810608,0.022217774763703346
YDR023W,YLR186W,0,3.390781,0.7880228161811829,0.8224206566810608,0.022317854687571526
YDL098C,YGL076C,0,3.383315,0.7872744798660278,0.8224206566810608,0.022417934611439705
YBR191W,YEL034W,1,3.379003,0.7874763011932373,0.8234127163887024,0.022417934611439705
YGL049C,YDR500C,1,3.3788116,0.7876777052879333,0.824404776096344,0.022417934611439705
YMR290C,YMR113W,0,3.3712268,0.7869318127632141,0.824404776096344,0.022518014535307884
YIL018W,YFL035C-B,1,3.3686805,0.7871333956718445,0.8253968358039856,0.022518014535307884
YDR194C,YDR418W,0,3.3636694,0.7863894104957581,0.8253968358039856,0.022618094459176064
YBR261C,YAL036C,1,3.362545,0.786591112613678,0.8263888955116272,0.022618094459176064
YDR194C,YLR068W,0,3.3478975,0.7858490347862244,0.8263888955116272,0.022718174383044243
YCR087C-A,YOR133W,0,3.3413014,0.7851083874702454,0.8263888955116272,0.022818254306912422
YMR079W,YLR147C,0,3.3387873,0.7843691110610962,0.8263888955116272,0.0229183342307806
YPL243W,YOR133W,0,3.3123195,0.7836312055587769,0.8263888955116272,0.02301841415464878
YOR017W,YOL040C,0,3.289731,0.7828947305679321,0.8263888955116272,0.02311849407851696
YOL071W,YOR182C,0,3.2895765,0.7821596264839172,0.8263888955116272,0.02321857400238514
YDR117C,YDL061C,1,3.287797,0.7823639512062073,0.8273809552192688,0.02321857400238514
YOR204W,YNL209W,1,3.2846222,0.7825679183006287,0.8283730149269104,0.02321857400238514
YNL162W,YLR143W,1,3.281258,0.7827715277671814,0.829365074634552,0.02321857400238514
YOR206W,YJL076W,0,3.2705894,0.7820392847061157,0.829365074634552,0.023318655788898468
YLR143W,YDR500C,1,3.261043,0.782243013381958,0.8303571343421936,0.023318655788898468
YOR167C,YKR048C,0,3.2577372,0.7815126180648804,0.8303571343421936,0.023418735712766647
YBL045C,YKL137W,0,3.2517145,0.7807835936546326,0.8303571343421936,0.023518815636634827
YGR185C,YGL200C,0,3.2460387,0.7800559401512146,0.8303571343421936,0.023618895560503006
YER131W,YPL119C,1,3.238631,0.7802606821060181,0.8313491940498352,0.023618895560503006
YOR167C,YBL003C,0,3.2382388,0.7795348763465881,0.8313491940498352,0.023718975484371185
YOR233W,YOR206W,0,3.2381072,0.7788103818893433,0.8313491940498352,0.023819055408239365
YPL255W,YLR075W,0,3.230495,0.7780872583389282,0.8313491940498352,0.023919135332107544
YBR034C,YGL083W,0,3.22785,0.777365505695343,0.8313491940498352,0.024019215255975723
YLR409C,YKR025W,0,3.1993408,0.7766450643539429,0.8313491940498352,0.024119295179843903
YBL072C,YKR014C,0,3.1988685,0.7759259343147278,0.8313491940498352,0.024219375103712082
YOR204W,YER102W,1,3.198152,0.7761332392692566,0.8323412537574768,0.024219375103712082
YDR025W,YFL035C-B,1,3.164843,0.776340126991272,0.8333333134651184,0.024219375103712082
YHR041C,YJR094W-A,0,3.16186,0.7756232619285583,0.8333333134651184,0.02431945502758026
YDR380W,YGR110W,0,3.1425915,0.7749077677726746,0.8333333134651184,0.02441953495144844
YLR143W,YBL027W,1,3.1274996,0.7751151919364929,0.83432537317276,0.02441953495144844
YNL067W,YKR080W,0,3.126688,0.7744014859199524,0.83432537317276,0.02451961487531662
YDR339C,YNL001W,0,3.1234617,0.7736890316009521,0.83432537317276,0.02461969666182995
YOR276W,YKL114C,0,3.1223397,0.7729779481887817,0.83432537317276,0.024719776585698128
YGL049C,YNL067W,1,3.1222734,0.7731863856315613,0.8353174328804016,0.024719776585698128
YJR041C,YLR243W,0,3.1086993,0.7724770903587341,0.8353174328804016,0.024819856509566307
YOR145C,YLR390W,0,3.105374,0.7717690467834473,0.8353174328804016,0.024919936433434486
YPL226W,YMR246W,0,3.104567,0.7710622549057007,0.8353174328804016,0.025020016357302666
YOR369C,YJL046W,0,3.0936418,0.7703568339347839,0.8353174328804016,0.025120096281170845
YLR325C,YFL035C-B,1,3.0934408,0.7705667018890381,0.836309552192688,0.025120096281170845
YJR070C,YLR147C,0,3.0923743,0.7698630094528198,0.836309552192688,0.025220176205039024
YMR194W,YAL005C,1,3.0753617,0.7700729966163635,0.8373016119003296,0.025220176205039024
YGL076C,YOL005C,0,3.071628,0.7693710327148438,0.8373016119003296,0.025320256128907204
YLR185W,YOL026C,0,3.0660846,0.7686703205108643,0.8373016119003296,0.025420336052775383
YKL056C,YPL040C,0,3.065442,0.767970860004425,0.8373016119003296,0.025520415976643562
YJR113C,YPL087W,0,3.056346,0.7672727108001709,0.8373016119003296,0.02562049590051174
YJL061W,YHL039W,0,3.0528307,0.766575813293457,0.8373016119003296,0.02572057582437992
YEL001C,YOR133W,0,3.0511396,0.7658802270889282,0.8373016119003296,0.0258206557482481
YPL273W,YPR112C,0,3.049575,0.7651858329772949,0.8373016119003296,0.02592073567211628
YLR333C,YPL119C,1,3.0492377,0.7653985619544983,0.8382936716079712,0.02592073567211628
YCR087C-A,YHR066W,0,3.0462766,0.7647058963775635,0.8382936716079712,0.026020817458629608
YPR047W,YDR511W,0,3.0417314,0.764014482498169,0.8382936716079712,0.026120897382497787
YJR014W,YAL036C,1,3.04005,0.7642276287078857,0.8392857313156128,0.026120897382497787
YEL059C-A,YOR167C,0,3.0292704,0.7635378837585449,0.8392857313156128,0.026220977306365967
YKL152C,YLR186W,0,3.0288513,0.7628493905067444,0.8392857313156128,0.026321057230234146
YBL072C,YMR246W,0,3.0269578,0.7621621489524841,0.8392857313156128,0.026421137154102325
YJR094W-A,YNL059C,0,3.023682,0.7614761590957642,0.8392857313156128,0.026521217077970505
YGL049C,YBR031W,1,3.016368,0.7616906762123108,0.8402777910232544,0.026521217077970505
YJR007W,YLR212C,1,3.0121264,0.761904776096344,0.841269850730896,0.026521217077970505
YOR023C,YBL072C,0,3.0117793,0.7612208127975464,0.841269850730896,0.026621297001838684
YOL149W,YNL067W,0,3.0092533,0.7605381011962891,0.841269850730896,0.026721376925706863
YDR025W,YDR328C,1,2.997231,0.7607526779174805,0.8422619104385376,0.026721376925706863
YER126C,YOL032W,0,2.9968352,0.7600716352462769,0.8422619104385376,0.026821456849575043
YOR004W,YDR031W,0,2.9966173,0.7593917846679688,0.8422619104385376,0.026921536773443222
YHL015W,YPL119C,1,2.9743257,0.7596067786216736,0.8432539701461792,0.026921536773443222
YPL132W,YGL253W,0,2.9727232,0.7589285969734192,0.8432539701461792,0.0270216166973114
YLR110C,YEL050C,0,2.9691882,0.7582515478134155,0.8432539701461792,0.02712169662117958
YDR373W,YJL148W,0,2.968534,0.7575757503509521,0.8432539701461792,0.02722177654504776
YLR061W,YGL049C,1,2.9647098,0.7577916383743286,0.8442460298538208,0.02722177654504776
YOL071W,YML106W,0,2.9644048,0.7571174502372742,0.8442460298538208,0.02732185833156109
YDR471W,YML091C,1,2.959076,0.7573333382606506,0.8452380895614624,0.02732185833156109
YGL076C,YPL119C,1,2.956615,0.7575488686561584,0.846230149269104,0.02732185833156109
YGL031C,YLR097C,0,2.9538178,0.7568766474723816,0.846230149269104,0.027421938255429268
YJR009C,YER117W,0,2.9481912,0.756205677986145,0.846230149269104,0.027522018179297447
YOR206W,YOL038W,0,2.9442794,0.755535900592804,0.846230149269104,0.027622098103165627
YLR100W,YOL049W,0,2.9382925,0.7548672556877136,0.846230149269104,0.027722178027033806
YMR131C,YGL070C,0,2.9167538,0.7541998028755188,0.846230149269104,0.027822257950901985
YLR325C,YLR143W,1,2.9126391,0.7544169425964355,0.8472222089767456,0.027822257950901985
YOR204W,YML073C,1,2.910904,0.7546337246894836,0.8482142686843872,0.027822257950901985
YHR010W,YPL203W,1,2.8991113,0.7548500895500183,0.8492063283920288,0.027822257950901985
YFR031C,YPL079W,0,2.8942602,0.7541850209236145,0.8492063283920288,0.027922337874770164
YLR075W,YOR026W,0,2.8917627,0.7535211443901062,0.8492063283920288,0.028022417798638344
YDR086C,YMR079W,0,2.8890815,0.7528584003448486,0.8492063283920288,0.028122497722506523
YDR362C,YOR369C,0,2.8875685,0.7521968483924866,0.8492063283920288,0.028222577646374702
YHR170W,YGR172C,0,2.8791099,0.7515364289283752,0.8492063283920288,0.028322657570242882
YFR032C-A,YJL041W,0,2.8743827,0.7508772015571594,0.8492063283920288,0.02842273749411106
YPL203W,YLR048W,1,2.8653347,0.7510955333709717,0.8501983880996704,0.02842273749411106
YJR094W-A,YIL010W,0,2.8644485,0.75043785572052,0.8501983880996704,0.02852281741797924
YDR064W,YPL119C,1,2.860197,0.7506561875343323,0.851190447807312,0.02852281741797924
YLR244C,YLR002C,0,2.8524754,0.75,0.851190447807312,0.02862289920449257
YDR471W,YLR143W,1,2.8512332,0.7502183318138123,0.8521825671195984,0.02862289920449257
YLR185W,YDR217C,0,2.8471398,0.7495636940002441,0.8521825671195984,0.02872297912836075
YDL060W,YLR243W,0,2.8462372,0.7489101886749268,0.8521825671195984,0.028823059052228928
YLR448W,YFL035C-B,1,2.8455632,0.7491289377212524,0.85317462682724,0.028823059052228928
YCL061C,YOR133W,0,2.8452935,0.7484769225120544,0.85317462682724,0.028923138976097107
YPL143W,YPL119C,1,2.8434608,0.7486956715583801,0.8541666865348816,0.028923138976097107
YOL056W,YGL103W,0,2.836022,0.7480452060699463,0.8541666865348816,0.029023218899965286
YJL136C,YNL056W,0,2.8328376,0.7473958134651184,0.8541666865348816,0.029123298823833466
YGL040C,YEL040W,0,2.818006,0.746747612953186,0.8541666865348816,0.029223378747701645
YBR055C,YGL030W,0,2.817905,0.7461005449295044,0.8541666865348816,0.029323458671569824
YDR339C,YLR223C,0,2.8064404,0.7454545497894287,0.8541666865348816,0.029423538595438004
YER003C,YDR155C,0,2.7989633,0.7448096871376038,0.8541666865348816,0.029523618519306183
YGL040C,YGL107C,0,2.7963548,0.7441659569740295,0.8541666865348816,0.029623698443174362
YLR057W,YER165W,0,2.7819722,0.7435232996940613,0.8541666865348816,0.02972377836704254
YMR001C,YNL162W,0,2.7741303,0.7428817749023438,0.8541666865348816,0.02982385829091072
YPR009W,YHR170W,0,2.7693002,0.742241382598877,0.8541666865348816,0.02992394007742405
YOR290C,YBL072C,0,2.7684636,0.7416020631790161,0.8541666865348816,0.03002402000129223
YHL031C,YHR066W,0,2.768376,0.740963876247406,0.8541666865348816,0.030124099925160408
YCR031C,YCR077C,1,2.7615118,0.7411865592002869,0.8551587462425232,0.030124099925160408
YBR141C,YBL072C,0,2.755391,0.7405498027801514,0.8551587462425232,0.030224179849028587
YLR185W,YBR231C,0,2.752513,0.7399141788482666,0.8551587462425232,0.030324259772896767
YJL189W,YDR117C,1,2.7486148,0.7401372194290161,0.8561508059501648,0.030324259772896767
YOL056W,YGR185C,0,2.7437184,0.739503026008606,0.8561508059501648,0.030424339696764946
YDR418W,YML028W,0,2.743303,0.738869845867157,0.8561508059501648,0.030524419620633125
YGR243W,YDL199C,0,2.7363322,0.7382377982139587,0.8561508059501648,0.030624499544501305
YPL079W,YNL265C,0,2.730967,0.7376068234443665,0.8561508059501648,0.030724579468369484
YPL090C,YBL045C,0,2.725867,0.7369769215583801,0.8561508059501648,0.030824659392237663
YKR049C,YNL061W,0,2.725275,0.7363481521606445,0.8561508059501648,0.030924739316105843
YOR369C,YBR069C,0,2.7219052,0.7357203960418701,0.8561508059501648,0.031024819239974022
YNL301C,YKL214C,0,2.7198856,0.7350937128067017,0.8561508059501648,0.0311248991638422
YDR418W,YIL149C,0,2.7177331,0.7344681024551392,0.8561508059501648,0.03122497908771038
YDR023W,YAL058W,0,2.717517,0.7338435649871826,0.8561508059501648,0.03132506087422371
YOR204W,YLR344W,1,2.714959,0.7340696454048157,0.8571428656578064,0.03132506087422371
YGL076C,YLR299W,0,2.7120395,0.7334465384483337,0.8571428656578064,0.03142514079809189
YPL090C,YER178W,0,2.7084215,0.732824444770813,0.8571428656578064,0.03152522072196007
YLR216C,YML106W,0,2.70819,0.7322033643722534,0.8571428656578064,0.03162530064582825
YNL162W,YFL041W,0,2.7062511,0.7315834164619446,0.8571428656578064,0.031725380569696426
YNL005C,YDR023W,0,2.6963313,0.7309644818305969,0.8571428656578064,0.031825460493564606
YPL081W,YGL012W,0,2.6898136,0.7303465604782104,0.8571428656578064,0.031925540417432785
YOR167C,YLR375W,0,2.6777391,0.7297297120094299,0.8571428656578064,0.032025620341300964
YMR186W,YHR170W,0,2.674973,0.7291139364242554,0.8571428656578064,0.032125700265169144
YCL011C,YMR235C,0,2.6744547,0.728499174118042,0.8571428656578064,0.03222578018903732
YNR045W,YLR167W,0,2.6743531,0.7278854250907898,0.8571428656578064,0.0323258601129055
YBL072C,YDL137W,0,2.6729662,0.7272727489471436,0.8571428656578064,0.03242594003677368
YFL023W,YDL133C-A,1,2.6718225,0.7275021076202393,0.858134925365448,0.03242594003677368
YJR014W,YLR143W,1,2.6615045,0.7277311086654663,0.8591269850730896,0.03242594003677368
YGR148C,YNL126W,0,2.6593695,0.727120041847229,0.8591269850730896,0.03252601996064186
YOL103W,YGL030W,0,2.6586862,0.7265100479125977,0.8591269850730896,0.03262609988451004
YBL058W,YGL076C,0,2.657314,0.7259010672569275,0.8591269850730896,0.03272617980837822
YOR298C-A,YLR178C,0,2.6543808,0.7252931594848633,0.8591269850730896,0.0328262597322464
YDL229W,YAL035W,1,2.6524842,0.7255229949951172,0.8601190447807312,0.0328262597322464
YJL096W,YIL110W,0,2.652381,0.724916398525238,0.8601190447807312,0.03292633965611458
YML028W,YKL160W,0,2.6512313,0.7243107557296753,0.8601190447807312,0.03302641957998276
YMR001C,YDL184C,0,2.6507182,0.7237061858177185,0.8601190447807312,0.03312649950385094
YOR157C,YDL137W,0,2.6412475,0.7231025695800781,0.8601190447807312,0.033226579427719116
YDR367W,YBL052C,0,2.6321383,0.7225000262260437,0.8601190447807312,0.033326663076877594
YDR337W,YBL099W,0,2.6231575,0.7218984365463257,0.8601190447807312,0.03342674300074577
YDR418W,YLR390W-A,0,2.6182332,0.7212978601455688,0.8601190447807312,0.03352682292461395
YNL301C,YLR253W,0,2.6179287,0.7206982374191284,0.8601190447807312,0.03362690284848213
YOR142W,YBL072C,0,2.6162357,0.720099687576294,0.8601190447807312,0.03372698277235031
YOR142W,YDL027C,0,2.6109214,0.7195020914077759,0.8601190447807312,0.03382706269621849
YBR246W,YDL061C,1,2.6091275,0.7197346687316895,0.8611111044883728,0.03382706269621849
YMR246W,YNL067W,0,2.6068249,0.7191383838653564,0.8611111044883728,0.03392714262008667
YLR008C,YHR143W-A,0,2.600435,0.7185430526733398,0.8611111044883728,0.03402722254395485
YDR524C,YDR012W,0,2.6000369,0.7179487347602844,0.8611111044883728,0.03412730246782303
YGR214W,YHR168W,1,2.5996041,0.7181817889213562,0.8621031641960144,0.03412730246782303
YDR513W,YJR063W,0,2.5899355,0.7175887823104858,0.8621031641960144,0.03422738239169121
YMR002W,YKR065C,0,2.5863907,0.7169967293739319,0.8621031641960144,0.03432746231555939
YMR079W,YLR384C,0,2.5861497,0.7164056301116943,0.8621031641960144,0.034427542239427567
YDR031W,YMR024W,0,2.5853689,0.7158154845237732,0.8621031641960144,0.034527622163295746
YJL136C,YMR097C,0,2.569087,0.7152263522148132,0.8621031641960144,0.034627702087163925
YOR168W,YKR072C,0,2.5682793,0.7146381735801697,0.8621031641960144,0.034727782011032104
YDR012W,YJL194W,0,2.5680175,0.7140509486198425,0.8621031641960144,0.034827861934900284
YEL001C,YDL184C,0,2.5647707,0.7134646773338318,0.8621031641960144,0.03492794185876846
YIL110W,YNR028W,0,2.562107,0.7128794193267822,0.8621031641960144,0.03502802178263664
YBR092C,YGR163W,0,2.5551744,0.7122950553894043,0.8621031641960144,0.03512810170650482
YER117W,YLR212C,1,2.5535526,0.7125307321548462,0.863095223903656,0.03512810170650482
YER171W,YDR339C,0,2.549352,0.7119476199150085,0.863095223903656,0.035228181630373
YCR046C,YOL071W,0,2.5443697,0.7113655209541321,0.863095223903656,0.03532826155424118
YKL046C,YLR167W,0,2.5435767,0.7107843160629272,0.863095223903656,0.03542834147810936
YML004C,YNL067W,0,2.5393605,0.7102040648460388,0.863095223903656,0.03552842140197754
YLR192C,YBR079C,1,2.5232077,0.710440456867218,0.8640872836112976,0.03552842140197754
YGR124W,YFR032C-A,0,2.5188203,0.7098614573478699,0.8640872836112976,0.03562850132584572
YAL005C,YML026C,1,2.5158472,0.7100977301597595,0.8650793433189392,0.03562850132584572
YGR086C,YPL265W,0,2.50886,0.7095199227333069,0.8650793433189392,0.0357285812497139
YER072W,YML106W,0,2.507725,0.7089430689811707,0.8650793433189392,0.03582866117358208
YEL060C,YPL043W,0,2.505722,0.7083671689033508,0.8650793433189392,0.035928744822740555
YGR124W,YGR280C,0,2.5026865,0.7077922224998474,0.8650793433189392,0.036028824746608734
YBL072C,YKL141W,0,2.4987845,0.7072181701660156,0.8650793433189392,0.03612890467047691
YLR110C,YKL160W,0,2.4874825,0.7066450715065002,0.8650793433189392,0.03622898459434509
YFL052W,YBR297W,0,2.4856043,0.7060728669166565,0.8650793433189392,0.03632906451821327
YKL150W,YOR167C,0,2.4838123,0.7055016160011292,0.8650793433189392,0.03642914444208145
YCR029C-A,YJL155C,0,2.4800115,0.7049312591552734,0.8650793433189392,0.03652922436594963
YIL014W,YMR121C,0,2.472713,0.7043618559837341,0.8650793433189392,0.03662930428981781
YJR070C,YDR256C,0,2.4635499,0.7037934064865112,0.8650793433189392,0.03672938421368599
YLR359W,YLR243W,0,2.4604049,0.7032257914543152,0.8650793433189392,0.03682946413755417
YJR141W,YGR158C,0,2.4512448,0.7026591300964355,0.8650793433189392,0.03692954406142235
YPL013C,YDR158W,0,2.4418817,0.7020934224128723,0.8650793433189392,0.03702962398529053
YGR163W,YDL184C,0,2.4417906,0.7015285491943359,0.8650793433189392,0.03712970390915871
YMR290C,YKL018W,0,2.4382443,0.700964629650116,0.8650793433189392,0.037229783833026886
YOR204W,YOR091W,1,2.4364858,0.7012048363685608,0.8660714030265808,0.037229783833026886
YGR245C,YOR336W,0,2.4350066,0.7006420493125916,0.8660714030265808,0.037329863756895065
YPL079W,YGR271W,1,2.4346638,0.7008821368217468,0.8670634627342224,0.037329863756895065
YJL192C,YCL050C,0,2.4319258,0.7003205418586731,0.8670634627342224,0.037429943680763245
YLR138W,YDL148C,0,2.4302943,0.6997597813606262,0.8670634627342224,0.037530023604631424
YBL072C,YGL093W,0,2.4300904,0.6991999745368958,0.8670634627342224,0.0376301035284996
YDR373W,YNL162W,0,2.4275236,0.6986410617828369,0.8670634627342224,0.03773018345236778
YOR094W,YLR186W,0,2.4167976,0.6980830430984497,0.8670634627342224,0.03783026337623596
YOL022C,YLR186W,0,2.4146576,0.6975259184837341,0.8670634627342224,0.03793034330010414
YJR063W,YGR194C,0,2.4094067,0.6969696879386902,0.8670634627342224,0.03803042322397232
YLR002C,YGL092W,0,2.407402,0.6964143514633179,0.8670634627342224,0.0381305031478405
YDR031W,YJR121W,0,2.406156,0.6958598494529724,0.8670634627342224,0.03823058307170868
YEL040W,YNL240C,0,2.3946967,0.6953063011169434,0.8670634627342224,0.03833066299557686
YLR075W,YHR172W,0,2.3941603,0.6947535872459412,0.8670634627342224,0.03843074291944504
YKL191W,YFL035C-B,1,2.3936067,0.6949959993362427,0.8680555820465088,0.03843074291944504
YMR296C,YKL137W,0,2.3911679,0.6944444179534912,0.8680555820465088,0.03853082284331322
YGL225W,YGL171W,0,2.3891675,0.6938937306404114,0.8680555820465088,0.038630906492471695
YJL206C,YOL040C,0,2.388698,0.6933438777923584,0.8680555820465088,0.038730986416339874
YOR145C,YHR154W,0,2.3826149,0.692794919013977,0.8680555820465088,0.038831066340208054
YBR246W,YIL052C,1,2.3797915,0.6930379867553711,0.8690476417541504,0.038831066340208054
YJR094W-A,YGR204W,0,2.374456,0.6924901008605957,0.8690476417541504,0.03893114626407623
YGR271C-A,YOR336W,0,2.3702426,0.6919431090354919,0.8690476417541504,0.03903122618794441
YPR102C,YIL103W,1,2.370152,0.6921862959861755,0.870039701461792,0.03903122618794441
YBR246W,YKL180W,1,2.3664165,0.6924290060997009,0.8710317611694336,0.03903122618794441
YDR093W,YNL248C,0,2.3627157,0.691883385181427,0.8710317611694336,0.03913130611181259
YLR409C,YIL157C,0,2.3604774,0.6913385987281799,0.8710317611694336,0.03923138603568077
YJR007W,YGL206C,0,2.3579862,0.6907946467399597,0.8710317611694336,0.03933146595954895
YDL051W,YPR193C,0,2.35744,0.6902515888214111,0.8710317611694336,0.03943154588341713
YMR202W,YDR367W,0,2.3559315,0.6897093653678894,0.8710317611694336,0.03953162580728531
YLR191W,YOL092W,0,2.3522048,0.6891679763793945,0.8710317611694336,0.03963170573115349
YKL029C,YCR087C-A,0,2.3502934,0.6886274218559265,0.8710317611694336,0.03973178565502167
YDR450W,YML023C,0,2.3490405,0.6880877614021301,0.8710317611694336,0.03983186557888985
YHR168W,YJL191W,1,2.3488522,0.6883320212364197,0.8720238208770752,0.03983186557888985
YNL113W,YLR216C,0,2.3482506,0.6877934336662292,0.8720238208770752,0.039931945502758026
YLR421C,YPL043W,0,2.347192,0.6872556805610657,0.8720238208770752,0.040032025426626205
YCR077C,YPL143W,1,2.34202,0.6875,0.8730158805847168,0.040032025426626205
YDR023W,YKL074C,0,2.3409324,0.6869633197784424,0.8730158805847168,0.040132105350494385
YLR221C,YNL221C,0,2.3398101,0.6864274740219116,0.8730158805847168,0.040232185274362564
YNL026W,YGR085C,0,2.3350706,0.6858924627304077,0.8730158805847168,0.04033226519823074
YML014W,YHL039W,0,2.3348994,0.6853582262992859,0.8730158805847168,0.04043234512209892
YOR204W,YLR185W,1,2.330874,0.685603141784668,0.8740079402923584,0.04043234512209892
YML091C,YGL103W,1,2.330373,0.6858475804328918,0.875,0.04043234512209892
YPL079W,YDR155C,0,2.3214421,0.6853147149085999,0.875,0.0405324250459671
YDR012W,YDR519W,0,2.321116,0.6847826242446899,0.875,0.04063250496983528
YKL007W,YBL076C,0,2.3132772,0.6842513680458069,0.875,0.04073258489370346
YLR201C,YDR074W,0,2.3107524,0.6837209463119507,0.875,0.04083266481757164
YPR189W,YBL072C,0,2.3011017,0.6831912994384766,0.875,0.04093274474143982
YKL166C,YER102W,1,2.2995172,0.6834365129470825,0.8759920597076416,0.04093274474143982
YLR167W,YNL059C,0,2.2993436,0.6829079389572144,0.8759920597076416,0.041032824665308
YDR533C,YEL011W,0,2.2951894,0.682380199432373,0.8759920597076416,0.04113290458917618
YLR312W-A,YJL130C,0,2.293807,0.6818532943725586,0.8759920597076416,0.041232988238334656
YLR110C,YOR016C,0,2.286768,0.6813271641731262,0.8759920597076416,0.041333068162202835
YIL018W,YHR168W,1,2.2852418,0.6815728545188904,0.8769841194152832,0.041333068162202835
YGR085C,YHR168W,1,2.2830744,0.6818181872367859,0.8779761791229248,0.041333068162202835
YNR020C,YOL071W,0,2.2818992,0.6812933087348938,0.8779761791229248,0.041433148086071014
YCR077C,YDR500C,1,2.2769718,0.681538462638855,0.8789682388305664,0.041433148086071014
YOL040C,YPR006C,0,2.2705536,0.6810145974159241,0.8789682388305664,0.041533228009939194
YGR185C,YER099C,0,2.2674065,0.68049156665802,0.8789682388305664,0.04163330793380737
YPL273W,YLL049W,0,2.2648778,0.679969310760498,0.8789682388305664,0.04173338785767555
YMR203W,YGL171W,0,2.263514,0.6794478297233582,0.8789682388305664,0.04183346778154373
YOR004W,YLR026C,0,2.2593083,0.6789271831512451,0.8789682388305664,0.04193354770541191
YLR056W,YDR091C,0,2.247107,0.6784073710441589,0.8789682388305664,0.04203362762928009
YGR085C,YLR390W-A,0,2.2421355,0.6778882741928101,0.8789682388305664,0.04213370755314827
YGR185C,YIL065C,0,2.2343702,0.677370011806488,0.8789682388305664,0.04223378747701645
YER003C,YMR235C,0,2.2339187,0.6768525838851929,0.8789682388305664,0.04233386740088463
YBR146W,YJL145W,0,2.2314725,0.676335871219635,0.8789682388305664,0.04243394732475281
YAL039C,YGR158C,0,2.2257657,0.675819993019104,0.8789682388305664,0.04253402724862099
YHR064C,YEL034W,1,2.2248213,0.676067054271698,0.879960298538208,0.04253402724862099
YLR186W,YLR243W,0,2.2206783,0.6755521893501282,0.879960298538208,0.042634107172489166
YIL110W,YIL098C,0,2.217275,0.6750380396842957,0.879960298538208,0.042734187096357346
YBR078W,YKR078W,0,2.2096877,0.67452472448349,0.879960298538208,0.042834267020225525
YFR038W,YGL103W,0,2.2058187,0.6740121841430664,0.879960298538208,0.042934346944093704
YBR246W,YER117W,1,2.1966794,0.6742596626281738,0.8809523582458496,0.042934346944093704
YGR271C-A,YHL021C,0,2.1960287,0.6737480759620667,0.8809523582458496,0.043034426867961884
YBR058C-A,YLR075W,0,2.1943967,0.6732373237609863,0.8809523582458496,0.04313450679183006
YFR049W,YER004W,0,2.1931899,0.6727272868156433,0.8809523582458496,0.04323458671569824
YDR077W,YLR350W,0,2.1919353,0.6722180247306824,0.8809523582458496,0.04333466663956642
YDR280W,YGR090W,0,2.191616,0.6717095375061035,0.8809523582458496,0.0434347465634346
YGR063C,YJL080C,0,2.1806378,0.6712018251419067,0.8809523582458496,0.04353482648730278
YDL171C,YGL099W,0,2.1799443,0.670694887638092,0.8809523582458496,0.04363490641117096
YFL035C-B,YMR260C,1,2.1764865,0.6709433794021606,0.8819444179534912,0.04363490641117096
YLR223C,YOR045W,0,2.1758273,0.6704373955726624,0.8819444179534912,0.04373498633503914
YNL162W,YBR136W,0,2.174052,0.6699321866035461,0.8819444179534912,0.04383506625890732
YOR206W,YHL025W,0,2.160327,0.6694276928901672,0.8819444179534912,0.043935149908065796
YKL054C,YDR444W,0,2.1536283,0.6689239740371704,0.8819444179534912,0.044035229831933975
YMR131C,YIL010W,0,2.1516004,0.6684210300445557,0.8819444179534912,0.044135309755802155
YML026C,YNR041C,0,2.1450112,0.667918860912323,0.8819444179534912,0.044235389679670334
YBR058C-A,YKR071C,0,2.1437154,0.6674174070358276,0.8819444179534912,0.04433546960353851
YDL083C,YGR271W,1,2.1406965,0.6676669120788574,0.8829365372657776,0.04433546960353851
YNL299W,YDR478W,0,2.140657,0.6671664118766785,0.8829365372657776,0.04443554952740669
YJR094W-A,YML052W,0,2.1388314,0.6666666865348816,0.8829365372657776,0.04453562945127487
YJL076W,YDL148C,0,2.1384811,0.666167676448822,0.8829365372657776,0.04463570937514305
YER058W,YNL070W,0,2.138392,0.6656693816184998,0.8829365372657776,0.04473578929901123
YNR047W,YCR029C-A,0,2.1354258,0.6651719212532043,0.8829365372657776,0.04483586922287941
YHR064C,YHR129C,0,2.1247168,0.6646751165390015,0.8829365372657776,0.04493594914674759
YMR002W,YPR052C,0,2.1240458,0.6641790866851807,0.8829365372657776,0.04503602907061577
YJR094W-A,YLR227C,0,2.121934,0.6636838316917419,0.8829365372657776,0.04513610899448395
YKR035W-A,YPL012W,0,2.119398,0.6631892919540405,0.8829365372657776,0.04523618891835213
YOR233W,YML106W,0,2.1117687,0.6626954674720764,0.8829365372657776,0.045336268842220306
YJL155C,YHR143W-A,0,2.1102228,0.6622023582458496,0.8829365372657776,0.045436348766088486
YLR143W,YER007C-A,1,2.1077151,0.6624535322189331,0.8839285969734192,0.045436348766088486
YDL017W,YJR094W-A,0,2.1075575,0.6619613766670227,0.8839285969734192,0.045536428689956665
YGL076C,YBR171W,0,2.107119,0.6614699363708496,0.8839285969734192,0.045636508613824844
YDR513W,YDL199C,0,2.1002975,0.6609792113304138,0.8839285969734192,0.045736588537693024
YJR094W-A,YDR214W,0,2.0974326,0.6604892611503601,0.8839285969734192,0.0458366684615612
YGR090W,YIL157C,0,2.0960476,0.6600000262260437,0.8839285969734192,0.04593674838542938
YLR221C,YDL004W,0,2.0955215,0.6595114469528198,0.8839285969734192,0.04603682830929756
YMR227C,YJL136C,0,2.0941334,0.659023642539978,0.8839285969734192,0.04613690823316574
YBR169C,YML042W,0,2.0921326,0.6585366129875183,0.8839285969734192,0.04623698815703392
YOR209C,YBR187W,0,2.0894094,0.6580502390861511,0.8839285969734192,0.0463370680809021
YOL124C,YPR175W,0,2.0889459,0.6575645804405212,0.8839285969734192,0.04643714800477028
YDR450W,YKL152C,0,2.084738,0.6570796370506287,0.8839285969734192,0.04653722792863846
YJR009C,YOR355W,0,2.0823917,0.6565954089164734,0.8839285969734192,0.046637311577796936
YJR112W,YHR065C,0,2.0796149,0.6561119556427002,0.8839285969734192,0.046737391501665115
YLR110C,YBL076C,0,2.0708506,0.6556291580200195,0.8839285969734192,0.046837471425533295
YOR004W,YJL209W,0,2.06837,0.6551470756530762,0.8839285969734192,0.046937551349401474
YFR049W,YLR244C,0,2.0663764,0.6546657085418701,0.8839285969734192,0.04703763127326965
YDR450W,YAL058W,0,2.066331,0.6541849970817566,0.8839285969734192,0.04713771119713783
YMR121C,YNL056W,0,2.0587397,0.6537050604820251,0.8839285969734192,0.04723779112100601
YNL196C,YOR167C,0,2.051617,0.6532257795333862,0.8839285969734192,0.04733787104487419
YOR204W,YER117W,1,2.0488873,0.6534798741340637,0.8849206566810608,0.04733787104487419
YJL123C,YLL018C-A,0,2.046094,0.6530014872550964,0.8849206566810608,0.04743795096874237
YEL032W,YOR262W,0,2.0435205,0.6525237560272217,0.8849206566810608,0.04753803089261055
YHR066W,YER105C,0,2.0429263,0.652046799659729,0.8849206566810608,0.04763811081647873
YHR064C,YMR289W,0,2.042653,0.6515704989433289,0.8849206566810608,0.04773819074034691
YPL273W,YJL155C,0,2.0397606,0.651094913482666,0.8849206566810608,0.04783827066421509
YKL166C,YDR152W,1,2.0391688,0.6513493657112122,0.8859127163887024,0.04783827066421509
YGR162W,YDR328C,1,2.0358603,0.6516035199165344,0.886904776096344,0.04783827066421509
YML028W,YPL043W,0,2.034643,0.651128888130188,0.886904776096344,0.04793835058808327
YOR276W,YNL231C,0,2.033993,0.6506550312042236,0.886904776096344,0.04803843051195145
YGL226C-A,YPL012W,0,2.0297537,0.6501818299293518,0.886904776096344,0.048138510435819626
YDL060W,YIL107C,0,2.0271902,0.6497092843055725,0.886904776096344,0.048238590359687805
YMR032W,YIL064W,0,2.0257072,0.6492374539375305,0.886904776096344,0.048338670283555984
YER032W,YFR032C-A,0,2.0200725,0.6487663388252258,0.886904776096344,0.048438750207424164
YGR187C,YOR209C,0,2.014062,0.6482958793640137,0.886904776096344,0.04853883013129234
YDR158W,YGL107C,0,2.0132542,0.647826075553894,0.886904776096344,0.04863891005516052
YDR022C,YJL148W,0,2.0125012,0.6473569869995117,0.886904776096344,0.0487389899790287
YNL178W,YAL005C,1,2.011484,0.6476121544837952,0.8878968358039856,0.0487389899790287
YAL039C,YPR191W,0,2.0098994,0.6471439003944397,0.8878968358039856,0.04883906990289688
YBR031W,YIL137C,1,2.0098133,0.647398829460144,0.8888888955116272,0.04883906990289688
YPR043W,YDL134C-A,1,2.00892,0.6476534008979797,0.8898809552192688,0.04883906990289688
YKL056C,YIL062C,0,2.0077286,0.6471861600875854,0.8898809552192688,0.04893914982676506
YJR070C,YDR022C,0,2.000381,0.6467195153236389,0.8898809552192688,0.04903922975063324
YMR056C,YLR167W,0,1.9932022,0.6462535858154297,0.8898809552192688,0.04913930967450142
YBR058C-A,YER035W,0,1.9916322,0.645788311958313,0.8898809552192688,0.0492393933236599
YBR154C,YMR129W,0,1.9913558,0.6453237533569336,0.8898809552192688,0.049339473247528076
YMR304W,YGL103W,0,1.9864457,0.644859790802002,0.8898809552192688,0.049439553171396255
YER165W,YPL059W,0,1.9845506,0.6443965435028076,0.8898809552192688,0.049539633095264435
YLR409C,YPL190C,0,1.9798663,0.6439339518547058,0.8898809552192688,0.049639713019132614
YKL035W,YJL021C,0,1.9784343,0.6434720158576965,0.8898809552192688,0.04973979294300079
YDR365C,YGL040C,0,1.9732966,0.6430107355117798,0.8898809552192688,0.04983987286686897
YLR244C,YER182W,0,1.9705096,0.6425501704216003,0.8898809552192688,0.04993995279073715
YHL039W,YDR097C,0,1.9617261,0.6420902013778687,0.8898809552192688,0.05004003271460533
YML063W,YGR238C,0,1.9607146,0.6416308879852295,0.8898809552192688,0.05014011263847351
YGR277C,YJL136C,0,1.960571,0.6411722898483276,0.8898809552192688,0.05024019256234169
YJL190C,YGR271W,1,1.9580741,0.6414285898208618,0.8908730149269104,0.05024019256234169
YLR367W,YFL035C-B,1,1.956702,0.6416845321655273,0.891865074634552,0.05024019256234169
YML004C,YLR258W,0,1.9547544,0.6412268280982971,0.891865074634552,0.05034027248620987
YDL215C,YGR245C,0,1.9542775,0.6407697796821594,0.891865074634552,0.05044035241007805
YJL035C,YPL043W,0,1.9526207,0.6403133869171143,0.891865074634552,0.05054043233394623
YLR314C,YGL171W,0,1.9493212,0.6398576498031616,0.891865074634552,0.05064051225781441
YDR337W,YMR235C,0,1.9463003,0.6394025683403015,0.891865074634552,0.05074059218168259
YPR030W,YGL030W,0,1.944632,0.6389481425285339,0.891865074634552,0.050840672105550766
YOR004W,YGR272C,0,1.9442823,0.6384943127632141,0.891865074634552,0.050940752029418945
YLR292C,YDR280W,0,1.9422898,0.6380411386489868,0.891865074634552,0.051040831953287125
YDR328C,YJR094W-A,1,1.9417896,0.6382978558540344,0.8928571343421936,0.051040831953287125
YBR283C,YGR172C,0,1.9405367,0.637845516204834,0.8928571343421936,0.051140911877155304
YBL071W-A,YLR048W,1,1.9382128,0.6381019949913025,0.8938491940498352,0.051140911877155304
YDR022C,YGL099W,0,1.9344336,0.6376503705978394,0.8938491940498352,0.05124099180102348
YCR087C-A,YHR196W,0,1.9312346,0.6371994614601135,0.8938491940498352,0.05134107172489166
YJR009C,YKL209C,0,1.9230258,0.6367490887641907,0.8938491940498352,0.05144115164875984
YMR131C,YMR074C,0,1.9229628,0.6362994313240051,0.8938491940498352,0.05154123157262802
YBL072C,YLR178C,0,1.9195188,0.6358503699302673,0.8938491940498352,0.0516413114964962
YLR449W,YKL018W,0,1.9159453,0.6354019641876221,0.8938491940498352,0.05174139142036438
YHR111W,YJR009C,0,1.9132762,0.6349542140960693,0.8938491940498352,0.05184147134423256
YPL237W,YML091C,1,1.9120176,0.6352112889289856,0.8948412537574768,0.05184147134423256
YOL039W,YDL134C-A,1,1.9088109,0.6354680061340332,0.8958333134651184,0.05184147134423256
YKL209C,YLR432W,0,1.9066775,0.6350210905075073,0.8958333134651184,0.05194155499339104
YHR064C,YJL140W,0,1.9052712,0.634574830532074,0.8958333134651184,0.052041634917259216
YDR194C,YHR129C,0,1.9050584,0.6341292262077332,0.8958333134651184,0.052141714841127396
YMR074C,YNL059C,0,1.9044685,0.6336842179298401,0.8958333134651184,0.052241794764995575
YDL215C,YML026C,0,1.8988205,0.6332398056983948,0.8958333134651184,0.052341874688863754
YGL026C,YOR322C,0,1.8924947,0.632796049118042,0.8958333134651184,0.052441954612731934
YKL200C,YNL052W,0,1.8896062,0.6323529481887817,0.8958333134651184,0.05254203453660011
YGR185C,YKL114C,0,1.8894753,0.6319104433059692,0.8958333134651184,0.05264211446046829
YMR290C,YPL099C,0,1.8861994,0.6314685344696045,0.8958333134651184,0.05274219438433647
YEL059C-A,YML063W,0,1.8860904,0.6310272812843323,0.8958333134651184,0.05284227430820465
YLR052W,YMR246W,0,1.8825387,0.630586564540863,0.8958333134651184,0.05294235423207283
YJR101W,YBR078W,0,1.8814108,0.6301465630531311,0.8958333134651184,0.05304243415594101
YGR043C,YGL030W,0,1.8812017,0.6297070980072021,0.8958333134651184,0.05314251407980919
YPR009W,YBR069C,0,1.8811117,0.6292682886123657,0.8958333134651184,0.05324259400367737
YBL071W-A,YER074W,1,1.8802316,0.6295264363288879,0.89682537317276,0.05324259400367737
YDR322W,YJR041C,0,1.8796101,0.6290884017944336,0.89682537317276,0.05334267392754555
YOR148C,YER165W,0,1.8794911,0.6286509037017822,0.89682537317276,0.05344275385141373
YKR035W-A,YCR046C,0,1.8775505,0.6282140612602234,0.89682537317276,0.053542833775281906
YOL040C,YOL002C,0,1.8773639,0.6277777552604675,0.89682537317276,0.053642913699150085
YPR052C,YMR225C,0,1.8732791,0.6273421049118042,0.89682537317276,0.053742993623018265
YBR246W,YGL135W,1,1.8732538,0.6276005506515503,0.8978174328804016,0.053742993623018265
YLR250W,YBR078W,0,1.8726597,0.6271656155586243,0.8978174328804016,0.053843073546886444
YHL021C,YLR221C,0,1.8700552,0.626731276512146,0.8978174328804016,0.05394315347075462
YBR154C,YDL137W,0,1.8696866,0.6262975931167603,0.8978174328804016,0.0540432333946228
YNL177C,YDL148C,0,1.8689166,0.6258644461631775,0.8978174328804016,0.05414331331849098
YOR298C-A,YLR221C,0,1.8674676,0.6254319548606873,0.8978174328804016,0.05424339324235916
YHR170W,YIL062C,0,1.863591,0.625,0.8978174328804016,0.05434347316622734
YLR068W,YLR178C,0,1.8626133,0.6245686411857605,0.8978174328804016,0.05444355309009552
YGL070C,YBL099W,0,1.858408,0.6241379380226135,0.8978174328804016,0.054543636739254
YBL071W-A,YLR388W,1,1.8549266,0.6243969798088074,0.898809552192688,0.054543636739254
YJL192C,YJR041C,0,1.8487413,0.6239669322967529,0.898809552192688,0.05464371666312218
YLR100W,YOR133W,0,1.8445455,0.6235374808311462,0.898809552192688,0.054743796586990356
YJL155C,YCR079W,0,1.8421359,0.6231086850166321,0.898809552192688,0.054843876510858536
YPL132W,YDR071C,0,1.8412355,0.6226804256439209,0.898809552192688,0.054943956434726715
YPR163C,YDL134C-A,1,1.8392824,0.6229395866394043,0.8998016119003296,0.054943956434726715
YBL099W,YOR131C,0,1.8372153,0.6225119829177856,0.8998016119003296,0.055044036358594894
YBL058W,YJL148W,0,1.8330538,0.6220850348472595,0.8998016119003296,0.055144116282463074
YOR251C,YOR045W,0,1.8285929,0.6216586828231812,0.8998016119003296,0.05524419620633125
YBR017C,YNL113W,0,1.8247883,0.6212328672409058,0.8998016119003296,0.05534427613019943
YMR009W,YOR182C,0,1.8238617,0.6208076477050781,0.8998016119003296,0.05544435605406761
YJL189W,YDL134C-A,1,1.8233062,0.6210670471191406,0.9007936716079712,0.05544435605406761
YEL012W,YOL073C,0,1.8222651,0.6206425428390503,0.9007936716079712,0.05554443597793579
YER110C,YDR315C,0,1.8204963,0.6202185750007629,0.9007936716079712,0.05564451590180397
YLR143W,YFR032C-A,1,1.8148745,0.6204777956008911,0.9017857313156128,0.05564451590180397
YLR220W,YGR148C,0,1.8118703,0.6200545430183411,0.9017857313156128,0.05574459582567215
YLR359W,YMR024W,0,1.8094243,0.6196318864822388,0.9017857313156128,0.05584467574954033
YML023C,YPR169W,0,1.8081915,0.6192098259925842,0.9017857313156128,0.05594475567340851
YMR227C,YJR123W,0,1.806993,0.6187883019447327,0.9017857313156128,0.05604483559727669
YLR216C,YBR187W,0,1.801377,0.6183673739433289,0.9017857313156128,0.05614491552114487
YLR138W,YGL030W,0,1.7950137,0.617946982383728,0.9017857313156128,0.056244995445013046
YFL009W,YGL031C,0,1.791753,0.617527186870575,0.9017857313156128,0.056345075368881226
YOR204W,YIL148W,1,1.7877797,0.6177868247032166,0.9027777910232544,0.056345075368881226
YDR077W,YDL098C,0,1.7877654,0.617367684841156,0.9027777910232544,0.056445155292749405
YBR058C-A,YOL044W,0,1.7873896,0.6169491410255432,0.9027777910232544,0.056545235216617584
YJL065C,YLR186W,0,1.7867639,0.6165311932563782,0.9027777910232544,0.056645315140485764
YNL223W,YNL301C,0,1.7838364,0.6161137223243713,0.9027777910232544,0.05674539506435394
YHR154W,YPL012W,0,1.7799515,0.615696907043457,0.9027777910232544,0.05684547498822212
YNL113W,YJL148W,0,1.7798438,0.6152805685997009,0.9027777910232544,0.0569455549120903
YCL050C,YPL244C,0,1.7794178,0.6148648858070374,0.9027777910232544,0.05704563483595848
YMR242C,YGR271W,1,1.7752903,0.6151249408721924,0.903769850730896,0.05704563483595848
YJR009C,YLR432W,0,1.7751503,0.6147098541259766,0.903769850730896,0.05714571475982666
YGL226C-A,YDR078C,0,1.7748201,0.6142953634262085,0.903769850730896,0.05724579840898514
YDL067C,YNL061W,0,1.7714484,0.6138814091682434,0.903769850730896,0.05734587833285332
YDL075W,YHR168W,1,1.7704574,0.6141414046287537,0.9047619104385376,0.05734587833285332
YPL186C,YJR123W,0,1.7692621,0.6137281060218811,0.9047619104385376,0.0574459582567215
YBR246W,YPR102C,1,1.7669063,0.613987922668457,0.9057539701461792,0.0574459582567215
YDR034W-B,YGL053W,0,1.7652745,0.613575279712677,0.9057539701461792,0.057546038180589676
YGL231C,YOL149W,0,1.7635328,0.6131631731987,0.9057539701461792,0.057646118104457855
YFR002W,YJL145W,0,1.7625659,0.6127516627311707,0.9057539701461792,0.057746198028326035
YML026C,YDR034C,0,1.7623549,0.6123406887054443,0.9057539701461792,0.057846277952194214
YPL226W,YPL040C,0,1.7614632,0.6119303107261658,0.9057539701461792,0.05794635787606239
YJL136C,YPR063C,0,1.758976,0.6115204095840454,0.9057539701461792,0.05804643779993057
YLR185W,YPL011C,0,1.7548537,0.6111111044883728,0.9057539701461792,0.05814651772379875
YGL070C,YOL071W,0,1.7540886,0.6107023358345032,0.9057539701461792,0.05824659764766693
YMR295C,YOR251C,0,1.7535493,0.6102941036224365,0.9057539701461792,0.05834667757153511
YOR005C,YFL043C,0,1.7525189,0.6098864674568176,0.9057539701461792,0.05844675749540329
YDR322W,YOR046C,0,1.7515656,0.6094793081283569,0.9057539701461792,0.05854683741927147
YPL081W,YDL134C-A,1,1.7515645,0.6097398400306702,0.9067460298538208,0.05854683741927147
YNL281W,YER003C,0,1.750421,0.609333336353302,0.9067460298538208,0.05864691734313965
YDR337W,YPL059W,0,1.7491982,0.6089273691177368,0.9067460298538208,0.05874699726700783
YBR034C,YKL074C,0,1.748378,0.6085219979286194,0.9067460298538208,0.05884707719087601
YJR065C,YGL082W,0,1.7454016,0.6081171035766602,0.9067460298538208,0.058947157114744186
YNL169C,YDR225W,0,1.7416291,0.6077127456665039,0.9067460298538208,0.059047237038612366
YMR032W,YFR032C-A,0,1.739723,0.6073089838027954,0.9067460298538208,0.059147316962480545
YJL035C,YLR075W,0,1.7397124,0.6069056987762451,0.9067460298538208,0.059247396886348724
YBR059C,YJR094W-A,0,1.7394044,0.6065030097961426,0.9067460298538208,0.059347476810216904
YNL026W,YLR221C,0,1.7371812,0.6061007976531982,0.9067460298538208,0.05944755673408508
YOR106W,YHR065C,0,1.7365268,0.6056991219520569,0.9067460298538208,0.05954763665795326
YBR143C,YFL035C-B,1,1.7336724,0.6059602499008179,0.9077380895614624,0.05954763665795326
YDR322W,YJR141W,0,1.7323592,0.605559229850769,0.9077380895614624,0.05964771658182144
YGR090W,YDR511W,0,1.7316484,0.6051587462425232,0.9077380895614624,0.05974779650568962
YMR251W-A,YJL145W,0,1.7313644,0.6047587394714355,0.9077380895614624,0.0598478801548481
YFL043C,YOR221C,0,1.7311186,0.6043593287467957,0.9077380895614624,0.05994796007871628
YGR148C,YKL209C,0,1.7305315,0.603960394859314,0.9077380895614624,0.06004804000258446
YLR449W,YML028W,0,1.7304729,0.6035619974136353,0.9077380895614624,0.06014811992645264
YJR041C,YDR420W,0,1.7304494,0.6031641364097595,0.9077380895614624,0.060248199850320816
YFL009W,YKR081C,0,1.7246875,0.6027668118476868,0.9077380895614624,0.060348279774188995
YGL103W,YOL049W,0,1.7208886,0.6023699641227722,0.9077380895614624,0.060448359698057175
YDR117C,YMR260C,1,1.719591,0.6026315689086914,0.908730149269104,0.060448359698057175
YCR008W,YIL064W,0,1.7104084,0.6022353768348694,0.908730149269104,0.060548439621925354
YKL056C,YBR246W,1,1.7077935,0.6024967432022095,0.9097222089767456,0.060548439621925354
YJL037W,YOR167C,0,1.6976163,0.6021010875701904,0.9097222089767456,0.06064851954579353
YMR129W,YDL148C,0,1.69749,0.6017060279846191,0.9097222089767456,0.06074859946966171
YBR246W,YPR163C,1,1.6962796,0.6019672155380249,0.9107142686843872,0.06074859946966171
YBR154C,YKL152C,0,1.6926925,0.6015727519989014,0.9107142686843872,0.06084867939352989
YER126C,YBL015W,0,1.6922334,0.601178765296936,0.9107142686843872,0.06094875931739807
YDR017C,YGL103W,0,1.691285,0.6007853150367737,0.9107142686843872,0.06104883924126625
YOR198C,YBL004W,0,1.6910778,0.6003924012184143,0.9107142686843872,0.06114891916513443
YGL105W,YMR246W,0,1.6902359,0.6000000238418579,0.9107142686843872,0.06124899908900261
YKR065C,YHL012W,0,1.6883731,0.5996081233024597,0.9107142686843872,0.06134907901287079
YKR049C,YFL043C,0,1.6872979,0.5992166996002197,0.9107142686843872,0.06144915893673897
YMR243C,YKR048C,0,1.686938,0.5988258123397827,0.9107142686843872,0.06154923886060715
YAL058W,YER117W,0,1.6838087,0.5984354615211487,0.9107142686843872,0.06164931878447533
YIL149C,YOR133W,0,1.6825947,0.5980455875396729,0.9107142686843872,0.061749398708343506
YDL236W,YHR143W-A,0,1.6779319,0.59765625,0.9107142686843872,0.061849478632211685
YMR058W,YJR094W-A,0,1.6747705,0.5972673892974854,0.9107142686843872,0.061949558556079865
YNL162W,YAL054C,0,1.6724062,0.5968790650367737,0.9107142686843872,0.062049638479948044
YKL200C,YLR375W,0,1.6720989,0.5964912176132202,0.9107142686843872,0.06214971840381622
YLR404W,YPL237W,0,1.6711358,0.5961039066314697,0.9107142686843872,0.0622497983276844
YOL032W,YCR097W,0,1.6694225,0.5957170724868774,0.9107142686843872,0.06234987825155258
YDR511W,YNR041C,0,1.6668721,0.5953307151794434,0.9107142686843872,0.06244995817542076
YBL027W,YBL071W-A,1,1.6665261,0.5955929756164551,0.9117063283920288,0.06244995817542076
YPL273W,YGR245C,0,1.6631082,0.5952072739601135,0.9117063283920288,0.06255003809928894
YDL185W,YKR081C,0,1.661859,0.5948219895362854,0.9117063283920288,0.06265012174844742
YLR378C,YDL184C,0,1.661556,0.5944372415542603,0.9117063283920288,0.0627501979470253
YBR079C,YLR212C,1,1.6608703,0.5946994423866272,0.9126983880996704,0.0627501979470253
YGL030W,YPL127C,0,1.6608586,0.594315230846405,0.9126983880996704,0.06285028159618378
YGR187C,YML036W,0,1.6562636,0.5939315557479858,0.9126983880996704,0.06295035779476166
YPL116W,YGL030W,0,1.6559105,0.5935483574867249,0.9126983880996704,0.06305044144392014
YDL134C-A,YOR096W,1,1.6547546,0.5938104391098022,0.913690447807312,0.06305044144392014
YDL072C,YOR142W,0,1.6542263,0.593427836894989,0.913690447807312,0.06315051764249802
YFR019W,YPL090C,0,1.6537491,0.593045711517334,0.913690447807312,0.0632506012916565
YML036W,YER029C,0,1.6525066,0.5926640629768372,0.913690447807312,0.06335067749023438
YMR199W,YER117W,0,1.6517582,0.5922829508781433,0.913690447807312,0.06345076113939285
YPL271W,YGL070C,0,1.6516602,0.5919023156166077,0.913690447807312,0.06355083733797073
YDR418W,YDL179W,0,1.6515696,0.5915221571922302,0.913690447807312,0.06365092098712921
YIL016W,YAL013W,0,1.6514485,0.591142475605011,0.913690447807312,0.06375099718570709
YMR294W,YPL259C,0,1.650655,0.5907633304595947,0.913690447807312,0.06385108083486557
YBR275C,YHR066W,0,1.6493487,0.5903846025466919,0.913690447807312,0.06395116448402405
YER058W,YLR384C,0,1.6472758,0.590006411075592,0.913690447807312,0.06405124068260193
YOR017W,YGR145W,0,1.6453931,0.5896286964416504,0.913690447807312,0.0641513243317604
YMR269W,YEL044W,0,1.641172,0.5892514586448669,0.913690447807312,0.06425140053033829
YMR129W,YHR143W-A,0,1.638097,0.5888746976852417,0.913690447807312,0.06435148417949677
YGR148C,YCR079W,0,1.6361878,0.5884984135627747,0.913690447807312,0.06445156037807465
YNL162W,YBL005W-B,0,1.6312058,0.5881226062774658,0.913690447807312,0.06455164402723312
YGR148C,YNR070W,0,1.6286256,0.5877472758293152,0.913690447807312,0.064651720225811
YPR112C,YPL059W,0,1.6279397,0.5873724222183228,0.913690447807312,0.06475180387496948
YGL245W,YGL246C,0,1.6228843,0.5869981050491333,0.913690447807312,0.06485188007354736
YOL124C,YOR337W,0,1.6208543,0.5866242051124573,0.913690447807312,0.06495196372270584
YLR432W,YAR014C,0,1.6140888,0.5862507820129395,0.913690447807312,0.06505203992128372
YDR012W,YHR175W,0,1.6119459,0.5858778357505798,0.913690447807312,0.0651521235704422
YDR238C,YDR091C,0,1.6109581,0.5855054259300232,0.913690447807312,0.06525219976902008
YMR121C,YPR175W,0,1.6109554,0.58513343334198,0.913690447807312,0.06535228341817856
YML063W,YKR014C,0,1.609571,0.584761917591095,0.913690447807312,0.06545235961675644
YDL117W,YGL103W,0,1.6042666,0.5843908786773682,0.913690447807312,0.06555244326591492
YDR524C,YNL113W,0,1.5974922,0.5840203166007996,0.913690447807312,0.0656525194644928
YML094W,YDR400W,0,1.5974652,0.5836501717567444,0.913690447807312,0.06575260311365128
YBL004W,YGL253W,0,1.5970404,0.5832805633544922,0.913690447807312,0.06585267931222916
YGR125W,YPR193C,0,1.594909,0.5829113721847534,0.913690447807312,0.06595276296138763
YHR065C,YNL221C,0,1.5940439,0.5825427174568176,0.913690447807312,0.06605283915996552
YAR018C,YIL064W,0,1.5936886,0.5821744799613953,0.913690447807312,0.06615292280912399
YBR280C,YGR245C,0,1.5901442,0.5818067193031311,0.913690447807312,0.06625299900770187
YDR194C,YHR041C,0,1.5901072,0.5814393758773804,0.913690447807312,0.06635308265686035
YPL099C,YDL060W,0,1.5896454,0.5810725688934326,0.913690447807312,0.06645315885543823
YPL243W,YHR143W-A,0,1.5875555,0.5807061791419983,0.913690447807312,0.06655324250459671
YBL045C,YLR312W-A,0,1.5861835,0.5803402662277222,0.913690447807312,0.06665332615375519
YGR041W,YNL067W,0,1.5848907,0.5799748301506042,0.913690447807312,0.06675340235233307
YBR180W,YDR348C,0,1.5824599,0.5796098113059998,0.913690447807312,0.06685348600149155
YDL072C,YHR064C,0,1.5731205,0.5792452692985535,0.913690447807312,0.06695356220006943
YDL216C,YJL148W,0,1.5723503,0.5788812041282654,0.913690447807312,0.0670536458492279
YDR181C,YDL137W,0,1.5722563,0.5785176157951355,0.913690447807312,0.06715372204780579
YJR007W,YJR112W,0,1.5689859,0.578154444694519,0.913690447807312,0.06725380569696426
YHL044W,YGL012W,0,1.5685692,0.577791690826416,0.913690447807312,0.06735388189554214
YLR002C,YER105C,0,1.5666108,0.577429473400116,0.913690447807312,0.06745396554470062
YMR112C,YPL043W,0,1.5665125,0.5770676732063293,0.913690447807312,0.0675540417432785
YDR450W,YNL152W,0,1.5656036,0.5767063498497009,0.913690447807312,0.06765412539243698
YOR262W,YBL002W,0,1.5652134,0.5763454437255859,0.913690447807312,0.06775420159101486
YER010C,YOL092W,0,1.5647628,0.5759850144386292,0.913690447807312,0.06785428524017334
YBL071W-A,YOR312C,1,1.5632715,0.5762500166893005,0.9146825671195984,0.06785428524017334
YOR369C,YNL265C,0,1.5632594,0.575890064239502,0.9146825671195984,0.06795436143875122
YER126C,YPR030W,0,1.5615153,0.5755305886268616,0.9146825671195984,0.0680544450879097
YER165W,YKR023W,0,1.5611476,0.5751715302467346,0.9146825671195984,0.06815452128648758
YNL200C,YGR086C,0,1.5607058,0.5748129487037659,0.9146825671195984,0.06825460493564606
YPL090C,YBR058C-A,0,1.5575235,0.5744548439979553,0.9146825671195984,0.06835468113422394
YKR025W,YBR283C,0,1.5572712,0.5740971565246582,0.9146825671195984,0.06845476478338242
YMR226C,YBR187W,0,1.5569258,0.5737398862838745,0.9146825671195984,0.0685548409819603
YGR185C,YBR096W,0,1.5566134,0.573383092880249,0.9146825671195984,0.06865492463111877
YBR246W,YOR312C,1,1.5555022,0.57364821434021,0.91567462682724,0.06865492463111877
YMR314W,YBL076C,0,1.5551821,0.5732918977737427,0.91567462682724,0.06875500082969666
YKL164C,YER117W,0,1.5532279,0.5729360580444336,0.91567462682724,0.06885508447885513
YLR432W,YOL026C,0,1.5531862,0.5725806355476379,0.91567462682724,0.06895516067743301
YBL087C,YDL134C-A,1,1.5514205,0.5728456377983093,0.9166666865348816,0.06895516067743301
YER004W,YOL060C,0,1.5476532,0.5724906921386719,0.9166666865348816,0.06905524432659149
YCR029C-A,YAL054C,0,1.5447111,0.5721362233161926,0.9166666865348816,0.06915532797574997
YMR225C,YJL076W,0,1.5441556,0.5717821717262268,0.9166666865348816,0.06925540417432785
YER046W,YJL021C,0,1.5374209,0.5714285969734192,0.9166666865348816,0.06935548782348633
YOL056W,YKR025W,0,1.534451,0.5710753798484802,0.9166666865348816,0.06945556402206421
YPL135W,YGR043C,0,1.5322914,0.5707226395606995,0.9166666865348816,0.06955564767122269
YER117W,YDR117C,1,1.530941,0.5709876418113708,0.9176587462425232,0.06955564767122269
YOR148C,YEL040W,0,1.5300812,0.5706354379653931,0.9176587462425232,0.06965572386980057
YBR279W,YOR167C,0,1.5298425,0.5702835917472839,0.9176587462425232,0.06975580751895905
YDR282C,YML026C,0,1.5291815,0.569932222366333,0.9176587462425232,0.06985588371753693
YPL079W,YKR089C,0,1.5258904,0.5695812702178955,0.9176587462425232,0.0699559673666954
YLR432W,YPL085W,0,1.5227093,0.5692307949066162,0.9176587462425232,0.07005604356527328
YKL069W,YNL067W,0,1.5205593,0.5688806772232056,0.9176587462425232,0.07015612721443176
YPL098C,YJL046W,0,1.5190868,0.5685310363769531,0.9176587462425232,0.07025620341300964
YDR364C,YEL001C,0,1.5091505,0.5681818127632141,0.9176587462425232,0.07035628706216812
YCL037C,YDR400W,0,1.5035629,0.5678330063819885,0.9176587462425232,0.070456363260746
YOR004W,YML115C,0,1.5032978,0.5674846768379211,0.9176587462425232,0.07055644690990448
YGL099W,YER003C,0,1.5020695,0.5671367049217224,0.9176587462425232,0.07065652310848236
YMR131C,YPL186C,0,1.5016503,0.5667892098426819,0.9176587462425232,0.07075660675764084
YNL301C,YLR399C,0,1.5015049,0.5664421319961548,0.9176587462425232,0.07085668295621872
YKR049C,YPR047W,0,1.4983157,0.5660954713821411,0.9176587462425232,0.0709567666053772
YDR077W,YGL181W,0,1.4981179,0.5657492280006409,0.9176587462425232,0.07105684280395508
YOR004W,YOR017W,0,1.4964306,0.565403401851654,0.9176587462425232,0.07115692645311356
YOR145C,YKL130C,0,1.4947985,0.5650580525398254,0.9176587462425232,0.07125700265169144
YDR339C,YKR065C,0,1.4941002,0.5647130608558655,0.9176587462425232,0.07135708630084991
YER126C,YLR440C,0,1.4933003,0.5643685460090637,0.9176587462425232,0.0714571624994278
YLR110C,YLL062C,0,1.4909519,0.5640243887901306,0.9176587462425232,0.07155724614858627
YKR058W,YLL055W,0,1.4908216,0.5636807084083557,0.9176587462425232,0.07165732234716415
YKR065C,YHL039W,0,1.4895363,0.5633373856544495,0.9176587462425232,0.07175740599632263
YDR471W,YHR168W,1,1.4885845,0.5636031627655029,0.9186508059501648,0.07175740599632263
YCR046C,YOL002C,0,1.4882462,0.5632603168487549,0.9186508059501648,0.07185748964548111
YMR237W,YNL248C,0,1.4856424,0.562917947769165,0.9186508059501648,0.07195756584405899
YKR075C,YMR183C,0,1.4851229,0.5625759363174438,0.9186508059501648,0.07205764949321747
YNR020C,YGR280C,0,1.4834111,0.5622343420982361,0.9186508059501648,0.07215772569179535
YER177W,YAL033W,0,1.48312,0.5618932247161865,0.9186508059501648,0.07225780934095383
YNL301C,YKL002W,0,1.4822805,0.5615524649620056,0.9186508059501648,0.07235788553953171
YPR023C,YDR091C,0,1.4806836,0.5612121224403381,0.9186508059501648,0.07245796918869019
YLR390W,YBR187W,0,1.47891,0.5608721971511841,0.9186508059501648,0.07255804538726807
YKL141W,YDR034W-B,0,1.4781157,0.5605326890945435,0.9186508059501648,0.07265812903642654
YDR137W,YGL099W,0,1.4780629,0.5601935982704163,0.9186508059501648,0.07275820523500443
YML028W,YER003C,0,1.4759806,0.5598549246788025,0.9186508059501648,0.0728582888841629
YNL135C,YIL062C,0,1.4719436,0.5595166087150574,0.9186508059501648,0.07295836508274078
YOR206W,YHR034C,0,1.4713203,0.5591787695884705,0.9186508059501648,0.07305844873189926
YGR085C,YDR367W,0,1.4712478,0.5588412880897522,0.9186508059501648,0.07315852493047714
YBR017C,YCR087C-A,0,1.470264,0.5585042238235474,0.9186508059501648,0.07325860857963562
YOR023C,YGR085C,0,1.4701744,0.558167576789856,0.9186508059501648,0.0733586847782135
YJL140W,YGL225W,0,1.4648234,0.557831346988678,0.9186508059501648,0.07345876842737198
YHR044C,YCR029C-A,0,1.462237,0.5574954748153687,0.9186508059501648,0.07355884462594986
YOL045W,YOL121C,1,1.461512,0.5577617287635803,0.9196428656578064,0.07355884462594986
YNL223W,YGR090W,0,1.4593418,0.5574263334274292,0.9196428656578064,0.07365892827510834
YBR058C-A,YBL052C,0,1.4590557,0.5570913553237915,0.9196428656578064,0.07375900447368622
YMR246W,YGL254W,0,1.4543098,0.5567567348480225,0.9196428656578064,0.0738590881228447
YMR184W,YPR112C,0,1.4536799,0.5564225912094116,0.9196428656578064,0.07395916432142258
YPL043W,YNL265C,0,1.452615,0.5560888051986694,0.9196428656578064,0.07405924797058105
YLR262C-A,YCR077C,1,1.4523772,0.5563549399375916,0.920634925365448,0.07405924797058105
YNL005C,YOR159C,0,1.451325,0.5560215711593628,0.920634925365448,0.07415932416915894
YOR168W,YER035W,0,1.4509262,0.5556886196136475,0.920634925365448,0.07425940781831741
YCR044C,YER117W,0,1.4489721,0.5553560853004456,0.920634925365448,0.0743594840168953
YDR155C,YCL063W,0,1.4486984,0.5550239086151123,0.920634925365448,0.07445956766605377
YEL063C,YJL145W,0,1.448687,0.5546921491622925,0.920634925365448,0.07455965131521225
YPL090C,YGR113W,0,1.4479204,0.5543608069419861,0.920634925365448,0.07465972751379013
YDR212W,YMR251W-A,0,1.4456277,0.5540298223495483,0.920634925365448,0.07475981116294861
YBL002W,YOL092W,0,1.4444122,0.553699254989624,0.920634925365448,0.07485988736152649
YNL146W,YJL136C,0,1.4432528,0.5533691048622131,0.920634925365448,0.07495997101068497
YBR059C,YDL150W,0,1.443105,0.5530393123626709,0.920634925365448,0.07506004720926285
YML082W,YMR074C,0,1.442478,0.5527099370956421,0.920634925365448,0.07516013085842133
YMR039C,YDL027C,0,1.4423697,0.5523809790611267,0.920634925365448,0.0752602070569992
YJL096W,YLR193C,0,1.4406481,0.55205237865448,0.920634925365448,0.07536029070615768
YCL011C,YGR096W,0,1.4378867,0.5517241358757019,0.920634925365448,0.07546036690473557
YDR508C,YBL002W,0,1.4373751,0.5513963103294373,0.920634925365448,0.07556045055389404
YDR339C,YNL059C,0,1.4359521,0.551068902015686,0.920634925365448,0.07566052675247192
YLR201C,YML063W,0,1.4346635,0.5507418513298035,0.920634925365448,0.0757606104016304
YGL049C,YDR429C,1,1.4343288,0.5510082840919495,0.9216269850730896,0.0757606104016304
YLR409C,YBR169C,0,1.4317929,0.5506817102432251,0.9216269850730896,0.07586068660020828
YMR212C,YJR042W,0,1.4300528,0.5503554344177246,0.9216269850730896,0.07596077024936676
YCL045C,YGL139W,0,1.4299765,0.5500295758247375,0.9216269850730896,0.07606084644794464
YBR253W,YLR432W,0,1.4281788,0.5497041344642639,0.9216269850730896,0.07616093009710312
YCL037C,YHL021C,0,1.4264048,0.5493790507316589,0.9216269850730896,0.076261006295681
YNL162W,YIR005W,0,1.4251666,0.5490543842315674,0.9216269850730896,0.07636108994483948
YOR133W,YDR236C,0,1.4249815,0.5487300753593445,0.9216269850730896,0.07646116614341736
YOR369C,YGR175C,0,1.4249303,0.5484061241149902,0.9216269850730896,0.07656124979257584
YMR039C,YHR062C,0,1.424157,0.5480825901031494,0.9216269850730896,0.07666132599115372
YNL026W,YOL092W,0,1.4239538,0.5477594137191772,0.9216269850730896,0.0767614096403122
YJR094W-A,YGR238C,0,1.4213209,0.5474366545677185,0.9216269850730896,0.07686148583889008
YMR243C,YCR071C,0,1.4202216,0.5471142530441284,0.9216269850730896,0.07696156948804855
YER032W,YNL067W,0,1.4196107,0.546792209148407,0.9216269850730896,0.07706164568662643
YER004W,YDR033W,0,1.4186187,0.546470582485199,0.9216269850730896,0.07716172933578491
YGL226C-A,YBL011W,0,1.4178292,0.5461493134498596,0.9216269850730896,0.07726181298494339
YMR290C,YML023C,0,1.4172807,0.5458284616470337,0.9216269850730896,0.07736188918352127
YGR185C,YNL052W,0,1.4136889,0.5455079078674316,0.9216269850730896,0.07746197283267975
YOR044W,YML063W,0,1.4126685,0.545187771320343,0.9216269850730896,0.07756204903125763
YJL155C,YML063W,0,1.4126575,0.5448680520057678,0.9216269850730896,0.07766213268041611
YHL033C,YGL181W,0,1.4110999,0.5445486307144165,0.9216269850730896,0.07776220887899399
YPL274W,YGR280C,0,1.4046588,0.5442296266555786,0.9216269850730896,0.07786229252815247
YJR094W-A,YER153C,0,1.4027709,0.5439109802246094,0.9216269850730896,0.07796236872673035
YPR115W,YEL011W,0,1.4013557,0.5435927510261536,0.9216269850730896,0.07806245237588882
YPL220W,YFL035C-B,1,1.4012561,0.5438596606254578,0.9226190447807312,0.07806245237588882
YDR348C,YIL066C,0,1.3997586,0.5435417890548706,0.9226190447807312,0.0781625285744667
YOL045W,YER007C-A,1,1.3981034,0.5438084006309509,0.9236111044883728,0.0781625285744667
YDR212W,YKR078W,0,1.3975196,0.5434909462928772,0.9236111044883728,0.07826261222362518
YBR055C,YMR005W,0,1.3966831,0.5431738495826721,0.9236111044883728,0.07836268842220306
YHR168W,YOR293W,1,1.3932533,0.5434402227401733,0.9246031641960144,0.07836268842220306
YMR289W,YLR221C,0,1.3911871,0.5431235432624817,0.9246031641960144,0.07846277207136154
YJR123W,YNL265C,0,1.3893932,0.5428072214126587,0.9246031641960144,0.07856284826993942
YHR044C,YLR075W,0,1.3887783,0.5424912571907043,0.9246031641960144,0.0786629319190979
YDR134C,YGL082W,0,1.38215,0.5421757102012634,0.9246031641960144,0.07876300811767578
YKL209C,YER177W,0,1.3814284,0.5418604612350464,0.9246031641960144,0.07886309176683426
YDL137W,YLR384C,0,1.381156,0.5415456295013428,0.9246031641960144,0.07896316796541214
YFL043C,YPL120W,0,1.3780618,0.5412311553955078,0.9246031641960144,0.07906325161457062
YDL134C-A,YKL191W,1,1.3768139,0.5414974093437195,0.925595223903656,0.07906325161457062
YNL009W,YDR282C,0,1.3759389,0.5411832928657532,0.925595223903656,0.0791633278131485
YOR276W,YLR056W,0,1.3751224,0.5408695936203003,0.925595223903656,0.07926341146230698
YMR202W,YGR204W,0,1.3729236,0.5405561923980713,0.925595223903656,0.07936348766088486
YML091C,YOR260W,1,1.371749,0.5408222079277039,0.9265872836112976,0.07936348766088486
YHR154W,YJL080C,0,1.3715357,0.5405092835426331,0.9265872836112976,0.07946357131004333
YBR233W-A,YBR092C,0,1.3668593,0.5401966571807861,0.9265872836112976,0.07956364750862122
YDL051W,YDR214W,0,1.3656296,0.5398843884468079,0.9265872836112976,0.0796637311577797
YKR001C,YGR085C,0,1.3650818,0.5395724773406982,0.9265872836112976,0.07976380735635757
YMR251W-A,YMR189W,0,1.3610594,0.539260983467102,0.9265872836112976,0.07986389100551605
YNL162W,YBR246W,1,1.3587487,0.5395268201828003,0.9275793433189392,0.07986389100551605
YLR404W,YLR432W,0,1.3566816,0.5392156839370728,0.9275793433189392,0.07996397465467453
YML094W,YMR153W,0,1.3559988,0.5389049053192139,0.9275793433189392,0.08006405085325241
YJR112W,YGL200C,0,1.3559983,0.5385944843292236,0.9275793433189392,0.08016413450241089
YHR076W,YGL032C,0,1.3558482,0.538284420967102,0.9275793433189392,0.08026421070098877
YPR017C,YDR158W,0,1.3541633,0.5379746556282043,0.9275793433189392,0.08036429435014725
YGL144C,YOR369C,0,1.3537076,0.5376653075218201,0.9275793433189392,0.08046437054872513
YCR097WB,YOR172W,0,1.3529108,0.5373563170433044,0.9275793433189392,0.0805644541978836
YGR245C,YLR219W,0,1.3515513,0.5370476841926575,0.9275793433189392,0.08066453039646149
YGR277C,YBR127C,0,1.3512373,0.5367394089698792,0.9275793433189392,0.08076461404561996
YLR188W,YLR208W,0,1.3464495,0.5364314317703247,0.9275793433189392,0.08086469024419785
YDR134C,YIL098C,0,1.3443971,0.5361238718032837,0.9275793433189392,0.08096477389335632
YML063W,YCR008W,0,1.3433318,0.5358166098594666,0.9275793433189392,0.0810648500919342
YLR201C,YDL148C,0,1.3431855,0.5355097651481628,0.9275793433189392,0.08116493374109268
YOR276W,YLR026C,0,1.3425373,0.535203218460083,0.9275793433189392,0.08126500993967056
YNL009W,YLR356W,0,1.3414142,0.5348970293998718,0.9275793433189392,0.08136509358882904
YPL013C,YBL045C,0,1.3412819,0.5345911979675293,0.9275793433189392,0.08146516978740692
YOR106W,YOR056C,0,1.3382893,0.5342857241630554,0.9275793433189392,0.0815652534365654
YBR265W,YBL003C,0,1.3381484,0.5339806079864502,0.9275793433189392,0.08166532963514328
YNL301C,YKL008C,0,1.3346708,0.5336757898330688,0.9275793433189392,0.08176541328430176
YKL069W,YOR362C,0,1.3344452,0.5333713889122009,0.9275793433189392,0.08186548948287964
YGR063C,YKL018W,0,1.3338459,0.5330672860145569,0.9275793433189392,0.08196557313203812
YML036W,YER099C,0,1.3335289,0.5327635407447815,0.9275793433189392,0.082065649330616
YDR436W,YLR178C,0,1.3333901,0.5324601531028748,0.9275793433189392,0.08216573297977448
YIL018W,YPL203W,1,1.3307486,0.5327262282371521,0.9285714030265808,0.08216573297977448
YDR545W,YDL027C,0,1.3305619,0.532423198223114,0.9285714030265808,0.08226580917835236
YPL090C,YKL012W,0,1.3292636,0.5321205258369446,0.9285714030265808,0.08236589282751083
YDR077W,YGL144C,0,1.3269436,0.5318182110786438,0.9285714030265808,0.08246597647666931
YDR450W,YGR199W,0,1.3260214,0.5315161943435669,0.9285714030265808,0.08256605267524719
YKR049C,YCL003W,0,1.3252485,0.5312145352363586,0.9285714030265808,0.08266613632440567
YER010C,YDL171C,0,1.3246912,0.530913233757019,0.9285714030265808,0.08276621252298355
YMR186W,YNL001W,0,1.3236837,0.5306122303009033,0.9285714030265808,0.08286629617214203
YGR148C,YKR023W,0,1.3223138,0.530311644077301,0.9285714030265808,0.08296637237071991
YBR058C-A,YGL043W,0,1.3216009,0.5300112962722778,0.9285714030265808,0.08306645601987839
YHR064C,YPL128C,0,1.3208553,0.5297113656997681,0.9285714030265808,0.08316653221845627
YDL134C-A,YAL036C,1,1.3206247,0.5299773812294006,0.9295634627342224,0.08316653221845627
YOR206W,YKR014C,0,1.3178988,0.5296778082847595,0.9295634627342224,0.08326661586761475
YHR024C,YBR187W,0,1.3177977,0.5293785333633423,0.9295634627342224,0.08336669206619263
YFL041W,YOR182C,0,1.3172643,0.5290796160697937,0.9295634627342224,0.0834667757153511
YBR092C,YDL171C,0,1.3164008,0.5287810564041138,0.9295634627342224,0.08356685191392899
YJL096W,YGL082W,0,1.3150249,0.5284827947616577,0.9295634627342224,0.08366693556308746
YPL090C,YCL058W-A,0,1.3148615,0.5281848907470703,0.9295634627342224,0.08376701176166534
YKR097W,YJR149W,0,1.3145227,0.5278873443603516,0.9295634627342224,0.08386709541082382
YCR097WB,YGL090W,0,1.3140941,0.5275900959968567,0.9295634627342224,0.0839671716094017
YLR312W-A,YNR041C,0,1.3136432,0.5272932052612305,0.9295634627342224,0.08406725525856018
YGL099W,YIL066C,0,1.3129466,0.5269966125488281,0.9295634627342224,0.08416733145713806
YMR269W,YIL107C,0,1.3128333,0.5267003774642944,0.9295634627342224,0.08426741510629654
YPL184C,YOR322C,0,1.3126211,0.5264045000076294,0.9295634627342224,0.08436749130487442
YMR243C,YOL005C,0,1.3098931,0.5261089205741882,0.9295634627342224,0.0844675749540329
YHR076W,YKL160W,0,1.3028318,0.5258136987686157,0.9295634627342224,0.08456765115261078
YFR049W,YMR087W,0,1.3027318,0.5255187749862671,0.9295634627342224,0.08466773480176926
YLL018C-A,YGR272C,0,1.2975767,0.5252242088317871,0.9295634627342224,0.08476781100034714
YGL103W,YJL194W,0,1.2964785,0.5249300003051758,0.9295634627342224,0.08486789464950562
YGR068C,YML063W,0,1.2920785,0.5246360301971436,0.9295634627342224,0.0849679708480835
YDR524C,YBR084W,0,1.284884,0.5243424773216248,0.9295634627342224,0.08506805449724197
YOL092W,YBR058C,0,1.2839179,0.5240492224693298,0.9295634627342224,0.08516813814640045
YNL113W,YML043C,0,1.2829064,0.5237562656402588,0.9295634627342224,0.08526821434497833
YML091C,YAL035W,1,1.281577,0.5240223407745361,0.9305555820465088,0.08526821434497833
YJR041C,YOR337W,0,1.2815216,0.5237297415733337,0.9305555820465088,0.08536829799413681
YJL096W,YDL135C,0,1.2791274,0.5234375,0.9305555820465088,0.08546837419271469
YKR061W,YNR004W,0,1.278621,0.5231455564498901,0.9305555820465088,0.08556845784187317
YML028W,YKL214C,0,1.2785983,0.5228539705276489,0.9305555820465088,0.08566853404045105
YCR071C,YPR175W,0,1.2779864,0.5225626826286316,0.9305555820465088,0.08576861768960953
YPL043W,YOR216C,0,1.2775687,0.5222716927528381,0.9305555820465088,0.08586869388818741
YDR289C,YNL152W,0,1.277052,0.5219810605049133,0.9305555820465088,0.08596877753734589
YBL071W-A,YLL012W,0,1.2765012,0.5216907858848572,0.9305555820465088,0.08606885373592377
YJL047C,YGL031C,0,1.27599,0.5214007496833801,0.9305555820465088,0.08616893738508224
YNL157W,YDL113C,0,1.2719506,0.5211111307144165,0.9305555820465088,0.08626901358366013
YER171W,YKL074C,0,1.2708406,0.520821750164032,0.9305555820465088,0.0863690972328186
YFL013C,YLR221C,0,1.2674912,0.5205327272415161,0.9305555820465088,0.08646917343139648
YOR182C,YPR193C,0,1.2665135,0.5202440619468689,0.9305555820465088,0.08656925708055496
YDR373W,YDL150W,0,1.2662835,0.5199556350708008,0.9305555820465088,0.08666933327913284
YJL136C,YJR013W,0,1.2658467,0.5196675658226013,0.9305555820465088,0.08676941692829132
YLR186W,YGL053W,0,1.2645373,0.5193798542022705,0.9305555820465088,0.0868694931268692
YCR096C,YDL004W,0,1.2639314,0.5190924406051636,0.9305555820465088,0.08696957677602768
YLR185W,YMR203W,0,1.2610707,0.5188053250312805,0.9305555820465088,0.08706965297460556
YGR124W,YJR112W,0,1.260823,0.5185185074806213,0.9305555820465088,0.08716973662376404
YCL037C,YOL135C,0,1.2586305,0.5182320475578308,0.9305555820465088,0.08726981282234192
YIL110W,YDR367W,0,1.2585177,0.5179458856582642,0.9305555820465088,0.0873698964715004
YHR111W,YDR450W,0,1.2571263,0.5176600217819214,0.9305555820465088,0.08746997267007828
YLR100W,YPL237W,0,1.2558959,0.5173745155334473,0.9305555820465088,0.08757005631923676
YDR201W,YMR074C,0,1.2543304,0.517089307308197,0.9305555820465088,0.08767013251781464
YEL050C,YPR169W,0,1.2526202,0.5168043971061707,0.9305555820465088,0.08777021616697311
YKL164C,YBR034C,0,1.249311,0.5165198445320129,0.9305555820465088,0.08787029981613159
YDR238C,YHR062C,0,1.2479639,0.5162355303764343,0.9305555820465088,0.08797037601470947
YGR124W,YDR510W,0,1.2471348,0.5159515738487244,0.9305555820465088,0.08807045966386795
YDL060W,YKL034W,0,1.2454534,0.5156679749488831,0.9305555820465088,0.08817053586244583
YLR201C,YCR030C,0,1.2425743,0.5153846144676208,0.9305555820465088,0.08827061951160431
YHR122W,YLR057W,0,1.2423935,0.5151016116142273,0.9305555820465088,0.08837069571018219
YEL059C-A,YKL056C,0,1.2386119,0.5148189067840576,0.9305555820465088,0.08847077935934067
YHR057C,YHR143W-A,0,1.2377963,0.5145364999771118,0.9305555820465088,0.08857085555791855
YPL128C,YPL237W,0,1.237494,0.5142543911933899,0.9305555820465088,0.08867093920707703
YOR369C,YLR206W,0,1.23662,0.5139725804328918,0.9305555820465088,0.08877101540565491
YHR034C,YNL058C,0,1.2356527,0.5136911273002625,0.9305555820465088,0.08887109905481339
YFR031C,YPL066W,0,1.2323787,0.5134099721908569,0.9305555820465088,0.08897117525339127
YPL166W,YDR262W,0,1.2314999,0.5131291151046753,0.9305555820465088,0.08907125890254974
YPL081W,YCL018W,0,1.2311606,0.5128485560417175,0.9305555820465088,0.08917133510112762
YDR478W,YNL102W,0,1.2286608,0.5125682950019836,0.9305555820465088,0.0892714187502861
YJL090C,YDL148C,0,1.2265778,0.5122883915901184,0.9305555820465088,0.08937149494886398
YDR383C,YNL052W,0,1.225501,0.5120087265968323,0.9305555820465088,0.08947157859802246
YKR007W,YDR225W,0,1.2240769,0.5117294192314148,0.9305555820465088,0.08957165479660034
YGR085C,YPR063C,0,1.2232747,0.5114504098892212,0.9305555820465088,0.08967173844575882
YLR079W,YOR133W,0,1.2229694,0.5111716389656067,0.9305555820465088,0.0897718146443367
YEL044W,YCR034W,0,1.2181449,0.5108932256698608,0.9305555820465088,0.08987189829349518
YMR184W,YFR049W,0,1.2176065,0.5106151103973389,0.9305555820465088,0.08997197449207306
YCR097WB,YGR277C,0,1.216254,0.5103373527526855,0.9305555820465088,0.09007205814123154
YHL021C,YJL099W,0,1.2157307,0.5100598335266113,0.9305555820465088,0.09017213433980942
YJL102W,YOR056C,0,1.2145329,0.509782612323761,0.9305555820465088,0.0902722179889679
YCR044C,YOR045W,0,1.2136531,0.5095056891441345,0.9305555820465088,0.09037229418754578
YBL071W-A,YEL034W,1,1.2118542,0.509772002696991,0.9315476417541504,0.09037229418754578
YLR186W,YKR048C,0,1.2117963,0.5094953775405884,0.9315476417541504,0.09047237783670425
YOL092W,YNL152W,0,1.2105582,0.5092191100120544,0.9315476417541504,0.09057246148586273
YBR034C,YGL139W,0,1.2070366,0.5089430809020996,0.9315476417541504,0.09067253768444061
YML106W,YDR315C,0,1.2053065,0.5086674094200134,0.9315476417541504,0.09077262133359909
YBR301W,YBR204C,0,1.2046863,0.5083919763565063,0.9315476417541504,0.09087269753217697
YKL141W,YLR056W,0,1.2046432,0.5081169009208679,0.9315476417541504,0.09097278118133545
YDR077W,YMR112C,0,1.2045858,0.5078420639038086,0.9315476417541504,0.09107285737991333
YNR074C,YNL058C,0,1.2013313,0.5075675845146179,0.9315476417541504,0.09117294102907181
YOR204W,YER025W,1,1.201168,0.5078336000442505,0.932539701461792,0.09117294102907181
YKL056C,YPR106W,0,1.2008579,0.5075594186782837,0.932539701461792,0.09127301722764969
YOR262W,YDR217C,0,1.1994066,0.507285475730896,0.932539701461792,0.09137310087680817
YML028W,YGL103W,0,1.1991397,0.507011890411377,0.932539701461792,0.09147317707538605
YBR246W,YGL103W,1,1.1989805,0.5072776079177856,0.9335317611694336,0.09147317707538605
YKR049C,YDR282C,0,1.1965356,0.5070043206214905,0.9335317611694336,0.09157326072454453
YCR097WB,YBR007C,0,1.1951385,0.5067312717437744,0.9335317611694336,0.0916733369231224
YKL056C,YDR303C,0,1.1946341,0.506458580493927,0.9335317611694336,0.09177342057228088
YAL035W,YER153C,0,1.1942123,0.5061861276626587,0.9335317611694336,0.09187349677085876
YOL034W,YCR080W,0,1.1942062,0.5059139728546143,0.9335317611694336,0.09197358042001724
YNL113W,YKL002W,0,1.1924524,0.5056421160697937,0.9335317611694336,0.09207365661859512
YGR199W,YGL030W,0,1.1922857,0.505370557308197,0.9335317611694336,0.0921737402677536
YLL052C,YGL031C,0,1.1915866,0.5050992965698242,0.9335317611694336,0.09227381646633148
YDL089W,YOL053C-A,0,1.188554,0.5048283338546753,0.9335317611694336,0.09237390011548996
YER126C,YDR123C,0,1.1865706,0.5045576691627502,0.9335317611694336,0.09247397631406784
YLR244C,YHR091C,0,1.1857885,0.5042872428894043,0.9335317611694336,0.09257405996322632
YKL143W,YDR400W,0,1.1850367,0.5040171146392822,0.9335317611694336,0.0926741361618042
YDL051W,YPL011C,0,1.1823268,0.5037473440170288,0.9335317611694336,0.09277421981096268
YBR251W,YGR204W,0,1.180087,0.5034778118133545,0.9335317611694336,0.09287429600954056
YMR131C,YDL098C,0,1.1795981,0.503208577632904,0.9335317611694336,0.09297437965869904
YOL040C,YNR070W,0,1.179153,0.5029395818710327,0.9335317611694336,0.09307445585727692
YJR007W,YNL328C,0,1.177542,0.50267094373703,0.9335317611694336,0.0931745395064354
YKL152C,YML063W,0,1.1769468,0.5024025440216064,0.9335317611694336,0.09327462315559387
YLR133W,YGL031C,0,1.1767881,0.5021344423294067,0.9335317611694336,0.09337469935417175
YDL236W,YMR121C,0,1.1751524,0.5018666386604309,0.9335317611694336,0.09347478300333023
YCL037C,YOR159C,0,1.1742704,0.501599133014679,0.9335317611694336,0.09357485920190811
YCL018W,YLR186W,0,1.1734207,0.5013319253921509,0.9335317611694336,0.09367494285106659
YPL255W,YER117W,0,1.1689022,0.5010649561882019,0.9335317611694336,0.09377501904964447
YMR097C,YGL099W,0,1.1688542,0.5007982850074768,0.9335317611694336,0.09387510269880295
YGL231C,YKL002W,0,1.1677934,0.5005319118499756,0.9335317611694336,0.09397517889738083
YGR271W,YDR382W,1,1.1663244,0.50079745054245,0.9345238208770752,0.09397517889738083
YDR194C,YER074W-A,0,1.1661844,0.5005313754081726,0.9345238208770752,0.0940752625465393
YOR094W,YBR220C,0,1.1660938,0.5002655386924744,0.9345238208770752,0.09417533874511719
YDR322W,YCL011C,0,1.1657051,0.5,0.9345238208770752,0.09427542239427567
YLR293C,YDR383C,0,1.164281,0.4997347593307495,0.9345238208770752,0.09437549859285355
YBR246W,YCR077C,1,1.1640974,0.5,0.9355158805847168,0.09437549859285355
YML046W,YMR024W,0,1.1630893,0.499735027551651,0.9355158805847168,0.09447558224201202
YHR024C,YPL012W,0,1.161048,0.4994703531265259,0.9355158805847168,0.0945756584405899
YMR246W,YDR071C,0,1.1594852,0.49920591711997986,0.9355158805847168,0.09467574208974838
YER182W,YKL151C,0,1.1572659,0.4989418089389801,0.9355158805847168,0.09477581828832626
YLR110C,YDR418W,0,1.155546,0.49867793917655945,0.9355158805847168,0.09487590193748474
YDR322W,YHR028C,0,1.1545302,0.49841436743736267,0.9355158805847168,0.09497597813606262
YGL245W,YGR230W,0,1.1537008,0.49815109372138977,0.9355158805847168,0.0950760617852211
YOR276W,YLR398C,0,1.1536149,0.49788805842399597,0.9355158805847168,0.09517613798379898
YBR141C,YMR059W,0,1.1534748,0.49762532114982605,0.9355158805847168,0.09527622163295746
YPL244C,YLR328W,0,1.1514739,0.49736288189888,0.9355158805847168,0.09537629783153534
YPR063C,YPR072W,0,1.1514484,0.49710068106651306,0.9355158805847168,0.09547638148069382
YBR059C,YHR143W-A,0,1.148834,0.49683877825737,0.9355158805847168,0.0955764576792717
YOR035C,YFR032C-A,0,1.1487346,0.4965771436691284,0.9355158805847168,0.09567654132843018
YDR450W,YMR009W,0,1.1470888,0.49631577730178833,0.9355158805847168,0.09577662497758865
YLR110C,YDL098C,0,1.1434777,0.4960547089576721,0.9355158805847168,0.09587670117616653
YOR276W,YLR178C,0,1.142664,0.4957939088344574,0.9355158805847168,0.09597678482532501
YKR084C,YDL135C,0,1.1380719,0.49553337693214417,0.9355158805847168,0.0960768610239029
YCL037C,YEL011W,0,1.1376171,0.4952731132507324,0.9355158805847168,0.09617694467306137
YLR293C,YPR063C,0,1.13445,0.49501311779022217,0.9355158805847168,0.09627702087163925
YML095C,YDR338C,0,1.133195,0.4947534203529358,0.9355158805847168,0.09637710452079773
YBL102W,YJL136C,0,1.1325638,0.4944939613342285,0.9355158805847168,0.09647718071937561
YDR054C,YAL033W,0,1.1272359,0.4942348003387451,0.9355158805847168,0.09657726436853409
YMR295C,YNL126W,0,1.1180342,0.4939759075641632,0.9355158805847168,0.09667734056711197
YDL134C-A,YER007C-A,1,1.1149424,0.4942408502101898,0.9365079402923584,0.09667734056711197
YLR378C,YJL076W,0,1.1145487,0.493982195854187,0.9365079402923584,0.09677742421627045
YNL299W,YML043C,0,1.1116714,0.4937238395214081,0.9365079402923584,0.09687750041484833
YBR253W,YDR450W,0,1.111555,0.49346575140953064,0.9365079402923584,0.0969775840640068
YDR461W,YOR251C,0,1.1111426,0.4932079315185547,0.9365079402923584,0.09707766026258469
YCR077C,YAL036C,1,1.1110055,0.4934725761413574,0.9375,0.09707766026258469
YPL099C,YGL105W,0,1.1103871,0.49321502447128296,0.9375,0.09717774391174316
YBR058C-A,YHR135C,0,1.1086118,0.49295774102211,0.9375,0.09727782011032104
YHR026W,YCL058W-A,0,1.1083626,0.4927007257938385,0.9375,0.09737790375947952
YDR200C,YCR029C-A,0,1.1078838,0.4924439787864685,0.9375,0.0974779799580574
YFL034C-A,YHR168W,1,1.1051743,0.49270832538604736,0.9384920597076416,0.0974779799580574
YAL053W,YNL301C,0,1.1045661,0.49245184659957886,0.9384920597076416,0.09757806360721588
YBR280C,YHL033C,0,1.1034201,0.49219563603401184,0.9384920597076416,0.09767813980579376
YJR141W,YKL074C,0,1.102948,0.4919396638870239,0.9384920597076416,0.09777822345495224
YMR131C,YGL044C,0,1.1025386,0.4916839897632599,0.9384920597076416,0.09787829965353012
YOR298C-A,YJL192C,0,1.1021755,0.49142858386039734,0.9384920597076416,0.0979783833026886
YBL002W,YGL181W,0,1.1006105,0.4911734163761139,0.9384920597076416,0.09807845950126648
YOR362C,YGR215W,0,1.1005775,0.49091851711273193,0.9384920597076416,0.09817854315042496
YFR038W,YGL171W,0,1.0988617,0.49066388607025146,0.9384920597076416,0.09827861934900284
YPR036W,YMR202W,0,1.0975661,0.4904095530509949,0.9384920597076416,0.09837870299816132
YMR290C,YDL103C,0,1.0967584,0.490155428647995,0.9384920597076416,0.0984787866473198
YGR271W,YJL136C,1,1.0961928,0.49041947722435,0.9394841194152832,0.0984787866473198
YNR020C,YDL135C,0,1.0951031,0.4901656210422516,0.9394841194152832,0.09857886284589767
YGL231C,YOL040C,0,1.089848,0.4899120628833771,0.9394841194152832,0.09867894649505615
YGL076C,YGL049C,1,1.089216,0.4901758134365082,0.9404761791229248,0.09867894649505615
YPR109W,YGR148C,0,1.0873199,0.48992249369621277,0.9404761791229248,0.09877902269363403
YGL049C,YFL035C-B,1,1.0851905,0.49018594622612,0.9414682388305664,0.09877902269363403
YMR183C,YNL315C,0,1.081712,0.4899328947067261,0.9414682388305664,0.09887910634279251
YOR206W,YML118W,0,1.0776939,0.48968008160591125,0.9414682388305664,0.09897918254137039
YDL093W,YLR185W,0,1.0769238,0.4894275367259979,0.9414682388305664,0.09907926619052887
YKR023W,YGL031C,0,1.0759982,0.4891752600669861,0.9414682388305664,0.09917934238910675
YBR235W,YGL139W,0,1.0743165,0.48892322182655334,0.9414682388305664,0.09927942603826523
YHR196W,YPL059W,0,1.0740312,0.4886714816093445,0.9414682388305664,0.09937950223684311
YBL004W,YPL244C,0,1.0733819,0.4884199798107147,0.9414682388305664,0.09947958588600159
YMR079W,YKR048C,0,1.0723829,0.48816871643066406,0.9414682388305664,0.09957966208457947
YNL231C,YJL160C,0,1.0721045,0.4879177510738373,0.9414682388305664,0.09967974573373795
YDR022C,YOR182C,0,1.069582,0.4876670241355896,0.9414682388305664,0.09977982193231583
YBR280C,YDR023W,0,1.0685223,0.487416535615921,0.9414682388305664,0.0998799055814743
YLR110C,YML095C,0,1.068296,0.48716631531715393,0.9414682388305664,0.09997998178005219
YLR035C,YML063W,0,1.0673544,0.48691636323928833,0.9414682388305664,0.10008006542921066
YGL049C,YHL015W,1,1.0668448,0.4871794879436493,0.942460298538208,0.10008006542921066
YOR133W,YKL074C,0,1.0625757,0.4869297742843628,0.942460298538208,0.10018014162778854
YHR209W,YLR284C,0,1.0607672,0.4866803288459778,0.942460298538208,0.10028022527694702
YKL054C,YHR172W,0,1.0606948,0.4864311218261719,0.942460298538208,0.1003803014755249
YPR052C,YEL001C,0,1.0606494,0.48618218302726746,0.942460298538208,0.10048038512468338
YLR384C,YLR243W,0,1.0603062,0.4859335124492645,0.942460298538208,0.10058046132326126
YLR167W,YCR040W,0,1.0591245,0.4856850802898407,0.942460298538208,0.10068054497241974
YGL114W,YOR104W,0,1.0588527,0.48543688654899597,0.942460298538208,0.10078062117099762
YPR052C,YHL039W,0,1.0573742,0.48518896102905273,0.942460298538208,0.1008807048201561
YBL015W,YMR304W,0,1.0558331,0.484941303730011,0.942460298538208,0.10098078101873398
YDR128W,YGL103W,0,1.0546439,0.48469388484954834,0.942460298538208,0.10108086466789246
YDR367W,YLR026C,0,1.05217,0.4844467043876648,0.942460298538208,0.10118094831705093
YGR271C-A,YDR119W,0,1.04949,0.48419979214668274,0.942460298538208,0.10128102451562881
YDL004W,YDR091C,0,1.0478443,0.4839531183242798,0.942460298538208,0.10138110816478729
YBR253W,YJR123W,0,1.047254,0.4837067127227783,0.942460298538208,0.10148118436336517
YML039W,YLR020C,0,1.0455372,0.48346054553985596,0.942460298538208,0.10158126801252365
YOR255W,YOR131C,0,1.0443416,0.4832146465778351,0.942460298538208,0.10168134421110153
YEL060C,YOR056C,0,1.0415285,0.4829689860343933,0.942460298538208,0.10178142786026001
YAL005C,YAL036C,1,1.0396663,0.48323169350624084,0.9434523582458496,0.10178142786026001
YAR033W,YLR298C,0,1.0389524,0.48298630118370056,0.9434523582458496,0.10188150405883789
YCR046C,YGL043W,0,1.0389435,0.482741117477417,0.9434523582458496,0.10198158770799637
YOR206W,YDR066C,0,1.0387186,0.4824962019920349,0.9434523582458496,0.10208166390657425
YJR009C,YLR138W,0,1.0375321,0.48225152492523193,0.9434523582458496,0.10218174755573273
YLR138W,YHR066W,0,1.036087,0.48200708627700806,0.9434523582458496,0.10228182375431061
YLR284C,YKR081C,0,1.0323842,0.48176291584968567,0.9434523582458496,0.10238190740346909
YDR031W,YLR312W-A,0,1.0320308,0.4815189838409424,0.9434523582458496,0.10248198360204697
YGR060W,YCL058W-A,0,1.031546,0.4812752902507782,0.9434523582458496,0.10258206725120544
YCL029C,YLR221C,0,1.0310272,0.4810318648815155,0.9434523582458496,0.10268214344978333
YFL052W,YLR345W,0,1.030598,0.4807886779308319,0.9434523582458496,0.1027822270989418
YPR003C,YGR066C,0,1.0293443,0.4805457293987274,0.9434523582458496,0.10288230329751968
YCR034W,YPR061C,0,1.0290467,0.480303019285202,0.9434523582458496,0.10298238694667816
YNL078W,YJL080C,0,1.0250866,0.4800605773925781,0.9434523582458496,0.10308246314525604
YBR169C,YAL054C,0,1.0246513,0.4798183739185333,0.9434523582458496,0.10318254679441452
YGR185C,YMR227C,0,1.0244391,0.4795764088630676,0.9434523582458496,0.1032826229929924
YDR460W,YOL002C,0,1.0182861,0.47933468222618103,0.9434523582458496,0.10338270664215088
YNL240C,YGR272C,0,1.017532,0.47909319400787354,0.9434523582458496,0.10348278284072876
YKR097W,YNL200C,0,1.0165659,0.47885197401046753,0.9434523582458496,0.10358286648988724
YDR380W,YLR345W,0,1.0159754,0.47861096262931824,0.9434523582458496,0.10368294268846512
YLR258W,YHR062C,0,1.0142306,0.47837021946907043,0.9434523582458496,0.1037830263376236
YBR231C,YHR066W,0,1.0138032,0.47812971472740173,0.9434523582458496,0.10388310998678207
YCR080W,YOR251C,0,1.0136338,0.47788944840431213,0.9434523582458496,0.10398318618535995
YNL221C,YBR187W,0,1.0131543,0.47764942049980164,0.9434523582458496,0.10408326983451843
YLR357W,YKR078W,0,1.0090841,0.47740963101387024,0.9434523582458496,0.10418334603309631
YKL141W,YDR134C,0,1.004235,0.47717010974884033,0.9434523582458496,0.10428342968225479
YLR336C,YKR048C,0,1.004096,0.47693079710006714,0.9434523582458496,0.10438350588083267
YNR071C,YGR098C,0,1.0040121,0.47669172286987305,0.9434523582458496,0.10448358952999115
YDR513W,YLR075W,0,1.0019913,0.47645291686058044,0.9434523582458496,0.10458366572856903
YNL070W,YHR065C,0,1.0009251,0.47621431946754456,0.9434523582458496,0.10468374937772751
YBL072C,YOL141W,0,1.0007958,0.47597599029541016,0.9434523582458496,0.10478382557630539
YGL131C,YGL031C,0,1.0002613,0.47573786973953247,0.9434523582458496,0.10488390922546387
YGL105W,YAL058W,0,0.9996426,0.4754999876022339,0.9434523582458496,0.10498398542404175
YKR025W,YAR018C,0,0.99889433,0.4752623736858368,0.9434523582458496,0.10508406907320023
YKL164C,YMR112C,0,0.9972414,0.4750249683856964,0.9434523582458496,0.1051841452717781
YJL108C,YDL199C,0,0.9968815,0.4747878313064575,0.9434523582458496,0.10528422892093658
YJR007W,YIR013C,0,0.99684286,0.47455090284347534,0.9434523582458496,0.10538430511951447
YER021W,YPL012W,0,0.9956728,0.47431421279907227,0.9434523582458496,0.10548438876867294
YGR138C,YGL033W,0,0.995183,0.4740777611732483,0.9434523582458496,0.10558446496725082
YPL079W,YAR042W,0,0.99453413,0.4738415479660034,0.9434523582458496,0.1056845486164093
YDR238C,YMR300C,0,0.99363637,0.47360557317733765,0.9434523582458496,0.10578462481498718
YDR503C,YER165W,0,0.99314785,0.473369836807251,0.9434523582458496,0.10588470846414566
YLR390W,YML050W,0,0.9927666,0.4731343388557434,0.9434523582458496,0.10598478466272354
YDR026C,YHR199C-A,0,0.99181676,0.47289904952049255,0.9434523582458496,0.10608486831188202
YHR209W,YER004W,0,0.99156535,0.4726640284061432,0.9434523582458496,0.1061849445104599
YLR185W,YNL138W-A,0,0.9910008,0.47242921590805054,0.9434523582458496,0.10628502815961838
YKL164C,YBR084W,0,0.99095106,0.472194641828537,0.9434523582458496,0.10638511180877686
YER175C,YER184C,0,0.9899258,0.47196030616760254,0.9434523582458496,0.10648518800735474
YNL152W,YHR065C,0,0.9897953,0.4717261791229248,0.9434523582458496,0.10658527165651321
YEL017C-A,YJL145W,0,0.98742986,0.47149232029914856,0.9434523582458496,0.1066853478550911
YKR089C,YHR066W,0,0.9867915,0.47125867009162903,0.9434523582458496,0.10678543150424957
YDR461W,YER177W,0,0.9840152,0.4710252583026886,0.9434523582458496,0.10688550770282745
YEL017C-A,YLR390W-A,0,0.9836102,0.47079208493232727,0.9434523582458496,0.10698559135198593
YER177W,YBL076C,0,0.98336387,0.47055912017822266,0.9434523582458496,0.10708566755056381
YCR044C,YGL200C,0,0.98252594,0.47032642364501953,0.9434523582458496,0.10718575119972229
YLR208W,YML050W,0,0.9802507,0.47009390592575073,0.9434523582458496,0.10728582739830017
YOR276W,YJL035C,0,0.97854114,0.4698616564273834,0.9434523582458496,0.10738591104745865
YEL044W,YHR065C,0,0.97797066,0.4696296155452728,0.9434523582458496,0.10748598724603653
YDR170W-A,YOL005C,0,0.97405183,0.4693978428840637,0.9434523582458496,0.10758607089519501
YJR123W,YMR154C,0,0.9735459,0.46916624903678894,0.9434523582458496,0.10768614709377289
YER181C,YIL066C,0,0.9724113,0.46893492341041565,0.9434523582458496,0.10778623074293137
YKL054C,YOR046C,0,0.9709677,0.4687038064002991,0.9434523582458496,0.10788630694150925
YBR246W,YFL034C-A,1,0.97080046,0.4689655303955078,0.9444444179534912,0.10788630694150925
YHR175W,YML106W,0,0.96979886,0.46873462200164795,0.9444444179534912,0.10798639059066772
YBR198C,YAL033W,0,0.96963596,0.4685039222240448,0.9444444179534912,0.1080864667892456
YPR042C,YCR005C,0,0.9695552,0.46827349066734314,0.9444444179534912,0.10818655043840408
YGR124W,YLR100W,0,0.9684514,0.4680432677268982,0.9444444179534912,0.10828662663698196
YHR122W,YKL175W,0,0.9648582,0.46781325340270996,0.9444444179534912,0.10838671028614044
YNL102W,YLR243W,0,0.9646744,0.4675835072994232,0.9444444179534912,0.10848678648471832
YPL184C,YLR378C,0,0.962384,0.4673539400100708,0.9444444179534912,0.1085868701338768
YBR058C-A,YGL156W,0,0.96217173,0.4671246409416199,0.9444444179534912,0.10868694633245468
YGR271W,YPL143W,1,0.96137756,0.4673859775066376,0.9454365372657776,0.10868694633245468
YMR042W,YDL211C,0,0.96005684,0.46715685725212097,0.9454365372657776,0.10878702998161316
YEL050C,YIL062C,0,0.95851964,0.46692797541618347,0.9454365372657776,0.10888710618019104
YDL245C,YML063W,0,0.957826,0.4666993021965027,0.9454365372657776,0.10898718982934952
YOL020W,YJL148W,0,0.9544296,0.466470867395401,0.9454365372657776,0.109087273478508
YOR035C,YDR418W,0,0.9544191,0.4662426710128784,0.9454365372657776,0.10918734967708588
YJL123C,YJR141W,0,0.9510819,0.46601468324661255,0.9454365372657776,0.10928743332624435
YOL053C-A,YAL054C,0,0.9475862,0.4657869040966034,0.9454365372657776,0.10938750952482224
YHR165C,YHR196W,0,0.9469903,0.46555936336517334,0.9454365372657776,0.10948759317398071
YDR077W,YPL127C,0,0.94588965,0.46533203125,0.9454365372657776,0.1095876693725586
YOL086W-A,YOR177C,0,0.9451251,0.46510493755340576,0.9454365372657776,0.10968775302171707
YIL171W,YML063W,0,0.9438076,0.46487805247306824,0.9454365372657776,0.10978782922029495
YBL071W-A,YLR264W,1,0.9437847,0.4651389420032501,0.9464285969734192,0.10978782922029495
YDR117C,YEL034W,1,0.93923056,0.4653996229171753,0.9474206566810608,0.10978782922029495
YDR363W-A,YJL021C,0,0.93757033,0.4651729166507721,0.9474206566810608,0.10988791286945343
YDR322W,YOR273C,0,0.9362311,0.464946448802948,0.9474206566810608,0.10998798906803131
YPL098C,YDR477W,0,0.9355111,0.4647201895713806,0.9474206566810608,0.11008807271718979
YBL002W,YPL152W,0,0.9348133,0.46449416875839233,0.9474206566810608,0.11018814891576767
YDL098C,YPL012W,0,0.9328528,0.46426835656166077,0.9474206566810608,0.11028823256492615
YPL264C,YLL040C,0,0.9315247,0.4640427529811859,0.9474206566810608,0.11038830876350403
YHR199C,YPL199C,0,0.93007636,0.46381738781929016,0.9474206566810608,0.1104883924126625
YMR246W,YDR214W,0,0.92730796,0.4635922312736511,0.9474206566810608,0.11058846861124039
YLR068W,YCL018W,0,0.9262003,0.4633672833442688,0.9474206566810608,0.11068855226039886
YOR148C,YML106W,0,0.92412424,0.4631425738334656,0.9474206566810608,0.11078862845897675
YHR033W,YNL053W,0,0.9227512,0.46291807293891907,0.9474206566810608,0.11088871210813522
YDR077W,YJR141W,0,0.92034674,0.46269381046295166,0.9474206566810608,0.1109887883067131
YGR145W,YNL265C,0,0.91894436,0.4624697268009186,0.9474206566810608,0.11108887195587158
YER010C,YDL128W,0,0.9161658,0.4622458815574646,0.9474206566810608,0.11118894815444946
YDR460W,YHL009W-B,0,0.9161576,0.46202224493026733,0.9474206566810608,0.11128903180360794
YBR058C-A,YMR087W,0,0.91595906,0.46179884672164917,0.9474206566810608,0.11138910800218582
YGL039W,YLR298C,0,0.9156873,0.46157562732696533,0.9474206566810608,0.1114891916513443
YER138C,YMR300C,0,0.91557384,0.4613526463508606,0.9474206566810608,0.11158926784992218
YPR189W,YOR145C,0,0.9139535,0.46112990379333496,0.9474206566810608,0.11168935149908066
YDR364C,YDR026C,0,0.9127756,0.46090734004974365,0.9474206566810608,0.11178943514823914
YOR233W,YGL246C,0,0.9124894,0.46068498492240906,0.9474206566810608,0.11188951134681702
YDR134C,YLL006W,0,0.9117985,0.46046286821365356,0.9474206566810608,0.1119895949959755
YGR145W,YDL165W,0,0.91057396,0.4602409601211548,0.9474206566810608,0.11208967119455338
YOR167C,YIL172C,0,0.9104687,0.4600192606449127,0.9474206566810608,0.11218975484371185
YGR175C,YGR096W,0,0.9078054,0.45979779958724976,0.9474206566810608,0.11228983104228973
YDR381C-A,YLR284C,0,0.90744513,0.4595765173435211,0.9474206566810608,0.11238991469144821
YOR311C,YBR084W,0,0.9058222,0.4593554735183716,0.9474206566810608,0.11248999089002609
YIL064W,YPR063C,0,0.9052081,0.45913460850715637,0.9474206566810608,0.11259007453918457
YAL044C,YKL137W,0,0.9047386,0.45891398191452026,0.9474206566810608,0.11269015073776245
YDR461W,YLR167W,0,0.90446466,0.45869356393814087,0.9474206566810608,0.11279023438692093
YJL123C,YOR046C,0,0.9024209,0.4584733545780182,0.9474206566810608,0.11289031058549881
YDR363W-A,YJL223C,0,0.9008468,0.4582533538341522,0.9474206566810608,0.11299039423465729
YPR115W,YFL030W,0,0.8973835,0.45803356170654297,0.9474206566810608,0.11309047043323517
YOR035C,YNL200C,0,0.8973321,0.4578140079975128,0.9474206566810608,0.11319055408239365
YGL039W,YMR276W,0,0.8967302,0.457594633102417,0.9474206566810608,0.11329063028097153
YHL025W,YNL056W,0,0.8941182,0.4573754668235779,0.9474206566810608,0.11339071393013
YPL213W,YKR014C,0,0.891348,0.45715653896331787,0.9474206566810608,0.11349079012870789
YBR283C,YDR009W,0,0.8913214,0.4569377899169922,0.9474206566810608,0.11359087377786636
YBR233W-A,YGL040C,0,0.8904149,0.4567192792892456,0.9474206566810608,0.11369094997644424
YER010C,YHR143W-A,0,0.8894746,0.45650094747543335,0.9474206566810608,0.11379103362560272
YGR136W,YBR108W,0,0.88875633,0.4562828540802002,0.9474206566810608,0.1138911098241806
YPR193C,YJL223C,0,0.8877891,0.45606493949890137,0.9474206566810608,0.11399119347333908
YDR373W,YDR134C,0,0.88622266,0.45584726333618164,0.9474206566810608,0.11409126967191696
YGL144C,YKR078W,0,0.8860527,0.45562976598739624,0.9474206566810608,0.11419135332107544
YLR250W,YGR090W,0,0.88572454,0.45541250705718994,0.9474206566810608,0.11429142951965332
YHL021C,YMR174C,0,0.88553137,0.45519542694091797,0.9474206566810608,0.1143915131688118
YGR086C,YJL055W,0,0.88504434,0.4549785554409027,0.9474206566810608,0.11449159681797028
YGR148C,YLR284C,0,0.8847723,0.45476189255714417,0.9474206566810608,0.11459167301654816
YNL175C,YLR212C,1,0.88450027,0.4550214111804962,0.9484127163887024,0.11459167301654816
YKL200C,YJL146W,0,0.8799988,0.4548049569129944,0.9484127163887024,0.11469175666570663
YGR169C-C,YOL121C,1,0.87941086,0.45506420731544495,0.949404776096344,0.11469175666570663
YBL102W,YLR002C,0,0.87799364,0.45484790205955505,0.949404776096344,0.11479183286428452
YPL079W,YPL259C,0,0.8758587,0.45463183522224426,0.949404776096344,0.114891916513443
YMR202W,YJR001W,0,0.87524986,0.4544159471988678,0.949404776096344,0.11499199271202087
YBL015W,YOR362C,0,0.8750595,0.45420029759407043,0.949404776096344,0.11509207636117935
YJL190C,YGR169C-C,1,0.87494445,0.45445919036865234,0.9503968358039856,0.11509207636117935
YMR129W,YEL017C-A,0,0.87330204,0.4542437195777893,0.9503968358039856,0.11519215255975723
YGR138C,YDR461W,0,0.8730783,0.4540284276008606,0.9503968358039856,0.11529223620891571
YDR066C,YJL055W,0,0.8727313,0.4538133442401886,0.9503968358039856,0.11539231240749359
YOL127W,YGR169C-C,1,0.87190855,0.454071968793869,0.9513888955116272,0.11539231240749359
YDR429C,YMR033W,0,0.87185425,0.45385706424713135,0.9513888955116272,0.11549239605665207
YGL200C,YHL003C,0,0.87082314,0.4536423981189728,0.9513888955116272,0.11559247225522995
YMR183C,YIL065C,0,0.8704081,0.45342791080474854,0.9513888955116272,0.11569255590438843
YDL051W,YGL179C,0,0.87016666,0.4532136023044586,0.9513888955116272,0.11579263210296631
YFR014C,YNL315C,0,0.86822987,0.4529995322227478,0.9513888955116272,0.11589271575212479
YLR035C,YNL301C,0,0.8681666,0.4527856409549713,0.9513888955116272,0.11599279195070267
YPR185W,YMR087W,0,0.86689687,0.45257195830345154,0.9513888955116272,0.11609287559986115
YLR312W-A,YMR005W,0,0.8658969,0.4523584842681885,0.9513888955116272,0.11619295179843903
YGL147C,YGR169C-C,1,0.86551774,0.45261669158935547,0.9523809552192688,0.11619295179843903
YJL123C,YNL135C,0,0.86422217,0.45240339636802673,0.9523809552192688,0.1162930354475975
YDL051W,YJL129C,0,0.8632324,0.4521903097629547,0.9523809552192688,0.11639311164617538
YER178W,YGL076C,0,0.8632037,0.451977401971817,0.9523809552192688,0.11649319529533386
YOR145C,YER004W,0,0.862525,0.45176470279693604,0.9523809552192688,0.11659327149391174
YGR124W,YPL222W,0,0.86245245,0.45155221223831177,0.9523809552192688,0.11669335514307022
YHR129C,YDR225W,0,0.8599622,0.4513399004936218,0.9523809552192688,0.1167934313416481
YKR071C,YER153C,0,0.8597875,0.451127827167511,0.9523809552192688,0.11689351499080658
YGR086C,YDR091C,0,0.85923874,0.4509159326553345,0.9523809552192688,0.11699359118938446
YNL049C,YOR167C,0,0.8583616,0.4507042169570923,0.9523809552192688,0.11709367483854294
YKR067W,YHL039W,0,0.85809034,0.4504927396774292,0.9523809552192688,0.11719375848770142
YOR182C,YJR001W,0,0.8580004,0.45028141140937805,0.9523809552192688,0.1172938346862793
YDR444W,YNL061W,0,0.8569292,0.450070321559906,0.9523809552192688,0.11739391833543777
YPR191W,YGR158C,0,0.85530853,0.4498594105243683,0.9523809552192688,0.11749399453401566
YHR146W,YFL002W-A,0,0.8548819,0.4496487081050873,0.9523809552192688,0.11759407818317413
YCR046C,YML014W,0,0.8547781,0.449438214302063,0.9523809552192688,0.11769415438175201
YGR239C,YLR147C,0,0.8544188,0.449227899312973,0.9523809552192688,0.11779423803091049
YBL071W-A,YGL043W,0,0.85290813,0.4490177631378174,0.9523809552192688,0.11789431422948837
YOR004W,YCL061C,0,0.8515229,0.44880786538124084,0.9523809552192688,0.11799439787864685
YDL161W,YMR225C,0,0.8513539,0.44859811663627625,0.9523809552192688,0.11809447407722473
YLR453C,YGL231C,0,0.8507965,0.44838860630989075,0.9523809552192688,0.11819455772638321
YNL299W,YPL099C,0,0.84872437,0.4481792747974396,0.9523809552192688,0.11829463392496109
YNL146W,YJL223C,0,0.84791243,0.44797012209892273,0.9523809552192688,0.11839471757411957
YDR025W,YGR169C-C,1,0.8475945,0.4482276141643524,0.9533730149269104,0.11839471757411957
YDR063W,YKR014C,0,0.84515494,0.4480186402797699,0.9533730149269104,0.11849479377269745
YPL271W,YCL050C,0,0.84498054,0.4478098750114441,0.9533730149269104,0.11859487742185593
YGR145W,YGR060W,0,0.8442209,0.447601318359375,0.9533730149269104,0.11869495362043381
YLR390W,YOR056C,0,0.8420887,0.44739291071891785,0.9533730149269104,0.11879503726959229
YPR112C,YGL082W,0,0.84171075,0.4471847414970398,0.9533730149269104,0.11889511346817017
YDL171C,YOR056C,0,0.84136987,0.44697675108909607,0.9533730149269104,0.11899519711732864
YGR172C,YDR420W,0,0.84050465,0.44676893949508667,0.9533730149269104,0.11909527331590652
YBR141C,YOL056W,0,0.8395993,0.446561336517334,0.9533730149269104,0.119195356965065
YOR142W,YOL086W-A,0,0.83900106,0.4463539123535156,0.9533730149269104,0.11929543316364288
YOR209C,YGR074W,0,0.83878565,0.446146696805954,0.9533730149269104,0.11939551681280136
YJR014W,YOR260W,1,0.8376583,0.44640371203422546,0.954365074634552,0.11939551681280136
YPL184C,YNL161W,0,0.8365449,0.44619667530059814,0.954365074634552,0.11949559301137924
YGL236C,YHR129C,0,0.8359461,0.44598978757858276,0.954365074634552,0.11959567666053772
YKL054C,YPL012W,0,0.8338238,0.4457831382751465,0.954365074634552,0.1196957603096962
YKR075C,YJL061W,0,0.8335231,0.44557666778564453,0.954365074634552,0.11979583650827408
YNR020C,YIR009W,0,0.83343756,0.4453703761100769,0.954365074634552,0.11989592015743256
YPR106W,YBR078W,0,0.8326691,0.4451642632484436,0.954365074634552,0.11999599635601044
YPL009C,YER104W,0,0.83101386,0.444958359003067,0.954365074634552,0.12009608000516891
YGL231C,YDR056C,0,0.82908845,0.44475266337394714,0.954365074634552,0.1201961562037468
YDL113C,YML026C,0,0.82797664,0.4445471465587616,0.954365074634552,0.12029623985290527
YDR079C-A,YIL062C,0,0.8220514,0.4443418085575104,0.954365074634552,0.12039631605148315
YDR450W,YGR163W,0,0.8214823,0.4441366493701935,0.954365074634552,0.12049639970064163
YJL096W,YNL290W,0,0.82140565,0.4439316987991333,0.954365074634552,0.12059647589921951
YPL271W,YJL145W,0,0.82050574,0.44372692704200745,0.954365074634552,0.12069655954837799
YPL087W,YBL076C,0,0.8199107,0.4435223639011383,0.954365074634552,0.12079663574695587
YJR123W,YKL175W,0,0.8189745,0.4433179795742035,0.954365074634552,0.12089671939611435
YML039W,YNL309W,0,0.8168253,0.443113774061203,0.954365074634552,0.12099679559469223
YDL216C,YML050W,0,0.8159321,0.44290974736213684,0.954365074634552,0.12109687924385071
YKL035W,YML106W,0,0.81582355,0.4427059292793274,0.954365074634552,0.12119695544242859
YLR056W,YMR204C,0,0.81434995,0.44250229001045227,0.954365074634552,0.12129703909158707
YGR124W,YOR337W,0,0.81405634,0.44229885935783386,0.954365074634552,0.12139711529016495
YBR034C,YCL029C,0,0.8121158,0.4420955777168274,0.954365074634552,0.12149719893932343
YLR345W,YOL103W,0,0.811049,0.44189250469207764,0.954365074634552,0.1215972751379013
YBL015W,YLR056W,0,0.8108934,0.4416896104812622,0.954365074634552,0.12169735878705978
YML040W,YAR014C,0,0.81035334,0.4414869248867035,0.954365074634552,0.12179743498563766
YML095C,YML063W,0,0.80939186,0.4412844181060791,0.954365074634552,0.12189751863479614
YAR018C,YCL058W-A,0,0.80875564,0.44108206033706665,0.954365074634552,0.12199759483337402
YGR169C-C,YKR059W,1,0.80860656,0.4413382112979889,0.9553571343421936,0.12199759483337402
YMR186W,YGR024C,0,0.80845934,0.44113606214523315,0.9553571343421936,0.1220976784825325
YLR293C,YOR157C,0,0.80836904,0.44093406200408936,0.9553571343421936,0.12219775468111038
YGR169C-C,YML026C,1,0.80706346,0.4411899447441101,0.9563491940498352,0.12219775468111038
YBR253W,YML014W,0,0.8065791,0.44098809361457825,0.9563491940498352,0.12229783833026886
YMR121C,YER087W,0,0.8058411,0.4407864511013031,0.9563491940498352,0.12239792197942734
YLR336C,YPL066W,0,0.8055892,0.44058501720428467,0.9563491940498352,0.12249799817800522
YBR058C-A,YLL067C,0,0.80544794,0.4403837323188782,0.9563491940498352,0.1225980818271637
YCL050C,YOR299W,0,0.8046392,0.4401826560497284,0.9563491940498352,0.12269815802574158
YPR112C,YGR036C,0,0.8036902,0.43998172879219055,0.9563491940498352,0.12279824167490005
YDL206W,YLR271W,0,0.8025814,0.4397810101509094,0.9563491940498352,0.12289831787347794
YGR169C-C,YJL138C,1,0.8017306,0.44003647565841675,0.9573412537574768,0.12289831787347794
YGL039W,YDR033W,0,0.80125713,0.43983590602874756,0.9573412537574768,0.12299840152263641
YDR031W,YKR095W-A,0,0.7999133,0.4396355450153351,0.9573412537574768,0.1230984777212143
YCL018W,YOR133W,0,0.7978229,0.43943533301353455,0.9573412537574768,0.12319856137037277
YGR124W,YLR398C,0,0.7977227,0.4392353296279907,0.9573412537574768,0.12329863756895065
YNL157W,YJL172W,0,0.79764885,0.43903547525405884,0.9573412537574768,0.12339872121810913
YHR062C,YIR009W,0,0.7970897,0.43883582949638367,0.9573412537574768,0.12349879741668701
YDR381C-A,YBR018C,0,0.7961395,0.4386363625526428,0.9573412537574768,0.12359888106584549
YDR510W,YLR244C,0,0.79481065,0.4384370744228363,0.9573412537574768,0.12369895726442337
YAL005C,YJR094W-A,1,0.7936553,0.4386920928955078,0.9583333134651184,0.12369895726442337
YFL002W-A,YGL157W,0,0.7934563,0.43849295377731323,0.9583333134651184,0.12379904091358185
YBL005W-B,YML023C,0,0.79285336,0.43829402327537537,0.9583333134651184,0.12389911711215973
YGL099W,YFL030W,0,0.79202163,0.43809524178504944,0.9583333134651184,0.1239992007613182
YPL009C,YLR221C,0,0.79042685,0.43789663910865784,0.9583333134651184,0.12409927695989609
YLR100W,YNL030W,0,0.7900865,0.43769824504852295,0.9583333134651184,0.12419936060905457
YLR221C,YOR156C,0,0.78965247,0.4375,0.9583333134651184,0.12429943680763245
YMR295C,YDR034W-B,0,0.78952134,0.4373019337654114,0.9583333134651184,0.12439952045679092
YOR035C,YDR034W-B,0,0.789315,0.43710407614707947,0.9583333134651184,0.1244995966553688
YPL090C,YPR156C,0,0.7883105,0.4369063675403595,0.9583333134651184,0.12459968030452728
YDR086C,YLL012W,0,0.78775597,0.43670886754989624,0.9583333134651184,0.12469975650310516
YHR064C,YMR184W,0,0.78723985,0.4365115165710449,0.9583333134651184,0.12479984015226364
YER046W,YBR301W,0,0.7868922,0.4363143742084503,0.9583333134651184,0.12489991635084152
YHR143W-A,YDL132W,0,0.7863022,0.43611738085746765,0.9583333134651184,0.125
YNL301C,YGR169C-C,1,0.78231716,0.4363718330860138,0.95932537317276,0.125
YKL061W,YFR015C,0,0.78167105,0.43617501854896545,0.95932537317276,0.12510007619857788
YDL215C,YGR090W,0,0.7789129,0.43597835302352905,0.95932537317276,0.12520016729831696
YJL047C,YGR085C,0,0.77188706,0.43578189611434937,0.95932537317276,0.12530024349689484
YDL004W,YNR041C,0,0.77166045,0.4355855882167816,0.95932537317276,0.12540031969547272
YCR029C-A,YGL254W,0,0.7716133,0.4353894591331482,0.95932537317276,0.1255003958940506
YAL053W,YOR004W,0,0.77097964,0.4351935088634491,0.95932537317276,0.12560048699378967
YKR049C,YBL076C,0,0.7707752,0.4349977374076843,0.95932537317276,0.12570056319236755
YOR005C,YMR251W-A,0,0.76969266,0.4348021447658539,0.95932537317276,0.12580063939094543
YPR190C,YNL058C,0,0.76877654,0.43460673093795776,0.95932537317276,0.12590071558952332
YMR056C,YDR023W,0,0.76846826,0.43441149592399597,0.95932537317276,0.1260008066892624
YDL060W,YKL074C,0,0.76762646,0.4342164397239685,0.95932537317276,0.12610088288784027
YKL002W,YMR148W,0,0.7672717,0.434021532535553,0.95932537317276,0.12620095908641815
YFL034W,YBR127C,0,0.7670423,0.43382683396339417,0.95932537317276,0.12630103528499603
YJL065C,YKR078W,0,0.76679397,0.4336322844028473,0.95932537317276,0.1264011263847351
YOL016C,YOR273C,0,0.7664597,0.43343791365623474,0.95932537317276,0.126501202583313
YDR166C,YOR133W,0,0.7664572,0.4332437217235565,0.95932537317276,0.12660127878189087
YDL160C-A,YKL214C,0,0.76581764,0.4330497086048126,0.95932537317276,0.12670135498046875
YEL063C,YDR339C,0,0.76427174,0.43285587430000305,0.95932537317276,0.12680144608020782
YLR035C,YML106W,0,0.7634177,0.4326621890068054,0.95932537317276,0.1269015222787857
YPL036W,YFL052W,0,0.7614764,0.4324686825275421,0.95932537317276,0.1270015984773636
YER003C,YHR024C,0,0.7599265,0.43227535486221313,0.95932537317276,0.12710167467594147
YGL256W,YJL192C,0,0.7599071,0.4320822060108185,0.95932537317276,0.12720176577568054
YCR097WB,YJL084C,0,0.7593868,0.43188923597335815,0.95932537317276,0.12730184197425842
YPL116W,YMR074C,0,0.7593222,0.43169641494750977,0.95932537317276,0.1274019181728363
YLR244C,YMR174C,0,0.7572475,0.4315038025379181,0.95932537317276,0.12750199437141418
YOL022C,YBR131W,0,0.7532457,0.43131133913993835,0.95932537317276,0.12760208547115326
YDL122W,YPL082C,0,0.75254285,0.43111902475357056,0.95932537317276,0.12770216166973114
YDR444W,YFL052W,0,0.7512408,0.4309269189834595,0.95932537317276,0.12780223786830902
YER010C,YDL184C,0,0.750055,0.4307349622249603,0.95932537317276,0.1279023289680481
YDR034W-B,YOL159C,0,0.74957824,0.4305431842803955,0.95932537317276,0.12800240516662598
YDR166C,YDR367W,0,0.7483075,0.430351585149765,0.95932537317276,0.12810248136520386
YDL027C,YBL016W,0,0.74730766,0.43016013503074646,0.95932537317276,0.12820255756378174
YBL071W-A,YLR167W,1,0.7463968,0.43041351437568665,0.9603174328804016,0.12820255756378174
YGR096W,YML050W,0,0.7463683,0.43022221326828003,0.9603174328804016,0.1283026486635208
YBR058C-A,YDL159W,0,0.74583673,0.43003109097480774,0.9603174328804016,0.1284027248620987
YBR276C,YJR007W,0,0.74556524,0.4298401474952698,0.9603174328804016,0.12850280106067657
YNL052W,YMR226C,0,0.7444546,0.42964935302734375,0.9603174328804016,0.12860287725925446
YDL113C,YKR081C,0,0.74390477,0.42945873737335205,0.9603174328804016,0.12870296835899353
YDL117W,YCL058W-A,0,0.7415748,0.4292683005332947,0.9603174328804016,0.1288030445575714
YBR078W,YIL044C,0,0.7410439,0.42907801270484924,0.9603174328804016,0.1289031207561493
YDL122W,YJL008C,0,0.7410049,0.42888790369033813,0.9603174328804016,0.12900319695472717
YDR479C,YKR058W,0,0.73887247,0.42869797348976135,0.9603174328804016,0.12910328805446625
YPL279C,YIL115C,0,0.7372556,0.4285081923007965,0.9603174328804016,0.12920336425304413
YOR076C,YCR080W,0,0.7361623,0.428318589925766,0.9603174328804016,0.129303440451622
YNL019C,YLR075W,0,0.7361444,0.4281291365623474,0.9603174328804016,0.1294035166501999
YFR031C,YDR348C,0,0.7350073,0.42793986201286316,0.9603174328804016,0.12950360774993896
YMR251W-A,YHR066W,0,0.734234,0.42775076627731323,0.9603174328804016,0.12960368394851685
YDR079C-A,YDL137W,0,0.7300136,0.42756184935569763,0.9603174328804016,0.12970376014709473
YDR079C-A,YFR049W,0,0.72994053,0.42737308144569397,0.9603174328804016,0.1298038363456726
YOR206W,YER138C,0,0.7298416,0.42718446254730225,0.9603174328804016,0.12990392744541168
YJR101W,YDR022C,0,0.729396,0.42699602246284485,0.9603174328804016,0.13000400364398956
YJL065C,YOL022C,0,0.72909474,0.4268077611923218,0.9603174328804016,0.13010407984256744
YGL040C,YGR125W,0,0.72876865,0.42661964893341064,0.9603174328804016,0.13020415604114532
YGL032C,YOR362C,0,0.7286349,0.42643171548843384,0.9603174328804016,0.1303042471408844
YMR148W,YKL065W-A,0,0.727576,0.42624393105506897,0.9603174328804016,0.13040432333946228
YLR293C,YGR136W,0,0.7274629,0.4260563254356384,0.9603174328804016,0.13050439953804016
YGL200C,YDL060W,0,0.7273771,0.4258688986301422,0.9603174328804016,0.13060449063777924
YGR249W,YOL086W-A,0,0.727077,0.42568162083625793,0.9603174328804016,0.13070456683635712
YBL005W-B,YOR372C,0,0.72684073,0.4254944920539856,0.9603174328804016,0.130804643034935
YPL009C,YLR328W,0,0.726356,0.42530757188796997,0.9603174328804016,0.13090471923351288
YJL008C,YEL017C-A,0,0.7245714,0.4251207709312439,0.9603174328804016,0.13100481033325195
YGL039W,YLR375W,0,0.72445536,0.42493414878845215,0.9603174328804016,0.13110488653182983
YDL234C,YDL004W,0,0.72324574,0.4247477054595947,0.9603174328804016,0.13120496273040771
YDL206W,YDR348C,0,0.72281504,0.42456141114234924,0.9603174328804016,0.1313050389289856
YDR444W,YHR129C,0,0.72199947,0.4243752658367157,0.9603174328804016,0.13140513002872467
YHR042W,YKR071C,0,0.7217399,0.4241892993450165,0.9603174328804016,0.13150520622730255
YKL120W,YMR314W,0,0.7211578,0.4240035116672516,0.9603174328804016,0.13160528242588043
YKR103W,YJR061W,0,0.7149305,0.42381787300109863,0.9603174328804016,0.1317053586244583
YBL045C,YOR020W-A,0,0.7148322,0.4236323833465576,0.9603174328804016,0.1318054497241974
YCR029C-A,YMR154C,0,0.714634,0.4234470725059509,0.9603174328804016,0.13190552592277527
YCL058C,YJL130C,0,0.7132326,0.4232619106769562,0.9603174328804016,0.13200560212135315
YGL076C,YGR238C,0,0.7122704,0.42307692766189575,0.9603174328804016,0.13210567831993103
YHR057C,YJL055W,0,0.71091855,0.42289209365844727,0.9603174328804016,0.1322057694196701
YBR059C,YEL060C,0,0.710626,0.4227074384689331,0.9603174328804016,0.13230584561824799
YKL143W,YMR204C,0,0.7102803,0.4225229024887085,0.9603174328804016,0.13240592181682587
YPL059W,YBL003C,0,0.7101848,0.4223385751247406,0.9603174328804016,0.13250599801540375
YNL248C,YDR389W,0,0.7099031,0.42215439677238464,0.9603174328804016,0.13260608911514282
YJL148W,YOL044W,0,0.7096468,0.4219703674316406,0.9603174328804016,0.1327061653137207
YOR298C-A,YCL011C,0,0.70875645,0.42178648710250854,0.9603174328804016,0.13280624151229858
YHL027W,YDL148C,0,0.7068961,0.4216027855873108,0.9603174328804016,0.13290631771087646
YKL008C,YDR079C-A,0,0.7058245,0.421419233083725,0.9603174328804016,0.13300640881061554
YDR381C-A,YGR215W,0,0.7043861,0.4212358593940735,0.9603174328804016,0.13310648500919342
YGR249W,YCR007C,0,0.70425045,0.42105263471603394,0.9603174328804016,0.1332065612077713
YHR064C,YBR231C,0,0.70309484,0.4208695590496063,0.9603174328804016,0.13330665230751038
YOR313C,YBR034C,0,0.70272005,0.42068666219711304,0.9603174328804016,0.13340672850608826
YEL001C,YDR511W,0,0.7026595,0.4205039143562317,0.9603174328804016,0.13350680470466614
YDR023W,YMR042W,0,0.70194316,0.4203213155269623,0.9603174328804016,0.13360688090324402
YJL141C,YBR108W,0,0.70172775,0.4201388955116272,0.9603174328804016,0.1337069720029831
YML028W,YDR405W,0,0.7014916,0.41995662450790405,0.9603174328804016,0.13380704820156097
YKL200C,YCR017C,0,0.70107335,0.41977450251579285,0.9603174328804016,0.13390712440013885
YNL126W,YLR243W,0,0.70078915,0.4195925295352936,0.9603174328804016,0.13400720059871674
YLR309C,YGR280C,0,0.69894373,0.41941073536872864,0.9603174328804016,0.1341072916984558
YDL099W,YBR187W,0,0.69892836,0.41922909021377563,0.9603174328804016,0.1342073678970337
YOL073C,YOR182C,0,0.695415,0.41904762387275696,0.9603174328804016,0.13430744409561157
YGL131C,YJL148W,0,0.6921126,0.4188663065433502,0.9603174328804016,0.13440752029418945
YNL281W,YBR220C,0,0.691922,0.41868510842323303,0.9603174328804016,0.13450761139392853
YDL236W,YCR097WB,0,0.6919164,0.41850411891937256,0.9603174328804016,0.1346076875925064
YLR148W,YGL031C,0,0.6918645,0.41832324862480164,0.9603174328804016,0.1347077637910843
YBR126W-A,YPL012W,0,0.69158924,0.41814255714416504,0.9603174328804016,0.13480783998966217
YPL275W,YDL194W,0,0.6911669,0.4179620146751404,0.9603174328804016,0.13490793108940125
YLR147C,YPR169W,0,0.6904347,0.41778162121772766,0.9603174328804016,0.13500800728797913
YCR044C,YMR202W,0,0.68428683,0.4176013767719269,0.9603174328804016,0.135108083486557
YBL004W,YKR029C,0,0.68418026,0.4174213111400604,0.9603174328804016,0.1352081596851349
YPL226W,YBL051C,0,0.6838493,0.4172413647174835,0.9603174328804016,0.13530825078487396
YMR269W,YMR247C,0,0.68368316,0.41706159710884094,0.9603174328804016,0.13540832698345184
YDR026C,YDR450W,0,0.68345815,0.4168820083141327,0.9603174328804016,0.13550840318202972
YNL152W,YCR087C-A,0,0.6828239,0.416702538728714,0.9603174328804016,0.1356084793806076
YDR155C,YNL102W,0,0.68152094,0.4165232479572296,0.9603174328804016,0.13570857048034668
YER184C,YLR350W,0,0.68128276,0.4163440763950348,0.9603174328804016,0.13580864667892456
YDR282C,YMR079W,0,0.68047047,0.4161650836467743,0.9603174328804016,0.13590872287750244
YDR086C,YDR363W-A,0,0.68039304,0.41598623991012573,0.9603174328804016,0.13600881397724152
YMR302C,YBR126W-A,0,0.6778919,0.4158075749874115,0.9603174328804016,0.1361088901758194
YLR293C,YPR156C,0,0.6743672,0.4156290292739868,0.9603174328804016,0.13620896637439728
YLR138W,YJL080C,0,0.67243063,0.4154506325721741,0.9603174328804016,0.13630904257297516
YLR186W,YDR009W,0,0.6724211,0.41527241468429565,0.9603174328804016,0.13640913367271423
YLR090W,YHR060W,0,0.6702586,0.4150943458080292,0.9603174328804016,0.13650920987129211
YGL245W,YNR043W,0,0.67006975,0.41491642594337463,0.9603174328804016,0.13660928606987
YCL037C,YOR058C,0,0.6698467,0.41473865509033203,0.9603174328804016,0.13670936226844788
YPL273W,YHR206W,0,0.6698307,0.41456103324890137,0.9603174328804016,0.13680945336818695
YLR398C,YPR052C,0,0.6685412,0.41438356041908264,0.9603174328804016,0.13690952956676483
YHR035W,YBR127C,0,0.6666353,0.41420623660087585,0.9603174328804016,0.1370096057653427
YOR362C,YPL199C,0,0.66487783,0.4140290915966034,0.9603174328804016,0.1371096819639206
YCR097WB,YBR186W,0,0.6643418,0.4138520658016205,0.9603174328804016,0.13720977306365967
YPR063C,YGR204W,0,0.6629368,0.4136752188205719,0.9603174328804016,0.13730984926223755
YPL270W,YJR063W,0,0.6617311,0.41349849104881287,0.9603174328804016,0.13740992546081543
YJL116C,YKL151C,0,0.6616334,0.41332194209098816,0.9603174328804016,0.1375100016593933
YCR080W,YKL046C,0,0.66015655,0.4131455421447754,0.9603174328804016,0.13761009275913239
YGL040C,YKL152C,0,0.65983814,0.41296929121017456,0.9603174328804016,0.13771016895771027
YHR154W,YDR337W,0,0.6595233,0.41279318928718567,0.9603174328804016,0.13781024515628815
YER067W,YKL008C,0,0.6593585,0.41261720657348633,0.9603174328804016,0.13791032135486603
YNL005C,YAR031W,0,0.6587797,0.4124414026737213,0.9603174328804016,0.1380104124546051
YLL018C-A,YKR081C,0,0.6582335,0.41226574778556824,0.9603174328804016,0.13811048865318298
YPR113W,YLR068W,0,0.6579039,0.4120902419090271,0.9603174328804016,0.13821056485176086
YLR459W,YKR081C,0,0.6573063,0.4119148850440979,0.9603174328804016,0.13831065595149994
YPL237W,YOR157C,0,0.65687585,0.41173967719078064,0.9603174328804016,0.13841073215007782
YDR026C,YGR134W,0,0.6551538,0.4115646183490753,0.9603174328804016,0.1385108083486557
YLR167W,YFL059W,0,0.6528798,0.41138970851898193,0.9603174328804016,0.13861088454723358
YDR381C-A,YOR171C,0,0.65185666,0.4112149477005005,0.9603174328804016,0.13871097564697266
YDL004W,YJL080C,0,0.65086955,0.411040335893631,0.9603174328804016,0.13881105184555054
YNL301C,YER061C,0,0.64986885,0.4108658730983734,0.9603174328804016,0.13891112804412842
YGR271C-A,YNL323W,0,0.64910674,0.4106915593147278,0.9603174328804016,0.1390112042427063
YAL035W,YOR313C,0,0.64902586,0.4105173945426941,0.9603174328804016,0.13911129534244537
YDR381C-A,YBL015W,0,0.64888996,0.41034337878227234,0.9603174328804016,0.13921137154102325
YBL004W,YCL058C,0,0.64876246,0.41016948223114014,0.9603174328804016,0.13931144773960114
YER010C,YML094W,0,0.6484654,0.40999576449394226,0.9603174328804016,0.13941152393817902
YML065W,YIL066C,0,0.64819026,0.4098221957683563,0.9603174328804016,0.1395116150379181
YPL226W,YPL190C,0,0.6481699,0.40964874625205994,0.9603174328804016,0.13961169123649597
YOL149W,YDL060W,0,0.64795744,0.4094754755496979,0.9603174328804016,0.13971176743507385
YDR155C,YDL211C,0,0.64667416,0.40930232405662537,0.9603174328804016,0.13981184363365173
YDR282C,YOR273C,0,0.6459389,0.4091293215751648,0.9603174328804016,0.1399119347333908
YER020W,YGL005C,0,0.6448365,0.40895649790763855,0.9603174328804016,0.1400120109319687
YNL008C,YMR121C,0,0.64383155,0.40878379344940186,0.9603174328804016,0.14011208713054657
YJL046W,YOR157C,0,0.64291775,0.4086112380027771,0.9603174328804016,0.14021216332912445
YJR123W,YKR029C,0,0.6423099,0.4084388315677643,0.9603174328804016,0.14031225442886353
YGL070C,YDL211C,0,0.6422923,0.408266544342041,0.9603174328804016,0.1404123306274414
YGR230W,YDL004W,0,0.6419984,0.4080944359302521,0.9603174328804016,0.1405124068260193
YNL279W,YPL162C,0,0.64138305,0.4079224467277527,0.9603174328804016,0.14061248302459717
YDR381C-A,YJL146W,0,0.641381,0.4077506363391876,0.9603174328804016,0.14071257412433624
YHL047C,YHR129C,0,0.63896185,0.4075789451599121,0.9603174328804016,0.14081265032291412
YOR198C,YEL044W,0,0.6389242,0.40740740299224854,0.9603174328804016,0.140912726521492
YOL149W,YNL056W,0,0.6384362,0.4072360098361969,0.9603174328804016,0.14101281762123108
YLR265C,YMR079W,0,0.6381768,0.4070647656917572,0.9603174328804016,0.14111289381980896
YER138C,YGL173C,0,0.63805693,0.40689364075660706,0.9603174328804016,0.14121297001838684
YBR233W-A,YOR355W,0,0.63617736,0.40672269463539124,0.9603174328804016,0.14131304621696472
YOR094W,YKR063C,0,0.63596666,0.40655186772346497,0.9603174328804016,0.1414131373167038
YDR282C,YLR241W,0,0.6355544,0.40638118982315063,0.9603174328804016,0.14151321351528168
YCR097WB,YGL049C,0,0.6348324,0.40621066093444824,0.9603174328804016,0.14161328971385956
YGL005C,YMR202W,0,0.63463646,0.4060402810573578,0.9603174328804016,0.14171336591243744
YOR086C,YMR087W,0,0.63462776,0.4058700203895569,0.9603174328804016,0.1418134570121765
YLR453C,YGR085C,0,0.63378066,0.4056999087333679,0.9603174328804016,0.1419135332107544
YER067W,YHR067W,0,0.63374645,0.4055299460887909,0.9603174328804016,0.14201360940933228
YPL090C,YGL223C,0,0.63370144,0.4053601324558258,0.9603174328804016,0.14211368560791016
YPL009C,YMR235C,0,0.6329742,0.40519046783447266,0.9603174328804016,0.14221377670764923
YOR056C,YJL055W,0,0.6328695,0.40502092242240906,0.9603174328804016,0.1423138529062271
YNL113W,YDL089W,0,0.6301733,0.4048515260219574,0.9603174328804016,0.142413929104805
YDR079C-A,YKL061W,0,0.63013685,0.4046822786331177,0.9603174328804016,0.14251400530338287
YDR339C,YOL141W,0,0.629346,0.4045131504535675,0.9603174328804016,0.14261409640312195
YKR029C,YML050W,0,0.628863,0.40434420108795166,0.9603174328804016,0.14271417260169983
YAL042W,YPL244C,0,0.6283199,0.40417537093162537,0.9603174328804016,0.1428142488002777
YDR066C,YOR123C,0,0.62809634,0.404006689786911,0.9603174328804016,0.1429143249988556
YDR023W,YOR382W,0,0.6263126,0.4038381278514862,0.9603174328804016,0.14301441609859467
YPL264C,YOR020W-A,0,0.6246991,0.40366971492767334,0.9603174328804016,0.14311449229717255
YFL023W,YGR169C-C,1,0.6241438,0.4039182960987091,0.961309552192688,0.14311449229717255
YJL090C,YDR134C,0,0.622702,0.4037500023841858,0.961309552192688,0.14321456849575043
YML115C,YML028W,0,0.6226766,0.403581827878952,0.961309552192688,0.1433146446943283
YOL022C,YNL166C,0,0.62249887,0.4034138321876526,0.961309552192688,0.14341473579406738
YMR148W,YGR066C,0,0.621583,0.4032459557056427,0.961309552192688,0.14351481199264526
YKR075C,YDR217C,0,0.6212505,0.40307819843292236,0.961309552192688,0.14361488819122314
YDL069C,YJL148W,0,0.6196868,0.40291059017181396,0.961309552192688,0.14371497929096222
YDL160C-A,YKL120W,0,0.61768794,0.4027431309223175,0.961309552192688,0.1438150554895401
YDR478W,YNL055C,0,0.61732316,0.402575820684433,0.961309552192688,0.14391513168811798
YPR122W,YFL002W-A,0,0.6153655,0.402408629655838,0.961309552192688,0.14401520788669586
YPL081W,YPL203W,1,0.61514056,0.4026567041873932,0.9623016119003296,0.14401520788669586
YBL005W-B,YGR188C,0,0.61507636,0.40248963236808777,0.9623016119003296,0.14411529898643494
YMR131C,YMR059W,0,0.61470264,0.4023226797580719,0.9623016119003296,0.14421537518501282
YMR002W,YNL090W,0,0.612519,0.40215587615966797,0.9623016119003296,0.1443154513835907
YER067W,YPL012W,0,0.6113821,0.401989221572876,0.9623016119003296,0.14441552758216858
YBR169C,YMR139W,0,0.6098002,0.40182268619537354,0.9623016119003296,0.14451561868190765
YPL012W,YCR005C,0,0.60905623,0.40165629982948303,0.9623016119003296,0.14461569488048553
YLR110C,YCR009C,0,0.6085361,0.40149006247520447,0.9623016119003296,0.14471577107906342
YBL071W-A,YNL323W,0,0.6084921,0.40132394433021545,0.9623016119003296,0.1448158472776413
YNL162W,YBR260C,0,0.60805154,0.4011579751968384,0.9623016119003296,0.14491593837738037
YDR381C-A,YLR133W,0,0.60804224,0.40099215507507324,0.9623016119003296,0.14501601457595825
YIR005W,YCL003W,0,0.6080394,0.40082645416259766,0.9623016119003296,0.14511609077453613
YGL256W,YLR186W,0,0.6068921,0.4006608724594116,0.9623016119003296,0.145216166973114
YPR192W,YOR020W-A,0,0.6066604,0.4004954695701599,0.9623016119003296,0.1453162580728531
YJL094C,YHL009W-B,0,0.6066035,0.40033015608787537,0.9623016119003296,0.14541633427143097
YDL069C,YHL033C,0,0.6055136,0.40016502141952515,0.9623016119003296,0.14551641047000885
YLR398C,YJR063W,0,0.6050122,0.4000000059604645,0.9623016119003296,0.14561648666858673
YML002W,YLR258W,0,0.6046191,0.39983510971069336,0.9623016119003296,0.1457165777683258
YOL087C,YKL065W-A,0,0.6037905,0.3996703624725342,0.9623016119003296,0.1458166539669037
YPL275W,YDL246C,0,0.6028182,0.39950576424598694,0.9623016119003296,0.14591673016548157
YGR184C,YER165W,0,0.6023096,0.39934128522872925,0.9623016119003296,0.14601680636405945
YPL090C,YJL084C,0,0.6010105,0.3991769552230835,0.9623016119003296,0.14611689746379852
YDR012W,YKR058W,0,0.6005101,0.3990127444267273,0.9623016119003296,0.1462169736623764
YJL222W,YML026C,0,0.59933466,0.39884868264198303,0.9623016119003296,0.14631704986095428
YDR034W-B,YJL102W,0,0.59768534,0.3986847400665283,0.9623016119003296,0.14641714096069336
YBR253W,YCL003W,0,0.596773,0.39852094650268555,0.9623016119003296,0.14651721715927124
YOR145C,YMR042W,0,0.59612036,0.3983573019504547,0.9623016119003296,0.14661729335784912
YCR007C,YDL027C,0,0.59528315,0.39819374680519104,0.9623016119003296,0.146717369556427
YLR300W,YNL067W,0,0.5952016,0.3980303704738617,0.9623016119003296,0.14681746065616608
YHR155W,YDR170W-A,0,0.5940811,0.3978671133518219,0.9623016119003296,0.14691753685474396
YPR042C,YLR186W,0,0.5932152,0.39770397543907166,0.9623016119003296,0.14701761305332184
YBR141C,YJR042W,0,0.59169155,0.39754098653793335,0.9623016119003296,0.14711768925189972
YJL221C,YGL041C-B,0,0.5905875,0.3973781168460846,0.9623016119003296,0.1472177803516388
YMR152W,YML042W,0,0.59057844,0.3972153961658478,0.9623016119003296,0.14731785655021667
YDL136W,YPL203W,1,0.5899634,0.3974621295928955,0.9632936716079712,0.14731785655021667
YJL225C,YDR339C,0,0.58988315,0.39729949831962585,0.9632936716079712,0.14741793274879456
YDR352W,YGR172C,0,0.589701,0.39713701605796814,0.9632936716079712,0.14751800894737244
YOR382W,YBL003C,0,0.58811426,0.3969746530056,0.9632936716079712,0.1476181000471115
YOR005C,YML063W,0,0.5872096,0.39681240916252136,0.9632936716079712,0.1477181762456894
YGL041C-B,YMR004W,0,0.58696985,0.3966503143310547,0.9632936716079712,0.14781825244426727
YCR060W,YLR154W-A,0,0.58660114,0.39648836851119995,0.9632936716079712,0.14791832864284515
YKR067W,YOR020W-A,0,0.5857236,0.39632654190063477,0.9632936716079712,0.14801841974258423
YLR143W,YDR328C,1,0.58498484,0.3965728282928467,0.9642857313156128,0.14801841974258423
YDR512C,YMR293C,0,0.5845505,0.39641109108924866,0.9642857313156128,0.1481184959411621
YCR080W,YJL065C,0,0.5841532,0.3962495028972626,0.9642857313156128,0.14821857213974
YOL124C,YHR206W,0,0.583264,0.39608803391456604,0.9642857313156128,0.14831864833831787
YGL174W,YLR384C,0,0.5831592,0.39592668414115906,0.9642857313156128,0.14841873943805695
YPR149W,YDR513W,0,0.58079195,0.395765483379364,0.9642857313156128,0.14851881563663483
YLR186W,YLR154W-C,0,0.58057946,0.3956044018268585,0.9642857313156128,0.1486188918352127
YJL046W,YDL165W,0,0.57967263,0.3954434394836426,0.9642857313156128,0.1487189680337906
YPR072W,YBR187W,0,0.5790384,0.3952826261520386,0.9642857313156128,0.14881905913352966
YHR028C,YLR193C,0,0.57741725,0.3951219618320465,0.9642857313156128,0.14891913533210754
YDR365C,YDR028C,0,0.5755333,0.3949613869190216,0.9642857313156128,0.14901921153068542
YCR080W,YGL005C,0,0.57543194,0.39480096101760864,0.9642857313156128,0.1491193026304245
YFR038W,YLR293C,0,0.5748967,0.3946406841278076,0.9642857313156128,0.14921937882900238
YOR298C-A,YHR091C,0,0.5746383,0.39448052644729614,0.9642857313156128,0.14931945502758026
YPL184C,YLR208W,0,0.5739694,0.3943204879760742,0.9642857313156128,0.14941953122615814
YOR276W,YMR004W,0,0.5734813,0.39416059851646423,0.9642857313156128,0.14951962232589722
YCR044C,YDL137W,0,0.57329434,0.3940007984638214,0.9642857313156128,0.1496196985244751
YDR066C,YDR158W,0,0.5721523,0.3938411772251129,0.9642857313156128,0.14971977472305298
YML007W,YHR143W-A,0,0.57203674,0.3936816453933716,0.9642857313156128,0.14981985092163086
YBR231C,YOL053C-A,0,0.5713326,0.3935222625732422,0.9642857313156128,0.14991994202136993
YGL134W,YPR052C,0,0.57019794,0.39336299896240234,0.9642857313156128,0.15002001821994781
YKL114C,YLR186W,0,0.5700373,0.39320388436317444,0.9642857313156128,0.1501200944185257
YDL216C,YDL060W,0,0.5695163,0.3930448889732361,0.9642857313156128,0.15022017061710358
YBL072C,YHL047C,0,0.5690253,0.3928860127925873,0.9642857313156128,0.15032026171684265
YLL018C-A,YGL228W,0,0.5689664,0.3927272856235504,0.9642857313156128,0.15042033791542053
YDR478W,YMR153W,0,0.56777555,0.3925686478614807,0.9642857313156128,0.1505204141139984
YPR124W,YCL012W,0,0.5658692,0.39241015911102295,0.9642857313156128,0.1506204903125763
YGR272C,YGL186C,0,0.5649396,0.3922518193721771,0.9642857313156128,0.15072058141231537
YHR047C,YJL127C-A,0,0.5639382,0.39209359884262085,0.9642857313156128,0.15082065761089325
YLL018C-A,YOR025W,0,0.563637,0.3919354975223541,0.9642857313156128,0.15092073380947113
YMR211W,YGL092W,0,0.5625732,0.39177751541137695,0.9642857313156128,0.151020810008049
YBR196C-A,YPR003C,0,0.5620049,0.39161965250968933,0.9642857313156128,0.15112090110778809
YJR041C,YDR074W,0,0.5619097,0.39146193861961365,0.9642857313156128,0.15122097730636597
YPL012W,YMR189W,0,0.5617097,0.3913043439388275,0.9642857313156128,0.15132105350494385
YBR196C-A,YLL040C,0,0.56159496,0.39114686846733093,0.9642857313156128,0.15142112970352173
YCL037C,YKL150W,0,0.560686,0.3909895420074463,0.9642857313156128,0.1515212208032608
YLL009C,YLR309C,0,0.5599772,0.3908323347568512,0.9642857313156128,0.15162129700183868
YNL162W,YGL090W,0,0.5595386,0.39067524671554565,0.9642857313156128,0.15172137320041656
YKL089W,YGR066C,0,0.5595279,0.39051827788352966,0.9642857313156128,0.15182146430015564
YLR053C,YHR029C,0,0.5594832,0.3903614580631256,0.9642857313156128,0.15192154049873352
YOL086W-A,YNL055C,0,0.55885077,0.3902047276496887,0.9642857313156128,0.1520216166973114
YOR251C,YHL003C,0,0.556726,0.39004814624786377,0.9642857313156128,0.15212169289588928
YMR186W,YLR256W,0,0.5562776,0.38989168405532837,0.9642857313156128,0.15222178399562836
YDR381C-A,YMR184W,0,0.5555697,0.3897353708744049,0.9642857313156128,0.15232186019420624
YDL122W,YBR154C,0,0.5555395,0.3895791471004486,0.9642857313156128,0.15242193639278412
YFR042W,YPL162C,0,0.5549411,0.38942307233810425,0.9642857313156128,0.152522012591362
YGR043C,YMR226C,0,0.55472547,0.38926711678504944,0.9642857313156128,0.15262210369110107
YOL086W-A,YMR204C,0,0.5536858,0.3891112804412842,0.9642857313156128,0.15272217988967896
YPL257W-A,YNL056W,0,0.55320895,0.38895559310913086,0.9642857313156128,0.15282225608825684
YPL013C,YBL008W-A,0,0.5524444,0.3887999951839447,0.9642857313156128,0.15292233228683472
YGR031C-A,YEL019C,0,0.5520289,0.3886445462703705,0.9642857313156128,0.1530224233865738
YER133W,YNR074C,0,0.55062604,0.3884892165660858,0.9642857313156128,0.15312249958515167
YJL096W,YGR175C,0,0.5503914,0.3883340060710907,0.9642857313156128,0.15322257578372955
YDL004W,YPR063C,0,0.5499146,0.38817891478538513,0.9642857313156128,0.15332265198230743
YGR185C,YGR277C,0,0.5489248,0.3880239427089691,0.9642857313156128,0.1534227430820465
YLR075W,YIL062C,0,0.5484574,0.38786911964416504,0.9642857313156128,0.1535228192806244
YOR320C,YJR141W,0,0.54798394,0.3877143859863281,0.9642857313156128,0.15362289547920227
YMR183C,YLR399C,0,0.54460657,0.38755980134010315,0.9642857313156128,0.15372297167778015
YPR095C,YPR063C,0,0.5444001,0.3874053359031677,0.9642857313156128,0.15382306277751923
YPL271W,YBR283C,0,0.5438095,0.38725098967552185,0.9642857313156128,0.1539231389760971
YNL190W,YER099C,0,0.54372966,0.3870967626571655,0.9642857313156128,0.154023215174675
YOR206W,YKR058W,0,0.5424473,0.38694268465042114,0.9642857313156128,0.15412329137325287
YDL206W,YOR020W-A,0,0.54241085,0.3867886960506439,0.9642857313156128,0.15422338247299194
YKL114C,YLR056W,0,0.54236734,0.38663485646247864,0.9642857313156128,0.15432345867156982
YGL049C,YPL257W-A,0,0.5423651,0.3864811062812805,0.9642857313156128,0.1544235348701477
YNL194C,YGL041C-B,0,0.5403794,0.38632750511169434,0.9642857313156128,0.15452362596988678
YDR113C,YJL145W,0,0.5401113,0.3861740231513977,0.9642857313156128,0.15462370216846466
YNL162W,YDR259C,0,0.5399053,0.3860206604003906,0.9642857313156128,0.15472377836704254
YKR025W,YLR154W-A,0,0.5389051,0.3858674168586731,0.9642857313156128,0.15482385456562042
YNL178W,YHR168W,1,0.53845507,0.3861111104488373,0.9652777910232544,0.15482385456562042
YPL132W,YOR020W-A,0,0.53648883,0.3859579563140869,0.9652777910232544,0.1549239456653595
YPL184C,YCL003W,0,0.536137,0.3858049213886261,0.9652777910232544,0.15502402186393738
YNR056C,YKR095W-A,0,0.535534,0.38565200567245483,0.9652777910232544,0.15512409806251526
YDR470C,YHL009W-B,0,0.53529465,0.3854992091655731,0.9652777910232544,0.15522417426109314
YMR247C,YOL071W,0,0.5349468,0.38534653186798096,0.9652777910232544,0.15532426536083221
YDR194C,YKR067W,0,0.5344875,0.38519397377967834,0.9652777910232544,0.1554243415594101
YCR077C,YJR063W,0,0.5340576,0.38504156470298767,0.9652777910232544,0.15552441775798798
YOR290C,YIL110W,0,0.53326064,0.38488924503326416,0.9652777910232544,0.15562449395656586
YNL019C,YML026C,0,0.5331289,0.3847370445728302,0.9652777910232544,0.15572458505630493
YJR007W,YOL002C,0,0.533111,0.3845849931240082,0.9652777910232544,0.1558246612548828
YDL171C,YKR084C,0,0.5328797,0.3844330310821533,0.9652777910232544,0.1559247374534607
YPL043W,YDR325W,0,0.531754,0.384281188249588,0.9652777910232544,0.15602481365203857
YJR042W,YDL195W,0,0.5317147,0.38412949442863464,0.9652777910232544,0.15612490475177765
YIL156W-B,YOR045W,0,0.53157634,0.38397789001464844,0.9652777910232544,0.15622498095035553
YOL159C,YMR226C,0,0.5283721,0.38382643461227417,0.9652777910232544,0.1563250571489334
YOR190W,YDR387C,0,0.52807236,0.38367506861686707,0.9652777910232544,0.1564251333475113
YPR190C,YKL145W,0,0.5280645,0.3835238516330719,0.9652777910232544,0.15652522444725037
YER100W,YLR221C,0,0.52734447,0.3833727240562439,0.9652777910232544,0.15662530064582825
YOR298C-A,YOR216C,0,0.5270585,0.38322174549102783,0.9652777910232544,0.15672537684440613
YOR298C-A,YPL087W,0,0.5270292,0.38307085633277893,0.9652777910232544,0.156825453042984
YOR290C,YLR293C,0,0.5269722,0.38292011618614197,0.9652777910232544,0.15692554414272308
YMR042W,YIL156W-B,0,0.52602327,0.38276946544647217,0.9652777910232544,0.15702562034130096
YCR080W,YML007W,0,0.5255039,0.3826189637184143,0.9652777910232544,0.15712569653987885
YCL037C,YGL139W,0,0.52523416,0.3824685513973236,0.9652777910232544,0.15722578763961792
YDL160C-A,YOL103W,0,0.52468055,0.38231825828552246,0.9652777910232544,0.1573258638381958
YOR152C,YOR382W,0,0.5245947,0.38216811418533325,0.9652777910232544,0.15742594003677368
YKL096W,YIL157C,0,0.52376556,0.3820180594921112,0.9652777910232544,0.15752601623535156
YMR243C,YGL181W,0,0.521111,0.3818681240081787,0.9652777910232544,0.15762610733509064
YDR034W-B,YDR160W,0,0.52041745,0.38171830773353577,0.9652777910232544,0.15772618353366852
YCR106W,YKR078W,0,0.5200254,0.38156864047050476,0.9652777910232544,0.1578262597322464
YEL044W,YPL199C,0,0.5164648,0.3814190626144409,0.9652777910232544,0.15792633593082428
YML082W,YDL004W,0,0.51643914,0.3812696039676666,0.9652777910232544,0.15802642703056335
YNL328C,YBL008W-A,0,0.51624763,0.3811202645301819,0.9652777910232544,0.15812650322914124
YDR201W,YML050W,0,0.5152857,0.3809710144996643,0.9652777910232544,0.15822657942771912
YNL078W,YLR253W,0,0.51447266,0.38082191348075867,0.9652777910232544,0.158326655626297
YLR075W,YLR154W-A,0,0.5139396,0.3806729316711426,0.9652777910232544,0.15842674672603607
YGR043C,YPL257W-A,0,0.5133827,0.38052403926849365,0.9652777910232544,0.15852682292461395
YDR414C,YML028W,0,0.51257145,0.38037529587745667,0.9652777910232544,0.15862689912319183
YGR271W,YNL196C,0,0.51238346,0.38022664189338684,0.9652777910232544,0.15872697532176971
YPL092W,YBL008W-A,0,0.5120981,0.38007813692092896,0.9652777910232544,0.1588270664215088
YBR055C,YMR251W-A,0,0.5115907,0.37992972135543823,0.9652777910232544,0.15892714262008667
YLR256W,YPR017C,0,0.5101357,0.37978142499923706,0.9652777910232544,0.15902721881866455
YNL054W-B,YER029C,0,0.50968707,0.37963324785232544,0.9652777910232544,0.15912729501724243
YGR187C,YBR017C,0,0.5092828,0.37948518991470337,0.9652777910232544,0.1592273861169815
YJR061W,YDR214W,0,0.5087798,0.37933722138404846,0.9652777910232544,0.1593274623155594
YGR271C-A,YEL032W,0,0.5086451,0.3791894018650055,0.9652777910232544,0.15942753851413727
YMR265C,YLR167W,0,0.5079315,0.3790416717529297,0.9652777910232544,0.15952761471271515
YML118W,YKL056C,0,0.50782144,0.3788940906524658,0.9652777910232544,0.15962770581245422
YJL141C,YDR536W,0,0.5077667,0.3787465989589691,0.9652777910232544,0.1597277820110321
YJL059W,YJL136C,0,0.50751436,0.37859922647476196,0.9652777910232544,0.15982785820960999
YMR269W,YGL053W,0,0.5074692,0.37845197319984436,0.9652777910232544,0.15992794930934906
YKL137W,YER035W,0,0.50668716,0.3783048093318939,0.9652777910232544,0.16002802550792694
YDR158W,YER076C,0,0.50663996,0.3781577944755554,0.9652777910232544,0.16012810170650482
YMR266W,YML050W,0,0.50541586,0.3780108690261841,0.9652777910232544,0.1602281779050827
YDL069C,YNL054W-B,0,0.5053021,0.3778640627861023,0.9652777910232544,0.16032826900482178
YDR238C,YDR158W,0,0.5052959,0.37771740555763245,0.9652777910232544,0.16042834520339966
YIR005W,YHL039W,0,0.50529563,0.3775708079338074,0.9652777910232544,0.16052842140197754
YOR298C-A,YBL005W-B,0,0.50515723,0.37742435932159424,0.9652777910232544,0.16062849760055542
YGL156W,YBR196C-A,0,0.5049823,0.37727800011634827,0.9652777910232544,0.1607285887002945
YOR369C,YPL116W,0,0.5047984,0.37713178992271423,0.9652777910232544,0.16082866489887238
YDR166C,YMR131C,0,0.50391066,0.37698566913604736,0.9652777910232544,0.16092874109745026
YNL008C,YDL133W,0,0.5039102,0.37683966755867004,0.9652777910232544,0.16102881729602814
YPR137C-B,YGL256W,0,0.5038775,0.3766937553882599,0.9652777910232544,0.1611289083957672
YCR030C,YDR512C,0,0.5027527,0.37654799222946167,0.9652777910232544,0.1612289845943451
YHL033C,YBL105C,0,0.50174326,0.3764023184776306,0.9652777910232544,0.16132906079292297
YGR175C,YBR251W,0,0.5002525,0.3762567639350891,0.9652777910232544,0.16142913699150085
YBR283C,YLR154W-A,0,0.49984053,0.37611132860183716,0.9652777910232544,0.16152922809123993
YGR031C-A,YPL065W,0,0.4995713,0.37596598267555237,0.9652777910232544,0.1616293042898178
YGL107C,YPR169W,0,0.4989532,0.3758207857608795,0.9652777910232544,0.1617293804883957
YLL067C,YMR208W,0,0.49802783,0.37567567825317383,0.9652777910232544,0.16182945668697357
YBR146W,YMR005W,0,0.49702403,0.3755306899547577,0.9652777910232544,0.16192954778671265
YKR025W,YCL018W,0,0.4959924,0.3753857910633087,0.9652777910232544,0.16202962398529053
YOL107W,YCR005C,0,0.49588743,0.3752410411834717,0.9652777910232544,0.1621297001838684
YML118W,YPL257W-A,0,0.4955152,0.3750963807106018,0.9652777910232544,0.1622297763824463
YKL029C,YGR276C,0,0.49549946,0.3749518394470215,0.9652777910232544,0.16232986748218536
YPL189W,YNL284C-B,0,0.49509558,0.3748073875904083,0.9652777910232544,0.16242994368076324
YBL072C,YOL105C,0,0.49486575,0.3746630847454071,0.9652777910232544,0.16253001987934113
YMR152W,YGR189C,0,0.49468789,0.37451887130737305,0.9652777910232544,0.1626301109790802
YML106W,YPL003W,0,0.49362943,0.37437474727630615,0.9652777910232544,0.16273018717765808
YPR133C,YCL048W-A,0,0.49337897,0.3742307722568512,0.9652777910232544,0.16283026337623596
YER171W,YDR212W,0,0.49336806,0.3740868866443634,0.9652777910232544,0.16293033957481384
YCR080W,YPR168W,0,0.49335387,0.37394312024116516,0.9652777910232544,0.16303043067455292
YBR141C,YKR071C,0,0.4928976,0.37379947304725647,0.9652777910232544,0.1631305068731308
YBR059C,YOL022C,0,0.49259087,0.37365591526031494,0.9652777910232544,0.16323058307170868
YNR071C,YJL130C,0,0.4919021,0.37351247668266296,0.9652777910232544,0.16333065927028656
YDR098C-A,YGL158W,0,0.49146417,0.37336915731430054,0.9652777910232544,0.16343075037002563
YGL026C,YMR154C,0,0.49125767,0.3732259273529053,0.9652777910232544,0.16353082656860352
YLR053C,YDR155C,0,0.49093232,0.37308281660079956,0.9652777910232544,0.1636309027671814
YPL170W,YPL199C,0,0.49073958,0.3729398250579834,0.9652777910232544,0.16373097896575928
YLR390W-A,YGR090W,0,0.490279,0.3727969229221344,0.9652777910232544,0.16383107006549835
YDL246C,YBL071W-A,0,0.4902561,0.37265416979789734,0.9652777910232544,0.16393114626407623
YGL256W,YNL248C,0,0.4897446,0.37251147627830505,0.9652777910232544,0.1640312224626541
YER117W,YOL044W,0,0.48895028,0.3723689317703247,0.9652777910232544,0.164131298661232
YHL021C,YKL065W-A,0,0.4884424,0.3722264766693115,0.9652777910232544,0.16423138976097107
YPL148C,YCR080W,0,0.48666087,0.3720841407775879,0.9652777910232544,0.16433146595954895
YLR271W,YOR058C,0,0.48639685,0.3719418942928314,0.9652777910232544,0.16443154215812683
YDR461W,YLR147C,0,0.48564395,0.3717997670173645,0.9652777910232544,0.1645316183567047
YGR031C-A,YBR131W,0,0.48447868,0.37165775895118713,0.9652777910232544,0.1646317094564438
YOR159C,YPR135W,0,0.48440033,0.37151584029197693,0.9652777910232544,0.16473178565502167
YDR170W-A,YLR026C,0,0.48385766,0.3713740408420563,0.9652777910232544,0.16483186185359955
YKL089W,YJL127C-A,0,0.48380634,0.37123236060142517,0.9652777910232544,0.16493195295333862
YDR170W-A,YLR421C,0,0.48320118,0.37109076976776123,0.9652777910232544,0.1650320291519165
YKR025W,YLR154W-C,0,0.48138958,0.37094929814338684,0.9652777910232544,0.16513210535049438
YLR221C,YBL008W-A,0,0.48097804,0.3708079159259796,0.9652777910232544,0.16523218154907227
YGR060W,YCL012W,0,0.48097035,0.37066665291786194,0.9652777910232544,0.16533227264881134
YPL098C,YIL156W-B,0,0.48096222,0.3705255091190338,0.9652777910232544,0.16543234884738922
YML004C,YKL029C,0,0.48072347,0.37038445472717285,0.9652777910232544,0.1655324250459671
YDR512C,YOR355W,0,0.480447,0.37024351954460144,0.9652777910232544,0.16563250124454498
YLR421C,YOL126C,0,0.47982946,0.3701027035713196,0.9652777910232544,0.16573259234428406
YDL135C,YPR036W,0,0.47982454,0.3699619770050049,0.9652777910232544,0.16583266854286194
YKL035W,YDR358W,0,0.4792897,0.36982136964797974,0.9652777910232544,0.16593274474143982
YOR142W-B,YIR005W,0,0.47885236,0.36968085169792175,0.9652777910232544,0.1660328209400177
YDR461W,YDL027C,0,0.4785137,0.3695404529571533,0.9652777910232544,0.16613291203975677
YDR079C-A,YGR158C,0,0.4783238,0.36940014362335205,0.9652777910232544,0.16623298823833466
YMR295C,YBR127C,0,0.4781051,0.36925995349884033,0.9652777910232544,0.16633306443691254
YJL206C,YNR043W,0,0.47786438,0.36911988258361816,0.9652777910232544,0.16643314063549042
YCR048W,YLR154W-C,0,0.47720817,0.36897990107536316,0.9652777910232544,0.1665332317352295
YBR126W-A,YMR204C,0,0.47656828,0.3688400387763977,0.9652777910232544,0.16663330793380737
YOR004W,YGR113W,0,0.47642174,0.3687002658843994,0.9652777910232544,0.16673338413238525
YDR460W,YOL092W,0,0.47637394,0.3685606122016907,0.9652777910232544,0.16683346033096313
YFL034W,YHL003C,0,0.47622946,0.3684210479259491,0.9652777910232544,0.1669335514307022
YGR109W-A,YDR371W,0,0.47563428,0.36828160285949707,0.9652777910232544,0.1670336276292801
YIL048W,YMR226C,0,0.47374347,0.3681422770023346,0.9652777910232544,0.16713370382785797
YKR007W,YIL156W-B,0,0.47366938,0.3680030405521393,0.9652777910232544,0.16723378002643585
YMR074C,YGL012W,0,0.47265932,0.36786389350891113,0.9652777910232544,0.16733387112617493
YPL012W,YLR356W,0,0.47232535,0.36772486567497253,0.9652777910232544,0.1674339473247528
YPL209C,YGL041C-B,0,0.47217804,0.3675859570503235,0.9652777910232544,0.1675340235233307
YLR057W,YEL001C,0,0.47194722,0.3674471378326416,0.9652777910232544,0.16763411462306976
YCL037C,YDR009W,0,0.47088617,0.3673084080219269,0.9652777910232544,0.16773419082164764
YDR119W,YPL162C,0,0.47075453,0.3671697974205017,0.9652777910232544,0.16783426702022552
YDL099W,YKR080W,0,0.4704434,0.3670313060283661,0.9652777910232544,0.1679343432188034
YOR382W,YJL127C-A,0,0.47006968,0.36689290404319763,0.9652777910232544,0.16803443431854248
YLR390W-A,YPR169W,0,0.46896264,0.3667546212673187,0.9652777910232544,0.16813451051712036
YGL093W,YOR131C,0,0.46779656,0.366616427898407,0.9652777910232544,0.16823458671569824
YCL001W-B,YOR298W,0,0.46714315,0.3664783537387848,0.9652777910232544,0.16833466291427612
YKR035W-A,YDL140C,0,0.46694678,0.36634036898612976,0.9652777910232544,0.1684347540140152
YNL078W,YNL052W,0,0.46691892,0.3662024736404419,0.9652777910232544,0.16853483021259308
YGL253W,YBR231C,0,0.46670726,0.3660646975040436,0.9652777910232544,0.16863490641117096
YPR189W,YJL021C,0,0.46624416,0.3659270405769348,0.9652777910232544,0.16873498260974884
YDR194C,YMR212C,0,0.46578753,0.3657894730567932,0.9652777910232544,0.16883507370948792
YEL012W,YPL191C,0,0.4653618,0.36565202474594116,0.9652777910232544,0.1689351499080658
YKL057C,YOR131C,0,0.464118,0.3655146360397339,0.9652777910232544,0.16903522610664368
YDR205W,YOR020W-A,0,0.46411332,0.36537739634513855,0.9652777910232544,0.16913530230522156
YOR198C,YLR390W-A,0,0.46401858,0.3652402460575104,0.9652777910232544,0.16923539340496063
YCL037C,YCR017C,0,0.46386334,0.36510318517684937,0.9652777910232544,0.1693354696035385
YOR209C,YKL209C,0,0.46384797,0.3649662435054779,0.9652777910232544,0.1694355458021164
YBL015W,YGL225W,0,0.4635029,0.3648293912410736,0.9652777910232544,0.16953562200069427
YDR387C,YAR031W,0,0.46337053,0.36469265818595886,0.9652777910232544,0.16963571310043335
YGR109W-A,YDL135C,0,0.46322292,0.3645560145378113,0.9652777910232544,0.16973578929901123
YPL079W,YGR277C,0,0.4627763,0.36441949009895325,0.9652777910232544,0.1698358654975891
YGR239C,YNL138W-A,0,0.46239686,0.36428302526474,0.9652777910232544,0.169935941696167
YJL020C,YCL012W,0,0.46232146,0.36414670944213867,0.9652777910232544,0.17003603279590607
YBR108W,YCL012W,0,0.46230853,0.3640104830265045,0.9652777910232544,0.17013610899448395
YPL264C,YJR110W,0,0.4603453,0.3638743460178375,0.9652777910232544,0.17023618519306183
YDL160C-A,YER146W,0,0.45989808,0.3637383282184601,0.9652777910232544,0.1703362762928009
YAL039C,YGR024C,0,0.4594828,0.3636023998260498,0.9652777910232544,0.17043635249137878
YLR002C,YBL008W-A,0,0.45887932,0.3634665608406067,0.9652777910232544,0.17053642868995667
YIL113W,YDR170W-A,0,0.4586043,0.3633308410644531,0.9652777910232544,0.17063650488853455
YER019W,YNL102W,0,0.45825157,0.3631952106952667,0.9652777910232544,0.17073659598827362
YLR459W,YNL135C,0,0.4580983,0.3630596995353699,0.9652777910232544,0.1708366721868515
YGL174W,YLR154W-A,0,0.45726398,0.3629242777824402,0.9652777910232544,0.17093674838542938
YKR091W,YPR003C,0,0.45702973,0.36278897523880005,0.9652777910232544,0.17103682458400726
YGL231C,YKL089W,0,0.4548167,0.3626537322998047,0.9652777910232544,0.17113691568374634
YBR196C-A,YPL040C,0,0.45469397,0.36251863837242126,0.9652777910232544,0.17123699188232422
YPR191W,YGR110W,0,0.4546246,0.3623836040496826,0.9652777910232544,0.1713370680809021
YLR154W-A,YHR178W,0,0.4540093,0.3622486889362335,0.9652777910232544,0.17143714427947998
YNR074C,YCL001W-B,0,0.45386422,0.362113893032074,0.9652777910232544,0.17153723537921906
YOR142W-B,YOR237W,0,0.45216724,0.3619791567325592,0.9652777910232544,0.17163731157779694
YPL279C,YML095C,0,0.45204416,0.361844539642334,0.9652777910232544,0.17173738777637482
YPL079W,YAL062W,0,0.45148537,0.3617100417613983,0.9652777910232544,0.1718374639749527
YPL271W,YGR239C,0,0.45135453,0.3615756332874298,0.9652777910232544,0.17193755507469177
YGL200C,YCR029C-A,0,0.45057026,0.36144131422042847,0.9652777910232544,0.17203763127326965
YHR047C,YGL031C,0,0.4505425,0.3613070845603943,0.9652777910232544,0.17213770747184753
YPL283C,YER117W,0,0.4503258,0.36117297410964966,0.9652777910232544,0.17223778367042542
YER171W,YGR272C,0,0.4494123,0.3610389530658722,0.9652777910232544,0.1723378747701645
YOR320C,YDR134C,0,0.44931987,0.3609050512313843,0.9652777910232544,0.17243795096874237
YPL040C,YHR143W-A,0,0.44925475,0.3607712388038635,0.9652777910232544,0.17253802716732025
YGL236C,YAL042W,0,0.44924882,0.36063751578330994,0.9652777910232544,0.17263810336589813
YPL090C,YPR115W,0,0.44888112,0.3605038821697235,0.9652777910232544,0.1727381944656372
YPR191W,YEL059C-A,0,0.4484982,0.36037036776542664,0.9652777910232544,0.1728382706642151
YCL001W-B,YNL221C,0,0.44803938,0.3602369427680969,0.9652777910232544,0.17293834686279297
YDR373W,YGL041C-B,0,0.44803706,0.36010363698005676,0.9652777910232544,0.17303843796253204
YHR122W,YKR014C,0,0.44633728,0.3599703907966614,0.9652777910232544,0.17313851416110992
YGR245C,YHR122W,0,0.44527432,0.35983726382255554,0.9652777910232544,0.1732385903596878
YDL093W,YOL049W,0,0.44507295,0.35970425605773926,0.9652777910232544,0.17333866655826569
YDL105W,YPL257W-A,0,0.44431773,0.35957133769989014,0.9652777910232544,0.17343875765800476
YCR077C,YJR041C,0,0.44420192,0.3594384789466858,0.9652777910232544,0.17353883385658264
YGL039W,YMR097C,0,0.4439453,0.3593057692050934,0.9652777910232544,0.17363891005516052
YBR123C,YOR020W-A,0,0.44369897,0.35917311906814575,0.9652777910232544,0.1737389862537384
YOR142W-B,YMR211W,0,0.44290975,0.35904058814048767,0.9652777910232544,0.17383907735347748
YFL043C,YDR078C,0,0.44173068,0.35890814661979675,0.9652777910232544,0.17393915355205536
YCR007C,YOL086W-A,0,0.4407961,0.3587758243083954,0.9652777910232544,0.17403922975063324
YLR271W,YOL013C,0,0.44064912,0.3586435616016388,0.9652777910232544,0.17413930594921112
YBR143C,YCR077C,1,0.44058907,0.3588798940181732,0.966269850730896,0.17413930594921112
YKR035W-A,YFR049W,0,0.44020984,0.3587476909160614,0.966269850730896,0.1742393970489502
YHL044W,YCR068W,0,0.44002715,0.35861560702323914,0.966269850730896,0.17433947324752808
YER178W,YER072W,0,0.43968403,0.35848361253738403,0.966269850730896,0.17443954944610596
YNL299W,YOR209C,0,0.4392896,0.3583517372608185,0.966269850730896,0.17453962564468384
YPR137C-B,YMR294W,0,0.43812433,0.3582199215888977,0.966269850730896,0.1746397167444229
YJL008C,YDL171C,0,0.4376847,0.3580882251262665,0.966269850730896,0.1747397929430008
YJL225C,YCL050C,0,0.43763176,0.3579566478729248,0.966269850730896,0.17483986914157867
YOR193W,YBL005W-B,0,0.4369839,0.3578251302242279,0.966269850730896,0.17493994534015656
YDR238C,YHR026W,0,0.43650332,0.35769373178482056,0.966269850730896,0.17504003643989563
YDL051W,YOR156C,0,0.4361042,0.35756242275238037,0.966269850730896,0.1751401126384735
YJL037W,YPL257W-A,0,0.43559322,0.35743120312690735,0.966269850730896,0.1752401888370514
YBR276C,YJL130C,0,0.43495664,0.3573000729084015,0.966269850730896,0.17534026503562927
YOR262W,YNL200C,0,0.43476108,0.3571690618991852,0.966269850730896,0.17544035613536835
YJL192C,YDR225W,0,0.4342852,0.35703811049461365,0.966269850730896,0.17554043233394623
YNL231C,YLR154W-A,0,0.4342538,0.35690727829933167,0.966269850730896,0.1756405085325241
YJL204C,YPR112C,0,0.43409303,0.35677656531333923,0.966269850730896,0.17574059963226318
YLL052C,YKR078W,0,0.43374264,0.3566459119319916,0.966269850730896,0.17584067583084106
YOR142W-A,YJR042W,0,0.43364558,0.35651537775993347,0.966269850730896,0.17594075202941895
YFR002W,YGL092W,0,0.43362746,0.35638493299484253,0.966269850730896,0.17604082822799683
YKR103W,YPL079W,0,0.43310544,0.35625457763671875,0.966269850730896,0.1761409193277359
YGL049C,YJL080C,0,0.43209192,0.35612431168556213,0.966269850730896,0.17624099552631378
YDR200C,YJR063W,0,0.4314293,0.35599416494369507,0.966269850730896,0.17634107172489166
YDR373W,YLR090W,0,0.43132368,0.3558640778064728,0.966269850730896,0.17644114792346954
YNL055C,YPL128C,0,0.43128064,0.35573410987854004,0.966269850730896,0.17654123902320862
YGR063C,YHR196W,0,0.43119156,0.35560423135757446,0.966269850730896,0.1766413152217865
YDR365C,YDR486C,0,0.43081138,0.35547444224357605,0.966269850730896,0.17674139142036438
YDR066C,YDR063W,0,0.43073267,0.3553447723388672,0.966269850730896,0.17684146761894226
YOR032W-A,YDR074W,0,0.4303132,0.3552151620388031,0.966269850730896,0.17694155871868134
YNL138W-A,YML052W,0,0.43005458,0.35508567094802856,0.966269850730896,0.17704163491725922
YOR311C,YJR063W,0,0.42976055,0.3549562692642212,0.966269850730896,0.1771417111158371
YIL171W,YJR123W,0,0.42955047,0.354826956987381,0.966269850730896,0.17724178731441498
YDR079C-A,YOR306C,0,0.42898324,0.35469773411750793,0.966269850730896,0.17734187841415405
YNL196C,YBL076C,0,0.4281409,0.35456863045692444,0.966269850730896,0.17744195461273193
YDR079C-A,YFL002W-A,0,0.4272723,0.3544395864009857,0.966269850730896,0.17754203081130981
YDL160C-A,YGL092W,0,0.42704442,0.35431066155433655,0.966269850730896,0.1776421070098877
YNR070W,YKR078W,0,0.42627627,0.35418182611465454,0.966269850730896,0.17774219810962677
YDL099W,YMR184W,0,0.42594996,0.3540530800819397,0.966269850730896,0.17784227430820465
YDR436W,YGR031C-A,0,0.42564186,0.353924423456192,0.966269850730896,0.17794235050678253
YGR031C-A,YGL225W,0,0.4252596,0.3537958562374115,0.966269850730896,0.1780424267053604
YBL058W,YNL315C,0,0.4245647,0.35366737842559814,0.966269850730896,0.1781425178050995
YPL179W,YKL151C,0,0.42396685,0.35353901982307434,0.966269850730896,0.17824259400367737
YOR142W-A,YOL103W,0,0.42388663,0.3534107506275177,0.966269850730896,0.17834267020225525
YHR060W,YDR227W,0,0.4230465,0.35328254103660583,0.966269850730896,0.17844276130199432
YPL081W,YLR154W-A,0,0.42303583,0.3531544506549835,0.966269850730896,0.1785428375005722
YFR008W,YGR066C,0,0.4229272,0.35302644968032837,0.966269850730896,0.17864291369915009
YGR138C,YNL146W,0,0.42276636,0.3528985381126404,0.966269850730896,0.17874298989772797
YPL259C,YBR171W,0,0.42224172,0.35277074575424194,0.966269850730896,0.17884308099746704
YCL029C,YAL062W,0,0.42179355,0.3526430130004883,0.966269850730896,0.17894315719604492
YCL058C,YOR020W-A,0,0.42144933,0.3525153696537018,0.966269850730896,0.1790432333946228
YHL047C,YDR210W-A,0,0.42091343,0.35238784551620483,0.966269850730896,0.17914330959320068
YGR148C,YCR040W,0,0.42081687,0.35226041078567505,0.966269850730896,0.17924340069293976
YOR298C-A,YLR170C,0,0.41706747,0.35213303565979004,0.966269850730896,0.17934347689151764
YEL017C-A,YOR221C,0,0.41695216,0.3520057797431946,0.966269850730896,0.17944355309009552
YCR096C,YOL040C,0,0.41607004,0.3518786132335663,0.966269850730896,0.1795436292886734
YIL149C,YML043C,0,0.41457912,0.35175153613090515,0.966269850730896,0.17964372038841248
YCL045C,YER029C,0,0.41442028,0.3516245484352112,0.966269850730896,0.17974379658699036
YPL082C,YDL060W,0,0.4143506,0.3514976501464844,0.966269850730896,0.17984387278556824
YOL086W-A,YBR131W,0,0.41415235,0.35137084126472473,0.966269850730896,0.17994394898414612
YBL101W-B,YGR136W,0,0.413888,0.35124415159225464,0.966269850730896,0.1800440400838852
YGR199W,YKR081C,0,0.4135761,0.3511175215244293,0.966269850730896,0.18014411628246307
YBL101W-A,YER022W,0,0.41353315,0.35099098086357117,0.966269850730896,0.18024419248104095
YKL120W,YER155C,0,0.41273797,0.35086455941200256,0.966269850730896,0.18034426867961884
YLR409C,YGR043C,0,0.41258046,0.35073819756507874,0.966269850730896,0.1804443597793579
YBR126W-A,YGL012W,0,0.41193607,0.35061195492744446,0.966269850730896,0.1805444359779358
YDL234C,YDR358W,0,0.41173154,0.35048577189445496,0.966269850730896,0.18064451217651367
YOR298C-A,YKR095W-A,0,0.4114816,0.350359708070755,0.966269850730896,0.18074458837509155
YMR295C,YOR131C,0,0.41129085,0.3502337336540222,0.966269850730896,0.18084467947483063
YFR032C-A,YCL001W-B,0,0.41117457,0.3501078486442566,0.966269850730896,0.1809447556734085
YOR320C,YDR155C,0,0.410965,0.34998202323913574,0.966269850730896,0.1810448318719864
YPL115C,YBR196C-A,0,0.41093513,0.34985631704330444,0.966269850730896,0.18114492297172546
YFR042W,YOL087C,0,0.41057152,0.3497307002544403,0.966269850730896,0.18124499917030334
YDR170W-A,YGL005C,0,0.4101662,0.34960517287254333,0.966269850730896,0.18134507536888123
YOR032W-A,YJL065C,0,0.4096661,0.3494797348976135,0.966269850730896,0.1814451515674591
YAL035W,YIL062C,0,0.40966505,0.3493543863296509,0.966269850730896,0.18154524266719818
YDL004W,YKR081C,0,0.40920374,0.3492291271686554,0.966269850730896,0.18164531886577606
YGL179C,YGR158C,0,0.40911785,0.3491039574146271,0.966269850730896,0.18174539506435394
YOR035C,YBL101W-A,0,0.40909252,0.34897884726524353,0.966269850730896,0.18184547126293182
YDR093W,YER110C,0,0.40892124,0.34885385632514954,0.966269850730896,0.1819455623626709
YOR262W,YOR190W,0,0.40880355,0.3487289547920227,0.966269850730896,0.18204563856124878
YBR084W,YGL206C,0,0.4083825,0.34860414266586304,0.966269850730896,0.18214571475982666
YOR206W,YDR217C,0,0.40824088,0.34847941994667053,0.966269850730896,0.18224579095840454
YKL200C,YMR074C,0,0.4077982,0.3483547866344452,0.966269850730896,0.18234588205814362
YNL113W,YOR322C,0,0.40712088,0.348230242729187,0.966269850730896,0.1824459582567215
YJR042W,YDL211C,0,0.4070831,0.348105788230896,0.966269850730896,0.18254603445529938
YDR282C,YGR272C,0,0.4069163,0.34798142313957214,0.966269850730896,0.18264611065387726
YLR034C,YPL162C,0,0.406844,0.34785714745521545,0.966269850730896,0.18274620175361633
YHR041C,YDR348C,0,0.40639886,0.3477329611778259,0.966269850730896,0.1828462779521942
YER178W,YDR016C,0,0.40629488,0.34760886430740356,0.966269850730896,0.1829463541507721
YDR079C-A,YOL159C,0,0.40627918,0.347484827041626,0.966269850730896,0.18304643034934998
YNL200C,YPL179W,0,0.4052814,0.34736090898513794,0.966269850730896,0.18314652144908905
YNL245C,YBL005W-A,0,0.40510815,0.34723708033561707,0.966269850730896,0.18324659764766693
YBL101W-B,YIL062C,0,0.4050562,0.34711334109306335,0.966269850730896,0.1833466738462448
YCL058C,YCL001W-B,0,0.40493926,0.3469896614551544,0.966269850730896,0.1834467500448227
YMR247C,YDR210W-A,0,0.4040722,0.34686610102653503,0.966269850730896,0.18354684114456177
YCL048W-A,YGL192W,0,0.4036444,0.3467426002025604,0.966269850730896,0.18364691734313965
YDR026C,YML043C,0,0.40338805,0.34661921858787537,0.966269850730896,0.18374699354171753
YEL050C,YBL101W-A,0,0.40327945,0.3464958965778351,0.966269850730896,0.1838470846414566
YNL295W,YHR178W,0,0.40293545,0.34637269377708435,0.966269850730896,0.18394716084003448
YGL246C,YOL026C,0,0.40265986,0.3462495505809784,0.966269850730896,0.18404723703861237
YOL020W,YPR169W,0,0.40175718,0.3461264967918396,0.966269850730896,0.18414731323719025
YBR231C,YBL008W-A,0,0.40163586,0.34600356221199036,0.966269850730896,0.18424740433692932
YPR122W,YDR210W-A,0,0.40097767,0.3458806872367859,0.966269850730896,0.1843474805355072
YLR284C,YPL012W,0,0.40071574,0.3457579016685486,0.966269850730896,0.18444755673408508
YFR031C,YCR029C-A,0,0.3996257,0.34563520550727844,0.966269850730896,0.18454763293266296
YGL226C-A,YJR063W,0,0.39925063,0.34551259875297546,0.966269850730896,0.18464772403240204
YOR306C,YJL136C,0,0.3989789,0.34539008140563965,0.966269850730896,0.18474780023097992
YLR154W-A,YDL148C,0,0.3988882,0.3452676236629486,0.966269850730896,0.1848478764295578
YGL026C,YLR056W,0,0.39814872,0.3451452851295471,0.966269850730896,0.18494795262813568
YAL058W,YBL101W-A,0,0.39785805,0.3450230360031128,0.966269850730896,0.18504804372787476
YPR137C-B,YHR033W,0,0.39779848,0.34490084648132324,0.966269850730896,0.18514811992645264
YMR039C,YBL101W-B,0,0.39768726,0.34477874636650085,0.966269850730896,0.18524819612503052
YMR146C,YCR077C,1,0.39720446,0.3450106084346771,0.9672619104385376,0.18524819612503052
YJL035C,YGL225W,0,0.39656806,0.3448885679244995,0.9672619104385376,0.1853482723236084
YJR061W,YGR272C,0,0.39629194,0.34476661682128906,0.9672619104385376,0.18544836342334747
YOR298C-A,YKL200C,0,0.39519182,0.3446447551250458,0.9672619104385376,0.18554843962192535
YKL061W,YBR240C,0,0.39433575,0.34452298283576965,0.9672619104385376,0.18564851582050323
YHL009W-B,YDR504C,0,0.39408705,0.3444012701511383,0.9672619104385376,0.18574859201908112
YCL048W-A,YIL107C,0,0.3936493,0.3442796468734741,0.9672619104385376,0.1858486831188202
YDR210C-C,YBR114W,0,0.39359683,0.3441581428050995,0.9672619104385376,0.18594875931739807
YHR170W,YNL245C,0,0.3930749,0.34403669834136963,0.9672619104385376,0.18604883551597595
YGL070C,YOL038W,0,0.39298445,0.34391534328460693,0.9672619104385376,0.18614891171455383
YDR330W,YMR293C,0,0.3929167,0.3437940776348114,0.9672619104385376,0.1862490028142929
YIL159W,YCL012W,0,0.39236856,0.34367290139198303,0.9672619104385376,0.1863490790128708
YOR142W-A,YER057C,0,0.3923497,0.34355178475379944,0.9672619104385376,0.18644915521144867
YOR032W-A,YGL228W,0,0.39209107,0.3434307873249054,0.9672619104385376,0.18654924631118774
YBL063W,YKL065W-A,0,0.3916866,0.34330984950065613,0.9672619104385376,0.18664932250976562
YGL040C,YGR169C-A,0,0.39066696,0.3431890308856964,0.9672619104385376,0.1867493987083435
YNL299W,YOL071W,0,0.39045098,0.34306827187538147,0.9672619104385376,0.1868494749069214
YDL117W,YOR262W,0,0.3903199,0.3429476022720337,0.9672619104385376,0.18694956600666046
YDR282C,YBL008W-A,0,0.38970628,0.3428269922733307,0.9672619104385376,0.18704964220523834
YOR381W,YNL054W-B,0,0.38919923,0.34270650148391724,0.9672619104385376,0.18714971840381622
YGR187C,YKR058W,0,0.38910085,0.34258610010147095,0.9672619104385376,0.1872497946023941
YBR018C,YGL157W,0,0.3881199,0.34246575832366943,0.9672619104385376,0.18734988570213318
YGR145W,YCL012W,0,0.38692,0.3423455059528351,0.9672619104385376,0.18744996190071106
YDL119C,YCL050C,0,0.38646677,0.3422253429889679,0.9672619104385376,0.18755003809928894
YMR289W,YGL157W,0,0.38629878,0.34210526943206787,0.9672619104385376,0.18765011429786682
YOR306C,YHR196W,0,0.38613105,0.3419852554798126,0.9672619104385376,0.1877502053976059
YCR105W,YOR020W-A,0,0.38579708,0.3418653607368469,0.9672619104385376,0.18785028159618378
YOR123C,YCR034W,0,0.38577524,0.341745525598526,0.9672619104385376,0.18795035779476166
YPR137C-B,YAR042W,0,0.38547108,0.34162577986717224,0.9672619104385376,0.18805043399333954
YDR510W,YNL052W,0,0.38523248,0.34150612354278564,0.9672619104385376,0.1881505250930786
YDR228C,YMR225C,0,0.38390535,0.3413865566253662,0.9672619104385376,0.1882506012916565
YCR046C,YKL145W,0,0.3838192,0.34126704931259155,0.9672619104385376,0.18835067749023438
YLL009C,YBL101W-B,0,0.3832527,0.34114766120910645,0.9672619104385376,0.18845075368881226
YPL279C,YGR272C,0,0.38314104,0.3410283327102661,0.9672619104385376,0.18855084478855133
YKR039W,YKR058W,0,0.38303658,0.34090909361839294,0.9672619104385376,0.1886509209871292
YKR023W,YHR172W,0,0.3828086,0.34078994393348694,0.9672619104385376,0.1887509971857071
YNL315C,YCL001W-B,0,0.38261336,0.3406708538532257,0.9672619104385376,0.18885108828544617
YLR293C,YCL058W-A,0,0.38222542,0.34055188298225403,0.9672619104385376,0.18895116448402405
YMR156C,YKR063C,0,0.38219762,0.3404329717159271,0.9672619104385376,0.18905124068260193
YMR304W,YOR394W,0,0.38185742,0.3403141498565674,0.9672619104385376,0.1891513168811798
YDR079C-A,YDR338C,0,0.38152775,0.3401953876018524,0.9672619104385376,0.18925140798091888
YMR009W,YOR020W-A,0,0.3813264,0.340076744556427,0.9672619104385376,0.18935148417949677
YCL008C,YKR095W-A,0,0.38106403,0.33995816111564636,0.9672619104385376,0.18945156037807465
YOR145C,YOR131C,0,0.37999877,0.3398396670818329,0.9672619104385376,0.18955163657665253
YDR282C,YKL200C,0,0.37995848,0.3397212624549866,0.9672619104385376,0.1896517276763916
YKL065W-A,YGL053W,0,0.37840042,0.33960291743278503,0.9672619104385376,0.18975180387496948
YOR145C,YNL053W,0,0.3778781,0.33948469161987305,0.9672619104385376,0.18985188007354736
YLR241W,YHR067W,0,0.37729606,0.33936652541160583,0.9672619104385376,0.18995195627212524
YLR449W,YBL071W-A,0,0.37704003,0.3392484486103058,0.9672619104385376,0.19005204737186432
YCL001W-B,YGL090W,0,0.3770334,0.3391304314136505,0.9672619104385376,0.1901521235704422
YFR008W,YDR210C-C,0,0.37695333,0.3390125036239624,0.9672619104385376,0.19025219976902008
YLR449W,YIL066C,0,0.37682125,0.33889469504356384,0.9672619104385376,0.19035227596759796
YPR009W,YBL101W-B,0,0.37647378,0.33877691626548767,0.9672619104385376,0.19045236706733704
YMR061W,YJL127C-A,0,0.37519827,0.33865925669670105,0.9672619104385376,0.19055244326591492
YGR031C-A,YMR294W,0,0.37514725,0.3385416567325592,0.9672619104385376,0.1906525194644928
YNL223W,YGR250C,0,0.3750217,0.3384241461753845,0.9672619104385376,0.19075259566307068
YIL144W,YOL126C,0,0.37422124,0.338306725025177,0.9672619104385376,0.19085268676280975
YDR158W,YNR041C,0,0.37419733,0.33818939328193665,0.9672619104385376,0.19095276296138763
YHR041C,YER107C,0,0.37417755,0.33807212114334106,0.9672619104385376,0.19105283915996552
YJL165C,YCL001W-B,0,0.37366733,0.33795493841171265,0.9672619104385376,0.1911529153585434
YAL058W,YGR086C,0,0.3729711,0.3378378450870514,0.9672619104385376,0.19125300645828247
YPL082C,YOR168W,0,0.372349,0.3377208113670349,0.9672619104385376,0.19135308265686035
YHR060W,YML052W,0,0.37199244,0.3376038670539856,0.9672619104385376,0.19145315885543823
YJL225C,YBL101W-B,0,0.37166443,0.33748701214790344,0.9672619104385376,0.1915532499551773
YGL226C-A,YKR058W,0,0.37136728,0.33737024664878845,0.9672619104385376,0.1916533261537552
YDR210C-C,YOL141W,0,0.37120065,0.33725354075431824,0.9672619104385376,0.19175340235233307
YDL117W,YBL101W-B,0,0.37117422,0.3371369242668152,0.9672619104385376,0.19185347855091095
YCL058W-A,YGR024C,0,0.37054476,0.3370203971862793,0.9672619104385376,0.19195356965065002
YLR115W,YML063W,0,0.3700556,0.3369039297103882,0.9672619104385376,0.1920536458492279
YDR444W,YDR504C,0,0.36968532,0.33678755164146423,0.9672619104385376,0.1921537220478058
YBR265W,YKL029C,0,0.36952388,0.33667126297950745,0.9672619104385376,0.19225379824638367
YEL012W,YDR210W-A,0,0.36840323,0.3365550637245178,0.9672619104385376,0.19235388934612274
YAL053W,YOR142W-A,0,0.36835974,0.336438924074173,0.9672619104385376,0.19245396554470062
YCR080W,YLR216C,0,0.36794388,0.3363228738307953,0.9672619104385376,0.1925540417432785
YJR007W,YPR133C,0,0.36776873,0.3362068831920624,0.9672619104385376,0.19265411794185638
YMR215W,YKL150W,0,0.36753172,0.336091011762619,0.9672619104385376,0.19275420904159546
YKL141W,YBR251W,0,0.3671501,0.33597519993782043,0.9672619104385376,0.19285428524017334
YOR004W,YPL270W,0,0.36679506,0.3358594477176666,0.9672619104385376,0.19295436143875122
YBL101W-A,YKL069W,0,0.3664547,0.33574381470680237,0.9672619104385376,0.1930544376373291
YPL043W,YDR236C,0,0.3664008,0.3356282413005829,0.9672619104385376,0.19315452873706818
YGR125W,YNL271C,0,0.36629745,0.3355127274990082,0.9672619104385376,0.19325460493564606
YJL160C,YBR175W,0,0.36574852,0.33539730310440063,0.9672619104385376,0.19335468113422394
YDR210W-A,YER035W,0,0.3653236,0.33528196811676025,0.9672619104385376,0.19345475733280182
YKL200C,YDL133W,0,0.36522454,0.33516672253608704,0.9672619104385376,0.1935548484325409
YKR097W,YKL065W-A,0,0.3650229,0.3350515365600586,0.9672619104385376,0.19365492463111877
YHR170W,YLR208W,0,0.36407587,0.3349364399909973,0.9672619104385376,0.19375500082969666
YDR201W,YBR058C-A,0,0.36376715,0.3348214328289032,0.9672619104385376,0.19385507702827454
YHL009W-B,YHL003C,0,0.362797,0.33470648527145386,0.9672619104385376,0.1939551681280136
YGL226C-A,YPL111W,0,0.3624507,0.3345916271209717,0.9672619104385376,0.1940552443265915
YCL001W-B,YNL070W,0,0.36212516,0.33447685837745667,0.9672619104385376,0.19415532052516937
YBR126W-A,YOL145C,0,0.3620985,0.3343621492385864,0.9672619104385376,0.19425541162490845
YDR460W,YBR200W-A,0,0.36149022,0.33424749970436096,0.9672619104385376,0.19435548782348633
YCR097WB,YJL160C,0,0.36092642,0.33413296937942505,0.9672619104385376,0.1944555640220642
YBR200W-A,YBR211C,0,0.3607795,0.3340184986591339,0.9672619104385376,0.1945556402206421
YDL185W,YCL011C,0,0.36031824,0.33390411734580994,0.9672619104385376,0.19465573132038116
YBR123C,YJL127C-A,0,0.35988727,0.33378979563713074,0.9672619104385376,0.19475580751895905
YBR200W-A,YMR199W,0,0.3597572,0.3336755633354187,0.9672619104385376,0.19485588371753693
YNL030W,YBR220C,0,0.35961396,0.33356142044067383,0.9672619104385376,0.1949559599161148
YBR200W-A,YJL155C,0,0.35934535,0.33344733715057373,0.9672619104385376,0.19505605101585388
YDL211C,YGR272C,0,0.35923934,0.3333333432674408,0.9672619104385376,0.19515612721443176
YEL017C-A,YMR296C,0,0.35919622,0.33321940898895264,0.9672619104385376,0.19525620341300964
YOR142W-A,YAL062W,0,0.35889092,0.33310556411743164,0.9672619104385376,0.19535627961158752
YJL204C,YOR343C-A,0,0.35840127,0.3329918086528778,0.9672619104385376,0.1954563707113266
YDR210W-D,YOR372C,0,0.35840127,0.33287811279296875,0.9672619104385376,0.19555644690990448
YOR343C-A,YDR158W,0,0.35840127,0.33276450634002686,0.9672619104385376,0.19565652310848236
YMR095C,YDR210W-D,0,0.35840127,0.33265095949172974,0.9672619104385376,0.19575659930706024
YDR210W-C,YBL076C,0,0.35840127,0.33253753185272217,0.9672619104385376,0.19585669040679932
YOL107W,YDR210W-D,0,0.35840127,0.332424134016037,0.9672619104385376,0.1959567666053772
YML015C,YDR210W-D,0,0.35840127,0.33231082558631897,0.9672619104385376,0.19605684280395508
YOR343C-A,YPR063C,0,0.35840127,0.3321976065635681,0.9672619104385376,0.19615691900253296
YNL190W,YAR070W-A,0,0.35840127,0.3320844769477844,0.9672619104385376,0.19625701010227203
YAR070W-A,YLR102C,0,0.35840127,0.3319714069366455,0.9672619104385376,0.19635708630084991
YHR066W,YDR210W-C,0,0.35840127,0.33185839653015137,0.9672619104385376,0.1964571624994278
YER177W,YDR210W-D,0,0.35840127,0.3317455053329468,0.9672619104385376,0.19655723869800568
YJR141W,YDR210W-D,0,0.35840127,0.3316326439380646,0.9672619104385376,0.19665732979774475
YOR142W-B,YKL200C,0,0.35840127,0.3315199017524719,0.9672619104385376,0.19675740599632263
YCR105W,YDR210W-C,0,0.35840127,0.33140721917152405,0.9672619104385376,0.1968574821949005
YJL222W,YAR070W-A,0,0.35840127,0.33129459619522095,0.9672619104385376,0.1969575732946396
YDR079C-A,YBL101W-A,0,0.35840127,0.331182062625885,0.9672619104385376,0.19705764949321747
YLR115W,YOR343C-A,0,0.35840127,0.33106961846351624,0.9672619104385376,0.19715772569179535
YGL041C-B,YJL021C,0,0.35840127,0.33095723390579224,0.9672619104385376,0.19725780189037323
YJR150C,YOR343C-A,0,0.35840127,0.3308449387550354,0.9672619104385376,0.1973578929901123
YDR210W-D,YBR105C,0,0.35840127,0.33073270320892334,0.9672619104385376,0.19745796918869019
YDR436W,YDR210W-D,0,0.35840127,0.33062055706977844,0.9672619104385376,0.19755804538726807
YCL012W,YOR020W-A,0,0.35840127,0.3305084705352783,0.9672619104385376,0.19765812158584595
YDR098C-A,YLR154W-A,0,0.35840127,0.33039647340774536,0.9672619104385376,0.19775821268558502
YLR240W,YOR343C-A,0,0.35840127,0.33028456568717957,0.9672619104385376,0.1978582888841629
YHL009W-B,YDR210W-D,0,0.35840127,0.33017271757125854,0.9672619104385376,0.19795836508274078
YOR343C-A,YNL169C,0,0.35840127,0.3300609290599823,0.9672619104385376,0.19805844128131866
YMR235C,YDR210W-D,0,0.35840127,0.3299492299556732,0.9672619104385376,0.19815853238105774
YML039W,YER074W-A,0,0.35840127,0.3298376202583313,0.9672619104385376,0.19825860857963562
YOR343C-A,YOR046C,0,0.35840127,0.32972607016563416,0.9672619104385376,0.1983586847782135
YBL101W-A,YCR087C-A,0,0.35840127,0.3296146094799042,0.9672619104385376,0.19845876097679138
YNL008C,YDR210W-C,0,0.35840127,0.32950320839881897,0.9672619104385376,0.19855885207653046
YHR024C,YDR210W-D,0,0.35840127,0.3293918967247009,0.9672619104385376,0.19865892827510834
YOR343C-A,YGL026C,0,0.35840127,0.32928064465522766,0.9672619104385376,0.19875900447368622
YER181C,YAR070W-A,0,0.35840127,0.32916948199272156,0.9672619104385376,0.1988590806722641
YOR343C-A,YPL194W,0,0.35840127,0.32905837893486023,0.9672619104385376,0.19895917177200317
YOR152C,YOR343C-A,0,0.35840127,0.32894736528396606,0.9672619104385376,0.19905924797058105
YDR362C,YAR070W-A,0,0.35840127,0.3288364112377167,0.9672619104385376,0.19915932416915894
YAR070W-A,YJL081C,0,0.35840127,0.32872554659843445,0.9672619104385376,0.19925940036773682
YBR024W,YOR343C-A,0,0.35840127,0.3286147713661194,0.9672619104385376,0.1993594914674759
YML015C,YDR210W-C,0,0.35840127,0.3285040557384491,0.9672619104385376,0.19945956766605377
YDR259C,YAR070W-A,0,0.35840127,0.3283933997154236,0.9672619104385376,0.19955964386463165
YIL049W,YAR070W-A,0,0.35840127,0.32828283309936523,0.9672619104385376,0.19965973496437073
YOR343C-A,YBR146W,0,0.35840127,0.32817232608795166,0.9672619104385376,0.1997598111629486
YGR096W,YDR210W-C,0,0.35840127,0.32806190848350525,0.9672619104385376,0.1998598873615265
YDL116W,YOR343C-A,0,0.35840127,0.3279515504837036,0.9672619104385376,0.19995996356010437
YAR070W-A,YMR246W,0,0.35840127,0.32784128189086914,0.9672619104385376,0.20006005465984344
YLR117C,YDR210W-C,0,0.35840127,0.32773110270500183,0.9672619104385376,0.20016013085842133
YOR142W-A,YLR154W-C,0,0.35840127,0.3276209533214569,0.9672619104385376,0.2002602070569992
YOR343C-A,YJL140W,0,0.35840127,0.32751092314720154,0.9672619104385376,0.2003602832555771
YDR210W-C,YNL056W,0,0.35840127,0.32740095257759094,0.9672619104385376,0.20046037435531616
YOR343C-A,YKL007W,0,0.35840127,0.3272910416126251,0.9672619104385376,0.20056045055389404
YOR343C-A,YPL176C,0,0.35840127,0.32718122005462646,0.9672619104385376,0.20066052675247192
YMR199W,YDR210W-C,0,0.35840127,0.3270714581012726,0.9672619104385376,0.2007606029510498
YAR070W-A,YBR198C,0,0.35840127,0.3269617557525635,0.9672619104385376,0.20086069405078888
YDR259C,YOR343C-A,0,0.35840127,0.3268521726131439,0.9672619104385376,0.20096077024936676
YBL101W-A,YMR323W,0,0.35840127,0.32674261927604675,0.9672619104385376,0.20106084644794464
YBL101W-A,YNL271C,0,0.35840127,0.32663315534591675,0.9672619104385376,0.20116092264652252
YBR146W,YDR210W-D,0,0.35840127,0.3265237808227539,0.9672619104385376,0.2012610137462616
YOR343C-A,YLR170C,0,0.35840127,0.32641446590423584,0.9672619104385376,0.20136108994483948
YMR294W,YDR210W-C,0,0.35840127,0.32630521059036255,0.9672619104385376,0.20146116614341736
YJL059W,YDR210W-C,0,0.35840127,0.3261960446834564,0.9672619104385376,0.20156124234199524
YHR164C,YDR210W-C,0,0.35840127,0.32608696818351746,0.9672619104385376,0.20166133344173431
YPL166W,YDR210W-D,0,0.35840127,0.3259779214859009,0.9672619104385376,0.2017614096403122
YAR070W-A,YKR061W,0,0.35840127,0.32586899399757385,0.9672619104385376,0.20186148583889008
YNL128W,YOR343C-A,0,0.35840127,0.3257600963115692,0.9672619104385376,0.20196156203746796
YNR040W,YJL127C-A,0,0.35840127,0.32565128803253174,0.9672619104385376,0.20206165313720703
YLR023C,YDR210W-D,0,0.35840127,0.3255425691604614,0.9672619104385376,0.2021617293357849
YIL095W,YDR210W-D,0,0.35840127,0.3254339098930359,0.9672619104385376,0.2022618055343628
YAR070W-A,YAL033W,0,0.35840127,0.3253253400325775,0.9672619104385376,0.20236189663410187
YBR240C,YDR210W-C,0,0.35840127,0.32521679997444153,0.9672619104385376,0.20246197283267975
YFL041W,YDR210W-C,0,0.35840127,0.3251083791255951,0.9672619104385376,0.20256204903125763
YDL140C,YOR343C-A,0,0.35840127,0.32499998807907104,0.9672619104385376,0.2026621252298355
YHR042W,YAR070W-A,0,0.35840127,0.32489171624183655,0.9672619104385376,0.20276221632957458
YDR533C,YAR070W-A,0,0.35840127,0.32478347420692444,0.9672619104385376,0.20286229252815247
YKL200C,YKL065W-A,0,0.35840127,0.3246753215789795,0.9672619104385376,0.20296236872673035
YCR029C-A,YJR061W,0,0.35840127,0.3245672583580017,0.9672619104385376,0.20306244492530823
YJL160C,YOL053C-A,0,0.35840127,0.3244592249393463,0.9672619104385376,0.2031625360250473
YPR036W,YDR210W-D,0,0.35840127,0.32435131072998047,0.9672619104385376,0.20326261222362518
YDR194C,YOR343C-A,0,0.35840127,0.324243426322937,0.9672619104385376,0.20336268842220306
YOL053C-A,YHL012W,0,0.35840127,0.3241356313228607,0.9672619104385376,0.20346276462078094
YHR034C,YDR210W-D,0,0.35840127,0.3240279257297516,0.9672619104385376,0.20356285572052002
YAR070W-A,YPL270W,0,0.35840127,0.32392027974128723,0.9672619104385376,0.2036629319190979
YJL127C-A,YPR003C,0,0.35840127,0.32381269335746765,0.9672619104385376,0.20376300811767578
YEL050C,YDR210W-C,0,0.35840127,0.32370516657829285,0.9672619104385376,0.20386308431625366
YDR510W,YOR343C-A,0,0.35840127,0.3235977292060852,0.9672619104385376,0.20396317541599274
YDR210W-D,YER061C,0,0.35840127,0.3234903812408447,0.9672619104385376,0.20406325161457062
YGL032C,YCL001W-B,0,0.35759452,0.323383092880249,0.9672619104385376,0.2041633278131485
YBR200W-A,YDR212W,0,0.35746947,0.3232758641242981,0.9672619104385376,0.20426340401172638
YFL043C,YNL196C,0,0.35674807,0.32316872477531433,0.9672619104385376,0.20436349511146545
YPL132W,YDL194W,0,0.3566713,0.32306164503097534,0.9672619104385376,0.20446357131004333
YGR169C-A,YJL223C,0,0.35648385,0.32295462489128113,0.9672619104385376,0.20456364750862122
YER138C,YBL104C,0,0.35581753,0.3228476941585541,0.9672619104385376,0.2046637237071991
YDL161W,YJL021C,0,0.3557911,0.3227408230304718,0.9672619104385376,0.20476381480693817
YNL169C,YER074W-A,0,0.35559574,0.3226340115070343,0.9672619104385376,0.20486389100551605
YJL081C,YLR243W,0,0.35549626,0.32252728939056396,0.9672619104385376,0.20496396720409393
YKR095W-A,YKL148C,0,0.35531792,0.3224206268787384,0.9672619104385376,0.205064058303833
YBR200W-A,YDR407C,0,0.35475758,0.32231405377388,0.9672619104385376,0.2051641345024109
YPR193C,YCL048W-A,0,0.35460567,0.3222075402736664,0.9672619104385376,0.20526421070098877
YLR185W,YBR105C,0,0.35437894,0.32210108637809753,0.9672619104385376,0.20536428689956665
YDL160C-A,YLR442C,0,0.3543503,0.32199472188949585,0.9672619104385376,0.20546437799930573
YNL009W,YLR241W,0,0.35426378,0.32188841700553894,0.9672619104385376,0.2055644541978836
YBR200W-A,YJR013W,0,0.3542571,0.3217821717262268,0.9672619104385376,0.2056645303964615
YDR470C,YBL101W-B,0,0.3538597,0.32167601585388184,0.9672619104385376,0.20576460659503937
YDR479C,YOR032W-A,0,0.35371837,0.32156991958618164,0.9672619104385376,0.20586469769477844
YMR039C,YGR215W,0,0.35336986,0.3214638829231262,0.9672619104385376,0.20596477389335632
YDR205W,YJL021C,0,0.3530523,0.32135793566703796,0.9672619104385376,0.2060648500919342
YDR444W,YPL190C,0,0.35256824,0.3212520480155945,0.9672619104385376,0.20616492629051208
YIL156W-B,YIL062C,0,0.3524128,0.32114624977111816,0.9672619104385376,0.20626501739025116
YHR062C,YCL032W,0,0.35209417,0.3210405111312866,0.9672619104385376,0.20636509358882904
YLR293C,YPL259C,0,0.35183164,0.32093483209609985,0.9672619104385376,0.20646516978740692
YHR057C,YGL226C-A,0,0.35001287,0.32082921266555786,0.9672619104385376,0.2065652459859848
YLR256W,YLR154W-A,0,0.3499005,0.32072368264198303,0.9672619104385376,0.20666533708572388
YER153C,YHL018W,0,0.34982175,0.320618212223053,0.9672619104385376,0.20676541328430176
YPL152W,YLR154W-A,0,0.3496063,0.3205128312110901,0.9672619104385376,0.20686548948287964
YOR393W,YNR004W,0,0.34879166,0.3204074800014496,0.9672619104385376,0.20696556568145752
YDR381C-A,YFL011W,0,0.34820372,0.32030224800109863,0.9672619104385376,0.2070656567811966
YCL048W-A,YKL220C,0,0.34788713,0.32019704580307007,0.9672619104385376,0.20716573297977448
YDR194C,YPR052C,0,0.34783724,0.32009193301200867,0.9672619104385376,0.20726580917835236
YDR210C-C,YMR246W,0,0.34774423,0.31998687982559204,0.9672619104385376,0.20736588537693024
YJL165C,YOR142W-A,0,0.3474046,0.3198818862438202,0.9672619104385376,0.2074659764766693
YPL226W,YJL123C,0,0.34666333,0.3197769820690155,0.9672619104385376,0.2075660526752472
YFR031C,YPR063C,0,0.34666178,0.3196721374988556,0.9672619104385376,0.20766612887382507
YKL114C,YPL132W,0,0.346399,0.31956735253334045,0.9672619104385376,0.20776621997356415
YKL008C,YBL101W-A,0,0.3452783,0.3194626569747925,0.9672619104385376,0.20786629617214203
YBR200W-A,YDR380W,0,0.34505752,0.3193580210208893,0.9672619104385376,0.2079663723707199
YBL002W,YBR114W,0,0.34484944,0.31925344467163086,0.9672619104385376,0.2080664485692978
YGR185C,YPL257W-A,0,0.34455803,0.3191489279270172,0.9672619104385376,0.20816653966903687
YDR365C,YFL059W,0,0.3438811,0.3190445005893707,0.9672619104385376,0.20826661586761475
YLR409C,YCR009C,0,0.34370482,0.318940132856369,0.9672619104385376,0.20836669206619263
YDR387C,YBR294W,0,0.34341952,0.3188358545303345,0.9672619104385376,0.2084667682647705
YKL057C,YBR084W,0,0.3433892,0.3187316060066223,0.9672619104385376,0.20856685936450958
YOR142W-A,YGL158W,0,0.34319693,0.3186274468898773,0.9672619104385376,0.20866693556308746
YMR097C,YER024W,0,0.34275085,0.3185233473777771,0.9672619104385376,0.20876701176166534
YDR364C,YJL160C,0,0.34274065,0.31841933727264404,0.9672619104385376,0.20886708796024323
YOR032W-A,YPR079W,0,0.34224448,0.31831538677215576,0.9672619104385376,0.2089671790599823
YGR272C,YLR243W,0,0.3419184,0.31821149587631226,0.9672619104385376,0.20906725525856018
YOL016C,YBR200W-A,0,0.341769,0.3181076645851135,0.9672619104385376,0.20916733145713806
YBR200W-A,YDR113C,0,0.34145153,0.31800392270088196,0.9672619104385376,0.20926740765571594
YBR200W-A,YPL059W,0,0.3413621,0.31790024042129517,0.9672619104385376,0.20936749875545502
YBR058C-A,YER117W,0,0.34129766,0.31779661774635315,0.9672619104385376,0.2094675749540329
YOR142W,YBL101W-B,0,0.34095013,0.3176930546760559,0.9672619104385376,0.20956765115261078
YLR284C,YLR221C,0,0.3407469,0.31758958101272583,0.9672619104385376,0.20966772735118866
YBR200W-A,YPL271W,0,0.3406016,0.3174861669540405,0.9672619104385376,0.20976781845092773
YBR200W-A,YNL248C,0,0.34058425,0.3173828125,0.9672619104385376,0.20986789464950562
YGL226C-A,YGR230W,0,0.34048685,0.31727951765060425,0.9672619104385376,0.2099679708480835
YOL020W,YEL011W,0,0.34020317,0.31717631220817566,0.9672619104385376,0.21006804704666138
YBL101W-A,YIL044C,0,0.34004626,0.31707316637039185,0.9672619104385376,0.21016813814640045
YDL072C,YML007W,0,0.33985934,0.3169700801372528,0.9672619104385376,0.21026821434497833
YNL284C-B,YDR225W,0,0.33979723,0.31686708331108093,0.9672619104385376,0.2103682905435562
YLR253W,YKR081C,0,0.33890066,0.31676414608955383,0.9672619104385376,0.2104683816432953
YOL006C,YER074W-A,0,0.3385131,0.3166612684726715,0.9672619104385376,0.21056845784187317
YBR200W-A,YLR186W,0,0.33845833,0.31655845046043396,0.9672619104385376,0.21066853404045105
YDR414C,YLR154W-A,0,0.3383955,0.3164556920528412,0.9672619104385376,0.21076861023902893
YJL096W,YLR154W-C,0,0.33832583,0.3163530230522156,0.9672619104385376,0.210868701338768
YBR200W-A,YLR449W,0,0.3380376,0.31625041365623474,0.9672619104385376,0.2109687775373459
YDL102W,YDR074W,0,0.33736524,0.3161478638648987,0.9672619104385376,0.21106885373592377
YHR029C,YLR154W-C,0,0.3370659,0.3160453736782074,0.9672619104385376,0.21116892993450165
YLR188W,YFL047W,0,0.33676708,0.3159429728984833,0.9672619104385376,0.21126902103424072
YBR200W-A,YBR058C,0,0.33665422,0.31584063172340393,0.9672619104385376,0.2113690972328186
YBR200W-A,YGL092W,0,0.3361464,0.31573835015296936,0.9672619104385376,0.21146917343139648
YDL171C,YGL049C,0,0.3352646,0.31563612818717957,0.9672619104385376,0.21156924962997437
YLR075W,YMR139W,0,0.33496264,0.31553396582603455,0.9672619104385376,0.21166934072971344
YDR170W-A,YPR193C,0,0.33467695,0.3154318928718567,0.9672619104385376,0.21176941692829132
YDR289C,YIL156W-B,0,0.3344852,0.3153298795223236,0.9672619104385376,0.2118694931268692
YDR383C,YGR243W,0,0.3343268,0.3152279257774353,0.9672619104385376,0.21196956932544708
YIL066C,YKR081C,0,0.33327338,0.31512606143951416,0.9672619104385376,0.21206966042518616
YDR380W,YGR090W,0,0.33292004,0.3150242269039154,0.9672619104385376,0.21216973662376404
YDR373W,YJL046W,0,0.33218673,0.3149224817752838,0.9672619104385376,0.21226981282234192
YDR533C,YKL065W-A,0,0.33071342,0.314820796251297,0.9672619104385376,0.2123698890209198
YGR185C,YOL026C,0,0.33069882,0.31471917033195496,0.9672619104385376,0.21246998012065887
YCR080W,YBR096W,0,0.33058986,0.3146176040172577,0.9672619104385376,0.21257005631923676
YKL150W,YPL279C,0,0.33027703,0.3145161271095276,0.9672619104385376,0.21267013251781464
YOR142W-A,YBR260C,0,0.3301051,0.31441470980644226,0.9672619104385376,0.2127702236175537
YBR200W-A,YOR056C,0,0.32968733,0.3143133521080017,0.9672619104385376,0.2128702998161316
YDL099W,YLR008C,0,0.3296602,0.31421205401420593,0.9672619104385376,0.21297037601470947
YBR126W-A,YFL034W,0,0.32925382,0.31411081552505493,0.9672619104385376,0.21307045221328735
YOL124C,YOR026W,0,0.32924315,0.3140096664428711,0.9672619104385376,0.21317054331302643
YPR137C-B,YOR032W-A,0,0.3284035,0.31390857696533203,0.9672619104385376,0.2132706195116043
YDR477W,YKL065W-A,0,0.3282092,0.31380751729011536,0.9672619104385376,0.2133706957101822
YDR227W,YJL127C-A,0,0.3278035,0.31370657682418823,0.9672619104385376,0.21347077190876007
YAL035W,YDL236W,0,0.3268346,0.3136056661605835,0.9672619104385376,0.21357086300849915
YOR159C,YCR071C,0,0.3262168,0.31350481510162354,0.9672619104385376,0.21367093920707703
YHR122W,YGR272C,0,0.32498,0.31340405344963074,0.9672619104385376,0.2137710154056549
YPR109W,YJL080C,0,0.32458997,0.3133033514022827,0.9672619104385376,0.2138710916042328
YNL252C,YMR033W,0,0.32440016,0.31320270895957947,0.9672619104385376,0.21397118270397186
YDR405W,YGR230W,0,0.32433304,0.313102126121521,0.9672619104385376,0.21407125890254974
YPR095C,YLL067C,0,0.32433188,0.3130016028881073,0.9672619104385376,0.21417133510112762
YDR210W-A,YGR113W,0,0.3232379,0.31290116906166077,0.9672619104385376,0.2142714112997055
YLR271W,YBL101W-B,0,0.32304505,0.3128007650375366,0.9672619104385376,0.21437150239944458
YCR060W,YDL171C,0,0.3228114,0.31270045042037964,0.9672619104385376,0.21447157859802246
YDR012W,YCR097W,0,0.32201844,0.31260019540786743,0.9672619104385376,0.21457165479660034
YEL059C-A,YOR032W-A,0,0.3213136,0.3125,0.9672619104385376,0.21467173099517822
YDR012W,YOR032W-A,0,0.320933,0.31239986419677734,0.9672619104385376,0.2147718220949173
YJL221C,YBL101W-B,0,0.32091495,0.31229981780052185,0.9672619104385376,0.21487189829349518
YBL104C,YOL159C,0,0.32060114,0.31219980120658875,0.9672619104385376,0.21497197449207306
YJL222W,YGR272C,0,0.3203968,0.3120998740196228,0.9672619104385376,0.21507205069065094
YCL012W,YPL176C,0,0.3200382,0.31200000643730164,0.9672619104385376,0.21517214179039001
YGL256W,YKR095W-A,0,0.31983408,0.31190019845962524,0.9672619104385376,0.2152722179889679
YKL143W,YBR278W,0,0.3193704,0.31180045008659363,0.9672619104385376,0.21537229418754578
YHR135C,YGR272C,0,0.3192753,0.3117007613182068,0.9672619104385376,0.21547238528728485
YKL114C,YLR154W-A,0,0.31777218,0.3116011619567871,0.9672619104385376,0.21557246148586273
YLR172C,YPL203W,1,0.3176159,0.3118210732936859,0.9682539701461792,0.21557246148586273
YDR289C,YGR031C-A,0,0.3170821,0.3117215037345886,0.9682539701461792,0.2156725376844406
YLR052W,YLR147C,0,0.3168195,0.3116219639778137,0.9682539701461792,0.2157726138830185
YFR008W,YDL184C,0,0.31645757,0.311522513628006,0.9682539701461792,0.21587270498275757
YDR362C,YLR356W,0,0.3161401,0.31142309308052063,0.9682539701461792,0.21597278118133545
YKR014C,YOR020W-A,0,0.31588313,0.31132376194000244,0.9682539701461792,0.21607285737991333
YNR026C,YGL041C-B,0,0.3146741,0.31122449040412903,0.9682539701461792,0.2161729335784912
YLR292C,YPL059W,0,0.31462428,0.3111252784729004,0.9682539701461792,0.21627302467823029
YOR032W-A,YIL023C,0,0.3142815,0.31102612614631653,0.9682539701461792,0.21637310087680817
YDL122W,YDR098C-A,0,0.31427637,0.31092703342437744,0.9682539701461792,0.21647317707538605
YOR159C,YER133W,0,0.31412664,0.3108280301094055,0.9682539701461792,0.21657325327396393
YML082W,YKL020C,0,0.31411543,0.310729056596756,0.9682539701461792,0.216673344373703
YCR080W,YIL062C,0,0.31216982,0.3106301724910736,0.9682539701461792,0.21677342057228088
YDL160C-A,YKL152C,0,0.31190786,0.310531347990036,0.9682539701461792,0.21687349677085876
YDR205W,YCL001W-B,0,0.31167057,0.3104325830936432,0.9682539701461792,0.21697357296943665
YGR031C-A,YOR182C,0,0.31112686,0.31033387780189514,0.9682539701461792,0.21707366406917572
YMR046C,YGR169C-A,0,0.31101817,0.31023523211479187,0.9682539701461792,0.2171737402677536
YLL003W,YDR134C,0,0.31093648,0.3101366460323334,0.9682539701461792,0.21727381646633148
YKR097W,YLR154W-A,0,0.31040987,0.31003811955451965,0.9682539701461792,0.21737389266490936
YMR079W,YBR297W,0,0.3099465,0.3099396526813507,0.9682539701461792,0.21747398376464844
YFL034W,YPR169W,0,0.30972043,0.3098412752151489,0.9682539701461792,0.21757405996322632
YDR478W,YBL101W-B,0,0.30957904,0.30974292755126953,0.9682539701461792,0.2176741361618042
YIR005W,YKL200C,0,0.3088063,0.3096446692943573,0.9682539701461792,0.21777421236038208
YOL092W,YNL126W,0,0.3070622,0.30954647064208984,0.9682539701461792,0.21787430346012115
YBR141C,YDR545W,0,0.30703261,0.30944833159446716,0.9682539701461792,0.21797437965869904
YPL009C,YPL257W-A,0,0.3069742,0.30935025215148926,0.9682539701461792,0.21807445585727692
YBR034C,YNL059C,0,0.30690423,0.30925223231315613,0.9682539701461792,0.218174546957016
YML063W,YOR298W,0,0.30685124,0.3091542720794678,0.9682539701461792,0.21827462315559387
YOL086W-A,YDL101C,0,0.3068427,0.3090563714504242,0.9682539701461792,0.21837469935417175
YDL150W,YAL062W,0,0.3068425,0.3089585304260254,0.9682539701461792,0.21847477555274963
YGR031C-A,YML023C,0,0.30680874,0.30886074900627136,0.9682539701461792,0.2185748666524887
YBR034C,YDR063W,0,0.30634275,0.3087630569934845,0.9682539701461792,0.2186749428510666
YHR034C,YOL022C,0,0.30622572,0.30866539478302,0.9682539701461792,0.21877501904964447
YKR067W,YCL001W-B,0,0.3060237,0.3085678219795227,0.9682539701461792,0.21887509524822235
YNL009W,YPL166W,0,0.30497566,0.3084702789783478,0.9682539701461792,0.21897518634796143
YOR142W-A,YGL258W,0,0.30478093,0.30837282538414,0.9682539701461792,0.2190752625465393
YER181C,YMR154C,0,0.30425674,0.308275431394577,0.9682539701461792,0.2191753387451172
YJL094C,YMR046C,0,0.30415285,0.3081780970096588,0.9682539701461792,0.21927541494369507
YGR136W,YOR020W-A,0,0.3041425,0.3080808222293854,0.9682539701461792,0.21937550604343414
YNL190W,YDR315C,0,0.30367246,0.3079835772514343,0.9682539701461792,0.21947558224201202
YDR098C-A,YHR150W,0,0.30110142,0.30788642168045044,0.9682539701461792,0.2195756584405899
YOR032W-A,YGR134W,0,0.30079082,0.3077893555164337,0.9682539701461792,0.21967573463916779
YCL003W,YFL059W,0,0.30060223,0.3076923191547394,0.9682539701461792,0.21977582573890686
YFL034W,YJL021C,0,0.29980603,0.3075953423976898,0.9682539701461792,0.21987590193748474
YBR018C,YMR246W,0,0.29955402,0.30749842524528503,0.9682539701461792,0.21997597813606262
YDR026C,YLR284C,0,0.29934987,0.307401567697525,0.9682539701461792,0.2200760543346405
YPL191C,YNL271C,0,0.2992815,0.3073047995567322,0.9682539701461792,0.22017614543437958
YDR134C,YGR276C,0,0.29858807,0.3072080612182617,0.9682539701461792,0.22027622163295746
YDR210C-C,YMR009W,0,0.2985747,0.30711138248443604,0.9682539701461792,0.22037629783153534
YOR020W-A,YAL062W,0,0.29823306,0.3070147931575775,0.9682539701461792,0.22047637403011322
YLR023C,YBL101W-A,0,0.2977315,0.3069182336330414,0.9682539701461792,0.2205764651298523
YDR210C-C,YOR056C,0,0.29724643,0.3068217635154724,0.9682539701461792,0.22067654132843018
YDR444W,YKL176C,0,0.296963,0.30672532320022583,0.9682539701461792,0.22077661752700806
YGL179C,YIL066C,0,0.29689163,0.3066289722919464,0.9682539701461792,0.22087670862674713
YJL141C,YGL246C,0,0.29678416,0.3065326511859894,0.9682539701461792,0.220976784825325
YER181C,YLR154W-A,0,0.2965431,0.3064364194869995,0.9682539701461792,0.2210768610239029
YOR276W,YIL014W,0,0.2960909,0.3063402473926544,0.9682539701461792,0.22117693722248077
YMR095C,YHR150W,0,0.29526216,0.3062441051006317,0.9682539701461792,0.22127702832221985
YPL184C,YML023C,0,0.2952257,0.30614805221557617,0.9682539701461792,0.22137710452079773
YHL009W-B,YJR110W,0,0.29512388,0.3060520589351654,0.9682539701461792,0.2214771807193756
YDR348C,YER035W,0,0.29466942,0.3059561252593994,0.9682539701461792,0.2215772569179535
YJR013W,YOR356W,0,0.2944472,0.3058602213859558,0.9682539701461792,0.22167734801769257
YGR109W-A,YDL099W,0,0.2934523,0.30576440691947937,0.9682539701461792,0.22177742421627045
YGL041C-B,YPL232W,0,0.29244885,0.3056686520576477,0.9682539701461792,0.22187750041484833
YDL122W,YMR186W,0,0.29201654,0.3055729568004608,0.9682539701461792,0.2219775766134262
YLR053C,YDR074W,0,0.29156187,0.3054773211479187,0.9682539701461792,0.22207766771316528
YBR297W,YPL257W-A,0,0.29149148,0.305381715297699,0.9682539701461792,0.22217774391174316
YBR265W,YCL058C,0,0.29091898,0.3052861988544464,0.9682539701461792,0.22227782011032104
YGR109C,YLR312W-A,0,0.29089567,0.3051907420158386,0.9682539701461792,0.22237789630889893
YCR080W,YKL061W,0,0.290218,0.3050953447818756,0.9682539701461792,0.222477987408638
YDR016C,YIL010W,0,0.2901546,0.3050000071525574,0.9682539701461792,0.22257806360721588
YDR259C,YDR134C,0,0.28974405,0.3049047291278839,0.9682539701461792,0.22267813980579376
YGR031C-A,YPL151C,0,0.2895305,0.30480948090553284,0.9682539701461792,0.22277821600437164
YNL284C-B,YNR047W,0,0.2892901,0.3047143220901489,0.9682539701461792,0.22287830710411072
YAL053W,YML040W,0,0.28928116,0.3046192228794098,0.9682539701461792,0.2229783833026886
YAL053W,YOR032W-A,0,0.2891971,0.30452418327331543,0.9682539701461792,0.22307845950126648
YHR074W,YLR384C,0,0.28895992,0.30442920327186584,0.9682539701461792,0.22317853569984436
YER184C,YLL055W,0,0.28895685,0.30433428287506104,0.9682539701461792,0.22327862679958344
YNL301C,YNL190W,0,0.2884349,0.3042393922805786,0.9682539701461792,0.22337870299816132
YDR170W-A,YPL232W,0,0.2881181,0.30414459109306335,0.9682539701461792,0.2234787791967392
YNL008C,YLR154W-C,0,0.28800514,0.30404984951019287,0.9682539701461792,0.22357887029647827
YNL301C,YMR226C,0,0.28789338,0.30395516753196716,0.9682539701461792,0.22367894649505615
YDR079C-A,YPL066W,0,0.28758582,0.30386051535606384,0.9682539701461792,0.22377902269363403
YER010C,YFL043C,0,0.28718743,0.3037659525871277,0.9682539701461792,0.22387909889221191
YJL148W,YMR226C,0,0.2871043,0.3036714494228363,0.9682539701461792,0.223979189991951
YNR008W,YDR339C,0,0.286566,0.3035769760608673,0.9682539701461792,0.22407926619052887
YHL009W-B,YGR163W,0,0.28615674,0.3034825921058655,0.9682539701461792,0.22417934238910675
YGR086C,YML094W,0,0.28600824,0.30338823795318604,0.9682539701461792,0.22427941858768463
YDR210W-A,YCR105W,0,0.28591713,0.30329397320747375,0.9682539701461792,0.2243795096874237
YOR142W-A,YJL020C,0,0.28528264,0.30319973826408386,0.9682539701461792,0.2244795858860016
YER144C,YGL171W,0,0.28508392,0.30310559272766113,0.9682539701461792,0.22457966208457947
YJL172W,YMR009W,0,0.28414884,0.3030114769935608,0.9682539701461792,0.22467973828315735
YBL015W,YKL007W,0,0.28372803,0.3029174506664276,0.9682539701461792,0.22477982938289642
YBR196C-A,YKL074C,0,0.28362268,0.3028234541416168,0.9682539701461792,0.2248799055814743
YOR032W-A,YDR348C,0,0.28348166,0.3027295172214508,0.9682539701461792,0.22497998178005219
YMR189W,YHR178W,0,0.2822543,0.30263566970825195,0.9682539701461792,0.22508005797863007
YGL083W,YHR065C,0,0.28186786,0.3025418519973755,0.9682539701461792,0.22518014907836914
YDR098C-A,YBR251W,0,0.28145084,0.3024480938911438,0.9682539701461792,0.22528022527694702
YFL002W-A,YDR262W,0,0.28116715,0.3023543953895569,0.9682539701461792,0.2253803014755249
YBR126W-A,YFL009W,0,0.28109512,0.30226075649261475,0.9682539701461792,0.22548037767410278
YGR271W,YLR264W,1,0.28043786,0.30247679352760315,0.9692460298538208,0.22548037767410278
YBR065C,YCL048W-A,0,0.28018108,0.302383154630661,0.9692460298538208,0.22558046877384186
YMR032W,YLR154W-A,0,0.27942798,0.30228960514068604,0.9692460298538208,0.22568054497241974
YIL144W,YHL009W-B,0,0.27928314,0.30219611525535583,0.9692460298538208,0.22578062117099762
YJL145W,YNL090W,0,0.27926898,0.302102655172348,0.9692460298538208,0.2258806973695755
YGL039W,YPL243W,0,0.27885467,0.3020092844963074,0.9692460298538208,0.22598078846931458
YGR031C-A,YNR040W,0,0.27842027,0.3019159436225891,0.9692460298538208,0.22608086466789246
YKL061W,YGL225W,0,0.27834758,0.3018226623535156,0.9692460298538208,0.22618094086647034
YFR055W,YDL211C,0,0.27813992,0.3017294704914093,0.9692460298538208,0.2262810319662094
YLR154W-A,YPR079W,0,0.27741694,0.30163630843162537,0.9692460298538208,0.2263811081647873
YPL273W,YJL160C,0,0.27727106,0.3015432059764862,0.9692460298538208,0.22648118436336517
YNL200C,YER165W,0,0.27655587,0.3014501631259918,0.9692460298538208,0.22658126056194305
YDR210W-A,YHR067W,0,0.27640077,0.3013571798801422,0.9692460298538208,0.22668135166168213
YMR276W,YOR133W,0,0.27618062,0.3012642562389374,0.9692460298538208,0.22678142786026
YLR271W,YDR210W-A,0,0.27588305,0.3011713922023773,0.9692460298538208,0.2268815040588379
YLR265C,YDL171C,0,0.27572775,0.30107858777046204,0.9692460298538208,0.22698158025741577
YPL090C,YDR098C-A,0,0.27564463,0.30098584294319153,0.9692460298538208,0.22708167135715485
YML115C,YMR202W,0,0.2754336,0.3008931279182434,0.9692460298538208,0.22718174755573273
YHR005C,YGL245W,0,0.27513555,0.30080050230026245,0.9692460298538208,0.2272818237543106
YOR276W,YLL067C,0,0.27450028,0.3007079064846039,0.9692460298538208,0.2273818999528885
YNR045W,YGR031C-A,0,0.27379915,0.3006153702735901,0.9692460298538208,0.22748199105262756
YHR024C,YHL012W,0,0.27371058,0.30052292346954346,0.9692460298538208,0.22758206725120544
YBL072C,YGR043C,0,0.273514,0.3004305064678192,0.9692460298538208,0.22768214344978333
YLR008C,YGR163W,0,0.27226567,0.30033814907073975,0.9692460298538208,0.2277822196483612
YBL101W-A,YOR081C,0,0.27189812,0.30024585127830505,0.9692460298538208,0.22788231074810028
YIL144W,YLL018C-A,0,0.27184573,0.30015361309051514,0.9692460298538208,0.22798238694667816
YPL279C,YPL257W-A,0,0.27117264,0.30006143450737,0.9692460298538208,0.22808246314525604
YHR060W,YER177W,0,0.27003202,0.29996928572654724,0.9692460298538208,0.22818253934383392
YNL236W,YBL008W-A,0,0.26969218,0.29987722635269165,0.9692460298538208,0.228282630443573
YLR409C,YPL170W,0,0.26965076,0.29978519678115845,0.9692460298538208,0.22838270664215088
YJL136C,YCL001W-B,0,0.269294,0.2996932566165924,0.9692460298538208,0.22848278284072876
YDR303C,YIL156W-B,0,0.26860502,0.29960134625434875,0.9692460298538208,0.22858285903930664
YDL140C,YJL127C-A,0,0.26810607,0.2995094954967499,0.9692460298538208,0.22868295013904572
YCR087C-A,YMR247C,0,0.26673302,0.2994177043437958,0.9692460298538208,0.2287830263376236
YNL054W-B,YNL058C,0,0.26623526,0.29932597279548645,0.9692460298538208,0.22888310253620148
YOR056C,YDR056C,0,0.2661052,0.2992343008518219,0.9692460298538208,0.22898319363594055
YJR065C,YJR149W,0,0.2658338,0.2991426885128021,0.9692460298538208,0.22908326983451843
YDR450W,YOR152C,0,0.26572618,0.29905110597610474,0.9692460298538208,0.2291833460330963
YDR098C-A,YPR017C,0,0.26478913,0.2989596128463745,0.9692460298538208,0.2292834222316742
YIL046W,YHR066W,0,0.26473,0.2988681495189667,0.9692460298538208,0.22938351333141327
YBL071W-A,YJL148W,0,0.26401165,0.2987767457962036,0.9692460298538208,0.22948358952999115
YGL256W,YDR338C,0,0.26393467,0.2986854314804077,0.9692460298538208,0.22958366572856903
YKL200C,YMR226C,0,0.2632413,0.2985941171646118,0.9692460298538208,0.2296837419271469
YHR122W,YNL284C-B,0,0.26322642,0.2985028922557831,0.9692460298538208,0.229783833026886
YOR330C,YFL034W,0,0.26306728,0.2984117269515991,0.9692460298538208,0.22988390922546387
YHR033W,YKR081C,0,0.2624415,0.29832062125205994,0.9692460298538208,0.22998398542404175
YML040W,YNL271C,0,0.26229343,0.29822954535484314,0.9692460298538208,0.23008406162261963
YJL225C,YPL053C,0,0.26197207,0.2981385290622711,0.9692460298538208,0.2301841527223587
YJR101W,YMR184W,0,0.26190364,0.29804760217666626,0.9692460298538208,0.23028422892093658
YGR060W,YML040W,0,0.26139194,0.2979567050933838,0.9692460298538208,0.23038430511951447
YGR110W,YNL328C,0,0.2610854,0.2978658676147461,0.9692460298538208,0.23048438131809235
YOL092W,YOL038W,0,0.26100034,0.2977750599384308,0.9692460298538208,0.23058447241783142
YOR142W-B,YNL146W,0,0.26011524,0.29768434166908264,0.9692460298538208,0.2306845486164093
YPR137C-B,YBR018C,0,0.2598103,0.2975936532020569,0.9692460298538208,0.23078462481498718
YBR058C-A,YHR122W,0,0.25947547,0.2975030541419983,0.9692460298538208,0.23088470101356506
YDL160C-A,YLR099C,0,0.2588304,0.2974124848842621,0.9692460298538208,0.23098479211330414
YPR042C,YJR160C,0,0.25879094,0.29732197523117065,0.9692460298538208,0.23108486831188202
YKL200C,YPL191C,0,0.25871733,0.297231525182724,0.9692460298538208,0.2311849445104599
YJR007W,YNL058C,0,0.25859967,0.29714110493659973,0.9692460298538208,0.23128502070903778
YBL002W,YGR194C,0,0.25852656,0.2970507740974426,0.9692460298538208,0.23138511180877686
YHR029C,YKL200C,0,0.2575308,0.2969604730606079,0.9692460298538208,0.23148518800735474
YPR003C,YGR272C,0,0.25727737,0.29687026143074036,0.9692460298538208,0.23158526420593262
YMR059W,YGL082W,0,0.25712687,0.2967800796031952,0.9692460298538208,0.2316853553056717
YKL200C,YKR084C,0,0.257003,0.2966899573802948,0.9692460298538208,0.23178543150424957
YPR137C-B,YKL160W,0,0.25695857,0.2965998649597168,0.9692460298538208,0.23188550770282745
YER057C,YNL052W,0,0.25651088,0.29650986194610596,0.9692460298538208,0.23198558390140533
YDL119C,YLR154W-A,0,0.25624272,0.2964198887348175,0.9692460298538208,0.2320856750011444
YGL231C,YOR020W-A,0,0.2562268,0.2963300049304962,0.9692460298538208,0.2321857511997223
YCR071C,YDR033W,0,0.25604734,0.2962401509284973,0.9692460298538208,0.23228582739830017
YKR089C,YDR338C,0,0.25603873,0.2961503565311432,0.9692460298538208,0.23238590359687805
YOR206W,YDR210C-C,0,0.25566253,0.29606059193611145,0.9692460298538208,0.23248599469661713
YOR004W,YOR032W-A,0,0.25489473,0.2959709167480469,0.9692460298538208,0.232586070895195
YNR040W,YJL076W,0,0.25468525,0.2958812713623047,0.9692460298538208,0.2326861470937729
YMR300C,YBL003C,0,0.25450423,0.29579171538352966,0.9692460298538208,0.23278622329235077
YDR317W,YOR369C,0,0.2539774,0.295702189207077,0.9692460298538208,0.23288631439208984
YJR009C,YLR090W,0,0.25393814,0.29561272263526917,0.9692460298538208,0.23298639059066772
YGL226C-A,YDR098C-A,0,0.25318798,0.2955232858657837,0.9692460298538208,0.2330864667892456
YHL009W-B,YPL265W,0,0.25293013,0.2954339385032654,0.9692460298538208,0.2331865429878235
YJL084C,YNL054W-B,0,0.2529282,0.29534462094306946,0.9692460298538208,0.23328663408756256
YFL002W-A,YPR061C,0,0.25237253,0.2952553629875183,0.9692460298538208,0.23338671028614044
YDR485C,YDR418W,0,0.2518957,0.29516616463661194,0.9692460298538208,0.23348678648471832
YHR199C-A,YJR160C,0,0.25138167,0.29507702589035034,0.9692460298538208,0.2335868626832962
YDR080W,YNR004W,0,0.24984325,0.29498791694641113,0.9692460298538208,0.23368695378303528
YOL071W,YPL257W-A,0,0.24944739,0.2948988974094391,0.9692460298538208,0.23378702998161316
YMR113W,YPR190C,0,0.24938183,0.29480990767478943,0.9692460298538208,0.23388710618019104
YJL174W,YDR155C,0,0.2493264,0.29472097754478455,0.9692460298538208,0.23398718237876892
YDR119W,YLR223C,0,0.24926911,0.29463207721710205,0.9692460298538208,0.234087273478508
YOR142W-A,YIL172C,0,0.24823199,0.2945432662963867,0.9692460298538208,0.23418734967708588
YGR031C-A,YMR246W,0,0.2481759,0.2944544851779938,0.9692460298538208,0.23428742587566376
YIR005W,YLR102C,0,0.2477691,0.2943657636642456,0.9692460298538208,0.23438751697540283
YHR209W,YLR432W,0,0.24716453,0.2942771017551422,0.9692460298538208,0.2344875931739807
YHR046C,YLR099C,0,0.24692325,0.2941884994506836,0.9692460298538208,0.2345876693725586
YOR142W-A,YNL059C,0,0.24657218,0.29409992694854736,0.9692460298538208,0.23468774557113647
YER184C,YPR042C,0,0.2465146,0.2940114438533783,0.9692460298538208,0.23478783667087555
YKR075C,YIR013C,0,0.24620931,0.2939229905605316,0.9692460298538208,0.23488791286945343
YMR212C,YNR004W,0,0.24603508,0.2938345968723297,0.9692460298538208,0.2349879890680313
YLL003W,YDR450W,0,0.2453845,0.2937462329864502,0.9692460298538208,0.2350880652666092
YBL067C,YJL130C,0,0.2450913,0.29365795850753784,0.9692460298538208,0.23518815636634827
YBR059C,YMR251W-A,0,0.24476956,0.2935697138309479,0.9692460298538208,0.23528823256492615
YDR478W,YOL141W,0,0.24436136,0.2934815287590027,0.9692460298538208,0.23538830876350403
YOR251C,YNR043W,0,0.24433778,0.29339340329170227,0.9692460298538208,0.2354883849620819
YDR098C-A,YDL245C,0,0.244285,0.29330530762672424,0.9692460298538208,0.23558847606182098
YDR128W,YPL257W-A,0,0.24417548,0.2932173013687134,0.9692460298538208,0.23568855226039886
YDR210W-A,YLR328W,0,0.2439364,0.2931293249130249,0.9692460298538208,0.23578862845897675
YBL004W,YPR151C,0,0.24382798,0.2930413782596588,0.9692460298538208,0.23588870465755463
YPR149W,YDR170W-A,0,0.24361302,0.2929535210132599,0.9692460298538208,0.2359887957572937
YKL143W,YNL284C-B,0,0.24303262,0.29286569356918335,0.9692460298538208,0.23608887195587158
YKR075C,YOR056C,0,0.24272369,0.292777955532074,0.9692460298538208,0.23618894815444946
YBR196C-A,YCR009C,0,0.2421876,0.292690247297287,0.9692460298538208,0.23628902435302734
YDR228C,YER058W,0,0.24197821,0.2926025688648224,0.9692460298538208,0.23638911545276642
YJL221C,YPL257W-A,0,0.24149945,0.29251497983932495,0.9692460298538208,0.2364891916513443
YBR126W-A,YMR296C,0,0.24120586,0.2924274206161499,0.9692460298538208,0.23658926784992218
YER126C,YER114C,0,0.24113382,0.29233992099761963,0.9692460298538208,0.23668934404850006
YNL026W,YDR508C,0,0.24111499,0.29225248098373413,0.9692460298538208,0.23678943514823914
YDR210C-C,YJL020C,0,0.24079576,0.292165070772171,0.9692460298538208,0.23688951134681702
YBL101W-A,YDR160W,0,0.24076615,0.2920777201652527,0.9692460298538208,0.2369895875453949
YLR053C,YGR243W,0,0.24064557,0.2919904291629791,0.9692460298538208,0.23708967864513397
YLR292C,YDR098C-A,0,0.24051121,0.29190319776535034,0.9692460298538208,0.23718975484371185
YBR073W,YNR071C,0,0.24025452,0.29181599617004395,0.9692460298538208,0.23728983104228973
YPL275W,YMR024W,0,0.23868991,0.2917288839817047,0.9692460298538208,0.23738990724086761
YCR080W,YNL242W,0,0.23769408,0.29164180159568787,0.9692460298538208,0.2374899983406067
YOR393W,YCL012W,0,0.23732327,0.2915547490119934,0.9692460298538208,0.23759007453918457
YLR446W,YOR372C,0,0.23726654,0.2914677858352661,0.9692460298538208,0.23769015073776245
YLR188W,YOR133W,0,0.23721379,0.2913808524608612,0.9692460298538208,0.23779022693634033
YGR109W-A,YHR076W,0,0.23602241,0.2912939786911011,0.9692460298538208,0.2378903180360794
YAL053W,YBL002W,0,0.2359321,0.2912071645259857,0.9692460298538208,0.2379903942346573
YDL199C,YDR338C,0,0.23535497,0.29112038016319275,0.9692460298538208,0.23809047043323517
YOR104W,YCL048W-A,0,0.23530902,0.29103365540504456,0.9692460298538208,0.23819054663181305
YOR157C,YNL058C,0,0.23512049,0.29094699025154114,0.9692460298538208,0.23829063773155212
YCR044C,YOR020W-A,0,0.23492302,0.2908603847026825,0.9692460298538208,0.23839071393013
YMR295C,YHL003C,0,0.23437397,0.29077380895614624,0.9692460298538208,0.23849079012870789
YLL012W,YKL065W-A,0,0.23421608,0.29068729281425476,0.9692460298538208,0.23859086632728577
YER032W,YHR122W,0,0.23370512,0.29060083627700806,0.9692460298538208,0.23869095742702484
YDL220C,YMR074C,0,0.23350395,0.29051440954208374,0.9692460298538208,0.23879103362560272
YCR080W,YEL011W,0,0.23293881,0.2904280722141266,0.9692460298538208,0.2388911098241806
YOL056W,YHR147C,0,0.23250465,0.2903417646884918,0.9692460298538208,0.23899118602275848
YLR100W,YJR063W,0,0.2324722,0.29025548696517944,0.9692460298538208,0.23909127712249756
YGR124W,YKR049C,0,0.2324241,0.29016929864883423,0.9692460298538208,0.23919135332107544
YML094W,YOR026W,0,0.2322036,0.2900831401348114,0.9692460298538208,0.23929142951965332
YCL001W-B,YKL171W,0,0.2321422,0.28999704122543335,0.9692460298538208,0.2393915206193924
YJL096W,YOR320C,0,0.23183067,0.2899109721183777,0.9692460298538208,0.23949159681797028
YDR365C,YPL257W-A,0,0.23164786,0.2898249924182892,0.9692460298538208,0.23959167301654816
YLR057W,YPL259C,0,0.23137163,0.2897390127182007,0.9692460298538208,0.23969174921512604
YPR189W,YDL160C-A,0,0.23132513,0.28965312242507935,0.9692460298538208,0.2397918403148651
YPR139C,YDR354W,0,0.23131992,0.2895672917366028,0.9692460298538208,0.239891916513443
YPR156C,YML106W,0,0.23072726,0.2894814908504486,0.9692460298538208,0.23999199271202087
YJL080C,YNL102W,0,0.23070528,0.2893957197666168,0.9692460298538208,0.24009206891059875
YDL122W,YPL219W,0,0.23027423,0.2893100380897522,0.9692460298538208,0.24019216001033783
YPR192W,YCR007C,0,0.23021209,0.28922438621520996,0.9692460298538208,0.2402922362089157
YDR210C-C,YDL194W,0,0.22965293,0.2891387939453125,0.9692460298538208,0.2403923124074936
YPL042C,YLR206W,0,0.22954996,0.2890532612800598,0.9692460298538208,0.24049238860607147
YNL019C,YOL032W,0,0.22934693,0.2889677584171295,0.9692460298538208,0.24059247970581055
YOR262W,YHR150W,0,0.22910869,0.288882315158844,0.9692460298538208,0.24069255590438843
YEL032W,YGL070C,0,0.22891673,0.28879693150520325,0.9692460298538208,0.2407926321029663
YOR330C,YBL008W-A,0,0.22884482,0.2887115776538849,0.9692460298538208,0.2408927083015442
YGR109C,YBR220C,0,0.22860722,0.2886262834072113,0.9692460298538208,0.24099279940128326
YPR137C-B,YBR260C,0,0.22847874,0.2885410487651825,0.9692460298538208,0.24109287559986115
YGR271W,YPL257W-A,0,0.22840248,0.28845587372779846,0.9692460298538208,0.24119295179843903
YFR055W,YLR446W,0,0.22785299,0.2883707284927368,0.9692460298538208,0.2412930279970169
YMR088C,YOR369C,0,0.22757752,0.28828564286231995,0.9692460298538208,0.24139311909675598
YEL069C,YPR063C,0,0.22718638,0.28820058703422546,0.9692460298538208,0.24149319529533386
YMR295C,YNR072W,0,0.22693177,0.28811559081077576,0.9692460298538208,0.24159327149391174
YNL157W,YLR133W,0,0.22562669,0.2880306541919708,0.9692460298538208,0.24169334769248962
YIL016W,YMR009W,0,0.2255126,0.28794577717781067,0.9692460298538208,0.2417934387922287
YML115C,YOR355W,0,0.2254576,0.2878609299659729,0.9692460298538208,0.24189351499080658
YOR142W-B,YMR237W,0,0.22501583,0.2877761423587799,0.9692460298538208,0.24199359118938446
YCR029C-A,YGL206C,0,0.22475483,0.2876914143562317,0.9692460298538208,0.24209368228912354
YHR044C,YCL001W-B,0,0.22380516,0.28760671615600586,0.9692460298538208,0.24219375848770142
YDL051W,YFR043C,0,0.22252008,0.2875220775604248,0.9692460298538208,0.2422938346862793
YDL171C,YAR042W,0,0.22218852,0.28743746876716614,0.9692460298538208,0.24239391088485718
YDL161W,YGR230W,0,0.22183849,0.28735294938087463,0.9692460298538208,0.24249400198459625
YHR046C,YCR079W,0,0.22146918,0.2872684597969055,0.9692460298538208,0.24259407818317413
YDL122W,YLR053C,0,0.22076485,0.2871840000152588,0.9692460298538208,0.24269415438175201
YGL076C,YBR186W,0,0.2206326,0.2870996296405792,0.9692460298538208,0.2427942305803299
YBR006W,YHR062C,0,0.22055122,0.28701528906822205,0.9692460298538208,0.24289432168006897
YNL284C-B,YDR238C,0,0.21917501,0.28693097829818726,0.9692460298538208,0.24299439787864685
YHL009W-B,YIL061C,0,0.21859662,0.28684672713279724,0.9692460298538208,0.24309447407722473
YLR185W,YBR131W,0,0.21822964,0.286762535572052,0.9692460298538208,0.2431945502758026
YLL049W,YHR172W,0,0.21756685,0.28667840361595154,0.9692460298538208,0.2432946413755417
YNL157W,YOL117W,0,0.21751504,0.28659430146217346,0.9692460298538208,0.24339471757411957
YBL005W-A,YGL139W,0,0.2166542,0.28651025891304016,0.9692460298538208,0.24349479377269745
YKL152C,YNR028W,0,0.21655087,0.28642627596855164,0.9692460298538208,0.24359486997127533
YOR142W-A,YHR091C,0,0.21639027,0.2863423228263855,0.9692460298538208,0.2436949610710144
YOR142W-A,YBR187W,0,0.21618964,0.28625842928886414,0.9692460298538208,0.24379503726959229
YCR097WB,YDL093W,0,0.21479176,0.28617456555366516,0.9692460298538208,0.24389511346817017
YLR350W,YPL257W-A,0,0.21424411,0.28609076142311096,0.9692460298538208,0.24399518966674805
YGL200C,YLR033W,0,0.21385534,0.28600701689720154,0.9692460298538208,0.24409528076648712
YJR061W,YGL139W,0,0.21377401,0.2859233319759369,0.9692460298538208,0.244195356965065
YDR098C-A,YNL242W,0,0.21372972,0.28583967685699463,0.9692460298538208,0.24429543316364288
YDR429C,YHR074W,0,0.21366037,0.28575608134269714,0.9692460298538208,0.24439550936222076
YNL284C-B,YPR168W,0,0.21355939,0.28567251563072205,0.9692460298538208,0.24449560046195984
YBR265W,YMR235C,0,0.21321574,0.2855890095233917,0.9692460298538208,0.24459567666053772
YER181C,YCR046C,0,0.21162257,0.2855055630207062,0.9692460298538208,0.2446957528591156
YKL029C,YMR247C,0,0.21147344,0.285422146320343,0.9692460298538208,0.24479584395885468
YOL156W,YKR095W-A,0,0.210983,0.28533878922462463,0.9692460298538208,0.24489592015743256
YMR131C,YPR151C,0,0.21066678,0.28525546193122864,0.9692460298538208,0.24499599635601044
YGR109C,YGL200C,0,0.21017623,0.2851722240447998,0.9692460298538208,0.24509607255458832
YNL301C,YKR001C,0,0.21013185,0.28508898615837097,0.9692460298538208,0.2451961636543274
YKL069W,YOR020W-A,0,0.21006556,0.2850058376789093,0.9692460298538208,0.24529623985290527
YCR030C,YPL257W-A,0,0.20943376,0.28492271900177,0.9692460298538208,0.24539631605148315
YPL045W,YCL001W-B,0,0.20893,0.2848396599292755,0.9692460298538208,0.24549639225006104
YDR034W-B,YCL018W,0,0.20739311,0.2847566306591034,0.9692460298538208,0.2455964833498001
YGR134W,YDR210W-A,0,0.20738019,0.28467366099357605,0.9692460298538208,0.245696559548378
YNL162W,YDR536W,0,0.20713483,0.2845907509326935,0.9692460298538208,0.24579663574695587
YBR123C,YOL092W,0,0.20576923,0.2845078706741333,0.9692460298538208,0.24589671194553375
YDR098C-A,YBR186W,0,0.20563893,0.2844250500202179,0.9692460298538208,0.24599680304527283
YKL152C,YBL016W,0,0.20538744,0.2843422591686249,0.9692460298538208,0.2460968792438507
YBL004W,YLR115W,0,0.20534007,0.28425952792167664,0.9692460298538208,0.2461969554424286
YDR077W,YLR357W,0,0.20532034,0.28417685627937317,0.9692460298538208,0.24629703164100647
YFR002W,YCL050C,0,0.20526992,0.2840942144393921,0.9692460298538208,0.24639712274074554
YER184C,YGR024C,0,0.20522931,0.2840116322040558,0.9692460298538208,0.24649719893932343
YDR303C,YGL200C,0,0.2036521,0.28392907977104187,0.9692460298538208,0.2465972751379013
YKL029C,YBL066C,0,0.20343558,0.28384658694267273,0.9692460298538208,0.2466973513364792
YBR265W,YHR147C,0,0.20259471,0.28376415371894836,0.9692460298538208,0.24679744243621826
YGL039W,YDR119W,0,0.20227405,0.2836817800998688,0.9692460298538208,0.24689751863479614
YHR146W,YGL041C-B,0,0.20224641,0.2835994064807892,0.9692460298538208,0.24699759483337402
YLR154W-A,YAR014C,0,0.2016509,0.28351712226867676,0.9692460298538208,0.2470976710319519
YHR199C,YOR133W,0,0.20109154,0.2834348678588867,0.9692460298538208,0.24719776213169098
YEL040W,YHR164C,0,0.20087402,0.28335267305374146,0.9692460298538208,0.24729783833026886
YGL005C,YMR079W,0,0.20070216,0.2832705080509186,0.9692460298538208,0.24739791452884674
YDR079C-A,YNL295W,0,0.19998212,0.2831884026527405,0.9692460298538208,0.24749800562858582
YLR449W,YGR031C-A,0,0.19997753,0.28310635685920715,0.9692460298538208,0.2475980818271637
YNL054W-B,YJR061W,0,0.19992039,0.2830243408679962,0.9692460298538208,0.24769815802574158
YML028W,YGR031C-A,0,0.19986154,0.28294235467910767,0.9692460298538208,0.24779823422431946
YBR175W,YCL048W-A,0,0.19976582,0.2828604578971863,0.9692460298538208,0.24789832532405853
YPR192W,YJR065C,0,0.19925033,0.2827785909175873,0.9692460298538208,0.2479984015226364
YGL022W,YGL253W,0,0.19910873,0.28269675374031067,0.9692460298538208,0.2480984777212143
YDR034W-B,YNR041C,0,0.19851202,0.28261497616767883,0.9692460298538208,0.24819855391979218
YKR080W,YPL257W-A,0,0.19812645,0.2825332581996918,0.9692460298538208,0.24829864501953125
YBR126W-A,YDL184C,0,0.19801341,0.2824515700340271,0.9692460298538208,0.24839872121810913
YJL160C,YKL007W,0,0.1958788,0.2823699414730072,0.9692460298538208,0.248498797416687
YPL271W,YNR041C,0,0.1957307,0.2822883427143097,0.9692460298538208,0.2485988736152649
YOR142W-A,YIL159W,0,0.19569106,0.28220680356025696,0.9692460298538208,0.24869896471500397
YCL037C,YLR369W,0,0.19498542,0.282125324010849,0.9692460298538208,0.24879904091358185
YJL055W,YGL171W,0,0.19487084,0.2820438742637634,0.9692460298538208,0.24889911711215973
YNL231C,YNR008W,0,0.1947521,0.28196248412132263,0.9692460298538208,0.2489991933107376
YNL169C,YLR350W,0,0.19438027,0.2818811237812042,0.9692460298538208,0.24909928441047668
YJL090C,YBR172C,0,0.19390085,0.2817998230457306,0.9692460298538208,0.24919936060905457
YLR314C,YMR243C,0,0.19284503,0.28171858191490173,0.9692460298538208,0.24929943680763245
YDR137W,YDR066C,0,0.19270392,0.28163737058639526,0.9692460298538208,0.24939951300621033
YLR241W,YIL107C,0,0.19123532,0.2815561890602112,0.9692460298538208,0.2494996041059494
YKL056C,YDR210W-A,0,0.18996014,0.2814750671386719,0.9692460298538208,0.24959968030452728
YLR020C,YGL041C-B,0,0.18927549,0.28139400482177734,0.9692460298538208,0.24969975650310516
YGR124W,YGR031C-A,0,0.18890686,0.2813129723072052,0.9692460298538208,0.24979983270168304
YAR033W,YHR196W,0,0.18870305,0.28123199939727783,0.9692460298538208,0.24989992380142212
YGR063C,YGL032C,0,0.18861005,0.28115108609199524,0.9692460298538208,0.25
YOR142W-A,YFL059W,0,0.18850315,0.28107020258903503,0.9692460298538208,0.2501000761985779
YCR044C,YJR061W,0,0.18807521,0.2809893488883972,0.9692460298538208,0.25020015239715576
YOR290C,YOR032W-A,0,0.18768094,0.2809085547924042,0.9692460298538208,0.25030022859573364
YBR073W,YGL157W,0,0.18637522,0.2808278203010559,0.9692460298538208,0.2504003345966339
YNL053W,YBR251W,0,0.18559763,0.28074711561203003,0.9692460298538208,0.2505004107952118
YPL152W,YPL257W-A,0,0.18531804,0.2806664705276489,0.9692460298538208,0.2506004869937897
YNL136W,YGR031C-A,0,0.18526131,0.2805858850479126,0.9692460298538208,0.25070056319236755
YLR271W,YJL065C,0,0.18456607,0.28050529956817627,0.9692460298538208,0.25080063939094543
YML040W,YML052W,0,0.1841083,0.2804248034954071,0.9692460298538208,0.2509007155895233
YLR265C,YDL140C,0,0.18194734,0.2803443372249603,0.9692460298538208,0.2510007917881012
YDL113C,YER138C,0,0.18194573,0.28026390075683594,0.9692460298538208,0.2511008679866791
YIL171W,YGR090W,0,0.18171766,0.2801835536956787,0.9692460298538208,0.25120097398757935
YMR129W,YBL101W-A,0,0.18116395,0.2801032066345215,0.9692460298538208,0.2513010501861572
YDR166C,YDR056C,0,0.18006624,0.28002291917800903,0.9692460298538208,0.2514011263847351
YPR137C-B,YOR188W,0,0.1791427,0.27994269132614136,0.9692460298538208,0.251501202583313
YOR005C,YBL008W-A,0,0.17869656,0.27986249327659607,0.9692460298538208,0.25160127878189087
YOR142W-B,YKL137W,0,0.17794052,0.27978235483169556,0.9692460298538208,0.25170135498046875
YER165W,YML068W,0,0.17718288,0.2797022759914398,0.9692460298538208,0.25180143117904663
YHR209W,YGL157W,0,0.1763692,0.2796221971511841,0.9692460298538208,0.2519015073776245
YIR036C,YLR345W,0,0.17632715,0.2795422077178955,0.9692460298538208,0.2520016133785248
YDR322W,YLR039C,0,0.17549539,0.2794622480869293,0.9692460298538208,0.25210168957710266
YBR196C-A,YIL023C,0,0.17389737,0.2793823182582855,0.9692460298538208,0.25220176577568054
YNR026C,YOR251C,0,0.173878,0.2793024480342865,0.9692460298538208,0.2523018419742584
YMR246W,YPR061C,0,0.1737928,0.27922263741493225,0.9692460298538208,0.2524019181728363
YFR049W,YLR154W-A,0,0.17355652,0.2791428565979004,0.9692460298538208,0.2525019943714142
YGR187C,YNL030W,0,0.17348628,0.2790631353855133,0.9692460298538208,0.25260207056999207
YLR357W,YKL137W,0,0.17317349,0.2789834439754486,0.9692460298538208,0.25270217657089233
YPR139C,YBR196C-A,0,0.1726393,0.2789037823677063,0.9692460298538208,0.2528022527694702
YOR133W,YDR033W,0,0.17255439,0.27882421016693115,0.9692460298538208,0.2529023289680481
YOR233W,YNL152W,0,0.17240377,0.278744637966156,0.9692460298538208,0.253002405166626
YNL009W,YLR449W,0,0.17239831,0.278665155172348,0.9692460298538208,0.25310248136520386
YGR239C,YAR014C,0,0.17235716,0.27858567237854004,0.9692460298538208,0.25320255756378174
YLR314C,YDR023W,0,0.17174168,0.2785062789916992,0.9692460298538208,0.2533026337623596
YBR092C,YOR255W,0,0.17134452,0.2784269154071808,0.9692460298538208,0.2534027099609375
YNL146W,YDR387C,0,0.17131305,0.27834758162498474,0.9692460298538208,0.25350281596183777
YOR381W,YGL030W,0,0.16961417,0.27826830744743347,0.9692460298538208,0.25360289216041565
YER177W,YPL199C,0,0.16857179,0.2781890630722046,0.9692460298538208,0.25370296835899353
YFR002W,YAL044C,0,0.1684131,0.2781098783016205,0.9692460298538208,0.2538030445575714
YJL008C,YFL052W,0,0.16806327,0.27803072333335876,0.9692460298538208,0.2539031207561493
YDR077W,YOR216C,0,0.16747108,0.2779516279697418,0.9692460298538208,0.2540031969547272
YHR035W,YMR246W,0,0.16746113,0.27787259221076965,0.9692460298538208,0.25410327315330505
YDR123C,YER107C,0,0.16745335,0.2777935862541199,0.9692460298538208,0.25420334935188293
YHR196W,YDR519W,0,0.16744435,0.2777146100997925,0.9692460298538208,0.2543034553527832
YBR126W-A,YBR127C,0,0.16727212,0.27763569355010986,0.9692460298538208,0.2544035315513611
YKL035W,YOL038W,0,0.16710584,0.27755680680274963,0.9692460298538208,0.25450360774993896
YDR444W,YJL076W,0,0.16669409,0.2774779796600342,0.9692460298538208,0.25460368394851685
YAL044C,YCR071C,0,0.16661026,0.2773992121219635,0.9692460298538208,0.2547037601470947
YLR449W,YFL030W,0,0.16657494,0.2773204743862152,0.9692460298538208,0.2548038363456726
YHR101C,YMR202W,0,0.1664638,0.2772417664527893,0.9692460298538208,0.2549039125442505
YFR031C,YGR272C,0,0.16617031,0.2771631181240082,0.9692460298538208,0.25500398874282837
YKL114C,YDR098C-A,0,0.16593052,0.2770845293998718,0.9692460298538208,0.25510409474372864
YCL037C,YFL002W-A,0,0.165642,0.2770059406757355,0.9692460298538208,0.2552041709423065
YOR330C,YFL043C,0,0.16498578,0.2769274413585663,0.9692460298538208,0.2553042471408844
YDR477W,YHR065C,0,0.16493648,0.2768489718437195,0.9692460298538208,0.2554043233394623
YMR156C,YOL006C,0,0.16427498,0.27677053213119507,0.9692460298538208,0.25550439953804016
YBR126W-A,YPL045W,0,0.16351558,0.27669215202331543,0.9692460298538208,0.25560447573661804
YMR314W,YBR096W,0,0.16258489,0.2766138017177582,0.9692460298538208,0.2557045519351959
YPR137C-B,YJL155C,0,0.16232708,0.2765355110168457,0.9692460298538208,0.2558046579360962
YMR186W,YKL164C,0,0.1615814,0.276457279920578,0.9692460298538208,0.2559047341346741
YLR240W,YDL060W,0,0.16124766,0.2763790786266327,0.9692460298538208,0.25600481033325195
YOL107W,YJL225C,0,0.16089463,0.27630090713500977,0.9692460298538208,0.25610488653182983
YHL021C,YIL156W-B,0,0.16018766,0.2762227952480316,0.9692460298538208,0.2562049627304077
YDR540C,YNL054W-B,0,0.16001597,0.27614471316337585,0.9692460298538208,0.2563050389289856
YJL094C,YGL171W,0,0.15922754,0.27606669068336487,0.9692460298538208,0.2564051151275635
YCR097WB,YJL127C-A,0,0.15911177,0.27598869800567627,0.9692460298538208,0.25650519132614136
YBR235W,YMR184W,0,0.15873228,0.27591076493263245,0.9692460298538208,0.2566052973270416
YLR440C,YGL139W,0,0.15850468,0.275832861661911,0.9692460298538208,0.2567053735256195
YJR042W,YHR143W-A,0,0.15845026,0.27575501799583435,0.9692460298538208,0.2568054497241974
YJR094W-A,YDR076W,0,0.1583063,0.2756772041320801,0.9692460298538208,0.25690552592277527
YHL025W,YKL065W-A,0,0.15756129,0.2755994498729706,0.9692460298538208,0.25700560212135315
YAL039C,YJR141W,0,0.157483,0.27552172541618347,0.9692460298538208,0.25710567831993103
YLL009C,YOR142W-A,0,0.15720761,0.27544403076171875,0.9692460298538208,0.2572057545185089
YHL031C,YBL015W,0,0.15719305,0.2753663957118988,0.9692460298538208,0.2573058307170868
YLR353W,YDR170W-A,0,0.15625207,0.27528882026672363,0.9692460298538208,0.25740593671798706
YKL120W,YHR150W,0,0.15574522,0.27521127462387085,0.9692460298538208,0.25750601291656494
YBR196C-A,YGL254W,0,0.15573253,0.27513375878334045,0.9692460298538208,0.2576060891151428
YDL148C,YKR014C,0,0.15565364,0.27505630254745483,0.9692460298538208,0.2577061653137207
YPR137C-B,YOR322C,0,0.1552742,0.274978905916214,0.9692460298538208,0.2578062415122986
YNL200C,YNL053W,0,0.15456323,0.27490150928497314,0.9692460298538208,0.25790631771087646
YDL027C,YIL098C,0,0.15411773,0.27482420206069946,0.9692460298538208,0.25800639390945435
YMR295C,YKR065C,0,0.15395956,0.2747468948364258,0.9692460298538208,0.2581064999103546
YDL136W,YPL119C,1,0.15375389,0.2749508023262024,0.9702380895614624,0.2581064999103546
YCR044C,YOR142W-A,0,0.15214227,0.2748735249042511,0.9702380895614624,0.2582065761089325
YDR259C,YPL275W,0,0.15165426,0.2747962772846222,0.9702380895614624,0.2583066523075104
YMR001C,YPL009C,0,0.15055291,0.27471908926963806,0.9702380895614624,0.25840672850608826
YHR042W,YNR004W,0,0.15050949,0.2746419608592987,0.9702380895614624,0.25850680470466614
YGL005C,YER074W-A,0,0.14919569,0.27456486225128174,0.9702380895614624,0.258606880903244
YCR017C,YOL053C-A,0,0.14884542,0.27448779344558716,0.9702380895614624,0.2587069571018219
YKR091W,YLR345W,0,0.14843966,0.27441078424453735,0.9702380895614624,0.2588070333003998
YDR381C-A,YDR461W,0,0.14806049,0.27433380484580994,0.9702380895614624,0.25890713930130005
YJL037W,YGL099W,0,0.14738776,0.2742568850517273,0.9702380895614624,0.25900721549987793
YBR034C,YBR186W,0,0.14733489,0.27417999505996704,0.9702380895614624,0.2591072916984558
YJL127C-A,YDR214W,0,0.14726616,0.2741031348705292,0.9702380895614624,0.2592073678970337
YER157W,YBL008W-A,0,0.14686997,0.2740263342857361,0.9702380895614624,0.2593074440956116
YDR119W,YIL044C,0,0.14626373,0.27394959330558777,0.9702380895614624,0.25940752029418945
YKL029C,YJL209W,0,0.14621358,0.27387285232543945,0.9702380895614624,0.25950759649276733
YLR453C,YOR032W-A,0,0.1460442,0.2737962007522583,0.9702380895614624,0.2596076726913452
YKR049C,YJL084C,0,0.14592727,0.27371954917907715,0.9702380895614624,0.2597077786922455
YPR137C-B,YDR429C,0,0.1453779,0.27364298701286316,0.9702380895614624,0.25980785489082336
YOR372C,YPR063C,0,0.14500178,0.27356642484664917,0.9702380895614624,0.25990793108940125
YHR005C,YLR154W-C,0,0.14412071,0.27348992228507996,0.9702380895614624,0.2600080072879791
YDR418W,YHR033W,0,0.14374086,0.2734134793281555,0.9702380895614624,0.260108083486557
YDR210C-C,YLR241W,0,0.14335002,0.27333706617355347,0.9702380895614624,0.2602081596851349
YOL107W,YLR133W,0,0.14322014,0.2732606828212738,0.9702380895614624,0.26030823588371277
YDR098C-A,YGR134W,0,0.14259653,0.2731843590736389,0.9702380895614624,0.26040831208229065
YOR152C,YLR185W,0,0.14174895,0.2731080651283264,0.9702380895614624,0.2605084180831909
YOR262W,YPL082C,0,0.14024301,0.2730318307876587,0.9702380895614624,0.2606084942817688
YKR001C,YIR013C,0,0.13897224,0.27295562624931335,0.9702380895614624,0.2607085704803467
YDR429C,YGR086C,0,0.1389267,0.2728794515132904,0.9702380895614624,0.26080864667892456
YFL042C,YDR210C-C,0,0.13849665,0.27280333638191223,0.9702380895614624,0.26090872287750244
YNL005C,YDR210C-C,0,0.13774933,0.27272728085517883,0.9702380895614624,0.2610087990760803
YNL052W,YKR078W,0,0.13735224,0.2726512551307678,0.9702380895614624,0.2611088752746582
YEL060C,YML094W,0,0.13680692,0.2725752592086792,0.9702380895614624,0.26120898127555847
YMR183C,YLR216C,0,0.1364252,0.27249929308891296,0.9702380895614624,0.26130905747413635
YBR276C,YDR023W,0,0.1362306,0.2724233865737915,0.9702380895614624,0.26140913367271423
YCR017C,YDR063W,0,0.13520707,0.2723475396633148,0.9702380895614624,0.2615092098712921
YOR382W,YGR188C,0,0.13347901,0.2722717225551605,0.9702380895614624,0.26160928606987
YLR403W,YDR170W-A,0,0.13320878,0.2721959352493286,0.9702380895614624,0.2617093622684479
YNL315C,YCL050C,0,0.1321298,0.2721202075481415,0.9702380895614624,0.26180943846702576
YDR436W,YFL052W,0,0.13170911,0.27204450964927673,0.9702380895614624,0.26190951466560364
YKL120W,YDR367W,0,0.13164034,0.2719688415527344,0.9702380895614624,0.2620096206665039
YLR110C,YNL128W,0,0.13133095,0.2718932330608368,0.9702380895614624,0.2621096968650818
YDR034W-B,YBL008W-A,0,0.13086188,0.271817684173584,0.9702380895614624,0.26220977306365967
YMR295C,YHL012W,0,0.13050456,0.27174216508865356,0.9702380895614624,0.26230984926223755
YKL171W,YOR337W,0,0.12973534,0.27166667580604553,0.9702380895614624,0.26240992546081543
YER058W,YJL102W,0,0.12941472,0.2715912163257599,0.9702380895614624,0.2625100016593933
YER157W,YER165W,0,0.12859336,0.271515816450119,0.9702380895614624,0.2626100778579712
YDL122W,YBR196C-A,0,0.12811601,0.2714404761791229,0.9702380895614624,0.2627101540565491
YKR049C,YNL040W,0,0.12787001,0.27136513590812683,0.9702380895614624,0.26281026005744934
YMR009W,YLR345W,0,0.12784241,0.2712898850440979,0.9702380895614624,0.2629103362560272
YJL037W,YLR223C,0,0.12773623,0.27121463418006897,0.9702380895614624,0.2630104124546051
YPR115W,YDL245C,0,0.12722886,0.2711394429206848,0.9702380895614624,0.263110488653183
YBR096W,YPL257W-A,0,0.12682024,0.27106431126594543,0.9702380895614624,0.26321056485176086
YPL085W,YKL065W-A,0,0.12667276,0.27098917961120605,0.9702380895614624,0.26331064105033875
YGR125W,YKR089C,0,0.12616892,0.27091413736343384,0.9702380895614624,0.2634107172489166
YBR233W-A,YFR049W,0,0.12498686,0.2708390951156616,0.9702380895614624,0.2635108232498169
YJL146W,YML011C,0,0.124713406,0.2707641124725342,0.9702380895614624,0.2636108994483948
YGR138C,YBL072C,0,0.12458518,0.2706891894340515,0.9702380895614624,0.26371097564697266
YJL165C,YDR317W,0,0.12445544,0.27061426639556885,0.9702380895614624,0.26381105184555054
YDR478W,YHL009W-B,0,0.12371299,0.27053943276405334,0.9702380895614624,0.2639111280441284
YPL092W,YER076C,0,0.12241392,0.27046459913253784,0.9702380895614624,0.2640112042427063
YNL284C-B,YDR128W,0,0.121993706,0.2703898251056671,0.9702380895614624,0.2641112804412842
YKR023W,YBL008W-A,0,0.12198557,0.2703150808811188,0.9702380895614624,0.26421135663986206
YNL169C,YMR024W,0,0.12168665,0.2702403962612152,0.9702380895614624,0.26431146264076233
YER124C,YHR178W,0,0.12131445,0.27016574144363403,0.9702380895614624,0.2644115388393402
YBR108W,YER035W,0,0.12129931,0.27009114623069763,0.9702380895614624,0.2645116150379181
YJL047C,YDR210W-A,0,0.12087096,0.27001655101776123,0.9702380895614624,0.26461169123649597
YNL284C-B,YDR028C,0,0.1204309,0.269942045211792,0.9702380895614624,0.26471176743507385
YHL018W,YLR102C,0,0.11996311,0.26986753940582275,0.9702380895614624,0.26481184363365173
YDR508C,YCL048W-A,0,0.11994229,0.2697930932044983,0.9702380895614624,0.2649119198322296
YPL098C,YER004W,0,0.119633004,0.2697187066078186,0.9702380895614624,0.2650119960308075
YML050W,YKR078W,0,0.11953834,0.2696443200111389,0.9702380895614624,0.26511210203170776
YKL124W,YBR126W-A,0,0.11931895,0.2695700228214264,0.9702380895614624,0.26521217823028564
YKL164C,YJR160C,0,0.119241655,0.26949572563171387,0.9702380895614624,0.2653122544288635
YKR072C,YPL111W,0,0.119191974,0.2694214880466461,0.9702380895614624,0.2654123306274414
YPR052C,YOL022C,0,0.119039744,0.26934728026390076,0.9702380895614624,0.2655124068260193
YNR008W,YCL048W-A,0,0.118084386,0.26927313208580017,0.9702380895614624,0.26561248302459717
YJR113C,YDL132W,0,0.11781096,0.269199013710022,0.9702380895614624,0.26571255922317505
YML042W,YGL246C,0,0.117259875,0.26912492513656616,0.9702380895614624,0.26581263542175293
YIR002C,YDR170W-A,0,0.117197044,0.2690508961677551,0.9702380895614624,0.2659127414226532
YBL067C,YOR020W-A,0,0.11647862,0.2689768970012665,0.9702380895614624,0.2660128176212311
YCL048W-A,YCL063W,0,0.11617693,0.2689029276371002,0.9702380895614624,0.26611289381980896
YGL144C,YDR170W-A,0,0.11557699,0.26882901787757874,0.9702380895614624,0.26621297001838684
YLL018C-A,YGL090W,0,0.11415975,0.26875513792037964,0.9702380895614624,0.2663130462169647
YGL114W,YOL126C,0,0.1137098,0.2686813175678253,0.9702380895614624,0.2664131224155426
YGL253W,YML011C,0,0.11350222,0.2686075270175934,0.9702380895614624,0.2665131986141205
YPL009C,YEL019C,0,0.11348857,0.26853376626968384,0.9702380895614624,0.26661330461502075
YGL200C,YPR036W,0,0.113204345,0.26846006512641907,0.9702380895614624,0.26671338081359863
YIL016W,YNL136W,0,0.11310503,0.2683863937854767,0.9702380895614624,0.2668134570121765
YER010C,YLR154W-A,0,0.113101654,0.2683127522468567,0.9702380895614624,0.2669135332107544
YOR026W,YKL065W-A,0,0.1129691,0.26823917031288147,0.9702380895614624,0.2670136094093323
YGR036C,YDR352W,0,0.11189733,0.26816561818122864,0.9702380895614624,0.26711368560791016
YKL143W,YHR122W,0,0.11163844,0.2680920958518982,0.9702380895614624,0.26721376180648804
YFR042W,YHL018W,0,0.111090824,0.2680186331272125,0.9702380895614624,0.2673138380050659
YBR034C,YNR040W,0,0.11052288,0.26794520020484924,0.9702380895614624,0.2674139440059662
YDR381C-A,YBL052C,0,0.11016995,0.26787182688713074,0.9702380895614624,0.26751402020454407
YMR183C,YMR251W-A,0,0.1087444,0.26779845356941223,0.9702380895614624,0.26761409640312195
YOR198C,YIL014W,0,0.10803069,0.2677251696586609,0.9702380895614624,0.26771417260169983
YMR033W,YDL004W,0,0.10746063,0.26765188574790955,0.9702380895614624,0.2678142488002777
YLL006W,YIL157C,0,0.10728517,0.267578661441803,0.9702380895614624,0.2679143249988556
YLR250W,YHR041C,0,0.106971964,0.2675054669380188,0.9702380895614624,0.26801440119743347
YPL213W,YJL127C-A,0,0.10492217,0.2674323320388794,0.9702380895614624,0.26811447739601135
YPR137C-B,YLR361C,0,0.104517125,0.2673592269420624,0.9702380895614624,0.2682145833969116
YOR381W,YJL221C,0,0.102046415,0.26728615164756775,0.9702380895614624,0.2683146595954895
YFR055W,YML028W,0,0.101915464,0.2672131061553955,0.9702380895614624,0.2684147357940674
YDR098C-A,YCR008W,0,0.10173041,0.26714012026786804,0.9702380895614624,0.26851481199264526
YKL054C,YHR024C,0,0.10170238,0.26706716418266296,0.9702380895614624,0.26861488819122314
YLR244C,YER022W,0,0.101666495,0.26699426770210266,0.9702380895614624,0.268714964389801
YBL072C,YBR301W,0,0.10087584,0.26692140102386475,0.9702380895614624,0.2688150405883789
YPL274W,YCL045C,0,0.1000776,0.2668485641479492,0.9702380895614624,0.2689151465892792
YKR075C,YDR367W,0,0.0996885,0.26677578687667847,0.9702380895614624,0.26901522278785706
YFR038W,YER171W,0,0.099199645,0.2667030394077301,0.9702380895614624,0.26911529898643494
YNL162W,YKL200C,0,0.09874144,0.2666303217411041,0.9702380895614624,0.2692153751850128
YCR080W,YGR036C,0,0.098715425,0.26655763387680054,0.9702380895614624,0.2693154513835907
YOR262W,YIL135C,0,0.098652996,0.2664850056171417,0.9702380895614624,0.2694155275821686
YIR002C,YCL012W,0,0.09857078,0.2664124071598053,0.9702380895614624,0.26951560378074646
YBL099W,YHR024C,0,0.09767474,0.26633986830711365,0.9702380895614624,0.26961567997932434
YNR071C,YMR289W,0,0.09585564,0.2662673592567444,0.9702380895614624,0.2697157859802246
YMR203W,YOL073C,0,0.09461617,0.2661948800086975,0.9702380895614624,0.2698158621788025
YNL019C,YNL054W-B,0,0.09410821,0.2661224603652954,0.9702380895614624,0.26991593837738037
YNL281W,YNL061W,0,0.09371807,0.2660500407218933,0.9702380895614624,0.27001601457595825
YMR131C,YLR220W,0,0.09370252,0.2659777104854584,0.9702380895614624,0.27011609077453613
YNL001W,YDR210W-A,0,0.09355669,0.26590538024902344,0.9702380895614624,0.270216166973114
YKL152C,YBR171W,0,0.09332618,0.2658331096172333,0.9702380895614624,0.2703162431716919
YER020W,YDR429C,0,0.09303884,0.2657608687877655,0.9702380895614624,0.2704163193702698
YPR109W,YPL244C,0,0.09270929,0.2656886577606201,0.9702380895614624,0.27051642537117004
YDL098C,YIR009W,0,0.09264673,0.2656165063381195,0.9702380895614624,0.2706165015697479
YNL138W-A,YPR003C,0,0.091945715,0.2655443847179413,0.9702380895614624,0.2707165777683258
YDR363W-A,YPL232W,0,0.0915761,0.26547232270240784,0.9702380895614624,0.2708166539669037
YCL011C,YNL245C,0,0.09153931,0.2654002606868744,0.9702380895614624,0.27091673016548157
YFL043C,YGL258W,0,0.091025546,0.2653282582759857,0.9702380895614624,0.27101680636405945
YDL160C-A,YPL209C,0,0.090754904,0.2652563154697418,0.9702380895614624,0.27111688256263733
YGR031C-A,YLR141W,0,0.090708755,0.2651843726634979,0.9702380895614624,0.2712169587612152
YJL008C,YHR005C,0,0.09013918,0.2651124894618988,0.9702380895614624,0.2713170647621155
YHR033W,YPL092W,0,0.09011985,0.26504063606262207,0.9702380895614624,0.27141714096069336
YER096W,YLR186W,0,0.08997373,0.2649688422679901,0.9702380895614624,0.27151721715927124
YJL091C,YHR064C,0,0.08922823,0.26489707827568054,0.9702380895614624,0.2716172933578491
YKL008C,YEL040W,0,0.08884722,0.26482534408569336,0.9702380895614624,0.271717369556427
YNL284C-B,YKR104W,0,0.08823699,0.26475363969802856,0.9702380895614624,0.2718174457550049
YDR026C,YLR201C,0,0.087725766,0.26468199491500854,0.9702380895614624,0.27191752195358276
YDR352W,YOR355W,0,0.08721469,0.2646103799343109,0.9702380895614624,0.27201762795448303
YBR196C-A,YER104W,0,0.0864341,0.26453882455825806,0.9702380895614624,0.2721177041530609
YPR137C-B,YPL116W,0,0.08602953,0.2644672691822052,0.9702380895614624,0.2722177803516388
YER058W,YER021W,0,0.085035786,0.2643957734107971,0.9702380895614624,0.2723178565502167
YGR096W,YKL096W,0,0.08481791,0.2643243372440338,0.9702380895614624,0.27241793274879456
YNL113W,YDR303C,0,0.084647626,0.2642529010772705,0.9702380895614624,0.27251800894737244
YDR429C,YHL025W,0,0.08424933,0.264181524515152,0.9702380895614624,0.2726180851459503
YBR092C,YNL135C,0,0.084113196,0.26411017775535583,0.9702380895614624,0.2727181613445282
YOR233W,YDR381C-A,0,0.083220586,0.26403889060020447,0.9702380895614624,0.27281826734542847
YDR317W,YOL073C,0,0.08301051,0.2639676034450531,0.9702380895614624,0.27291834354400635
YJR101W,YOL032W,0,0.08293925,0.2638963758945465,0.9702380895614624,0.27301841974258423
YLR398C,YKL061W,0,0.08267386,0.2638252079486847,0.9702380895614624,0.2731184959411621
YPL279C,YPL043W,0,0.08190745,0.2637540400028229,0.9702380895614624,0.27321857213974
YMR302C,YML043C,0,0.08062541,0.26368293166160583,0.9702380895614624,0.27331864833831787
YDL102W,YOR221C,0,0.08055322,0.2636118531227112,0.9702380895614624,0.27341872453689575
YNR040W,YJL172W,0,0.0799669,0.2635408341884613,0.9702380895614624,0.27351880073547363
YCR077C,YLR008C,0,0.079951495,0.2634698152542114,0.9702380895614624,0.2736189067363739
YNR071C,YGL031C,0,0.07977988,0.2633988559246063,0.9702380895614624,0.2737189829349518
YGR125W,YNR074C,0,0.07968143,0.263327956199646,0.9702380895614624,0.27381905913352966
YHR005C,YMR202W,0,0.07967596,0.26325705647468567,0.9702380895614624,0.27391913533210754
YJR009C,YHR122W,0,0.07955918,0.2631862163543701,0.9702380895614624,0.2740192115306854
YPL151C,YJL130C,0,0.079458654,0.26311540603637695,0.9702380895614624,0.2741192877292633
YOR276W,YCR097WB,0,0.07935086,0.26304465532302856,0.9702380895614624,0.2742193639278412
YOL092W,YOR177C,0,0.0773578,0.2629739046096802,0.9702380895614624,0.27431946992874146
YPR137C-B,YCR005C,0,0.07707393,0.26290321350097656,0.9702380895614624,0.27441954612731934
YPL081W,YCR079W,0,0.07602943,0.2628325819969177,0.9702380895614624,0.2745196223258972
YAL033W,YLR102C,0,0.07443909,0.2627619504928589,0.9702380895614624,0.2746196985244751
YKL120W,YDL195W,0,0.07428874,0.2626913785934448,0.9702380895614624,0.274719774723053
YCL037C,YKR023W,0,0.07347391,0.26262083649635315,0.9702380895614624,0.27481985092163086
YBR126W-A,YDL171C,0,0.07311429,0.26255032420158386,0.9702380895614624,0.27491992712020874
YMR183C,YLR056W,0,0.073020056,0.26247987151145935,0.9702380895614624,0.2750200033187866
YBR283C,YPL162C,0,0.072902404,0.2624094486236572,0.9702380895614624,0.2751201093196869
YLR223C,YNL265C,0,0.07279824,0.2623390555381775,0.9702380895614624,0.27522018551826477
YGR109W-A,YMR121C,0,0.072618514,0.26226869225502014,0.9702380895614624,0.27532026171684265
YHR122W,YJL056C,0,0.07204984,0.26219838857650757,0.9702380895614624,0.27542033791542053
YDR210W-A,YPL111W,0,0.070442855,0.2621281147003174,0.9702380895614624,0.2755204141139984
YPL271W,YOL053C-A,0,0.06914547,0.2620578706264496,0.9702380895614624,0.2756204903125763
YML026C,YGR189C,0,0.069074616,0.26198768615722656,0.9702380895614624,0.2757205665111542
YOL040C,YNR040W,0,0.067852445,0.26191750168800354,0.9702380895614624,0.27582064270973206
YMR039C,YNL138W-A,0,0.066957526,0.2618473768234253,0.9702380895614624,0.2759207487106323
YOR142W-B,YKR001C,0,0.06642484,0.2617773115634918,0.9702380895614624,0.2760208249092102
YGR271W,YBL005W-A,0,0.066384815,0.26170724630355835,0.9702380895614624,0.2761209011077881
YNR045W,YBL099W,0,0.06463535,0.26163724064826965,0.9702380895614624,0.27622097730636597
YDR363W-A,YER107C,0,0.06390094,0.26156726479530334,0.9702380895614624,0.27632105350494385
YDR363W-A,YOR221C,0,0.063855,0.2614973187446594,0.9702380895614624,0.27642112970352173
YGR271C-A,YGL250W,0,0.06339243,0.2614274322986603,0.9702380895614624,0.2765212059020996
YGR145W,YFL034W,0,0.06266922,0.2613575756549835,0.9702380895614624,0.2766213119029999
YJR112W,YGR049W,0,0.062027954,0.26128774881362915,0.9702380895614624,0.27672138810157776
YNL005C,YKL061W,0,0.061811216,0.26121795177459717,0.9702380895614624,0.27682146430015564
YLR426W,YCL011C,0,0.06093821,0.2611481845378876,0.9702380895614624,0.2769215404987335
YLR293C,YPL275W,0,0.06040047,0.26107847690582275,0.9702380895614624,0.2770216166973114
YPL098C,YER182W,0,0.059894964,0.2610087990760803,0.9702380895614624,0.2771216928958893
YDR063W,YGR272C,0,0.059654236,0.26093918085098267,0.9702380895614624,0.27722176909446716
YGL263W,YDR225W,0,0.05819507,0.260869562625885,0.9702380895614624,0.27732184529304504
YGR096W,YAR018C,0,0.05778282,0.26080000400543213,0.9702380895614624,0.2774219512939453
YGL114W,YPR006C,0,0.057368897,0.26073047518730164,0.9702380895614624,0.2775220274925232
YMR148W,YDR155C,0,0.056624405,0.26066097617149353,0.9702380895614624,0.2776221036911011
YML065W,YEL001C,0,0.055769525,0.2605915367603302,0.9702380895614624,0.27772217988967896
YGR109W-A,YOR382W,0,0.055598103,0.26052209734916687,0.9702380895614624,0.27782225608825684
YNL240C,YMR087W,0,0.05546262,0.2604527175426483,0.9702380895614624,0.2779223322868347
YLR312W-A,YDL135C,0,0.055321977,0.26038339734077454,0.9702380895614624,0.2780224084854126
YOR177C,YGR169C-A,0,0.054341383,0.26031407713890076,0.9702380895614624,0.2781224846839905
YDR063W,YGR074W,0,0.054330498,0.26024481654167175,0.9702380895614624,0.27822259068489075
YLR208W,YGL082W,0,0.053996608,0.26017558574676514,0.9702380895614624,0.27832266688346863
YOL049W,YDR511W,0,0.053758785,0.2601063847541809,0.9702380895614624,0.2784227430820465
YDR166C,YDL119C,0,0.053543717,0.26003721356391907,0.9702380895614624,0.2785228192806244
YJR009C,YNL265C,0,0.053086124,0.259968101978302,0.9702380895614624,0.27862289547920227
YCR060W,YBL011W,0,0.052694023,0.2598990201950073,0.9702380895614624,0.27872297167778015
YDR381C-A,YGL256W,0,0.052536063,0.25982996821403503,0.9702380895614624,0.27882304787635803
YCL037C,YHR135C,0,0.052421495,0.25976094603538513,0.9702380895614624,0.2789231240749359
YCL045C,YNL058C,0,0.0516534,0.25969198346138,0.9702380895614624,0.2790232300758362
YHR035W,YKL120W,0,0.05013626,0.25962305068969727,0.9702380895614624,0.27912330627441406
YNL162W,YNL138W-A,0,0.050121672,0.2595541477203369,0.9702380895614624,0.27922338247299194
YER181C,YLL018C-A,0,0.049826413,0.25948527455329895,0.9702380895614624,0.2793234586715698
YBR196C-A,YLR208W,0,0.049294822,0.2594164311885834,0.9702380895614624,0.2794235348701477
YEL032W,YNR004W,0,0.048548877,0.2593476474285126,0.9702380895614624,0.2795236110687256
YPL148C,YNL019C,0,0.048409715,0.25927889347076416,0.9702380895614624,0.27962368726730347
YKR001C,YFL002W-A,0,0.04816603,0.25921016931533813,0.9702380895614624,0.27972379326820374
YCR044C,YEL017C-A,0,0.048071995,0.2591415047645569,0.9702380895614624,0.2798238694667816
YDR381C-A,YIL115C,0,0.047083005,0.25907284021377563,0.9702380895614624,0.2799239456653595
YOR142W-A,YBR235W,0,0.04629425,0.25900423526763916,0.9702380895614624,0.2800240218639374
YGR169C-A,YJL020C,0,0.045141842,0.2589356601238251,0.9702380895614624,0.28012409806251526
YML062C,YNR071C,0,0.044903502,0.2588671147823334,0.9702380895614624,0.28022417426109314
YPR190C,YCR017C,0,0.044335887,0.25879862904548645,0.9702380895614624,0.280324250459671
YPR137C-B,YEL060C,0,0.044112623,0.2587301731109619,0.9702380895614624,0.2804243266582489
YPR070W,YKR078W,0,0.041674852,0.2586617171764374,0.9702380895614624,0.28052443265914917
YPR007C,YNL054W-B,0,0.041513994,0.25859335064888,0.9702380895614624,0.28062450885772705
YLR008C,YLR216C,0,0.041445732,0.25852498412132263,0.9702380895614624,0.28072458505630493
YPL184C,YDR079C-A,0,0.04054889,0.25845664739608765,0.9702380895614624,0.2808246612548828
YNL090W,YML050W,0,0.038631745,0.25838837027549744,0.9702380895614624,0.2809247374534607
YKL194C,YLR243W,0,0.03616716,0.2583201229572296,0.9702380895614624,0.2810248136520386
YOR356W,YMR226C,0,0.035814315,0.2582519054412842,0.9702380895614624,0.28112488985061646
YBR024W,YPR191W,0,0.035604224,0.2581837475299835,0.9702380895614624,0.28122496604919434
YLR138W,YHR206W,0,0.035204396,0.25811558961868286,0.9702380895614624,0.2813250720500946
YJL058C,YMR266W,0,0.0337068,0.258047491312027,0.9702380895614624,0.2814251482486725
YBR175W,YIL064W,0,0.033589102,0.2579794228076935,0.9702380895614624,0.28152522444725037
YLR008C,YLR459W,0,0.033463575,0.2579113841056824,0.9702380895614624,0.28162530064582825
YOR152C,YML002W,0,0.032978363,0.25784340500831604,0.9702380895614624,0.28172537684440613
YGL039W,YDR262W,0,0.032457806,0.2577754259109497,0.9702380895614624,0.281825453042984
YJR101W,YOR355W,0,0.032012224,0.25770750641822815,0.9702380895614624,0.2819255292415619
YBR265W,YJL140W,0,0.0318162,0.257639616727829,0.9702380895614624,0.28202563524246216
YHL044W,YIR036C,0,0.031539857,0.2575717568397522,0.9702380895614624,0.28212571144104004
YPR009W,YKL071W,0,0.029802887,0.2575039565563202,0.9702380895614624,0.2822257876396179
YBR126W-A,YNL102W,0,0.029178685,0.2574361562728882,0.9702380895614624,0.2823258638381958
YDR077W,YJL020C,0,0.028243167,0.25736841559410095,0.9702380895614624,0.2824259400367737
YAL039C,YDR056C,0,0.028144972,0.2573007047176361,0.9702380895614624,0.28252601623535156
YGR187C,YLR191W,0,0.02791631,0.25723302364349365,0.9702380895614624,0.28262609243392944
YPL184C,YHL039W,0,0.027901514,0.25716540217399597,0.9702380895614624,0.2827261686325073
YDR315C,YGR158C,0,0.027882634,0.2570977807044983,0.9702380895614624,0.2828262746334076
YER133W,YGL253W,0,0.02704749,0.2570302188396454,0.9702380895614624,0.2829263508319855
YGL263W,YMR087W,0,0.026904428,0.25696268677711487,0.9702380895614624,0.28302642703056335
YPL132W,YFL047W,0,0.025724603,0.25689518451690674,0.9702380895614624,0.28312650322914124
YLR056W,YMR079W,0,0.025469584,0.2568277418613434,0.9702380895614624,0.2832265794277191
YDR322W,YJL140W,0,0.025016798,0.25676029920578003,0.9702380895614624,0.283326655626297
YPR052C,YKL074C,0,0.024975969,0.25669291615486145,0.9702380895614624,0.2834267318248749
YGR138C,YIL023C,0,0.02293214,0.25662556290626526,0.9702380895614624,0.28352680802345276
YMR211W,YDR545W,0,0.022907605,0.25655823945999146,0.9702380895614624,0.283626914024353
YDL171C,YHL009W-B,0,0.022740943,0.25649094581604004,0.9702380895614624,0.2837269902229309
YJL225C,YGL223C,0,0.022720983,0.2564237117767334,0.9702380895614624,0.2838270664215088
YLL009C,YLR357W,0,0.021843089,0.25635647773742676,0.9702380895614624,0.28392714262008667
YDL140C,YMR199W,0,0.021587593,0.2562893033027649,0.9702380895614624,0.28402721881866455
YPR151C,YMR300C,0,0.021018727,0.2562221586704254,0.9702380895614624,0.28412729501724243
YDR436W,YDL137W,0,0.020108623,0.2561550438404083,0.9702380895614624,0.2842273712158203
YPL116W,YFL034W,0,0.019999431,0.256087988615036,0.9702380895614624,0.2843274474143982
YDL150W,YDR128W,0,0.01956719,0.2560209333896637,0.9702380895614624,0.28442755341529846
YLL062C,YNL315C,0,0.018906837,0.25595393776893616,0.9702380895614624,0.28452762961387634
YOL086W-A,YJR141W,0,0.018637879,0.255886971950531,0.9702380895614624,0.2846277058124542
YGR109W-A,YML004C,0,0.01773875,0.25582003593444824,0.9702380895614624,0.2847277820110321
YKL071W,YLR244C,0,0.017312383,0.25575312972068787,0.9702380895614624,0.28482785820961
YNL138W-A,YJR160C,0,0.017000379,0.25568628311157227,0.9702380895614624,0.28492793440818787
YNL290W,YJL127C-A,0,0.016030533,0.25561943650245667,0.9702380895614624,0.28502801060676575
YMR046C,YGR271W,0,0.015978022,0.25555264949798584,0.9702380895614624,0.285128116607666
YJL160C,YOR094W,0,0.015172517,0.2554858922958374,0.9702380895614624,0.2852281928062439
YML046W,YDL199C,0,0.014705209,0.25541916489601135,0.9702380895614624,0.2853282690048218
YOL159C,YOL038W,0,0.0138249975,0.2553524672985077,0.9702380895614624,0.28542834520339966
YER110C,YPL085W,0,0.013440294,0.2552858293056488,0.9702380895614624,0.28552842140197754
YMR106C,YMR087W,0,0.013354337,0.2552192211151123,0.9702380895614624,0.2856284976005554
YMR290C,YGR109W-A,0,0.012908211,0.2551526129245758,0.9702380895614624,0.2857285737991333
YGR109W-A,YJL065C,0,0.0127848815,0.2550860643386841,0.9702380895614624,0.2858286499977112
YDR210C-C,YPL099C,0,0.012672065,0.25501954555511475,0.9702380895614624,0.28592875599861145
YHR129C,YBR065C,0,0.0124224555,0.2549530863761902,0.9702380895614624,0.28602883219718933
YGL022W,YNL240C,0,0.011957547,0.2548866271972656,0.9702380895614624,0.2861289083957672
YNL019C,YFL041W,0,0.011912672,0.25482022762298584,0.9702380895614624,0.2862289845943451
YPL273W,YMR033W,0,0.011708705,0.25475382804870605,0.9702380895614624,0.286329060792923
YGR185C,YKL151C,0,0.0110236425,0.25468748807907104,0.9702380895614624,0.28642913699150085
YPR122W,YNL040W,0,0.0108047575,0.2546211779117584,0.9702380895614624,0.28652921319007874
YPR189W,YLR056W,0,0.010496201,0.2545549273490906,0.9702380895614624,0.2866292893886566
YER019W,YLR154W-C,0,0.00999623,0.25448867678642273,0.9702380895614624,0.2867293953895569
YML106W,YNL218W,0,0.00987245,0.25442248582839966,0.9702380895614624,0.28682947158813477
YNL290W,YFR049W,0,0.009300215,0.2543562948703766,0.9702380895614624,0.28692954778671265
YNL315C,YLR102C,0,0.00786428,0.2542901635169983,0.9702380895614624,0.2870296239852905
YBR154C,YKL200C,0,0.006570092,0.2542240619659424,0.9702380895614624,0.2871297001838684
YMR032W,YHL012W,0,0.006173069,0.25415799021720886,0.9702380895614624,0.2872297763824463
YBR058C,YML040W,0,0.0050147534,0.2540919780731201,0.9702380895614624,0.28732985258102417
YOR142W-B,YLR099C,0,0.0038380981,0.25402596592903137,0.9702380895614624,0.28742995858192444
YNL001W,YJL021C,0,0.0025034384,0.2539600133895874,0.9702380895614624,0.2875300347805023
YFL035C-B,YPL119C,1,0.0019558654,0.25415369868278503,0.971230149269104,0.2875300347805023
YJL059W,YPR003C,0,0.0012725801,0.2540877163410187,0.971230149269104,0.2876301109790802
YJL065C,YHL003C,0,0.0008727745,0.2540217936038971,0.971230149269104,0.2877301871776581
YJR101W,YKL150W,0,0.0006130473,0.2539559006690979,0.971230149269104,0.28783026337623596
YDL051W,YDR362C,0,0.00027990201,0.2538900375366211,0.971230149269104,0.28793033957481384
YDR352W,YJL056C,0,9.594718e-05,0.2538242042064667,0.971230149269104,0.2880304157733917
YLR409C,YPL085W,0,-0.0003848686,0.25375843048095703,0.971230149269104,0.2881304919719696
YGR262C,YDR280W,0,-0.0004248037,0.2536926567554474,0.971230149269104,0.2882305979728699
YOR182C,YLR141W,0,-0.0005466803,0.2536269426345825,0.971230149269104,0.28833067417144775
YER057C,YIL098C,0,-0.00094890734,0.25356125831604004,0.971230149269104,0.28843075037002563
YKL152C,YGR136W,0,-0.0012021526,0.25349560379981995,0.971230149269104,0.2885308265686035
YIL005W,YOR320C,0,-0.0012026592,0.25342997908592224,0.971230149269104,0.2886309027671814
YPL237W,YGR175C,0,-0.001348333,0.2533643841743469,0.971230149269104,0.2887309789657593
YKL035W,YMR276W,0,-0.0013783327,0.2532988488674164,0.971230149269104,0.28883105516433716
YPL226W,YNR020C,0,-0.0016088351,0.25323331356048584,0.971230149269104,0.28893113136291504
YHL009W-B,YDL185W,0,-0.0019757352,0.2531678378582001,0.971230149269104,0.2890312373638153
YIL046W,YLR221C,0,-0.0020830198,0.2531023919582367,0.971230149269104,0.2891313135623932
YNL055C,YKL145W,0,-0.002322839,0.2530369460582733,0.971230149269104,0.28923138976097107
YNR057C,YPL176C,0,-0.0032555028,0.2529715895652771,0.971230149269104,0.28933146595954895
YPL115C,YER074W-A,0,-0.0033000573,0.2529062330722809,0.971230149269104,0.28943154215812683
YER059W,YNL138W-A,0,-0.0034209653,0.25284090638160706,0.971230149269104,0.2895316183567047
YPL082C,YOR355W,0,-0.0042260303,0.252775639295578,0.971230149269104,0.2896316945552826
YPL013C,YGR169C-A,0,-0.0047797724,0.25271037220954895,0.971230149269104,0.2897317707538605
YJR070C,YBL005W-B,0,-0.0052894964,0.2526451647281647,0.971230149269104,0.28983187675476074
YDR282C,YFL011W,0,-0.0053033396,0.2525799870491028,0.971230149269104,0.2899319529533386
YPL184C,YLR020C,0,-0.0061363964,0.2525148391723633,0.971230149269104,0.2900320291519165
YER126C,YBR018C,0,-0.007002191,0.25244972109794617,0.971230149269104,0.2901321053504944
YDR117C,YIL103W,1,-0.009390967,0.252642422914505,0.9722222089767456,0.2901321053504944
YFL052W,YGR215W,0,-0.010275988,0.2525773048400879,0.9722222089767456,0.29023218154907227
YOR123C,YML050W,0,-0.01028155,0.25251224637031555,0.9722222089767456,0.29033225774765015
YDR028C,YMR293C,0,-0.010662394,0.2524471879005432,0.9722222089767456,0.290432333946228
YNL240C,YOR382W,0,-0.010750817,0.25238218903541565,0.9722222089767456,0.2905324399471283
YGL093W,YOL092W,0,-0.010901174,0.2523171901702881,0.9722222089767456,0.2906325161457062
YGR249W,YCR029C-A,0,-0.01156755,0.2522522509098053,0.9722222089767456,0.29073259234428406
YOL124C,YOL020W,0,-0.01242088,0.2521873414516449,0.9722222089767456,0.29083266854286194
YDR026C,YLL062C,0,-0.013390159,0.2521224617958069,0.9722222089767456,0.2909327447414398
YBR078W,YER076C,0,-0.013521956,0.25205761194229126,0.9722222089767456,0.2910328209400177
YJL141C,YJL223C,0,-0.0136865545,0.251992791891098,0.9722222089767456,0.2911328971385956
YOL092W,YOL159C,0,-0.014842028,0.25192803144454956,0.9722222089767456,0.29123297333717346
YKL160W,YNL102W,0,-0.015157478,0.2518632709980011,0.9722222089767456,0.29133307933807373
YHL009W-B,YOR356W,0,-0.015225088,0.2517985701560974,0.9722222089767456,0.2914331555366516
YER022W,YNL052W,0,-0.015315132,0.2517338693141937,0.9722222089767456,0.2915332317352295
YEL040W,YJL223C,0,-0.015835749,0.2516692280769348,0.9722222089767456,0.2916333079338074
YBR231C,YJL127C-A,0,-0.017729895,0.2516046166419983,0.9722222089767456,0.29173338413238525
YPR042C,YMR148W,0,-0.017817164,0.25154003500938416,0.9722222089767456,0.29183346033096313
YCR087C-A,YCR105W,0,-0.018001357,0.2514754831790924,0.9722222089767456,0.291933536529541
YBR098W,YOL053C-A,0,-0.01819603,0.25141099095344543,0.9722222089767456,0.2920336127281189
YOR142W-B,YER184C,0,-0.0182191,0.25134649872779846,0.9722222089767456,0.29213371872901917
YDR063W,YBR266C,0,-0.018354401,0.25128206610679626,0.9722222089767456,0.29223379492759705
YLR403W,YOR298C-A,0,-0.018567475,0.25121763348579407,0.9722222089767456,0.2923338711261749
YHL009W-B,YPL009C,0,-0.01923342,0.25115326046943665,0.9722222089767456,0.2924339473247528
YOR004W,YOR313C,0,-0.020084845,0.2510889172554016,0.9722222089767456,0.2925340235233307
YHR111W,YOR355W,0,-0.02017458,0.25102460384368896,0.9722222089767456,0.29263409972190857
YKL150W,YJL061W,0,-0.020213576,0.2509603202342987,0.9722222089767456,0.29273417592048645
YCR096C,YMR032W,0,-0.02030486,0.25089606642723083,0.9722222089767456,0.2928342819213867
YDL160C-A,YFL047W,0,-0.021129305,0.25083184242248535,0.9722222089767456,0.2929343581199646
YDR289C,YIL144W,0,-0.021623628,0.25076764822006226,0.9722222089767456,0.2930344343185425
YMR020W,YER021W,0,-0.021706568,0.25070351362228394,0.9722222089767456,0.29313451051712036
YJR121W,YKR063C,0,-0.021914022,0.2506393790245056,0.9722222089767456,0.29323458671569824
YHR147C,YDR262W,0,-0.021964291,0.25057530403137207,0.9722222089767456,0.2933346629142761
YHR033W,YFR015C,0,-0.021989988,0.2505112588405609,0.9722222089767456,0.293434739112854
YER184C,YKL002W,0,-0.022372888,0.25044721364974976,0.9722222089767456,0.2935348153114319
YDR137W,YJR094W-A,0,-0.022747988,0.2503832280635834,0.9722222089767456,0.29363492131233215
YER003C,YMR009W,0,-0.022776963,0.2503192722797394,0.9722222089767456,0.29373499751091003
YKR071C,YCR073C,0,-0.023578146,0.25025537610054016,0.9722222089767456,0.2938350737094879
YLR052W,YCR080W,0,-0.023753425,0.25019147992134094,0.9722222089767456,0.2939351499080658
YGR243W,YOR372C,0,-0.023813756,0.2501276135444641,0.9722222089767456,0.2940352261066437
YMR121C,YOR337W,0,-0.02399105,0.25006377696990967,0.9722222089767456,0.29413530230522156
YDL140C,YDR387C,0,-0.024078028,0.25,0.9722222089767456,0.29423537850379944
YMR112C,YJL046W,0,-0.024192752,0.24993623793125153,0.9722222089767456,0.2943354547023773
YHR206W,YOL038W,0,-0.025066556,0.24987252056598663,0.9722222089767456,0.2944355607032776
YLR345W,YOL090W,0,-0.02628226,0.24980881810188293,0.9722222089767456,0.29453563690185547
YJL035C,YBL005W-A,0,-0.026408391,0.24974516034126282,0.9722222089767456,0.29463571310043335
YNR020C,YER029C,0,-0.026417078,0.2496815323829651,0.9722222089767456,0.29473578929901123
YDR510W,YDL067C,0,-0.02674509,0.24961793422698975,0.9722222089767456,0.2948358654975891
YHL009W-B,YGR063C,0,-0.029315403,0.2495543658733368,0.9722222089767456,0.294935941696167
YAL058W,YMR233W,0,-0.030196207,0.24949084222316742,0.9722222089767456,0.2950360178947449
YPL226W,YPL082C,0,-0.030634986,0.24942733347415924,0.9722222089767456,0.29513609409332275
YKL120W,YLL018C-A,0,-0.031389445,0.24936386942863464,0.9722222089767456,0.295236200094223
YOR145C,YKL015W,0,-0.031391867,0.24930043518543243,0.9722222089767456,0.2953362762928009
YJR112W,YPL132W,0,-0.032188356,0.2492370307445526,0.9722222089767456,0.2954363524913788
YER184C,YML076C,0,-0.032362252,0.24917365610599518,0.9722222089767456,0.29553642868995667
YOR152C,YHR147C,0,-0.0325184,0.24911032617092133,0.9722222089767456,0.29563650488853455
YDR362C,YCR046C,0,-0.03266169,0.24904701113700867,0.9722222089767456,0.2957365810871124
YPR191W,YLR133W,0,-0.033167176,0.2489837408065796,0.9722222089767456,0.2958366572856903
YBL002W,YHL035C,0,-0.03342028,0.2489205002784729,0.9722222089767456,0.2959367632865906
YKR035W-A,YBR187W,0,-0.033432946,0.2488572895526886,0.9722222089767456,0.29603683948516846
YGL022W,YDL148C,0,-0.03369777,0.24879410862922668,0.9722222089767456,0.29613691568374634
YNL166C,YIL044C,0,-0.033736095,0.24873095750808716,0.9722222089767456,0.2962369918823242
YML095C,YML050W,0,-0.03396283,0.2486678510904312,0.9722222089767456,0.2963370680809021
YGR109W-A,YLR359W,0,-0.034601666,0.24860477447509766,0.9722222089767456,0.29643714427948
YPL152W,YJL127C-A,0,-0.034716073,0.2485417127609253,0.9722222089767456,0.29653722047805786
YMR295C,YBR301W,0,-0.035134226,0.2484786957502365,0.9722222089767456,0.29663729667663574
YKL194C,YJR149W,0,-0.035149157,0.2484157234430313,0.9722222089767456,0.296737402677536
YOL040C,YPL120W,0,-0.035216834,0.2483527660369873,0.9722222089767456,0.2968374788761139
YKR095W-A,YMR226C,0,-0.035311982,0.24828983843326569,0.9722222089767456,0.2969375550746918
YGR109W-A,YER114C,0,-0.035323743,0.24822695553302765,0.9722222089767456,0.29703763127326965
YER010C,YKL069W,0,-0.035476953,0.2481640875339508,0.9722222089767456,0.29713770747184753
YMR247C,YKR065C,0,-0.035641357,0.24810126423835754,0.9722222089767456,0.2972377836704254
YDR513W,YEL050C,0,-0.035777822,0.24803847074508667,0.9722222089767456,0.2973378598690033
YLR090W,YHR062C,0,-0.03600926,0.24797570705413818,0.9722222089767456,0.2974379360675812
YGR172C,YPR070W,0,-0.0364476,0.24791297316551208,0.9722222089767456,0.29753804206848145
YOL040C,YCR017C,0,-0.03655593,0.24785028398036957,0.9722222089767456,0.2976381182670593
YER126C,YAL044C,0,-0.03692977,0.24778760969638824,0.9722222089767456,0.2977381944656372
YKL194C,YGL225W,0,-0.037069745,0.2477249801158905,0.9722222089767456,0.2978382706642151
YLR090W,YPL087W,0,-0.03927414,0.24766236543655396,0.9722222089767456,0.29793834686279297
YPR139C,YKR084C,0,-0.03930287,0.247599795460701,0.9722222089767456,0.29803842306137085
YML002W,YKL096W,0,-0.039502166,0.2475372552871704,0.9722222089767456,0.29813849925994873
YDR077W,YMR288W,0,-0.039962888,0.24747474491596222,0.9722222089767456,0.298238605260849
YFL054C,YKL124W,0,-0.040165946,0.24741226434707642,0.9722222089767456,0.2983386814594269
YMR211W,YGL231C,0,-0.040215768,0.2473498284816742,0.9722222089767456,0.29843875765800476
YIL110W,YOR020W-A,0,-0.040398385,0.24728740751743317,0.9722222089767456,0.29853883385658264
YDR194C,YNL169C,0,-0.040753856,0.24722503125667572,0.9722222089767456,0.2986389100551605
YLR453C,YJL225C,0,-0.041988805,0.24716266989707947,0.9722222089767456,0.2987389862537384
YDR508C,YLL006W,0,-0.043033376,0.2471003532409668,0.9722222089767456,0.2988390624523163
YLR241W,YIR036C,0,-0.043052867,0.2470380663871765,0.9722222089767456,0.29893913865089417
YBR265W,YOR362C,0,-0.043497518,0.24697580933570862,0.9722222089767456,0.29903924465179443
YGR098C,YCL018W,0,-0.043707162,0.2469135820865631,0.9722222089767456,0.2991393208503723
YGR125W,YLR284C,0,-0.044164546,0.24685138463974,0.9722222089767456,0.2992393970489502
YBL058W,YLR002C,0,-0.044260636,0.24678921699523926,0.9722222089767456,0.2993394732475281
YER019W,YNL054W-B,0,-0.045313988,0.2467270940542221,0.9722222089767456,0.29943954944610596
YNL055C,YDR489W,0,-0.045847982,0.24666498601436615,0.9722222089767456,0.29953962564468384
YKR071C,YDL004W,0,-0.0459605,0.24660292267799377,0.9722222089767456,0.2996397018432617
YDR295C,YHR066W,0,-0.047244012,0.2465408742427826,0.9722222089767456,0.2997397780418396
YDR352W,YOR094W,0,-0.04742776,0.246478870511055,0.9722222089767456,0.29983988404273987
YPL283C,YPL043W,0,-0.047454447,0.24641689658164978,0.9722222089767456,0.29993996024131775
YKL141W,YEL011W,0,-0.047748193,0.24635495245456696,0.9722222089767456,0.30004003643989563
YBR301W,YML095C,0,-0.048114955,0.24629303812980652,0.9722222089767456,0.3001401126384735
YDR289C,YCL012W,0,-0.048492014,0.24623115360736847,0.9722222089767456,0.3002401888370514
YDR504C,YFL002W-A,0,-0.048623383,0.2461692988872528,0.9722222089767456,0.3003402650356293
YLR357W,YDL067C,0,-0.049163036,0.24610748887062073,0.9722222089767456,0.30044034123420715
YOR094W,YNL126W,0,-0.049650133,0.24604569375514984,0.9722222089767456,0.3005404472351074
YEL040W,YNL053W,0,-0.050251678,0.24598392844200134,0.9722222089767456,0.3006405234336853
YJR007W,YBL033C,0,-0.050307885,0.24592220783233643,0.9722222089767456,0.3007405996322632
YLR265C,YLR053C,0,-0.050473757,0.2458605170249939,0.9722222089767456,0.30084067583084106
YER124C,YER058W,0,-0.05156699,0.24579884111881256,0.9722222089767456,0.30094075202941895
YOR171C,YHR066W,0,-0.0517904,0.2457372099161148,0.9722222089767456,0.3010408282279968
YGL066W,YML106W,0,-0.05223621,0.24567560851573944,0.9722222089767456,0.3011409044265747
YJL146W,YDL211C,0,-0.052556887,0.24561403691768646,0.9722222089767456,0.3012409806251526
YNL284C-B,YOR394W,0,-0.05263405,0.24555249512195587,0.9722222089767456,0.30134108662605286
YJL225C,YJL003W,0,-0.05342129,0.24549098312854767,0.9722222089767456,0.30144116282463074
YPL013C,YFR043C,0,-0.054060653,0.24542950093746185,0.9722222089767456,0.3015412390232086
YGR125W,YBR136W,0,-0.05413848,0.24536804854869843,0.9722222089767456,0.3016413152217865
YMR046C,YLR356W,0,-0.05416649,0.24530662596225739,0.9722222089767456,0.3017413914203644
YMR215W,YMR251W-A,0,-0.05432491,0.24524524807929993,0.9722222089767456,0.30184146761894226
YHR076W,YPR036W,0,-0.055144325,0.24518388509750366,0.9722222089767456,0.30194154381752014
YGR169C-A,YLL018C-A,0,-0.05548936,0.24512256681919098,0.9722222089767456,0.302041620016098
YLR227C,YGR090W,0,-0.055518016,0.2450612634420395,0.9722222089767456,0.3021417260169983
YBR154C,YOR273C,0,-0.05558297,0.24500000476837158,0.9722222089767456,0.30224180221557617
YGR085C,YGL250W,0,-0.055706248,0.24493876099586487,0.9722222089767456,0.30234187841415405
YDL119C,YPR061C,0,-0.055733316,0.24487756192684174,0.9722222089767456,0.30244195461273193
YKL164C,YJL206C,0,-0.05691204,0.244816392660141,0.9722222089767456,0.3025420308113098
YPR030W,YKR081C,0,-0.05739279,0.24475523829460144,0.9722222089767456,0.3026421070098877
YNL190W,YDL234C,0,-0.05802612,0.24469412863254547,0.9722222089767456,0.3027421832084656
YPR115W,YER184C,0,-0.05804856,0.2446330487728119,0.9722222089767456,0.30284225940704346
YEL012W,YEL050C,0,-0.058379337,0.2445719987154007,0.9722222089767456,0.3029423654079437
YAL035W,YPR070W,0,-0.05916497,0.2445109784603119,0.9722222089767456,0.3030424416065216
YML062C,YBR034C,0,-0.059508473,0.24444998800754547,0.9722222089767456,0.3031425178050995
YHR005C,YER105C,0,-0.059725277,0.24438902735710144,0.9722222089767456,0.30324259400367737
YPL184C,YHR035W,0,-0.060131192,0.2443280965089798,0.9722222089767456,0.30334267020225525
YPR161C,YJL021C,0,-0.060198788,0.24426719546318054,0.9722222089767456,0.30344274640083313
YLR178C,YNL054W-B,0,-0.060286105,0.24420632421970367,0.9722222089767456,0.303542822599411
YCL008C,YPR042C,0,-0.060528725,0.2441454976797104,0.9722222089767456,0.3036429286003113
YER138C,YHR034C,0,-0.060655102,0.2440846860408783,0.9722222089767456,0.30374300479888916
YPR192W,YMR265C,0,-0.06178017,0.2440239042043686,0.9722222089767456,0.30384308099746704
YMR095C,YGL026C,0,-0.062271997,0.24396315217018127,0.9722222089767456,0.3039431571960449
YLR154W-C,YPL065W,0,-0.062372204,0.24390244483947754,0.9722222089767456,0.3040432333946228
YNL019C,YLR208W,0,-0.06249831,0.243841752409935,0.9722222089767456,0.3041433095932007
YNR008W,YHR064C,0,-0.062963694,0.24378108978271484,0.9722222089767456,0.30424338579177856
YDR365C,YBR266C,0,-0.06372525,0.24372047185897827,0.9722222089767456,0.30434346199035645
YMR265C,YAL054C,0,-0.0638745,0.2436598688364029,0.9722222089767456,0.3044435679912567
YDR205W,YHR033W,0,-0.06414987,0.2435993105173111,0.9722222089767456,0.3045436441898346
YKL200C,YGR204W,0,-0.06444653,0.2435387670993805,0.9722222089767456,0.3046437203884125
YNR047W,YBL071W-A,0,-0.06462011,0.24347825348377228,0.9722222089767456,0.30474379658699036
YIL113W,YDR339C,0,-0.06475742,0.24341778457164764,0.9722222089767456,0.30484387278556824
YKL057C,YBL071W-A,0,-0.06481174,0.2433573305606842,0.9722222089767456,0.3049439489841461
YOR306C,YJL174W,0,-0.06603567,0.24329692125320435,0.9722222089767456,0.305044025182724
YKL012W,YBL003C,0,-0.0661209,0.24323654174804688,0.9722222089767456,0.3051441013813019
YCR007C,YPR168W,0,-0.0662138,0.2431761771440506,0.9722222089767456,0.30524420738220215
YLL055W,YLR243W,0,-0.06667755,0.2431158572435379,0.9722222089767456,0.30534428358078003
YHR146W,YOR394W,0,-0.0667629,0.2430555522441864,0.9722222089767456,0.3054443597793579
YDR371W,YGL076C,0,-0.06691842,0.24299529194831848,0.9722222089767456,0.3055444359779358
YJL059W,YDR056C,0,-0.06727329,0.24293504655361176,0.9722222089767456,0.30564451217651367
YDR512C,YJL099W,0,-0.06729852,0.2428748458623886,0.9722222089767456,0.30574458837509155
YLR409C,YNR043W,0,-0.06770185,0.24281467497348785,0.9722222089767456,0.30584466457366943
YOL107W,YPL012W,0,-0.06875542,0.2427545189857483,0.9722222089767456,0.3059447705745697
YLR398C,YOL056W,0,-0.07057913,0.2426944077014923,0.9722222089767456,0.3060448467731476
YLR440C,YOL086W-A,0,-0.07081626,0.24263431131839752,0.9722222089767456,0.30614492297172546
YGL070C,YDR034W-B,0,-0.07128567,0.24257425963878632,0.9722222089767456,0.30624499917030334
YLR378C,YLL012W,0,-0.07223791,0.2425142228603363,0.9722222089767456,0.3063450753688812
YFR043C,YER117W,0,-0.07243371,0.24245423078536987,0.9722222089767456,0.3064451515674591
YKL141W,YAL042W,0,-0.07282056,0.24239426851272583,0.9722222089767456,0.306545227766037
YHL039W,YML076C,0,-0.0734586,0.24233432114124298,0.9722222089767456,0.30664530396461487
YNL019C,YGL254W,0,-0.07398599,0.2422744184732437,0.9722222089767456,0.30674540996551514
YPL213W,YJR141W,0,-0.07514034,0.24221453070640564,0.9722222089767456,0.306845486164093
YNL162W,YMR106C,0,-0.07524519,0.24215468764305115,0.9722222089767456,0.3069455623626709
YLR284C,YHR062C,0,-0.076165244,0.24209485948085785,0.9722222089767456,0.3070456385612488
YLR193C,YER074W-A,0,-0.07644074,0.24203507602214813,0.9722222089767456,0.30714571475982666
YGR109W-A,YKR081C,0,-0.07662326,0.2419753074645996,0.9722222089767456,0.30724579095840454
YOR298C-A,YJL127C-A,0,-0.07688898,0.24191558361053467,0.9722222089767456,0.3073458671569824
YDR031W,YDR513W,0,-0.07715179,0.24185587465763092,0.9722222089767456,0.3074459433555603
YLR353W,YDL140C,0,-0.078062564,0.24179619550704956,0.9722222089767456,0.30754604935646057
YJL038C,YJR094W-A,0,-0.07960403,0.24173656105995178,0.9722222089767456,0.30764612555503845
YDR373W,YHR147C,0,-0.07963444,0.2416769415140152,0.9722222089767456,0.30774620175361633
YKL071W,YGR136W,0,-0.079997465,0.241617351770401,0.9722222089767456,0.3078462779521942
YPL279C,YDR028C,0,-0.08001557,0.24155780673027039,0.9722222089767456,0.3079463541507721
YBL071W-A,YLR345W,0,-0.08072758,0.24149827659130096,0.9722222089767456,0.30804643034935
YPL148C,YBL071W-A,0,-0.08154707,0.24143877625465393,0.9722222089767456,0.30814650654792786
YML065W,YER061C,0,-0.081943505,0.24137930572032928,0.9722222089767456,0.30824658274650574
YDL199C,YJR001W,0,-0.08244285,0.24131986498832703,0.9722222089767456,0.308346688747406
YCL045C,YLR221C,0,-0.082738295,0.24126046895980835,0.9722222089767456,0.3084467649459839
YER024W,YLL018C-A,0,-0.083825946,0.24120108783245087,0.9722222089767456,0.30854684114456177
YKL164C,YAL033W,0,-0.08430971,0.24114173650741577,0.9722222089767456,0.30864691734313965
YGR060W,YDR519W,0,-0.08437389,0.24108241498470306,0.9722222089767456,0.30874699354171753
YHR111W,YKL061W,0,-0.08441798,0.24102312326431274,0.9722222089767456,0.3088470697402954
YNR071C,YDR023W,0,-0.08445268,0.2409638613462448,0.9722222089767456,0.3089471459388733
YJL020C,YBR297W,0,-0.08474101,0.24090461432933807,0.9722222089767456,0.30904725193977356
YGR109W-A,YMR212C,0,-0.08537606,0.24084541201591492,0.9722222089767456,0.30914732813835144
YMR212C,YKL148C,0,-0.08540024,0.24078623950481415,0.9722222089767456,0.3092474043369293
YGL263W,YLR298C,0,-0.086944,0.24072709679603577,0.9722222089767456,0.3093474805355072
YML040W,YLR119W,0,-0.08706543,0.24066796898841858,0.9722222089767456,0.3094475567340851
YML002W,YDR009W,0,-0.08715728,0.24060888588428497,0.9722222089767456,0.30954763293266296
YMR061W,YJL021C,0,-0.08803176,0.24054983258247375,0.9722222089767456,0.30964770913124084
YPL184C,YGL134W,0,-0.0880996,0.24049079418182373,0.9722222089767456,0.3097477853298187
YDR079C-A,YJL061W,0,-0.088680536,0.2404318004846573,0.9722222089767456,0.309847891330719
YDR123C,YDR034W-B,0,-0.08871436,0.24037282168865204,0.9722222089767456,0.3099479675292969
YBR131W,YCL058W-A,0,-0.08877409,0.24031387269496918,0.9722222089767456,0.31004804372787476
YPR072W,YML050W,0,-0.08906625,0.2402549684047699,0.9722222089767456,0.31014811992645264
YOR044W,YHL025W,0,-0.08927964,0.2401960790157318,0.9722222089767456,0.3102481961250305
YKL007W,YER029C,0,-0.08982347,0.2401372194290161,0.9722222089767456,0.3103482723236084
YBR058C-A,YKR054C,0,-0.090077095,0.2400783896446228,0.9722222089767456,0.3104483485221863
YNR071C,YDR407C,0,-0.09029637,0.24001958966255188,0.9722222089767456,0.31054842472076416
YJL225C,YPR106W,0,-0.09090479,0.23996081948280334,0.9722222089767456,0.31064853072166443
YGR060W,YBR146W,0,-0.09108342,0.2399020791053772,0.9722222089767456,0.3107486069202423
YOR336W,YAL058W,0,-0.091376185,0.23984336853027344,0.9722222089767456,0.3108486831188202
YGL070C,YKL002W,0,-0.09173037,0.23978468775749207,0.9722222089767456,0.31094875931739807
YML002W,YNR072W,0,-0.09179005,0.2397260218858719,0.9722222089767456,0.31104883551597595
YKR075C,YEL059C-A,0,-0.09214964,0.2396674007177353,0.9722222089767456,0.31114891171455383
YER117W,YMR163C,0,-0.09219819,0.23960880935192108,0.9722222089767456,0.3112489879131317
YPL226W,YGR086C,0,-0.09231575,0.23955023288726807,0.9722222089767456,0.311349093914032
YDR194C,YML028W,0,-0.09246729,0.23949168622493744,0.9722222089767456,0.31144917011260986
YHL027W,YBR180W,0,-0.093367055,0.2394331842660904,0.9722222089767456,0.31154924631118774
YJL140W,YOR251C,0,-0.09378864,0.23937469720840454,0.9722222089767456,0.3116493225097656
YNL136W,YMR246W,0,-0.09393121,0.23931623995304108,0.9722222089767456,0.3117493987083435
YER021W,YDR352W,0,-0.0950592,0.2392578125,0.9722222089767456,0.3118494749069214
YKR075C,YLR216C,0,-0.09523393,0.2391994148492813,0.9722222089767456,0.31194955110549927
YOL022C,YML052W,0,-0.09537475,0.239141047000885,0.9722222089767456,0.31204962730407715
YDL128W,YLR243W,0,-0.096036315,0.2390827089548111,0.9722222089767456,0.3121497333049774
YFL054C,YDL148C,0,-0.09622283,0.23902438580989838,0.9722222089767456,0.3122498095035553
YBL102W,YNL019C,0,-0.096491545,0.23896610736846924,0.9722222089767456,0.3123498857021332
YHL044W,YDR078C,0,-0.09711377,0.2389078438282013,0.9722222089767456,0.31244996190071106
YNL190W,YGR280C,0,-0.0972917,0.23884962499141693,0.9722222089767456,0.31255003809928894
YLR034C,YER074W-A,0,-0.097648904,0.23879142105579376,0.9722222089767456,0.3126501142978668
YPR109W,YML007W,0,-0.0980032,0.23873324692249298,0.9722222089767456,0.3127501904964447
YOR044W,YFR049W,0,-0.098697856,0.2386751025915146,0.9722222089767456,0.3128502666950226
YDL148C,YBR136W,0,-0.09927326,0.23861698806285858,0.9722222089767456,0.31295037269592285
YOL092W,YBR114W,0,-0.0995823,0.23855890333652496,0.9722222089767456,0.31305044889450073
YPR137C-B,YJR065C,0,-0.10004589,0.23850084841251373,0.9722222089767456,0.3131505250930786
YNL301C,YMR058W,0,-0.10025182,0.2384428232908249,0.9722222089767456,0.3132506012916565
YHR005C,YER074W-A,0,-0.10042293,0.23838482797145844,0.9722222089767456,0.3133506774902344
YPR042C,YGL228W,0,-0.10066871,0.23832684755325317,0.9722222089767456,0.31345075368881226
YNR026C,YKL148C,0,-0.10088455,0.2382688969373703,0.9722222089767456,0.31355082988739014
YML002W,YGL139W,0,-0.10156076,0.238210991024971,0.9722222089767456,0.313650906085968
YGR109W-A,YNR028W,0,-0.10161411,0.2381531000137329,0.9722222089767456,0.3137510120868683
YJL130C,YJL155C,0,-0.10192974,0.2380952388048172,0.9722222089767456,0.31385108828544617
YNR074C,YGR204W,0,-0.10258646,0.23803740739822388,0.9722222089767456,0.31395116448402405
YHL044W,YNL169C,0,-0.10284221,0.23797960579395294,0.9722222089767456,0.31405124068260193
YDR210W-A,YGL173C,0,-0.1041416,0.2379218190908432,0.9722222089767456,0.3141513168811798
YJL008C,YPL040C,0,-0.10427394,0.23786407709121704,0.9722222089767456,0.3142513930797577
YGR109W-A,YPR133C,0,-0.10453634,0.23780636489391327,0.9722222089767456,0.31435146927833557
YDR322W,YML062C,0,-0.104649715,0.2377486675977707,0.9722222089767456,0.31445157527923584
YGR134W,YDL211C,0,-0.10627193,0.2376910001039505,0.9722222089767456,0.3145516514778137
YGR036C,YMR265C,0,-0.10706067,0.2376333624124527,0.9722222089767456,0.3146517276763916
YOL087C,YLR361C,0,-0.10786246,0.23757575452327728,0.9722222089767456,0.3147518038749695
YPL099C,YOR188W,0,-0.10836922,0.23751817643642426,0.9722222089767456,0.31485188007354736
YGL105W,YDR533C,0,-0.10920422,0.23746062815189362,0.9722222089767456,0.31495195627212524
YGR121C,YGL082W,0,-0.10934053,0.23740309476852417,0.9722222089767456,0.3150520324707031
YGL012W,YGR016W,0,-0.109732196,0.2373456060886383,0.9722222089767456,0.315152108669281
YMR186W,YBR266C,0,-0.109951735,0.23728813230991364,0.9722222089767456,0.3152522146701813
YNL138W-A,YMR148W,0,-0.11120337,0.23723068833351135,0.9722222089767456,0.31535229086875916
YBR127C,YMR235C,0,-0.111362025,0.23717328906059265,0.9722222089767456,0.31545236706733704
YDL133W,YBL016W,0,-0.11186239,0.23711588978767395,0.9722222089767456,0.3155524432659149
YDL102W,YCR060W,0,-0.112084106,0.23705853521823883,0.9722222089767456,0.3156525194644928
YMR032W,YML040W,0,-0.112409845,0.2370012104511261,0.9722222089767456,0.3157525956630707
YKL056C,YMR265C,0,-0.11247529,0.23694390058517456,0.9722222089767456,0.31585267186164856
YPR149W,YDL234C,0,-0.1129992,0.2368866354227066,0.9722222089767456,0.31595274806022644
YBL104C,YCL012W,0,-0.1131912,0.23682938516139984,0.9722222089767456,0.3160528540611267
YNL242W,YPR003C,0,-0.11393498,0.23677216470241547,0.9722222089767456,0.3161529302597046
YMR058W,YOL086W-A,0,-0.11413966,0.23671497404575348,0.9722222089767456,0.31625300645828247
YIL095W,YPR112C,0,-0.11470052,0.23665781319141388,0.9722222089767456,0.31635308265686035
YMR163C,YHR066W,0,-0.115756765,0.23660068213939667,0.9722222089767456,0.31645315885543823
YCL050C,YBR127C,0,-0.11584668,0.23654356598854065,0.9722222089767456,0.3165532350540161
YGR276C,YDL148C,0,-0.11636332,0.23648647964000702,0.9722222089767456,0.316653311252594
YPL244C,YDR338C,0,-0.11689882,0.23642943799495697,0.9722222089767456,0.31675341725349426
YLR053C,YNR040W,0,-0.1169734,0.23637241125106812,0.9722222089767456,0.31685349345207214
YLR309C,YNL240C,0,-0.117139995,0.23631541430950165,0.9722222089767456,0.31695356965065
YOR290C,YOL124C,0,-0.11755273,0.23625843226909637,0.9722222089767456,0.3170536458492279
YGR085C,YJL225C,0,-0.11773983,0.23620149493217468,0.9722222089767456,0.3171537220478058
YBR154C,YOL087C,0,-0.118224725,0.23614457249641418,0.9722222089767456,0.31725379824638367
YMR247C,YGR194C,0,-0.11845507,0.23608769476413727,0.9722222089767456,0.31735387444496155
YIL159W,YHR206W,0,-0.11861022,0.23603083193302155,0.9722222089767456,0.31745395064353943
YDR358W,YBL076C,0,-0.118626155,0.2359739989042282,0.9722222089767456,0.3175540566444397
YBL104C,YHL012W,0,-0.11902551,0.23591719567775726,0.9722222089767456,0.3176541328430176
YPR007C,YNL126W,0,-0.11917575,0.2358604073524475,0.9722222089767456,0.31775420904159546
YLR138W,YPR161C,0,-0.11962601,0.23580366373062134,0.9722222089767456,0.31785428524017334
YML028W,YKL061W,0,-0.11969611,0.23574693500995636,0.9722222089767456,0.3179543614387512
YPL270W,YJL130C,0,-0.120381504,0.23569023609161377,0.9722222089767456,0.3180544376373291
YBR275C,YDL067C,0,-0.121434376,0.23563356697559357,0.9722222089767456,0.318154513835907
YBR235W,YPL270W,0,-0.12206711,0.23557692766189575,0.9722222089767456,0.31825459003448486
YHR046C,YGL082W,0,-0.12315769,0.23552030324935913,0.9722222089767456,0.31835469603538513
YDR200C,YKR035W-A,0,-0.123807654,0.2354637235403061,0.9722222089767456,0.318454772233963
YLL018C-A,YJR106W,0,-0.12406545,0.23540715873241425,0.9722222089767456,0.3185548484325409
YHR035W,YGL157W,0,-0.12408748,0.2353506237268448,0.9722222089767456,0.3186549246311188
YPL273W,YCR093W,0,-0.124383375,0.23529411852359772,0.9722222089767456,0.31875500082969666
YBR055C,YPL092W,0,-0.1254576,0.23523764312267303,0.9722222089767456,0.31885507702827454
YJL096W,YNL295W,0,-0.12563427,0.23518118262290955,0.9722222089767456,0.3189551532268524
YGR169C-A,YNR070W,0,-0.12681979,0.23512476682662964,0.9722222089767456,0.3190552294254303
YHL039W,YBL034C,0,-0.12712628,0.23506836593151093,0.9722222089767456,0.31915533542633057
YOR177C,YBR108W,0,-0.12713465,0.2350119948387146,0.9722222089767456,0.31925541162490845
YMR304W,YHR206W,0,-0.1274039,0.23495565354824066,0.9722222089767456,0.31935548782348633
YDR227W,YLR312W-A,0,-0.12765701,0.23489932715892792,0.9722222089767456,0.3194555640220642
YJL046W,YDR400W,0,-0.12807015,0.23484304547309875,0.9722222089767456,0.3195556402206421
YDR093W,YDR078C,0,-0.1281707,0.2347867786884308,0.9722222089767456,0.31965571641921997
YPL130W,YPL066W,0,-0.1284564,0.2347305417060852,0.9722222089767456,0.31975579261779785
YAL021C,YBL005W-A,0,-0.12904286,0.234674334526062,0.9722222089767456,0.3198558986186981
YAL053W,YDL206W,0,-0.12937762,0.2346181422472,0.9722222089767456,0.319955974817276
YPR109W,YEL069C,0,-0.12940069,0.2345619946718216,0.9722222089767456,0.3200560510158539
YLR201C,YDR444W,0,-0.13010402,0.23450586199760437,0.9722222089767456,0.32015612721443176
YNL136W,YMR052W,0,-0.1312937,0.23444975912570953,0.9722222089767456,0.32025620341300964
YPL264C,YDR545W,0,-0.1319637,0.23439368605613708,0.9722222089767456,0.3203562796115875
YCL029C,YCL012W,0,-0.13247934,0.23433764278888702,0.9722222089767456,0.3204563558101654
YOR290C,YOL107W,0,-0.13256645,0.23428161442279816,0.9722222089767456,0.3205564320087433
YPL009C,YHR147C,0,-0.13295884,0.23422561585903168,0.9722222089767456,0.32065653800964355
YKR067W,YGL092W,0,-0.13314883,0.23416964709758759,0.9722222089767456,0.32075661420822144
YKR007W,YOL005C,0,-0.13339625,0.23411370813846588,0.9722222089767456,0.3208566904067993
YHR035W,YER114C,0,-0.13397194,0.23405779898166656,0.9722222089767456,0.3209567666053772
YMR046C,YJR041C,0,-0.13418834,0.23400190472602844,0.9722222089767456,0.3210568428039551
YMR046C,YHR164C,0,-0.13552116,0.2339460551738739,0.9722222089767456,0.32115691900253296
YCL050C,YBR220C,0,-0.13555743,0.23389022052288055,0.9722222089767456,0.32125699520111084
YOR086C,YNR004W,0,-0.13584027,0.2338344007730484,0.9722222089767456,0.3213570713996887
YDL117W,YLR312W-A,0,-0.13593619,0.23377862572669983,0.9722222089767456,0.321457177400589
YCR060W,YNL169C,0,-0.13597776,0.23372286558151245,0.9722222089767456,0.32155725359916687
YMR020W,YGR158C,0,-0.13601337,0.23366715013980865,0.9722222089767456,0.32165732979774475
YCL029C,YPR169W,0,-0.1364659,0.23361144959926605,0.9722222089767456,0.32175740599632263
YDR034W-B,YNL221C,0,-0.1366949,0.23355576395988464,0.9722222089767456,0.3218574821949005
YGL070C,YGR086C,0,-0.13823046,0.23350012302398682,0.9722222089767456,0.3219575583934784
YOR171C,YLR221C,0,-0.13845916,0.23344449698925018,0.9722222089767456,0.3220576345920563
YBR024W,YPL099C,0,-0.13961361,0.23338890075683594,0.9722222089767456,0.32215774059295654
YDR227W,YER076C,0,-0.14042692,0.23333333432674408,0.9722222089767456,0.3222578167915344
YDL122W,YGR060W,0,-0.14071079,0.2332777976989746,0.9722222089767456,0.3223578929901123
YOR159C,YJR041C,0,-0.1409487,0.23322227597236633,0.9722222089767456,0.3224579691886902
YML065W,YJL225C,0,-0.14375181,0.23316678404808044,0.9722222089767456,0.32255804538726807
YMR296C,YOR020W-A,0,-0.14608996,0.23311132192611694,0.9722222089767456,0.32265812158584595
YJL140W,YDR158W,0,-0.14645405,0.23305588960647583,0.9722222089767456,0.32275819778442383
YLR265C,YGL200C,0,-0.14755526,0.2330004721879959,0.9722222089767456,0.3228582739830017
YLR411W,YGL082W,0,-0.14809577,0.23294508457183838,0.9722222089767456,0.322958379983902
YBR246W,YLR172C,1,-0.14874806,0.23312737047672272,0.9732142686843872,0.322958379983902
YGL043W,YAL022C,0,-0.1488438,0.23307198286056519,0.9732142686843872,0.32305845618247986
YOR172W,YJL108C,0,-0.14926125,0.23301662504673004,0.9732142686843872,0.32315853238105774
YHL021C,YMR247C,0,-0.14967525,0.23296129703521729,0.9732142686843872,0.3232586085796356
YKL152C,YPL066W,0,-0.15000942,0.23290598392486572,0.9732142686843872,0.3233586847782135
YHR057C,YBR171W,0,-0.15077214,0.23285070061683655,0.9732142686843872,0.3234587609767914
YBR127C,YER146W,0,-0.15104936,0.23279544711112976,0.9732142686843872,0.32355883717536926
YKR023W,YMR004W,0,-0.15252732,0.23274020850658417,0.9732142686843872,0.32365891337394714
YMR032W,YNL315C,0,-0.15256657,0.23268501460552216,0.9732142686843872,0.3237590193748474
YDR134C,YDL103C,0,-0.15257831,0.23262983560562134,0.9732142686843872,0.3238590955734253
YML106W,YLL055W,0,-0.15303387,0.2325746864080429,0.9732142686843872,0.3239591717720032
YPL189W,YJL206C,0,-0.15397726,0.23251955211162567,0.9732142686843872,0.32405924797058105
YMR137C,YBL003C,0,-0.15445426,0.23246444761753082,0.9732142686843872,0.32415932416915894
YBR058C-A,YDL179W,0,-0.15459108,0.23240938782691956,0.9732142686843872,0.3242594003677368
YBR233W-A,YLR023C,0,-0.15529718,0.2323543280363083,0.9732142686843872,0.3243594765663147
YMR121C,YMR174C,0,-0.15587753,0.2322993129491806,0.9732142686843872,0.3244595527648926
YKL018W,YBR108W,0,-0.15617135,0.2322443127632141,0.9732142686843872,0.32455965876579285
YDR478W,YOR045W,0,-0.15686245,0.23218934237957,0.9732142686843872,0.3246597349643707
YDL067C,YNR040W,0,-0.15690927,0.2321344017982483,0.9732142686843872,0.3247598111629486
YBL067C,YCR080W,0,-0.15722023,0.23207949101924896,0.9732142686843872,0.3248598873615265
YPR032W,YGR169C-A,0,-0.15795605,0.23202459514141083,0.9732142686843872,0.32495996356010437
YER046W,YFL002W-A,0,-0.15818663,0.23196972906589508,0.9732142686843872,0.32506003975868225
YNL009W,YLR284C,0,-0.15868424,0.23191489279270172,0.9732142686843872,0.32516011595726013
YER184C,YER019W,0,-0.15872765,0.23186008632183075,0.9732142686843872,0.3252602219581604
YKR075C,YCR060W,0,-0.15895538,0.23180529475212097,0.9732142686843872,0.3253602981567383
YPL082C,YOR056C,0,-0.15950523,0.23175053298473358,0.9732142686843872,0.32546037435531616
YBR034C,YLR258W,0,-0.15978946,0.23169580101966858,0.9732142686843872,0.32556045055389404
YDR016C,YKL002W,0,-0.16038765,0.23164108395576477,0.9732142686843872,0.3256605267524719
YMR202W,YLR141W,0,-0.16103277,0.23158639669418335,0.9732142686843872,0.3257606029510498
YOR086C,YJL155C,0,-0.16128545,0.23153173923492432,0.9732142686843872,0.3258606791496277
YLR193C,YJR149W,0,-0.16170996,0.23147711157798767,0.9732142686843872,0.32596075534820557
YOR159C,YJL206C,0,-0.16185258,0.23142249882221222,0.9732142686843872,0.32606086134910583
YLR421C,YHL039W,0,-0.16193862,0.23136793076992035,0.9732142686843872,0.3261609375476837
YNL295W,YNL102W,0,-0.16208278,0.23131336271762848,0.9732142686843872,0.3262610137462616
YOL092W,YPR070W,0,-0.16215906,0.2312588393688202,0.9732142686843872,0.3263610899448395
YKR071C,YDR519W,0,-0.16256018,0.2312043309211731,0.9732142686843872,0.32646116614341736
YCL032W,YBL003C,0,-0.16257866,0.2311498522758484,0.9732142686843872,0.32656124234199524
YDL185W,YMR233W,0,-0.16285278,0.23109540343284607,0.9732142686843872,0.3266613185405731
YMR304W,YNR004W,0,-0.16356756,0.23104098439216614,0.9732142686843872,0.326761394739151
YHR033W,YDR504C,0,-0.1640728,0.2309865802526474,0.9732142686843872,0.32686150074005127
YJL081C,YGR049W,0,-0.16523708,0.23093220591545105,0.9732142686843872,0.32696157693862915
YER124C,YJR123W,0,-0.16565034,0.2308778464794159,0.9732142686843872,0.32706165313720703
YOR262W,YCR087C-A,0,-0.16622005,0.23082353174686432,0.9732142686843872,0.3271617293357849
YGR169C-A,YJR110W,0,-0.16729473,0.23076923191547394,0.9732142686843872,0.3272618055343628
YCL037C,YNL242W,0,-0.16750415,0.23071496188640594,0.9732142686843872,0.3273618817329407
YNL315C,YML068W,0,-0.16796406,0.23066070675849915,0.9732142686843872,0.32746195793151855
YGL033W,YGL043W,0,-0.16911717,0.23060648143291473,0.9732142686843872,0.3275620639324188
YGL005C,YLR133W,0,-0.16944827,0.2305522859096527,0.9732142686843872,0.3276621401309967
YOL073C,YDR080W,0,-0.16950352,0.23049812018871307,0.9732142686843872,0.3277622163295746
YJR112W,YMR128W,0,-0.16980416,0.23044396936893463,0.9732142686843872,0.32786229252815247
YDR201W,YGR271C-A,0,-0.17068197,0.23038984835147858,0.9732142686843872,0.32796236872673035
YBR141C,YPL191C,0,-0.1707076,0.2303357571363449,0.9732142686843872,0.3280624449253082
YBR279W,YGL082W,0,-0.17078936,0.23028169572353363,0.9732142686843872,0.3281625211238861
YOR299W,YBL005W-B,0,-0.17121418,0.23022764921188354,0.9732142686843872,0.328262597322464
YHR064C,YOR075W,0,-0.17121772,0.23017363250255585,0.9732142686843872,0.32836270332336426
YJL035C,YKL200C,0,-0.17286138,0.23011963069438934,0.9732142686843872,0.32846277952194214
YMR139W,YJL127C-A,0,-0.17365743,0.23006565868854523,0.9732142686843872,0.32856285572052
YHL018W,YDR033W,0,-0.1740859,0.2300117164850235,0.9732142686843872,0.3286629319190979
YCR046C,YDR358W,0,-0.17434739,0.22995780408382416,0.9732142686843872,0.3287630081176758
YCR044C,YBR069C,0,-0.17450072,0.229903906583786,0.9732142686843872,0.32886308431625366
YNL223W,YOR298C-A,0,-0.17487597,0.22985005378723145,0.9732142686843872,0.32896316051483154
YDL165W,YBR171W,0,-0.17533089,0.22979620099067688,0.9732142686843872,0.3290632367134094
YCL012W,YBR171W,0,-0.17654954,0.2297423928976059,0.9732142686843872,0.3291633427143097
YLL018C-A,YKR063C,0,-0.17666475,0.2296885997056961,0.9732142686843872,0.3292634189128876
YCR096C,YER019W,0,-0.17689909,0.2296348363161087,0.9732142686843872,0.32936349511146545
YHL047C,YHR175W,0,-0.17832287,0.2295810878276825,0.9732142686843872,0.32946357131004333
YLR056W,YDL004W,0,-0.17895304,0.22952736914157867,0.9732142686843872,0.3295636475086212
YER165W,YHR168W,0,-0.17914622,0.22947368025779724,0.9732142686843872,0.3296637237071991
YMR266W,YGR215W,0,-0.17940538,0.2294200211763382,0.9732142686843872,0.329763799905777
YGL114W,YNL067W,0,-0.18023698,0.22936637699604034,0.9732142686843872,0.32986390590667725
YNL295W,YGL031C,0,-0.18036479,0.22931276261806488,0.9732142686843872,0.3299639821052551
YDR510W,YCL050C,0,-0.18058549,0.2292591780424118,0.9732142686843872,0.330064058303833
YJL206C,YMR294W,0,-0.18120313,0.22920560836791992,0.9732142686843872,0.3301641345024109
YGR277C,YLL006W,0,-0.18230611,0.22915206849575043,0.9732142686843872,0.33026421070098877
YGR109W-A,YDR504C,0,-0.18232743,0.22909855842590332,0.9732142686843872,0.33036428689956665
YDR381C-A,YJL080C,0,-0.18251927,0.2290450632572174,0.9732142686843872,0.33046436309814453
YGR169C-A,YDR080W,0,-0.18323766,0.22899159789085388,0.9732142686843872,0.3305644392967224
YOR044W,YLL040C,0,-0.18395548,0.22893816232681274,0.9732142686843872,0.3306645452976227
YGL250W,YGL082W,0,-0.18412803,0.2288847416639328,0.9732142686843872,0.33076462149620056
YKL057C,YKL209C,0,-0.18441792,0.22883135080337524,0.9732142686843872,0.33086469769477844
YOR017W,YDR091C,0,-0.18453752,0.22877798974514008,0.9732142686843872,0.3309647738933563
YPL184C,YKL089W,0,-0.18499544,0.2287246435880661,0.9732142686843872,0.3310648500919342
YJL209W,YIL044C,0,-0.18511038,0.22867132723331451,0.9732142686843872,0.3311649262905121
YGR063C,YBR266C,0,-0.185328,0.22861804068088531,0.9732142686843872,0.33126500248908997
YDR077W,YGL200C,0,-0.18540269,0.2285647690296173,0.9732142686843872,0.33136507868766785
YBR059C,YOL016C,0,-0.18551674,0.2285115271806717,0.9732142686843872,0.3314651846885681
YPR115W,YPL130W,0,-0.18559404,0.22845831513404846,0.9732142686843872,0.331565260887146
YEL059C-A,YDR225W,0,-0.18579087,0.22840511798858643,0.9732142686843872,0.3316653370857239
YAR033W,YGR169C-A,0,-0.18620963,0.22835195064544678,0.9732142686843872,0.33176541328430176
YDR194C,YER107C,0,-0.18723142,0.22829881310462952,0.9732142686843872,0.33186548948287964
YER010C,YBR154C,0,-0.18795364,0.22824569046497345,0.9732142686843872,0.3319655656814575
YGR098C,YER165W,0,-0.1880566,0.22819259762763977,0.9732142686843872,0.3320656418800354
YKL141W,YOL159C,0,-0.1884976,0.22813953459262848,0.9732142686843872,0.3321657180786133
YLL012W,YIL044C,0,-0.18921487,0.22808648645877838,0.9732142686843872,0.33226582407951355
YLR138W,YKL214C,0,-0.19023174,0.22803346812725067,0.9732142686843872,0.33236590027809143
YNL138W-A,YGL253W,0,-0.19063516,0.22798047959804535,0.9732142686843872,0.3324659764766693
YKR049C,YHR044C,0,-0.19093956,0.22792750597000122,0.9732142686843872,0.3325660526752472
YJR150C,YIR036C,0,-0.19118382,0.22787456214427948,0.9732142686843872,0.3326661288738251
YNL138W-A,YKL034W,0,-0.19166966,0.22782164812088013,0.9732142686843872,0.33276620507240295
YGL039W,YDL098C,0,-0.192115,0.22776874899864197,0.9732142686843872,0.33286628127098083
YDL099W,YGR049W,0,-0.19273083,0.2277158796787262,0.9732142686843872,0.3329663872718811
YPL264C,YJL206C,0,-0.19391938,0.22766302525997162,0.9732142686843872,0.333066463470459
YPL273W,YGL179C,0,-0.19664086,0.22761021554470062,0.9732142686843872,0.33316653966903687
YJL160C,YKL160W,0,-0.19698985,0.22755740582942963,0.9732142686843872,0.33326661586761475
YLR409C,YGR036C,0,-0.19710086,0.2275046408176422,0.9732142686843872,0.3333666920661926
YDR214W,YJL080C,0,-0.19745837,0.227451890707016,0.9732142686843872,0.3334667682647705
YPL179W,YLR299W,0,-0.19762827,0.22739917039871216,0.9732142686843872,0.3335668444633484
YLR453C,YER074W-A,0,-0.19769566,0.22734646499156952,0.9732142686843872,0.33366692066192627
YER067W,YFL041W,0,-0.19797458,0.22729378938674927,0.9732142686843872,0.33376702666282654
YOR336W,YCR040W,0,-0.19827947,0.2272411435842514,0.9732142686843872,0.3338671028614044
YBR301W,YCL012W,0,-0.19856387,0.22718851268291473,0.9732142686843872,0.3339671790599823
YHR005C,YNL328C,0,-0.19919087,0.22713591158390045,0.9732142686843872,0.3340672552585602
YCR097WB,YCL024W,0,-0.19931957,0.22708334028720856,0.9732142686843872,0.33416733145713806
YFL009W,YHR143W-A,0,-0.19937603,0.22703078389167786,0.9732142686843872,0.33426740765571594
YML039W,YDR461W,0,-0.19948389,0.22697825729846954,0.9732142686843872,0.3343674838542938
YGR060W,YGR074W,0,-0.20146175,0.22692574560642242,0.9732142686843872,0.3344675600528717
YDR317W,YBL005W-A,0,-0.20150964,0.2268732637166977,0.9732142686843872,0.334567666053772
YJL102W,YNL135C,0,-0.20271426,0.22682081162929535,0.9732142686843872,0.33466774225234985
YIL171W,YJL055W,0,-0.20294772,0.2267683744430542,0.9732142686843872,0.33476781845092773
YBL067C,YIL065C,0,-0.20317884,0.22671596705913544,0.9732142686843872,0.3348678946495056
YPL042C,YHL018W,0,-0.20374592,0.22666358947753906,0.9732142686843872,0.3349679708480835
YBL067C,YPR133C,0,-0.20395054,0.22661122679710388,0.9732142686843872,0.3350680470466614
YOR086C,YDR486C,0,-0.20400001,0.2265588939189911,0.9732142686843872,0.33516812324523926
YHR129C,YER182W,0,-0.20420182,0.2265065759420395,0.9732142686843872,0.3352682292461395
YCL058W-A,YCR040W,0,-0.20423289,0.22645428776741028,0.9732142686843872,0.3353683054447174
YOL124C,YNL056W,0,-0.2050553,0.22640202939510345,0.9732142686843872,0.3354683816432953
YBR235W,YML052W,0,-0.20509821,0.22634978592395782,0.9732142686843872,0.33556845784187317
YNL194C,YHR206W,0,-0.20531796,0.22629757225513458,0.9732142686843872,0.33566853404045105
YML040W,YPL209C,0,-0.20633747,0.22624538838863373,0.9732142686843872,0.33576861023902893
YNR020C,YHR129C,0,-0.20661478,0.22619321942329407,0.9732142686843872,0.3358686864376068
YLR079W,YKL002W,0,-0.20697765,0.2261410802602768,0.9732142686843872,0.3359687626361847
YNL053W,YLR359W,0,-0.20760153,0.22608895599842072,0.9732142686843872,0.33606886863708496
YDL171C,YDL216C,0,-0.20770504,0.22603686153888702,0.9732142686843872,0.33616894483566284
YDR337W,YMR304W,0,-0.20856221,0.22598479688167572,0.9732142686843872,0.3362690210342407
YOR177C,YFR032C-A,0,-0.20877618,0.2259327471256256,0.9732142686843872,0.3363690972328186
YLR271W,YDR236C,0,-0.20884506,0.2258807271718979,0.9732142686843872,0.3364691734313965
YOL149W,YBL105C,0,-0.20937207,0.22582872211933136,0.9732142686843872,0.33656924962997437
YOR382W,YOR356W,0,-0.20981292,0.2257767617702484,0.9732142686843872,0.33666932582855225
YDR373W,YOL026C,0,-0.20985185,0.22572480142116547,0.9732142686843872,0.3367694020271301
YNL055C,YAL062W,0,-0.21070407,0.2256728708744049,0.9732142686843872,0.3368695080280304
YAL035W,YDR362C,0,-0.21104799,0.22562097012996674,0.9732142686843872,0.3369695842266083
YGR250C,YKR039W,0,-0.21156044,0.22556909918785095,0.9732142686843872,0.33706966042518616
YLR034C,YOR355W,0,-0.2116794,0.22551724314689636,0.9732142686843872,0.33716973662376404
YGR109W-A,YGL186C,0,-0.21204008,0.22546541690826416,0.9732142686843872,0.3372698128223419
YCR034W,YKL171W,0,-0.21225007,0.22541360557079315,0.9732142686843872,0.3373698890209198
YGL134W,YOL002C,0,-0.21252842,0.22536182403564453,0.9732142686843872,0.3374699652194977
YMR059W,YBL105C,0,-0.21259463,0.2253100574016571,0.9732142686843872,0.33757004141807556
YKL035W,YHR146W,0,-0.21302366,0.22525832056999207,0.9732142686843872,0.33767014741897583
YNL177C,YNL265C,0,-0.21322982,0.22520661354064941,0.9732142686843872,0.3377702236175537
YGR271W,YLR340W,1,-0.21331409,0.2253844439983368,0.9742063283920288,0.3377702236175537
YBR084W,YNR040W,0,-0.21337152,0.22533272206783295,0.9742063283920288,0.3378702998161316
YJR101W,YGL250W,0,-0.21376176,0.2252810299396515,0.9742063283920288,0.3379703760147095
YLR265C,YER072W,0,-0.21409878,0.22522935271263123,0.9742063283920288,0.33807045221328735
YNR074C,YOL049W,0,-0.21520281,0.22517770528793335,0.9742063283920288,0.33817052841186523
YPR161C,YJL209W,0,-0.21579276,0.22512608766555786,0.9742063283920288,0.3382706046104431
YDL119C,YGR016W,0,-0.21608831,0.22507448494434357,0.9742063283920288,0.3383707106113434
YLR328W,YOR045W,0,-0.21806249,0.22502291202545166,0.9742063283920288,0.33847078680992126
YDR117C,YDR328C,1,-0.21808767,0.22520045936107635,0.9751983880996704,0.33847078680992126
YJR009C,YGL049C,0,-0.2182029,0.22514887154102325,0.9751983880996704,0.33857086300849915
YDR200C,YMR246W,0,-0.21829356,0.22509731352329254,0.9751983880996704,0.338670939207077
YNL162W,YLR099C,0,-0.2193128,0.22504578530788422,0.9751983880996704,0.3387710154056549
YNL157W,YOR157C,0,-0.21997572,0.22499427199363708,0.9751983880996704,0.3388710916042328
YML007W,YNL135C,0,-0.22057565,0.22494278848171234,0.9751983880996704,0.33897116780281067
YMR295C,YIL010W,0,-0.22061047,0.22489133477210999,0.9751983880996704,0.33907124400138855
YGL044C,YNL113W,0,-0.22130917,0.22483989596366882,0.9751983880996704,0.3391713500022888
YER184C,YPR156C,0,-0.2223051,0.22478847205638885,0.9751983880996704,0.3392714262008667
YGL070C,YKL069W,0,-0.22232603,0.22473707795143127,0.9751983880996704,0.3393715023994446
YOR145C,YBR096W,0,-0.22268556,0.22468571364879608,0.9751983880996704,0.33947157859802246
YDR330W,YKR065C,0,-0.22289397,0.22463436424732208,0.9751983880996704,0.33957165479660034
YNL279W,YLR446W,0,-0.22345017,0.22458304464817047,0.9751983880996704,0.3396717309951782
YDR479C,YMR212C,0,-0.22359864,0.22453175485134125,0.9751983880996704,0.3397718071937561
YAL044C,YIL098C,0,-0.22376639,0.22448047995567322,0.9751983880996704,0.339871883392334
YBR276C,YCR071C,0,-0.22486512,0.22442921996116638,0.9751983880996704,0.33997198939323425
YGR109W-A,YOR076C,0,-0.2250949,0.22437798976898193,0.9751983880996704,0.34007206559181213
YNL026W,YPL009C,0,-0.22515981,0.22432678937911987,0.9751983880996704,0.34017214179039
YEL044W,YBR301W,0,-0.2254035,0.224275603890419,0.9751983880996704,0.3402722179889679
YNR040W,YCL061C,0,-0.2265104,0.22422444820404053,0.9751983880996704,0.3403722941875458
YNR071C,YML023C,0,-0.22675104,0.22417332231998444,0.9751983880996704,0.34047237038612366
YOR171C,YJL116C,0,-0.22688362,0.22412221133708954,0.9751983880996704,0.34057244658470154
YFR043C,YLR002C,0,-0.22692049,0.22407111525535583,0.9751983880996704,0.3406725525856018
YKR075C,YLR223C,0,-0.22817183,0.22402004897594452,0.9751983880996704,0.3407726287841797
YDR461W,YNL070W,0,-0.22839995,0.2239690124988556,0.9751983880996704,0.34087270498275757
YIR005W,YCR080W,0,-0.22920658,0.22391799092292786,0.9751983880996704,0.34097278118133545
YDR026C,YOL056W,0,-0.22921668,0.2238669991493225,0.9751983880996704,0.34107285737991333
YAL035W,YPR030W,0,-0.22934903,0.22381602227687836,0.9751983880996704,0.3411729335784912
YML043C,YBL003C,0,-0.22936676,0.2237650752067566,0.9751983880996704,0.3412730097770691
YBR141C,YPL166W,0,-0.2294158,0.22371415793895721,0.9751983880996704,0.341373085975647
YOR182C,YGR043C,0,-0.22972083,0.22366325557231903,0.9751983880996704,0.34147319197654724
YMR121C,YGR169C-A,1,-0.23045471,0.22383984923362732,0.976190447807312,0.34147319197654724
YJL038C,YOL040C,0,-0.23137121,0.22378894686698914,0.976190447807312,0.3415732681751251
YJL155C,YCL012W,0,-0.23199065,0.22373805940151215,0.976190447807312,0.341673344373703
YKR035W-A,YNL194C,0,-0.23213269,0.22368720173835754,0.976190447807312,0.3417734205722809
YDL220C,YDR266C,0,-0.2329595,0.22363635897636414,0.976190447807312,0.34187349677085876
YBL045C,YDL128W,0,-0.23333512,0.22358554601669312,0.976190447807312,0.34197357296943665
YCL012W,YMR004W,0,-0.23435973,0.22353476285934448,0.976190447807312,0.3420736491680145
YJL046W,YOR193W,0,-0.23451948,0.22348399460315704,0.976190447807312,0.3421737253665924
YLR300W,YJL136C,0,-0.23497017,0.2234332412481308,0.976190447807312,0.3422738313674927
YJR061W,YAL033W,0,-0.23541075,0.22338251769542694,0.976190447807312,0.34237390756607056
YHR122W,YBR131W,0,-0.23546119,0.22333182394504547,0.976190447807312,0.34247398376464844
YNR040W,YDR389W,0,-0.2360915,0.2232811450958252,0.976190447807312,0.3425740599632263
YOR209C,YKR067W,0,-0.23617472,0.2232304960489273,0.976190447807312,0.3426741361618042
YJR110W,YKR078W,0,-0.23686138,0.2231798619031906,0.976190447807312,0.3427742123603821
YLR188W,YBR204C,0,-0.23707363,0.2231292575597763,0.976190447807312,0.34287428855895996
YNL136W,YLR350W,0,-0.23827338,0.2230786681175232,0.976190447807312,0.34297436475753784
YFR032C-A,YPL162C,0,-0.23858614,0.22302810847759247,0.976190447807312,0.3430744707584381
YPL174C,YKL056C,0,-0.23913334,0.22297756373882294,0.976190447807312,0.343174546957016
YGR249W,YCR097W,0,-0.23944947,0.2229270488023758,0.976190447807312,0.34327462315559387
YLR206W,YHL012W,0,-0.24024282,0.22287656366825104,0.976190447807312,0.34337469935417175
YJL160C,YDR387C,0,-0.24043359,0.22282609343528748,0.976190447807312,0.34347477555274963
YDR463W,YPL012W,0,-0.2404568,0.2227756381034851,0.976190447807312,0.3435748517513275
YHR199C-A,YFL059W,0,-0.24088736,0.22272521257400513,0.976190447807312,0.3436749279499054
YLR384C,YCL063W,0,-0.24151842,0.22267481684684753,0.976190447807312,0.34377503395080566
YDR460W,YML011C,0,-0.24377075,0.22262443602085114,0.976190447807312,0.34387511014938354
YMR046C,YMR139W,0,-0.24482237,0.22257408499717712,0.976190447807312,0.3439751863479614
YHR076W,YPL170W,0,-0.24543051,0.2225237488746643,0.976190447807312,0.3440752625465393
YOR159C,YGR136W,0,-0.2469969,0.22247342765331268,0.976190447807312,0.3441753387451172
YBR235W,YAL042W,0,-0.24741831,0.22242315113544464,0.976190447807312,0.34427541494369507
YML082W,YML004C,0,-0.24764983,0.2223728746175766,0.976190447807312,0.34437549114227295
YML002W,YLR034C,0,-0.24801719,0.22232264280319214,0.976190447807312,0.34447556734085083
YDL161W,YHL018W,0,-0.24814877,0.22227242588996887,0.976190447807312,0.3445756733417511
YLR369W,YHL033C,0,-0.248178,0.2222222238779068,0.976190447807312,0.344675749540329
YAR033W,YGR036C,0,-0.24847889,0.22217205166816711,0.976190447807312,0.34477582573890686
YLR287C-A,YAL005C,1,-0.24851401,0.22234763205051422,0.9771825671195984,0.34477582573890686
YLR403W,YBL005W-B,0,-0.24900465,0.22229744493961334,0.9771825671195984,0.34487590193748474
YLR056W,YNR028W,0,-0.2490918,0.22224728763103485,0.9771825671195984,0.3449759781360626
YPL273W,YBL051C,0,-0.24926119,0.22219716012477875,0.9771825671195984,0.3450760543346405
YMR304W,YLR119W,0,-0.24947543,0.22214704751968384,0.9771825671195984,0.3451761305332184
YKL035W,YGL026C,0,-0.2505541,0.22209694981575012,0.9771825671195984,0.34527620673179626
YDL140C,YGL082W,0,-0.2505797,0.2220468819141388,0.9771825671195984,0.34537631273269653
YBR084W,YNL290W,0,-0.25144738,0.22199684381484985,0.9771825671195984,0.3454763889312744
YLR099C,YLR170C,0,-0.2523538,0.2219468206167221,0.9771825671195984,0.3455764651298523
YJL116C,YGR175C,0,-0.2536081,0.22189682722091675,0.9771825671195984,0.3456765413284302
YHR196W,YFL059W,0,-0.25451028,0.22184684872627258,0.9771825671195984,0.34577661752700806
YCR096C,YLR449W,0,-0.25488168,0.2217969000339508,0.9771825671195984,0.34587669372558594
YBL105C,YGL012W,0,-0.25490904,0.22174696624279022,0.9771825671195984,0.3459767699241638
YKR007W,YDR338C,0,-0.2553472,0.22169704735279083,0.9771825671195984,0.3460768759250641
YAR033W,YOL053C-A,0,-0.25593987,0.22164715826511383,0.9771825671195984,0.34617695212364197
YGL032C,YGR049W,0,-0.25628784,0.22159729897975922,0.9771825671195984,0.34627702832221985
YGR187C,YDR348C,0,-0.25650853,0.2215474545955658,0.9771825671195984,0.34637710452079773
YMR046C,YMR203W,0,-0.25710818,0.22149764001369476,0.9771825671195984,0.3464771807193756
YHR042W,YEL011W,0,-0.2578301,0.22144784033298492,0.9771825671195984,0.3465772569179535
YNL026W,YGL225W,0,-0.25834775,0.22139807045459747,0.9771825671195984,0.34667733311653137
YGR068C,YDR074W,0,-0.25853902,0.22134831547737122,0.9771825671195984,0.34677740931510925
YCL050C,YPR047W,0,-0.25932708,0.22129859030246735,0.9771825671195984,0.3468775153160095
YPR115W,YNL271C,0,-0.2604395,0.22124888002872467,0.9771825671195984,0.3469775915145874
YBL051C,YOR216C,0,-0.2605217,0.2211991846561432,0.9771825671195984,0.3470776677131653
YNL055C,YML007W,0,-0.26103744,0.2211495339870453,0.9771825671195984,0.34717774391174316
YGR036C,YBR146W,0,-0.2610803,0.2210998833179474,0.9771825671195984,0.34727782011032104
YER067W,YCL011C,0,-0.26158157,0.22105026245117188,0.9771825671195984,0.3473778963088989
YLR035C,YDR031W,0,-0.26164332,0.22100067138671875,0.9771825671195984,0.3474779725074768
YER138C,YKR104W,0,-0.26215884,0.22095109522342682,0.9771825671195984,0.3475780487060547
YER181C,YGR194C,0,-0.26216087,0.22090154886245728,0.9771825671195984,0.34767815470695496
YDR365C,YPL265W,0,-0.2626763,0.22085201740264893,0.9771825671195984,0.34777823090553284
YDR078C,YGR066C,0,-0.26322675,0.22080251574516296,0.9771825671195984,0.3478783071041107
YDR429C,YDR236C,0,-0.26381192,0.2207530289888382,0.9771825671195984,0.3479783833026886
YER144C,YDR511W,0,-0.26383328,0.22070355713367462,0.9771825671195984,0.3480784595012665
YDR295C,YDR134C,0,-0.26426414,0.22065411508083344,0.9771825671195984,0.34817853569984436
YMR296C,YJL155C,0,-0.26566967,0.22060470283031464,0.9771825671195984,0.34827861189842224
YOR152C,YLR369W,0,-0.26597747,0.22055530548095703,0.9771825671195984,0.3483786880970001
YMR061W,YPR052C,0,-0.26619694,0.22050593793392181,0.9771825671195984,0.3484787940979004
YMR269W,YFL030W,0,-0.26647723,0.2204565852880478,0.9771825671195984,0.34857887029647827
YML039W,YDR256C,0,-0.26672134,0.22040724754333496,0.9771825671195984,0.34867894649505615
YER184C,YNL328C,0,-0.2673433,0.22035793960094452,0.9771825671195984,0.34877902269363403
YBL004W,YGR125W,0,-0.26748434,0.22030866146087646,0.9771825671195984,0.3488790988922119
YML039W,YMR265C,0,-0.26752838,0.2202593982219696,0.9771825671195984,0.3489791750907898
YPR168W,YLR384C,0,-0.26769206,0.22021014988422394,0.9771825671195984,0.3490792512893677
YBL004W,YLR191W,0,-0.26801723,0.22016093134880066,0.9771825671195984,0.34917935729026794
YCR044C,YML014W,0,-0.26885366,0.22011172771453857,0.9771825671195984,0.3492794334888458
YML039W,YLR426W,0,-0.26935658,0.22006255388259888,0.9771825671195984,0.3493795096874237
YER114C,YKL069W,0,-0.26983276,0.22001339495182037,0.9771825671195984,0.3494795858860016
YDL101C,YGR016W,0,-0.2703375,0.21996426582336426,0.9771825671195984,0.34957966208457947
YDR478W,YPL098C,0,-0.27061057,0.21991516649723053,0.9771825671195984,0.34967973828315735
YMR296C,YFL034W,0,-0.27099577,0.2198660671710968,0.9771825671195984,0.34977981448173523
YNL055C,YBL005W-A,0,-0.27099797,0.21981701254844666,0.9771825671195984,0.3498798906803131
YOR044W,YHL012W,0,-0.27139273,0.2197679579257965,0.9771825671195984,0.3499799966812134
YDR479C,YLL040C,0,-0.27167413,0.21971893310546875,0.9771825671195984,0.35008007287979126
YLR002C,YLR350W,0,-0.27206364,0.21966993808746338,0.9771825671195984,0.35018014907836914
YDL206W,YML106W,0,-0.2721597,0.2196209579706192,0.9771825671195984,0.350280225276947
YHR203C,YGR169C-A,1,-0.27249995,0.21979491412639618,0.97817462682724,0.350280225276947
YJL209W,YOL053C-A,0,-0.27250123,0.219745934009552,0.97817462682724,0.3503803014755249
YLR375W,YGR272C,0,-0.27259615,0.21969696879386902,0.97817462682724,0.3504803776741028
YLR440C,YNL290W,0,-0.27286562,0.21964803338050842,0.97817462682724,0.35058045387268066
YDR362C,YHR196W,0,-0.27314386,0.21959911286830902,0.97817462682724,0.35068053007125854
YOL124C,YDR330W,0,-0.2738351,0.2195502072572708,0.97817462682724,0.3507806360721588
YMR295C,YNL245C,0,-0.27390143,0.219501331448555,0.97817462682724,0.3508807122707367
YHR199C-A,YGR090W,0,-0.27432403,0.21945248544216156,0.97817462682724,0.3509807884693146
YOL086W-A,YNR020C,0,-0.27471885,0.21940365433692932,0.97817462682724,0.35108086466789246
YOR142W,YML068W,0,-0.27485988,0.21935483813285828,0.97817462682724,0.35118094086647034
YFL054C,YBR251W,0,-0.27629355,0.21930605173110962,0.97817462682724,0.3512810170650482
YEL050C,YGL043W,0,-0.27672312,0.21925728023052216,0.97817462682724,0.3513810932636261
YJL223C,YJL099W,0,-0.2770264,0.21920853853225708,0.97817462682724,0.35148119926452637
YPR109W,YCR073C,0,-0.27714145,0.2191598117351532,0.97817462682724,0.35158127546310425
YPR009W,YDL004W,0,-0.27775952,0.2191111147403717,0.97817462682724,0.35168135166168213
YIL135C,YGR272C,0,-0.27778003,0.2190624326467514,0.97817462682724,0.35178142786026
YHL044W,YPL085W,0,-0.27793205,0.2190137654542923,0.97817462682724,0.3518815040588379
YLR053C,YNR070W,0,-0.27823815,0.21896512806415558,0.97817462682724,0.35198158025741577
YDL093W,YDR056C,0,-0.2787247,0.21891652047634125,0.97817462682724,0.35208165645599365
YPL174C,YBR175W,0,-0.27875814,0.2188679277896881,0.97817462682724,0.35218173265457153
YDR322W,YLR440C,0,-0.28006905,0.21881935000419617,0.97817462682724,0.3522818386554718
YCR048W,YMR251W-A,0,-0.28007254,0.2187708020210266,0.97817462682724,0.3523819148540497
YBR096W,YDR512C,0,-0.2809421,0.21872226893901825,0.97817462682724,0.35248199105262756
YIL066C,YGL082W,0,-0.2811226,0.21867376565933228,0.97817462682724,0.35258206725120544
YCR087C-A,YGR113W,0,-0.28133094,0.2186252772808075,0.97817462682724,0.3526821434497833
YPR112C,YCR005C,0,-0.2815102,0.2185768187046051,0.97817462682724,0.3527822196483612
YBR096W,YBL060W,0,-0.2815614,0.2185283750295639,0.97817462682724,0.3528822958469391
YBR055C,YMR276W,0,-0.28230754,0.2184799462556839,0.97817462682724,0.35298237204551697
YLR449W,YGL192W,0,-0.2825382,0.21843154728412628,0.97817462682724,0.35308247804641724
YEL012W,YGL134W,0,-0.28256193,0.21838316321372986,0.97817462682724,0.3531825542449951
YLR421C,YLR119W,0,-0.28284988,0.21833480894565582,0.97817462682724,0.353282630443573
YMR237W,YGL225W,0,-0.28337565,0.21828646957874298,0.97817462682724,0.3533827066421509
YFL043C,YPL243W,0,-0.2834905,0.21823816001415253,0.97817462682724,0.35348278284072876
YGL189C,YGR169C-A,1,-0.28361574,0.2184111475944519,0.9791666865348816,0.35348278284072876
YHL018W,YOL026C,0,-0.28375608,0.21836283802986145,0.9791666865348816,0.35358285903930664
YMR212C,YKL200C,0,-0.28443632,0.218314528465271,0.9791666865348816,0.3536829352378845
YML039W,YBL058W,0,-0.28449932,0.21826624870300293,0.9791666865348816,0.3537830412387848
YOL056W,YGL250W,0,-0.28463352,0.21821799874305725,0.9791666865348816,0.35388311743736267
YPL275W,YER182W,0,-0.2848024,0.21816976368427277,0.9791666865348816,0.35398319363594055
YJR007W,YOR058C,0,-0.2849689,0.21812154352664948,0.9791666865348816,0.35408326983451843
YMR288W,YGR169C-A,0,-0.2855977,0.21807335317134857,0.9791666865348816,0.3541833460330963
YIL016W,YIL014W,0,-0.28570127,0.21802517771720886,0.9791666865348816,0.3542834222316742
YER003C,YDR212W,0,-0.28580013,0.21797703206539154,0.9791666865348816,0.3543834984302521
YBR058C-A,YNL058C,0,-0.28609207,0.2179289013147354,0.9791666865348816,0.35448357462882996
YMR300C,YMR266W,0,-0.286144,0.21788080036640167,0.9791666865348816,0.3545836806297302
YCL003W,YGR172C,0,-0.2865175,0.21783271431922913,0.9791666865348816,0.3546837568283081
YNL030W,YER087W,0,-0.286966,0.21778464317321777,0.9791666865348816,0.354783833026886
YER059W,YGR245C,0,-0.2875642,0.2177366018295288,0.9791666865348816,0.35488390922546387
YOR233W,YKL209C,0,-0.2884332,0.21768857538700104,0.9791666865348816,0.35498398542404175
YDL122W,YML040W,0,-0.2887719,0.21764057874679565,0.9791666865348816,0.35508406162261963
YOL107W,YGR085C,0,-0.28910658,0.21759259700775146,0.9791666865348816,0.3551841378211975
YDR093W,YDR212W,0,-0.28959385,0.21754463016986847,0.9791666865348816,0.3552842140197754
YIL065C,YPL036W,0,-0.29010013,0.21749669313430786,0.9791666865348816,0.35538432002067566
YCR046C,YLR170C,0,-0.29024306,0.21744877099990845,0.9791666865348816,0.35548439621925354
YNR071C,YPR072W,0,-0.2903221,0.21740087866783142,0.9791666865348816,0.3555844724178314
YDR482C,YMR212C,0,-0.29037994,0.2173530012369156,0.9791666865348816,0.3556845486164093
YMR131C,YJL141C,0,-0.2906156,0.21730515360832214,0.9791666865348816,0.3557846248149872
YML028W,YER110C,0,-0.2911298,0.2172573208808899,0.9791666865348816,0.35588470101356506
YBL004W,YNL053W,0,-0.29165784,0.21720950305461884,0.9791666865348816,0.35598477721214294
YJL090C,YMR215W,0,-0.29177594,0.21716171503067017,0.9791666865348816,0.3560848534107208
YLR053C,YLR426W,0,-0.29445395,0.2171139419078827,0.9791666865348816,0.3561849594116211
YHL027W,YDR033W,0,-0.2947801,0.2170661985874176,0.9791666865348816,0.356285035610199
YHR199C-A,YMR059W,0,-0.29493055,0.2170184701681137,0.9791666865348816,0.35638511180877686
YNL194C,YLL052C,0,-0.29621166,0.216970756649971,0.9791666865348816,0.35648518800735474
YMR183C,YOL038W,0,-0.29700172,0.2169230729341507,0.9791666865348816,0.3565852642059326
YLR100W,YIR013C,0,-0.29703903,0.21687541902065277,0.9791666865348816,0.3566853404045105
YHR076W,YJR063W,0,-0.29835486,0.21682776510715485,0.9791666865348816,0.3567854166030884
YPR151C,YHR168W,0,-0.29852575,0.2167801409959793,0.9791666865348816,0.35688552260398865
YKL200C,YGL012W,0,-0.29873592,0.21673254668712616,0.9791666865348816,0.35698559880256653
YNL245C,YGL157W,0,-0.2988322,0.2166849672794342,0.9791666865348816,0.3570856750011444
YER181C,YGL031C,0,-0.2991981,0.21663740277290344,0.9791666865348816,0.3571857511997223
YOR142W,YPR047W,0,-0.29941797,0.21658986806869507,0.9791666865348816,0.35728582739830017
YBR233W-A,YGL070C,0,-0.299454,0.2165423482656479,0.9791666865348816,0.35738590359687805
YMR300C,YMR079W,0,-0.29975927,0.2164948433637619,0.9791666865348816,0.35748597979545593
YOL107W,YDR540C,0,-0.299977,0.2164473682641983,0.9791666865348816,0.3575860559940338
YHR029C,YMR009W,0,-0.30007198,0.2163999080657959,0.9791666865348816,0.3576861619949341
YML118W,YMR235C,0,-0.3003932,0.21635247766971588,0.9791666865348816,0.35778623819351196
YDL161W,YKL160W,0,-0.3006077,0.21630506217479706,0.9791666865348816,0.35788631439208984
YLR240W,YOL126C,0,-0.30069277,0.21625766158103943,0.9791666865348816,0.3579863905906677
YOR152C,YDR315C,0,-0.30109686,0.2162102907896042,0.9791666865348816,0.3580864667892456
YKL061W,YDL103C,0,-0.3013434,0.21616294980049133,0.9791666865348816,0.3581865429878235
YML046W,YLR390W-A,0,-0.30177507,0.21611560881137848,0.9791666865348816,0.35828661918640137
YLR053C,YDR091C,0,-0.302202,0.216068297624588,0.9791666865348816,0.35838669538497925
YPR135W,YBR297W,0,-0.3024523,0.21602101624011993,0.9791666865348816,0.3584868013858795
YGL038C,YGR230W,0,-0.3040106,0.21597373485565186,0.9791666865348816,0.3585868775844574
YLR403W,YPR063C,0,-0.30470923,0.21592649817466736,0.9791666865348816,0.3586869537830353
YAL043C,YLR271W,0,-0.30545422,0.21587926149368286,0.9791666865348816,0.35878702998161316
YOR045W,YKL015W,0,-0.30572784,0.21583205461502075,0.9791666865348816,0.35888710618019104
YPL209C,YPL199C,0,-0.3060619,0.21578487753868103,0.9791666865348816,0.3589871823787689
YMR046C,YLR075W,0,-0.30607104,0.2157377004623413,0.9791666865348816,0.3590872585773468
YPL179W,YFL041W,0,-0.30612364,0.21569055318832397,0.9791666865348816,0.35918736457824707
YIL005W,YKR023W,0,-0.30775392,0.21564343571662903,0.9791666865348816,0.35928744077682495
YHR046C,YML036W,0,-0.3086638,0.21559633314609528,0.9791666865348816,0.35938751697540283
YOL159C,YOR016C,0,-0.3102115,0.21554924547672272,0.9791666865348816,0.3594875931739807
YHR046C,YMR251W-A,0,-0.3106408,0.21550218760967255,0.9791666865348816,0.3595876693725586
YJL225C,YGL186C,0,-0.31101814,0.21545514464378357,0.9791666865348816,0.3596877455711365
YJL189W,YGR169C-A,1,-0.31176344,0.21562635898590088,0.9801587462425232,0.3596877455711365
YDR436W,YHR170W,0,-0.31195974,0.2155793160200119,0.9801587462425232,0.35978782176971436
YBL005W-B,YJL172W,0,-0.3120566,0.21553228795528412,0.9801587462425232,0.35988789796829224
YJL225C,YOR273C,0,-0.31227988,0.21548527479171753,0.9801587462425232,0.3599880039691925
YOR255W,YJL046W,0,-0.31274804,0.21543829143047333,0.9801587462425232,0.3600880801677704
YNL061W,YLR115W,0,-0.3133796,0.21539132297039032,0.9801587462425232,0.36018815636634827
YDR034W-B,YNL323W,0,-0.313882,0.2153443694114685,0.9801587462425232,0.36028823256492615
YJL046W,YGR172C,0,-0.31414953,0.21529744565486908,0.9801587462425232,0.36038830876350403
YPR149W,YNL030W,0,-0.31431147,0.21525055170059204,0.9801587462425232,0.3604883849620819
YPL099C,YAR018C,0,-0.3144619,0.215203657746315,0.9801587462425232,0.3605884611606598
YGL231C,YBR058C,0,-0.31575817,0.21515679359436035,0.9801587462425232,0.36068853735923767
YMR087W,YLR097C,0,-0.3163046,0.2151099443435669,0.9801587462425232,0.36078864336013794
YBR154C,YLR356W,0,-0.31630898,0.21506312489509583,0.9801587462425232,0.3608887195587158
YOR262W,YNL126W,0,-0.31646776,0.21501632034778595,0.9801587462425232,0.3609887957572937
YLR201C,YFL059W,0,-0.31779185,0.21496954560279846,0.9801587462425232,0.3610888719558716
YML095C,YGR158C,0,-0.3178591,0.21492277085781097,0.9801587462425232,0.36118894815444946
YJL003W,YMR243C,0,-0.31880048,0.21487602591514587,0.9801587462425232,0.36128902435302734
YBR069C,YIL107C,0,-0.31882825,0.21482931077480316,0.9801587462425232,0.3613891005516052
YOL073C,YGL192W,0,-0.31965092,0.21478261053562164,0.9801587462425232,0.3614891767501831
YBR235W,YHR150W,0,-0.3203929,0.21473592519760132,0.9801587462425232,0.3615892827510834
YNL295W,YMR137C,0,-0.3206475,0.21468926966190338,0.9801587462425232,0.36168935894966125
YCL011C,YHL003C,0,-0.32092646,0.21464262902736664,0.9801587462425232,0.36178943514823914
YJL209W,YPL265W,0,-0.32189894,0.2145960032939911,0.9801587462425232,0.361889511346817
YLR141W,YCL063W,0,-0.32247204,0.21454940736293793,0.9801587462425232,0.3619895875453949
YDL116W,YMR024W,0,-0.3230439,0.21450282633304596,0.9801587462425232,0.3620896637439728
YJR113C,YMR061W,0,-0.32328302,0.21445626020431519,0.9801587462425232,0.36218973994255066
YNR071C,YLR020C,0,-0.32346955,0.2144097238779068,0.9801587462425232,0.3622898459434509
YER021W,YLR141W,0,-0.32380137,0.2143632024526596,0.9801587462425232,0.3623899221420288
YGR109C,YFL052W,0,-0.32412648,0.2143166959285736,0.9801587462425232,0.3624899983406067
YNL146W,YCR030C,0,-0.32557115,0.21427021920681,0.9801587462425232,0.36259007453918457
YKL020C,YKL148C,0,-0.32561263,0.21422375738620758,0.9801587462425232,0.36269015073776245
YER133W,YLR446W,0,-0.32638994,0.21417732536792755,0.9801587462425232,0.36279022693634033
YMR266W,YAL022C,0,-0.3265418,0.21413090825080872,0.9801587462425232,0.3628903031349182
YOR094W,YML011C,0,-0.32689202,0.21408450603485107,0.9801587462425232,0.3629903793334961
YGL226C-A,YDR461W,0,-0.32714173,0.21403813362121582,0.9801587462425232,0.36309048533439636
YKR001C,YJL046W,0,-0.32714772,0.21399177610874176,0.9801587462425232,0.36319056153297424
YOL056W,YPL087W,0,-0.32736775,0.2139454334974289,0.9801587462425232,0.3632906377315521
YDR478W,YOL145C,0,-0.32770744,0.21389910578727722,0.9801587462425232,0.36339071393013
YER184C,YOL044W,0,-0.32866618,0.21385280787944794,0.9801587462425232,0.3634907901287079
YJR070C,YIL095W,0,-0.32881433,0.21380653977394104,0.9801587462425232,0.36359086632728577
YNL299W,YOL053C-A,0,-0.3295838,0.21376027166843414,0.9801587462425232,0.36369094252586365
YNL328C,YGR158C,0,-0.3297449,0.21371403336524963,0.9801587462425232,0.36379101872444153
YLR057W,YKR023W,0,-0.33001336,0.2136678248643875,0.9801587462425232,0.3638911247253418
YIL061C,YLR356W,0,-0.33184013,0.2136216163635254,0.9801587462425232,0.3639912009239197
YPL275W,YDR009W,0,-0.33231524,0.21357543766498566,0.9801587462425232,0.36409127712249756
YMR087W,YDR380W,0,-0.33267078,0.2135292887687683,0.9801587462425232,0.36419135332107544
YOR206W,YNL136W,0,-0.33282945,0.21348313987255096,0.9801587462425232,0.3642914295196533
YNR026C,YMR079W,0,-0.33289394,0.213437020778656,0.9801587462425232,0.3643915057182312
YBL011W,YML095C,0,-0.33315518,0.21339093148708344,0.9801587462425232,0.3644915819168091
YHL044W,YDR461W,0,-0.33319154,0.21334485709667206,0.9801587462425232,0.36459168791770935
YGR189C,YLL055W,0,-0.33354875,0.21329879760742188,0.9801587462425232,0.36469176411628723
YIL002C,YGR272C,0,-0.33372554,0.21325275301933289,0.9801587462425232,0.3647918403148651
YOL044W,YMR294W,0,-0.3354253,0.21320673823356628,0.9801587462425232,0.364891916513443
YKR049C,YMR293C,0,-0.3359449,0.21316073834896088,0.9801587462425232,0.3649919927120209
YKR067W,YOL006C,0,-0.33720717,0.21311475336551666,0.9801587462425232,0.36509206891059875
YPL132W,YOL002C,0,-0.33785304,0.21306879818439484,0.9801587462425232,0.36519214510917664
YBR231C,YJL099W,0,-0.33799163,0.2130228579044342,0.9801587462425232,0.3652922213077545
YDL161W,YCR007C,0,-0.3384609,0.21297693252563477,0.9801587462425232,0.3653923273086548
YLR052W,YGR049W,0,-0.3384964,0.21293103694915771,0.9801587462425232,0.36549240350723267
YDR322W,YKR039W,0,-0.33856842,0.21288515627384186,0.9801587462425232,0.36559247970581055
YKR095W-A,YPL092W,0,-0.33874223,0.2128392904996872,0.9801587462425232,0.3656925559043884
YKL071W,YPL199C,0,-0.33923867,0.21279345452785492,0.9801587462425232,0.3657926321029663
YAR031W,YPL191C,0,-0.3392461,0.21274763345718384,0.9801587462425232,0.3658927083015442
YER087W,YBL016W,0,-0.3393484,0.21270182728767395,0.9801587462425232,0.36599278450012207
YDR478W,YIR009W,0,-0.34080064,0.21265605092048645,0.9801587462425232,0.36609286069869995
YKR058W,YOL040C,0,-0.3408704,0.21261028945446014,0.9801587462425232,0.3661929666996002
YNL138W-A,YPL244C,0,-0.34097254,0.21256454288959503,0.9801587462425232,0.3662930428981781
YMR061W,YAL042W,0,-0.3411303,0.2125188261270523,0.9801587462425232,0.366393119096756
YKL141W,YCL018W,0,-0.34138396,0.21247312426567078,0.9801587462425232,0.36649319529533386
YPL283C,YMR042W,0,-0.34163234,0.21242743730545044,0.9801587462425232,0.36659327149391174
YPL153C,YLR449W,0,-0.342399,0.2123817652463913,0.9801587462425232,0.3666933476924896
YDR524C,YER182W,0,-0.34300825,0.21233612298965454,0.9801587462425232,0.3667934238910675
YNL311C,YML076C,0,-0.34336892,0.21229049563407898,0.9801587462425232,0.3668935000896454
YDR256C,YMR202W,0,-0.3435083,0.2122448980808258,0.9801587462425232,0.36699360609054565
YHR150W,YCR079W,0,-0.34405568,0.21219931542873383,0.9801587462425232,0.36709368228912354
YNL311C,YOR237W,0,-0.34536758,0.21215374767780304,0.9801587462425232,0.3671937584877014
YLR244C,YDR160W,0,-0.345756,0.21210819482803345,0.9801587462425232,0.3672938346862793
YNL190W,YER155C,0,-0.3462079,0.21206267178058624,0.9801587462425232,0.3673939108848572
YDR513W,YAL062W,0,-0.3462741,0.21201716363430023,0.9801587462425232,0.36749398708343506
YBR276C,YKL143W,0,-0.34659284,0.2119716852903366,0.9801587462425232,0.36759406328201294
YGL263W,YFL034W,0,-0.34681305,0.21192620694637299,0.9801587462425232,0.3676941692829132
YPR115W,YJL046W,0,-0.34745178,0.21188075840473175,0.9801587462425232,0.3677942454814911
YPR113W,YGL083W,0,-0.3483928,0.2118353396654129,0.9801587462425232,0.36789432168006897
YCR080W,YLL055W,0,-0.34866592,0.21178992092609406,0.9801587462425232,0.36799439787864685
YGR271W,YGL236C,0,-0.3489407,0.2117445319890976,0.9801587462425232,0.36809447407722473
YGR109W-A,YDR289C,0,-0.34950945,0.21169915795326233,0.9801587462425232,0.3681945502758026
YGR068C,YOR273C,0,-0.3495436,0.21165381371974945,0.9801587462425232,0.3682946264743805
YFL041W,YNL304W,0,-0.35041007,0.21160848438739777,0.9801587462425232,0.3683947026729584
YDR026C,YFR042W,0,-0.35103473,0.21156316995620728,0.9801587462425232,0.36849480867385864
YML023C,YJR149W,0,-0.35112634,0.21151787042617798,0.9801587462425232,0.3685948848724365
YBR301W,YJL081C,0,-0.35191053,0.21147260069847107,0.9801587462425232,0.3686949610710144
YLR411W,YGL225W,0,-0.35206413,0.21142734587192535,0.9801587462425232,0.3687950372695923
YNL040W,YLL018C-A,0,-0.35260034,0.21138212084770203,0.9801587462425232,0.36889511346817017
YOR188W,YDR504C,0,-0.35384354,0.2113368958234787,0.9801587462425232,0.36899518966674805
YPL279C,YGR086C,0,-0.3542504,0.21129170060157776,0.9801587462425232,0.3690952658653259
YDR155C,YNL304W,0,-0.35560653,0.211246520280838,0.9801587462425232,0.3691953420639038
YDR137W,YGL246C,0,-0.35640785,0.21120136976242065,0.9801587462425232,0.3692954480648041
YBL067C,YPL127C,0,-0.35676056,0.2111562341451645,0.9801587462425232,0.36939552426338196
YOR058C,YMR294W,0,-0.35804534,0.21111111342906952,0.9801587462425232,0.36949560046195984
YOL124C,YDL199C,0,-0.3584669,0.21106600761413574,0.9801587462425232,0.3695956766605377
YER184C,YMR009W,0,-0.35857067,0.21102093160152435,0.9801587462425232,0.3696957528591156
YDR056C,YPL092W,0,-0.35861328,0.21097587049007416,0.9801587462425232,0.3697958290576935
YNL001W,YOR362C,0,-0.35889074,0.21093082427978516,0.9801587462425232,0.36989590525627136
YGR271C-A,YDR063W,0,-0.35905996,0.21088580787181854,0.9801587462425232,0.36999601125717163
YNL127W,YPL191C,0,-0.35945877,0.21084080636501312,0.9801587462425232,0.3700960874557495
YHL047C,YER004W,0,-0.36002603,0.2107958197593689,0.9801587462425232,0.3701961636543274
YDR117C,YIL137C,1,-0.3611312,0.2109641581773758,0.9811508059501648,0.3701961636543274
YPL227C,YLR099C,0,-0.36133876,0.21091917157173157,0.9811508059501648,0.3702962398529053
YDR238C,YHR041C,0,-0.36165228,0.21087419986724854,0.9811508059501648,0.37039631605148315
YLR186W,YCR030C,0,-0.36231685,0.2108292430639267,0.9811508059501648,0.37049639225006104
YDL067C,YMR225C,0,-0.36237127,0.21078431606292725,0.9811508059501648,0.3705964684486389
YMR112C,YJL065C,0,-0.3634431,0.210739403963089,0.9811508059501648,0.3706965446472168
YML040W,YDR504C,0,-0.3639642,0.21069450676441193,0.9811508059501648,0.37079665064811707
YLR053C,YDR477W,0,-0.3639697,0.21064962446689606,0.9811508059501648,0.37089672684669495
YMR020W,YDR339C,0,-0.36438164,0.21060477197170258,0.9811508059501648,0.3709968030452728
YHL033C,YDL199C,0,-0.36456642,0.2105599343776703,0.9811508059501648,0.3710968792438507
YKL046C,YNL052W,0,-0.3651659,0.2105151116847992,0.9811508059501648,0.3711969554424286
YNL138W-A,YGR194C,0,-0.3656949,0.2104703187942505,0.9811508059501648,0.37129703164100647
YGR169C-A,YKL012W,0,-0.36580637,0.21042552590370178,0.9811508059501648,0.37139710783958435
YFL043C,YGL026C,0,-0.36670893,0.21038076281547546,0.9811508059501648,0.37149718403816223
YMR095C,YPL275W,0,-0.3670033,0.21033602952957153,0.9811508059501648,0.3715972900390625
YNR072W,YML050W,0,-0.36759305,0.2102912962436676,0.9811508059501648,0.3716973662376404
YOR131C,YCL024W,0,-0.3684825,0.21024659276008606,0.9811508059501648,0.37179744243621826
YDR460W,YPR063C,0,-0.36917552,0.2102019190788269,0.9811508059501648,0.37189751863479614
YER019W,YDR097C,0,-0.369593,0.21015724539756775,0.9811508059501648,0.371997594833374
YDR460W,YBR251W,0,-0.37122604,0.21011260151863098,0.9811508059501648,0.3720976710319519
YKR025W,YKR014C,0,-0.37167418,0.2100679725408554,0.9811508059501648,0.3721977472305298
YFL034W,YMR004W,0,-0.371972,0.21002335846424103,0.9811508059501648,0.37229782342910767
YLR426W,YOR372C,0,-0.37238,0.20997877418994904,0.9811508059501648,0.37239792943000793
YJL155C,YML052W,0,-0.37271276,0.20993418991565704,0.9811508059501648,0.3724980056285858
YLR398C,YOL049W,0,-0.37279204,0.20988965034484863,0.9811508059501648,0.3725980818271637
YGL044C,YDR134C,0,-0.37305072,0.20984511077404022,0.9811508059501648,0.3726981580257416
YHR041C,YDR078C,0,-0.37371638,0.2098006010055542,0.9811508059501648,0.37279823422431946
YNL231C,YPL085W,0,-0.3746897,0.20975609123706818,0.9811508059501648,0.37289831042289734
YBR180W,YLR446W,0,-0.3747713,0.20971162617206573,0.9811508059501648,0.3729983866214752
YPL270W,YPL227C,0,-0.3752021,0.2096671611070633,0.9811508059501648,0.3730984926223755
YNR071C,YPR052C,0,-0.37528488,0.20962272584438324,0.9811508059501648,0.37319856882095337
YGL083W,YLR336C,0,-0.37671402,0.20957830548286438,0.9811508059501648,0.37329864501953125
YCR080W,YPR106W,0,-0.3770412,0.2095339000225067,0.9811508059501648,0.37339872121810913
YER138C,YER024W,0,-0.37704423,0.20948950946331024,0.9811508059501648,0.373498797416687
YOR322C,YHR143W-A,0,-0.37745032,0.20944514870643616,0.9811508059501648,0.3735988736152649
YHR026W,YPL092W,0,-0.37748548,0.20940080285072327,0.9811508059501648,0.3736989498138428
YHR042W,YGR110W,0,-0.37792507,0.20935647189617157,0.9811508059501648,0.37379902601242065
YDR383C,YGR169C-A,0,-0.37800422,0.20931217074394226,0.9811508059501648,0.3738991320133209
YER184C,YGL030W,0,-0.3785121,0.20926788449287415,0.9811508059501648,0.3739992082118988
YDL119C,YNL030W,0,-0.3786153,0.20922361314296722,0.9811508059501648,0.3740992844104767
YOL103W,YCL003W,0,-0.37888357,0.2091793566942215,0.9811508059501648,0.37419936060905457
YMR095C,YNL311C,0,-0.37903354,0.20913513004779816,0.9811508059501648,0.37429943680763245
YGR036C,YPR072W,0,-0.37911773,0.20909090340137482,0.9811508059501648,0.3743995130062103
YJL055W,YOL060C,0,-0.37931827,0.20904670655727386,0.9811508059501648,0.3744995892047882
YML082W,YNR072W,0,-0.3797316,0.2090025395154953,0.9811508059501648,0.3745996654033661
YGL114W,YOR167C,0,-0.37993103,0.20895837247371674,0.9811508059501648,0.37469977140426636
YJR097W,YGL049C,1,-0.3802596,0.20912547409534454,0.9821428656578064,0.37469977140426636
YNL009W,YGR049W,0,-0.3809745,0.20908130705356598,0.9821428656578064,0.37479984760284424
YER072W,YGL157W,0,-0.38300225,0.2090371549129486,0.9821428656578064,0.3748999238014221
YOL045W,YBR246W,1,-0.3845378,0.20920413732528687,0.983134925365448,0.3748999238014221
YKL151C,YGR158C,0,-0.38462117,0.2091599851846695,0.983134925365448,0.375
YJR121W,YMR087W,0,-0.3846466,0.20911584794521332,0.983134925365448,0.3751000761985779
YGR199W,YML106W,0,-0.38521084,0.20907172560691833,0.983134925365448,0.37520015239715576
YHL033C,YDR348C,0,-0.38536897,0.20902763307094574,0.983134925365448,0.37530022859573364
YGL099W,YER100W,0,-0.38885304,0.20898355543613434,0.983134925365448,0.3754003345966339
YGR068C,YDR352W,0,-0.38940188,0.20893949270248413,0.983134925365448,0.3755004107952118
YDR066C,YBR108W,0,-0.38967013,0.20889544486999512,0.983134925365448,0.3756004869937897
YGL236C,YBR171W,0,-0.38990065,0.2088514268398285,0.983134925365448,0.37570056319236755
YDL102W,YCL045C,0,-0.390106,0.20880742371082306,0.983134925365448,0.37580063939094543
YLR293C,YOR382W,0,-0.39065602,0.20876343548297882,0.983134925365448,0.3759007155895233
YBR235W,YFL059W,0,-0.39075676,0.20871946215629578,0.983134925365448,0.3760007917881012
YLR271W,YMR148W,0,-0.39203382,0.20867550373077393,0.983134925365448,0.3761008679866791
YDR158W,YLR216C,0,-0.3921323,0.20863157510757446,0.983134925365448,0.37620097398757935
YPR133C,YER146W,0,-0.3925635,0.2085876613855362,0.983134925365448,0.3763010501861572
YGR175C,YGL082W,0,-0.3930924,0.2085437774658203,0.983134925365448,0.3764011263847351
YPR161C,YOL073C,0,-0.3932327,0.20849989354610443,0.983134925365448,0.376501202583313
YKR035W-A,YNR047W,0,-0.39431965,0.20845603942871094,0.983134925365448,0.37660127878189087
YLR390W-A,YHR062C,0,-0.39459196,0.20841220021247864,0.983134925365448,0.37670135498046875
YML023C,YKL175W,0,-0.39468107,0.20836837589740753,0.983134925365448,0.37680143117904663
YHR035W,YCR096C,0,-0.3948801,0.2083245813846588,0.983134925365448,0.3769015073776245
YDR123C,YBR251W,0,-0.39515546,0.2082807868719101,0.983134925365448,0.3770016133785248
YJL061W,YDR225W,0,-0.39542618,0.20823702216148376,0.983134925365448,0.37710168957710266
YLR265C,YPL271W,0,-0.3959736,0.20819327235221863,0.983134925365448,0.37720176577568054
YEL012W,YOR168W,0,-0.39621386,0.20814955234527588,0.983134925365448,0.3773018419742584
YHL044W,YLR002C,0,-0.39704236,0.20810583233833313,0.983134925365448,0.3774019181728363
YIL115C,YMR226C,0,-0.39707956,0.20806214213371277,0.983134925365448,0.3775019943714142
YDR017C,YPR169W,0,-0.39780435,0.2080184668302536,0.983134925365448,0.37760207056999207
YGR085C,YLL055W,0,-0.39800215,0.20797482132911682,0.983134925365448,0.37770217657089233
YOR044W,YOR046C,0,-0.39855546,0.20793117582798004,0.983134925365448,0.3778022527694702
YMR139W,YCL012W,0,-0.3988832,0.20788756012916565,0.983134925365448,0.3779023289680481
YBL071W-A,YGR024C,0,-0.39938468,0.20784395933151245,0.983134925365448,0.378002405166626
YJL160C,YGL032C,0,-0.39948907,0.20780037343502045,0.983134925365448,0.37810248136520386
YGL206C,YNR004W,0,-0.40024862,0.20775681734085083,0.983134925365448,0.37820255756378174
YBR084W,YGR068C,0,-0.40159526,0.2077132612466812,0.983134925365448,0.3783026337623596
YKL143W,YER059W,0,-0.40184778,0.20766973495483398,0.983134925365448,0.3784027099609375
YNL040W,YBR084W,0,-0.40198836,0.20762622356414795,0.983134925365448,0.37850281596183777
YHR155W,YPL237W,0,-0.40202168,0.2075827419757843,0.983134925365448,0.37860289216041565
YDR362C,YOR046C,0,-0.402362,0.20753926038742065,0.983134925365448,0.37870296835899353
YMR314W,YOL005C,0,-0.40274683,0.2074958086013794,0.983134925365448,0.3788030445575714
YGR041W,YMR246W,0,-0.40285745,0.20745237171649933,0.983134925365448,0.3789031207561493
YER046W,YMR225C,0,-0.40289778,0.20740896463394165,0.983134925365448,0.3790031969547272
YGR262C,YMR186W,0,-0.40313217,0.20736555755138397,0.983134925365448,0.37910327315330505
YHR175W,YPR139C,0,-0.40358034,0.20732218027114868,0.983134925365448,0.37920334935188293
YER133W,YMR235C,0,-0.40749967,0.20727881789207458,0.983134925365448,0.3793034553527832
YPL264C,YNL177C,0,-0.40782246,0.20723547041416168,0.983134925365448,0.3794035315513611
YAR031W,YGL225W,0,-0.4085357,0.20719213783740997,0.983134925365448,0.37950360774993896
YPL098C,YJR112W,0,-0.40886897,0.20714883506298065,0.983134925365448,0.37960368394851685
YFR002W,YOL049W,0,-0.40915844,0.20710553228855133,0.983134925365448,0.3797037601470947
YJL058C,YMR087W,0,-0.40916845,0.2070622593164444,0.983134925365448,0.3798038363456726
YJR063W,YOL141W,0,-0.40936607,0.20701901614665985,0.983134925365448,0.3799039125442505
YNL242W,YOR251C,0,-0.41029003,0.2069757729768753,0.983134925365448,0.38000398874282837
YJR150C,YJR061W,0,-0.41114256,0.20693255960941315,0.983134925365448,0.38010409474372864
YBR096W,YLR039C,0,-0.4115769,0.206889346241951,0.983134925365448,0.3802041709423065
YOR221C,YPL219W,0,-0.4124517,0.20684616267681122,0.983134925365448,0.3803042471408844
YMR039C,YLR220W,0,-0.41267744,0.20680300891399384,0.983134925365448,0.3804043233394623
YPR009W,YOL032W,0,-0.41271237,0.20675985515117645,0.983134925365448,0.38050439953804016
YBR006W,YNL265C,0,-0.4127332,0.20671673119068146,0.983134925365448,0.38060447573661804
YOL022C,YJL021C,0,-0.4136035,0.20667362213134766,0.983134925365448,0.3807045519351959
YNL001W,YPL274W,0,-0.41364467,0.20663052797317505,0.983134925365448,0.3808046579360962
YEL032W,YBR251W,0,-0.41383326,0.20658744871616364,0.983134925365448,0.3809047341346741
YPR017C,YNL265C,0,-0.41383892,0.2065443992614746,0.983134925365448,0.38100481033325195
YDR256C,YGL228W,0,-0.41421065,0.20650134980678558,0.983134925365448,0.38110488653182983
YNL157W,YNL113W,0,-0.41537085,0.20645833015441895,0.983134925365448,0.3812049627304077
YEL040W,YBR204C,0,-0.41596878,0.2064153254032135,0.983134925365448,0.3813050389289856
YGL263W,YER100W,0,-0.4167154,0.20637235045433044,0.983134925365448,0.3814051151275635
YBL011W,YJL055W,0,-0.4175277,0.2063293755054474,0.983134925365448,0.38150519132614136
YEL012W,YOR262W,0,-0.4184803,0.20628643035888672,0.983134925365448,0.3816052973270416
YMR269W,YDR463W,0,-0.4185346,0.20624350011348724,0.983134925365448,0.3817053735256195
YGR239C,YBR220C,0,-0.4198646,0.20620058476924896,0.983134925365448,0.3818054497241974
YKL171W,YML063W,0,-0.4199759,0.20615768432617188,0.983134925365448,0.38190552592277527
YPR108W,YKL148C,0,-0.42140454,0.20611481368541718,0.983134925365448,0.38200560212135315
YHR042W,YPL274W,0,-0.4215458,0.20607194304466248,0.983134925365448,0.38210567831993103
YJL145W,YBR204C,0,-0.42174545,0.20602910220623016,0.983134925365448,0.3822057545185089
YDL099W,YCR040W,0,-0.4219249,0.20598627626895905,0.983134925365448,0.3823058307170868
YEL013W,YDL135C,0,-0.42236605,0.20594348013401031,0.983134925365448,0.38240593671798706
YMR058W,YBL005W-B,0,-0.42279747,0.20590068399906158,0.983134925365448,0.38250601291656494
YKR035W-A,YLR345W,0,-0.4229907,0.20585791766643524,0.983134925365448,0.3826060891151428
YKL002W,YDR236C,0,-0.42353645,0.2058151662349701,0.983134925365448,0.3827061653137207
YDR078C,YOR025W,0,-0.42356634,0.20577242970466614,0.983134925365448,0.3828062415122986
YMR247C,YCL012W,0,-0.423668,0.20572970807552338,0.983134925365448,0.38290631771087646
YPL264C,YOR131C,0,-0.42391413,0.2056870013475418,0.983134925365448,0.38300639390945435
YDR478W,YGR024C,0,-0.42397532,0.20564432442188263,0.983134925365448,0.3831064999103546
YJL038C,YHL012W,0,-0.42425653,0.20560166239738464,0.983134925365448,0.3832065761089325
YKL148C,YBR211C,0,-0.42464104,0.20555901527404785,0.983134925365448,0.3833066523075104
YDR461W,YNL166C,0,-0.42495325,0.20551638305187225,0.983134925365448,0.38340672850608826
YOR056C,YPL085W,0,-0.42529964,0.20547376573085785,0.983134925365448,0.38350680470466614
YGL216W,YLR141W,0,-0.42535755,0.20543117821216583,0.983134925365448,0.383606880903244
YKL057C,YKR072C,0,-0.42567235,0.205388605594635,0.983134925365448,0.3837069571018219
YPL098C,YDR352W,0,-0.4256755,0.20534604787826538,0.983134925365448,0.3838070333003998
YKR095W-A,YMR276W,0,-0.42598525,0.20530350506305695,0.983134925365448,0.38390713930130005
YDR205W,YHR066W,0,-0.42606193,0.2052609771490097,0.983134925365448,0.38400721549987793
YNL177C,YNL166C,0,-0.42682037,0.20521847903728485,0.983134925365448,0.3841072916984558
YDR513W,YGR175C,0,-0.42715022,0.20517598092556,0.983134925365448,0.3842073678970337
YOR290C,YDL027C,0,-0.42786786,0.20513351261615753,0.983134925365448,0.3843074440956116
YHL047C,YOR060C,0,-0.42798385,0.20509105920791626,0.983134925365448,0.38440752029418945
YKL029C,YPL151C,0,-0.4290983,0.20504862070083618,0.983134925365448,0.38450759649276733
YJL145W,YDR315C,0,-0.42963755,0.2050062119960785,0.983134925365448,0.3846076726913452
YGL231C,YCR027C,0,-0.42982844,0.2049638032913208,0.983134925365448,0.3847077786922455
YPL265W,YOL038W,0,-0.42988864,0.2049214243888855,0.983134925365448,0.38480785489082336
YHR209W,YNL315C,0,-0.42992482,0.2048790603876114,0.983134925365448,0.38490793108940125
YDR113C,YPL275W,0,-0.43112466,0.20483671128749847,0.983134925365448,0.3850080072879791
YDL161W,YAL042W,0,-0.43127123,0.20479437708854675,0.983134925365448,0.385108083486557
YPL264C,YPR185W,0,-0.43220502,0.20475207269191742,0.983134925365448,0.3852081596851349
YER021W,YGL171W,0,-0.4326882,0.20470976829528809,0.983134925365448,0.38530823588371277
YJL059W,YBL104C,0,-0.4329964,0.20466749370098114,0.983134925365448,0.38540831208229065
YPR009W,YDR134C,0,-0.43308306,0.2046252340078354,0.983134925365448,0.3855084180831909
YPL098C,YDR080W,0,-0.43364447,0.20458298921585083,0.983134925365448,0.3856084942817688
YLR241W,YER182W,0,-0.43413076,0.20454075932502747,0.983134925365448,0.3857085704803467
YHL027W,YPL040C,0,-0.43532556,0.2044985592365265,0.983134925365448,0.38580864667892456
YCR087C-A,YLR079W,0,-0.43557036,0.2044563591480255,0.983134925365448,0.38590872287750244
YBR058C,YBR020W,0,-0.43651152,0.20441418886184692,0.983134925365448,0.3860087990760803
YLR008C,YML011C,0,-0.43717545,0.20437203347682953,0.983134925365448,0.3861088752746582
YEL044W,YLR243W,0,-0.43821982,0.20432989299297333,0.983134925365448,0.38620898127555847
YDR228C,YGR158C,0,-0.4382365,0.20428778231143951,0.983134925365448,0.38630905747413635
YHR057C,YDR071C,0,-0.43893155,0.2042456716299057,0.983134925365448,0.38640913367271423
YDR524C,YPL162C,0,-0.43902573,0.20420359075069427,0.983134925365448,0.3865092098712921
YOR172W,YGL099W,0,-0.43942216,0.20416150987148285,0.983134925365448,0.38660928606987
YNR047W,YNL177C,0,-0.43972048,0.2041194587945938,0.983134925365448,0.3867093622684479
YLL003W,YPL191C,0,-0.439926,0.20407742261886597,0.983134925365448,0.38680943846702576
YNL196C,YGL223C,0,-0.44066626,0.2040354162454605,0.983134925365448,0.38690951466560364
YJL140W,YKR095W-A,0,-0.44085154,0.20399340987205505,0.983134925365448,0.3870096206665039
YOR131C,YPL270W,0,-0.44122306,0.20395143330097198,0.983134925365448,0.3871096968650818
YDR034W-B,YOL141W,0,-0.44140327,0.2039094716310501,0.983134925365448,0.38720977306365967
YMR163C,YGR272C,0,-0.44168314,0.20386750996112823,0.983134925365448,0.38730984926223755
YPL264C,YJL110C,0,-0.44187838,0.20382559299468994,0.983134925365448,0.38740992546081543
YMR211W,YOL141W,0,-0.4419747,0.20378367602825165,0.983134925365448,0.3875100016593933
YPL161C,YCR087C-A,0,-0.44261453,0.20374177396297455,0.983134925365448,0.3876100778579712
YDL171C,YPL232W,0,-0.4435781,0.20369990170001984,0.983134925365448,0.3877101540565491
YGR245C,YNL049C,0,-0.4436081,0.20365802943706512,0.983134925365448,0.38781026005744934
YDL246C,YDR363W-A,0,-0.44437686,0.2036161869764328,0.983134925365448,0.3879103362560272
YPL082C,YMR202W,0,-0.444988,0.20357435941696167,0.983134925365448,0.3880104124546051
YPR192W,YER021W,0,-0.44561478,0.20353254675865173,0.983134925365448,0.388110488653183
YPL264C,YLR057W,0,-0.44573352,0.20349076390266418,0.983134925365448,0.38821056485176086
YPL174C,YGL223C,0,-0.44576678,0.20344898104667664,0.983134925365448,0.38831064105033875
YPL164C,YPL012W,0,-0.4457917,0.20340722799301147,0.983134925365448,0.3884107172489166
YMR039C,YMR215W,0,-0.44621536,0.2033654898405075,0.983134925365448,0.3885108232498169
YER181C,YDR080W,0,-0.44623503,0.20332375168800354,0.983134925365448,0.3886108994483948
YOR276W,YDR436W,0,-0.44653884,0.20328205823898315,0.983134925365448,0.38871097564697266
YPL186C,YHL021C,0,-0.44690493,0.20324036478996277,0.983134925365448,0.38881105184555054
YBR034C,YIR009W,0,-0.4479651,0.20319868624210358,0.983134925365448,0.3889111280441284
YEL059C-A,YNR040W,0,-0.44839877,0.20315703749656677,0.983134925365448,0.3890112042427063
YIL014W,YNL135C,0,-0.44911027,0.20311538875102997,0.983134925365448,0.3891112804412842
YBL099W,YML023C,0,-0.44931483,0.20307376980781555,0.983134925365448,0.38921135663986206
YAL043C,YOL053C-A,0,-0.4494672,0.20303216576576233,0.983134925365448,0.38931146264076233
YNL005C,YKL057C,0,-0.45022437,0.2029905766248703,0.983134925365448,0.3894115388393402
YPL258C,YDL148C,0,-0.4517421,0.20294900238513947,0.983134925365448,0.3895116150379181
YGR110W,YER110C,0,-0.4520384,0.20290745794773102,0.983134925365448,0.38961169123649597
YML046W,YAL033W,0,-0.45215866,0.20286591351032257,0.983134925365448,0.38971176743507385
YML039W,YNL231C,0,-0.4530043,0.2028243988752365,0.983134925365448,0.38981184363365173
YNL190W,YLR361C,0,-0.45305097,0.20278289914131165,0.983134925365448,0.3899119198322296
YKL164C,YDR266C,0,-0.45341265,0.20274141430854797,0.983134925365448,0.3900119960308075
YLR201C,YBR096W,0,-0.45437208,0.2026999443769455,0.983134925365448,0.39011210203170776
YDR482C,YOR106W,0,-0.45497426,0.2026584893465042,0.983134925365448,0.39021217823028564
YER020W,YNL058C,0,-0.4556599,0.20261704921722412,0.983134925365448,0.3903122544288635
YML046W,YCR007C,0,-0.45568678,0.20257563889026642,0.983134925365448,0.3904123306274414
YDR017C,YMR189W,0,-0.45608148,0.20253422856330872,0.983134925365448,0.3905124068260193
YCL050C,YKL015W,0,-0.45630792,0.2024928480386734,0.983134925365448,0.39061248302459717
YDR513W,YBR055C,0,-0.45635062,0.20245148241519928,0.983134925365448,0.39071255922317505
YNL271C,YLR147C,0,-0.45682132,0.20241013169288635,0.983134925365448,0.39081263542175293
YOR233W,YDR352W,0,-0.45769078,0.20236879587173462,0.983134925365448,0.3909127414226532
YLR191W,YPL265W,0,-0.45786706,0.20232747495174408,0.983134925365448,0.3910128176212311
YPL098C,YLR328W,0,-0.45792258,0.20228618383407593,0.983134925365448,0.39111289381980896
YIL113W,YLR221C,0,-0.45813498,0.20224489271640778,0.983134925365448,0.39121297001838684
YHL044W,YBR146W,0,-0.45816103,0.202203631401062,0.983134925365448,0.3913130462169647
YPR115W,YLR227C,0,-0.4587362,0.20216238498687744,0.983134925365448,0.3914131224155426
YER138C,YJR106W,0,-0.45892158,0.20212115347385406,0.983134925365448,0.3915131986141205
YMR087W,YDR311W,0,-0.4592183,0.20207993686199188,0.983134925365448,0.39161330461502075
YIL172C,YPL085W,0,-0.45960116,0.2020387351512909,0.983134925365448,0.39171338081359863
YLR068W,YMR087W,0,-0.45966217,0.2019975483417511,0.983134925365448,0.3918134570121765
YPL264C,YBR065C,0,-0.45976767,0.2019563913345337,0.983134925365448,0.3919135332107544
YDR317W,YJR001W,0,-0.46012023,0.20191523432731628,0.983134925365448,0.3920136094093323
YKL164C,YPL191C,0,-0.4603413,0.20187410712242126,0.983134925365448,0.39211368560791016
YEL032W,YMR112C,0,-0.46070665,0.20183299481868744,0.983134925365448,0.39221376180648804
YGR280C,YPR006C,0,-0.46111104,0.2017918974161148,0.983134925365448,0.3923138380050659
YPL170W,YLR384C,0,-0.46125108,0.20175081491470337,0.983134925365448,0.3924139440059662
YNR071C,YDL171C,0,-0.46249756,0.20170974731445312,0.983134925365448,0.39251402020454407
YPL009C,YDL195W,0,-0.4628866,0.20166869461536407,0.983134925365448,0.39261409640312195
YPR193C,YGL157W,0,-0.46292195,0.2016276717185974,0.983134925365448,0.39271417260169983
YFR019W,YML040W,0,-0.4640038,0.20158664882183075,0.983134925365448,0.3928142488002777
YHR196W,YOL044W,0,-0.46452776,0.20154565572738647,0.983134925365448,0.3929143249988556
YGR250C,YDR354W,0,-0.46458268,0.2015046775341034,0.983134925365448,0.39301440119743347
YKR058W,YOL145C,0,-0.46463874,0.2014637142419815,0.983134925365448,0.39311447739601135
YLL049W,YGR169C-A,0,-0.4650943,0.2014227658510208,0.983134925365448,0.3932145833969116
YLR250W,YDR519W,0,-0.46526566,0.2013818323612213,0.983134925365448,0.3933146595954895
YJL160C,YGL181W,0,-0.46590248,0.201340913772583,0.983134925365448,0.3934147357940674
YLR369W,YKR072C,0,-0.46680242,0.2013000249862671,0.983134925365448,0.39351481199264526
YCR080W,YPL111W,0,-0.46731472,0.20125913619995117,0.983134925365448,0.39361488819122314
YDR034W-B,YLR244C,0,-0.46800962,0.20121827721595764,0.983134925365448,0.393714964389801
YKR049C,YJR042W,0,-0.4686376,0.2011774331331253,0.983134925365448,0.3938150405883789
YCR030C,YAL054C,0,-0.4691172,0.20113658905029297,0.983134925365448,0.3939151465892792
YPL092W,YBR172C,0,-0.46931395,0.20109577476978302,0.983134925365448,0.39401522278785706
YGL039W,YOR094W,0,-0.46977082,0.20105497539043427,0.983134925365448,0.39411529898643494
YLR378C,YLR446W,0,-0.46998098,0.2010142058134079,0.983134925365448,0.3942153751850128
YMR227C,YPL066W,0,-0.4699882,0.20097343623638153,0.983134925365448,0.3943154513835907
YFR042W,YMR208W,0,-0.4703932,0.20093268156051636,0.983134925365448,0.3944155275821686
YGL070C,YKL061W,0,-0.47054335,0.20089195668697357,0.983134925365448,0.39451560378074646
YIL016W,YCR008W,0,-0.4707278,0.2008512318134308,0.983134925365448,0.39461567997932434
YHL044W,YDR350C,0,-0.47123137,0.2008105367422104,0.983134925365448,0.3947157859802246
YHR005C,YDR093W,0,-0.47128814,0.20076985657215118,0.983134925365448,0.3948158621788025
YMR129W,YMR300C,0,-0.47129473,0.20072919130325317,0.983134925365448,0.39491593837738037
YJL003W,YBR108W,0,-0.47191435,0.20068854093551636,0.983134925365448,0.39501601457595825
YGR245C,YDR063W,0,-0.47212392,0.20064790546894073,0.983134925365448,0.39511609077453613
YKL046C,YMR289W,0,-0.47249198,0.2006072849035263,0.983134925365448,0.395216166973114
YPL164C,YCL058W-A,0,-0.47274247,0.20056669414043427,0.983134925365448,0.3953162431716919
YCR060W,YHL018W,0,-0.4728924,0.20052610337734222,0.983134925365448,0.3954163193702698
YKL057C,YER074W-A,0,-0.4732127,0.20048554241657257,0.983134925365448,0.39551642537117004
YER124C,YOR322C,0,-0.4736025,0.20044498145580292,0.983134925365448,0.3956165015697479
YMR211W,YGR184C,0,-0.47383323,0.20040445029735565,0.983134925365448,0.3957165777683258
YEL013W,YJR094W-A,0,-0.47573915,0.20036393404006958,0.983134925365448,0.3958166539669037
YKR039W,YOR168W,0,-0.4762578,0.2003234326839447,0.983134925365448,0.39591673016548157
YOR290C,YCL045C,0,-0.47709587,0.20028294622898102,0.983134925365448,0.39601680636405945
YIR036C,YGL246C,0,-0.47736067,0.20024247467517853,0.983134925365448,0.39611688256263733
YKL071W,YGL005C,0,-0.4774978,0.20020201802253723,0.983134925365448,0.3962169587612152
YDR031W,YAR018C,0,-0.4775089,0.20016157627105713,0.983134925365448,0.3963170647621155
YJR141W,YNL102W,0,-0.47763732,0.20012116432189941,0.983134925365448,0.39641714096069336
YDL234C,YDR367W,0,-0.47790834,0.2000807523727417,0.983134925365448,0.39651721715927124
YEL044W,YLR446W,0,-0.47819415,0.20004037022590637,0.983134925365448,0.3966172933578491
YOR320C,YNL049C,0,-0.4785045,0.20000000298023224,0.983134925365448,0.396717369556427
YJL046W,YNL058C,0,-0.4785622,0.1999596506357193,0.983134925365448,0.3968174457550049
YJR150C,YPR047W,0,-0.4789106,0.19991931319236755,0.983134925365448,0.39691752195358276
YGL039W,YLR099C,0,-0.47995666,0.199878990650177,0.983134925365448,0.39701762795448303
YLR459W,YKR014C,0,-0.4805608,0.19983868300914764,0.983134925365448,0.3971177041530609
YDL128W,YBL005W-A,0,-0.48111734,0.19979839026927948,0.983134925365448,0.3972177803516388
YNL279W,YJL099W,0,-0.48171708,0.1997581124305725,0.983134925365448,0.3973178565502167
YBR297W,YER074W-A,0,-0.48227677,0.19971784949302673,0.983134925365448,0.39741793274879456
YLR220W,YPL162C,0,-0.48248568,0.19967761635780334,0.983134925365448,0.39751800894737244
YOL149W,YOR106W,0,-0.4825105,0.19963738322257996,0.983134925365448,0.3976180851459503
YOL087C,YPL085W,0,-0.48281428,0.19959717988967896,0.983134925365448,0.3977181613445282
YDR414C,YLR023C,0,-0.48296914,0.19955699145793915,0.983134925365448,0.39781826734542847
YHR199C-A,YPL219W,0,-0.48390839,0.19951681792736053,0.983134925365448,0.39791834354400635
YLR446W,YOL049W,0,-0.4841847,0.19947664439678192,0.983134925365448,0.39801841974258423
YFL054C,YDL132W,0,-0.4846386,0.1994365006685257,0.983134925365448,0.3981184959411621
YOL005C,YAL054C,0,-0.48469102,0.19939637184143066,0.983134925365448,0.39821857213974
YOL049W,YGL157W,0,-0.48470134,0.19935627281665802,0.983134925365448,0.39831864833831787
YOR306C,YPL274W,0,-0.4849055,0.19931617379188538,0.983134925365448,0.39841872453689575
YDR338C,YOR016C,0,-0.48498726,0.19927608966827393,0.983134925365448,0.39851880073547363
YBR235W,YKL046C,0,-0.48669866,0.19923602044582367,0.983134925365448,0.3986189067363739
YDR078C,YFL041W,0,-0.4868974,0.1991959810256958,0.983134925365448,0.3987189829349518
YBL099W,YDR009W,0,-0.4882762,0.19915594160556793,0.983134925365448,0.39881905913352966
YLR185W,YOR221C,0,-0.4883565,0.19911593198776245,0.983134925365448,0.39891913533210754
YMR211W,YNR071C,0,-0.4885972,0.19907593727111816,0.983134925365448,0.3990192115306854
YDL195W,YPL066W,0,-0.48871145,0.19903595745563507,0.983134925365448,0.3991192877292633
YPL040C,YNL221C,0,-0.4892538,0.19899597764015198,0.983134925365448,0.3992193639278412
YOR152C,YDL060W,0,-0.4892967,0.19895602762699127,0.983134925365448,0.39931946992874146
YEL063C,YKL160W,0,-0.48940513,0.19891609251499176,0.983134925365448,0.39941954612731934
YMR087W,YCL032W,0,-0.48976174,0.19887617230415344,0.983134925365448,0.3995196223258972
YAL058W,YMR247C,0,-0.48993507,0.1988362818956375,0.983134925365448,0.3996196985244751
YPL009C,YER076C,0,-0.49105182,0.19879639148712158,0.983134925365448,0.399719774723053
YPR122W,YOR075W,0,-0.49110243,0.19875651597976685,0.983134925365448,0.39981985092163086
YPR032W,YNL019C,0,-0.4911294,0.1987166702747345,0.983134925365448,0.39991992712020874
YKR104W,YPL199C,0,-0.4912072,0.19867682456970215,0.983134925365448,0.4000200033187866
YPR009W,YMR212C,0,-0.4915751,0.1986370086669922,0.983134925365448,0.4001201093196869
YDL051W,YDL199C,0,-0.4922371,0.19859719276428223,0.983134925365448,0.40022018551826477
YMR183C,YLR039C,0,-0.492306,0.19855740666389465,0.983134925365448,0.40032026171684265
YPL244C,YLR253W,0,-0.49309894,0.19851763546466827,0.983134925365448,0.40042033791542053
YLR426W,YIL171W,0,-0.49409947,0.1984778642654419,0.983134925365448,0.4005204141139984
YJR113C,YDR054C,0,-0.4952834,0.1984381228685379,0.983134925365448,0.4006204903125763
YNR026C,YDR080W,0,-0.49532363,0.1983983963727951,0.983134925365448,0.4007205665111542
YOR152C,YGR096W,0,-0.4959225,0.1983586847782135,0.983134925365448,0.40082064270973206
YER003C,YMR137C,0,-0.49620453,0.1983189880847931,0.983134925365448,0.4009207487106323
YOR145C,YLR102C,0,-0.49679968,0.19827930629253387,0.983134925365448,0.4010208249092102
YNL103W,YNR004W,0,-0.49683824,0.19823965430259705,0.983134925365448,0.4011209011077881
YGR277C,YPR133C,0,-0.4973666,0.19820000231266022,0.983134925365448,0.40122097730636597
YBR069C,YIL066C,0,-0.49783456,0.19816036522388458,0.983134925365448,0.40132105350494385
YJL165C,YGR098C,0,-0.4980305,0.19812075793743134,0.983134925365448,0.40142112970352173
YDL140C,YMR265C,0,-0.49829686,0.1980811506509781,0.983134925365448,0.4015212059020996
YGR098C,YOL053C-A,0,-0.4984648,0.19804157316684723,0.983134925365448,0.4016213119029999
YDR322W,YLR345W,0,-0.49878332,0.19800199568271637,0.983134925365448,0.40172138810157776
YNL223W,YOR046C,0,-0.49908486,0.1979624480009079,0.983134925365448,0.40182146430015564
YDR166C,YOR251C,0,-0.5007714,0.19792291522026062,0.983134925365448,0.4019215404987335
YGL033W,YPR079W,0,-0.5012439,0.19788338243961334,0.983134925365448,0.4020216166973114
YMR002W,YJL172W,0,-0.50249374,0.19784387946128845,0.983134925365448,0.4021216928958893
YDR077W,YNL128W,0,-0.50277144,0.19780439138412476,0.983134925365448,0.40222176909446716
YMR128W,YHR026W,0,-0.5032833,0.19776491820812225,0.983134925365448,0.40232184529304504
YMR296C,YER153C,0,-0.50453985,0.19772545993328094,0.983134925365448,0.4024219512939453
YMR032W,YDR429C,0,-0.5056138,0.19768601655960083,0.983134925365448,0.4025220274925232
YBR204C,YJL099W,0,-0.50584644,0.1976465880870819,0.983134925365448,0.4026221036911011
YGL033W,YKL194C,0,-0.5058753,0.19760717451572418,0.983134925365448,0.40272217988967896
YLR201C,YLR191W,0,-0.506299,0.19756777584552765,0.983134925365448,0.40282225608825684
YLR220W,YPL132W,0,-0.5068706,0.1975284069776535,0.983134925365448,0.4029223322868347
YDL093W,YOR046C,0,-0.50752205,0.19748903810977936,0.983134925365448,0.4030224084854126
YMR295C,YER099C,0,-0.50865316,0.1974496841430664,0.983134925365448,0.4031224846839905
YER010C,YHR199C,0,-0.5088153,0.19741035997867584,0.983134925365448,0.40322259068489075
YDR123C,YMR251W-A,0,-0.50891197,0.19737103581428528,0.983134925365448,0.40332266688346863
YNL136W,YGL032C,0,-0.5092335,0.1973317414522171,0.983134925365448,0.4034227430820465
YDR289C,YCR071C,0,-0.50928926,0.19729246199131012,0.983134925365448,0.4035228192806244
YPL082C,YLR442C,0,-0.51000136,0.19725318253040314,0.983134925365448,0.40362289547920227
YOL107W,YAL042W,0,-0.510119,0.19721393287181854,0.983134925365448,0.40372297167778015
YOR152C,YIL066C,0,-0.5107541,0.19717469811439514,0.983134925365448,0.40382304787635803
YLL067C,YPR135W,0,-0.51118267,0.19713546335697174,0.983134925365448,0.4039231240749359
YHR064C,YHR168W,1,-0.51135033,0.197295144200325,0.9841269850730896,0.4039231240749359
YMR251W-A,YPL059W,0,-0.5116693,0.1972559094429016,0.9841269850730896,0.4040232300758362
YAL043C,YNL152W,0,-0.5130459,0.1972167044878006,0.9841269850730896,0.40412330627441406
YOR251C,YLR336C,0,-0.51368916,0.19717749953269958,0.9841269850730896,0.40422338247299194
YGR063C,YDR236C,0,-0.5140138,0.19713830947875977,0.9841269850730896,0.4043234586715698
YDR034W-B,YKL209C,0,-0.5144148,0.19709914922714233,0.9841269850730896,0.4044235348701477
YDL206W,YNR074C,0,-0.5148742,0.1970599889755249,0.9841269850730896,0.4045236110687256
YML042W,YLR384C,0,-0.5149838,0.19702085852622986,0.9841269850730896,0.40462368726730347
YOR276W,YHR067W,0,-0.5151584,0.19698172807693481,0.9841269850730896,0.40472379326820374
YBR233W-A,YBL034C,0,-0.5154004,0.19694262742996216,0.9841269850730896,0.4048238694667816
YOR190W,YIL172C,0,-0.51564944,0.1969035267829895,0.9841269850730896,0.4049239456653595
YNL157W,YDR128W,0,-0.51600194,0.19686445593833923,0.9841269850730896,0.4050240218639374
YLR090W,YKL046C,0,-0.5160185,0.19682539999485016,0.9841269850730896,0.40512409806251526
YOL073C,YAR018C,0,-0.5162076,0.19678635895252228,0.9841269850730896,0.40522417426109314
YHR029C,YDR034C,0,-0.51668966,0.1967473179101944,0.9841269850730896,0.405324250459671
YLR298C,YGR110W,0,-0.5167123,0.1967083066701889,0.9841269850730896,0.4054243266582489
YFR002W,YNL135C,0,-0.517197,0.1966693103313446,0.9841269850730896,0.40552443265914917
YMR002W,YPR061C,0,-0.5177045,0.1966303288936615,0.9841269850730896,0.40562450885772705
YHR047C,YMR020W,0,-0.51981795,0.1965913623571396,0.9841269850730896,0.40572458505630493
YIR013C,YDL103C,0,-0.5198946,0.19655241072177887,0.9841269850730896,0.4058246612548828
YOR322C,YGL206C,0,-0.5217945,0.19651347398757935,0.9841269850730896,0.4059247374534607
YOR159C,YDR533C,0,-0.5221969,0.19647455215454102,0.9841269850730896,0.4060248136520386
YDR158W,YGR230W,0,-0.5223652,0.19643564522266388,0.9841269850730896,0.40612488985061646
YDR201W,YDL211C,0,-0.52247584,0.19639675319194794,0.9841269850730896,0.40622496604919434
YOR044W,YDR352W,0,-0.52251834,0.1963578760623932,0.9841269850730896,0.4063250720500946
YML038C,YGL171W,0,-0.52258486,0.19631901383399963,0.9841269850730896,0.4064251482486725
YDL113C,YML106W,0,-0.5228038,0.19628018140792847,0.9841269850730896,0.40652522444725037
YCR005C,YBL003C,0,-0.5231408,0.1962413489818573,0.9841269850730896,0.40662530064582825
YOR262W,YDR330W,0,-0.52318466,0.19620253145694733,0.9841269850730896,0.40672537684440613
YNL008C,YNR004W,0,-0.524316,0.19616372883319855,0.9841269850730896,0.406825453042984
YDL122W,YJL041W,0,-0.52440906,0.19612495601177216,0.9841269850730896,0.4069255292415619
YMR247C,YDR256C,0,-0.52483,0.19608618319034576,0.9841269850730896,0.40702563524246216
YKL020C,YPR003C,0,-0.52632844,0.19604742527008057,0.9841269850730896,0.40712571144104004
YGR134W,YGR172C,0,-0.5268264,0.19600869715213776,0.9841269850730896,0.4072257876396179
YDL122W,YAL021C,0,-0.5268582,0.19596996903419495,0.9841269850730896,0.4073258638381958
YOL020W,YPL166W,0,-0.5269375,0.19593127071857452,0.9841269850730896,0.4074259400367737
YFR002W,YML011C,0,-0.52766275,0.1958925724029541,0.9841269850730896,0.40752601623535156
YAL035W,YAL054C,0,-0.5282261,0.19585390388965607,0.9841269850730896,0.40762609243392944
YMR058W,YJR160C,0,-0.5282695,0.19581523537635803,0.9841269850730896,0.4077261686325073
YGR199W,YDR225W,0,-0.5291108,0.19577659666538239,0.9841269850730896,0.4078262746334076
YNL070W,YDR236C,0,-0.52935565,0.19573795795440674,0.9841269850730896,0.4079263508319855
YGR070W,YIL113W,0,-0.52962506,0.19569934904575348,0.9841269850730896,0.40802642703056335
YKR091W,YPR115W,0,-0.52967614,0.1956607550382614,0.9841269850730896,0.40812650322914124
YJL165C,YKL089W,0,-0.52984405,0.19562216103076935,0.9841269850730896,0.4082265794277191
YLR168C,YBR069C,0,-0.5307313,0.19558359682559967,0.9841269850730896,0.408326655626297
YKR091W,YPL219W,0,-0.53147113,0.1955450475215912,0.9841269850730896,0.4084267318248749
YLR148W,YDL148C,0,-0.5317724,0.1955064982175827,0.9841269850730896,0.40852680802345276
YOR311C,YMR314W,0,-0.5322147,0.1954679787158966,0.9841269850730896,0.408626914024353
YDR282C,YOR046C,0,-0.5324354,0.1954294741153717,0.9841269850730896,0.4087269902229309
YDR280W,YAR031W,0,-0.53252304,0.195390984416008,0.9841269850730896,0.4088270664215088
YKL152C,YKL151C,0,-0.53266,0.1953524947166443,0.9841269850730896,0.40892714262008667
YDR170W-A,YOL084W,0,-0.5330299,0.19531403481960297,0.9841269850730896,0.40902721881866455
YMR269W,YDL216C,0,-0.5330682,0.19527558982372284,0.9841269850730896,0.40912729501724243
YDR365C,YLR102C,0,-0.53314006,0.1952371597290039,0.9841269850730896,0.4092273712158203
YPR189W,YAL058W,0,-0.53363794,0.19519874453544617,0.9841269850730896,0.4093274474143982
YML028W,YDR338C,0,-0.53431916,0.19516034424304962,0.9841269850730896,0.40942755341529846
YML046W,YDR074W,0,-0.53438807,0.19512194395065308,0.9841269850730896,0.40952762961387634
YNR008W,YGL082W,0,-0.53558564,0.19508357346057892,0.9841269850730896,0.4096277058124542
YKR103W,YOR382W,0,-0.53588593,0.19504521787166595,0.9841269850730896,0.4097277820110321
YDL179W,YIR036C,0,-0.5360125,0.19500687718391418,0.9841269850730896,0.40982785820961
YPL275W,YMR226C,0,-0.536305,0.1949685513973236,0.9841269850730896,0.40992793440818787
YOR017W,YPL130W,0,-0.53675544,0.19493024051189423,0.9841269850730896,0.41002801060676575
YKL071W,YGL090W,0,-0.53683734,0.19489194452762604,0.9841269850730896,0.410128116607666
YGL236C,YDR486C,0,-0.53698254,0.19485366344451904,0.9841269850730896,0.4102281928062439
YIL010W,YKL096W,0,-0.5379141,0.19481539726257324,0.9841269850730896,0.4103282690048218
YDL099W,YGR189C,0,-0.53816444,0.19477714598178864,0.9841269850730896,0.41042834520339966
YMR121C,YDL132W,0,-0.5382258,0.19473890960216522,0.9841269850730896,0.41052842140197754
YLR185W,YCR040W,0,-0.5386363,0.194700688123703,0.9841269850730896,0.4106284976005554
YML052W,YER087W,0,-0.53936476,0.19466248154640198,0.9841269850730896,0.4107285737991333
YKR035W-A,YMR247C,0,-0.53965914,0.19462428987026215,0.9841269850730896,0.4108286499977112
YGR138C,YKR061W,0,-0.53995633,0.1945861130952835,0.9841269850730896,0.41092875599861145
YMR128W,YAL042W,0,-0.5406089,0.19454795122146606,0.9841269850730896,0.41102883219718933
YHR209W,YOL044W,0,-0.54062515,0.19450980424880981,0.9841269850730896,0.4111289083957672
YNL196C,YGL225W,0,-0.5408981,0.19447167217731476,0.9841269850730896,0.4112289845943451
YMR296C,YOL073C,0,-0.54183066,0.1944335550069809,0.9841269850730896,0.411329060792923
YPR112C,YBR006W,0,-0.5419221,0.19439545273780823,0.9841269850730896,0.41142913699150085
YHR122W,YGR134W,0,-0.54208064,0.19435736536979675,0.9841269850730896,0.41152921319007874
YMR061W,YJR106W,0,-0.5426128,0.19431929290294647,0.9841269850730896,0.4116292893886566
YNL157W,YOL044W,0,-0.5437562,0.19428123533725739,0.9841269850730896,0.4117293953895569
YML002W,YJR063W,0,-0.54398847,0.1942431926727295,0.9841269850730896,0.41182947158813477
YGR138C,YNL113W,0,-0.54404527,0.1942051649093628,0.9841269850730896,0.41192954778671265
YGR014W,YBR204C,0,-0.5441067,0.1941671520471573,0.9841269850730896,0.4120296239852905
YOR044W,YPL176C,0,-0.54426074,0.19412915408611298,0.9841269850730896,0.4121297001838684
YMR243C,YGL082W,0,-0.54430693,0.19409117102622986,0.9841269850730896,0.4122297763824463
YDL102W,YBL015W,0,-0.544624,0.19405320286750793,0.9841269850730896,0.41232985258102417
YJR149W,YBR187W,0,-0.5446646,0.1940152496099472,0.9841269850730896,0.41242995858192444
YMR088C,YPR052C,0,-0.5456218,0.19397731125354767,0.9841269850730896,0.4125300347805023
YKL164C,YNL030W,0,-0.5461019,0.19393938779830933,0.9841269850730896,0.4126301109790802
YKL141W,YKR023W,0,-0.546853,0.19390147924423218,0.9841269850730896,0.4127301871776581
YCR009C,YNL052W,0,-0.546906,0.19386358559131622,0.9841269850730896,0.41283026337623596
YCR034W,YGL082W,0,-0.54745746,0.19382570683956146,0.9841269850730896,0.41293033957481384
YBR280C,YLL040C,0,-0.5479288,0.1937878429889679,0.9841269850730896,0.4130304157733917
YNL152W,YLR378C,0,-0.54848707,0.19374999403953552,0.9841269850730896,0.4131304919719696
YJR070C,YER138C,0,-0.5487977,0.19371215999126434,0.9841269850730896,0.4132305979728699
YGL156W,YER004W,0,-0.54912746,0.19367434084415436,0.9841269850730896,0.41333067417144775
YMR212C,YNL196C,0,-0.5502803,0.19363653659820557,0.9841269850730896,0.41343075037002563
YLR256W,YMR265C,0,-0.55082357,0.19359874725341797,0.9841269850730896,0.4135308265686035
YJL055W,YKL034W,0,-0.55102277,0.19356097280979156,0.9841269850730896,0.4136309027671814
YFR019W,YLR008C,0,-0.55200267,0.19352321326732635,0.9841269850730896,0.4137309789657593
YKL130C,YPR156C,0,-0.5520048,0.19348546862602234,0.9841269850730896,0.41383105516433716
YBR186W,YDR338C,0,-0.55273503,0.19344773888587952,0.9841269850730896,0.41393113136291504
YHR206W,YLR223C,0,-0.5537957,0.1934100240468979,0.9841269850730896,0.4140312373638153
YJL204C,YBL002W,0,-0.55409765,0.19337232410907745,0.9841269850730896,0.4141313135623932
YNR071C,YLR141W,0,-0.55447954,0.1933346390724182,0.9841269850730896,0.41423138976097107
YCR068W,YER074W-A,0,-0.5548905,0.19329695403575897,0.9841269850730896,0.41433146595954895
YJL046W,YBL076C,0,-0.5549183,0.19325929880142212,0.9841269850730896,0.41443154215812683
YNL019C,YLR271W,0,-0.55564076,0.19322165846824646,0.9841269850730896,0.4145316183567047
YCL050C,YNL323W,0,-0.55571884,0.193184033036232,0.9841269850730896,0.4146316945552826
YDL185W,YHR091C,0,-0.55602837,0.19314642250537872,0.9841269850730896,0.4147317707538605
YIL002C,YJL108C,0,-0.55611765,0.19310881197452545,0.9841269850730896,0.41483187675476074
YMR042W,YDL185W,0,-0.5562335,0.19307123124599457,0.9841269850730896,0.4149319529533386
YHR005C,YNR074C,0,-0.556298,0.19303366541862488,0.9841269850730896,0.4150320291519165
YKL035W,YKL145W,0,-0.55675274,0.19299611449241638,0.9841269850730896,0.4151321053504944
YER153C,YGR016W,0,-0.55691415,0.19295856356620789,0.9841269850730896,0.41523218154907227
YBR108W,YGL092W,0,-0.5569614,0.19292104244232178,0.9841269850730896,0.41533225774765015
YBR105C,YAL062W,0,-0.5570704,0.19288353621959686,0.9841269850730896,0.415432333946228
YJR070C,YJR061W,0,-0.55766416,0.19284602999687195,0.9841269850730896,0.4155324399471283
YDR158W,YDR155C,0,-0.5579533,0.19280855357646942,0.9841269850730896,0.4156325161457062
YBR017C,YGL083W,0,-0.55804044,0.1927710771560669,0.9841269850730896,0.41573259234428406
YDR470C,YFL034W,0,-0.5589627,0.19273363053798676,0.9841269850730896,0.41583266854286194
YBL058W,YOR382W,0,-0.55902344,0.1926961988210678,0.9841269850730896,0.4159327447414398
YDL013W,YKL096W,0,-0.55911577,0.19265876710414886,0.9841269850730896,0.4160328209400177
YBR059C,YPL013C,0,-0.5598564,0.1926213651895523,0.9841269850730896,0.4161328971385956
YMR139W,YKL096W,0,-0.55999947,0.19258396327495575,0.9841269850730896,0.41623297333717346
YLR359W,YPL085W,0,-0.5607335,0.19254659116268158,0.9841269850730896,0.41633307933807373
YGR245C,YBR096W,0,-0.56079906,0.1925092190504074,0.9841269850730896,0.4164331555366516
YOR005C,YCL058W-A,0,-0.56084037,0.19247186183929443,0.9841269850730896,0.4165332317352295
YGL026C,YKR095W-A,0,-0.5622149,0.19243453443050385,0.9841269850730896,0.4166333079338074
YDR256C,YLL055W,0,-0.5622994,0.19239720702171326,0.9841269850730896,0.41673338413238525
YBR069C,YOL044W,0,-0.5623565,0.19235989451408386,0.9841269850730896,0.41683346033096313
YML118W,YBL003C,0,-0.5630939,0.19232261180877686,0.9841269850730896,0.416933536529541
YGL253W,YGR049W,0,-0.56311476,0.19228532910346985,0.9841269850730896,0.4170336127281189
YDL216C,YMR233W,0,-0.5636409,0.19224806129932404,0.9841269850730896,0.41713371872901917
YHL021C,YBL076C,0,-0.56367505,0.19221080839633942,0.9841269850730896,0.41723379492759705
YML062C,YNL252C,0,-0.5644812,0.192173570394516,0.9841269850730896,0.4173338711261749
YPR109W,YGR109C,0,-0.56570035,0.19213636219501495,0.9841269850730896,0.4174339473247528
YMR095C,YDR080W,0,-0.5661014,0.19209915399551392,0.9841269850730896,0.4175340235233307
YLR256W,YKL148C,0,-0.5663195,0.19206196069717407,0.9841269850730896,0.41763409972190857
YBR235W,YBR211C,0,-0.5663887,0.19202478229999542,0.9841269850730896,0.41773417592048645
YMR237W,YPL265W,0,-0.56676227,0.19198761880397797,0.9841269850730896,0.4178342819213867
YPL087W,YMR225C,0,-0.56725204,0.1919504702091217,0.9841269850730896,0.4179343581199646
YDR510W,YDR486C,0,-0.5677312,0.19191333651542664,0.9841269850730896,0.4180344343185425
YDL150W,YOR060C,0,-0.5682626,0.19187620282173157,0.9841269850730896,0.41813451051712036
YJR009C,YDR545W,0,-0.56908274,0.1918390989303589,0.9841269850730896,0.41823458671569824
YLR075W,YDR330W,0,-0.56915873,0.1918020099401474,0.9841269850730896,0.4183346629142761
YJL096W,YLL040C,0,-0.5692437,0.1917649358510971,0.9841269850730896,0.418434739112854
YLR440C,YGL082W,0,-0.56943786,0.191727876663208,0.9841269850730896,0.4185348153114319
YLR314C,YDR225W,0,-0.56953573,0.1916908174753189,0.9841269850730896,0.41863492131233215
YJL221C,YGL005C,0,-0.56983787,0.1916537880897522,0.9841269850730896,0.41873499751091003
YBR108W,YBR211C,0,-0.57017535,0.19161677360534668,0.9841269850730896,0.4188350737094879
YLR292C,YNL194C,0,-0.570258,0.19157975912094116,0.9841269850730896,0.4189351499080658
YDR444W,YKL150W,0,-0.5702714,0.19154277443885803,0.9841269850730896,0.4190352261066437
YDR227W,YOR322C,0,-0.5705326,0.1915057897567749,0.9841269850730896,0.41913530230522156
YNL315C,YHR129C,0,-0.57068455,0.19146883487701416,0.9841269850730896,0.41923537850379944
YLR138W,YHR086W,0,-0.5707366,0.19143187999725342,0.9841269850730896,0.4193354547023773
YBR278W,YPR135W,0,-0.57080495,0.19139494001865387,0.9841269850730896,0.4194355607032776
YBR092C,YMR304W,0,-0.5710132,0.1913580298423767,0.9841269850730896,0.41953563690185547
YNL295W,YBR105C,0,-0.57114536,0.19132111966609955,0.9841269850730896,0.41963571310043335
YLL067C,YKR014C,0,-0.5718248,0.19128422439098358,0.9841269850730896,0.41973578929901123
YIR036C,YNL328C,0,-0.57184196,0.1912473440170288,0.9841269850730896,0.4198358654975891
YJR007W,YOR172W,0,-0.5723524,0.19121047854423523,0.9841269850730896,0.419935941696167
YPR095C,YKL061W,0,-0.5724656,0.19117364287376404,0.9841269850730896,0.4200360178947449
YCR068W,YER022W,0,-0.57260966,0.19113680720329285,0.9841269850730896,0.42013609409332275
YLR298C,YLR099C,0,-0.57286394,0.19109998643398285,0.9841269850730896,0.420236200094223
YLR241W,YCR097W,0,-0.57296956,0.19106318056583405,0.9841269850730896,0.4203362762928009
YLL067C,YNL135C,0,-0.57330096,0.19102637469768524,0.9841269850730896,0.4204363524913788
YCR007C,YER107C,0,-0.57421035,0.19098959863185883,0.9841269850730896,0.42053642868995667
YER010C,YOL044W,0,-0.5755247,0.1909528374671936,0.9841269850730896,0.42063650488853455
YKL137W,YLR299W,0,-0.5759438,0.19091609120368958,0.9841269850730896,0.4207365810871124
YDR282C,YER058W,0,-0.5765634,0.19087935984134674,0.9841269850730896,0.4208366572856903
YPR007C,YEL040W,0,-0.5767689,0.1908426284790039,0.9841269850730896,0.4209367632865906
YER010C,YOR060C,0,-0.57791305,0.19080592691898346,0.9841269850730896,0.42103683948516846
YMR020W,YMR266W,0,-0.5796213,0.190769225358963,0.9841269850730896,0.42113691568374634
YDR022C,YGR086C,0,-0.5796416,0.19073255360126495,0.9841269850730896,0.4212369918823242
YDL185W,YDR262W,0,-0.5798569,0.1906958818435669,0.9841269850730896,0.4213370680809021
YGR110W,YML076C,0,-0.5798778,0.19065923988819122,0.9841269850730896,0.42143714427948
YJR121W,YLR206W,0,-0.5800611,0.19062259793281555,0.9841269850730896,0.42153722047805786
YHR147C,YDR080W,0,-0.5806315,0.19058597087860107,0.9841269850730896,0.42163729667663574
YCR068W,YPL066W,0,-0.5807979,0.1905493587255478,0.9841269850730896,0.421737402677536
YLR378C,YDR256C,0,-0.5808591,0.1905127763748169,0.9841269850730896,0.4218374788761139
YKL056C,YOL053C-A,0,-0.5809638,0.190476194024086,0.9841269850730896,0.4219375550746918
YGL181W,YBR211C,0,-0.5810647,0.1904396265745163,0.9841269850730896,0.42203763127326965
YOR204W,YDR117C,1,-0.581862,0.19059501588344574,0.9851190447807312,0.42203763127326965
YJL206C,YGR016W,0,-0.58208895,0.19055843353271484,0.9851190447807312,0.42213770747184753
YCL037C,YER153C,0,-0.5822907,0.19052186608314514,0.9851190447807312,0.4222377836704254
YER105C,YOR337W,0,-0.58231336,0.19048532843589783,0.9851190447807312,0.4223378598690033
YPL116W,YJL145W,0,-0.5825726,0.1904487907886505,0.9851190447807312,0.4224379360675812
YBL015W,YJR065C,0,-0.5826914,0.1904122680425644,0.9851190447807312,0.42253804206848145
YGR169C-A,YPR161C,0,-0.5827802,0.19037576019763947,0.9851190447807312,0.4226381182670593
YKL141W,YDR383C,0,-0.5833091,0.19033928215503693,0.9851190447807312,0.4227381944656372
YER010C,YDR387C,0,-0.5840242,0.1903028041124344,0.9851190447807312,0.4228382706642151
YPL194W,YCL058W-A,0,-0.58414197,0.19026634097099304,0.9851190447807312,0.42293834686279297
YDL089W,YOR168W,0,-0.58478475,0.1902298778295517,0.9851190447807312,0.42303842306137085
YJL102W,YDR315C,0,-0.5848095,0.19019344449043274,0.9851190447807312,0.42313849925994873
YMR001C,YHR091C,0,-0.5858578,0.19015702605247498,0.9851190447807312,0.423238605260849
YOR148C,YOR094W,0,-0.586854,0.1901206225156784,0.9851190447807312,0.4233386814594269
YOL092W,YJL172W,0,-0.587569,0.19008423388004303,0.9851190447807312,0.42343875765800476
YJL225C,YCR079W,0,-0.5879344,0.19004784524440765,0.9851190447807312,0.42353883385658264
YPR041W,YPL119C,1,-0.58799416,0.19020283222198486,0.9861111044883728,0.42353883385658264
YGL131C,YDR033W,0,-0.58903956,0.1901664435863495,0.9861111044883728,0.4236389100551605
YMR058W,YML002W,0,-0.5894414,0.1901300698518753,0.9861111044883728,0.4237389862537384
YGR074W,YDR519W,0,-0.5900086,0.19009371101856232,0.9861111044883728,0.4238390624523163
YCR029C-A,YCL024W,0,-0.5904721,0.19005736708641052,0.9861111044883728,0.42393913865089417
YDR510W,YBR231C,0,-0.5905472,0.19002102315425873,0.9861111044883728,0.42403924465179443
YNL142W,YER074W-A,0,-0.5912571,0.18998470902442932,0.9861111044883728,0.4241393208503723
YDR511W,YML112W,0,-0.5923892,0.1899484097957611,0.9861111044883728,0.4242393970489502
YHR041C,YDL246C,0,-0.5924956,0.1899121105670929,0.9861111044883728,0.4243394732475281
YJR063W,YBR114W,0,-0.5928937,0.18987584114074707,0.9861111044883728,0.42443954944610596
YKL120W,YLL052C,0,-0.59325004,0.18983957171440125,0.9861111044883728,0.42453962564468384
YHR175W,YPL213W,0,-0.5932933,0.1898033171892166,0.9861111044883728,0.4246397018432617
YJR041C,YPR070W,0,-0.5941221,0.18976709246635437,0.9861111044883728,0.4247397780418396
YKR039W,YOL049W,0,-0.59413284,0.18973086774349213,0.9861111044883728,0.42483988404273987
YGR245C,YJL206C,0,-0.5942614,0.18969465792179108,0.9861111044883728,0.42493996024131775
YDR380W,YOR171C,0,-0.59429574,0.18965846300125122,0.9861111044883728,0.42504003643989563
YBR280C,YMR243C,0,-0.5943233,0.18962228298187256,0.9861111044883728,0.4251401126384735
YGL043W,YGR230W,0,-0.59446144,0.1895861178636551,0.9861111044883728,0.4252401888370514
YLR453C,YFL008W,0,-0.5945653,0.18954996764659882,0.9861111044883728,0.4253402650356293
YJR070C,YGR016W,0,-0.59543735,0.18951381742954254,0.9861111044883728,0.42544034123420715
YLR390W-A,YBR266C,0,-0.595675,0.18947769701480865,0.9861111044883728,0.4255404472351074
YPL264C,YBR294W,0,-0.5958755,0.18944159150123596,0.9861111044883728,0.4256405234336853
YFR002W,YLR256W,0,-0.59623986,0.18940548598766327,0.9861111044883728,0.4257405996322632
YKL035W,YDR009W,0,-0.5967021,0.18936941027641296,0.9861111044883728,0.42584067583084106
YOL087C,YPL120W,0,-0.59711754,0.18933333456516266,0.9861111044883728,0.42594075202941895
YKL143W,YOR193W,0,-0.5975201,0.18929727375507355,0.9861111044883728,0.4260408282279968
YDR477W,YDR387C,0,-0.5975666,0.18926122784614563,0.9861111044883728,0.4261409044265747
YOR076C,YPL265W,0,-0.5977682,0.1892252117395401,0.9861111044883728,0.4262409806251526
YDR508C,YGL090W,0,-0.59798115,0.18918919563293457,0.9861111044883728,0.42634108662605286
YOL087C,YKL069W,0,-0.5984006,0.18915319442749023,0.9861111044883728,0.42644116282463074
YNL026W,YDL199C,0,-0.59882456,0.1891171932220459,0.9861111044883728,0.4265412390232086
YDL245C,YNL295W,0,-0.5988525,0.18908122181892395,0.9861111044883728,0.4266413152217865
YKL029C,YGL223C,0,-0.5990079,0.1890452653169632,0.9861111044883728,0.4267413914203644
YHR199C-A,YNL265C,0,-0.5990983,0.18900932371616364,0.9861111044883728,0.42684146761894226
YDR026C,YOR159C,0,-0.59953636,0.18897338211536407,0.9861111044883728,0.42694154381752014
YKR049C,YOR157C,0,-0.59972095,0.1889374703168869,0.9861111044883728,0.427041620016098
YER133W,YDR028C,0,-0.59993553,0.18890155851840973,0.9861111044883728,0.4271417260169983
YKL120W,YCR079W,0,-0.60025066,0.18886566162109375,0.9861111044883728,0.42724180221557617
YBR276C,YER003C,0,-0.60035455,0.18882979452610016,0.9861111044883728,0.42734187841415405
YDR295C,YHR044C,0,-0.6004476,0.18879392743110657,0.9861111044883728,0.42744195461273193
YHR175W,YLR206W,0,-0.6005708,0.18875807523727417,0.9861111044883728,0.4275420308113098
YDR460W,YDR512C,0,-0.6009927,0.18872223794460297,0.9861111044883728,0.4276421070098877
YGL245W,YNR074C,0,-0.6011366,0.18868641555309296,0.9861111044883728,0.4277421832084656
YHR074W,YPR169W,0,-0.6012514,0.18865059316158295,0.9861111044883728,0.42784225940704346
YBL004W,YGL093W,0,-0.60127753,0.18861480057239532,0.9861111044883728,0.4279423654079437
YMR212C,YNL265C,0,-0.6012872,0.1885790228843689,0.9861111044883728,0.4280424416065216
YGR138C,YEL060C,0,-0.6013944,0.18854324519634247,0.9861111044883728,0.4281425178050995
YEL060C,YBL071W-A,0,-0.6017504,0.18850749731063843,0.9861111044883728,0.42824259400367737
YJL192C,YLR141W,0,-0.6018051,0.1884717494249344,0.9861111044883728,0.42834267020225525
YLR141W,YGR188C,0,-0.60218513,0.18843601644039154,0.9861111044883728,0.42844274640083313
YHR041C,YIL061C,0,-0.60225654,0.1884002983570099,0.9861111044883728,0.428542822599411
YOR004W,YKL089W,0,-0.6028739,0.18836459517478943,0.9861111044883728,0.4286429286003113
YKR063C,YLL012W,0,-0.6028968,0.18832890689373016,0.9861111044883728,0.42874300479888916
YGR169C-A,YER019W,0,-0.6030077,0.1882932335138321,0.9861111044883728,0.42884308099746704
YGR243W,YMR294W,0,-0.6031678,0.18825757503509521,0.9861111044883728,0.4289431571960449
YOR148C,YMR300C,0,-0.6033715,0.18822193145751953,0.9861111044883728,0.4290432333946228
YEL063C,YDR511W,0,-0.6034934,0.18818628787994385,0.9861111044883728,0.4291433095932007
YOR372C,YNL058C,0,-0.60350543,0.18815067410469055,0.9861111044883728,0.42924338579177856
YDL116W,YNL177C,0,-0.60396546,0.18811506032943726,0.9861111044883728,0.42934346199035645
YAR042W,YNR047W,0,-0.6040252,0.18807947635650635,0.9861111044883728,0.4294435679912567
YLR292C,YLR053C,0,-0.60421,0.18804389238357544,0.9861111044883728,0.4295436441898346
YLR446W,YOR016C,0,-0.6045044,0.18800832331180573,0.9861111044883728,0.4296437203884125
YLR008C,YBR123C,0,-0.6048188,0.1879727691411972,0.9861111044883728,0.42974379658699036
YPL043W,YDR080W,0,-0.60492206,0.18793722987174988,0.9861111044883728,0.42984387278556824
YGR134W,YGL139W,0,-0.60492796,0.18790170550346375,0.9861111044883728,0.4299439489841461
YLR336C,YNR070W,0,-0.60503536,0.1878661811351776,0.9861111044883728,0.430044025182724
YBR231C,YAL033W,0,-0.6054324,0.18783068656921387,0.9861111044883728,0.4301441013813019
YNL019C,YLR299W,0,-0.60556406,0.18779520690441132,0.9861111044883728,0.43024420738220215
YDR295C,YJL046W,0,-0.6059134,0.18775972723960876,0.9861111044883728,0.43034428358078003
YPL271W,YGR276C,0,-0.60652995,0.1877242624759674,0.9861111044883728,0.4304443597793579
YNR020C,YDL133W,0,-0.6068298,0.18768882751464844,0.9861111044883728,0.4305444359779358
YGR036C,YHR206W,0,-0.6070272,0.18765339255332947,0.9861111044883728,0.43064451217651367
YJL008C,YGL082W,0,-0.60769176,0.1876179724931717,0.9861111044883728,0.43074458837509155
YGL258W,YGR280C,0,-0.6080207,0.1875825673341751,0.9861111044883728,0.43084466457366943
YBR275C,YGR090W,0,-0.6082756,0.18754717707633972,0.9861111044883728,0.4309447705745697
YOL107W,YHR046C,0,-0.6090544,0.18751178681850433,0.9861111044883728,0.4310448467731476
YMR001C,YDR322W,0,-0.60940146,0.18747642636299133,0.9861111044883728,0.43114492297172546
YDL122W,YHL044W,0,-0.60973287,0.18744106590747833,0.9861111044883728,0.43124499917030334
YFL054C,YMR005W,0,-0.61023813,0.18740573525428772,0.9861111044883728,0.4313450753688812
YGL236C,YEL017C-A,0,-0.6103284,0.1873704046010971,0.9861111044883728,0.4314451515674591
YDR477W,YDL103C,0,-0.61103135,0.1873350888490677,0.9861111044883728,0.431545227766037
YHR029C,YKL160W,0,-0.611317,0.18729978799819946,0.9861111044883728,0.43164530396461487
YGR136W,YER110C,0,-0.6118522,0.18726450204849243,0.9861111044883728,0.43174540996551514
YCR007C,YLR141W,0,-0.61205417,0.1872292309999466,0.9861111044883728,0.431845486164093
YHR206W,YGL030W,0,-0.6121282,0.18719397485256195,0.9861111044883728,0.4319455623626709
YBR084W,YMR184W,0,-0.61249083,0.1871587336063385,0.9861111044883728,0.4320456385612488
YML094W,YBR240C,0,-0.61340755,0.18712349236011505,0.9861111044883728,0.43214571475982666
YLL018C-A,YDL211C,0,-0.6138028,0.187088280916214,0.9861111044883728,0.43224579095840454
YGR175C,YDR511W,0,-0.61385685,0.18705306947231293,0.9861111044883728,0.4323458671569824
YCR071C,YHL003C,0,-0.6139645,0.18701787292957306,0.9861111044883728,0.4324459433555603
YHR035W,YER182W,0,-0.61409736,0.18698269128799438,0.9861111044883728,0.43254604935646057
YKR025W,YMR204C,0,-0.6148337,0.1869475245475769,0.9861111044883728,0.43264612555503845
YER157W,YOL073C,0,-0.6151118,0.18691237270832062,0.9861111044883728,0.43274620175361633
YNL196C,YPR072W,0,-0.6152395,0.18687723577022552,0.9861111044883728,0.4328462779521942
YDL113C,YGR090W,0,-0.6154257,0.18684209883213043,0.9861111044883728,0.4329463541507721
YGL245W,YGL192W,0,-0.6159151,0.18680699169635773,0.9861111044883728,0.43304643034935
YPL270W,YMR202W,0,-0.61651576,0.18677188456058502,0.9861111044883728,0.43314650654792786
YDL099W,YER133W,0,-0.61668265,0.1867368072271347,0.9861111044883728,0.43324658274650574
YPL148C,YLR220W,0,-0.61684227,0.1867017298936844,0.9861111044883728,0.433346688747406
YJL038C,YBR006W,0,-0.61690855,0.18666666746139526,0.9861111044883728,0.4334467649459839
YFR002W,YHL012W,0,-0.6170649,0.18663161993026733,0.9861111044883728,0.43354684114456177
YMR211W,YIR013C,0,-0.6173669,0.1865965873003006,0.9861111044883728,0.43364691734313965
YHR057C,YJR007W,0,-0.61747324,0.18656155467033386,0.9861111044883728,0.43374699354171753
YFL034W,YMR276W,0,-0.61777633,0.18652655184268951,0.9861111044883728,0.4338470697402954
YNR026C,YGL082W,0,-0.6181535,0.18649156391620636,0.9861111044883728,0.4339471459388733
YNL236W,YOL092W,0,-0.6183227,0.1864565759897232,0.9861111044883728,0.43404725193977356
YMR139W,YPR169W,0,-0.6184426,0.18642160296440125,0.9861111044883728,0.43414732813835144
YEL060C,YGR230W,0,-0.6185095,0.18638664484024048,0.9861111044883728,0.4342474043369293
YPL148C,YOR221C,0,-0.61876506,0.1863517016172409,0.9861111044883728,0.4343474805355072
YER144C,YDL103C,0,-0.6187765,0.18631677329540253,0.9861111044883728,0.4344475567340851
YER184C,YPR079W,0,-0.6191854,0.18628185987472534,0.9861111044883728,0.43454763293266296
YJL096W,YDR463W,0,-0.6193481,0.18624696135520935,0.9861111044883728,0.43464770913124084
YOR058C,YER061C,0,-0.6195136,0.18621206283569336,0.9861111044883728,0.4347477853298187
YBL072C,YBR294W,0,-0.6203768,0.18617719411849976,0.9861111044883728,0.434847891330719
YGR239C,YBL066C,0,-0.62056994,0.18614232540130615,0.9861111044883728,0.4349479675292969
YGR187C,YLR219W,0,-0.62084967,0.18610747158527374,0.9861111044883728,0.43504804372787476
YHR199C-A,YPR070W,0,-0.6210438,0.18607263267040253,0.9861111044883728,0.43514811992645264
YIR036C,YGR016W,0,-0.62128174,0.1860378086566925,0.9861111044883728,0.4352481961250305
YBL034C,YCL032W,0,-0.62185585,0.18600299954414368,0.9861111044883728,0.4353482723236084
YMR088C,YER171W,0,-0.6220521,0.18596819043159485,0.9861111044883728,0.4354483485221863
YPR023C,YPL219W,0,-0.6223663,0.1859334111213684,0.9861111044883728,0.43554842472076416
YJR007W,YEL069C,0,-0.62288773,0.18589863181114197,0.9861111044883728,0.43564853072166443
YLR008C,YDL216C,0,-0.62360424,0.18586386740207672,0.9861111044883728,0.4357486069202423
YHR029C,YGL090W,0,-0.62369573,0.18582913279533386,0.9861111044883728,0.4358486831188202
YKL035W,YJL076W,0,-0.62418205,0.185794398188591,0.9861111044883728,0.43594875931739807
YIL005W,YML043C,0,-0.625229,0.18575967848300934,0.9861111044883728,0.43604883551597595
YMR039C,YDR033W,0,-0.6256264,0.18572495877742767,0.9861111044883728,0.43614891171455383
YDL161W,YGR016W,0,-0.62629926,0.1856902688741684,0.9861111044883728,0.4362489879131317
YOL084W,YHR196W,0,-0.6264661,0.18565557897090912,0.9861111044883728,0.436349093914032
YDR022C,YJR065C,0,-0.62767065,0.18562091886997223,0.9861111044883728,0.43644917011260986
YOR206W,YAL044C,0,-0.6278819,0.18558625876903534,0.9861111044883728,0.43654924631118774
YDR280W,YPR135W,0,-0.62803376,0.18555161356925964,0.9861111044883728,0.4366493225097656
YDL140C,YOR044W,0,-0.6283365,0.18551698327064514,0.9861111044883728,0.4367493987083435
YMR302C,YPR193C,0,-0.6284448,0.18548236787319183,0.9861111044883728,0.4368494749069214
YBL005W-B,YGL250W,0,-0.62879354,0.18544776737689972,0.9861111044883728,0.43694955110549927
YMR208W,YGR169C-A,0,-0.628824,0.1854131668806076,0.9861111044883728,0.43704962730407715
YMR112C,YHR029C,0,-0.62923396,0.18537859618663788,0.9861111044883728,0.4371497333049774
YMR251W-A,YMR233W,0,-0.6297395,0.18534402549266815,0.9861111044883728,0.4372498095035553
YPR139C,YML050W,0,-0.6297683,0.18530946969985962,0.9861111044883728,0.4373498857021332
YLR256W,YML106W,0,-0.62978023,0.18527492880821228,0.9861111044883728,0.43744996190071106
YLL067C,YBL015W,0,-0.6298232,0.18524040281772614,0.9861111044883728,0.43755003809928894
YBL002W,YML023C,0,-0.63008523,0.18520589172840118,0.9861111044883728,0.4376501142978668
YNL281W,YER100W,0,-0.630167,0.18517138063907623,0.9861111044883728,0.4377501904964447
YLL067C,YMR295C,0,-0.6315251,0.18513689935207367,0.9861111044883728,0.4378502666950226
YHR199C-A,YNL169C,0,-0.632813,0.1851024180650711,0.9861111044883728,0.43795037269592285
YFL054C,YLR167W,0,-0.632949,0.18506795167922974,0.9861111044883728,0.43805044889450073
YDR414C,YGL225W,0,-0.6332824,0.18503350019454956,0.9861111044883728,0.4381505250930786
YGR125W,YPR112C,0,-0.63333136,0.18499906361103058,0.9861111044883728,0.4382506012916565
YOR145C,YOL034W,0,-0.63540936,0.1849646419286728,0.9861111044883728,0.4383506774902344
YLR201C,YJR121W,0,-0.63638985,0.1849302351474762,0.9861111044883728,0.43845075368881226
YIL115C,YGL157W,0,-0.63685834,0.1848958283662796,0.9861111044883728,0.43855082988739014
YIL065C,YPR006C,0,-0.63709694,0.1848614513874054,0.9861111044883728,0.438650906085968
YDR322W,YDR503C,0,-0.63732576,0.1848270744085312,0.9861111044883728,0.4387510120868683
YKL150W,YOR045W,0,-0.63735044,0.18479271233081818,0.9861111044883728,0.43885108828544617
YGR036C,YNL055C,0,-0.63782716,0.18475836515426636,0.9861111044883728,0.43895116448402405
YDR348C,YPL151C,0,-0.6391625,0.18472403287887573,0.9861111044883728,0.43905124068260193
YDL113C,YLR168C,0,-0.63935524,0.1846897006034851,0.9861111044883728,0.4391513168811798
YGR125W,YCL045C,0,-0.6395926,0.18465539813041687,0.9861111044883728,0.4392513930797577
YLR369W,YLR312W-A,0,-0.6401845,0.18462109565734863,0.9861111044883728,0.43935146927833557
YKL046C,YJR042W,0,-0.64044654,0.1845868080854416,0.9861111044883728,0.43945157527923584
YBR275C,YLR034C,0,-0.6417377,0.18455255031585693,0.9861111044883728,0.4395516514778137
YKL145W,YOR382W,0,-0.64195013,0.18451827764511108,0.9861111044883728,0.4396517276763916
YKR097W,YOR251C,0,-0.64247787,0.18448403477668762,0.9861111044883728,0.4397518038749695
YJL160C,YNL323W,0,-0.6425216,0.18444980680942535,0.9861111044883728,0.43985188007354736
YKL143W,YKR023W,0,-0.64262193,0.18441557884216309,0.9861111044883728,0.43995195627212524
YPR191W,YPL066W,0,-0.6432973,0.1843813806772232,0.9861111044883728,0.4400520324707031
YDR093W,YMR265C,0,-0.6436087,0.18434718251228333,0.9861111044883728,0.440152108669281
YHR046C,YBR275C,0,-0.64413047,0.18431299924850464,0.9861111044883728,0.4402522146701813
YDL116W,YNL242W,0,-0.6442518,0.18427883088588715,0.9861111044883728,0.44035229086875916
YCR029C-A,YLR033W,0,-0.64426297,0.18424467742443085,0.9861111044883728,0.44045236706733704
YPL098C,YGL206C,0,-0.64499485,0.18421052396297455,0.9861111044883728,0.4405524432659149
YML028W,YER021W,0,-0.64552486,0.18417640030384064,0.9861111044883728,0.4406525194644928
YER138C,YKR089C,0,-0.64559364,0.18414227664470673,0.9861111044883728,0.4407525956630707
YPR115W,YNL295W,0,-0.64569664,0.184108167886734,0.9861111044883728,0.44085267186164856
YDR280W,YKR084C,0,-0.64618284,0.18407407402992249,0.9861111044883728,0.44095274806022644
YDR137W,YDR012W,0,-0.6470528,0.18403999507427216,0.9861111044883728,0.4410528540611267
YLR052W,YPL244C,0,-0.64735174,0.18400593101978302,0.9861111044883728,0.4411529302597046
YOR131C,YGL246C,0,-0.6474874,0.18397186696529388,0.9861111044883728,0.44125300645828247
YGL043W,YOR355W,0,-0.64774555,0.18393781781196594,0.9861111044883728,0.44135308265686035
YKL046C,YMR174C,0,-0.6478796,0.1839037984609604,0.9861111044883728,0.44145315885543823
YML046W,YNL200C,0,-0.6479606,0.18386977910995483,0.9861111044883728,0.4415532350540161
YOR159C,YDR256C,0,-0.64826167,0.18383577466011047,0.9861111044883728,0.441653311252594
YHR035W,YBR260C,0,-0.6482756,0.1838017702102661,0.9861111044883728,0.44175341725349426
YLR057W,YDR155C,0,-0.6499113,0.18376779556274414,0.9861111044883728,0.44185349345207214
YBR136W,YPL066W,0,-0.6509416,0.18373382091522217,0.9861111044883728,0.44195356965065
YAL053W,YHR206W,0,-0.6514696,0.18369987607002258,0.9861111044883728,0.4420536458492279
YDL207W,YPL092W,0,-0.6516078,0.183665931224823,0.9861111044883728,0.4421537220478058
YBR073W,YNL135C,0,-0.65195894,0.1836320012807846,0.9861111044883728,0.44225379824638367
YKR049C,YPR192W,0,-0.6522566,0.1835980862379074,0.9861111044883728,0.44235387444496155
YMR058W,YKL214C,0,-0.65254915,0.1835641711950302,0.9861111044883728,0.44245395064353943
YDR074W,YDR217C,0,-0.6525624,0.1835302859544754,0.9861111044883728,0.4425540566444397
YPL275W,YER099C,0,-0.6535421,0.1834964007139206,0.9861111044883728,0.4426541328430176
YNL279W,YGL043W,0,-0.6537865,0.18346253037452698,0.9861111044883728,0.44275420904159546
YOL073C,YCR030C,0,-0.6539151,0.18342867493629456,0.9861111044883728,0.44285428524017334
YBL067C,YOR076C,0,-0.65431255,0.18339483439922333,0.9861111044883728,0.4429543614387512
YDL099W,YNL240C,0,-0.6544746,0.1833610087633133,0.9861111044883728,0.4430544376373291
YLR258W,YGL181W,0,-0.6548642,0.18332718312740326,0.9861111044883728,0.443154513835907
YDL206W,YPL209C,0,-0.65528965,0.1832933872938156,0.9861111044883728,0.44325459003448486
YPL161C,YKL151C,0,-0.6558659,0.18325959146022797,0.9861111044883728,0.44335469603538513
YOR046C,YLL006W,0,-0.656157,0.1832258105278015,0.9861111044883728,0.443454772233963
YBR092C,YKL150W,0,-0.65622735,0.18319204449653625,0.9861111044883728,0.4435548484325409
YMR314W,YMR266W,0,-0.6571663,0.183158278465271,0.9861111044883728,0.4436549246311188
YPR139C,YBL011W,0,-0.6572954,0.18312454223632812,0.9861111044883728,0.44375500082969666
YDR200C,YJL146W,0,-0.6587087,0.18309080600738525,0.9861111044883728,0.44385507702827454
YDR181C,YMR246W,0,-0.6588046,0.18305708467960358,0.9861111044883728,0.4439551532268524
YHR122W,YJL102W,0,-0.65908486,0.1830233782529831,0.9861111044883728,0.4440552294254303
YGL039W,YBR058C,0,-0.65933204,0.1829896867275238,0.9861111044883728,0.44415533542633057
YJL225C,YNL245C,0,-0.659395,0.1829560101032257,0.9861111044883728,0.44425541162490845
YBR141C,YOR355W,0,-0.65954816,0.1829223334789276,0.9861111044883728,0.44435548782348633
YNL135C,YGR204W,0,-0.6607585,0.1828886866569519,0.9861111044883728,0.4444555640220642
YJL058C,YER035W,0,-0.6611035,0.1828550398349762,0.9861111044883728,0.4445556402206421
YJL140W,YIL172C,0,-0.66162384,0.18282140791416168,0.9861111044883728,0.44465571641921997
YLR390W,YGR043C,0,-0.6621099,0.18278779089450836,0.9861111044883728,0.44475579261779785
YPL264C,YDL116W,0,-0.66224444,0.18275418877601624,0.9861111044883728,0.4448558986186981
YJL130C,YDL137W,0,-0.66303444,0.1827205866575241,0.9861111044883728,0.444955974817276
YEL063C,YOR148C,0,-0.66321766,0.18268699944019318,0.9861111044883728,0.4450560510158539
YDR303C,YHL012W,0,-0.66354007,0.18265344202518463,0.9861111044883728,0.44515612721443176
YDR076W,YDR512C,0,-0.6642785,0.1826198846101761,0.9861111044883728,0.44525620341300964
YCR008W,YOR356W,0,-0.66430104,0.18258632719516754,0.9861111044883728,0.4453562796115875
YJR150C,YGL043W,0,-0.6653098,0.18255279958248138,0.9861111044883728,0.4454563558101654
YMR131C,YGL192W,0,-0.66565067,0.18251928687095642,0.9861111044883728,0.4455564320087433
YDR016C,YDR080W,0,-0.66565585,0.18248577415943146,0.9861111044883728,0.44565653800964355
YNL200C,YAL058W,0,-0.6662883,0.1824522763490677,0.9861111044883728,0.44575661420822144
YDR023W,YLL006W,0,-0.6673056,0.1824187934398651,0.9861111044883728,0.4458566904067993
YLR172C,YGR271W,1,-0.668202,0.18256880342960358,0.9871031641960144,0.4458566904067993
YOL105C,YLR299W,0,-0.6691638,0.182535320520401,0.9871031641960144,0.4459567666053772
YJL094C,YML038C,0,-0.66922045,0.18250183761119843,0.9871031641960144,0.4460568428039551
YJR070C,YLR141W,0,-0.6692276,0.18246836960315704,0.9871031641960144,0.44615691900253296
YER184C,YJL080C,0,-0.670068,0.18243491649627686,0.9871031641960144,0.44625699520111084
YHR034C,YHR065C,0,-0.6702231,0.18240146338939667,0.9871031641960144,0.4463570713996887
YNL157W,YNL196C,0,-0.6710996,0.18236804008483887,0.9871031641960144,0.446457177400589
YHL031C,YBR204C,0,-0.6717999,0.18233461678028107,0.9871031641960144,0.44655725359916687
YOL022C,YJL110C,0,-0.6718192,0.18230120837688446,0.9871031641960144,0.44665732979774475
YLR446W,YKL151C,0,-0.6721196,0.18226781487464905,0.9871031641960144,0.44675740599632263
YML065W,YBR233W-A,0,-0.6722568,0.18223443627357483,0.9871031641960144,0.4468574821949005
YPL258C,YNL135C,0,-0.6727029,0.1822010576725006,0.9871031641960144,0.4469575583934784
YGL179C,YDR160W,0,-0.67270696,0.18216770887374878,0.9871031641960144,0.4470576345920563
YML028W,YNL053W,0,-0.6727685,0.18213436007499695,0.9871031641960144,0.44715774059295654
YKL018W,YDR511W,0,-0.6731463,0.1821010261774063,0.9871031641960144,0.4472578167915344
YDR330W,YMR074C,0,-0.673198,0.18206770718097687,0.9871031641960144,0.4473578929901123
YKL029C,YHL021C,0,-0.6732271,0.18203438818454742,0.9871031641960144,0.4474579691886902
YBR186W,YGR272C,0,-0.6732409,0.18200109899044037,0.9871031641960144,0.44755804538726807
YPL148C,YDR023W,0,-0.6739193,0.1819678097963333,0.9871031641960144,0.44765812158584595
YNR008W,YDR028C,0,-0.6740451,0.18193453550338745,0.9871031641960144,0.44775819778442383
YMR189W,YBR172C,0,-0.674086,0.18190127611160278,0.9871031641960144,0.4478582739830017
YAL042W,YDL207W,0,-0.67548954,0.1818680316209793,0.9871031641960144,0.447958379983902
YLR056W,YAL062W,0,-0.67668414,0.18183480203151703,0.9871031641960144,0.44805845618247986
YHL047C,YOR362C,0,-0.6776351,0.18180157244205475,0.9871031641960144,0.44815853238105774
YDL051W,YOR393W,0,-0.6778417,0.18176835775375366,0.9871031641960144,0.4482586085796356
YNL245C,YMR226C,0,-0.67794317,0.18173515796661377,0.9871031641960144,0.4483586847782135
YPR052C,YML015C,0,-0.6783806,0.18170197308063507,0.9871031641960144,0.4484587609767914
YMR061W,YNL304W,0,-0.6786925,0.18166880309581757,0.9871031641960144,0.44855883717536926
YER184C,YKR023W,0,-0.6788905,0.18163563311100006,0.9871031641960144,0.44865891337394714
YNL200C,YPL130W,0,-0.67900324,0.18160247802734375,0.9871031641960144,0.4487590193748474
YML065W,YLR309C,0,-0.6797106,0.18156933784484863,0.9871031641960144,0.4488590955734253
YLR404W,YPL012W,0,-0.67993414,0.1815362125635147,0.9871031641960144,0.4489591717720032
YBL058W,YPL009C,0,-0.6812501,0.18150310218334198,0.9871031641960144,0.44905924797058105
YKL214C,YGR096W,0,-0.6813607,0.18146999180316925,0.9871031641960144,0.44915932416915894
YLR167W,YMR189W,0,-0.6825776,0.1814369112253189,0.9871031641960144,0.4492594003677368
YMR139W,YCL058W-A,0,-0.68268263,0.18140383064746857,0.9871031641960144,0.4493594765663147
YER003C,YER029C,0,-0.6826881,0.18137076497077942,0.9871031641960144,0.4494595527648926
YNL236W,YGL228W,0,-0.682704,0.18133771419525146,0.9871031641960144,0.44955965876579285
YBR055C,YHR150W,0,-0.68274724,0.1813046634197235,0.9871031641960144,0.4496597349643707
YGR041W,YKL171W,0,-0.68283105,0.18127162754535675,0.9871031641960144,0.4497598111629486
YCR027C,YDR091C,0,-0.682889,0.18123862147331238,0.9871031641960144,0.4498598873615265
YDR113C,YOR016C,0,-0.68297374,0.181205615401268,0.9871031641960144,0.44995996356010437
YDR436W,YGL026C,0,-0.6832837,0.18117260932922363,0.9871031641960144,0.45006003975868225
YOL107W,YOL124C,0,-0.68340737,0.18113963305950165,0.9871031641960144,0.45016011595726013
YJL096W,YKL069W,0,-0.684485,0.18110665678977966,0.9871031641960144,0.4502602219581604
YDR181C,YER182W,0,-0.6856202,0.18107371032238007,0.9871031641960144,0.4503602981567383
YCR093W,YGR016W,0,-0.6862497,0.18104076385498047,0.9871031641960144,0.45046037435531616
YPL098C,YDL199C,0,-0.6873643,0.18100781738758087,0.9871031641960144,0.45056045055389404
YLR265C,YJL076W,0,-0.68767864,0.18097490072250366,0.9871031641960144,0.4506605267524719
YJL090C,YHR165C,0,-0.6888534,0.18094198405742645,0.9871031641960144,0.4507606029510498
YDR228C,YML050W,0,-0.6899506,0.18090909719467163,0.9871031641960144,0.4508606791496277
YCL018W,YML036W,0,-0.69014966,0.1808762103319168,0.9871031641960144,0.45096075534820557
YOR005C,YPL264C,0,-0.69038016,0.180843323469162,0.9871031641960144,0.45106086134910583
YOR094W,YML023C,0,-0.69073135,0.18081046640872955,0.9871031641960144,0.4511609375476837
YER059W,YDL150W,0,-0.6922853,0.18077760934829712,0.9871031641960144,0.4512610137462616
YDL236W,YFL054C,0,-0.6931397,0.18074478209018707,0.9871031641960144,0.4513610899448395
YCR096C,YGL026C,0,-0.6935297,0.18071195483207703,0.9871031641960144,0.45146116614341736
YGR014W,YDR363W-A,0,-0.6937647,0.18067914247512817,0.9871031641960144,0.45156124234199524
YGR250C,YDL089W,0,-0.69384456,0.18064633011817932,0.9871031641960144,0.4516613185405731
YEL044W,YDR420W,0,-0.69454694,0.18061354756355286,0.9871031641960144,0.451761394739151
YML062C,YOL038W,0,-0.6956792,0.1805807650089264,0.9871031641960144,0.45186150074005127
YDL089W,YER182W,0,-0.6960089,0.18054799735546112,0.9871031641960144,0.45196157693862915
YIL065C,YDR420W,0,-0.6960736,0.18051524460315704,0.9871031641960144,0.45206165313720703
YML039W,YOR311C,0,-0.6961735,0.18048249185085297,0.9871031641960144,0.4521617293357849
YPL079W,YJL056C,0,-0.69620806,0.18044976890087128,0.9871031641960144,0.4522618055343628
YHL044W,YJL059W,0,-0.69657284,0.1804170459508896,0.9871031641960144,0.4523618817329407
YBR034C,YOL141W,0,-0.698488,0.1803843379020691,0.9871031641960144,0.45246195793151855
YPL132W,YBR108W,0,-0.6999594,0.1803516447544098,0.9871031641960144,0.4525620639324188
YFR055W,YLR185W,0,-0.69999886,0.1803189516067505,0.9871031641960144,0.4526621401309967
YEL012W,YNL279W,0,-0.700753,0.18028628826141357,0.9871031641960144,0.4527622163295746
YOR369C,YFL043C,0,-0.7010648,0.18025362491607666,0.9871031641960144,0.45286229252815247
YGR138C,YGL226C-A,0,-0.7022891,0.18022097647190094,0.9871031641960144,0.45296236872673035
YDL140C,YPL011C,0,-0.7029152,0.1801883429288864,0.9871031641960144,0.4530624449253082
YMR128W,YOR221C,0,-0.70392734,0.1801557093858719,0.9871031641960144,0.4531625211238861
YBR279W,YHR170W,0,-0.7040324,0.18012310564517975,0.9871031641960144,0.453262597322464
YOR131C,YOL005C,0,-0.70446,0.1800905019044876,0.9871031641960144,0.45336270332336426
YER072W,YER029C,0,-0.70465744,0.18005791306495667,0.9871031641960144,0.45346277952194214
YBR261C,YGL049C,1,-0.7053624,0.18020625412464142,0.988095223903656,0.45346277952194214
YDR266C,YPL191C,0,-0.70688117,0.18017366528511047,0.988095223903656,0.45356285572052
YMR121C,YER153C,0,-0.7069468,0.18014107644557953,0.988095223903656,0.4536629319190979
YLR008C,YHR175W,0,-0.7076473,0.18010850250720978,0.988095223903656,0.4537630081176758
YKL214C,YGL139W,0,-0.7077484,0.18007592856884003,0.988095223903656,0.45386308431625366
YDR533C,YMR152W,0,-0.7084704,0.18004338443279266,0.988095223903656,0.45396316051483154
YPL227C,YOR060C,0,-0.70853287,0.1800108402967453,0.988095223903656,0.4540632367134094
YDR031W,YHR175W,0,-0.70898414,0.17997831106185913,0.988095223903656,0.4541633427143097
YDR524C,YHR168W,0,-0.70907074,0.17994579672813416,0.988095223903656,0.4542634189128876
YJR070C,YMR184W,0,-0.70911396,0.17991329729557037,0.988095223903656,0.45436349511146545
YER058W,YNR026C,0,-0.7095845,0.1798807978630066,0.988095223903656,0.45446357131004333
YLR390W,YPR079W,0,-0.7097881,0.179848313331604,0.988095223903656,0.4545636475086212
YOR056C,YKL175W,0,-0.71008134,0.1798158586025238,0.988095223903656,0.4546637237071991
YNL152W,YBR058C,0,-0.7107075,0.1797833889722824,0.988095223903656,0.454763799905777
YNL019C,YGR163W,0,-0.71125007,0.1797509491443634,0.988095223903656,0.45486390590667725
YPL087W,YHR150W,0,-0.7114683,0.1797185093164444,0.988095223903656,0.4549639821052551
YML062C,YBL066C,0,-0.7115302,0.17968608438968658,0.988095223903656,0.455064058303833
YPL184C,YPL042C,0,-0.71198034,0.17965367436408997,0.988095223903656,0.4551641345024109
YPL275W,YGL158W,0,-0.71199787,0.17962127923965454,0.988095223903656,0.45526421070098877
YJL099W,YNL056W,0,-0.7122996,0.1795888990163803,0.988095223903656,0.45536428689956665
YLR170C,YGL092W,0,-0.71281534,0.17955651879310608,0.988095223903656,0.45546436309814453
YJL059W,YGL171W,0,-0.7137283,0.17952415347099304,0.988095223903656,0.4555644392967224
YCL050C,YCL003W,0,-0.7140488,0.1794918030500412,0.988095223903656,0.4556645452976227
YDR322W,YGR277C,0,-0.7144864,0.17945945262908936,0.988095223903656,0.45576462149620056
YPR191W,YKR067W,0,-0.7146133,0.1794271320104599,0.988095223903656,0.45586469769477844
YER046W,YJL140W,0,-0.7148458,0.17939481139183044,0.988095223903656,0.4559647738933563
YPR009W,YDR066C,0,-0.71507883,0.17936250567436218,0.988095223903656,0.4560648500919342
YMR087W,YML068W,0,-0.7151263,0.17933021485805511,0.988095223903656,0.4561649262905121
YHR111W,YIR013C,0,-0.7167611,0.17929792404174805,0.988095223903656,0.45626500248908997
YNL009W,YMR202W,0,-0.71702266,0.17926566302776337,0.988095223903656,0.45636507868766785
YJR101W,YJL223C,0,-0.7179683,0.1792334020137787,0.988095223903656,0.4564651846885681
YNL157W,YAL062W,0,-0.7186815,0.1792011559009552,0.988095223903656,0.456565260887146
YDR387C,YHR033W,0,-0.7197242,0.1791689097881317,0.988095223903656,0.4566653370857239
YNL295W,YGL030W,0,-0.7197445,0.17913669347763062,0.988095223903656,0.45676541328430176
YDR280W,YDR461W,0,-0.71974826,0.17910447716712952,0.988095223903656,0.45686548948287964
YEL012W,YBL033C,0,-0.72057784,0.1790722757577896,0.988095223903656,0.4569655656814575
YDL161W,YML040W,0,-0.7207171,0.1790400892496109,0.988095223903656,0.4570656418800354
YOL022C,YOR356W,0,-0.72189164,0.1790079027414322,0.988095223903656,0.4571657180786133
YDR082W,YNL059C,0,-0.7230868,0.17897574603557587,0.988095223903656,0.45726582407951355
YPL098C,YLR359W,0,-0.7232928,0.17894358932971954,0.988095223903656,0.45736590027809143
YMR294W,YMR226C,0,-0.7237302,0.17891144752502441,0.988095223903656,0.4574659764766693
YLR221C,YJL110C,0,-0.7237919,0.17887930572032928,0.988095223903656,0.4575660526752472
YNL126W,YCR005C,0,-0.72450346,0.17884719371795654,0.988095223903656,0.4576661288738251
YKR039W,YAL058W,0,-0.7249392,0.1788150817155838,0.988095223903656,0.45776620507240295
YOR004W,YHL018W,0,-0.7250521,0.17878298461437225,0.988095223903656,0.45786628127098083
YNL169C,YLR033W,0,-0.7250706,0.1787509024143219,0.988095223903656,0.4579663872718811
YER010C,YHR168W,0,-0.7253884,0.17871882021427155,0.988095223903656,0.458066463470459
YPL184C,YER087W,0,-0.72540855,0.17868675291538239,0.988095223903656,0.45816653966903687
YMR300C,YDR128W,0,-0.7255076,0.1786547154188156,0.988095223903656,0.45826661586761475
YNR026C,YNL056W,0,-0.7258276,0.17862266302108765,0.988095223903656,0.4583666920661926
YNL008C,YNL040W,0,-0.7258822,0.17859064042568207,0.988095223903656,0.4584667682647705
YPL174C,YMR265C,0,-0.7261394,0.1785586178302765,0.988095223903656,0.4585668444633484
YDR017C,YKR025W,0,-0.72678745,0.1785266250371933,0.988095223903656,0.45866692066192627
YLR053C,YEL069C,0,-0.7276118,0.1784946173429489,0.988095223903656,0.45876702666282654
YPR052C,YGR243W,0,-0.72768927,0.17846263945102692,0.988095223903656,0.4588671028614044
YBR275C,YCR073C,0,-0.7280153,0.1784306764602661,0.988095223903656,0.4589671790599823
YJL140W,YGR113W,0,-0.72815967,0.1783987134695053,0.988095223903656,0.4590672552585602
YER072W,YLR253W,0,-0.7286304,0.1783667653799057,0.988095223903656,0.45916733145713806
YHR147C,YER146W,0,-0.7286894,0.17833483219146729,0.988095223903656,0.45926740765571594
YOR276W,YHR178W,0,-0.72912323,0.17830289900302887,0.988095223903656,0.4593674838542938
YGL066W,YNL138W-A,0,-0.72917247,0.17827098071575165,0.988095223903656,0.4594675600528717
YDR486C,YLL018C-A,0,-0.7297355,0.17823907732963562,0.988095223903656,0.459567666053772
YLR390W,YLR223C,0,-0.730641,0.1782071888446808,0.988095223903656,0.45966774225234985
YBL058W,YOR251C,0,-0.7319112,0.17817531526088715,0.988095223903656,0.45976781845092773
YMR046C,YOL103W,0,-0.73231614,0.1781434416770935,0.988095223903656,0.4598678946495056
YGL099W,YHR164C,0,-0.73269343,0.17811158299446106,0.988095223903656,0.4599679708480835
YKR035W-A,YHR029C,0,-0.7328606,0.1780797392129898,0.988095223903656,0.4600680470466614
YDL234C,YGR272C,0,-0.73367536,0.17804791033267975,0.988095223903656,0.46016812324523926
YDR123C,YJL209W,0,-0.73389184,0.1780160814523697,0.988095223903656,0.4602682292461395
YCR048W,YKL071W,0,-0.7347658,0.17798426747322083,0.988095223903656,0.4603683054447174
YJR113C,YKL164C,0,-0.73521256,0.17795246839523315,0.988095223903656,0.4604683816432953
YNL152W,YPL162C,0,-0.7353995,0.17792068421840668,0.988095223903656,0.46056845784187317
YNL281W,YJL145W,0,-0.7357811,0.1778889149427414,0.988095223903656,0.46066853404045105
YKL150W,YLL040C,0,-0.736055,0.1778571456670761,0.988095223903656,0.46076861023902893
YBR294W,YLR356W,0,-0.73655593,0.17782539129257202,0.988095223903656,0.4608686864376068
YDR227W,YIL023C,0,-0.7373864,0.17779365181922913,0.988095223903656,0.4609687626361847
YNL200C,YOL049W,0,-0.7379702,0.17776191234588623,0.988095223903656,0.46106886863708496
YDR479C,YOR171C,0,-0.73833126,0.17773018777370453,0.988095223903656,0.46116894483566284
YMR046C,YGR036C,0,-0.7386211,0.17769847810268402,0.988095223903656,0.4612690210342407
YPR156C,YAL033W,0,-0.7388192,0.1776667833328247,0.988095223903656,0.4613690972328186
YAL058W,YML036W,0,-0.73896956,0.1776351034641266,0.988095223903656,0.4614691734313965
YOR152C,YIL064W,0,-0.73928,0.17760342359542847,0.988095223903656,0.46156924962997437
YHR155W,YCL012W,0,-0.73936445,0.17757175862789154,0.988095223903656,0.46166932582855225
YCL011C,YDR338C,0,-0.73972803,0.1775401085615158,0.988095223903656,0.4617694020271301
YGL263W,YKL096W,0,-0.7402705,0.17750845849514008,0.988095223903656,0.4618695080280304
YPR161C,YBR220C,0,-0.7406502,0.17747683823108673,0.988095223903656,0.4619695842266083
YDR365C,YBR260C,0,-0.7407421,0.1774452179670334,0.988095223903656,0.46206966042518616
YJR101W,YGR066C,0,-0.74156433,0.17741361260414124,0.988095223903656,0.46216973662376404
YDR289C,YMR295C,0,-0.74179363,0.17738200724124908,0.988095223903656,0.4622698128223419
YFL054C,YMR174C,0,-0.7418853,0.17735043168067932,0.988095223903656,0.4623698890209198
YPL213W,YCR079W,0,-0.74200815,0.17731885612010956,0.988095223903656,0.4624699652194977
YPL264C,YMR005W,0,-0.7421353,0.177287295460701,0.988095223903656,0.46257004141807556
YCL018W,YNL090W,0,-0.7425779,0.17725573480129242,0.988095223903656,0.46267014741897583
YGL192W,YGL171W,0,-0.7428608,0.17722420394420624,0.988095223903656,0.4627702236175537
YPL264C,YPL194W,0,-0.74292266,0.17719267308712006,0.988095223903656,0.4628702998161316
YFL054C,YPR006C,0,-0.7429297,0.17716115713119507,0.988095223903656,0.4629703760147095
YIL144W,YJR013W,0,-0.7433106,0.17712964117527008,0.988095223903656,0.46307045221328735
YMR300C,YIL066C,0,-0.7435713,0.17709815502166748,0.988095223903656,0.46317052841186523
YOR044W,YGR250C,0,-0.7436559,0.17706666886806488,0.988095223903656,0.4632706046104431
YGR110W,YJR013W,0,-0.7448392,0.17703519761562347,0.988095223903656,0.4633707106113434
YPL166W,YNL248C,0,-0.7452427,0.17700372636318207,0.988095223903656,0.46347078680992126
YGL070C,YGR036C,0,-0.7454051,0.17697228491306305,0.988095223903656,0.46357086300849915
YER175C,YPL053C,0,-0.7457366,0.17694084346294403,0.988095223903656,0.463670939207077
YIL014W,YLR390W-A,0,-0.7460068,0.1769094169139862,0.988095223903656,0.4637710154056549
YER067W,YLR361C,0,-0.7460668,0.17687799036502838,0.988095223903656,0.4638710916042328
YMR302C,YDR363W-A,0,-0.7461228,0.17684659361839294,0.988095223903656,0.46397116780281067
YCR007C,YHR062C,0,-0.74628687,0.1768151968717575,0.988095223903656,0.46407124400138855
YKR091W,YHL039W,0,-0.74672675,0.17678381502628326,0.988095223903656,0.4641713500022888
YMR290C,YDR082W,0,-0.74716663,0.17675243318080902,0.988095223903656,0.4642714262008667
YGL144C,YEL040W,0,-0.7474264,0.17672108113765717,0.988095223903656,0.4643715023994446
YJL225C,YDL216C,0,-0.747605,0.1766897290945053,0.988095223903656,0.46447157859802246
YOR322C,YMR226C,0,-0.74854946,0.17665839195251465,0.988095223903656,0.46457165479660034
YEL050C,YPL264C,0,-0.7486068,0.176627054810524,0.988095223903656,0.4646717309951782
YMR227C,YNL059C,0,-0.74906456,0.1765957474708557,0.988095223903656,0.4647718071937561
YHR057C,YPL111W,0,-0.7491399,0.17656444013118744,0.988095223903656,0.464871883392334
YER178W,YDL185W,0,-0.74930817,0.17653314769268036,0.988095223903656,0.46497198939323425
YDR373W,YKL035W,0,-0.74967533,0.17650185525417328,0.988095223903656,0.46507206559181213
YNL177C,YDL194W,0,-0.74999636,0.1764705926179886,0.988095223903656,0.46517214179039
YGR185C,YPL255W,0,-0.7504978,0.1764393299818039,0.988095223903656,0.4652722179889679
YDR093W,YER155C,0,-0.7506664,0.1764080822467804,0.988095223903656,0.4653722941875458
YMR212C,YGR276C,0,-0.75079656,0.1763768345117569,0.988095223903656,0.46547237038612366
YAL039C,YGR249W,0,-0.7511121,0.1763456016778946,0.988095223903656,0.46557244658470154
YMR156C,YBL071W-A,0,-0.75161743,0.17631439864635468,0.988095223903656,0.4656725525856018
YOL107W,YOR320C,0,-0.75166935,0.17628318071365356,0.988095223903656,0.4657726287841797
YKL152C,YGL253W,0,-0.75171745,0.17625199258327484,0.988095223903656,0.46587270498275757
YJR070C,YJL056C,0,-0.7520183,0.17622080445289612,0.988095223903656,0.46597278118133545
YJL047C,YGR016W,0,-0.7521857,0.1761896312236786,0.988095223903656,0.46607285737991333
YKL056C,YOR237W,0,-0.75282365,0.17615847289562225,0.988095223903656,0.4661729335784912
YIL171W,YLR390W-A,0,-0.7540795,0.17612731456756592,0.988095223903656,0.4662730097770691
YJL096W,YKR063C,0,-0.75456536,0.17609618604183197,0.988095223903656,0.466373085975647
YMR265C,YER146W,0,-0.75458,0.17606505751609802,0.988095223903656,0.46647319197654724
YBR235W,YIL149C,0,-0.7546537,0.17603392899036407,0.988095223903656,0.4665732681751251
YIL016W,YOR336W,0,-0.7547296,0.17600283026695251,0.988095223903656,0.466673344373703
YBR141C,YDL013W,0,-0.75573206,0.17597173154354095,0.988095223903656,0.4667734205722809
YDR282C,YGL105W,0,-0.7560108,0.1759406477212906,0.988095223903656,0.46687349677085876
YDL171C,YDR387C,0,-0.75635904,0.17590957880020142,0.988095223903656,0.46697357296943665
YBL071W-A,YGR169C-A,1,-0.7563822,0.17605508863925934,0.9890872836112976,0.46697357296943665
YDR362C,YBL002W,0,-0.75722104,0.17602400481700897,0.9890872836112976,0.4670736491680145
YPR115W,YMR052W,0,-0.75804,0.1759929358959198,0.9890872836112976,0.4671737253665924
YNL162W,YNL019C,0,-0.75821424,0.17596188187599182,0.9890872836112976,0.4672738313674927
YDL165W,YMR294W,0,-0.75827736,0.17593082785606384,0.9890872836112976,0.46737390756607056
YCR077C,YDL099W,0,-0.7584279,0.17589978873729706,0.9890872836112976,0.46747398376464844
YNL078W,YKL046C,0,-0.7584841,0.17586876451969147,0.9890872836112976,0.4675740599632263
YAR033W,YLR099C,0,-0.75873584,0.17583774030208588,0.9890872836112976,0.4676741361618042
YDR479C,YAR031W,0,-0.7595049,0.17580673098564148,0.9890872836112976,0.4677742123603821
YHL047C,YDR225W,0,-0.76061,0.17577573657035828,0.9890872836112976,0.46787428855895996
YCL037C,YLR411W,0,-0.7608213,0.17574475705623627,0.9890872836112976,0.46797436475753784
YHR046C,YMR293C,0,-0.7608521,0.17571377754211426,0.9890872836112976,0.4680744707584381
YJL204C,YDR508C,0,-0.7608788,0.17568281292915344,0.9890872836112976,0.468174546957016
YDR012W,YNL019C,0,-0.7619742,0.17565186321735382,0.9890872836112976,0.46827462315559387
YMR052W,YOR086C,0,-0.76212996,0.1756209284067154,0.9890872836112976,0.46837469935417175
YPL189W,YAR031W,0,-0.7622005,0.17558999359607697,0.9890872836112976,0.46847477555274963
YMR227C,YNR043W,0,-0.762261,0.17555907368659973,0.9890872836112976,0.4685748517513275
YDR200C,YDR504C,0,-0.7623169,0.1755281686782837,0.9890872836112976,0.4686749279499054
YDR289C,YDL103C,0,-0.7626177,0.17549727857112885,0.9890872836112976,0.46877503395080566
YDR078C,YPL066W,0,-0.76293427,0.175466388463974,0.9890872836112976,0.46887511014938354
YOL016C,YOR157C,0,-0.76327693,0.17543551325798035,0.9890872836112976,0.4689751863479614
YGR063C,YER029C,0,-0.7634514,0.1754046380519867,0.9890872836112976,0.4690752625465393
YHR041C,YBR260C,0,-0.7636484,0.17537379264831543,0.9890872836112976,0.4691753387451172
YDR181C,YHL012W,0,-0.7640115,0.17534294724464417,0.9890872836112976,0.46927541494369507
YDR407C,YBR146W,0,-0.7645163,0.1753121167421341,0.9890872836112976,0.46937549114227295
YML040W,YDR082W,0,-0.7647549,0.17528130114078522,0.9890872836112976,0.46947556734085083
YPL279C,YLR227C,0,-0.7647766,0.17525048553943634,0.9890872836112976,0.4695756733417511
YJL035C,YKL046C,0,-0.76498604,0.17521968483924866,0.9890872836112976,0.469675749540329
YOR320C,YDL119C,0,-0.7652559,0.17518889904022217,0.9890872836112976,0.46977582573890686
YAL035W,YLL067C,0,-0.76576555,0.17515811324119568,0.9890872836112976,0.46987590193748474
YDR460W,YMR296C,0,-0.7658833,0.17512734234333038,0.9890872836112976,0.4699759781360626
YJR112W,YMR005W,0,-0.7669525,0.17509658634662628,0.9890872836112976,0.4700760543346405
YDR508C,YKL061W,0,-0.76800644,0.17506584525108337,0.9890872836112976,0.4701761305332184
YHR101C,YNR057C,0,-0.7689618,0.17503511905670166,0.9890872836112976,0.47027620673179626
YCL037C,YHR086W,0,-0.76928467,0.17500439286231995,0.9890872836112976,0.47037631273269653
YDR238C,YMR199W,0,-0.7694426,0.17497368156909943,0.9890872836112976,0.4704763889312744
YER124C,YHR175W,0,-0.769519,0.1749429702758789,0.9890872836112976,0.4705764651298523
YCR048W,YJL003W,0,-0.76986706,0.17491227388381958,0.9890872836112976,0.4706765413284302
YCR046C,YGR125W,0,-0.7707643,0.17488159239292145,0.9890872836112976,0.47077661752700806
YHR029C,YDL165W,0,-0.7712645,0.1748509258031845,0.9890872836112976,0.47087669372558594
YBR006W,YDL194W,0,-0.77136374,0.17482027411460876,0.9890872836112976,0.4709767699241638
YLR220W,YMR087W,0,-0.77175206,0.17478962242603302,0.9890872836112976,0.4710768759250641
YPL227C,YHR206W,0,-0.77208096,0.17475898563861847,0.9890872836112976,0.47117695212364197
YHR175W,YNL070W,0,-0.77388054,0.17472834885120392,0.9890872836112976,0.47127702832221985
YGR199W,YOR168W,0,-0.7742621,0.17469774186611176,0.9890872836112976,0.47137710452079773
YLR053C,YIL098C,0,-0.77439654,0.1746671348810196,0.9890872836112976,0.4714771807193756
YPL040C,YLL055W,0,-0.7752028,0.17463654279708862,0.9890872836112976,0.4715772569179535
YNL138W-A,YNL126W,0,-0.7760403,0.17460595071315765,0.9890872836112976,0.47167733311653137
YPL184C,YHL003C,0,-0.77617,0.17457537353038788,0.9890872836112976,0.47177740931510925
YNL194C,YLR167W,0,-0.7771823,0.1745448112487793,0.9890872836112976,0.4718775153160095
YIL144W,YGR215W,0,-0.7775121,0.1745142638683319,0.9890872836112976,0.4719775915145874
YNL196C,YNR041C,0,-0.77837926,0.17448373138904572,0.9890872836112976,0.4720776677131653
YCR077C,YFL034W,0,-0.77848876,0.17445319890975952,0.9890872836112976,0.47217774391174316
YDR460W,YJL130C,0,-0.7786048,0.17442266643047333,0.9890872836112976,0.47227782011032104
YCR096C,YDR429C,0,-0.77889335,0.17439216375350952,0.9890872836112976,0.4723778963088989
YDL236W,YJR113C,0,-0.7793199,0.17436166107654572,0.9890872836112976,0.4724779725074768
YAR033W,YFL041W,0,-0.77952754,0.1743311733007431,0.9890872836112976,0.4725780487060547
YML002W,YDR311W,0,-0.7796495,0.17430070042610168,0.9890872836112976,0.47267815470695496
YGR271W,YBR061C,1,-0.77980304,0.1744450330734253,0.9900793433189392,0.47267815470695496
YJL206C,YDR315C,0,-0.77984107,0.17441454529762268,0.9900793433189392,0.47277823090553284
YIL110W,YCR097W,0,-0.77986825,0.17438405752182007,0.9900793433189392,0.4728783071041107
YDR017C,YGR049W,0,-0.7800964,0.17435359954833984,0.9900793433189392,0.4729783833026886
YFR049W,YOR355W,0,-0.78094256,0.17432314157485962,0.9900793433189392,0.4730784595012665
YJL192C,YPR017C,0,-0.78117645,0.1742926985025406,0.9900793433189392,0.47317853569984436
YML011C,YDL004W,0,-0.78126746,0.17426227033138275,0.9900793433189392,0.47327861189842224
YBR186W,YBL003C,0,-0.78172034,0.17423184216022491,0.9900793433189392,0.4733786880970001
YPL132W,YKR072C,0,-0.78208506,0.17420142889022827,0.9900793433189392,0.4734787940979004
YKL096W,YNR041C,0,-0.7826023,0.17417103052139282,0.9900793433189392,0.47357887029647827
YNR047W,YOR075W,0,-0.7830701,0.17414063215255737,0.9900793433189392,0.47367894649505615
YLR219W,YOL159C,0,-0.7831528,0.1741102635860443,0.9900793433189392,0.47377902269363403
YOL073C,YBR136W,0,-0.78318566,0.17407989501953125,0.9900793433189392,0.4738790988922119
YCR044C,YKR071C,0,-0.7832867,0.1740495264530182,0.9900793433189392,0.4739791750907898
YDR348C,YLR223C,0,-0.78335154,0.17401918768882751,0.9900793433189392,0.4740792512893677
YBR231C,YLR002C,0,-0.7833535,0.17398884892463684,0.9900793433189392,0.47417935729026794
YBL033C,YLR312W-A,0,-0.7836475,0.17395851016044617,0.9900793433189392,0.4742794334888458
YKL074C,YER061C,0,-0.78403777,0.17392820119857788,0.9900793433189392,0.4743795096874237
YAL044C,YIL065C,0,-0.78437334,0.1738978922367096,0.9900793433189392,0.4744795858860016
YKR091W,YPL092W,0,-0.78454196,0.1738675981760025,0.9900793433189392,0.47457966208457947
YJL065C,YMR154C,0,-0.78459585,0.1738373041152954,0.9900793433189392,0.47467973828315735
YIL095W,YIL048W,0,-0.78574675,0.1738070398569107,0.9900793433189392,0.47477981448173523
YGR138C,YKL074C,0,-0.78582823,0.173776775598526,0.9900793433189392,0.4748798906803131
YDL017W,YNL040W,0,-0.78625125,0.1737465113401413,0.9900793433189392,0.4749799966812134
YKL160W,YDR217C,0,-0.78648484,0.17371627688407898,0.9900793433189392,0.47508007287979126
YDR289C,YGL043W,0,-0.7865213,0.17368604242801666,0.9900793433189392,0.47518014907836914
YLL009C,YPL222W,0,-0.78751695,0.17365582287311554,0.9900793433189392,0.475280225276947
YPR190C,YDR338C,0,-0.7875485,0.17362560331821442,0.9900793433189392,0.4753803014755249
YOL032W,YJL194W,0,-0.7876323,0.17359541356563568,0.9900793433189392,0.4754803776741028
YHR047C,YGL186C,0,-0.78785896,0.17356522381305695,0.9900793433189392,0.47558045387268066
YBR283C,YOR060C,0,-0.7880707,0.1735350340604782,0.9900793433189392,0.47568053007125854
YBL102W,YDR358W,0,-0.7881223,0.17350487411022186,0.9900793433189392,0.4757806360721588
YML004C,YER107C,0,-0.78840375,0.17347471415996552,0.9900793433189392,0.4758807122707367
YOL020W,YKL061W,0,-0.7891599,0.17344455420970917,0.9900793433189392,0.4759807884693146
YDL216C,YDL133W,0,-0.78943264,0.1734144240617752,0.9900793433189392,0.47608086466789246
YKR075C,YLR284C,0,-0.78960437,0.17338429391384125,0.9900793433189392,0.47618094086647034
YMR174C,YMR137C,0,-0.7897374,0.17335417866706848,0.9900793433189392,0.4762810170650482
YGR121C,YLR221C,0,-0.79125565,0.17332406342029572,0.9900793433189392,0.4763810932636261
YIL049W,YPL111W,0,-0.7913074,0.17329397797584534,0.9900793433189392,0.47648119926452637
YDR339C,YOR221C,0,-0.7919207,0.17326389253139496,0.9900793433189392,0.47658127546310425
YLR309C,YNR047W,0,-0.79193044,0.17323380708694458,0.9900793433189392,0.47668135166168213
YPL120W,YJL099W,0,-0.7921833,0.1732037514448166,0.9900793433189392,0.47678142786026
YDR194C,YNL001W,0,-0.7923113,0.1731736958026886,0.9900793433189392,0.4768815040588379
YJL058C,YLR299W,0,-0.7931756,0.1731436550617218,0.9900793433189392,0.47698158025741577
YBR169C,YMR294W,0,-0.7934345,0.173113614320755,0.9900793433189392,0.47708165645599365
YNL166C,YAL062W,0,-0.79385436,0.1730835884809494,0.9900793433189392,0.47718173265457153
YMR137C,YPL127C,0,-0.79413265,0.173053577542305,0.9900793433189392,0.4772818386554718
YLR057W,YDR128W,0,-0.7942087,0.17302358150482178,0.9900793433189392,0.4773819148540497
YMR095C,YDR033W,0,-0.7947694,0.17299358546733856,0.9900793433189392,0.47748199105262756
YJL035C,YDL171C,0,-0.7966789,0.17296360433101654,0.9900793433189392,0.47758206725120544
YER058W,YNL311C,0,-0.7969667,0.1729336380958557,0.9900793433189392,0.4776821434497833
YER138C,YPR045C,0,-0.7977822,0.17290367186069489,0.9900793433189392,0.4777822196483612
YLL018C-A,YCR030C,0,-0.79781103,0.17287372052669525,0.9900793433189392,0.4778822958469391
YFR019W,YLR056W,0,-0.797911,0.1728437840938568,0.9900793433189392,0.47798237204551697
YCR071C,YIL044C,0,-0.79827553,0.17281384766101837,0.9900793433189392,0.47808247804641724
YER074W-A,YIL023C,0,-0.79904485,0.17278392612934113,0.9900793433189392,0.4781825542449951
YOL107W,YLR099C,0,-0.7992419,0.17275401949882507,0.9900793433189392,0.478282630443573
YPL040C,YGR016W,0,-0.799996,0.17272412776947021,0.9900793433189392,0.4783827066421509
YNR047W,YHL035C,0,-0.80063486,0.17269423604011536,0.9900793433189392,0.47848278284072876
YHR042W,YBR172C,0,-0.80154264,0.1726643592119217,0.9900793433189392,0.47858285903930664
YHR090C,YKL209C,0,-0.80247796,0.17263449728488922,0.9900793433189392,0.4786829352378845
YGR277C,YLR033W,0,-0.8026481,0.17260463535785675,0.9900793433189392,0.4787830412387848
YOR290C,YGL228W,0,-0.8029671,0.17257478833198547,0.9900793433189392,0.47888311743736267
YHR155W,YJL160C,0,-0.8034928,0.1725449562072754,0.9900793433189392,0.47898319363594055
YOL149W,YJL130C,0,-0.80431396,0.1725151240825653,0.9900793433189392,0.47908326983451843
YKL130C,YOR322C,0,-0.80449116,0.17248530685901642,0.9900793433189392,0.4791833460330963
YDR364C,YOL038W,0,-0.80484486,0.17245550453662872,0.9900793433189392,0.4792834222316742
YLR099C,YNL169C,0,-0.80487967,0.17242570221424103,0.9900793433189392,0.4793834984302521
YLR300W,YLR449W,0,-0.80601466,0.17239592969417572,0.9900793433189392,0.47948357462882996
YLR390W,YOR273C,0,-0.80695915,0.17236614227294922,0.9900793433189392,0.4795836806297302
YNL196C,YAL033W,0,-0.80931604,0.1723363846540451,0.9900793433189392,0.4796837568283081
YNL323W,YLR147C,0,-0.8098456,0.172306627035141,0.9900793433189392,0.479783833026886
YLR265C,YPR190C,0,-0.8104429,0.17227688431739807,0.9900793433189392,0.47988390922546387
YJL192C,YIL023C,0,-0.8107647,0.17224715650081635,0.9900793433189392,0.47998398542404175
YER184C,YJL148W,0,-0.8111094,0.17221742868423462,0.9900793433189392,0.48008406162261963
YIL066C,YOR133W,0,-0.8113363,0.1721877157688141,0.9900793433189392,0.4801841378211975
YOR306C,YML050W,0,-0.81163234,0.17215801775455475,0.9900793433189392,0.4802842140197754
YPL082C,YPR115W,0,-0.8118715,0.1721283197402954,0.9900793433189392,0.48038432002067566
YDR533C,YPL111W,0,-0.8118968,0.17209863662719727,0.9900793433189392,0.48048439621925354
YPL275W,YJR041C,0,-0.8127381,0.17206896841526031,0.9900793433189392,0.4805844724178314
YDR181C,YPR139C,0,-0.81327987,0.17203930020332336,0.9900793433189392,0.4806845486164093
YBL005W-B,YLR206W,0,-0.8137147,0.1720096468925476,0.9900793433189392,0.4807846248149872
YCL037C,YER061C,0,-0.81400156,0.17198000848293304,0.9900793433189392,0.48088470101356506
YKR072C,YLR033W,0,-0.8144765,0.17195038497447968,0.9900793433189392,0.48098477721214294
YJL146W,YDR511W,0,-0.8145441,0.1719207614660263,0.9900793433189392,0.4810848534107208
YDR373W,YKR048C,0,-0.81464016,0.17189115285873413,0.9900793433189392,0.4811849594116211
YJR150C,YGL076C,0,-0.8149693,0.17186154425144196,0.9900793433189392,0.481285035610199
YDR508C,YDR155C,0,-0.8155542,0.17183195054531097,0.9900793433189392,0.48138511180877686
YLR314C,YLL018C-A,0,-0.81557333,0.1718023717403412,0.9900793433189392,0.48148518800735474
YFL054C,YOR026W,0,-0.8158487,0.1717728078365326,0.9900793433189392,0.4815852642059326
YMR139W,YGR215W,0,-0.8161256,0.171743243932724,0.9900793433189392,0.4816853404045105
YMR052W,YGL200C,0,-0.8162887,0.1717136949300766,0.9900793433189392,0.4817854166030884
YML038C,YGR250C,0,-0.81656086,0.1716841608285904,0.9900793433189392,0.48188552260398865
YBR169C,YBR211C,0,-0.8166388,0.1716546267271042,0.9900793433189392,0.48198559880256653
YKL054C,YOL086W-A,0,-0.8166584,0.17162510752677917,0.9900793433189392,0.4820856750011444
YLL018C-A,YMR004W,0,-0.8172137,0.17159560322761536,0.9900793433189392,0.4821857511997223
YPL270W,YER021W,0,-0.8183346,0.17156609892845154,0.9900793433189392,0.48228582739830017
YLL067C,YLR119W,0,-0.81865185,0.1715366095304489,0.9900793433189392,0.48238590359687805
YML115C,YLR271W,0,-0.8187366,0.17150713503360748,0.9900793433189392,0.48248597979545593
YBR175W,YMR059W,0,-0.81931764,0.17147766053676605,0.9900793433189392,0.4825860559940338
YDR227W,YDL199C,0,-0.8193952,0.17144820094108582,0.9900793433189392,0.4826861619949341
YGR036C,YKL160W,0,-0.8198247,0.17141875624656677,0.9900793433189392,0.48278623819351196
YNL252C,YLR399C,0,-0.81994593,0.17138931155204773,0.9900793433189392,0.48288631439208984
YOR209C,YOR356W,0,-0.8199743,0.17135989665985107,0.9900793433189392,0.4829863905906677
YDR063W,YLR390W-A,0,-0.82005453,0.17133046686649323,0.9900793433189392,0.4830864667892456
YDR503C,YHR047C,0,-0.820927,0.17130106687545776,0.9900793433189392,0.4831865429878235
YDR373W,YLL009C,0,-0.8210466,0.1712716668844223,0.9900793433189392,0.48328661918640137
YPL226W,YDR350C,0,-0.8210846,0.17124228179454803,0.9900793433189392,0.48338669538497925
YBR078W,YKL175W,0,-0.82179403,0.17121289670467377,0.9900793433189392,0.4834868013858795
YOR159C,YDR371W,0,-0.82236654,0.1711835265159607,0.9900793433189392,0.4835868775844574
YDR134C,YER087W,0,-0.8232472,0.1711541712284088,0.9900793433189392,0.4836869537830353
YFR055W,YEL063C,0,-0.8239713,0.17112483084201813,0.9900793433189392,0.48378702998161316
YCL018W,YOR356W,0,-0.824206,0.17109549045562744,0.9900793433189392,0.48388710618019104
YNL152W,YGR194C,0,-0.82427716,0.17106616497039795,0.9900793433189392,0.4839871823787689
YHR135C,YMR032W,0,-0.8249276,0.17103683948516846,0.9900793433189392,0.4840872585773468
YER024W,YHR143W-A,0,-0.8249922,0.17100754380226135,0.9900793433189392,0.48418736457824707
YOR044W,YNL248C,0,-0.825174,0.17097824811935425,0.9900793433189392,0.48428744077682495
YOR148C,YBR069C,0,-0.8254395,0.17094895243644714,0.9900793433189392,0.48438751697540283
YJL096W,YFR055W,0,-0.82661194,0.17091967165470123,0.9900793433189392,0.4844875931739807
YHR028C,YOL159C,0,-0.8278364,0.17089040577411652,0.9900793433189392,0.4845876693725586
YPL264C,YDR066C,0,-0.82824844,0.170861154794693,0.9900793433189392,0.4846877455711365
YER035W,YKL034W,0,-0.828599,0.17083190381526947,0.9900793433189392,0.48478782176971436
YNL290W,YIL044C,0,-0.82874614,0.17080266773700714,0.9900793433189392,0.48488789796829224
YER110C,YOR372C,0,-0.8291145,0.170773446559906,0.9900793433189392,0.4849880039691925
YNL127W,YKL171W,0,-0.8296136,0.17074422538280487,0.9900793433189392,0.4850880801677704
YJL084C,YMR296C,0,-0.83127767,0.17071501910686493,0.9900793433189392,0.48518815636634827
YLR309C,YDR181C,0,-0.8315934,0.17068582773208618,0.9900793433189392,0.48528823256492615
YEL060C,YHR206W,0,-0.83180964,0.17065663635730743,0.9900793433189392,0.48538830876350403
YCR060W,YNL304W,0,-0.83236873,0.17062745988368988,0.9900793433189392,0.4854883849620819
YDR282C,YDL185W,0,-0.83255243,0.17059828341007233,0.9900793433189392,0.4855884611606598
YLR068W,YGL158W,0,-0.8325771,0.17056913673877716,0.9900793433189392,0.48568853735923767
YML014W,YKR078W,0,-0.8337532,0.170539990067482,0.9900793433189392,0.48578864336013794
YIL172C,YPL232W,0,-0.834014,0.17051084339618683,0.9900793433189392,0.4858887195587158
YNL315C,YJL081C,0,-0.8350069,0.17048172652721405,0.9900793433189392,0.4859887957572937
YHL047C,YKR080W,0,-0.83505666,0.17045260965824127,0.9900793433189392,0.4860888719558716
YER058W,YJR141W,0,-0.8356213,0.1704234927892685,0.9900793433189392,0.48618894815444946
YKL137W,YCR093W,0,-0.835989,0.1703944057226181,0.9900793433189392,0.48628902435302734
YLR409C,YCL003W,0,-0.8372903,0.1703653186559677,0.9900793433189392,0.4863891005516052
YDL027C,YOR016C,0,-0.83758456,0.17033623158931732,0.9900793433189392,0.4864891767501831
YOR148C,YHR041C,0,-0.8379669,0.17030717432498932,0.9900793433189392,0.4865892827510834
YOL087C,YOR058C,0,-0.8386441,0.17027810215950012,0.9900793433189392,0.48668935894966125
YBL099W,YKR089C,0,-0.8393934,0.1702490597963333,0.9900793433189392,0.48678943514823914
YDR295C,YDR383C,0,-0.839899,0.1702200174331665,0.9900793433189392,0.486889511346817
YLL067C,YJL130C,0,-0.840427,0.1701909899711609,0.9900793433189392,0.4869895875453949
YGR277C,YNL304W,0,-0.84072727,0.17016197741031647,0.9900793433189392,0.4870896637439728
YGL114W,YGL076C,0,-0.841095,0.17013296484947205,0.9900793433189392,0.48718973994255066
YDR077W,YMR202W,0,-0.8411696,0.17010396718978882,0.9900793433189392,0.4872898459434509
YER032W,YLR390W,0,-0.8416106,0.17007498443126678,0.9900793433189392,0.4873899221420288
YDR295C,YGR110W,0,-0.8418044,0.17004600167274475,0.9900793433189392,0.4874899983406067
YHR076W,YDR367W,0,-0.8418396,0.1700170338153839,0.9900793433189392,0.48759007453918457
YDR056C,YBR105C,0,-0.8420757,0.16998808085918427,0.9900793433189392,0.48769015073776245
YNR071C,YGL083W,0,-0.84223133,0.16995912790298462,0.9900793433189392,0.48779022693634033
YDL004W,YJL194W,0,-0.84246814,0.16993018984794617,0.9900793433189392,0.4878903031349182
YDR166C,YLR299W,0,-0.8431572,0.1699012666940689,0.9900793433189392,0.4879903793334961
YCL024W,YNL248C,0,-0.84350336,0.16987234354019165,0.9900793433189392,0.48809048533439636
YOR045W,YLR039C,0,-0.8439645,0.16984343528747559,0.9900793433189392,0.48819056153297424
YDR330W,YML094W,0,-0.84398735,0.16981452703475952,0.9900793433189392,0.4882906377315521
YOL071W,YOR251C,0,-0.8441092,0.16978564858436584,0.9900793433189392,0.48839071393013
YKL214C,YDR063W,0,-0.8449948,0.16975675523281097,0.9900793433189392,0.4884907901287079
YPR047W,YNL242W,0,-0.84509844,0.1697278916835785,0.9900793433189392,0.48859086632728577
YHR209W,YNL052W,0,-0.84629506,0.169699028134346,0.9900793433189392,0.48869094252586365
YIL016W,YGR271W,0,-0.84705293,0.16967017948627472,0.9900793433189392,0.48879101872444153
YNL196C,YBR058C,0,-0.84826225,0.16964134573936462,0.9900793433189392,0.4888911247253418
YDR259C,YBR283C,0,-0.8482902,0.16961251199245453,0.9900793433189392,0.4889912009239197
YMR289W,YJR041C,0,-0.8483911,0.16958369314670563,0.9900793433189392,0.48909127712249756
YHR033W,YPL043W,0,-0.8496471,0.16955487430095673,0.9900793433189392,0.48919135332107544
YER157W,YPR161C,0,-0.8504174,0.16952607035636902,0.9900793433189392,0.4892914295196533
YFR031C,YAL058W,0,-0.8516922,0.1694972813129425,0.9900793433189392,0.4893915057182312
YKL143W,YKL175W,0,-0.85176253,0.16946850717067719,0.9900793433189392,0.4894915819168091
YMR235C,YOR356W,0,-0.85192513,0.16943973302841187,0.9900793433189392,0.48959168791770935
YBL072C,YBR186W,0,-0.85236794,0.16941095888614655,0.9900793433189392,0.48969176411628723
YLR369W,YBR171W,0,-0.85334915,0.1693822145462036,0.9900793433189392,0.4897918403148651
YGL263W,YKR065C,0,-0.85342383,0.16935347020626068,0.9900793433189392,0.489891916513443
YNL196C,YDL133W,0,-0.8544668,0.16932474076747894,0.9900793433189392,0.4899919927120209
YNL040W,YBL105C,0,-0.85464865,0.1692960113286972,0.9900793433189392,0.49009206891059875
YDR181C,YKL130C,0,-0.8548017,0.16926729679107666,0.9900793433189392,0.49019214510917664
YGR014W,YMR300C,0,-0.8555354,0.1692385971546173,0.9900793433189392,0.4902922213077545
YBR059C,YLR039C,0,-0.85574794,0.16920989751815796,0.9900793433189392,0.4903923273086548
YDR227W,YBR211C,0,-0.8558008,0.1691812127828598,0.9900793433189392,0.49049240350723267
YMR058W,YNL126W,0,-0.85583174,0.16915254294872284,0.9900793433189392,0.49059247970581055
YCR048W,YMR295C,0,-0.8559993,0.16912387311458588,0.9900793433189392,0.4906925559043884
YLR023C,YOL090W,0,-0.8570934,0.1690952181816101,0.9900793433189392,0.4907926321029663
YNL169C,YPR193C,0,-0.8577039,0.16906657814979553,0.9900793433189392,0.4908927083015442
YGL186C,YMR005W,0,-0.85778123,0.16903793811798096,0.9900793433189392,0.49099278450012207
YDR123C,YCL045C,0,-0.85807264,0.16900931298732758,0.9900793433189392,0.49109286069869995
YNR008W,YKR029C,0,-0.858763,0.1689807027578354,0.9900793433189392,0.4911929666996002
YOR233W,YOL038W,0,-0.8588896,0.1689520925283432,0.9900793433189392,0.4912930428981781
YNL240C,YAR014C,0,-0.8593335,0.1689234972000122,0.9900793433189392,0.491393119096756
YNR071C,YOR168W,0,-0.85939515,0.1688949018716812,0.9900793433189392,0.49149319529533386
YJR042W,YIL107C,0,-0.86014545,0.1688663214445114,0.9900793433189392,0.49159327149391174
YGR175C,YOR337W,0,-0.8602219,0.1688377559185028,0.9900793433189392,0.4916933476924896
YCL008C,YCL050C,0,-0.86024475,0.1688092052936554,0.9900793433189392,0.4917934238910675
YLR353W,YJL008C,0,-0.86179054,0.16878065466880798,0.9900793433189392,0.4918935000896454
YDR119W,YOL044W,0,-0.86194813,0.16875211894512177,0.9900793433189392,0.49199360609054565
YMR113W,YLR350W,0,-0.8621901,0.16872358322143555,0.9900793433189392,0.49209368228912354
YLL003W,YOR372C,0,-0.86220574,0.16869506239891052,0.9900793433189392,0.4921937584877014
YMR039C,YGR276C,0,-0.8624658,0.1686665564775467,0.9900793433189392,0.4922938346862793
YKL124W,YMR265C,0,-0.86260515,0.16863805055618286,0.9900793433189392,0.4923939108848572
YMR302C,YNR057C,0,-0.8633141,0.16860955953598022,0.9900793433189392,0.49249398708343506
YFL011W,YBR211C,0,-0.8635129,0.16858108341693878,0.9900793433189392,0.49259406328201294
YFL030W,YPL179W,0,-0.8641404,0.16855260729789734,0.9900793433189392,0.4926941692829132
YBR123C,YCR097W,0,-0.86422735,0.1685241460800171,0.9900793433189392,0.4927942454814911
YMR265C,YGR043C,0,-0.8646093,0.16849569976329803,0.9900793433189392,0.49289432168006897
YLR240W,YDR086C,0,-0.8652293,0.16846725344657898,0.9900793433189392,0.49299439787864685
YFL011W,YPR061C,0,-0.8652829,0.16843882203102112,0.9900793433189392,0.49309447407722473
YPR115W,YHR178W,0,-0.86682224,0.16841039061546326,0.9900793433189392,0.4931945502758026
YER058W,YMR251W-A,0,-0.86733305,0.1683819741010666,0.9900793433189392,0.4932946264743805
YLR100W,YKL046C,0,-0.86774826,0.16835357248783112,0.9900793433189392,0.4933947026729584
YMR266W,YNL242W,0,-0.86839294,0.16832518577575684,0.9900793433189392,0.49349480867385864
YLR265C,YMR296C,0,-0.8686591,0.16829679906368256,0.9900793433189392,0.4935948848724365
YKL124W,YBR180W,0,-0.868773,0.16826842725276947,0.9900793433189392,0.4936949610710144
YGR125W,YBL052C,0,-0.8698695,0.16824005544185638,0.9900793433189392,0.4937950372695923
YOR190W,YCL003W,0,-0.8703098,0.1682116985321045,0.9900793433189392,0.49389511346817017
YFL042C,YMR184W,0,-0.8707855,0.1681833565235138,0.9900793433189392,0.49399518966674805
YLR138W,YMR296C,0,-0.8709451,0.1681550145149231,0.9900793433189392,0.4940952658653259
YKL002W,YOR045W,0,-0.87124246,0.1681266874074936,0.9900793433189392,0.4941953420639038
YNL311C,YGL031C,0,-0.8712801,0.1680983603000641,0.9900793433189392,0.4942954480648041
YDR227W,YNL058C,0,-0.87132657,0.16807006299495697,0.9900793433189392,0.49439552426338196
YEL060C,YPL059W,0,-0.87175643,0.16804175078868866,0.9900793433189392,0.49449560046195984
YDR405W,YOR251C,0,-0.87201566,0.16801346838474274,0.9900793433189392,0.4945956766605377
YPR023C,YLR115W,0,-0.8720375,0.16798518598079681,0.9900793433189392,0.4946957528591156
YBR034C,YGR121C,0,-0.8723591,0.16795691847801208,0.9900793433189392,0.4947958290576935
YOR330C,YDR350C,0,-0.87238324,0.16792865097522736,0.9900793433189392,0.49489590525627136
YDL236W,YER177W,0,-0.8724856,0.16790039837360382,0.9900793433189392,0.49499601125717163
YOR198C,YNL328C,0,-0.87267065,0.16787216067314148,0.9900793433189392,0.4950960874557495
YCR044C,YJL146W,0,-0.87276447,0.16784392297267914,0.9900793433189392,0.4951961636543274
YNL315C,YHR074W,0,-0.87283486,0.167815700173378,0.9900793433189392,0.4952962398529053
YDL116W,YDR056C,0,-0.8729287,0.16778749227523804,0.9900793433189392,0.49539631605148315
YLR035C,YGR250C,0,-0.8735551,0.16775928437709808,0.9900793433189392,0.49549639225006104
YPR017C,YLR345W,0,-0.87396795,0.16773109138011932,0.9900793433189392,0.4955964684486389
YJL130C,YPL265W,0,-0.87409055,0.16770291328430176,0.9900793433189392,0.4956965446472168
YJL090C,YLR390W-A,0,-0.8745918,0.1676747351884842,0.9900793433189392,0.49579665064811707
YOR086C,YKL061W,0,-0.8749942,0.16764657199382782,0.9900793433189392,0.49589672684669495
YDR337W,YPL274W,0,-0.87568575,0.16761840879917145,0.9900793433189392,0.4959968030452728
YBR265W,YDL069C,0,-0.8757034,0.16759026050567627,0.9900793433189392,0.4960968792438507
YER178W,YLR220W,0,-0.87579626,0.16756212711334229,0.9900793433189392,0.4961969554424286
YBR065C,YBR266C,0,-0.87594914,0.1675339937210083,0.9900793433189392,0.49629703164100647
YPR149W,YER107C,0,-0.87619114,0.1675058752298355,0.9900793433189392,0.49639710783958435
YER175C,YAR031W,0,-0.8768787,0.1674777716398239,0.9900793433189392,0.49649718403816223
YBL015W,YAL058W,0,-0.8776064,0.16744966804981232,0.9900793433189392,0.4965972900390625
YOR381W,YNL231C,0,-0.87775207,0.16742157936096191,0.9900793433189392,0.4966973662376404
YDR303C,YNL135C,0,-0.87808985,0.1673934906721115,0.9900793433189392,0.49679744243621826
YML015C,YDR071C,0,-0.87823,0.1673654168844223,0.9900793433189392,0.49689751863479614
YGR138C,YGL192W,0,-0.8788346,0.1673373579978943,0.9900793433189392,0.496997594833374
YPL270W,YML095C,0,-0.88108397,0.16730929911136627,0.9900793433189392,0.4970976710319519
YDR461W,YJL037W,0,-0.8815129,0.16728125512599945,0.9900793433189392,0.4971977472305298
YDR508C,YOR026W,0,-0.88206136,0.16725322604179382,0.9900793433189392,0.49729782342910767
YPL012W,YOL053C-A,0,-0.88303304,0.1672251969575882,0.9900793433189392,0.49739792943000793
YHR154W,YPR168W,0,-0.8836653,0.16719718277454376,0.9900793433189392,0.4974980056285858
YDR259C,YJL037W,0,-0.884214,0.16716918349266052,0.9900793433189392,0.4975980818271637
YOL087C,YLR117C,0,-0.8856839,0.16714118421077728,0.9900793433189392,0.4976981580257416
YDL194W,YKR080W,0,-0.8866011,0.16711319983005524,0.9900793433189392,0.49779823422431946
YGL236C,YJR013W,0,-0.88662755,0.1670852154493332,0.9900793433189392,0.49789831042289734
YDR236C,YNL221C,0,-0.88762456,0.16705724596977234,0.9900793433189392,0.4979983866214752
YBR275C,YCL058C,0,-0.88830626,0.16702929139137268,0.9900793433189392,0.4980984926223755
YDR317W,YMR032W,0,-0.8883884,0.16700133681297302,0.9900793433189392,0.49819856882095337
YNL040W,YLR336C,0,-0.88865566,0.16697339713573456,0.9900793433189392,0.49829864501953125
YLL049W,YGR276C,0,-0.8889485,0.1669454723596573,0.9900793433189392,0.49839872121810913
YJL003W,YHL012W,0,-0.88903725,0.16691754758358002,0.9900793433189392,0.498498797416687
YKL194C,YMR174C,0,-0.8891582,0.16688963770866394,0.9900793433189392,0.4985988736152649
YNL078W,YDL101C,0,-0.88925207,0.16686172783374786,0.9900793433189392,0.4986989498138428
YHR047C,YER003C,0,-0.8893281,0.16683383285999298,0.9900793433189392,0.49879902601242065
YDL089W,YDR315C,0,-0.88974905,0.1668059527873993,0.9900793433189392,0.4988991320133209
YCR080W,YGL012W,0,-0.8899416,0.1667780727148056,0.9900793433189392,0.4989992082118988
YPL279C,YKR058W,0,-0.89039195,0.1667502075433731,0.9900793433189392,0.4990992844104767
YJL038C,YBR294W,0,-0.8911055,0.1667223572731018,0.9900793433189392,0.49919936060905457
YMR183C,YML112W,0,-0.8917637,0.1666945070028305,0.9900793433189392,0.49929943680763245
YDL138W,YMR233W,0,-0.89278907,0.1666666716337204,0.9900793433189392,0.4993995130062103
YBR105C,YKR078W,0,-0.8929942,0.1666388362646103,0.9900793433189392,0.4994995892047882
YGR109C,YKL145W,0,-0.8935422,0.16661101579666138,0.9900793433189392,0.4995996654033661
YNL026W,YER138C,0,-0.89381206,0.16658321022987366,0.9900793433189392,0.49969977140426636
YBL102W,YMR059W,0,-0.8938253,0.16655540466308594,0.9900793433189392,0.49979984760284424
YJL222W,YBR006W,0,-0.89392185,0.1665276139974594,0.9900793433189392,0.4998999238014221
YHR175W,YDR238C,0,-0.8943999,0.16649983823299408,0.9900793433189392,0.5
YNL223W,YPL179W,0,-0.89477,0.16647206246852875,0.9900793433189392,0.5001000761985779
YJL130C,YDR217C,0,-0.8947732,0.1664443016052246,0.9900793433189392,0.5002001523971558
YNL146W,YPR070W,0,-0.8952753,0.16641654074192047,0.9900793433189392,0.5003002285957336
YCR097W,YGL012W,0,-0.8954389,0.16638879477977753,0.9900793433189392,0.5004003047943115
YGR098C,YJL055W,0,-0.8955066,0.16636106371879578,0.9900793433189392,0.5005003809928894
YNL311C,YDR338C,0,-0.89621884,0.16633333265781403,0.9900793433189392,0.5006004571914673
YGR090W,YOR026W,0,-0.89628357,0.16630561649799347,0.9900793433189392,0.5007005333900452
YDL122W,YLR168C,0,-0.8965289,0.1662779003381729,0.9900793433189392,0.5008006691932678
YML042W,YER076C,0,-0.89696133,0.16625021398067474,0.9900793433189392,0.5009007453918457
YOL016C,YHR062C,0,-0.89697564,0.16622251272201538,0.9900793433189392,0.5010008215904236
YNL252C,YLR459W,0,-0.89705294,0.1661948412656784,0.9900793433189392,0.5011008977890015
YNL146W,YMR189W,0,-0.8970892,0.16616716980934143,0.9900793433189392,0.5012009739875793
YGR109C,YCR034W,0,-0.8975661,0.16613949835300446,0.9900793433189392,0.5013010501861572
YFL011W,YMR247C,0,-0.89849854,0.16611185669898987,0.9900793433189392,0.5014011263847351
YLR375W,YNR004W,0,-0.8986891,0.1660842001438141,0.9900793433189392,0.501501202583313
YIL115C,YGR188C,0,-0.89890337,0.1660565733909607,0.9900793433189392,0.5016012787818909
YOL107W,YOR123C,0,-0.8991061,0.1660289466381073,0.9900793433189392,0.5017013549804688
YEL059C-A,YPR036W,0,-0.89954275,0.1660013347864151,0.9900793433189392,0.5018014311790466
YOR104W,YDR380W,0,-0.9004985,0.1659737229347229,0.9900793433189392,0.5019015073776245
YMR203W,YML014W,0,-0.90141785,0.1659461259841919,0.9900793433189392,0.5020015835762024
YHR026W,YGL181W,0,-0.90211636,0.16591854393482208,0.9900793433189392,0.5021016597747803
YOR306C,YJL223C,0,-0.9023738,0.16589096188545227,0.9900793433189392,0.5022017359733582
YPR095C,YLL040C,0,-0.9034877,0.16586337983608246,0.9900793433189392,0.502301812171936
YOR152C,YCL029C,0,-0.90368736,0.16583582758903503,0.9900793433189392,0.5024019479751587
YEL050C,YDR533C,0,-0.90408385,0.1658082753419876,0.9900793433189392,0.5025020241737366
YBL051C,YMR246W,0,-0.9043297,0.16578073799610138,0.9900793433189392,0.5026021003723145
YMR225C,YGR238C,0,-0.90490764,0.16575320065021515,0.9900793433189392,0.5027021765708923
YGR185C,YPL036W,0,-0.9050104,0.1657256782054901,0.9900793433189392,0.5028022527694702
YDR238C,YMR033W,0,-0.90548325,0.16569815576076508,0.9900793433189392,0.5029023289680481
YDR016C,YIL002C,0,-0.9065144,0.16567064821720123,0.9900793433189392,0.503002405166626
YMR208W,YLR186W,0,-0.9067762,0.16564315557479858,0.9900793433189392,0.5031024813652039
YML082W,YHR033W,0,-0.90703005,0.16561566293239594,0.9900793433189392,0.5032025575637817
YBL058W,YJR101W,0,-0.9082094,0.16558818519115448,0.9900793433189392,0.5033026337623596
YOR035C,YCL058W-A,0,-0.9082612,0.16556072235107422,0.9900793433189392,0.5034027099609375
YHR209W,YGR204W,0,-0.90849626,0.16553325951099396,0.9900793433189392,0.5035027861595154
YFR038W,YDL195W,0,-0.9092158,0.1655058115720749,0.9900793433189392,0.5036028623580933
YER020W,YBL071W-A,0,-0.9092983,0.16547836363315582,0.9900793433189392,0.5037029385566711
YBL004W,YGR068C,0,-0.9103359,0.16545093059539795,0.9900793433189392,0.503803014755249
YJR121W,YNL194C,0,-0.9108101,0.16542349755764008,0.9900793433189392,0.5039031505584717
YGR277C,YBR034C,0,-0.9111258,0.1653960943222046,0.9900793433189392,0.5040032267570496
YGL070C,YGL181W,0,-0.9112408,0.1653686761856079,0.9900793433189392,0.5041033029556274
YGR063C,YHR147C,0,-0.91126597,0.16534128785133362,0.9900793433189392,0.5042033791542053
YMR211W,YJL041W,0,-0.91218746,0.16531389951705933,0.9900793433189392,0.5043034553527832
YDR031W,YDR071C,0,-0.9122071,0.16528652608394623,0.9900793433189392,0.5044035315513611
YGL263W,YPL265W,0,-0.91221845,0.16525915265083313,0.9900793433189392,0.504503607749939
YLR057W,YMR087W,0,-0.9123349,0.16523179411888123,0.9900793433189392,0.5046036839485168
YFL043C,YOR168W,0,-0.9123539,0.16520443558692932,0.9900793433189392,0.5047037601470947
YMR128W,YIL002C,0,-0.91327965,0.1651770919561386,0.9900793433189392,0.5048038363456726
YMR246W,YCR029C-A,0,-0.9133088,0.1651497632265091,0.9900793433189392,0.5049039125442505
YNL009W,YJR141W,0,-0.9133426,0.16512243449687958,0.9900793433189392,0.5050039887428284
YNL136W,YDL195W,0,-0.9133643,0.16509512066841125,0.9900793433189392,0.5051040649414062
YDL150W,YHR177W,0,-0.9135478,0.16506780683994293,0.9900793433189392,0.5052041411399841
YLR023C,YKL046C,0,-0.91446435,0.165040522813797,0.9900793433189392,0.505304217338562
YHR034C,YDR311W,0,-0.91452277,0.16501322388648987,0.9900793433189392,0.5054043531417847
YKR023W,YDR389W,0,-0.9151646,0.16498595476150513,0.9900793433189392,0.5055044293403625
YOR152C,YNL061W,0,-0.91524625,0.1649586707353592,0.9900793433189392,0.5056045055389404
YER003C,YHR074W,0,-0.91533554,0.16493141651153564,0.9900793433189392,0.5057045817375183
YOL156W,YBR136W,0,-0.9154262,0.1649041622877121,0.9900793433189392,0.5058046579360962
YHL018W,YML112W,0,-0.9154846,0.16487692296504974,0.9900793433189392,0.5059047341346741
YCL058W-A,YLL040C,0,-0.9158244,0.1648496836423874,0.9900793433189392,0.506004810333252
YPR135W,YDR486C,0,-0.91679245,0.16482245922088623,0.9900793433189392,0.5061048865318298
YOR145C,YPR061C,0,-0.91681385,0.16479524970054626,0.9900793433189392,0.5062049627304077
YNL196C,YPL265W,0,-0.9172536,0.1647680401802063,0.9900793433189392,0.5063050389289856
YGR041W,YMR009W,0,-0.9185678,0.16474084556102753,0.9900793433189392,0.5064051151275635
YGR184C,YCR060W,0,-0.91873604,0.16471365094184875,0.9900793433189392,0.5065051913261414
YNR026C,YHR086W,0,-0.9189429,0.16468647122383118,0.9900793433189392,0.5066052675247192
YJL225C,YPL219W,0,-0.9190365,0.1646592915058136,0.9900793433189392,0.5067053437232971
YDL067C,YKR071C,0,-0.91983354,0.1646321415901184,0.9900793433189392,0.506805419921875
YER104W,YJR041C,0,-0.91998607,0.16460497677326202,0.9900793433189392,0.5069054961204529
YNL146W,YDL004W,0,-0.9211855,0.16457784175872803,0.9900793433189392,0.5070056319236755
YMR001C,YOL135C,0,-0.92212707,0.16455070674419403,0.9900793433189392,0.5071057081222534
YHR155W,YIL098C,0,-0.9222614,0.16452357172966003,0.9900793433189392,0.5072057843208313
YHR005C,YNL240C,0,-0.9225415,0.16449645161628723,0.9900793433189392,0.5073058605194092
YDR113C,YLR271W,0,-0.923071,0.16446934640407562,0.9900793433189392,0.5074059367179871
YLR449W,YDR371W,0,-0.9232439,0.164442241191864,0.9900793433189392,0.5075060129165649
YKR058W,YDR078C,0,-0.92327154,0.1644151508808136,0.9900793433189392,0.5076060891151428
YOR255W,YHR150W,0,-0.9235936,0.16438807547092438,0.9900793433189392,0.5077061653137207
YBR123C,YHR165C,0,-0.9243757,0.16436100006103516,0.9900793433189392,0.5078062415122986
YOL107W,YNL053W,0,-0.9245942,0.16433393955230713,0.9900793433189392,0.5079063177108765
YPL199C,YDR155C,0,-0.92583007,0.1643068790435791,0.9900793433189392,0.5080063939094543
YNL190W,YJR061W,0,-0.9258748,0.16427983343601227,0.9900793433189392,0.5081064701080322
YDR123C,YOL006C,0,-0.9258771,0.16425280272960663,0.9900793433189392,0.5082065463066101
YMR113W,YIR002C,0,-0.925951,0.164225772023201,0.9900793433189392,0.508306622505188
YDR228C,YLR026C,0,-0.9267234,0.16419875621795654,0.9900793433189392,0.5084066987037659
YGR189C,YDR033W,0,-0.92696875,0.1641717404127121,0.9900793433189392,0.5085068345069885
YKL194C,YDR071C,0,-0.92751735,0.16414473950862885,0.9900793433189392,0.5086069107055664
YMR246W,YOL084W,0,-0.92873067,0.1641177386045456,0.9900793433189392,0.5087069869041443
YKL020C,YER117W,0,-0.9287722,0.16409075260162354,0.9900793433189392,0.5088070631027222
YOR086C,YHL039W,0,-0.92886287,0.16406378149986267,0.9900793433189392,0.5089071393013
YDR317W,YHR135C,0,-0.92897856,0.164036825299263,0.9900793433189392,0.5090072154998779
YJR101W,YLR284C,0,-0.93089867,0.16400985419750214,0.9900793433189392,0.5091072916984558
YGR014W,YHR062C,0,-0.9309473,0.16398291289806366,0.9900793433189392,0.5092073678970337
YHR199C-A,YNR028W,0,-0.93331015,0.16395597159862518,0.9900793433189392,0.5093074440956116
YLR442C,YCL011C,0,-0.9333582,0.1639290452003479,0.9900793433189392,0.5094075202941895
YPL045W,YNL001W,0,-0.9339057,0.16390211880207062,0.9900793433189392,0.5095075964927673
YPR095C,YIL048W,0,-0.93478215,0.16387520730495453,0.9900793433189392,0.5096076726913452
YPR151C,YNL055C,0,-0.93665504,0.16384829580783844,0.9900793433189392,0.5097077488899231
YGL033W,YOR123C,0,-0.93675244,0.16382139921188354,0.9900793433189392,0.509807825088501
YGL105W,YDR387C,0,-0.9367535,0.16379451751708984,0.9900793433189392,0.5099079012870789
YIL144W,YOR322C,0,-0.9371825,0.16376763582229614,0.9900793433189392,0.5100079774856567
YHR062C,YBR204C,0,-0.937538,0.16374076902866364,0.9900793433189392,0.5101081132888794
YPL271W,YFR015C,0,-0.9380656,0.16371391713619232,0.9900793433189392,0.5102081894874573
YHR046C,YJL206C,0,-0.93817466,0.163687065243721,0.9900793433189392,0.5103082656860352
YIR005W,YDL138W,0,-0.9383471,0.1636602133512497,0.9900793433189392,0.510408341884613
YGL236C,YNL001W,0,-0.93964493,0.16363337635993958,0.9900793433189392,0.5105084180831909
YER059W,YMR139W,0,-0.9401188,0.16360655426979065,0.9900793433189392,0.5106084942817688
YBR065C,YHR074W,0,-0.94012636,0.16357974708080292,0.9900793433189392,0.5107085704803467
YHR155W,YGL256W,0,-0.94015855,0.16355293989181519,0.9900793433189392,0.5108086466789246
YEL001C,YBR301W,0,-0.94041,0.16352613270282745,0.9900793433189392,0.5109087228775024
YGL254W,YPL066W,0,-0.94059944,0.16349934041500092,0.9900793433189392,0.5110087990760803
YLR449W,YJL037W,0,-0.9407108,0.16347256302833557,0.9900793433189392,0.5111088752746582
YDR119W,YHR209W,0,-0.9413144,0.16344578564167023,0.9900793433189392,0.5112089514732361
YOR182C,YPL176C,0,-0.94138074,0.16341902315616608,0.9900793433189392,0.511309027671814
YHR199C-A,YGR188C,0,-0.9420345,0.16339227557182312,0.9900793433189392,0.5114091038703918
YER087W,YBL003C,0,-0.942638,0.16336552798748016,0.9900793433189392,0.5115091800689697
YCL058C,YMR059W,0,-0.9427043,0.1633387953042984,0.9900793433189392,0.5116093158721924
YPR115W,YML052W,0,-0.9429738,0.16331206262111664,0.9900793433189392,0.5117093920707703
YOL004W,YNL169C,0,-0.9436723,0.16328534483909607,0.9900793433189392,0.5118094682693481
YPL273W,YKR054C,0,-0.9437326,0.1632586270570755,0.9900793433189392,0.511909544467926
YKR039W,YHR101C,0,-0.94390416,0.16323192417621613,0.9900793433189392,0.5120096206665039
YFR042W,YBR169C,0,-0.9439354,0.16320523619651794,0.9900793433189392,0.5121096968650818
YAL044C,YPR017C,0,-0.945045,0.16317854821681976,0.9900793433189392,0.5122097730636597
YFR049W,YLR390W-A,0,-0.9454224,0.16315187513828278,0.9900793433189392,0.5123098492622375
YER010C,YDR266C,0,-0.94552886,0.1631252020597458,0.9900793433189392,0.5124099254608154
YLR244C,YBR114W,0,-0.94568074,0.16309854388237,0.9900793433189392,0.5125100016593933
YLR440C,YMR266W,0,-0.94571376,0.1630719006061554,0.9900793433189392,0.5126100778579712
YOR104W,YPR063C,0,-0.9464817,0.1630452573299408,0.9900793433189392,0.5127101540565491
YLR035C,YDR339C,0,-0.94696075,0.1630186140537262,0.9900793433189392,0.512810230255127
YMR243C,YPR133C,0,-0.94751793,0.16299200057983398,0.9900793433189392,0.5129103064537048
YPR108W,YGL032C,0,-0.9482286,0.16296538710594177,0.9900793433189392,0.5130103826522827
YJL058C,YER061C,0,-0.94839305,0.16293877363204956,0.9900793433189392,0.5131104588508606
YNL279W,YHR066W,0,-0.948962,0.16291217505931854,0.9900793433189392,0.5132105946540833
YMR266W,YKL096W,0,-0.94962525,0.16288559138774872,0.9900793433189392,0.5133106708526611
YDR363W-A,YFR015C,0,-0.9499272,0.1628590077161789,0.9900793433189392,0.513410747051239
YNL040W,YER153C,0,-0.95003486,0.16283243894577026,0.9900793433189392,0.5135108232498169
YNR071C,YDR352W,0,-0.95041525,0.16280587017536163,0.9900793433189392,0.5136108994483948
YML004C,YDR429C,0,-0.9504218,0.1627793163061142,0.9900793433189392,0.5137109756469727
YGR125W,YML043C,0,-0.950738,0.16275277733802795,0.9900793433189392,0.5138110518455505
YJL038C,YNL030W,0,-0.95094097,0.1627262383699417,0.9900793433189392,0.5139111280441284
YML014W,YGL192W,0,-0.95118904,0.16269969940185547,0.9900793433189392,0.5140112042427063
YER087W,YKR048C,0,-0.9512759,0.1626731902360916,0.9900793433189392,0.5141112804412842
YER114C,YML036W,0,-0.9515609,0.16264668107032776,0.9900793433189392,0.5142113566398621
YPR151C,YEL001C,0,-0.95156544,0.1626201719045639,0.9900793433189392,0.5143114328384399
YML002W,YBR096W,0,-0.95262593,0.16259367763996124,0.9900793433189392,0.5144115090370178
YHR047C,YJL146W,0,-0.9534028,0.16256719827651978,0.9900793433189392,0.5145115852355957
YHL027W,YCR034W,0,-0.9534577,0.1625407189130783,0.9900793433189392,0.5146116614341736
YPL213W,YKR078W,0,-0.95457494,0.16251425445079803,0.9900793433189392,0.5147117972373962
YBL011W,YJL081C,0,-0.95471644,0.16248778998851776,0.9900793433189392,0.5148118734359741
YDL211C,YKR034W,0,-0.9555192,0.16246134042739868,0.9900793433189392,0.514911949634552
YHR042W,YBR018C,0,-0.95594895,0.1624348908662796,0.9900793433189392,0.5150120258331299
YJL061W,YOL044W,0,-0.9562069,0.16240845620632172,0.9900793433189392,0.5151121020317078
YLL052C,YLR336C,0,-0.9565414,0.16238203644752502,0.9900793433189392,0.5152121782302856
YAL013W,YMR276W,0,-0.95662844,0.16235561668872833,0.9900793433189392,0.5153122544288635
YPR109W,YDR352W,0,-0.9567756,0.16232921183109283,0.9900793433189392,0.5154123306274414
YOR188W,YOR322C,0,-0.9572838,0.16230280697345734,0.9900793433189392,0.5155124068260193
YOR276W,YML002W,0,-0.9574112,0.16227641701698303,0.9900793433189392,0.5156124830245972
YLR284C,YPL170W,0,-0.9574871,0.16225004196166992,0.9900793433189392,0.515712559223175
YHR154W,YER099C,0,-0.9577913,0.1622236669063568,0.9900793433189392,0.5158126354217529
YDL133W,YKL096W,0,-0.95854545,0.1621973067522049,0.9900793433189392,0.5159127116203308
YDL067C,YLR328W,0,-0.95855725,0.16217094659805298,0.9900793433189392,0.5160127878189087
YDR540C,YOR337W,0,-0.95861477,0.16214460134506226,0.9900793433189392,0.5161128640174866
YMR184W,YDR266C,0,-0.95903754,0.16211825609207153,0.9900793433189392,0.5162129998207092
YKR071C,YML095C,0,-0.95917106,0.162091925740242,0.9900793433189392,0.5163130760192871
YLR020C,YGR136W,0,-0.96062815,0.16206561028957367,0.9900793433189392,0.516413152217865
YAL022C,YKL007W,0,-0.9607643,0.16203929483890533,0.9900793433189392,0.5165132284164429
YEL060C,YBL033C,0,-0.9613136,0.1620129942893982,0.9900793433189392,0.5166133046150208
YDR470C,YHL018W,0,-0.9619256,0.16198669373989105,0.9900793433189392,0.5167133808135986
YLR110C,YJL155C,0,-0.9626582,0.1619604080915451,0.9900793433189392,0.5168134570121765
YBR059C,YOR075W,0,-0.9630361,0.16193412244319916,0.9900793433189392,0.5169135332107544
YJL160C,YJL081C,0,-0.96364367,0.1619078516960144,0.9900793433189392,0.5170136094093323
YDR429C,YNL090W,0,-0.9643027,0.16188159584999084,0.9900793433189392,0.5171136856079102
YDL069C,YMR148W,0,-0.9651447,0.16185534000396729,0.9900793433189392,0.517213761806488
YFR008W,YJL061W,0,-0.96528244,0.16182908415794373,0.9900793433189392,0.5173138380050659
YDL122W,YER104W,0,-0.9654093,0.16180285811424255,0.9900793433189392,0.5174139142036438
YBL067C,YNL102W,0,-0.9657364,0.16177663207054138,0.9900793433189392,0.5175139904022217
YDR383C,YNL058C,0,-0.96599567,0.1617504060268402,0.9900793433189392,0.5176140666007996
YKR049C,YBR007C,0,-0.966517,0.16172419488430023,0.9900793433189392,0.5177141427993774
YNR071C,YGL246C,0,-0.96666586,0.16169798374176025,0.9900793433189392,0.5178142786026001
YMR113W,YOR290C,0,-0.96679014,0.16167180240154266,0.9900793433189392,0.517914354801178
YMR211W,YAL033W,0,-0.9670625,0.16164560616016388,0.9900793433189392,0.5180144309997559
YLR404W,YLR421C,0,-0.9674438,0.16161943972110748,0.9900793433189392,0.5181145071983337
YER173W,YLR039C,0,-0.9680426,0.1615932583808899,0.9900793433189392,0.5182145833969116
YGL022W,YGL157W,0,-0.9680518,0.1615671068429947,0.9900793433189392,0.5183146595954895
YJL038C,YLR102C,0,-0.9685152,0.1615409553050995,0.9900793433189392,0.5184147357940674
YBR092C,YAR033W,0,-0.96872365,0.16151480376720428,0.9900793433189392,0.5185148119926453
YAL044C,YGR041W,0,-0.96920586,0.16148866713047028,0.9900793433189392,0.5186148881912231
YMR302C,YKR025W,0,-0.96989965,0.16146254539489746,0.9900793433189392,0.518714964389801
YLR265C,YDL206W,0,-0.96995455,0.16143642365932465,0.9900793433189392,0.5188150405883789
YKR061W,YLR216C,0,-0.9705627,0.16141031682491302,0.9900793433189392,0.5189151167869568
YOR142W,YDL017W,0,-0.97072196,0.1613842099905014,0.9900793433189392,0.5190151929855347
YDR054C,YMR233W,0,-0.97107756,0.16135811805725098,0.9900793433189392,0.5191152691841125
YDR510W,YFL009W,0,-0.9712813,0.16133204102516174,0.9900793433189392,0.5192153453826904
YJR101W,YDR317W,0,-0.9719297,0.1613059639930725,0.9900793433189392,0.5193154811859131
YHR154W,YCR017C,0,-0.97194844,0.16127990186214447,0.9900793433189392,0.519415557384491
YFR002W,YNL166C,0,-0.97231627,0.16125383973121643,0.9900793433189392,0.5195156335830688
YMR088C,YGL033W,0,-0.9724834,0.16122779250144958,0.9900793433189392,0.5196157097816467
YMR046C,YMR212C,0,-0.9735009,0.16120174527168274,0.9900793433189392,0.5197157859802246
YDR259C,YFR042W,0,-0.97458446,0.1611757129430771,0.9900793433189392,0.5198158621788025
YCL037C,YHL025W,0,-0.9749744,0.16114968061447144,0.9900793433189392,0.5199159383773804
YER144C,YDR056C,0,-0.97498775,0.16112366318702698,0.9900793433189392,0.5200160145759583
YOR076C,YJL206C,0,-0.97519636,0.1610976606607437,0.9900793433189392,0.5201160907745361
YOR209C,YFL052W,0,-0.9752489,0.16107165813446045,0.9900793433189392,0.520216166973114
YMR131C,YOR372C,0,-0.9754882,0.16104567050933838,0.9900793433189392,0.5203162431716919
YHR074W,YKR072C,0,-0.9763523,0.1610196828842163,0.9900793433189392,0.5204163193702698
YIL135C,YMR059W,0,-0.9764166,0.16099371016025543,0.9900793433189392,0.5205163955688477
YNR047W,YJR141W,0,-0.976454,0.16096773743629456,0.9900793433189392,0.5206164717674255
YOR145C,YAL021C,0,-0.97653157,0.16094177961349487,0.9900793433189392,0.5207165479660034
YDR205W,YBR233W-A,0,-0.97782826,0.16091583669185638,0.9900793433189392,0.5208166241645813
YIR013C,YKR029C,0,-0.97792447,0.1608898937702179,0.9900793433189392,0.520916759967804
YBR078W,YPL085W,0,-0.97832644,0.1608639657497406,0.9900793433189392,0.5210168361663818
YBR260C,YIL023C,0,-0.9785713,0.1608380377292633,0.9900793433189392,0.5211169123649597
YMR211W,YIL062C,0,-0.97909546,0.1608121246099472,0.9900793433189392,0.5212169885635376
YGR187C,YMR056C,0,-0.9795301,0.1607862114906311,0.9900793433189392,0.5213170647621155
YOR198C,YHL012W,0,-0.9801706,0.1607603132724762,0.9900793433189392,0.5214171409606934
YPL190C,YGR016W,0,-0.9807783,0.1607344150543213,0.9900793433189392,0.5215172171592712
YBR024W,YGR125W,0,-0.9811001,0.16070853173732758,0.9900793433189392,0.5216172933578491
YDR545W,YMR293C,0,-0.98115414,0.16068266332149506,0.9900793433189392,0.521717369556427
YDL017W,YBR069C,0,-0.9813387,0.16065679490566254,0.9900793433189392,0.5218174457550049
YGR262C,YDR022C,0,-0.98198247,0.1606309413909912,0.9900793433189392,0.5219175219535828
YNL281W,YJL076W,0,-0.98280334,0.16060508787631989,0.9900793433189392,0.5220175981521606
YLR188W,YDR066C,0,-0.98346674,0.16057924926280975,0.9900793433189392,0.5221176743507385
YIL005W,YER004W,0,-0.9843522,0.16055341064929962,0.9900793433189392,0.5222177505493164
YDR160W,YKR063C,0,-0.9849093,0.16052758693695068,0.9900793433189392,0.5223178267478943
YDR026C,YDR078C,0,-0.98491144,0.16050176322460175,0.9900793433189392,0.5224179625511169
YDR429C,YPL053C,0,-0.9865457,0.160475954413414,0.9900793433189392,0.5225180387496948
YOL056W,YDR160W,0,-0.98661166,0.16045016050338745,0.9900793433189392,0.5226181149482727
YGL040C,YDR387C,0,-0.9866394,0.1604243665933609,0.9900793433189392,0.5227181911468506
YHL018W,YMR074C,0,-0.9867389,0.16039858758449554,0.9900793433189392,0.5228182673454285
YGR272C,YGL053W,0,-0.98691,0.1603728085756302,0.9900793433189392,0.5229183435440063
YIL110W,YIL046W,0,-0.9869753,0.16034704446792603,0.9900793433189392,0.5230184197425842
YGL263W,YER105C,0,-0.9869863,0.16032128036022186,0.9900793433189392,0.5231184959411621
YBL102W,YER074W-A,0,-0.9881329,0.1602955311536789,0.9900793433189392,0.52321857213974
YLR068W,YBR105C,0,-0.9884467,0.16026979684829712,0.9900793433189392,0.5233186483383179
YPL127C,YKR048C,0,-0.9892498,0.16024406254291534,0.9900793433189392,0.5234187245368958
YNL026W,YCR060W,0,-0.9893045,0.16021832823753357,0.9900793433189392,0.5235188007354736
YNR076W,YLL018C-A,0,-0.98964363,0.16019262373447418,0.9900793433189392,0.5236188769340515
YDR282C,YKR065C,0,-0.98985034,0.1601669043302536,0.9900793433189392,0.5237189531326294
YNL252C,YLR357W,0,-0.9908041,0.1601411998271942,0.9900793433189392,0.5238190293312073
YMR020W,YPR017C,0,-0.9909422,0.16011551022529602,0.9900793433189392,0.5239191055297852
YDR280W,YMR189W,0,-0.99136066,0.16008983552455902,0.9900793433189392,0.5240192413330078
YKL057C,YPR175W,0,-0.99141383,0.16006416082382202,0.9900793433189392,0.5241193175315857
YBL005W-B,YGR230W,0,-0.9916314,0.16003848612308502,0.9900793433189392,0.5242193937301636
YDR022C,YDR080W,0,-0.9918873,0.16001282632350922,0.9900793433189392,0.5243194699287415
YGR036C,YKL015W,0,-0.9919292,0.1599871814250946,0.9900793433189392,0.5244195461273193
YNL200C,YER021W,0,-0.99240315,0.15996153652668,0.9900793433189392,0.5245196223258972
YNL190W,YDR536W,0,-0.9924301,0.15993589162826538,0.9900793433189392,0.5246196985244751
YOL032W,YGR063C,0,-0.99249285,0.15991027653217316,0.9900793433189392,0.524719774723053
YAL054C,YNL265C,0,-0.99270636,0.15988464653491974,0.9900793433189392,0.5248198509216309
YDR414C,YGL181W,0,-0.9942848,0.1598590463399887,0.9900793433189392,0.5249199271202087
YLR227C,YMR087W,0,-0.99433386,0.15983344614505768,0.9900793433189392,0.5250200033187866
YGR138C,YIL149C,0,-0.994764,0.15980784595012665,0.9900793433189392,0.5251200795173645
YDL117W,YGL070C,0,-0.99555,0.1597822606563568,0.9900793433189392,0.5252201557159424
YOL032W,YDR420W,0,-0.99579453,0.15975669026374817,0.9900793433189392,0.5253202319145203
YOR152C,YOL006C,0,-0.99624753,0.15973111987113953,0.9900793433189392,0.5254203081130981
YPL213W,YDR225W,0,-0.99633884,0.15970554947853088,0.9900793433189392,0.5255204439163208
YMR208W,YKR034W,0,-0.9968947,0.15967999398708344,0.9900793433189392,0.5256205201148987
YEL012W,YGR098C,0,-0.9971473,0.15965445339679718,0.9900793433189392,0.5257205963134766
YLR023C,YLR057W,0,-0.9972728,0.15962891280651093,0.9900793433189392,0.5258206725120544
YBL104C,YFL052W,0,-0.9972774,0.15960338711738586,0.9900793433189392,0.5259207487106323
YLR309C,YBR301W,0,-0.9974294,0.159577876329422,0.9900793433189392,0.5260208249092102
YDR383C,YFL059W,0,-0.9979092,0.15955236554145813,0.9900793433189392,0.5261209011077881
YBL033C,YCL011C,0,-0.9982735,0.15952685475349426,0.9900793433189392,0.526220977306366
YFL043C,YHR066W,0,-0.9995,0.1595013588666916,0.9900793433189392,0.5263210535049438
YOR168W,YCR097W,0,-1.0002003,0.1594758778810501,0.9900793433189392,0.5264211297035217
YJL192C,YBR231C,0,-1.0008538,0.15945039689540863,0.9900793433189392,0.5265212059020996
YPL222W,YJR106W,0,-1.0009664,0.15942491590976715,0.9900793433189392,0.5266212821006775
YPR115W,YLR079W,0,-1.0010102,0.15939944982528687,0.9900793433189392,0.5267213582992554
YPR030W,YJR110W,0,-1.0026823,0.15937399864196777,0.9900793433189392,0.5268214344978333
YMR087W,YOR058C,0,-1.0030289,0.15934856235980988,0.9900793433189392,0.5269215106964111
YGL039W,YMR148W,0,-1.0047344,0.15932311117649078,0.9900793433189392,0.5270216464996338
YLR353W,YNL177C,0,-1.004794,0.15929768979549408,0.9900793433189392,0.5271217226982117
YPL222W,YGR272C,0,-1.0058742,0.15927226841449738,0.9900793433189392,0.5272217988967896
YPL092W,YKR034W,0,-1.0060642,0.15924684703350067,0.9900793433189392,0.5273218750953674
YNR071C,YGR172C,0,-1.006513,0.15922144055366516,0.9900793433189392,0.5274219512939453
YPR122W,YJR061W,0,-1.0066923,0.15919604897499084,0.9900793433189392,0.5275220274925232
YBR006W,YLR390W-A,0,-1.0068429,0.15917065739631653,0.9900793433189392,0.5276221036911011
YMR068W,YDL171C,0,-1.0077624,0.1591452658176422,0.9900793433189392,0.527722179889679
YOR337W,YGR238C,0,-1.0082489,0.15911990404129028,0.9900793433189392,0.5278222560882568
YBR279W,YKR065C,0,-1.0087788,0.15909452736377716,0.9900793433189392,0.5279223322868347
YOL073C,YJL110C,0,-1.0097095,0.15906918048858643,0.9900793433189392,0.5280224084854126
YLR298C,YMR059W,0,-1.0102456,0.1590438187122345,0.9900793433189392,0.5281224846839905
YDR303C,YOL084W,0,-1.0107772,0.15901848673820496,0.9900793433189392,0.5282225608825684
YMR046C,YBL066C,0,-1.0118077,0.15899315476417542,0.9900793433189392,0.5283226370811462
YNL146W,YKL137W,0,-1.0118413,0.15896782279014587,0.9900793433189392,0.5284227132797241
YNL019C,YDR217C,0,-1.0120213,0.15894250571727753,0.9900793433189392,0.528522789478302
YIL002C,YNR028W,0,-1.0126214,0.15891720354557037,0.9900793433189392,0.5286229252815247
YGL070C,YBR240C,0,-1.0127026,0.15889190137386322,0.9900793433189392,0.5287230014801025
YOL107W,YOR060C,0,-1.0132235,0.15886659920215607,0.9900793433189392,0.5288230776786804
YER165W,YLR079W,0,-1.0137595,0.1588413119316101,0.9900793433189392,0.5289231538772583
YHR028C,YCL045C,0,-1.015142,0.15881603956222534,0.9900793433189392,0.5290232300758362
YNL157W,YIL144W,0,-1.0153153,0.15879076719284058,0.9900793433189392,0.5291233062744141
YDR201W,YDL236W,0,-1.0154626,0.158765509724617,0.9900793433189392,0.5292233824729919
YHR044C,YBR146W,0,-1.0156174,0.15874025225639343,0.9900793433189392,0.5293234586715698
YGR175C,YLL012W,0,-1.0160006,0.15871500968933105,0.9900793433189392,0.5294235348701477
YGR230W,YLL040C,0,-1.0162001,0.15868978202342987,0.9900793433189392,0.5295236110687256
YKL061W,YDL195W,0,-1.0166681,0.1586645394563675,0.9900793433189392,0.5296236872673035
YBL067C,YKR034W,0,-1.0206707,0.1586393266916275,0.9900793433189392,0.5297237634658813
YFR042W,YMR226C,0,-1.0209384,0.1586141139268875,0.9900793433189392,0.5298238396644592
YHR111W,YLR253W,0,-1.021472,0.15858890116214752,0.9900793433189392,0.5299239158630371
YFL042C,YLR336C,0,-1.0216719,0.15856371819972992,0.9900793433189392,0.530023992061615
YFL034W,YHL035C,0,-1.0217173,0.15853852033615112,0.9900793433189392,0.5301241278648376
YPL161C,YMR289W,0,-1.0221907,0.15851333737373352,0.9900793433189392,0.5302242040634155
YMR039C,YNL078W,0,-1.0222183,0.1584881693124771,0.9900793433189392,0.5303242802619934
YDR259C,YBR123C,0,-1.0223193,0.1584630012512207,0.9900793433189392,0.5304243564605713
YLR284C,YGL092W,0,-1.0225844,0.1584378480911255,0.9900793433189392,0.5305244326591492
YGR194C,YJR013W,0,-1.023379,0.15841269493103027,0.9900793433189392,0.530624508857727
YBR017C,YMR005W,0,-1.0237454,0.15838755667209625,0.9900793433189392,0.5307245850563049
YML023C,YOR157C,0,-1.0237888,0.15836241841316223,0.9900793433189392,0.5308246612548828
YAL043C,YGL082W,0,-1.0240899,0.1583372950553894,0.9900793433189392,0.5309247374534607
YML007W,YDL195W,0,-1.0241545,0.15831218659877777,0.9900793433189392,0.5310248136520386
YFL043C,YNL113W,0,-1.0242192,0.15828707814216614,0.9900793433189392,0.5311248898506165
YDR414C,YER059W,0,-1.0244353,0.1582619696855545,0.9900793433189392,0.5312249660491943
YKL209C,YOL135C,0,-1.0249157,0.15823687613010406,0.9900793433189392,0.5313250422477722
YPR115W,YPL243W,0,-1.0253164,0.15821179747581482,0.9900793433189392,0.5314251184463501
YGR280C,YNL271C,0,-1.0254472,0.15818671882152557,0.9900793433189392,0.531525194644928
YDR444W,YER076C,0,-1.0258996,0.15816165506839752,0.9900793433189392,0.5316252708435059
YJL038C,YGL082W,0,-1.0269498,0.15813659131526947,0.9900793433189392,0.5317254066467285
YDL122W,YDR009W,0,-1.0281682,0.15811152756214142,0.9900793433189392,0.5318254828453064
YGL033W,YOL026C,0,-1.0285277,0.15808649361133575,0.9900793433189392,0.5319255590438843
YAL039C,YKL114C,0,-1.029027,0.1580614447593689,0.9900793433189392,0.5320256352424622
YDL220C,YOR190W,0,-1.0310197,0.15803642570972443,0.9900793433189392,0.53212571144104
YLR403W,YBR301W,0,-1.0319955,0.15801140666007996,0.9900793433189392,0.5322257876396179
YLR253W,YBL016W,0,-1.0321628,0.15798638761043549,0.9900793433189392,0.5323258638381958
YER046W,YLR201C,0,-1.0326668,0.1579613834619522,0.9900793433189392,0.5324259400367737
YAR031W,YFL034W,0,-1.0327051,0.15793637931346893,0.9900793433189392,0.5325260162353516
YNL281W,YPL013C,0,-1.0327394,0.15791139006614685,0.9900793433189392,0.5326260924339294
YIL005W,YCL011C,0,-1.0330107,0.15788641571998596,0.9900793433189392,0.5327261686325073
YPL275W,YLR411W,0,-1.033102,0.15786144137382507,0.9900793433189392,0.5328262448310852
YFR038W,YJL080C,0,-1.0332403,0.15783646702766418,0.9900793433189392,0.5329263210296631
YKL029C,YDR510W,0,-1.0334613,0.1578115075826645,0.9900793433189392,0.533026397228241
YMR039C,YPR042C,0,-1.0339212,0.157786563038826,0.9900793433189392,0.5331264734268188
YKR071C,YDR056C,0,-1.0359721,0.1577616184949875,0.9900793433189392,0.5332266092300415
YEL032W,YDR533C,0,-1.0381773,0.15773668885231018,0.9900793433189392,0.5333266854286194
YOR262W,YDR389W,0,-1.038204,0.15771175920963287,0.9900793433189392,0.5334267616271973
YLR148W,YBR131W,0,-1.0383253,0.15768684446811676,0.9900793433189392,0.5335268378257751
YDL207W,YLR345W,0,-1.0384245,0.15766192972660065,0.9900793433189392,0.533626914024353
YGR271W,YDR009W,0,-1.0387836,0.15763702988624573,0.9900793433189392,0.5337269902229309
YOR188W,YBL105C,0,-1.0391732,0.1576121300458908,0.9900793433189392,0.5338270664215088
YJL204C,YER087W,0,-1.0391781,0.15758724510669708,0.9900793433189392,0.5339271426200867
YFL008W,YMR199W,0,-1.0397469,0.15756236016750336,0.9900793433189392,0.5340272188186646
YDR282C,YDR477W,0,-1.0399215,0.15753749012947083,0.9900793433189392,0.5341272950172424
YLR148W,YJL003W,0,-1.0400265,0.1575126200914383,0.9900793433189392,0.5342273712158203
YJR041C,YOR237W,0,-1.0402191,0.15748776495456696,0.9900793433189392,0.5343274474143982
YER010C,YNR045W,0,-1.0404317,0.1574629247188568,0.9900793433189392,0.5344275236129761
YMR039C,YCR060W,0,-1.0408188,0.15743808448314667,0.9900793433189392,0.534527599811554
YDR508C,YOR306C,0,-1.040948,0.15741324424743652,0.9900793433189392,0.5346276760101318
YBR175W,YBR266C,0,-1.0412534,0.15738841891288757,0.9900793433189392,0.5347278118133545
YDR123C,YER057C,0,-1.0413443,0.15736360847949982,0.9900793433189392,0.5348278880119324
YML038C,YKR034W,0,-1.0416403,0.15733879804611206,0.9900793433189392,0.5349279642105103
YOR044W,YDR054C,0,-1.0417525,0.1573140025138855,0.9900793433189392,0.5350280404090881
YOL034W,YDL060W,0,-1.0417548,0.15728920698165894,0.9900793433189392,0.535128116607666
YJL090C,YER019W,0,-1.0417583,0.15726441144943237,0.9900793433189392,0.5352281928062439
YOL073C,YER107C,0,-1.0423467,0.1572396457195282,0.9900793433189392,0.5353282690048218
YLR328W,YNL056W,0,-1.0424132,0.15721486508846283,0.9900793433189392,0.5354283452033997
YKL020C,YLR119W,0,-1.0426528,0.15719011425971985,0.9900793433189392,0.5355284214019775
YKR091W,YDR450W,0,-1.0429745,0.15716534852981567,0.9900793433189392,0.5356284976005554
YOR298C-A,YKR084C,0,-1.0436898,0.1571406126022339,0.9900793433189392,0.5357285737991333
YOL071W,YNL242W,0,-1.0438834,0.1571158617734909,0.9900793433189392,0.5358286499977112
YPR124W,YGL186C,0,-1.0441267,0.1570911407470703,0.9900793433189392,0.5359287261962891
YJL146W,YOR273C,0,-1.0442023,0.15706641972064972,0.9900793433189392,0.5360288023948669
YHL044W,YDL246C,0,-1.045052,0.15704169869422913,0.9900793433189392,0.5361288785934448
YLR409C,YGR238C,0,-1.0450535,0.15701699256896973,0.9900793433189392,0.5362289547920227
YKL124W,YLL055W,0,-1.0458874,0.15699228644371033,0.9900793433189392,0.5363290905952454
YKL007W,YOR372C,0,-1.0461309,0.15696759521961212,0.9900793433189392,0.5364291667938232
YDR354W,YDR489W,0,-1.0464,0.1569429188966751,0.9900793433189392,0.5365292429924011
YML118W,YKL160W,0,-1.0466504,0.1569182425737381,0.9900793433189392,0.536629319190979
YGL005C,YLR312W-A,0,-1.0467699,0.1568935662508011,0.9900793433189392,0.5367293953895569
YGR109C,YPL265W,0,-1.0474919,0.15686890482902527,0.9900793433189392,0.5368294715881348
YOR198C,YNR074C,0,-1.0480453,0.15684425830841064,0.9900793433189392,0.5369295477867126
YDL165W,YML043C,0,-1.048224,0.15681961178779602,0.9900793433189392,0.5370296239852905
YPR095C,YDR155C,0,-1.0494839,0.1567949652671814,0.9900793433189392,0.5371297001838684
YOR044W,YOR394W,0,-1.0496525,0.15677034854888916,0.9900793433189392,0.5372297763824463
YCR029C-A,YOR337W,0,-1.0498027,0.15674571692943573,0.9900793433189392,0.5373298525810242
YGR014W,YMR059W,0,-1.0500767,0.1567211002111435,0.9900793433189392,0.537429928779602
YPR115W,YGL254W,0,-1.0501013,0.15669649839401245,0.9900793433189392,0.5375300049781799
YMR121C,YGL181W,0,-1.0504951,0.1566718965768814,0.9900793433189392,0.5376300811767578
YMR208W,YKL012W,0,-1.0515196,0.15664730966091156,0.9900793433189392,0.5377301573753357
YKL054C,YGL090W,0,-1.0522543,0.1566227227449417,0.9900793433189392,0.5378302931785583
YOR005C,YMR152W,0,-1.0524305,0.15659815073013306,0.9900793433189392,0.5379303693771362
YJL061W,YNL271C,0,-1.0532601,0.1565735787153244,0.9900793433189392,0.5380304455757141
YCR077C,YML091C,1,-1.0535493,0.15670588612556458,0.9910714030265808,0.5380304455757141
YPL128C,YPR036W,0,-1.0539217,0.15668129920959473,0.9910714030265808,0.538130521774292
YDL051W,YEL013W,0,-1.0539583,0.15665674209594727,0.9910714030265808,0.5382305979728699
YMR323W,YER177W,0,-1.0546718,0.1566321700811386,0.9910714030265808,0.5383306741714478
YJR070C,YOR035C,0,-1.0561919,0.15660761296749115,0.9910714030265808,0.5384307503700256
YER177W,YLL040C,0,-1.0562935,0.15658307075500488,0.9910714030265808,0.5385308265686035
YER072W,YOL103W,0,-1.0563089,0.15655852854251862,0.9910714030265808,0.5386309027671814
YGR187C,YLR256W,0,-1.0564241,0.15653400123119354,0.9910714030265808,0.5387309789657593
YKR095W-A,YNL090W,0,-1.0564275,0.15650947391986847,0.9910714030265808,0.5388310551643372
YOR188W,YBR204C,0,-1.0565209,0.1564849615097046,0.9910714030265808,0.538931131362915
YOR381W,YER178W,0,-1.0565648,0.1564604490995407,0.9910714030265808,0.5390312075614929
YDR017C,YOR035C,0,-1.0568035,0.15643595159053802,0.9910714030265808,0.5391312837600708
YBL045C,YLR384C,0,-1.0573809,0.15641145408153534,0.9910714030265808,0.5392313599586487
YPL152W,YBR096W,0,-1.0584556,0.15638697147369385,0.9910714030265808,0.5393314361572266
YML046W,YPR115W,0,-1.0590855,0.15636250376701355,0.9910714030265808,0.5394315719604492
YGR002C,YJL165C,0,-1.0591922,0.15633802115917206,0.9910714030265808,0.5395316481590271
YFR014C,YKL074C,0,-1.0594263,0.15631356835365295,0.9910714030265808,0.539631724357605
YJL222W,YGL216W,0,-1.059735,0.15628911554813385,0.9910714030265808,0.5397318005561829
YOR336W,YLR223C,0,-1.0599351,0.15626466274261475,0.9910714030265808,0.5398318767547607
YLR168C,YGL038C,0,-1.0601585,0.15624022483825684,0.9910714030265808,0.5399319529533386
YOR104W,YLR168C,0,-1.0602323,0.15621578693389893,0.9910714030265808,0.5400320291519165
YDL069C,YBR058C,0,-1.0603914,0.1561913639307022,0.9910714030265808,0.5401321053504944
YEL059C-A,YLR188W,0,-1.0606422,0.1561669558286667,0.9910714030265808,0.5402321815490723
YEL044W,YMR266W,0,-1.0608101,0.15614254772663116,0.9910714030265808,0.5403322577476501
YIL113W,YPL162C,0,-1.0612953,0.15611813962459564,0.9910714030265808,0.540432333946228
YDR524C,YLR056W,0,-1.0617161,0.1560937464237213,0.9910714030265808,0.5405324101448059
YMR288W,YPR115W,0,-1.062434,0.15606936812400818,0.9910714030265808,0.5406324863433838
YJL096W,YDR034C,0,-1.0628262,0.15604498982429504,0.9910714030265808,0.5407325625419617
YDR315C,YBR171W,0,-1.0628316,0.1560206115245819,0.9910714030265808,0.5408326387405396
YML039W,YGR250C,0,-1.0637044,0.15599624812602997,0.9910714030265808,0.5409327745437622
YMR243C,YMR276W,0,-1.0637964,0.15597189962863922,0.9910714030265808,0.5410328507423401
YDR478W,YKL148C,0,-1.0640366,0.15594755113124847,0.9910714030265808,0.541132926940918
YDL195W,YKL175W,0,-1.0641124,0.15592320263385773,0.9910714030265808,0.5412330031394958
YIR013C,YML095C,0,-1.0644978,0.15589886903762817,0.9910714030265808,0.5413330793380737
YPL264C,YJL081C,0,-1.06465,0.15587455034255981,0.9910714030265808,0.5414331555366516
YPL130W,YMR079W,0,-1.0653484,0.15585023164749146,0.9910714030265808,0.5415332317352295
YML118W,YLR057W,0,-1.0658519,0.1558259278535843,0.9910714030265808,0.5416333079338074
YDL098C,YDL206W,0,-1.0662785,0.15580162405967712,0.9910714030265808,0.5417333841323853
YPR095C,YOR322C,0,-1.0663222,0.15577732026576996,0.9910714030265808,0.5418334603309631
YHR111W,YDL150W,0,-1.0663348,0.15575304627418518,0.9910714030265808,0.541933536529541
YOR330C,YDR086C,0,-1.0666864,0.1557287573814392,0.9910714030265808,0.5420336127281189
YEL059C-A,YHR129C,0,-1.0667312,0.15570448338985443,0.9910714030265808,0.5421336889266968
YLR292C,YNL295W,0,-1.0676913,0.15568022429943085,0.9910714030265808,0.5422337651252747
YJL160C,YLR253W,0,-1.0677359,0.15565596520900726,0.9910714030265808,0.5423338413238525
YLR099C,YAL033W,0,-1.0681725,0.15563172101974487,0.9910714030265808,0.5424339175224304
YPR009W,YHR129C,0,-1.0682418,0.15560747683048248,0.9910714030265808,0.5425340533256531
YOR017W,YOR188W,0,-1.0696349,0.1555832475423813,0.9910714030265808,0.542634129524231
YHR199C,YOR372C,0,-1.0697763,0.1555590182542801,0.9910714030265808,0.5427342057228088
YLR292C,YBR017C,0,-1.0703824,0.1555348038673401,0.9910714030265808,0.5428342819213867
YMR046C,YKL120W,0,-1.070672,0.15551058948040009,0.9910714030265808,0.5429343581199646
YPR149W,YHR005C,0,-1.071672,0.15548637509346008,0.9910714030265808,0.5430344343185425
YDR510W,YJL110C,0,-1.0719953,0.15546219050884247,0.9910714030265808,0.5431345105171204
YDR371W,YMR009W,0,-1.0720596,0.15543799102306366,0.9910714030265808,0.5432345867156982
YMR020W,YPL128C,0,-1.0722188,0.15541382133960724,0.9910714030265808,0.5433346629142761
YOR168W,YNR041C,0,-1.0733836,0.15538963675498962,0.9910714030265808,0.543434739112854
YMR097C,YOR045W,0,-1.0739836,0.1553654670715332,0.9910714030265808,0.5435348153114319
YHR199C,YOL038W,0,-1.0746629,0.15534131228923798,0.9910714030265808,0.5436348915100098
YER046W,YJL206C,0,-1.0746672,0.15531715750694275,0.9910714030265808,0.5437349677085876
YPR192W,YLR309C,0,-1.0747013,0.15529301762580872,0.9910714030265808,0.5438350439071655
YDL216C,YCR005C,0,-1.0753455,0.15526887774467468,0.9910714030265808,0.5439351201057434
YDR181C,YDR227W,0,-1.0754148,0.15524475276470184,0.9910714030265808,0.5440352559089661
YDR160W,YLR359W,0,-1.0755281,0.155220627784729,0.9910714030265808,0.544135332107544
YNL061W,YGR113W,0,-1.0755687,0.15519651770591736,0.9910714030265808,0.5442354083061218
YCR068W,YGR043C,0,-1.0761805,0.1551724076271057,0.9910714030265808,0.5443354845046997
YGL022W,YGR134W,0,-1.0764315,0.15514831244945526,0.9910714030265808,0.5444355607032776
YDL098C,YPL162C,0,-1.076925,0.1551242172718048,0.9910714030265808,0.5445356369018555
YCR071C,YGR238C,0,-1.0771085,0.15510013699531555,0.9910714030265808,0.5446357131004333
YMR001C,YLR079W,0,-1.0771871,0.1550760567188263,0.9910714030265808,0.5447357892990112
YJR150C,YAR042W,0,-1.0774215,0.15505199134349823,0.9910714030265808,0.5448358654975891
YJR070C,YKL220C,0,-1.0774846,0.15502792596817017,0.9910714030265808,0.544935941696167
YJR121W,YLR361C,0,-1.0775006,0.1550038754940033,0.9910714030265808,0.5450360178947449
YOL002C,YPR003C,0,-1.0778925,0.15497982501983643,0.9910714030265808,0.5451360940933228
YMR113W,YKL069W,0,-1.0785453,0.15495578944683075,0.9910714030265808,0.5452361702919006
YDR540C,YGR086C,0,-1.0789196,0.15493176877498627,0.9910714030265808,0.5453362464904785
YGR163W,YPR036W,0,-1.0790539,0.1549077332019806,0.9910714030265808,0.5454363226890564
YLR201C,YLL018C-A,0,-1.0793028,0.1548837274312973,0.9910714030265808,0.545536458492279
YLR398C,YLR099C,0,-1.0795431,0.15485970675945282,0.9910714030265808,0.5456365346908569
YBR020W,YPR070W,0,-1.0796822,0.15483571588993073,0.9910714030265808,0.5457366108894348
YBR069C,YLR345W,0,-1.0796958,0.15481171011924744,0.9910714030265808,0.5458366870880127
YPR192W,YJL148W,0,-1.0798633,0.15478773415088654,0.9910714030265808,0.5459367632865906
YLR426W,YMR265C,0,-1.0799968,0.15476374328136444,0.9910714030265808,0.5460368394851685
YIL014W,YGL223C,0,-1.0801742,0.15473978221416473,0.9910714030265808,0.5461369156837463
YLR188W,YPR135W,0,-1.0803609,0.15471580624580383,0.9910714030265808,0.5462369918823242
YKL171W,YML068W,0,-1.0806174,0.15469186007976532,0.9910714030265808,0.5463370680809021
YIL171W,YJL192C,0,-1.0806192,0.1546678990125656,0.9910714030265808,0.54643714427948
YJR094W-A,YEL019C,0,-1.0808234,0.1546439677476883,0.9910714030265808,0.5465372204780579
YGR262C,YNL315C,0,-1.0810885,0.15462002158164978,0.9910714030265808,0.5466372966766357
YAL043C,YDR212W,0,-1.0815682,0.15459610521793365,0.9910714030265808,0.5467373728752136
YKL008C,YNL328C,0,-1.0819036,0.15457217395305634,0.9910714030265808,0.5468374490737915
YDR519W,YBL105C,0,-1.081909,0.1545482724905014,0.9910714030265808,0.5469375252723694
YKL008C,YLR026C,0,-1.0825375,0.15452435612678528,0.9910714030265808,0.5470376014709473
YOL107W,YDL194W,0,-1.0827898,0.15450046956539154,0.9910714030265808,0.5471377372741699
YAR042W,YIR009W,0,-1.0830519,0.1544765681028366,0.9910714030265808,0.5472378134727478
YKL176C,YLR147C,0,-1.0830816,0.15445269644260406,0.9910714030265808,0.5473378896713257
YDR009W,YER029C,0,-1.0837748,0.15442880988121033,0.9910714030265808,0.5474379658699036
YKL150W,YDR082W,0,-1.0851333,0.15440495312213898,0.9910714030265808,0.5475380420684814
YKL056C,YHR177W,0,-1.0854728,0.15438108146190643,0.9910714030265808,0.5476381182670593
YMR199W,YML106W,0,-1.0866113,0.15435722470283508,0.9910714030265808,0.5477381944656372
YNR008W,YOL044W,0,-1.0870385,0.15433338284492493,0.9910714030265808,0.5478382706642151
YBL033C,YDL105W,0,-1.0872633,0.15430954098701477,0.9910714030265808,0.547938346862793
YKR097W,YGR271W,0,-1.0875156,0.1542857140302658,0.9910714030265808,0.5480384230613708
YJL110C,YPL066W,0,-1.0880861,0.15426188707351685,0.9910714030265808,0.5481384992599487
YKR001C,YNL279W,0,-1.088173,0.15423807501792908,0.9910714030265808,0.5482385754585266
YDL245C,YML014W,0,-1.0886952,0.1542142629623413,0.9910714030265808,0.5483386516571045
YLR398C,YNL138W-A,0,-1.0893471,0.15419046580791473,0.9910714030265808,0.5484387278556824
YGL245W,YLR227C,0,-1.0894356,0.15416666865348816,0.9910714030265808,0.5485388040542603
YDR289C,YBR065C,0,-1.0902175,0.15414288640022278,0.9910714030265808,0.5486389398574829
YNR071C,YGL181W,0,-1.0905062,0.1541191041469574,0.9910714030265808,0.5487390160560608
YBL002W,YDR371W,0,-1.0909857,0.15409532189369202,0.9910714030265808,0.5488390922546387
YDL128W,YHR172W,0,-1.0910579,0.15407155454158783,0.9910714030265808,0.5489391684532166
YOR393W,YGL181W,0,-1.0913229,0.15404780209064484,0.9910714030265808,0.5490392446517944
YLR350W,YIL157C,0,-1.0917236,0.15402404963970184,0.9910714030265808,0.5491393208503723
YNL290W,YLR178C,0,-1.0924451,0.15400031208992004,0.9910714030265808,0.5492393970489502
YKR035W-A,YHR150W,0,-1.0935385,0.15397657454013824,0.9910714030265808,0.5493394732475281
YOR190W,YOR221C,0,-1.0936153,0.15395283699035645,0.9910714030265808,0.549439549446106
YNL135C,YBL060W,0,-1.0938625,0.15392911434173584,0.9910714030265808,0.5495396256446838
YJL058C,YHL012W,0,-1.0939252,0.15390540659427643,0.9910714030265808,0.5496397018432617
YPR007C,YNL146W,0,-1.0939549,0.15388169884681702,0.9910714030265808,0.5497397780418396
YPL082C,YDR325W,0,-1.0947227,0.1538580060005188,0.9910714030265808,0.5498398542404175
YHR147C,YOL117W,0,-1.0954392,0.15383431315422058,0.9910714030265808,0.5499399304389954
YGR124W,YLL052C,0,-1.0954493,0.15381062030792236,0.9910714030265808,0.5500400066375732
YMR095C,YDR023W,0,-1.0955145,0.15378694236278534,0.9910714030265808,0.5501400828361511
YML095C,YOR075W,0,-1.0958399,0.1537632793188095,0.9910714030265808,0.5502402186393738
YJL008C,YMR024W,0,-1.0962096,0.15373961627483368,0.9910714030265808,0.5503402948379517
YOL032W,YPL085W,0,-1.0964329,0.15371595323085785,0.9910714030265808,0.5504403710365295
YMR323W,YJL020C,0,-1.0968355,0.1536923050880432,0.9910714030265808,0.5505404472351074
YDR362C,YKL061W,0,-1.0973052,0.15366867184638977,0.9910714030265808,0.5506405234336853
YMR302C,YGR060W,0,-1.0976244,0.15364503860473633,0.9910714030265808,0.5507405996322632
YLR052W,YLR309C,0,-1.0976452,0.15362140536308289,0.9910714030265808,0.5508406758308411
YMR113W,YKR065C,0,-1.097919,0.15359778702259064,0.9910714030265808,0.550940752029419
YDR330W,YML068W,0,-1.0984646,0.1535741686820984,0.9910714030265808,0.5510408282279968
YCL029C,YCL011C,0,-1.0989616,0.15355056524276733,0.9910714030265808,0.5511409044265747
YDR256C,YER019W,0,-1.0991302,0.15352697670459747,0.9910714030265808,0.5512409806251526
YBR114W,YPR042C,0,-1.0993724,0.15350337326526642,0.9910714030265808,0.5513410568237305
YBR034C,YPL255W,0,-1.1002672,0.15347979962825775,0.9910714030265808,0.5514411330223083
YFR049W,YDR160W,0,-1.1008377,0.15345622599124908,0.9910714030265808,0.5515412092208862
YDR510W,YDR238C,0,-1.1015737,0.15343265235424042,0.9910714030265808,0.5516412854194641
YGL144C,YML094W,0,-1.1019285,0.15340909361839294,0.9910714030265808,0.5517414212226868
YAL053W,YER182W,0,-1.1020136,0.15338553488254547,0.9910714030265808,0.5518414974212646
YLL067C,YDR054C,0,-1.1021012,0.1533619910478592,0.9910714030265808,0.5519415736198425
YHL033C,YJL225C,0,-1.1024029,0.1533384472131729,0.9910714030265808,0.5520416498184204
YGL134W,YJL140W,0,-1.102428,0.15331491827964783,0.9910714030265808,0.5521417260169983
YNL190W,YPR030W,0,-1.1028013,0.15329138934612274,0.9910714030265808,0.5522418022155762
YLR099C,YHR168W,0,-1.1030167,0.15326787531375885,0.9910714030265808,0.552341878414154
YBR233W-A,YOL034W,0,-1.1042655,0.15324436128139496,0.9910714030265808,0.5524419546127319
YDR470C,YOL149W,0,-1.1044661,0.15322086215019226,0.9910714030265808,0.5525420308113098
YPL213W,YGL107C,0,-1.10587,0.15319736301898956,0.9910714030265808,0.5526421070098877
YHR035W,YPL087W,0,-1.1062754,0.15317387878894806,0.9910714030265808,0.5527421832084656
YMR184W,YMR079W,0,-1.1067947,0.15315039455890656,0.9910714030265808,0.5528422594070435
YER184C,YGL107C,0,-1.107569,0.15312691032886505,0.9910714030265808,0.5529423356056213
YAL053W,YDR317W,0,-1.1079402,0.15310344099998474,0.9910714030265808,0.5530424118041992
YCL058C,YBR114W,0,-1.1102132,0.15307998657226562,0.9910714030265808,0.5531424880027771
YBR253W,YDR063W,0,-1.1104896,0.1530565321445465,0.9910714030265808,0.5532426238059998
YGL174W,YGR024C,0,-1.1106284,0.1530330926179886,0.9910714030265808,0.5533427000045776
YLR265C,YJL046W,0,-1.1107246,0.15300965309143066,0.9910714030265808,0.5534427762031555
YDR194C,YNR074C,0,-1.1112282,0.15298621356487274,0.9910714030265808,0.5535428524017334
YCR060W,YPL120W,0,-1.111268,0.152962788939476,0.9910714030265808,0.5536429286003113
YMR039C,YLR148W,0,-1.1123527,0.15293937921524048,0.9910714030265808,0.5537430047988892
YMR131C,YJL221C,0,-1.1127517,0.15291596949100494,0.9910714030265808,0.553843080997467
YMR265C,YBR251W,0,-1.1132363,0.1528925597667694,0.9910714030265808,0.5539431571960449
YMR131C,YPL179W,0,-1.1139591,0.15286916494369507,0.9910714030265808,0.5540432333946228
YOR152C,YCR044C,0,-1.1142274,0.15284577012062073,0.9910714030265808,0.5541433095932007
YJR041C,YDR236C,0,-1.114994,0.15282239019870758,0.9910714030265808,0.5542433857917786
YPL283C,YDR225W,0,-1.1162021,0.15279902517795563,0.9910714030265808,0.5543434619903564
YGR239C,YJL194W,0,-1.1165427,0.15277566015720367,0.9910714030265808,0.5544435381889343
YKR014C,YNL221C,0,-1.1175497,0.15275229513645172,0.9910714030265808,0.5545436143875122
YOR320C,YER114C,0,-1.1182821,0.15272894501686096,0.9910714030265808,0.5546436905860901
YPL264C,YGL223C,0,-1.1183541,0.1527055948972702,0.9910714030265808,0.554743766784668
YPR047W,YMR233W,0,-1.1207434,0.15268225967884064,0.9910714030265808,0.5548439025878906
YJL096W,YGL263W,0,-1.120934,0.15265892446041107,0.9910714030265808,0.5549439787864685
YLR178C,YGR074W,0,-1.1212711,0.1526356041431427,0.9910714030265808,0.5550440549850464
YNL190W,YMR203W,0,-1.1215191,0.15261228382587433,0.9910714030265808,0.5551441311836243
YDL140C,YPR108W,0,-1.1217499,0.15258897840976715,0.9910714030265808,0.5552442073822021
YNR043W,YDR519W,0,-1.1220962,0.15256567299365997,0.9910714030265808,0.55534428358078
YMR088C,YML007W,0,-1.1223294,0.1525423675775528,0.9910714030265808,0.5554443597793579
YLR241W,YML011C,0,-1.1223853,0.1525190770626068,0.9910714030265808,0.5555444359779358
YNR076W,YHR066W,0,-1.1224006,0.15249580144882202,0.9910714030265808,0.5556445121765137
YDR200C,YJL058C,0,-1.1224704,0.15247252583503723,0.9910714030265808,0.5557445883750916
YFR038W,YBR108W,0,-1.1226538,0.15244926512241364,0.9910714030265808,0.5558446645736694
YDR123C,YFL013C,0,-1.1232891,0.15242600440979004,0.9910714030265808,0.5559447407722473
YJR013W,YPL003W,0,-1.1244354,0.15240274369716644,0.9910714030265808,0.5560448169708252
YBL058W,YIL044C,0,-1.1253424,0.15237949788570404,0.9910714030265808,0.5561448931694031
YGR250C,YGR125W,0,-1.1255438,0.15235626697540283,0.9910714030265808,0.556244969367981
YML115C,YDR486C,0,-1.1264067,0.15233302116394043,0.9910714030265808,0.5563451051712036
YDR194C,YPL042C,0,-1.1265144,0.15230980515480042,0.9910714030265808,0.5564451813697815
YDR482C,YJR001W,0,-1.1266291,0.1522865891456604,0.9910714030265808,0.5565452575683594
YOL038W,YMR005W,0,-1.1269046,0.15226337313652039,0.9910714030265808,0.5566453337669373
YLR369W,YML011C,0,-1.1271719,0.15224017202854156,0.9910714030265808,0.5567454099655151
YJL038C,YLL055W,0,-1.1273133,0.15221697092056274,0.9910714030265808,0.556845486164093
YOL032W,YNR028W,0,-1.1279417,0.15219378471374512,0.9910714030265808,0.5569455623626709
YLR453C,YBL076C,0,-1.1279778,0.1521705985069275,0.9910714030265808,0.5570456385612488
YER184C,YMR059W,0,-1.1280553,0.15214742720127106,0.9910714030265808,0.5571457147598267
YJR112W,YAL021C,0,-1.12835,0.15212425589561462,0.9910714030265808,0.5572457909584045
YGL026C,YLR193C,0,-1.1284913,0.15210109949111938,0.9910714030265808,0.5573458671569824
YLR168C,YNL138W-A,0,-1.1285377,0.15207794308662415,0.9910714030265808,0.5574459433555603
YKL143W,YDL017W,0,-1.1291533,0.1520548015832901,0.9910714030265808,0.5575460195541382
YHR199C-A,YJL174W,0,-1.1296082,0.15203166007995605,0.9910714030265808,0.5576460957527161
YDR477W,YKL209C,0,-1.1307157,0.152008518576622,0.9910714030265808,0.557746171951294
YJL129C,YNL090W,0,-1.130799,0.15198539197444916,0.9910714030265808,0.5578462481498718
YPL013C,YPR193C,0,-1.1314203,0.1519622802734375,0.9910714030265808,0.5579463839530945
YGR194C,YNL295W,0,-1.1316686,0.15193916857242584,0.9910714030265808,0.5580464601516724
YDL069C,YML112W,0,-1.1323361,0.15191605687141418,0.9910714030265808,0.5581465363502502
YDR545W,YLR033W,0,-1.132446,0.15189296007156372,0.9910714030265808,0.5582466125488281
YHR046C,YOR216C,0,-1.1328585,0.15186986327171326,0.9910714030265808,0.558346688747406
YHR175W,YLR039C,0,-1.1331812,0.151846781373024,0.9910714030265808,0.5584467649459839
YFR019W,YGR043C,0,-1.1331886,0.1518237143754959,0.9910714030265808,0.5585468411445618
YKL061W,YPL265W,0,-1.1340475,0.15180063247680664,0.9910714030265808,0.5586469173431396
YBR069C,YPR045C,0,-1.134232,0.15177758038043976,0.9910714030265808,0.5587469935417175
YNL223W,YLR034C,0,-1.1352897,0.15175451338291168,0.9910714030265808,0.5588470697402954
YLR168C,YOL126C,0,-1.1354601,0.151731476187706,0.9910714030265808,0.5589471459388733
YDL013W,YJL003W,0,-1.1358714,0.1517084240913391,0.9910714030265808,0.5590472221374512
YDR282C,YLR188W,0,-1.1368098,0.15168538689613342,0.9910714030265808,0.559147298336029
YPR191W,YNR071C,0,-1.1371595,0.15166236460208893,0.9910714030265808,0.5592473745346069
YBL011W,YOR171C,0,-1.1385303,0.15163934230804443,0.9910714030265808,0.5593474507331848
YGR098C,YGR175C,0,-1.1388718,0.15161633491516113,0.9910714030265808,0.5594475865364075
YPL040C,YKL171W,0,-1.138976,0.15159332752227783,0.9910714030265808,0.5595476627349854
YAL043C,YDR155C,0,-1.139355,0.15157032012939453,0.9910714030265808,0.5596477389335632
YBR073W,YIR005W,0,-1.1395891,0.15154732763767242,0.9910714030265808,0.5597478151321411
YOR152C,YDR123C,0,-1.1399307,0.1515243500471115,0.9910714030265808,0.559847891330719
YPR133C,YPL111W,0,-1.140095,0.1515013575553894,0.9910714030265808,0.5599479675292969
YJL046W,YHR074W,0,-1.1401571,0.15147839486598969,0.9910714030265808,0.5600480437278748
YKL124W,YIL066C,0,-1.1402042,0.15145543217658997,0.9910714030265808,0.5601481199264526
YOR058C,YGL157W,0,-1.1412063,0.15143246948719025,0.9910714030265808,0.5602481961250305
YBR058C,YGR063C,0,-1.1420078,0.15140952169895172,0.9910714030265808,0.5603482723236084
YNL113W,YHR150W,0,-1.142134,0.1513865739107132,0.9910714030265808,0.5604483485221863
YGL179C,YHR196W,0,-1.1422474,0.15136364102363586,0.9910714030265808,0.5605484247207642
YMR113W,YPL219W,0,-1.1426759,0.15134070813655853,0.9910714030265808,0.560648500919342
YKL020C,YMR042W,0,-1.1429628,0.1513177752494812,0.9910714030265808,0.5607485771179199
YMR269W,YPL213W,0,-1.1429777,0.15129487216472626,0.9910714030265808,0.5608486533164978
YPL191C,YDL103C,0,-1.1431657,0.15127195417881012,0.9910714030265808,0.5609487295150757
YDR017C,YMR087W,0,-1.143457,0.15124905109405518,0.9910714030265808,0.5610488653182983
YFR019W,YCR071C,0,-1.1435529,0.15122616291046143,0.9910714030265808,0.5611489415168762
YDL093W,YGR163W,0,-1.1436625,0.15120327472686768,0.9910714030265808,0.5612490177154541
YFL013C,YCL032W,0,-1.1437879,0.15118038654327393,0.9910714030265808,0.561349093914032
YDR486C,YLR361C,0,-1.1439012,0.15115751326084137,0.9910714030265808,0.5614491701126099
YEL012W,YNL126W,0,-1.1439207,0.1511346399784088,0.9910714030265808,0.5615492463111877
YDL194W,YLR102C,0,-1.1443977,0.15111178159713745,0.9910714030265808,0.5616493225097656
YMR088C,YHR066W,0,-1.1449819,0.1510889232158661,0.9910714030265808,0.5617493987083435
YHR064C,YPR168W,0,-1.145546,0.15106607973575592,0.9910714030265808,0.5618494749069214
YEL017C-A,YCR079W,0,-1.145635,0.15104323625564575,0.9910714030265808,0.5619495511054993
YDL099W,YKL209C,0,-1.1457893,0.15102040767669678,0.9910714030265808,0.5620496273040771
YDR205W,YJR101W,0,-1.1462141,0.1509975790977478,0.9910714030265808,0.562149703502655
YPR156C,YOL038W,0,-1.1465404,0.15097476541996002,0.9910714030265808,0.5622497797012329
YNR076W,YOL090W,0,-1.1467716,0.15095195174217224,0.9910714030265808,0.5623498558998108
YMR001C,YOL103W,0,-1.1468959,0.15092913806438446,0.9910714030265808,0.5624499320983887
YPL162C,YOL026C,0,-1.147203,0.15090633928775787,0.9910714030265808,0.5625500679016113
YNR028W,YGR016W,0,-1.1473968,0.15088355541229248,0.9910714030265808,0.5626501441001892
YER173W,YMR226C,0,-1.1474011,0.1508607715368271,0.9910714030265808,0.5627502202987671
YGR110W,YLR147C,0,-1.1474326,0.1508379876613617,0.9910714030265808,0.562850296497345
YMR112C,YLR057W,0,-1.1477681,0.1508152186870575,0.9910714030265808,0.5629503726959229
YMR227C,YGR276C,0,-1.1477884,0.1507924497127533,0.9910714030265808,0.5630504488945007
YMR088C,YNL194C,0,-1.148472,0.1507696956396103,0.9910714030265808,0.5631505250930786
YGL134W,YER117W,0,-1.1491904,0.15074694156646729,0.9910714030265808,0.5632506012916565
YMR128W,YMR059W,0,-1.149497,0.15072420239448547,0.9910714030265808,0.5633506774902344
YKL141W,YOL020W,0,-1.1498371,0.15070146322250366,0.9910714030265808,0.5634507536888123
YOR142W,YPL011C,0,-1.1499755,0.15067873895168304,0.9910714030265808,0.5635508298873901
YDR119W,YER024W,0,-1.1501117,0.15065601468086243,0.9910714030265808,0.563650906085968
YJL076W,YDR315C,0,-1.1513708,0.1506332904100418,0.9910714030265808,0.5637509822845459
YPR109W,YLR403W,0,-1.151583,0.15061058104038239,0.9910714030265808,0.5638510584831238
YJL094C,YML007W,0,-1.1519306,0.15058788657188416,0.9910714030265808,0.5639511346817017
YDL236W,YJL146W,0,-1.1520823,0.15056517720222473,0.9910714030265808,0.5640512704849243
YPL270W,YGL246C,0,-1.1526146,0.1505424976348877,0.9910714030265808,0.5641513466835022
YDR540C,YPL012W,0,-1.1526628,0.15051981806755066,0.9910714030265808,0.5642514228820801
YER021W,YMR202W,0,-1.1526991,0.15049713850021362,0.9910714030265808,0.564351499080658
YML095C,YOL006C,0,-1.1539531,0.15047447383403778,0.9910714030265808,0.5644515752792358
YHR042W,YNL196C,0,-1.1546152,0.15045180916786194,0.9910714030265808,0.5645516514778137
YHL027W,YNR074C,0,-1.1547844,0.1504291594028473,0.9910714030265808,0.5646517276763916
YHR035W,YLR442C,0,-1.1550313,0.15040650963783264,0.9910714030265808,0.5647518038749695
YMR156C,YIL171W,0,-1.1557369,0.150383859872818,0.9910714030265808,0.5648518800735474
YHR035W,YKR034W,0,-1.1566463,0.15036122500896454,0.9910714030265808,0.5649519562721252
YCL037C,YOL013C,0,-1.1572248,0.15033860504627228,0.9910714030265808,0.5650520324707031
YCR034W,YHL018W,0,-1.1574125,0.15031598508358002,0.9910714030265808,0.565152108669281
YGL246C,YOR394W,0,-1.1576204,0.15029336512088776,0.9910714030265808,0.5652521848678589
YIL049W,YLR440C,0,-1.157953,0.1502707600593567,0.9910714030265808,0.5653522610664368
YOR017W,YNL102W,0,-1.1581454,0.15024815499782562,0.9910714030265808,0.5654523372650146
YKR025W,YDR214W,0,-1.1581544,0.15022556483745575,0.9910714030265808,0.5655524134635925
YGR239C,YML050W,0,-1.1583979,0.15020297467708588,0.9910714030265808,0.5656525492668152
YNL223W,YGL253W,0,-1.1587349,0.1501803994178772,0.9910714030265808,0.5657526254653931
YDR166C,YGL228W,0,-1.158826,0.15015782415866852,0.9910714030265808,0.565852701663971
YHR035W,YDL069C,0,-1.1594028,0.15013526380062103,0.9910714030265808,0.5659527778625488
YDL165W,YNL221C,0,-1.1599292,0.15011270344257355,0.9910714030265808,0.5660528540611267
YDR056C,YNL295W,0,-1.1600046,0.15009014308452606,0.9910714030265808,0.5661529302597046
YDR017C,YOR273C,0,-1.1619287,0.15006759762763977,0.9910714030265808,0.5662530064582825
YOL135C,YKR023W,0,-1.1619359,0.15004505217075348,0.9910714030265808,0.5663530826568604
YBR175W,YDR212W,0,-1.1619513,0.15002252161502838,0.9910714030265808,0.5664531588554382
YMR156C,YKL160W,0,-1.1621487,0.15000000596046448,0.9910714030265808,0.5665532350540161
YGR187C,YDL017W,0,-1.1625574,0.14997747540473938,0.9910714030265808,0.566653311252594
YDL179W,YER153C,0,-1.1633041,0.14995497465133667,0.9910714030265808,0.5667533874511719
YKL164C,YGL107C,0,-1.1634907,0.14993245899677277,0.9910714030265808,0.5668534636497498
YHR042W,YGL236C,0,-1.16416,0.14990995824337006,0.9910714030265808,0.5669535398483276
YBR069C,YLR186W,0,-1.1644121,0.14988747239112854,0.9910714030265808,0.5670536160469055
YMR001C,YNL056W,0,-1.1644211,0.14986498653888702,0.9910714030265808,0.5671537518501282
YPL161C,YDL220C,0,-1.164962,0.1498425006866455,0.9910714030265808,0.567253828048706
YDR513W,YDR266C,0,-1.1652956,0.14982002973556519,0.9910714030265808,0.5673539042472839
YBL058W,YMR243C,0,-1.1661011,0.14979757368564606,0.9910714030265808,0.5674539804458618
YNR071C,YDR486C,0,-1.1664958,0.14977511763572693,0.9910714030265808,0.5675540566444397
YBL102W,YPR079W,0,-1.1666262,0.1497526615858078,0.9910714030265808,0.5676541328430176
YOR131C,YDR076W,0,-1.166791,0.14973022043704987,0.9910714030265808,0.5677542090415955
YMR276W,YER029C,0,-1.1670375,0.14970777928829193,0.9910714030265808,0.5678542852401733
YMR139W,YLR193C,0,-1.1672248,0.1496853530406952,0.9910714030265808,0.5679543614387512
YDR524C,YDL138W,0,-1.1673243,0.14966292679309845,0.9910714030265808,0.5680544376373291
YCL011C,YDL199C,0,-1.1674494,0.1496405005455017,0.9910714030265808,0.568154513835907
YNL281W,YDR031W,0,-1.1680609,0.14961808919906616,0.9910714030265808,0.5682545900344849
YDR017C,YAL042W,0,-1.1681783,0.1495956927537918,0.9910714030265808,0.5683546662330627
YOR044W,YGR136W,0,-1.1684883,0.14957329630851746,0.9910714030265808,0.5684547424316406
YBL067C,YKL018W,0,-1.1689956,0.1495508998632431,0.9910714030265808,0.5685548186302185
YHR076W,YJR112W,0,-1.1691327,0.14952851831912994,0.9910714030265808,0.5686548948287964
YHL027W,YDR082W,0,-1.1694176,0.14950613677501678,0.9910714030265808,0.568755030632019
YHR086W,YCR087C-A,0,-1.1695774,0.14948377013206482,0.9910714030265808,0.5688551068305969
YOR026W,YDR091C,0,-1.1699023,0.14946140348911285,0.9910714030265808,0.5689551830291748
YKR061W,YCL045C,0,-1.1702371,0.1494390368461609,0.9910714030265808,0.5690552592277527
YJR150C,YLR271W,0,-1.1703584,0.14941668510437012,0.9910714030265808,0.5691553354263306
YDR289C,YLR026C,0,-1.1704934,0.14939434826374054,0.9910714030265808,0.5692554116249084
YPR192W,YKL141W,0,-1.1709598,0.14937201142311096,0.9910714030265808,0.5693554878234863
YKL057C,YIL144W,0,-1.1715002,0.14934967458248138,0.9910714030265808,0.5694555640220642
YDR350C,YNL055C,0,-1.1721268,0.149327352643013,0.9910714030265808,0.5695556402206421
YBR235W,YBR266C,0,-1.1724305,0.14930503070354462,0.9910714030265808,0.56965571641922
YGL022W,YER155C,0,-1.1725328,0.14928272366523743,0.9910714030265808,0.5697557926177979
YDR524C,YML015C,0,-1.1726094,0.14926041662693024,0.9910714030265808,0.5698558688163757
YIL113W,YDL132W,0,-1.1727191,0.14923812448978424,0.9910714030265808,0.5699559450149536
YJL146W,YBL005W-A,0,-1.1731687,0.14921583235263824,0.9910714030265808,0.5700560212135315
YML094W,YIL107C,0,-1.1755543,0.14919355511665344,0.9910714030265808,0.5701560974121094
YER165W,YHR074W,0,-1.1757143,0.14917127788066864,0.9910714030265808,0.570256233215332
YMR208W,YPL259C,0,-1.175984,0.14914900064468384,0.9910714030265808,0.5703563094139099
YAL021C,YKL220C,0,-1.1764178,0.14912673830986023,0.9910714030265808,0.5704563856124878
YDL215C,YMR247C,0,-1.1765866,0.14910447597503662,0.9910714030265808,0.5705564618110657
YLR403W,YJL225C,0,-1.176949,0.1490822285413742,0.9910714030265808,0.5706565380096436
YDR311W,YDR071C,0,-1.1777095,0.1490599811077118,0.9910714030265808,0.5707566142082214
YNL279W,YLR378C,0,-1.1781132,0.14903774857521057,0.9910714030265808,0.5708566904067993
YCR077C,YDR033W,0,-1.1781237,0.14901551604270935,0.9910714030265808,0.5709567666053772
YDR450W,YNR008W,0,-1.1786385,0.14899328351020813,0.9910714030265808,0.5710568428039551
YPL116W,YBR108W,0,-1.1800977,0.1489710658788681,0.9910714030265808,0.571156919002533
YNL295W,YJR013W,0,-1.1808901,0.14894886314868927,0.9910714030265808,0.5712569952011108
YGR271W,YPR006C,0,-1.1809576,0.14892666041851044,0.9910714030265808,0.5713570713996887
YDR460W,YKL008C,0,-1.1812453,0.1489044576883316,0.9910714030265808,0.5714571475982666
YIL113W,YDR158W,0,-1.1814556,0.14888226985931396,0.9910714030265808,0.5715572237968445
YJL047C,YER146W,0,-1.1816093,0.14886008203029633,0.9910714030265808,0.5716572999954224
YHR042W,YHR178W,0,-1.1817269,0.14883790910243988,0.9910714030265808,0.5717573761940002
YMR079W,YEL011W,0,-1.1818082,0.14881573617458344,0.9910714030265808,0.5718575119972229
YPL082C,YJR065C,0,-1.1823053,0.148793563246727,0.9910714030265808,0.5719575881958008
YHR005C,YLR227C,0,-1.1828198,0.14877140522003174,0.9910714030265808,0.5720576643943787
YMR039C,YNL290W,0,-1.1830084,0.14874926209449768,0.9910714030265808,0.5721577405929565
YER010C,YPL213W,0,-1.18345,0.14872710406780243,0.9910714030265808,0.5722578167915344
YER058W,YGL186C,0,-1.1836423,0.14870497584342957,0.9910714030265808,0.5723578929901123
YGR138C,YLR068W,0,-1.1837602,0.1486828327178955,0.9910714030265808,0.5724579691886902
YGR086C,YGL181W,0,-1.1843989,0.14866071939468384,0.9910714030265808,0.5725580453872681
YFR042W,YJL145W,0,-1.1849799,0.14863859117031097,0.9910714030265808,0.572658121585846
YGL083W,YKL034W,0,-1.18502,0.1486164778470993,0.9910714030265808,0.5727581977844238
YGR230W,YNL090W,0,-1.1851139,0.14859437942504883,0.9910714030265808,0.5728582739830017
YJL140W,YMR265C,0,-1.1854622,0.14857228100299835,0.9910714030265808,0.5729583501815796
YOL159C,YER100W,0,-1.1858668,0.14855018258094788,0.9910714030265808,0.5730584263801575
YDL072C,YKR023W,0,-1.1863176,0.1485280990600586,0.9910714030265808,0.5731585025787354
YER058W,YLR411W,0,-1.1864684,0.1485060155391693,0.9910714030265808,0.5732585787773132
YBL071W-A,YOR156C,0,-1.1867225,0.14848394691944122,0.9910714030265808,0.5733587145805359
YDL119C,YMR212C,0,-1.1867708,0.14846187829971313,0.9910714030265808,0.5734587907791138
YDR295C,YGL107C,0,-1.1869612,0.14843982458114624,0.9910714030265808,0.5735588669776917
YEL032W,YLR299W,0,-1.1869711,0.14841777086257935,0.9910714030265808,0.5736589431762695
YPR045C,YLR039C,0,-1.1871488,0.14839571714401245,0.9910714030265808,0.5737590193748474
YPL174C,YOR372C,0,-1.1876266,0.14837367832660675,0.9910714030265808,0.5738590955734253
YKL035W,YBR105C,0,-1.1877432,0.14835165441036224,0.9910714030265808,0.5739591717720032
YGR276C,YNL265C,0,-1.1878775,0.14832961559295654,0.9910714030265808,0.574059247970581
YLR035C,YLR293C,0,-1.1881709,0.14830760657787323,0.9910714030265808,0.5741593241691589
YOR381W,YJR112W,0,-1.1886201,0.14828558266162872,0.9910714030265808,0.5742594003677368
YPL161C,YOR393W,0,-1.1894451,0.1482635736465454,0.9910714030265808,0.5743594765663147
YBL051C,YBR198C,0,-1.1897504,0.1482415795326233,0.9910714030265808,0.5744595527648926
YJL058C,YBR283C,0,-1.1907268,0.14821958541870117,0.9910714030265808,0.5745596289634705
YNR045W,YPR032W,0,-1.1909451,0.14819759130477905,0.9910714030265808,0.5746597051620483
YBR294W,YLR384C,0,-1.1912074,0.14817561209201813,0.9910714030265808,0.5747597813606262
YKR025W,YPL270W,0,-1.1918225,0.1481536477804184,0.9910714030265808,0.5748599171638489
YLR256W,YGR136W,0,-1.1936859,0.14813166856765747,0.9910714030265808,0.5749599933624268
YOR159C,YPL219W,0,-1.1938014,0.14810970425605774,0.9910714030265808,0.5750600695610046
YMR058W,YCR009C,0,-1.1938127,0.1480877548456192,0.9910714030265808,0.5751601457595825
YOR237W,YBR105C,0,-1.1955813,0.14806580543518066,0.9910714030265808,0.5752602219581604
YMR251W-A,YBR136W,0,-1.1957352,0.14804387092590332,0.9910714030265808,0.5753602981567383
YML028W,YOR156C,0,-1.1958814,0.14802193641662598,0.9910714030265808,0.5754603743553162
YMR113W,YGL225W,0,-1.1963809,0.14800000190734863,0.9910714030265808,0.575560450553894
YOR262W,YDL159W,0,-1.196626,0.14797808229923248,0.9910714030265808,0.5756605267524719
YNL152W,YKR054C,0,-1.197731,0.14795616269111633,0.9910714030265808,0.5757606029510498
YER019W,YDR315C,0,-1.1979194,0.14793425798416138,0.9910714030265808,0.5758606791496277
YKL150W,YJL130C,0,-1.198328,0.14791235327720642,0.9910714030265808,0.5759607553482056
YKR014C,YDR076W,0,-1.1983724,0.14789044857025146,0.9910714030265808,0.5760608315467834
YOL020W,YPL213W,0,-1.1993694,0.1478685587644577,0.9910714030265808,0.5761609077453613
YLR057W,YBR105C,0,-1.200042,0.14784668385982513,0.9910714030265808,0.5762609839439392
YMR046C,YNR026C,0,-1.200188,0.14782479405403137,0.9910714030265808,0.5763610601425171
YBR276C,YMR153W,0,-1.2005413,0.14780293405056,0.9910714030265808,0.5764611959457397
YML118W,YML004C,0,-1.2011834,0.14778105914592743,0.9910714030265808,0.5765612721443176
YOR035C,YCR034W,0,-1.2013627,0.14775921404361725,0.9910714030265808,0.5766613483428955
YML065W,YJL160C,0,-1.2014294,0.14773735404014587,0.9910714030265808,0.5767614245414734
YOL156W,YOR237W,0,-1.2017221,0.1477155089378357,0.9910714030265808,0.5768615007400513
YNL005C,YDR387C,0,-1.2018206,0.1476936787366867,0.9910714030265808,0.5769615769386292
YPL013C,YAR014C,0,-1.2031662,0.14767183363437653,0.9910714030265808,0.577061653137207
YMR020W,YJL056C,0,-1.2031952,0.14765001833438873,0.9910714030265808,0.5771617293357849
YER173W,YCR068W,0,-1.2035999,0.14762820303440094,0.9910714030265808,0.5772618055343628
YGL114W,YDR031W,0,-1.2053143,0.14760638773441315,0.9910714030265808,0.5773618817329407
YGR041W,YJL055W,0,-1.2055075,0.14758457243442535,0.9910714030265808,0.5774619579315186
YLR201C,YML052W,0,-1.2056923,0.14756277203559875,0.9910714030265808,0.5775620341300964
YDL098C,YKL002W,0,-1.2057445,0.14754098653793335,0.9910714030265808,0.5776621103286743
YDR414C,YPL099C,0,-1.2066042,0.14751920104026794,0.9910714030265808,0.5777621865272522
YPL053C,YGR243W,0,-1.2067894,0.14749741554260254,0.9910714030265808,0.5778622627258301
YHR111W,YGR185C,0,-1.2069334,0.14747564494609833,0.9910714030265808,0.5779623985290527
YJR041C,YGR043C,0,-1.2070577,0.14745387434959412,0.9910714030265808,0.5780624747276306
YHR086W,YIL002C,0,-1.2072022,0.1474321186542511,0.9910714030265808,0.5781625509262085
YJR112W,YNL070W,0,-1.2072937,0.14741036295890808,0.9910714030265808,0.5782626271247864
YHL012W,YGR066C,0,-1.207308,0.14738860726356506,0.9910714030265808,0.5783627033233643
YMR225C,YOR372C,0,-1.2075481,0.14736686646938324,0.9910714030265808,0.5784627795219421
YBR253W,YDL098C,0,-1.2076559,0.14734512567520142,0.9910714030265808,0.57856285572052
YER032W,YKL096W,0,-1.2078176,0.1473233997821808,0.9910714030265808,0.5786629319190979
YNR074C,YLR216C,0,-1.207927,0.14730167388916016,0.9910714030265808,0.5787630081176758
YGL039W,YNL128W,0,-1.2080711,0.14727996289730072,0.9910714030265808,0.5788630843162537
YLR409C,YKR104W,0,-1.2081571,0.14725825190544128,0.9910714030265808,0.5789631605148315
YDL122W,YHR209W,0,-1.2086694,0.14723655581474304,0.9910714030265808,0.5790632367134094
YKL209C,YOR094W,0,-1.2088643,0.1472148597240448,0.9910714030265808,0.5791633129119873
YLR079W,YDR028C,0,-1.2090496,0.14719316363334656,0.9910714030265808,0.5792633891105652
YDR418W,YDR033W,0,-1.2096635,0.1471714824438095,0.9910714030265808,0.5793634653091431
YCR096C,YBR017C,0,-1.2098234,0.14714980125427246,0.9910714030265808,0.579463541507721
YCR009C,YKR048C,0,-1.2099199,0.1471281349658966,0.9910714030265808,0.5795636773109436
YGL245W,YBR018C,0,-1.2102859,0.14710646867752075,0.9910714030265808,0.5796637535095215
YPR032W,YMR020W,0,-1.2104723,0.1470848023891449,0.9910714030265808,0.5797638297080994
YGL043W,YLR345W,0,-1.2105036,0.14706315100193024,0.9910714030265808,0.5798639059066772
YGL049C,YOL002C,0,-1.2105658,0.14704151451587677,0.9910714030265808,0.5799639821052551
YLR298C,YJR041C,0,-1.2112771,0.1470198631286621,0.9910714030265808,0.580064058303833
YCR009C,YJR149W,0,-1.2114879,0.14699824154376984,0.9910714030265808,0.5801641345024109
YKL061W,YNR028W,0,-1.2119257,0.14697660505771637,0.9910714030265808,0.5802642107009888
YJR007W,YJL146W,0,-1.2119385,0.1469549834728241,0.9910714030265808,0.5803642868995667
YPL189W,YLR057W,0,-1.2120941,0.14693337678909302,0.9910714030265808,0.5804643630981445
YBR240C,YLR033W,0,-1.2122141,0.14691177010536194,0.9910714030265808,0.5805644392967224
YBR058C,YER087W,0,-1.2124734,0.14689016342163086,0.9910714030265808,0.5806645154953003
YDR460W,YNL136W,0,-1.2131964,0.14686857163906097,0.9910714030265808,0.5807645916938782
YGR014W,YMR212C,0,-1.2135851,0.1468469798564911,0.9910714030265808,0.580864667892456
YMR001C,YGR109C,0,-1.2139369,0.1468254029750824,0.9910714030265808,0.5809647440910339
YIL002C,YMR225C,0,-1.2144604,0.1468038260936737,0.9910714030265808,0.5810648798942566
YOR145C,YLR399C,0,-1.2145476,0.14678224921226501,0.9910714030265808,0.5811649560928345
YCR034W,YKR029C,0,-1.2146657,0.14676068723201752,0.9910714030265808,0.5812650322914124
YDL116W,YER184C,0,-1.2148278,0.14673912525177002,0.9910714030265808,0.5813651084899902
YBR180W,YDR082W,0,-1.215425,0.14671757817268372,0.9910714030265808,0.5814651846885681
YFR019W,YHR155W,0,-1.2154423,0.1466960310935974,0.9910714030265808,0.581565260887146
YHL031C,YCL003W,0,-1.2155931,0.1466744989156723,0.9910714030265808,0.5816653370857239
YKR054C,YDR217C,0,-1.2156458,0.1466529667377472,0.9910714030265808,0.5817654132843018
YMR266W,YIR036C,0,-1.215755,0.14663143455982208,0.9910714030265808,0.5818654894828796
YEL063C,YGR063C,0,-1.216087,0.14660991728305817,0.9910714030265808,0.5819655656814575
YMR323W,YGR199W,0,-1.2164152,0.14658841490745544,0.9910714030265808,0.5820656418800354
YPR109W,YBL034C,0,-1.2166514,0.14656689763069153,0.9910714030265808,0.5821657180786133
YOR058C,YBR220C,0,-1.2175545,0.1465453952550888,0.9910714030265808,0.5822657942771912
YOR104W,YFL013C,0,-1.2176466,0.14652390778064728,0.9910714030265808,0.582365870475769
YHR150W,YGL253W,0,-1.217729,0.14650242030620575,0.9910714030265808,0.5824659466743469
YLL052C,YNL265C,0,-1.2182722,0.14648093283176422,0.9910714030265808,0.5825660824775696
YFR049W,YBR240C,0,-1.2184699,0.1464594602584839,0.9910714030265808,0.5826661586761475
YCR005C,YPL127C,0,-1.2185849,0.14643798768520355,0.9910714030265808,0.5827662348747253
YGR187C,YPR175W,0,-1.2190204,0.1464165300130844,0.9910714030265808,0.5828663110733032
YOR157C,YPL259C,0,-1.2196215,0.14639507234096527,0.9910714030265808,0.5829663872718811
YML038C,YDR400W,0,-1.2198703,0.14637362957000732,0.9910714030265808,0.583066463470459
YOR159C,YGR125W,0,-1.219923,0.14635218679904938,0.9910714030265808,0.5831665396690369
YDR352W,YML068W,0,-1.2200272,0.14633074402809143,0.9910714030265808,0.5832666158676147
YGL236C,YJL140W,0,-1.2201409,0.14630931615829468,0.9910714030265808,0.5833666920661926
YDR031W,YLR256W,0,-1.2202227,0.14628788828849792,0.9910714030265808,0.5834667682647705
YKL114C,YNL221C,0,-1.2204962,0.14626647531986237,0.9910714030265808,0.5835668444633484
YDR510W,YGR189C,0,-1.2215782,0.1462450623512268,0.9910714030265808,0.5836669206619263
YOR023C,YMR294W,0,-1.2217578,0.14622364938259125,0.9910714030265808,0.5837669968605042
YOR104W,YDR348C,0,-1.221797,0.14620225131511688,0.9910714030265808,0.583867073059082
YPL152W,YOR394W,0,-1.2220134,0.14618085324764252,0.9910714030265808,0.5839671492576599
YLR052W,YCL018W,0,-1.2222226,0.14615947008132935,0.9910714030265808,0.5840672254562378
YOR313C,YPR061C,0,-1.2231143,0.14613808691501617,0.9910714030265808,0.5841673612594604
YOR104W,YMR128W,0,-1.223215,0.1461167186498642,0.9910714030265808,0.5842674374580383
YGL038C,YLR328W,0,-1.224303,0.14609535038471222,0.9910714030265808,0.5843675136566162
YLR250W,YDR303C,0,-1.2247522,0.14607398211956024,0.9910714030265808,0.5844675898551941
YOR044W,YHL031C,0,-1.2250496,0.14605262875556946,0.9910714030265808,0.584567666053772
YKR091W,YDR236C,0,-1.2255309,0.14603127539157867,0.9910714030265808,0.5846677422523499
YHR147C,YER155C,0,-1.2261276,0.14600993692874908,0.9910714030265808,0.5847678184509277
YLL003W,YGR276C,0,-1.2262818,0.1459885984659195,0.9910714030265808,0.5848678946495056
YDR405W,YJR013W,0,-1.2267535,0.1459672749042511,0.9910714030265808,0.5849679708480835
YDR194C,YNL309W,0,-1.2268434,0.1459459513425827,0.9910714030265808,0.5850680470466614
YKL029C,YCR009C,0,-1.2271895,0.1459246277809143,0.9910714030265808,0.5851681232452393
YER046W,YNL315C,0,-1.2276658,0.1459033191204071,0.9910714030265808,0.5852681994438171
YDL150W,YPR003C,0,-1.2281643,0.1458820104598999,0.9910714030265808,0.585368275642395
YMR002W,YBR020W,0,-1.2288156,0.1458607167005539,0.9910714030265808,0.5854683518409729
YLR314C,YLR168C,0,-1.2288527,0.14583942294120789,0.9910714030265808,0.5855684280395508
YLR298C,YJL130C,0,-1.2299223,0.14581812918186188,0.9910714030265808,0.5856685638427734
YJL037W,YGR175C,0,-1.2299798,0.14579685032367706,0.9910714030265808,0.5857686400413513
YGR238C,YNR057C,0,-1.2301219,0.14577557146549225,0.9910714030265808,0.5858687162399292
YDL117W,YDR511W,0,-1.2301252,0.14575430750846863,0.9910714030265808,0.5859687924385071
YHR005C,YBL105C,0,-1.2303363,0.145733043551445,0.9910714030265808,0.586068868637085
YPL273W,YOR306C,0,-1.230759,0.1457117795944214,0.9910714030265808,0.5861689448356628
YIL005W,YDR354W,0,-1.2309808,0.14569053053855896,0.9910714030265808,0.5862690210342407
YDL236W,YJR112W,0,-1.2314388,0.14566929638385773,0.9910714030265808,0.5863690972328186
YNL146W,YOL135C,0,-1.2319734,0.1456480473279953,0.9910714030265808,0.5864691734313965
YDR463W,YJL116C,0,-1.232009,0.14562682807445526,0.9910714030265808,0.5865692496299744
YDL017W,YDR266C,0,-1.2324873,0.14560559391975403,0.9910714030265808,0.5866693258285522
YML062C,YER058W,0,-1.232624,0.145584374666214,0.9910714030265808,0.5867694020271301
YMR033W,YJL223C,0,-1.2329646,0.14556317031383514,0.9910714030265808,0.586869478225708
YDL236W,YKL151C,0,-1.2333975,0.1455419510602951,0.9910714030265808,0.5869695544242859
YGR074W,YIL062C,0,-1.234522,0.14552076160907745,0.9910714030265808,0.5870696306228638
YOR320C,YER029C,0,-1.2346021,0.1454995572566986,0.9910714030265808,0.5871697068214417
YAR033W,YNL177C,0,-1.2346423,0.14547836780548096,0.9910714030265808,0.5872698426246643
YDL099W,YPR023C,0,-1.2350204,0.1454571932554245,0.9910714030265808,0.5873699188232422
YOR017W,YJR110W,0,-1.2352511,0.14543601870536804,0.9910714030265808,0.5874699950218201
YDR295C,YNR071C,0,-1.2356737,0.14541484415531158,0.9910714030265808,0.587570071220398
YPR185W,YNL242W,0,-1.2356951,0.14539368450641632,0.9910714030265808,0.5876701474189758
YGR271C-A,YAR042W,0,-1.2362099,0.14537252485752106,0.9910714030265808,0.5877702236175537
YER010C,YMR087W,0,-1.2364094,0.145351380109787,0.9910714030265808,0.5878702998161316
YMR068W,YCR071C,0,-1.2364361,0.14533023536205292,0.9910714030265808,0.5879703760147095
YKR001C,YGR063C,0,-1.2365518,0.14530909061431885,0.9910714030265808,0.5880704522132874
YDL207W,YLR378C,0,-1.2366451,0.14528796076774597,0.9910714030265808,0.5881705284118652
YLR446W,YOL084W,0,-1.2368817,0.1452668309211731,0.9910714030265808,0.5882706046104431
YBR017C,YLL040C,0,-1.2374276,0.1452457159757614,0.9910714030265808,0.588370680809021
YMR186W,YMR237W,0,-1.2377188,0.14522460103034973,0.9910714030265808,0.5884707570075989
YDL128W,YJL046W,0,-1.2388594,0.14520348608493805,0.9910714030265808,0.5885708332061768
YOL087C,YDR354W,0,-1.239026,0.14518238604068756,0.9910714030265808,0.5886709094047546
YJL222W,YDR225W,0,-1.239352,0.14516128599643707,0.9910714030265808,0.5887710452079773
YLR398C,YFL041W,0,-1.2398633,0.14514020085334778,0.9910714030265808,0.5888711214065552
YEL063C,YKL096W,0,-1.2400551,0.14511911571025848,0.9910714030265808,0.5889711976051331
YOR148C,YOL026C,0,-1.2400882,0.14509804546833038,0.9910714030265808,0.5890712738037109
YBL051C,YBR175W,0,-1.240323,0.1450769603252411,0.9910714030265808,0.5891713500022888
YNL223W,YOR356W,0,-1.2409852,0.14505590498447418,0.9910714030265808,0.5892714262008667
YNL161W,YML036W,0,-1.2413282,0.14503484964370728,0.9910714030265808,0.5893715023994446
YER010C,YGR110W,0,-1.2420478,0.14501379430294037,0.9910714030265808,0.5894715785980225
YDR086C,YLR206W,0,-1.243042,0.14499273896217346,0.9910714030265808,0.5895716547966003
YLR403W,YPL081W,0,-1.2431958,0.14497169852256775,0.9910714030265808,0.5896717309951782
YER175C,YJL194W,0,-1.2432462,0.14495067298412323,0.9910714030265808,0.5897718071937561
YOL107W,YCR007C,0,-1.2443364,0.14492963254451752,0.9910714030265808,0.589871883392334
YOR233W,YOL135C,0,-1.2444881,0.1449086219072342,0.9910714030265808,0.5899719595909119
YML036W,YOL126C,0,-1.2445955,0.14488759636878967,0.9910714030265808,0.5900720357894897
YGR138C,YIL066C,0,-1.2453111,0.14486658573150635,0.9910714030265808,0.5901721119880676
YMR042W,YPL166W,0,-1.2458072,0.14484558999538422,0.9910714030265808,0.5902721881866455
YOL107W,YJL206C,0,-1.2458266,0.14482459425926208,0.9910714030265808,0.5903723239898682
YGR036C,YJL110C,0,-1.2466917,0.14480359852313995,0.9910714030265808,0.590472400188446
YIL049W,YLR244C,0,-1.2483511,0.14478260278701782,0.9910714030265808,0.5905724763870239
YOR320C,YDL067C,0,-1.2487793,0.14476162195205688,0.9910714030265808,0.5906725525856018
YPL174C,YOR044W,0,-1.2500905,0.14474065601825714,0.9910714030265808,0.5907726287841797
YBR084W,YPL232W,0,-1.2505041,0.1447196900844574,0.9910714030265808,0.5908727049827576
YOR123C,YDL105W,0,-1.2507383,0.14469872415065765,0.9910714030265808,0.5909727811813354
YER171W,YKL071W,0,-1.2509164,0.1446777731180191,0.9910714030265808,0.5910728573799133
YMR068W,YFR042W,0,-1.250977,0.14465682208538055,0.9910714030265808,0.5911729335784912
YDL165W,YPL259C,0,-1.2510476,0.144635871052742,0.9910714030265808,0.5912730097770691
YOL084W,YKR029C,0,-1.251105,0.14461493492126465,0.9910714030265808,0.591373085975647
YBR279W,YLR390W-A,0,-1.251631,0.1445940136909485,0.9910714030265808,0.5914731621742249
YJL140W,YPR045C,0,-1.2522869,0.14457307755947113,0.9910714030265808,0.5915732383728027
YPR192W,YNR040W,0,-1.2524037,0.14455215632915497,0.9910714030265808,0.5916733145713806
YCR017C,YLR336C,0,-1.2525005,0.14453125,0.9910714030265808,0.5917733907699585
YJL003W,YNL240C,0,-1.253879,0.14451034367084503,0.9910714030265808,0.5918735265731812
YPL264C,YJL148W,0,-1.2541527,0.14448943734169006,0.9910714030265808,0.591973602771759
YJR150C,YGR063C,0,-1.2541972,0.1444685459136963,0.9910714030265808,0.5920736789703369
YBR253W,YPL065W,0,-1.2555091,0.14444765448570251,0.9910714030265808,0.5921737551689148
YPR122W,YLR243W,0,-1.256433,0.14442677795886993,0.9910714030265808,0.5922738313674927
YBL063W,YBL005W-A,0,-1.2566867,0.14440590143203735,0.9910714030265808,0.5923739075660706
YJR121W,YAL013W,0,-1.259119,0.14438502490520477,0.9910714030265808,0.5924739837646484
YFL054C,YDR031W,0,-1.2596791,0.1443641632795334,0.9910714030265808,0.5925740599632263
YGL179C,YBL033C,0,-1.2598863,0.144343301653862,0.9910714030265808,0.5926741361618042
YOR198C,YGR250C,0,-1.2605327,0.1443224549293518,0.9910714030265808,0.5927742123603821
YOR276W,YBR073W,0,-1.2606266,0.1443016082048416,0.9910714030265808,0.59287428855896
YGR249W,YJL194W,0,-1.2613137,0.14428076148033142,0.9910714030265808,0.5929743647575378
YLR220W,YJR001W,0,-1.2617649,0.14425992965698242,0.9910714030265808,0.5930744409561157
YDL102W,YDL236W,0,-1.2618592,0.14423909783363342,0.9910714030265808,0.5931745171546936
YPR151C,YDR540C,0,-1.2620246,0.14421828091144562,0.9910714030265808,0.5932745933532715
YNL061W,YNR004W,0,-1.2620971,0.1441974639892578,0.9910714030265808,0.5933747291564941
YKL057C,YKL061W,0,-1.2635316,0.14417664706707,0.9910714030265808,0.593474805355072
YER072W,YMR204C,0,-1.2636839,0.1441558450460434,0.9910714030265808,0.5935748815536499
YJL108C,YDL159W,0,-1.263881,0.14413504302501678,0.9910714030265808,0.5936749577522278
YDL089W,YDR016C,0,-1.2639098,0.14411425590515137,0.9910714030265808,0.5937750339508057
YGR060W,YGR043C,0,-1.2640052,0.14409346878528595,0.9910714030265808,0.5938751101493835
YBR018C,YLR147C,0,-1.2642395,0.14407268166542053,0.9910714030265808,0.5939751863479614
YDL098C,YER029C,0,-1.2646835,0.1440519094467163,0.9910714030265808,0.5940752625465393
YOR255W,YIL066C,0,-1.2662446,0.14403113722801208,0.9910714030265808,0.5941753387451172
YOL002C,YJL056C,0,-1.2666851,0.14401037991046906,0.9910714030265808,0.5942754149436951
YIL005W,YJR061W,0,-1.267009,0.14398962259292603,0.9910714030265808,0.594375491142273
YPR009W,YDL185W,0,-1.2688205,0.143968865275383,0.9910714030265808,0.5944755673408508
YOR104W,YHR041C,0,-1.2693368,0.14394812285900116,0.9910714030265808,0.5945756435394287
YOR188W,YDL246C,0,-1.2703125,0.14392739534378052,0.9910714030265808,0.5946757197380066
YER046W,YIL144W,0,-1.2714645,0.14390665292739868,0.9910714030265808,0.5947757959365845
YDR373W,YNL200C,0,-1.2719069,0.14388592541217804,0.9910714030265808,0.5948758721351624
YBR265W,YMR042W,0,-1.2721232,0.1438652127981186,0.9910714030265808,0.594976007938385
YLR008C,YGL250W,0,-1.272277,0.14384448528289795,0.9910714030265808,0.5950760841369629
YBL104C,YDR155C,0,-1.2725105,0.1438237875699997,0.9910714030265808,0.5951761603355408
YNL323W,YBR172C,0,-1.2728744,0.14380307495594025,0.9910714030265808,0.5952762365341187
YJL141C,YJR141W,0,-1.2733343,0.143782377243042,0.9910714030265808,0.5953763127326965
YGR245C,YLR079W,0,-1.2734183,0.14376169443130493,0.9910714030265808,0.5954763889312744
YDR079C-A,YDR256C,0,-1.2736427,0.14374101161956787,0.9910714030265808,0.5955764651298523
YOR104W,YPR151C,0,-1.2741065,0.1437203288078308,0.9910714030265808,0.5956765413284302
YGR068C,YOR237W,0,-1.2749658,0.14369966089725494,0.9910714030265808,0.5957766175270081
YBL066C,YJL076W,0,-1.2750264,0.14367899298667908,0.9910714030265808,0.5958766937255859
YPL226W,YOR025W,0,-1.2756934,0.1436583250761032,0.9910714030265808,0.5959767699241638
YGL156W,YBR235W,0,-1.275712,0.14363767206668854,0.9910714030265808,0.5960768461227417
YMR295C,YKL171W,0,-1.2761511,0.14361701905727386,0.9910714030265808,0.5961769223213196
YGR138C,YDR091C,0,-1.2766986,0.14359638094902039,0.9910714030265808,0.5962769985198975
YJR112W,YER107C,0,-1.277282,0.1435757428407669,0.9910714030265808,0.5963770747184753
YDL206W,YBR172C,0,-1.2775574,0.14355510473251343,0.9910714030265808,0.596477210521698
YBR069C,YLR079W,0,-1.2785673,0.14353448152542114,0.9910714030265808,0.5965772867202759
YNL126W,YER110C,0,-1.2791849,0.14351385831832886,0.9910714030265808,0.5966773629188538
YPL274W,YAL013W,0,-1.279432,0.14349325001239777,0.9910714030265808,0.5967774391174316
YDR479C,YER146W,0,-1.2799358,0.14347264170646667,0.9910714030265808,0.5968775153160095
YOL044W,YBR251W,0,-1.2804155,0.14345203340053558,0.9910714030265808,0.5969775915145874
YNL146W,YKL018W,0,-1.2811313,0.14343143999576569,0.9910714030265808,0.5970776677131653
YNL008C,YAR014C,0,-1.2814851,0.1434108465909958,0.9910714030265808,0.5971777439117432
YOL016C,YOL020W,0,-1.2815906,0.14339026808738708,0.9910714030265808,0.597277820110321
YPL011C,YER061C,0,-1.281601,0.14336968958377838,0.9910714030265808,0.5973778963088989
YDR387C,YPL232W,0,-1.2817464,0.14334911108016968,0.9910714030265808,0.5974779725074768
YER182W,YER019W,0,-1.2820638,0.14332854747772217,0.9910714030265808,0.5975780487060547
YIL171W,YKL007W,0,-1.2821836,0.14330798387527466,0.9910714030265808,0.5976781249046326
YBR084W,YLR117C,0,-1.2823987,0.14328743517398834,0.9910714030265808,0.5977782011032104
YOR044W,YGR215W,0,-1.282589,0.14326688647270203,0.9910714030265808,0.5978782773017883
YFR038W,YLR309C,0,-1.2826039,0.1432463377714157,0.9910714030265808,0.5979783535003662
YJL090C,YMR163C,0,-1.2826492,0.1432258039712906,0.9910714030265808,0.5980784893035889
YHR154W,YEL032W,0,-1.2829105,0.14320527017116547,0.9910714030265808,0.5981785655021667
YNL196C,YPL166W,0,-1.2833457,0.14318475127220154,0.9910714030265808,0.5982786417007446
YNR041C,YMR189W,0,-1.2850307,0.1431642323732376,0.9910714030265808,0.5983787178993225
YGR014W,YOR356W,0,-1.2856944,0.14314371347427368,0.9910714030265808,0.5984787940979004
YDL140C,YOR298C-A,0,-1.2862949,0.14312320947647095,0.9910714030265808,0.5985788702964783
YGL216W,YDR091C,0,-1.2864519,0.1431027054786682,0.9910714030265808,0.5986789464950562
YDL117W,YDR354W,0,-1.2868426,0.14308221638202667,0.9910714030265808,0.598779022693634
YBL066C,YPL237W,0,-1.2870038,0.14306172728538513,0.9910714030265808,0.5988790988922119
YMR247C,YBR297W,0,-1.2877929,0.1430412381887436,0.9910714030265808,0.5989791750907898
YDL102W,YKL164C,0,-1.2879372,0.14302076399326324,0.9910714030265808,0.5990792512893677
YHR046C,YNR020C,0,-1.2883996,0.1430002897977829,0.9910714030265808,0.5991793274879456
YIR036C,YNL102W,0,-1.2885027,0.14297981560230255,0.9910714030265808,0.5992794036865234
YPL098C,YGL263W,0,-1.288933,0.1429593563079834,0.9910714030265808,0.5993794798851013
YPR009W,YOR159C,0,-1.2891071,0.14293889701366425,0.9910714030265808,0.5994795560836792
YPR017C,YFL047W,0,-1.2895923,0.1429184526205063,0.9910714030265808,0.5995796918869019
YBR180W,YDL148C,0,-1.2897785,0.14289800822734833,0.9910714030265808,0.5996797680854797
YDR181C,YPL066W,0,-1.2904087,0.14287757873535156,0.9910714030265808,0.5997798442840576
YER138C,YBR006W,0,-1.2912225,0.1428571492433548,0.9910714030265808,0.5998799204826355
YGL022W,YOL016C,0,-1.2915254,0.14283671975135803,0.9910714030265808,0.5999799966812134
YHR057C,YJL172W,0,-1.2929964,0.14281629025936127,0.9910714030265808,0.6000800728797913
YNL001W,YPR047W,0,-1.2933767,0.1427958905696869,0.9910714030265808,0.6001801490783691
YPL199C,YLR299W,0,-1.2937676,0.14277547597885132,0.9910714030265808,0.600280225276947
YDR166C,YGL139W,0,-1.293949,0.14275507628917694,0.9910714030265808,0.6003803014755249
YDL165W,YOL049W,0,-1.2940121,0.14273467659950256,0.9910714030265808,0.6004803776741028
YPR139C,YJL037W,0,-1.2944632,0.14271429181098938,0.9910714030265808,0.6005804538726807
YGL258W,YOR094W,0,-1.2945328,0.1426939070224762,0.9910714030265808,0.6006805300712585
YHR035W,YKR029C,0,-1.2950144,0.142673522233963,0.9910714030265808,0.6007806062698364
YJL061W,YLR223C,0,-1.2956407,0.14265315234661102,0.9910714030265808,0.6008806824684143
YDR533C,YNL138W-A,0,-1.2958646,0.14263278245925903,0.9910714030265808,0.6009807586669922
YNL223W,YLR023C,0,-1.2963407,0.14261241257190704,0.9910714030265808,0.6010808944702148
YER032W,YPL059W,0,-1.2963808,0.14259205758571625,0.9910714030265808,0.6011809706687927
YBR253W,YDR082W,0,-1.296386,0.14257171750068665,0.9910714030265808,0.6012810468673706
YPL184C,YPR070W,0,-1.2964944,0.14255136251449585,0.9910714030265808,0.6013811230659485
YKL012W,YBR251W,0,-1.2973154,0.14253103733062744,0.9910714030265808,0.6014811992645264
YGR134W,YPL132W,0,-1.2978514,0.14251069724559784,0.9910714030265808,0.6015812754631042
YDR201W,YDL105W,0,-1.2979519,0.14249037206172943,0.9910714030265808,0.6016813516616821
YGL114W,YDL004W,0,-1.2984548,0.14247004687786102,0.9910714030265808,0.60178142786026
YOR322C,YJL108C,0,-1.2987763,0.1424497365951538,0.9910714030265808,0.6018815040588379
YOR157C,YCL063W,0,-1.2990489,0.1424294263124466,0.9910714030265808,0.6019815802574158
YJL091C,YDR082W,0,-1.3002292,0.14240911602973938,0.9910714030265808,0.6020816564559937
YJL090C,YPR133C,0,-1.3004625,0.14238882064819336,0.9910714030265808,0.6021817326545715
YER020W,YBR260C,0,-1.3004656,0.14236854016780853,0.9910714030265808,0.6022818088531494
YPL132W,YJL116C,0,-1.3005445,0.1423482447862625,0.9910714030265808,0.6023818850517273
YCR077C,YDL195W,0,-1.3015169,0.14232796430587769,0.9910714030265808,0.6024819612503052
YOR152C,YOR123C,0,-1.3019474,0.14230769872665405,0.9910714030265808,0.6025820374488831
YMR237W,YER061C,0,-1.301985,0.14228741824626923,0.9910714030265808,0.6026821732521057
YDR194C,YLR375W,0,-1.3027611,0.1422671675682068,0.9910714030265808,0.6027822494506836
YHR154W,YBR260C,0,-1.3034296,0.14224690198898315,0.9910714030265808,0.6028823256492615
YOL107W,YER171W,0,-1.3037899,0.14222665131092072,0.9910714030265808,0.6029824018478394
YKR072C,YMR233W,0,-1.3039217,0.14220640063285828,0.9910714030265808,0.6030824780464172
YHR034C,YNL221C,0,-1.3042622,0.14218616485595703,0.9910714030265808,0.6031825542449951
YOR177C,YNL295W,0,-1.3047727,0.1421659290790558,0.9910714030265808,0.603282630443573
YNL194C,YBR017C,0,-1.3052542,0.14214570820331573,0.9910714030265808,0.6033827066421509
YPL098C,YHR150W,0,-1.3054223,0.14212548732757568,0.9910714030265808,0.6034827828407288
YPR124W,YIL023C,0,-1.3081608,0.14210526645183563,0.9910714030265808,0.6035828590393066
YPL237W,YGR271W,1,-1.3088887,0.14222727715969086,0.9920634627342224,0.6035828590393066
YER096W,YCR068W,0,-1.3091803,0.1422070562839508,0.9920634627342224,0.6036829352378845
YJL096W,YMR163C,0,-1.3095391,0.14218683540821075,0.9920634627342224,0.6037830114364624
YPL270W,YCR087C-A,0,-1.3099658,0.1421666145324707,0.9920634627342224,0.6038830876350403
YLR034C,YMR265C,0,-1.3107275,0.14214640855789185,0.9920634627342224,0.6039831638336182
YMR211W,YMR243C,0,-1.3107361,0.142126202583313,0.9920634627342224,0.604083240032196
YGR014W,YER146W,0,-1.3110063,0.14210601150989532,0.9920634627342224,0.6041833758354187
YKR084C,YER104W,0,-1.3113496,0.14208582043647766,0.9920634627342224,0.6042834520339966
YDR470C,YOR237W,0,-1.311702,0.14206562936306,0.9920634627342224,0.6043835282325745
YER021W,YGR189C,0,-1.3118708,0.14204545319080353,0.9920634627342224,0.6044836044311523
YDL246C,YER019W,0,-1.312864,0.14202527701854706,0.9920634627342224,0.6045836806297302
YLR309C,YKR007W,0,-1.3130157,0.14200511574745178,0.9920634627342224,0.6046837568283081
YCR048W,YOR320C,0,-1.3132608,0.1419849544763565,0.9920634627342224,0.604783833026886
YDR200C,YLR390W-A,0,-1.3135173,0.14196479320526123,0.9920634627342224,0.6048839092254639
YDR387C,YCR073C,0,-1.3163017,0.14194464683532715,0.9920634627342224,0.6049839854240417
YDR513W,YMR289W,0,-1.316623,0.14192450046539307,0.9920634627342224,0.6050840616226196
YOR104W,YLR421C,0,-1.316746,0.14190435409545898,0.9920634627342224,0.6051841378211975
YAL044C,YIL066C,0,-1.3169394,0.1418842226266861,0.9920634627342224,0.6052842140197754
YPL081W,YPR003C,0,-1.3172553,0.1418640911579132,0.9920634627342224,0.6053842902183533
YNL323W,YKR034W,0,-1.3172799,0.1418439745903015,0.9920634627342224,0.6054843664169312
YLR035C,YDL137W,0,-1.3177273,0.14182385802268982,0.9920634627342224,0.605584442615509
YGR060W,YPL194W,0,-1.3178594,0.14180374145507812,0.9920634627342224,0.6056845188140869
YNR008W,YKL171W,0,-1.3180854,0.14178363978862762,0.9920634627342224,0.6057846546173096
YER181C,YOR075W,0,-1.3184547,0.14176353812217712,0.9920634627342224,0.6058847308158875
YDR289C,YKL145W,0,-1.3195351,0.14174345135688782,0.9920634627342224,0.6059848070144653
YIL144W,YGR148C,0,-1.321635,0.14172334969043732,0.9920634627342224,0.6060848832130432
YOR393W,YLR115W,0,-1.321645,0.1417032778263092,0.9920634627342224,0.6061849594116211
YGR175C,YJL055W,0,-1.3217254,0.1416831910610199,0.9920634627342224,0.606285035610199
YOL022C,YGR238C,0,-1.32179,0.14166311919689178,0.9920634627342224,0.6063851118087769
YDR486C,YBR240C,0,-1.3219614,0.14164306223392487,0.9920634627342224,0.6064851880073547
YBR253W,YHR074W,0,-1.3221542,0.14162300527095795,0.9920634627342224,0.6065852642059326
YGR014W,YPR175W,0,-1.3222895,0.14160294830799103,0.9920634627342224,0.6066853404045105
YPR095C,YIR005W,0,-1.3223143,0.1415828913450241,0.9920634627342224,0.6067854166030884
YMR323W,YPL237W,0,-1.3224604,0.14156284928321838,0.9920634627342224,0.6068854928016663
YML011C,YBR187W,0,-1.3229592,0.14154282212257385,0.9920634627342224,0.6069855690002441
YDL246C,YLR056W,0,-1.3230284,0.14152278006076813,0.9920634627342224,0.607085645198822
YMR033W,YMR237W,0,-1.3235995,0.1415027529001236,0.9920634627342224,0.6071857213973999
YER138C,YEL011W,0,-1.3237233,0.14148274064064026,0.9920634627342224,0.6072858572006226
YGR049W,YOR298W,0,-1.3239491,0.14146272838115692,0.9920634627342224,0.6073859333992004
YDR205W,YLR035C,0,-1.3241172,0.14144271612167358,0.9920634627342224,0.6074860095977783
YOR206W,YMR148W,0,-1.3242643,0.14142271876335144,0.9920634627342224,0.6075860857963562
YLR357W,YDR262W,0,-1.32428,0.1414027214050293,0.9920634627342224,0.6076861619949341
YPL036W,YJL061W,0,-1.3242956,0.14138272404670715,0.9920634627342224,0.607786238193512
YNL223W,YPR190C,0,-1.3259838,0.1413627415895462,0.9920634627342224,0.6078863143920898
YOR142W,YMR247C,0,-1.3284392,0.14134275913238525,0.9920634627342224,0.6079863905906677
YBL063W,YLR350W,0,-1.3287607,0.1413227766752243,0.9920634627342224,0.6080864667892456
YMR088C,YKL007W,0,-1.3303294,0.14130280911922455,0.9920634627342224,0.6081865429878235
YHR029C,YER021W,0,-1.3303313,0.1412828415632248,0.9920634627342224,0.6082866191864014
YBR276C,YNL240C,0,-1.3303452,0.14126288890838623,0.9920634627342224,0.6083866953849792
YNL252C,YBR055C,0,-1.330416,0.14124293625354767,0.9920634627342224,0.6084867715835571
YLR240W,YML028W,0,-1.3309586,0.1412229984998703,0.9920634627342224,0.608586847782135
YOR369C,YGL033W,0,-1.3313473,0.14120304584503174,0.9920634627342224,0.6086869239807129
YMR039C,YLL067C,0,-1.3322446,0.14118310809135437,0.9920634627342224,0.6087870001792908
YCR007C,YER061C,0,-1.333138,0.1411631852388382,0.9920634627342224,0.6088871359825134
YDR311W,YKL176C,0,-1.3343723,0.14114326238632202,0.9920634627342224,0.6089872121810913
YJL096W,YML042W,0,-1.334488,0.14112333953380585,0.9920634627342224,0.6090872883796692
YNL049C,YDL195W,0,-1.3361855,0.14110343158245087,0.9920634627342224,0.6091873645782471
YER058W,YGR175C,0,-1.336194,0.1410835236310959,0.9920634627342224,0.609287440776825
YNL026W,YHL031C,0,-1.3364265,0.1410636156797409,0.9920634627342224,0.6093875169754028
YJL035C,YIL065C,0,-1.3369322,0.14104372262954712,0.9920634627342224,0.6094875931739807
YML042W,YLR206W,0,-1.3373508,0.14102382957935333,0.9920634627342224,0.6095876693725586
YPR139C,YLR446W,0,-1.3376209,0.14100395143032074,0.9920634627342224,0.6096877455711365
YLL052C,YBR266C,0,-1.3382139,0.14098407328128815,0.9920634627342224,0.6097878217697144
YER061C,YPL176C,0,-1.3383787,0.14096419513225555,0.9920634627342224,0.6098878979682922
YBL067C,YLR356W,0,-1.3392236,0.14094433188438416,0.9920634627342224,0.6099879741668701
YFL034W,YGL186C,0,-1.3392365,0.14092446863651276,0.9920634627342224,0.610088050365448
YMR059W,YCR030C,0,-1.339356,0.14090460538864136,0.9920634627342224,0.6101881265640259
YHR175W,YMR174C,0,-1.3397247,0.14088475704193115,0.9920634627342224,0.6102882027626038
YCR096C,YPR175W,0,-1.3402183,0.14086490869522095,0.9920634627342224,0.6103883385658264
YOR204W,YDL229W,1,-1.3403261,0.14098592102527618,0.9930555820465088,0.6103883385658264
YDR137W,YNL245C,0,-1.3416252,0.14096605777740479,0.9930555820465088,0.6104884147644043
YML015C,YLR206W,0,-1.3416897,0.14094620943069458,0.9930555820465088,0.6105884909629822
YGL105W,YBR204C,0,-1.3417848,0.14092637598514557,0.9930555820465088,0.6106885671615601
YML065W,YKR039W,0,-1.3421528,0.14090652763843536,0.9930555820465088,0.6107886433601379
YPR192W,YPR061C,0,-1.34237,0.14088669419288635,0.9930555820465088,0.6108887195587158
YGR124W,YJL108C,0,-1.3428366,0.14086687564849854,0.9930555820465088,0.6109887957572937
YBR123C,YMR246W,0,-1.3430033,0.14084705710411072,0.9930555820465088,0.6110888719558716
YGR271W,YKL018W,0,-1.3434205,0.1408272385597229,0.9930555820465088,0.6111889481544495
YCL061C,YNR028W,0,-1.3440802,0.14080742001533508,0.9930555820465088,0.6112890243530273
YJL003W,YDR212W,0,-1.3444036,0.14078761637210846,0.9930555820465088,0.6113891005516052
YOR044W,YMR106C,0,-1.3445351,0.14076782763004303,0.9930555820465088,0.6114891767501831
YPL209C,YNL056W,0,-1.3456957,0.1407480388879776,0.9930555820465088,0.611589252948761
YMR233W,YCL063W,0,-1.3460215,0.14072825014591217,0.9930555820465088,0.6116893291473389
YPL264C,YPL151C,0,-1.3461096,0.14070846140384674,0.9930555820465088,0.6117894053459167
YOR204W,YCR077C,1,-1.3461396,0.14082923531532288,0.9940476417541504,0.6117894053459167
YHR034C,YJR013W,0,-1.3470485,0.14080944657325745,0.9940476417541504,0.6118895411491394
YGR250C,YMR121C,0,-1.3489602,0.14078965783119202,0.9940476417541504,0.6119896173477173
YGR138C,YLL006W,0,-1.3493929,0.14076988399028778,0.9940476417541504,0.6120896935462952
YOR198C,YPL191C,0,-1.3495607,0.14075011014938354,0.9940476417541504,0.612189769744873
YPR009W,YJL165C,0,-1.3499191,0.1407303363084793,0.9940476417541504,0.6122898459434509
YPR023C,YML002W,0,-1.3510187,0.14071057736873627,0.9940476417541504,0.6123899221420288
YNL279W,YKL034W,0,-1.3514217,0.14069081842899323,0.9940476417541504,0.6124899983406067
YDR479C,YGR016W,0,-1.3525133,0.14067105948925018,0.9940476417541504,0.6125900745391846
YMR189W,YPL066W,0,-1.3531809,0.14065131545066833,0.9940476417541504,0.6126901507377625
YGL253W,YKL015W,0,-1.3535223,0.14063158631324768,0.9940476417541504,0.6127902269363403
YDR200C,YMR202W,0,-1.3537436,0.14061184227466583,0.9940476417541504,0.6128903031349182
YFL009W,YLR033W,0,-1.3540571,0.14059211313724518,0.9940476417541504,0.6129903793334961
YNL194C,YCL045C,0,-1.3552847,0.14057238399982452,0.9940476417541504,0.613090455532074
YGR002C,YHR065C,0,-1.3556042,0.14055266976356506,0.9940476417541504,0.6131905317306519
YBR059C,YLL012W,0,-1.3557868,0.1405329555273056,0.9940476417541504,0.6132906079292297
YKL007W,YOR016C,0,-1.3568565,0.14051325619220734,0.9940476417541504,0.6133906841278076
YCR044C,YDR128W,0,-1.3569404,0.14049355685710907,0.9940476417541504,0.6134908199310303
YMR225C,YJL194W,0,-1.356944,0.1404738575220108,0.9940476417541504,0.6135908961296082
YPL274W,YER061C,0,-1.3571329,0.14045415818691254,0.9940476417541504,0.613690972328186
YKL145W,YJL172W,0,-1.3573998,0.14043447375297546,0.9940476417541504,0.6137910485267639
YGR204W,YBL105C,0,-1.3578132,0.14041480422019958,0.9940476417541504,0.6138911247253418
YKL002W,YNL102W,0,-1.3581285,0.1403951197862625,0.9940476417541504,0.6139912009239197
YNL008C,YER175C,0,-1.3583044,0.14037545025348663,0.9940476417541504,0.6140912771224976
YIL016W,YFL013C,0,-1.359182,0.14035579562187195,0.9940476417541504,0.6141913533210754
YDR071C,YJR149W,0,-1.3595498,0.14033614099025726,0.9940476417541504,0.6142914295196533
YMR042W,YLR375W,0,-1.360151,0.14031648635864258,0.9940476417541504,0.6143915057182312
YDR228C,YFL009W,0,-1.3602717,0.1402968317270279,0.9940476417541504,0.6144915819168091
YGL179C,YPR047W,0,-1.3606043,0.1402771919965744,0.9940476417541504,0.614591658115387
YBR096W,YGL107C,0,-1.3614485,0.1402575522661209,0.9940476417541504,0.6146917343139648
YPL111W,YGL186C,0,-1.3616105,0.1402379274368286,0.9940476417541504,0.6147918105125427
YDL102W,YML007W,0,-1.3617405,0.14021830260753632,0.9940476417541504,0.6148918867111206
YFL054C,YEL013W,0,-1.3617685,0.14019867777824402,0.9940476417541504,0.6149920225143433
YDL051W,YDL138W,0,-1.3620355,0.14017906785011292,0.9940476417541504,0.6150920987129211
YGR138C,YHR196W,0,-1.3621477,0.1401594579219818,0.9940476417541504,0.615192174911499
YKL126W,YOL145C,0,-1.3624483,0.1401398628950119,0.9940476417541504,0.6152922511100769
YIR036C,YDR028C,0,-1.3631382,0.140120267868042,0.9940476417541504,0.6153923273086548
YBL002W,YIL048W,0,-1.3634373,0.14010067284107208,0.9940476417541504,0.6154924035072327
YPL152W,YNL049C,0,-1.3636667,0.14008107781410217,0.9940476417541504,0.6155924797058105
YHR122W,YBR294W,0,-1.3637707,0.14006149768829346,0.9940476417541504,0.6156925559043884
YML004C,YGR049W,0,-1.363814,0.14004193246364594,0.9940476417541504,0.6157926321029663
YGL070C,YDR383C,0,-1.3638277,0.14002235233783722,0.9940476417541504,0.6158927083015442
YEL013W,YBR034C,0,-1.3640285,0.1400027871131897,0.9940476417541504,0.6159927845001221
YIL171W,YLR312W-A,0,-1.364408,0.13998323678970337,0.9940476417541504,0.6160928606987
YBL045C,YJL223C,0,-1.364471,0.13996368646621704,0.9940476417541504,0.6161929368972778
YMR212C,YPL065W,0,-1.3647895,0.1399441361427307,0.9940476417541504,0.6162930130958557
YNL040W,YPR070W,0,-1.3650895,0.13992458581924438,0.9940476417541504,0.6163930892944336
YPL279C,YKR029C,0,-1.3651046,0.13990505039691925,0.9940476417541504,0.6164931654930115
YOR171C,YKR063C,0,-1.3651295,0.1398855298757553,0.9940476417541504,0.6165933012962341
YKL124W,YMR139W,0,-1.3652518,0.13986599445343018,0.9940476417541504,0.616693377494812
YLR314C,YOR104W,0,-1.3656185,0.13984647393226624,0.9940476417541504,0.6167934536933899
YDR280W,YPL011C,0,-1.3657928,0.1398269534111023,0.9940476417541504,0.6168935298919678
YGR262C,YJL003W,0,-1.3658855,0.13980744779109955,0.9940476417541504,0.6169936060905457
YOR206W,YPL162C,0,-1.3660352,0.1397879421710968,0.9940476417541504,0.6170936822891235
YLR201C,YML115C,0,-1.366368,0.13976845145225525,0.9940476417541504,0.6171937584877014
YMR314W,YDL234C,0,-1.3666193,0.1397489607334137,0.9940476417541504,0.6172938346862793
YMR302C,YDR158W,0,-1.366823,0.13972947001457214,0.9940476417541504,0.6173939108848572
YMR058W,YHR067W,0,-1.3678212,0.1397099792957306,0.9940476417541504,0.6174939870834351
YDL128W,YLR099C,0,-1.3678557,0.13969050347805023,0.9940476417541504,0.6175940632820129
YKL124W,YPR042C,0,-1.3692608,0.13967102766036987,0.9940476417541504,0.6176941394805908
YGL263W,YNL304W,0,-1.3708988,0.1396515667438507,0.9940476417541504,0.6177942156791687
YGL093W,YHR129C,0,-1.3711386,0.13963210582733154,0.9940476417541504,0.6178942918777466
YGL134W,YPL120W,0,-1.3716451,0.13961264491081238,0.9940476417541504,0.6179943680763245
YPL087W,YHR172W,0,-1.3723822,0.1395931988954544,0.9940476417541504,0.6180945038795471
YDR137W,YDL013W,0,-1.3724637,0.13957375288009644,0.9940476417541504,0.618194580078125
YCR077C,YPL128C,0,-1.3724675,0.13955432176589966,0.9940476417541504,0.6182946562767029
YPR191W,YHR026W,0,-1.3726206,0.13953489065170288,0.9940476417541504,0.6183947324752808
YDR503C,YCL011C,0,-1.3727424,0.1395154595375061,0.9940476417541504,0.6184948086738586
YER003C,YJR001W,0,-1.37313,0.13949602842330933,0.9940476417541504,0.6185948848724365
YOR311C,YML011C,0,-1.3732456,0.13947661221027374,0.9940476417541504,0.6186949610710144
YKL137W,YIR009W,0,-1.3737576,0.13945719599723816,0.9940476417541504,0.6187950372695923
YLR440C,YHL018W,0,-1.3741026,0.13943779468536377,0.9940476417541504,0.6188951134681702
YDL195W,YDR512C,0,-1.3744912,0.13941839337348938,0.9940476417541504,0.618995189666748
YMR001C,YOR156C,0,-1.3745241,0.139398992061615,0.9940476417541504,0.6190952658653259
YGR163W,YML052W,0,-1.3747597,0.1393796056509018,0.9940476417541504,0.6191953420639038
YMR129W,YMR294W,0,-1.374825,0.1393602192401886,0.9940476417541504,0.6192954182624817
YMR095C,YEL059C-A,0,-1.3755007,0.1393408477306366,0.9940476417541504,0.6193954944610596
YBL099W,YOL006C,0,-1.3756886,0.1393214613199234,0.9940476417541504,0.6194955706596375
YPR113W,YER146W,0,-1.3766229,0.1393021047115326,0.9940476417541504,0.6195956468582153
YDL179W,YHR177W,0,-1.3766553,0.1392827332019806,0.9940476417541504,0.619695782661438
YOR306C,YPR133C,0,-1.3776566,0.13926337659358978,0.9940476417541504,0.6197958588600159
YGR002C,YGR134W,0,-1.3776612,0.13924401998519897,0.9940476417541504,0.6198959350585938
YDL089W,YEL001C,0,-1.3778491,0.13922467827796936,0.9940476417541504,0.6199960112571716
YML065W,YGL083W,0,-1.3781426,0.13920533657073975,0.9940476417541504,0.6200960874557495
YOR206W,YOR221C,0,-1.3782523,0.13918599486351013,0.9940476417541504,0.6201961636543274
YKR072C,YEL011W,0,-1.3784943,0.1391666680574417,0.9940476417541504,0.6202962398529053
YNL055C,YDR519W,0,-1.3790302,0.1391473412513733,0.9940476417541504,0.6203963160514832
YGR110W,YDL103C,0,-1.3792369,0.13912801444530487,0.9940476417541504,0.620496392250061
YBR278W,YLR026C,0,-1.3808252,0.13910870254039764,0.9940476417541504,0.6205964684486389
YDR201W,YGR250C,0,-1.3821684,0.13908939063549042,0.9940476417541504,0.6206965446472168
YJL174W,YPL176C,0,-1.3822544,0.13907009363174438,0.9940476417541504,0.6207966208457947
YGL226C-A,YER024W,0,-1.382551,0.13905079662799835,0.9940476417541504,0.6208966970443726
YPR023C,YCR017C,0,-1.3827106,0.13903149962425232,0.9940476417541504,0.6209967732429504
YDL135C,YOR356W,0,-1.3827486,0.1390122026205063,0.9940476417541504,0.6210968494415283
YDR317W,YHR074W,0,-1.383186,0.13899292051792145,0.9940476417541504,0.621196985244751
YLR201C,YPR079W,0,-1.3831897,0.1389736533164978,0.9940476417541504,0.6212970614433289
YPR095C,YBL005W-B,0,-1.3832283,0.13895437121391296,0.9940476417541504,0.6213971376419067
YDR503C,YJL141C,0,-1.3832415,0.13893510401248932,0.9940476417541504,0.6214972138404846
YPR175W,YMR226C,0,-1.3839012,0.13891585171222687,0.9940476417541504,0.6215972900390625
YLR191W,YDL195W,0,-1.3840824,0.13889658451080322,0.9940476417541504,0.6216973662376404
YMR128W,YNL142W,0,-1.3848611,0.13887733221054077,0.9940476417541504,0.6217974424362183
YPR095C,YEL063C,0,-1.3856807,0.13885809481143951,0.9940476417541504,0.6218975186347961
YAL035W,YBR278W,0,-1.385866,0.13883885741233826,0.9940476417541504,0.621997594833374
YDR330W,YKL074C,0,-1.3863497,0.138819620013237,0.9940476417541504,0.6220976710319519
YNL279W,YKL096W,0,-1.386795,0.13880038261413574,0.9940476417541504,0.6221977472305298
YAR042W,YCL045C,0,-1.3868289,0.13878116011619568,0.9940476417541504,0.6222978234291077
YHR155W,YGL099W,0,-1.3877963,0.13876193761825562,0.9940476417541504,0.6223978996276855
YLR056W,YKL007W,0,-1.3878644,0.13874273002147675,0.9940476417541504,0.6224979758262634
YNL053W,YGL246C,0,-1.3879509,0.13872352242469788,0.9940476417541504,0.6225980520248413
YAL058W,YML076C,0,-1.389947,0.138704314827919,0.9940476417541504,0.622698187828064
YOR193W,YNL067W,0,-1.3902428,0.13868512213230133,0.9940476417541504,0.6227982640266418
YLL003W,YOL056W,0,-1.3908137,0.13866592943668365,0.9940476417541504,0.6228983402252197
YGL144C,YHR060W,0,-1.392173,0.13864673674106598,0.9940476417541504,0.6229984164237976
YNL281W,YIR005W,0,-1.3925706,0.1386275589466095,0.9940476417541504,0.6230984926223755
YPL283C,YDR524C,0,-1.3930943,0.13860838115215302,0.9940476417541504,0.6231985688209534
YBR235W,YPL087W,0,-1.393267,0.13858921825885773,0.9940476417541504,0.6232986450195312
YHR135C,YHR147C,0,-1.3936827,0.13857004046440125,0.9940476417541504,0.6233987212181091
YOR233W,YLR240W,0,-1.3941176,0.13855087757110596,0.9940476417541504,0.623498797416687
YLR188W,YOR355W,0,-1.3955772,0.13853172957897186,0.9940476417541504,0.6235988736152649
YCL008C,YDR461W,0,-1.3958244,0.13851258158683777,0.9940476417541504,0.6236989498138428
YFL052W,YOR356W,0,-1.3961265,0.13849343359470367,0.9940476417541504,0.6237990260124207
YIL095W,YDR513W,0,-1.3967137,0.13847430050373077,0.9940476417541504,0.6238991022109985
YLR208W,YLR216C,0,-1.3970268,0.13845516741275787,0.9940476417541504,0.6239991784095764
YNL142W,YLR133W,0,-1.3972721,0.13843603432178497,0.9940476417541504,0.6240992546081543
YPR161C,YHR034C,0,-1.3980386,0.13841690123081207,0.9940476417541504,0.6241993308067322
YPR192W,YMR269W,0,-1.3982126,0.13839778304100037,0.9940476417541504,0.6242994666099548
YPL011C,YGR172C,0,-1.3983915,0.13837867975234985,0.9940476417541504,0.6243995428085327
YML011C,YOR372C,0,-1.39858,0.13835957646369934,0.9940476417541504,0.6244996190071106
YLR191W,YGL043W,0,-1.3989563,0.13834047317504883,0.9940476417541504,0.6245996952056885
YAR018C,YOR251C,0,-1.3999667,0.13832136988639832,0.9940476417541504,0.6246997714042664
YNR071C,YLR102C,0,-1.4003785,0.138302281498909,0.9940476417541504,0.6247998476028442
YBL051C,YPL053C,0,-1.4005278,0.13828319311141968,0.9940476417541504,0.6248999238014221
YPL226W,YMR009W,0,-1.4013445,0.13826410472393036,0.9940476417541504,0.625
YNL311C,YPR045C,0,-1.4021351,0.13824503123760223,0.9940476417541504,0.6251000761985779
YDL102W,YJL165C,0,-1.4022042,0.1382259577512741,0.9940476417541504,0.6252001523971558
YIR005W,YOL020W,0,-1.402234,0.13820689916610718,0.9940476417541504,0.6253002285957336
YCR048W,YDR358W,0,-1.4024038,0.13818784058094025,0.9940476417541504,0.6254003047943115
YGL005C,YEL011W,0,-1.4025451,0.13816878199577332,0.9940476417541504,0.6255003809928894
YBR235W,YMR139W,0,-1.4028994,0.13814973831176758,0.9940476417541504,0.6256004571914673
YGL033W,YLR141W,0,-1.4030242,0.13813067972660065,0.9940476417541504,0.6257005333900452
YPL098C,YMR112C,0,-1.403247,0.1381116509437561,0.9940476417541504,0.6258006691932678
YER032W,YGR185C,0,-1.4038718,0.13809260725975037,0.9940476417541504,0.6259007453918457
YIL016W,YGL093W,0,-1.4042084,0.13807357847690582,0.9940476417541504,0.6260008215904236
YDR280W,YPL003W,0,-1.4045155,0.13805456459522247,0.9940476417541504,0.6261008977890015
YOR159C,YCR097W,0,-1.4052601,0.13803553581237793,0.9940476417541504,0.6262009739875793
YPR032W,YML002W,0,-1.4052823,0.13801652193069458,0.9940476417541504,0.6263010501861572
YPL213W,YPR156C,0,-1.4053385,0.13799752295017242,0.9940476417541504,0.6264011263847351
YOL145C,YKR034W,0,-1.4054273,0.13797852396965027,0.9940476417541504,0.626501202583313
YBR276C,YPL127C,0,-1.4055537,0.1379595249891281,0.9940476417541504,0.6266012787818909
YER181C,YNL059C,0,-1.406442,0.13794052600860596,0.9940476417541504,0.6267013549804688
YGL105W,YDR160W,0,-1.4064968,0.137921541929245,0.9940476417541504,0.6268014311790466
YNR071C,YDR367W,0,-1.4066479,0.13790255784988403,0.9940476417541504,0.6269015073776245
YOR311C,YDR074W,0,-1.4068986,0.13788358867168427,0.9940476417541504,0.6270015835762024
YDR460W,YFL059W,0,-1.4070444,0.1378646045923233,0.9940476417541504,0.6271016597747803
YGR098C,YMR184W,0,-1.4075319,0.13784565031528473,0.9940476417541504,0.6272017359733582
YDR166C,YCL050C,0,-1.4076413,0.13782668113708496,0.9940476417541504,0.627301812171936
YCR097W,YIR009W,0,-1.4076532,0.1378077268600464,0.9940476417541504,0.6274019479751587
YMR156C,YHR026W,0,-1.4078288,0.1377887725830078,0.9940476417541504,0.6275020241737366
YML011C,YPR193C,0,-1.4078457,0.13776983320713043,0.9940476417541504,0.6276021003723145
YJL123C,YJL035C,0,-1.40803,0.13775089383125305,0.9940476417541504,0.6277021765708923
YPR124W,YKL012W,0,-1.4082003,0.13773195445537567,0.9940476417541504,0.6278022527694702
YIL064W,YKL034W,0,-1.4084947,0.13771302998065948,0.9940476417541504,0.6279023289680481
YDR056C,YKL151C,0,-1.4092357,0.1376941055059433,0.9940476417541504,0.628002405166626
YGR138C,YPR193C,0,-1.4092834,0.1376751810312271,0.9940476417541504,0.6281024813652039
YBL004W,YNL328C,0,-1.409765,0.13765627145767212,0.9940476417541504,0.6282025575637817
YCR096C,YPR006C,0,-1.4101626,0.13763736188411713,0.9940476417541504,0.6283026337623596
YHR154W,YPL275W,0,-1.4106536,0.13761845231056213,0.9940476417541504,0.6284027099609375
YPL130W,YPR036W,0,-1.411827,0.13759955763816833,0.9940476417541504,0.6285027861595154
YFR002W,YNL309W,0,-1.4119529,0.13758066296577454,0.9940476417541504,0.6286028623580933
YGR271W,YOL060C,0,-1.4120808,0.13756178319454193,0.9940476417541504,0.6287029385566711
YBR017C,YDR311W,0,-1.4123306,0.13754290342330933,0.9940476417541504,0.628803014755249
YNL127W,YNL138W-A,0,-1.4124072,0.13752402365207672,0.9940476417541504,0.6289031505584717
YBR235W,YJL141C,0,-1.4124234,0.13750514388084412,0.9940476417541504,0.6290032267570496
YDR418W,YOL156W,0,-1.4125338,0.1374862790107727,0.9940476417541504,0.6291033029556274
YMR129W,YMR215W,0,-1.4126468,0.1374674141407013,0.9940476417541504,0.6292033791542053
YPR115W,YER021W,0,-1.4127362,0.13744856417179108,0.9940476417541504,0.6293034553527832
YDR383C,YEL011W,0,-1.4130805,0.13742971420288086,0.9940476417541504,0.6294035315513611
YDR470C,YPR135W,0,-1.4131194,0.13741086423397064,0.9940476417541504,0.629503607749939
YOR330C,YLR223C,0,-1.4150803,0.13739201426506042,0.9940476417541504,0.6296036839485168
YIL113W,YIL064W,0,-1.4154079,0.1373731791973114,0.9940476417541504,0.6297037601470947
YDL069C,YOL126C,0,-1.415523,0.13735435903072357,0.9940476417541504,0.6298038363456726
YOR025W,YIL062C,0,-1.4158163,0.13733552396297455,0.9940476417541504,0.6299039125442505
YDR063W,YGL157W,0,-1.4163985,0.13731670379638672,0.9940476417541504,0.6300039887428284
YPL191C,YCL063W,0,-1.4166125,0.1372978836297989,0.9940476417541504,0.6301040649414062
YCR096C,YKL114C,0,-1.416626,0.13727907836437225,0.9940476417541504,0.6302041411399841
YBL045C,YBR078W,0,-1.4168184,0.13726027309894562,0.9940476417541504,0.630304217338562
YMR163C,YBR240C,0,-1.4174439,0.13724146783351898,0.9940476417541504,0.6304043531417847
YJL141C,YLR099C,0,-1.4174962,0.13722267746925354,0.9940476417541504,0.6305044293403625
YDL072C,YMR112C,0,-1.4178007,0.1372038871049881,0.9940476417541504,0.6306045055389404
YER067W,YJL058C,0,-1.4181017,0.13718509674072266,0.9940476417541504,0.6307045817375183
YCR005C,YBR171W,0,-1.4188392,0.1371663212776184,0.9940476417541504,0.6308046579360962
YCR046C,YHR178W,0,-1.4190421,0.13714754581451416,0.9940476417541504,0.6309047341346741
YER046W,YKR089C,0,-1.4196317,0.1371287852525711,0.9940476417541504,0.631004810333252
YPL283C,YNL290W,0,-1.4207056,0.13711000978946686,0.9940476417541504,0.6311048865318298
YOR276W,YGR121C,0,-1.4207726,0.137091264128685,0.9940476417541504,0.6312049627304077
YLR369W,YML036W,0,-1.4209685,0.13707250356674194,0.9940476417541504,0.6313050389289856
YBR280C,YOL002C,0,-1.4212673,0.13705375790596008,0.9940476417541504,0.6314051151275635
YOR058C,YKR081C,0,-1.4213026,0.13703501224517822,0.9940476417541504,0.6315051913261414
YLR052W,YNL245C,0,-1.4223638,0.13701626658439636,0.9940476417541504,0.6316052675247192
YJR149W,YLR243W,0,-1.4242734,0.1369975358247757,0.9940476417541504,0.6317053437232971
YBR020W,YLR375W,0,-1.4245046,0.13697880506515503,0.9940476417541504,0.631805419921875
YOR035C,YNL056W,0,-1.4255589,0.13696008920669556,0.9940476417541504,0.6319054961204529
YKL126W,YLR243W,0,-1.4257419,0.13694137334823608,0.9940476417541504,0.6320056319236755
YPR168W,YOL022C,0,-1.4260113,0.1369226574897766,0.9940476417541504,0.6321057081222534
YHR047C,YBR240C,0,-1.4261816,0.13690394163131714,0.9940476417541504,0.6322057843208313
YJL102W,YNR041C,0,-1.4266373,0.13688524067401886,0.9940476417541504,0.6323058605194092
YGR043C,YPR079W,0,-1.4270182,0.13686655461788177,0.9940476417541504,0.6324059367179871
YER072W,YJL116C,0,-1.4270765,0.1368478536605835,0.9940476417541504,0.6325060129165649
YJL038C,YGR060W,0,-1.4272726,0.1368291676044464,0.9940476417541504,0.6326060891151428
YDR330W,YKR080W,0,-1.4282346,0.13681048154830933,0.9940476417541504,0.6327061653137207
YPR185W,YPL116W,0,-1.4284971,0.13679181039333344,0.9940476417541504,0.6328062415122986
YHL047C,YDR325W,0,-1.4288243,0.13677313923835754,0.9940476417541504,0.6329063177108765
YHR057C,YDR362C,0,-1.4291034,0.13675446808338165,0.9940476417541504,0.6330063939094543
YML065W,YBR301W,0,-1.429141,0.13673581182956696,0.9940476417541504,0.6331064701080322
YAL043C,YJL223C,0,-1.4297528,0.13671715557575226,0.9940476417541504,0.6332065463066101
YNR047W,YPR061C,0,-1.4299567,0.13669849932193756,0.9940476417541504,0.633306622505188
YDR339C,YPR106W,0,-1.43033,0.13667985796928406,0.9940476417541504,0.6334066987037659
YKR091W,YER058W,0,-1.4303479,0.13666121661663055,0.9940476417541504,0.6335068345069885
YGL066W,YPL087W,0,-1.4310964,0.13664257526397705,0.9940476417541504,0.6336069107055664
YPR095C,YBR007C,0,-1.4312153,0.13662394881248474,0.9940476417541504,0.6337069869041443
YPL115C,YMR233W,0,-1.4314511,0.13660532236099243,0.9940476417541504,0.6338070631027222
YKR035W-A,YER021W,0,-1.4322755,0.13658669590950012,0.9940476417541504,0.6339071393013
YPR189W,YBR131W,0,-1.432459,0.136568084359169,0.9940476417541504,0.6340072154998779
YBR059C,YDR315C,0,-1.4330196,0.1365494728088379,0.9940476417541504,0.6341072916984558
YOR171C,YEL011W,0,-1.4331023,0.13653086125850677,0.9940476417541504,0.6342073678970337
YOL032W,YDL116W,0,-1.4331546,0.13651226460933685,0.9940476417541504,0.6343074440956116
YPR108W,YDR033W,0,-1.4333274,0.13649366796016693,0.9940476417541504,0.6344075202941895
YCL011C,YPL259C,0,-1.4333916,0.136475071310997,0.9940476417541504,0.6345075964927673
YGR187C,YHR047C,0,-1.4334662,0.13645648956298828,0.9940476417541504,0.6346076726913452
YNR047W,YMR184W,0,-1.4337041,0.13643790781497955,0.9940476417541504,0.6347077488899231
YML038C,YNR026C,0,-1.4340528,0.13641932606697083,0.9940476417541504,0.634807825088501
YNL005C,YDR238C,0,-1.4344115,0.1364007592201233,0.9940476417541504,0.6349079012870789
YHR155W,YMR033W,0,-1.4345013,0.13638219237327576,0.9940476417541504,0.6350079774856567
YPL079W,YPL219W,0,-1.4349473,0.13636364042758942,0.9940476417541504,0.6351081132888794
YJR112W,YER182W,0,-1.4354428,0.13634507358074188,0.9940476417541504,0.6352081894874573
YDR317W,YBR069C,0,-1.4355707,0.13632653653621674,0.9940476417541504,0.6353082656860352
YDR365C,YML068W,0,-1.4362369,0.1363079845905304,0.9940476417541504,0.635408341884613
YOR255W,YHR135C,0,-1.4365375,0.13628944754600525,0.9940476417541504,0.6355084180831909
YKR058W,YJR106W,0,-1.4373996,0.1362709105014801,0.9940476417541504,0.6356084942817688
YOL020W,YDR225W,0,-1.4375088,0.13625237345695496,0.9940476417541504,0.6357085704803467
YKL020C,YHL035C,0,-1.4380035,0.136233851313591,0.9940476417541504,0.6358086466789246
YGR096W,YPL259C,0,-1.4386904,0.13621532917022705,0.9940476417541504,0.6359087228775024
YJL037W,YIL010W,0,-1.438934,0.1361968219280243,0.9940476417541504,0.6360087990760803
YLR353W,YJL129C,0,-1.4399788,0.13617831468582153,0.9940476417541504,0.6361088752746582
YLR220W,YNL078W,0,-1.4401426,0.13615980744361877,0.9940476417541504,0.6362089514732361
YPR108W,YKR023W,0,-1.4411077,0.13614130020141602,0.9940476417541504,0.636309027671814
YOR362C,YFR015C,0,-1.4415607,0.13612280786037445,0.9940476417541504,0.6364091038703918
YML052W,YNR004W,0,-1.442333,0.13610431551933289,0.9940476417541504,0.6365091800689697
YBL066C,YJL046W,0,-1.4425898,0.13608583807945251,0.9940476417541504,0.6366093158721924
YDR407C,YPL043W,0,-1.4427303,0.13606736063957214,0.9940476417541504,0.6367093920707703
YIL005W,YKR089C,0,-1.4427682,0.13604888319969177,0.9940476417541504,0.6368094682693481
YGL066W,YPL174C,0,-1.443536,0.1360304057598114,0.9940476417541504,0.636909544467926
YDR362C,YHR046C,0,-1.4437771,0.13601194322109222,0.9940476417541504,0.6370096206665039
YLR035C,YNR076W,0,-1.4438124,0.13599348068237305,0.9940476417541504,0.6371096968650818
YOR123C,YLR411W,0,-1.4440377,0.13597503304481506,0.9940476417541504,0.6372097730636597
YKL008C,YPL036W,0,-1.4444908,0.13595658540725708,0.9940476417541504,0.6373098492622375
YER100W,YPL085W,0,-1.4452626,0.1359381377696991,0.9940476417541504,0.6374099254608154
YPR108W,YMR204C,0,-1.4456184,0.1359196901321411,0.9940476417541504,0.6375100016593933
YER104W,YLR170C,0,-1.4456928,0.13590125739574432,0.9940476417541504,0.6376100778579712
YDR470C,YNL169C,0,-1.445894,0.13588282465934753,0.9940476417541504,0.6377101540565491
YJL165C,YKL096W,0,-1.4460858,0.13586440682411194,0.9940476417541504,0.637810230255127
YBR020W,YNL323W,0,-1.4462869,0.13584598898887634,0.9940476417541504,0.6379103064537048
YOL124C,YKL151C,0,-1.4467108,0.13582757115364075,0.9940476417541504,0.6380103826522827
YDR362C,YDR387C,0,-1.4473917,0.13580916821956635,0.9940476417541504,0.6381104588508606
YGL226C-A,YFL047W,0,-1.4474366,0.13579075038433075,0.9940476417541504,0.6382105946540833
YOR188W,YGL254W,0,-1.447451,0.13577236235141754,0.9940476417541504,0.6383106708526611
YPL199C,YLR141W,0,-1.447567,0.13575395941734314,0.9940476417541504,0.638410747051239
YKL069W,YLR099C,0,-1.4476852,0.13573557138442993,0.9940476417541504,0.6385108232498169
YDR444W,YBR006W,0,-1.4477187,0.13571718335151672,0.9940476417541504,0.6386108994483948
YDL161W,YPL111W,0,-1.4489105,0.1356988102197647,0.9940476417541504,0.6387109756469727
YMR314W,YML011C,0,-1.4494716,0.1356804370880127,0.9940476417541504,0.6388110518455505
YGL032C,YGR280C,0,-1.4508814,0.13566206395626068,0.9940476417541504,0.6389111280441284
YPL275W,YOR237W,0,-1.4521179,0.13564370572566986,0.9940476417541504,0.6390112042427063
YGR187C,YLR309C,0,-1.4525907,0.13562533259391785,0.9940476417541504,0.6391112804412842
YMR184W,YPR168W,0,-1.4528732,0.13560698926448822,0.9940476417541504,0.6392113566398621
YDR503C,YDR056C,0,-1.4537687,0.1355886310338974,0.9940476417541504,0.6393114328384399
YDR295C,YKR048C,0,-1.4545046,0.13557028770446777,0.9940476417541504,0.6394115090370178
YDL051W,YDL093W,0,-1.4557557,0.13555194437503815,0.9940476417541504,0.6395115852355957
YPR095C,YNL040W,0,-1.4559135,0.13553361594676971,0.9940476417541504,0.6396116614341736
YBR275C,YAL021C,0,-1.4569533,0.13551528751850128,0.9940476417541504,0.6397117972373962
YDL101C,YDR315C,0,-1.4571869,0.13549695909023285,0.9940476417541504,0.6398118734359741
YKL008C,YGR134W,0,-1.4579592,0.13547863066196442,0.9940476417541504,0.639911949634552
YJL221C,YMR097C,0,-1.4583709,0.13546031713485718,0.9940476417541504,0.6400120258331299
YJL059W,YKR078W,0,-1.4584761,0.13544201850891113,0.9940476417541504,0.6401121020317078
YDL122W,YKR034W,0,-1.4587396,0.1354237049818039,0.9940476417541504,0.6402121782302856
YML115C,YOR216C,0,-1.4589133,0.13540540635585785,0.9940476417541504,0.6403122544288635
YDR362C,YOL084W,0,-1.4589161,0.1353871077299118,0.9940476417541504,0.6404123306274414
YGR271W,YBL033C,0,-1.4589537,0.13536882400512695,0.9940476417541504,0.6405124068260193
YML040W,YLR298C,0,-1.4591693,0.1353505402803421,0.9940476417541504,0.6406124830245972
YDR200C,YBL005W-A,0,-1.4592437,0.13533225655555725,0.9940476417541504,0.640712559223175
YIR002C,YJL209W,0,-1.4601047,0.1353139728307724,0.9940476417541504,0.6408126354217529
YOR025W,YPL120W,0,-1.4605153,0.13529570400714874,0.9940476417541504,0.6409127116203308
YFL042C,YFR042W,0,-1.4608424,0.13527743518352509,0.9940476417541504,0.6410127878189087
YEL032W,YLR100W,0,-1.4609253,0.13525918126106262,0.9940476417541504,0.6411128640174866
YEL013W,YER019W,0,-1.4609551,0.13524092733860016,0.9940476417541504,0.6412129998207092
YKL046C,YKL074C,0,-1.4614582,0.1352226734161377,0.9940476417541504,0.6413130760192871
YML046W,YLL052C,0,-1.4615456,0.13520441949367523,0.9940476417541504,0.641413152217865
YDL245C,YLL018C-A,0,-1.4617957,0.13518618047237396,0.9940476417541504,0.6415132284164429
YGR043C,YGL092W,0,-1.4618123,0.1351679414510727,0.9940476417541504,0.6416133046150208
YBR220C,YOL126C,0,-1.4620323,0.13514971733093262,0.9940476417541504,0.6417133808135986
YGR243W,YBR172C,0,-1.4622873,0.13513149321079254,0.9940476417541504,0.6418134570121765
YOR290C,YLR328W,0,-1.4626522,0.13511326909065247,0.9940476417541504,0.6419135332107544
YNL126W,YKR014C,0,-1.4627191,0.1350950449705124,0.9940476417541504,0.6420136094093323
YBR034C,YBR211C,0,-1.4631274,0.1350768357515335,0.9940476417541504,0.6421136856079102
YCL029C,YJR061W,0,-1.4640757,0.13505862653255463,0.9940476417541504,0.642213761806488
YOR188W,YDR225W,0,-1.4641347,0.13504043221473694,0.9940476417541504,0.6423138380050659
YGR134W,YKR080W,0,-1.4641993,0.13502223789691925,0.9940476417541504,0.6424139142036438
YFR031C,YER146W,0,-1.4646132,0.13500404357910156,0.9940476417541504,0.6425139904022217
YDR295C,YJL206C,0,-1.4648527,0.13498584926128387,0.9940476417541504,0.6426140666007996
YMR215W,YDL194W,0,-1.4649436,0.13496766984462738,0.9940476417541504,0.6427141427993774
YEL032W,YNL152W,0,-1.4658608,0.1349494904279709,0.9940476417541504,0.6428142786026001
YAL039C,YOR076C,0,-1.4666225,0.13493132591247559,0.9940476417541504,0.642914354801178
YIL016W,YOR190W,0,-1.4669502,0.13491316139698029,0.9940476417541504,0.6430144309997559
YMR265C,YLR033W,0,-1.4671178,0.13489499688148499,0.9940476417541504,0.6431145071983337
YOR188W,YJL140W,0,-1.4679797,0.13487683236598969,0.9940476417541504,0.6432145833969116
YML004C,YEL050C,0,-1.4683527,0.13485868275165558,0.9940476417541504,0.6433146595954895
YFL042C,YDR236C,0,-1.4683762,0.13484053313732147,0.9940476417541504,0.6434147357940674
YPL174C,YAL021C,0,-1.4686669,0.13482238352298737,0.9940476417541504,0.6435148119926453
YFR031C,YNL200C,0,-1.4690292,0.13480424880981445,0.9940476417541504,0.6436148881912231
YBR235W,YDL211C,0,-1.4690568,0.13478611409664154,0.9940476417541504,0.643714964389801
YDR489W,YBR096W,0,-1.4691327,0.13476799428462982,0.9940476417541504,0.6438150405883789
YNL311C,YHL039W,0,-1.4694256,0.1347498595714569,0.9940476417541504,0.6439151167869568
YOR086C,YML015C,0,-1.4696684,0.1347317397594452,0.9940476417541504,0.6440151929855347
YDR311W,YOL044W,0,-1.4700685,0.13471363484859467,0.9940476417541504,0.6441152691841125
YDL116W,YPR061C,0,-1.4715016,0.13469552993774414,0.9940476417541504,0.6442153453826904
YOR148C,YOL103W,0,-1.4715892,0.13467742502689362,0.9940476417541504,0.6443154811859131
YPL128C,YGR049W,0,-1.4716787,0.1346593201160431,0.9940476417541504,0.644415557384491
YDL102W,YLR115W,0,-1.4720416,0.13464123010635376,0.9940476417541504,0.6445156335830688
YMR276W,YOL006C,0,-1.472366,0.13462314009666443,0.9940476417541504,0.6446157097816467
YKL020C,YIR009W,0,-1.4725938,0.1346050500869751,0.9940476417541504,0.6447157859802246
YLR193C,YPR072W,0,-1.4729794,0.13458697497844696,0.9940476417541504,0.6448158621788025
YDR407C,YJL145W,0,-1.4735725,0.13456889986991882,0.9940476417541504,0.6449159383773804
YIL115C,YNL138W-A,0,-1.4737308,0.13455082476139069,0.9940476417541504,0.6450160145759583
YMR227C,YPL219W,0,-1.4742124,0.13453276455402374,0.9940476417541504,0.6451160907745361
YLR090W,YER105C,0,-1.4748368,0.1345147043466568,0.9940476417541504,0.645216166973114
YHR057C,YOR016C,0,-1.4748645,0.13449664413928986,0.9940476417541504,0.6453162431716919
YMR001C,YOR058C,0,-1.4761407,0.1344785988330841,0.9940476417541504,0.6454163193702698
YGL144C,YCR017C,0,-1.4763167,0.13446055352687836,0.9940476417541504,0.6455163955688477
YHR026W,YOL060C,0,-1.476663,0.1344425082206726,0.9940476417541504,0.6456164717674255
YHL021C,YDR266C,0,-1.4772775,0.13442446291446686,0.9940476417541504,0.6457165479660034
YIL171W,YPL213W,0,-1.4776304,0.1344064325094223,0.9940476417541504,0.6458166241645813
YCR027C,YPL222W,0,-1.478115,0.13438841700553894,0.9940476417541504,0.645916759967804
YGL066W,YMR033W,0,-1.4792328,0.13437038660049438,0.9940476417541504,0.6460168361663818
YHR042W,YKL176C,0,-1.4792598,0.13435237109661102,0.9940476417541504,0.6461169123649597
YER010C,YNL323W,0,-1.479328,0.13433435559272766,0.9940476417541504,0.6462169885635376
YLR369W,YBL076C,0,-1.4794772,0.1343163549900055,0.9940476417541504,0.6463170647621155
YGR277C,YCR071C,0,-1.479675,0.13429835438728333,0.9940476417541504,0.6464171409606934
YDR200C,YGR172C,0,-1.4801428,0.13428035378456116,0.9940476417541504,0.6465172171592712
YLR398C,YMR304W,0,-1.4802272,0.13426236808300018,0.9940476417541504,0.6466172933578491
YLR258W,YDR056C,0,-1.4804223,0.13424436748027802,0.9940476417541504,0.646717369556427
YHL012W,YPL259C,0,-1.480445,0.13422639667987823,0.9940476417541504,0.6468174457550049
YNL299W,YOR311C,0,-1.4814551,0.13420841097831726,0.9940476417541504,0.6469175219535828
YAL042W,YDR256C,0,-1.4829373,0.13419044017791748,0.9940476417541504,0.6470175981521606
YLR023C,YMR251W-A,0,-1.4841524,0.1341724693775177,0.9940476417541504,0.6471176743507385
YOR381W,YLR243W,0,-1.4847579,0.13415449857711792,0.9940476417541504,0.6472177505493164
YML038C,YOR171C,0,-1.4851396,0.13413654267787933,0.9940476417541504,0.6473178267478943
YML004C,YPL151C,0,-1.4852171,0.13411858677864075,0.9940476417541504,0.6474179625511169
YGL131C,YPL227C,0,-1.4856205,0.13410064578056335,0.9940476417541504,0.6475180387496948
YBR024W,YML115C,0,-1.4859368,0.13408270478248596,0.9940476417541504,0.6476181149482727
YPR139C,YDR076W,0,-1.486181,0.13406476378440857,0.9940476417541504,0.6477181911468506
YLR256W,YGL040C,0,-1.4871526,0.13404682278633118,0.9940476417541504,0.6478182673454285
YMR039C,YNL008C,0,-1.4873803,0.13402889668941498,0.9940476417541504,0.6479183435440063
YCL058C,YMR276W,0,-1.4874134,0.13401097059249878,0.9940476417541504,0.6480184197425842
YOR190W,YKL074C,0,-1.4874938,0.13399304449558258,0.9940476417541504,0.6481184959411621
YJL209W,YKL007W,0,-1.4884582,0.13397513329982758,0.9940476417541504,0.64821857213974
YOR313C,YHR060W,0,-1.4887154,0.13395722210407257,0.9940476417541504,0.6483186483383179
YMR215W,YNR004W,0,-1.488821,0.13393931090831757,0.9940476417541504,0.6484187245368958
YDL004W,YBL034C,0,-1.4890261,0.13392141461372375,0.9940476417541504,0.6485188007354736
YPL013C,YDR262W,0,-1.489063,0.13390351831912994,0.9940476417541504,0.6486188769340515
YLR119W,YBR260C,0,-1.4892914,0.13388562202453613,0.9940476417541504,0.6487189531326294
YOR313C,YGL049C,0,-1.4893197,0.13386774063110352,0.9940476417541504,0.6488190293312073
YLR309C,YCR017C,0,-1.4902109,0.1338498592376709,0.9940476417541504,0.6489191055297852
YNR026C,YLR115W,0,-1.4919502,0.13383197784423828,0.9940476417541504,0.6490192413330078
YER171W,YFL013C,0,-1.492033,0.13381409645080566,0.9940476417541504,0.6491193175315857
YBR279W,YHR168W,0,-1.492158,0.13379622995853424,0.9940476417541504,0.6492193937301636
YCR106W,YKL152C,0,-1.4922028,0.133778378367424,0.9940476417541504,0.6493194699287415
YIL046W,YOR159C,0,-1.4922196,0.1337605118751526,0.9940476417541504,0.6494195461273193
YPL226W,YGR250C,0,-1.492399,0.13374266028404236,0.9940476417541504,0.6495196223258972
YMR266W,YCR079W,0,-1.492466,0.13372480869293213,0.9940476417541504,0.6496196985244751
YGL005C,YOR156C,0,-1.4932175,0.1337069720029831,0.9940476417541504,0.649719774723053
YMR052W,YJL192C,0,-1.4934986,0.13368912041187286,0.9940476417541504,0.6498198509216309
YEL060C,YKL012W,0,-1.4938364,0.13367129862308502,0.9940476417541504,0.6499199271202087
YOR393W,YMR152W,0,-1.4941071,0.133653461933136,0.9940476417541504,0.6500200033187866
YDR460W,YOR221C,0,-1.4944565,0.13363564014434814,0.9940476417541504,0.6501200795173645
YFR008W,YNL070W,0,-1.4947246,0.1336178183555603,0.9940476417541504,0.6502201557159424
YHR146W,YLR369W,0,-1.4947755,0.13359999656677246,0.9940476417541504,0.6503202319145203
YEL050C,YNL152W,0,-1.4952775,0.1335821896791458,0.9940476417541504,0.6504203081130981
YOR311C,YPL232W,0,-1.4963332,0.13356438279151917,0.9940476417541504,0.6505204439163208
YKR084C,YLR345W,0,-1.4963617,0.13354657590389252,0.9940476417541504,0.6506205201148987
YBR018C,YKL214C,0,-1.4969308,0.13352878391742706,0.9940476417541504,0.6507205963134766
YKR039W,YLR170C,0,-1.4969712,0.1335109919309616,0.9940476417541504,0.6508206725120544
YNL008C,YBR006W,0,-1.4969985,0.13349319994449615,0.9940476417541504,0.6509207487106323
YDR160W,YPL190C,0,-1.4970691,0.1334754228591919,0.9940476417541504,0.6510208249092102
YGR184C,YEL060C,0,-1.4972155,0.13345764577388763,0.9940476417541504,0.6511209011077881
YGR024C,YLR097C,0,-1.497889,0.13343986868858337,0.9940476417541504,0.651220977306366
YHR044C,YAR042W,0,-1.4981863,0.1334221065044403,0.9940476417541504,0.6513210535049438
YOL016C,YCR068W,0,-1.4983878,0.13340434432029724,0.9940476417541504,0.6514211297035217
YKL141W,YDR325W,0,-1.4986942,0.13338658213615417,0.9940476417541504,0.6515212059020996
YPL013C,YGR041W,0,-1.4987117,0.1333688199520111,0.9940476417541504,0.6516212821006775
YMR129W,YBR017C,0,-1.4987526,0.13335107266902924,0.9940476417541504,0.6517213582992554
YDR295C,YDR387C,0,-1.4995561,0.13333334028720856,0.9940476417541504,0.6518214344978333
YOL004W,YCR071C,0,-1.5002437,0.13331559300422668,0.9940476417541504,0.6519215106964111
YNL242W,YGL107C,0,-1.5009005,0.133297860622406,0.9940476417541504,0.6520216464996338
YLR300W,YLR208W,0,-1.5011089,0.13328012824058533,0.9940476417541504,0.6521217226982117
YGR184C,YMR024W,0,-1.5011568,0.13326239585876465,0.9940476417541504,0.6522217988967896
YPR095C,YDL089W,0,-1.501354,0.13324467837810516,0.9940476417541504,0.6523218750953674
YML036W,YOR356W,0,-1.5020206,0.13322696089744568,0.9940476417541504,0.6524219512939453
YML015C,YGL223C,0,-1.502219,0.1332092583179474,0.9940476417541504,0.6525220274925232
YLR220W,YOR382W,0,-1.5024178,0.1331915408372879,0.9940476417541504,0.6526221036911011
YNL142W,YPL232W,0,-1.503404,0.1331738382577896,0.9940476417541504,0.652722179889679
YDR078C,YLR170C,0,-1.5036744,0.13315615057945251,0.9940476417541504,0.6528222560882568
YOR233W,YJL123C,0,-1.5038593,0.13313844799995422,0.9940476417541504,0.6529223322868347
YGL179C,YGL131C,0,-1.5039022,0.13312076032161713,0.9940476417541504,0.6530224084854126
YHR111W,YBR096W,0,-1.5046558,0.13310308754444122,0.9940476417541504,0.6531224846839905
YPR009W,YCR040W,0,-1.5048916,0.13308539986610413,0.9940476417541504,0.6532225608825684
YOL034W,YBR096W,0,-1.5049624,0.13306772708892822,0.9940476417541504,0.6533226370811462
YDR503C,YER087W,0,-1.5085435,0.13305005431175232,0.9940476417541504,0.6534227132797241
YDL207W,YIL157C,0,-1.508569,0.1330323964357376,0.9940476417541504,0.653522789478302
YDR017C,YOL049W,0,-1.5090399,0.1330147385597229,0.9940476417541504,0.6536229252815247
YHR090C,YCR071C,0,-1.5092528,0.1329970806837082,0.9940476417541504,0.6537230014801025
YLR034C,YHR177W,0,-1.5094609,0.13297942280769348,0.9940476417541504,0.6538230776786804
YDR113C,YDR074W,0,-1.5095239,0.13296177983283997,0.9940476417541504,0.6539231538772583
YOR221C,YMR189W,0,-1.5099866,0.13294413685798645,0.9940476417541504,0.6540232300758362
YDR227W,YKR080W,0,-1.5102097,0.13292650878429413,0.9940476417541504,0.6541233062744141
YDR387C,YGR199W,0,-1.510602,0.1329088807106018,0.9940476417541504,0.6542233824729919
YFL042C,YER178W,0,-1.510632,0.13289125263690948,0.9940476417541504,0.6543234586715698
YJL145W,YPL003W,0,-1.5109347,0.13287362456321716,0.9940476417541504,0.6544235348701477
YHR034C,YLR119W,0,-1.5111616,0.13285601139068604,0.9940476417541504,0.6545236110687256
YBL051C,YLR097C,0,-1.5115125,0.1328383982181549,0.9940476417541504,0.6546236872673035
YKL071W,YNL102W,0,-1.5115824,0.13282078504562378,0.9940476417541504,0.6547237634658813
YPL274W,YOR025W,0,-1.5119601,0.13280318677425385,0.9940476417541504,0.6548238396644592
YDR228C,YER153C,0,-1.5124695,0.1327855885028839,0.9940476417541504,0.6549239158630371
YPL222W,YJL194W,0,-1.512691,0.13276799023151398,0.9940476417541504,0.655023992061615
YPR061C,YKR014C,0,-1.5131326,0.13275039196014404,0.9940476417541504,0.6551241278648376
YLR403W,YNL248C,0,-1.5131762,0.1327328085899353,0.9940476417541504,0.6552242040634155
YDL220C,YHR177W,0,-1.5141225,0.13271522521972656,0.9940476417541504,0.6553242802619934
YLR378C,YLR399C,0,-1.5144058,0.13269765675067902,0.9940476417541504,0.6554243564605713
YPL013C,YJL020C,0,-1.5148746,0.13268008828163147,0.9940476417541504,0.6555244326591492
YMR211W,YOL032W,0,-1.5154245,0.13266251981258392,0.9940476417541504,0.655624508857727
YLR378C,YML007W,0,-1.516917,0.13264495134353638,0.9940476417541504,0.6557245850563049
YFR031C,YPR023C,0,-1.5170408,0.13262739777565002,0.9940476417541504,0.6558246612548828
YLR398C,YER099C,0,-1.517878,0.13260984420776367,0.9940476417541504,0.6559247374534607
YLL003W,YDL159W,0,-1.5182614,0.1325923055410385,0.9940476417541504,0.6560248136520386
YPL283C,YOR171C,0,-1.5183473,0.13257475197315216,0.9940476417541504,0.6561248898506165
YOL056W,YBL104C,0,-1.5184875,0.132557213306427,0.9940476417541504,0.6562249660491943
YHL018W,YER029C,0,-1.5185691,0.13253968954086304,0.9940476417541504,0.6563250422477722
YBL102W,YKR063C,0,-1.5191858,0.13252215087413788,0.9940476417541504,0.6564251184463501
YKL114C,YPL274W,0,-1.5193622,0.1325046271085739,0.9940476417541504,0.656525194644928
YKL164C,YDR093W,0,-1.5194514,0.13248710334300995,0.9940476417541504,0.6566252708435059
YOL013C,YDR311W,0,-1.5199307,0.13246959447860718,0.9940476417541504,0.6567254066467285
YER004W,YJR013W,0,-1.5200288,0.1324520856142044,0.9940476417541504,0.6568254828453064
YOL084W,YOR216C,0,-1.5201678,0.13243457674980164,0.9940476417541504,0.6569255590438843
YLR168C,YOR188W,0,-1.5206835,0.13241706788539886,0.9940476417541504,0.6570256352424622
YGL033W,YDL207W,0,-1.5208366,0.1323995739221573,0.9940476417541504,0.65712571144104
YDR400W,YEL011W,0,-1.5252682,0.1323820799589157,0.9940476417541504,0.6572257876396179
YEL013W,YHR150W,0,-1.5256147,0.13236460089683533,0.9940476417541504,0.6573258638381958
YPL271W,YOR060C,0,-1.526258,0.13234710693359375,0.9940476417541504,0.6574259400367737
YKL035W,YPL283C,0,-1.526277,0.13232964277267456,0.9940476417541504,0.6575260162353516
YIL016W,YMR148W,0,-1.5265126,0.13231216371059418,0.9940476417541504,0.6576260924339294
YGL022W,YPR124W,0,-1.5266186,0.132294699549675,0.9940476417541504,0.6577261686325073
YBR017C,YLL052C,0,-1.5274289,0.1322772204875946,0.9940476417541504,0.6578262448310852
YLR250W,YLR375W,0,-1.5278451,0.1322597712278366,0.9940476417541504,0.6579263210296631
YMR087W,YDR325W,0,-1.5299711,0.13224230706691742,0.9940476417541504,0.658026397228241
YEL060C,YIL048W,0,-1.5301993,0.13222485780715942,0.9940476417541504,0.6581264734268188
YOR035C,YER177W,0,-1.5304554,0.13220740854740143,0.9940476417541504,0.6582266092300415
YMR288W,YFL009W,0,-1.5309504,0.13218997418880463,0.9940476417541504,0.6583266854286194
YBR058C,YDR303C,0,-1.531148,0.13217253983020782,0.9940476417541504,0.6584267616271973
YGL144C,YHR041C,0,-1.5313113,0.13215510547161102,0.9940476417541504,0.6585268378257751
YJL035C,YJL194W,0,-1.5317065,0.13213767111301422,0.9940476417541504,0.658626914024353
YAL062W,YOL090W,0,-1.531904,0.1321202516555786,0.9940476417541504,0.6587269902229309
YDL220C,YDR545W,0,-1.5319936,0.132102832198143,0.9940476417541504,0.6588270664215088
YMR203W,YGL139W,0,-1.5326478,0.1320854276418686,0.9940476417541504,0.6589271426200867
YDR082W,YOL159C,0,-1.5327938,0.13206800818443298,0.9940476417541504,0.6590272188186646
YCR048W,YMR203W,0,-1.5332167,0.13205060362815857,0.9940476417541504,0.6591272950172424
YBR235W,YDL105W,0,-1.533788,0.13203319907188416,0.9940476417541504,0.6592273712158203
YLR440C,YHL025W,0,-1.53425,0.13201580941677094,0.9940476417541504,0.6593274474143982
YBR278W,YOR188W,0,-1.5348897,0.13199841976165771,0.9940476417541504,0.6594275236129761
YNL311C,YMR296C,0,-1.5353305,0.1319810301065445,0.9940476417541504,0.659527599811554
YLR115W,YER099C,0,-1.5360242,0.13196365535259247,0.9940476417541504,0.6596276760101318
YHR175W,YDL216C,0,-1.5361805,0.13194628059864044,0.9940476417541504,0.6597278118133545
YEL012W,YOR313C,0,-1.5362818,0.13192890584468842,0.9940476417541504,0.6598278880119324
YJL058C,YLR384C,0,-1.5362909,0.1319115310907364,0.9940476417541504,0.6599279642105103
YHR086W,YDR034C,0,-1.5363748,0.13189417123794556,0.9940476417541504,0.6600280404090881
YML065W,YLR284C,0,-1.5369174,0.13187681138515472,0.9940476417541504,0.660128116607666
YKR001C,YPR169W,0,-1.5388834,0.1318594515323639,0.9940476417541504,0.6602281928062439
YGL236C,YER184C,0,-1.5408177,0.13184210658073425,0.9940476417541504,0.6603282690048218
YFR038W,YLR147C,0,-1.540854,0.13182476162910461,0.9940476417541504,0.6604283452033997
YDR373W,YGR113W,0,-1.5409005,0.13180741667747498,0.9940476417541504,0.6605284214019775
YJL129C,YGL053W,0,-1.541391,0.13179008662700653,0.9940476417541504,0.6606284976005554
YAR042W,YFR049W,0,-1.5420343,0.13177275657653809,0.9940476417541504,0.6607285737991333
YKR097W,YER107C,0,-1.5429833,0.13175542652606964,0.9940476417541504,0.6608286499977112
YJR101W,YGL158W,0,-1.5430465,0.1317380964756012,0.9940476417541504,0.6609287261962891
YMR095C,YNL218W,0,-1.5439012,0.13172078132629395,0.9940476417541504,0.6610288023948669
YMR211W,YDR181C,0,-1.5440476,0.1317034661769867,0.9940476417541504,0.6611288785934448
YMR212C,YCR097W,0,-1.5441046,0.13168616592884064,0.9940476417541504,0.6612289547920227
YML082W,YCR005C,0,-1.5441059,0.1316688507795334,0.9940476417541504,0.6613290905952454
YOR393W,YDR028C,0,-1.5443507,0.13165155053138733,0.9940476417541504,0.6614291667938232
YNL281W,YMR129W,0,-1.5455122,0.13163426518440247,0.9940476417541504,0.6615292429924011
YPL283C,YFL013C,0,-1.5460079,0.1316169649362564,0.9940476417541504,0.661629319190979
YBL002W,YDR380W,0,-1.5464826,0.13159967958927155,0.9940476417541504,0.6617293953895569
YJR149W,YPL259C,0,-1.5476613,0.13158240914344788,0.9940476417541504,0.6618294715881348
YNL311C,YDL089W,0,-1.5476803,0.131565123796463,0.9940476417541504,0.6619295477867126
YPL226W,YJL221C,0,-1.5478446,0.13154785335063934,0.9940476417541504,0.6620296239852905
YOL103W,YKR048C,0,-1.5478466,0.13153058290481567,0.9940476417541504,0.6621297001838684
YHR168W,YNL058C,0,-1.548162,0.1315133273601532,0.9940476417541504,0.6622297763824463
YMR246W,YGR066C,0,-1.5482552,0.13149605691432953,0.9940476417541504,0.6623298525810242
YAL022C,YLL055W,0,-1.5490346,0.13147880136966705,0.9940476417541504,0.662429928779602
YCR073C,YOR273C,0,-1.5492431,0.13146156072616577,0.9940476417541504,0.6625300049781799
YHR060W,YPL179W,0,-1.5495331,0.1314443200826645,0.9940476417541504,0.6626300811767578
YPL132W,YMR163C,0,-1.549565,0.1314270794391632,0.9940476417541504,0.6627301573753357
YMR039C,YKL145W,0,-1.5499233,0.13140983879566193,0.9940476417541504,0.6628302931785583
YNL103W,YML014W,0,-1.5504655,0.13139259815216064,0.9940476417541504,0.6629303693771362
YGL253W,YGR243W,0,-1.5506346,0.13137537240982056,0.9940476417541504,0.6630304455757141
YLR440C,YJL130C,0,-1.5506974,0.13135816156864166,0.9940476417541504,0.663130521774292
YOR142W,YJL047C,0,-1.5507698,0.13134093582630157,0.9940476417541504,0.6632305979728699
YPL255W,YOR216C,0,-1.5513144,0.13132372498512268,0.9940476417541504,0.6633306741714478
YGL105W,YPL258C,0,-1.5515432,0.1313065141439438,0.9940476417541504,0.6634307503700256
YHR129C,YBR108W,0,-1.5515931,0.1312893033027649,0.9940476417541504,0.6635308265686035
YHR154W,YFR043C,0,-1.5520453,0.1312721073627472,0.9940476417541504,0.6636309027671814
YGL093W,YMR251W-A,0,-1.5524521,0.1312549114227295,0.9940476417541504,0.6637309789657593
YNL323W,YNL271C,0,-1.5526588,0.1312377154827118,0.9940476417541504,0.6638310551643372
YDR022C,YDL171C,0,-1.5526702,0.13122053444385529,0.9940476417541504,0.663931131362915
YCL061C,YBL034C,0,-1.5528458,0.13120335340499878,0.9940476417541504,0.6640312075614929
YJL116C,YGR024C,0,-1.5528908,0.13118617236614227,0.9940476417541504,0.6641312837600708
YDR311W,YNL056W,0,-1.5534847,0.13116900622844696,0.9940476417541504,0.6642313599586487
YDL171C,YML002W,0,-1.5539799,0.13115182518959045,0.9940476417541504,0.6643314361572266
YJR106W,YHL003C,0,-1.5542085,0.13113467395305634,0.9940476417541504,0.6644315719604492
YDR463W,YKL018W,0,-1.554211,0.13111750781536102,0.9940476417541504,0.6645316481590271
YAR042W,YNL240C,0,-1.5545509,0.1311003565788269,0.9940476417541504,0.664631724357605
YMR290C,YGR066C,0,-1.5547316,0.13108320534229279,0.9940476417541504,0.6647318005561829
YDR119W,YIL002C,0,-1.5557315,0.13106605410575867,0.9940476417541504,0.6648318767547607
YGL263W,YER146W,0,-1.5557979,0.13104891777038574,0.9940476417541504,0.6649319529533386
YPR108W,YNL142W,0,-1.5558852,0.13103178143501282,0.9940476417541504,0.6650320291519165
YOR159C,YOR076C,0,-1.5559634,0.1310146450996399,0.9940476417541504,0.6651321053504944
YML062C,YDR022C,0,-1.5567398,0.13099750876426697,0.9940476417541504,0.6652321815490723
YDR478W,YOR017W,0,-1.5568683,0.13098038733005524,0.9940476417541504,0.6653322577476501
YNL323W,YFL047W,0,-1.5569245,0.1309632658958435,0.9940476417541504,0.665432333946228
YER021W,YGL090W,0,-1.5572898,0.13094615936279297,0.9940476417541504,0.6655324101448059
YNR074C,YCR097W,0,-1.5576143,0.13092905282974243,0.9940476417541504,0.6656324863433838
YLR148W,YHR066W,0,-1.5577893,0.1309119462966919,0.9940476417541504,0.6657325625419617
YOL038W,YGL090W,0,-1.558238,0.13089483976364136,0.9940476417541504,0.6658326387405396
YPL227C,YHL003C,0,-1.5583165,0.13087774813175201,0.9940476417541504,0.6659327745437622
YJL094C,YML046W,0,-1.5585964,0.13086065649986267,0.9940476417541504,0.6660328507423401
YPL271W,YBL005W-B,0,-1.5586531,0.13084356486797333,0.9940476417541504,0.666132926940918
YDR194C,YER105C,0,-1.5596079,0.13082647323608398,0.9940476417541504,0.6662330031394958
YKR097W,YBR017C,0,-1.5597034,0.13080939650535583,0.9940476417541504,0.6663330793380737
YKL143W,YOR060C,0,-1.5601614,0.13079231977462769,0.9940476417541504,0.6664331555366516
YER184C,YMR294W,0,-1.5608909,0.13077525794506073,0.9940476417541504,0.6665332317352295
YEL059C-A,YLR459W,0,-1.5613068,0.13075819611549377,0.9940476417541504,0.6666333079338074
YHR155W,YBR055C,0,-1.5614398,0.13074113428592682,0.9940476417541504,0.6667333841323853
YHR129C,YGL012W,0,-1.5615679,0.13072407245635986,0.9940476417541504,0.6668334603309631
YKL124W,YNL177C,0,-1.56163,0.1307070106267929,0.9940476417541504,0.666933536529541
YER021W,YKL002W,0,-1.5619636,0.13068996369838715,0.9940476417541504,0.6670336127281189
YLR375W,YBR171W,0,-1.562652,0.13067293167114258,0.9940476417541504,0.6671336889266968
YCR030C,YKR080W,0,-1.5627567,0.13065588474273682,0.9940476417541504,0.6672337651252747
YAL021C,YHR062C,0,-1.563077,0.13063885271549225,0.9940476417541504,0.6673338413238525
YHR057C,YKL054C,0,-1.5630792,0.13062182068824768,0.9940476417541504,0.6674339175224304
YHR047C,YBR301W,0,-1.5633724,0.1306048035621643,0.9940476417541504,0.6675340533256531
YLR227C,YLR206W,0,-1.5634247,0.13058777153491974,0.9940476417541504,0.667634129524231
YIR013C,YDL128W,0,-1.5634654,0.13057075440883636,0.9940476417541504,0.6677342057228088
YLR292C,YLR099C,0,-1.5641859,0.13055375218391418,0.9940476417541504,0.6678342819213867
YOR190W,YDR266C,0,-1.5643239,0.1305367350578308,0.9940476417541504,0.6679343581199646
YHL018W,YDR325W,0,-1.5643489,0.13051973283290863,0.9940476417541504,0.6680344343185425
YBR018C,YOL013C,0,-1.5643629,0.13050273060798645,0.9940476417541504,0.6681345105171204
YNR047W,YLR170C,0,-1.564873,0.13048574328422546,0.9940476417541504,0.6682345867156982
YGR249W,YJL041W,0,-1.5651056,0.13046875596046448,0.9940476417541504,0.6683346629142761
YLL009C,YLR250W,0,-1.5651551,0.1304517686367035,0.9940476417541504,0.668434739112854
YIL061C,YFL047W,0,-1.5656466,0.1304347813129425,0.9940476417541504,0.6685348153114319
YCR009C,YML023C,0,-1.5659347,0.1304178088903427,0.9940476417541504,0.6686348915100098
YPR115W,YPL209C,0,-1.5662662,0.13040083646774292,0.9940476417541504,0.6687349677085876
YHR076W,YGR024C,0,-1.5664518,0.13038386404514313,0.9940476417541504,0.6688350439071655
YMR039C,YLR188W,0,-1.5666534,0.13036690652370453,0.9940476417541504,0.6689351201057434
YLL052C,YOR372C,0,-1.5668068,0.13034993410110474,0.9940476417541504,0.6690352559089661
YFL030W,YPL243W,0,-1.5669674,0.13033299148082733,0.9940476417541504,0.669135332107544
YDR479C,YJR112W,0,-1.5672648,0.13031603395938873,0.9940476417541504,0.6692354083061218
YJL129C,YCR079W,0,-1.56758,0.13029909133911133,0.9940476417541504,0.6693354845046997
YIL005W,YKR084C,0,-1.5675921,0.13028214871883392,0.9940476417541504,0.6694355607032776
YPL036W,YDR066C,0,-1.5685623,0.13026520609855652,0.9940476417541504,0.6695356369018555
YIL159W,YKL002W,0,-1.5687342,0.1302482783794403,0.9940476417541504,0.6696357131004333
YML046W,YOL159C,0,-1.5692382,0.1302313506603241,0.9940476417541504,0.6697357892990112
YHR111W,YLR133W,0,-1.5702024,0.13021442294120789,0.9940476417541504,0.6698358654975891
YER067W,YPL053C,0,-1.5703402,0.13019751012325287,0.9940476417541504,0.669935941696167
YGL022W,YIL062C,0,-1.5706012,0.13018058240413666,0.9940476417541504,0.6700360178947449
YGR036C,YOR157C,0,-1.5707042,0.13016368448734283,0.9940476417541504,0.6701360940933228
YER124C,YGR158C,0,-1.5711218,0.13014677166938782,0.9940476417541504,0.6702361702919006
YFL047W,YER061C,0,-1.5720476,0.130129873752594,0.9940476417541504,0.6703362464904785
YGR184C,YDR212W,0,-1.572515,0.13011297583580017,0.9940476417541504,0.6704363226890564
YLR300W,YPL012W,0,-1.5731043,0.13009607791900635,0.9940476417541504,0.670536458492279
YER057C,YMR009W,0,-1.5736253,0.13007919490337372,0.9940476417541504,0.6706365346908569
YJL058C,YEL011W,0,-1.5741947,0.1300623118877411,0.9940476417541504,0.6707366108894348
YPL130W,YOL145C,0,-1.5745605,0.13004542887210846,0.9940476417541504,0.6708366870880127
YML002W,YML011C,0,-1.5749336,0.13002854585647583,0.9940476417541504,0.6709367632865906
YNL245C,YER035W,0,-1.5752703,0.1300116777420044,0.9940476417541504,0.6710368394851685
YJL055W,YPR079W,0,-1.5759757,0.12999480962753296,0.9940476417541504,0.6711369156837463
YPR032W,YGL181W,0,-1.5760155,0.12997794151306152,0.9940476417541504,0.6712369918823242
YER059W,YKR029C,0,-1.576246,0.12996108829975128,0.9940476417541504,0.6713370680809021
YBR253W,YJL047C,0,-1.5762477,0.12994423508644104,0.9940476417541504,0.67143714427948
YDR352W,YPL191C,0,-1.5779161,0.1299273818731308,0.9940476417541504,0.6715372204780579
YNL236W,YPL270W,0,-1.5780635,0.12991054356098175,0.9940476417541504,0.6716372966766357
YML065W,YOL090W,0,-1.578332,0.1298937052488327,0.9940476417541504,0.6717373728752136
YER184C,YGR113W,0,-1.5784006,0.12987686693668365,0.9940476417541504,0.6718374490737915
YIL144W,YCR009C,0,-1.579738,0.1298600286245346,0.9940476417541504,0.6719375252723694
YFR002W,YDL185W,0,-1.5799093,0.12984320521354675,0.9940476417541504,0.6720376014709473
YDL116W,YDR066C,0,-1.5803933,0.1298263818025589,0.9940476417541504,0.6721377372741699
YNL008C,YMR186W,0,-1.5805616,0.12980955839157104,0.9940476417541504,0.6722378134727478
YDL236W,YPL274W,0,-1.580662,0.12979274988174438,0.9940476417541504,0.6723378896713257
YNR047W,YER107C,0,-1.5810598,0.12977594137191772,0.9940476417541504,0.6724379658699036
YGL256W,YKR001C,0,-1.5812201,0.12975913286209106,0.9940476417541504,0.6725380420684814
YOR172W,YMR204C,0,-1.5812783,0.1297423243522644,0.9940476417541504,0.6726381182670593
YNL190W,YMR189W,0,-1.5813339,0.12972553074359894,0.9940476417541504,0.6727381944656372
YPL273W,YJR110W,0,-1.581372,0.12970873713493347,0.9940476417541504,0.6728382706642151
YDL215C,YOR356W,0,-1.5815195,0.129691943526268,0.9940476417541504,0.672938346862793
YFR038W,YJR106W,0,-1.5818436,0.12967516481876373,0.9940476417541504,0.6730384230613708
YOR306C,YER177W,0,-1.5819924,0.12965838611125946,0.9940476417541504,0.6731384992599487
YGR271W,YER100W,0,-1.5829208,0.1296416074037552,0.9940476417541504,0.6732385754585266
YMR300C,YKL220C,0,-1.5838385,0.1296248435974121,0.9940476417541504,0.6733386516571045
YMR184W,YGL216W,0,-1.5838984,0.12960806488990784,0.9940476417541504,0.6734387278556824
YBL102W,YFR015C,0,-1.583935,0.12959131598472595,0.9940476417541504,0.6735388040542603
YDR194C,YMR020W,0,-1.5840757,0.12957455217838287,0.9940476417541504,0.6736389398574829
YGR002C,YPL184C,0,-1.5853416,0.129557803273201,0.9940476417541504,0.6737390160560608
YOR209C,YDL199C,0,-1.5854719,0.1295410543680191,0.9940476417541504,0.6738390922546387
YEL001C,YNL142W,0,-1.5862195,0.12952430546283722,0.9940476417541504,0.6739391684532166
YGR090W,YIL023C,0,-1.5867307,0.12950755655765533,0.9940476417541504,0.6740392446517944
YBL066C,YHR091C,0,-1.5868214,0.12949082255363464,0.9940476417541504,0.6741393208503723
YJL041W,YDR034C,0,-1.5868503,0.12947408854961395,0.9940476417541504,0.6742393970489502
YJR009C,YHR175W,0,-1.5871953,0.12945736944675446,0.9940476417541504,0.6743394732475281
YJL174W,YOL026C,0,-1.5881456,0.12944063544273376,0.9940476417541504,0.674439549446106
YGR096W,YPL191C,0,-1.5882354,0.12942391633987427,0.9940476417541504,0.6745396256446838
YNL157W,YMR203W,0,-1.5886717,0.12940721213817596,0.9940476417541504,0.6746397018432617
YOR023C,YOL056W,0,-1.5888464,0.12939049303531647,0.9940476417541504,0.6747397780418396
YOR322C,YPR045C,0,-1.5891964,0.12937378883361816,0.9940476417541504,0.6748398542404175
YKR001C,YKL096W,0,-1.5895413,0.12935708463191986,0.9940476417541504,0.6749399304389954
YLR258W,YLR253W,0,-1.5898272,0.12934039533138275,0.9940476417541504,0.6750400066375732
YDR194C,YGL131C,0,-1.5904032,0.12932369112968445,0.9940476417541504,0.6751400828361511
YOL073C,YIL064W,0,-1.5905395,0.12930700182914734,0.9940476417541504,0.6752402186393738
YJL129C,YOR075W,0,-1.5907295,0.12929032742977142,0.9940476417541504,0.6753402948379517
YCR096C,YGL236C,0,-1.5907857,0.12927363812923431,0.9940476417541504,0.6754403710365295
YLR193C,YML023C,0,-1.5910894,0.1292569637298584,0.9940476417541504,0.6755404472351074
YJL038C,YML028W,0,-1.5914912,0.12924028933048248,0.9940476417541504,0.6756405234336853
YPL099C,YCR007C,0,-1.5919018,0.12922362983226776,0.9940476417541504,0.6757405996322632
YGL226C-A,YDL128W,0,-1.5919292,0.12920697033405304,0.9940476417541504,0.6758406758308411
YPR135W,YGL246C,0,-1.5920029,0.12919031083583832,0.9940476417541504,0.675940752029419
YMR184W,YKL176C,0,-1.5920098,0.1291736513376236,0.9940476417541504,0.6760408282279968
YPL128C,YJR061W,0,-1.5920208,0.12915699183940887,0.9940476417541504,0.6761409044265747
YMR156C,YLR250W,0,-1.5922189,0.12914034724235535,0.9940476417541504,0.6762409806251526
YLR390W,YIL048W,0,-1.5923517,0.129123717546463,0.9940476417541504,0.6763410568237305
YNL136W,YLR356W,0,-1.5923588,0.12910707294940948,0.9940476417541504,0.6764411330223083
YOR106W,YJL110C,0,-1.5929809,0.12909044325351715,0.9940476417541504,0.6765412092208862
YPR124W,YDL185W,0,-1.5929891,0.12907381355762482,0.9940476417541504,0.6766412854194641
YMR247C,YOR060C,0,-1.5930506,0.12905718386173248,0.9940476417541504,0.6767414212226868
YMR235C,YCL032W,0,-1.5935552,0.12904056906700134,0.9940476417541504,0.6768414974212646
YOR177C,YPL265W,0,-1.5936556,0.1290239542722702,0.9940476417541504,0.6769415736198425
YNR040W,YPL162C,0,-1.5943072,0.12900733947753906,0.9940476417541504,0.6770416498184204
YOR393W,YOR237W,0,-1.5946845,0.12899072468280792,0.9940476417541504,0.6771417260169983
YBR123C,YBL002W,0,-1.5948093,0.12897412478923798,0.9940476417541504,0.6772418022155762
YKL150W,YBL005W-B,0,-1.5949694,0.12895752489566803,0.9940476417541504,0.677341878414154
YDL013W,YMR020W,0,-1.5955188,0.12894093990325928,0.9940476417541504,0.6774419546127319
YBL067C,YHR044C,0,-1.5956151,0.12892434000968933,0.9940476417541504,0.6775420308113098
YBL058W,YHL027W,0,-1.5956697,0.12890775501728058,0.9940476417541504,0.6776421070098877
YBL004W,YJL038C,0,-1.5956917,0.12889117002487183,0.9940476417541504,0.6777421832084656
YML004C,YKL176C,0,-1.5958054,0.12887459993362427,0.9940476417541504,0.6778422594070435
YCR077C,YDL220C,0,-1.5962789,0.1288580298423767,0.9940476417541504,0.6779423356056213
YMR300C,YGL258W,0,-1.5963063,0.12884145975112915,0.9940476417541504,0.6780424118041992
YDR503C,YIL065C,0,-1.5964587,0.1288248896598816,0.9940476417541504,0.6781424880027771
YER124C,YDR486C,0,-1.5966272,0.12880833446979523,0.9940476417541504,0.6782426238059998
YLR421C,YLL040C,0,-1.5969343,0.12879177927970886,0.9940476417541504,0.6783427000045776
YLL062C,YIL115C,0,-1.5969796,0.1287752240896225,0.9940476417541504,0.6784427762031555
YLR353W,YPL244C,0,-1.5974954,0.12875866889953613,0.9940476417541504,0.6785428524017334
YLR053C,YBR198C,0,-1.5975773,0.12874212861061096,0.9940476417541504,0.6786429286003113
YLR201C,YDR362C,0,-1.5976398,0.1287255883216858,0.9940476417541504,0.6787430047988892
YMR225C,YNL245C,0,-1.598135,0.12870906293392181,0.9940476417541504,0.678843080997467
YMR058W,YPR151C,0,-1.598242,0.12869252264499664,0.9940476417541504,0.6789431571960449
YDR524C,YER024W,0,-1.5982463,0.12867599725723267,0.9940476417541504,0.6790432333946228
YNL309W,YIL098C,0,-1.5984746,0.1286594718694687,0.9940476417541504,0.6791433095932007
YKR049C,YGR074W,0,-1.5986338,0.1286429613828659,0.9940476417541504,0.6792433857917786
YDR166C,YOL002C,0,-1.5997443,0.12862645089626312,0.9940476417541504,0.6793434619903564
YLR219W,YDL132W,0,-1.599843,0.12860994040966034,0.9940476417541504,0.6794435381889343
YML038C,YPR175W,0,-1.6001208,0.12859342992305756,0.9940476417541504,0.6795436143875122
YGR243W,YGL206C,0,-1.6009194,0.12857693433761597,0.9940476417541504,0.6796436905860901
YBL067C,YER100W,0,-1.6019244,0.12856042385101318,0.9940476417541504,0.679743766784668
YHL021C,YLR421C,0,-1.6019845,0.1285439431667328,0.9940476417541504,0.6798439025878906
YOR313C,YDL159W,0,-1.6021175,0.1285274475812912,0.9940476417541504,0.6799439787864685
YFR055W,YPR070W,0,-1.6026456,0.1285109668970108,0.9940476417541504,0.6800440549850464
YKL069W,YDR080W,0,-1.6029526,0.1284944862127304,0.9940476417541504,0.6801441311836243
YMR088C,YJL059W,0,-1.6031017,0.12847800552845,0.9940476417541504,0.6802442073822021
YJL206C,YLR119W,0,-1.6035764,0.1284615397453308,0.9940476417541504,0.68034428358078
YCR044C,YNL001W,0,-1.603584,0.1284450739622116,0.9940476417541504,0.6804443597793579
YBR278W,YER107C,0,-1.6038842,0.1284286081790924,0.9940476417541504,0.6805444359779358
YML065W,YJL081C,0,-1.604145,0.1284121423959732,0.9940476417541504,0.6806445121765137
YKL071W,YLR119W,0,-1.6041636,0.1283956915140152,0.9940476417541504,0.6807445883750916
YKR054C,YJL056C,0,-1.6044436,0.1283792406320572,0.9940476417541504,0.6808446645736694
YER059W,YOR046C,0,-1.6049967,0.12836280465126038,0.9940476417541504,0.6809447407722473
YLR284C,YLR056W,0,-1.6050241,0.12834635376930237,0.9940476417541504,0.6810448169708252
YDR093W,YLR026C,0,-1.605345,0.12832991778850555,0.9940476417541504,0.6811448931694031
YDR533C,YKL160W,0,-1.6060371,0.12831348180770874,0.9940476417541504,0.681244969367981
YDR460W,YGR090W,0,-1.6060885,0.12829706072807312,0.9940476417541504,0.6813451051712036
YLR053C,YNL290W,0,-1.606568,0.1282806247472763,0.9940476417541504,0.6814451813697815
YLR119W,YBR127C,0,-1.6066496,0.12826420366764069,0.9940476417541504,0.6815452575683594
YMR294W,YCR079W,0,-1.607041,0.12824779748916626,0.9940476417541504,0.6816453337669373
YAR031W,YHR168W,0,-1.6080635,0.12823137640953064,0.9940476417541504,0.6817454099655151
YOR044W,YBR078W,0,-1.6081169,0.1282149702310562,0.9940476417541504,0.681845486164093
YIL005W,YMR293C,0,-1.6086128,0.1281985640525818,0.9940476417541504,0.6819455623626709
YDR303C,YAR018C,0,-1.6086833,0.12818217277526855,0.9940476417541504,0.6820456385612488
YDR289C,YHR033W,0,-1.6088771,0.12816576659679413,0.9940476417541504,0.6821457147598267
YKL071W,YML043C,0,-1.6090876,0.1281493753194809,0.9940476417541504,0.6822457909584045
YLR390W-A,YNL169C,0,-1.6092814,0.12813299894332886,0.9940476417541504,0.6823458671569824
YGR271W,YPL259C,0,-1.6109729,0.12811660766601562,0.9940476417541504,0.6824459433555603
YGL263W,YGR086C,0,-1.6116693,0.1281002312898636,0.9940476417541504,0.6825460195541382
YHR044C,YLR099C,0,-1.6117839,0.12808385491371155,0.9940476417541504,0.6826460957527161
YDR510W,YGL012W,0,-1.6123054,0.1280674785375595,0.9940476417541504,0.682746171951294
YGL245W,YBR240C,0,-1.6124692,0.12805111706256866,0.9940476417541504,0.6828462481498718
YPL153C,YER117W,0,-1.6127864,0.12803475558757782,0.9940476417541504,0.6829463839530945
YKR103W,YBR172C,0,-1.6141131,0.12801839411258698,0.9940476417541504,0.6830464601516724
YPL161C,YFL047W,0,-1.6148466,0.12800204753875732,0.9940476417541504,0.6831465363502502
YFL013C,YGR239C,0,-1.6149144,0.12798570096492767,0.9940476417541504,0.6832466125488281
YER099C,YMR009W,0,-1.616199,0.12796935439109802,0.9940476417541504,0.683346688747406
YCL008C,YML015C,0,-1.6170751,0.12795300781726837,0.9940476417541504,0.6834467649459839
YLR459W,YDL159W,0,-1.6175456,0.12793667614459991,0.9940476417541504,0.6835468411445618
YGL216W,YHR062C,0,-1.6178669,0.12792034447193146,0.9940476417541504,0.6836469173431396
YCR034W,YLR119W,0,-1.618232,0.127904012799263,0.9940476417541504,0.6837469935417175
YMR056C,YJL003W,0,-1.6191006,0.12788768112659454,0.9940476417541504,0.6838470697402954
YJR061W,YBR220C,0,-1.6193204,0.12787136435508728,0.9940476417541504,0.6839471459388733
YJR150C,YGL254W,0,-1.619913,0.12785504758358002,0.9940476417541504,0.6840472221374512
YJL209W,YOL117W,0,-1.6215997,0.12783873081207275,0.9940476417541504,0.684147298336029
YLR052W,YBR186W,0,-1.6228783,0.12782242894172668,0.9940476417541504,0.6842473745346069
YNL223W,YNR043W,0,-1.6233774,0.12780612707138062,0.9940476417541504,0.6843474507331848
YMR095C,YGL144C,0,-1.623544,0.12778982520103455,0.9940476417541504,0.6844475865364075
YLL052C,YNR043W,0,-1.6238557,0.12777352333068848,0.9940476417541504,0.6845476627349854
YMR163C,YPL259C,0,-1.6239606,0.1277572363615036,0.9940476417541504,0.6846477389335632
YMR046C,YHR086W,0,-1.6243773,0.12774094939231873,0.9940476417541504,0.6847478151321411
YOR233W,YDR227W,0,-1.6245524,0.12772466242313385,0.9940476417541504,0.684847891330719
YBR276C,YML002W,0,-1.6249721,0.12770839035511017,0.9940476417541504,0.6849479675292969
YLR090W,YKR029C,0,-1.625082,0.1276921182870865,0.9940476417541504,0.6850480437278748
YMR052W,YBL034C,0,-1.6252899,0.1276758462190628,0.9940476417541504,0.6851481199264526
YDR315C,YDR028C,0,-1.6252959,0.12765957415103912,0.9940476417541504,0.6852481961250305
YKR058W,YHR064C,0,-1.6256442,0.12764331698417664,0.9940476417541504,0.6853482723236084
YLR240W,YDR128W,0,-1.6265228,0.12762705981731415,0.9940476417541504,0.6854483485221863
YGL093W,YLR119W,0,-1.626547,0.12761080265045166,0.9940476417541504,0.6855484247207642
YDL105W,YGR243W,0,-1.6265516,0.12759454548358917,0.9940476417541504,0.685648500919342
YLR219W,YMR247C,0,-1.6267359,0.12757830321788788,0.9940476417541504,0.6857485771179199
YGR250C,YNR076W,0,-1.6268005,0.12756206095218658,0.9940476417541504,0.6858486533164978
YDL099W,YDR054C,0,-1.6268612,0.1275458186864853,0.9940476417541504,0.6859487295150757
YPR115W,YMR243C,0,-1.6269584,0.1275295913219452,0.9940476417541504,0.6860488653182983
YML002W,YBL076C,0,-1.6270986,0.1275133639574051,0.9940476417541504,0.6861489415168762
YMR184W,YLR033W,0,-1.6272731,0.127497136592865,0.9940476417541504,0.6862490177154541
YGR276C,YKR061W,0,-1.6276733,0.1274809092283249,0.9940476417541504,0.686349093914032
YBR108W,YDR405W,0,-1.6279871,0.12746469676494598,0.9940476417541504,0.6864491701126099
YBL011W,YGR096W,0,-1.6281691,0.12744848430156708,0.9940476417541504,0.6865492463111877
YNL194C,YGL070C,0,-1.6286875,0.12743227183818817,0.9940476417541504,0.6866493225097656
YLR404W,YDR407C,0,-1.6297724,0.12741607427597046,0.9940476417541504,0.6867493987083435
YPR009W,YMR112C,0,-1.6298937,0.12739987671375275,0.9940476417541504,0.6868494749069214
YMR039C,YDL105W,0,-1.630133,0.12738367915153503,0.9940476417541504,0.6869495511054993
YDL185W,YPR006C,0,-1.630135,0.12736748158931732,0.9940476417541504,0.6870496273040771
YDR259C,YGL090W,0,-1.6301502,0.1273512989282608,0.9940476417541504,0.687149703502655
YGL066W,YGL200C,0,-1.6314139,0.12733511626720428,0.9940476417541504,0.6872497797012329
YIR005W,YPL152W,0,-1.6315689,0.12731893360614777,0.9940476417541504,0.6873498558998108
YDL179W,YBL066C,0,-1.6318228,0.12730275094509125,0.9940476417541504,0.6874499320983887
YDR227W,YLR193C,0,-1.632062,0.12728658318519592,0.9940476417541504,0.6875500679016113
YDR194C,YFL030W,0,-1.6321602,0.1272704154253006,0.9940476417541504,0.6876501441001892
YLR258W,YDR225W,0,-1.6324074,0.12725424766540527,0.9940476417541504,0.6877502202987671
YNL242W,YIL064W,0,-1.6329498,0.12723809480667114,0.9940476417541504,0.687850296497345
YOR177C,YDR033W,0,-1.6330119,0.127221941947937,0.9940476417541504,0.6879503726959229
YJL035C,YNR026C,0,-1.6330378,0.12720578908920288,0.9940476417541504,0.6880504488945007
YJL047C,YJL076W,0,-1.6335148,0.12718963623046875,0.9940476417541504,0.6881505250930786
YER171W,YKL124W,0,-1.6337922,0.1271734982728958,0.9940476417541504,0.6882506012916565
YDR460W,YDL246C,0,-1.6341348,0.12715736031532288,0.9940476417541504,0.6883506774902344
YKR103W,YKL069W,0,-1.6345903,0.12714122235774994,0.9940476417541504,0.6884507536888123
YIL066C,YBR266C,0,-1.63477,0.1271250993013382,0.9940476417541504,0.6885508298873901
YEL019C,YOR356W,0,-1.6353619,0.12710896134376526,0.9940476417541504,0.688650906085968
YHR196W,YJR149W,0,-1.6355476,0.1270928531885147,0.9940476417541504,0.6887509822845459
YFL059W,YCL063W,0,-1.6358819,0.12707673013210297,0.9940476417541504,0.6888510584831238
YGL179C,YDR031W,0,-1.6368501,0.12706060707569122,0.9940476417541504,0.6889511346817017
YDR201W,YGR175C,0,-1.637082,0.12704449892044067,0.9940476417541504,0.6890512704849243
YNL245C,YGL254W,0,-1.6372616,0.12702839076519012,0.9940476417541504,0.6891513466835022
YER173W,YDL004W,0,-1.6372802,0.12701229751110077,0.9940476417541504,0.6892514228820801
YGL139W,YOR081C,0,-1.637281,0.1269962042570114,0.9940476417541504,0.689351499080658
YOR276W,YDL138W,0,-1.6374768,0.12698011100292206,0.9940476417541504,0.6894515752792358
YKR103W,YFR015C,0,-1.6375866,0.1269640177488327,0.9940476417541504,0.6895516514778137
YGL174W,YBL011W,0,-1.638118,0.12694792449474335,0.9940476417541504,0.6896517276763916
YIL046W,YHR074W,0,-1.6381526,0.12693184614181519,0.9940476417541504,0.6897518038749695
YOR337W,YDR033W,0,-1.6382613,0.12691576778888702,0.9940476417541504,0.6898518800735474
YDR181C,YMR276W,0,-1.639137,0.12689968943595886,0.9940476417541504,0.6899519562721252
YGL070C,YOL034W,0,-1.6396211,0.1268836259841919,0.9940476417541504,0.6900520324707031
YER057C,YKR063C,0,-1.6396776,0.12686756253242493,0.9940476417541504,0.690152108669281
YJL035C,YCR079W,0,-1.6418545,0.12685149908065796,0.9940476417541504,0.6902521848678589
YML065W,YBR211C,0,-1.6421287,0.126835435628891,0.9940476417541504,0.6903522610664368
YBL067C,YLR369W,0,-1.6426921,0.12681938707828522,0.9940476417541504,0.6904523372650146
YHR047C,YMR204C,0,-1.6429164,0.12680333852767944,0.9940476417541504,0.6905524134635925
YBL067C,YGL043W,0,-1.6429795,0.12678728997707367,0.9940476417541504,0.6906525492668152
YOR393W,YCL008C,0,-1.6435606,0.1267712563276291,0.9940476417541504,0.6907526254653931
YOR299W,YOR094W,0,-1.6439497,0.1267552226781845,0.9940476417541504,0.690852701663971
YGL200C,YKR104W,0,-1.644151,0.12673918902873993,0.9940476417541504,0.6909527778625488
YBL002W,YDR311W,0,-1.6444628,0.12672315537929535,0.9940476417541504,0.6910528540611267
YER144C,YCR071C,0,-1.6444881,0.12670713663101196,0.9940476417541504,0.6911529302597046
YDL119C,YPL162C,0,-1.6447396,0.12669111788272858,0.9940476417541504,0.6912530064582825
YHL047C,YHR165C,0,-1.6449704,0.1266750991344452,0.9940476417541504,0.6913530826568604
YCL061C,YKL194C,0,-1.6451228,0.1266590803861618,0.9940476417541504,0.6914531588554382
YLR212C,YIL137C,1,-1.6453211,0.12676946818828583,0.995039701461792,0.6914531588554382
YNL026W,YER107C,0,-1.6456418,0.12675344944000244,0.995039701461792,0.6915532350540161
YGL174W,YDR063W,0,-1.6465971,0.12673743069171906,0.995039701461792,0.691653311252594
YMR300C,YDR009W,0,-1.6467746,0.12672141194343567,0.995039701461792,0.6917533874511719
YGR185C,YOR081C,0,-1.6472088,0.12670540809631348,0.995039701461792,0.6918534636497498
YPL042C,YNL290W,0,-1.6481261,0.12668940424919128,0.995039701461792,0.6919535398483276
YNR056C,YLR079W,0,-1.6487638,0.1266734004020691,0.995039701461792,0.6920536160469055
YLL003W,YOR159C,0,-1.6505226,0.1266574114561081,0.995039701461792,0.6921537518501282
YLR148W,YPR161C,0,-1.6505597,0.1266414076089859,0.995039701461792,0.692253828048706
YLR258W,YPL255W,0,-1.6509025,0.1266254186630249,0.995039701461792,0.6923539042472839
YKL209C,YLR117C,0,-1.6517701,0.1266094446182251,0.995039701461792,0.6924539804458618
YHR147C,YDR519W,0,-1.6520152,0.1265934556722641,0.995039701461792,0.6925540566444397
YHL047C,YNL161W,0,-1.6522628,0.1265774816274643,0.995039701461792,0.6926541328430176
YPL013C,YOR016C,0,-1.6523529,0.1265615075826645,0.995039701461792,0.6927542090415955
YLR442C,YOR060C,0,-1.6527671,0.12654554843902588,0.995039701461792,0.6928542852401733
YJL222W,YHL012W,0,-1.6536382,0.12652958929538727,0.995039701461792,0.6929543614387512
YGL070C,YER100W,0,-1.654139,0.12651361525058746,0.995039701461792,0.6930544376373291
YPL194W,YPL085W,0,-1.6542523,0.12649767100811005,0.995039701461792,0.693154513835907
YLL055W,YNL221C,0,-1.6545907,0.12648171186447144,0.995039701461792,0.6932545900344849
YPL042C,YGL156W,0,-1.6552691,0.12646576762199402,0.995039701461792,0.6933546662330627
YOL141W,YJL194W,0,-1.6560454,0.1264498233795166,0.995039701461792,0.6934547424316406
YIL113W,YPR079W,0,-1.6565266,0.12643387913703918,0.995039701461792,0.6935548186302185
YER010C,YLR253W,0,-1.6567297,0.12641794979572296,0.995039701461792,0.6936548948287964
YBR073W,YPL111W,0,-1.6572974,0.12640202045440674,0.995039701461792,0.693755030632019
YKR091W,YGL158W,0,-1.6580257,0.12638609111309052,0.995039701461792,0.6938551068305969
YDL119C,YOL034W,0,-1.6580385,0.1263701617717743,0.995039701461792,0.6939551830291748
YIR002C,YBR283C,0,-1.6580696,0.12635424733161926,0.995039701461792,0.6940552592277527
YKL214C,YLR223C,0,-1.6581992,0.12633833289146423,0.995039701461792,0.6941553354263306
YIL046W,YKL126W,0,-1.6584086,0.1263224184513092,0.995039701461792,0.6942554116249084
YDR337W,YMR004W,0,-1.658576,0.12630650401115417,0.995039701461792,0.6943554878234863
YGR110W,YGL092W,0,-1.6586936,0.12629060447216034,0.995039701461792,0.6944555640220642
YKL089W,YER057C,0,-1.6587137,0.1262747049331665,0.995039701461792,0.6945556402206421
YAL058W,YJR160C,0,-1.6594025,0.12625880539417267,0.995039701461792,0.69465571641922
YMR113W,YDR280W,0,-1.6594182,0.12624292075634003,0.995039701461792,0.6947557926177979
YBR034C,YGL090W,0,-1.6602503,0.12622703611850739,0.995039701461792,0.6948558688163757
YMR088C,YKR007W,0,-1.6603477,0.12621115148067474,0.995039701461792,0.6949559450149536
YCR077C,YDR380W,0,-1.6604896,0.1261952668428421,0.995039701461792,0.6950560212135315
YGL158W,YGL012W,0,-1.6616895,0.12617939710617065,0.995039701461792,0.6951560974121094
YJL123C,YDR311W,0,-1.6617532,0.1261635273694992,0.995039701461792,0.695256233215332
YHR035W,YMR097C,0,-1.6624494,0.12614765763282776,0.995039701461792,0.6953563094139099
YLL040C,YAL062W,0,-1.6631519,0.1261317878961563,0.995039701461792,0.6954563856124878
YER105C,YDR262W,0,-1.6635923,0.12611593306064606,0.995039701461792,0.6955564618110657
YGR271W,YDL246C,0,-1.6640403,0.1261000782251358,0.995039701461792,0.6956565380096436
YER046W,YFL034W,0,-1.6643503,0.12608422338962555,0.995039701461792,0.6957566142082214
YDR194C,YGL223C,0,-1.6650627,0.1260683834552765,0.995039701461792,0.6958566904067993
YEL060C,YMR074C,0,-1.6654692,0.12605252861976624,0.995039701461792,0.6959567666053772
YOR382W,YPL222W,0,-1.6658821,0.12603668868541718,0.995039701461792,0.6960568428039551
YKL029C,YDL246C,0,-1.6661258,0.1260208636522293,0.995039701461792,0.696156919002533
YHR129C,YOL073C,0,-1.6668785,0.12600502371788025,0.995039701461792,0.6962569952011108
YML040W,YPL166W,0,-1.6669304,0.12598919868469238,0.995039701461792,0.6963570713996887
YPL053C,YHL012W,0,-1.6675045,0.12597337365150452,0.995039701461792,0.6964571475982666
YER059W,YBR065C,0,-1.6678,0.12595754861831665,0.995039701461792,0.6965572237968445
YCL029C,YDL194W,0,-1.6685991,0.12594173848628998,0.995039701461792,0.6966572999954224
YGR070W,YPL013C,0,-1.6686215,0.1259259283542633,0.995039701461792,0.6967573761940002
YDR337W,YDR160W,0,-1.6694481,0.12591011822223663,0.995039701461792,0.6968575119972229
YGL033W,YPL059W,0,-1.6697495,0.12589430809020996,0.995039701461792,0.6969575881958008
YBR136W,YLR170C,0,-1.6703851,0.12587851285934448,0.995039701461792,0.6970576643943787
YMR001C,YLR390W,0,-1.6707202,0.125862717628479,0.995039701461792,0.6971577405929565
YPR192W,YBR211C,0,-1.6718154,0.12584692239761353,0.995039701461792,0.6972578167915344
YJL076W,YPL085W,0,-1.6723285,0.12583114206790924,0.995039701461792,0.6973578929901123
YLR023C,YBR069C,0,-1.6724485,0.12581534683704376,0.995039701461792,0.6974579691886902
YDR303C,YHR172W,0,-1.6724926,0.12579956650733948,0.995039701461792,0.6975580453872681
YGL049C,YIL137C,1,-1.6725312,0.1259092092514038,0.9960317611694336,0.6975580453872681
YOL020W,YPL151C,0,-1.6726894,0.12589341402053833,0.9960317611694336,0.697658121585846
YJL155C,YDR217C,0,-1.6732166,0.12587763369083405,0.9960317611694336,0.6977581977844238
YHL027W,YCR030C,0,-1.6739808,0.12586185336112976,0.9960317611694336,0.6978582739830017
YKR091W,YFR002W,0,-1.6745908,0.12584607303142548,0.9960317611694336,0.6979583501815796
YMR058W,YNR028W,0,-1.6746625,0.12583030760288239,0.9960317611694336,0.6980584263801575
YMR186W,YMR293C,0,-1.6751108,0.1258145421743393,0.9960317611694336,0.6981585025787354
YPR009W,YDR519W,0,-1.6754053,0.1257987767457962,0.9960317611694336,0.6982585787773132
YHR044C,YDR407C,0,-1.6758163,0.1257830113172531,0.9960317611694336,0.6983587145805359
YGL263W,YNL126W,0,-1.6759562,0.12576726078987122,0.9960317611694336,0.6984587907791138
YDL102W,YOR298W,0,-1.6760297,0.12575151026248932,0.9960317611694336,0.6985588669776917
YDL098C,YIL023C,0,-1.6761594,0.12573575973510742,0.9960317611694336,0.6986589431762695
YGR002C,YDL069C,0,-1.6763058,0.12572000920772552,0.9960317611694336,0.6987590193748474
YKL114C,YDR080W,0,-1.6766034,0.12570427358150482,0.9960317611694336,0.6988590955734253
YMR288W,YBR058C,0,-1.676769,0.12568853795528412,0.9960317611694336,0.6989591717720032
YML062C,YHL044W,0,-1.6770415,0.12567280232906342,0.9960317611694336,0.699059247970581
YHR135C,YPL128C,0,-1.6775215,0.1256570667028427,0.9960317611694336,0.6991593241691589
YPL164C,YCL045C,0,-1.677891,0.1256413459777832,0.9960317611694336,0.6992594003677368
YGR070W,YJL020C,0,-1.6781838,0.1256256252527237,0.9960317611694336,0.6993594765663147
YPL045W,YDR387C,0,-1.6784806,0.12560990452766418,0.9960317611694336,0.6994595527648926
YNL128W,YBR169C,0,-1.6799818,0.12559419870376587,0.9960317611694336,0.6995596289634705
YBR154C,YDR371W,0,-1.6806085,0.12557849287986755,0.9960317611694336,0.6996597051620483
YCR048W,YBR114W,0,-1.6806667,0.12556278705596924,0.9960317611694336,0.6997597813606262
YDL159W,YML052W,0,-1.6811078,0.12554708123207092,0.9960317611694336,0.6998599171638489
YKL209C,YPL116W,0,-1.6825429,0.1255313754081726,0.9960317611694336,0.6999599933624268
YER114C,YGR016W,0,-1.6828008,0.12551568448543549,0.9960317611694336,0.7000600695610046
YMR042W,YBR131W,0,-1.6834197,0.12549999356269836,0.9960317611694336,0.7001601457595825
YPR095C,YDR540C,0,-1.6839027,0.12548431754112244,0.9960317611694336,0.7002602219581604
YDL236W,YLL003W,0,-1.6839228,0.12546862661838531,0.9960317611694336,0.7003602981567383
YJL140W,YNL102W,0,-1.6841097,0.1254529505968094,0.9960317611694336,0.7004603743553162
YHR175W,YMR233W,0,-1.6841289,0.12543727457523346,0.9960317611694336,0.700560450553894
YGL181W,YDR400W,0,-1.6847596,0.12542161345481873,0.9960317611694336,0.7006605267524719
YDR295C,YMR174C,0,-1.6849399,0.125405952334404,0.9960317611694336,0.7007606029510498
YPL273W,YLL006W,0,-1.6850935,0.12539027631282806,0.9960317611694336,0.7008606791496277
YJR007W,YHR177W,0,-1.685365,0.12537463009357452,0.9960317611694336,0.7009607553482056
YJR112W,YNL152W,0,-1.6855141,0.1253589689731598,0.9960317611694336,0.7010608315467834
YGR250C,YDR489W,0,-1.6856844,0.12534332275390625,0.9960317611694336,0.7011609077453613
YLR206W,YOL038W,0,-1.6857111,0.1253276765346527,0.9960317611694336,0.7012609839439392
YOR142W,YGL038C,0,-1.6857984,0.12531203031539917,0.9960317611694336,0.7013610601425171
YLR442C,YJR061W,0,-1.6864698,0.12529639899730682,0.9960317611694336,0.7014611959457397
YMR183C,YJL141C,0,-1.6868325,0.12528075277805328,0.9960317611694336,0.7015612721443176
YGL179C,YBL102W,0,-1.6868386,0.12526512145996094,0.9960317611694336,0.7016613483428955
YNL311C,YOR362C,0,-1.687047,0.12524950504302979,0.9960317611694336,0.7017614245414734
YPL227C,YPL128C,0,-1.6871266,0.12523387372493744,0.9960317611694336,0.7018615007400513
YML039W,YDR387C,0,-1.687403,0.1252182573080063,0.9960317611694336,0.7019615769386292
YNL103W,YGR276C,0,-1.6876183,0.12520264089107513,0.9960317611694336,0.702061653137207
YIL046W,YDL206W,0,-1.6878506,0.12518703937530518,0.9960317611694336,0.7021617293357849
YDR477W,YDR280W,0,-1.688911,0.12517142295837402,0.9960317611694336,0.7022618055343628
YPL283C,YGR060W,0,-1.6893077,0.12515582144260406,0.9960317611694336,0.7023618817329407
YIL010W,YOL006C,0,-1.6893406,0.1251402199268341,0.9960317611694336,0.7024619579315186
YGR086C,YDR489W,0,-1.6896247,0.12512463331222534,0.9960317611694336,0.7025620341300964
YLR201C,YNL161W,0,-1.6903913,0.12510903179645538,0.9960317611694336,0.7026621103286743
YDR463W,YLR390W,0,-1.6905289,0.12509344518184662,0.9960317611694336,0.7027621865272522
YDL236W,YGL223C,0,-1.6915426,0.12507785856723785,0.9960317611694336,0.7028622627258301
YJR150C,YBR007C,0,-1.6916816,0.12506228685379028,0.9960317611694336,0.7029623985290527
YHR044C,YOL004W,0,-1.6918933,0.12504670023918152,0.9960317611694336,0.7030624747276306
YDR373W,YDR028C,0,-1.6919411,0.12503112852573395,0.9960317611694336,0.7031625509262085
YPL042C,YDR477W,0,-1.692178,0.12501557171344757,0.9960317611694336,0.7032626271247864
YKL007W,YLR102C,0,-1.6940812,0.125,0.9960317611694336,0.7033627033233643
YBR186W,YOL159C,0,-1.6945467,0.12498443573713303,0.9960317611694336,0.7034627795219421
YMR314W,YNL142W,0,-1.6947392,0.12496887892484665,0.9960317611694336,0.70356285572052
YPR007C,YJL129C,0,-1.6947889,0.12495332956314087,0.9960317611694336,0.7036629319190979
YMR227C,YAL058W,0,-1.695288,0.12493778020143509,0.9960317611694336,0.7037630081176758
YGR068C,YGR158C,0,-1.6955086,0.1249222382903099,0.9960317611694336,0.7038630843162537
YGR189C,YOL145C,0,-1.6955677,0.12490669637918472,0.9960317611694336,0.7039631605148315
YMR042W,YKL012W,0,-1.695661,0.12489115446805954,0.9960317611694336,0.7040632367134094
YER155C,YPR072W,0,-1.6961967,0.12487562000751495,0.9960317611694336,0.7041633129119873
YDL117W,YPL258C,0,-1.6975803,0.12486009299755096,0.9960317611694336,0.7042633891105652
YDL072C,YHL025W,0,-1.6979572,0.12484456598758698,0.9960317611694336,0.7043634653091431
YPR095C,YHR076W,0,-1.699223,0.12482904642820358,0.9960317611694336,0.704463541507721
YGL231C,YOL060C,0,-1.6995716,0.12481352686882019,0.9960317611694336,0.7045636773109436
YDR383C,YNL169C,0,-1.6996745,0.1247980147600174,0.9960317611694336,0.7046637535095215
YDR166C,YCR093W,0,-1.6999402,0.1247825026512146,0.9960317611694336,0.7047638297080994
YIR002C,YJR110W,0,-1.7000731,0.1247669905424118,0.9960317611694336,0.7048639059066772
YKL054C,YPR045C,0,-1.7002892,0.1247514933347702,0.9960317611694336,0.7049639821052551
YBR073W,YIL062C,0,-1.7011313,0.124735988676548,0.9960317611694336,0.705064058303833
YER032W,YBL051C,0,-1.7013198,0.124720498919487,0.9960317611694336,0.7051641345024109
YNR071C,YGL040C,0,-1.7015772,0.124705009162426,0.9960317611694336,0.7052642107009888
YGL114W,YDR477W,0,-1.7019968,0.12468951940536499,0.9960317611694336,0.7053642868995667
YJL090C,YOL049W,0,-1.7020179,0.12467403709888458,0.9960317611694336,0.7054643630981445
YLR298C,YLR244C,0,-1.7021536,0.12465855479240417,0.9960317611694336,0.7055644392967224
YGR109C,YDR400W,0,-1.7025198,0.12464307993650436,0.9960317611694336,0.7056645154953003
YCR044C,YOR355W,0,-1.7026538,0.12462760508060455,0.9960317611694336,0.7057645916938782
YMR001C,YOR152C,0,-1.702714,0.12461213767528534,0.9960317611694336,0.705864667892456
YLR390W-A,YOR273C,0,-1.7033197,0.12459667772054672,0.9960317611694336,0.7059647440910339
YHR042W,YDL194W,0,-1.7036828,0.12458121031522751,0.9960317611694336,0.7060648798942566
YLR201C,YJL099W,0,-1.7040133,0.12456575781106949,0.9960317611694336,0.7061649560928345
YCR017C,YLR039C,0,-1.7041755,0.12455030530691147,0.9960317611694336,0.7062650322914124
YOR142W,YML118W,0,-1.7045784,0.12453485280275345,0.9960317611694336,0.7063651084899902
YDR470C,YDR533C,0,-1.7046165,0.12451940774917603,0.9960317611694336,0.7064651846885681
YDL099W,YBL104C,0,-1.7053471,0.1245039701461792,0.9960317611694336,0.706565260887146
YER177W,YKL012W,0,-1.7054996,0.12448853254318237,0.9960317611694336,0.7066653370857239
YDL013W,YPR112C,0,-1.7058165,0.12447309494018555,0.9960317611694336,0.7067654132843018
YLL049W,YFL041W,0,-1.7063397,0.12445766478776932,0.9960317611694336,0.7068654894828796
YPR113W,YAR042W,0,-1.7069348,0.12444224208593369,0.9960317611694336,0.7069655656814575
YGR068C,YKR061W,0,-1.7073798,0.12442681938409805,0.9960317611694336,0.7070656418800354
YGR250C,YDR128W,0,-1.7076194,0.12441139668226242,0.9960317611694336,0.7071657180786133
YGL033W,YNR026C,0,-1.7082396,0.12439598888158798,0.9960317611694336,0.7072657942771912
YGR250C,YDL105W,0,-1.7084134,0.12438057363033295,0.9960317611694336,0.707365870475769
YNR074C,YGL092W,0,-1.7087914,0.12436516582965851,0.9960317611694336,0.7074659466743469
YGL033W,YJL140W,0,-1.7088125,0.12434976547956467,0.9960317611694336,0.7075660824775696
YML042W,YDR214W,0,-1.7089822,0.12433436512947083,0.9960317611694336,0.7076661586761475
YDR123C,YDR512C,0,-1.7089932,0.12431897222995758,0.9960317611694336,0.7077662348747253
YHR111W,YLR442C,0,-1.7091008,0.12430357933044434,0.9960317611694336,0.7078663110733032
YPL128C,YPR017C,0,-1.709265,0.12428818643093109,0.9960317611694336,0.7079663872718811
YKL035W,YKR078W,0,-1.70992,0.12427280843257904,0.9960317611694336,0.708066463470459
YOR255W,YER004W,0,-1.710405,0.12425742298364639,0.9960317611694336,0.7081665396690369
YCR060W,YMR266W,0,-1.7109065,0.12424205243587494,0.9960317611694336,0.7082666158676147
YPL082C,YHL035C,0,-1.7112948,0.12422667443752289,0.9960317611694336,0.7083666920661926
YNL311C,YDR093W,0,-1.7116587,0.12421131134033203,0.9960317611694336,0.7084667682647705
YML115C,YDL105W,0,-1.7126874,0.12419594079256058,0.9960317611694336,0.7085668444633484
YDL093W,YJR106W,0,-1.7129917,0.12418057769536972,0.9960317611694336,0.7086669206619263
YEL032W,YNL169C,0,-1.7133377,0.12416522204875946,0.9960317611694336,0.7087669968605042
YJL165C,YKL152C,0,-1.7135022,0.1241498738527298,0.9960317611694336,0.708867073059082
YHL044W,YBR279W,0,-1.714098,0.12413451820611954,0.9960317611694336,0.7089671492576599
YGL223C,YLL006W,0,-1.7141793,0.12411917746067047,0.9960317611694336,0.7090672254562378
YDR460W,YPR023C,0,-1.7142776,0.12410382926464081,0.9960317611694336,0.7091673612594604
YOL020W,YLR375W,0,-1.7145591,0.12408849596977234,0.9960317611694336,0.7092674374580383
YHR034C,YDR076W,0,-1.7145624,0.12407315522432327,0.9960317611694336,0.7093675136566162
YFR014C,YLR378C,0,-1.7147282,0.1240578293800354,0.9960317611694336,0.7094675898551941
YJL206C,YLR356W,0,-1.7149391,0.12404250353574753,0.9960317611694336,0.709567666053772
YBR265W,YGR189C,0,-1.7158886,0.12402717769145966,0.9960317611694336,0.7096677422523499
YPL179W,YLR186W,0,-1.7165585,0.12401185929775238,0.9960317611694336,0.7097678184509277
YDR031W,YDR093W,0,-1.7169402,0.1239965409040451,0.9960317611694336,0.7098678946495056
YOL149W,YKR104W,0,-1.717167,0.12398122996091843,0.9960317611694336,0.7099679708480835
YOR026W,YGR172C,0,-1.7181225,0.12396591901779175,0.9960317611694336,0.7100680470466614
YBL033C,YER019W,0,-1.71814,0.12395061552524567,0.9960317611694336,0.7101681232452393
YJR070C,YER124C,0,-1.719125,0.12393531948328018,0.9960317611694336,0.7102681994438171
YEL059C-A,YGL053W,0,-1.7195418,0.1239200234413147,0.9960317611694336,0.710368275642395
YOL045W,YGR271W,1,-1.7195894,0.12402813881635666,0.9970238208770752,0.710368275642395
YPL128C,YNL169C,0,-1.7198694,0.12401283532381058,0.9970238208770752,0.7104683518409729
YHR172W,YFR015C,0,-1.7199426,0.1239975318312645,0.9970238208770752,0.7105684280395508
YBR007C,YDR214W,0,-1.71995,0.12398223578929901,0.9970238208770752,0.7106685638427734
YPL087W,YPL066W,0,-1.7205591,0.12396693974733353,0.9970238208770752,0.7107686400413513
YNR056C,YDR358W,0,-1.7213885,0.12395165115594864,0.9970238208770752,0.7108687162399292
YMR276W,YKR034W,0,-1.7219492,0.12393637001514435,0.9970238208770752,0.7109687924385071
YNR008W,YDR380W,0,-1.7221518,0.12392108142375946,0.9970238208770752,0.711068868637085
YJL047C,YML036W,0,-1.7230359,0.12390580773353577,0.9970238208770752,0.7111689448356628
YMR088C,YGL099W,0,-1.7246156,0.12389053404331207,0.9970238208770752,0.7112690210342407
YMR302C,YHR164C,0,-1.7252519,0.12387526035308838,0.9970238208770752,0.7113690972328186
YPR109W,YMR097C,0,-1.7255386,0.12385999411344528,0.9970238208770752,0.7114691734313965
YMR199W,YHR028C,0,-1.7256539,0.12384473532438278,0.9970238208770752,0.7115692496299744
YLR357W,YJL225C,0,-1.7256999,0.12382946908473969,0.9970238208770752,0.7116693258285522
YDL128W,YPR079W,0,-1.7263782,0.12381421774625778,0.9970238208770752,0.7117694020271301
YPR124W,YDL195W,0,-1.7264822,0.12379896640777588,0.9970238208770752,0.711869478225708
YGL174W,YPL162C,0,-1.7273068,0.12378371506929398,0.9970238208770752,0.7119695544242859
YKR049C,YHR005C,0,-1.7277987,0.12376847118139267,0.9970238208770752,0.7120696306228638
YJL047C,YCL045C,0,-1.7279054,0.12375323474407196,0.9970238208770752,0.7121697068214417
YMR042W,YNL323W,0,-1.728405,0.12373799830675125,0.9970238208770752,0.7122698426246643
YBR131W,YHR067W,0,-1.7285017,0.12372276186943054,0.9970238208770752,0.7123699188232422
YMR128W,YGL174W,0,-1.728632,0.12370753288269043,0.9970238208770752,0.7124699950218201
YLR240W,YNL196C,0,-1.7289941,0.12369231134653091,0.9970238208770752,0.712570071220398
YPL213W,YGR172C,0,-1.7293197,0.1236770823597908,0.9970238208770752,0.7126701474189758
YFR042W,YKL069W,0,-1.7294984,0.12366186827421188,0.9970238208770752,0.7127702236175537
YFL059W,YPR079W,0,-1.7300283,0.12364665418863297,0.9970238208770752,0.7128702998161316
YHR029C,YDR315C,0,-1.7302966,0.12363144010305405,0.9970238208770752,0.7129703760147095
YMR052W,YBL104C,0,-1.7305231,0.12361623346805573,0.9970238208770752,0.7130704522132874
YGL253W,YCR030C,0,-1.7305945,0.123601034283638,0.9970238208770752,0.7131705284118652
YKL008C,YDR086C,0,-1.7307968,0.12358583509922028,0.9970238208770752,0.7132706046104431
YOR190W,YOL038W,0,-1.7312212,0.12357063591480255,0.9970238208770752,0.713370680809021
YDL234C,YBR131W,0,-1.7315907,0.12355544418096542,0.9970238208770752,0.7134707570075989
YDR463W,YJR101W,0,-1.7319269,0.12354025989770889,0.9970238208770752,0.7135708332061768
YLR300W,YPR112C,0,-1.7319654,0.12352507561445236,0.9970238208770752,0.7136709094047546
YDL017W,YGR249W,0,-1.7324514,0.12350989133119583,0.9970238208770752,0.7137710452079773
YGR049W,YDR236C,0,-1.7329078,0.1234947144985199,0.9970238208770752,0.7138711214065552
YDR362C,YJL110C,0,-1.734075,0.12347954511642456,0.9970238208770752,0.7139711976051331
YLR440C,YCL063W,0,-1.7341645,0.12346437573432922,0.9970238208770752,0.7140712738037109
YDR489W,YBR171W,0,-1.7345332,0.12344920635223389,0.9970238208770752,0.7141713500022888
YDR259C,YNR047W,0,-1.7347555,0.12343404442071915,0.9970238208770752,0.7142714262008667
YPR032W,YHR028C,0,-1.7352577,0.123418889939785,0.9970238208770752,0.7143715023994446
YER004W,YNL053W,0,-1.7356408,0.12340373545885086,0.9970238208770752,0.7144715785980225
YIL065C,YPL164C,0,-1.735977,0.12338858097791672,0.9970238208770752,0.7145716547966003
YKL057C,YJL221C,0,-1.7360086,0.12337343394756317,0.9970238208770752,0.7146717309951782
YBR278W,YOR156C,0,-1.7361425,0.12335829436779022,0.9970238208770752,0.7147718071937561
YLR440C,YCR096C,0,-1.7367766,0.12334315478801727,0.9970238208770752,0.714871883392334
YKL069W,YLL006W,0,-1.7378504,0.12332801520824432,0.9970238208770752,0.7149719595909119
YDR371W,YGL139W,0,-1.7379074,0.12331288307905197,0.9970238208770752,0.7150720357894897
YFR042W,YPR070W,0,-1.737983,0.12329775840044022,0.9970238208770752,0.7151721119880676
YJL047C,YDR076W,0,-1.7382169,0.12328263372182846,0.9970238208770752,0.7152721881866455
YER058W,YGL157W,0,-1.7385795,0.1232675090432167,0.9970238208770752,0.7153723239898682
YHR046C,YPL222W,0,-1.7388276,0.12325239181518555,0.9970238208770752,0.715472400188446
YDL117W,YNL152W,0,-1.739301,0.12323727458715439,0.9970238208770752,0.7155724763870239
YMR129W,YPR047W,0,-1.7394772,0.12322216480970383,0.9970238208770752,0.7156725525856018
YBR065C,YPR190C,0,-1.7396973,0.12320706248283386,0.9970238208770752,0.7157726287841797
YBR123C,YKR089C,0,-1.7405384,0.1231919601559639,0.9970238208770752,0.7158727049827576
YIL095W,YGR276C,0,-1.7408541,0.12317685782909393,0.9970238208770752,0.7159727811813354
YMR323W,YDR311W,0,-1.7408701,0.12316176295280457,0.9970238208770752,0.7160728573799133
YAL053W,YPL066W,0,-1.7411877,0.1231466755270958,0.9970238208770752,0.7161729335784912
YGL040C,YHR172W,0,-1.7411957,0.12313158810138702,0.9970238208770752,0.7162730097770691
YFR002W,YLR284C,0,-1.7413223,0.12311650067567825,0.9970238208770752,0.716373085975647
YKL008C,YCL018W,0,-1.7413725,0.12310142070055008,0.9970238208770752,0.7164731621742249
YDR194C,YML042W,0,-1.7417438,0.1230863407254219,0.9970238208770752,0.7165732383728027
YML004C,YBR098W,0,-1.7419348,0.12307126820087433,0.9970238208770752,0.7166733145713806
YLR035C,YKL089W,0,-1.7439677,0.12305620312690735,0.9970238208770752,0.7167733907699585
YEL050C,YDR082W,0,-1.7439772,0.12304113805294037,0.9970238208770752,0.7168735265731812
YPL087W,YHR168W,0,-1.7440711,0.12302607297897339,0.9970238208770752,0.716973602771759
YPL082C,YDL216C,0,-1.7441331,0.123011015355587,0.9970238208770752,0.7170736789703369
YNL231C,YLR227C,0,-1.7441801,0.12299595773220062,0.9970238208770752,0.7171737551689148
YLR219W,YLL006W,0,-1.7444745,0.12298090755939484,0.9970238208770752,0.7172738313674927
YLR219W,YCR093W,0,-1.7446067,0.12296586483716965,0.9970238208770752,0.7173739075660706
YDL113C,YGR060W,0,-1.7449967,0.12295082211494446,0.9970238208770752,0.7174739837646484
YMR247C,YOR094W,0,-1.7450689,0.12293577939271927,0.9970238208770752,0.7175740599632263
YDR166C,YDR512C,0,-1.7451513,0.12292074412107468,0.9970238208770752,0.7176741361618042
YBR058C,YER104W,0,-1.7454147,0.12290570884943008,0.9970238208770752,0.7177742123603821
YMR001C,YBR187W,0,-1.745691,0.12289068102836609,0.9970238208770752,0.71787428855896
YPL174C,YLR008C,0,-1.7462159,0.12287566065788269,0.9970238208770752,0.7179743647575378
YDL207W,YBL052C,0,-1.7464476,0.1228606328368187,0.9970238208770752,0.7180744409561157
YDR373W,YHR168W,0,-1.7465117,0.1228456199169159,0.9970238208770752,0.7181745171546936
YDL117W,YNL127W,0,-1.7468908,0.12283060699701309,0.9970238208770752,0.7182745933532715
YPR052C,YJR013W,0,-1.747901,0.12281559407711029,0.9970238208770752,0.7183747291564941
YMR288W,YKL151C,0,-1.7489767,0.12280058860778809,0.9970238208770752,0.718474805355072
YGR002C,YGL181W,0,-1.7493286,0.12278558313846588,0.9970238208770752,0.7185748815536499
YLR148W,YLR284C,0,-1.7497979,0.12277058511972427,0.9970238208770752,0.7186749577522278
YPR032W,YBL099W,0,-1.7500514,0.12275558710098267,0.9970238208770752,0.7187750339508057
YEL001C,YOR221C,0,-1.7518847,0.12274059653282166,0.9970238208770752,0.7188751101493835
YNL078W,YHR172W,0,-1.7524481,0.12272560596466064,0.9970238208770752,0.7189751863479614
YOR086C,YLR117C,0,-1.752881,0.12271062284708023,0.9970238208770752,0.7190752625465393
YDL098C,YPR193C,0,-1.7530714,0.12269563972949982,0.9970238208770752,0.7191753387451172
YNL223W,YMR289W,0,-1.7531321,0.1226806640625,0.9970238208770752,0.7192754149436951
YCR034W,YJR013W,0,-1.7543918,0.12266568839550018,0.9970238208770752,0.719375491142273
YPL153C,YOL020W,0,-1.7545973,0.12265072017908096,0.9970238208770752,0.7194755673408508
YBL033C,YHR101C,0,-1.7552437,0.12263575196266174,0.9970238208770752,0.7195756435394287
YKL071W,YNR041C,0,-1.755518,0.12262079119682312,0.9970238208770752,0.7196757197380066
YPL116W,YFL047W,0,-1.7556773,0.1226058304309845,0.9970238208770752,0.7197757959365845
YNR045W,YLR453C,0,-1.7558656,0.12259087711572647,0.9970238208770752,0.7198758721351624
YMR152W,YER155C,0,-1.7569531,0.12257592380046844,0.9970238208770752,0.719976007938385
YOR330C,YDR477W,0,-1.7590477,0.12256097793579102,0.9970238208770752,0.7200760841369629
YJR106W,YDR236C,0,-1.7592714,0.12254603207111359,0.9970238208770752,0.7201761603355408
YGR070W,YOR046C,0,-1.7594342,0.12253109365701675,0.9970238208770752,0.7202762365341187
YOR336W,YLL055W,0,-1.759742,0.12251615524291992,0.9970238208770752,0.7203763127326965
YMR068W,YKL096W,0,-1.7597646,0.12250121682882309,0.9970238208770752,0.7204763889312744
YNL009W,YJL165C,0,-1.760806,0.12248628586530685,0.9970238208770752,0.7205764651298523
YJL037W,YOR016C,0,-1.7615794,0.12247136235237122,0.9970238208770752,0.7206765413284302
YPL264C,YNL323W,0,-1.7618325,0.12245643883943558,0.9970238208770752,0.7207766175270081
YBR084W,YPL219W,0,-1.7620064,0.12244152277708054,0.9970238208770752,0.7208766937255859
YFR031C,YMR276W,0,-1.7620893,0.1224266067147255,0.9970238208770752,0.7209767699241638
YOR148C,YOR026W,0,-1.7623641,0.12241169065237045,0.9970238208770752,0.7210768461227417
YPL194W,YKR080W,0,-1.762411,0.12239678204059601,0.9970238208770752,0.7211769223213196
YIL002C,YPR017C,0,-1.7624533,0.12238188087940216,0.9970238208770752,0.7212769985198975
YBR278W,YOR075W,0,-1.7634888,0.12236697971820831,0.9970238208770752,0.7213770747184753
YDR524C,YAL062W,0,-1.763508,0.12235207855701447,0.9970238208770752,0.721477210521698
YMR095C,YMR186W,0,-1.7636762,0.12233718484640121,0.9970238208770752,0.7215772867202759
YGL044C,YJR001W,0,-1.7636781,0.12232229858636856,0.9970238208770752,0.7216773629188538
YOR035C,YBR105C,0,-1.7639089,0.12230741232633591,0.9970238208770752,0.7217774391174316
YPL161C,YFL034W,0,-1.764961,0.12229252606630325,0.9970238208770752,0.7218775153160095
YKL008C,YPL222W,0,-1.7651789,0.1222776472568512,0.9970238208770752,0.7219775915145874
YKL029C,YPR061C,0,-1.7656407,0.12226277589797974,0.9970238208770752,0.7220776677131653
YGR276C,YIL062C,0,-1.7657495,0.12224790453910828,0.9970238208770752,0.7221777439117432
YBR059C,YOR044W,0,-1.7665111,0.12223303318023682,0.9970238208770752,0.722277820110321
YML082W,YDR436W,0,-1.7666006,0.12221816927194595,0.9970238208770752,0.7223778963088989
YDR097C,YMR294W,0,-1.7667463,0.12220330536365509,0.9970238208770752,0.7224779725074768
YLR090W,YGL044C,0,-1.7668657,0.12218844890594482,0.9970238208770752,0.7225780487060547
YDR078C,YGR113W,0,-1.768785,0.12217359244823456,0.9970238208770752,0.7226781249046326
YOR233W,YLR099C,0,-1.7691343,0.12215874344110489,0.9970238208770752,0.7227782011032104
YDR371W,YPR124W,0,-1.7693714,0.12214390188455582,0.9970238208770752,0.7228782773017883
YML007W,YDR080W,0,-1.7694212,0.12212905287742615,0.9970238208770752,0.7229783535003662
YOR148C,YPR072W,0,-1.769432,0.12211421877145767,0.9970238208770752,0.7230784893035889
YGL005C,YPR124W,0,-1.7695552,0.1220993772149086,0.9970238208770752,0.7231785655021667
YDL236W,YJR013W,0,-1.7702861,0.12208455055952072,0.9970238208770752,0.7232786417007446
YPR007C,YGL171W,0,-1.7704593,0.12206971645355225,0.9970238208770752,0.7233787178993225
YPR106W,YNL090W,0,-1.7710383,0.12205489724874496,0.9970238208770752,0.7234787940979004
YDL165W,YML076C,0,-1.7712259,0.12204007059335709,0.9970238208770752,0.7235788702964783
YLR216C,YPL085W,0,-1.7716246,0.1220252513885498,0.9970238208770752,0.7236789464950562
YKL214C,YOL006C,0,-1.7716384,0.12201043963432312,0.9970238208770752,0.723779022693634
YGR041W,YBR131W,0,-1.7719707,0.12199562788009644,0.9970238208770752,0.7238790988922119
YNL005C,YDR217C,0,-1.7720368,0.12198082357645035,0.9970238208770752,0.7239791750907898
YKR007W,YPL130W,0,-1.7720971,0.12196601927280426,0.9970238208770752,0.7240792512893677
YDL245C,YHR196W,0,-1.7721434,0.12195122241973877,0.9970238208770752,0.7241793274879456
YMR106C,YMR237W,0,-1.772204,0.12193642556667328,0.9970238208770752,0.7242794036865234
YDR082W,YBR260C,0,-1.7725503,0.12192162871360779,0.9970238208770752,0.7243794798851013
YDR405W,YAL022C,0,-1.7729509,0.1219068393111229,0.9970238208770752,0.7244795560836792
YLR220W,YCR005C,0,-1.7742264,0.1218920573592186,0.9970238208770752,0.7245796918869019
YBR065C,YGL053W,0,-1.7743341,0.1218772754073143,0.9970238208770752,0.7246797680854797
YDL220C,YKL029C,0,-1.7746228,0.12186249345541,0.9970238208770752,0.7247798442840576
YDR315C,YLL040C,0,-1.7750878,0.1218477189540863,0.9970238208770752,0.7248799204826355
YDR194C,YKR061W,0,-1.7753788,0.1218329519033432,0.9970238208770752,0.7249799966812134
YKR103W,YGL026C,0,-1.7757155,0.1218181848526001,0.9970238208770752,0.7250800728797913
YLL003W,YOR044W,0,-1.7757373,0.121803417801857,0.9970238208770752,0.7251801490783691
YPL043W,YPR061C,0,-1.7759355,0.12178865820169449,0.9970238208770752,0.725280225276947
YNL311C,YPR190C,0,-1.7766788,0.12177389860153198,0.9970238208770752,0.7253803014755249
YBL002W,YJL099W,0,-1.7768853,0.12175914645195007,0.9970238208770752,0.7254803776741028
YPL132W,YJL194W,0,-1.7769793,0.12174439430236816,0.9970238208770752,0.7255804538726807
YDR367W,YOL126C,0,-1.7771497,0.12172964960336685,0.9970238208770752,0.7256805300712585
YOL002C,YOL117W,0,-1.7772335,0.12171490490436554,0.9970238208770752,0.7257806062698364
YMR212C,YEL019C,0,-1.7779386,0.12170016765594482,0.9970238208770752,0.7258806824684143
YPR189W,YKL057C,0,-1.7787657,0.12168543040752411,0.9970238208770752,0.7259807586669922
YNR020C,YKL089W,0,-1.7789938,0.12167070060968399,0.9970238208770752,0.7260808944702148
YDL220C,YBR266C,0,-1.7792956,0.12165597081184387,0.9970238208770752,0.7261809706687927
YFL030W,YOL103W,0,-1.7793982,0.12164124846458435,0.9970238208770752,0.7262810468673706
YLR102C,YGR024C,0,-1.7798674,0.12162652611732483,0.9970238208770752,0.7263811230659485
YEL063C,YMR137C,0,-1.7801616,0.1216118112206459,0.9970238208770752,0.7264811992645264
YOR157C,YER029C,0,-1.7805425,0.12159709632396698,0.9970238208770752,0.7265812754631042
YDL017W,YPL132W,0,-1.7808757,0.12158238887786865,0.9970238208770752,0.7266813516616821
YPR193C,YDR028C,0,-1.7812169,0.12156768143177032,0.9970238208770752,0.72678142786026
YPL213W,YJR065C,0,-1.7816793,0.121552973985672,0.9970238208770752,0.7268815040588379
YDL093W,YDR280W,0,-1.7818165,0.12153827399015427,0.9970238208770752,0.7269815802574158
YEL040W,YEL019C,0,-1.7825276,0.12152358144521713,0.9970238208770752,0.7270816564559937
YML023C,YNL059C,0,-1.7826872,0.12150888890028,0.9970238208770752,0.7271817326545715
YGL223C,YMR202W,0,-1.7827506,0.12149419635534286,0.9970238208770752,0.7272818088531494
YKL046C,YDR407C,0,-1.7829533,0.12147951126098633,0.9970238208770752,0.7273818850517273
YJR121W,YJL065C,0,-1.7832199,0.12146482616662979,0.9970238208770752,0.7274819612503052
YMR184W,YCR030C,0,-1.783282,0.12145014852285385,0.9970238208770752,0.7275820374488831
YPR032W,YBL051C,0,-1.7854052,0.12143547832965851,0.9970238208770752,0.7276821732521057
YLL012W,YOL060C,0,-1.7855691,0.12142080813646317,0.9970238208770752,0.7277822494506836
YKL150W,YIL010W,0,-1.785914,0.12140613794326782,0.9970238208770752,0.7278823256492615
YBR266C,YOR081C,0,-1.7861117,0.12139147520065308,0.9970238208770752,0.7279824018478394
YBR136W,YLR026C,0,-1.7862096,0.12137681245803833,0.9970238208770752,0.7280824780464172
YGL070C,YKR054C,0,-1.7863476,0.12136215716600418,0.9970238208770752,0.7281825542449951
YPR139C,YBL016W,0,-1.7863495,0.12134750187397003,0.9970238208770752,0.728282630443573
YOR017W,YOL149W,0,-1.7872866,0.12133285403251648,0.9970238208770752,0.7283827066421509
YEL063C,YNL245C,0,-1.7875082,0.12131820619106293,0.9970238208770752,0.7284827828407288
YGL066W,YDL165W,0,-1.787847,0.12130355834960938,0.9970238208770752,0.7285828590393066
YPL042C,YCR046C,0,-1.7886634,0.12128891795873642,0.9970238208770752,0.7286829352378845
YHR076W,YNL328C,0,-1.7886794,0.12127428501844406,0.9970238208770752,0.7287830114364624
YEL060C,YDR080W,0,-1.7899451,0.1212596520781517,0.9970238208770752,0.7288830876350403
YNL103W,YJR110W,0,-1.790674,0.12124502658843994,0.9970238208770752,0.7289831638336182
YNL055C,YPR017C,0,-1.7906979,0.12123040109872818,0.9970238208770752,0.729083240032196
YCL008C,YDL105W,0,-1.791829,0.12121577560901642,0.9970238208770752,0.7291833758354187
YOL016C,YDR113C,0,-1.7919396,0.12120115756988525,0.9970238208770752,0.7292834520339966
YLR449W,YOR394W,0,-1.792022,0.12118653953075409,0.9970238208770752,0.7293835282325745
YHL003C,YIL044C,0,-1.7922574,0.12117192894220352,0.9970238208770752,0.7294836044311523
YMR163C,YJL145W,0,-1.79249,0.12115732580423355,0.9970238208770752,0.7295836806297302
YBL058W,YJL141C,0,-1.7931948,0.12114272266626358,0.9970238208770752,0.7296837568283081
YGL033W,YLR033W,0,-1.7933797,0.12112811952829361,0.9970238208770752,0.729783833026886
YGR249W,YPL092W,0,-1.793402,0.12111352384090424,0.9970238208770752,0.7298839092254639
YNL128W,YKL160W,0,-1.7934775,0.12109892815351486,0.9970238208770752,0.7299839854240417
YBL033C,YMR314W,0,-1.7935436,0.12108433991670609,0.9970238208770752,0.7300840616226196
YLR057W,YPR070W,0,-1.793781,0.12106975167989731,0.9970238208770752,0.7301841378211975
YPL151C,YMR004W,0,-1.7941748,0.12105517089366913,0.9970238208770752,0.7302842140197754
YAL053W,YIL048W,0,-1.7944195,0.12104059010744095,0.9970238208770752,0.7303842902183533
YPR070W,YKL034W,0,-1.7951113,0.12102600932121277,0.9970238208770752,0.7304843664169312
YOR157C,YMR005W,0,-1.7960417,0.12101143598556519,0.9970238208770752,0.730584442615509
YIR002C,YHR196W,0,-1.7962217,0.1209968701004982,0.9970238208770752,0.7306845188140869
YDL165W,YGL157W,0,-1.7962782,0.12098230421543121,0.9970238208770752,0.7307846546173096
YDL185W,YGL186C,0,-1.7964308,0.12096773833036423,0.9970238208770752,0.7308847308158875
YIL113W,YFL052W,0,-1.7967314,0.12095317989587784,0.9970238208770752,0.7309848070144653
YLR186W,YBL016W,0,-1.7969228,0.12093862891197205,0.9970238208770752,0.7310848832130432
YGL231C,YJR110W,0,-1.797336,0.12092407792806625,0.9970238208770752,0.7311849594116211
YNL223W,YHR175W,0,-1.7974231,0.12090952694416046,0.9970238208770752,0.731285035610199
YFR038W,YGR249W,0,-1.7980511,0.12089498341083527,0.9970238208770752,0.7313851118087769
YER059W,YLL049W,0,-1.7986159,0.12088043987751007,0.9970238208770752,0.7314851880073547
YAL053W,YOL126C,0,-1.798864,0.12086590379476547,0.9970238208770752,0.7315852642059326
YDR181C,YPL265W,0,-1.7994239,0.12085136771202087,0.9970238208770752,0.7316853404045105
YER003C,YKL096W,0,-1.799481,0.12083683907985687,0.9970238208770752,0.7317854166030884
YOR311C,YPL151C,0,-1.7997591,0.12082231044769287,0.9970238208770752,0.7318854928016663
YHR111W,YKL035W,0,-1.8000662,0.12080778926610947,0.9970238208770752,0.7319855690002441
YDR504C,YKL018W,0,-1.8005445,0.12079326808452606,0.9970238208770752,0.732085645198822
YPL115C,YLR244C,0,-1.8022227,0.12077875435352325,0.9970238208770752,0.7321857213973999
YKL124W,YMR129W,0,-1.8026241,0.12076424062252045,0.9970238208770752,0.7322858572006226
YKL054C,YBR231C,0,-1.8029091,0.12074972689151764,0.9970238208770752,0.7323859333992004
YNL281W,YLL055W,0,-1.8029298,0.12073522061109543,0.9970238208770752,0.7324860095977783
YKL114C,YHL025W,0,-1.8030142,0.12072072178125381,0.9970238208770752,0.7325860857963562
YFL042C,YJL059W,0,-1.8030463,0.1207062229514122,0.9970238208770752,0.7326861619949341
YAL039C,YNL103W,0,-1.8034763,0.12069172412157059,0.9970238208770752,0.732786238193512
YKL209C,YLR345W,0,-1.8038561,0.12067723274230957,0.9970238208770752,0.7328863143920898
YCL011C,YHR178W,0,-1.8041112,0.12066274136304855,0.9970238208770752,0.7329863905906677
YGL263W,YCR093W,0,-1.805456,0.12064825743436813,0.9970238208770752,0.7330864667892456
YPL186C,YLR148W,0,-1.8062868,0.12063378095626831,0.9970238208770752,0.7331865429878235
YLR133W,YDL185W,0,-1.8064013,0.12061929702758789,0.9970238208770752,0.7332866191864014
YGL216W,YER061C,0,-1.8072138,0.12060482054948807,0.9970238208770752,0.7333866953849792
YDR225W,YGL012W,0,-1.807255,0.12059035152196884,0.9970238208770752,0.7334867715835571
YBR058C,YCL011C,0,-1.807421,0.12057588249444962,0.9970238208770752,0.733586847782135
YLR250W,YNL242W,0,-1.8076167,0.12056142091751099,0.9970238208770752,0.7336869239807129
YDR461W,YHL003C,0,-1.8080622,0.12054695934057236,0.9970238208770752,0.7337870001792908
YGR014W,YMR042W,0,-1.8081235,0.12053250521421432,0.9970238208770752,0.7338871359825134
YKL035W,YAR031W,0,-1.8084658,0.12051805108785629,0.9970238208770752,0.7339872121810913
YGL033W,YMR225C,0,-1.8086131,0.12050359696149826,0.9970238208770752,0.7340872883796692
YFR038W,YDL013W,0,-1.8090221,0.12048915028572083,0.9970238208770752,0.7341873645782471
YPL227C,YCL063W,0,-1.8090446,0.12047470360994339,0.9970238208770752,0.734287440776825
YDR137W,YML095C,0,-1.8102759,0.12046026438474655,0.9970238208770752,0.7343875169754028
YKR049C,YHL047C,0,-1.810645,0.12044583261013031,0.9970238208770752,0.7344875931739807
YHR154W,YBL104C,0,-1.8106868,0.12043139338493347,0.9970238208770752,0.7345876693725586
YCR009C,YHR206W,0,-1.8111664,0.12041696906089783,0.9970238208770752,0.7346877455711365
YDR160W,YKR065C,0,-1.811193,0.12040253728628159,0.9970238208770752,0.7347878217697144
YHR028C,YMR296C,0,-1.8111942,0.12038812041282654,0.9970238208770752,0.7348878979682922
YLR357W,YMR189W,0,-1.8119135,0.1203736960887909,0.9970238208770752,0.7349879741668701
YGR138C,YJR121W,0,-1.8125489,0.12035927921533585,0.9970238208770752,0.735088050365448
YIL110W,YDR227W,0,-1.8126299,0.1203448697924614,0.9970238208770752,0.7351881265640259
YEL059C-A,YGL090W,0,-1.812972,0.12033046036958694,0.9970238208770752,0.7352882027626038
YGR014W,YNL221C,0,-1.8134645,0.1203160509467125,0.9970238208770752,0.7353883385658264
YLR328W,YGL254W,0,-1.8137716,0.12030164897441864,0.9970238208770752,0.7354884147644043
YHL027W,YDR181C,0,-1.8138322,0.12028725445270538,0.9970238208770752,0.7355884909629822
YJL008C,YDR371W,0,-1.8140159,0.12027285993099213,0.9970238208770752,0.7356885671615601
YDR387C,YFL034W,0,-1.8140435,0.12025846540927887,0.9970238208770752,0.7357886433601379
YNL019C,YER029C,0,-1.8142883,0.12024407833814621,0.9970238208770752,0.7358887195587158
YER178W,YNR074C,0,-1.8149166,0.12022969126701355,0.9970238208770752,0.7359887957572937
YDR289C,YGR063C,0,-1.8151851,0.12021531164646149,0.9970238208770752,0.7360888719558716
YKR001C,YLR298C,0,-1.8152378,0.12020093202590942,0.9970238208770752,0.7361889481544495
YER114C,YDR420W,0,-1.8160565,0.12018655985593796,0.9970238208770752,0.7362890243530273
YDR383C,YER099C,0,-1.8164515,0.12017218768596649,0.9970238208770752,0.7363891005516052
YER124C,YMR300C,0,-1.8165878,0.12015781551599503,0.9970238208770752,0.7364891767501831
YOR193W,YNL169C,0,-1.8167896,0.12014345824718475,0.9970238208770752,0.736589252948761
YPL011C,YMR033W,0,-1.81682,0.12012909352779388,0.9970238208770752,0.7366893291473389
YPR072W,YBR172C,0,-1.8168601,0.12011473625898361,0.9970238208770752,0.7367894053459167
YGR109C,YDR387C,0,-1.8171184,0.12010037899017334,0.9970238208770752,0.7368895411491394
YOR148C,YIR036C,0,-1.8177196,0.12008602917194366,0.9970238208770752,0.7369896173477173
YLR219W,YPL040C,0,-1.8179233,0.12007168680429459,0.9970238208770752,0.7370896935462952
YGR249W,YML095C,0,-1.8180448,0.12005734443664551,0.9970238208770752,0.737189769744873
YMR106C,YNL053W,0,-1.8183897,0.12004300206899643,0.9970238208770752,0.7372898459434509
YOR393W,YLR188W,0,-1.8185152,0.12002866715192795,0.9970238208770752,0.7373899221420288
YMR097C,YIL044C,0,-1.8188539,0.12001433223485947,0.9970238208770752,0.7374899983406067
YBR131W,YML076C,0,-1.8195878,0.11999999731779099,0.9970238208770752,0.7375900745391846
YCR106W,YLR119W,0,-1.8200169,0.1199856698513031,0.9970238208770752,0.7376901507377625
YKL007W,YKL034W,0,-1.8201337,0.11997134983539581,0.9970238208770752,0.7377902269363403
YHR199C,YKL054C,0,-1.8202477,0.11995702981948853,0.9970238208770752,0.7378903031349182
YBR006W,YDR266C,0,-1.8206885,0.11994271725416183,0.9970238208770752,0.7379903793334961
YBR266C,YKR054C,0,-1.8207483,0.11992839723825455,0.9970238208770752,0.738090455532074
YKL148C,YKL220C,0,-1.8222249,0.11991409212350845,0.9970238208770752,0.7381905317306519
YBR278W,YDR352W,0,-1.8222504,0.11989978700876236,0.9970238208770752,0.7382906079292297
YNR041C,YLR026C,0,-1.8232613,0.11988548189401627,0.9970238208770752,0.7383906841278076
YDL215C,YBR020W,0,-1.8237092,0.11987118422985077,0.9970238208770752,0.7384908199310303
YBR301W,YML023C,0,-1.8238124,0.11985688656568527,0.9970238208770752,0.7385908961296082
YCR048W,YBR105C,0,-1.8243904,0.11984259635210037,0.9970238208770752,0.738690972328186
YBR211C,YKL012W,0,-1.8245577,0.11982830613851547,0.9970238208770752,0.7387910485267639
YLR023C,YPL011C,0,-1.825273,0.11981402337551117,0.9970238208770752,0.7388911247253418
YLR369W,YER105C,0,-1.8259201,0.11979974061250687,0.9970238208770752,0.7389912009239197
YHL047C,YNL001W,0,-1.8266872,0.11978545784950256,0.9970238208770752,0.7390912771224976
YLR201C,YGL090W,0,-1.8271546,0.11977118253707886,0.9970238208770752,0.7391913533210754
YMR058W,YOR330C,0,-1.8274322,0.11975691467523575,0.9970238208770752,0.7392914295196533
YIL095W,YCR017C,0,-1.8279126,0.11974263936281204,0.9970238208770752,0.7393915057182312
YIL046W,YML015C,0,-1.8288192,0.11972837895154953,0.9970238208770752,0.7394915819168091
YFL041W,YLR141W,0,-1.8292394,0.11971411854028702,0.9970238208770752,0.739591658115387
YDR337W,YDR485C,0,-1.8293362,0.1196998581290245,0.9970238208770752,0.7396917343139648
YKL054C,YOL038W,0,-1.8297472,0.11968560516834259,0.9970238208770752,0.7397918105125427
YOR086C,YBL060W,0,-1.8299074,0.11967135220766068,0.9970238208770752,0.7398918867111206
YDL140C,YFR014C,0,-1.8302841,0.11965709924697876,0.9970238208770752,0.7399920225143433
YDR295C,YFL011W,0,-1.8308624,0.11964285373687744,0.9970238208770752,0.7400920987129211
YPL161C,YLL009C,0,-1.831692,0.11962861567735672,0.9970238208770752,0.740192174911499
YDR364C,YNL231C,0,-1.8317454,0.119614377617836,0.9970238208770752,0.7402922511100769
YDL017W,YAR014C,0,-1.831979,0.11960013955831528,0.9970238208770752,0.7403923273086548
YPR007C,YDR477W,0,-1.8322058,0.11958590894937515,0.9970238208770752,0.7404924035072327
YMR106C,YGR230W,0,-1.8334681,0.11957168579101562,0.9970238208770752,0.7405924797058105
YDR362C,YMR156C,0,-1.8340073,0.1195574626326561,0.9970238208770752,0.7406925559043884
YMR300C,YPL176C,0,-1.834037,0.11954323947429657,0.9970238208770752,0.7407926321029663
YDR225W,YNL245C,0,-1.8341061,0.11952901631593704,0.9970238208770752,0.7408927083015442
YLR168C,YDR380W,0,-1.8341948,0.11951480805873871,0.9970238208770752,0.7409927845001221
YGR060W,YGR096W,0,-1.8345364,0.11950059235095978,0.9970238208770752,0.7410928606987
YLL052C,YLR219W,0,-1.8349956,0.11948638409376144,0.9970238208770752,0.7411929368972778
YOR104W,YIL159W,0,-1.8349967,0.11947218328714371,0.9970238208770752,0.7412930130958557
YDL185W,YLR033W,0,-1.8350378,0.11945798248052597,0.9970238208770752,0.7413930892944336
YDL098C,YDR463W,0,-1.8351085,0.11944378167390823,0.9970238208770752,0.7414931654930115
YEL013W,YFL011W,0,-1.8355851,0.1194295883178711,0.9970238208770752,0.7415933012962341
YER178W,YGL186C,0,-1.8359984,0.11941540241241455,0.9970238208770752,0.741693377494812
YMR199W,YHR074W,0,-1.8362969,0.11940120905637741,0.9970238208770752,0.7417934536933899
YHR154W,YOL004W,0,-1.8365432,0.11938703060150146,0.9970238208770752,0.7418935298919678
YMR152W,YHR028C,0,-1.8369198,0.11937284469604492,0.9970238208770752,0.7419936060905457
YMR002W,YLR117C,0,-1.8374149,0.11935866624116898,0.9970238208770752,0.7420936822891235
YCR093W,YPL176C,0,-1.8374377,0.11934449523687363,0.9970238208770752,0.7421937584877014
YKL152C,YPR045C,0,-1.8378284,0.11933032423257828,0.9970238208770752,0.7422938346862793
YOR233W,YBL034C,0,-1.838707,0.11931616067886353,0.9970238208770752,0.7423939108848572
YLR453C,YLR328W,0,-1.8387237,0.11930199712514877,0.9970238208770752,0.7424939870834351
YML015C,YJL116C,0,-1.8388209,0.11928783357143402,0.9970238208770752,0.7425940632820129
YLR244C,YGR188C,0,-1.8389943,0.11927367746829987,0.9970238208770752,0.7426941394805908
YIL016W,YDL199C,0,-1.8392123,0.11925952136516571,0.9970238208770752,0.7427942156791687
YHR060W,YLR119W,0,-1.8406157,0.11924537271261215,0.9970238208770752,0.7428942918777466
YDL017W,YMR121C,0,-1.8415363,0.1192312240600586,0.9970238208770752,0.7429943680763245
YGL206C,YPL176C,0,-1.841808,0.11921708285808563,0.9970238208770752,0.7430945038795471
YNL008C,YPL227C,0,-1.8421714,0.11920294165611267,0.9970238208770752,0.743194580078125
YER175C,YPR061C,0,-1.8426982,0.1191888079047203,0.9970238208770752,0.7432946562767029
YLR398C,YML062C,0,-1.8427718,0.11917467415332794,0.9970238208770752,0.7433947324752808
YNL236W,YJL003W,0,-1.8434553,0.11916054040193558,0.9970238208770752,0.7434948086738586
YDR489W,YOR372C,0,-1.8434843,0.11914641410112381,0.9970238208770752,0.7435948848724365
YLR353W,YJL123C,0,-1.8439139,0.11913228780031204,0.9970238208770752,0.7436949610710144
YDL140C,YNL078W,0,-1.8450146,0.11911816895008087,0.9970238208770752,0.7437950372695923
YLR090W,YDR076W,0,-1.8450836,0.1191040500998497,0.9970238208770752,0.7438951134681702
YER173W,YOR168W,0,-1.8452079,0.11908993870019913,0.9970238208770752,0.743995189666748
YJR121W,YCR105W,0,-1.8456743,0.11907582730054855,0.9970238208770752,0.7440952658653259
YDR166C,YDR194C,0,-1.845683,0.11906172335147858,0.9970238208770752,0.7441953420639038
YDL140C,YDR066C,0,-1.8462541,0.1190476194024086,0.9970238208770752,0.7442954182624817
YIL149C,YHR177W,0,-1.8464005,0.11903351545333862,0.9970238208770752,0.7443954944610596
YGL236C,YDR080W,0,-1.8468417,0.11901941895484924,0.9970238208770752,0.7444955706596375
YJL141C,YMR009W,0,-1.8490796,0.11900532990694046,0.9970238208770752,0.7445956468582153
YGR098C,YHR047C,0,-1.8491148,0.11899124085903168,0.9970238208770752,0.744695782661438
YLR350W,YBR187W,0,-1.8496482,0.1189771518111229,0.9970238208770752,0.7447958588600159
YPR045C,YGL107C,0,-1.8502754,0.11896307021379471,0.9970238208770752,0.7448959350585938
YNL242W,YBR105C,0,-1.8520362,0.11894898861646652,0.9970238208770752,0.7449960112571716
YPR168W,YHR034C,0,-1.852406,0.11893491446971893,0.9970238208770752,0.7450960874557495
YLR258W,YNL030W,0,-1.8530929,0.11892084032297134,0.9970238208770752,0.7451961636543274
YPR052C,YDR080W,0,-1.8542209,0.11890676617622375,0.9970238208770752,0.7452962398529053
YFL030W,YPL259C,0,-1.855443,0.11889269948005676,0.9970238208770752,0.7453963160514832
YGL093W,YDR371W,0,-1.8556602,0.11887864023447037,0.9970238208770752,0.745496392250061
YMR174C,YIL062C,0,-1.8558583,0.11886457353830338,0.9970238208770752,0.7455964684486389
YLR271W,YFL047W,0,-1.856208,0.11885052174329758,0.9970238208770752,0.7456965446472168
YPR161C,YGL254W,0,-1.8564265,0.11883646994829178,0.9970238208770752,0.7457966208457947
YPR190C,YPL164C,0,-1.856962,0.11882241815328598,0.9970238208770752,0.7458966970443726
YDR489W,YGL158W,0,-1.8575238,0.11880836635828018,0.9970238208770752,0.7459967732429504
YOR198C,YLR256W,0,-1.8585678,0.11879432946443558,0.9970238208770752,0.7460968494415283
YLR256W,YBL060W,0,-1.8591865,0.11878028512001038,0.9970238208770752,0.746196985244751
YER124C,YBR187W,0,-1.8592204,0.11876624822616577,0.9970238208770752,0.7462970614433289
YEL013W,YBR187W,0,-1.8600067,0.11875221878290176,0.9970238208770752,0.7463971376419067
YHR129C,YPL092W,0,-1.8601893,0.11873818188905716,0.9970238208770752,0.7464972138404846
YPL082C,YKL209C,0,-1.8602666,0.11872415989637375,0.9970238208770752,0.7465972900390625
YPL174C,YDR311W,0,-1.8603219,0.11871013790369034,0.9970238208770752,0.7466973662376404
YKL020C,YPL059W,0,-1.8605334,0.11869611591100693,0.9970238208770752,0.7467974424362183
YPR161C,YMR202W,0,-1.8626395,0.11868209391832352,0.9970238208770752,0.7468975186347961
YCL018W,YIL061C,0,-1.8629925,0.1186680868268013,0.9970238208770752,0.746997594833374
YHL021C,YOR355W,0,-1.8631227,0.11865407228469849,0.9970238208770752,0.7470976710319519
YBR233W-A,YHR090C,0,-1.863593,0.11864006519317627,0.9970238208770752,0.7471977472305298
YLL052C,YGL049C,0,-1.864545,0.11862606555223465,0.9970238208770752,0.7472978234291077
YPL227C,YHR172W,0,-1.8652573,0.11861205846071243,0.9970238208770752,0.7473978996276855
YAL054C,YDR236C,0,-1.866124,0.11859806627035141,0.9970238208770752,0.7474979758262634
YKL035W,YER153C,0,-1.8661592,0.11858407407999039,0.9970238208770752,0.7475980520248413
YDL067C,YIL010W,0,-1.8663683,0.11857008188962936,0.9970238208770752,0.747698187828064
YOR075W,YOR156C,0,-1.8670186,0.11855608969926834,0.9970238208770752,0.7477982640266418
YPR045C,YCL024W,0,-1.8679225,0.11854211241006851,0.9970238208770752,0.7478983402252197
YGL134W,YOL149W,0,-1.8679295,0.11852812767028809,0.9970238208770752,0.7479984164237976
YMR199W,YPR006C,0,-1.8684902,0.11851415038108826,0.9970238208770752,0.7480984926223755
YFR002W,YPR139C,0,-1.8691255,0.11850018054246902,0.9970238208770752,0.7481985688209534
YPL186C,YJL020C,0,-1.869512,0.1184862032532692,0.9970238208770752,0.7482986450195312
YJL058C,YMR294W,0,-1.8705074,0.11847224086523056,0.9970238208770752,0.7483987212181091
YHL021C,YOR058C,0,-1.8705987,0.11845827102661133,0.9970238208770752,0.748498797416687
YJL165C,YML076C,0,-1.8707376,0.11844431608915329,0.9970238208770752,0.7485988736152649
YPL012W,YPL265W,0,-1.8719634,0.11843035370111465,0.9970238208770752,0.7486989498138428
YOR255W,YDR214W,0,-1.8733639,0.11841639876365662,0.9970238208770752,0.7487990260124207
YAL033W,YGL186C,0,-1.8740369,0.11840245127677917,0.9970238208770752,0.7488991022109985
YGL039W,YDL211C,0,-1.8750483,0.11838850378990173,0.9970238208770752,0.7489991784095764
YFR002W,YJR001W,0,-1.8751417,0.11837455630302429,0.9970238208770752,0.7490992546081543
YGL043W,YIR009W,0,-1.8752937,0.11836061626672745,0.9970238208770752,0.7491993308067322
YDR510W,YOR322C,0,-1.8753228,0.1183466762304306,0.9970238208770752,0.7492994666099548
YFL008W,YLR023C,0,-1.8754513,0.11833274364471436,0.9970238208770752,0.7493995428085327
YKL071W,YPL045W,0,-1.8764268,0.11831881105899811,0.9970238208770752,0.7494996190071106
YDL179W,YPR042C,0,-1.8768862,0.11830488592386246,0.9970238208770752,0.7495996952056885
YFL011W,YPL036W,0,-1.876913,0.1182909607887268,0.9970238208770752,0.7496997714042664
YBR108W,YBR251W,0,-1.8770075,0.11827703565359116,0.9970238208770752,0.7497998476028442
YKL114C,YER104W,0,-1.8781073,0.1182631179690361,0.9970238208770752,0.7498999238014221
YHR199C,YNL245C,0,-1.8783711,0.11824920773506165,0.9970238208770752,0.75
YAR033W,YHR086W,0,-1.8793268,0.11823529750108719,0.9970238208770752,0.7501000761985779
YLR191W,YLR271W,0,-1.8793938,0.11822138726711273,0.9970238208770752,0.7502001523971558
YPL042C,YJL058C,0,-1.8805908,0.11820747703313828,0.9970238208770752,0.7503002285957336
YCR060W,YJR013W,0,-1.8812184,0.11819358170032501,0.9970238208770752,0.7504003047943115
YGL049C,YBL011W,0,-1.8815461,0.11817967891693115,0.9970238208770752,0.7505003809928894
YMR113W,YDR485C,0,-1.8818722,0.11816578358411789,0.9970238208770752,0.7506004571914673
YOR198C,YOR058C,0,-1.8819318,0.11815189570188522,0.9970238208770752,0.7507005333900452
YNL311C,YLR056W,0,-1.8821868,0.11813800036907196,0.9970238208770752,0.7508006691932678
YMR289W,YJL056C,0,-1.8826796,0.11812411993741989,0.9970238208770752,0.7509007453918457
YBR024W,YHL044W,0,-1.883131,0.11811023950576782,0.9970238208770752,0.7510008215904236
YGR086C,YKL214C,0,-1.8839504,0.11809635907411575,0.9970238208770752,0.7511008977890015
YJR065C,YOR025W,0,-1.8849978,0.11808247864246368,0.9970238208770752,0.7512009739875793
YBR020W,YMR139W,0,-1.8858601,0.11806860566139221,0.9970238208770752,0.7513010501861572
YGL144C,YPR193C,0,-1.886278,0.11805474013090134,0.9970238208770752,0.7514011263847351
YMR059W,YJR160C,0,-1.8869214,0.11804087460041046,0.9970238208770752,0.751501202583313
YMR304W,YDR266C,0,-1.8872564,0.11802700906991959,0.9970238208770752,0.7516012787818909
YNL049C,YLR033W,0,-1.8875391,0.11801315099000931,0.9970238208770752,0.7517013549804688
YOR393W,YHR165C,0,-1.8875449,0.11799929291009903,0.9970238208770752,0.7518014311790466
YLR256W,YKR058W,0,-1.8880814,0.11798544228076935,0.9970238208770752,0.7519015073776245
YAL039C,YCL008C,0,-1.8899179,0.11797159165143967,0.9970238208770752,0.7520015835762024
YDL017W,YKL089W,0,-1.8902254,0.11795774847269058,0.9970238208770752,0.7521016597747803
YIL016W,YLR459W,0,-1.8907156,0.1179439052939415,0.9970238208770752,0.7522017359733582
YDL117W,YLL009C,0,-1.8914753,0.11793006211519241,0.9970238208770752,0.752301812171936
YMR156C,YGR043C,0,-1.8915054,0.11791622638702393,0.9970238208770752,0.7524019479751587
YOR299W,YBL003C,0,-1.8915482,0.11790239065885544,0.9970238208770752,0.7525020241737366
YPR191W,YHR135C,0,-1.892257,0.11788856238126755,0.9970238208770752,0.7526021003723145
YCL058C,YPL065W,0,-1.8927157,0.11787473410367966,0.9970238208770752,0.7527021765708923
YHL047C,YOR081C,0,-1.8928386,0.11786091327667236,0.9970238208770752,0.7528022527694702
YLR265C,YCR068W,0,-1.8929281,0.11784709244966507,0.9970238208770752,0.7529023289680481
YKR089C,YIL107C,0,-1.8952153,0.11783327162265778,0.9970238208770752,0.753002405166626
YMR087W,YLR141W,0,-1.8955681,0.11781945824623108,0.9970238208770752,0.7531024813652039
YDR317W,YGL158W,0,-1.8961532,0.11780565232038498,0.9970238208770752,0.7532025575637817
YNR071C,YOR251C,0,-1.8962168,0.11779183894395828,0.9970238208770752,0.7533026337623596
YPR149W,YNL078W,0,-1.8970178,0.11777804046869278,0.9970238208770752,0.7534027099609375
YOL087C,YPL232W,0,-1.8972833,0.11776423454284668,0.9970238208770752,0.7535027861595154
YGL174W,YPR112C,0,-1.89767,0.11775043606758118,0.9970238208770752,0.7536028623580933
YNL049C,YHR206W,0,-1.8977711,0.11773664504289627,0.9970238208770752,0.7537029385566711
YBR059C,YDL013W,0,-1.8979578,0.11772285401821136,0.9970238208770752,0.753803014755249
YNR056C,YCR009C,0,-1.8998345,0.11770906299352646,0.9970238208770752,0.7539031505584717
YDR082W,YPL065W,0,-1.9016447,0.11769527941942215,0.9970238208770752,0.7540032267570496
YGL066W,YGR158C,0,-1.9030063,0.11768149584531784,0.9970238208770752,0.7541033029556274
YOR221C,YGR113W,0,-1.9034381,0.11766771972179413,0.9970238208770752,0.7542033791542053
YNR045W,YPL179W,0,-1.9038308,0.11765394359827042,0.9970238208770752,0.7543034553527832
YDL138W,YMR174C,0,-1.9045653,0.1176401749253273,0.9970238208770752,0.7544035315513611
YDR016C,YGL049C,0,-1.9050115,0.11762640625238419,0.9970238208770752,0.754503607749939
YML028W,YKR061W,0,-1.9050324,0.11761263757944107,0.9970238208770752,0.7546036839485168
YGL033W,YLR147C,0,-1.9060233,0.11759887635707855,0.9970238208770752,0.7547037601470947
YMR247C,YNR028W,0,-1.9067539,0.11758511513471603,0.9970238208770752,0.7548038363456726
YMR056C,YIL064W,0,-1.9069369,0.11757136136293411,0.9970238208770752,0.7549039125442505
YOR306C,YLR258W,0,-1.9069972,0.11755760759115219,0.9970238208770752,0.7550039887428284
YBL034C,YPR003C,0,-1.907385,0.11754386126995087,0.9970238208770752,0.7551040649414062
YMR289W,YPL135W,0,-1.9074259,0.11753011494874954,0.9970238208770752,0.7552041411399841
YKL035W,YPL042C,0,-1.9077737,0.11751636862754822,0.9970238208770752,0.755304217338562
YPR122W,YPL116W,0,-1.9079851,0.11750262975692749,0.9970238208770752,0.7554043531417847
YGL200C,YHR168W,0,-1.9084082,0.11748889088630676,0.9970238208770752,0.7555044293403625
YNL009W,YOR023C,0,-1.9090548,0.11747515946626663,0.9970238208770752,0.7556045055389404
YGR239C,YOR058C,0,-1.9096888,0.1174614280462265,0.9970238208770752,0.7557045817375183
YLR008C,YJR160C,0,-1.9097421,0.11744770407676697,0.9970238208770752,0.7558046579360962
YDL245C,YKL160W,0,-1.9101884,0.11743398010730743,0.9970238208770752,0.7559047341346741
YLR201C,YNL245C,0,-1.91046,0.1174202561378479,0.9970238208770752,0.756004810333252
YBR275C,YBR278W,0,-1.9105508,0.11740653961896896,0.9970238208770752,0.7561048865318298
YER173W,YBR131W,0,-1.910561,0.11739283055067062,0.9970238208770752,0.7562049627304077
YOL141W,YIL048W,0,-1.9106181,0.11737911403179169,0.9970238208770752,0.7563050389289856
YER173W,YDL159W,0,-1.910677,0.11736541241407394,0.9970238208770752,0.7564051151275635
YLR219W,YMR293C,0,-1.9109998,0.1173517033457756,0.9970238208770752,0.7565051913261414
YLR459W,YNL221C,0,-1.9112962,0.11733800172805786,0.9970238208770752,0.7566052675247192
YBL005W-B,YDR054C,0,-1.9115425,0.11732430756092072,0.9970238208770752,0.7567053437232971
YLR258W,YER104W,0,-1.9115502,0.11731061339378357,0.9970238208770752,0.756805419921875
YPR192W,YER114C,0,-1.9128398,0.11729691922664642,0.9970238208770752,0.7569054961204529
YDL236W,YCR017C,0,-1.9129089,0.11728323251008987,0.9970238208770752,0.7570056319236755
YLR256W,YOR016C,0,-1.9130409,0.11726954579353333,0.9970238208770752,0.7571057081222534
YLR314C,YMR189W,0,-1.9133389,0.11725585907697678,0.9970238208770752,0.7572057843208313
YKR001C,YGR243W,0,-1.9140368,0.11724218726158142,0.9970238208770752,0.7573058605194092
YDR017C,YBR204C,0,-1.9142745,0.11722850799560547,0.9970238208770752,0.7574059367179871
YMR042W,YAL022C,0,-1.914365,0.11721483618021011,0.9970238208770752,0.7575060129165649
YHR101C,YBL105C,0,-1.9154093,0.11720116436481476,0.9970238208770752,0.7576060891151428
YGL174W,YNL221C,0,-1.9163939,0.1171875,0.9970238208770752,0.7577061653137207
YOL004W,YBR186W,0,-1.9166858,0.11717383563518524,0.9970238208770752,0.7578062415122986
YPR032W,YOL026C,0,-1.9180897,0.11716017872095108,0.9970238208770752,0.7579063177108765
YMR106C,YBL002W,0,-1.9185784,0.11714652180671692,0.9970238208770752,0.7580063939094543
YDR463W,YNL328C,0,-1.9192142,0.11713286489248276,0.9970238208770752,0.7581064701080322
YJR101W,YIL066C,0,-1.9192318,0.1171192154288292,0.9970238208770752,0.7582065463066101
YGL206C,YOL090W,0,-1.9198253,0.11710557341575623,0.9970238208770752,0.758306622505188
YEL032W,YLL049W,0,-1.9208443,0.11709192395210266,0.9970238208770752,0.7584066987037659
YNR074C,YCL032W,0,-1.9208708,0.1170782819390297,0.9970238208770752,0.7585068345069885
YFL042C,YPL151C,0,-1.9210904,0.11706464737653732,0.9970238208770752,0.7586069107055664
YBR055C,YGR066C,0,-1.921185,0.11705101281404495,0.9970238208770752,0.7587069869041443
YDR503C,YDR017C,0,-1.921657,0.11703738570213318,0.9970238208770752,0.7588070631027222
YGL256W,YGL186C,0,-1.921775,0.11702375113964081,0.9970238208770752,0.7589071393013
YHR024C,YKR029C,0,-1.921818,0.11701013147830963,0.9970238208770752,0.7590072154998779
YOL103W,YHL035C,0,-1.9227259,0.11699650436639786,0.9970238208770752,0.7591072916984558
YJL084C,YML004C,0,-1.9228232,0.11698289215564728,0.9970238208770752,0.7592073678970337
YDR123C,YCR073C,0,-1.9243535,0.1169692724943161,0.9970238208770752,0.7593074440956116
YLR090W,YER114C,0,-1.9245064,0.11695566028356552,0.9970238208770752,0.7594075202941895
YMR225C,YLR350W,0,-1.9247069,0.11694205552339554,0.9970238208770752,0.7595075964927673
YOR148C,YGR098C,0,-1.9269536,0.11692844331264496,0.9970238208770752,0.7596076726913452
YOR075W,YOL006C,0,-1.9271033,0.11691484600305557,0.9970238208770752,0.7597077488899231
YGR189C,YDL004W,0,-1.9272196,0.11690124124288559,0.9970238208770752,0.759807825088501
YDR113C,YDL103C,0,-1.9273049,0.1168876513838768,0.9970238208770752,0.7599079012870789
YGL022W,YPR139C,0,-1.9276088,0.11687405407428741,0.9970238208770752,0.7600079774856567
YKL071W,YLR115W,0,-1.9283311,0.11686046421527863,0.9970238208770752,0.7601081132888794
YGL040C,YHR165C,0,-1.9290624,0.11684688180685043,0.9970238208770752,0.7602081894874573
YER178W,YLR411W,0,-1.9296486,0.11683329194784164,0.9970238208770752,0.7603082656860352
YNR074C,YGR238C,0,-1.9298357,0.11681971698999405,0.9970238208770752,0.760408341884613
YMR001C,YKL034W,0,-1.9305089,0.11680613458156586,0.9970238208770752,0.7605084180831909
YJL172W,YDL132W,0,-1.9306844,0.11679255962371826,0.9970238208770752,0.7606084942817688
YOR372C,YLR026C,0,-1.9309002,0.11677899211645126,0.9970238208770752,0.7607085704803467
YBR018C,YMR296C,0,-1.9312439,0.11676542460918427,0.9970238208770752,0.7608086466789246
YLR115W,YPL190C,0,-1.9315335,0.11675185710191727,0.9970238208770752,0.7609087228775024
YDL017W,YNL240C,0,-1.9325781,0.11673829704523087,0.9970238208770752,0.7610087990760803
YOL056W,YPL258C,0,-1.9329933,0.11672473698854446,0.9970238208770752,0.7611088752746582
YNL127W,YLR399C,0,-1.9339392,0.11671118438243866,0.9970238208770752,0.7612089514732361
YMR001C,YEL019C,0,-1.9340757,0.11669763177633286,0.9970238208770752,0.761309027671814
YLR020C,YCL058C,0,-1.9341389,0.11668407917022705,0.9970238208770752,0.7614091038703918
YDR031W,YHL003C,0,-1.9349099,0.11667053401470184,0.9970238208770752,0.7615091800689697
YLR023C,YML076C,0,-1.935039,0.11665699630975723,0.9970238208770752,0.7616093158721924
YPL081W,YHR177W,0,-1.9367464,0.11664345115423203,0.9970238208770752,0.7617093920707703
YPL116W,YGL206C,0,-1.9367723,0.11662992089986801,0.9970238208770752,0.7618094682693481
YBR279W,YIL107C,0,-1.937471,0.1166163831949234,0.9970238208770752,0.761909544467926
YOR190W,YGL032C,0,-1.9375943,0.11660285294055939,0.9970238208770752,0.7620096206665039
YDR227W,YDR315C,0,-1.9389422,0.11658933013677597,0.9970238208770752,0.7621096968650818
YPL148C,YDR352W,0,-1.9396592,0.11657579988241196,0.9970238208770752,0.7622097730636597
YOL032W,YGL258W,0,-1.9399656,0.11656228452920914,0.9970238208770752,0.7623098492622375
YBL104C,YNL245C,0,-1.9408476,0.11654876172542572,0.9970238208770752,0.7624099254608154
YPL053C,YKL145W,0,-1.9412081,0.1165352538228035,0.9970238208770752,0.7625100016593933
YGL254W,YGL012W,0,-1.9412255,0.11652173846960068,0.9970238208770752,0.7626100778579712
YDR289C,YGL256W,0,-1.9412758,0.11650823056697845,0.9970238208770752,0.7627101540565491
YBR294W,YLR216C,0,-1.9415048,0.11649472266435623,0.9970238208770752,0.762810230255127
YOR290C,YFL008W,0,-1.9415708,0.1164812222123146,0.9970238208770752,0.7629103064537048
YPR192W,YIL048W,0,-1.9422731,0.11646772176027298,0.9970238208770752,0.7630103826522827
YHR146W,YGR199W,0,-1.9422889,0.11645422875881195,0.9970238208770752,0.7631104588508606
YHR057C,YJR106W,0,-1.9428542,0.11644073575735092,0.9970238208770752,0.7632105946540833
YPL222W,YGL090W,0,-1.943793,0.11642725020647049,0.9970238208770752,0.7633106708526611
YPL087W,YBR020W,0,-1.9442165,0.11641376465559006,0.9970238208770752,0.763410747051239
YHR155W,YPL045W,0,-1.944451,0.11640027910470963,0.9970238208770752,0.7635108232498169
YDR066C,YNL218W,0,-1.9445833,0.11638680100440979,0.9970238208770752,0.7636108994483948
YKR072C,YCR030C,0,-1.9447598,0.11637332290410995,0.9970238208770752,0.7637109756469727
YBL033C,YDR155C,0,-1.9450593,0.11635984480381012,0.9970238208770752,0.7638110518455505
YBR006W,YKL214C,0,-1.9475393,0.11634637415409088,0.9970238208770752,0.7639111280441284
YKL114C,YPR061C,0,-1.9481604,0.11633291095495224,0.9970238208770752,0.7640112042427063
YBR024W,YLR353W,0,-1.9484086,0.1163194477558136,0.9970238208770752,0.7641112804412842
YPL130W,YBR260C,0,-1.9485047,0.11630598455667496,0.9970238208770752,0.7642113566398621
YBL067C,YOR156C,0,-1.948591,0.11629252135753632,0.9970238208770752,0.7643114328384399
YCL024W,YDL027C,0,-1.9488368,0.11627907305955887,0.9970238208770752,0.7644115090370178
YDL093W,YGL083W,0,-1.9488499,0.11626561731100082,0.9970238208770752,0.7645115852355957
YMR184W,YER024W,0,-1.9491574,0.11625216901302338,0.9970238208770752,0.7646116614341736
YGL223C,YKL176C,0,-1.9502558,0.11623872071504593,0.9970238208770752,0.7647117972373962
YBR253W,YBL015W,0,-1.9511367,0.11622527986764908,0.9970238208770752,0.7648118734359741
YDR205W,YCL063W,0,-1.9512157,0.11621183902025223,0.9970238208770752,0.764911949634552
YHR046C,YOR106W,0,-1.9512411,0.11619840562343597,0.9970238208770752,0.7650120258331299
YMR061W,YNL126W,0,-1.9516925,0.11618497222661972,0.9970238208770752,0.7651121020317078
YNL166C,YJR061W,0,-1.9518938,0.11617153882980347,0.9970238208770752,0.7652121782302856
YMR061W,YPL065W,0,-1.9520137,0.11615811288356781,0.9970238208770752,0.7653122544288635
YNR047W,YJL155C,0,-1.9521806,0.11614468693733215,0.9970238208770752,0.7654123306274414
YNL323W,YPR193C,0,-1.9522353,0.1161312684416771,0.9970238208770752,0.7655124068260193
YJL222W,YBR131W,0,-1.9535762,0.11611784994602203,0.9970238208770752,0.7656124830245972
YLR244C,YOR058C,0,-1.9537878,0.11610443890094757,0.9970238208770752,0.765712559223175
YNL196C,YKL126W,0,-1.9543704,0.11609102785587311,0.9970238208770752,0.7658126354217529
YGR243W,YGL192W,0,-1.954373,0.11607761681079865,0.9970238208770752,0.7659127116203308
YMR186W,YDR354W,0,-1.9549683,0.11606421321630478,0.9970238208770752,0.7660127878189087
YPL179W,YPL164C,0,-1.9553442,0.11605080962181091,0.9970238208770752,0.7661128640174866
YGL114W,YPL045W,0,-1.9556782,0.11603740602731705,0.9970238208770752,0.7662129998207092
YMR056C,YDR295C,0,-1.9558325,0.11602400988340378,0.9970238208770752,0.7663130760192871
YPL244C,YGL250W,0,-1.9558512,0.1160106211900711,0.9970238208770752,0.766413152217865
YJL222W,YOR044W,0,-1.9578252,0.11599723249673843,0.9970238208770752,0.7665132284164429
YGL044C,YDL132W,0,-1.9587626,0.11598384380340576,0.9970238208770752,0.7666133046150208
YER182W,YKL012W,0,-1.9589806,0.11597046256065369,0.9970238208770752,0.7667133808135986
YBR198C,YGR024C,0,-1.9597081,0.11595708131790161,0.9970238208770752,0.7668134570121765
YHR060W,YDR330W,0,-1.9604461,0.11594370007514954,0.9970238208770752,0.7669135332107544
YNL196C,YIL107C,0,-1.9606099,0.11593032628297806,0.9970238208770752,0.7670136094093323
YPL003W,YMR004W,0,-1.9607161,0.11591695249080658,0.9970238208770752,0.7671136856079102
YPL161C,YDR031W,0,-1.9607671,0.1159035861492157,0.9970238208770752,0.767213761806488
YER173W,YGR074W,0,-1.9613189,0.11589021980762482,0.9970238208770752,0.7673138380050659
YHR005C,YDL206W,0,-1.9613333,0.11587686091661453,0.9970238208770752,0.7674139142036438
YOR206W,YJL038C,0,-1.9613442,0.11586350202560425,0.9970238208770752,0.7675139904022217
YCR096C,YAR014C,0,-1.9639418,0.11585014313459396,0.9970238208770752,0.7676140666007996
YBR253W,YNR047W,0,-1.9640652,0.11583679169416428,0.9970238208770752,0.7677141427993774
YMR139W,YJL110C,0,-1.9645041,0.11582344025373459,0.9970238208770752,0.7678142786026001
YNR045W,YBR294W,0,-1.9645256,0.1158100962638855,0.9970238208770752,0.767914354801178
YHR199C,YCR046C,0,-1.9645813,0.11579675227403641,0.9970238208770752,0.7680144309997559
YER171W,YBR278W,0,-1.9656656,0.11578340828418732,0.9970238208770752,0.7681145071983337
YML046W,YML015C,0,-1.966282,0.11577007174491882,0.9970238208770752,0.7682145833969116
YAL053W,YMR215W,0,-1.9666252,0.11575673520565033,0.9970238208770752,0.7683146595954895
YPR009W,YBR018C,0,-1.9666265,0.11574340611696243,0.9970238208770752,0.7684147357940674
YCL011C,YPR003C,0,-1.9672527,0.11573007702827454,0.9970238208770752,0.7685148119926453
YPL222W,YGL192W,0,-1.967807,0.11571675539016724,0.9970238208770752,0.7686148881912231
YMR300C,YMR004W,0,-1.9678662,0.11570343375205994,0.9970238208770752,0.768714964389801
YPL190C,YCR093W,0,-1.9686577,0.11569011211395264,0.9970238208770752,0.7688150405883789
YIR036C,YER107C,0,-1.9693694,0.11567679792642593,0.9970238208770752,0.7689151167869568
YLR398C,YNL290W,0,-1.9698155,0.11566348373889923,0.9970238208770752,0.7690151929855347
YBL067C,YPR106W,0,-1.9702082,0.11565016955137253,0.9970238208770752,0.7691152691841125
YNL290W,YLR298C,0,-1.9720936,0.11563686281442642,0.9970238208770752,0.7692153453826904
YLR353W,YDR373W,0,-1.9721404,0.11562356352806091,0.9970238208770752,0.7693154811859131
YBR276C,YHL025W,0,-1.9726361,0.1156102642416954,0.9970238208770752,0.769415557384491
YMR095C,YER100W,0,-1.9727428,0.1155969649553299,0.9970238208770752,0.7695156335830688
YDL101C,YDR091C,0,-1.9727969,0.11558366566896439,0.9970238208770752,0.7696157097816467
YLR403W,YPR185W,0,-1.9729548,0.11557037383317947,0.9970238208770752,0.7697157859802246
YBR278W,YBR301W,0,-1.9734079,0.11555708944797516,0.9970238208770752,0.7698158621788025
YPR161C,YCR040W,0,-1.9740065,0.11554380506277084,0.9970238208770752,0.7699159383773804
YGR262C,YOR017W,0,-1.9752245,0.11553052067756653,0.9970238208770752,0.7700160145759583
YKL126W,YMR202W,0,-1.9755287,0.11551724374294281,0.9970238208770752,0.7701160907745361
YAR033W,YER024W,0,-1.9768789,0.11550396680831909,0.9970238208770752,0.770216166973114
YIL061C,YLR384C,0,-1.9770262,0.11549068987369537,0.9970238208770752,0.7703162431716919
YCL050C,YOR026W,0,-1.9772824,0.11547742038965225,0.9970238208770752,0.7704163193702698
YNR008W,YOR026W,0,-1.9773633,0.11546415090560913,0.9970238208770752,0.7705163955688477
YIL095W,YPR061C,0,-1.9777863,0.1154508888721466,0.9970238208770752,0.7706164717674255
YDL072C,YBR127C,0,-1.978251,0.11543762683868408,0.9970238208770752,0.7707165479660034
YOR172W,YJL160C,0,-1.9787138,0.11542437225580215,0.9970238208770752,0.7708166241645813
YLR079W,YPL190C,0,-1.9789631,0.11541111767292023,0.9970238208770752,0.770916759967804
YGR215W,YIL023C,0,-1.9791822,0.1153978630900383,0.9970238208770752,0.7710168361663818
YMR088C,YNL053W,0,-1.9798174,0.11538461595773697,0.9970238208770752,0.7711169123649597
YOR381W,YDR227W,0,-1.979847,0.11537136882543564,0.9970238208770752,0.7712169885635376
YMR137C,YPR006C,0,-1.9805079,0.1153581291437149,0.9970238208770752,0.7713170647621155
YNL299W,YJL204C,0,-1.9805379,0.11534488946199417,0.9970238208770752,0.7714171409606934
YGL223C,YNL166C,0,-1.9809183,0.11533164978027344,0.9970238208770752,0.7715172171592712
YDR236C,YGL186C,0,-1.9809426,0.1153184175491333,0.9970238208770752,0.7716172933578491
YLR300W,YPL135W,0,-1.9818373,0.11530518531799316,0.9970238208770752,0.771717369556427
YGR068C,YIR036C,0,-1.9820302,0.11529196053743362,0.9970238208770752,0.7718174457550049
YMR112C,YOL084W,0,-1.9823871,0.11527873575687408,0.9970238208770752,0.7719175219535828
YHR154W,YBL016W,0,-1.9835122,0.11526551097631454,0.9970238208770752,0.7720175981521606
YJL146W,YGL012W,0,-1.9837576,0.1152522936463356,0.9970238208770752,0.7721176743507385
YMR199W,YBR279W,0,-1.9847248,0.11523907631635666,0.9970238208770752,0.7722177505493164
YBR017C,YCR017C,0,-1.9849038,0.11522586643695831,0.9970238208770752,0.7723178267478943
YOR381W,YHR076W,0,-1.9862261,0.11521265655755997,0.9970238208770752,0.7724179625511169
YOL032W,YOR171C,0,-1.9868736,0.11519944667816162,0.9970238208770752,0.7725180387496948
YOR313C,YER107C,0,-1.9880089,0.11518624424934387,0.9970238208770752,0.7726181149482727
YAL044C,YOR255W,0,-1.9887652,0.11517304927110672,0.9970238208770752,0.7727181911468506
YDL102W,YHR067W,0,-1.9889731,0.11515984684228897,0.9970238208770752,0.7728182673454285
YKL137W,YKR054C,0,-1.9891686,0.11514665186405182,0.9970238208770752,0.7729183435440063
YLR284C,YPR047W,0,-1.9902533,0.11513346433639526,0.9970238208770752,0.7730184197425842
YDR461W,YOL135C,0,-1.9903623,0.11512027680873871,0.9970238208770752,0.7731184959411621
YJL204C,YBL104C,0,-1.9907953,0.11510708928108215,0.9970238208770752,0.77321857213974
YMR061W,YHR177W,0,-1.9909354,0.1150939092040062,0.9970238208770752,0.7733186483383179
YLR442C,YBR220C,0,-1.9915472,0.11508072912693024,0.9970238208770752,0.7734187245368958
YGL049C,YLR119W,0,-1.9918357,0.11506754904985428,0.9970238208770752,0.7735188007354736
YDR317W,YGL156W,0,-1.9927287,0.11505437642335892,0.9970238208770752,0.7736188769340515
YGL144C,YCR068W,0,-1.9941827,0.11504121124744415,0.9970238208770752,0.7737189531326294
YJL146W,YGR049W,0,-1.9945571,0.11502803862094879,0.9970238208770752,0.7738190293312073
YOR362C,YGL228W,0,-1.9951882,0.11501488089561462,0.9970238208770752,0.7739191055297852
YCR009C,YJR013W,0,-1.9974929,0.11500171571969986,0.9970238208770752,0.7740192413330078
YER104W,YPR003C,0,-1.9985309,0.11498855799436569,0.9970238208770752,0.7741193175315857
YHR005C,YDR470C,0,-1.999139,0.11497540026903152,0.9970238208770752,0.7742193937301636
YMR237W,YKL015W,0,-1.999512,0.11496224999427795,0.9970238208770752,0.7743194699287415
YBR169C,YHR175W,0,-1.9995166,0.11494909971952438,0.9970238208770752,0.7744195461273193
YDR227W,YMR237W,0,-2.0005128,0.11493595689535141,0.9970238208770752,0.7745196223258972
YDR371W,YMR296C,0,-2.0010662,0.11492281407117844,0.9970238208770752,0.7746196985244751
YNL001W,YPR124W,0,-2.001345,0.11490967124700546,0.9970238208770752,0.774719774723053
YLR398C,YDR009W,0,-2.0023024,0.11489653587341309,0.9970238208770752,0.7748198509216309
YLR191W,YLR241W,0,-2.0025733,0.11488340049982071,0.9970238208770752,0.7749199271202087
YML062C,YER155C,0,-2.0029778,0.11487027257680893,0.9970238208770752,0.7750200033187866
YDR113C,YKL160W,0,-2.0036414,0.11485714465379715,0.9970238208770752,0.7751200795173645
YHR060W,YOR016C,0,-2.0046067,0.11484401673078537,0.9970238208770752,0.7752201557159424
YBL003C,YPL065W,0,-2.0047734,0.11483089625835419,0.9970238208770752,0.7753202319145203
YGL093W,YPL179W,0,-2.004857,0.114817775785923,0.9970238208770752,0.7754203081130981
YLR219W,YOL038W,0,-2.0053296,0.11480466276407242,0.9970238208770752,0.7755204439163208
YDR295C,YNL231C,0,-2.0053573,0.11479154974222183,0.9970238208770752,0.7756205201148987
YFL011W,YGR189C,0,-2.006778,0.11477843672037125,0.9970238208770752,0.7757205963134766
YNL271C,YNL304W,0,-2.0070667,0.11476533114910126,0.9970238208770752,0.7758206725120544
YNL328C,YPL232W,0,-2.0084653,0.11475222557783127,0.9970238208770752,0.7759207487106323
YIR002C,YCR105W,0,-2.008672,0.11473912745714188,0.9970238208770752,0.7760208249092102
YDR463W,YGR109C,0,-2.008751,0.11472602933645248,0.9970238208770752,0.7761209011077881
YFR038W,YMR137C,0,-2.0087864,0.11471293121576309,0.9970238208770752,0.776220977306366
YER019W,YPL219W,0,-2.0089138,0.1146998405456543,0.9970238208770752,0.7763210535049438
YMR020W,YOR025W,0,-2.0090623,0.1146867498755455,0.9970238208770752,0.7764211297035217
YOL141W,YOR372C,0,-2.0090709,0.1146736666560173,0.9970238208770752,0.7765212059020996
YLR020C,YDL179W,0,-2.0090837,0.1146605834364891,0.9970238208770752,0.7766212821006775
YIR002C,YOR168W,0,-2.0092838,0.11464750021696091,0.9970238208770752,0.7767213582992554
YMR056C,YLR390W-A,0,-2.0096698,0.1146344244480133,0.9970238208770752,0.7768214344978333
YNL315C,YGR134W,0,-2.0101542,0.1146213486790657,0.9970238208770752,0.7769215106964111
YMR186W,YGL181W,0,-2.010378,0.1146082803606987,0.9970238208770752,0.7770216464996338
YOR148C,YKL175W,0,-2.0111313,0.1145952120423317,0.9970238208770752,0.7771217226982117
YML011C,YCR030C,0,-2.0113182,0.11458214372396469,0.9970238208770752,0.7772217988967896
YER057C,YOR394W,0,-2.0120811,0.11456908285617828,0.9970238208770752,0.7773218750953674
YPL045W,YOL159C,0,-2.0123675,0.11455602198839188,0.9970238208770752,0.7774219512939453
YGR110W,YOL049W,0,-2.013452,0.11454296857118607,0.9970238208770752,0.7775220274925232
YDL069C,YER107C,0,-2.0135574,0.11452991515398026,0.9970238208770752,0.7776221036911011
YFL013C,YER099C,0,-2.0147753,0.11451686173677444,0.9970238208770752,0.777722179889679
YHR155W,YOR216C,0,-2.0148368,0.11450381577014923,0.9970238208770752,0.7778222560882568
YLR020C,YKL089W,0,-2.015275,0.11449076980352402,0.9970238208770752,0.7779223322868347
YKL008C,YDR420W,0,-2.0159798,0.1144777312874794,0.9970238208770752,0.7780224084854126
YGL032C,YPL003W,0,-2.0159993,0.11446469277143478,0.9970238208770752,0.7781224846839905
YLL003W,YOR298W,0,-2.0167515,0.11445165425539017,0.9970238208770752,0.7782225608825684
YDR373W,YBR211C,0,-2.017052,0.11443862318992615,0.9970238208770752,0.7783226370811462
YCL008C,YNL026W,0,-2.0171382,0.11442559212446213,0.9970238208770752,0.7784227132797241
YMR227C,YGL083W,0,-2.0173495,0.1144125685095787,0.9970238208770752,0.778522789478302
YGL038C,YNL177C,0,-2.0177052,0.11439954489469528,0.9970238208770752,0.7786229252815247
YDL116W,YJR041C,0,-2.0178351,0.11438652127981186,0.9970238208770752,0.7787230014801025
YCR093W,YER029C,0,-2.0178764,0.11437350511550903,0.9970238208770752,0.7788230776786804
YIL144W,YCL050C,0,-2.0183237,0.11436048895120621,0.9970238208770752,0.7789231538772583
YAL043C,YER182W,0,-2.018467,0.11434748023748398,0.9970238208770752,0.7790232300758362
YBR253W,YDR463W,0,-2.0185862,0.11433447152376175,0.9970238208770752,0.7791233062744141
YKL002W,YKR072C,0,-2.018694,0.11432146281003952,0.9970238208770752,0.7792233824729919
YDR119W,YBR301W,0,-2.0193362,0.11430846154689789,0.9970238208770752,0.7793234586715698
YKR097W,YNL279W,0,-2.0195565,0.11429546028375626,0.9970238208770752,0.7794235348701477
YER133W,YMR174C,0,-2.019767,0.11428246647119522,0.9970238208770752,0.7795236110687256
YJL020C,YIR009W,0,-2.0206172,0.11426947265863419,0.9970238208770752,0.7796236872673035
YGR036C,YPR036W,0,-2.0206547,0.11425647884607315,0.9970238208770752,0.7797237634658813
YFR019W,YCL029C,0,-2.0207114,0.11424349248409271,0.9970238208770752,0.7798238396644592
YDR317W,YMR156C,0,-2.0212717,0.11423050612211227,0.9970238208770752,0.7799239158630371
YDL099W,YFL059W,0,-2.0227156,0.11421752721071243,0.9970238208770752,0.780023992061615
YDL101C,YLL012W,0,-2.0228193,0.11420454829931259,0.9970238208770752,0.7801241278648376
YCR106W,YHR135C,0,-2.023395,0.11419156938791275,0.9970238208770752,0.7802242040634155
YPL036W,YDR217C,0,-2.023397,0.1141785979270935,0.9970238208770752,0.7803242802619934
YPL190C,YDL137W,0,-2.023817,0.11416562646627426,0.9970238208770752,0.7804243564605713
YPL174C,YDR054C,0,-2.024223,0.11415265500545502,0.9970238208770752,0.7805244326591492
YPL148C,YLL055W,0,-2.024339,0.11413969099521637,0.9970238208770752,0.780624508857727
YOR123C,YER105C,0,-2.024366,0.11412673443555832,0.9970238208770752,0.7807245850563049
YHR005C,YLR299W,0,-2.0259433,0.11411377042531967,0.9970238208770752,0.7808246612548828
YMR088C,YGR136W,0,-2.026686,0.11410081386566162,0.9970238208770752,0.7809247374534607
YOR362C,YDR358W,0,-2.0277767,0.11408786475658417,0.9970238208770752,0.7810248136520386
YGR070W,YPL270W,0,-2.0278056,0.11407491564750671,0.9970238208770752,0.7811248898506165
YFR043C,YDR540C,0,-2.0279408,0.11406196653842926,0.9970238208770752,0.7812249660491943
YPR095C,YKL071W,0,-2.0288105,0.1140490248799324,0.9970238208770752,0.7813250422477722
YLR100W,YOR081C,0,-2.0289836,0.11403608322143555,0.9970238208770752,0.7814251184463501
YLR378C,YPL194W,0,-2.0293427,0.11402314156293869,0.9970238208770752,0.781525194644928
YDL161W,YBR055C,0,-2.0298936,0.11401020735502243,0.9970238208770752,0.7816252708435059
YLR221C,YHR178W,0,-2.0303528,0.11399728059768677,0.9970238208770752,0.7817254066467285
YMR056C,YPL258C,0,-2.0307932,0.11398434638977051,0.9970238208770752,0.7818254828453064
YPL151C,YOL044W,0,-2.0308623,0.11397141963243484,0.9970238208770752,0.7819255590438843
YMR227C,YOR148C,0,-2.0313218,0.11395850032567978,0.9970238208770752,0.7820256352424622
YJL123C,YOR026W,0,-2.0314012,0.11394558101892471,0.9970238208770752,0.78212571144104
YEL060C,YOR016C,0,-2.0317876,0.11393266171216965,0.9970238208770752,0.7822257876396179
YLL003W,YAL042W,0,-2.0322728,0.11391974240541458,0.9970238208770752,0.7823258638381958
YGL174W,YIR009W,0,-2.0327764,0.11390683799982071,0.9970238208770752,0.7824259400367737
YGR276C,YCL024W,0,-2.0330968,0.11389392614364624,0.9970238208770752,0.7825260162353516
YOR313C,YBR279W,0,-2.033255,0.11388102173805237,0.9970238208770752,0.7826260924339294
YDR387C,YKR029C,0,-2.033843,0.1138681173324585,0.9970238208770752,0.7827261686325073
YLR399C,YNR070W,0,-2.0338745,0.11385522037744522,0.9970238208770752,0.7828262448310852
YJL035C,YAR031W,0,-2.0340617,0.11384232342243195,0.9970238208770752,0.7829263210296631
YOL040C,YGR066C,0,-2.0346818,0.11382942646741867,0.9970238208770752,0.783026397228241
YKR091W,YFR043C,0,-2.034685,0.11381653696298599,0.9970238208770752,0.7831264734268188
YOR106W,YLR299W,0,-2.035205,0.11380364745855331,0.9970238208770752,0.7832266092300415
YMR302C,YBR275C,0,-2.0360546,0.11379075795412064,0.9970238208770752,0.7833266854286194
YMR032W,YIL066C,0,-2.037148,0.11377787590026855,0.9970238208770752,0.7834267616271973
YGL263W,YDR214W,0,-2.0371687,0.11376500129699707,0.9970238208770752,0.7835268378257751
YER072W,YGL090W,0,-2.0373168,0.11375211924314499,0.9970238208770752,0.783626914024353
YBR276C,YPL152W,0,-2.0374842,0.1137392520904541,0.9970238208770752,0.7837269902229309
YNR074C,YOR188W,0,-2.0376089,0.11372637748718262,0.9970238208770752,0.7838270664215088
YOR320C,YOL159C,0,-2.0383718,0.11371351033449173,0.9970238208770752,0.7839271426200867
YCR073C,YOR016C,0,-2.0384898,0.11370064318180084,0.9970238208770752,0.7840272188186646
YPL186C,YLR115W,0,-2.0386152,0.11368778347969055,0.9970238208770752,0.7841272950172424
YDL215C,YLR442C,0,-2.0386791,0.11367492377758026,0.9970238208770752,0.7842273712158203
YDL117W,YGL156W,0,-2.0387373,0.11366206407546997,0.9970238208770752,0.7843274474143982
YBL011W,YBL052C,0,-2.0398881,0.11364921182394028,0.9970238208770752,0.7844275236129761
YDR054C,YGL192W,0,-2.0401027,0.11363636702299118,0.9970238208770752,0.784527599811554
YFR014C,YLR079W,0,-2.0402374,0.11362351477146149,0.9970238208770752,0.7846276760101318
YGL179C,YPL270W,0,-2.040617,0.11361066997051239,0.9970238208770752,0.7847278118133545
YLR378C,YDR311W,0,-2.0406904,0.11359783262014389,0.9970238208770752,0.7848278880119324
YGL144C,YLR026C,0,-2.0419207,0.1135849878191948,0.9970238208770752,0.7849279642105103
YDR362C,YGL223C,0,-2.0424836,0.11357215791940689,0.9970238208770752,0.7850280404090881
YGR086C,YJL130C,0,-2.0432525,0.11355932056903839,0.9970238208770752,0.785128116607666
YML004C,YLL049W,0,-2.0433877,0.11354649066925049,0.9970238208770752,0.7852281928062439
YPR185W,YHR168W,0,-2.0437021,0.11353366822004318,0.9970238208770752,0.7853282690048218
YLR353W,YNL126W,0,-2.044292,0.11352083832025528,0.9970238208770752,0.7854283452033997
YDR238C,YLR117C,0,-2.0443776,0.11350801587104797,0.9970238208770752,0.7855284214019775
YBR279W,YNL304W,0,-2.044693,0.11349520087242126,0.9970238208770752,0.7856284976005554
YGL105W,YGR066C,0,-2.0448751,0.11348238587379456,0.9970238208770752,0.7857285737991333
YFR008W,YPR006C,0,-2.0456784,0.11346957087516785,0.9970238208770752,0.7858286499977112
YJL035C,YOR273C,0,-2.046483,0.11345676332712173,0.9970238208770752,0.7859287261962891
YBR280C,YGL005C,0,-2.0480785,0.11344395577907562,0.9970238208770752,0.7860288023948669
YPL184C,YNR045W,0,-2.048826,0.11343114823102951,0.9970238208770752,0.7861288785934448
YOR106W,YCR068W,0,-2.048998,0.113418348133564,0.9970238208770752,0.7862289547920227
YKR097W,YLR008C,0,-2.0495505,0.11340555548667908,0.9970238208770752,0.7863290905952454
YGR063C,YER061C,0,-2.0495954,0.11339275538921356,0.9970238208770752,0.7864291667938232
YKL141W,YOR193W,0,-2.0499816,0.11337996274232864,0.9970238208770752,0.7865292429924011
YOR104W,YBR187W,0,-2.0500271,0.11336717754602432,0.9970238208770752,0.786629319190979
YHR047C,YDL004W,0,-2.0506148,0.1133543848991394,0.9970238208770752,0.7867293953895569
YOR255W,YAR014C,0,-2.0508735,0.11334160715341568,0.9970238208770752,0.7868294715881348
YJL058C,YGR041W,0,-2.0511198,0.11332882195711136,0.9970238208770752,0.7869295477867126
YOR290C,YLR453C,0,-2.0511436,0.11331604421138763,0.9970238208770752,0.7870296239852905
YHL003C,YNR057C,0,-2.0517871,0.11330326646566391,0.9970238208770752,0.7871297001838684
YMR296C,YLL006W,0,-2.0519753,0.11329049617052078,0.9970238208770752,0.7872297763824463
YPL222W,YLR170C,0,-2.0520449,0.11327772587537766,0.9970238208770752,0.7873298525810242
YNL223W,YJL222W,0,-2.0522976,0.11326496303081512,0.9970238208770752,0.787429928779602
YPR185W,YIL062C,0,-2.0525527,0.1132522001862526,0.9970238208770752,0.7875300049781799
YHR044C,YKL018W,0,-2.0559325,0.11323943734169006,0.9970238208770752,0.7876300811767578
YML038C,YDR227W,0,-2.0565906,0.11322668194770813,0.9970238208770752,0.7877301573753357
YCL061C,YHR165C,0,-2.0572462,0.1132139265537262,0.9970238208770752,0.7878302931785583
YJR113C,YDR317W,0,-2.057543,0.11320117115974426,0.9970238208770752,0.7879303693771362
YML115C,YHR067W,0,-2.0576563,0.11318842321634293,0.9970238208770752,0.7880304455757141
YNL008C,YDR512C,0,-2.058311,0.11317567527294159,0.9970238208770752,0.788130521774292
YDR485C,YDL150W,0,-2.0584278,0.11316293478012085,0.9970238208770752,0.7882305979728699
YNL311C,YCR093W,0,-2.05845,0.11315019428730011,0.9970238208770752,0.7883306741714478
YOR172W,YKL145W,0,-2.059351,0.11313745379447937,0.9970238208770752,0.7884307503700256
YDL069C,YJL209W,0,-2.0597043,0.11312472075223923,0.9970238208770752,0.7885308265686035
YEL044W,YGL032C,0,-2.0603123,0.11311198770999908,0.9970238208770752,0.7886309027671814
YER171W,YDR295C,0,-2.0611575,0.11309925466775894,0.9970238208770752,0.7887309789657593
YNL315C,YGL139W,0,-2.0611677,0.1130865290760994,0.9970238208770752,0.7888310551643372
YPL042C,YDR504C,0,-2.0614767,0.11307381093502045,0.9970238208770752,0.788931131362915
YDR238C,YBR260C,0,-2.0616624,0.1130610853433609,0.9970238208770752,0.7890312075614929
YOR190W,YGL012W,0,-2.0617104,0.11304836720228195,0.9970238208770752,0.7891312837600708
YDR228C,YBR204C,0,-2.0620692,0.1130356565117836,0.9970238208770752,0.7892313599586487
YGL245W,YPL120W,0,-2.0623283,0.11302293837070465,0.9970238208770752,0.7893314361572266
YDR205W,YDL138W,0,-2.0625868,0.1130102351307869,0.9970238208770752,0.7894315719604492
YHR175W,YBR231C,0,-2.0628462,0.11299752444028854,0.9970238208770752,0.7895316481590271
YGR041W,YCR073C,0,-2.0639575,0.11298482120037079,0.9970238208770752,0.789631724357605
YKL018W,YGR230W,0,-2.0641341,0.11297212541103363,0.9970238208770752,0.7897318005561829
YPR151C,YDL101C,0,-2.0644999,0.11295942217111588,0.9970238208770752,0.7898318767547607
YNL128W,YBR078W,0,-2.0646229,0.11294672638177872,0.9970238208770752,0.7899319529533386
YNL231C,YDR470C,0,-2.065609,0.11293403804302216,0.9970238208770752,0.7900320291519165
YMR068W,YKR025W,0,-2.0656307,0.1129213497042656,0.9970238208770752,0.7901321053504944
YLR090W,YDR256C,0,-2.0665438,0.11290866136550903,0.9970238208770752,0.7902321815490723
YLR119W,YDR076W,0,-2.0672352,0.11289598047733307,0.9970238208770752,0.7903322577476501
YOL056W,YLR442C,0,-2.0677726,0.1128832995891571,0.9970238208770752,0.790432333946228
YDL128W,YAL013W,0,-2.0678854,0.11287061870098114,0.9970238208770752,0.7905324101448059
YNL008C,YER178W,0,-2.068025,0.11285794526338577,0.9970238208770752,0.7906324863433838
YNL030W,YGR121C,0,-2.0686326,0.1128452718257904,0.9970238208770752,0.7907325625419617
YMR088C,YNL196C,0,-2.0702791,0.11283260583877563,0.9970238208770752,0.7908326387405396
YDR295C,YCL063W,0,-2.0703015,0.11281993985176086,0.9970238208770752,0.7909327745437622
YHL044W,YOR356W,0,-2.070386,0.1128072738647461,0.9970238208770752,0.7910328507423401
YNL177C,YPL222W,0,-2.070949,0.11279461532831192,0.9970238208770752,0.791132926940918
YDR533C,YFL041W,0,-2.0711172,0.11278195679187775,0.9970238208770752,0.7912330031394958
YMR215W,YOL117W,0,-2.0717921,0.11276929825544357,0.9970238208770752,0.7913330793380737
YPL186C,YDR082W,0,-2.0720801,0.11275664716959,0.9970238208770752,0.7914331555366516
YBR253W,YPL128C,0,-2.0728197,0.11274399608373642,0.9970238208770752,0.7915332317352295
YBR131W,YDL159W,0,-2.072953,0.11273135244846344,0.9970238208770752,0.7916333079338074
YGL236C,YPL036W,0,-2.073368,0.11271870881319046,0.9970238208770752,0.7917333841323853
YDL117W,YKR067W,0,-2.0735872,0.11270606517791748,0.9970238208770752,0.7918334603309631
YHR042W,YIL061C,0,-2.0742297,0.1126934289932251,0.9970238208770752,0.791933536529541
YBL067C,YAL042W,0,-2.0743842,0.11268079280853271,0.9970238208770752,0.7920336127281189
YKL020C,YPL176C,0,-2.0749173,0.11266816407442093,0.9970238208770752,0.7921336889266968
YNL223W,YHR168W,0,-2.0750756,0.11265553534030914,0.9970238208770752,0.7922337651252747
YOR168W,YJL081C,0,-2.0754848,0.11264290660619736,0.9970238208770752,0.7923338413238525
YMR095C,YPR161C,0,-2.0775375,0.11263027787208557,0.9970238208770752,0.7924339175224304
YLL003W,YBR172C,0,-2.0779703,0.11261765658855438,0.9970238208770752,0.7925340533256531
YEL063C,YML015C,0,-2.0782228,0.11260504275560379,0.9970238208770752,0.792634129524231
YBR105C,YGL082W,0,-2.0790348,0.1125924289226532,0.9970238208770752,0.7927342057228088
YBR007C,YML015C,0,-2.079572,0.1125798150897026,0.9970238208770752,0.7928342819213867
YDR113C,YJL155C,0,-2.0808551,0.11256720125675201,0.9970238208770752,0.7929343581199646
YOL005C,YKL096W,0,-2.080981,0.11255459487438202,0.9970238208770752,0.7930344343185425
YLR440C,YDL069C,0,-2.0811005,0.11254199594259262,0.9970238208770752,0.7931345105171204
YDR513W,YKL220C,0,-2.0823135,0.11252938956022263,0.9970238208770752,0.7932345867156982
YEL012W,YOR104W,0,-2.0825438,0.11251679062843323,0.9970238208770752,0.7933346629142761
YGL066W,YDR485C,0,-2.0827193,0.11250419914722443,0.9970238208770752,0.793434739112854
YDR093W,YDR009W,0,-2.0827289,0.11249160766601562,0.9970238208770752,0.7935348153114319
YGL134W,YAR042W,0,-2.0831685,0.11247901618480682,0.9970238208770752,0.7936348915100098
YBL045C,YOL090W,0,-2.0832324,0.11246642470359802,0.9970238208770752,0.7937349677085876
YBR018C,YNR020C,0,-2.0836148,0.11245384067296982,0.9970238208770752,0.7938350439071655
YIL171W,YLR186W,0,-2.0847294,0.11244126409292221,0.9970238208770752,0.7939351201057434
YJL003W,YDL165W,0,-2.0852194,0.112428680062294,0.9970238208770752,0.7940352559089661
YBR278W,YGR024C,0,-2.0862503,0.112416110932827,0.9970238208770752,0.794135332107544
YIL046W,YHL035C,0,-2.0867178,0.11240353435277939,0.9970238208770752,0.7942354083061218
YNL005C,YDR407C,0,-2.0868154,0.11239096522331238,0.9970238208770752,0.7943354845046997
YMR095C,YOL145C,0,-2.08799,0.11237839609384537,0.9970238208770752,0.7944355607032776
YDR034C,YIR009W,0,-2.0880318,0.11236583441495895,0.9970238208770752,0.7945356369018555
YDR137W,YGR189C,0,-2.0885563,0.11235327273607254,0.9970238208770752,0.7946357131004333
YDL150W,YJL108C,0,-2.089015,0.11234071105718613,0.9970238208770752,0.7947357892990112
YPR122W,YPL271W,0,-2.0899844,0.11232815682888031,0.9970238208770752,0.7948358654975891
YJR150C,YAL013W,0,-2.0901713,0.1123156026005745,0.9970238208770752,0.794935941696167
YKR061W,YDL132W,0,-2.0901914,0.11230304837226868,0.9970238208770752,0.7950360178947449
YDR373W,YKR039W,0,-2.0905924,0.11229050159454346,0.9970238208770752,0.7951360940933228
YDL117W,YKR034W,0,-2.090856,0.11227795481681824,0.9970238208770752,0.7952361702919006
YPL042C,YOR306C,0,-2.0929692,0.11226541548967361,0.9970238208770752,0.7953362464904785
YKR097W,YGR014W,0,-2.0934618,0.11225287616252899,0.9970238208770752,0.7954363226890564
YOL032W,YDL128W,0,-2.0945182,0.11224033683538437,0.9970238208770752,0.795536458492279
YJL165C,YLR378C,0,-2.095161,0.11222780495882034,0.9970238208770752,0.7956365346908569
YMR296C,YPL120W,0,-2.095481,0.11221527308225632,0.9970238208770752,0.7957366108894348
YDR362C,YDL138W,0,-2.0956976,0.11220274865627289,0.9970238208770752,0.7958366870880127
YPR151C,YDL165W,0,-2.0968902,0.11219022423028946,0.9970238208770752,0.7959367632865906
YAL043C,YER061C,0,-2.097744,0.11217769980430603,0.9970238208770752,0.7960368394851685
YDL116W,YPL128C,0,-2.0979414,0.1121651753783226,0.9970238208770752,0.7961369156837463
YGL131C,YHR196W,0,-2.0980177,0.11215265840291977,0.9970238208770752,0.7962369918823242
YKL164C,YPR135W,0,-2.0985057,0.11214014887809753,0.9970238208770752,0.7963370680809021
YER032W,YGR163W,0,-2.0985508,0.1121276393532753,0.9970238208770752,0.79643714427948
YPL153C,YNL240C,0,-2.0988543,0.11211512982845306,0.9970238208770752,0.7965372204780579
YDL117W,YOR188W,0,-2.0989895,0.11210262030363083,0.9970238208770752,0.7966372966766357
YLR328W,YKL012W,0,-2.098998,0.11209011822938919,0.9970238208770752,0.7967373728752136
YDR194C,YNL240C,0,-2.0990863,0.11207761615514755,0.9970238208770752,0.7968374490737915
YER059W,YLR359W,0,-2.099852,0.11206512153148651,0.9970238208770752,0.7969375252723694
YLR453C,YPR156C,0,-2.1005397,0.11205262690782547,0.9970238208770752,0.7970376014709473
YPR032W,YGR204W,0,-2.1006055,0.11204013228416443,0.9970238208770752,0.7971377372741699
YDR259C,YBR017C,0,-2.1010497,0.11202764511108398,0.9970238208770752,0.7972378134727478
YGR041W,YMR204C,0,-2.1026149,0.11201515793800354,0.9970238208770752,0.7973378896713257
YMR266W,YKL015W,0,-2.1033754,0.11200267821550369,0.9970238208770752,0.7974379658699036
YNL009W,YDL098C,0,-2.1048083,0.11199019104242325,0.9970238208770752,0.7975380420684814
YDR364C,YBR275C,0,-2.105583,0.111977718770504,0.9970238208770752,0.7976381182670593
YLR133W,YBR260C,0,-2.1057878,0.11196523904800415,0.9970238208770752,0.7977381944656372
YGR163W,YJR160C,0,-2.106797,0.1119527667760849,0.9970238208770752,0.7978382706642151
YNL252C,YOR076C,0,-2.1068695,0.11194030195474625,0.9970238208770752,0.797938346862793
YDL138W,YJL080C,0,-2.1074328,0.111927829682827,0.9970238208770752,0.7980384230613708
YMR042W,YKR029C,0,-2.1086788,0.11191536486148834,0.9970238208770752,0.7981384992599487
YHR101C,YIL062C,0,-2.1100068,0.11190290749073029,0.9970238208770752,0.7982385754585266
YNL103W,YPL120W,0,-2.1100483,0.11189045011997223,0.9970238208770752,0.7983386516571045
YHR111W,YLR039C,0,-2.1105084,0.11187799274921417,0.9970238208770752,0.7984387278556824
YIL135C,YDL103C,0,-2.1106734,0.11186553537845612,0.9970238208770752,0.7985388040542603
YLR265C,YMR293C,0,-2.1112044,0.11185308545827866,0.9970238208770752,0.7986389398574829
YER175C,YKL214C,0,-2.1112576,0.1118406429886818,0.9970238208770752,0.7987390160560608
YEL012W,YPL065W,0,-2.1117144,0.11182819306850433,0.9970238208770752,0.7988390922546387
YOR198C,YER059W,0,-2.1120377,0.11181575804948807,0.9970238208770752,0.7989391684532166
YGL256W,YIL010W,0,-2.1124768,0.1118033155798912,0.9970238208770752,0.7990392446517944
YIR002C,YKR084C,0,-2.1126022,0.11179088056087494,0.9970238208770752,0.7991393208503723
YDR450W,YHL035C,0,-2.1128316,0.11177844554185867,0.9970238208770752,0.7992393970489502
YDR201W,YLL003W,0,-2.1133366,0.11176601052284241,0.9970238208770752,0.7993394732475281
YHR026W,YDR054C,0,-2.113691,0.11175358295440674,0.9970238208770752,0.799439549446106
YDL185W,YAL054C,0,-2.1140523,0.11174116283655167,0.9970238208770752,0.7995396256446838
YCR046C,YHR044C,0,-2.114053,0.111728735268116,0.9970238208770752,0.7996397018432617
YAL044C,YDR009W,0,-2.1148906,0.11171631515026093,0.9970238208770752,0.7997397780418396
YPR113W,YCL063W,0,-2.1149774,0.11170390248298645,0.9970238208770752,0.7998398542404175
YOR193W,YPR017C,0,-2.1155438,0.11169148981571198,0.9970238208770752,0.7999399304389954
YNL315C,YDR389W,0,-2.1162865,0.1116790771484375,0.9970238208770752,0.8000400066375732
YGL156W,YLR193C,0,-2.1166468,0.11166666448116302,0.9970238208770752,0.8001400828361511
YML118W,YBR127C,0,-2.1171741,0.11165425926446915,0.9970238208770752,0.8002402186393738
YIL135C,YNL177C,0,-2.117446,0.11164185404777527,0.9970238208770752,0.8003402948379517
YER144C,YML007W,0,-2.118496,0.11162945628166199,0.9970238208770752,0.8004403710365295
YMR295C,YDL194W,0,-2.118886,0.1116170585155487,0.9970238208770752,0.8005404472351074
YHR111W,YLR115W,0,-2.1189728,0.11160466074943542,0.9970238208770752,0.8006405234336853
YDR205W,YHR029C,0,-2.119372,0.11159227043390274,0.9970238208770752,0.8007405996322632
YBR084W,YJL174W,0,-2.1201248,0.11157988011837006,0.9970238208770752,0.8008406758308411
YPR161C,YGL181W,0,-2.1202078,0.11156749725341797,0.9970238208770752,0.800940752029419
YKL214C,YPL128C,0,-2.1206665,0.11155511438846588,0.9970238208770752,0.8010408282279968
YDR478W,YMR323W,0,-2.120954,0.1115427315235138,0.9970238208770752,0.8011409044265747
YNL009W,YLR170C,0,-2.1209831,0.1115303486585617,0.9970238208770752,0.8012409806251526
YGL236C,YPL130W,0,-2.122459,0.11151797324419022,0.9970238208770752,0.8013410568237305
YDL246C,YJR160C,0,-2.122539,0.11150560528039932,0.9970238208770752,0.8014411330223083
YGR188C,YNL052W,0,-2.122603,0.11149322986602783,0.9970238208770752,0.8015412092208862
YLR328W,YOR026W,0,-2.1228395,0.11148086190223694,0.9970238208770752,0.8016412854194641
YJL096W,YJL041W,0,-2.1230025,0.11146850138902664,0.9970238208770752,0.8017414212226868
YPL161C,YLR459W,0,-2.1232016,0.11145614087581635,0.9970238208770752,0.8018414974212646
YIL066C,YBR240C,0,-2.1235695,0.11144378036260605,0.9970238208770752,0.8019415736198425
YJL038C,YJR042W,0,-2.1239572,0.11143141984939575,0.9970238208770752,0.8020416498184204
YIL110W,YGR113W,0,-2.1248996,0.11141906678676605,0.9970238208770752,0.8021417260169983
YER144C,YFL011W,0,-2.1250894,0.11140672117471695,0.9970238208770752,0.8022418022155762
YGL156W,YNL059C,0,-2.1266978,0.11139436811208725,0.9970238208770752,0.802341878414154
YIL144W,YER022W,0,-2.127132,0.11138202250003815,0.9970238208770752,0.8024419546127319
YBR276C,YLR350W,0,-2.1272862,0.11136968433856964,0.9970238208770752,0.8025420308113098
YCL058C,YGR188C,0,-2.1277752,0.11135733872652054,0.9970238208770752,0.8026421070098877
YPL186C,YDL132W,0,-2.128359,0.11134500056505203,0.9970238208770752,0.8027421832084656
YBR175W,YBR105C,0,-2.1285112,0.11133266985416412,0.9970238208770752,0.8028422594070435
YBR017C,YPL209C,0,-2.1292448,0.11132033914327621,0.9970238208770752,0.8029423356056213
YKL089W,YLR002C,0,-2.130639,0.1113080084323883,0.9970238208770752,0.8030424118041992
YNL126W,YPR079W,0,-2.131209,0.1112956777215004,0.9970238208770752,0.8031424880027771
YHR067W,YDR097C,0,-2.1315145,0.11128335446119308,0.9970238208770752,0.8032426238059998
YIL005W,YLR099C,0,-2.1321054,0.11127103865146637,0.9970238208770752,0.8033427000045776
YFL042C,YJL056C,0,-2.1332989,0.11125871539115906,0.9970238208770752,0.8034427762031555
YPL053C,YBL016W,0,-2.1336737,0.11124639958143234,0.9970238208770752,0.8035428524017334
YCR046C,YGL186C,0,-2.135465,0.11123409122228622,0.9970238208770752,0.8036429286003113
YKL020C,YGR113W,0,-2.136222,0.1112217828631401,0.9970238208770752,0.8037430047988892
YJL035C,YKR058W,0,-2.1368322,0.11120947450399399,0.9970238208770752,0.803843080997467
YIL046W,YNL271C,0,-2.136922,0.11119716614484787,0.9970238208770752,0.8039431571960449
YDR137W,YKL148C,0,-2.1372926,0.11118486523628235,0.9970238208770752,0.8040432333946228
YMR163C,YLR097C,0,-2.137892,0.11117256432771683,0.9970238208770752,0.8041433095932007
YLR168C,YOL090W,0,-2.1381798,0.1111602708697319,0.9970238208770752,0.8042433857917786
YMR056C,YGR199W,0,-2.1387522,0.11114797741174698,0.9970238208770752,0.8043434619903564
YFR019W,YAR033W,0,-2.1388998,0.11113568395376205,0.9970238208770752,0.8044435381889343
YPR009W,YDR380W,0,-2.1394148,0.11112339794635773,0.9970238208770752,0.8045436143875122
YLR314C,YGL090W,0,-2.1403174,0.1111111119389534,0.9970238208770752,0.8046436905860901
YKL089W,YKL096W,0,-2.140956,0.11109882593154907,0.9970238208770752,0.804743766784668
YKR071C,YDL101C,0,-2.141471,0.11108654737472534,0.9970238208770752,0.8048439025878906
YGR184C,YHR177W,0,-2.1416874,0.11107426881790161,0.9970238208770752,0.8049439787864685
YOR330C,YLR403W,0,-2.142017,0.11106199771165848,0.9970238208770752,0.8050440549850464
YBR260C,YOR337W,0,-2.1420846,0.11104972660541534,0.9970238208770752,0.8051441311836243
YNL008C,YMR002W,0,-2.142302,0.11103745549917221,0.9970238208770752,0.8052442073822021
YPR108W,YOL135C,0,-2.1424956,0.11102518439292908,0.9970238208770752,0.80534428358078
YLR219W,YKR072C,0,-2.14371,0.11101292073726654,0.9970238208770752,0.8054443597793579
YDR463W,YKL130C,0,-2.1442027,0.1110006645321846,0.9970238208770752,0.8055444359779358
YDR463W,YHR150W,0,-2.1442966,0.11098840087652206,0.9970238208770752,0.8056445121765137
YJL058C,YKL150W,0,-2.1444333,0.11097615212202072,0.9970238208770752,0.8057445883750916
YJL155C,YOL103W,0,-2.144475,0.11096389591693878,0.9970238208770752,0.8058446645736694
YNL005C,YPR156C,0,-2.144876,0.11095164716243744,0.9970238208770752,0.8059447407722473
YPL164C,YGR204W,0,-2.145549,0.1109393984079361,0.9970238208770752,0.8060448169708252
YMR052W,YNL055C,0,-2.145728,0.11092714965343475,0.9970238208770752,0.8061448931694031
YGR249W,YMR276W,0,-2.1458702,0.11091490834951401,0.9970238208770752,0.806244969367981
YDR280W,YGR239C,0,-2.146723,0.11090266704559326,0.9970238208770752,0.8063451051712036
YNR045W,YDL185W,0,-2.1467476,0.11089043319225311,0.9970238208770752,0.8064451813697815
YOR131C,YNL221C,0,-2.1473293,0.11087819933891296,0.9970238208770752,0.8065452575683594
YAR042W,YBR180W,0,-2.147536,0.11086596548557281,0.9970238208770752,0.8066453337669373
YPL222W,YPL065W,0,-2.147755,0.11085373908281326,0.9970238208770752,0.8067454099655151
YML023C,YBR105C,0,-2.1489003,0.11084151268005371,0.9970238208770752,0.806845486164093
YHR090C,YOR157C,0,-2.148962,0.11082928627729416,0.9970238208770752,0.8069455623626709
YHR150W,YMR163C,0,-2.1495404,0.1108170673251152,0.9970238208770752,0.8070456385612488
YDL159W,YBR136W,0,-2.151232,0.11080484837293625,0.9970238208770752,0.8071457147598267
YJR001W,YDR512C,0,-2.1516392,0.11079263687133789,0.9970238208770752,0.8072457909584045
YJR041C,YCL024W,0,-2.1522446,0.11078042536973953,0.9970238208770752,0.8073458671569824
YKR007W,YDR540C,0,-2.1523721,0.11076821386814117,0.9970238208770752,0.8074459433555603
YJL047C,YMR005W,0,-2.1526303,0.11075600981712341,0.9970238208770752,0.8075460195541382
YPR139C,YKL012W,0,-2.152903,0.11074379831552505,0.9970238208770752,0.8076460957527161
YLR034C,YPL116W,0,-2.1534948,0.11073160171508789,0.9970238208770752,0.807746171951294
YPL274W,YKL034W,0,-2.1546235,0.11071939766407013,0.9970238208770752,0.8078462481498718
YNL008C,YLR411W,0,-2.1548166,0.11070720106363297,0.9970238208770752,0.8079463839530945
YGL026C,YDL159W,0,-2.1555076,0.1106950119137764,0.9970238208770752,0.8080464601516724
YJL059W,YNL196C,0,-2.1558433,0.11068282276391983,0.9970238208770752,0.8081465363502502
YDR477W,YLR026C,0,-2.1558814,0.11067063361406326,0.9970238208770752,0.8082466125488281
YIL046W,YJL003W,0,-2.1565056,0.1106584444642067,0.9970238208770752,0.808346688747406
YER010C,YML062C,0,-2.15689,0.11064626276493073,0.9970238208770752,0.8084467649459839
YBL099W,YPL164C,0,-2.157098,0.11063408106565475,0.9970238208770752,0.8085468411445618
YOR255W,YPL115C,0,-2.1576953,0.11062190681695938,0.9970238208770752,0.8086469173431396
YDR212W,YBL060W,0,-2.1583557,0.11060973256826401,0.9970238208770752,0.8087469935417175
YOR172W,YKR001C,0,-2.1583807,0.11059755831956863,0.9970238208770752,0.8088470697402954
YDL017W,YLR350W,0,-2.1589408,0.11058538407087326,0.9970238208770752,0.8089471459388733
YDR383C,YDL132W,0,-2.1590931,0.11057321727275848,0.9970238208770752,0.8090472221374512
YAR042W,YGR086C,0,-2.159513,0.1105610579252243,0.9970238208770752,0.809147298336029
YLR369W,YOL044W,0,-2.1601725,0.11054889112710953,0.9970238208770752,0.8092473745346069
YHR028C,YPL151C,0,-2.160655,0.11053673923015594,0.9970238208770752,0.8093474507331848
YGR014W,YPR023C,0,-2.1608834,0.11052457988262177,0.9970238208770752,0.8094475865364075
YDR436W,YHR172W,0,-2.1618788,0.11051242798566818,0.9970238208770752,0.8095476627349854
YBR169C,YPR032W,0,-2.1618907,0.1105002760887146,0.9970238208770752,0.8096477389335632
YMR211W,YJL110C,0,-2.163004,0.11048812419176102,0.9970238208770752,0.8097478151321411
YJR123W,YCR068W,0,-2.163096,0.11047597974538803,0.9970238208770752,0.809847891330719
YKR058W,YLR227C,0,-2.163955,0.11046383529901505,0.9970238208770752,0.8099479675292969
YLR390W,YPR168W,0,-2.1651936,0.11045169830322266,0.9970238208770752,0.8100480437278748
YOR190W,YOR060C,0,-2.1652524,0.11043956130743027,0.9970238208770752,0.8101481199264526
YLR035C,YDR479C,0,-2.166009,0.11042742431163788,0.9970238208770752,0.8102481961250305
YBR283C,YOR081C,0,-2.167632,0.11041529476642609,0.9970238208770752,0.8103482723236084
YKL130C,YKL194C,0,-2.167748,0.1104031652212143,0.9970238208770752,0.8104483485221863
YKL130C,YLR299W,0,-2.168383,0.1103910356760025,0.9970238208770752,0.8105484247207642
YKL148C,YPL274W,0,-2.1684122,0.11037891358137131,0.9970238208770752,0.810648500919342
YOR330C,YOR355W,0,-2.1695108,0.11036679148674011,0.9970238208770752,0.8107485771179199
YDR478W,YGL107C,0,-2.170456,0.11035466939210892,0.9970238208770752,0.8108486533164978
YBR169C,YLR399C,0,-2.1704967,0.11034255474805832,0.9970238208770752,0.8109487295150757
YML023C,YPL232W,0,-2.170772,0.11033044010400772,0.9970238208770752,0.8110488653182983
YPR191W,YER104W,0,-2.1719372,0.11031833291053772,0.9970238208770752,0.8111489415168762
YJL020C,YLR411W,0,-2.1726665,0.11030622571706772,0.9970238208770752,0.8112490177154541
YAR033W,YGR199W,0,-2.1737375,0.11029411852359772,0.9970238208770752,0.811349093914032
YBL099W,YCR097W,0,-2.1738486,0.11028201133012772,0.9970238208770752,0.8114491701126099
YGL066W,YLR404W,0,-2.1740062,0.11026991158723831,0.9970238208770752,0.8115492463111877
YGR249W,YGR024C,0,-2.1756427,0.1102578192949295,0.9970238208770752,0.8116493225097656
YBR265W,YLR138W,0,-2.1756487,0.1102457195520401,0.9970238208770752,0.8117493987083435
YGL022W,YOR086C,0,-2.1756806,0.11023362725973129,0.9970238208770752,0.8118494749069214
YDL185W,YLR411W,0,-2.1757479,0.11022154241800308,0.9970238208770752,0.8119495511054993
YML115C,YGL158W,0,-2.1758454,0.11020945012569427,0.9970238208770752,0.8120496273040771
YJL058C,YKL089W,0,-2.1759233,0.11019736528396606,0.9970238208770752,0.812149703502655
YMR154C,YGR215W,0,-2.1763172,0.11018528789281845,0.9970238208770752,0.8122497797012329
YGL156W,YIR036C,0,-2.17839,0.11017321050167084,0.9970238208770752,0.8123498558998108
YFL054C,YFL047W,0,-2.1784337,0.11016113311052322,0.9970238208770752,0.8124499320983887
YLR403W,YMR266W,0,-2.1789775,0.11014905571937561,0.9970238208770752,0.8125500679016113
YER021W,YMR137C,0,-2.179347,0.1101369857788086,0.9970238208770752,0.8126501441001892
YPL098C,YBR020W,0,-2.1797595,0.11012491583824158,0.9970238208770752,0.8127502202987671
YPR042C,YIL062C,0,-2.1802177,0.11011285334825516,0.9970238208770752,0.812850296497345
YDR166C,YPR079W,0,-2.182805,0.11010079085826874,0.9970238208770752,0.8129503726959229
YIL113W,YLR219W,0,-2.183433,0.11008872836828232,0.9970238208770752,0.8130504488945007
YCR106W,YGL139W,0,-2.1844754,0.1100766733288765,0.9970238208770752,0.8131505250930786
YGR189C,YOR362C,0,-2.185415,0.11006461828947067,0.9970238208770752,0.8132506012916565
YLR133W,YNL242W,0,-2.1857498,0.11005256325006485,0.9970238208770752,0.8133506774902344
YPL099C,YGL090W,0,-2.1859777,0.11004051566123962,0.9970238208770752,0.8134507536888123
YGL134W,YDR489W,0,-2.1869268,0.1100284680724144,0.9970238208770752,0.8135508298873901
YPL255W,YBR301W,0,-2.187523,0.11001642048358917,0.9970238208770752,0.813650906085968
YNL223W,YMR061W,0,-2.1884513,0.11000438034534454,0.9970238208770752,0.8137509822845459
YBR265W,YPL152W,0,-2.1887667,0.10999234020709991,0.9970238208770752,0.8138510584831238
YER003C,YBL105C,0,-2.1890526,0.10998030006885529,0.9970238208770752,0.8139511346817017
YBR098W,YLR271W,0,-2.1899276,0.10996826738119125,0.9970238208770752,0.8140512704849243
YOR393W,YJL061W,0,-2.191045,0.10995623469352722,0.9970238208770752,0.8141513466835022
YKL152C,YJL172W,0,-2.1917672,0.10994420945644379,0.9970238208770752,0.8142514228820801
YMR204C,YNL053W,0,-2.1917892,0.10993218421936035,0.9970238208770752,0.814351499080658
YBL063W,YPR045C,0,-2.1918635,0.10992015898227692,0.9970238208770752,0.8144515752792358
YPL042C,YOR086C,0,-2.1920066,0.10990813374519348,0.9970238208770752,0.8145516514778137
YIL095W,YDR470C,0,-2.1922407,0.10989611595869064,0.9970238208770752,0.8146517276763916
YOL020W,YPL127C,0,-2.1924837,0.1098841056227684,0.9970238208770752,0.8147518038749695
YMR113W,YDL069C,0,-2.1927516,0.10987208783626556,0.9970238208770752,0.8148518800735474
YML011C,YBR131W,0,-2.1929152,0.10986007750034332,0.9970238208770752,0.8149519562721252
YJL020C,YNL242W,0,-2.1929502,0.10984806716442108,0.9970238208770752,0.8150520324707031
YLR404W,YBR006W,0,-2.1934762,0.10983606427907944,0.9970238208770752,0.815152108669281
YPL116W,YGR074W,0,-2.1948702,0.10982406139373779,0.9970238208770752,0.8152521848678589
YDR460W,YAL043C,0,-2.1954486,0.10981206595897675,0.9970238208770752,0.8153522610664368
YLR440C,YDR160W,0,-2.1956859,0.1098000630736351,0.9970238208770752,0.8154523372650146
YPL148C,YKR025W,0,-2.1960955,0.10978806763887405,0.9970238208770752,0.8155524134635925
YPL045W,YDL234C,0,-2.1962306,0.1097760796546936,0.9970238208770752,0.8156525492668152
YJL123C,YDR380W,0,-2.1967902,0.10976409167051315,0.9970238208770752,0.8157526254653931
YHR111W,YKL096W,0,-2.1969323,0.1097521036863327,0.9970238208770752,0.815852701663971
YER114C,YIL010W,0,-2.1970184,0.10974011570215225,0.9970238208770752,0.8159527778625488
YDL122W,YDL179W,0,-2.1984067,0.1097281351685524,0.9970238208770752,0.8160528540611267
YGL156W,YKL137W,0,-2.198447,0.10971615463495255,0.9970238208770752,0.8161529302597046
YDL067C,YPR135W,0,-2.198896,0.10970418155193329,0.9970238208770752,0.8162530064582825
YLR026C,YKL015W,0,-2.1993198,0.10969220846891403,0.9970238208770752,0.8163530826568604
YGL038C,YLR298C,0,-2.1993568,0.10968023538589478,0.9970238208770752,0.8164531588554382
YJR106W,YNL218W,0,-2.1997268,0.10966826975345612,0.9970238208770752,0.8165532350540161
YER165W,YDR076W,0,-2.2001767,0.10965630412101746,0.9970238208770752,0.816653311252594
YNL311C,YGR063C,0,-2.2005873,0.1096443384885788,0.9970238208770752,0.8167533874511719
YLR411W,YPL232W,0,-2.2022283,0.10963238030672073,0.9970238208770752,0.8168534636497498
YHL031C,YDR113C,0,-2.2023842,0.10962042212486267,0.9970238208770752,0.8169535398483276
YNL223W,YOL016C,0,-2.2025418,0.10960846394300461,0.9970238208770752,0.8170536160469055
YGL179C,YKR063C,0,-2.2035537,0.10959651321172714,0.9970238208770752,0.8171537518501282
YPR030W,YOR337W,0,-2.204136,0.10958456248044968,0.9970238208770752,0.817253828048706
YPR193C,YFL059W,0,-2.2041488,0.10957261174917221,0.9970238208770752,0.8173539042472839
YJL096W,YPL053C,0,-2.2043796,0.10956066846847534,0.9970238208770752,0.8174539804458618
YGR138C,YER182W,0,-2.2047966,0.10954872518777847,0.9970238208770752,0.8175540566444397
YCL029C,YOL126C,0,-2.205342,0.1095367819070816,0.9970238208770752,0.8176541328430176
YPL045W,YPR135W,0,-2.2056339,0.10952484607696533,0.9970238208770752,0.8177542090415955
YDR016C,YML094W,0,-2.2056484,0.10951291024684906,0.9970238208770752,0.8178542852401733
YAR042W,YML015C,0,-2.2066555,0.10950098186731339,0.9970238208770752,0.8179543614387512
YDL067C,YIL048W,0,-2.2067575,0.10948905348777771,0.9970238208770752,0.8180544376373291
YDL098C,YMR174C,0,-2.208078,0.10947712510824203,0.9970238208770752,0.818154513835907
YGL192W,YPL065W,0,-2.209558,0.10946519672870636,0.9970238208770752,0.8182545900344849
YGR136W,YGR049W,0,-2.2099738,0.10945327579975128,0.9970238208770752,0.8183546662330627
YHR074W,YLL040C,0,-2.210785,0.1094413623213768,0.9970238208770752,0.8184547424316406
YML015C,YDR080W,0,-2.2120736,0.10942944139242172,0.9970238208770752,0.8185548186302185
YHR209W,YDR181C,0,-2.213044,0.10941752791404724,0.9970238208770752,0.8186548948287964
YOR106W,YDR536W,0,-2.2146266,0.10940561443567276,0.9970238208770752,0.818755030632019
YKL020C,YHR146W,0,-2.2159739,0.10939370840787888,0.9970238208770752,0.8188551068305969
YPL186C,YHR066W,0,-2.2160807,0.10938180238008499,0.9970238208770752,0.8189551830291748
YDR034C,YPL085W,0,-2.2163749,0.10936989635229111,0.9970238208770752,0.8190552592277527
YHR047C,YJL110C,0,-2.2163813,0.10935799777507782,0.9970238208770752,0.8191553354263306
YGL223C,YPL059W,0,-2.2183404,0.10934609919786453,0.9970238208770752,0.8192554116249084
YKL130C,YKL034W,0,-2.2193747,0.10933420062065125,0.9970238208770752,0.8193554878234863
YNL103W,YDR181C,0,-2.219774,0.10932230949401855,0.9970238208770752,0.8194555640220642
YGR163W,YOR216C,0,-2.220139,0.10931041836738586,0.9970238208770752,0.8195556402206421
YDL220C,YDR181C,0,-2.2205648,0.10929853469133377,0.9970238208770752,0.81965571641922
YPR007C,YGR043C,0,-2.2207518,0.10928664356470108,0.9970238208770752,0.8197557926177979
YFL059W,YOR273C,0,-2.2215421,0.10927475988864899,0.9970238208770752,0.8198558688163757
YLR440C,YDR486C,0,-2.2217412,0.10926288366317749,0.9970238208770752,0.8199559450149536
YAR018C,YKL176C,0,-2.2219887,0.109251007437706,0.9970238208770752,0.8200560212135315
YDL013W,YLR034C,0,-2.2220979,0.1092391312122345,0.9970238208770752,0.8201560974121094
YML042W,YPL151C,0,-2.222982,0.109227254986763,0.9970238208770752,0.820256233215332
YFL008W,YPL128C,0,-2.2240086,0.1092153862118721,0.9970238208770752,0.8203563094139099
YKL214C,YOR156C,0,-2.224368,0.1092035174369812,0.9970238208770752,0.8204563856124878
YMR056C,YOL060C,0,-2.2253695,0.1091916561126709,0.9970238208770752,0.8205564618110657
YKR097W,YDL098C,0,-2.2259498,0.1091797947883606,0.9970238208770752,0.8206565380096436
YDR420W,YKL034W,0,-2.226335,0.10916793346405029,0.9970238208770752,0.8207566142082214
YPL174C,YOL060C,0,-2.2270198,0.10915607959032059,0.9970238208770752,0.8208566904067993
YOR290C,YHR199C,0,-2.2273982,0.10914422571659088,0.9970238208770752,0.8209567666053772
YKL145W,YGR243W,0,-2.2276912,0.10913237184286118,0.9970238208770752,0.8210568428039551
YMR106C,YGR199W,0,-2.227858,0.10912051796913147,0.9970238208770752,0.821156919002533
YHR046C,YOL156W,0,-2.228276,0.10910867154598236,0.9970238208770752,0.8212569952011108
YNL026W,YGL049C,0,-2.2288814,0.10909683257341385,0.9970238208770752,0.8213570713996887
YDR119W,YJL174W,0,-2.229936,0.10908498615026474,0.9970238208770752,0.8214571475982666
YNL242W,YOR060C,0,-2.2302618,0.10907314717769623,0.9970238208770752,0.8215572237968445
YNL128W,YOL149W,0,-2.2318697,0.10906131565570831,0.9970238208770752,0.8216572999954224
YHR146W,YPL283C,0,-2.2319565,0.1090494766831398,0.9970238208770752,0.8217573761940002
YMR113W,YBR006W,0,-2.23205,0.10903764516115189,0.9970238208770752,0.8218575119972229
YDR436W,YLR300W,0,-2.2322485,0.10902582108974457,0.9970238208770752,0.8219575881958008
YIL135C,YLR446W,0,-2.2329874,0.10901398956775665,0.9970238208770752,0.8220576643943787
YLL006W,YNL135C,0,-2.2333062,0.10900216549634933,0.9970238208770752,0.8221577405929565
YNL161W,YJL056C,0,-2.2346427,0.10899034887552261,0.9970238208770752,0.8222578167915344
YDL207W,YNL245C,0,-2.2346582,0.10897853225469589,0.9970238208770752,0.8223578929901123
YLR314C,YNL245C,0,-2.234847,0.10896671563386917,0.9970238208770752,0.8224579691886902
YML004C,YPR122W,0,-2.2353053,0.10895489901304245,0.9970238208770752,0.8225580453872681
YBR024W,YKL175W,0,-2.2362056,0.10894308984279633,0.9970238208770752,0.822658121585846
YOR148C,YOR016C,0,-2.2362862,0.1089312806725502,0.9970238208770752,0.8227581977844238
YKR097W,YGR074W,0,-2.236509,0.10891947895288467,0.9970238208770752,0.8228582739830017
YIR013C,YMR294W,0,-2.2384372,0.10890766978263855,0.9970238208770752,0.8229583501815796
YLR369W,YPR108W,0,-2.2385545,0.10889586806297302,0.9970238208770752,0.8230584263801575
YDR420W,YDR389W,0,-2.2385583,0.10888407379388809,0.9970238208770752,0.8231585025787354
YMR020W,YPR175W,0,-2.238568,0.10887227952480316,0.9970238208770752,0.8232585787773132
YMR174C,YER105C,0,-2.2387471,0.10886048525571823,0.9970238208770752,0.8233587145805359
YDR200C,YOR094W,0,-2.2388272,0.1088486984372139,0.9970238208770752,0.8234587907791138
YHR042W,YHR164C,0,-2.2390358,0.10883690416812897,0.9970238208770752,0.8235588669776917
YJL008C,YOL004W,0,-2.2391124,0.10882512480020523,0.9970238208770752,0.8236589431762695
YNR056C,YGR243W,0,-2.2392576,0.1088133379817009,0.9970238208770752,0.8237590193748474
YDL017W,YDR128W,0,-2.2403998,0.10880155861377716,0.9970238208770752,0.8238590955734253
YGL066W,YLR328W,0,-2.240693,0.10878977924585342,0.9970238208770752,0.8239591717720032
YML015C,YGL225W,0,-2.2412717,0.10877800732851028,0.9970238208770752,0.824059247970581
YCR077C,YER182W,0,-2.241286,0.10876623541116714,0.9970238208770752,0.8241593241691589
YDR317W,YDR486C,0,-2.2430077,0.108754463493824,0.9970238208770752,0.8242594003677368
YGL040C,YBR114W,0,-2.2441132,0.10874269902706146,0.9970238208770752,0.8243594765663147
YPL082C,YNL265C,0,-2.2444663,0.10873093456029892,0.9970238208770752,0.8244595527648926
YOL016C,YGR249W,0,-2.2445586,0.10871917009353638,0.9970238208770752,0.8245596289634705
YDR205W,YGL181W,0,-2.2447338,0.10870741307735443,0.9970238208770752,0.8246597051620483
YLR446W,YPL259C,0,-2.2451675,0.10869564861059189,0.9970238208770752,0.8247597813606262
YFR031C,YIL066C,0,-2.2452455,0.10868389904499054,0.9970238208770752,0.8248599171638489
YLR170C,YLR097C,0,-2.2453742,0.1086721420288086,0.9970238208770752,0.8249599933624268
YOR005C,YFL030W,0,-2.246099,0.10866039246320724,0.9970238208770752,0.8250600695610046
YMR183C,YEL013W,0,-2.24642,0.10864865034818649,0.9970238208770752,0.8251601457595825
YLR258W,YDR545W,0,-2.246982,0.10863690078258514,0.9970238208770752,0.8252602219581604
YOR393W,YOR016C,0,-2.2473788,0.10862515866756439,0.9970238208770752,0.8253602981567383
YOL084W,YLR147C,0,-2.247396,0.10861342400312424,0.9970238208770752,0.8254603743553162
YOR381W,YJL194W,0,-2.247682,0.10860168933868408,0.9970238208770752,0.825560450553894
YBR279W,YDL195W,0,-2.2484064,0.10858995467424393,0.9970238208770752,0.8256605267524719
YGL144C,YJL038C,0,-2.2501829,0.10857822000980377,0.9970238208770752,0.8257606029510498
YJL209W,YGL186C,0,-2.2506537,0.10856649279594421,0.9970238208770752,0.8258606791496277
YGL005C,YBR065C,0,-2.2520208,0.10855476558208466,0.9970238208770752,0.8259607553482056
YLR256W,YNL290W,0,-2.2523353,0.1085430383682251,0.9970238208770752,0.8260608315467834
YKL054C,YMR276W,0,-2.2545433,0.10853131860494614,0.9970238208770752,0.8261609077453613
YFR019W,YPR156C,0,-2.2558026,0.10851959884166718,0.9970238208770752,0.8262609839439392
YOR290C,YBR017C,0,-2.256581,0.10850787907838821,0.9970238208770752,0.8263610601425171
YJL129C,YML036W,0,-2.257015,0.10849616676568985,0.9970238208770752,0.8264611959457397
YBL066C,YLR361C,0,-2.2574944,0.10848445445299149,0.9970238208770752,0.8265612721443176
YGR068C,YJL065C,0,-2.2577772,0.10847274959087372,0.9970238208770752,0.8266613483428955
YOR322C,YJL116C,0,-2.257966,0.10846103727817535,0.9970238208770752,0.8267614245414734
YDR460W,YDR354W,0,-2.2581487,0.10844933986663818,0.9970238208770752,0.8268615007400513
YLL062C,YJL209W,0,-2.2582583,0.10843763500452042,0.9970238208770752,0.8269615769386292
YJR063W,YBL034C,0,-2.2585816,0.10842593759298325,0.9970238208770752,0.827061653137207
YHR028C,YPR045C,0,-2.2590847,0.10841424018144608,0.9970238208770752,0.8271617293357849
YIL159W,YIR009W,0,-2.2597742,0.1084025427699089,0.9970238208770752,0.8272618055343628
YKL096W,YER105C,0,-2.260098,0.10839085280895233,0.9970238208770752,0.8273618817329407
YGR136W,YGL012W,0,-2.2613225,0.10837916284799576,0.9970238208770752,0.8274619579315186
YIL005W,YBL105C,0,-2.2617273,0.10836748033761978,0.9970238208770752,0.8275620341300964
YMR288W,YER035W,0,-2.261736,0.1083557978272438,0.9970238208770752,0.8276621103286743
YKR104W,YDR511W,0,-2.2617702,0.10834411531686783,0.9970238208770752,0.8277621865272522
YMR227C,YPR042C,0,-2.2619128,0.10833243280649185,0.9970238208770752,0.8278622627258301
YCR027C,YLR102C,0,-2.2622921,0.10832075774669647,0.9970238208770752,0.8279623985290527
YPL042C,YJL061W,0,-2.2624588,0.10830908268690109,0.9970238208770752,0.8280624747276306
YDR463W,YPL244C,0,-2.2625844,0.10829741507768631,0.9970238208770752,0.8281625509262085
YPL151C,YDL194W,0,-2.2626615,0.10828574746847153,0.9970238208770752,0.8282626271247864
YHR034C,YPR047W,0,-2.2627637,0.10827407985925674,0.9970238208770752,0.8283627033233643
YDR350C,YKR080W,0,-2.2632084,0.10826241225004196,0.9970238208770752,0.8284627795219421
YIL046W,YOL005C,0,-2.2640057,0.10825075209140778,0.9970238208770752,0.82856285572052
YDR200C,YHR029C,0,-2.2642145,0.10823909193277359,0.9970238208770752,0.8286629319190979
YGL131C,YGL206C,0,-2.2655559,0.10822743922472,0.9970238208770752,0.8287630081176758
YLR115W,YBR114W,0,-2.2689714,0.10821578651666641,0.9970238208770752,0.8288630843162537
YGR068C,YNL169C,0,-2.2691865,0.10820413380861282,0.9970238208770752,0.8289631605148315
YDL017W,YGL228W,0,-2.2694647,0.10819248855113983,0.9970238208770752,0.8290632367134094
YHR155W,YPL265W,0,-2.2703037,0.10818084329366684,0.9970238208770752,0.8291633129119873
YDR478W,YJL038C,0,-2.2709832,0.10816919803619385,0.9970238208770752,0.8292633891105652
YDR479C,YPR133C,0,-2.2715023,0.10815755277872086,0.9970238208770752,0.8293634653091431
YAL053W,YHL021C,0,-2.2730618,0.10814591497182846,0.9970238208770752,0.829463541507721
YHR175W,YBR055C,0,-2.273194,0.10813427716493607,0.9970238208770752,0.8295636773109436
YGR262C,YML046W,0,-2.2737794,0.10812264680862427,0.9970238208770752,0.8296637535095215
YCR048W,YFL008W,0,-2.2742364,0.10811101645231247,0.9970238208770752,0.8297638297080994
YER173W,YOL006C,0,-2.274325,0.10809938609600067,0.9970238208770752,0.8298639059066772
YER096W,YGL139W,0,-2.2751496,0.10808776319026947,0.9970238208770752,0.8299639821052551
YBR018C,YMR033W,0,-2.2751753,0.10807614028453827,0.9970238208770752,0.830064058303833
YDL117W,YGL026C,0,-2.2764077,0.10806451737880707,0.9970238208770752,0.8301641345024109
YIL048W,YPR079W,0,-2.2768722,0.10805289447307587,0.9970238208770752,0.8302642107009888
YJL058C,YGR068C,0,-2.276965,0.10804127901792526,0.9970238208770752,0.8303642868995667
YOL156W,YOL034W,0,-2.2770128,0.10802967101335526,0.9970238208770752,0.8304643630981445
YOR198C,YDL194W,0,-2.2788208,0.10801805555820465,0.9970238208770752,0.8305644392967224
YER144C,YNR043W,0,-2.2793026,0.10800644755363464,0.9970238208770752,0.8306645154953003
YJL008C,YDL194W,0,-2.2793694,0.10799483954906464,0.9970238208770752,0.8307645916938782
YGR002C,YER104W,0,-2.2802322,0.10798323899507523,0.9970238208770752,0.830864667892456
YLR206W,YLL055W,0,-2.2823558,0.10797163844108582,0.9970238208770752,0.8309647440910339
YEL011W,YBL060W,0,-2.2826498,0.1079600378870964,0.9970238208770752,0.8310648798942566
YGL049C,YPR036W,0,-2.282683,0.10794844478368759,0.9970238208770752,0.8311649560928345
YKR061W,YPR169W,0,-2.2830064,0.10793685168027878,0.9970238208770752,0.8312650322914124
YJL102W,YLR390W-A,0,-2.283241,0.10792525857686996,0.9970238208770752,0.8313651084899902
YLR459W,YBR020W,0,-2.2839417,0.10791366547346115,0.9970238208770752,0.8314651846885681
YDR460W,YGR098C,0,-2.2841592,0.10790207982063293,0.9970238208770752,0.831565260887146
YNR026C,YBR186W,0,-2.2842398,0.10789050161838531,0.9970238208770752,0.8316653370857239
YDL220C,YMR184W,0,-2.284586,0.1078789159655571,0.9970238208770752,0.8317654132843018
YLR102C,YPL065W,0,-2.2859626,0.10786733776330948,0.9970238208770752,0.8318654894828796
YNL245C,YKL015W,0,-2.289101,0.10785575956106186,0.9970238208770752,0.8319655656814575
YCL018W,YIL023C,0,-2.290369,0.10784418880939484,0.9970238208770752,0.8320656418800354
YNL236W,YDR407C,0,-2.2912068,0.10783261805772781,0.9970238208770752,0.8321657180786133
YCR105W,YBR136W,0,-2.2913187,0.10782104730606079,0.9970238208770752,0.8322657942771912
YEL012W,YKL145W,0,-2.2913537,0.10780948400497437,0.9970238208770752,0.832365870475769
YAL053W,YGL256W,0,-2.2918296,0.10779792070388794,0.9970238208770752,0.8324659466743469
YDR166C,YML118W,0,-2.2924266,0.10778635740280151,0.9970238208770752,0.8325660824775696
YJL041W,YNL304W,0,-2.2925005,0.10777480155229568,0.9970238208770752,0.8326661586761475
YDL159W,YER035W,0,-2.2931178,0.10776324570178986,0.9970238208770752,0.8327662348747253
YGR189C,YDR511W,0,-2.2931318,0.10775168985128403,0.9970238208770752,0.8328663110733032
YJL146W,YBR131W,0,-2.2936044,0.1077401340007782,0.9970238208770752,0.8329663872718811
YIL159W,YMR153W,0,-2.293845,0.10772858560085297,0.9970238208770752,0.833066463470459
YER144C,YDR212W,0,-2.2939575,0.10771704465150833,0.9970238208770752,0.8331665396690369
YLL062C,YNR043W,0,-2.2947328,0.1077054962515831,0.9970238208770752,0.8332666158676147
YHR199C,YER003C,0,-2.2955875,0.10769395530223846,0.9970238208770752,0.8333666920661926
YMR056C,YER146W,0,-2.2958493,0.10768241435289383,0.9970238208770752,0.8334667682647705
YDR200C,YPL190C,0,-2.2961736,0.10767088085412979,0.9970238208770752,0.8335668444633484
YCR017C,YDR028C,0,-2.296211,0.10765934735536575,0.9970238208770752,0.8336669206619263
YPL116W,YOR094W,0,-2.2965746,0.10764781385660172,0.9970238208770752,0.8337669968605042
YGR121C,YIR009W,0,-2.2965937,0.10763628780841827,0.9970238208770752,0.833867073059082
YLR375W,YBR172C,0,-2.2973416,0.10762476176023483,0.9970238208770752,0.8339671492576599
YIL113W,YML094W,0,-2.2974873,0.10761323571205139,0.9970238208770752,0.8340672254562378
YLR292C,YJL209W,0,-2.2975116,0.10760170966386795,0.9970238208770752,0.8341673612594604
YOR005C,YOL020W,0,-2.2979603,0.1075901910662651,0.9970238208770752,0.8342674374580383
YER021W,YPR045C,0,-2.2981935,0.10757867991924286,0.9970238208770752,0.8343675136566162
YML118W,YHR005C,0,-2.2983093,0.10756716132164001,0.9970238208770752,0.8344675898551941
YDR194C,YDR009W,0,-2.2989275,0.10755565017461777,0.9970238208770752,0.834567666053772
YJL222W,YJR110W,0,-2.2996135,0.10754413902759552,0.9970238208770752,0.8346677422523499
YDL067C,YGL258W,0,-2.3000035,0.10753263533115387,0.9970238208770752,0.8347678184509277
YPL053C,YER003C,0,-2.3006134,0.10752113163471222,0.9970238208770752,0.8348678946495056
YPR045C,YGL043W,0,-2.3018427,0.10750962793827057,0.9970238208770752,0.8349679708480835
YOR233W,YBR186W,0,-2.3020184,0.10749813169240952,0.9970238208770752,0.8350680470466614
YNL009W,YGL049C,0,-2.3020887,0.10748662799596786,0.9970238208770752,0.8351681232452393
YCR077C,YHR076W,0,-2.3021932,0.10747513920068741,0.9970238208770752,0.8352681994438171
YFL011W,YLR117C,0,-2.3023157,0.10746364295482635,0.9970238208770752,0.835368275642395
YDR371W,YDR339C,0,-2.3023481,0.1074521541595459,0.9970238208770752,0.8354683518409729
YOL135C,YJL108C,0,-2.3027992,0.10744066536426544,0.9970238208770752,0.8355684280395508
YOR381W,YDR364C,0,-2.3040571,0.10742918401956558,0.9970238208770752,0.8356685638427734
YMR128W,YDL138W,0,-2.3049378,0.10741770267486572,0.9970238208770752,0.8357686400413513
YJL003W,YDR303C,0,-2.3066144,0.10740622133016586,0.9970238208770752,0.8358687162399292
YDL138W,YNL245C,0,-2.3067472,0.107394739985466,0.9970238208770752,0.8359687924385071
YPL186C,YNR074C,0,-2.3069715,0.10738326609134674,0.9970238208770752,0.836068868637085
YPR095C,YPL087W,0,-2.3070574,0.10737179219722748,0.9970238208770752,0.8361689448356628
YPL040C,YPR193C,0,-2.3080466,0.10736032575368881,0.9970238208770752,0.8362690210342407
YKR058W,YBL105C,0,-2.3087466,0.10734885931015015,0.9970238208770752,0.8363690972328186
YNR008W,YMR323W,0,-2.3090894,0.10733739286661148,0.9970238208770752,0.8364691734313965
YPR007C,YDR212W,0,-2.3096056,0.10732592642307281,0.9970238208770752,0.8365692496299744
YOR330C,YLR138W,0,-2.3112428,0.10731446743011475,0.9970238208770752,0.8366693258285522
YPL153C,YAL058W,0,-2.3127484,0.10730300843715668,0.9970238208770752,0.8367694020271301
YHL021C,YBR098W,0,-2.3134727,0.1072915568947792,0.9970238208770752,0.836869478225708
YNL103W,YMR052W,0,-2.314015,0.10728010535240173,0.9970238208770752,0.8369695544242859
YOR393W,YJL058C,0,-2.3140755,0.10726865381002426,0.9970238208770752,0.8370696306228638
YPR061C,YGL250W,0,-2.314211,0.10725720226764679,0.9970238208770752,0.8371697068214417
YNL252C,YPL045W,0,-2.3149385,0.10724575817584991,0.9970238208770752,0.8372698426246643
YER059W,YBL066C,0,-2.3151944,0.10723431408405304,0.9970238208770752,0.8373699188232422
YBR024W,YKL020C,0,-2.316448,0.10722287744283676,0.9970238208770752,0.8374699950218201
YNL128W,YDL067C,0,-2.31692,0.10721143335103989,0.9970238208770752,0.837570071220398
YBL011W,YLR223C,0,-2.3171926,0.10719999670982361,0.9970238208770752,0.8376701474189758
YPL270W,YMR163C,0,-2.3181922,0.10718856751918793,0.9970238208770752,0.8377702236175537
YNR026C,YNL152W,0,-2.3186402,0.10717713832855225,0.9970238208770752,0.8378702998161316
YBR169C,YCR008W,0,-2.319028,0.10716570913791656,0.9970238208770752,0.8379703760147095
YEL059C-A,YKL148C,0,-2.3204288,0.10715427994728088,0.9970238208770752,0.8380704522132874
YJL108C,YNL090W,0,-2.3204951,0.1071428582072258,0.9970238208770752,0.8381705284118652
YBR280C,YLR404W,0,-2.3209367,0.10713143646717072,0.9970238208770752,0.8382706046104431
YLR178C,YJL194W,0,-2.3215473,0.10712001472711563,0.9970238208770752,0.838370680809021
YML118W,YDL185W,0,-2.3215504,0.10710860043764114,0.9970238208770752,0.8384707570075989
YOL004W,YJR065C,0,-2.3216887,0.10709718614816666,0.9970238208770752,0.8385708332061768
YOR313C,YMR204C,0,-2.3225708,0.10708577185869217,0.9970238208770752,0.8386709094047546
YJL141C,YDR034C,0,-2.322733,0.10707436501979828,0.9970238208770752,0.8387710452079773
YLR390W,YKL175W,0,-2.3239233,0.10706295818090439,0.9970238208770752,0.8388711214065552
YEL012W,YJL065C,0,-2.3242033,0.1070515587925911,0.9970238208770752,0.8389711976051331
YDL069C,YER105C,0,-2.324222,0.1070401519536972,0.9970238208770752,0.8390712738037109
YLR284C,YER104W,0,-2.3250396,0.10702875256538391,0.9970238208770752,0.8391713500022888
YLR052W,YER057C,0,-2.3260305,0.10701736062765121,0.9970238208770752,0.8392714262008667
YOR233W,YGR041W,0,-2.3272536,0.10700596123933792,0.9970238208770752,0.8393715023994446
YPR009W,YDL132W,0,-2.327364,0.10699456930160522,0.9970238208770752,0.8394715785980225
YBR055C,YGL012W,0,-2.3275158,0.10698317736387253,0.9970238208770752,0.8395716547966003
YER144C,YBR186W,0,-2.3277907,0.10697179287672043,0.9970238208770752,0.8396717309951782
YOR172W,YCL029C,0,-2.327864,0.10696040838956833,0.9970238208770752,0.8397718071937561
YDL013W,YFR049W,0,-2.3283148,0.10694902390241623,0.9970238208770752,0.839871883392334
YPL053C,YKL002W,0,-2.3284209,0.10693764686584473,0.9970238208770752,0.8399719595909119
YBR058C,YDR405W,0,-2.3287363,0.10692626982927322,0.9970238208770752,0.8400720357894897
YFR042W,YGL131C,0,-2.3293219,0.10691489279270172,0.9970238208770752,0.8401721119880676
YDR436W,YBR172C,0,-2.329435,0.10690352320671082,0.9970238208770752,0.8402721881866455
YPL164C,YDL132W,0,-2.329515,0.10689215362071991,0.9970238208770752,0.8403723239898682
YOR075W,YJL081C,0,-2.3295846,0.106880784034729,0.9970238208770752,0.840472400188446
YMR106C,YGL225W,0,-2.3297093,0.1068694144487381,0.9970238208770752,0.8405724763870239
YER173W,YHR150W,0,-2.3298917,0.10685805231332779,0.9970238208770752,0.8406725525856018
YHR209W,YNL067W,0,-2.3300862,0.10684669017791748,0.9970238208770752,0.8407726287841797
YPL115C,YGL090W,0,-2.331241,0.10683533549308777,0.9970238208770752,0.8408727049827576
YOR382W,YDR128W,0,-2.3314776,0.10682398080825806,0.9970238208770752,0.8409727811813354
YMR106C,YLR375W,0,-2.3330212,0.10681262612342834,0.9970238208770752,0.8410728573799133
YOR171C,YGR175C,0,-2.3337078,0.10680127888917923,0.9970238208770752,0.8411729335784912
YEL019C,YDR400W,0,-2.3337183,0.10678992420434952,0.9970238208770752,0.8412730097770691
YDR364C,YER022W,0,-2.3337367,0.1067785769701004,0.9970238208770752,0.841373085975647
YNL236W,YDR160W,0,-2.3339047,0.10676723718643188,0.9970238208770752,0.8414731621742249
YMR199W,YHL025W,0,-2.3342142,0.10675589740276337,0.9970238208770752,0.8415732383728027
YMR208W,YMR199W,0,-2.334477,0.10674455761909485,0.9970238208770752,0.8416733145713806
YPR007C,YGL090W,0,-2.3347535,0.10673321783542633,0.9970238208770752,0.8417733907699585
YLR399C,YOR026W,0,-2.3349438,0.10672188550233841,0.9970238208770752,0.8418735265731812
YPR007C,YMR174C,0,-2.3352418,0.10671055316925049,0.9970238208770752,0.841973602771759
YCL058C,YLL055W,0,-2.3353395,0.10669922828674316,0.9970238208770752,0.8420736789703369
YPR192W,YHR066W,0,-2.3354785,0.10668789595365524,0.9970238208770752,0.8421737551689148
YJL037W,YLR375W,0,-2.336482,0.10667657107114792,0.9970238208770752,0.8422738313674927
YHR206W,YLR099C,0,-2.3368433,0.10666525363922119,0.9970238208770752,0.8423739075660706
YNL279W,YLR253W,0,-2.33694,0.10665392875671387,0.9970238208770752,0.8424739837646484
YOR193W,YHR177W,0,-2.3383455,0.10664261132478714,0.9970238208770752,0.8425740599632263
YGR215W,YGR113W,0,-2.338942,0.10663130134344101,0.9970238208770752,0.8426741361618042
YGR239C,YLR227C,0,-2.3394208,0.10661998391151428,0.9970238208770752,0.8427742123603821
YNL152W,YPL135W,0,-2.339741,0.10660867393016815,0.9970238208770752,0.84287428855896
YPR139C,YJR001W,0,-2.3402808,0.10659737139940262,0.9970238208770752,0.8429743647575378
YBR073W,YLR350W,0,-2.340702,0.10658606141805649,0.9970238208770752,0.8430744409561157
YLR403W,YNL315C,0,-2.3429184,0.10657475888729095,0.9970238208770752,0.8431745171546936
YAL042W,YDR380W,0,-2.3439484,0.10656346380710602,0.9970238208770752,0.8432745933532715
YKL150W,YBR172C,0,-2.343999,0.10655216127634048,0.9970238208770752,0.8433747291564941
YPR161C,YGL216W,0,-2.3441439,0.10654086619615555,0.9970238208770752,0.843474805355072
YOR005C,YHL027W,0,-2.344891,0.10652957111597061,0.9970238208770752,0.8435748815536499
YKL124W,YOL038W,0,-2.345005,0.10651828348636627,0.9970238208770752,0.8436749577522278
YFR055W,YDR508C,0,-2.3453364,0.10650699585676193,0.9970238208770752,0.8437750339508057
YIL010W,YKL015W,0,-2.3457541,0.10649570822715759,0.9970238208770752,0.8438751101493835
YHR029C,YLR378C,0,-2.3460991,0.10648442804813385,0.9970238208770752,0.8439751863479614
YBR024W,YHL047C,0,-2.3461983,0.10647314041852951,0.9970238208770752,0.8440752625465393
YDL017W,YGL131C,0,-2.3464184,0.10646186769008636,0.9970238208770752,0.8441753387451172
YER173W,YGR163W,0,-2.3465872,0.10645058751106262,0.9970238208770752,0.8442754149436951
YDL150W,YDR082W,0,-2.3468828,0.10643931478261948,0.9970238208770752,0.844375491142273
YML118W,YJL041W,0,-2.3469577,0.10642804205417633,0.9970238208770752,0.8444755673408508
YDL013W,YBR017C,0,-2.3470194,0.10641676932573318,0.9970238208770752,0.8445756435394287
YIL061C,YOL117W,0,-2.3470776,0.10640550404787064,0.9970238208770752,0.8446757197380066
YIL135C,YGL134W,0,-2.3476381,0.10639423877000809,0.9970238208770752,0.8447757959365845
YPL045W,YER114C,0,-2.3479638,0.10638298094272614,0.9970238208770752,0.8448758721351624
YJL059W,YGL206C,0,-2.3482494,0.10637171566486359,0.9970238208770752,0.844976007938385
YNL161W,YPL085W,0,-2.3483157,0.10636045783758163,0.9970238208770752,0.8450760841369629
YDR405W,YJL194W,0,-2.349474,0.10634920746088028,0.9970238208770752,0.8451761603355408
YBR169C,YBR279W,0,-2.3495197,0.10633795708417892,0.9970238208770752,0.8452762365341187
YMR058W,YCR105W,0,-2.350145,0.10632670670747757,0.9970238208770752,0.8453763127326965
YJR150C,YKL089W,0,-2.3501484,0.10631545633077621,0.9970238208770752,0.8454763889312744
YER171W,YDR259C,0,-2.350267,0.10630421340465546,0.9970238208770752,0.8455764651298523
YOR362C,YGL186C,0,-2.3504248,0.1062929630279541,0.9970238208770752,0.8456765413284302
YKL150W,YGL216W,0,-2.350594,0.10628172755241394,0.9970238208770752,0.8457766175270081
YLR008C,YLR375W,0,-2.3506255,0.10627048462629318,0.9970238208770752,0.8458766937255859
YKL054C,YER153C,0,-2.3518891,0.10625924915075302,0.9970238208770752,0.8459767699241638
YLR369W,YMR004W,0,-2.3522992,0.10624802112579346,0.9970238208770752,0.8460768461227417
YDR200C,YNL078W,0,-2.3549101,0.1062367856502533,0.9970238208770752,0.8461769223213196
YGR014W,YDR533C,0,-2.35496,0.10622555762529373,0.9970238208770752,0.8462769985198975
YGR138C,YDL013W,0,-2.355036,0.10621432960033417,0.9970238208770752,0.8463770747184753
YOR058C,YDR536W,0,-2.3556123,0.1062031090259552,0.9970238208770752,0.846477210521698
YBR058C,YDR214W,0,-2.355619,0.10619188845157623,0.9970238208770752,0.8465772867202759
YHR029C,YML076C,0,-2.3557725,0.10618066787719727,0.9970238208770752,0.8466773629188538
YDR181C,YMR163C,0,-2.355816,0.1061694473028183,0.9970238208770752,0.8467774391174316
YBR231C,YDR009W,0,-2.3558812,0.10615823417901993,0.9970238208770752,0.8468775153160095
YLR328W,YER100W,0,-2.3573961,0.10614702105522156,0.9970238208770752,0.8469775915145874
YJR063W,YNL126W,0,-2.3576562,0.10613580793142319,0.9970238208770752,0.8470776677131653
YER072W,YOL060C,0,-2.3579907,0.10612460225820541,0.9970238208770752,0.8471777439117432
YKR097W,YKL209C,0,-2.35869,0.10611339658498764,0.9970238208770752,0.847277820110321
YDR128W,YHR067W,0,-2.358707,0.10610219836235046,0.9970238208770752,0.8473778963088989
YPR042C,YKR072C,0,-2.3587093,0.10609099268913269,0.9970238208770752,0.8474779725074768
YAR033W,YIL159W,0,-2.3592894,0.10607979446649551,0.9970238208770752,0.8475780487060547
YOR023C,YMR005W,0,-2.3595283,0.10606860369443893,0.9970238208770752,0.8476781249046326
YGR276C,YER022W,0,-2.3606577,0.10605740547180176,0.9970238208770752,0.8477782011032104
YKL160W,YGL216W,0,-2.3611,0.10604621469974518,0.9970238208770752,0.8478782773017883
YPR168W,YGL092W,0,-2.3619587,0.1060350313782692,0.9970238208770752,0.8479783535003662
YDR295C,YBR020W,0,-2.362067,0.10602384060621262,0.9970238208770752,0.8480784893035889
YBL067C,YDR486C,0,-2.3624942,0.10601265728473663,0.9970238208770752,0.8481785655021667
YMR227C,YPL092W,0,-2.3630772,0.10600147396326065,0.9970238208770752,0.8482786417007446
YAL054C,YPL065W,0,-2.3632083,0.10599029809236526,0.9970238208770752,0.8483787178993225
YBR186W,YJR001W,0,-2.3632617,0.10597912222146988,0.9970238208770752,0.8484787940979004
YEL044W,YPL164C,0,-2.36484,0.1059679463505745,0.9970238208770752,0.8485788702964783
YCL008C,YER105C,0,-2.365784,0.10595677047967911,0.9970238208770752,0.8486789464950562
YJL094C,YOR188W,0,-2.3678195,0.10594560205936432,0.9970238208770752,0.848779022693634
YBL045C,YGR068C,0,-2.3687716,0.10593443363904953,0.9970238208770752,0.8488790988922119
YIL135C,YDL159W,0,-2.368781,0.10592327266931534,0.9970238208770752,0.8489791750907898
YPL011C,YPL127C,0,-2.3694148,0.10591211169958115,0.9970238208770752,0.8490792512893677
YPR032W,YDR504C,0,-2.3700752,0.10590095072984695,0.9970238208770752,0.8491793274879456
YMR113W,YPR079W,0,-2.3705812,0.10588978976011276,0.9970238208770752,0.8492794036865234
YPL082C,YLR298C,0,-2.371078,0.10587863624095917,0.9970238208770752,0.8493794798851013
YOR233W,YIR036C,0,-2.3715444,0.10586748272180557,0.9970238208770752,0.8494795560836792
YJR101W,YLL052C,0,-2.3722813,0.10585632920265198,0.9970238208770752,0.8495796918869019
YNL279W,YGR188C,0,-2.372672,0.10584518313407898,0.9970238208770752,0.8496797680854797
YLR421C,YFL041W,0,-2.3727345,0.10583403706550598,0.9970238208770752,0.8497798442840576
YNL005C,YPR042C,0,-2.3730664,0.10582289099693298,0.9970238208770752,0.8498799204826355
YNL236W,YML007W,0,-2.3739543,0.10581175237894058,0.9970238208770752,0.8499799966812134
YLL003W,YPR030W,0,-2.3743,0.10580061376094818,0.9970238208770752,0.8500800728797913
YIL113W,YCR097W,0,-2.3748133,0.10578947514295578,0.9970238208770752,0.8501801490783691
YDR364C,YPR156C,0,-2.3749602,0.10577833652496338,0.9970238208770752,0.850280225276947
YBR240C,YML068W,0,-2.375893,0.10576720535755157,0.9970238208770752,0.8503803014755249
YOR313C,YLR216C,0,-2.376012,0.10575607419013977,0.9970238208770752,0.8504803776741028
YOR188W,YNR041C,0,-2.377287,0.10574495047330856,0.9970238208770752,0.8505804538726807
YER072W,YCR005C,0,-2.3780358,0.10573382675647736,0.9970238208770752,0.8506805300712585
YDR463W,YLR168C,0,-2.3791704,0.10572270303964615,0.9970238208770752,0.8507806062698364
YCR096C,YPR161C,0,-2.3794136,0.10571157932281494,0.9970238208770752,0.8508806824684143
YIR005W,YFL008W,0,-2.3796062,0.10570046305656433,0.9970238208770752,0.8509807586669922
YDL113C,YML011C,0,-2.379672,0.10568934679031372,0.9970238208770752,0.8510808944702148
YBR007C,YKR089C,0,-2.380095,0.10567823052406311,0.9970238208770752,0.8511809706687927
YER165W,YDL159W,0,-2.380319,0.1056671217083931,0.9970238208770752,0.8512810468673706
YNL223W,YBL051C,0,-2.3805132,0.10565601289272308,0.9970238208770752,0.8513811230659485
YER096W,YGR121C,0,-2.3821154,0.10564490407705307,0.9970238208770752,0.8514811992645264
YER072W,YDR074W,0,-2.3823972,0.10563380271196365,0.9970238208770752,0.8515812754631042
YDR259C,YCR046C,0,-2.384737,0.10562270134687424,0.9970238208770752,0.8516813516616821
YOR190W,YDR238C,0,-2.3860636,0.10561159998178482,0.9970238208770752,0.85178142786026
YBL067C,YOR023C,0,-2.3869643,0.105600506067276,0.9970238208770752,0.8518815040588379
YFL013C,YOL090W,0,-2.3876076,0.10558941215276718,0.9970238208770752,0.8519815802574158
YNL128W,YBR211C,0,-2.3876405,0.10557831823825836,0.9970238208770752,0.8520816564559937
YMR113W,YKR104W,0,-2.3880184,0.10556722432374954,0.9970238208770752,0.8521817326545715
YJR121W,YGL038C,0,-2.388286,0.10555613785982132,0.9970238208770752,0.8522818088531494
YMR032W,YPL040C,0,-2.3886042,0.1055450513958931,0.9970238208770752,0.8523818850517273
YGR194C,YOR322C,0,-2.388629,0.10553397238254547,0.9970238208770752,0.8524819612503052
YNR047W,YBR231C,0,-2.3893151,0.10552288591861725,0.9970238208770752,0.8525820374488831
YDR540C,YMR314W,0,-2.389464,0.10551181435585022,0.9970238208770752,0.8526821732521057
YOR311C,YLR442C,0,-2.3903904,0.1055007353425026,0.9970238208770752,0.8527822494506836
YOR086C,YER114C,0,-2.3905582,0.10548966377973557,0.9970238208770752,0.8528823256492615
YKR067W,YBR127C,0,-2.3921685,0.10547859221696854,0.9970238208770752,0.8529824018478394
YLR353W,YAL042W,0,-2.3924549,0.10546752065420151,0.9970238208770752,0.8530824780464172
YPL148C,YLR026C,0,-2.3930602,0.10545645654201508,0.9970238208770752,0.8531825542449951
YHR155W,YDR214W,0,-2.393249,0.10544539242982864,0.9970238208770752,0.853282630443573
YGL174W,YPL244C,0,-2.3937752,0.10543432831764221,0.9970238208770752,0.8533827066421509
YMR001C,YNL304W,0,-2.3954015,0.10542326420545578,0.9970238208770752,0.8534827828407288
YDR137W,YNL290W,0,-2.3963015,0.10541220754384995,0.9970238208770752,0.8535828590393066
YKR103W,YMR296C,0,-2.3964887,0.10540115088224411,0.9970238208770752,0.8536829352378845
YDR524C,YDR315C,0,-2.3971,0.10539010167121887,0.9970238208770752,0.8537830114364624
YDR407C,YGL090W,0,-2.3980799,0.10537905246019363,0.9970238208770752,0.8538830876350403
YJL123C,YOL145C,0,-2.398463,0.1053680032491684,0.9970238208770752,0.8539831638336182
YLR115W,YMR004W,0,-2.398617,0.10535695403814316,0.9970238208770752,0.854083240032196
YPL161C,YHR154W,0,-2.3986926,0.10534591227769852,0.9970238208770752,0.8541833758354187
YGL044C,YOR025W,0,-2.3987172,0.10533487051725388,0.9970238208770752,0.8542834520339966
YPL043W,YGL216W,0,-2.3988674,0.10532382875680923,0.9970238208770752,0.8543835282325745
YGL179C,YHR165C,0,-2.4001126,0.10531279444694519,0.9970238208770752,0.8544836044311523
YDR463W,YNL309W,0,-2.401126,0.10530176013708115,0.9970238208770752,0.8545836806297302
YBR007C,YLR223C,0,-2.4013243,0.1052907258272171,0.9970238208770752,0.8546837568283081
YNL161W,YKR084C,0,-2.4018297,0.10527969896793365,0.9970238208770752,0.854783833026886
YPR095C,YNL056W,0,-2.402863,0.10526867210865021,0.9970238208770752,0.8548839092254639
YBR114W,YLR170C,0,-2.403595,0.10525764524936676,0.9970238208770752,0.8549839854240417
YPR135W,YJL108C,0,-2.4040093,0.10524662584066391,0.9970238208770752,0.8550840616226196
YEL012W,YBR123C,0,-2.4042747,0.10523559898138046,0.9970238208770752,0.8551841378211975
YIL005W,YCL024W,0,-2.4048305,0.10522458702325821,0.9970238208770752,0.8552842140197754
YFR019W,YBR266C,0,-2.4055963,0.10521356761455536,0.9970238208770752,0.8553842902183533
YKR071C,YNL242W,0,-2.405968,0.1052025556564331,0.9970238208770752,0.8554843664169312
YBR059C,YGR189C,0,-2.4060452,0.10519154369831085,0.9970238208770752,0.855584442615509
YOR159C,YEL019C,0,-2.4073772,0.1051805317401886,0.9970238208770752,0.8556845188140869
YOR233W,YOR221C,0,-2.4074686,0.10516952723264694,0.9970238208770752,0.8557846546173096
YLR403W,YNL279W,0,-2.4089909,0.10515852272510529,0.9970238208770752,0.8558847308158875
YOR086C,YOR299W,0,-2.4095368,0.10514751821756363,0.9970238208770752,0.8559848070144653
YOR306C,YJL140W,0,-2.409718,0.10513652116060257,0.9970238208770752,0.8560848832130432
YNL196C,YCL024W,0,-2.4099817,0.10512552410364151,0.9970238208770752,0.8561849594116211
YBR231C,YGR188C,0,-2.410297,0.10511452704668045,0.9970238208770752,0.856285035610199
YHR026W,YPL135W,0,-2.4113092,0.10510353744029999,0.9970238208770752,0.8563851118087769
YEL050C,YER104W,0,-2.4120355,0.10509254783391953,0.9970238208770752,0.8564851880073547
YPR036W,YGL053W,0,-2.4126337,0.10508155822753906,0.9970238208770752,0.8565852642059326
YER032W,YPR079W,0,-2.4136863,0.1050705686211586,0.9970238208770752,0.8566853404045105
YGR121C,YGL228W,0,-2.4137454,0.10505958646535873,0.9970238208770752,0.8567854166030884
YHL031C,YIL061C,0,-2.4141164,0.10504860430955887,0.9970238208770752,0.8568854928016663
YDR503C,YPR030W,0,-2.4142537,0.105037622153759,0.9970238208770752,0.8569855690002441
YHR178W,YDR420W,0,-2.4147136,0.10502664744853973,0.9970238208770752,0.857085645198822
YGL216W,YCR097W,0,-2.4160125,0.10501567274332047,0.9970238208770752,0.8571857213973999
YFR019W,YML023C,0,-2.4162169,0.1050046980381012,0.9970238208770752,0.8572858572006226
YBL102W,YNL126W,0,-2.4163046,0.10499373078346252,0.9970238208770752,0.8573859333992004
YDR256C,YER105C,0,-2.4163094,0.10498276352882385,0.9970238208770752,0.8574860095977783
YER124C,YKL194C,0,-2.4171731,0.10497179627418518,0.9970238208770752,0.8575860857963562
YPL036W,YPL003W,0,-2.4174886,0.1049608364701271,0.9970238208770752,0.8576861619949341
YJL222W,YGL049C,0,-2.4177294,0.10494987666606903,0.9970238208770752,0.857786238193512
YGL040C,YPR156C,0,-2.4178953,0.10493891686201096,0.9970238208770752,0.8578863143920898
YOR023C,YGL192W,0,-2.419094,0.10492795705795288,0.9970238208770752,0.8579863905906677
YBR266C,YOR298W,0,-2.4198503,0.1049170047044754,0.9970238208770752,0.8580864667892456
YOR142W,YOR216C,0,-2.420253,0.10490605235099792,0.9970238208770752,0.8581865429878235
YGR194C,YER022W,0,-2.4211507,0.10489510744810104,0.9970238208770752,0.8582866191864014
YKR089C,YMR189W,0,-2.4213872,0.10488415509462357,0.9970238208770752,0.8583866953849792
YBR127C,YPL219W,0,-2.4218183,0.10487321019172668,0.9970238208770752,0.8584867715835571
YGR189C,YOR081C,0,-2.4218688,0.1048622727394104,0.9970238208770752,0.858586847782135
YDL220C,YNL304W,0,-2.4223452,0.10485132783651352,0.9970238208770752,0.8586869239807129
YKL089W,YML014W,0,-2.422411,0.10484039038419724,0.9970238208770752,0.8587870001792908
YOR177C,YLL040C,0,-2.4244795,0.10482945293188095,0.9970238208770752,0.8588871359825134
YLR403W,YCL032W,0,-2.4244857,0.10481852293014526,0.9970238208770752,0.8589872121810913
YOL156W,YLR220W,0,-2.4250612,0.10480759292840958,0.9970238208770752,0.8590872883796692
YJL204C,YPL085W,0,-2.4252856,0.10479666292667389,0.9970238208770752,0.8591873645782471
YLR398C,YJR110W,0,-2.4255593,0.1047857329249382,0.9970238208770752,0.859287440776825
YFL008W,YGR014W,0,-2.4263477,0.10477481037378311,0.9970238208770752,0.8593875169754028
YDR097C,YOR081C,0,-2.4266226,0.10476388782262802,0.9970238208770752,0.8594875931739807
YNR045W,YOR081C,0,-2.4271302,0.10475297272205353,0.9970238208770752,0.8595876693725586
YER021W,YBR186W,0,-2.4279282,0.10474205017089844,0.9970238208770752,0.8596877455711365
YKL074C,YHR178W,0,-2.428377,0.10473113507032394,0.9970238208770752,0.8597878217697144
YGR138C,YLR312W-A,0,-2.4313498,0.10472022742033005,0.9970238208770752,0.8598878979682922
YGL258W,YPR045C,0,-2.431489,0.10470931231975555,0.9970238208770752,0.8599879741668701
YHR111W,YHL047C,0,-2.4317589,0.10469840466976166,0.9970238208770752,0.860088050365448
YDL017W,YDR009W,0,-2.4326007,0.10468749701976776,0.9970238208770752,0.8601881265640259
YLR314C,YPR061C,0,-2.4326727,0.10467659682035446,0.9970238208770752,0.8602882027626038
YGL179C,YFL047W,0,-2.433368,0.10466569662094116,0.9970238208770752,0.8603883385658264
YGL038C,YOL013C,0,-2.433399,0.10465479642152786,0.9970238208770752,0.8604884147644043
YCR106W,YMR215W,0,-2.4339645,0.10464389622211456,0.9970238208770752,0.8605884909629822
YDR295C,YPL128C,0,-2.434056,0.10463300347328186,0.9970238208770752,0.8606885671615601
YLR314C,YMR004W,0,-2.4349873,0.10462211072444916,0.9970238208770752,0.8607886433601379
YLR227C,YDL245C,0,-2.4365764,0.10461121797561646,0.9970238208770752,0.8608887195587158
YPR030W,YOR016C,0,-2.4368057,0.10460033267736435,0.9970238208770752,0.8609887957572937
YPR151C,YMR199W,0,-2.4375176,0.10458944737911224,0.9970238208770752,0.8610888719558716
YDL216C,YJR013W,0,-2.4384599,0.10457856208086014,0.9970238208770752,0.8611889481544495
YER146W,YPR006C,0,-2.438968,0.10456768423318863,0.9970238208770752,0.8612890243530273
YOL013C,YMR009W,0,-2.439126,0.10455680638551712,0.9970238208770752,0.8613891005516052
YEL019C,YER105C,0,-2.4399567,0.10454592853784561,0.9970238208770752,0.8614891767501831
YPR023C,YBL033C,0,-2.440134,0.1045350506901741,0.9970238208770752,0.861589252948761
YNL128W,YLR223C,0,-2.4417465,0.10452418029308319,0.9970238208770752,0.8616893291473389
YPL179W,YNL265C,0,-2.4422069,0.10451330989599228,0.9970238208770752,0.8617894053459167
YLR442C,YOR171C,0,-2.443345,0.10450244694948196,0.9970238208770752,0.8618895411491394
YKR103W,YFL009W,0,-2.4436805,0.10449157655239105,0.9970238208770752,0.8619896173477173
YNL053W,YLR102C,0,-2.443687,0.10448071360588074,0.9970238208770752,0.8620896935462952
YNL231C,YNL311C,0,-2.4452121,0.10446985810995102,0.9970238208770752,0.862189769744873
YDR205W,YER157W,0,-2.4456651,0.1044589951634407,0.9970238208770752,0.8622898459434509
YDR503C,YPL186C,0,-2.4475212,0.10444813966751099,0.9970238208770752,0.8623899221420288
YPL258C,YNL126W,0,-2.447641,0.10443728417158127,0.9970238208770752,0.8624899983406067
YML004C,YDR545W,0,-2.4483128,0.10442643612623215,0.9970238208770752,0.8625900745391846
YIR036C,YDL185W,0,-2.448886,0.10441558808088303,0.9970238208770752,0.8626901507377625
YBR065C,YOR298W,0,-2.4491644,0.1044047400355339,0.9970238208770752,0.8627902269363403
YGL049C,YDL234C,0,-2.4495835,0.10439389199018478,0.9970238208770752,0.8628903031349182
YDR123C,YGL253W,0,-2.4496346,0.10438305139541626,0.9970238208770752,0.8629903793334961
YKR072C,YDL159W,0,-2.4498563,0.10437221080064774,0.9970238208770752,0.863090455532074
YGR249W,YPL274W,0,-2.4504576,0.10436137020587921,0.9970238208770752,0.8631905317306519
YLR117C,YIL023C,0,-2.451005,0.10435053706169128,0.9970238208770752,0.8632906079292297
YKL018W,YFL030W,0,-2.4511323,0.10433970391750336,0.9970238208770752,0.8633906841278076
YDL236W,YLR399C,0,-2.4511883,0.10432887077331543,0.9970238208770752,0.8634908199310303
YDL236W,YNR041C,0,-2.4521198,0.1043180376291275,0.9970238208770752,0.8635908961296082
YER046W,YDR362C,0,-2.453186,0.10430721193552017,0.9970238208770752,0.863690972328186
YOR086C,YLR411W,0,-2.4537625,0.10429638624191284,0.9970238208770752,0.8637910485267639
YLR453C,YCL029C,0,-2.4547555,0.10428556799888611,0.9970238208770752,0.8638911247253418
YBR278W,YIR013C,0,-2.4551885,0.10427474230527878,0.9970238208770752,0.8639912009239197
YGL066W,YDR228C,0,-2.455399,0.10426393151283264,0.9970238208770752,0.8640912771224976
YJL141C,YLR133W,0,-2.4557877,0.10425311326980591,0.9970238208770752,0.8641913533210754
YGL044C,YLR328W,0,-2.4562507,0.10424229502677917,0.9970238208770752,0.8642914295196533
YKL209C,YBR020W,0,-2.456314,0.10423148423433304,0.9970238208770752,0.8643915057182312
YML095C,YPL194W,0,-2.4569695,0.1042206808924675,0.9970238208770752,0.8644915819168091
YFL008W,YER157W,0,-2.4581728,0.10420987010002136,0.9970238208770752,0.864591658115387
YGL131C,YDR303C,0,-2.458181,0.10419906675815582,0.9970238208770752,0.8646917343139648
YLL049W,YLR328W,0,-2.4602456,0.10418826341629028,0.9970238208770752,0.8647918105125427
YNL177C,YGR163W,0,-2.461791,0.10417746752500534,0.9970238208770752,0.8648918867111206
YMR061W,YMR139W,0,-2.4620872,0.1041666641831398,0.9970238208770752,0.8649920225143433
YIL066C,YOR322C,0,-2.4628487,0.10415586829185486,0.9970238208770752,0.8650920987129211
YOR086C,YLR119W,0,-2.4629912,0.10414507985115051,0.9970238208770752,0.865192174911499
YKR071C,YIL066C,0,-2.463251,0.10413428395986557,0.9970238208770752,0.8652922511100769
YNL103W,YMR288W,0,-2.4636095,0.10412349551916122,0.9970238208770752,0.8653923273086548
YGR184C,YER096W,0,-2.4645364,0.10411271452903748,0.9970238208770752,0.8654924035072327
YPR189W,YPR193C,0,-2.4647522,0.10410192608833313,0.9970238208770752,0.8655924797058105
YMR056C,YOL038W,0,-2.4659443,0.10409114509820938,0.9970238208770752,0.8656925559043884
YBL063W,YPL152W,0,-2.4668946,0.10408036410808563,0.9970238208770752,0.8657926321029663
YHR168W,YDR071C,0,-2.467769,0.10406958311796188,0.9970238208770752,0.8658927083015442
YLR241W,YJL140W,0,-2.468686,0.10405880957841873,0.9970238208770752,0.8659927845001221
YDR228C,YNL279W,0,-2.4714,0.10404803603887558,0.9970238208770752,0.8660928606987
YBR131W,YPL135W,0,-2.4718568,0.10403726994991302,0.9970238208770752,0.8661929368972778
YPL213W,YDR009W,0,-2.4718685,0.10402649641036987,0.9970238208770752,0.8662930130958557
YGL174W,YMR184W,0,-2.473357,0.10401573032140732,0.9970238208770752,0.8663930892944336
YDR337W,YIL113W,0,-2.473555,0.10400496423244476,0.9970238208770752,0.8664931654930115
YFL059W,YMR005W,0,-2.4751751,0.1039942055940628,0.9970238208770752,0.8665933012962341
YHR199C,YOR313C,0,-2.475195,0.10398344695568085,0.9970238208770752,0.866693377494812
YDL102W,YER105C,0,-2.4761848,0.10397268831729889,0.9970238208770752,0.8667934536933899
YIL014W,YGR199W,0,-2.4763927,0.10396192967891693,0.9970238208770752,0.8668935298919678
YHR046C,YNR072W,0,-2.4768748,0.10395117849111557,0.9970238208770752,0.8669936060905457
YIL049W,YGL093W,0,-2.4803345,0.10394042730331421,0.9970238208770752,0.8670936822891235
YPL153C,YER114C,0,-2.4813066,0.10392967611551285,0.9970238208770752,0.8671937584877014
YDR303C,YIL062C,0,-2.4815073,0.10391893237829208,0.9970238208770752,0.8672938346862793
YIL066C,YDR028C,0,-2.483482,0.10390818864107132,0.9970238208770752,0.8673939108848572
YEL013W,YGL043W,0,-2.4836779,0.10389744490385056,0.9970238208770752,0.8674939870834351
YDL220C,YLL052C,0,-2.4841113,0.10388670861721039,0.9970238208770752,0.8675940632820129
YCL029C,YKR065C,0,-2.484233,0.10387597233057022,0.9970238208770752,0.8676941394805908
YLR227C,YNL265C,0,-2.4842403,0.10386523604393005,0.9970238208770752,0.8677942156791687
YPR189W,YLR453C,0,-2.48486,0.10385449975728989,0.9970238208770752,0.8678942918777466
YGL066W,YER061C,0,-2.4850452,0.10384377092123032,0.9970238208770752,0.8679943680763245
YLL049W,YER035W,0,-2.485344,0.10383304208517075,0.9970238208770752,0.8680945038795471
YLR178C,YPL085W,0,-2.4866443,0.10382231324911118,0.9970238208770752,0.868194580078125
YAL043C,YOR081C,0,-2.4867637,0.1038115918636322,0.9970238208770752,0.8682946562767029
YDR123C,YKL012W,0,-2.4876854,0.10380087047815323,0.9970238208770752,0.8683947324752808
YCL058C,YKL220C,0,-2.4877374,0.10379014909267426,0.9970238208770752,0.8684948086738586
YDL117W,YIL159W,0,-2.4881778,0.10377942770719528,0.9970238208770752,0.8685948848724365
YML042W,YDR093W,0,-2.4893565,0.1037687137722969,0.9970238208770752,0.8686949610710144
YIL113W,YOR156C,0,-2.4893966,0.10375799983739853,0.9970238208770752,0.8687950372695923
YPR156C,YKL194C,0,-2.4895387,0.10374729335308075,0.9970238208770752,0.8688951134681702
YLR390W,YLR039C,0,-2.4897149,0.10373657941818237,0.9970238208770752,0.868995189666748
YPL081W,YOR221C,0,-2.4907122,0.1037258729338646,0.9970238208770752,0.8690952658653259
YPR095C,YFL009W,0,-2.491509,0.10371517390012741,0.9970238208770752,0.8691953420639038
YGL236C,YDR330W,0,-2.491843,0.10370446741580963,0.9970238208770752,0.8692954182624817
YKL057C,YPR061C,0,-2.4927773,0.10369376838207245,0.9970238208770752,0.8693954944610596
YLR090W,YOR172W,0,-2.49299,0.10368306934833527,0.9970238208770752,0.8694955706596375
YBR186W,YMR154C,0,-2.4941478,0.10367237776517868,0.9970238208770752,0.8695956468582153
YDL089W,YBR231C,0,-2.4953766,0.1036616787314415,0.9970238208770752,0.869695782661438
YCL061C,YER107C,0,-2.496475,0.10365098714828491,0.9970238208770752,0.8697958588600159
YCR009C,YDR358W,0,-2.496482,0.10364030301570892,0.9970238208770752,0.8698959350585938
YGR184C,YLR357W,0,-2.4964824,0.10362961143255234,0.9970238208770752,0.8699960112571716
YGR262C,YLR399C,0,-2.497493,0.10361892729997635,0.9970238208770752,0.8700960874557495
YKL054C,YDL013W,0,-2.4975293,0.10360825061798096,0.9970238208770752,0.8701961636543274
YGR276C,YKR034W,0,-2.498324,0.10359756648540497,0.9970238208770752,0.8702962398529053
YOL034W,YHR086W,0,-2.4990208,0.10358688980340958,0.9970238208770752,0.8703963160514832
YHR150W,YBR211C,0,-2.499587,0.10357621312141418,0.9970238208770752,0.870496392250061
YNL049C,YPL128C,0,-2.4997692,0.10356553643941879,0.9970238208770752,0.8705964684486389
YLR398C,YDR485C,0,-2.500175,0.103554867208004,0.9970238208770752,0.8706965446472168
YER096W,YDR400W,0,-2.5005736,0.1035441979765892,0.9970238208770752,0.8707966208457947
YBR279W,YLR399C,0,-2.5006375,0.103533536195755,0.9970238208770752,0.8708966970443726
YPL036W,YOR168W,0,-2.5013838,0.10352286696434021,0.9970238208770752,0.8709967732429504
YDR113C,YHR044C,0,-2.5020995,0.10351220518350601,0.9970238208770752,0.8710968494415283
YFR031C,YOR372C,0,-2.5029454,0.10350154340267181,0.9970238208770752,0.871196985244751
YJL065C,YDR080W,0,-2.5035853,0.10349088907241821,0.9970238208770752,0.8712970614433289
YKR104W,YOR221C,0,-2.503803,0.10348022729158401,0.9970238208770752,0.8713971376419067
YIL049W,YAR042W,0,-2.505753,0.10346958041191101,0.9970238208770752,0.8714972138404846
YLR240W,YIL010W,0,-2.5062575,0.10345892608165741,0.9970238208770752,0.8715972900390625
YAL042W,YMR163C,0,-2.5068688,0.1034482792019844,0.9970238208770752,0.8716973662376404
YDR093W,YMR139W,0,-2.5076108,0.1034376323223114,0.9970238208770752,0.8717974424362183
YOR017W,YKL214C,0,-2.5080297,0.1034269854426384,0.9970238208770752,0.8718975186347961
YEL013W,YOR221C,0,-2.509985,0.1034163385629654,0.9970238208770752,0.871997594833374
YDR358W,YPR175W,0,-2.5103683,0.10340569913387299,0.9970238208770752,0.8720976710319519
YJL058C,YCL050C,0,-2.510445,0.10339505970478058,0.9970238208770752,0.8721977472305298
YJL123C,YNL136W,0,-2.5109777,0.10338442772626877,0.9970238208770752,0.8722978234291077
YMR020W,YDL179W,0,-2.5116048,0.10337378829717636,0.9970238208770752,0.8723978996276855
YDR540C,YPL176C,0,-2.5120325,0.10336315631866455,0.9970238208770752,0.8724979758262634
YIL135C,YAR018C,0,-2.5125017,0.10335253179073334,0.9970238208770752,0.8725980520248413
YGL253W,YOR026W,0,-2.5131416,0.10334189981222153,0.9970238208770752,0.872698187828064
YKR025W,YJL223C,0,-2.51378,0.10333127528429031,0.9970238208770752,0.8727982640266418
YLR378C,YLR299W,0,-2.5157151,0.1033206507563591,0.9970238208770752,0.8728983402252197
YMR056C,YDR113C,0,-2.5160596,0.10331003367900848,0.9970238208770752,0.8729984164237976
YDL207W,YDR097C,0,-2.5164993,0.10329941660165787,0.9970238208770752,0.8730984926223755
YLR403W,YHR026W,0,-2.5170803,0.10328879952430725,0.9970238208770752,0.8731985688209534
YDR383C,YPL128C,0,-2.5177097,0.10327818244695663,0.9970238208770752,0.8732986450195312
YDL215C,YGR096W,0,-2.518703,0.10326757282018661,0.9970238208770752,0.8733987212181091
YKR071C,YKL007W,0,-2.5187755,0.1032569631934166,0.9970238208770752,0.873498797416687
YOR255W,YDR071C,0,-2.5198474,0.10324635356664658,0.9970238208770752,0.8735988736152649
YPR095C,YGL105W,0,-2.520042,0.10323574393987656,0.9970238208770752,0.8736989498138428
YLR240W,YDR536W,0,-2.520236,0.10322514176368713,0.9970238208770752,0.8737990260124207
YOR017W,YBR136W,0,-2.520689,0.10321453958749771,0.9970238208770752,0.8738991022109985
YML065W,YLL012W,0,-2.5210757,0.10320394486188889,0.9970238208770752,0.8739991784095764
YOL156W,YOR171C,0,-2.521123,0.10319334268569946,0.9970238208770752,0.8740992546081543
YOR142W,YML011C,0,-2.521652,0.10318274796009064,0.9970238208770752,0.8741993308067322
YCL008C,YDR436W,0,-2.5216532,0.10317216068506241,0.9970238208770752,0.8742994666099548
YBR034C,YJL172W,0,-2.5225396,0.10316156595945358,0.9970238208770752,0.8743995428085327
YGL039W,YLR220W,0,-2.5230699,0.10315097868442535,0.9970238208770752,0.8744996190071106
YKR039W,YNR026C,0,-2.5259778,0.10314039140939713,0.9970238208770752,0.8745996952056885
YDR200C,YJL047C,0,-2.5266638,0.1031298115849495,0.9970238208770752,0.8746997714042664
YEL069C,YGL083W,0,-2.5269475,0.10311923176050186,0.9970238208770752,0.8747998476028442
YIL049W,YHR029C,0,-2.5274293,0.10310865193605423,0.9970238208770752,0.8748999238014221
YKR103W,YBL045C,0,-2.5279062,0.1030980721116066,0.9970238208770752,0.875
YBR065C,YLL040C,0,-2.5284095,0.10308749973773956,0.9970238208770752,0.8751000761985779
YDR485C,YAL042W,0,-2.5286233,0.10307691991329193,0.9970238208770752,0.8752001523971558
YPR139C,YKL089W,0,-2.5288167,0.1030663549900055,0.9970238208770752,0.8753002285957336
YKL046C,YPR061C,0,-2.5296755,0.10305578261613846,0.9970238208770752,0.8754003047943115
YPL045W,YLR034C,0,-2.5302172,0.10304521769285202,0.9970238208770752,0.8755003809928894
YEL032W,YJL116C,0,-2.5303082,0.10303465276956558,0.9970238208770752,0.8756004571914673
YFL008W,YBL104C,0,-2.5306635,0.10302408784627914,0.9970238208770752,0.8757005333900452
YER096W,YPR175W,0,-2.5306983,0.1030135303735733,0.9970238208770752,0.8758006691932678
YBR279W,YNL323W,0,-2.5316272,0.10300297290086746,0.9970238208770752,0.8759007453918457
YBR294W,YNL242W,0,-2.5320306,0.10299241542816162,0.9970238208770752,0.8760008215904236
YKR058W,YGR060W,0,-2.5336857,0.10298186540603638,0.9970238208770752,0.8761008977890015
YDR362C,YPL082C,0,-2.5362535,0.10297130793333054,0.9970238208770752,0.8762009739875793
YOL032W,YGR163W,0,-2.5376115,0.10296076536178589,0.9970238208770752,0.8763010501861572
YPL166W,YGL139W,0,-2.5379958,0.10295021533966064,0.9970238208770752,0.8764011263847351
YDL184C,YPL176C,0,-2.538045,0.102939672768116,0.9970238208770752,0.876501202583313
YGR184C,YOR123C,0,-2.539758,0.10292913019657135,0.9970238208770752,0.8766012787818909
YLR258W,YBR058C,0,-2.5398383,0.1029185876250267,0.9970238208770752,0.8767013549804688
YLR284C,YGL032C,0,-2.5412312,0.10290804505348206,0.9970238208770752,0.8768014311790466
YDR322W,YJL038C,0,-2.5414634,0.102897509932518,0.9970238208770752,0.8769015073776245
YOL056W,YER022W,0,-2.5415833,0.10288697481155396,0.9970238208770752,0.8770015835762024
YNL242W,YOR355W,0,-2.5421834,0.1028764471411705,0.9970238208770752,0.8771016597747803
YFR014C,YMR061W,0,-2.5428839,0.10286591947078705,0.9970238208770752,0.8772017359733582
YOR148C,YOR322C,0,-2.5429602,0.1028553918004036,0.9970238208770752,0.877301812171936
YOR330C,YJR160C,0,-2.5433655,0.10284486413002014,0.9970238208770752,0.8774019479751587
YGR014W,YJL209W,0,-2.543448,0.10283433645963669,0.9970238208770752,0.8775020241737366
YLR300W,YCR093W,0,-2.5437388,0.10282381623983383,0.9970238208770752,0.8776021003723145
YGL033W,YDR407C,0,-2.5456967,0.10281329602003098,0.9970238208770752,0.8777021765708923
YPR135W,YMR323W,0,-2.5466921,0.10280278325080872,0.9970238208770752,0.8778022527694702
YDL072C,YHL047C,0,-2.5467944,0.10279227048158646,0.9970238208770752,0.8779023289680481
YFR038W,YIL002C,0,-2.5469258,0.1027817577123642,0.9970238208770752,0.878002405166626
YKL018W,YHR165C,0,-2.5470855,0.10277124494314194,0.9970238208770752,0.8781024813652039
YFR042W,YIL062C,0,-2.5478184,0.10276073962450027,0.9970238208770752,0.8782025575637817
YOR086C,YGL254W,0,-2.5484047,0.10275022685527802,0.9970238208770752,0.8783026337623596
YJL204C,YIL048W,0,-2.549034,0.10273972898721695,0.9970238208770752,0.8784027099609375
YLR314C,YGR184C,0,-2.5494697,0.10272922366857529,0.9970238208770752,0.8785027861595154
YPL194W,YML076C,0,-2.5495965,0.10271872580051422,0.9970238208770752,0.8786028623580933
YLR119W,YBL052C,0,-2.5501428,0.10270822793245316,0.9970238208770752,0.8787029385566711
YNL049C,YPL059W,0,-2.5506086,0.10269773006439209,0.9970238208770752,0.878803014755249
YGR109C,YKL015W,0,-2.5507045,0.10268723964691162,0.9970238208770752,0.8789031505584717
YOL026C,YML076C,0,-2.5507622,0.10267674922943115,0.9970238208770752,0.8790032267570496
YGL174W,YJL141C,0,-2.5511367,0.10266625881195068,0.9970238208770752,0.8791033029556274
YMR174C,YNR057C,0,-2.551419,0.10265576839447021,0.9970238208770752,0.8792033791542053
YGR121C,YGR049W,0,-2.5535083,0.10264528542757034,0.9970238208770752,0.8793034553527832
YJL091C,YCR008W,0,-2.5546277,0.10263480246067047,0.9970238208770752,0.8794035315513611
YFR008W,YDR540C,0,-2.5566082,0.1026243269443512,0.9970238208770752,0.879503607749939
YLR298C,YPR175W,0,-2.556633,0.10261384397745132,0.9970238208770752,0.8796036839485168
YLR440C,YDR076W,0,-2.5568328,0.10260336846113205,0.9970238208770752,0.8797037601470947
YLR148W,YOL006C,0,-2.5570498,0.10259289294481277,0.9970238208770752,0.8798038363456726
YFR019W,YNL166C,0,-2.5571225,0.1025824248790741,0.9970238208770752,0.8799039125442505
YOL016C,YBL051C,0,-2.557243,0.10257195681333542,0.9970238208770752,0.8800039887428284
YPR122W,YPL092W,0,-2.5578022,0.10256148874759674,0.9970238208770752,0.8801040649414062
YDR414C,YOR190W,0,-2.5580537,0.10255102068185806,0.9970238208770752,0.8802041411399841
YJL165C,YLR034C,0,-2.559103,0.10254056006669998,0.9970238208770752,0.880304217338562
YDR540C,YGR121C,0,-2.5598204,0.1025300994515419,0.9970238208770752,0.8804043531417847
YDR400W,YNL242W,0,-2.5601306,0.10251963883638382,0.9970238208770752,0.8805044293403625
YNL290W,YDR009W,0,-2.5605888,0.10250917822122574,0.9970238208770752,0.8806045055389404
YNL026W,YOR123C,0,-2.5609984,0.10249872505664825,0.9970238208770752,0.8807045817375183
YPR095C,YML011C,0,-2.561279,0.10248827189207077,0.9970238208770752,0.8808046579360962
YNR070W,YMR293C,0,-2.5617318,0.10247781872749329,0.9970238208770752,0.8809047341346741
YML118W,YMR276W,0,-2.5624013,0.1024673730134964,0.9970238208770752,0.881004810333252
YNR076W,YNL142W,0,-2.5632594,0.10245692729949951,0.9970238208770752,0.8811048865318298
YIL135C,YNR072W,0,-2.5647202,0.10244648158550262,0.9970238208770752,0.8812049627304077
YFR019W,YIL023C,0,-2.5651584,0.10243604332208633,0.9970238208770752,0.8813050389289856
YKR103W,YDL194W,0,-2.5659022,0.10242559760808945,0.9970238208770752,0.8814051151275635
YER124C,YIL157C,0,-2.5659919,0.10241516679525375,0.9970238208770752,0.8815051913261414
YBR279W,YPL166W,0,-2.5667305,0.10240472853183746,0.9970238208770752,0.8816052675247192
YNL315C,YJL172W,0,-2.5669558,0.10239429771900177,0.9970238208770752,0.8817053437232971
YJL222W,YIL113W,0,-2.5670083,0.10238385945558548,0.9970238208770752,0.881805419921875
YMR184W,YGR134W,0,-2.567024,0.10237343609333038,0.9970238208770752,0.8819054961204529
YLR284C,YNL245C,0,-2.5678675,0.10236300528049469,0.9970238208770752,0.8820056319236755
YDR119W,YOL105C,0,-2.5685925,0.1023525819182396,0.9970238208770752,0.8821057081222534
YBR059C,YPL153C,0,-2.569087,0.1023421585559845,0.9970238208770752,0.8822057843208313
YBR059C,YKR039W,0,-2.569427,0.1023317351937294,0.9970238208770752,0.8823058605194092
YDR364C,YMR097C,0,-2.569433,0.1023213192820549,0.9970238208770752,0.8824059367179871
YLR314C,YPR109W,0,-2.5694547,0.1023109033703804,0.9970238208770752,0.8825060129165649
YKR025W,YCR068W,0,-2.569788,0.1023004874587059,0.9970238208770752,0.8826060891151428
YDR362C,YMR004W,0,-2.5703046,0.102290078997612,0.9970238208770752,0.8827061653137207
YDR137W,YGR239C,0,-2.5718472,0.1022796630859375,0.9970238208770752,0.8828062415122986
YOR086C,YOR016C,0,-2.5725105,0.1022692546248436,0.9970238208770752,0.8829063177108765
YDL113C,YKR014C,0,-2.5728328,0.10225885361433029,0.9970238208770752,0.8830063939094543
YML007W,YDR325W,0,-2.57338,0.10224844515323639,0.9970238208770752,0.8831064701080322
YIL010W,YJL056C,0,-2.5734239,0.10223804414272308,0.9970238208770752,0.8832065463066101
YDR227W,YML023C,0,-2.5766916,0.10222765058279037,0.9970238208770752,0.883306622505188
YOL105C,YGL181W,0,-2.5772696,0.10221724957227707,0.9970238208770752,0.8834066987037659
YHL031C,YPR030W,0,-2.577365,0.10220685601234436,0.9970238208770752,0.8835068345069885
YBL066C,YML036W,0,-2.578116,0.10219646245241165,0.9970238208770752,0.8836069107055664
YFL011W,YLR298C,0,-2.5783863,0.10218606889247894,0.9970238208770752,0.8837069869041443
YNL009W,YNL090W,0,-2.578746,0.10217568278312683,0.9970238208770752,0.8838070631027222
YBR073W,YPR045C,0,-2.57916,0.10216529667377472,0.9970238208770752,0.8839071393013
YPL042C,YKL160W,0,-2.5806897,0.10215491056442261,0.9970238208770752,0.8840072154998779
YJL145W,YPL120W,0,-2.5807972,0.1021445244550705,0.9970238208770752,0.8841072916984558
YER157W,YGR239C,0,-2.580837,0.10213414579629898,0.9970238208770752,0.8842073678970337
YIL002C,YIL157C,0,-2.5820813,0.10212376713752747,0.9970238208770752,0.8843074440956116
YOL032W,YIL061C,0,-2.582086,0.10211338847875595,0.9970238208770752,0.8844075202941895
YLR421C,YMR189W,0,-2.582271,0.10210301727056503,0.9970238208770752,0.8845075964927673
YJL020C,YGL090W,0,-2.582434,0.10209264606237411,0.9970238208770752,0.8846076726913452
YOR313C,YFL011W,0,-2.5825715,0.1020822748541832,0.9970238208770752,0.8847077488899231
YBL063W,YNL026W,0,-2.583448,0.10207191109657288,0.9970238208770752,0.884807825088501
YLR191W,YER059W,0,-2.5835283,0.10206153988838196,0.9970238208770752,0.8849079012870789
YJL056C,YIL044C,0,-2.5849533,0.10205117613077164,0.9970238208770752,0.8850079774856567
YJR063W,YJR110W,0,-2.5872734,0.10204081982374191,0.9970238208770752,0.8851081132888794
YCL058C,YLR411W,0,-2.5875564,0.10203045606613159,0.9970238208770752,0.8852081894874573
YKL145W,YPR079W,0,-2.5894828,0.10202009975910187,0.9970238208770752,0.8853082656860352
YOR290C,YGL053W,0,-2.5901656,0.10200974345207214,0.9970238208770752,0.885408341884613
YDL069C,YDR266C,0,-2.5919027,0.10199939459562302,0.9970238208770752,0.8855084180831909
YHR029C,YER022W,0,-2.592353,0.10198903828859329,0.9970238208770752,0.8856084942817688
YOR330C,YNL315C,0,-2.5930643,0.10197868943214417,0.9970238208770752,0.8857085704803467
YNL008C,YNL055C,0,-2.593413,0.10196834057569504,0.9970238208770752,0.8858086466789246
YOR381W,YHR060W,0,-2.5948675,0.10195799916982651,0.9970238208770752,0.8859087228775024
YDR383C,YGL158W,0,-2.5974588,0.10194765776395798,0.9970238208770752,0.8860087990760803
YLR299W,YNL218W,0,-2.598033,0.10193731635808945,0.9970238208770752,0.8861088752746582
YMR113W,YGR194C,0,-2.5985947,0.10192697495222092,0.9970238208770752,0.8862089514732361
YDR383C,YFL030W,0,-2.599803,0.10191664099693298,0.9970238208770752,0.886309027671814
YIL144W,YHR090C,0,-2.6010504,0.10190630704164505,0.9970238208770752,0.8864091038703918
YBR294W,YFL047W,0,-2.6012306,0.10189597308635712,0.9970238208770752,0.8865091800689697
YPR007C,YDR511W,0,-2.601306,0.10188564658164978,0.9970238208770752,0.8866093158721924
YGL179C,YHL027W,0,-2.6027923,0.10187532007694244,0.9970238208770752,0.8867093920707703
YPL166W,YOR355W,0,-2.6033292,0.10186499357223511,0.9970238208770752,0.8868094682693481
YHR046C,YGR199W,0,-2.6033762,0.10185466706752777,0.9970238208770752,0.886909544467926
YLR035C,YPL085W,0,-2.6048265,0.10184434801340103,0.9970238208770752,0.8870096206665039
YNL136W,YMR304W,0,-2.6054382,0.10183402895927429,0.9970238208770752,0.8871096968650818
YHR029C,YAR014C,0,-2.6058455,0.10182370990514755,0.9970238208770752,0.8872097730636597
YIR002C,YNL290W,0,-2.6062155,0.10181339085102081,0.9970238208770752,0.8873098492622375
YJL204C,YPL166W,0,-2.6063352,0.10180307924747467,0.9970238208770752,0.8874099254608154
YMR184W,YJL065C,0,-2.6065152,0.10179276764392853,0.9970238208770752,0.8875100016593933
YIL046W,YMR314W,0,-2.6066444,0.10178245604038239,0.9970238208770752,0.8876100778579712
YDR503C,YDR478W,0,-2.6069283,0.10177215188741684,0.9970238208770752,0.8877101540565491
YOR086C,YCL032W,0,-2.6075218,0.1017618477344513,0.9970238208770752,0.887810230255127
YEL013W,YPR006C,0,-2.607821,0.10175154358148575,0.9970238208770752,0.8879103064537048
YMR032W,YDL138W,0,-2.6081896,0.1017412468791008,0.9970238208770752,0.8880103826522827
YLR133W,YNL304W,0,-2.6082864,0.10173094272613525,0.9970238208770752,0.8881104588508606
YLR033W,YDR217C,0,-2.609086,0.1017206460237503,0.9970238208770752,0.8882105946540833
YMR323W,YGR096W,0,-2.6093767,0.10171035677194595,0.9970238208770752,0.8883106708526611
YLL003W,YNL135C,0,-2.6095364,0.101700060069561,0.9970238208770752,0.888410747051239
YNL218W,YOL090W,0,-2.6120708,0.10168977081775665,0.9970238208770752,0.8885108232498169
YFL030W,YJR160C,0,-2.6126525,0.1016794815659523,0.9970238208770752,0.8886108994483948
YNR056C,YOR298W,0,-2.612967,0.10166919231414795,0.9970238208770752,0.8887109756469727
YDR485C,YER155C,0,-2.6139026,0.1016589105129242,0.9970238208770752,0.8888110518455505
YNL223W,YCL011C,0,-2.6143036,0.10164862871170044,0.9970238208770752,0.8889111280441284
YGR109C,YIL048W,0,-2.614422,0.10163834691047668,0.9970238208770752,0.8890112042427063
YLR115W,YPL003W,0,-2.616016,0.10162807255983353,0.9970238208770752,0.8891112804412842
YAR033W,YHR101C,0,-2.6166015,0.10161779820919037,0.9970238208770752,0.8892113566398621
YJL061W,YJL099W,0,-2.6178937,0.10160752385854721,0.9970238208770752,0.8893114328384399
YGL253W,YER061C,0,-2.6181602,0.10159724950790405,0.9970238208770752,0.8894115090370178
YBL058W,YNL290W,0,-2.618183,0.10158698260784149,0.9970238208770752,0.8895115852355957
YOR313C,YMR174C,0,-2.6182394,0.10157671570777893,0.9970238208770752,0.8896116614341736
YDL195W,YDL194W,0,-2.6189916,0.10156644880771637,0.9970238208770752,0.8897117972373962
YER096W,YIL062C,0,-2.6198957,0.10155618190765381,0.9970238208770752,0.8898118734359741
YPL226W,YJL108C,0,-2.6203609,0.10154592245817184,0.9970238208770752,0.889911949634552
YGR271W,YPL115C,0,-2.620481,0.10153566300868988,0.9970238208770752,0.8900120258331299
YCR046C,YDL128W,0,-2.6211784,0.10152540355920792,0.9970238208770752,0.8901121020317078
YLR399C,YMR189W,0,-2.6212025,0.10151515156030655,0.9970238208770752,0.8902121782302856
YIL046W,YMR033W,0,-2.6213074,0.10150489956140518,0.9970238208770752,0.8903122544288635
YPR122W,YKR039W,0,-2.621583,0.10149464756250381,0.9970238208770752,0.8904123306274414
YPL036W,YHR034C,0,-2.6218624,0.10148439556360245,0.9970238208770752,0.8905124068260193
YDR080W,YPL127C,0,-2.622227,0.10147415101528168,0.9970238208770752,0.8906124830245972
YNL103W,YLR375W,0,-2.6225786,0.10146390646696091,0.9970238208770752,0.890712559223175
YGL200C,YCR079W,0,-2.623189,0.10145366191864014,0.9970238208770752,0.8908126354217529
YER032W,YGL181W,0,-2.6236465,0.10144342482089996,0.9970238208770752,0.8909127116203308
YPL099C,YOR148C,0,-2.6247802,0.10143318772315979,0.9970238208770752,0.8910127878189087
YJL174W,YBR136W,0,-2.6251426,0.10142295062541962,0.9970238208770752,0.8911128640174866
YDR414C,YJL056C,0,-2.625701,0.10141271352767944,0.9970238208770752,0.8912129998207092
YOR233W,YLR459W,0,-2.626126,0.10140248388051987,0.9970238208770752,0.8913130760192871
YKR091W,YIL002C,0,-2.6262512,0.10139225423336029,0.9970238208770752,0.891413152217865
YJL094C,YLR033W,0,-2.6267872,0.10138202458620071,0.9970238208770752,0.8915132284164429
YPR095C,YMR199W,0,-2.6269245,0.10137179493904114,0.9970238208770752,0.8916133046150208
YMR042W,YPR193C,0,-2.6276453,0.10136157274246216,0.9970238208770752,0.8917133808135986
YPR135W,YER019W,0,-2.6276858,0.10135135054588318,0.9970238208770752,0.8918134570121765
YKR067W,YLL012W,0,-2.6289768,0.1013411283493042,0.9970238208770752,0.8919135332107544
YNL242W,YJL108C,0,-2.6294496,0.10133091360330582,0.9970238208770752,0.8920136094093323
YNR076W,YOL135C,0,-2.6300006,0.10132069885730743,0.9970238208770752,0.8921136856079102
YHR155W,YOR156C,0,-2.630177,0.10131048411130905,0.9970238208770752,0.892213761806488
YMR095C,YKL018W,0,-2.6303253,0.10130026936531067,0.9970238208770752,0.8923138380050659
YHR029C,YNL309W,0,-2.6308713,0.10129006206989288,0.9970238208770752,0.8924139142036438
YGL223C,YPL120W,0,-2.6309328,0.1012798547744751,0.9970238208770752,0.8925139904022217
YNL127W,YGL263W,0,-2.6312003,0.10126964747905731,0.9970238208770752,0.8926140666007996
YLR240W,YMR289W,0,-2.6320865,0.10125944763422012,0.9970238208770752,0.8927141427993774
YDL101C,YKL175W,0,-2.6329942,0.10124924778938293,0.9970238208770752,0.8928142786026001
YGR086C,YCL018W,0,-2.6332312,0.10123904794454575,0.9970238208770752,0.892914354801178
YBR017C,YKR104W,0,-2.6338,0.10122884809970856,0.9970238208770752,0.8930144309997559
YAL053W,YBR006W,0,-2.6345792,0.10121865570545197,0.9970238208770752,0.8931145071983337
YMR137C,YKR034W,0,-2.6358855,0.10120845586061478,0.9970238208770752,0.8932145833969116
YEL069C,YAR031W,0,-2.636056,0.10119827091693878,0.9970238208770752,0.8933146595954895
YBR180W,YLR056W,0,-2.63612,0.10118807852268219,0.9970238208770752,0.8934147357940674
YGL253W,YBR131W,0,-2.636362,0.1011778935790062,0.9970238208770752,0.8935148119926453
YLR138W,YLR411W,0,-2.6365528,0.1011677086353302,0.9970238208770752,0.8936148881912231
YER133W,YPR161C,0,-2.6365619,0.1011575236916542,0.9970238208770752,0.893714964389801
YPR192W,YIL002C,0,-2.6366816,0.10114734619855881,0.9970238208770752,0.8938150405883789
YPL164C,YBR260C,0,-2.6376843,0.10113716125488281,0.9970238208770752,0.8939151167869568
YBR253W,YMR288W,0,-2.6379979,0.10112698376178741,0.9970238208770752,0.8940151929855347
YBR186W,YLR039C,0,-2.6381218,0.10111681371927261,0.9970238208770752,0.8941152691841125
YFL013C,YOR322C,0,-2.6382918,0.10110663622617722,0.9970238208770752,0.8942153453826904
YLR265C,YNR043W,0,-2.6385207,0.10109646618366241,0.9970238208770752,0.8943154811859131
YOL056W,YNR076W,0,-2.638649,0.10108630359172821,0.9970238208770752,0.894415557384491
YGL236C,YJL116C,0,-2.639201,0.10107613354921341,0.9970238208770752,0.8945156335830688
YLR201C,YBR078W,0,-2.6392102,0.1010659709572792,0.9970238208770752,0.8946157097816467
YML028W,YNR072W,0,-2.6392236,0.101055808365345,0.9970238208770752,0.8947157859802246
YOR233W,YOR172W,0,-2.6407757,0.1010456457734108,0.9970238208770752,0.8948158621788025
YGR199W,YGR230W,0,-2.641842,0.10103549063205719,0.9970238208770752,0.8949159383773804
YGR199W,YLR178C,0,-2.6418648,0.10102532804012299,0.9970238208770752,0.8950160145759583
YLR219W,YHR172W,0,-2.6442888,0.10101518034934998,0.9970238208770752,0.8951160907745361
YGR187C,YOR382W,0,-2.6443543,0.10100502520799637,0.9970238208770752,0.895216166973114
YGR002C,YBR020W,0,-2.6453204,0.10099487751722336,0.9970238208770752,0.8953162431716919
YGR109C,YML076C,0,-2.6455355,0.10098472982645035,0.9970238208770752,0.8954163193702698
YNL309W,YPR070W,0,-2.645843,0.10097458213567734,0.9970238208770752,0.8955163955688477
YGL022W,YDR405W,0,-2.6461692,0.10096443444490433,0.9970238208770752,0.8956164717674255
YCL061C,YPR006C,0,-2.6465392,0.10095429420471191,0.9970238208770752,0.8957165479660034
YOR035C,YLR115W,0,-2.646872,0.1009441539645195,0.9970238208770752,0.8958166241645813
YGR002C,YER061C,0,-2.646985,0.10093401372432709,0.9970238208770752,0.895916759967804
YDR545W,YNL126W,0,-2.6471667,0.10092388093471527,0.9970238208770752,0.8960168361663818
YPR135W,YPL164C,0,-2.6474361,0.10091374814510345,0.9970238208770752,0.8961169123649597
YAL013W,YMR174C,0,-2.648806,0.10090361535549164,0.9970238208770752,0.8962169885635376
YDL117W,YBR280C,0,-2.648848,0.10089348256587982,0.9970238208770752,0.8963170647621155
YGR194C,YNR070W,0,-2.649666,0.1008833572268486,0.9970238208770752,0.8964171409606934
YPL258C,YDR325W,0,-2.650745,0.10087323188781738,0.9970238208770752,0.8965172171592712
YGR189C,YDR536W,0,-2.6511693,0.10086310654878616,0.9970238208770752,0.8966172933578491
YGR002C,YMR079W,0,-2.651195,0.10085298866033554,0.9970238208770752,0.896717369556427
YFL011W,YML023C,0,-2.6520324,0.10084286332130432,0.9970238208770752,0.8968174457550049
YJL059W,YGR121C,0,-2.6521418,0.1008327454328537,0.9970238208770752,0.8969175219535828
YPL127C,YPR169W,0,-2.6523979,0.10082263499498367,0.9970238208770752,0.8970175981521606
YHR101C,YPR061C,0,-2.6551104,0.10081251710653305,0.9970238208770752,0.8971176743507385
YJL165C,YBR275C,0,-2.656028,0.10080240666866302,0.9970238208770752,0.8972177505493164
YEL063C,YIL144W,0,-2.6567636,0.100792296230793,0.9970238208770752,0.8973178267478943
YML065W,YDR227W,0,-2.658372,0.10078219324350357,0.9970238208770752,0.8974179625511169
YCR008W,YMR154C,0,-2.659639,0.10077208280563354,0.9970238208770752,0.8975180387496948
YNL049C,YGL012W,0,-2.6606421,0.10076197981834412,0.9970238208770752,0.8976181149482727
YOR177C,YKR063C,0,-2.6611211,0.10075187683105469,0.9970238208770752,0.8977181911468506
YFL013C,YLR141W,0,-2.662025,0.10074178129434586,0.9970238208770752,0.8978182673454285
YCL018W,YDR256C,0,-2.6636915,0.10073168575763702,0.9970238208770752,0.8979183435440063
YDR540C,YOL103W,0,-2.6646063,0.10072159022092819,0.9970238208770752,0.8980184197425842
YBR073W,YAL033W,0,-2.6655285,0.10071149468421936,0.9970238208770752,0.8981184959411621
YDR205W,YMR247C,0,-2.666647,0.10070139914751053,0.9970238208770752,0.89821857213974
YJL146W,YCR097W,0,-2.667063,0.1006913110613823,0.9970238208770752,0.8983186483383179
YDR485C,YKR025W,0,-2.667588,0.10068122297525406,0.9970238208770752,0.8984187245368958
YJL059W,YMR294W,0,-2.6677032,0.10067114233970642,0.9970238208770752,0.8985188007354736
YKL089W,YCR030C,0,-2.667828,0.10066105425357819,0.9970238208770752,0.8986188769340515
YNL196C,YIL002C,0,-2.6684728,0.10065097361803055,0.9970238208770752,0.8987189531326294
YBR020W,YPL222W,0,-2.6689723,0.10064090043306351,0.9970238208770752,0.8988190293312073
YER032W,YDR540C,0,-2.6700623,0.10063081979751587,0.9970238208770752,0.8989191055297852
YNR074C,YNL218W,0,-2.6704838,0.10062074661254883,0.9970238208770752,0.8990192413330078
YDR238C,YOR025W,0,-2.6716676,0.10061067342758179,0.9970238208770752,0.8991193175315857
YBR278W,YKL015W,0,-2.6717868,0.10060060024261475,0.9970238208770752,0.8992193937301636
YPL274W,YDL194W,0,-2.6724782,0.1005905345082283,0.9970238208770752,0.8993194699287415
YHR076W,YJL091C,0,-2.67302,0.10058046132326126,0.9970238208770752,0.8994195461273193
YKR089C,YAR014C,0,-2.673764,0.10057039558887482,0.9970238208770752,0.8995196223258972
YJL222W,YEL013W,0,-2.6742942,0.10056033730506897,0.9970238208770752,0.8996196985244751
YPR185W,YML112W,0,-2.6759074,0.10055027157068253,0.9970238208770752,0.899719774723053
YFR014C,YNR008W,0,-2.6769438,0.10054021328687668,0.9970238208770752,0.8998198509216309
YDR330W,YGR121C,0,-2.6787112,0.10053016245365143,0.9970238208770752,0.8999199271202087
YGL256W,YER153C,0,-2.6791687,0.10052010416984558,0.9970238208770752,0.9000200033187866
YDR031W,YGL254W,0,-2.680862,0.10051005333662033,0.9970238208770752,0.9001200795173645
YPR135W,YLR350W,0,-2.6809182,0.10050000250339508,0.9970238208770752,0.9002201557159424
YMR095C,YNL315C,0,-2.6813679,0.10048995167016983,0.9970238208770752,0.9003202319145203
YAR014C,YDR080W,0,-2.6814804,0.10047990083694458,0.9970238208770752,0.9004203081130981
YLR034C,YFL030W,0,-2.6820521,0.10046985745429993,0.9970238208770752,0.9005204439163208
YGL070C,YDR380W,0,-2.6827447,0.10045981407165527,0.9970238208770752,0.9006205201148987
YGR134W,YER182W,0,-2.6828132,0.10044977813959122,0.9970238208770752,0.9007205963134766
YBR098W,YER153C,0,-2.6829934,0.10043973475694656,0.9970238208770752,0.9008206725120544
YER171W,YDL069C,0,-2.6833243,0.10042969882488251,0.9970238208770752,0.9009207487106323
YNL166C,YDR236C,0,-2.6852,0.10041966289281845,0.9970238208770752,0.9010208249092102
YDR259C,YGL158W,0,-2.6862903,0.10040963441133499,0.9970238208770752,0.9011209011077881
YBR175W,YJL041W,0,-2.686763,0.10039959847927094,0.9970238208770752,0.901220977306366
YLR440C,YMR004W,0,-2.6868858,0.10038956999778748,0.9970238208770752,0.9013210535049438
YGR043C,YER061C,0,-2.688373,0.10037954151630402,0.9970238208770752,0.9014211297035217
YCR044C,YNL265C,0,-2.688777,0.10036952048540115,0.9970238208770752,0.9015212059020996
YKR091W,YNL136W,0,-2.6891859,0.10035949945449829,0.9970238208770752,0.9016212821006775
YML112W,YER061C,0,-2.689204,0.10034947842359543,0.9970238208770752,0.9017213582992554
YOR104W,YML007W,0,-2.6895015,0.10033945739269257,0.9970238208770752,0.9018214344978333
YFL011W,YGL038C,0,-2.690135,0.1003294363617897,0.9970238208770752,0.9019215106964111
YNL127W,YNL196C,0,-2.6906323,0.10031942278146744,0.9970238208770752,0.9020216464996338
YKR091W,YNR043W,0,-2.6939673,0.10030940920114517,0.9970238208770752,0.9021217226982117
YMR204C,YGR215W,0,-2.6943002,0.1002994030714035,0.9970238208770752,0.9022217988967896
YGL144C,YDR022C,0,-2.6961675,0.10028938949108124,0.9970238208770752,0.9023218750953674
YOR076C,YPL190C,0,-2.696565,0.10027938336133957,0.9970238208770752,0.9024219512939453
YHR199C,YDL138W,0,-2.6970892,0.1002693772315979,0.9970238208770752,0.9025220274925232
YER032W,YLR309C,0,-2.6977391,0.10025937855243683,0.9970238208770752,0.9026221036911011
YEL012W,YDR303C,0,-2.69877,0.10024937987327576,0.9970238208770752,0.902722179889679
YJR065C,YDL246C,0,-2.6988347,0.10023938119411469,0.9970238208770752,0.9028222560882568
YBL015W,YDL128W,0,-2.6989355,0.10022938251495361,0.9970238208770752,0.9029223322868347
YKR089C,YBR294W,0,-2.6998131,0.10021938383579254,0.9970238208770752,0.9030224084854126
YCR044C,YDL138W,0,-2.702024,0.10020939260721207,0.9970238208770752,0.9031224846839905
YJL059W,YPL227C,0,-2.702139,0.10019940137863159,0.9970238208770752,0.9032225608825684
YDR113C,YPR030W,0,-2.7022703,0.10018941015005112,0.9970238208770752,0.9033226370811462
YJR112W,YDL216C,0,-2.702444,0.10017942637205124,0.9970238208770752,0.9034227132797241
YLR314C,YAR018C,0,-2.7039003,0.10016944259405136,0.9970238208770752,0.903522789478302
YER096W,YNL242W,0,-2.7050872,0.10015945881605148,0.9970238208770752,0.9036229252815247
YGR098C,YJR106W,0,-2.705348,0.1001494750380516,0.9970238208770752,0.9037230014801025
YER032W,YLR097C,0,-2.7054513,0.10013949871063232,0.9970238208770752,0.9038230776786804
YHL047C,YLR099C,0,-2.7067063,0.10012952238321304,0.9970238208770752,0.9039231538772583
YDR228C,YDR461W,0,-2.7070339,0.10011954605579376,0.9970238208770752,0.9040232300758362
YGL012W,YMR153W,0,-2.7085156,0.10010956972837448,0.9970238208770752,0.9041233062744141
YJL110C,YLR026C,0,-2.7086644,0.1000996008515358,0.9970238208770752,0.9042233824729919
YFR019W,YLR357W,0,-2.709064,0.10008963197469711,0.9970238208770752,0.9043234586715698
YDL113C,YHR026W,0,-2.7094977,0.10007966309785843,0.9970238208770752,0.9044235348701477
YDR373W,YKR103W,0,-2.7098293,0.10006970167160034,0.9970238208770752,0.9045236110687256
YPL151C,YLR375W,0,-2.710366,0.10005974024534225,0.9970238208770752,0.9046236872673035
YBL052C,YBL060W,0,-2.7113953,0.10004977881908417,0.9970238208770752,0.9047237634658813
YKR014C,YDR097C,0,-2.7131138,0.10003981739282608,0.9970238208770752,0.9048238396644592
YMR204C,YAR018C,0,-2.7148433,0.100029855966568,0.9970238208770752,0.9049239158630371
YOR076C,YPL153C,0,-2.7155674,0.1000199019908905,0.9970238208770752,0.905023992061615
YFL008W,YKR080W,0,-2.7158785,0.10000994801521301,0.9970238208770752,0.9051241278648376
YNR026C,YDR217C,0,-2.7160442,0.10000000149011612,0.9970238208770752,0.9052242040634155
YOR298W,YCL032W,0,-2.7164993,0.09999004751443863,0.9970238208770752,0.9053242802619934
YBL067C,YER114C,0,-2.7175207,0.09998010098934174,0.9970238208770752,0.9054243564605713
YDR470C,YNL055C,0,-2.7182229,0.09997015446424484,0.9970238208770752,0.9055244326591492
YJR121W,YML076C,0,-2.7186909,0.09996021538972855,0.9970238208770752,0.905624508857727
YDR461W,YOR060C,0,-2.7200882,0.09995027631521225,0.9970238208770752,0.9057245850563049
YMR211W,YNL128W,0,-2.7213366,0.09994033724069595,0.9970238208770752,0.9058246612548828
YGL049C,YKR104W,0,-2.721498,0.09993039816617966,0.9970238208770752,0.9059247374534607
YER173W,YJR106W,0,-2.7215188,0.09992045909166336,0.9970238208770752,0.9060248136520386
YML007W,YER099C,0,-2.7216942,0.09991052746772766,0.9970238208770752,0.9061248898506165
YLR265C,YOR255W,0,-2.722682,0.09990059584379196,0.9970238208770752,0.9062249660491943
YNL128W,YIL048W,0,-2.7238135,0.09989066421985626,0.9970238208770752,0.9063250422477722
YLR034C,YIL098C,0,-2.7240217,0.09988074004650116,0.9970238208770752,0.9064251184463501
YNL311C,YKR084C,0,-2.7259488,0.09987081587314606,0.9970238208770752,0.906525194644928
YIL002C,YOR322C,0,-2.7265124,0.09986089169979095,0.9970238208770752,0.9066252708435059
YOR076C,YML023C,0,-2.7270367,0.09985096752643585,0.9970238208770752,0.9067254066467285
YBR098W,YMR163C,0,-2.7279532,0.09984105080366135,0.9970238208770752,0.9068254828453064
YGR138C,YJR013W,0,-2.7293587,0.09983113408088684,0.9970238208770752,0.9069255590438843
YHR047C,YNL271C,0,-2.7294996,0.09982121735811234,0.9970238208770752,0.9070256352424622
YNL279W,YMR009W,0,-2.7304091,0.09981130063533783,0.9970238208770752,0.90712571144104
YGR199W,YMR009W,0,-2.731289,0.09980139136314392,0.9970238208770752,0.9072257876396179
YEL063C,YBR211C,0,-2.7340376,0.09979148209095001,0.9970238208770752,0.9073258638381958
YAL058W,YMR163C,0,-2.7357283,0.0997815728187561,0.9970238208770752,0.9074259400367737
YIL137C,YPL119C,1,-2.7385259,0.0998709425330162,0.9980158805847168,0.9074259400367737
YMR269W,YDL194W,0,-2.7414305,0.0998610258102417,0.9980158805847168,0.9075260162353516
YLR240W,YAR031W,0,-2.7415743,0.09985111653804779,0.9980158805847168,0.9076260924339294
YOR330C,YOR046C,0,-2.7423325,0.09984120726585388,0.9980158805847168,0.9077261686325073
YDR113C,YCR079W,0,-2.742416,0.09983129799365997,0.9980158805847168,0.9078262448310852
YPL174C,YPL151C,0,-2.7430565,0.09982139617204666,0.9980158805847168,0.9079263210296631
YMR097C,YDR217C,0,-2.7430716,0.09981148689985275,0.9980158805847168,0.908026397228241
YMR097C,YPR156C,0,-2.7439966,0.09980158507823944,0.9980158805847168,0.9081264734268188
YGL032C,YNR041C,0,-2.7444882,0.09979169070720673,0.9980158805847168,0.9082266092300415
YJL091C,YPR156C,0,-2.7445571,0.09978178888559341,0.9980158805847168,0.9083266854286194
YCL029C,YER021W,0,-2.744734,0.0997718945145607,0.9980158805847168,0.9084267616271973
YIL159W,YLL040C,0,-2.746112,0.09976200014352798,0.9980158805847168,0.9085268378257751
YHR155W,YDR137W,0,-2.7463195,0.09975210577249527,0.9980158805847168,0.908626914024353
YOR320C,YEL011W,0,-2.7467117,0.09974221885204315,0.9980158805847168,0.9087269902229309
YPL258C,YLR079W,0,-2.7472277,0.09973233193159103,0.9980158805847168,0.9088270664215088
YMR042W,YDL245C,0,-2.7472732,0.09972244501113892,0.9980158805847168,0.9089271426200867
YPR047W,YJR001W,0,-2.7491155,0.0997125580906868,0.9980158805847168,0.9090272188186646
YMR183C,YGR238C,0,-2.7498229,0.09970267862081528,0.9980158805847168,0.9091272950172424
YJL058C,YMR154C,0,-2.750183,0.09969279915094376,0.9980158805847168,0.9092273712158203
YNL279W,YMR059W,0,-2.750407,0.09968291968107224,0.9980158805847168,0.9093274474143982
YGL070C,YOR172W,0,-2.7505417,0.09967304021120071,0.9980158805847168,0.9094275236129761
YPL003W,YOR081C,0,-2.7509613,0.09966316819190979,0.9980158805847168,0.909527599811554
YLR256W,YLR350W,0,-2.751022,0.09965329617261887,0.9980158805847168,0.9096276760101318
YLR052W,YNL161W,0,-2.751035,0.09964342415332794,0.9980158805847168,0.9097278118133545
YDR076W,YMR137C,0,-2.751647,0.09963355213403702,0.9980158805847168,0.9098278880119324
YBR187W,YPR079W,0,-2.75168,0.09962368756532669,0.9980158805847168,0.9099279642105103
YDR478W,YJL047C,0,-2.753776,0.09961382299661636,0.9980158805847168,0.9100280404090881
YHR090C,YNL265C,0,-2.754158,0.09960395842790604,0.9980158805847168,0.910128116607666
YPR192W,YNR074C,0,-2.7547708,0.0995941013097763,0.9980158805847168,0.9102281928062439
YLR170C,YPR169W,0,-2.7551365,0.09958424419164658,0.9980158805847168,0.9103282690048218
YGR199W,YDR078C,0,-2.7565908,0.09957438707351685,0.9980158805847168,0.9104283452033997
YGR014W,YER022W,0,-2.7574787,0.09956452995538712,0.9980158805847168,0.9105284214019775
YDL105W,YBL016W,0,-2.7575393,0.09955467283725739,0.9980158805847168,0.9106284976005554
YPR095C,YNL136W,0,-2.7580109,0.09954482316970825,0.9980158805847168,0.9107285737991333
YDR362C,YJL056C,0,-2.759534,0.09953497350215912,0.9980158805847168,0.9108286499977112
YMR068W,YCR044C,0,-2.761218,0.09952513128519058,0.9980158805847168,0.9109287261962891
YPL170W,YGL012W,0,-2.761909,0.09951528161764145,0.9980158805847168,0.9110288023948669
YNR074C,YHL035C,0,-2.7631161,0.09950543940067291,0.9980158805847168,0.9111288785934448
YJL084C,YGR036C,0,-2.763566,0.09949559718370438,0.9980158805847168,0.9112289547920227
YER171W,YBL063W,0,-2.764833,0.09948576241731644,0.9980158805847168,0.9113290905952454
YML118W,YGR060W,0,-2.7648535,0.0994759202003479,0.9980158805847168,0.9114291667938232
YKL046C,YHR172W,0,-2.7651439,0.09946608543395996,0.9980158805847168,0.9115292429924011
YLR378C,YOR075W,0,-2.7652369,0.09945625066757202,0.9980158805847168,0.911629319190979
YKR058W,YNL142W,0,-2.7675228,0.09944642335176468,0.9980158805847168,0.9117293953895569
YDL245C,YGL246C,0,-2.7679563,0.09943658858537674,0.9980158805847168,0.9118294715881348
YIL159W,YPR045C,0,-2.76903,0.0994267612695694,0.9980158805847168,0.9119295477867126
YOR190W,YPR193C,0,-2.7700458,0.09941694140434265,0.9980158805847168,0.9120296239852905
YDR414C,YDR034C,0,-2.7703717,0.09940711408853531,0.9980158805847168,0.9121297001838684
YPR151C,YHR026W,0,-2.771078,0.09939729422330856,0.9980158805847168,0.9122297763824463
YBR276C,YDR093W,0,-2.7714243,0.09938747435808182,0.9980158805847168,0.9123298525810242
YNL008C,YKL220C,0,-2.7718897,0.09937765449285507,0.9980158805847168,0.912429928779602
YLL049W,YDR489W,0,-2.7732785,0.09936784207820892,0.9980158805847168,0.9125300049781799
YPL190C,YOL026C,0,-2.7732816,0.09935802221298218,0.9980158805847168,0.9126300811767578
YER124C,YDL135C,0,-2.7765017,0.09934820979833603,0.9980158805847168,0.9127301573753357
YLR440C,YCR079W,0,-2.7769318,0.09933840483427048,0.9980158805847168,0.9128302931785583
YHR060W,YPL115C,0,-2.7770822,0.09932859241962433,0.9980158805847168,0.9129303693771362
YMR184W,YPL166W,0,-2.7772393,0.09931878745555878,0.9980158805847168,0.9130304455757141
YIL144W,YGL228W,0,-2.7794852,0.09930898249149323,0.9980158805847168,0.913130521774292
YGL216W,YDR545W,0,-2.7812164,0.09929917752742767,0.9980158805847168,0.9132305979728699
YDL093W,YCL024W,0,-2.7816114,0.09928938001394272,0.9980158805847168,0.9133306741714478
YMR039C,YJL038C,0,-2.7818012,0.09927958250045776,0.9980158805847168,0.9134307503700256
YPL128C,YNL218W,0,-2.7820053,0.09926978498697281,0.9980158805847168,0.9135308265686035
YDR350C,YLR375W,0,-2.7821093,0.09925998747348785,0.9980158805847168,0.9136309027671814
YBR278W,YLL052C,0,-2.7821212,0.0992501974105835,0.9980158805847168,0.9137309789657593
YKL164C,YAL021C,0,-2.782187,0.09924040734767914,0.9980158805847168,0.9138310551643372
YEL069C,YOL049W,0,-2.7837005,0.09923061728477478,0.9980158805847168,0.913931131362915
YNL005C,YPL120W,0,-2.7850487,0.09922082722187042,0.9980158805847168,0.9140312075614929
YFL042C,YDR510W,0,-2.7859678,0.09921104460954666,0.9980158805847168,0.9141312837600708
YGR184C,YER173W,0,-2.7860124,0.0992012619972229,0.9980158805847168,0.9142313599586487
YIR013C,YPR190C,0,-2.7868571,0.09919147938489914,0.9980158805847168,0.9143314361572266
YDL102W,YDR436W,0,-2.7869961,0.09918170422315598,0.9980158805847168,0.9144315719604492
YOR005C,YPL179W,0,-2.7871609,0.09917192161083221,0.9980158805847168,0.9145316481590271
YGL066W,YEL012W,0,-2.7874403,0.09916214644908905,0.9980158805847168,0.914631724357605
YFR019W,YBR007C,0,-2.788382,0.09915237873792648,0.9980158805847168,0.9147318005561829
YBR180W,YPL043W,0,-2.788711,0.09914260357618332,0.9980158805847168,0.9148318767547607
YNL315C,YDR540C,0,-2.788795,0.09913283586502075,0.9980158805847168,0.9149319529533386
YDL220C,YJR110W,0,-2.788951,0.09912306815385818,0.9980158805847168,0.9150320291519165
YMR139W,YML011C,0,-2.7896903,0.09911330044269562,0.9980158805847168,0.9151321053504944
YNL240C,YLR206W,0,-2.7899852,0.09910354018211365,0.9980158805847168,0.9152321815490723
YFR014C,YPR122W,0,-2.7908473,0.09909377247095108,0.9980158805847168,0.9153322577476501
YFL008W,YGL139W,0,-2.7908647,0.09908401221036911,0.9980158805847168,0.915432333946228
YPR095C,YHL047C,0,-2.790968,0.09907425940036774,0.9980158805847168,0.9155324101448059
YDL072C,YJL204C,0,-2.7914937,0.09906449913978577,0.9980158805847168,0.9156324863433838
YGR134W,YDR420W,0,-2.7922115,0.0990547463297844,0.9980158805847168,0.9157325625419617
YMR276W,YHR091C,0,-2.7923312,0.09904499351978302,0.9980158805847168,0.9158326387405396
YBL033C,YPL222W,0,-2.793036,0.09903524070978165,0.9980158805847168,0.9159327745437622
YEL063C,YJL081C,0,-2.793593,0.09902549535036087,0.9980158805847168,0.9160328507423401
YPL166W,YPR006C,0,-2.7936454,0.0990157499909401,0.9980158805847168,0.916132926940918
YIR002C,YFR002W,0,-2.796384,0.09900600463151932,0.9980158805847168,0.9162330031394958
YBR059C,YIL066C,0,-2.797789,0.09899625927209854,0.9980158805847168,0.9163330793380737
YBR240C,YKR048C,0,-2.7981088,0.09898652136325836,0.9980158805847168,0.9164331555366516
YHR209W,YNL242W,0,-2.7985268,0.09897678345441818,0.9980158805847168,0.9165332317352295
YLR284C,YMR153W,0,-2.798832,0.098967045545578,0.9980158805847168,0.9166333079338074
YHR047C,YAL021C,0,-2.7997448,0.09895730763673782,0.9980158805847168,0.9167333841323853
YMR129W,YLR148W,0,-2.8004596,0.09894757717847824,0.9980158805847168,0.9168334603309631
YDR358W,YFL047W,0,-2.8012328,0.09893784672021866,0.9980158805847168,0.916933536529541
YGL174W,YER105C,0,-2.8012662,0.09892811626195908,0.9980158805847168,0.9170336127281189
YLR300W,YMR225C,0,-2.8022318,0.0989183858036995,0.9980158805847168,0.9171336889266968
YIL049W,YPL226W,0,-2.8032227,0.09890866279602051,0.9980158805847168,0.9172337651252747
YGR249W,YPL243W,0,-2.8036063,0.09889893978834152,0.9980158805847168,0.9173338413238525
YJL008C,YPL152W,0,-2.8061082,0.09888921678066254,0.9980158805847168,0.9174339175224304
YBR278W,YLR299W,0,-2.8079882,0.09887949377298355,0.9980158805847168,0.9175340533256531
YDR238C,YCR079W,0,-2.8082252,0.09886977821588516,0.9980158805847168,0.917634129524231
YNL196C,YMR184W,0,-2.8097048,0.09886006265878677,0.9980158805847168,0.9177342057228088
YDL101C,YPR079W,0,-2.8104763,0.09885034710168839,0.9980158805847168,0.9178342819213867
YDR460W,YDR485C,0,-2.8136144,0.0988406389951706,0.9980158805847168,0.9179343581199646
YFR014C,YER155C,0,-2.8180158,0.0988309234380722,0.9980158805847168,0.9180344343185425
YNL126W,YPL176C,0,-2.818555,0.09882121533155441,0.9980158805847168,0.9181345105171204
YHR135C,YNR047W,0,-2.8188524,0.09881151467561722,0.9980158805847168,0.9182345867156982
YMR020W,YJL041W,0,-2.8195887,0.09880180656909943,0.9980158805847168,0.9183346629142761
YML091C,YDR117C,1,-2.8201041,0.09889030456542969,0.9990079402923584,0.9183346629142761
YPL135W,YKR029C,0,-2.8207798,0.0988805964589119,0.9990079402923584,0.918434739112854
YDR503C,YGL012W,0,-2.822821,0.0988708883523941,0.9990079402923584,0.9185348153114319
YNR076W,YAL062W,0,-2.826366,0.09886118024587631,0.9990079402923584,0.9186348915100098
YPL152W,YDR383C,0,-2.8264866,0.09885147958993912,0.9990079402923584,0.9187349677085876
YGR262C,YNL311C,0,-2.827063,0.09884177148342133,0.9990079402923584,0.9188350439071655
YLL003W,YDR486C,0,-2.827126,0.09883207082748413,0.9990079402923584,0.9189351201057434
YKR103W,YJL059W,0,-2.8272605,0.09882237762212753,0.9990079402923584,0.9190352559089661
YER175C,YHR168W,0,-2.8289275,0.09881267696619034,0.9990079402923584,0.919135332107544
YOR076C,YNL059C,0,-2.83078,0.09880298376083374,0.9990079402923584,0.9192354083061218
YPL042C,YPL152W,0,-2.8316405,0.09879329055547714,0.9990079402923584,0.9193354845046997
YJL081C,YGL206C,0,-2.8325822,0.09878359735012054,0.9990079402923584,0.9194355607032776
YPL013C,YJL099W,0,-2.8326275,0.09877391159534454,0.9990079402923584,0.9195356369018555
YMR059W,YNL304W,0,-2.833778,0.09876421838998795,0.9990079402923584,0.9196357131004333
YMR276W,YNL242W,0,-2.8343363,0.09875453263521194,0.9990079402923584,0.9197357892990112
YPR061C,YHR165C,0,-2.8361819,0.09874485433101654,0.9990079402923584,0.9198358654975891
YBR265W,YLR299W,0,-2.8366725,0.09873516857624054,0.9990079402923584,0.919935941696167
YMR033W,YJL099W,0,-2.8386812,0.09872549027204514,0.9990079402923584,0.9200360178947449
YLR442C,YOR362C,0,-2.838715,0.09871581196784973,0.9990079402923584,0.9201360940933228
YPR047W,YKL015W,0,-2.8396902,0.09870613366365433,0.9990079402923584,0.9202361702919006
YHR164C,YGR136W,0,-2.8397722,0.09869646281003952,0.9990079402923584,0.9203362464904785
YKL089W,YLR208W,0,-2.8404045,0.09868679195642471,0.9990079402923584,0.9204363226890564
YIL049W,YIL107C,0,-2.8417578,0.0986771211028099,0.9990079402923584,0.920536458492279
YNL008C,YNR041C,0,-2.8419652,0.0986674502491951,0.9990079402923584,0.9206365346908569
YDL093W,YJL102W,0,-2.842124,0.09865778684616089,0.9990079402923584,0.9207366108894348
YJL094C,YGL192W,0,-2.8423052,0.09864811599254608,0.9990079402923584,0.9208366870880127
YNL309W,YGR074W,0,-2.8431845,0.09863845258951187,0.9990079402923584,0.9209367632865906
YLR453C,YLR336C,0,-2.844135,0.09862879663705826,0.9990079402923584,0.9210368394851685
YLR035C,YDR303C,0,-2.844215,0.09861913323402405,0.9990079402923584,0.9211369156837463
YBR278W,YPL003W,0,-2.8448691,0.09860947728157043,0.9990079402923584,0.9212369918823242
YPR032W,YDR225W,0,-2.8450255,0.09859982132911682,0.9990079402923584,0.9213370680809021
YJL123C,YGL228W,0,-2.8453732,0.0985901728272438,0.9990079402923584,0.92143714427948
YDR524C,YNL127W,0,-2.845636,0.09858051687479019,0.9990079402923584,0.9215372204780579
YJL204C,YCR105W,0,-2.8464842,0.09857086837291718,0.9990079402923584,0.9216372966766357
YLR052W,YBR105C,0,-2.8472924,0.09856121987104416,0.9990079402923584,0.9217373728752136
YHR086W,YHL025W,0,-2.8483472,0.09855157881975174,0.9990079402923584,0.9218374490737915
YDR414C,YPR095C,0,-2.848349,0.09854193031787872,0.9990079402923584,0.9219375252723694
YDR470C,YKL018W,0,-2.8497815,0.0985322892665863,0.9990079402923584,0.9220376014709473
YDR201W,YBR186W,0,-2.8508239,0.09852264821529388,0.9990079402923584,0.9221377372741699
YNL279W,YPL081W,0,-2.8522668,0.09851301461458206,0.9990079402923584,0.9222378134727478
YDR479C,YNL049C,0,-2.853654,0.09850337356328964,0.9990079402923584,0.9223378896713257
YCR106W,YDR034C,0,-2.8560567,0.09849373996257782,0.9990079402923584,0.9224379658699036
YOR188W,YMR276W,0,-2.8581219,0.098484106361866,0.9990079402923584,0.9225380420684814
YEL012W,YDR524C,0,-2.860858,0.09847448021173477,0.9990079402923584,0.9226381182670593
YDR478W,YNR056C,0,-2.8609,0.09846484661102295,0.9990079402923584,0.9227381944656372
YHR028C,YDL132W,0,-2.8614144,0.09845522046089172,0.9990079402923584,0.9228382706642151
YDL089W,YKL012W,0,-2.8620543,0.0984455943107605,0.9990079402923584,0.922938346862793
YDR214W,YNL090W,0,-2.8623424,0.09843597561120987,0.9990079402923584,0.9230384230613708
YPL036W,YFL041W,0,-2.8650475,0.09842634946107864,0.9990079402923584,0.9231384992599487
YMR020W,YJL140W,0,-2.8657296,0.09841673076152802,0.9990079402923584,0.9232385754585266
YCR009C,YJL099W,0,-2.8662353,0.09840711206197739,0.9990079402923584,0.9233386516571045
YGL236C,YOR177C,0,-2.8665185,0.09839750081300735,0.9990079402923584,0.9234387278556824
YBR114W,YLR390W-A,0,-2.867223,0.09838788211345673,0.9990079402923584,0.9235388040542603
YPR032W,YPL059W,0,-2.8677242,0.0983782708644867,0.9990079402923584,0.9236389398574829
YBR276C,YPR006C,0,-2.868307,0.09836865961551666,0.9990079402923584,0.9237390160560608
YML115C,YML068W,0,-2.8690267,0.09835905581712723,0.9990079402923584,0.9238390922546387
YMR289W,YPR045C,0,-2.8701196,0.0983494445681572,0.9990079402923584,0.9239391684532166
YDR076W,YFR015C,0,-2.8713653,0.09833984076976776,0.9990079402923584,0.9240392446517944
YML118W,YAL021C,0,-2.8719373,0.09833024442195892,0.9990079402923584,0.9241393208503723
YNR056C,YNL236W,0,-2.8720567,0.09832064062356949,0.9990079402923584,0.9242393970489502
YJL108C,YLR336C,0,-2.8721023,0.09831104427576065,0.9990079402923584,0.9243394732475281
YER096W,YHR074W,0,-2.8727856,0.09830144792795181,0.9990079402923584,0.924439549446106
YDL165W,YOL090W,0,-2.8733745,0.09829185158014297,0.9990079402923584,0.9245396256446838
YMR068W,YOR320C,0,-2.8746557,0.09828225523233414,0.9990079402923584,0.9246397018432617
YDL215C,YGR049W,0,-2.8747847,0.0982726663351059,0.9990079402923584,0.9247397780418396
YHR129C,YCL061C,0,-2.8750954,0.09826307743787766,0.9990079402923584,0.9248398542404175
YBR024W,YNL279W,0,-2.8755674,0.09825348854064941,0.9990079402923584,0.9249399304389954
YDL135C,YGR043C,0,-2.8758266,0.09824389964342117,0.9990079402923584,0.9250400066375732
YDR486C,YBR105C,0,-2.8759727,0.09823431819677353,0.9990079402923584,0.9251400828361511
YDR371W,YOR026W,0,-2.876156,0.09822473675012589,0.9990079402923584,0.9252402186393738
YGL093W,YIL023C,0,-2.8777633,0.09821515530347824,0.9990079402923584,0.9253402948379517
YPL283C,YLR258W,0,-2.8779893,0.0982055813074112,0.9990079402923584,0.9254403710365295
YDL089W,YBR065C,0,-2.878054,0.09819599986076355,0.9990079402923584,0.9255404472351074
YMR266W,YNL090W,0,-2.8801699,0.0981864258646965,0.9990079402923584,0.9256405234336853
YFR038W,YLR079W,0,-2.8814678,0.09817685186862946,0.9990079402923584,0.9257405996322632
YOR076C,YPR052C,0,-2.8815455,0.098167285323143,0.9990079402923584,0.9258406758308411
YBR276C,YER021W,0,-2.882887,0.09815771877765656,0.9990079402923584,0.925940752029419
YIL046W,YKL046C,0,-2.8831363,0.09814814478158951,0.9990079402923584,0.9260408282279968
YDR022C,YDL179W,0,-2.8834763,0.09813858568668365,0.9990079402923584,0.9261409044265747
YBR084W,YHR047C,0,-2.8849945,0.0981290191411972,0.9990079402923584,0.9262409806251526
YLR292C,YOR255W,0,-2.8854694,0.09811946004629135,0.9990079402923584,0.9263410568237305
YGL179C,YLR079W,0,-2.886394,0.0981099009513855,0.9990079402923584,0.9264411330223083
YOL016C,YNL001W,0,-2.8866665,0.09810034185647964,0.9990079402923584,0.9265412092208862
YNL127W,YLR378C,0,-2.8890648,0.09809078276157379,0.9990079402923584,0.9266412854194641
YOL013C,YGL258W,0,-2.889904,0.09808123111724854,0.9990079402923584,0.9267414212226868
YGR184C,YIL135C,0,-2.8913085,0.09807167947292328,0.9990079402923584,0.9268414974212646
YER072W,YPL222W,0,-2.8925335,0.09806212782859802,0.9990079402923584,0.9269415736198425
YPL013C,YPL135W,0,-2.8954659,0.09805258363485336,0.9990079402923584,0.9270416498184204
YJL155C,YPL259C,0,-2.8970003,0.0980430319905281,0.9990079402923584,0.9271417260169983
YLL003W,YLR148W,0,-2.8983455,0.09803348779678345,0.9990079402923584,0.9272418022155762
YOL156W,YDL165W,0,-2.8991487,0.09802394360303879,0.9990079402923584,0.927341878414154
YER096W,YER029C,0,-2.8999162,0.09801440685987473,0.9990079402923584,0.9274419546127319
YPL258C,YOL032W,0,-2.9002213,0.09800486266613007,0.9990079402923584,0.9275420308113098
YDL171C,YDL245C,0,-2.9017768,0.097995325922966,0.9990079402923584,0.9276421070098877
YPR189W,YDR460W,0,-2.9022083,0.09798579663038254,0.9990079402923584,0.9277421832084656
YJR110W,YGL225W,0,-2.9027612,0.09797625988721848,0.9990079402923584,0.9278422594070435
YEL019C,YER061C,0,-2.9033024,0.09796673059463501,0.9990079402923584,0.9279423356056213
YGR134W,YGR238C,0,-2.904027,0.09795720130205154,0.9990079402923584,0.9280424118041992
YLR168C,YGR238C,0,-2.9053726,0.09794767200946808,0.9990079402923584,0.9281424880027771
YOL135C,YPL194W,0,-2.906983,0.09793814271688461,0.9990079402923584,0.9282426238059998
YIL159W,YHR178W,0,-2.907196,0.09792862087488174,0.9990079402923584,0.9283427000045776
YMR288W,YCL024W,0,-2.9073067,0.09791909903287888,0.9990079402923584,0.9284427762031555
YDL072C,YKL209C,0,-2.9073722,0.09790957719087601,0.9990079402923584,0.9285428524017334
YDR080W,YDR315C,0,-2.9086123,0.09790005534887314,0.9990079402923584,0.9286429286003113
YLL049W,YNL127W,0,-2.9107327,0.09789054095745087,0.9990079402923584,0.9287430047988892
YBR017C,YKL046C,0,-2.9110332,0.0978810265660286,0.9990079402923584,0.928843080997467
YPR192W,YJR160C,0,-2.9113698,0.09787151217460632,0.9990079402923584,0.9289431571960449
YKL057C,YIL023C,0,-2.9117794,0.09786200523376465,0.9990079402923584,0.9290432333946228
YLR398C,YGL254W,0,-2.911903,0.09785249084234238,0.9990079402923584,0.9291433095932007
YOR148C,YJL129C,0,-2.9120226,0.0978429839015007,0.9990079402923584,0.9292433857917786
YDR205W,YMR199W,0,-2.913622,0.09783347696065903,0.9990079402923584,0.9293434619903564
YBL033C,YBR294W,0,-2.9136748,0.09782397747039795,0.9990079402923584,0.9294435381889343
YGL066W,YNL304W,0,-2.9140449,0.09781447052955627,0.9990079402923584,0.9295436143875122
YKL034W,YCR040W,0,-2.9141722,0.0978049710392952,0.9990079402923584,0.9296436905860901
YOR209C,YJL221C,0,-2.914176,0.09779547154903412,0.9990079402923584,0.929743766784668
YFR019W,YBR231C,0,-2.9153085,0.09778597950935364,0.9990079402923584,0.9298439025878906
YDR536W,YKL176C,0,-2.915604,0.09777648001909256,0.9990079402923584,0.9299439787864685
YHR076W,YJL059W,0,-2.916798,0.09776698797941208,0.9990079402923584,0.9300440549850464
YCR048W,YER100W,0,-2.9170592,0.0977574959397316,0.9990079402923584,0.9301441311836243
YGR262C,YFL013C,0,-2.9203808,0.09774801135063171,0.9990079402923584,0.9302442073822021
YBR098W,YKR029C,0,-2.921341,0.09773851931095123,0.9990079402923584,0.93034428358078
YOL004W,YGR113W,0,-2.9221106,0.09772903472185135,0.9990079402923584,0.9304443597793579
YCR027C,YJL056C,0,-2.9228287,0.09771955013275146,0.9990079402923584,0.9305444359779358
YBR280C,YDR009W,0,-2.9236317,0.09771007299423218,0.9990079402923584,0.9306445121765137
YDR166C,YKL020C,0,-2.9236586,0.0977005884051323,0.9990079402923584,0.9307445883750916
YLR353W,YOR237W,0,-2.9250984,0.097691111266613,0.9990079402923584,0.9308446645736694
YEL063C,YGL158W,0,-2.925212,0.09768163412809372,0.9990079402923584,0.9309447407722473
YJL110C,YIR009W,0,-2.9266238,0.09767216444015503,0.9990079402923584,0.9310448169708252
YGL131C,YML015C,0,-2.926666,0.09766268730163574,0.9990079402923584,0.9311448931694031
YER046W,YBR073W,0,-2.9281235,0.09765321761369705,0.9990079402923584,0.931244969367981
YEL059C-A,YJL172W,0,-2.9291487,0.09764374792575836,0.9990079402923584,0.9313451051712036
YOR148C,YGL216W,0,-2.9301176,0.09763428568840027,0.9990079402923584,0.9314451813697815
YPL219W,YOR026W,0,-2.9303403,0.09762481600046158,0.9990079402923584,0.9315452575683594
YPR112C,YDR033W,0,-2.9303966,0.09761535376310349,0.9990079402923584,0.9316453337669373
YLR168C,YNL161W,0,-2.9307618,0.09760589152574539,0.9990079402923584,0.9317454099655151
YOR058C,YIL066C,0,-2.9310727,0.0975964367389679,0.9990079402923584,0.931845486164093
YLR035C,YDR536W,0,-2.9332824,0.0975869745016098,0.9990079402923584,0.9319455623626709
YBR098W,YNL055C,0,-2.9348798,0.0975775197148323,0.9990079402923584,0.9320456385612488
YDR478W,YCR005C,0,-2.9352372,0.09756806492805481,0.9990079402923584,0.9321457147598267
YLR090W,YOR337W,0,-2.9355252,0.09755861014127731,0.9990079402923584,0.9322457909584045
YDR295C,YGL228W,0,-2.9372888,0.09754916280508041,0.9990079402923584,0.9323458671569824
YIL049W,YMR129W,0,-2.9386072,0.09753971546888351,0.9990079402923584,0.9324459433555603
YIL149C,YOR025W,0,-2.9395347,0.09753026813268661,0.9990079402923584,0.9325460195541382
YOR362C,YDR389W,0,-2.939929,0.09752082079648972,0.9990079402923584,0.9326460957527161
YOL156W,YKR058W,0,-2.9400425,0.09751138091087341,0.9990079402923584,0.932746171951294
YGR070W,YLL003W,0,-2.9401023,0.09750193357467651,0.9990079402923584,0.9328462481498718
YGR194C,YIL044C,0,-2.9409275,0.09749249368906021,0.9990079402923584,0.9329463839530945
YLR034C,YDR400W,0,-2.9413667,0.0974830612540245,0.9990079402923584,0.9330464601516724
YKL120W,YAL021C,0,-2.942565,0.0974736213684082,0.9990079402923584,0.9331465363502502
YNL009W,YCR017C,0,-2.9435506,0.0974641889333725,0.9990079402923584,0.9332466125488281
YFR031C,YLR328W,0,-2.9442554,0.09745475649833679,0.9990079402923584,0.933346688747406
YDR259C,YGR249W,0,-2.9459424,0.09744532406330109,0.9990079402923584,0.9334467649459839
YPL042C,YML076C,0,-2.9483352,0.09743589907884598,0.9990079402923584,0.9335468411445618
YMR061W,YJL081C,0,-2.953594,0.09742647409439087,0.9990079402923584,0.9336469173431396
YFR031C,YIL062C,0,-2.9542341,0.09741704910993576,0.9990079402923584,0.9337469935417175
YIL115C,YOL005C,0,-2.954236,0.09740762412548065,0.9990079402923584,0.9338470697402954
YDL135C,YML043C,0,-2.957928,0.09739819914102554,0.9990079402923584,0.9339471459388733
YEL019C,YLR350W,0,-2.9590755,0.09738878160715103,0.9990079402923584,0.9340472221374512
YGL066W,YOR177C,0,-2.9601188,0.09737936407327652,0.9990079402923584,0.934147298336029
YPL148C,YHR155W,0,-2.9601567,0.09736994653940201,0.9990079402923584,0.9342473745346069
YNL005C,YPL190C,0,-2.9608636,0.0973605364561081,0.9990079402923584,0.9343474507331848
YGR184C,YPL270W,0,-2.9623992,0.09735111892223358,0.9990079402923584,0.9344475865364075
YKR025W,YMR137C,0,-2.9632523,0.09734170883893967,0.9990079402923584,0.9345476627349854
YDR200C,YAL053W,0,-2.963553,0.09733229875564575,0.9990079402923584,0.9346477389335632
YAL043C,YPL040C,0,-2.9643998,0.09732289612293243,0.9990079402923584,0.9347478151321411
YHR028C,YBR131W,0,-2.9647245,0.09731349349021912,0.9990079402923584,0.934847891330719
YLR292C,YCR008W,0,-2.964822,0.0973040908575058,0.9990079402923584,0.9349479675292969
YNL169C,YNR072W,0,-2.96627,0.09729468822479248,0.9990079402923584,0.9350480437278748
YPL153C,YIL066C,0,-2.966969,0.09728528559207916,0.9990079402923584,0.9351481199264526
YBR278W,YLR258W,0,-2.9674044,0.09727589040994644,0.9990079402923584,0.9352481961250305
YDL017W,YPL153C,0,-2.9676058,0.09726649522781372,0.9990079402923584,0.9353482723236084
YPL152W,YKR034W,0,-2.96876,0.097257100045681,0.9990079402923584,0.9354483485221863
YCL018W,YHR101C,0,-2.9693353,0.09724770486354828,0.9990079402923584,0.9355484247207642
YGL216W,YLR039C,0,-2.9694023,0.09723831713199615,0.9990079402923584,0.935648500919342
YHR101C,YBL011W,0,-2.9699337,0.09722892940044403,0.9990079402923584,0.9357485771179199
YMR208W,YHR178W,0,-2.9703243,0.0972195416688919,0.9990079402923584,0.9358486533164978
YLR353W,YDL132W,0,-2.9717517,0.09721015393733978,0.9990079402923584,0.9359487295150757
YBR278W,YPL270W,0,-2.9719415,0.09720077365636826,0.9990079402923584,0.9360488653182983
YMR020W,YDL135C,0,-2.9720654,0.09719139337539673,0.9990079402923584,0.9361489415168762
YDL215C,YHR005C,0,-2.9720945,0.0971820130944252,0.9990079402923584,0.9362490177154541
YDL246C,YNR028W,0,-2.9721193,0.09717263281345367,0.9990079402923584,0.936349093914032
YPR192W,YNR026C,0,-2.978197,0.09716325998306274,0.9990079402923584,0.9364491701126099
YDR074W,YGL254W,0,-2.9782758,0.09715387970209122,0.9990079402923584,0.9365492463111877
YGL131C,YMR237W,0,-2.9784074,0.09714451432228088,0.9990079402923584,0.9366493225097656
YNR056C,YPL036W,0,-2.9785476,0.09713514149188995,0.9990079402923584,0.9367493987083435
YDR123C,YGR086C,0,-2.9786627,0.09712576866149902,0.9990079402923584,0.9368494749069214
YGL216W,YCL024W,0,-2.9792194,0.09711640328168869,0.9990079402923584,0.9369495511054993
YER096W,YJR013W,0,-2.9810646,0.09710703790187836,0.9990079402923584,0.9370496273040771
YDR238C,YMR163C,0,-2.9815872,0.09709767252206802,0.9990079402923584,0.937149703502655
YOR058C,YPR047W,0,-2.982244,0.09708831459283829,0.9990079402923584,0.9372497797012329
YMR052W,YDL185W,0,-2.9829426,0.09707895666360855,0.9990079402923584,0.9373498558998108
YNL177C,YDR389W,0,-2.983493,0.09706959873437881,0.9990079402923584,0.9374499320983887
YER100W,YJR001W,0,-2.9837189,0.09706024080514908,0.9990079402923584,0.9375500679016113
YDL117W,YGR262C,0,-2.985189,0.09705089032649994,0.9990079402923584,0.9376501441001892
YLR309C,YFL009W,0,-2.9856963,0.0970415323972702,0.9990079402923584,0.9377502202987671
YML038C,YDL245C,0,-2.9856973,0.09703218191862106,0.9990079402923584,0.937850296497345
YPL036W,YPL085W,0,-2.9864426,0.09702283143997192,0.9990079402923584,0.9379503726959229
YDR303C,YML076C,0,-2.9870746,0.09701348841190338,0.9990079402923584,0.9380504488945007
YKL012W,YLR359W,0,-2.9891253,0.09700414538383484,0.9990079402923584,0.9381505250930786
YIL065C,YIL171W,0,-2.989231,0.0969948023557663,0.9990079402923584,0.9382506012916565
YHR101C,YCR008W,0,-2.98939,0.09698545932769775,0.9990079402923584,0.9383506774902344
YGR239C,YLR117C,0,-2.9908497,0.09697611629962921,0.9990079402923584,0.9384507536888123
YPR189W,YER072W,0,-2.9915636,0.09696678072214127,0.9990079402923584,0.9385508298873901
YGR002C,YCL024W,0,-2.9928946,0.09695744514465332,0.9990079402923584,0.938650906085968
YOL034W,YMR289W,0,-2.9932768,0.09694810956716537,0.9990079402923584,0.9387509822845459
YJL038C,YNR020C,0,-2.9940753,0.09693877398967743,0.9990079402923584,0.9388510584831238
YER021W,YOR106W,0,-2.995366,0.09692944586277008,0.9990079402923584,0.9389511346817017
YDR463W,YHR026W,0,-2.9971101,0.09692011773586273,0.9990079402923584,0.9390512704849243
YNL315C,YNL196C,0,-2.9989386,0.09691078960895538,0.9990079402923584,0.9391513466835022
YMR323W,YBR172C,0,-2.9994469,0.09690146148204803,0.9990079402923584,0.9392514228820801
YDR200C,YDR227W,0,-2.9997845,0.09689214080572128,0.9990079402923584,0.939351499080658
YJL108C,YGL012W,0,-3.0028837,0.09688282012939453,0.9990079402923584,0.9394515752792358
YBR098W,YKR084C,0,-3.004332,0.09687349945306778,0.9990079402923584,0.9395516514778137
YBR278W,YEL019C,0,-3.0051112,0.09686417877674103,0.9990079402923584,0.9396517276763916
YER144C,YPR106W,0,-3.0051467,0.09685486555099487,0.9990079402923584,0.9397518038749695
YKR054C,YEL011W,0,-3.0056658,0.09684554487466812,0.9990079402923584,0.9398518800735474
YOR330C,YGR163W,0,-3.0080009,0.09683623164892197,0.9990079402923584,0.9399519562721252
YPL151C,YNR057C,0,-3.0092149,0.09682692587375641,0.9990079402923584,0.9400520324707031
YHR028C,YGL216W,0,-3.0095906,0.09681761264801025,0.9990079402923584,0.940152108669281
YMR068W,YOR311C,0,-3.0096598,0.0968083068728447,0.9990079402923584,0.9402521848678589
YPL161C,YOL044W,0,-3.0115767,0.09679900109767914,0.9990079402923584,0.9403522610664368
YLR240W,YIL065C,0,-3.011807,0.09678969532251358,0.9990079402923584,0.9404523372650146
YHL003C,YCL032W,0,-3.016014,0.09678039699792862,0.9990079402923584,0.9405524134635925
YLR188W,YDR217C,0,-3.01616,0.09677109122276306,0.9990079402923584,0.9406525492668152
YJL084C,YNL231C,0,-3.0177608,0.0967617928981781,0.9990079402923584,0.9407526254653931
YJL222W,YKR001C,0,-3.018011,0.09675249457359314,0.9990079402923584,0.940852701663971
YMR314W,YDR080W,0,-3.0180132,0.09674320369958878,0.9990079402923584,0.9409527778625488
YIL095W,YJR001W,0,-3.0183399,0.09673391282558441,0.9990079402923584,0.9410528540611267
YLR178C,YGL254W,0,-3.0184367,0.09672461450099945,0.9990079402923584,0.9411529302597046
YFL042C,YOR156C,0,-3.0196762,0.09671533107757568,0.9990079402923584,0.9412530064582825
YOR076C,YMR243C,0,-3.0207796,0.09670604020357132,0.9990079402923584,0.9413530826568604
YFR002W,YPR006C,0,-3.0216203,0.09669675678014755,0.9990079402923584,0.9414531588554382
YDR482C,YER059W,0,-3.0225654,0.09668747335672379,0.9990079402923584,0.9415532350540161
YCR106W,YAR042W,0,-3.0249352,0.09667818993330002,0.9990079402923584,0.941653311252594
YMR163C,YOL103W,0,-3.0265937,0.09666890650987625,0.9990079402923584,0.9417533874511719
YDR166C,YNL056W,0,-3.028186,0.09665963053703308,0.9990079402923584,0.9418534636497498
YKL057C,YOR159C,0,-3.029111,0.09665034711360931,0.9990079402923584,0.9419535398483276
YEL013W,YGL223C,0,-3.029498,0.09664107114076614,0.9990079402923584,0.9420536160469055
YHR086W,YNL126W,0,-3.030272,0.09663180261850357,0.9990079402923584,0.9421537518501282
YJL222W,YER144C,0,-3.0305688,0.0966225266456604,0.9990079402923584,0.942253828048706
YMR300C,YDR350C,0,-3.0332763,0.09661325812339783,0.9990079402923584,0.9423539042472839
YPL115C,YHL003C,0,-3.0334353,0.09660398960113525,0.9990079402923584,0.9424539804458618
YDR082W,YAR018C,0,-3.0345054,0.09659472107887268,0.9990079402923584,0.9425540566444397
YBL052C,YAL054C,0,-3.0352495,0.0965854600071907,0.9990079402923584,0.9426541328430176
YDL093W,YMR097C,0,-3.0357676,0.09657619893550873,0.9990079402923584,0.9427542090415955
YHL047C,YGL134W,0,-3.0363884,0.09656693786382675,0.9990079402923584,0.9428542852401733
YGL174W,YBR186W,0,-3.0368009,0.09655767679214478,0.9990079402923584,0.9429543614387512
YMR288W,YBR175W,0,-3.0369434,0.0965484157204628,0.9990079402923584,0.9430544376373291
YGR249W,YMR203W,0,-3.0379002,0.09653916209936142,0.9990079402923584,0.943154513835907
YKR071C,YPL222W,0,-3.0383706,0.09652990847826004,0.9990079402923584,0.9432545900344849
YCR017C,YGL186C,0,-3.039702,0.09652065485715866,0.9990079402923584,0.9433546662330627
YJL123C,YJL047C,0,-3.0406756,0.09651140868663788,0.9990079402923584,0.9434547424316406
YBR198C,YAL062W,0,-3.041409,0.0965021550655365,0.9990079402923584,0.9435548186302185
YER024W,YGR024C,0,-3.0439672,0.09649290889501572,0.9990079402923584,0.9436548948287964
YBL011W,YGL192W,0,-3.0478992,0.09648366272449493,0.9990079402923584,0.943755030632019
YPL179W,YNL218W,0,-3.048852,0.09647442400455475,0.9990079402923584,0.9438551068305969
YLR265C,YPL115C,0,-3.052071,0.09646517783403397,0.9990079402923584,0.9439551830291748
YAL039C,YPL152W,0,-3.0533023,0.09645593911409378,0.9990079402923584,0.9440552592277527
YDL098C,YOR035C,0,-3.053838,0.0964467003941536,0.9990079402923584,0.9441553354263306
YGL066W,YMR113W,0,-3.0565443,0.09643746167421341,0.9990079402923584,0.9442554116249084
YOR058C,YJR001W,0,-3.0573335,0.09642823040485382,0.9990079402923584,0.9443554878234863
YDR082W,YNL056W,0,-3.0625377,0.09641899913549423,0.9990079402923584,0.9444555640220642
YMR056C,YPL042C,0,-3.0628376,0.09640976786613464,0.9990079402923584,0.9445556402206421
YHR135C,YDL089W,0,-3.0640779,0.09640053659677505,0.9990079402923584,0.94465571641922
YJL059W,YHR067W,0,-3.0648975,0.09639130532741547,0.9990079402923584,0.9447557926177979
YLL052C,YJR110W,0,-3.065457,0.09638208150863647,0.9990079402923584,0.9448558688163757
YGL134W,YGR239C,0,-3.0656657,0.09637285768985748,0.9990079402923584,0.9449559450149536
YBR098W,YGL250W,0,-3.0657964,0.09636363387107849,0.9990079402923584,0.9450560212135315
YLR411W,YJR001W,0,-3.0658174,0.0963544175028801,0.9990079402923584,0.9451560974121094
YDR123C,YML112W,0,-3.065967,0.0963451936841011,0.9990079402923584,0.945256233215332
YJL059W,YJL116C,0,-3.0661418,0.09633597731590271,0.9990079402923584,0.9453563094139099
YKR091W,YPL190C,0,-3.06671,0.09632676839828491,0.9990079402923584,0.9454563856124878
YPL244C,YML076C,0,-3.0669937,0.09631755203008652,0.9990079402923584,0.9455564618110657
YNL271C,YGL012W,0,-3.0688307,0.09630834311246872,0.9990079402923584,0.9456565380096436
YNL323W,YJL172W,0,-3.0689974,0.09629912674427032,0.9990079402923584,0.9457566142082214
YPR032W,YCL024W,0,-3.0712957,0.09628992527723312,0.9990079402923584,0.9458566904067993
YBR301W,YIL023C,0,-3.0726957,0.09628071635961533,0.9990079402923584,0.9459567666053772
YOR393W,YNR026C,0,-3.0753627,0.09627150744199753,0.9990079402923584,0.9460568428039551
YGR271W,YDL133C-A,1,-3.0773528,0.09635790437459946,1.0,0.9460568428039551
YKL126W,YDR389W,0,-3.08044,0.09634868800640106,1.0,0.946156919002533
YKL046C,YBR065C,0,-3.0805452,0.09633947908878326,1.0,0.9462569952011108
YNL078W,YKL126W,0,-3.080841,0.09633027762174606,1.0,0.9463570713996887
YJL084C,YKL145W,0,-3.081575,0.09632106870412827,1.0,0.9464571475982666
YOR381W,YJL099W,0,-3.0817094,0.09631186723709106,1.0,0.9465572237968445
YAL021C,YNL271C,0,-3.0820765,0.09630266577005386,1.0,0.9466572999954224
YLR403W,YGL250W,0,-3.0841231,0.09629346430301666,1.0,0.9467573761940002
YLR220W,YDL101C,0,-3.085051,0.09628427028656006,1.0,0.9468575119972229
YGL156W,YNL323W,0,-3.08629,0.09627506881952286,1.0,0.9469575881958008
YOR216C,YGR113W,0,-3.0875878,0.09626587480306625,1.0,0.9470576643943787
YGR014W,YOR177C,0,-3.0878346,0.09625668078660965,1.0,0.9471577405929565
YNL008C,YOR016C,0,-3.0882688,0.09624749422073364,1.0,0.9472578167915344
YOR299W,YMR163C,0,-3.0888588,0.09623830765485764,1.0,0.9473578929901123
YPL092W,YOR156C,0,-3.0892339,0.09622911363840103,1.0,0.9474579691886902
YKR104W,YKL176C,0,-3.0895438,0.09621993452310562,1.0,0.9475580453872681
YER100W,YMR293C,0,-3.0914378,0.09621074795722961,1.0,0.947658121585846
YIL171W,YOR177C,0,-3.0925908,0.0962015688419342,1.0,0.9477581977844238
YMR186W,YPL213W,0,-3.093509,0.0961923822760582,1.0,0.9478582739830017
YPR189W,YJL091C,0,-3.0936687,0.09618320316076279,1.0,0.9479583501815796
YFR008W,YLR361C,0,-3.0945272,0.09617403149604797,1.0,0.9480584263801575
YEL063C,YLR102C,0,-3.0963638,0.09616485238075256,1.0,0.9481585025787354
YMR189W,YOR060C,0,-3.0970695,0.09615568071603775,1.0,0.9482585787773132
YAL039C,YKL020C,0,-3.0972443,0.09614650905132294,1.0,0.9483587145805359
YJL146W,YOR156C,0,-3.0976498,0.09613733738660812,1.0,0.9484587907791138
YCL061C,YPL059W,0,-3.0980163,0.09612817317247391,1.0,0.9485588669776917
YAR014C,YGL254W,0,-3.098718,0.0961190015077591,1.0,0.9486589431762695
YHR147C,YNL245C,0,-3.09933,0.09610983729362488,1.0,0.9487590193748474
YMR088C,YOR106W,0,-3.1009598,0.09610068053007126,1.0,0.9488590955734253
YFL042C,YCR044C,0,-3.1026645,0.09609151631593704,1.0,0.9489591717720032
YBR098W,YOL135C,0,-3.1028678,0.09608235955238342,1.0,0.949059247970581
YKL124W,YHL031C,0,-3.1033885,0.0960731953382492,1.0,0.9491593241691589
YBR006W,YLR208W,0,-3.1053572,0.09606404602527618,1.0,0.9492594003677368
YMR154C,YMR174C,0,-3.1062346,0.09605488926172256,1.0,0.9493594765663147
YIR002C,YCR079W,0,-3.1070461,0.09604573249816895,1.0,0.9494595527648926
YLR220W,YJL140W,0,-3.1078076,0.09603658318519592,1.0,0.9495596289634705
YPL270W,YAL013W,0,-3.1083097,0.0960274338722229,1.0,0.9496597051620483
YHL047C,YOL126C,0,-3.109603,0.09601829200983047,1.0,0.9497597813606262
YMR237W,YGL173C,0,-3.109686,0.09600914269685745,1.0,0.9498599171638489
YDR503C,YPL130W,0,-3.1102142,0.09600000083446503,1.0,0.9499599933624268
YGL033W,YBR278W,0,-3.110369,0.0959908589720726,1.0,0.9500600695610046
YPR189W,YPR191W,0,-3.1104045,0.09598171710968018,1.0,0.9501601457595825
YGL174W,YJL110C,0,-3.1111135,0.09597258269786835,1.0,0.9502602219581604
YPL164C,YER099C,0,-3.111536,0.09596344083547592,1.0,0.9503602981567383
YLR265C,YDR436W,0,-3.1118457,0.09595430642366409,1.0,0.9504603743553162
YBR059C,YBR240C,0,-3.1131294,0.09594517201185226,1.0,0.950560450553894
YLR375W,YPR079W,0,-3.114654,0.09593604505062103,1.0,0.9506605267524719
YDR227W,YLR298C,0,-3.115251,0.0959269106388092,1.0,0.9507606029510498
YDL117W,YPL065W,0,-3.11529,0.09591778367757797,1.0,0.9508606791496277
YCL058C,YDR330W,0,-3.1167336,0.09590865671634674,1.0,0.9509607553482056
YLR299W,YMR004W,0,-3.1211333,0.0958995372056961,1.0,0.9510608315467834
YKL164C,YDR350C,0,-3.121646,0.09589041024446487,1.0,0.9511609077453613
YMR052W,YNL245C,0,-3.121791,0.09588129073381424,1.0,0.9512609839439392
YBR073W,YKR025W,0,-3.122085,0.0958721712231636,1.0,0.9513610601425171
YLR034C,YLR168C,0,-3.1247878,0.09586305171251297,1.0,0.9514611959457397
YMR212C,YAL021C,0,-3.125318,0.09585393965244293,1.0,0.9515612721443176
YPL258C,YPL259C,0,-3.1256583,0.0958448201417923,1.0,0.9516613483428955
YPL148C,YKR029C,0,-3.1274252,0.09583570808172226,1.0,0.9517614245414734
YGL263W,YOR177C,0,-3.1281767,0.09582659602165222,1.0,0.9518615007400513
YLR240W,YPR193C,0,-3.128226,0.09581749141216278,1.0,0.9519615769386292
YOR123C,YDR389W,0,-3.1287966,0.09580838680267334,1.0,0.952061653137207
YEL013W,YMR033W,0,-3.1300833,0.0957992747426033,1.0,0.9521617293357849
YPL153C,YGL173C,0,-3.1309705,0.09579017758369446,1.0,0.9522618055343628
YER096W,YDR407C,0,-3.1318119,0.09578107297420502,1.0,0.9523618817329407
YOL016C,YOR311C,0,-3.1330981,0.09577196836471558,1.0,0.9524619579315186
YDL207W,YOL013C,0,-3.1332252,0.09576287120580673,1.0,0.9525620341300964
YML062C,YBR175W,0,-3.134294,0.09575377404689789,1.0,0.9526621103286743
YPL128C,YLR102C,0,-3.1361575,0.09574468433856964,1.0,0.9527621865272522
YLR090W,YBR065C,0,-3.1364264,0.0957355871796608,1.0,0.9528622627258301
YDR470C,YBL051C,0,-3.136705,0.09572649747133255,1.0,0.9529623985290527
YER124C,YNL271C,0,-3.1373305,0.0957174077630043,1.0,0.9530624747276306
YLL003W,YNL102W,0,-3.1385376,0.09570831805467606,1.0,0.9531625509262085
YER144C,YOR193W,0,-3.1401515,0.09569922834634781,1.0,0.9532626271247864
YOL004W,YCL032W,0,-3.1423087,0.09569014608860016,1.0,0.9533627033233643
YML004C,YER153C,0,-3.144607,0.09568106383085251,1.0,0.9534627795219421
YBR294W,YBR136W,0,-3.1449728,0.09567198157310486,1.0,0.95356285572052
YGL131C,YGR189C,0,-3.145278,0.09566289931535721,1.0,0.9536629319190979
YNL279W,YKL007W,0,-3.146474,0.09565382450819016,1.0,0.9537630081176758
YLR453C,YIL048W,0,-3.1466174,0.0956447497010231,1.0,0.9538630843162537
YPL082C,YPL059W,0,-3.1477327,0.09563567489385605,1.0,0.9539631605148315
YER059W,YLR404W,0,-3.148916,0.095626600086689,1.0,0.9540632367134094
YPL116W,YPR006C,0,-3.1499643,0.09561753273010254,1.0,0.9541633129119873
YLR115W,YKR014C,0,-3.1500962,0.09560845792293549,1.0,0.9542633891105652
YER024W,YAL013W,0,-3.1505315,0.09559939056634903,1.0,0.9543634653091431
YDR414C,YDR113C,0,-3.1521204,0.09559033066034317,1.0,0.954463541507721
YFL042C,YAL022C,0,-3.1543806,0.09558126330375671,1.0,0.9545636773109436
YNL127W,YPL128C,0,-3.154733,0.09557220339775085,1.0,0.9546637535095215
YDR436W,YLR115W,0,-3.157809,0.095563143491745,1.0,0.9547638297080994
YGL093W,YKR089C,0,-3.1599379,0.09555408358573914,1.0,0.9548639059066772
YHR047C,YNR041C,0,-3.1609526,0.09554502367973328,1.0,0.9549639821052551
YJL020C,YGR074W,0,-3.1611817,0.09553597122430801,1.0,0.955064058303833
YHR090C,YPL244C,0,-3.1629443,0.09552691131830215,1.0,0.9551641345024109
YKL124W,YDL195W,0,-3.1630726,0.09551785886287689,1.0,0.9552642107009888
YEL044W,YGL250W,0,-3.1634521,0.09550881385803223,1.0,0.9553642868995667
YEL001C,YBR294W,0,-3.1635704,0.09549976140260696,1.0,0.9554643630981445
YIL065C,YIL002C,0,-3.1647658,0.0954907163977623,1.0,0.9555644392967224
YPL244C,YBR294W,0,-3.1667223,0.09548167139291763,1.0,0.9556645154953003
YER099C,YHR067W,0,-3.1694856,0.09547262638807297,1.0,0.9557645916938782
YDR017C,YGR199W,0,-3.1712997,0.0954635888338089,1.0,0.955864667892456
YGR134W,YDR082W,0,-3.172709,0.09545454382896423,1.0,0.9559647440910339
YER058W,YPR042C,0,-3.1731348,0.09544550627470016,1.0,0.9560648798942566
YCR077C,YGR249W,0,-3.1736836,0.0954364687204361,1.0,0.9561649560928345
YDR463W,YDR113C,0,-3.1785696,0.09542743861675262,1.0,0.9562650322914124
YGL228W,YEL019C,0,-3.1820936,0.09541840106248856,1.0,0.9563651084899902
YBR065C,YBR114W,0,-3.1824017,0.09540937095880508,1.0,0.9564651846885681
YPR122W,YDR280W,0,-3.183679,0.09540034085512161,1.0,0.956565260887146
YPR113W,YOL105C,0,-3.1851149,0.09539131075143814,1.0,0.9566653370857239
YCR008W,YER155C,0,-3.1899056,0.09538228809833527,1.0,0.9567654132843018
YER144C,YNL053W,0,-3.1901064,0.0953732579946518,1.0,0.9568654894828796
YEL069C,YJL209W,0,-3.1912158,0.09536423534154892,1.0,0.9569655656814575
YKL008C,YOR025W,0,-3.1913104,0.09535522013902664,1.0,0.9570656418800354
YGL093W,YLR102C,0,-3.1917424,0.09534619748592377,1.0,0.9571657180786133
YPL194W,YNL304W,0,-3.192173,0.09533718228340149,1.0,0.9572657942771912
YML028W,YDR082W,0,-3.1929197,0.09532816708087921,1.0,0.957365870475769
YHL035C,YMR005W,0,-3.1951857,0.09531915187835693,1.0,0.9574659466743469
YER072W,YBR294W,0,-3.1953669,0.09531013667583466,1.0,0.9575660824775696
YEL069C,YGR049W,0,-3.1973743,0.09530112147331238,1.0,0.9576661586761475
YDL105W,YJR160C,0,-3.1975965,0.0952921137213707,1.0,0.9577662348747253
YPL255W,YCR068W,0,-3.1989994,0.09528310596942902,1.0,0.9578663110733032
YDR436W,YBL105C,0,-3.1993418,0.09527410566806793,1.0,0.9579663872718811
YEL069C,YGR121C,0,-3.2023265,0.09526509791612625,1.0,0.958066463470459
YBL058W,YPR072W,0,-3.2031345,0.09525609761476517,1.0,0.9581665396690369
YGL032C,YGR238C,0,-3.2034311,0.09524709731340408,1.0,0.9582666158676147
YKR089C,YLL012W,0,-3.203639,0.095238097012043,1.0,0.9583666920661926
YOR156C,YML068W,0,-3.208705,0.09522909671068192,1.0,0.9584667682647705
YOR336W,YKL012W,0,-3.209748,0.09522010385990143,1.0,0.9585668444633484
YOL004W,YDL245C,0,-3.2106838,0.09521111100912094,1.0,0.9586669206619263
YAL021C,YKR089C,0,-3.2109218,0.09520211815834045,1.0,0.9587669968605042
YBR114W,YOR157C,0,-3.2124066,0.09519312530755997,1.0,0.958867073059082
YHL031C,YPL164C,0,-3.2124774,0.09518413245677948,1.0,0.9589671492576599
YMR302C,YJL008C,0,-3.2141862,0.09517514705657959,1.0,0.9590672254562378
YFL042C,YJL065C,0,-3.2167544,0.0951661616563797,1.0,0.9591673612594604
YDR113C,YER096W,0,-3.2169695,0.09515717625617981,1.0,0.9592674374580383
YBL102W,YDR066C,0,-3.2188663,0.09514819830656052,1.0,0.9593675136566162
YER124C,YDR238C,0,-3.2199302,0.09513921290636063,1.0,0.9594675898551941
YHR155W,YLR284C,0,-3.2208166,0.09513023495674133,1.0,0.959567666053772
YMR243C,YPR106W,0,-3.2216134,0.09512126445770264,1.0,0.9596677422523499
YDL113C,YKL176C,0,-3.222115,0.09511228650808334,1.0,0.9597678184509277
YMR323W,YPL085W,0,-3.2264965,0.09510330855846405,1.0,0.9598678946495056
YIL002C,YLR219W,0,-3.2276957,0.09509433805942535,1.0,0.9599679708480835
YLR284C,YPR124W,0,-3.227978,0.09508536756038666,1.0,0.9600680470466614
YPR189W,YEL013W,0,-3.2292829,0.09507639706134796,1.0,0.9601681232452393
YDR194C,YPL153C,0,-3.2308922,0.09506743401288986,1.0,0.9602681994438171
YDR200C,YFL047W,0,-3.2315044,0.09505847096443176,1.0,0.960368275642395
YNR072W,YGR113W,0,-3.2334867,0.09504950791597366,1.0,0.9604683518409729
YOR086C,YPL232W,0,-3.2358503,0.09504054486751556,1.0,0.9605684280395508
YEL069C,YCL058C,0,-3.2368257,0.09503158181905746,1.0,0.9606685638427734
YER173W,YJR013W,0,-3.2385592,0.09502262622117996,1.0,0.9607686400413513
YMR088C,YAL053W,0,-3.239996,0.09501367062330246,1.0,0.9608687162399292
YFL011W,YDR217C,0,-3.2409334,0.09500471502542496,1.0,0.9609687924385071
YDL067C,YPL190C,0,-3.2417636,0.09499575942754745,1.0,0.961068868637085
YBR275C,YHR150W,0,-3.2428627,0.09498680382966995,1.0,0.9611689448356628
YLR223C,YML068W,0,-3.2429273,0.09497785568237305,1.0,0.9612690210342407
YDR371W,YNR072W,0,-3.243178,0.09496890753507614,1.0,0.9613690972328186
YKL130C,YDR536W,0,-3.2435842,0.09495995938777924,1.0,0.9614691734313965
YGR262C,YNL127W,0,-3.2445178,0.09495101869106293,1.0,0.9615692496299744
YDL069C,YGL192W,0,-3.2458534,0.09494207054376602,1.0,0.9616693258285522
YGL144C,YLL049W,0,-3.2463012,0.09493312984704971,1.0,0.9617694020271301
YBL011W,YKL012W,0,-3.2468863,0.0949241891503334,1.0,0.961869478225708
YMR212C,YPL130W,0,-3.2488735,0.09491525590419769,1.0,0.9619695544242859
YDR097C,YCR093W,0,-3.2489104,0.09490631520748138,1.0,0.9620696306228638
YGL256W,YNR041C,0,-3.2540903,0.09489738196134567,1.0,0.9621697068214417
YNL161W,YMR294W,0,-3.2563267,0.09488844871520996,1.0,0.9622698426246643
YJL038C,YPL116W,0,-3.2569065,0.09487951546907425,1.0,0.9623699188232422
YDL140C,YDR479C,0,-3.2591054,0.09487058967351913,1.0,0.9624699950218201
YBR253W,YPR106W,0,-3.2624476,0.09486165642738342,1.0,0.962570071220398
YNL128W,YLR284C,0,-3.2626493,0.09485273063182831,1.0,0.9626701474189758
YDR540C,YFL059W,0,-3.2628276,0.09484381228685379,1.0,0.9627702236175537
YBL102W,YDR256C,0,-3.2639475,0.09483488649129868,1.0,0.9628702998161316
YGL093W,YNL056W,0,-3.2649732,0.09482596069574356,1.0,0.9629703760147095
YHR178W,YOR156C,0,-3.2674534,0.09481704235076904,1.0,0.9630704522132874
YPR191W,YER061C,0,-3.2697144,0.09480812400579453,1.0,0.9631705284118652
YML004C,YNL218W,0,-3.2699757,0.0947992131114006,1.0,0.9632706046104431
YMR302C,YBR198C,0,-3.271072,0.09479029476642609,1.0,0.963370680809021
YDR350C,YDR536W,0,-3.2719939,0.09478138387203217,1.0,0.9634707570075989
YFL011W,YKL007W,0,-3.2724857,0.09477247297763824,1.0,0.9635708332061768
YER032W,YPL222W,0,-3.274692,0.09476356208324432,1.0,0.9636709094047546
YNL127W,YPL152W,0,-3.2771187,0.0947546511888504,1.0,0.9637710452079773
YLR353W,YNL245C,0,-3.2778637,0.09474574774503708,1.0,0.9638711214065552
YPL213W,YDR545W,0,-3.2784448,0.09473684430122375,1.0,0.9639711976051331
YAL042W,YPR030W,0,-3.2787209,0.09472794085741043,1.0,0.9640712738037109
YOR306C,YNR041C,0,-3.2798908,0.0947190374135971,1.0,0.9641713500022888
YDR295C,YKL015W,0,-3.2805715,0.09471014142036438,1.0,0.9642714262008667
YLR361C,YKL012W,0,-3.2815404,0.09470123797655106,1.0,0.9643715023994446
YJL165C,YOR362C,0,-3.283118,0.09469234198331833,1.0,0.9644715785980225
YGR138C,YDL179W,0,-3.2855127,0.0946834459900856,1.0,0.9645716547966003
YPR032W,YGR188C,0,-3.285698,0.09467455744743347,1.0,0.9646717309951782
YHR154W,YNL236W,0,-3.2911677,0.09466566145420074,1.0,0.9647718071937561
YLR361C,YOR156C,0,-3.2947125,0.09465677291154861,1.0,0.964871883392334
YPR009W,YHR177W,0,-3.2954211,0.09464788436889648,1.0,0.9649719595909119
YMR247C,YNL245C,0,-3.295713,0.09463900327682495,1.0,0.9650720357894897
YGR134W,YLR219W,0,-3.2964692,0.09463011473417282,1.0,0.9651721119880676
YOR209C,YJL084C,0,-3.296874,0.09462123364210129,1.0,0.9652721881866455
YGL038C,YER100W,0,-3.297628,0.09461235255002975,1.0,0.9653723239898682
YOR177C,YKR084C,0,-3.2977374,0.09460347145795822,1.0,0.965472400188446
YJL081C,YOL006C,0,-3.2993555,0.09459459781646729,1.0,0.9655724763870239
YLR265C,YDL246C,0,-3.2995718,0.09458571672439575,1.0,0.9656725525856018
YAL058W,YGL038C,0,-3.3002095,0.09457684308290482,1.0,0.9657726287841797
YEL069C,YLR390W-A,0,-3.3007164,0.09456796944141388,1.0,0.9658727049827576
YDR303C,YGR113W,0,-3.30154,0.09455909579992294,1.0,0.9659727811813354
YDR383C,YER022W,0,-3.303557,0.0945502296090126,1.0,0.9660728573799133
YMR068W,YER022W,0,-3.304251,0.09454136341810226,1.0,0.9661729335784912
YNL323W,YPL222W,0,-3.30458,0.09453249722719193,1.0,0.9662730097770691
YNL127W,YGL254W,0,-3.3050423,0.09452363103628159,1.0,0.966373085975647
YEL059C-A,YIL002C,0,-3.3054616,0.09451476484537125,1.0,0.9664731621742249
YPL186C,YDR311W,0,-3.3066473,0.0945059061050415,1.0,0.9665732383728027
YBR127C,YJR110W,0,-3.3069239,0.09449704736471176,1.0,0.9666733145713806
YGR262C,YPL152W,0,-3.3070235,0.09448818862438202,1.0,0.9667733907699585
YBR078W,YPR070W,0,-3.3071017,0.09447932988405228,1.0,0.9668735265731812
YBR059C,YKR061W,0,-3.310882,0.09447047859430313,1.0,0.966973602771759
YAR031W,YBR294W,0,-3.311048,0.09446162730455399,1.0,0.9670736789703369
YBR279W,YPL190C,0,-3.3157613,0.09445277601480484,1.0,0.9671737551689148
YKL012W,YDL194W,0,-3.3160458,0.0944439247250557,1.0,0.9672738313674927
YJL094C,YCL061C,0,-3.3188164,0.09443507343530655,1.0,0.9673739075660706
YIL002C,YLR421C,0,-3.319227,0.094426229596138,1.0,0.9674739837646484
YNL127W,YKL214C,0,-3.3199692,0.09441738575696945,1.0,0.9675740599632263
YPR030W,YOL026C,0,-3.3207202,0.0944085419178009,1.0,0.9676741361618042
YEL060C,YLR404W,0,-3.3217278,0.09439969807863235,1.0,0.9677742123603821
YGR098C,YFL030W,0,-3.3231776,0.0943908616900444,1.0,0.96787428855896
YOR330C,YOL103W,0,-3.324799,0.09438202530145645,1.0,0.9679743647575378
YPL115C,YFR049W,0,-3.326168,0.0943731889128685,1.0,0.9680744409561157
YGR014W,YGL083W,0,-3.3288789,0.09436435252428055,1.0,0.9681745171546936
YBL051C,YBR136W,0,-3.3290498,0.0943555161356926,1.0,0.9682745933532715
YDL195W,YBL105C,0,-3.3307598,0.09434668719768524,1.0,0.9683747291564941
YGL038C,YCL018W,0,-3.3361695,0.09433785825967789,1.0,0.968474805355072
YJL091C,YPL065W,0,-3.33674,0.09432902932167053,1.0,0.9685748815536499
YNL078W,YGR086C,0,-3.338421,0.09432020038366318,1.0,0.9686749577522278
YBR114W,YDR256C,0,-3.3400764,0.09431137889623642,1.0,0.9687750339508057
YEL063C,YPR124W,0,-3.3401666,0.09430255740880966,1.0,0.9688751101493835
YDL216C,YOL044W,0,-3.3408043,0.0942937359213829,1.0,0.9689751863479614
YOL032W,YPL232W,0,-3.341317,0.09428491443395615,1.0,0.9690752625465393
YIL049W,YHR067W,0,-3.3421438,0.09427609294652939,1.0,0.9691753387451172
YIR013C,YDL245C,0,-3.3427029,0.09426727890968323,1.0,0.9692754149436951
YCR017C,YOR273C,0,-3.343799,0.09425846487283707,1.0,0.969375491142273
YNL136W,YOL060C,0,-3.3441186,0.0942496508359909,1.0,0.9694755673408508
YDL245C,YOR221C,0,-3.3476577,0.09424083679914474,1.0,0.9695756435394287
YPL179W,YDR400W,0,-3.3477082,0.09423203021287918,1.0,0.9696757197380066
YAL021C,YML068W,0,-3.3477411,0.09422321617603302,1.0,0.9697757959365845
YBL015W,YBR020W,0,-3.3481,0.09421440958976746,1.0,0.9698758721351624
YIL113W,YOR322C,0,-3.348267,0.09420561045408249,1.0,0.969976007938385
YPL135W,YGR024C,0,-3.3494482,0.09419680386781693,1.0,0.9700760841369629
YAL043C,YPR072W,0,-3.350755,0.09418800473213196,1.0,0.9701761603355408
YPL148C,YGL250W,0,-3.35154,0.09417920559644699,1.0,0.9702762365341187
YMR323W,YNR043W,0,-3.3545303,0.09417040646076202,1.0,0.9703763127326965
YDL105W,YHR101C,0,-3.360952,0.09416160732507706,1.0,0.9704763889312744
YER153C,YOL117W,0,-3.3679023,0.09415280818939209,1.0,0.9705764651298523
YGR086C,YGL173C,0,-3.3695674,0.09414401650428772,1.0,0.9706765413284302
YFL042C,YGL216W,0,-3.3746011,0.09413522481918335,1.0,0.9707766175270081
YPL258C,YDL128W,0,-3.3748498,0.09412643313407898,1.0,0.9708766937255859
YPL127C,YBL105C,0,-3.375054,0.0941176488995552,1.0,0.9709767699241638
YPL053C,YPL059W,0,-3.3758764,0.09410885721445084,1.0,0.9710768461227417
YER124C,YGL144C,0,-3.3784654,0.09410007297992706,1.0,0.9711769223213196
YPL152W,YEL019C,0,-3.3790216,0.09409128874540329,1.0,0.9712769985198975
YCL058C,YPL040C,0,-3.3804178,0.09408251196146011,1.0,0.9713770747184753
YHR164C,YLR216C,0,-3.3813548,0.09407372772693634,1.0,0.971477210521698
YPR189W,YMR156C,0,-3.382618,0.09406495094299316,1.0,0.9715772867202759
YHR172W,YNR057C,0,-3.3827534,0.09405617415904999,1.0,0.9716773629188538
YPR149W,YML112W,0,-3.3858144,0.09404739737510681,1.0,0.9717774391174316
YCL024W,YHL003C,0,-3.3891664,0.09403862059116364,1.0,0.9718775153160095
YOR076C,YDL159W,0,-3.39017,0.09402985125780106,1.0,0.9719775915145874
YDR373W,YBR114W,0,-3.3902256,0.09402108192443848,1.0,0.9720776677131653
YKL012W,YPR072W,0,-3.3938715,0.0940123125910759,1.0,0.9721777439117432
YNL009W,YDR123C,0,-3.396586,0.09400354325771332,1.0,0.972277820110321
YPR072W,YKL034W,0,-3.4008932,0.09399478137493134,1.0,0.9723778963088989
YHR101C,YML007W,0,-3.400948,0.09398601204156876,1.0,0.9724779725074768
YCR105W,YCL063W,0,-3.402555,0.09397725015878677,1.0,0.9725780487060547
YBL015W,YAL013W,0,-3.4032722,0.09396848827600479,1.0,0.9726781249046326
YGR163W,YDL194W,0,-3.4043403,0.0939597338438034,1.0,0.9727782011032104
YGL040C,YHR029C,0,-3.4048176,0.09395097196102142,1.0,0.9728782773017883
YLR459W,YPL036W,0,-3.4071178,0.09394221752882004,1.0,0.9729783535003662
YPL045W,YNL323W,0,-3.4085088,0.09393346309661865,1.0,0.9730784893035889
YER124C,YAR018C,0,-3.4091527,0.09392470866441727,1.0,0.9731785655021667
YER104W,YCL024W,0,-3.4091861,0.09391596168279648,1.0,0.9732786417007446
YPR122W,YDR217C,0,-3.4097917,0.09390720725059509,1.0,0.9733787178993225
YGR163W,YCL061C,0,-3.409884,0.0938984602689743,1.0,0.9734787940979004
YGR262C,YJL020C,0,-3.4105647,0.09388971328735352,1.0,0.9735788702964783
YNL128W,YGL186C,0,-3.4113355,0.09388097375631332,1.0,0.9736789464950562
YGR249W,YMR033W,0,-3.4114158,0.09387222677469254,1.0,0.973779022693634
YBL033C,YHR067W,0,-3.416557,0.09386348724365234,1.0,0.9738790988922119
YDR400W,YPL003W,0,-3.4170325,0.09385474771261215,1.0,0.9739791750907898
YAL039C,YJL204C,0,-3.4176114,0.09384600818157196,1.0,0.9740792512893677
YFL009W,YDR315C,0,-3.4218068,0.09383727610111237,1.0,0.9741793274879456
YNL136W,YPL270W,0,-3.421856,0.09382853657007217,1.0,0.9742794036865234
YMR001C,YGR068C,0,-3.422099,0.09381980448961258,1.0,0.9743794798851013
YKL018W,YLR039C,0,-3.42375,0.09381107240915298,1.0,0.9744795560836792
YDL013W,YGR238C,0,-3.4242744,0.09380234777927399,1.0,0.9745796918869019
YER173W,YNR041C,0,-3.4244094,0.09379361569881439,1.0,0.9746797680854797
YNL070W,YNL053W,0,-3.4244394,0.0937848910689354,1.0,0.9747798442840576
YJL223C,YER155C,0,-3.424598,0.0937761664390564,1.0,0.9748799204826355
YDR166C,YNL218W,0,-3.425013,0.0937674418091774,1.0,0.9749799966812134
YNL290W,YPL135W,0,-3.426154,0.0937587171792984,1.0,0.9750800728797913
YJL038C,YOR106W,0,-3.426577,0.09375,1.0,0.9751801490783691
YOR290C,YNL236W,0,-3.429349,0.0937412828207016,1.0,0.975280225276947
YDR436W,YPR036W,0,-3.4294472,0.0937325656414032,1.0,0.9753803014755249
YGR068C,YJL081C,0,-3.4318018,0.0937238484621048,1.0,0.9754803776741028
YDL138W,YBL016W,0,-3.4376645,0.093715138733387,1.0,0.9755804538726807
YDL051W,YNR056C,0,-3.4379325,0.09370642155408859,1.0,0.9756805300712585
YGL131C,YOL049W,0,-3.4409344,0.09369771182537079,1.0,0.9757806062698364
YLR442C,YLR390W-A,0,-3.4411874,0.09368900209665298,1.0,0.9758806824684143
YDR054C,YBL060W,0,-3.441832,0.09368029981851578,1.0,0.9759807586669922
YCL029C,YLR033W,0,-3.4439611,0.09367159008979797,1.0,0.9760808944702148
YMR302C,YDL245C,0,-3.4448447,0.09366288781166077,1.0,0.9761809706687927
YOR209C,YOR035C,0,-3.4506269,0.09365418553352356,1.0,0.9762810468673706
YGR243W,YMR154C,0,-3.4519138,0.09364548325538635,1.0,0.9763811230659485
YJL037W,YNR072W,0,-3.4550774,0.09363678842782974,1.0,0.9764811992645264
YLR421C,YLL055W,0,-3.4569693,0.09362808614969254,1.0,0.9765812754631042
YGL093W,YDR311W,0,-3.4570198,0.09361939132213593,1.0,0.9766813516616821
YKL012W,YKR054C,0,-3.4585361,0.09361069649457932,1.0,0.97678142786026
YNL299W,YHR164C,0,-3.4643044,0.0936020091176033,1.0,0.9768815040588379
YGL250W,YBL060W,0,-3.471756,0.09359331429004669,1.0,0.9769815802574158
YOR336W,YHR028C,0,-3.4733546,0.09358462691307068,1.0,0.9770816564559937
YIL113W,YLR039C,0,-3.4769177,0.09357593953609467,1.0,0.9771817326545715
YDL220C,YFL041W,0,-3.4783714,0.09356725215911865,1.0,0.9772818088531494
YGL131C,YGR163W,0,-3.479821,0.09355856478214264,1.0,0.9773818850517273
YPR106W,YPL135W,0,-3.4815452,0.09354988485574722,1.0,0.9774819612503052
YJR101W,YPL111W,0,-3.4822445,0.0935412049293518,1.0,0.9775820374488831
YNL169C,YJL194W,0,-3.4857602,0.09353252500295639,1.0,0.9776821732521057
YER032W,YPR185W,0,-3.4883327,0.09352384507656097,1.0,0.9777822494506836
YDR228C,YIL065C,0,-3.4884508,0.09351516515016556,1.0,0.9778823256492615
YBL033C,YCL018W,0,-3.488935,0.09350649267435074,1.0,0.9779824018478394
YEL032W,YLR079W,0,-3.4892335,0.09349782019853592,1.0,0.9780824780464172
YIR036C,YFL047W,0,-3.4898121,0.0934891477227211,1.0,0.9781825542449951
YDR295C,YNL142W,0,-3.4961956,0.09348047524690628,1.0,0.978282630443573
YPR007C,YNL304W,0,-3.497325,0.09347181022167206,1.0,0.9783827066421509
YIL135C,YDR533C,0,-3.500893,0.09346314519643784,1.0,0.9784827828407288
YGR014W,YOL149W,0,-3.502487,0.09345448017120361,1.0,0.9785828590393066
YER057C,YPR030W,0,-3.5062256,0.09344581514596939,1.0,0.9786829352378845
YGL022W,YER173W,0,-3.5071769,0.09343715012073517,1.0,0.9787830114364624
YDL245C,YIL061C,0,-3.5081046,0.09342849254608154,1.0,0.9788830876350403
YLR220W,YJL110C,0,-3.5096679,0.09341983497142792,1.0,0.9789831638336182
YER173W,YHR178W,0,-3.5114326,0.09341117739677429,1.0,0.979083240032196
YOR313C,YIL066C,0,-3.513845,0.09340251982212067,1.0,0.9791833758354187
YPL042C,YDR420W,0,-3.5205994,0.09339386969804764,1.0,0.9792834520339966
YLR353W,YKL035W,0,-3.524601,0.09338521212339401,1.0,0.9793835282325745
YDR463W,YPR185W,0,-3.5304415,0.09337656199932098,1.0,0.9794836044311523
YDR295C,YKL176C,0,-3.5315022,0.09336791187524796,1.0,0.9795836806297302
YLR299W,YIL062C,0,-3.5317593,0.09335926920175552,1.0,0.9796837568283081
YBL063W,YBL060W,0,-3.531875,0.0933506190776825,1.0,0.979783833026886
YFR031C,YPL045W,0,-3.533077,0.09334197640419006,1.0,0.9798839092254639
YLL062C,YJL223C,0,-3.535383,0.09333333373069763,1.0,0.9799839854240417
YKR097W,YJR160C,0,-3.536253,0.0933246910572052,1.0,0.9800840616226196
YLL062C,YHR044C,0,-3.537156,0.09331605583429337,1.0,0.9801841378211975
YBL063W,YKR058W,0,-3.537493,0.09330741316080093,1.0,0.9802842140197754
YDL113C,YAL054C,0,-3.5375667,0.0932987779378891,1.0,0.9803842902183533
YCR106W,YPL186C,0,-3.5385985,0.09329014271497726,1.0,0.9804843664169312
YMR199W,YJR106W,0,-3.544273,0.09328150749206543,1.0,0.980584442615509
YLR100W,YIL107C,0,-3.5452144,0.09327287971973419,1.0,0.9806845188140869
YNL103W,YJL155C,0,-3.5469651,0.09326425194740295,1.0,0.9807846546173096
YER059W,YER029C,0,-3.5494814,0.09325561672449112,1.0,0.9808847308158875
YCR106W,YGL186C,0,-3.5521567,0.09324699640274048,1.0,0.9809848070144653
YNL055C,YIL066C,0,-3.5553002,0.09323836863040924,1.0,0.9810848832130432
YCL061C,YLR097C,0,-3.5564532,0.0932297483086586,1.0,0.9811849594116211
YGR138C,YPL194W,0,-3.5569713,0.09322112053632736,1.0,0.981285035610199
YDL098C,YDR371W,0,-3.557725,0.09321250021457672,1.0,0.9813851118087769
YBL011W,YPL130W,0,-3.5590098,0.09320387989282608,1.0,0.9814851880073547
YLR353W,YOL060C,0,-3.5623488,0.09319526702165604,1.0,0.9815852642059326
YIR002C,YMR215W,0,-3.5647573,0.09318665415048599,1.0,0.9816853404045105
YLR353W,YCR008W,0,-3.5674777,0.09317803382873535,1.0,0.9817854166030884
YAL043C,YGL049C,0,-3.5686998,0.09316942095756531,1.0,0.9818854928016663
YOR336W,YKR034W,0,-3.5694613,0.09316081553697586,1.0,0.9819855690002441
YGL066W,YHR209W,0,-3.5712748,0.09315220266580582,1.0,0.982085645198822
YNL161W,YDR160W,0,-3.5725288,0.09314359724521637,1.0,0.9821857213973999
YAR031W,YJR160C,0,-3.5730886,0.09313499182462692,1.0,0.9822858572006226
YJL084C,YOL026C,0,-3.5746891,0.09312638640403748,1.0,0.9823859333992004
YDR350C,YIL159W,0,-3.578546,0.09311778098344803,1.0,0.9824860095977783
YDR364C,YAL043C,0,-3.579258,0.09310918301343918,1.0,0.9825860857963562
YKL089W,YJR106W,0,-3.5812654,0.09310058504343033,1.0,0.9826861619949341
YOR106W,YGL228W,0,-3.5817204,0.09309198707342148,1.0,0.982786238193512
YOL135C,YPL222W,0,-3.583445,0.09308338910341263,1.0,0.9828863143920898
YDL220C,YML042W,0,-3.5863318,0.09307479113340378,1.0,0.9829863905906677
YCL061C,YDR217C,0,-3.5868125,0.09306620061397552,1.0,0.9830864667892456
YOR336W,YDR389W,0,-3.5937557,0.09305761009454727,1.0,0.9831865429878235
YDL128W,YOR216C,0,-3.6000333,0.09304901957511902,1.0,0.9832866191864014
YDL113C,YFL059W,0,-3.6000555,0.09304042905569077,1.0,0.9833866953849792
YLR219W,YCR008W,0,-3.606562,0.09303183853626251,1.0,0.9834867715835571
YNL242W,YGR113W,0,-3.608056,0.09302325546741486,1.0,0.983586847782135
YNL231C,YPL209C,0,-3.6085024,0.0930146723985672,1.0,0.9836869239807129
YER175C,YGR239C,0,-3.6086922,0.09300608932971954,1.0,0.9837870001792908
YPL174C,YLR148W,0,-3.609212,0.09299750626087189,1.0,0.9838871359825134
YDL017W,YKR104W,0,-3.6150064,0.09298893064260483,1.0,0.9839872121810913
YPR106W,YIR009W,0,-3.6152403,0.09298035502433777,1.0,0.9840872883796692
YOR177C,YPL065W,0,-3.617549,0.09297177940607071,1.0,0.9841873645782471
YLR453C,YMR163C,0,-3.6187835,0.09296320378780365,1.0,0.984287440776825
YPR185W,YOR026W,0,-3.6190119,0.09295462816953659,1.0,0.9843875169754028
YCL058C,YML042W,0,-3.6190925,0.09294606000185013,1.0,0.9844875931739807
YPL270W,YMR004W,0,-3.619924,0.09293749183416367,1.0,0.9845876693725586
YBL104C,YJL172W,0,-3.6217027,0.0929289236664772,1.0,0.9846877455711365
YFR031C,YER059W,0,-3.6245174,0.09292035549879074,1.0,0.9847878217697144
YBL104C,YJR065C,0,-3.6254,0.09291178733110428,1.0,0.9848878979682922
YHR146W,YPL258C,0,-3.6255069,0.09290322661399841,1.0,0.9849879741668701
YPR009W,YPL189W,0,-3.6264086,0.09289466589689255,1.0,0.985088050365448
YML062C,YPR006C,0,-3.6278968,0.09288610517978668,1.0,0.9851881265640259
YGR070W,YPL209C,0,-3.6337867,0.09287754446268082,1.0,0.9852882027626038
YOR290C,YER057C,0,-3.6422167,0.09286899119615555,1.0,0.9853883385658264
YPL258C,YBL016W,0,-3.6435177,0.09286043047904968,1.0,0.9854884147644043
YPR061C,YFL009W,0,-3.6443381,0.09285187721252441,1.0,0.9855884909629822
YCR106W,YPR122W,0,-3.648254,0.09284332394599915,1.0,0.9856885671615601
YJL123C,YMR323W,0,-3.6530037,0.09283477813005447,1.0,0.9857886433601379
YBR175W,YKL175W,0,-3.6649742,0.0928262248635292,1.0,0.9858887195587158
YPL115C,YPL135W,0,-3.6659827,0.09281767904758453,1.0,0.9859887957572937
YDR201W,YDR436W,0,-3.6681519,0.09280913323163986,1.0,0.9860888719558716
YFL008W,YPR151C,0,-3.6682463,0.09280058741569519,1.0,0.9861889481544495
YJL172W,YJL145W,0,-3.6700912,0.09279204905033112,1.0,0.9862890243530273
YMR061W,YKL012W,0,-3.6709208,0.09278350323438644,1.0,0.9863891005516052
YGR163W,YHL035C,0,-3.6742845,0.09277496486902237,1.0,0.9864891767501831
YGL250W,YNL245C,0,-3.674435,0.0927664265036583,1.0,0.986589252948761
YHL027W,YER155C,0,-3.6769083,0.09275788813829422,1.0,0.9866893291473389
YMR203W,YLL052C,0,-3.6789384,0.09274935722351074,1.0,0.9867894053459167
YDR536W,YGR096W,0,-3.6823263,0.09274081885814667,1.0,0.9868895411491394
YER105C,YJL110C,0,-3.6834774,0.09273228794336319,1.0,0.9869896173477173
YPL116W,YDR489W,0,-3.6841927,0.09272375702857971,1.0,0.9870896935462952
YDL101C,YER110C,0,-3.6846876,0.09271523356437683,1.0,0.987189769744873
YOR193W,YKR061W,0,-3.6958566,0.09270670264959335,1.0,0.9872898459434509
YBR114W,YDR236C,0,-3.6961582,0.09269817918539047,1.0,0.9873899221420288
YMR068W,YLL062C,0,-3.6967092,0.09268965572118759,1.0,0.9874899983406067
YPL148C,YPR079W,0,-3.697756,0.09268113225698471,1.0,0.9875900745391846
YKR091W,YBL051C,0,-3.700695,0.09267260879278183,1.0,0.9876901507377625
YPL189W,YNL279W,0,-3.704681,0.09266409277915955,1.0,0.9877902269363403
YDL117W,YLR411W,0,-3.716135,0.09265557676553726,1.0,0.9878903031349182
YNL161W,YOR075W,0,-3.726243,0.09264706075191498,1.0,0.9879903793334961
YCR106W,YHR150W,0,-3.7272482,0.0926385447382927,1.0,0.988090455532074
YBL011W,YNR072W,0,-3.7289171,0.09263002872467041,1.0,0.9881905317306519
YDL113C,YPL222W,0,-3.7370338,0.09262152016162872,1.0,0.9882906079292297
YOL034W,YPL053C,0,-3.737146,0.09261301159858704,1.0,0.9883906841278076
YML015C,YJL194W,0,-3.745736,0.09260450303554535,1.0,0.9884908199310303
YOR190W,YPL115C,0,-3.752001,0.09259599447250366,1.0,0.9885908961296082
YLR390W,YCR073C,0,-3.7551177,0.09258749336004257,1.0,0.988690972328186
YPR149W,YGL093W,0,-3.7556167,0.09257898479700089,1.0,0.9887910485267639
YIL135C,YIL062C,0,-3.759777,0.0925704836845398,1.0,0.9888911247253418
YBR114W,YHR067W,0,-3.760665,0.0925619825720787,1.0,0.9889912009239197
YBR186W,YNL309W,0,-3.767107,0.09255348145961761,1.0,0.9890912771224976
YER153C,YJR106W,0,-3.7686245,0.09254498779773712,1.0,0.9891913533210754
YIR013C,YPL151C,0,-3.7745147,0.09253649413585663,1.0,0.9892914295196533
YKL194C,YDL195W,0,-3.776826,0.09252800047397614,1.0,0.9893915057182312
YKL209C,YIL107C,0,-3.7794712,0.09251950681209564,1.0,0.9894915819168091
YDL140C,YBR169C,0,-3.782965,0.09251101315021515,1.0,0.989591658115387
YBL066C,YDL246C,0,-3.789208,0.09250252693891525,1.0,0.9896917343139648
YPR192W,YKL209C,0,-3.8093095,0.09249403327703476,1.0,0.9897918105125427
YMR052W,YML007W,0,-3.8155155,0.09248554706573486,1.0,0.9898918867111206
YGL131C,YOR025W,0,-3.8221707,0.09247706085443497,1.0,0.9899920225143433
YOL034W,YPR124W,0,-3.8291736,0.09246858209371567,1.0,0.9900920987129211
YLR265C,YLR284C,0,-3.8301587,0.09246009588241577,1.0,0.990192174911499
YJR110W,YGL158W,0,-3.8408756,0.09245161712169647,1.0,0.9902922511100769
YLL062C,YOL044W,0,-3.8413672,0.09244313836097717,1.0,0.9903923273086548
YHR076W,YEL069C,0,-3.8457184,0.09243465960025787,1.0,0.9904924035072327
YMR097C,YGL173C,0,-3.8521187,0.09242618829011917,1.0,0.9905924797058105
YLR398C,YIL062C,0,-3.8523781,0.09241771697998047,1.0,0.9906925559043884
YGR121C,YFL047W,0,-3.8628967,0.09240923821926117,1.0,0.9907926321029663
YCR106W,YER035W,0,-3.8643847,0.09240076690912247,1.0,0.9908927083015442
YHR111W,YAL053W,0,-3.866097,0.09239230304956436,1.0,0.9909927845001221
YJL084C,YIL002C,0,-3.875874,0.09238383173942566,1.0,0.9910928606987
YBR073W,YLR223C,0,-3.8793697,0.09237536787986755,1.0,0.9911929368972778
YLL052C,YDR389W,0,-3.8818812,0.09236690402030945,1.0,0.9912930130958557
YDR504C,YPR072W,0,-3.8825958,0.09235844016075134,1.0,0.9913930892944336
YJL141C,YER100W,0,-3.8871322,0.09234997630119324,1.0,0.9914931654930115
YDR463W,YML007W,0,-3.8880458,0.09234151989221573,1.0,0.9915933012962341
YGR184C,YML015C,0,-3.8915145,0.09233305603265762,1.0,0.991693377494812
YGR184C,YPL258C,0,-3.895922,0.09232459962368011,1.0,0.9917934536933899
YER124C,YDR217C,0,-3.9020042,0.0923161432147026,1.0,0.9918935298919678
YPR139C,YPL153C,0,-3.9150336,0.0923076942563057,1.0,0.9919936060905457
YPL270W,YCL018W,0,-3.9153676,0.09229923784732819,1.0,0.9920936822891235
YLR220W,YBR136W,0,-3.9157221,0.09229078888893127,1.0,0.9921937584877014
YOR123C,YHR101C,0,-3.9198718,0.09228233993053436,1.0,0.9922938346862793
YGL131C,YOL105C,0,-3.935759,0.09227389097213745,1.0,0.9923939108848572
YOR233W,YIL048W,0,-3.9363267,0.09226544946432114,1.0,0.9924939870834351
YOR290C,YGR136W,0,-3.9407744,0.09225700050592422,1.0,0.9925940632820129
YNL309W,YOL090W,0,-3.9433644,0.09224855899810791,1.0,0.9926941394805908
YHR199C,YHR164C,0,-3.9547033,0.0922401174902916,1.0,0.9927942156791687
YDL093W,YEL069C,0,-3.9549804,0.09223167598247528,1.0,0.9928942918777466
YKL150W,YMR154C,0,-3.9585946,0.09222324192523956,1.0,0.9929943680763245
YML042W,YKR054C,0,-3.9629889,0.09221480041742325,1.0,0.9930945038795471
YEL069C,YCR009C,0,-3.966686,0.09220636636018753,1.0,0.993194580078125
YDL101C,YLR193C,0,-3.9738038,0.09219793230295181,1.0,0.9932946562767029
YKL130C,YPL152W,0,-3.9762459,0.0921894982457161,1.0,0.9933947324752808
YOR188W,YER019W,0,-3.9811897,0.09218107163906097,1.0,0.9934948086738586
YPR106W,YCR030C,0,-3.9945796,0.09217263758182526,1.0,0.9935948848724365
YDR407C,YDR256C,0,-4.007528,0.09216421097517014,1.0,0.9936949610710144
YER032W,YMR215W,0,-4.0077724,0.09215578436851501,1.0,0.9937950372695923
YCR106W,YBL058W,0,-4.012113,0.09214736521244049,1.0,0.9938951134681702
YER114C,YPL127C,0,-4.0187917,0.09213893860578537,1.0,0.993995189666748
YPR151C,YEL069C,0,-4.0242515,0.09213051944971085,1.0,0.9940952658653259
YOL034W,YCL061C,0,-4.030939,0.09212210029363632,1.0,0.9941953420639038
YJL204C,YPL130W,0,-4.0342555,0.0921136811375618,1.0,0.9942954182624817
YNL009W,YOL105C,0,-4.0373588,0.09210526198148727,1.0,0.9943954944610596
YLL003W,YLL062C,0,-4.037557,0.09209685027599335,1.0,0.9944955706596375
YOL034W,YOR025W,0,-4.0434756,0.09208843111991882,1.0,0.9945956468582153
YOR035C,YGR014W,0,-4.054341,0.0920800194144249,1.0,0.994695782661438
YDR200C,YOR298W,0,-4.055924,0.09207160770893097,1.0,0.9947958588600159
YDR436W,YGR049W,0,-4.0571837,0.09206320345401764,1.0,0.9948959350585938
YMR156C,YGL038C,0,-4.085575,0.09205479174852371,1.0,0.9949960112571716
YPR106W,YNL218W,0,-4.089318,0.09204638749361038,1.0,0.9950960874557495
YDR205W,YPL222W,0,-4.091518,0.09203798323869705,1.0,0.9951961636543274
YOL034W,YKL012W,0,-4.103371,0.09202957898378372,1.0,0.9952962398529053
YIL135C,YGL038C,0,-4.1144633,0.09202118217945099,1.0,0.9953963160514832
YLL052C,YGL032C,0,-4.129022,0.09201277792453766,1.0,0.995496392250061
YHR029C,YGL250W,0,-4.1340833,0.09200438112020493,1.0,0.9955964684486389
YPR032W,YHR150W,0,-4.143124,0.09199598431587219,1.0,0.9956965446472168
YLL062C,YMR052W,0,-4.1464143,0.09198758751153946,1.0,0.9957966208457947
YNL161W,YBL060W,0,-4.147535,0.09197919815778732,1.0,0.9958966970443726
YPL194W,YBR105C,0,-4.1486607,0.09197080135345459,1.0,0.9959967732429504
YBR020W,YAL054C,0,-4.1527243,0.09196241199970245,1.0,0.9960968494415283
YIL002C,YGR204W,0,-4.183838,0.09195402264595032,1.0,0.996196985244751
YOR190W,YGL158W,0,-4.1849823,0.09194563329219818,1.0,0.9962970614433289
YDR362C,YNL026W,0,-4.2209554,0.09193725138902664,1.0,0.9963971376419067
YJL094C,YOR337W,0,-4.2296057,0.0919288620352745,1.0,0.9964972138404846
YFR031C,YDR373W,0,-4.2425365,0.09192048013210297,1.0,0.9965972900390625
YHR164C,YDR214W,0,-4.246897,0.09191209822893143,1.0,0.9966973662376404
YPR032W,YDL195W,0,-4.253539,0.09190371632575989,1.0,0.9967974424362183
YER114C,YHR178W,0,-4.258536,0.09189534187316895,1.0,0.9968975186347961
YDL117W,YLR102C,0,-4.2647796,0.091886967420578,1.0,0.996997594833374
YEL069C,YDR358W,0,-4.275534,0.09187858551740646,1.0,0.9970976710319519
YDL245C,YKR034W,0,-4.277784,0.09187021851539612,1.0,0.9971977472305298
YHR209W,YGL254W,0,-4.2839103,0.09186184406280518,1.0,0.9972978234291077
YNR072W,YCR030C,0,-4.295239,0.09185346961021423,1.0,0.9973978996276855
YLL062C,YER175C,0,-4.297163,0.09184510260820389,1.0,0.9974979758262634
YLL012W,YML076C,0,-4.2981973,0.09183673560619354,1.0,0.9975980520248413
YER024W,YDR519W,0,-4.2984915,0.0918283686041832,1.0,0.997698187828064
YOR299W,YJL081C,0,-4.3177423,0.09182000160217285,1.0,0.9977982640266418
YBR279W,YDL132W,0,-4.340984,0.0918116420507431,1.0,0.9978983402252197
YPR032W,YPL232W,0,-4.3427696,0.09180327504873276,1.0,0.9979984164237976
YMR095C,YGR243W,0,-4.406056,0.09179491549730301,1.0,0.9980984926223755
YBL011W,YBR105C,0,-4.4416666,0.09178656339645386,1.0,0.9981985688209534
YDR362C,YML076C,0,-4.441726,0.09177820384502411,1.0,0.9982986450195312
YPR106W,YLR299W,0,-4.480771,0.09176984429359436,1.0,0.9983987212181091
YHR101C,YOR322C,0,-4.4832015,0.09176149219274521,1.0,0.998498797416687
YHR172W,YJL110C,0,-4.529014,0.09175314009189606,1.0,0.9985988736152649
YLR115W,YPL209C,0,-4.5390334,0.0917447879910469,1.0,0.9986989498138428
YNR076W,YPR030W,0,-4.5757637,0.09173644334077835,1.0,0.9987990260124207
YDR205W,YPR072W,0,-4.58415,0.0917280912399292,1.0,0.9988991022109985
YER061C,YOL126C,0,-4.631533,0.09171974658966064,1.0,0.9989991784095764
YLR133W,YNL053W,0,-4.6369767,0.09171140193939209,1.0,0.9990992546081543
YDR482C,YER175C,0,-4.638086,0.09170305728912354,1.0,0.9991993308067322
YFL030W,YPL190C,0,-4.677789,0.09169471263885498,1.0,0.9992994666099548
YHR199C,YEL019C,0,-4.7249007,0.09168637543916702,1.0,0.9993995428085327
YPL115C,YEL019C,0,-4.7617736,0.09167803823947906,1.0,0.9994996190071106
YAL053W,YKR071C,0,-4.7715964,0.09166970103979111,1.0,0.9995996952056885
YIL065C,YEL019C,0,-4.79785,0.09166136384010315,1.0,0.9996997714042664
YBR279W,YJR110W,0,-4.8294806,0.09165302664041519,1.0,0.9997998476028442
YBR073W,YDR097C,0,-5.2236423,0.09164469689130783,1.0,0.9998999238014221
YPL258C,YDR461W,0,-5.2806687,0.09163636714220047,1.0,1.0
